2.019933359643077,0.4865279894284032,0.24276187872144772,0.19977250696308252,0.6685966279515991,0.3476395689325216,0.5475056738776303,0.4550407791733278,0.27057277376544947,0.40932039784681185,0.3454829438065261,0.39810455709509157,0.3968799360935809,0.5066658678496115,0.29610659040445064,0.46533025241375775,0.28300456046839456,0.3786991663122727,0.1684882569305832,0.24370459283481072,0.2519513930853196,0.3706344262873246,0.17473508121247613,0.15215632536060714,0.5753581000777647,0.20992368935354963,0.31365523699774694,0.07132494707135266,0.4812915121529839,0.07017968285326745,0.33618164501673725,0.31540358186604295,0.14395989171844709,0.06929311033725379,0.12260269240728375,0.2219965880561617,0.027259129360053824,0.14306145705493128,0.44988733267433595,0.16628125964007795,0.22242793196669364,0.22902685033522163,0.06595003649361271,0.2138738532794863,0.21573597991428886,0.2749083763452928,0.29772731675033304,-0.05961807198319784,0.15640608557105007,-0.36946313454238716,0.15916877749264302,-0.1120773466107343,0.23357412856920406,0.04806855634136553,0.01871030962761615,-0.03757165067210782,0.14900431788156465,-0.08443685311539936,-0.10384011674379247
0.4865279894284032,2.9183169731432907,0.10051189178184873,0.019762292068034686,0.22577133564940097,0.32600209091160637,0.15916288530929112,0.2569395334050822,0.0744276311077771,0.22007824547187943,0.175254987050429,0.21867542116495337,0.24568124186743184,0.0970898161442367,0.0801372500382543,0.3485705715128204,0.12743378815699533,0.4787965140526985,-0.0345232054951494,0.19354850263984488,0.2825777600339894,0.19712912758619772,0.025067130891769696,0.055549380939498884,0.43760522283934317,-0.009948527513220519,0.3444934163036495,0.2065779473352709,0.4308383056274714,-0.10896234032295546,0.28062152096706294,0.1861276259401366,0.07519655934014365,0.1383146038952996,0.15070639383945855,0.14234138540794303,0.2716154050364948,0.11004714075928144,0.3512373051898387,0.26417083903997834,0.03623728650334402,0.2573592244549549,-9.262253985576818e-5,0.14974639771500736,0.3680663011994393,0.19207250706397389,0.23606796280686382,-0.02191214500299574,-0.09427073536358953,-0.539567677635945,0.6390264374607543,0.06613878603652085,0.02183420937833047,-0.01569151488816054,-0.19950840992379004,-0.031228268414626864,0.008921586828846877,-0.12635269112034778,0.3968695955824436
0.24276187872144772,0.10051189178184873,1.7150015848414366,0.05193179602318853,-0.4528224626960436,0.2219255183427644,0.15069215365708252,0.18338831277346085,0.31471100671067465,0.22056419322350426,0.14480206627060668,0.08664658916601269,0.18587537694851622,0.10679952876403971,0.16687141712708017,0.09748753373734191,0.19373089262131238,0.18377300835329918,0.1265028209287536,0.11492940743157447,0.15900049923131093,0.2041617861112855,0.058773024737845625,0.09600945795013291,0.15108281165436788,0.15518885674151592,0.1333180162548368,0.20473221682860454,0.11673582312499425,-0.21850819871606184,0.13307422796937907,0.13790376500825077,0.17929576312196996,0.011887553136675385,-0.15336841504796925,0.27532471790060564,0.020904430018600102,0.05221967123859437,0.1229081365281728,-0.17679302144470538,0.2657386583708404,0.16060678682101315,-0.027685031186597184,0.12171469051437926,0.17645751140202245,0.3338881201400167,0.03647482840007478,-0.02911302021947538,-0.17662142816236437,-0.16247366160101034,0.0654982014672362,-0.00921868647450896,0.10306280059591767,-0.09196819470506945,0.030934700497649407,-0.045623411596171976,0.006704910191832941,-0.038436041735719705,-0.12043506386864604
0.19977250696308252,0.019762292068034686,0.05193179602318853,0.9851869489012247,0.5113745928039123,0.38633512832541844,0.3267228372119129,0.2940605013423721,0.13528181613902723,0.2100079183492134,0.27980072197968997,0.3157652628523763,0.32463431947136906,0.3006364084547862,0.18435923683265495,0.37657624184912575,0.2540573597111054,0.21364385833542016,0.0514228977048503,0.2391237488209724,0.19907166581314012,0.23797158517604036,0.2009159438224496,0.16245426289956966,0.19929569721328252,0.2896897318039055,0.1956833566756009,0.04910471647835648,0.3138566255089332,0.014093386805501403,0.10937906084321103,0.1474469820759907,0.11026326426944634,0.3034482980540275,0.17123807140183125,0.11941604462892853,0.06266934822635241,0.13119840895670998,0.21515640780454912,0.12537178654646894,0.14296836305032568,0.18303925361334708,0.2468904917909286,0.18848453577149757,0.09854225028177378,0.07705488083216618,0.17281783989409485,0.014605460681335834,0.1688287124423316,0.06871196767954524,-0.09434316258304754,0.09527721194877971,0.04532682565787354,-0.03602440498234539,0.029080006726726206,-0.03763199371123055,-0.38257096360360093,0.12063392690078557,0.26431793747088433
0.6685966279515991,0.22577133564940097,-0.4528224626960436,0.5113745928039123,1.51643219199833,0.2996314350798611,0.35220336466813373,0.48770232536743874,0.18664604759115686,0.30385999317457035,0.3553508019558365,0.37312862815540004,0.40560763412838086,0.32634519926454014,0.22639539817395407,0.3675215860596746,0.24257463367066498,0.3096596468096542,0.05289637840265446,0.2549140207176495,0.16277171732741957,0.252921622919748,0.23618786644561815,0.18024804205526454,0.16883067648215686,0.28427998005089183,0.25327475510030095,0.004523636902405185,0.36761661714896554,0.019312605935231514,0.21680172140983567,0.2930031358034743,0.048203472460310065,0.4102611643029079,0.24774971113895952,0.08563751929083012,0.01563517658333385,0.1308770183358316,0.3683163323742628,0.27323818014376283,0.031082963721031028,0.1488419440411277,0.15363892669256154,0.23687633005886818,0.08943505491199233,0.03565497639408808,0.23995581250641507,-0.006709845690108681,0.2825163789983633,-0.1517716151527807,0.11252087327882233,0.015609265966854085,0.08972785323954498,0.06736401478930194,-0.013482781754201026,-0.037543170370025455,0.06183424540314476,-0.08037700534439055,0.17813520390523402
0.3476395689325216,0.32600209091160637,0.2219255183427644,0.38633512832541844,0.2996314350798611,1.0350890749623833,0.21014678183978378,0.32279367207795157,0.18717539748382642,0.2703392819259033,0.31506310591037695,0.2666436919575979,0.304026635641843,0.2574882647517104,0.16190476167658083,0.34137186340712955,0.3262963702196102,0.2755326292030694,0.12473121493996452,0.3849466708890929,0.23973874367781622,0.2713370981286409,0.17070763128499247,0.19211958887739483,0.33399563634083873,0.2977389240380757,0.2442624461309953,0.042849633705571634,0.37180402788401623,-0.10056697828322492,0.22326280390237108,0.28440094037109426,0.12030955731513981,0.24760006347743876,0.0705515107213517,0.12436477506919233,0.1740388494577559,0.20354037635224187,0.26016691282350546,0.14887999349272313,0.12012633447845938,0.22192214305687988,0.18852325014917107,0.19740737467586733,0.11526173712279174,0.17238350762183624,0.17695132052766963,-0.012807315516880363,0.06422459151118412,-0.14145291314658387,-0.1516852458736912,-0.044725745425031,0.16193614842223825,0.0053527861977342205,-0.01888876587599822,-0.06879508105181768,0.003578520428602398,-0.010579469913777234,0.14001770602118646
0.5475056738776303,0.15916288530929112,0.15069215365708252,0.3267228372119129,0.35220336466813373,0.21014678183978378,0.5165888521640446,0.20103802732182285,0.21408052791029936,0.2123685379742432,0.25210565824788816,0.27900316127797603,0.2602558848789705,0.17509799011289365,0.15408937884017437,0.282140809744826,0.20583833940083798,0.20170478141003673,0.04671121278679241,0.18868906217023462,0.1496152228141018,0.2311888701764632,0.10624553420872906,0.11752988385478098,0.22432733865096421,0.18752670146137146,0.20129876817075798,0.06793537523726095,0.21239947122989808,0.017023571351247224,0.1611970667391845,0.1879465541608239,0.1028421938898876,0.17302454999348496,0.07294918238851134,0.14568772729094348,0.05907285321820225,0.10536001750829696,0.24361746464063244,0.07081507317378825,0.10480199746645015,0.14211939515203337,0.08980366269415516,0.13004468672188876,0.08520970229460645,0.1246651916266323,0.13086340818259734,-0.021497754558721986,0.12909417755718022,-0.1612309187632524,-0.0005114898631724965,0.01716384607502984,0.1889942191480233,-0.04467767736741325,-0.010178772567713776,0.03787535263607568,-0.03619889965712435,0.0038956217940140127,-0.06557398578609545
0.4550407791733278,0.2569395334050822,0.18338831277346085,0.2940605013423721,0.48770232536743874,0.32279367207795157,0.20103802732182285,0.9507569730709913,0.11190803206062594,0.2559602472134687,0.38166816212821936,0.3309803118410319,0.3922442922758507,0.2759378562018634,0.12778948322274528,0.2906575616479111,0.33275460665677437,0.301219262212751,0.1421387899646279,0.32548111367887406,0.16448143074729818,0.209916466433758,0.20352101339931655,0.16390158427147267,0.14516077568296104,0.27329291967944597,0.2598777690260936,0.08263511679521847,0.30111707335311144,0.04160057484847974,0.14680132129685455,0.2352787128377534,0.09595044424446245,0.2305168483816621,0.05893059027732772,0.10492913729097927,0.05613620613307251,0.1488328431584971,0.46009113088700726,0.16193587916119845,0.11522250883593327,0.1393897587418713,0.13087564590363118,0.2553443449309195,0.08728259390537503,0.13768098787141536,0.25794315000434714,0.06261842683716905,0.27835363126003226,-0.19706526887554904,0.07505246036499372,0.028592582599387132,0.16293443542737526,-0.07444940294370103,-0.1181480519897996,-0.1274701055035613,0.03200856473061798,0.20128050777797662,-0.014226323589132124
0.27057277376544947,0.0744276311077771,0.31471100671067465,0.13528181613902723,0.18664604759115686,0.18717539748382642,0.21408052791029936,0.11190803206062594,0.5222370014539818,0.14875689396811578,0.13923478300805175,0.07388724489539893,0.18507388441849562,0.16135457011195514,0.1572030146591524,0.09572296010543603,0.164651947312262,0.16071103314940755,-0.00745583889836399,0.1486405650649607,0.10370299506059347,0.2614462000013903,0.08768853648372195,0.09022928267465789,0.03376570447751737,0.17747633127700585,0.12918170351040906,0.07373448983010485,0.07196990850985445,-0.026924677176237716,0.14782123102817876,0.1592664575055341,0.1088078448351506,0.05758232873807379,0.012641798734461343,0.11802994343175971,-0.014817316562029273,0.07902267723591173,0.13692871379582996,0.031077383231880595,0.059367948977791,0.10196070655727418,0.05553804114342382,0.07542836743372588,0.10680132822618585,0.17112064570411337,0.0931387476745415,-0.06563669611948428,0.1428495155742488,-0.2606476682349151,0.16021175704630844,0.011905507275029021,0.13264777325196114,-0.04058846251860125,0.03747257983878796,0.06494472964206296,0.055608583504585814,-0.04129679384831879,-0.1497981866764533
0.40932039784681185,0.22007824547187943,0.22056419322350426,0.2100079183492134,0.30385999317457035,0.2703392819259033,0.2123685379742432,0.2559602472134687,0.14875689396811578,0.6253664630657506,0.24121641132245566,0.22215372367956668,0.2509538670159488,0.19462843565086899,0.19055550577133207,0.1237462805534581,0.23717148666843185,0.2768179033134444,0.1310803221003261,0.20827321070481933,0.1311953325841042,0.14577821415498807,0.17445058003074773,0.164442162035966,0.2041464660557406,0.14683210429466506,0.18633630808555504,0.06485738592684746,0.3015716525866259,0.12596639480544686,0.18272778757935104,0.19058430208012975,0.09056970315654499,0.34535786506325983,0.18842122679648368,0.17139016907082505,0.1362190876906111,0.10674836777696865,0.26695347867669494,0.13068177378569634,0.23001089099629646,0.12279834328196929,0.07325005571750354,0.20968403168085134,0.12576580165486093,0.17180044704670394,0.2662252670662629,0.028977450448478645,0.05174722874627871,-0.173702979972539,0.13011144512263068,-0.15846168697547816,0.08589279219657049,0.032232920216346175,0.008351079089295336,-0.04078688621092639,0.12344219872765888,-0.14591297946034257,0.06359366202929795
0.3454829438065261,0.175254987050429,0.14480206627060668,0.27980072197968997,0.3553508019558365,0.31506310591037695,0.25210565824788816,0.38166816212821936,0.13923478300805175,0.24121641132245566,0.5627657741289184,0.387921384716199,0.2952078933847971,0.1913218367296048,0.23285686484174709,0.2691346349704202,0.27401859349703966,0.19429874117616014,0.10715136273654681,0.2894313753589658,0.17997041351148496,0.1971694888886632,0.11317484989294722,0.15677111184446915,0.10851709539866246,0.2463810154584945,0.2362873037611756,0.08868708441355656,0.2501475630407712,0.04712817955460309,0.2208872207114926,0.22825913568351622,0.10031692424853823,0.2281458068430859,0.16063279074876044,0.1402140501592564,0.03303505782019774,0.13942588169669493,0.30317348358906304,0.15572203150156166,0.08620654949991874,0.1698409223579872,0.11481230594916987,0.15006799570680604,0.18304176775697029,0.13443630422129338,0.18524366648259166,0.014022381266508285,0.13362057564693397,-0.23706514877751414,0.07505261977667246,-0.020436672851441438,0.19493794047531907,0.0018081425196723306,-0.05124666096667722,-0.029149886169579774,-0.003770018290554396,0.02289973558997335,0.00946353722573983
0.39810455709509157,0.21867542116495337,0.08664658916601269,0.3157652628523763,0.37312862815540004,0.2666436919575979,0.27900316127797603,0.3309803118410319,0.07388724489539893,0.22215372367956668,0.387921384716199,0.7980143532559545,0.26161530847710296,0.22751907669338514,0.19861877318674248,0.3141447848683936,0.21753566058284707,0.1612903300677767,0.13174116466684588,0.248566043976838,0.14404592238141245,0.18391417742481,0.12407840517093206,0.1536866194108576,0.23093067049312302,0.2269477864800988,0.2852714054690273,0.06038701483780552,0.21520871471313893,0.060775200771028694,0.1290297249490535,0.24707996413983804,0.12632798426485276,0.22572240596517873,-0.0075845476076320615,0.13660612884299672,0.0174306419198263,0.13744459216997662,0.24680036344665643,0.11070619554102266,0.11528630250629625,0.1339868291815119,0.10518148226960353,0.12616971562465987,0.107297968920127,0.1350632784726719,0.17606971167093705,0.02179174187845623,0.1423182363260282,-0.189748188085318,0.030800814299802883,0.0232173301751784,0.25861907636129894,-0.04499676283840529,-0.10467260160775901,-0.021644148213613202,-0.0708620271664576,0.11886956161359824,-0.003450233737666266
0.3968799360935809,0.24568124186743184,0.18587537694851622,0.32463431947136906,0.40560763412838086,0.304026635641843,0.2602558848789705,0.3922442922758507,0.18507388441849562,0.2509538670159488,0.2952078933847971,0.26161530847710296,0.5830054831601442,0.21826298856095222,0.14986562382872642,0.3036106462747187,0.26163741980345906,0.23729350886132067,0.10002763787465857,0.22517998810236287,0.1864332824578976,0.2497947261438542,0.17805139337324516,0.17575793766140965,0.1258908792500034,0.17395790869245126,0.22595087738537295,0.05451471162156491,0.3051901340901861,0.04590273363020306,0.15346171779094805,0.213447550626124,0.13655191415912796,0.2272173323352517,0.16484671440400084,0.1426509857336088,0.10728728389094495,0.10594734402120681,0.3940598697122008,0.11007746832414418,0.12316801486753566,0.17410528343065704,0.12765531178630046,0.2253265134927162,0.04962611516343243,0.15614249204620148,0.20029133770763297,0.0198698855586608,0.20190263963838503,-0.1649940772138426,0.013832122517948532,-0.05895662740771102,0.18144667943175455,-0.07346430802062125,0.09804898693274916,-0.0726596814348393,-0.0898842820850801,-0.23463030758028203,0.2964326508315296
0.5066658678496115,0.0970898161442367,0.10679952876403971,0.3006364084547862,0.32634519926454014,0.2574882647517104,0.17509799011289365,0.2759378562018634,0.16135457011195514,0.19462843565086899,0.1913218367296048,0.22751907669338514,0.21826298856095222,0.5533577049318734,0.2500962236776323,0.36390946350267184,0.2173648856256437,0.14967779818971713,0.12406896741699204,0.21080995947753284,0.17227406475838813,0.25141838963317936,0.16604828948987158,0.1676671161055207,0.22195054998756042,0.2302681869448635,0.17136407196010298,0.060567183094363375,0.2866975411349139,0.11841019961148092,0.15260929427940376,0.18232598317113646,0.10839127107052912,0.15135438474659652,0.16193629173587398,0.15729708520787233,0.0700404702789807,0.11162109045281184,0.13434133442592705,0.1474652563047777,0.2042428485482811,0.16305023083385256,0.17763892636509857,0.15857916369543365,0.182803721711301,0.13723783709453585,0.20073015512083642,-0.026318659432427855,0.14133405460944182,-0.03117884156065335,0.012772930869130561,-0.11333748603469773,0.015538347398268886,0.0739883457264206,-0.05771386338447248,-0.07044613365387024,-0.0682775124211585,0.09602227280740303,0.10506979007354839
0.29610659040445064,0.0801372500382543,0.16687141712708017,0.18435923683265495,0.22639539817395407,0.16190476167658083,0.15408937884017437,0.12778948322274528,0.1572030146591524,0.19055550577133207,0.23285686484174709,0.19861877318674248,0.14986562382872642,0.2500962236776323,0.6122213248051996,0.1821642554252925,0.18383954014353102,0.09345156639670166,0.13593676465321836,0.16806014409117095,0.17177816467307114,0.1609487404443248,0.08923150050852532,0.16821545148735462,0.10180678467441302,0.23095895243869707,0.15891590268257968,0.0936845043866121,0.21127747052879514,0.1767611603852119,0.16957755271930766,0.1595213487378857,0.15184358166795298,0.16215657879842357,0.17298678852080687,0.16296659341409925,0.09241674931099181,0.08113542256745522,0.129912054340924,0.09220935671824611,0.22776263016583478,0.16710326508982168,0.11380799398305703,0.08502694114572605,0.23951410621518424,0.12604183362547325,0.17231303521067134,0.010059738928725954,0.08892973715741449,0.28008861724462536,-0.0887934540272598,-0.031594252679563326,-0.10509504349833153,0.08122012527282729,-0.024019631433979838,0.022997020027646642,-0.04660966763633933,0.01991923304175283,-0.0336959979218843
0.46533025241375775,0.3485705715128204,0.09748753373734191,0.37657624184912575,0.3675215860596746,0.34137186340712955,0.282140809744826,0.2906575616479111,0.09572296010543603,0.1237462805534581,0.2691346349704202,0.3141447848683936,0.3036106462747187,0.36390946350267184,0.1821642554252925,1.206554766903914,0.23177841893239493,0.0844998957895462,0.10537110404887175,0.4087807656022155,0.20661421893561635,0.5333040468629199,0.010264870468695042,0.16280032548081294,0.17734811480620533,0.14166427646537544,0.3287016223688059,0.15116451353733396,0.35933753301434584,0.18080041014349998,0.1302117032103956,0.27689432748591364,0.008603794196557026,0.1814337462480418,0.26179610950402815,0.1907523623996286,0.13935000717387613,0.19673995522954796,0.36271971469130565,0.1910548735337273,0.10571352283239141,0.20073131527598537,0.3104362058549204,0.15151432272794702,0.1960126785035901,0.16494398849238495,0.19984136144569503,-0.16987195699127827,0.30112612738519284,-0.3453590168395962,-0.20979999717565473,0.04647829290347599,0.42483191152299704,-0.052314147362730566,-0.005361163959659129,-0.08079958965475258,-0.19846295870571048,0.06811431644759265,0.18010474771572482
0.28300456046839456,0.12743378815699533,0.19373089262131238,0.2540573597111054,0.24257463367066498,0.3262963702196102,0.20583833940083798,0.33275460665677437,0.164651947312262,0.23717148666843185,0.27401859349703966,0.21753566058284707,0.26163741980345906,0.2173648856256437,0.18383954014353102,0.23177841893239493,0.5645294784910899,0.1567006666833506,0.13194768792221723,0.3083364955177335,0.18310200550512037,0.2214491172770365,0.14351610606129703,0.16983537536732649,0.34221142212465294,0.18507596125104306,0.19736299669917126,0.1108108539392115,0.2699558331826749,0.065789183059215,0.15425496400534908,0.16498211016425085,0.13317243687606073,0.1970084895576022,0.16013599008850715,0.1852475972168607,0.2330804932108892,0.15923175560403846,0.22125721298136156,0.12977217948618242,0.18054074583363133,0.16875055214546902,0.18112041654716377,0.18749817066229862,0.14899037508508234,0.18481788627681422,0.19751116800012042,0.008242182701024758,0.039452803018890995,-0.08370360113622441,-0.008252098582231342,-0.19279760224813236,0.0953864811258632,-0.04206999581818501,-0.015145895190568503,-0.06995101680064386,-0.03853574121421671,0.03360203617970099,0.0854460804859648
0.3786991663122727,0.4787965140526985,0.18377300835329918,0.21364385833542016,0.3096596468096542,0.2755326292030694,0.20170478141003673,0.301219262212751,0.16071103314940755,0.2768179033134444,0.19429874117616014,0.1612903300677767,0.23729350886132067,0.14967779818971713,0.09345156639670166,0.0844998957895462,0.1567006666833506,0.7819337270928254,0.0878925295102389,0.049671878843571514,0.2006505956299757,0.14273090519432569,0.39915010527794287,0.15859033503896866,0.1630257044316396,0.23945418218101125,0.06078224944558132,-0.05967560557943386,0.2774475098831667,-0.11188806405498913,0.3526198050077131,0.1926402011244976,0.17410517605888398,0.2683567195638939,0.07901806614868179,0.13094153228386102,0.11212569914380378,0.03155099442831723,0.19108063430986802,0.13403682797792607,0.08363212130154156,0.18799445488665634,0.1124796824194309,0.1957013234928649,0.17988470096838102,0.19782107083578004,0.3322844957008412,0.03013571839993122,-0.04318709020846103,-0.32909448592822754,0.43108414786359023,-0.298660658065997,-0.16120222561684575,-0.04649990270458875,-0.07377911760108662,-0.031094167361270294,0.07984312803806493,0.03859785304881248,-0.029229234650865306
0.1684882569305832,-0.0345232054951494,0.1265028209287536,0.0514228977048503,0.05289637840265446,0.12473121493996452,0.04671121278679241,0.1421387899646279,-0.00745583889836399,0.1310803221003261,0.10715136273654681,0.13174116466684588,0.10002763787465857,0.12406896741699204,0.13593676465321836,0.10537110404887175,0.13194768792221723,0.0878925295102389,0.7989993623858785,-0.001670073447075697,0.11123724360155962,0.0973091954985581,0.04767959615972802,0.1187987655015336,0.11684561713502269,0.1543993654449502,0.04401690912175296,0.15045947627604306,0.11060300798875057,0.18529594763155458,0.0992045461097735,0.12330810313171195,0.16233394730298747,0.07569612899281428,-0.035936492179899665,0.17885140090860827,0.0693789939769753,0.023988850469806897,0.06317519152105328,-0.03394630269043381,0.2717855333418375,0.08839757098163768,0.04632026937881645,0.08071584725751098,0.02816164269360075,0.12182880508585936,0.10848181535324,0.028951999747664835,-0.01318799597981404,0.3298120260655585,-0.18720695091732883,-0.14387728218286855,-0.14413788365767535,-0.04052705932446982,-0.010955090266960812,-0.032960873120294644,-0.0013387935032722405,0.0372079912981479,-0.03115722577517319
0.24370459283481072,0.19354850263984488,0.11492940743157447,0.2391237488209724,0.2549140207176495,0.3849466708890929,0.18868906217023462,0.32548111367887406,0.1486405650649607,0.20827321070481933,0.2894313753589658,0.248566043976838,0.22517998810236287,0.21080995947753284,0.16806014409117095,0.4087807656022155,0.3083364955177335,0.049671878843571514,-0.001670073447075697,1.203119715697788,0.1222514262989591,0.2662774512456124,0.12535523068068144,0.24675708762126553,0.30247385448540437,0.11080032529746618,0.3197467329632118,-0.026483100900925413,0.4206355180527133,0.403817586128707,0.1354197228746592,0.24010598098076505,-0.04170020787261974,0.3391517036813301,0.4342297763752503,0.16617219289518212,0.5078862085247969,0.5140906978856778,0.34940284096504215,0.3406774782296254,-0.021156901888768464,0.12015161316828295,0.35198887445811033,0.12439682704246235,0.19521890288317897,0.23321138235678734,0.2698383791509381,-0.02076233154801234,0.179871808036407,-0.3046926766632334,-0.1968170937558004,-0.004635612750312846,0.48623167826893715,-0.02626975597251165,0.027188263338634222,-0.08069109567750421,0.06074485429255778,0.014661744129799762,0.050851155802656776
0.2519513930853196,0.2825777600339894,0.15900049923131093,0.19907166581314012,0.16277171732741957,0.23973874367781622,0.1496152228141018,0.16448143074729818,0.10370299506059347,0.1311953325841042,0.17997041351148496,0.14404592238141245,0.1864332824578976,0.17227406475838813,0.17177816467307114,0.20661421893561635,0.18310200550512037,0.2006505956299757,0.11123724360155962,0.1222514262989591,0.46496923985517474,0.16819657985803774,0.12248412405919555,0.19422106815007562,0.19860574288797808,0.22292698085635676,0.11241728974751083,0.1629482976098619,0.1371966347962556,0.027587711607984688,0.27532479323148434,0.15008028390329284,0.30722545299651594,0.09940385308701905,0.1271264479284006,0.24918744378788937,0.1160800072667408,0.10011075110780648,0.16305902688355173,0.15715588274027179,0.2752221091462978,0.4346159619373666,0.2001722887719904,0.14547721604070848,0.49633744939405233,0.1352619620270865,0.19055109528376846,0.10112445543412954,-0.0596600494992184,-0.0749595018017069,0.07238229916190238,-0.15328208305085508,0.051743119998195225,-0.00702175948986053,-0.10412073804492111,-0.037983085663221526,-0.16060031833485858,0.06204564210013727,0.15032465267445488
0.3706344262873246,0.19712912758619772,0.2041617861112855,0.23797158517604036,0.252921622919748,0.2713370981286409,0.2311888701764632,0.209916466433758,0.2614462000013903,0.14577821415498807,0.1971694888886632,0.18391417742481,0.2497947261438542,0.25141838963317936,0.1609487404443248,0.5333040468629199,0.2214491172770365,0.14273090519432569,0.0973091954985581,0.2662774512456124,0.16819657985803774,0.6170963187435433,0.13284235504569153,0.16518244354932524,0.166766864557119,0.14479179189795297,0.21252170202447512,0.07052365960341334,0.23847321627085796,0.1088400642297216,0.11566626098163815,0.23124360486997642,0.1147622325807978,0.12213458135773056,0.12670223441931042,0.20016517166788847,0.07882396106399141,0.1482216639550042,0.24075939363079374,0.1164649409469717,0.11222493050433842,0.16208938478551826,0.19620412075938065,0.14940539136871364,0.15875506228792816,0.22519687161063656,0.17147398588103344,-0.23282854456630925,0.25432846736481635,-0.20189194449093256,-0.0436494694709781,-0.07221970872694336,0.25655438233307104,-0.02827291104540168,0.0014790276131377213,-0.017668101273346035,-0.07003713349947685,0.007642061799641439,0.03890343213602317
0.17473508121247613,0.025067130891769696,0.058773024737845625,0.2009159438224496,0.23618786644561815,0.17070763128499247,0.10624553420872906,0.20352101339931655,0.08768853648372195,0.17445058003074773,0.11317484989294722,0.12407840517093206,0.17805139337324516,0.16604828948987158,0.08923150050852532,0.010264870468695042,0.14351610606129703,0.39915010527794287,0.04767959615972802,0.12535523068068144,0.12248412405919555,0.13284235504569153,1.381703447241341,0.30733307487849626,0.25739697228725994,-0.10945504389852945,0.03504754045053326,-0.47233455315087697,0.4593154345854231,0.11316446571801803,-0.32496413938565377,0.05935482291177666,0.15286432739350986,0.3693366178927134,0.058117166749076986,0.3200287500726891,0.2200313095806578,0.047953317986886616,0.24762459155335903,0.20512532126577684,0.33059366053690653,0.09714094451280562,0.20809744978878353,0.4545810026725037,-0.12176550235935076,0.1273688047909475,0.27306080335095373,0.08231877201122649,0.038111152896067,-0.1579642593655909,0.06024056567908701,-0.25433796716299495,0.07505975931900218,0.054995379743721005,-0.05771163441611013,-0.09495463725368254,-0.05486477897270113,0.03165551938185721,0.2802979817654797
0.15215632536060714,0.055549380939498884,0.09600945795013291,0.16245426289956966,0.18024804205526454,0.19211958887739483,0.11752988385478098,0.16390158427147267,0.09022928267465789,0.164442162035966,0.15677111184446915,0.1536866194108576,0.17575793766140965,0.1676671161055207,0.16821545148735462,0.16280032548081294,0.16983537536732649,0.15859033503896866,0.1187987655015336,0.24675708762126553,0.19422106815007562,0.16518244354932524,0.30733307487849626,0.6911398726031938,0.26943869348447835,0.1356379587700417,0.1164256808575846,0.10833882006548609,0.06986690102550323,0.4197873751787475,0.15177632884898123,0.29000542230058335,0.5989101141399221,0.28608135909146576,0.28950476832680294,0.3108256084692679,0.5181127329753074,0.19278376026230398,0.18741735884254904,0.13717448461641532,0.16356429154554233,0.16864400594763018,0.14748451412452634,0.21530767950015034,0.2647925041972298,0.16334076286009924,0.279722960681809,0.09492228397385141,-0.011155203894262425,-0.05535588094681127,-0.09918198926593573,-0.15102585833097695,0.19630220897320458,-0.03462349684154409,0.011374120860634848,-0.14924580580783864,0.12718603908984613,-0.10254023638576122,0.15396619504394515
0.5753581000777647,0.43760522283934317,0.15108281165436788,0.19929569721328252,0.16883067648215686,0.33399563634083873,0.22432733865096421,0.14516077568296104,0.03376570447751737,0.2041464660557406,0.10851709539866246,0.23093067049312302,0.1258908792500034,0.22195054998756042,0.10180678467441302,0.17734811480620533,0.34221142212465294,0.1630257044316396,0.11684561713502269,0.30247385448540437,0.19860574288797808,0.166766864557119,0.25739697228725994,0.26943869348447835,2.711338524031092,0.06166728899533572,0.2158416730791427,0.1893841532290217,0.3057433481585805,0.1161222106633274,-0.11607562488600097,0.13720495985946246,0.05524510156849334,0.2450918494794798,0.1735389548466511,0.34496680404974966,-0.004014859501876522,0.19142608198687308,0.40596652718563425,0.25505169707418146,0.33584371638564464,0.15764006120854995,0.16793959643639123,0.2774899620947018,0.7090019203450793,0.2783063259003045,0.18821341699272023,-0.055412348765400785,-0.5720227100583058,-0.23006052691445736,0.6820082296821496,0.38335337760800886,0.11486381550764291,0.019959640913086548,-0.13842159869425585,-0.10263580082666646,-0.015566033203736097,0.07146731554270959,0.12047523390684269
0.20992368935354963,-0.009948527513220519,0.15518885674151592,0.2896897318039055,0.28427998005089183,0.2977389240380757,0.18752670146137146,0.27329291967944597,0.17747633127700585,0.14683210429466506,0.2463810154584945,0.2269477864800988,0.17395790869245126,0.2302681869448635,0.23095895243869707,0.14166427646537544,0.18507596125104306,0.23945418218101125,0.1543993654449502,0.11080032529746618,0.22292698085635676,0.14479179189795297,-0.10945504389852945,0.1356379587700417,0.06166728899533572,1.4693863560571643,0.21654687677410267,0.18953963103610214,0.0113731909555968,-0.08098187439034463,0.5816107215695858,0.3881476350991031,0.037344811752470806,0.22711335707696353,0.09104437476918119,0.1412700984955458,-0.4245548521250203,0.0362614576130702,-0.3966378470476519,0.07170690278391177,0.17326885919298962,0.22071902749848402,0.2003800908912567,-0.13796782489391649,0.27595275301160965,0.1762356413168813,0.13546362800589024,-0.023601924341726067,0.08604064963074515,0.19505447354316863,-0.060624730271126526,-0.1978383840659201,-0.17006057115217849,-0.07615686253264399,-0.03869549509965765,-0.049132106710804486,-0.09212799778162281,0.16437712749914538,-0.09073315925511552
0.31365523699774694,0.3444934163036495,0.1333180162548368,0.1956833566756009,0.25327475510030095,0.2442624461309953,0.20129876817075798,0.2598777690260936,0.12918170351040906,0.18633630808555504,0.2362873037611756,0.2852714054690273,0.22595087738537295,0.17136407196010298,0.15891590268257968,0.3287016223688059,0.19736299669917126,0.06078224944558132,0.04401690912175296,0.3197467329632118,0.11241728974751083,0.21252170202447512,0.03504754045053326,0.1164256808575846,0.2158416730791427,0.21654687677410267,0.7094891068960578,0.10117217549944915,0.22030449205190156,0.08170781034855683,0.10700369657297658,0.2678372247787425,-0.0008727603216400282,0.1689526312506888,0.11859052085110716,0.17765286932273813,0.07758270224279626,0.1594067071729059,0.2257621964161678,0.1565139548144537,0.08574312177381904,0.10899713177302024,0.18004088647954486,0.0834645654925168,0.13926979789649138,0.1814478053602342,0.13238129176438515,-0.016392746421118716,0.20564626767910416,-0.10959112501035263,-0.06864307850921518,0.09005447265847091,0.25134219735339897,-0.029906906620686288,-0.050388710681910594,-0.02097357530540899,0.056035262460178495,0.015677905765893264,0.01423306008613333
0.07132494707135266,0.2065779473352709,0.20473221682860454,0.04910471647835648,0.004523636902405185,0.042849633705571634,0.06793537523726095,0.08263511679521847,0.07373448983010485,0.06485738592684746,0.08868708441355656,0.06038701483780552,0.05451471162156491,0.060567183094363375,0.0936845043866121,0.15116451353733396,0.1108108539392115,-0.05967560557943386,0.15045947627604306,-0.026483100900925413,0.1629482976098619,0.07052365960341334,-0.47233455315087697,0.10833882006548609,0.1893841532290217,0.18953963103610214,0.10117217549944915,3.0037569332633627,-0.22973378543854883,0.08758482525531466,0.22311019420958106,0.21660996761895696,0.3243011573996661,0.007590390341018031,-0.12201065877228603,0.7376994995109195,-0.04003377167461219,0.027475835816459855,0.0748434872958805,-0.15088411894994952,0.7238945516261505,0.20275296045070804,0.04023637609210283,0.7440671978800396,0.3407500242156362,-0.21716820541269433,-0.07683998000106254,0.2504706530263034,-0.2477894076083284,-0.21826136564750973,0.027644063680011776,0.7982587110724586,-0.5869638028530124,0.03004444043813706,-0.16933299047206055,0.05529611378620934,0.06632090295818842,0.015855852705117798,-0.01797523480917691
0.4812915121529839,0.4308383056274714,0.11673582312499425,0.3138566255089332,0.36761661714896554,0.37180402788401623,0.21239947122989808,0.30111707335311144,0.07196990850985445,0.3015716525866259,0.2501475630407712,0.21520871471313893,0.3051901340901861,0.2866975411349139,0.21127747052879514,0.35933753301434584,0.2699558331826749,0.2774475098831667,0.11060300798875057,0.4206355180527133,0.1371966347962556,0.23847321627085796,0.4593154345854231,0.06986690102550323,0.3057433481585805,0.0113731909555968,0.22030449205190156,-0.22973378543854883,2.3622021846541106,0.14648082463676085,-0.30409380703980576,0.2257004048179312,-0.6981556484060369,0.6861714818326682,0.752286558296499,0.2930152625391777,-0.14682038796343558,0.08456018675088658,0.4202212163654679,0.37769651633438867,0.44768025019959257,0.11096941718390221,0.3708166650966513,0.11472051893541302,0.055238436225690406,0.16753378640243052,0.34080109833069683,-0.20924371394660662,0.21128986667362035,0.41637044950392976,-0.23700877584753124,-0.014587800347059685,-0.1616486097714966,0.13099600093159053,0.02621006660684798,-0.12146884353243921,-0.13540102190186257,0.05823154816238066,0.19955662511648364
0.07017968285326745,-0.10896234032295546,-0.21850819871606184,0.014093386805501403,0.019312605935231514,-0.10056697828322492,0.017023571351247224,0.04160057484847974,-0.026924677176237716,0.12596639480544686,0.04712817955460309,0.060775200771028694,0.04590273363020306,0.11841019961148092,0.1767611603852119,0.18080041014349998,0.065789183059215,-0.11188806405498913,0.18529594763155458,0.403817586128707,0.027587711607984688,0.1088400642297216,0.11316446571801803,0.4197873751787475,0.1161222106633274,-0.08098187439034463,0.08170781034855683,0.08758482525531466,0.14648082463676085,2.9762353432015978,0.17545286585079992,0.06387786690612408,0.12866178453597266,0.23244584033426116,0.6147525182815964,0.08488687810274571,0.4619097636915601,0.3103586717425323,0.5004440022173705,0.039069455684923406,0.40148084072277734,-0.004921642187859703,0.38532439275317687,0.3117795497151298,0.5008824450524901,0.3041099451893072,1.0961495477711527,0.16183560106653172,0.6528180947832884,-0.1074492986135552,-0.1872129686474711,-0.4655371819596113,0.4300362259091408,0.0599017418959014,0.0862577619598975,-0.038474032319734564,-0.03946855923462651,0.10045763416419377,-0.2825326931245039
0.33618164501673725,0.28062152096706294,0.13307422796937907,0.10937906084321103,0.21680172140983567,0.22326280390237108,0.1611970667391845,0.14680132129685455,0.14782123102817876,0.18272778757935104,0.2208872207114926,0.1290297249490535,0.15346171779094805,0.15260929427940376,0.16957755271930766,0.1302117032103956,0.15425496400534908,0.3526198050077131,0.0992045461097735,0.1354197228746592,0.27532479323148434,0.11566626098163815,-0.32496413938565377,0.15177632884898123,-0.11607562488600097,0.5816107215695858,0.10700369657297658,0.22311019420958106,-0.30409380703980576,0.17545286585079992,2.051025240089035,0.3218004443488337,0.4117527791480959,0.176096358681422,0.31538261724413286,0.22396550553216935,0.1653783714542211,0.17941718185940425,-0.06785202923694629,0.06421933033617955,-0.28946824643265406,0.2511025965352804,-0.05924178088906225,-0.05905777379478376,0.5678544519535336,0.24207670387278024,0.3095901402253508,-0.04181705993543685,-0.47482081332509946,-0.0902953337519127,0.19830355579926506,-0.2543194209114862,-0.08743964160897787,-0.0715892136828946,-0.06246093731917622,0.011977395497552168,0.23140953503935083,-0.1357785483646338,-0.12093203899368801
0.31540358186604295,0.1861276259401366,0.13790376500825077,0.1474469820759907,0.2930031358034743,0.28440094037109426,0.1879465541608239,0.2352787128377534,0.1592664575055341,0.19058430208012975,0.22825913568351622,0.24707996413983804,0.213447550626124,0.18232598317113646,0.1595213487378857,0.27689432748591364,0.16498211016425085,0.1926402011244976,0.12330810313171195,0.24010598098076505,0.15008028390329284,0.23124360486997642,0.05935482291177666,0.29000542230058335,0.13720495985946246,0.3881476350991031,0.2678372247787425,0.21660996761895696,0.2257004048179312,0.06387786690612408,0.3218004443488337,0.8965359967283141,-0.023657067098175364,0.24686107257293138,-0.08401744118661889,0.2912660807615765,-0.14784262856933078,0.1340405457625773,0.15626520026861615,0.07393844856433056,0.03655309652787089,0.13085444914309294,0.02408642757142738,0.10563652064010337,0.11143263864535999,0.18635695197126792,0.19457395931814822,-0.07538070704583676,0.07515539268350462,-0.22368661823215458,0.04458667143742731,-0.12637910256204735,0.1798202191394455,-0.03128920409964059,-0.05683258912124633,-0.05830989519660948,0.36493775654950217,-0.13801759124960133,-0.074397698186259
0.14395989171844709,0.07519655934014365,0.17929576312196996,0.11026326426944634,0.048203472460310065,0.12030955731513981,0.1028421938898876,0.09595044424446245,0.1088078448351506,0.09056970315654499,0.10031692424853823,0.12632798426485276,0.13655191415912796,0.10839127107052912,0.15184358166795298,0.008603794196557026,0.13317243687606073,0.17410517605888398,0.16233394730298747,-0.04170020787261974,0.30722545299651594,0.1147622325807978,0.15286432739350986,0.5989101141399221,0.05524510156849334,0.037344811752470806,-0.0008727603216400282,0.3243011573996661,-0.6981556484060369,0.12866178453597266,0.4117527791480959,-0.023657067098175364,2.073516569998686,-0.25375300822690744,-0.34144951550031005,0.0014287647175413275,1.0475630395953262,0.0910365853262791,0.0880358915809548,-0.10357777162225311,0.22819850868637973,0.2651409632174083,0.021491689592877065,0.2693866141901077,0.4214490269927207,0.11069272311386913,0.15679751696403818,0.3228109808331211,-0.11565600028559012,-0.06533154593256034,-0.07992260707458933,-0.24328821256920738,0.11695110323355984,-0.10080737548660805,0.06794545042295522,-0.07208988320865223,-0.024157235631033395,-0.07314817097116535,0.141785651795504
0.06929311033725379,0.1383146038952996,0.011887553136675385,0.3034482980540275,0.4102611643029079,0.24760006347743876,0.17302454999348496,0.2305168483816621,0.05758232873807379,0.34535786506325983,0.2281458068430859,0.22572240596517873,0.2272173323352517,0.15135438474659652,0.16215657879842357,0.1814337462480418,0.1970084895576022,0.2683567195638939,0.07569612899281428,0.3391517036813301,0.09940385308701905,0.12213458135773056,0.3693366178927134,0.28608135909146576,0.2450918494794798,0.22711335707696353,0.1689526312506888,0.007590390341018031,0.6861714818326682,0.23244584033426116,0.176096358681422,0.24686107257293138,-0.25375300822690744,1.6846813920410877,0.6889352253171338,0.2298194664776824,0.33174313737362066,0.1776192920705297,0.21407283697348017,0.1892289486998632,0.016392986135740223,0.09090451620356997,0.3161513551330067,0.3294506475419702,0.23982604350606815,-0.04579674340399457,0.31324016435782087,-0.06737053193834645,-0.1339201348128021,-0.04417802838952964,0.03154798576146244,-0.14500127457859602,0.09641750441383298,0.06157640693928982,-0.07583155680217166,-0.05885541573120517,-0.015361282065598773,-0.025200937844631396,0.12613155240198493
