0.674002910131235,0.1334934457116037,0.08951958940133843,0.07514527985746614,0.14050520600766214,0.1088233312891422,0.1933655710056171,0.050684742942697036,0.042933190154635086,0.06446816119648748,0.06811865835669775,0.08809982413197441,0.05821895720101591,0.0881089949868223,0.05511661586920079,0.09295805177892609,0.031200802734513543,0.08034790375532348,-0.020143875784314435,0.023413304888764093,0.04084556144069858,0.0712685969370306,0.021757707680653684,-0.0332176551791894,0.07339049848879806,0.05272702047126462,0.07088925324616115,0.015320642457062187,0.09271675754170385,0.06864499707939895,0.032276691443657586,0.07566086596654228,-0.01595958458697788,-0.1266425226113017,0.07082954872521492,0.011812038226930782,0.003463587951625078,0.03383702439000155,-0.0006061375625610985,0.028537446459565397,0.06657085204660086,0.036122604569643994,0.022843129908254454,0.0038610013760555445,0.11123018292867343,0.04717679737183628,0.06040066667069934,-0.010250339857207273,0.05566186294050484,-0.08742232093911681,-0.009503336922499323,-0.025685279251673656,0.041659969379203,0.04185110413288547,0.023220511670027442,-0.011756999756145994,0.022040358239184155,0.06792862887517993,-0.11533343366371143
0.1334934457116037,2.810292458837745,0.38055629342042463,0.06131989256804226,0.19302156751457883,0.2941394118548584,0.2569132650154979,0.13309486748120722,0.37550475626568475,0.09015705237837585,0.1438749826035759,0.2387499049986724,0.12114463375880082,0.0673877802355926,0.20655839104777654,0.20895303681331395,0.11353820964350134,0.2826610155831746,-0.45846439594238303,0.17351674154565183,0.1722118210619317,0.23696040801767437,-0.09218947929314127,-0.10607631373623123,0.17177048400567302,0.22006416386370578,0.38738312088321747,0.030623430938708188,0.17309145793814626,-0.16882332242384437,0.16360392282376598,0.10388716885927446,-0.06100812707978368,0.1456759960205188,0.16688931656954104,0.1741300281066182,0.1228684998959775,0.11039226696305487,-0.23127018977953434,0.10358471655868384,0.13880461452813314,0.16583537538114937,0.2457421045909209,-0.017270229587906857,0.2611320370334092,0.25285916846006495,0.14965835743813755,-0.05913761943862721,-0.11815442265981212,-1.121710811052585,0.6045553337301172,0.25015756710751474,0.18364774635036807,-0.14727896531707332,-0.08184618765965879,0.08555755212447838,-0.03255448288250615,0.12425875242807295,-0.161849130677062
0.08951958940133843,0.38055629342042463,2.65183308828019,-0.029517501659794047,-0.23797837047724052,0.32033461729624285,0.14044550197038366,0.2594759877548107,0.3963254374597782,0.15965267889298357,0.12394771117034846,0.1671692468426924,0.11272406598015283,0.09128889872818749,0.29739822941606714,0.22262405367020902,0.3659790546056498,0.25461782865961013,0.0047226917611051435,0.2695559032496297,0.23036234011708479,0.32667355246702273,0.1973315388502349,0.16193341278914805,0.187100032801213,0.26638662250823597,0.22984852112883447,0.23343418469920366,0.17820429475312424,-0.7030972356572013,0.2109193829461912,0.11913246631537613,0.3825172612210884,0.29035747691690705,-0.03125371550408228,0.22237584142200525,0.5071913940441476,0.13556948747890976,0.06724695409385541,-0.37723575846685287,0.06578600686847817,0.24751803924504598,0.2590268435024896,0.04287249992452319,0.11810116027005747,0.3874563999445374,0.28907034408173643,-0.0704732537032819,-0.29338544366647673,0.18803574826287522,-0.017559648722716075,0.03593865712413387,-0.13095931282956177,-0.23779203803156104,-0.04538893113762513,-0.12308712310165018,0.10350836102608628,0.15882236918097867,-0.2921122199085583
0.07514527985746614,0.06131989256804226,-0.029517501659794047,0.8613502325621073,0.5448718698717304,0.44148861035285514,0.3336381350329118,0.14953658603858036,0.181884140598302,0.09722801021103643,0.213138445091428,0.23246069486935203,0.1844359140035816,0.22595081178386414,0.2039834433907469,0.2207755806065122,0.15431033447835046,0.1951032869820904,-0.10662401578432482,0.23986204947991444,0.17148569159704385,0.18573852474057162,0.29321996416816487,0.2144164727966668,0.1843649902361322,0.26704222370508834,0.09893236078408213,0.1496473593181447,0.32225831303262786,0.003799064128505345,0.10470278424529202,0.19976418452658784,0.02205160362653315,0.38283596709896567,0.2579909032764637,0.061400665055115426,0.21084568131617526,0.14685434893620056,0.23707665361883146,0.04129687743935214,0.07470834884189315,0.17470595188949695,0.3624965361403011,0.01712551832388509,0.0020372264371675227,0.0927636864621437,0.26450725750465104,-0.005741001064419894,0.2446772137062087,0.059670316979135836,-0.28086099643083057,0.18388951612632834,-0.005542623446393504,0.01696607382818306,0.2537960764709875,-0.0071750800102302606,-0.48435201917617404,0.11783005805518947,0.15510330789583843
0.14050520600766214,0.19302156751457883,-0.23797837047724052,0.5448718698717304,1.0424046343365754,0.44544213011161965,0.27930311091212906,0.20487082748669264,0.20452606739164625,0.15531695693754896,0.2394564795767998,0.23071077327157832,0.1954466680652243,0.2101212532180049,0.18574960240072075,0.1911995657906461,0.1014360793239883,0.19756248501778428,-0.12112193315541492,0.2058048035429007,0.14221204930129971,0.16373482085769267,0.24664647243375415,0.1767756771371804,0.1920543332887868,0.26327034520266007,0.15107492153134602,0.044486628656770374,0.2942903545359344,-0.01718602939837183,0.11337666663230285,0.1924601221929609,-0.09238802845845145,0.4288400352542565,0.23341353882627,0.1039145921929723,0.11607912826983872,0.1231814364095684,0.1796697527021785,0.15316892558113057,0.0966661345701655,0.15039569477544265,0.24558368702909672,0.01402051068128452,-0.017151510440035447,0.0947094572110708,0.24896388336424988,-0.014333395445864126,0.25779772528759265,-0.15483019837576648,-0.14578444898766685,0.15957449697124013,0.14189516940834362,0.12357715204378963,0.01782078737277243,0.061665652581215036,-0.2381596469722396,0.020851765375856958,0.1285874632206377
0.1088233312891422,0.2941394118548584,0.32033461729624285,0.44148861035285514,0.44544213011161965,1.0846370782051764,0.2702858470056884,0.10356983994355207,0.17012123300547013,0.0946564106099234,0.2829458532732052,0.3023150618602178,0.16491457030246615,0.2525349812741977,0.29797411376135186,0.2248235133191601,0.20403355625649283,0.15679039112954005,0.07598541580703047,0.3233880951257988,0.20175379271781377,0.20661679810570743,0.07595011232822811,0.1224607227924796,0.22032420770608163,0.43224723053698105,0.23890519278181827,0.19663874768877349,0.558715106439554,-0.2685578169411449,0.15544432984503015,0.28139418305848446,-0.1066041265684042,0.47063137538414235,0.2828714152457193,-0.0007404921660429853,0.30924417231477686,0.19012220624678383,0.3290748996607703,0.05554632521947235,0.012716952953097146,0.20759274999422658,0.37581991064210535,-0.004622654216206045,0.072697748690861,-0.0023014529929197137,0.3603584841429688,-0.02077594872251575,0.3887589741334907,0.44235640175278174,-0.8359142733330699,0.20329522045194934,-0.281479468600426,0.23267764375306296,0.07693425523191179,0.03938007438691072,-0.26324372599166057,0.24653158044678306,-0.10844153095281613
0.1933655710056171,0.2569132650154979,0.14044550197038366,0.3336381350329118,0.27930311091212906,0.2702858470056884,0.8798975303877119,-0.11147805449307469,0.24727229344733925,0.056073490105060825,0.14367605022332416,0.2739512432382468,0.12047113730241084,0.0891553610857559,0.13808689421526035,0.23960510444609126,0.0809512104303807,0.19257075280249153,-0.2182818156295305,0.08810212777609211,0.10686103318440676,0.2209130277741152,0.2770698168558948,0.16349314700694015,0.21052641501194064,0.13271033487473002,0.15956263740644128,0.04592650019440127,0.2116344890467999,0.005936887241021856,0.10495172709687656,0.0904110006601325,-0.0014798734295236563,0.3167839609234202,0.16229867684655022,0.14840860476804982,0.13970723177792957,0.05693659904127141,0.07109667566011087,-0.03422767335361335,0.016092101634105814,0.11272795030756713,0.2575141750931511,0.016838682746506833,-0.029429669321750736,0.08430004395417076,-0.036022056465350526,-0.047927990863204234,0.06860959813728833,-0.3901746034549558,-0.1386784831171145,0.06240467195901719,0.1326876946287929,-0.03106739476728391,0.2250323126360291,0.1008346565083558,-0.04491619726927813,0.12478599512963373,-0.4463514207013074
0.050684742942697036,0.13309486748120722,0.2594759877548107,0.14953658603858036,0.20487082748669264,0.10356983994355207,-0.11147805449307469,1.1143035796868945,0.11093613622428679,0.36143019419150446,0.31915211044033476,0.15790459794404738,0.2575114718284084,0.21259418702035068,0.1742359351061052,0.21817126364171185,0.26803133057816286,0.33336172043251056,0.11845689963163898,0.25673082053986884,0.18761513755125495,0.20800083288139293,0.26011323139598563,0.0923536632479091,0.19384427662210904,0.3722598451189969,0.23417477858309285,0.14443794038452112,0.13581495408864042,-0.16119101187372187,0.12539843768582723,0.15770719681977233,0.29661489606763386,0.3212632030781314,0.062023278550723676,0.01490054335201711,0.3482898047632054,0.18663313288767922,0.27203874400667055,0.14527001083154573,0.1412304664331462,0.1990315690476561,0.35937881670712535,-0.0005410486620678952,0.043159229029548496,0.2670600964813399,0.5611534452410346,0.02155653959344821,0.3739715639957997,0.175599661162478,0.045663825831019994,0.08228445620909347,0.028262479696343743,-0.17818329358084878,-0.1695375090373436,-0.17206820750581336,-0.0037584415476166763,0.7703626030025884,-0.4599908396794287
0.042933190154635086,0.37550475626568475,0.3963254374597782,0.181884140598302,0.20452606739164625,0.17012123300547013,0.24727229344733925,0.11093613622428679,0.7921205406920327,0.1491044596263618,0.09379114211336616,0.13216670595385185,0.12647251648840344,0.15909119380457978,0.22083860276326964,0.13231486327879197,0.13106173173402763,0.2554718016231905,-0.4127956016273994,0.15850564994588348,0.13765275654515705,0.38424887309835587,0.4261372659448023,0.29920703316590086,0.19188023953837954,0.2436843154169765,0.17147954987050104,0.07261709225171796,0.07536100168500308,-0.011394978552313913,0.14968395203594975,0.12685952958488675,0.1246292824766776,0.13337185370143712,0.162568638968494,0.12774990966286545,0.12600007544446348,0.10782238148134662,0.012086482934686024,-0.013905116848829679,0.11335116114062395,0.14061032416871772,0.21053467423686864,0.01292796695147927,0.0655341710899544,0.24900112900334467,0.2969363499979824,-0.05053996756971338,0.2936479631455222,-0.5893116760761111,0.1870807055044564,0.0397540994149073,0.32305161856914083,-0.15021144782107024,0.044312965737855474,0.19527059297628177,-0.06403148263775975,-0.10904516912105049,-0.10815817418502642
0.06446816119648748,0.09015705237837585,0.15965267889298357,0.09722801021103643,0.15531695693754896,0.0946564106099234,0.056073490105060825,0.36143019419150446,0.1491044596263618,0.7262109464510069,0.19312625769470296,0.09260176809121655,0.16375836846353148,0.07771493946262048,0.15543063145655742,0.10926976863976778,0.18449449754471264,0.27663589137584604,0.05377327811891564,0.07542407305066788,0.11882807437160825,0.16084931408566774,0.30757678576109115,0.13515498766675066,0.1467837482230588,0.18405581644003902,0.2351994165306383,0.17106587259470593,0.13364601405608278,-0.1112561360786084,0.12444872639914298,0.06941745758729209,0.2051314654316907,0.36088897514267165,0.16879963483538607,0.08829332511132383,0.31248911796923173,0.06824976589191185,0.27849971212592917,0.153700064097954,0.16794441940788157,0.1290115619956178,0.06804762476921783,0.011237172503522274,-0.07780038743547614,0.2026756378208719,0.42967923239790096,-0.006735159846277216,0.22215942455742566,0.19411103944472885,-0.0860028118549332,-0.0019026219640820605,0.04439989406764568,-0.03480252730117104,-0.0055531837215745195,-0.11631787689086007,0.26910303692555065,-0.20904796832705783,0.05397048349418889
0.06811865835669775,0.1438749826035759,0.12394771117034846,0.213138445091428,0.2394564795767998,0.2829458532732052,0.14367605022332416,0.31915211044033476,0.09379114211336616,0.19312625769470296,0.4825902735312575,0.2793476085100933,0.22464114739215713,0.1466353070270668,0.2879643267385971,0.22716077817901448,0.32953261520860755,0.2259421110944001,0.03780004780954677,0.27902340799554914,0.208622643164805,0.18362558090777603,0.2273967383322671,0.17993575813120954,0.2115394312536889,0.2522101368707271,0.24756482714034292,0.24255042912104907,0.25184057743759397,-0.022502958188854106,0.16577095637997735,0.12851675483992503,0.16361986428498299,0.2675713811310596,0.2783948562097349,0.0870857788458004,0.33577186957324506,0.1686635137540831,0.22264487049586568,0.11900531864228636,0.1572406794337108,0.21904551239267983,0.2413108399286028,-0.007454948547690551,0.12643498702344289,0.1800302724099853,0.36277539482909443,-0.0030995154023466067,0.21894384095860356,0.18848037606447163,-0.2136218129151036,0.06210384575836208,0.0028551342147259966,0.02667230261393077,-0.017723133098854545,0.03606410831313127,-0.14204277963129688,0.11828196355011114,-0.07187756083764067
0.08809982413197441,0.2387499049986724,0.1671692468426924,0.23246069486935203,0.23071077327157832,0.3023150618602178,0.2739512432382468,0.15790459794404738,0.13216670595385185,0.09260176809121655,0.2793476085100933,0.648044034679934,0.15064257493499877,0.17460971029875036,0.23409459210934327,0.2855648931568736,0.21090763144368593,0.11591369019443118,0.026908012347943055,0.2223576598387883,0.18207661334093983,0.20572262311262499,0.10743090173991504,0.12262238553605988,0.19236718906164108,0.19328473348823677,0.25684582133856987,0.11884864550223863,0.20955427761330228,0.0056177281735948,0.13493940840421828,0.1833205264213047,0.1136219409373157,0.2506824367538456,0.09076220966414764,0.14470457898004496,0.20399743837985945,0.1321010571884874,0.1834263591387934,0.09720386737930023,0.10273543463226668,0.19105121171898645,0.2869094275692395,-9.880905096180763e-5,0.06655311686581723,0.1877715267777536,0.2762532261081504,-0.02440702051668357,0.2645670108649064,0.02491199225083677,-0.03411127221978714,-0.04339470635072261,-0.09202758495408812,-0.040104441621114255,-0.025993553167294195,0.052824352207505046,-0.13229291494216355,0.38525683469291955,-0.3037869540492396
0.05821895720101591,0.12114463375880082,0.11272406598015283,0.1844359140035816,0.1954466680652243,0.16491457030246615,0.12047113730241084,0.2575114718284084,0.12647251648840344,0.16375836846353148,0.22464114739215713,0.15064257493499877,0.35741464710463877,0.14739153407903366,0.09042907220352207,0.15664069725896762,0.13457271068369717,0.1519911577146718,0.005950419307877774,0.15727767454676048,0.12136480354963079,0.15049959952839545,0.2260559290086368,0.1774455997175979,0.14111954260066675,0.1647483522359143,0.13429192767976988,0.11773838258304706,0.1705130507466497,-0.006585152147564459,0.09412818794435733,0.11976262614128358,0.11561893122229444,0.19217762155983495,0.17862468564732845,0.061551508092801945,0.19077598347384236,0.09303080747407187,0.1780868914125551,0.05500055206035539,0.09766547853744662,0.12630134368124216,0.11631653034077949,0.009360639313527007,0.02496480486337303,0.14295957752165853,0.24082454592663152,-0.0012546577854312927,0.21445247595504635,0.05346468389883051,-0.04051962372236341,-0.010739458275613506,0.0634025391173067,-0.07422450309458797,0.0413177953342728,-0.024437639824905568,-0.14237114577219792,-0.22241790701587463,0.3451851680120872
0.0881089949868223,0.0673877802355926,0.09128889872818749,0.22595081178386414,0.2101212532180049,0.2525349812741977,0.0891553610857559,0.21259418702035068,0.15909119380457978,0.07771493946262048,0.1466353070270668,0.17460971029875036,0.14739153407903366,0.5085008560540282,0.2199274523253039,0.20730703431807537,0.23009163932391616,0.14097013890248136,0.010335542762592825,0.2670784570538631,0.1877440191462985,0.19590314699203204,0.16890707919271233,0.20481624039874258,0.13350064392663735,0.3059967855571523,0.04504776391828338,0.16854744405014302,0.3011699701379278,0.1133576134793298,0.13988514799301366,0.40864134016006604,0.07660954609679042,0.15163523206992138,0.14639439509449353,0.09294996690545437,0.19188529492708362,0.17297713112904298,0.21639816185040475,0.06630572213735313,0.20337835924410141,0.18754207622055558,0.27152398531056465,0.011305856205239854,0.08962459212821763,0.17331819937239104,0.3803487354392842,-0.0022962300886367453,0.5087692805929032,0.2977439511814948,-0.18940264796197334,-0.01618539592654225,-0.054800899751103145,0.08731828383553125,-0.11805312020280102,0.020996622215516274,-0.291703394254353,0.32398045034042655,0.010229068679571641
0.05511661586920079,0.20655839104777654,0.29739822941606714,0.2039834433907469,0.18574960240072075,0.29797411376135186,0.13808689421526035,0.1742359351061052,0.22083860276326964,0.15543063145655742,0.2879643267385971,0.23409459210934327,0.09042907220352207,0.2199274523253039,0.6693096618503833,0.2604201021674621,0.4182782138878629,0.3390681430336503,-0.02171249189555388,0.33344492947026305,0.26405995416497097,0.25880387227162216,0.38160994739821974,0.3056549894021145,0.250539983890508,0.3560861002005245,0.21139978011307228,0.40355983866616635,0.2949753711349513,0.013769859013519176,0.24738361642336545,0.20285962466104152,0.2674317944374627,0.25975035736997154,0.280160336356461,0.10493391934270369,0.49267932858749475,0.20388288998980628,0.3080021576414228,0.06035876213187074,0.22343076150929939,0.2695725769364565,0.3144067805022085,-0.004648839027022369,0.12216976224666519,0.2470216353854874,0.4527285382831302,-0.0010440516278219748,0.42613493481658105,0.6391548372446278,-0.33394083217488785,0.19963862296022428,-0.30215062762635275,-0.04833594807672617,0.014162410415498195,0.13895110184922352,-0.2207050341245915,0.16992686676322052,-0.16785270047374728
0.09295805177892609,0.20895303681331395,0.22262405367020902,0.2207755806065122,0.1911995657906461,0.2248235133191601,0.23960510444609126,0.21817126364171185,0.13231486327879197,0.10926976863976778,0.22716077817901448,0.2855648931568736,0.15664069725896762,0.20730703431807537,0.2604201021674621,1.187468771124379,0.22666729118874274,0.2997150230472025,0.015431902138914476,0.2130358813296916,0.2644304989977485,0.5573331238842749,0.3400522903284786,0.28051842135141647,0.3219440108877067,0.09206682060670549,0.2610731872707527,0.16418227777739888,0.2743428023541814,0.32324823526409235,0.2218332636824613,0.1668184347912171,0.15849509633030923,0.22413996594535832,0.21692601300528727,0.2317391678798806,0.33812206113344717,0.13822431411583624,0.2805412798542032,0.1069639254895355,0.21012117663747318,0.30127166558622526,0.5373900533446606,0.03411968186645111,0.13812111245172934,0.3398702148922235,0.4436351208313734,-0.07487423627244562,0.3941563022392044,-0.3192742663674694,0.1540244821676373,-0.307072005315107,0.07176095039631945,-0.23277012713042233,0.014100095178007416,0.11218351422884626,-0.20096756769530774,0.3595084153912235,-0.21925854798159025
0.031200802734513543,0.11353820964350134,0.3659790546056498,0.15431033447835046,0.1014360793239883,0.20403355625649283,0.0809512104303807,0.26803133057816286,0.13106173173402763,0.18449449754471264,0.32953261520860755,0.21090763144368593,0.13457271068369717,0.23009163932391616,0.4182782138878629,0.22666729118874274,1.0474637502475603,0.2889664393639222,0.07168974517570294,0.4832430350902802,0.38555482337588703,0.23781116045367182,0.27320210212375406,0.24588752162086336,0.2459335903706554,0.2934516807311858,0.23566921210595465,0.7478914637661233,0.2626306379039852,0.0036728543570117033,0.2782348915439383,0.17290903164235327,0.523049242256371,0.2098060993785083,0.5313371804281631,0.11835994672436,0.736297560861165,0.30319164808085897,0.33087628664016316,0.12418843299829972,0.31429968112945267,0.40922492869233595,0.23676727093520747,-0.004718792891936212,0.4042929779011055,0.3511572928710928,0.6683186786077291,0.02070672605195716,0.21331473731055708,0.9140953360848051,-0.23926769013576774,0.1152697474164167,-0.3064063383028606,-0.09435041192531848,-0.18707433076164443,0.032632831222662737,-0.18138427448426364,0.16115717980270416,-0.24546919533754694
0.08034790375532348,0.2826610155831746,0.25461782865961013,0.1951032869820904,0.19756248501778428,0.15679039112954005,0.19257075280249153,0.33336172043251056,0.2554718016231905,0.27663589137584604,0.2259421110944001,0.11591369019443118,0.1519911577146718,0.14097013890248136,0.3390681430336503,0.2997150230472025,0.2889664393639222,0.8418159713667709,-0.20351790112304557,0.1474444570151019,0.21889723359897814,0.2891821698678382,0.7385057360760683,0.25194015543398235,0.26552933695919384,0.3901414226184975,0.15968083494486393,0.2907633012506954,0.21510168811468316,-0.03781298977946538,0.26270415961066745,0.08781873798673016,0.282738324364246,0.2851944331813361,0.26454927954862784,0.10496510202330722,0.4239893697394003,0.1329690535976747,0.26471881523497753,0.09319773140266878,0.20472747286232765,0.2151563123755618,0.4311334808504035,0.018964294631772093,0.11101421314906076,0.2791334691451967,0.4653392126773966,0.0019890008543226945,0.3529904933550085,0.053787404323738755,-0.01894539343872733,0.1640933341583123,0.04836826624113864,-0.15297118124437833,0.027076889648832824,0.012229937201402087,0.01380609548905246,0.4077409054835977,-0.48495796778515166
-0.020143875784314435,-0.45846439594238303,0.0047226917611051435,-0.10662401578432482,-0.12112193315541492,0.07598541580703047,-0.2182818156295305,0.11845689963163898,-0.4127956016273994,0.05377327811891564,0.03780004780954677,0.026908012347943055,0.005950419307877774,0.010335542762592825,-0.02171249189555388,0.015431902138914476,0.07168974517570294,-0.20351790112304557,1.4570283854015782,-0.01654184857713191,0.06868028448022573,-0.08794641354174144,-0.5332084929096687,-0.17602117919700216,-0.07291666633050853,-0.025704023770370468,0.05586140243976965,0.15342758169665585,0.01950876480036704,-0.05620391371495211,0.07416432792508398,0.021416159171187523,0.2044923265901748,0.05759970135089852,-0.1315147211691277,0.014348112106426872,0.270847849457374,-0.0160146355060681,0.4445181595852946,0.059038470545910916,-0.006148042060677612,0.04538862851605957,-0.06008705610502493,0.01403848583094213,-0.10521074763547943,-0.007573541223599574,-0.09084255269703602,0.04612074253210447,0.0008190365069974686,1.1804301641075072,-0.349745058127672,-0.20234210444287598,-0.48798980361612604,-0.017430717456321267,-0.014947188028770092,-0.1476161925255369,0.014888344835019125,0.07501070898119434,0.12302010322037787
0.023413304888764093,0.17351674154565183,0.2695559032496297,0.23986204947991444,0.2058048035429007,0.3233880951257988,0.08810212777609211,0.25673082053986884,0.15850564994588348,0.07542407305066788,0.27902340799554914,0.2223576598387883,0.15727767454676048,0.2670784570538631,0.33344492947026305,0.2130358813296916,0.4832430350902802,0.1474444570151019,-0.01654184857713191,1.2646795776657647,0.30254715992686554,0.22505884694412273,0.285872231405971,0.47630128954675177,0.3473207148884668,0.29258046271173693,0.14326340408908372,0.39329640492216505,0.39597966439669985,0.29745276570781093,0.28871535822753736,0.20347133122196967,0.24392339936628174,0.2994197439484967,0.4637700625287312,0.06762509141398239,0.7600182153507276,0.5980766727075167,0.44802543970866116,0.1540877562702248,0.22263981332490312,0.34168877936589814,0.6392252982712792,-0.028054396726464887,0.6229368225796994,0.25693281405711654,0.5312217544458798,0.06292348946704658,0.4970290316940844,0.15271787066575757,-0.3385786062947112,0.20345670030000834,0.04819387974581943,-0.0920080644246482,0.04896682051704977,0.06391246722947806,-0.34770275145001,0.1268747454792531,0.010405273524860072
0.04084556144069858,0.1722118210619317,0.23036234011708479,0.17148569159704385,0.14221204930129971,0.20175379271781377,0.10686103318440676,0.18761513755125495,0.13765275654515705,0.11882807437160825,0.208622643164805,0.18207661334093983,0.12136480354963079,0.1877440191462985,0.26405995416497097,0.2644304989977485,0.38555482337588703,0.21889723359897814,0.06868028448022573,0.30254715992686554,0.5115901149826235,0.23596726586748704,0.2691288763118453,0.2466747928372143,0.18062680711818715,0.27007233036623146,0.18985568560882005,0.3413440675091525,0.23172189032824375,0.06399366127144866,0.2266121491658241,0.16344975007729468,0.3092297813021247,0.19982859456412957,0.29206740899594474,0.1497082323380325,0.43131910794364997,0.20073386510794336,0.3077465852889303,0.15886475449420986,0.2535586004128962,0.4264737043940973,0.3747621655754227,0.0075652823074610215,0.27536819462665485,0.28083458450837595,0.4879627536184377,0.0008293714779501421,0.25512145217576043,0.35556533077001806,-0.09699091801113575,-0.08797896631292686,-0.09273167915346103,-0.08057520752034596,0.054033873289134865,0.01501833358596253,-0.21279166468716104,0.12103131866200664,0.015347814357224685
0.0712685969370306,0.23696040801767437,0.32667355246702273,0.18573852474057162,0.16373482085769267,0.20661679810570743,0.2209130277741152,0.20800083288139293,0.38424887309835587,0.16084931408566774,0.18362558090777603,0.20572262311262499,0.15049959952839545,0.19590314699203204,0.25880387227162216,0.5573331238842749,0.23781116045367182,0.2891821698678382,-0.08794641354174144,0.22505884694412273,0.23596726586748704,0.9508179759925377,0.39957784628050147,0.3303001182208677,0.25906214533986344,0.240451487432732,0.2704463662853158,0.17468381571516703,0.18543727112234062,0.1841673619131365,0.21465217710170936,0.17803325303873976,0.2730809768280131,0.2026627908707695,0.15391888453170985,0.2361558722864598,0.3105466950785187,0.1545501124931834,0.23564225825123736,0.052241718312086516,0.18006581400648122,0.2569888597398275,0.49741184135274324,0.04587114481368272,0.009260306304952268,0.3953218155705325,0.42182044251217365,-0.13410728173854314,0.6054376938299336,-0.2880807733947603,0.09350844657253454,-0.25471031052721105,0.1292559689422963,-0.2077548974421369,-0.009480981571822278,0.11824306023949259,-0.12143017969072242,0.21872021700141445,-0.1988981562477962
0.021757707680653684,-0.09218947929314127,0.1973315388502349,0.29321996416816487,0.24664647243375415,0.07595011232822811,0.2770698168558948,0.26011323139598563,0.4261372659448023,0.30757678576109115,0.2273967383322671,0.10743090173991504,0.2260559290086368,0.16890707919271233,0.38160994739821974,0.3400522903284786,0.27320210212375406,0.7385057360760683,-0.5332084929096687,0.285872231405971,0.2691288763118453,0.39957784628050147,2.1758482994566437,1.091250248177093,0.6094247740783078,0.13352864260948827,0.15019050243257495,0.3694912776960796,0.48081535401516334,0.4775124635378441,0.08671198407345163,0.06378416104120414,0.5965284864542687,0.31744715782498684,0.3966594643979247,0.08103425561931835,0.6695276838372817,0.18485102085654978,0.510526711812019,0.002030849831878794,0.28152935502493115,0.2589185094357709,0.3936560733939124,0.028917999690324266,0.03800358023621825,0.39507714445247405,0.837686577449009,0.04693551449612408,0.8913345021744078,0.07855032929437258,-0.1527427740555814,-0.02659518596863552,0.3415105207459877,-0.2507456308833082,0.26191303863223453,0.0827475302407096,-0.1443309665561623,-0.2763262447736728,0.1296779490421236
-0.0332176551791894,-0.10607631373623123,0.16193341278914805,0.2144164727966668,0.1767756771371804,0.1224607227924796,0.16349314700694015,0.0923536632479091,0.29920703316590086,0.13515498766675066,0.17993575813120954,0.12262238553605988,0.1774455997175979,0.20481624039874258,0.3056549894021145,0.28051842135141647,0.24588752162086336,0.25194015543398235,-0.17602117919700216,0.47630128954675177,0.2466747928372143,0.3303001182208677,1.091250248177093,1.3759835670703495,0.4622624992285999,0.016021603605217788,0.036663507987497575,0.28713015424014615,0.43439674938455386,0.8239558647403652,0.38351166424978717,0.16516846060522936,0.3273540754937202,0.09841236512803511,0.37313901037218383,0.38401490349424955,0.5423389222247531,0.27082490344621546,0.38624215228158565,-0.06566895388977106,0.35282933189083654,0.24039342155759608,0.274534216534338,0.03602233025971589,0.19018602835905127,0.4046702197553449,0.5977753224540432,-0.011050955045243616,0.7040490484258041,0.09247848486870432,-0.1500885253831949,-0.14581225897003455,0.197317819459401,-0.18527754277507516,0.19119838229491665,0.18430332365312274,-0.17146600996642125,-0.636545373294838,0.437705489505192
0.07339049848879806,0.17177048400567302,0.187100032801213,0.1843649902361322,0.1920543332887868,0.22032420770608163,0.21052641501194064,0.19384427662210904,0.19188023953837954,0.1467837482230588,0.2115394312536889,0.19236718906164108,0.14111954260066675,0.13350064392663735,0.250539983890508,0.3219440108877067,0.2459335903706554,0.26552933695919384,-0.07291666633050853,0.3473207148884668,0.18062680711818715,0.25906214533986344,0.6094247740783078,0.4622624992285999,1.1558960521983623,0.0741290413787427,0.2572410908167742,0.19080161849694952,0.4447967061753438,0.3513628250349312,0.15195066965572898,0.046978362332947735,0.20713837996676868,0.3254123575015848,0.41550455272728576,0.1316431630808163,0.4288870097876393,0.21577852873765813,0.1535598841966585,-0.024694163075255654,0.14268976755785434,0.20555534003847617,0.4021494169549421,0.036936391888915156,0.16937375706127156,0.3449619088355608,0.42707572151993684,-0.04398947523624464,0.08195892885584408,-0.7104103047698705,-0.14172073699832494,0.14026070858636877,0.4029956656726476,-0.09667294236326428,0.10878971740550543,0.1698339918172715,-0.07441481753223964,0.021469525907540515,-0.25967446817314066
0.05272702047126462,0.22006416386370578,0.26638662250823597,0.26704222370508834,0.26327034520266007,0.43224723053698105,0.13271033487473002,0.3722598451189969,0.2436843154169765,0.18405581644003902,0.2522101368707271,0.19328473348823677,0.1647483522359143,0.3059967855571523,0.3560861002005245,0.09206682060670549,0.2934516807311858,0.3901414226184975,-0.025704023770370468,0.29258046271173693,0.27007233036623146,0.240451487432732,0.13352864260948827,0.016021603605217788,0.0741290413787427,1.9244864563127493,0.22489150581250703,0.41199692374253777,-0.1319731109131735,-0.8488383826127502,0.201009024251072,0.2515771553959602,0.27129753554789654,0.4398871395588585,0.3094048456872281,-0.16246824710681432,0.05287539429780914,0.16286452673487986,0.4119180181870611,0.38270749645375635,0.09259201241821115,0.28293465365556386,0.25479166112114615,-0.078549914588532,-0.18412955050829857,0.10242511996473064,0.2028480830870583,0.05201947820286797,1.1372534339558624,0.7052678702121207,-0.619098628079171,0.3143999339513175,-0.320339088214618,-0.0568439394567433,-0.1083858858999403,-0.04792457225797752,-0.1677099280083073,0.6373881778169795,-0.26085328901013566
0.07088925324616115,0.38738312088321747,0.22984852112883447,0.09893236078408213,0.15107492153134602,0.23890519278181827,0.15956263740644128,0.23417477858309285,0.17147954987050104,0.2351994165306383,0.24756482714034292,0.25684582133856987,0.13429192767976988,0.04504776391828338,0.21139978011307228,0.2610731872707527,0.23566921210595465,0.15968083494486393,0.05586140243976965,0.14326340408908372,0.18985568560882005,0.2704463662853158,0.15019050243257495,0.036663507987497575,0.2572410908167742,0.22489150581250703,1.592834829773882,0.3575437009174771,-0.06961978079804033,-0.05687868408814273,0.2128955876037576,0.06916280532713197,0.42245469235177413,0.29010053317356604,0.2570675681107503,0.23494081152117915,0.47260304186476026,0.14317334502991044,0.1724730898241983,0.2974835004129366,0.18826946392369165,0.22114899516966896,0.41504170062997553,-0.1124065988801118,0.04607352491055623,0.3957850537693941,0.2638203903472164,-0.04163971249285722,0.4881255966952298,-0.027365078312759254,-0.18536968679650676,0.13602958760628173,0.012757406426169222,-0.05874531525246424,0.03585285151364794,0.14322367838698472,0.10910172956863483,0.2584934219378071,-0.38048507006440335
0.015320642457062187,0.030623430938708188,0.23343418469920366,0.1496473593181447,0.044486628656770374,0.19663874768877349,0.04592650019440127,0.14443794038452112,0.07261709225171796,0.17106587259470593,0.24255042912104907,0.11884864550223863,0.11773838258304706,0.16854744405014302,0.40355983866616635,0.16418227777739888,0.7478914637661233,0.2907633012506954,0.15342758169665585,0.39329640492216505,0.3413440675091525,0.17468381571516703,0.3694912776960796,0.28713015424014615,0.19080161849694952,0.41199692374253777,0.3575437009174771,1.566463397411358,0.08271005460048436,0.0858596538631573,0.2528620094716593,0.10340199282787914,0.8558653608372435,0.17319121644063626,0.9398328605564387,-0.09010758557118702,0.7925115642335598,0.24387299763072062,0.4094390974125733,0.1619249972534643,0.2924164015854188,0.34460394931311666,0.3157493850350879,-0.008990574338236176,0.08444310527098568,0.30490980296213865,0.5258594587825908,0.08133095823321382,0.6653518123765682,1.3295513541521897,-0.6155261944502128,0.6907456907928646,-0.7743424644400758,-0.11050871323377842,0.2729921147005275,-0.043486183914759856,-0.21448706227124464,-0.14614424551947586,0.2681656722917666
0.09271675754170385,0.17309145793814626,0.17820429475312424,0.32225831303262786,0.2942903545359344,0.558715106439554,0.2116344890467999,0.13581495408864042,0.07536100168500308,0.13364601405608278,0.25184057743759397,0.20955427761330228,0.1705130507466497,0.3011699701379278,0.2949753711349513,0.2743428023541814,0.2626306379039852,0.21510168811468316,0.01950876480036704,0.39597966439669985,0.23172189032824375,0.18543727112234062,0.48081535401516334,0.43439674938455386,0.4447967061753438,-0.1319731109131735,-0.06961978079804033,0.08271005460048436,2.4536524858557685,0.21998487565363534,0.11547027476165049,0.43857869642996955,-0.2669933017168662,0.41333343511753906,0.3591437954464778,0.23949045010803005,0.17988189025985998,0.1738938843088509,0.4751389377569759,0.017886192241422776,0.5274268267602416,0.20661609216827145,0.1754606754988318,-0.022990956857666885,0.05979967981135632,0.1417252341354497,0.3936327246344266,-0.035568757007100466,0.4452058475999396,0.8194508243507229,-0.6298343720213646,-0.09810523098830823,-0.3341819817918337,0.24865622511607047,0.09990447624051678,-0.02210070439711749,-0.34223486206088827,0.16293943349729278,-0.010223368714157167
0.06864499707939895,-0.16882332242384437,-0.7030972356572013,0.003799064128505345,-0.01718602939837183,-0.2685578169411449,0.005936887241021856,-0.16119101187372187,-0.011394978552313913,-0.1112561360786084,-0.022502958188854106,0.0056177281735948,-0.006585152147564459,0.1133576134793298,0.013769859013519176,0.32324823526409235,0.0036728543570117033,-0.03781298977946538,-0.05620391371495211,0.29745276570781093,0.06399366127144866,0.1841673619131365,0.4775124635378441,0.8239558647403652,0.3513628250349312,-0.8488383826127502,-0.05687868408814273,0.0858596538631573,0.21998487565363534,4.542211214650049,0.27869880812528325,0.14824997230362172,-0.38888492083564014,-0.7793947468905361,0.6302715554203606,0.9067302329421938,0.10291165382258768,0.23822392376275378,0.17942256640991625,-0.03733186597081434,0.8403151492515761,0.031657230383388836,0.3657367221079623,0.14736407811279578,0.8986756620591392,0.5952422316703737,0.603437049185303,-0.04624846606549179,1.12701236285944,-0.35814050399478387,0.7048905873854527,-0.8861175756871711,0.2824432030527402,-0.04790362572529191,0.04168003609636034,0.15223797531820507,-0.2757261663097409,0.06786279659885627,0.07017678867925589
0.032276691443657586,0.16360392282376598,0.2109193829461912,0.10470278424529202,0.11337666663230285,0.15544432984503015,0.10495172709687656,0.12539843768582723,0.14968395203594975,0.12444872639914298,0.16577095637997735,0.13493940840421828,0.09412818794435733,0.13988514799301366,0.24738361642336545,0.2218332636824613,0.2782348915439383,0.26270415961066745,0.07416432792508398,0.28871535822753736,0.2266121491658241,0.21465217710170936,0.08671198407345163,0.38351166424978717,0.15195066965572898,0.201009024251072,0.2128955876037576,0.2528620094716593,0.11547027476165049,0.27869880812528325,0.7194419443956023,0.15369076905721987,0.10139951848145419,0.12294675477168536,0.2559529344108961,0.47083705175592794,0.43763979817003323,0.20485612078302856,0.30616386140331003,0.035923464678755755,0.330899604652815,0.22007308946186213,0.2937928055350235,0.031647361878364436,0.2068762620433793,0.359818205607279,0.31275144664982524,-0.05306093484988275,0.08721793137355421,0.2754373660770646,-0.07259450804880686,-0.015007129105636174,-0.10445099001261704,-0.10571929050004034,0.05937467621487803,0.14853722977769146,0.009613799400421025,-0.07733987439081619,-0.1803393377540705
0.07566086596654228,0.10388716885927446,0.11913246631537613,0.19976418452658784,0.1924601221929609,0.28139418305848446,0.0904110006601325,0.15770719681977233,0.12685952958488675,0.06941745758729209,0.12851675483992503,0.1833205264213047,0.11976262614128358,0.40864134016006604,0.20285962466104152,0.1668184347912171,0.17290903164235327,0.08781873798673016,0.021416159171187523,0.20347133122196967,0.16344975007729468,0.17803325303873976,0.06378416104120414,0.16516846060522936,0.046978362332947735,0.2515771553959602,0.06916280532713197,0.10340199282787914,0.43857869642996955,0.14824997230362172,0.15369076905721987,0.9352490979304486,-0.0657734399796538,0.1471688369392943,-0.07509805524095368,0.23764410073094394,0.03017923046013113,0.1585819074733058,0.26995289597349276,0.028999473742504948,0.26458812801800186,0.1558820393735801,0.13784798451733907,0.010068681537168203,0.019298203277230502,0.2480614098410032,0.3346405695898514,-0.03528112433048576,0.5334019416232805,0.6682326998468844,-0.04234967764683555,-0.10759956699894059,-0.464133288038523,0.12112113602053659,-0.13777976541045273,0.019754325350076436,-0.21979714202565642,0.22481420840806335,0.023295765584437435
-0.01595958458697788,-0.06100812707978368,0.3825172612210884,0.02205160362653315,-0.09238802845845145,-0.1066041265684042,-0.0014798734295236563,0.29661489606763386,0.1246292824766776,0.2051314654316907,0.16361986428498299,0.1136219409373157,0.11561893122229444,0.07660954609679042,0.2674317944374627,0.15849509633030923,0.523049242256371,0.282738324364246,0.2044923265901748,0.24392339936628174,0.3092297813021247,0.2730809768280131,0.5965284864542687,0.3273540754937202,0.20713837996676868,0.27129753554789654,0.42245469235177413,0.8558653608372435,-0.2669933017168662,-0.38888492083564014,0.10139951848145419,-0.0657734399796538,2.123682579953473,0.1521634492931919,-0.23737477619424113,-0.2628754052581632,1.079899594539923,0.22769402403373337,0.04947108040879042,-0.10417974360665105,-0.26858076086127636,0.33821426754695144,0.12782893993255412,-0.009549421292826465,-0.32240341467955647,0.385292764766776,0.7396359719120489,0.0716634490875401,0.7218511408686715,0.6701317778436577,-0.4449385876640995,0.11695367493255947,0.028251226280920253,-0.3818901844331815,0.12471385685132699,-0.13565033632067508,-0.05342117445159894,0.17388154355789986,-0.019660525609278084
-0.1266425226113017,0.1456759960205188,0.29035747691690705,0.38283596709896567,0.4288400352542565,0.47063137538414235,0.3167839609234202,0.3212632030781314,0.13337185370143712,0.36088897514267165,0.2675713811310596,0.2506824367538456,0.19217762155983495,0.15163523206992138,0.25975035736997154,0.22413996594535832,0.2098060993785083,0.2851944331813361,0.05759970135089852,0.2994197439484967,0.19982859456412957,0.2026627908707695,0.31744715782498684,0.09841236512803511,0.3254123575015848,0.4398871395588585,0.29010053317356604,0.17319121644063626,0.41333343511753906,-0.7793947468905361,0.12294675477168536,0.1471688369392943,0.1521634492931919,1.9107644564328168,0.2011302598978692,0.10964672342377459,0.6248454839127313,0.18690573869731408,0.4644964084939691,-0.009352561662056887,-0.10575812270265741,0.23785485907508183,0.6404860159647842,0.04533218469227189,-0.687007936261493,0.07612503223002767,0.2563849131728918,-0.020521403078781853,0.18617260071190248,0.0004242609751595806,-0.6910460762446792,0.49462230262691637,0.04466062437005909,-0.013954551883005172,0.10029906818440595,-0.056057560647518115,-0.17852828719289024,0.27320168576951426,-0.08153701358971414
