0.6830646341204818,0.09835643597940555,0.07948126368453212,0.056788980262863886,0.13085910307125684,0.08118307301361329,0.17584775120648696,0.054343968970295475,0.0312913803643537,0.07739936930033467,0.07566659740218493,0.09371633707300703,0.07218470967083168,0.0884150947756381,0.06786737080972131,0.11925739095970853,0.0546302297590388,0.10124424777648118,-0.009878781126245365,0.023877383379698035,0.05317820669280563,0.08089152262103695,0.05074421646503111,-0.013465153473417762,0.08194333743365369,0.04330027930278662,0.08854325160397869,0.03734663087845377,0.10590113930756269,0.1097875630642324,0.04576864571309907,0.08153771552583351,0.009764936063571313,-0.14844707795938483,0.08712658636885773,0.024363291619371487,0.020478694371963334,0.03557395132538274,0.011598856616787721,0.0357260519904018,0.09182609683414271,0.048774617179841585,-0.011855853653111667,0.0021987382542423646,0.12807346494593067,0.06690501893077844,0.08764474521789543,-0.010384418177398876,0.09042328514506301,-0.0032155886611519055,0.009122611208254987,-0.0759390570430915,0.02764544792698125,0.03508387867322763,-0.006863063544362751,0.003287991151369651,0.020345884770638804,0.0029369527404181995,-0.046435439638521196
0.09835643597940555,2.695072699476204,0.2915735730760507,-0.014006128851024594,0.13500382918399084,0.20857389659094164,0.16818404337216486,0.18216065216709842,0.32767563450975107,0.1292396292808143,0.18747430472853996,0.24182829038668824,0.15875410806974438,0.08611839168942403,0.2360016849320724,0.27723736984188274,0.20435295435320655,0.35898649197649884,-0.39236199166612973,0.1978676536688477,0.22444719032880547,0.25943087953714905,-0.004232121464269656,-0.04896984121427476,0.179551719980226,0.21548676217109813,0.4493243841524539,0.15329203706122718,0.2152167464805725,-0.06411412210364084,0.21636053589867885,0.1457208863774143,-0.008705454894138846,0.08684790645228203,0.21088727593657913,0.21634821188800343,0.20503534047333613,0.12843537906001362,-0.13817260891275654,0.1734173409200844,0.2503007849288365,0.2160360457414233,0.21920844198946407,-0.024279643823455,0.31672931780621544,0.32347435125759016,0.22889809623495344,-0.04979817626383167,-0.03550220573795052,-0.6723647771207085,0.6496798981068952,0.2464175149592316,-0.013785574568939482,-0.10795344845209026,-0.08537376408428188,0.09814374156345952,-0.008652813036020106,0.06344732188217739,-0.10357191318167966
0.07948126368453212,0.2915735730760507,2.716514668610945,-0.0447035758575964,-0.2556463402932146,0.32601021885994486,0.1503116584832375,0.3222229204833613,0.4402652454720623,0.16976988567076814,0.16165780411705455,0.18677964575509662,0.14665419463456372,0.10865255802650417,0.3313293312273957,0.29660120501043863,0.4445758424331826,0.3431530226770308,-0.0024156590945176287,0.3156407104149189,0.26963809429331714,0.38345860658370085,0.3244004422158865,0.22362228090607023,0.26376231012404944,0.2848066076645343,0.27546002415919574,0.2988828866216866,0.2350638696007549,-0.6682372974953636,0.24963185340901786,0.1274064017878556,0.4189088592534961,0.3034995783187139,0.0822940646766698,0.2375883841307958,0.6166961969986309,0.16873260243385083,0.12997965841806378,-0.4375106904443232,0.12260810547042773,0.28171487422827346,0.31392044900037425,0.030437821307952858,0.1590718375550356,0.4373235738041333,0.37523413097716934,-0.06449838616648244,-0.30158237478976746,0.1956004477068734,-0.12223203518237935,0.11622159284750393,-0.059319391158931985,-0.21158805483349352,0.07530670236474632,-0.08763186979979558,0.0895570347027136,0.2520716885224391,-0.5893359982023786
0.056788980262863886,-0.014006128851024594,-0.0447035758575964,0.9800157790090224,0.5216839377779602,0.44620966073225915,0.3207172055725965,0.13578304513764167,0.1502383852215789,0.09029684699712787,0.23311881698524517,0.2573918327122673,0.2257205840495051,0.2547708082636902,0.236283999539264,0.292606434156261,0.2068987424067641,0.22890608113399946,-0.10122959613993728,0.2703232423546574,0.21020467974525683,0.2101591286336051,0.3422389915260916,0.23533134453457155,0.20417753709476535,0.27801879392983403,0.09000186471343756,0.18719537986138243,0.3975947712988787,0.08745625558681996,0.1175624566514803,0.2321605834163951,0.03097487123918259,0.3719435882318587,0.2818839660258023,0.06100310864899658,0.26425318086912836,0.16178407809307468,0.2632748621077144,-0.013353136142036417,0.11489357996690533,0.21118479459244383,0.4945052156612177,0.011068710933337868,0.049992750655659904,0.08320422031182857,0.3241229977776326,-0.006155873925549998,0.30772154943803404,0.22890736418151733,-0.3638487782342353,0.10884005081694881,-0.0692611931376267,0.07791758653264534,0.26112398771464107,0.10234222657679595,-0.6989206813892115,0.28587319880755363,0.05479041766662402
0.13085910307125684,0.13500382918399084,-0.2556463402932146,0.5216839377779602,1.0225062154235527,0.39892145659704464,0.2606878726873614,0.16286642077654181,0.1511904175853793,0.1640515698759753,0.23561163251896308,0.23247537003617422,0.20345128352043432,0.18624923382038813,0.18486305509175713,0.24390753016569533,0.10696184186001605,0.21213023866071773,-0.09594598896058298,0.18528771240680658,0.15079501469407205,0.1657362037154269,0.2474616930097681,0.18002549837336002,0.18068276815039286,0.2315285581452828,0.18784222677472062,0.05423322328833257,0.30416127327327613,0.029116063144298966,0.13418635416255104,0.1919083298915865,-0.08719552655670135,0.38337634647267005,0.21636717117978177,0.11247282546584969,0.1169804996799515,0.11207479144142837,0.16968727121766086,0.1675573863586542,0.12360149298221727,0.16326891207833077,0.2521107763039387,0.00987125566044679,0.008239190386288741,0.07832599650952862,0.25276650286290286,-0.024112006585045278,0.3061484200986046,-0.044475670783535294,-0.15765002664116087,0.07527740124799044,0.12109519072346613,0.17221163072351772,-0.024387054222425496,0.13847211461920922,-0.1867754107808323,0.04372651875436722,0.05262092247411082
0.08118307301361329,0.20857389659094164,0.32601021885994486,0.44620966073225915,0.39892145659704464,1.064593456212977,0.2325840263308249,0.10210001559120259,0.16746635363491974,0.13484990284022097,0.3012123501729113,0.312074224729769,0.20447261057682842,0.2578609328874257,0.3441092619399199,0.28638471192162185,0.2756980932358186,0.2118315157791914,0.10629331593102986,0.3574112293661695,0.24113666352549776,0.23949979563128573,0.1777945458262986,0.19291818222201937,0.2487656723576836,0.4161423268430628,0.26397179097273143,0.2948577963984589,0.6232951348908039,-0.17984924149067902,0.20096988630600066,0.30897226213139667,-0.04727449760009445,0.44059520148389714,0.3007188620068555,0.02275258784283665,0.4193224649987156,0.2015170715674445,0.4342424746117147,0.027454725774826553,0.08301476055104147,0.24355462128233465,0.39843855034737347,-0.010961076522364315,0.12234552369623633,0.03937434054704904,0.4553259578652156,-0.021838079397002337,0.4810397983471097,0.8322143823640507,-0.8674726852217498,0.10618493139038271,-0.47735142378053064,0.2265876065402686,0.11270233016013341,0.11435827496426386,-0.26405181197663485,0.1397565594131206,-0.11903456063749801
0.17584775120648696,0.16818404337216486,0.1503116584832375,0.3207172055725965,0.2606878726873614,0.2325840263308249,0.8337905312341705,-0.12480677978472264,0.19867209227663837,0.07695236283296501,0.15518812753454858,0.2546661744128639,0.1624301680702786,0.08405051923242508,0.1435571422151605,0.26142453439928376,0.13582221551017842,0.214454959370867,-0.1891962110830108,0.09291566985615643,0.1263636059597093,0.2070248094660149,0.3110531030105942,0.1775938564605228,0.17998149604229963,0.13821617676044978,0.16224186756760947,0.11069180439172338,0.25358033410751946,0.050118607162377496,0.11091770816001394,0.12023773214115908,0.02360637210439589,0.28511672100247054,0.21001996908925233,0.1583196265093653,0.1426728146517174,0.06806557258849644,0.09407481080437713,-0.04045998819887191,0.058373568711817495,0.13359828323584846,0.22211309943541166,0.011844003241008535,-0.02363418113200895,0.09465059056630472,-0.027692007753896377,-0.03917661636861535,0.14856276774446195,-0.08745541763216752,-0.2055609788098957,0.09229408392842654,0.0829143622294616,0.033242358419283205,0.08856704142111681,0.11571845167564455,-0.1061016573894163,0.058204589580027666,-0.2176770006817108
0.054343968970295475,0.18216065216709842,0.3222229204833613,0.13578304513764167,0.16286642077654181,0.10210001559120259,-0.12480677978472264,1.1054300183665637,0.12495150666057554,0.3236621372165016,0.32937987831366056,0.14495022131279062,0.22432852355251834,0.2024830039388236,0.16803162400743346,0.20403211353608458,0.30746649237281015,0.2686292252020289,0.13345101277768465,0.30627624628137484,0.1990807349020169,0.2063796343826882,0.22945996472839963,0.1462509292960832,0.20411058553281308,0.3563057969636201,0.23718523996115268,0.15289372448604763,0.12087860364734374,-0.17438845301778777,0.13635437372931672,0.16250168121559505,0.30916324949930823,0.2953803378530857,0.11030875544910951,0.013276548617119419,0.3779709167434869,0.212409591411903,0.246934017498301,0.14213356095071303,0.13650100968835877,0.21179850200233621,0.26678248219572115,-0.004499253177403914,0.0808810189275565,0.2820930515695261,0.5588068261048496,0.03158453776186402,0.32768793887912995,-0.020512988765387343,0.043864475106805,0.15136989451859154,0.11455306432715126,-0.22121229776125453,-0.09634507539735983,-0.1782284192270502,0.002109607045089521,0.6113735332949236,-0.423795086440451
0.0312913803643537,0.32767563450975107,0.4402652454720623,0.1502383852215789,0.1511904175853793,0.16746635363491974,0.19867209227663837,0.12495150666057554,0.8123442965558919,0.14852757852376927,0.12050107311467398,0.12864414604681237,0.10290522092739145,0.18843302371866907,0.2457441307690888,0.18528288309862695,0.20377949806804643,0.25694584084862293,-0.38421852639117016,0.22707392468033102,0.1681862359511721,0.43368668679817013,0.42514882660781345,0.3247637905271038,0.19892942254815515,0.3212456523443669,0.19665377874261294,0.13987267268083228,0.08773781767957825,0.041661417801867044,0.18296571737073916,0.1633999082552442,0.16283691382760812,0.12378578004735144,0.22187344265716447,0.13552709366065363,0.1692649274779692,0.15483315910769405,0.021237608705340225,-0.04825089973416855,0.14485554052556132,0.1812019927922132,0.3657956827588358,-0.0003344962736323669,0.0787554965792857,0.2846122129238844,0.33065714664173684,-0.042300967828168216,0.38531763621352155,-0.5778887993364537,0.07906033253561313,0.10535997625955408,0.3200815048024994,-0.15314178215513555,-0.005475963872167586,0.22678545658399443,-0.09383433097611385,0.27264252292714936,-0.46234747474193466
0.07739936930033467,0.1292396292808143,0.16976988567076814,0.09029684699712787,0.1640515698759753,0.13484990284022097,0.07695236283296501,0.3236621372165016,0.14852757852376927,0.7147023283917592,0.22522215561249748,0.10301981562999649,0.13573952061506298,0.09987050466917106,0.15352874228134866,0.08650751259947394,0.20840451705089102,0.22209668151255949,0.0736427077605401,0.11837204409487662,0.12044331467491788,0.14844940861655187,0.24584146218084071,0.14296395778733245,0.14724942868964347,0.20220750943385649,0.23879095245092527,0.1709232757001006,0.1500356266348252,-0.12169545976311845,0.13627183455940461,0.10080577307577089,0.18539562864402545,0.37620452738793037,0.19102198867048717,0.08834714129446061,0.309147402455643,0.09286383078507447,0.28787824200515516,0.13760244052421794,0.1632592587888434,0.13587958988990884,0.0834173870285577,0.00417440289790756,-0.05516131017116813,0.19560649334344413,0.4227509520356381,-0.004780517858717913,0.22183932199220716,0.11700798363607058,-0.1171505033248679,0.05366654549596594,0.08351353474974148,-0.03884059991082731,0.023786906730666663,-0.06451900444736575,0.20573579599129377,-0.10914147107127688,-0.09789133779349031
0.07566659740218493,0.18747430472853996,0.16165780411705455,0.23311881698524517,0.23561163251896308,0.3012123501729113,0.15518812753454858,0.32937987831366056,0.12050107311467398,0.22522215561249748,0.5042469277505801,0.2893414172038565,0.20638335193284935,0.1450459543049302,0.2916008929925212,0.19178749377118984,0.34298384346782634,0.19212607361449688,0.030817929658042368,0.2962988562114807,0.20291149935366606,0.17879695361261522,0.19119421146075935,0.1763714578579079,0.2073767763049718,0.26004734483725617,0.24998785470621251,0.2387629237165573,0.24639378241868898,-0.055696571711172975,0.16811591566136955,0.13263712606909506,0.1531591043144344,0.28686087433546237,0.2764934076891269,0.08952010373593719,0.3400484360024482,0.17542953423728275,0.2168571374953662,0.0865803086821444,0.14882178999841478,0.217173263949493,0.2390285075475402,-0.012502578901786446,0.12764556147044792,0.17531263135405617,0.35754927632682093,-0.0054654581186474845,0.18179282029999005,0.1273694497277653,-0.2112003189644327,0.08204824456535822,-0.008123312455569142,0.007659971508067927,-0.020858375060691995,0.04707388104193592,-0.12885857813624818,0.16009493584014498,-0.17561175422007796
0.09371633707300703,0.24182829038668824,0.18677964575509662,0.2573918327122673,0.23247537003617422,0.312074224729769,0.2546661744128639,0.14495022131279062,0.12864414604681237,0.10301981562999649,0.2893414172038565,0.6617453272349395,0.13581861281437246,0.18078942522152214,0.2537859699944782,0.24492733316205376,0.24706663898254896,0.08887710248025206,0.03923959915432219,0.2587720944575167,0.19138267756877828,0.18676785804472099,0.09887886692644361,0.14850049296398582,0.19660664858501758,0.17360351453497638,0.24973597093112776,0.1255690384769092,0.23370397651434505,0.030935927364025877,0.14568784414252353,0.18968863232845035,0.12179572563572519,0.24060640937801342,0.11295072568469068,0.153907919061108,0.2474902735839152,0.14318648799928194,0.19301093756958473,0.07168216761738311,0.11968992789999251,0.20490676161623253,0.2462639750648738,-0.004736377965759034,0.09120052294768988,0.20016600357481176,0.29333774616052366,-0.017831579559210723,0.23402442608549703,0.13296475100268887,-0.06605253579112573,-0.15742462058358478,-0.057590428650579874,-0.027791130255131278,-0.02277872012563524,0.06626813145710592,-0.17077578773577218,0.2945331802526352,-0.23260703834913696
0.07218470967083168,0.15875410806974438,0.14665419463456372,0.2257205840495051,0.20345128352043432,0.20447261057682842,0.1624301680702786,0.22432852355251834,0.10290522092739145,0.13573952061506298,0.20638335193284935,0.13581861281437246,0.3749329790996909,0.12613051311729281,0.06052119231712956,0.14367044864874526,0.11617982588374282,0.14450647520744223,-0.00462585611649219,0.14841532615738712,0.11404545431359243,0.13419868284235847,0.2053898551199793,0.1675955550634219,0.134570364657792,0.17009194044136416,0.12663743640065028,0.11084568216472604,0.18102370783406369,-0.0371896060413699,0.09005452764448789,0.12154084434313396,0.08808250473937938,0.19301859785495654,0.16677599004053634,0.05759656465172769,0.16998525464262423,0.08815377932108286,0.15406672784386882,0.03858610747681534,0.07154306204960385,0.12032667440466392,0.11632891494704811,0.009456860471149874,0.018220704267174762,0.13143428215791608,0.19146959435949804,0.002629124597594636,0.17834235153834777,0.009130925026869232,-0.041122181730408776,0.039166372332993776,0.015746852453218954,-0.09126324852337016,0.06456792308775812,-0.014594177027039903,-0.13968263855249288,-0.2393624904421239,0.3269760985039866
0.0884150947756381,0.08611839168942403,0.10865255802650417,0.2547708082636902,0.18624923382038813,0.2578609328874257,0.08405051923242508,0.2024830039388236,0.18843302371866907,0.09987050466917106,0.1450459543049302,0.18078942522152214,0.12613051311729281,0.5209108927903165,0.2622120066788281,0.2075446750191727,0.24792114553313016,0.1275484470493996,0.015385587244030928,0.2887764508155752,0.19249483157907119,0.21150168376897374,0.1673379649179781,0.22389371821498422,0.15907807017216447,0.2902978544871431,0.038611939973363894,0.17084241332140407,0.3051022182791021,0.1312502991348976,0.15630361571947493,0.4020920947656068,0.08193445031820153,0.1600171038952801,0.14899130552655207,0.09927986986885737,0.25150671809732295,0.17510548021486882,0.22843341023234082,0.03334015420469886,0.21810976136192725,0.19640087723431585,0.3011472320881096,0.009555896514736307,0.11959812478658668,0.17199814727205773,0.41803104005901603,-0.010242783597863165,0.46997110890197225,0.2910187196265011,-0.19935976364308272,-0.1291917582795883,-0.08119181143879005,0.08200055479516558,-0.04326072667066242,0.05707307643930739,-0.287770555595058,0.3005708755283574,-0.1046308471508329
0.06786737080972131,0.2360016849320724,0.3313293312273957,0.236283999539264,0.18486305509175713,0.3441092619399199,0.1435571422151605,0.16803162400743346,0.2457441307690888,0.15352874228134866,0.2916008929925212,0.2537859699944782,0.06052119231712956,0.2622120066788281,0.7271258333684983,0.2435356844012721,0.4516163354279443,0.30902712816818606,0.0040161854529952015,0.3610181093405251,0.2607923647791371,0.26035691694560126,0.3616169554434984,0.2971826559897799,0.28360985386914456,0.34303474279996904,0.171395432054347,0.3745087062018066,0.3380321708929634,0.025065090912023507,0.24824653012577247,0.22074812187775272,0.2242554845834789,0.26921110993367153,0.24677488177941112,0.12154108748991299,0.5600301404907734,0.1969201864324032,0.4020882419201438,-0.005746787967177517,0.25147841327473286,0.2674679773497057,0.3299949179393989,-0.0037571650958827404,0.16985090871741812,0.24360775727520406,0.48203475542633434,-0.012574209958797345,0.3654780829121636,0.8695497177578243,-0.32351932131604166,-0.01760076090947095,-0.36868877235869174,0.002810875786487012,-0.018180537584698352,0.15308674436279346,-0.23100965394980394,0.3695963769774976,-0.4389380538027935
0.11925739095970853,0.27723736984188274,0.29660120501043863,0.292606434156261,0.24390753016569533,0.28638471192162185,0.26142453439928376,0.20403211353608458,0.18528288309862695,0.08650751259947394,0.19178749377118984,0.24492733316205376,0.14367044864874526,0.2075446750191727,0.2435356844012721,1.1829974131596945,0.1915228454668538,0.26369188418322903,-0.053661605517629045,0.1995359640911074,0.23955894903710076,0.5563778359891048,0.2940522523124973,0.2453323812135648,0.30239207762742853,0.06524482739095781,0.22006446419159237,0.10855627682122652,0.2624726960374629,0.3012684694183783,0.19465571705726137,0.13894266651188314,0.08882257183996481,0.22562452140319797,0.24973943909365284,0.23335387500935267,0.2728862703438552,0.13360893874738058,0.11622852806787183,0.043161541587886376,0.17541526717731282,0.28078161674922897,0.5726210102388227,0.03497731935860793,0.1055923704668374,0.3239397602877151,0.38501278394839983,-0.07182017628503927,0.23136697147001542,-0.5949110273502054,0.073820374071802,-0.2793868860890726,0.24078164881096828,-0.1655891646110542,0.01635091800460408,0.11083032640795629,-0.2549282561862039,0.3345570322474622,-0.1893362507092742
0.0546302297590388,0.20435295435320655,0.4445758424331826,0.2068987424067641,0.10696184186001605,0.2756980932358186,0.13582221551017842,0.30746649237281015,0.20377949806804643,0.20840451705089102,0.34298384346782634,0.24706663898254896,0.11617982588374282,0.24792114553313016,0.4516163354279443,0.1915228454668538,1.0624278084043246,0.24973121674223342,0.04993926728632478,0.4889288667732369,0.3646594815042063,0.2424657759064863,0.22992106517895242,0.2052715873503094,0.28843513316812586,0.28737229263637976,0.2114771957824745,0.697572180614398,0.2685150838432579,-0.08043252840801039,0.2593354847216629,0.1547217726380468,0.46725639843704464,0.27742111176326173,0.5391759712775629,0.10531104360133707,0.7786981044206391,0.2973273400452225,0.3708999199813354,0.00797423547473255,0.2918828482398966,0.38431793735875197,0.2294784345416245,-0.008565055236964728,0.4070568814383513,0.31527351023326095,0.6800526644957822,0.006632579488398448,0.08882568350399388,0.7349957510468575,-0.2978293218228369,0.12122586918442561,-0.25303288157128395,-0.08062671128957978,-0.1840019917055594,0.033408813398134354,-0.19178673479469238,0.3636855612545616,-0.5745730272311939
0.10124424777648118,0.35898649197649884,0.3431530226770308,0.22890608113399946,0.21213023866071773,0.2118315157791914,0.214454959370867,0.2686292252020289,0.25694584084862293,0.22209668151255949,0.19212607361449688,0.08887710248025206,0.14450647520744223,0.1275484470493996,0.30902712816818606,0.26369188418322903,0.24973121674223342,0.7841663684818293,-0.229351379384497,0.1371369325460116,0.19790788614064472,0.2700022988903617,0.7109132041597207,0.23976664255418784,0.24700630776263743,0.3808438715378546,0.10641702815795272,0.2564023565209336,0.23492387598656808,-0.09345168068123413,0.2287245153592075,0.08512575623327473,0.2172871568730716,0.2822104590069183,0.26940775136335393,0.099962796999474,0.40093909990729837,0.11598757511621785,0.2447920430106956,0.029546156455154484,0.17599341076649241,0.18926203862945842,0.3700549469950005,0.01917927719129261,0.09990812240956586,0.23083567896030838,0.3956373481296692,-0.003955097323505255,0.25618514058971736,0.03482238897543725,-0.0797126917189183,0.18148688636318075,0.03265144360627338,-0.09819514637411624,0.05947464452848531,-0.03233113962949956,-0.03186689583888649,0.25547924038810793,-0.31251257076513445
-0.009878781126245365,-0.39236199166612973,-0.0024156590945176287,-0.10122959613993728,-0.09594598896058298,0.10629331593102986,-0.1891962110830108,0.13345101277768465,-0.38421852639117016,0.0736427077605401,0.030817929658042368,0.03923959915432219,-0.00462585611649219,0.015385587244030928,0.0040161854529952015,-0.053661605517629045,0.04993926728632478,-0.229351379384497,1.4510008718819773,-0.04394594024202499,0.043458194617266285,-0.12314434629832059,-0.5406493840560304,-0.17982572223568108,-0.03424299122180452,-0.07150167866061444,0.039560806572197314,0.11953232805423848,0.03188766912880471,-0.11179698805304733,0.05117860538644352,0.008940728477823033,0.1812435672659905,0.07900849605691168,-0.17225702250425726,0.0030338841444226146,0.26631465058708076,-0.03514456917324704,0.4765218482773625,0.058293263837891754,-0.025381864913364516,0.003138444245185507,-0.18286168479802833,0.021200845695349,-0.12142216912386693,-0.021968425253806826,-0.09753819452734863,0.04184405393570195,-0.06665519008656534,1.186299794579503,-0.33218101520418297,-0.1408475838336136,-0.5123806613524046,0.006278384836350049,0.021289387217764615,-0.17344289870841503,0.10852197187448948,-0.05453317019268963,0.10907109521415125
0.023877383379698035,0.1978676536688477,0.3156407104149189,0.2703232423546574,0.18528771240680658,0.3574112293661695,0.09291566985615643,0.30627624628137484,0.22707392468033102,0.11837204409487662,0.2962988562114807,0.2587720944575167,0.14841532615738712,0.2887764508155752,0.3610181093405251,0.1995359640911074,0.4889288667732369,0.1371369325460116,-0.04394594024202499,1.288748627248257,0.3002905908557426,0.2560061486481172,0.2901140689263936,0.4723105564978577,0.3627059335531283,0.33974955547799357,0.12758438869129626,0.37848785791941353,0.38894291572105855,0.2872317432650456,0.2865005406800367,0.20126427958655005,0.23546861738825497,0.3331287422712346,0.43791040265600994,0.06391560692956151,0.8067168268116809,0.598081214623572,0.45775126766614266,0.09554268432330759,0.2298468517950655,0.33618055604791064,0.7339413745778853,-0.031193975441458893,0.6137285770032743,0.2552952204554821,0.5766351754500055,0.05834058458204949,0.5160006961879123,0.18995147043495633,-0.38618385103305536,0.07715130545067563,0.02404359723686816,-0.06584201162848015,0.06062439560965852,0.07200907105143746,-0.2959357409743424,0.3562665468112939,-0.3223316001374602
0.05317820669280563,0.22444719032880547,0.26963809429331714,0.21020467974525683,0.15079501469407205,0.24113666352549776,0.1263636059597093,0.1990807349020169,0.1681862359511721,0.12044331467491788,0.20291149935366606,0.19138267756877828,0.11404545431359243,0.19249483157907119,0.2607923647791371,0.23955894903710076,0.3646594815042063,0.19790788614064472,0.043458194617266285,0.3002905908557426,0.5062590424719406,0.23651938489905305,0.24582967388215118,0.22513104940313716,0.19036705714573324,0.27605468289505286,0.1684342393684978,0.29589209334403405,0.22680758792335556,0.03665738854850541,0.20973103683040487,0.15236437115580054,0.27578081394569315,0.21592213264584037,0.270546771635261,0.1452419452466886,0.42374432670389545,0.1946407181568791,0.2723625172791648,0.13250252444265567,0.2356229730829847,0.4168109618439095,0.3954057706915243,0.010351612979290655,0.26947657642521394,0.2651332758392317,0.48343116039792133,-0.0024856938309442364,0.21169128000851312,0.21974550278048974,-0.12320102123019873,-0.13251461052024918,-0.03549570451777248,-0.0527190875715382,0.022288600871555833,0.008462603084332844,-0.20196229495728174,0.21546967568305253,-0.08616104294641186
0.08089152262103695,0.25943087953714905,0.38345860658370085,0.2101591286336051,0.1657362037154269,0.23949979563128573,0.2070248094660149,0.2063796343826882,0.43368668679817013,0.14844940861655187,0.17879695361261522,0.18676785804472099,0.13419868284235847,0.21150168376897374,0.26035691694560126,0.5563778359891048,0.2424657759064863,0.2700022988903617,-0.12314434629832059,0.2560061486481172,0.23651938489905305,0.9852105016659455,0.3918555452562954,0.3339139946028814,0.26101587724231656,0.26569302398923367,0.25009642374124885,0.1694620099367687,0.1716469035658697,0.20340529539212587,0.21226621189089775,0.17413058221816324,0.2556568225610781,0.20018053508722106,0.20717483234159592,0.23815170108734632,0.29951375782418427,0.17491746181365056,0.1491081765090901,0.00668093474415164,0.1775836822858045,0.2623231044471498,0.6034490506148824,0.04315267794189734,-0.0039488408467166156,0.4126917565794058,0.41770477254657606,-0.12779888735224684,0.5615414344521189,-0.46222355884358085,0.002255884571425045,-0.23717906497118213,0.2567428924075395,-0.17407675285336577,0.00472143600906675,0.12467335145419045,-0.16306902930787123,0.3193033713373517,-0.30026911393129674
0.05074421646503111,-0.004232121464269656,0.3244004422158865,0.3422389915260916,0.2474616930097681,0.1777945458262986,0.3110531030105942,0.22945996472839963,0.42514882660781345,0.24584146218084071,0.19119421146075935,0.09887886692644361,0.2053898551199793,0.1673379649179781,0.3616169554434984,0.2940522523124973,0.22992106517895242,0.7109132041597207,-0.5406493840560304,0.2901140689263936,0.24582967388215118,0.3918555452562954,2.151285785545965,1.0262020310640598,0.5885770896468637,0.2277554255500436,0.06983567992114939,0.32541527311110036,0.47314322143202325,0.3734214544169828,0.042141970536264,0.07216731607677086,0.52767633871901,0.3633641909269966,0.3418167954359117,0.048904138694373454,0.6678880847763035,0.18137859752914298,0.5356226796532978,-0.042441211273759626,0.23520105453060194,0.23955911644357528,0.5326524149890912,0.03621246534807752,0.016000280220466893,0.353398279417504,0.7912128452866639,0.04837115118155049,0.8830126927726853,0.2128914262702575,-0.2436310849716595,-0.039096751288021335,0.21548019240825664,-0.20672920405936368,0.1662127044624346,0.03423265008991047,-0.15998372894546184,0.06906771809286162,-0.08600413803785334
-0.013465153473417762,-0.04896984121427476,0.22362228090607023,0.23533134453457155,0.18002549837336002,0.19291818222201937,0.1775938564605228,0.1462509292960832,0.3247637905271038,0.14296395778733245,0.1763714578579079,0.14850049296398582,0.1675955550634219,0.22389371821498422,0.2971826559897799,0.2453323812135648,0.2052715873503094,0.23976664255418784,-0.17982572223568108,0.4723105564978577,0.22513104940313716,0.3339139946028814,1.0262020310640598,1.2984306818728744,0.4376716020484066,0.11124424923972638,-0.008091300557017428,0.22076394205330874,0.3943313901648077,0.7555919967425627,0.35603043717038146,0.17631238137143432,0.27227644137312396,0.14788197508913306,0.27977081389109815,0.36741393221954055,0.5127313256359657,0.269749298934146,0.39241563877124996,-0.06194817729822256,0.3249639150312921,0.226357358286383,0.45741194078719943,0.04556894540989547,0.15323145045020345,0.40382668384942505,0.587270323048738,-0.008153518122316739,0.7424623090098693,0.130570993501826,-0.15190525890509188,-0.24231345863286716,0.13278979995626003,-0.16965380195385327,0.007282190023982175,0.14784852560857858,-0.13996950150460272,-0.09861033355457771,0.08310357952673249
0.08194333743365369,0.179551719980226,0.26376231012404944,0.20417753709476535,0.18068276815039286,0.2487656723576836,0.17998149604229963,0.20411058553281308,0.19892942254815515,0.14724942868964347,0.2073767763049718,0.19660664858501758,0.134570364657792,0.15907807017216447,0.28360985386914456,0.30239207762742853,0.28843513316812586,0.24700630776263743,-0.03424299122180452,0.3627059335531283,0.19036705714573324,0.26101587724231656,0.5885770896468637,0.4376716020484066,1.1319659262753405,0.12181745846527699,0.19787229839479864,0.21481929079308282,0.4659924770935452,0.36250993547266447,0.1497216850197535,0.09000534113500627,0.18719328676068894,0.3171898390416612,0.36437226307866033,0.16083650814463188,0.472248201771833,0.20638685537238477,0.23474161218275283,-0.06380231480280395,0.1883430453852631,0.21402890650346218,0.430114756280885,0.03904986010337896,0.18985748865727495,0.3871122635857059,0.44829070337696986,-0.04377775298603595,0.06396962557697994,-0.07649780390972034,-0.04927654794136651,-0.13739813908384269,0.12225432264209196,-0.0931144763704308,0.03318647651686788,0.15542195027385544,-0.14252018802973765,0.16800637336701554,-0.31204794847720535
0.04330027930278662,0.21548676217109813,0.2848066076645343,0.27801879392983403,0.2315285581452828,0.4161423268430628,0.13821617676044978,0.3563057969636201,0.3212456523443669,0.20220750943385649,0.26004734483725617,0.17360351453497638,0.17009194044136416,0.2902978544871431,0.34303474279996904,0.06524482739095781,0.28737229263637976,0.3808438715378546,-0.07150167866061444,0.33974955547799357,0.27605468289505286,0.26569302398923367,0.2277554255500436,0.11124424923972638,0.12181745846527699,1.9618009380912893,0.2390753958797821,0.44149654051089054,-0.15020313274405997,-0.8288000679714073,0.2225039878634625,0.226631375133796,0.2999700462037326,0.45004287752886707,0.42356482163366954,-0.1726034092429644,0.11307235309928493,0.18364396898528826,0.43604069847350846,0.346101766578183,0.1022966154947161,0.29210707930912866,0.2985815681547426,-0.08931681854276836,-0.17580497630520225,0.11396095250705486,0.23890519415345748,0.057113196373975064,1.1435166289839445,0.45945528661057067,-0.7224190050661685,0.40388386442206337,-0.12776099741547833,-0.0710727810850253,0.1648634529478964,-0.01423204599293134,-0.14812562088227468,0.3854281761288151,-0.2855480951020283
0.08854325160397869,0.4493243841524539,0.27546002415919574,0.09000186471343756,0.18784222677472062,0.26397179097273143,0.16224186756760947,0.23718523996115268,0.19665377874261294,0.23879095245092527,0.24998785470621251,0.24973597093112776,0.12663743640065028,0.038611939973363894,0.171395432054347,0.22006446419159237,0.2114771957824745,0.10641702815795272,0.039560806572197314,0.12758438869129626,0.1684342393684978,0.25009642374124885,0.06983567992114939,-0.008091300557017428,0.19787229839479864,0.2390753958797821,1.6096879907115549,0.31652504872366183,-0.10715438844691745,-0.1537380819888792,0.18832771257469935,0.08164562662722348,0.3797811768301947,0.2950983903134112,0.2264733244979678,0.2411380335281548,0.39818056265492585,0.13488999154344344,0.11453221034013042,0.3285036534249041,0.15569212488877426,0.20604912864415556,0.35183019575760016,-0.11303948403924786,0.0009585706428486783,0.3812293498400107,0.1940508643861041,-0.04640365343890118,0.4357188147561701,-0.12309323168216423,-0.17565480545738021,0.16803130462880253,0.06233778430236924,-0.032780966578888834,-0.09802282893610784,0.1164540352070282,0.1000034979278405,0.17866089544568756,-0.14255153077248436
0.03734663087845377,0.15329203706122718,0.2988828866216866,0.18719537986138243,0.05423322328833257,0.2948577963984589,0.11069180439172338,0.15289372448604763,0.13987267268083228,0.1709232757001006,0.2387629237165573,0.1255690384769092,0.11084568216472604,0.17084241332140407,0.3745087062018066,0.10855627682122652,0.697572180614398,0.2564023565209336,0.11953232805423848,0.37848785791941353,0.29589209334403405,0.1694620099367687,0.32541527311110036,0.22076394205330874,0.21481929079308282,0.44149654051089054,0.31652504872366183,1.4993206106609522,0.08058584830186456,-0.06070993197937917,0.21303887008758182,0.08096367705328819,0.7577895436987907,0.2498388810612151,0.8982172433801552,-0.09845618710449201,0.803566283374659,0.22227257302341136,0.4795105221233493,0.11320986843230346,0.24145161603538384,0.2967175660529007,0.37571874809775513,-0.0032353771675027207,0.06523073824622733,0.2403235540179743,0.47761881415676477,0.06081030914567157,0.55274299838544,1.0544039925768283,-0.6931438003219137,0.7574611533879041,-0.7598279201905015,-0.04744869157955503,0.25076194684277126,-0.05702070808669571,-0.1159518582765915,0.08026377822162915,-0.08745048585599856
0.10590113930756269,0.2152167464805725,0.2350638696007549,0.3975947712988787,0.30416127327327613,0.6232951348908039,0.25358033410751946,0.12087860364734374,0.08773781767957825,0.1500356266348252,0.24639378241868898,0.23370397651434505,0.18102370783406369,0.3051022182791021,0.3380321708929634,0.2624726960374629,0.2685150838432579,0.23492387598656808,0.03188766912880471,0.38894291572105855,0.22680758792335556,0.1716469035658697,0.47314322143202325,0.3943313901648077,0.4659924770935452,-0.15020313274405997,-0.10715438844691745,0.08058584830186456,2.5845091428333595,0.21809564439423812,0.1222498205836591,0.4716770930005624,-0.31035153687703915,0.4394308307665772,0.3046062226448339,0.24060201581388557,0.23045813778908378,0.15333305657989402,0.5917493729598142,-0.07601916651879931,0.550362279008583,0.19614140992056403,0.19877610168211238,-0.02475882730936418,0.10109958360320945,0.1251048355712484,0.42630215489313283,-0.04866848574637678,0.43002457125858684,1.2337456106162081,-0.6294313140487335,-0.23171391795246368,-0.6047367827730655,0.25629940255298644,0.17047622952814426,0.027877990648406285,-0.325351934003783,0.19837172384552243,-0.23743447130678838
0.1097875630642324,-0.06411412210364084,-0.6682372974953636,0.08745625558681996,0.029116063144298966,-0.17984924149067902,0.050118607162377496,-0.17438845301778777,0.041661417801867044,-0.12169545976311845,-0.055696571711172975,0.030935927364025877,-0.0371896060413699,0.1312502991348976,0.025065090912023507,0.3012684694183783,-0.08043252840801039,-0.09345168068123413,-0.11179698805304733,0.2872317432650456,0.03665738854850541,0.20340529539212587,0.3734214544169828,0.7555919967425627,0.36250993547266447,-0.8288000679714073,-0.1537380819888792,-0.06070993197937917,0.21809564439423812,4.7122060897623035,0.2517786721861107,0.14463899783708814,-0.5002520961033334,-0.7761382691260134,0.5703927563571545,0.9459455678541214,0.015685163979229172,0.21531627709051493,0.06867166313341894,-0.09665468552003995,0.8316111176935577,0.01167912235442024,0.5443457124524962,0.16347075279236226,0.9211228412823523,0.6039081725657024,0.5887517996558853,-0.05802051061223727,1.07078968951838,-0.6131156690297916,0.803695644183909,-1.357048417661343,0.37040254745393286,-0.0404720360328492,0.023727396150874807,0.1470612354272946,-0.3080523937278535,0.2246415887288111,-0.058960206418600385
0.04576864571309907,0.21636053589867885,0.24963185340901786,0.1175624566514803,0.13418635416255104,0.20096988630600066,0.11091770816001394,0.13635437372931672,0.18296571737073916,0.13627183455940461,0.16811591566136955,0.14568784414252353,0.09005452764448789,0.15630361571947493,0.24824653012577247,0.19465571705726137,0.2593354847216629,0.2287245153592075,0.05117860538644352,0.2865005406800367,0.20973103683040487,0.21226621189089775,0.042141970536264,0.35603043717038146,0.1497216850197535,0.2225039878634625,0.18832771257469935,0.21303887008758182,0.1222498205836591,0.2517786721861107,0.7124815347295693,0.16513201034099603,0.05064315783580745,0.14464411320748108,0.231661594341948,0.4799888127400198,0.411130946400445,0.1996318611959724,0.31020637041468524,-0.006820817441811175,0.3237853106354886,0.20363933907738363,0.3206312551224349,0.03250388164493824,0.18299271366583045,0.3505074891580223,0.2922441241091128,-0.05906607071092087,0.06028462211190225,0.2203487216892053,-0.09470796209603116,-0.042137433398842086,-0.09469300969482591,-0.0694467240662414,-0.013082581149496265,0.13380764184331673,-0.013253585685031781,0.061553970676871836,-0.24256322022352458
0.08153771552583351,0.1457208863774143,0.1274064017878556,0.2321605834163951,0.1919083298915865,0.30897226213139667,0.12023773214115908,0.16250168121559505,0.1633999082552442,0.10080577307577089,0.13263712606909506,0.18968863232845035,0.12154084434313396,0.4020920947656068,0.22074812187775272,0.13894266651188314,0.1547217726380468,0.08512575623327473,0.008940728477823033,0.20126427958655005,0.15236437115580054,0.17413058221816324,0.07216731607677086,0.17631238137143432,0.09000534113500627,0.226631375133796,0.08164562662722348,0.08096367705328819,0.4716770930005624,0.14463899783708814,0.16513201034099603,0.9592410405951826,-0.09682342575134818,0.16796564466556954,-0.10939478537980497,0.24991464127195584,0.05775746337547736,0.14805853496421123,0.33531860327406154,0.0022643102366444374,0.27274257687651116,0.146820103373943,0.11717465060055199,0.00937344248099339,0.03356863999124575,0.2538492826630526,0.34806231904005525,-0.04497173368593633,0.507712166842092,0.6723768150566382,0.0020664465933828875,-0.15687395482243285,-0.5674487548865533,0.1032797225979107,-0.07446910656668311,0.06453266148716101,-0.19770791966880744,0.18166513344482502,-0.07182506701950721
0.009764936063571313,-0.008705454894138846,0.4189088592534961,0.03097487123918259,-0.08719552655670135,-0.04727449760009445,0.02360637210439589,0.30916324949930823,0.16283691382760812,0.18539562864402545,0.1531591043144344,0.12179572563572519,0.08808250473937938,0.08193445031820153,0.2242554845834789,0.08882257183996481,0.46725639843704464,0.2172871568730716,0.1812435672659905,0.23546861738825497,0.27578081394569315,0.2556568225610781,0.52767633871901,0.27227644137312396,0.18719328676068894,0.2999700462037326,0.3797811768301947,0.7577895436987907,-0.31035153687703915,-0.5002520961033334,0.05064315783580745,-0.09682342575134818,2.108922502013129,0.1884880227082008,-0.23670931962004088,-0.30455108506967227,1.0557799655218527,0.23071093529612466,-0.02282938091729375,-0.1015308263835065,-0.3359837360531644,0.3083655175651976,0.14716662605998176,-0.006524751807711558,-0.36800563297247274,0.3434305359944131,0.6962641737099513,0.07423443261741026,0.6041084206737732,0.33775861311363725,-0.5639842761427324,0.0816558689390353,0.24309240139519134,-0.3066612580876639,0.15362183585228953,-0.21526974376641286,0.0326236428722079,0.2445266179557438,-0.14721616689114528
-0.14844707795938483,0.08684790645228203,0.3034995783187139,0.3719435882318587,0.38337634647267005,0.44059520148389714,0.28511672100247054,0.2953803378530857,0.12378578004735144,0.37620452738793037,0.28686087433546237,0.24060640937801342,0.19301859785495654,0.1600171038952801,0.26921110993367153,0.22562452140319797,0.27742111176326173,0.2822104590069183,0.07900849605691168,0.3331287422712346,0.21592213264584037,0.20018053508722106,0.3633641909269966,0.14788197508913306,0.3171898390416612,0.45004287752886707,0.2950983903134112,0.2498388810612151,0.4394308307665772,-0.7761382691260134,0.14464411320748108,0.16796564466556954,0.1884880227082008,1.9287124659193025,0.25197846727446277,0.1279033956482296,0.6907958473191512,0.21209107112148562,0.5059894260725745,-0.024181366391484015,-0.06707375231521744,0.25275148103026057,0.6268522651171049,0.035779073836734565,-0.6767154623472333,0.08375422366120054,0.2855587319850983,-0.020408125515474742,0.17911748198632327,0.23561089466829535,-0.7901159586450177,0.5520146289612121,0.007047688682407707,0.03257873972161664,0.15117319122848155,-0.014504178448865293,-0.15705654803343058,0.20753497982918476,-0.175446323016554
