2.5008508364812836,0.3490864392085473,0.7195085813304867,0.1896502097990839,0.4089751213382011,0.2779461851744211,0.37440967857565965,0.1993942652684427,0.2293921375705855,0.29335838986823437,0.3176151168227915,0.3608104032504077,0.24021925471941907,0.30379182983187264,0.44092961721120744,0.2771041866622655,0.1949062805117847,0.3359988087628835,0.28057707941372534,0.2599502043064912,0.25705654908202946,0.28432500754949663,0.3604544087653426,-0.011460235964940158,0.4861000582417161,0.3430598175103806,0.3524283491469743,0.36355839087790354,0.36613927330109025,0.3550509299284128,0.27968702923393696,0.32661541950927103,0.41949826734916085,-0.13876178099195424,0.26259330756873284,0.41173466304644,0.4554604462864038,0.22979672103805535,0.2693963585460243,0.23353768157395513,0.3264492829333019,0.2580214829530324,0.22273150523594185,0.04108114426263196,0.1542921863117218,0.6928819677439001,0.36434836390896574,0.27332208896262883,0.1815631321338272,0.16087506439114724,-0.06635949966211485,-0.08249821954143793,-0.037443258569943974,0.03203768636071521,-0.14473505843439036,-0.05288612428955996,0.3254913854476878,0.6859381372170257,-0.9971646544979605
0.3490864392085473,1.591513126382443,1.1651169824338237,0.08439092547760187,0.024318665686845847,0.510313456916669,0.3655601964808639,0.4648606415963713,0.30140067203615356,0.3465179149264236,0.4047229700028373,0.4233083691115347,0.40176783749641937,0.3299802108723942,0.3126442595664786,0.35911289276188374,0.40063381402732434,0.49049736241648895,0.24272556530941788,0.5059936967767454,0.335588573566305,0.32819012081131665,0.2175373725016111,0.3145890904535694,0.3350162938235771,0.3496369464445948,0.38385513789698,0.31495083014819525,0.479718641742436,0.05484195824941157,0.27898091413746673,0.3311524367013301,0.28694117829197974,0.4481639303296603,0.32221758310451926,0.41362469566936544,0.6075190007378137,0.3247162852346712,0.3395341453539714,0.18720897111823448,0.27996031364489,0.3356112132321388,0.2937738432371146,0.03216230128581676,0.0738362995101147,0.6116952646827589,0.47806166551675966,0.23427415947205288,0.2260038366274752,-0.004627620436390328,0.12354629831679767,-0.06282745638302346,-0.005353878532964407,-0.08366323363372868,0.16761489380325711,-0.12769941167976548,-0.07224377206553906,-0.12623008743949038,0.09233113432985582
0.7195085813304867,1.1651169824338237,2.7258902897098003,0.20261181141037998,0.03227538055519788,0.6846611743837997,0.5750569302973765,0.6080701388241632,0.5274659533765886,0.5635238762900611,0.6180174937438052,0.6506837283678106,0.563295817403487,0.45868511993532896,0.49611634894524054,0.4516033148100585,0.5806586006318468,0.5239255097899136,0.3751055838269993,0.5032263531368846,0.40214714358128006,0.5135544444441058,0.32898683749570257,0.4952772399941088,0.5510114017757166,0.5514944126772776,0.3337118434475883,0.3960964444102047,0.7670619441034137,-0.1719949467887509,0.45522831471823494,0.4915807164206303,0.30157713620093063,0.6244946827154431,0.45876360236006714,0.6458691621420184,0.7800867553907002,0.4324591335471121,0.45166622904673764,0.09129650560789582,0.41751715326308797,0.39882960820479335,0.2445896555537816,0.026231257853789616,0.1527008235469137,1.002686985138492,0.656519623286396,0.14370101492854617,-0.07105646752786625,0.05307730409168773,0.009015995217009336,0.15286145336410137,0.0019664867173726374,-0.1936209948966745,0.3610224733386523,0.013308235213425263,0.08302085485675306,-0.4155046420832912,-0.14860970596078502
0.1896502097990839,0.08439092547760187,0.20261181141037998,1.1127385540069195,0.363490464781114,0.323325702527279,0.29888106040479967,0.32095463783268563,0.20985914537717867,0.31793943448614903,0.28814041590318434,0.3007478363956597,0.31934711612557215,0.2708263639626578,0.24243924336385636,0.2869284857520747,0.307317048709417,0.2853144989904596,0.2270629492691725,0.2673447070891749,0.21592312572332933,0.2375639394914171,0.25552986016364126,0.24941643082266265,0.22429658956038412,0.2550289655692873,0.2446840358767101,0.2163641749325321,0.2270698863747882,0.11438348790624811,0.24291770740750468,0.2588075208336252,0.22360706763525987,0.32338358558430297,0.19825289030007714,0.24242064455910922,0.39902786441276106,0.18800234063476015,0.3333371606194817,0.16399404641712154,0.20773073929666142,0.21345592832614427,0.2377863402124454,0.13947806320151268,-0.04119040394825162,0.3522323961195925,0.4090138516836812,0.1540397153401579,0.18734564446819785,0.31523830140151204,-0.29006473348773126,0.05195559810328899,-0.04182192427920901,-0.03551977360451715,0.10322943234908415,0.017840332606516098,0.01852101197018395,-0.08153771131371793,-0.05093609209077419
0.4089751213382011,0.024318665686845847,0.03227538055519788,0.363490464781114,1.5538293911138468,0.25756093381626605,0.32137002294592104,0.2084415954697501,0.1860996721956603,0.22765400203115377,0.29195916419444545,0.3034894496378475,0.32523763611276874,0.30915179911044005,0.34624336451473214,0.34955042129526087,0.26828503725345426,0.21779809302485698,0.6053545095091089,0.11478743886867432,0.26143125736324085,0.3048878222148859,0.2296291955594847,0.242913088751929,0.26550565936197185,0.2049805393033965,0.2864296269136787,0.25240886460892487,0.2931875567711697,0.30323814562633056,0.2501425572211715,0.264528960458269,0.3167388047999713,0.36173166692715486,0.27524771667485504,0.35296918933798527,0.5143163683866743,0.1476109687278425,0.39158424447900186,0.15927159745121863,0.26269256034615046,0.2527020108512122,0.28534656523157903,0.06303266515549619,-0.07101514269581327,0.44583618246146356,0.34119521104503214,0.14559414194397782,0.14881649963620522,0.5238967601458726,-0.5523144863948288,-0.28741731131536824,0.12334023519616379,0.0660632280032482,-0.07973137912400373,-0.013187053140529056,-0.037299524951248275,0.058373559012795805,0.06576758998212537
0.2779461851744211,0.510313456916669,0.6846611743837997,0.323325702527279,0.25756093381626605,0.9075187008219205,0.40899675561676246,0.6182576574925102,0.35919398469245806,0.3796646014395042,0.4797584355927999,0.5151035397271928,0.4995109995570059,0.48693681396456046,0.36366171860012825,0.4910434882374834,0.575850944587257,0.3669280302841303,0.4350768394778596,0.5402080246209071,0.3998230897759239,0.4287922155426539,0.284036400875135,0.3844548206678017,0.44047116239473927,0.4303382049374348,0.42857556055082924,0.3063792442811062,0.5864447667430712,0.06688275095331642,0.3347444892866263,0.4560416554254798,0.32351534308803565,0.5533168052714175,0.32044363784704466,0.3017273076512475,0.7111264524626782,0.3553283597090465,0.5338775586606006,0.25455233092317414,0.2862400564357374,0.392502026053056,0.42244060341174866,0.09705333754209425,0.0515002734811379,0.5903817530364875,0.7822369621439416,0.18054960476825668,0.30594415586135393,0.40124713174265814,-0.46907063281742795,-0.029006879723794232,0.05224753820505727,-0.04720119088988368,0.0760007361914646,-0.07058003268718581,0.05544906798100803,-0.0060700552381985125,-0.0704146297729434
0.37440967857565965,0.3655601964808639,0.5750569302973765,0.29888106040479967,0.32137002294592104,0.40899675561676246,0.9212496022733934,0.439297269746248,0.503699746232093,0.32829644162800387,0.48702731157329887,0.5563268701594648,0.48857369378328874,0.4001426725009929,0.40106485338317016,0.42970857748478775,0.42932121462989853,0.39501726332252557,0.28182701061041276,0.4088310531969061,0.338065947688629,0.44408127832884975,0.28769309250466474,0.3845265396396057,0.3089235075865435,0.4708077005759709,0.3892050164887942,0.25359801893314204,0.3760033683689692,0.15723143748025983,0.36051026390659924,0.4212164033282367,0.2899609467580205,0.4711702726401086,0.2971720180696966,0.5972977942156936,0.42437326413801746,0.26764151855368074,0.43887969285680756,0.2430265032369046,0.27809339616481293,0.34016042018182163,0.35658094766447485,0.063132184602497,-0.056434990287354374,0.6420440251722396,0.26217807241343466,0.25701705730727425,0.6019131180105693,0.07792947502394887,-0.15699389473473066,-0.12100209799311953,0.14462227490836987,-0.01263060254481637,0.17554356801812127,0.031168593573004822,0.010594313277472362,-0.054533669692537555,-0.28163168378082254
0.1993942652684427,0.4648606415963713,0.6080701388241632,0.32095463783268563,0.2084415954697501,0.6182576574925102,0.439297269746248,1.0360921050262812,0.23814712580010652,0.45688102423586724,0.48016535500385465,0.37363892468616133,0.5691496233206015,0.48116256998553686,0.2495950728353028,0.4576236183088315,0.6214532074400632,0.40425114509337473,0.3301460608457065,0.5648375425734292,0.35965905038877644,0.34492800572157317,0.3268736784420906,0.33951542691443143,0.3974745477176292,0.46662443541578835,0.4231525930411413,0.2661290587421978,0.48874143881269655,0.03817764800055016,0.30377139143892967,0.43474621848853773,0.32987800958455,0.5877361399130026,0.301093112399092,0.2396885870855486,0.7170595828836843,0.34553558205841584,0.5523583405417029,0.2526439401860535,0.32133017996785274,0.3592331378667669,0.39068976950442985,0.09782792549068653,-0.04695596438683924,0.5689436498464553,0.8386891202007468,0.2485346698818526,0.4226116283162345,0.32299242385764176,-0.2818513335121163,-0.02499236218352384,0.09351468190692312,-0.1319545482066312,0.038718168665634135,-0.13884621940264352,0.10218089477776217,0.06343821520513628,-0.05272215620746438
0.2293921375705855,0.30140067203615356,0.5274659533765886,0.20985914537717867,0.1860996721956603,0.35919398469245806,0.503699746232093,0.23814712580010652,1.0316546037499132,0.2789428750713922,0.3583870709842807,0.3587659816823015,0.36909314140819566,0.32498200216126677,0.47822069897201674,0.2574766075595876,0.35379485966120205,0.32562036500885105,0.27198992743119293,0.31596455913328725,0.26156897994648814,0.5393173099821056,0.21582293112789017,0.388611600479959,0.2060436826476303,0.47706909256741836,0.41977740920375006,0.3245869849346229,0.28442311738515025,0.1614189904019383,0.3636725786272893,0.3709072289548471,0.3277698351862176,0.35390428088695053,0.28544422720129803,0.4669540573565106,0.4009020451100319,0.23454297703877142,0.3365613968743508,0.16815885131764938,0.29350944719858013,0.2625805339525651,0.34459692362680705,0.024752189683207054,-0.11851419943232017,0.5231875358392656,0.24775033181919812,0.1250304237859446,0.8134973457462962,-0.13135665913470237,0.05470612810948816,0.09262941418556186,0.08523053832029846,-0.07953442980387379,0.17976397314678458,0.10831767034408855,0.09437513967052373,-0.11108225653028324,-0.31414793910869904
0.29335838986823437,0.3465179149264236,0.5635238762900611,0.31793943448614903,0.22765400203115377,0.3796646014395042,0.32829644162800387,0.45688102423586724,0.2789428750713922,0.8593455770083256,0.41228508864216745,0.39118229639772645,0.44669750478264814,0.4043519333993344,0.33470164910245237,0.3896180637124753,0.5331024204249892,0.3577303978349512,0.24938160799063896,0.4952686658700714,0.2978246042384685,0.30837360798242075,0.31791690286446994,0.34644480079893664,0.3833274458870214,0.3401455924428362,0.4684908672995347,0.34561295947521553,0.34137062236488647,0.2133441988130899,0.3986231016019079,0.3743060195474629,0.3294806111704077,0.5214527078213881,0.4095807310222801,0.42149643869249387,0.6774024201565132,0.3253972368971497,0.43310368796531895,0.27328145929519215,0.4421474492684679,0.3136905185773635,0.3543712464960292,0.07547670443369729,-0.09021440083037012,0.6552970499539832,0.7615719251615481,0.2784047103518117,0.2975408720943739,0.12118312491420952,-0.06542861328613016,-0.1337189946672604,0.09834089780948026,-0.036611826729784885,0.2538392531060644,0.034800545410152,0.12064763313284727,-0.251723986370235,-0.13816587324865923
0.3176151168227915,0.4047229700028373,0.6180174937438052,0.28814041590318434,0.29195916419444545,0.4797584355927999,0.48702731157329887,0.48016535500385465,0.3583870709842807,0.41228508864216745,0.683511300433414,0.5601920949655844,0.495761768034115,0.4167078106791798,0.4730350035428278,0.4531405279853716,0.5287097216870522,0.34317398664882276,0.3264921066474571,0.4792816612003396,0.35509646924245825,0.3788278245920903,0.3174562154716994,0.3844189806741381,0.35723561105926244,0.45054925405248786,0.4203277977714647,0.35253772433030234,0.43168342686883077,0.12953732973818713,0.3845546325909612,0.4175760312421552,0.34558288468109,0.5099427528918616,0.4097753845105036,0.4646877673065648,0.6373359024972597,0.3195423631051647,0.4452683588547425,0.27111615309112697,0.3542427800109175,0.3606529772999304,0.36807558571287763,0.03145223259430696,-0.024486406442493683,0.6771311487329621,0.5890780925111024,0.26046639609052474,0.3449466815784897,0.09254220318377275,-0.13661787561707633,-0.020740320300600888,0.10099854320102383,-0.04068460650860318,0.18028480173817385,-0.03252734943427646,0.025319597942803144,-0.12224136330733665,-0.12045020183420464
0.3608104032504077,0.4233083691115347,0.6506837283678106,0.3007478363956597,0.3034894496378475,0.5151035397271928,0.5563268701594648,0.37363892468616133,0.3587659816823015,0.39118229639772645,0.5601920949655844,0.8352373208284942,0.4502961844152259,0.4440232419831213,0.45134447141511047,0.4933165755352183,0.5058017604961655,0.3364575134799835,0.331715655349555,0.4548560461960725,0.358714693523893,0.4012364683052458,0.30352015049882747,0.3715239348030363,0.3709860367910836,0.4519170938869337,0.42839906929102795,0.2870571438894769,0.4425395360157897,0.12013229423517353,0.37851021872134716,0.4539522629355512,0.32347651808176614,0.4964586749463133,0.33155085020549424,0.5744435666735449,0.5529592477748927,0.3137703903553258,0.4211119867306434,0.2797526156642238,0.33784922186932026,0.3629752592599617,0.37978211230311276,0.03961785999333316,-0.02812744257605103,0.6916121471326718,0.5222843144781715,0.2762514218174059,0.39107367250919417,0.07726893008131247,-0.14867991628408905,-0.09664546868622428,0.09795032372659417,0.015111391580254015,0.20099357658273181,0.015417214149449094,-0.022266050877463993,-0.09046585367623299,-0.24082461263617105
0.24021925471941907,0.40176783749641937,0.563295817403487,0.31934711612557215,0.32523763611276874,0.4995109995570059,0.48857369378328874,0.5691496233206015,0.36909314140819566,0.44669750478264814,0.495761768034115,0.4502961844152259,0.801001528101309,0.4460593126825368,0.3008884016386661,0.4748212060644937,0.5354855476980314,0.40125345799726014,0.3294939458560949,0.4949426578640187,0.3476338092788756,0.4021032640362649,0.3408364459255162,0.41174347154690627,0.36699405078845593,0.4175008351301525,0.33421873810337954,0.3323598962531449,0.4689918582998474,0.1318998749469967,0.34876650211077936,0.44740412550661984,0.34687764756304773,0.5632757293865336,0.39430763774397287,0.3887805095906999,0.6546935942238321,0.3194842333993173,0.5010563647252687,0.25793971382173436,0.35005278848511495,0.35135188939413875,0.36626709782379163,0.08844606142277946,-0.11332449521354224,0.6499772425241002,0.6511479172147783,0.24420622915236637,0.44844848579165947,0.19891398229274762,-0.18217287352591988,-0.05276902994910027,0.10650167537834064,-0.11875158105854063,0.24779955229301126,-0.07818578677309092,0.03535954557575244,-0.31751148713475036,0.09831707471315199
0.30379182983187264,0.3299802108723942,0.45868511993532896,0.2708263639626578,0.30915179911044005,0.48693681396456046,0.4001426725009929,0.48116256998553686,0.32498200216126677,0.4043519333993344,0.4167078106791798,0.4440232419831213,0.4460593126825368,0.7175002538057427,0.4436488713775943,0.5596449022933123,0.5060907103789677,0.29023210588120457,0.3310761490725357,0.5003372150584622,0.35863028177430206,0.4148092494092515,0.3063966724243523,0.3617640833947539,0.4420944738023383,0.46509684455031786,0.44905352889398525,0.3667898884521772,0.4413895692434972,0.22316207530644147,0.3480626569433384,0.5158930410150783,0.3759074419237554,0.5177950075317711,0.41643058832624313,0.3641834703193409,0.699001540293983,0.3421340834179423,0.3912605253600537,0.2857965185620496,0.4341035626555943,0.36673381589377296,0.46113166571820313,0.06409166889675928,-0.08744178033815296,0.625856686748499,0.7085979653986071,0.27853184564021277,0.622286364512435,0.09151891931610615,-0.11660851149967012,-0.18640145574073508,0.12423823948419843,0.021269502352582962,0.0966497996988552,-0.054086877351501125,0.11671569705552362,-0.039255130278115245,-0.09219414753849257
0.44092961721120744,0.3126442595664786,0.49611634894524054,0.24243924336385636,0.34624336451473214,0.36366171860012825,0.40106485338317016,0.2495950728353028,0.47822069897201674,0.33470164910245237,0.4730350035428278,0.45134447141511047,0.3008884016386661,0.4436488713775943,1.0021579683399922,0.4258625493048833,0.3674820796401992,0.29110078087402735,0.33064426930858953,0.35329074546139944,0.30560922791524114,0.42115904068949056,0.2906264464806645,0.36396537475634155,0.3169227791057536,0.4586259340937866,0.43768884395916957,0.4479006613890903,0.3613738116087454,0.23864641770051254,0.36148293533682074,0.39945280009322803,0.38804092665172896,0.37412734441953127,0.376514482682772,0.45978730598706996,0.5846766547153238,0.25723424383934834,0.3309108969343936,0.2345355535665834,0.39370556460388384,0.3157546727172918,0.3672537915564038,0.0012744459078860714,-0.0501768952684115,0.6437835748680696,0.436087851643519,0.22675214891490342,0.5056998963597326,0.19481324689272347,-0.11528146988548015,0.052161335516595214,-0.1153208201407101,0.02819070571503431,0.16171396847883998,0.038831857226875474,0.04728122950648034,-0.033990511796760936,-0.25184943614601946
0.2771041866622655,0.35911289276188374,0.4516033148100585,0.2869284857520747,0.34955042129526087,0.4910434882374834,0.42970857748478775,0.4576236183088315,0.2574766075595876,0.3896180637124753,0.4531405279853716,0.4933165755352183,0.4748212060644937,0.5596449022933123,0.4258625493048833,0.9876293101952197,0.5265707106060006,0.3060407275515453,0.34489064816849635,0.5414175945546278,0.35228194813395397,0.5208510681220964,0.2220576129691536,0.3892468611449571,0.3649870863876157,0.37108159880733044,0.3693214743423965,0.34329330757304777,0.4712833965638468,0.20496438536972433,0.3230435357444877,0.48222953190932777,0.32356001605371787,0.5295539747925752,0.4257849689151633,0.38205123924205536,0.6796425660444562,0.3449092861687838,0.43570482088910484,0.29521513894480766,0.38873674450569484,0.3532346040580017,0.5052388318880383,0.06814203535038012,-0.05153075812438073,0.5803083797654884,0.6486311496466647,0.1359951766982307,0.5182784401417458,0.021112431014757255,-0.19970042646299146,-0.11221975379451724,0.14504195506388887,-0.006651769961428073,0.12384271329179035,-0.04377258094194108,-0.06199373628463089,-0.060938268500717686,0.026220060157685993
0.1949062805117847,0.40063381402732434,0.5806586006318468,0.307317048709417,0.26828503725345426,0.575850944587257,0.42932121462989853,0.6214532074400632,0.35379485966120205,0.5331024204249892,0.5287097216870522,0.5058017604961655,0.5354855476980314,0.5060907103789677,0.3674820796401992,0.5265707106060006,1.2387038953902558,0.17561624038864168,0.3340303350915182,0.7529476297199484,0.4224414236182393,0.434500593881622,0.4679610033296735,0.36329250201132,0.5467467899211631,0.3270540878566179,0.6525551420145411,0.5158746288393861,0.43619157169749906,0.16254785695248214,0.4826958347004742,0.43495684875397966,0.516857321767347,0.6563032510480598,0.4718664529927243,0.3796494152021082,1.1115296759735172,0.4497144172158312,0.6668956507539123,0.36582470574672843,0.43815084095262763,0.4238950852172765,0.5702291947183784,0.0852747387218019,0.003256537328281708,0.7494655400615127,1.02701968524389,0.30775205900893904,0.39963155298703545,0.5245549171985024,-0.34641127518771336,-0.06729924836935129,0.002679666536328678,-0.10180314807320334,0.10583626112376908,-0.05346346907191656,0.05391369015256077,-0.040697168073444506,-0.030297315455760747
0.3359988087628835,0.49049736241648895,0.5239255097899136,0.2853144989904596,0.21779809302485698,0.3669280302841303,0.39501726332252557,0.40425114509337473,0.32562036500885105,0.3577303978349512,0.34317398664882276,0.3364575134799835,0.40125345799726014,0.29023210588120457,0.29110078087402735,0.3060407275515453,0.17561624038864168,0.9851230716570242,0.28274268757485593,0.18765235674084343,0.28735741832020556,0.3054815692020087,0.3996079640503029,0.36875139117879235,0.2775776192485615,0.4008903514753606,0.004435711586849337,0.23086396268784998,0.38364637980987765,0.08278579935727315,0.23982335821467843,0.3091613421995975,0.23073246599843883,0.3597623309695538,0.13943064814369216,0.38233335890940484,0.362523575875919,0.16677928154838792,0.2959081806986189,0.19183181522529705,0.26503476648793595,0.29513047863473885,0.2312071743421435,0.06188859291891266,-0.06114992928305085,0.49658626339826817,0.40026773770703195,0.20183355106957446,0.2966431461361557,0.11615953193763733,0.33262330658467065,-0.30435515383450046,-0.1694269522137929,-0.0848651683754022,0.13986428604798234,-0.015078701994311397,0.01848224700795067,-0.0976380453355999,-0.10587135277105567
0.28057707941372534,0.24272556530941788,0.3751055838269993,0.2270629492691725,0.6053545095091089,0.4350768394778596,0.28182701061041276,0.3301460608457065,0.27198992743119293,0.24938160799063896,0.3264921066474571,0.331715655349555,0.3294939458560949,0.3310761490725357,0.33064426930858953,0.34489064816849635,0.3340303350915182,0.28274268757485593,0.7063275573766306,0.12606589332346316,0.28380370533249716,0.334637297954763,0.12150914911467736,0.2618874125950529,0.4071779095495202,0.3200333930785978,0.2781785907907941,0.3498081757406773,0.44327658038108664,0.21755494548463916,0.25998444883478683,0.3311477579832886,0.3125349042106776,0.34367181694044463,0.23038251687565736,0.3945255087308087,0.5325155714914144,0.19640375109882788,0.29171435314530497,0.17123888895419717,0.3003851753769013,0.2734205375323337,0.27739489894063296,0.023484696322563947,0.040610871530328295,0.5433134064171322,0.37554630946154094,0.13455781321045723,0.05694145853133431,-0.039751688410381986,0.20984426041230217,0.1685930863432379,-0.2152279487626073,-0.041343789196119876,-0.0045358897465153074,-0.020760639974649022,0.02539505642671922,0.01902217774185963,-0.03229121353684874
0.2599502043064912,0.5059936967767454,0.5032263531368846,0.2673447070891749,0.11478743886867432,0.5402080246209071,0.4088310531969061,0.5648375425734292,0.31596455913328725,0.4952686658700714,0.4792816612003396,0.4548560461960725,0.4949426578640187,0.5003372150584622,0.35329074546139944,0.5414175945546278,0.7529476297199484,0.18765235674084343,0.12606589332346316,1.5358602640891061,0.4266752661194104,0.32762772609511526,0.1954548636830681,0.40029828473116064,0.3761160278384555,0.3420232455077488,0.7678514201564999,0.47366865665152474,0.24963871760454162,0.5102158830981472,0.5563082161330561,0.4663581438629934,0.5059712975341255,0.6261039120490699,0.5376604033883486,0.5283215733519044,1.1860014228308973,0.7214915437209073,0.683894571659498,0.4904010017011319,0.38348576879780333,0.43712354171373496,0.7320889891486991,0.16428142779874388,0.2395002673463503,0.7872808638463921,0.6421094890986303,0.7329336464048308,1.0122215666441299,0.31592863133965093,-0.603526303463279,-0.09480166239758597,0.3048588990768327,-0.04836919764648681,0.2098141158773369,-0.10713373652198245,0.17739804323518776,-0.11692033329215958,-0.11699487341184996
0.25705654908202946,0.335588573566305,0.40214714358128006,0.21592312572332933,0.26143125736324085,0.3998230897759239,0.338065947688629,0.35965905038877644,0.26156897994648814,0.2978246042384685,0.35509646924245825,0.358714693523893,0.3476338092788756,0.35863028177430206,0.30560922791524114,0.35228194813395397,0.4224414236182393,0.28735741832020556,0.28380370533249716,0.4266752661194104,0.7280049263105854,0.27854734131753445,0.34440002772507733,0.24956534617667867,0.33866562396472116,0.2827292811268819,0.3081276741718043,0.34729315630896374,0.3619114147167436,0.2545078868522098,0.4108569831813475,0.3380742604564851,0.3518406971960424,0.4368044930947668,0.36947300579846637,0.5169675874323415,0.6158383469259042,0.2987135349502362,0.43080553942544025,0.35171912773468017,0.37671843152691714,0.7137702640771373,0.4083539735593312,0.04205483755872792,0.23625878499769873,0.5555519771288842,0.6988270962112556,0.38163663744314336,0.09345164682095826,0.10424021868463315,-0.08960375486082471,-0.1464579379430952,0.1021232066885477,-0.0021876570641093805,0.058927594866438775,-0.047555994567568836,-0.01646249718929567,0.05782853107470455,-0.14057360033085964
0.28432500754949663,0.32819012081131665,0.5135544444441058,0.2375639394914171,0.3048878222148859,0.4287922155426539,0.44408127832884975,0.34492800572157317,0.5393173099821056,0.30837360798242075,0.3788278245920903,0.4012364683052458,0.4021032640362649,0.4148092494092515,0.42115904068949056,0.5208510681220964,0.434500593881622,0.3054815692020087,0.334637297954763,0.32762772609511526,0.27854734131753445,0.9896672050977996,0.1867334980199507,0.36581591957807397,0.2640377972366595,0.3766971349965277,0.4461678397830333,0.3142037261242535,0.44609107383918184,0.16253986104792492,0.32160261328577483,0.4412417234520617,0.34982614938053097,0.44842569744744576,0.2973908992192617,0.4113622371953829,0.4916866559703418,0.2614859576441814,0.41546713664988,0.181101024078106,0.3345886399571285,0.27032289833682116,0.5116759720639225,0.04201961157404453,-0.1619710746115583,0.541228800424114,0.44931820854890886,-0.2976305124764271,0.74415379328061,0.00607289217677697,-0.08663828304258907,-0.06208287366878387,0.054196675716304196,-0.03446644251375002,0.15058624354012165,0.042319252111441524,-0.025913988230785116,-0.04754368026990987,-0.1468641261926143
0.3604544087653426,0.2175373725016111,0.32898683749570257,0.25552986016364126,0.2296291955594847,0.284036400875135,0.28769309250466474,0.3268736784420906,0.21582293112789017,0.31791690286446994,0.3174562154716994,0.30352015049882747,0.3408364459255162,0.3063966724243523,0.2906264464806645,0.2220576129691536,0.4679610033296735,0.3996079640503029,0.12150914911467736,0.1954548636830681,0.34440002772507733,0.1867334980199507,2.0685360342096177,0.31393611046490877,0.5919316601883063,0.13630803818171747,0.30888606472386965,0.5330621529803655,0.3485583682739649,0.34728910623793907,0.5453081806449973,0.18034486564213806,0.7846344128979847,0.4948987832301166,0.31808168920154606,0.5076382359334135,1.298524453689265,0.18676365130732697,0.6870107855917635,0.4452433501063015,0.36931066930020173,0.3587925623412268,0.4180712362033606,0.07135187995759565,-0.23952634407340323,0.894843881930475,1.052439386652293,0.6339447538924775,0.2157844831389578,0.6439263365760617,-0.5248479443244202,0.09259180992931443,0.1155373474799923,-0.10110314606397547,0.0955664409585141,-0.020706247341006893,-0.08929066812903955,-0.06919271155787342,0.0437628789762066
-0.011460235964940158,0.3145890904535694,0.4952772399941088,0.24941643082266265,0.242913088751929,0.3844548206678017,0.3845265396396057,0.33951542691443143,0.388611600479959,0.34644480079893664,0.3844189806741381,0.3715239348030363,0.41174347154690627,0.3617640833947539,0.36396537475634155,0.3892468611449571,0.36329250201132,0.36875139117879235,0.2618874125950529,0.40029828473116064,0.24956534617667867,0.36581591957807397,0.31393611046490877,0.9384240123513975,0.24064107043464752,0.3148821247028543,0.2643379988629418,0.24970119870292018,0.4112270156218666,0.2152010713810601,0.3490488728301607,0.3210974882785174,0.26372249978456025,0.4247575648316528,0.2948354585229986,0.5090632955877545,0.4774793323751739,0.2514608005459626,0.3254107518411906,0.19570634593545908,0.3300730292654161,0.2568770750486397,0.3265206585914522,0.03506662387770134,-0.1229130961914611,0.49706398126775564,0.41022301459259974,0.17104979818094584,0.3817341314626155,0.024961920120690432,-0.12669718187376725,-0.03069440396894573,0.12851554724879025,-0.044687887318755316,0.49169895434228084,0.059721036901557584,-0.04803612114726895,-0.765163906818277,0.4064881306194891
0.4861000582417161,0.3350162938235771,0.5510114017757166,0.22429658956038412,0.26550565936197185,0.44047116239473927,0.3089235075865435,0.3974745477176292,0.2060436826476303,0.3833274458870214,0.35723561105926244,0.3709860367910836,0.36699405078845593,0.4420944738023383,0.3169227791057536,0.3649870863876157,0.5467467899211631,0.2775776192485615,0.4071779095495202,0.3761160278384555,0.33866562396472116,0.2640377972366595,0.5919316601883063,0.24064107043464752,1.7478880556304663,0.3681847200229212,0.3916204785841929,0.403939590021872,1.1426868659876368,0.471954900436707,0.4034711142110137,0.3597477420844919,0.3614572230017017,0.5695160283284264,0.5672906324928788,0.3960675681068491,1.1072061239449305,0.35658944951332655,0.34599039871043297,0.30527907403557253,0.5937452795754633,0.35993167140243754,0.36517580125461246,0.0318233351017106,0.19621768700062578,1.0419795681199093,0.9646793774192572,0.24070546394841588,-0.24119020628422752,-0.2625867535987307,0.22887459361630047,-0.047745871119799485,0.20000651524744636,-0.018246724339591076,0.07432345463872363,0.052263465561138214,0.08003927325867145,0.034438023133123025,-0.23822428826289746
0.3430598175103806,0.3496369464445948,0.5514944126772776,0.2550289655692873,0.2049805393033965,0.4303382049374348,0.4708077005759709,0.46662443541578835,0.47706909256741836,0.3401455924428362,0.45054925405248786,0.4519170938869337,0.4175008351301525,0.46509684455031786,0.4586259340937866,0.37108159880733044,0.3270540878566179,0.4008903514753606,0.3200333930785978,0.3420232455077488,0.2827292811268819,0.3766971349965277,0.13630803818171747,0.3148821247028543,0.3681847200229212,1.7834383313216782,0.49445984519771735,0.5041334704761916,0.40990787045766913,0.016423760735378653,0.30969051375770074,0.5361347317200003,0.4190945535391726,0.4148980971757398,0.4240279702681595,0.3459127231992036,0.7781732785297614,0.33850988017376893,-0.2009800129733629,0.2689816869829929,0.7412915044511331,0.3156629799696573,0.341340365928845,-0.04524404620455458,-0.13810166235484195,0.8127361508720297,0.41687113055099134,0.38776401265185056,0.8472765381245058,-0.15325569635734143,0.3736950176530083,-0.16790832554242846,-0.1699012759620872,0.016512984297284955,0.14328816188992713,-0.009379991590277486,-0.04530062777644967,0.07228852292816487,-0.20745037522721896
0.3524283491469743,0.38385513789698,0.3337118434475883,0.2446840358767101,0.2864296269136787,0.42857556055082924,0.3892050164887942,0.4231525930411413,0.41977740920375006,0.4684908672995347,0.4203277977714647,0.42839906929102795,0.33421873810337954,0.44905352889398525,0.43768884395916957,0.3693214743423965,0.6525551420145411,0.004435711586849337,0.2781785907907941,0.7678514201564999,0.3081276741718043,0.4461678397830333,0.30888606472386965,0.2643379988629418,0.3916204785841929,0.49445984519771735,2.8187736622726165,0.8055704534340717,0.05846186862257617,0.4589141514982392,0.6288591082369849,0.4279993280613198,0.8843543524011368,0.5043339557257385,0.8093517175915423,0.7905485202909089,1.3188450360415827,0.506063364774516,0.3968326217717256,0.5140396203728845,0.581906415760554,0.344222068846711,0.9297370066550119,0.049266201364196835,-0.06785256461856101,1.1459474097925173,0.5264625611273843,0.7032169257195205,0.961124274961095,0.00222136224924063,-0.4663536052966656,0.19324239323597064,0.3106291275091414,0.052736573060448266,0.1826528857936932,-0.010420157327000584,0.16099685218377063,0.07133807503428125,-0.3614952237083137
0.36355839087790354,0.31495083014819525,0.3960964444102047,0.2163641749325321,0.25240886460892487,0.3063792442811062,0.25359801893314204,0.2661290587421978,0.3245869849346229,0.34561295947521553,0.35253772433030234,0.2870571438894769,0.3323598962531449,0.3667898884521772,0.4479006613890903,0.34329330757304777,0.5158746288393861,0.23086396268784998,0.3498081757406773,0.47366865665152474,0.34729315630896374,0.3142037261242535,0.5330621529803655,0.24970119870292018,0.403939590021872,0.5041334704761916,0.8055704534340717,1.880550199277176,0.11304357686442239,0.4966148007854297,0.5740496250565553,0.3561382722783774,1.0622638168337017,0.31851616561795904,1.1445141472847493,0.4721499629099357,1.552739464695116,0.4005089224753559,0.349004025038703,0.42872940454898584,0.5400400198533497,0.36289935376421684,0.5617788112291354,-0.05629774423178005,0.15641384748131665,0.9657655480946055,0.6675729201836887,0.5207296233296611,0.20379496004052636,0.45364007317575544,-0.31905598303407007,0.8336605692424398,-0.7822295371778379,-0.04452165434293595,-0.013878639272572517,-0.058324573343957326,0.034094964802343156,0.0011541137007871746,-0.02416875805716698
0.36613927330109025,0.479718641742436,0.7670619441034137,0.2270698863747882,0.2931875567711697,0.5864447667430712,0.3760033683689692,0.48874143881269655,0.28442311738515025,0.34137062236488647,0.43168342686883077,0.4425395360157897,0.4689918582998474,0.4413895692434972,0.3613738116087454,0.4712833965638468,0.43619157169749906,0.38364637980987765,0.44327658038108664,0.24963871760454162,0.3619114147167436,0.44609107383918184,0.3485583682739649,0.4112270156218666,1.1426868659876368,0.40990787045766913,0.05846186862257617,0.11304357686442239,2.805782157645094,0.26668117278522374,-0.01718533688938413,0.4110541033950518,0.061684916231860155,0.5939527720219111,0.4623598211089643,0.11471471585347075,0.6737325486568693,0.1364939225380477,0.3239501828338667,0.2118218258942012,0.5898342829175283,0.3659984021777539,0.17441450980524045,-0.20345490182852202,0.24993477910855236,0.8717177633938674,1.0737059859184186,-0.1376429793998502,0.20588347862830625,-0.12393716894473972,0.13735032105027467,-0.17652522421305075,0.1812179360404563,-0.004782877685344086,0.12881960344862078,-0.11680714998704773,-0.12085817143086051,-0.056489669021727765,0.20344247702170154
0.3550509299284128,0.05484195824941157,-0.1719949467887509,0.11438348790624811,0.30323814562633056,0.06688275095331642,0.15723143748025983,0.03817764800055016,0.1614189904019383,0.2133441988130899,0.12953732973818713,0.12013229423517353,0.1318998749469967,0.22316207530644147,0.23864641770051254,0.20496438536972433,0.16254785695248214,0.08278579935727315,0.21755494548463916,0.5102158830981472,0.2545078868522098,0.16253986104792492,0.34728910623793907,0.2152010713810601,0.471954900436707,0.016423760735378653,0.4589141514982392,0.4966148007854297,0.26668117278522374,2.414562894687484,0.51106937441012,0.16601721704255423,0.567987759878169,0.01831163897640418,0.6114617289974117,0.9108691323994598,0.8988152012254593,0.38091723095136415,0.29574839294766203,0.3348092602246412,0.6902843050700936,0.2711820630823301,0.7269455921087113,0.17136584927522366,0.20318506748537538,0.7200182866841168,0.4966122411377925,0.6312104602852723,0.259370675796251,-0.3960330438999344,0.0978420347408458,-0.20309561178781876,0.2810083573600459,0.16361173354192052,0.1076454007939411,-0.06443471422198781,-0.010857856394849803,0.23798214262587258,-0.20773472949418453
0.27968702923393696,0.27898091413746673,0.45522831471823494,0.24291770740750468,0.2501425572211715,0.3347444892866263,0.36051026390659924,0.30377139143892967,0.3636725786272893,0.3986231016019079,0.3845546325909612,0.37851021872134716,0.34876650211077936,0.3480626569433384,0.36148293533682074,0.3230435357444877,0.4826958347004742,0.23982335821467843,0.25998444883478683,0.5563082161330561,0.4108569831813475,0.32160261328577483,0.5453081806449973,0.3490488728301607,0.4034711142110137,0.30969051375770074,0.6288591082369849,0.5740496250565553,-0.01718533688938413,0.51106937441012,1.4446395948421076,0.338648551625772,0.585473166145596,0.5057511234096479,0.5484469857303076,1.2015285335884152,1.06943144196548,0.5027601161153856,0.4849293504771884,0.3766361040322181,0.4947323994630961,0.4187352477296059,0.4956443620902639,0.06726414852432207,0.1404475234914629,1.0583503362026925,0.6450362573050221,0.5005411760733531,-0.44534210683182324,0.06909756327671829,-0.23967647781783452,0.13305072787682154,0.07531899957354753,-0.006854143275762457,0.25910138264305865,0.1227794326119735,0.14630234753581134,-0.24980950924736478,-0.3107805373787992
0.32661541950927103,0.3311524367013301,0.4915807164206303,0.2588075208336252,0.264528960458269,0.4560416554254798,0.4212164033282367,0.43474621848853773,0.3709072289548471,0.3743060195474629,0.4175760312421552,0.4539522629355512,0.44740412550661984,0.5158930410150783,0.39945280009322803,0.48222953190932777,0.43495684875397966,0.3091613421995975,0.3311477579832886,0.4663581438629934,0.3380742604564851,0.4412417234520617,0.18034486564213806,0.3210974882785174,0.3597477420844919,0.5361347317200003,0.4279993280613198,0.3561382722783774,0.4110541033950518,0.16601721704255423,0.338648551625772,0.7520936060640798,0.34962396350331126,0.4911121802559239,0.3310135473008429,0.4371626411234065,0.47651859486302717,0.34601016041498145,0.35411023950720416,0.2466590707626382,0.37801024171185194,0.34770139731548205,0.35755335194275184,0.05279974054001411,-0.0674950204019242,0.6687099915189598,0.5838983691778182,0.24068162688729183,0.5597510136438406,0.0373529353380343,-0.012133707324450101,-0.017612369984423625,-0.06999702640383135,-0.00207368956263291,0.16724759015737276,-0.10745162819614183,0.3985525273879584,-0.16620871554471645,-0.27117538535366487
0.41949826734916085,0.28694117829197974,0.30157713620093063,0.22360706763525987,0.3167388047999713,0.32351534308803565,0.2899609467580205,0.32987800958455,0.3277698351862176,0.3294806111704077,0.34558288468109,0.32347651808176614,0.34687764756304773,0.3759074419237554,0.38804092665172896,0.32356001605371787,0.516857321767347,0.23073246599843883,0.3125349042106776,0.5059712975341255,0.3518406971960424,0.34982614938053097,0.7846344128979847,0.26372249978456025,0.3614572230017017,0.4190945535391726,0.8843543524011368,1.0622638168337017,0.061684916231860155,0.567987759878169,0.585473166145596,0.34962396350331126,1.8344581529711674,0.18416203407327095,0.2642431651121105,0.28071892782912505,1.7227470329405934,0.4055669089548148,0.27450526110423473,0.3404172732578403,0.2753525986234851,0.3636677945243688,0.699120050558244,0.022735284125606166,-0.1418677666265404,0.9052632040250084,0.9150379293062728,0.679168081551102,0.5577307329826937,0.34551579284229644,-0.3254970898391469,0.2649812258666402,-0.05520699386080891,-0.148041366907646,0.1318047783030998,-0.12468730387987027,0.0005446311738719872,0.08905098774845302,-0.07709908205247278
-0.13876178099195424,0.4481639303296603,0.6244946827154431,0.32338358558430297,0.36173166692715486,0.5533168052714175,0.4711702726401086,0.5877361399130026,0.35390428088695053,0.5214527078213881,0.5099427528918616,0.4964586749463133,0.5632757293865336,0.5177950075317711,0.37412734441953127,0.5295539747925752,0.6563032510480598,0.3597623309695538,0.34367181694044463,0.6261039120490699,0.4368044930947668,0.44842569744744576,0.4948987832301166,0.4247575648316528,0.5695160283284264,0.4148980971757398,0.5043339557257385,0.31851616561795904,0.5939527720219111,0.01831163897640418,0.5057511234096479,0.4911121802559239,0.18416203407327095,1.7536628198259374,0.6720516160542143,0.5103894678706188,1.134106631851105,0.43077160335542264,0.6128847762822268,0.24385935661138125,0.48257905501651,0.4617771169266764,0.5103820691452362,0.09333121469823959,-0.19283726152551864,0.891259704054614,0.9492388257464204,0.3257374829566071,0.5288988908289203,0.04572035327320216,-0.21580413331999662,-0.15347587988438416,0.2950571940638372,-0.07486369873508854,0.03180497310393739,-0.03626107011006131,-0.04806509875089527,-0.31214248844786785,0.3807655557319364
