1.2575723410618094,0.26762244744282593,0.10699147866530706,0.19085459221657436,0.245289075805346,0.09254466937863508,0.1321791817998869,0.10312005275405262,0.032229646916292494,0.1417962287357403,0.12483320518329025,0.14686160235703327,0.05118310039476376,0.10147961321737896,0.2252164285641079,0.14168259081131376,0.03742496060588605,0.17661234933269715,-0.04434149835504807,0.1391683729281029,0.11308239614119175,0.11135180474284459,0.22777693233393767,0.06403423200339207,0.1728366472001454,0.0612157635611481,0.09852577713019121,0.04476998825609676,0.13244669667652365,0.17324082943042632,0.02758355244978743,0.10111652807449639,0.10591050533473387,0.005204954329441485,0.0062901283760064,0.022024369449571465,0.18793813214677646,0.07320870110270038,0.1664151579626375,0.1457744067191628,0.1476036704251926,0.11912829816050176,0.19444632625161548,0.10438161128644521,0.06289874001958908,0.12028340081829364,0.17697492234381337,-0.08342008381082654,0.2913638695639946,-0.08530061019560317,-0.008843529698249818,0.008740998218111565,0.01775685321386754,0.04597362253154798,0.12336640115119295,-0.029271644747607323,-0.16736015036641594,-0.03898064676279821,0.14801949684582558
0.26762244744282593,2.3856766749683302,1.0414271891946036,0.1443834289935812,0.17509364348040463,0.09222444445939804,0.435908071831124,0.09350432626979216,0.41100726671084,0.35127072115369595,0.288754973054729,0.3602099754754578,0.11575641918236855,0.19114998138363665,0.5958002287995634,0.17406698728916117,0.18924328076619965,0.36102439979048445,0.5254404551545527,0.5117134957807482,0.42756296656153264,0.22079204682837755,-0.12300157308118831,0.07356558001576047,0.21372394095803546,0.23399293248887282,0.3463493476147809,0.5072443241533856,0.4613173060735572,0.419314612797314,0.29564296228524617,0.24040762515407965,0.4931827520383468,0.22088520345243903,0.33374875635721013,0.32331779370776204,0.8714658035953504,0.27686233065849764,0.35523758289893803,0.2670253016340525,0.5443161298605705,0.39012433528297485,0.5852093721355043,0.03372145393824444,0.3218221870083333,0.48873129597933895,0.44761708314767223,-0.26258648555821584,0.49173064179305787,0.08111320359686773,-0.007806748316844879,0.18603151051164177,-0.2744962775223796,-0.025635803444286374,-0.49693905391507687,-0.06623533937819359,-0.6867685173869487,0.2903587259120473,0.6823791657356989
0.10699147866530706,1.0414271891946036,2.568428163607416,-0.07959541446091135,-0.33709366611123404,0.346983617170316,0.409302875849917,0.1821149977605448,0.49061698929206793,0.32303001061804376,0.2780876955830629,0.3890362872098542,0.13246133821349643,0.25276643285755196,0.4812547197864001,0.18592419137871993,0.3531789475170751,0.23041131502430767,0.3734258578123984,0.329204853859587,0.4009767455908989,0.33694451806553755,0.2738329241076625,0.32946252398523823,0.3300248356009377,0.2007672184505699,0.29269517122032285,0.3861857735697391,0.5651315730128919,0.3938283988633466,0.12967337871318552,0.2506341402797544,0.32316571378326686,0.3529726217068241,0.4168843224258551,0.35248342012445877,0.4627101784834454,0.22124970631010143,0.47126479349065886,0.3061976549958719,0.3404299110601798,0.37682880826896265,0.5180786007758622,0.036099018777892386,0.21964926896293738,0.3809393032282402,0.3778902866148291,-0.21140221998388692,0.672794856595864,0.01858171648335848,-0.15100392341402344,0.15692048315684548,-0.012253029158061306,-0.0067360705411869054,0.12294704561012518,0.1554358181056293,-0.478398969028962,-0.7480767127348285,0.8867374792422573
0.19085459221657436,0.1443834289935812,-0.07959541446091135,0.881506527359372,0.5966371617209991,0.25837478949930437,0.1544615192490127,0.2285483996716699,0.07134773436471546,0.14041486439413076,0.19983859972837106,0.2233292900128689,0.09511690512502889,0.16545459497514095,0.1941873594393351,0.18341763555882387,0.18048346349936759,0.19576805610055514,-0.0015970001448966187,0.14755588731509306,0.1446945392180402,0.11837994400553103,0.16783707579892904,0.11112268457636325,0.1553915683396163,0.20216842910622645,0.11447411617620536,0.06193905649284539,0.21756452516711686,-0.02912296144454684,0.11995726254578504,0.17569099674267408,0.06848068290674504,0.24814368682232127,0.04457019361515426,0.04510256573032313,0.19000548020539915,0.0967793347546005,0.1373893349253364,0.06065660577481472,0.09191951278907412,0.1486375346458767,0.1298567523207265,0.2193475094548867,0.01128389572559352,0.0004953700159738557,0.07736806208122328,0.1043725004644689,0.05634096550892728,0.11366563092566835,-0.06521567365033462,0.03514792563268634,-0.09037885145163826,-0.08297588368347947,0.0797591062953534,-0.027496883044855997,-0.363379696725825,0.05990961799820149,0.21019418772627696
0.245289075805346,0.17509364348040463,-0.33709366611123404,0.5966371617209991,1.2855637417977337,0.24582927497770796,0.186414145696512,0.23506367178368423,0.0903794761596949,0.13677851342503783,0.1968118039687468,0.23409808821349962,0.11303425582304857,0.14996061880319553,0.18444742170171202,0.16805803060207902,0.13090330645280016,0.2104681452934284,0.025526125971731088,0.1433917428926386,0.13053110585419778,0.10915548419548293,0.15411492054581347,0.11000657479786632,0.12831077150216583,0.23660902179964213,0.08340211239206291,0.036361192477601806,0.17293024987834135,-0.12363348255656224,0.16930967277458098,0.17314220667044258,0.05022673758526593,0.23136358247455283,0.004703164197385894,0.006356980198397565,0.24592043887503137,0.0819339254192525,0.11559626456916901,0.037935153760092356,0.09929163837320448,0.1523684595879164,0.07169441195431789,0.1982760455709018,-0.04373974827964055,-0.012737324874864342,0.04053612774855714,0.15539587576374414,-0.009856505193635366,0.11085172377937476,-0.07563237044780592,0.026982001828855077,-0.11241902530026264,-0.06449661795748673,-0.014767798731615775,-0.17893650381970191,-0.3379294098685443,-0.0027343998933133124,0.48172042462915965
0.09254466937863508,0.09222444445939804,0.346983617170316,0.25837478949930437,0.24582927497770796,0.7517317614742389,0.2113316111236897,0.3931782816547666,0.2294915235629737,0.11653494823287273,0.283750424970851,0.31828724356312105,0.11720268169521975,0.23100893192803243,0.2010381992725868,0.1836943818115682,0.26076742719032414,0.21229330095074708,0.21650068358609154,0.21234057333892611,0.18439793158989112,0.20063165956661608,0.07407666493455403,0.14301173695306138,0.2498323586512381,0.2903086618678977,0.19123655431546147,0.06351705373435584,0.33963471483855995,-0.007284971462161694,0.20167981867650514,0.24754074415556246,-0.01691032514283095,0.23606473609485792,0.13984544508045663,0.13902308647116857,0.10027481607226826,0.13342998494605943,0.2698663116754879,0.11085738283736483,0.05330558504722201,0.1653779879195337,0.22234550194781472,0.19845589839046376,0.1248133912596101,0.02550043179706035,0.11884547963033053,0.12752923185323256,0.25825444425610306,0.01755937695097466,-0.13690192172241522,0.08247170968932348,-0.055202223479972265,-0.01563136242004811,0.05011267734416565,0.060920233330745414,-0.06338207392779044,0.030153695883070743,-0.13528007475639672
0.1321791817998869,0.435908071831124,0.409302875849917,0.1544615192490127,0.186414145696512,0.2113316111236897,0.5345520472834182,0.10417582092981739,0.3363854835150353,0.09847651914997771,0.20997296693688722,0.34068319307768763,0.09812060948123105,0.1636316665947383,0.17789544873868604,0.19404654954610423,0.17821931679160566,0.19083849060840624,0.2240573139643277,0.23744344596888559,0.20434307950070266,0.2425254522615652,0.179049412292443,0.14975564443146228,0.2109882552602166,0.199166995420249,0.20579675251952143,0.12496719936206707,0.26827445029215485,0.11313845448439902,0.12057024687496076,0.186704263024607,0.15145828062354583,0.2008481607065454,0.10036747038976927,0.13511143529941033,0.26019651149423745,0.1311389410806769,0.28829447207428577,0.16046881380306868,0.15732414409552517,0.19092799057250995,0.30677668273903425,0.13869530266332267,0.09469375580720477,0.11269883562783334,0.17529085419609775,0.026971828751172714,0.4021710112921742,-0.0659082635297302,-0.08450001033350832,0.05714843327314367,-0.01711618959691708,-0.002349636583697106,-0.05959273954828031,0.07605555622249124,-0.15366719502497364,0.04089544925238178,0.02425896358324178
0.10312005275405262,0.09350432626979216,0.1821149977605448,0.2285483996716699,0.23506367178368423,0.3931782816547666,0.10417582092981739,0.7624915421520866,0.028900316931248584,0.26023536971520655,0.2353358900801438,0.13016171238950258,0.14071231256868408,0.2586453788494802,0.11852088985714986,0.19196659269735714,0.30735335394089486,0.24486329479225635,0.22980486921902507,0.17177354894233213,0.1818617865498608,0.15335831704116443,0.11472068977939309,0.1283174620753812,0.24503490157903748,0.23153565098695103,0.1663083165955694,0.02846972613093785,0.2546062017675854,0.15630019341798676,0.18850589516753835,0.24199362942506464,0.08058621886132322,0.2050855621886954,0.0647436809597816,0.14824374500507978,0.2058555793764805,0.09780985419010413,0.3530773696532044,0.1101696673565438,0.1378988238992064,0.1586866422132416,0.22815139799748327,0.12752347601797467,0.09042636604538226,0.1328797987871148,0.2181243427336838,0.0023621269744448473,0.4728823053188262,0.13029921169669337,-0.04493962399579076,-0.10346149180844508,0.0516085544235067,-0.06341889744567415,-0.024667487105519092,0.03215310813925769,-0.05843607893569311,0.039319767496843,-0.009018733515148465
0.032229646916292494,0.41100726671084,0.49061698929206793,0.07134773436471546,0.0903794761596949,0.2294915235629737,0.3363854835150353,0.028900316931248584,0.8779669072940822,0.019360117832484598,0.10652381792397159,0.2037030387629123,0.08129917071027318,0.17399560436335423,0.1457415790798504,0.08782853976584527,0.1837468529885857,0.2123918933957126,0.24664073735177947,0.23581506888706338,0.23661131554550915,0.3818806317749001,0.22271525501430026,0.2087095044795281,0.15074337993581421,0.28748081374764195,0.18357546583326861,0.18975581190672297,0.18918837195284519,0.15823286564607517,0.17328867343105095,0.1953988222006643,0.22265579147237521,0.18183311818379147,0.10897229555850252,0.1798974084283247,0.2874805600854199,0.13976363782492873,0.2569946212853514,0.17564021099351423,0.15266088074495948,0.2288016747955308,0.35577704212773115,0.06530653083298178,0.16293896592381257,0.20149950259682795,0.2139624425527164,0.017209374865521473,0.31998825092307775,0.015511219717980605,-0.044642542832527166,0.04335220493818481,-0.041881433198176124,-0.05812639620743108,0.044410418553173035,0.12496742914372029,-0.08583861060917444,-0.11178424921678978,-0.019043899851882956
0.1417962287357403,0.35127072115369595,0.32303001061804376,0.14041486439413076,0.13677851342503783,0.11653494823287273,0.09847651914997771,0.26023536971520655,0.019360117832484598,0.9129617698976733,0.2536426069660887,0.2806871184809576,0.10527678484476971,0.28019329468413895,0.28049134277475646,0.26570592660555903,0.23605723859673394,0.27328663007099324,0.442551066668764,0.09442980952573858,0.20552722317656794,0.15881707848092788,0.21162286145182319,0.20923024875361512,0.2803072010322763,0.025014348728173357,0.226250801459416,0.2244714427893551,0.3054829327892653,0.3224703995921824,0.22860742140575943,0.2805725742279523,0.22071678220192603,0.36081587806000964,0.19619924233117012,0.26185922104000015,0.4582796142520551,0.07304522401528954,0.36749059903830217,0.12203432869734518,0.3475568629446654,0.1877294822863291,0.21031496585891515,0.08141345660387476,-0.02548646242238968,0.30141128197684275,0.3433902306091093,-0.1027111099410559,0.6641097150808726,0.025518115996156308,-0.06108058449103746,0.0770590590414438,-0.04928595795247489,0.01674728123498048,-0.17488943190055486,0.041620519570261784,-0.00975644892110728,0.0449011838097713,0.03171964985128466
0.12483320518329025,0.288754973054729,0.2780876955830629,0.19983859972837106,0.1968118039687468,0.283750424970851,0.20997296693688722,0.2353358900801438,0.10652381792397159,0.2536426069660887,0.5266939250710811,0.37909345584249643,0.11322848151152426,0.1655777981956753,0.28401729504997686,0.21584309384510927,0.2987886132844829,0.1786758886984124,0.21701847077241795,0.2983615350755332,0.22052856793102804,0.1514528317696056,0.12728884165358775,0.1849412089163135,0.23938524755527396,0.18942326330466552,0.2385765624419376,0.141141332559504,0.2752744374452935,0.08432232966748897,0.2111800210756317,0.1666885391484303,0.1248270133589244,0.17484136658047159,0.19453221667000706,0.17120888984072166,0.23390145395251802,0.15711034420231276,0.3138217674091453,0.1953238879193643,0.16959055937499307,0.21790104573864388,0.27378404062289247,0.12695953308160557,0.14470447096221584,0.13483085352486185,0.16261773520352144,0.08639931437765064,0.30806595697271827,-0.02189040516869701,-0.07287804804430492,0.04533073386094974,0.06525742937050405,-0.007081154526661076,-0.04624108641087672,0.04355146883830996,-0.13141011328357194,0.07843517447003291,-0.04523508974593866
0.14686160235703327,0.3602099754754578,0.3890362872098542,0.2233292900128689,0.23409808821349962,0.31828724356312105,0.34068319307768763,0.13016171238950258,0.2037030387629123,0.2806871184809576,0.37909345584249643,0.6833949433560536,0.09303803078676454,0.23875215742255107,0.2995647641261586,0.2810751580639875,0.29553236013419465,0.11397154985177314,0.2864556010373952,0.2963400213404575,0.2169130082295395,0.20853793412470661,0.1411341944879458,0.1739564365899791,0.31874309237764686,0.18416581723537967,0.29974132572046874,0.06471960284836978,0.3625157547519963,0.08895324192308303,0.12319793966871781,0.2516613430948155,0.12302453880664017,0.24518842974130498,0.07779251240173891,0.22539135982805253,0.16923174602899244,0.16503656395636737,0.3496080306465659,0.1674922273519438,0.1434778279974639,0.2017969978665224,0.27011679220836177,0.17105815536347546,0.07969130468525097,0.14070476917914568,0.14730637016081932,0.057203162957124395,0.45639930638784737,-0.18615042670632237,-0.0744963135887744,0.11014912360041244,0.07519946582607816,0.02479600833790168,-0.04205434492719015,0.10128203583293471,-0.18064264931587756,0.0650619570209752,-0.07394229141821358
0.05118310039476376,0.11575641918236855,0.13246133821349643,0.09511690512502889,0.11303425582304857,0.11720268169521975,0.09812060948123105,0.14071231256868408,0.08129917071027318,0.10527678484476971,0.11322848151152426,0.09303803078676454,0.18615169208299953,0.11189749322877683,0.04747951198864638,0.11523201368009167,0.14082875919561166,0.08159831043938613,0.10210362002246445,0.08625778362873114,0.09872020355641922,0.11657943495615077,0.0968923752496568,0.09251234421177854,0.10169920804777345,0.06940022138407154,0.10206213205547503,0.06566610694858754,0.131343861945142,0.08080480490742308,0.06414193849277439,0.10435570454121647,0.06820664836894375,0.10112779794653802,0.08739862095659934,0.08246173918185316,0.13889677073678558,0.04721346801243548,0.15174930897127886,0.07920884605749191,0.08852721973476137,0.09397387133334005,0.15959531508986727,0.06011029701207567,0.004028211187571577,0.08537019297620746,0.090243173866364,-0.016119426620646044,0.19839897572618198,0.03361538664122513,-0.04303509057319575,-0.014814493949981423,0.02942776678198625,-0.021740222950525953,0.020411434734408512,-0.012960785173152264,-0.06462608022501043,-0.025034948736860026,0.05781310694852427
0.10147961321737896,0.19114998138363665,0.25276643285755196,0.16545459497514095,0.14996061880319553,0.23100893192803243,0.1636316665947383,0.2586453788494802,0.17399560436335423,0.28019329468413895,0.1655777981956753,0.23875215742255107,0.11189749322877683,0.62728367426976,0.27451075724906504,0.3709459656358492,0.3079922118951564,0.16280428053555535,0.20008322470420684,0.13382286197732507,0.23136954475685664,0.2584276809410017,0.2778363408047775,0.2508718980217983,0.303055660365355,0.10149271069754282,0.19592234471011907,0.12985504950638485,0.39549753921479675,0.30669528678727254,0.1310750672572387,0.5785418458216731,0.18536607245327233,0.24091084231176343,0.06873084940942559,0.3457030820981057,0.2869250678952726,0.10016550725397887,0.31041617651038395,0.1557272397646524,0.24667331524186054,0.2170295432107458,0.29771777268245103,0.005296640964653526,0.008119138653422871,0.3714288192278475,0.2736856529868794,-0.2707477223105151,0.6388261659594572,0.02230569673925694,-0.03492349816816553,-0.08435021002994031,0.028067050731780792,0.024597717854639867,-0.10659368909920933,0.1455649552392613,-0.2623680745468005,0.11606574536434179,0.05064503088105291
0.2252164285641079,0.5958002287995634,0.4812547197864001,0.1941873594393351,0.18444742170171202,0.2010381992725868,0.17789544873868604,0.11852088985714986,0.1457415790798504,0.28049134277475646,0.28401729504997686,0.2995647641261586,0.04747951198864638,0.27451075724906504,0.8564569978476969,0.25270863726074333,0.24048272518367417,0.3064448812811337,0.17293941433424134,0.2888149227171782,0.31300853162484915,0.1579960552052169,0.3812603640440841,0.312625588853765,0.3221641921369015,0.10395004371324865,0.20855742917237152,0.33148809847930166,0.3737866940919505,0.35394875845219465,0.21314202000339755,0.2727389898709739,0.3064586610637516,0.293551671278029,0.23777221687299058,0.2521017859425619,0.5122221783823903,0.16864989361153324,0.31807238572565955,0.24449052699832025,0.2908477206545383,0.318225850993719,0.36283789848522513,0.007463412466661682,0.10725264574917853,0.3249083129854216,0.3676296112848422,-0.09186805310232503,0.6363083057695479,0.1372973244656452,-0.10643003309843557,0.18531646113216566,-0.1257663960446489,-0.056010872070624294,-0.03689706075861799,0.16953198479781462,-0.5147308566999925,0.005975282751761435,0.27153639617285374
0.14168259081131376,0.17406698728916117,0.18592419137871993,0.18341763555882387,0.16805803060207902,0.1836943818115682,0.19404654954610423,0.19196659269735714,0.08782853976584527,0.26570592660555903,0.21584309384510927,0.2810751580639875,0.11523201368009167,0.3709459656358492,0.25270863726074333,0.7994099619701759,0.32731722618970427,0.16699541263220785,0.2203262034389118,0.16399827968063205,0.20206439175550214,0.36568917792506955,0.25454246301890693,0.23651927985245205,0.32333623086756424,0.016398646703912605,0.23421379149026048,0.12343015612414146,0.37161948390530186,0.11574389632650522,0.11002630934990433,0.3404527592908036,0.11425982306875816,0.2579049937486254,0.1465851955486337,0.2043162127410033,0.31158057570803943,0.105830906238048,0.3006870007731013,0.17175718911086743,0.22454979573452735,0.18553467505234575,0.36157372424583917,0.14387999042893593,-0.004006417666307223,0.20277740270449293,0.17928166418105168,-0.12878699588855677,0.43639063275058937,-0.10495450929933191,-0.06171789574747483,-0.04999934758540391,0.0798552911919157,0.03068532178432844,0.06187167631526168,0.14836323115151792,-0.3209344298099819,0.05844275845512041,-0.029150696627153385
0.03742496060588605,0.18924328076619965,0.3531789475170751,0.18048346349936759,0.13090330645280016,0.26076742719032414,0.17821931679160566,0.30735335394089486,0.1837468529885857,0.23605723859673394,0.2987886132844829,0.29553236013419465,0.14082875919561166,0.3079922118951564,0.24048272518367417,0.32731722618970427,1.0213556531272776,0.07154191244254238,0.1244442157543362,0.42488777775554326,0.27074518621514215,0.3027168497556449,0.25606585278007693,0.23794263534935672,0.31829966733426596,0.15882591752071792,0.29173086242872664,0.19773976750548594,0.4381420435317844,0.05452612659621404,0.08388914364216024,0.2809808058168422,0.23101943118743815,0.25626100902140875,0.14862732674674162,0.17113190358938807,0.41743383253123595,0.22425073939697732,0.3533034501894933,0.273355745654194,0.19927036284369676,0.2573895549686325,0.47383021124571584,0.1215560867527843,0.13758477473547714,0.1780970378410282,0.15939018235356575,0.03341584974108402,0.4467738397745014,0.23848184150044038,0.02259912049756638,-0.12279050632848497,-0.030818019336727943,-0.0783808912161115,0.1071750558380313,0.06677311351195762,-0.2851169336889444,-0.07375177664771433,0.10782585416323655
0.17661234933269715,0.36102439979048445,0.23041131502430767,0.19576805610055514,0.2104681452934284,0.21229330095074708,0.19083849060840624,0.24486329479225635,0.2123918933957126,0.27328663007099324,0.1786758886984124,0.11397154985177314,0.08159831043938613,0.16280428053555535,0.3064448812811337,0.16699541263220785,0.07154191244254238,0.6202652164857007,0.16476894039181683,0.03315984139485171,0.21744065644943816,0.18664891932111116,0.3307360250968233,0.19124235851492666,0.1794148649729533,0.20385923241876155,0.08051729102473652,0.23006420361491897,0.208150173176536,0.15289590336546446,0.3411273784722144,0.17999297038556136,0.15540398018906224,0.2331563800854988,0.15925613054912427,0.14801689856520267,0.38944460626231786,0.051935007658296096,0.18950006140255876,0.14338323076956366,0.2652243567919634,0.20927708325434366,0.30083167650365067,-0.005450155891006331,0.14736628855116257,0.2651095359356503,0.35871065061005986,-0.08560011834901979,0.33103019323324984,0.22945821137480368,0.06337721966404412,-0.037570590704062386,-0.2468693496626619,-0.08539584979010512,-0.05653690186619121,0.0901375828533268,-0.048950182308197546,0.16333859671680065,-0.19018433175743385
-0.04434149835504807,0.5254404551545527,0.3734258578123984,-0.0015970001448966187,0.025526125971731088,0.21650068358609154,0.2240573139643277,0.22980486921902507,0.24664073735177947,0.442551066668764,0.21701847077241795,0.2864556010373952,0.10210362002246445,0.20008322470420684,0.17293941433424134,0.2203262034389118,0.1244442157543362,0.16476894039181683,2.249688593692474,0.14108247356161707,0.384783383995589,0.2548558016064475,-0.33518788259635157,0.1823127287867256,0.24874785233385768,-0.24460181798995695,0.20170310739828853,0.49354848606193674,0.28188298706500736,0.19537111625598647,0.4960562577189468,0.16816361419478584,0.432128685815036,0.23740353796776895,0.47304231625207066,0.4167991176834372,0.7829790829461634,0.09796395661583165,0.6442697508821175,0.06462922788001921,0.24893516093454462,0.29334627468905755,0.19797481955562876,-0.08581542351334072,0.15595716017840955,0.20128731691605012,0.2662999611492722,0.45040517535512037,0.6315270400313059,0.4153245984416976,-0.3156414502797824,0.2229752070927159,-0.1396190955908996,-0.11533673141469268,-0.45596436426036346,0.05249604876579646,0.16481007504624023,0.4408461764813135,-0.24313696936375204
0.1391683729281029,0.5117134957807482,0.329204853859587,0.14755588731509306,0.1433917428926386,0.21234057333892611,0.23744344596888559,0.17177354894233213,0.23581506888706338,0.09442980952573858,0.2983615350755332,0.2963400213404575,0.08625778362873114,0.13382286197732507,0.2888149227171782,0.16399827968063205,0.42488777775554326,0.03315984139485171,0.14108247356161707,1.3558138112503126,0.16588785014671217,0.14887194563721867,0.11980701443141842,0.2029701655196583,0.24076421500924067,0.1529462888416454,0.3798514959208684,0.2635158725190459,0.2443286756319254,0.30274340150206785,0.06322249173395546,0.14011106194028333,0.45739066033386805,0.22050805497309134,0.017174446846083928,-0.20658047429737472,0.8634252253771312,0.5957832304874159,0.3292408544599152,0.4797188123555447,0.19539134072593678,0.12420121749889917,0.8813329006069321,0.324410613852183,0.26075165838855247,-0.056712773242434775,0.3110919541969172,0.5014484865283297,1.0081108023963272,-0.052365536983517195,-0.1103540447018751,0.35216665848117107,-0.03215320121324146,-0.0507698332316037,-0.027766340102200103,-0.0459142768314243,-0.1306834804917603,0.00818658972789499,0.12724804671822085
0.11308239614119175,0.42756296656153264,0.4009767455908989,0.1446945392180402,0.13053110585419778,0.18439793158989112,0.20434307950070266,0.1818617865498608,0.23661131554550915,0.20552722317656794,0.22052856793102804,0.2169130082295395,0.09872020355641922,0.23136954475685664,0.31300853162484915,0.20206439175550214,0.27074518621514215,0.21744065644943816,0.384783383995589,0.16588785014671217,0.5574478031701053,0.218782769948985,0.2231272292940731,0.2752709882420064,0.23521666887620893,0.06738513999263632,0.18564979393797232,0.33583934642612995,0.3639582040913175,0.2507666413898544,0.3167062897200095,0.23867133644341912,0.3366837165495369,0.16962151753866608,0.30690966048725815,0.4197314125345923,0.3518444196787774,0.1524120429237201,0.4327643032223642,0.2606180358019338,0.3504268722772515,0.5368086617247301,0.36030713218392885,0.030877971149779703,0.3373974660629921,0.36106417132936913,0.2923628647834608,-0.17653589907616832,0.3631666549878361,0.10809519924862346,-0.07854349062262145,0.06784289298205162,-0.058193321872741836,-0.034752391668901476,0.006443572250954567,0.0910809754614767,-0.3482690309644889,-0.013992448429668621,0.22837935800361392
0.11135180474284459,0.22079204682837755,0.33694451806553755,0.11837994400553103,0.10915548419548293,0.20063165956661608,0.2425254522615652,0.15335831704116443,0.3818806317749001,0.15881707848092788,0.1514528317696056,0.20853793412470661,0.11657943495615077,0.2584276809410017,0.1579960552052169,0.36568917792506955,0.3027168497556449,0.18664891932111116,0.2548558016064475,0.14887194563721867,0.218782769948985,0.8169153723961927,0.28306408971686703,0.22503460087094357,0.2313026095865116,0.12691574387221174,0.18950372857990014,0.13037039480859075,0.2913711168418959,0.14509933138535344,0.10278004100400241,0.2529344779189875,0.1419942155298521,0.21286371501161866,0.1189380346726257,0.12116705182802867,0.302233829603778,0.09145358525742282,0.28029791341391963,0.17323702350256537,0.17647596911462693,0.22086486577134037,0.4467143996396004,0.07153440228592571,0.05433553433440882,0.16730264172192294,0.20318424327819973,-0.04336928353737032,0.4474766985188472,0.011540207780357064,-0.05814163456935638,-0.11120811525657526,0.003980928284762953,-0.01874261812487831,0.10184260904522825,0.11496715979123498,-0.18477948304502242,-0.07565881130024876,-0.003456867963999008
0.22777693233393767,-0.12300157308118831,0.2738329241076625,0.16783707579892904,0.15411492054581347,0.07407666493455403,0.179049412292443,0.11472068977939309,0.22271525501430026,0.21162286145182319,0.12728884165358775,0.1411341944879458,0.0968923752496568,0.2778363408047775,0.3812603640440841,0.25454246301890693,0.25606585278007693,0.3307360250968233,-0.33518788259635157,0.11980701443141842,0.2231272292940731,0.28306408971686703,1.5898005639675443,0.5791193947675781,0.4403195466042694,-0.09024069981851118,0.14823712890876378,0.13738277479721328,0.4736896367632118,0.5699924208869076,-0.3269335451635458,0.23816790131597582,0.33192899102943635,0.5097459516554439,0.031328805280046085,0.004048136340771853,0.52972737699892,0.04708734806913259,0.5187600171286267,0.43750511647535845,0.13355059335164648,0.2662752432766142,0.48043223797884616,0.11396849900966499,-0.2273670079565482,0.11430355436296494,0.47105537221994204,0.15627563030918915,1.2911253490740218,0.03846757046191059,-0.17555773306141667,0.009031225865461174,0.17229286157542473,-0.025143753099340964,0.24989778054405135,0.11576128381390638,-0.4673911867742178,-0.27582561073254414,0.41338199571882644
0.06403423200339207,0.07356558001576047,0.32946252398523823,0.11112268457636325,0.11000657479786632,0.14301173695306138,0.14975564443146228,0.1283174620753812,0.2087095044795281,0.20923024875361512,0.1849412089163135,0.1739564365899791,0.09251234421177854,0.2508718980217983,0.312625588853765,0.23651927985245205,0.23794263534935672,0.19124235851492666,0.1823127287867256,0.2029701655196583,0.2752709882420064,0.22503460087094357,0.5791193947675781,1.0568186252791874,0.29921143471938977,-0.057237398051081224,0.16751521269560465,0.2134133481831982,0.3162502253579544,0.32845767528283776,0.47410998415539285,0.22988318342525912,0.16019777847538255,0.2994262174655122,0.22891949074203646,0.20749538694293257,0.33167154644716584,0.13645744458965892,0.3821498606746447,0.2212354468226538,0.32242108857706325,0.296234883220691,0.16407894890411098,0.11390798998670884,0.04595410787856543,0.2387912087715896,0.2926694702066842,-0.03930284563189051,0.6273083783613029,0.010112167447326913,-0.17914095981483935,0.14732803632547536,0.10134735340842785,-0.030786617376460372,0.13653931088533608,0.16068099905045843,-0.1544259680692202,-0.5131818208468456,0.4108662697429386
0.1728366472001454,0.21372394095803546,0.3300248356009377,0.1553915683396163,0.12831077150216583,0.2498323586512381,0.2109882552602166,0.24503490157903748,0.15074337993581421,0.2803072010322763,0.23938524755527396,0.31874309237764686,0.10169920804777345,0.303055660365355,0.3221641921369015,0.32333623086756424,0.31829966733426596,0.1794148649729533,0.24874785233385768,0.24076421500924067,0.23521666887620893,0.2313026095865116,0.4403195466042694,0.29921143471938977,0.9563861305473168,-0.050944467269151396,0.22939570133047946,0.11048532094856023,0.5482846399149474,0.37627114360021596,0.04715893027158748,0.2802285510459778,0.157106120254551,0.3943911991419663,0.19614391872215053,0.2943863241594706,0.3853367070552423,0.13212460825209024,0.5189218095437416,0.22139659901742434,0.20131778418072607,0.22126553803592353,0.3315976225243484,0.11306019752009805,-0.04073425563291004,0.3388141938101245,0.33005131050719855,-0.2592550010477587,0.7686387019844628,-0.3964090833498976,-0.2013785568773817,0.095949432719673,0.26198625656355257,0.05557549505001932,0.013124197541879951,0.15129985129542942,-0.2226173107634481,-0.020382108999358575,0.03592020402246391
0.0612157635611481,0.23399293248887282,0.2007672184505699,0.20216842910622645,0.23660902179964213,0.2903086618678977,0.199166995420249,0.23153565098695103,0.28748081374764195,0.025014348728173357,0.18942326330466552,0.18416581723537967,0.06940022138407154,0.10149271069754282,0.10395004371324865,0.016398646703912605,0.15882591752071792,0.20385923241876155,-0.24460181798995695,0.1529462888416454,0.06738513999263632,0.12691574387221174,-0.09024069981851118,-0.057237398051081224,-0.050944467269151396,1.533006516554339,0.17890751792366957,0.1702722209175677,-0.21829847232318075,-0.08012492999591421,0.14052399422501083,0.12264111834737262,0.15862647525348764,0.0555887473892609,0.10161387918489423,0.1535302226878778,-0.30487150002649593,0.13721670746357173,-0.8123599179340473,0.05848704542228138,0.08080533085793093,0.1129896474232868,0.3822960445769019,0.020966990042512824,0.25907181833838283,0.03066970472115537,-0.07183605021798437,0.22793756011420307,-0.5327691752214623,0.39703858494586086,0.045776538152219146,-0.3044820752027672,-0.24671696253505776,-0.07571854516430511,0.016204596727161843,-0.031330657133541814,-0.004760946612131848,-0.09817288069312867,0.05615760447370854
0.09852577713019121,0.3463493476147809,0.29269517122032285,0.11447411617620536,0.08340211239206291,0.19123655431546147,0.20579675251952143,0.1663083165955694,0.18357546583326861,0.226250801459416,0.2385765624419376,0.29974132572046874,0.10206213205547503,0.19592234471011907,0.20855742917237152,0.23421379149026048,0.29173086242872664,0.08051729102473652,0.20170310739828853,0.3798514959208684,0.18564979393797232,0.18950372857990014,0.14823712890876378,0.16751521269560465,0.22939570133047946,0.17890751792366957,0.6720531409865353,0.2423889918645151,0.21775654266877856,0.16026952939180453,0.09085189970242731,0.21890990115188405,0.2954255291769207,0.16160414908435963,0.17090927077014514,0.23660082075295907,0.3507307066191377,0.18636896608589462,0.22807217655525297,0.22715644110620112,0.2300381997804348,0.18564546811767066,0.5306747108044902,0.16731327326049955,0.06998054975234493,0.1925708443871289,0.15262428077470988,-0.012035107099726711,0.4297911381113656,-0.06679485232014731,-0.11717383066163226,0.1254990140068098,0.020535159181643916,0.021946785710945667,-0.03962760435033002,0.022561783551160865,-0.052099805851453525,0.10744730313177599,-0.10726436298476877
0.04476998825609676,0.5072443241533856,0.3861857735697391,0.06193905649284539,0.036361192477601806,0.06351705373435584,0.12496719936206707,0.02846972613093785,0.18975581190672297,0.2244714427893551,0.141141332559504,0.06471960284836978,0.06566610694858754,0.12985504950638485,0.33148809847930166,0.12343015612414146,0.19773976750548594,0.23006420361491897,0.49354848606193674,0.2635158725190459,0.33583934642612995,0.13037039480859075,0.13738277479721328,0.2134133481831982,0.11048532094856023,0.1702722209175677,0.2423889918645151,1.7701184207700464,0.006384451425180572,0.2478683630081035,0.2758757723261403,0.16399888986319644,0.8141593831402474,0.14016713650768656,1.4603622146538162,0.29459908216883335,0.8989818206852805,0.16574608683745157,0.11526376554807391,0.47835948196393996,0.40920341405523136,0.4056044840627283,0.6259187909399697,-0.15667858641322066,0.22487973787331814,0.20762326346625115,0.2692162975328946,0.23601059886196454,0.5618433910402603,0.6649873645056504,-0.37899500096265093,0.6436793758322984,-0.6301029577001789,-0.11865324361593214,-0.1273498175984592,-0.010411257779479162,-0.16167721172225977,0.11579633032382798,0.18034575878046955
0.13244669667652365,0.4613173060735572,0.5651315730128919,0.21756452516711686,0.17293024987834135,0.33963471483855995,0.26827445029215485,0.2546062017675854,0.18918837195284519,0.3054829327892653,0.2752744374452935,0.3625157547519963,0.131343861945142,0.39549753921479675,0.3737866940919505,0.37161948390530186,0.4381420435317844,0.208150173176536,0.28188298706500736,0.2443286756319254,0.3639582040913175,0.2913711168418959,0.4736896367632118,0.3162502253579544,0.5482846399149474,-0.21829847232318075,0.21775654266877856,0.006384451425180572,2.5341052064573697,-0.13747292774215333,-0.08803118769209566,0.42368704530046974,-0.025280826094195585,0.7636787100739577,0.1616697433334292,0.5245780888014345,-0.06356158017933111,0.09767878953833511,0.5938699680759558,0.08228965979186281,0.19925969505442698,0.33268218258418425,0.10466213489370213,-0.18018944032320935,0.08098402773170939,0.24106240316551075,0.04316223476287091,-0.15114942287620217,0.2978497490371741,0.168454554649213,-0.4620012299743172,0.09665411374522392,-0.01426885045337199,0.08225225410055316,-0.029010483012045372,0.20631965350516537,-0.5331474034469252,0.002283341453337931,0.2237006809296568
0.17324082943042632,0.419314612797314,0.3938283988633466,-0.02912296144454684,-0.12363348255656224,-0.007284971462161694,0.11313845448439902,0.15630019341798676,0.15823286564607517,0.3224703995921824,0.08432232966748897,0.08895324192308303,0.08080480490742308,0.30669528678727254,0.35394875845219465,0.11574389632650522,0.05452612659621404,0.15289590336546446,0.19537111625598647,0.30274340150206785,0.2507666413898544,0.14509933138535344,0.5699924208869076,0.32845767528283776,0.37627114360021596,-0.08012492999591421,0.16026952939180453,0.2478683630081035,-0.13747292774215333,3.4449543519046415,-0.11114250791983435,0.32431688896243605,0.6378432971238936,-0.0909856965821191,0.13709213125250316,0.32023214685618256,1.0269049815277236,0.19481573293034554,1.0210097197653585,0.5022986960818373,0.7937502964619508,0.21320126035868345,0.8435091352419992,0.03794306108075337,0.06308046910100784,0.9258247360073079,1.6530390987439187,-1.1031951881324846,3.3767662175903044,-0.18680143534522328,-0.30425742358234664,-0.17059134571545725,0.2583859162891462,0.12189983357085271,-0.1493623257441697,-0.3273118752186139,-0.17775562047435783,0.36421173677097596,0.3370494201576294
0.02758355244978743,0.29564296228524617,0.12967337871318552,0.11995726254578504,0.16930967277458098,0.20167981867650514,0.12057024687496076,0.18850589516753835,0.17328867343105095,0.22860742140575943,0.2111800210756317,0.12319793966871781,0.06414193849277439,0.1310750672572387,0.21314202000339755,0.11002630934990433,0.08388914364216024,0.3411273784722144,0.4960562577189468,0.06322249173395546,0.3167062897200095,0.10278004100400241,-0.3269335451635458,0.47410998415539285,0.04715893027158748,0.14052399422501083,0.09085189970242731,0.2758757723261403,-0.08803118769209566,-0.11114250791983435,1.5969552507919167,0.1667000118615342,-0.004254952054840841,0.03874499320648786,0.31752007300871465,0.4143005247104148,0.16036771219293566,0.1474877297187443,0.11642998267096295,-0.017276655952067836,0.42017147885320116,0.3164329412278425,-0.07448311094339015,0.052049966626012675,0.39330007352445456,0.3688489666895705,0.1125173914057242,-0.16560489135687884,-0.29766966060660466,0.198585250052672,0.022695080804719495,0.16047823565421207,-0.2518511550943246,-0.10574878393258519,-0.10897549376450376,0.14602938844803895,0.3111867677374266,-0.13208674045299074,-0.23217999623530453
0.10111652807449639,0.24040762515407965,0.2506341402797544,0.17569099674267408,0.17314220667044258,0.24754074415556246,0.186704263024607,0.24199362942506464,0.1953988222006643,0.2805725742279523,0.1666885391484303,0.2516613430948155,0.10435570454121647,0.5785418458216731,0.2727389898709739,0.3404527592908036,0.2809808058168422,0.17999297038556136,0.16816361419478584,0.14011106194028333,0.23867133644341912,0.2529344779189875,0.23816790131597582,0.22988318342525912,0.2802285510459778,0.12264111834737262,0.21890990115188405,0.16399888986319644,0.42368704530046974,0.32431688896243605,0.1667000118615342,0.7888478947791315,0.20091819606785277,0.2465926658052941,0.0013034495448711104,0.3945091423208526,0.23052919699255375,0.10892086985585452,0.3173707464039393,0.1266914036832603,0.2496569675603863,0.22266998159883084,0.2789358955012257,-0.030457539628449215,0.022715420643688367,0.4233457676020317,0.28870507087813435,-0.3502816129167791,0.6829805838983463,-0.018978222229549653,0.0050360475591351385,0.17624584855397862,-0.24004001252644475,0.03049787369012901,-0.15305384559844043,0.14951651572486466,-0.2351077841429494,0.1516522912326737,0.019415098250754114
0.10591050533473387,0.4931827520383468,0.32316571378326686,0.06848068290674504,0.05022673758526593,-0.01691032514283095,0.15145828062354583,0.08058621886132322,0.22265579147237521,0.22071678220192603,0.1248270133589244,0.12302453880664017,0.06820664836894375,0.18536607245327233,0.3064586610637516,0.11425982306875816,0.23101943118743815,0.15540398018906224,0.432128685815036,0.45739066033386805,0.3366837165495369,0.1419942155298521,0.33192899102943635,0.16019777847538255,0.157106120254551,0.15862647525348764,0.2954255291769207,0.8141593831402474,-0.025280826094195585,0.6378432971238936,-0.004254952054840841,0.20091819606785277,1.8762305609760006,0.01871827910998674,-0.15223509216087755,0.22440426239248326,0.8781759376257081,0.2771737941927383,0.17453479511044237,0.19587492049703661,0.2191451105947522,0.3511366614364571,0.4192117535717671,0.13482608583000458,-0.05235254440979334,0.3901428194468563,0.5267503930108776,0.06614118743840891,1.3401360732584076,0.4890067327280142,-0.22231523923813742,0.37551470705353357,-0.19248411267960205,-0.22250641671258778,-0.19542957815355214,-0.025659484067652356,-0.22785520413046428,0.10642725181544346,0.3400434689908156
0.005204954329441485,0.22088520345243903,0.3529726217068241,0.24814368682232127,0.23136358247455283,0.23606473609485792,0.2008481607065454,0.2050855621886954,0.18183311818379147,0.36081587806000964,0.17484136658047159,0.24518842974130498,0.10112779794653802,0.24091084231176343,0.293551671278029,0.2579049937486254,0.25626100902140875,0.2331563800854988,0.23740353796776895,0.22050805497309134,0.16962151753866608,0.21286371501161866,0.5097459516554439,0.2994262174655122,0.3943911991419663,0.0555887473892609,0.16160414908435963,0.14016713650768656,0.7636787100739577,-0.0909856965821191,0.03874499320648786,0.2465926658052941,0.01871827910998674,1.743121786104674,0.2563612754205472,0.24683482022672854,0.6194689570906545,0.10497958382608741,0.22944993168279662,-0.08062326325504621,0.07637377565131324,0.10566346597695335,0.19758778519779338,0.10911945150571505,-0.4673676031912868,-0.09857270161457878,0.144463424146994,0.4456715061488316,0.49303403579174043,0.07767799833654379,-0.25102038575775143,0.15456020772822768,0.030138751291825167,-0.11357195053281989,-0.058461197634605507,0.15712674249864866,-0.43974198330577396,0.03318484832236571,0.20135248993281488
