3.1582409915227263,0.2769453006847486,1.0605562577352494,0.240708297890733,0.9211274256170104,0.22377173302957157,0.8653156601135868,0.6499481790050505,0.35566928938125375,0.8170213020388059,0.4960080620042376,0.556762890302592,0.6032638105823914,0.9546217775315905,0.4135488245338681,0.6413959968756999,0.4473748913228647,0.756827663858228,0.39784602894399695,0.40019718867800724,0.5072517389107485,0.5374030945356524,0.954595161848181,0.4377600663302781,0.636261089458288,0.08910596291841913,0.4811520471692401,0.3878245327298659,0.8263460724250714,0.26682703212309644,0.48742877345225877,0.16148857151255233,0.7242229834967762,-0.043654777534468614,0.638777242365579,0.2401479695098356,0.988570911051332,0.2619007188992017,0.8170766135728497,0.038993373800028666,0.6859203357093714,0.39160678146990596,0.6424296420355389,0.13866819564787702,0.16112343357217604,0.7939466354995812,0.39790040438521096,0.26573736769459566,0.9863193131344145
0.2769453006847486,2.1689391134442775,0.1862824459531511,-0.16899081738549132,0.06025659254354692,0.35873144455073325,0.13732419655847816,0.23017586771935303,0.19051637863684864,0.1435732633866833,0.18895001029424338,0.15551077655375886,0.12810901673022498,0.02685786736647858,0.38096293918049695,-0.02658794913210858,0.15393532655802944,0.05554690227973888,0.06461759828993882,0.28886469739011944,0.23324862555263687,0.08571275977444462,-0.10645197328768732,0.08033942415149611,0.13245651679294113,0.26847452646230824,0.18842986705715314,0.1837843810882228,0.25088074067618327,0.06498545442827594,0.1620834295787575,0.18233440748371824,0.0984832056207507,0.08807351727261169,0.2513634345223236,0.10807496336959804,0.14811975533671495,0.15917203597815743,0.13747495284590663,0.05963557738588071,0.09202145624689828,0.10349818843398599,0.16706842273662376,-0.015983114234365253,0.04105091081255045,0.18346151955181939,0.06081909620704323,0.066505997227362,0.2922976662012062
1.0605562577352494,0.1862824459531511,2.5280401054965282,0.3221795759267524,0.4177643022460535,0.2598891225282762,0.3056384487818524,0.6619625514443984,0.4637063287542763,0.8701840025267538,0.5283361449178147,0.42234967205931623,0.5026827291728279,0.5762489997304644,0.43736419215632855,0.4906388982493607,0.5272413877081883,0.6568797696867554,0.328001633401661,0.561177863085421,0.47046473313799103,0.5422868588953426,0.6659059248661676,0.3812568097250523,0.5466488065562027,0.11406056853661972,0.6328793514073615,0.5572200785344369,0.7932166515502925,-0.17921413669900627,0.5025660607762006,0.26027461806329705,0.6375928086354029,0.5439370156859077,0.6633446133360201,0.22746983188316414,1.1132860187222895,0.3255607491663188,0.7009486225953556,-0.34647677486139367,0.4566873441536652,0.4279706464542396,0.764265182511754,0.09463110923272201,0.274157925751923,0.8211490756934663,0.2705858313559929,0.1144946944266288,0.5807442717693517
0.240708297890733,-0.16899081738549132,0.3221795759267524,1.224223792783,0.27968476438019246,0.38811342952662703,0.34453640176561073,0.35314480078415983,0.1701698715073794,0.2012087532460952,0.30400865834236906,0.331891492883383,0.4157500871620766,0.4527572166336127,0.16767507487441374,0.43342354014384155,0.2773800807784286,0.32215884871812883,0.23046613171624894,0.2578159295594948,0.24538060888511107,0.3049818470970682,0.30607154917608514,0.27678699877238405,0.30729617235684936,0.16433641603637042,0.27577747196566677,0.2771268130401729,0.34290417362339226,0.03681261308850541,0.22253933471159262,0.32962447463691436,0.31868365468622956,0.39350894644284934,0.05851746584932662,0.1493068756541428,0.3869461353966981,0.159446849165631,0.3230966131604469,0.030333214139991557,0.14835564198144327,0.16863398329504597,0.33128019399166664,0.09975553458290097,-0.019909240587710906,0.2990144866514674,0.2365883671474847,0.04051659453171074,0.33788472442667855
0.9211274256170104,0.06025659254354692,0.4177643022460535,0.27968476438019246,1.0608126906150404,0.122826837128323,0.37012521799744513,0.3514554158536783,0.25431875141292126,0.3326591594639732,0.25658186731202437,0.2832944563665168,0.35936032183368516,0.36619941179686133,0.20723935325805726,0.4914991385672487,0.2554268401826054,0.36075273094967303,0.3712783312293872,0.1648622451271913,0.24149889655923945,0.3602935509438704,0.3746893367040365,0.23130520883530029,0.3146330340870851,0.19515822562332683,0.28053187718065625,0.19819904721881992,0.31556509670425786,0.12462941963274538,0.2736959537804361,0.16984103187480223,0.3689039962861886,0.3553506270624122,0.14896984427097038,0.2108319156854109,0.5961491613807892,0.12861602471420938,0.31172161991958,0.014263703876643637,0.36355133053375094,0.2702561179104343,0.28102299694025296,0.05252592967323933,-0.07460903622087467,0.44895706871509744,0.2316235813715485,0.1299773170456914,0.5244513966852743
0.22377173302957157,0.35873144455073325,0.2598891225282762,0.38811342952662703,0.122826837128323,0.9283456756618701,0.20162221605332525,0.4271107637449122,0.2532853037329088,0.17464210209612585,0.3490517195792778,0.3395674523923699,0.352017744004968,0.28061835231021387,0.37228469980680795,0.23693549023171573,0.3617064755976008,0.31928604292895885,0.3902093194072155,0.36902333879021415,0.2907119530551517,0.26356389694339205,0.17660957058096086,0.23906025585456922,0.33705565071638255,0.1950156404127852,0.4151996211624202,0.38386259345360374,0.416481635698662,0.11175204147745163,0.27798273529459877,0.303254914674229,0.30478056878598236,0.30318001366490277,0.3748240790904056,0.12942773550850825,0.46553673153443464,0.21513232458508463,0.4299014301210331,0.09020639876454124,0.17091864836505502,0.2097623796977269,0.40663233379011277,0.053792500312596636,0.08896960042081882,0.33532547667293205,0.3254678167764327,0.12659198057653703,0.43626149748210485
0.8653156601135868,0.13732419655847816,0.3056384487818524,0.34453640176561073,0.37012521799744513,0.20162221605332525,0.6785333504409545,0.26018953020376506,0.2771773753757732,0.29433308173828515,0.3132165569843896,0.38827565286621823,0.32763891653666094,0.3309004670644906,0.1876919516684547,0.37747945716847026,0.2930342492928757,0.34809764550208433,0.19851939492572454,0.23119027054429853,0.2637546773324701,0.3336148584483465,0.3909558520982747,0.2274298302162647,0.3166261626440759,0.15154478609861352,0.33167562689041846,0.2520600988378881,0.41031416059327497,0.06969821383883415,0.2442013852576634,0.21887870686304708,0.29731985338126243,0.27064937599705413,0.32336694482556305,0.1238483271402865,0.43414818549008205,0.14879715589101938,0.3835817196921846,0.06681526714608775,0.1971550923786687,0.23168049296290988,0.3737240884800427,0.061431489334338146,0.07134261463998026,0.33213380383647834,0.11562493405304225,0.08234489607025572,0.5340418460230841
0.6499481790050505,0.23017586771935303,0.6619625514443984,0.35314480078415983,0.3514554158536783,0.4271107637449122,0.26018953020376506,0.8056699492705625,0.16958061553692466,0.40645129046971035,0.38492583891465004,0.2052992615336955,0.42561659127021906,0.4449040599090484,0.3209607702242061,0.3326716985721237,0.3375078028954791,0.3698348046071222,0.29401958649434934,0.36624946146504617,0.26060944548738046,0.270455407585482,0.3172704473610551,0.22177230411818422,0.3874819773790591,0.23337501417559556,0.40230667727534486,0.23508784080631975,0.4286634825503768,0.1367785601870231,0.2953956630136147,0.15248133556040444,0.3124304008409652,0.3500020759375793,0.4971206033658103,0.1260141941357488,0.6542071318312693,0.21635921307430098,0.41061805229741605,0.013977730874316356,0.3473913860977189,0.29312181479560934,0.48692150860681127,0.06886524850020337,0.1280188447467006,0.4491608329564275,0.34502094618437784,0.18609056952356295,0.4867463607987172
0.35566928938125375,0.19051637863684864,0.4637063287542763,0.1701698715073794,0.25431875141292126,0.2532853037329088,0.2771773753757732,0.16958061553692466,0.607390738301458,0.1676824394629322,0.25170345856138154,0.2511279583898831,0.21111033311442076,0.23124052823640334,0.2250736709096791,0.17049092465863003,0.2591306927395232,0.23828397073124932,0.1883264532486575,0.22289172030485127,0.24254606396284628,0.3467380824024548,0.24613969494504115,0.19060157609063375,0.19944554607408158,0.1537621465987298,0.2753066498492059,0.2993179059137413,0.32207569008054876,0.060468066907878947,0.2267621663010257,0.20590610220026184,0.27835275110929963,0.13058662953969452,0.2081460997819505,0.15045786446511264,0.3629436182106713,0.14125439285979866,0.35987277360332054,-0.01920086489164216,0.14205999807782785,0.16153210892676134,0.28161786074686435,0.02423970275120712,0.04460685676382399,0.28714580454448757,0.11561218258633424,-0.01805759095253476,0.39289498706860576
0.8170213020388059,0.1435732633866833,0.8701840025267538,0.2012087532460952,0.3326591594639732,0.17464210209612585,0.29433308173828515,0.40645129046971035,0.1676824394629322,0.8996244912745524,0.19040252897221205,0.2910370512665978,0.27767549720203544,0.40731030135444196,0.2015938643484481,0.34544349069683083,0.3084804413382975,0.3811501866381333,0.18936359319074192,0.3444062335769523,0.2822924332100566,0.31463032441773353,0.4163007957501951,0.26532344746487485,0.3592972317241175,0.17531824910491595,0.36291947618191867,0.29561873113006765,0.4309822177485568,0.08806849389862569,0.301046422215126,0.1894731907127936,0.392620056160745,0.5173454550084615,0.43628536859212297,0.10767419393644928,0.7151584853226046,0.20913646752178824,0.3391313307002069,-0.08877897255869419,0.3480131812726294,0.2730439684064366,0.4562324143980824,0.057120058077429335,0.0522290851535972,0.46145220531078296,0.27765981342744067,0.15385102700889253,0.5762867161988704
0.4960080620042376,0.18895001029424338,0.5283361449178147,0.30400865834236906,0.25658186731202437,0.3490517195792778,0.3132165569843896,0.38492583891465004,0.25170345856138154,0.19040252897221205,0.676912579427045,0.3130296490079623,0.4475901364184297,0.27384754040739845,0.3899244714922015,0.2801407194900909,0.3312763933802856,0.3745140450133978,0.19743159075062536,0.37570779508226965,0.28686750239212805,0.2836824736020359,0.3509444454683251,0.24253284892958712,0.326689900313277,0.13691365494017887,0.3910096148490979,0.3473235090830838,0.485331015633763,-0.005119914499386059,0.28428667575147454,0.26442894273667356,0.2995979452316769,0.2371728932013604,0.3914069579329731,0.11354869078425553,0.47941704957803843,0.21096485520145805,0.4688173770926216,0.04247209377534954,0.14987004874079532,0.23972740575791696,0.4292108646274791,0.04699617257096783,0.1537894110812015,0.3797751238594332,0.18330831716938537,0.09825707467974484,0.370754965288684
0.556762890302592,0.15551077655375886,0.42234967205931623,0.331891492883383,0.2832944563665168,0.3395674523923699,0.38827565286621823,0.2052992615336955,0.2511279583898831,0.2910370512665978,0.3130296490079623,0.6668984547508695,0.2912720152897022,0.2899762467824627,0.25870407118509386,0.27413180605559195,0.2826564443511019,0.37410436973243233,0.21745530667327254,0.26520664889665496,0.2774497388099569,0.285745343825428,0.34873344989778493,0.2258208832007997,0.3344390098820695,0.1800037414134561,0.38256043577009446,0.2185306694748584,0.4167288196687683,-0.035209289106373914,0.24929213047680482,0.2807750069781717,0.3014177750003055,0.30722424470356385,0.37027435153764593,0.10504861675494927,0.36778434329126647,0.16050338705855588,0.3968773020984508,0.03721330693285625,0.09674609682416892,0.21285846253119653,0.37021469487369346,0.04117753183912565,0.046917720264361425,0.3082853673298559,0.1478985748598262,0.08984788735722028,0.5096841186527701
0.6032638105823914,0.12810901673022498,0.5026827291728279,0.4157500871620766,0.35936032183368516,0.352017744004968,0.32763891653666094,0.42561659127021906,0.21111033311442076,0.27767549720203544,0.4475901364184297,0.2912720152897022,0.9751188617868654,0.38475099466325235,0.1584743818062764,0.46482883437669803,0.3227610325549104,0.4250705132445615,0.29811514997333854,0.26282894470055285,0.2830661756543135,0.37235027983609265,0.4225237339186805,0.255686785805184,0.3774223281874563,0.0929438913604408,0.4076168842121797,0.2993988789693421,0.5799679805878185,0.03698637910764635,0.28170458249909214,0.2471999329229658,0.3243497404403229,0.29903532003335126,0.43217229332767215,0.1307578304879395,0.5397377228065027,0.1590607489775171,0.4520470714936178,0.05195913161022071,0.25217821556176845,0.2642963222275333,0.5026767508000595,0.09124527863750465,0.0786842807653038,0.45435987205228023,0.2573593370094344,0.07753576602175093,0.43005253539052074
0.9546217775315905,0.02685786736647858,0.5762489997304644,0.4527572166336127,0.36619941179686133,0.28061835231021387,0.3309004670644906,0.4449040599090484,0.23124052823640334,0.40731030135444196,0.27384754040739845,0.2899762467824627,0.38475099466325235,0.9065799296273044,0.23814421868376187,0.3097834130094323,0.2538813764800834,0.32395855383609085,0.23622735168135958,0.2725286338838154,0.29349960739091596,0.27566518820584734,0.4878286834277668,0.2926865650476536,0.36993140179891637,0.12459184983863558,0.19627954189427357,0.283161793900903,0.4353180856035033,0.18603731281083627,0.26392397135775075,0.1699408384674054,0.435083128601374,0.16426114860251012,0.31030974768471137,0.12310445778856645,0.5683853236247431,0.1662111494696928,0.4068429858954282,-0.051334757505239546,0.3797728131168179,0.18805242877166845,0.3413476736790744,0.07747895124387637,-0.04529750934766699,0.420215661264309,0.3302940542647984,0.15562299192345863,0.603426064788857
0.4135488245338681,0.38096293918049695,0.43736419215632855,0.16767507487441374,0.20723935325805726,0.37228469980680795,0.1876919516684547,0.3209607702242061,0.2250736709096791,0.2015938643484481,0.3899244714922015,0.25870407118509386,0.1584743818062764,0.23814421868376187,0.8968438308341913,0.06009024659167095,0.3097695120409093,0.21719612178182152,0.22165197486666785,0.31444590021908614,0.2629028879586912,0.17052789796444853,0.26624830323887344,0.2323073784890866,0.3258919434516947,0.17620370477459985,0.30155276366041556,0.43655881781139433,0.3722342575061938,0.1128600873820836,0.23836054151700256,0.24990326039039845,0.3247357360985235,0.23825150792582986,0.27628327421505394,0.11534714912876246,0.43869718400218705,0.17379118893821657,0.3148267935171874,-0.028933830305980148,0.17560839850918963,0.19402342732811162,0.23545833319218856,0.00813793011283345,-0.014097788880062535,0.36415059646630843,0.19768784142465273,0.1550687986927641,0.39172487207459356
0.6413959968756999,-0.02658794913210858,0.4906388982493607,0.43342354014384155,0.4914991385672487,0.23693549023171573,0.37747945716847026,0.3326716985721237,0.17049092465863003,0.34544349069683083,0.2801407194900909,0.27413180605559195,0.46482883437669803,0.3097834130094323,0.06009024659167095,1.3299704362530629,0.4186057873739655,0.509754483948343,0.32250706392435136,0.3210313957369615,0.28391823977407515,0.6961497668265343,0.2880195034745937,0.24790224469395583,0.4452777749575136,0.021694572323727134,0.6165786689915373,0.4533962389776537,0.7445905933256708,0.08824626993443238,0.36205858296105453,0.3198609312562304,0.18894606819042395,0.4266813553453484,0.6849678702580713,0.19797215734756696,0.6342290812987484,0.209123195073689,0.5586603918204167,0.12870440789236337,0.22899323048222925,0.3162818681641208,0.6801295040235027,0.0997045896814525,0.2869097681203514,0.4016613875695055,0.31992461938022604,-0.21061750770053136,0.3713761855415462
0.4473748913228647,0.15393532655802944,0.5272413877081883,0.2773800807784286,0.2554268401826054,0.3617064755976008,0.2930342492928757,0.3375078028954791,0.2591306927395232,0.3084804413382975,0.3312763933802856,0.2826564443511019,0.3227610325549104,0.2538813764800834,0.3097695120409093,0.4186057873739655,0.7482901973541022,0.31581341417898806,0.2674129503555752,0.5279877421880198,0.36132498402102153,0.41195760249461133,0.3157797914253626,0.28058878534078524,0.37718664317922557,0.0018823038745813855,0.6896159180687679,0.790481747976591,0.5677961064362099,0.0026797287206638152,0.3658308238544104,0.3387757168895289,0.34831688902453933,0.3589297682812164,0.4870447180111617,0.14110026189431088,0.6880273454262122,0.29794085752486865,0.6129469635313902,0.13776251756533375,0.2028746672022631,0.4117517545189607,0.6809070631829609,0.0523607578490479,0.38655544125186814,0.4080224813653279,0.20461614234593176,0.08560564320234101,0.5115467385294278
0.756827663858228,0.05554690227973888,0.6568797696867554,0.32215884871812883,0.36075273094967303,0.31928604292895885,0.34809764550208433,0.3698348046071222,0.23828397073124932,0.3811501866381333,0.3745140450133978,0.37410436973243233,0.4250705132445615,0.32395855383609085,0.21719612178182152,0.509754483948343,0.31581341417898806,1.2158091418042434,0.27072625353967733,0.1874453951391256,0.28437745886669985,0.40110496418512437,0.7371827635099542,0.19458070870251787,0.46607516605962546,-0.46203856289001294,0.7281798673674026,0.4700459432068924,0.5523482924520109,0.011141504716919926,0.4130779147118716,0.0637166820568,0.4393458924145945,0.29053163017168443,0.5167939908346133,0.1982044940146345,0.7137633976238665,0.11610193276838535,0.8152461928260847,-0.0563011045576287,0.06593105521304643,0.18039452989346635,0.7047492402858672,0.10071572502380839,0.34700453422693006,0.34690422130999055,0.538826766374066,-0.11708479631601514,-0.02524877696584681
0.39784602894399695,0.06461759828993882,0.328001633401661,0.23046613171624894,0.3712783312293872,0.3902093194072155,0.19851939492572454,0.29401958649434934,0.1883264532486575,0.18936359319074192,0.19743159075062536,0.21745530667327254,0.29811514997333854,0.23622735168135958,0.22165197486666785,0.32250706392435136,0.2674129503555752,0.27072625353967733,0.6217195893724862,0.10847363058357315,0.23012531355839685,0.2827612758122287,0.16061070229840763,0.1789293254096692,0.27118395084704705,0.061420279871964405,0.33790769383857766,0.2848480848142606,0.2941147700103791,0.13965815814123808,0.2528815649815668,0.12496545436945357,0.3261702570530394,0.2224949691924623,0.2446831573629749,0.21279168112731559,0.4863038461408129,0.09259941278670589,0.36212152172991574,0.018262158377292257,0.28640407930002876,0.21385473838243044,0.24191384173829186,0.04016182429704546,-0.0018968262312373564,0.373106884580592,0.21971683073655365,0.10669800101869507,0.3529356816125883
0.40019718867800724,0.28886469739011944,0.561177863085421,0.2578159295594948,0.1648622451271913,0.36902333879021415,0.23119027054429853,0.36624946146504617,0.22289172030485127,0.3444062335769523,0.37570779508226965,0.26520664889665496,0.26282894470055285,0.2725286338838154,0.31444590021908614,0.3210313957369615,0.5279877421880198,0.1874453951391256,0.10847363058357315,1.7118769195661268,0.41988916473179033,0.285005162029775,-0.005611798332493636,0.38905473661671547,0.3213697242550705,0.04572675070693797,0.6252392639135375,0.6369043180821351,0.7129725056252585,0.09971580080869344,0.4590073340362865,0.6230006380189682,0.3689861030376792,0.4369657211916598,0.5316541801694782,-0.12159091305946565,0.993201710598399,0.8542869243430967,0.923922062232557,0.20188496065749723,-0.09640136826005256,0.2806871179776448,1.1038469547845646,0.12466044023444305,0.9357527855672437,0.34395071987911335,0.008587101742601896,0.3383240863132182,0.9452139432275419
0.5072517389107485,0.23324862555263687,0.47046473313799103,0.24538060888511107,0.24149889655923945,0.2907119530551517,0.2637546773324701,0.26060944548738046,0.24254606396284628,0.2822924332100566,0.28686750239212805,0.2774497388099569,0.2830661756543135,0.29349960739091596,0.2629028879586912,0.28391823977407515,0.36132498402102153,0.28437745886669985,0.23012531355839685,0.41988916473179033,0.5926985192532748,0.31939303451567186,0.32730417497328984,0.3112899180510178,0.31002039593914427,0.1827554465312932,0.3305136514657368,0.453079531205555,0.5876624360711545,0.12439125144723574,0.3656808681275525,0.34788503373349666,0.48770425146516627,0.21412283206950725,0.3140861893816041,0.269590341115529,0.4966749231903581,0.24210416302093626,0.47528898135616326,0.04680278685917077,0.25912748531767954,0.2267549733733999,0.392038446010015,0.03242863467250632,0.08075038100672115,0.43484820845800987,0.19820424599531702,0.0894559642373595,0.5756343461468713
0.5374030945356524,0.08571275977444462,0.5422868588953426,0.3049818470970682,0.3602935509438704,0.26356389694339205,0.3336148584483465,0.270455407585482,0.3467380824024548,0.31463032441773353,0.2836824736020359,0.285745343825428,0.37235027983609265,0.27566518820584734,0.17052789796444853,0.6961497668265343,0.41195760249461133,0.40110496418512437,0.2827612758122287,0.285005162029775,0.31939303451567186,0.9739459320250367,0.2887066272020032,0.253125112102944,0.34320847633845614,-0.01989366650193236,0.5902232076644629,0.45148328394374626,0.7312943007105916,0.04656791933803791,0.3524347769421996,0.36357672455838136,0.26056094759809895,0.3650058141020051,0.4658177822097396,0.28627361959319864,0.4904949958972181,0.20596393927822662,0.6397158322895072,0.025267021803168897,0.1017035061714325,0.27283244520478817,0.5880362275769354,0.058918091882190694,0.15436547192557934,0.3714606496930869,0.22921231111505938,-0.43169606513294706,0.4493015646744341
0.954595161848181,-0.10645197328768732,0.6659059248661676,0.30607154917608514,0.3746893367040365,0.17660957058096086,0.3909558520982747,0.3172704473610551,0.24613969494504115,0.4163007957501951,0.3509444454683251,0.34873344989778493,0.4225237339186805,0.4878286834277668,0.26624830323887344,0.2880195034745937,0.3157797914253626,0.7371827635099542,0.16061070229840763,-0.005611798332493636,0.32730417497328984,0.2887066272020032,1.7867164831766245,0.43935364158040086,0.6169801573677611,-0.1627198642999198,0.2004334702260316,0.34275238182219764,0.6098876583790513,0.1720316468955418,0.20721334314913772,0.03518338484144089,0.8270988786411326,0.26626042910711445,0.40697901839514017,-0.09820911411878161,0.9498227951932283,-0.0014697008556317267,0.6788942802480434,-0.1815064182041898,0.35129523478737573,0.25429059810010146,0.4150911073613786,0.12654026075717684,-0.07389654071508982,0.5571480985652968,0.4691564402673458,0.3777469439587641,0.7629953951223792
0.4377600663302781,0.08033942415149611,0.3812568097250523,0.27678699877238405,0.23130520883530029,0.23906025585456922,0.2274298302162647,0.22177230411818422,0.19060157609063375,0.26532344746487485,0.24253284892958712,0.2258208832007997,0.255686785805184,0.2926865650476536,0.2323073784890866,0.24790224469395583,0.28058878534078524,0.19458070870251787,0.1789293254096692,0.38905473661671547,0.3112899180510178,0.253125112102944,0.43935364158040086,0.6527973700989561,0.2905949165036801,0.20255838591996148,0.13945523935727921,0.3359033316273882,0.3176083392817819,0.2742052454953943,0.26552172601060703,0.5154845019002323,0.5362183144187849,0.26163727859128855,0.18347045044816923,0.018861573838426897,0.5058006846813908,0.23131490594288895,0.2587400320820334,-0.038695949525159846,0.2855691949984729,0.18155984831123997,0.3435111222642986,0.03759889524062494,-0.08578924058756106,0.3788056744143265,0.22637068948443542,0.21534356379872566,0.7609112288039186
0.636261089458288,0.13245651679294113,0.5466488065562027,0.30729617235684936,0.3146330340870851,0.33705565071638255,0.3166261626440759,0.3874819773790591,0.19944554607408158,0.3592972317241175,0.326689900313277,0.3344390098820695,0.3774223281874563,0.36993140179891637,0.3258919434516947,0.4452777749575136,0.37718664317922557,0.46607516605962546,0.27118395084704705,0.3213697242550705,0.31002039593914427,0.34320847633845614,0.6169801573677611,0.2905949165036801,1.008468608267948,0.08886970922894911,0.4546592765670788,0.4081972159367544,0.9069299737751294,0.24524281354027344,0.2711411183428704,0.26420303240772713,0.3572387227547051,0.4517184016901057,0.6087468248053534,0.08886629795708194,0.7664422611157848,0.20963748571411303,0.48772969256893905,-0.052034404632934794,0.16788589438997123,0.28898976643090357,0.5280292435274638,0.09174473690023563,0.24791191648923788,0.4877533307505929,0.3968661831405359,0.027434959352945463,0.21868302169169515
0.08910596291841913,0.26847452646230824,0.11406056853661972,0.16433641603637042,0.19515822562332683,0.1950156404127852,0.15154478609861352,0.23337501417559556,0.1537621465987298,0.17531824910491595,0.13691365494017887,0.1800037414134561,0.0929438913604408,0.12459184983863558,0.17620370477459985,0.021694572323727134,0.0018823038745813855,-0.46203856289001294,0.061420279871964405,0.04572675070693797,0.1827554465312932,-0.01989366650193236,-0.1627198642999198,0.20255838591996148,0.08886970922894911,2.7668211867627863,-0.6246088790985638,0.03956521176935892,-0.14396525559822496,0.09050902525202614,-0.10736432544570121,0.4002162434456287,0.21187468996494188,0.4237375831821631,-0.016563731031663812,-0.1493832259490147,0.057803195406999526,0.10681634798392496,-1.4474442426035399,0.1551772779380115,1.071367544379417,0.18290248385241423,-0.17256702165486842,-0.19918298802281184,-1.0607341790267009,0.5753004929030976,-0.1291245745714615,0.8692915501511478,1.7628762300850305
0.4811520471692401,0.18842986705715314,0.6328793514073615,0.27577747196566677,0.28053187718065625,0.4151996211624202,0.33167562689041846,0.40230667727534486,0.2753066498492059,0.36291947618191867,0.3910096148490979,0.38256043577009446,0.4076168842121797,0.19627954189427357,0.30155276366041556,0.6165786689915373,0.6896159180687679,0.7281798673674026,0.33790769383857766,0.6252392639135375,0.3305136514657368,0.5902232076644629,0.2004334702260316,0.13945523935727921,0.4546592765670788,-0.6246088790985638,3.1339247920873867,1.1493461130867735,0.4122966595281774,-0.07314923948598366,0.6395142325340727,0.4224253472954864,0.2515548703549565,0.46824993604888643,0.8429395142367209,0.556826622151607,0.6538853460215952,0.3405594280344629,1.0840120231248764,0.2092711998345287,-0.12439459573500804,0.38671593307955754,1.6762074032714007,0.007705396611661742,0.4940931464616748,0.29613517552201013,0.2317747494373397,-0.16776617195307725,0.6762134901450245
0.3878245327298659,0.1837843810882228,0.5572200785344369,0.2771268130401729,0.19819904721881992,0.38386259345360374,0.2520600988378881,0.23508784080631975,0.2993179059137413,0.29561873113006765,0.3473235090830838,0.2185306694748584,0.2993988789693421,0.283161793900903,0.43655881781139433,0.4533962389776537,0.790481747976591,0.4700459432068924,0.2848480848142606,0.6369043180821351,0.453079531205555,0.45148328394374626,0.34275238182219764,0.3359033316273882,0.4081972159367544,0.03956521176935892,1.1493461130867735,2.354371493336583,0.6208229155214798,-0.10973664961905107,0.40660302170553503,0.5704754765162497,0.5257401537558273,0.41229345491107966,0.4531575139333466,-0.010200406697938801,0.6672691751747032,0.3419514826479674,0.6714437467937574,-0.017757917864302107,0.030342299448177994,0.0425010944674798,0.7796287894137973,0.035293492131736874,0.057496767660436335,0.279613268168994,0.17713640133276237,0.049831500271831815,1.013074069195821
0.8263460724250714,0.25088074067618327,0.7932166515502925,0.34290417362339226,0.31556509670425786,0.416481635698662,0.41031416059327497,0.4286634825503768,0.32207569008054876,0.4309822177485568,0.485331015633763,0.4167288196687683,0.5799679805878185,0.4353180856035033,0.3722342575061938,0.7445905933256708,0.5677961064362099,0.5523482924520109,0.2941147700103791,0.7129725056252585,0.5876624360711545,0.7312943007105916,0.6098876583790513,0.3176083392817819,0.9069299737751294,-0.14396525559822496,0.4122966595281774,0.6208229155214798,3.7645786393346112,-0.38154648711490335,0.22064533492919305,0.6534097934221019,0.06743966041212768,0.3690802191701215,1.0431375989335203,0.03979726855044841,0.7119975641045221,0.3521822187831453,0.8724842666049414,0.4080370015458833,-0.0269667983495325,0.4074128113281252,0.7841229300852481,-0.07038498304938819,0.9522532858414288,0.8540736935031787,0.0981279638283309,-0.0710506111281469,0.9485118083965118
0.26682703212309644,0.06498545442827594,-0.17921413669900627,0.03681261308850541,0.12462941963274538,0.11175204147745163,0.06969821383883415,0.1367785601870231,0.060468066907878947,0.08806849389862569,-0.005119914499386059,-0.035209289106373914,0.03698637910764635,0.18603731281083627,0.1128600873820836,0.08824626993443238,0.0026797287206638152,0.011141504716919926,0.13965815814123808,0.09971580080869344,0.12439125144723574,0.04656791933803791,0.1720316468955418,0.2742052454953943,0.24524281354027344,0.09050902525202614,-0.07314923948598366,-0.10973664961905107,-0.38154648711490335,2.6576304037776293,0.2631357943653035,-0.11355217858025983,0.23060533524938895,-0.11551042844734438,0.3279177905365229,0.6921050079492911,0.5235234160296879,0.09636086019675712,0.214847461026367,-0.3197330004331966,0.41080646002081433,0.03366915747946939,0.09377861138428112,0.09064166915782232,-0.11044946513052685,0.024848497983142915,1.1992821226947028,-0.1309115726183482,-0.3314551141028458
0.48742877345225877,0.1620834295787575,0.5025660607762006,0.22253933471159262,0.2736959537804361,0.27798273529459877,0.2442013852576634,0.2953956630136147,0.2267621663010257,0.301046422215126,0.28428667575147454,0.24929213047680482,0.28170458249909214,0.26392397135775075,0.23836054151700256,0.36205858296105453,0.3658308238544104,0.4130779147118716,0.2528815649815668,0.4590073340362865,0.3656808681275525,0.3524347769421996,0.20721334314913772,0.26552172601060703,0.2711411183428704,-0.10736432544570121,0.6395142325340727,0.40660302170553503,0.22064533492919305,0.2631357943653035,0.8242146060079404,0.14702968688185528,0.3770945481409588,0.2394051580992572,0.45527978345900577,0.5781871111751032,0.7450629553093995,0.28825927771027915,0.5766338387228596,0.07069492767569481,0.43596230546551873,0.32831039178377275,0.5323925343278484,0.08010385532916914,0.2963792302138452,0.5331641468779069,0.32224087732585593,-0.010433020025474362,0.00829831982187978
0.16148857151255233,0.18233440748371824,0.26027461806329705,0.32962447463691436,0.16984103187480223,0.303254914674229,0.21887870686304708,0.15248133556040444,0.20590610220026184,0.1894731907127936,0.26442894273667356,0.2807750069781717,0.2471999329229658,0.1699408384674054,0.24990326039039845,0.3198609312562304,0.3387757168895289,0.0637166820568,0.12496545436945357,0.6230006380189682,0.34788503373349666,0.36357672455838136,0.03518338484144089,0.5154845019002323,0.26420303240772713,0.4002162434456287,0.4224253472954864,0.5704754765162497,0.6534097934221019,-0.11355217858025983,0.14702968688185528,1.9274068659015329,-0.02266475942573209,0.5081287733437373,0.023584947866240807,-0.13301554179084069,-0.11433830441539702,0.36921269775643356,0.26870178948289464,0.06652815410082175,-0.27585419956765544,0.017630129509932084,0.5124746263927001,0.025827331749346937,0.006669917757545031,0.18245373194409906,-0.07365787076940881,-0.04268344484762155,0.6226119921548631
0.7242229834967762,0.0984832056207507,0.6375928086354029,0.31868365468622956,0.3689039962861886,0.30478056878598236,0.29731985338126243,0.3124304008409652,0.27835275110929963,0.392620056160745,0.2995979452316769,0.3014177750003055,0.3243497404403229,0.435083128601374,0.3247357360985235,0.18894606819042395,0.34831688902453933,0.4393458924145945,0.3261702570530394,0.3689861030376792,0.48770425146516627,0.26056094759809895,0.8270988786411326,0.5362183144187849,0.3572387227547051,0.21187468996494188,0.2515548703549565,0.5257401537558273,0.06743966041212768,0.23060533524938895,0.3770945481409588,-0.02266475942573209,2.2687886220323574,0.24777649485881797,0.014090673929445083,-0.16666411011912824,1.3062759850596337,0.21979683099929911,0.0997386306850821,-0.53383008138095,0.37691722472303285,0.23763949752949678,0.30756052558434893,-0.042241316800431944,-0.6779895752603453,0.5537379546239409,0.40550432979427176,0.5139513326405918,1.3562341445767685
-0.043654777534468614,0.08807351727261169,0.5439370156859077,0.39350894644284934,0.3553506270624122,0.30318001366490277,0.27064937599705413,0.3500020759375793,0.13058662953969452,0.5173454550084615,0.2371728932013604,0.30722424470356385,0.29903532003335126,0.16426114860251012,0.23825150792582986,0.4266813553453484,0.3589297682812164,0.29053163017168443,0.2224949691924623,0.4369657211916598,0.21412283206950725,0.3650058141020051,0.26626042910711445,0.26163727859128855,0.4517184016901057,0.4237375831821631,0.46824993604888643,0.41229345491107966,0.3690802191701215,-0.11551042844734438,0.2394051580992572,0.5081287733437373,0.24777649485881797,2.0316751464594187,0.4479384355518464,-0.06444510104396266,0.8512425449549467,0.25476232852439307,0.09295761755848071,-0.3109993574980366,-0.15698976326951156,0.30215337130483666,0.5588712614547579,-0.00669050773184718,-0.2149567353273599,0.2631907726126823,0.271615810983679,0.07751494415671333,0.6397534609225005
0.638777242365579,0.2513634345223236,0.6633446133360201,0.05851746584932662,0.14896984427097038,0.3748240790904056,0.32336694482556305,0.4971206033658103,0.2081460997819505,0.43628536859212297,0.3914069579329731,0.37027435153764593,0.43217229332767215,0.31030974768471137,0.27628327421505394,0.6849678702580713,0.4870447180111617,0.5167939908346133,0.2446831573629749,0.5316541801694782,0.3140861893816041,0.4658177822097396,0.40697901839514017,0.18347045044816923,0.6087468248053534,-0.016563731031663812,0.8429395142367209,0.4531575139333466,1.0431375989335203,0.3279177905365229,0.45527978345900577,0.023584947866240807,0.014090673929445083,0.4479384355518464,2.454711947257128,-0.17920048925736923,0.9892931744597442,0.2909067034752985,0.7751773644665955,0.055119900518118,0.2556361324981356,0.5294281005454835,1.0156790876547466,0.08545803446550819,0.7487221792342416,0.42242933295926277,0.441299342313325,0.07276717364075737,0.6086477810312648
0.2401479695098356,0.10807496336959804,0.22746983188316414,0.1493068756541428,0.2108319156854109,0.12942773550850825,0.1238483271402865,0.1260141941357488,0.15045786446511264,0.10767419393644928,0.11354869078425553,0.10504861675494927,0.1307578304879395,0.12310445778856645,0.11534714912876246,0.19797215734756696,0.14110026189431088,0.1982044940146345,0.21279168112731559,-0.12159091305946565,0.269590341115529,0.28627361959319864,-0.09820911411878161,0.018861573838426897,0.08886629795708194,-0.1493832259490147,0.556826622151607,-0.010200406697938801,0.03979726855044841,0.6921050079492911,0.5781871111751032,-0.13301554179084069,-0.16666411011912824,-0.06444510104396266,-0.17920048925736923,2.715393420581303,-0.3162905813020936,-0.011031736077554345,0.3585503029086172,0.3856610439561908,0.6193598661667413,0.30469821167562466,-0.09106141203947973,-0.10002194537787648,-0.1205750367074428,0.6975297493329451,0.4141859592894007,-0.4832730682008458,-1.504056724701647
0.988570911051332,0.14811975533671495,1.1132860187222895,0.3869461353966981,0.5961491613807892,0.46553673153443464,0.43414818549008205,0.6542071318312693,0.3629436182106713,0.7151584853226046,0.47941704957803843,0.36778434329126647,0.5397377228065027,0.5683853236247431,0.43869718400218705,0.6342290812987484,0.6880273454262122,0.7137633976238665,0.4863038461408129,0.993201710598399,0.4966749231903581,0.4904949958972181,0.9498227951932283,0.5058006846813908,0.7664422611157848,0.057803195406999526,0.6538853460215952,0.6672691751747032,0.7119975641045221,0.5235234160296879,0.7450629553093995,-0.11433830441539702,1.3062759850596337,0.8512425449549467,0.9892931744597442,-0.3162905813020936,4.0397480290527525,0.5537496631929243,0.5935717015238795,-0.2629684183257583,1.0286782157592786,0.8527770729835071,1.236938596258018,-0.01091053421069179,1.2419862075456507,1.3512920297748825,0.7529369246897265,0.5784949395626343,0.7728440388025398
0.2619007188992017,0.15917203597815743,0.3255607491663188,0.159446849165631,0.12861602471420938,0.21513232458508463,0.14879715589101938,0.21635921307430098,0.14125439285979866,0.20913646752178824,0.21096485520145805,0.16050338705855588,0.1590607489775171,0.1662111494696928,0.17379118893821657,0.209123195073689,0.29794085752486865,0.11610193276838535,0.09259941278670589,0.8542869243430967,0.24210416302093626,0.20596393927822662,-0.0014697008556317267,0.23131490594288895,0.20963748571411303,0.10681634798392496,0.3405594280344629,0.3419514826479674,0.3521822187831453,0.09636086019675712,0.28825927771027915,0.36921269775643356,0.21979683099929911,0.25476232852439307,0.2909067034752985,-0.011031736077554345,0.5537496631929243,0.7120762780284344,0.40564331573054224,0.14615858515048294,0.0064695261095863415,0.2060468108431683,0.6593944836294063,0.09371306501642573,0.48043199588689073,0.24554410652619588,0.04465702409989135,0.18823191610781412,0.43080911635731145
0.8170766135728497,0.13747495284590663,0.7009486225953556,0.3230966131604469,0.31172161991958,0.4299014301210331,0.3835817196921846,0.41061805229741605,0.35987277360332054,0.3391313307002069,0.4688173770926216,0.3968773020984508,0.4520470714936178,0.4068429858954282,0.3148267935171874,0.5586603918204167,0.6129469635313902,0.8152461928260847,0.36212152172991574,0.923922062232557,0.47528898135616326,0.6397158322895072,0.6788942802480434,0.2587400320820334,0.48772969256893905,-1.4474442426035399,1.0840120231248764,0.6714437467937574,0.8724842666049414,0.214847461026367,0.5766338387228596,0.26870178948289464,0.0997386306850821,0.09295761755848071,0.7751773644665955,0.3585503029086172,0.5935717015238795,0.40564331573054224,3.1860661806503354,0.09337492074836873,-0.9140237127437107,0.10318711543222889,0.9012964562725955,0.3659267242402433,1.3962747412054362,-0.1320330270337151,0.39649643449731903,-0.7600040723797026,0.03470888529638956
0.038993373800028666,0.05963557738588071,-0.34647677486139367,0.030333214139991557,0.014263703876643637,0.09020639876454124,0.06681526714608775,0.013977730874316356,-0.01920086489164216,-0.08877897255869419,0.04247209377534954,0.03721330693285625,0.05195913161022071,-0.051334757505239546,-0.028933830305980148,0.12870440789236337,0.13776251756533375,-0.0563011045576287,0.018262158377292257,0.20188496065749723,0.04680278685917077,0.025267021803168897,-0.1815064182041898,-0.038695949525159846,-0.052034404632934794,0.1551772779380115,0.2092711998345287,-0.017757917864302107,0.4080370015458833,-0.3197330004331966,0.07069492767569481,0.06652815410082175,-0.53383008138095,-0.3109993574980366,0.055119900518118,0.3856610439561908,-0.2629684183257583,0.14615858515048294,0.09337492074836873,2.6420579683918333,0.538601394279236,0.48166507857488067,0.24280451432942965,0.1479967546861706,1.3862788723279789,0.8998347833143543,-0.17932244475893835,0.5098402340031281,-0.3434007440176138
0.6859203357093714,0.09202145624689828,0.4566873441536652,0.14835564198144327,0.36355133053375094,0.17091864836505502,0.1971550923786687,0.3473913860977189,0.14205999807782785,0.3480131812726294,0.14987004874079532,0.09674609682416892,0.25217821556176845,0.3797728131168179,0.17560839850918963,0.22899323048222925,0.2028746672022631,0.06593105521304643,0.28640407930002876,-0.09640136826005256,0.25912748531767954,0.1017035061714325,0.35129523478737573,0.2855691949984729,0.16788589438997123,1.071367544379417,-0.12439459573500804,0.030342299448177994,-0.0269667983495325,0.41080646002081433,0.43596230546551873,-0.27585419956765544,0.37691722472303285,-0.15698976326951156,0.2556361324981356,0.6193598661667413,1.0286782157592786,0.0064695261095863415,-0.9140237127437107,0.538601394279236,4.598289858934401,0.737482611326596,-0.018594187868653668,0.12076726315698164,-1.0923098754241358,2.03677566513231,0.3770258101851703,1.4234059005631103,1.943610229653926
