0.8891458625172546,0.1715531293416295,0.34276570861820715,0.05716610836588209,0.044833655848549515,0.06074128872046085,0.13257733045589998,-0.014348042621461719,0.07459390401712535,0.06923320196689929,0.01921924751351524,0.06920090791492221,0.023388936699246295,-0.0011067440470625943,0.03552395977428419,0.027979653788508484,0.03751484339002281,0.060300728244229995,0.019480149795015438,0.015682708478042776,0.054255836685741014,0.04072000645435411,0.02361219407621025,0.026432631544226686,0.015215788289738172,0.009470064808505377,0.04080325180464712,0.016151267478166698,-0.009064575450556785,0.020063793614303667,0.0487901651952286,-0.014099649007881744,0.08052019530913124,-0.07340453560804296,0.011240869567717804,0.03653243792207681,0.05218460168712038,0.020717751034200153,0.020613189790039264,-0.0326156459501563,0.06282150600755082,0.03655935523895057,0.06811228999551175,0.004668527261035858,0.12241935368434866,0.07687515321616817,0.03354709742828879,-0.003772831607845873,-0.020286144461193967,0.016950826429595688,-0.019857192403617753,-0.037239945633917436,0.07530409789608201,-0.020973030281694394,0.2377763288551084,-0.05093783138851091,-0.00735689356742825,0.08086878672761573,-0.24448780919131688
0.1715531293416295,1.4017568924914614,1.175539253368958,0.08484118667361981,-0.02823064920066699,0.40200617301569647,0.17623891423677313,0.2048740378263027,0.37442914217606216,0.3360173899789439,0.20659011713412284,0.2059973856679275,0.10848222669761552,0.10249753389318508,0.2983464628330603,0.11309751529307595,0.2682875681882195,0.3006799698365162,0.14260756255224466,0.465955901454922,0.2812846810385006,0.17888454308429097,0.09406275966317146,0.16710981398540217,0.18259605249568397,0.2081560869734496,0.20292294917141535,0.21304676503102973,0.25631717020660894,0.043064202259581484,0.14458002250488192,0.07601619654679162,0.18592117153522228,0.2520073396128008,0.22824888319992734,0.2911272481679125,0.5896564417380676,0.25256471059942953,0.26344407605902026,0.07799288174977272,0.42130436922180703,0.2357005842643896,0.3157745716327366,0.04914980887931571,0.5584349228339308,0.31114087105735777,0.17353281466038725,0.004987443125101917,-0.3468660618647094,-0.03209753551596423,0.031887479062401976,0.16287746590275243,0.021627603942772747,-0.15481522486266963,-0.27645822751139676,-0.12197909627310305,-0.5450676202895195,0.18876965232765291,0.5537110360226203
0.34276570861820715,1.175539253368958,2.416033487142933,0.028318811924551907,-0.27723881922792354,0.4506484835897204,0.2425952001426801,0.13453761605028744,0.6550309668631628,0.3332180863653772,0.13810056371152482,0.22126389453567774,0.08478484821930307,0.007907865667998013,0.33479809886453327,0.019824026734021696,0.24646483526878415,0.2316848035842714,0.13949526051543185,0.23716234594206947,0.2633631349714673,0.19453047486849762,0.15429356876033254,0.1206626306151843,0.17422376758291347,0.12327302226252698,0.22326864016213127,0.23444371093198754,0.08823362035212136,-0.2557533556293862,0.15803481500396155,0.010435180978244408,0.26332470057762786,0.14611215453444112,0.20360810161127976,0.3411097440669913,0.5478263460321933,0.16191001784904652,0.1892343582649304,-0.08531951869710758,0.40489763637868825,0.1868117053598953,0.1746692459942279,0.06704318559799141,0.5664305243858357,0.40931226414396976,0.019049667369875692,-0.025829877748517603,-0.6045353385032102,0.022278153443615174,0.03400162190028528,0.36796478670658483,-0.04529297476412976,-0.277552033484683,0.031440394596341764,0.06191270326859868,-0.4061357260311295,-0.38726362906004336,0.5417768874104052
0.05716610836588209,0.08484118667361981,0.028318811924551907,0.7413206095212078,0.44396659008077805,0.3177539602299525,0.2960665962547443,0.3046606397182765,0.05431235499656418,0.06939539828433385,0.2031612049032231,0.25408040176199803,0.12467263018408559,0.15795864762646133,0.12280132820036113,0.21463953778402778,0.15615083241019467,0.10967388298461385,0.22390229199426986,0.16111674248472335,0.13493290571234312,0.13488860621269685,0.07134452836194788,0.10449077076625694,0.1700406994980265,0.16175088569417495,0.13247307762904148,0.006423710925155915,0.21727130147187335,0.04030351500648722,0.022758559009732466,0.14768987100117922,0.07990206288740818,0.2132942667440845,-0.10964017626034067,0.1163850284060155,0.2290813122888003,0.10491729857334718,0.20057212450678588,0.04133686251870257,0.13091608246932532,0.12203601138097321,0.22661343475041637,0.030196838377431517,0.1437970655163214,0.14356903239398283,0.0977173831896972,0.00012499290699029538,0.056529657767804706,0.12730509252562916,-0.09534580474122042,-0.01598500477264432,-0.025680387026785628,-0.09314264771943494,0.04730093106869973,-0.030475200846092988,-0.2466310054347797,0.30352035272627115,-0.1176676546531651
0.044833655848549515,-0.02823064920066699,-0.27723881922792354,0.44396659008077805,1.23730876289104,0.036858404158742246,0.2763531068361253,0.3823651264560575,-0.06164643002774098,0.13584460808965632,0.2230263191203681,0.3103659054692829,0.17074482229190882,0.23605869616618427,0.12307190167218228,0.29180372389998066,0.14306574133174327,0.09308598691287927,0.31460769402506644,0.10673968078037478,0.11074562139997661,0.13343745660881598,0.07636342622324699,0.12800791985603244,0.18592304506151203,0.16565453778806216,0.12172725190929043,-0.08043579775041632,0.3005693752873193,0.023863978949159825,-0.03881177459780834,0.21372166081950222,0.031035473389816,0.32101850894179473,-0.20372887037291743,0.13073375768197898,0.16621131750301435,0.060920649374404834,0.23028576593802055,0.07875418036551243,0.09134753877987109,0.12704683034910577,0.10165534974209903,0.01301246023366926,-0.08061455898851103,0.10149421824779833,0.06977545456147956,-0.0005475444101453326,0.16809836911846837,0.1645135284695118,-0.11241868030785232,-0.23068924402719782,0.04656019530982772,-0.0036303777250220586,-0.09900355579108015,-0.09284002810812539,-0.16964514628808355,0.10278853455551934,0.24023361410426713
0.06074128872046085,0.40200617301569647,0.4506484835897204,0.3177539602299525,0.036858404158742246,1.279505267089743,0.20837723190273189,0.2520493963000979,0.35414319726842985,0.2110582396388975,0.3040647474634648,0.2988872744510193,0.13694201508691434,0.10533138557226651,0.27073395006441675,0.17028026476728728,0.28589082506493174,0.19218037749019473,0.4961733406419508,0.3983532818941101,0.25938952357623063,0.18293979708150232,-0.0571928655613077,0.12396871387028231,0.20463214568556473,0.2567667104275059,0.19806557443919653,0.23268722206752562,0.3146342941817925,0.0070708320210226515,0.16427837815488233,0.13721414845506835,0.0811567684449113,0.2304484331298021,0.23867926564670386,0.12447012609510502,0.4514303889939133,0.20593517917694404,0.34932591576858507,0.15019412129594986,0.3130157832725376,0.21572605420135332,0.4520565341241556,0.03521621850175497,0.5257106197151615,0.21769329417125516,0.18309157667892187,0.026505278503802996,0.03926923971881982,0.26817605901873875,-0.15387811107593138,0.010635237262754813,-0.18019609676847714,-0.02838405376081668,0.037638524069837455,0.05181704424132536,-0.47745654024988815,0.48545889554090355,-0.18718133175485982
0.13257733045589998,0.17623891423677313,0.2425952001426801,0.2960665962547443,0.2763531068361253,0.20837723190273189,1.183027668581299,0.21908327860303145,0.2638633430446312,-0.028853425672736664,0.19994324958444049,0.31683462216216035,0.14073372808225462,0.29215454547890096,0.07149259752869762,0.2718973315054911,0.259160808288212,0.15364791469773445,0.05065312090952119,0.08480510756114996,0.19459940022767525,0.26120285354331635,0.16831118248959728,0.12165748387875053,0.19179129005876436,0.19723394711234363,0.17241540555038004,0.015243616564330124,0.16495802289378766,0.0760670615654972,0.09063247381937847,0.21683235904412398,0.11828095316043949,0.2563362905448781,0.1595390176011136,0.18754722073891378,0.10282833171122648,0.08438610872320358,0.17136821353219422,0.0179726003915969,0.15045410468402742,0.18089959019784116,0.3728458462967846,0.03650517228198114,0.2140932733286766,0.20864309094081845,0.06981545765599334,-0.023654894941274294,0.12224031131113261,0.016534194902900718,-0.10207112527432893,-0.25149831001794615,0.33108715011279666,-0.14423614840185062,0.29456047650867834,0.08635380814845439,-0.35347308926804444,0.43261079032805727,-0.613855365828218
-0.014348042621461719,0.2048740378263027,0.13453761605028744,0.3046606397182765,0.3823651264560575,0.2520493963000979,0.21908327860303145,1.043811620266577,-0.05803098685886988,0.04185674951177775,0.3018060187251925,0.08778849569436997,0.1651494943501687,0.17458515233245744,0.16417301654333044,0.19154764841114771,0.24453008076588745,0.28901426639042976,0.31754405590900897,0.3808248486958129,0.1889853299106644,0.1452020901415654,0.018471965668299138,0.11319406603312195,0.2691050311807022,0.3177240518701622,0.19351847072839992,0.11728205858902786,0.28343188369041433,0.15075649172819255,0.25148825114448375,0.124339559725115,0.09170170312033696,0.31510557134737754,0.24832917687395617,0.1444969541676206,0.48916466538141484,0.20174209363790463,0.3246325047420614,0.13069385593530314,0.2098066320638585,0.19172908287277643,0.41918672531392415,0.02991151165511314,0.41328588704390606,0.2747564047300137,0.28319971430834723,0.021257535095696767,0.0953958937288758,0.19550534146100088,-0.018634305072621784,0.040128480318906756,0.00014212386717846954,-0.27762501821043145,-0.0041951332755459534,0.07224196123251077,-0.12064714797782101,0.43180164779508157,-0.40842123804486313
0.07459390401712535,0.37442914217606216,0.6550309668631628,0.05431235499656418,-0.06164643002774098,0.35414319726842985,0.2638633430446312,-0.05803098685886988,1.0460237073631018,0.16382798271175553,0.09288417371151728,0.23943470880610518,0.05430326134610129,0.15956967374180794,0.2629233408471961,0.02998596991632644,0.17390784823011726,0.13273961451149752,0.04822189077762596,0.14420786578823602,0.19586832913379995,0.27318262755568046,0.24113188485092452,0.13225483362816143,0.1563592151480608,0.1638238454342837,0.16050731790360614,0.12787399625239335,0.118148568844557,0.009014246569969051,0.08973780649231568,0.15440050491758386,0.19229000009687203,0.10829898605609871,0.13385227841086175,0.21336730178527794,0.24265924002159112,0.10387411996547652,0.18900791162708713,0.04116696423491158,0.23198053837615298,0.14688523438945134,0.1901450662281769,0.03730421074657558,0.19151588207953782,0.19769781318803767,0.07708788453029661,-0.03307959746264926,-0.13367243272466023,-0.22233826258488756,0.06965880636544214,0.025947349619149105,0.1541136768647778,-0.04291837681147293,0.03311742706805132,0.20975720833079187,-0.48488952243303235,-0.1585962509305544,0.33308167312796116
0.06923320196689929,0.3360173899789439,0.3332180863653772,0.06939539828433385,0.13584460808965632,0.2110582396388975,-0.028853425672736664,0.04185674951177775,0.16382798271175553,1.2628037213751862,0.19673289282601122,0.3558197443861996,0.1405330662732339,0.11494636176891405,0.2920123034695521,0.11525607697629574,0.2394891347429467,0.305467669611239,0.19793623173636973,0.13321432894278346,0.11522833522314116,0.08718015756086364,0.07790824974088637,0.1161623000659772,0.18108422049502165,0.12954094443708544,0.19952419140930852,0.15894926968953585,0.37239013051974773,0.07689959197915398,0.09441069202753069,0.14678819550103173,-0.044375954103246455,0.31712845896444275,0.27259944497865224,0.13376805660023325,0.1921863453781383,0.053864399397101595,0.2212507539470251,0.1413107847088385,0.15484863857216521,0.11909382913740442,0.1344138701548309,0.04038055896727009,0.14464599057601005,0.1055961912052588,0.21745970020589317,0.0019278573806875848,0.061258976870480805,-0.12902325139150828,0.03390110463097719,0.03826990913591702,-0.04339173991494934,0.11268490310155127,-0.24363219586205404,0.005945130291030189,-0.13448393309585874,-0.010474773041370183,0.3387406953817208
0.01921924751351524,0.20659011713412284,0.13810056371152482,0.2031612049032231,0.2230263191203681,0.3040647474634648,0.19994324958444049,0.3018060187251925,0.09288417371151728,0.19673289282601122,0.5562687161564593,0.30272858863782837,0.17806109773774106,0.1630991814316505,0.27599731991514886,0.21606606296756078,0.24657236204608704,0.21101084080094304,0.19488382167347032,0.31537269512259763,0.2109351378604766,0.16377448025020405,0.09234017462660285,0.14162632355308602,0.24797447893703778,0.21038912924344907,0.21790931280808654,0.15505538259600973,0.36032762685889913,0.13623637334303082,0.15702915129814748,0.16345167426477386,0.06262413047727197,0.2861065129822818,0.2758271968802767,0.18433377050914956,0.305316525488678,0.1531978236049197,0.2970947110129298,0.16157060122331532,0.2600141973823426,0.20208567446721495,0.30950615237198553,0.021629700647434868,0.28267280400575373,0.2081767729279961,0.20438104926003955,0.005978119175702128,0.05474262680273829,-0.10363696529268115,0.005633684537772935,-0.021434638856417602,0.07195115273236946,0.00839973816039344,-0.043953226871992594,0.05814883215222004,-0.22040424173658574,0.2343722604939568,-0.07708594756437553
0.06920090791492221,0.2059973856679275,0.22126389453567774,0.25408040176199803,0.3103659054692829,0.2988872744510193,0.31683462216216035,0.08778849569436997,0.23943470880610518,0.3558197443861996,0.30272858863782837,0.8441479268301031,0.11894537145534226,0.19599947507235047,0.2485914949417908,0.2429794980956561,0.23006143401589635,0.07261698395826645,0.15157668550199754,0.20124410654012784,0.16802851539929897,0.16440744271744778,0.0862538116564774,0.11093331054721003,0.2767435224988867,0.26196340808542007,0.2957241458945808,0.07828408168866853,0.33668336581771463,0.046801873430114736,0.005786669533380039,0.19662983607068396,-0.02002655950304181,0.23681425083093174,0.3186250054513672,0.09009330592708086,0.12163364738049105,0.10076007339914989,0.2380703650986209,0.15244780822264276,0.1490009625795847,0.17514644412206123,0.24660580643275695,0.029153567895116923,0.14632388840952473,0.09748451425865633,0.09483953849776958,0.0064671726653650966,0.254005415083088,-0.31072636897025585,-0.03576979162674704,-0.11014518255829056,0.20048391206127503,0.14863510601055036,-0.03728772832302468,0.053600117469200764,-0.29569681318233776,0.19442123926468144,0.040218843188989974
0.023388936699246295,0.10848222669761552,0.08478484821930307,0.12467263018408559,0.17074482229190882,0.13694201508691434,0.14073372808225462,0.1651494943501687,0.05430326134610129,0.1405330662732339,0.17806109773774106,0.11894537145534226,0.32847220516434705,0.13671270519549417,0.08821948536532152,0.17355695097039356,0.12007905195656937,0.1483742443375263,0.1304191093670459,0.08643628871440964,0.09787835547554874,0.1772764320807074,0.0635532894978435,0.09316625775151682,0.11983544550647228,0.12771106357954962,0.1385553763811214,0.09303531988451784,0.22559041031071578,0.07719730187175805,0.06424490927937063,0.13687161176458576,0.03776879254735638,0.17459259980671524,0.13681377384971002,0.11174475709209296,0.12508261624553105,0.04990138621107069,0.12029548054240323,0.06544510420088079,0.09463091285806695,0.1050935722686275,0.16298975717367561,0.02209759237778788,-0.0008724718907189536,0.11968991271745116,0.12486723136001562,-0.013105669053306228,0.17844180262024084,0.0847404254039178,0.05131153659452726,-0.12986470059906607,-0.04206862005356957,-0.014707941832279385,0.010912271103243762,-0.0035342784932689943,-0.118755738598452,0.08015773469405787,0.01922916523357871
-0.0011067440470625943,0.10249753389318508,0.007907865667998013,0.15795864762646133,0.23605869616618427,0.10533138557226651,0.29215454547890096,0.17458515233245744,0.15956967374180794,0.11494636176891405,0.1630991814316505,0.19599947507235047,0.13671270519549417,0.6706527723938867,0.1404580867761431,0.28808865054846555,0.1948857635688228,0.12998734500192585,0.09248189064196218,0.14470570236622657,0.16509177475417433,0.20319866532264716,0.18359608163514834,0.20541608874182912,0.2111244856934705,0.19736531089687098,0.11932095989548887,0.05130905135101296,0.33527342405242855,0.09274772209225098,0.03902329627187166,0.5545917536535545,-0.03050850164485699,0.21804429223889094,0.18381300263990186,0.17186169536877752,0.09604554407933338,0.11417433044094125,0.18953008976225458,0.14112246600927347,0.13467208299000574,0.16472816426023199,0.26759124763170794,0.03370524904127079,0.10914033306659347,0.14968236733469512,0.14909967996761994,-0.02152185501770447,0.10776635319362426,-0.039943294705507934,-0.0001344816898476796,-0.17472630115202842,0.16586694083794623,0.03484074605206715,-0.23057187116802402,0.07371321278495298,-0.23987902316654716,0.2839215666913781,0.07505366154517297
0.03552395977428419,0.2983464628330603,0.33479809886453327,0.12280132820036113,0.12307190167218228,0.27073395006441675,0.07149259752869762,0.16417301654333044,0.2629233408471961,0.2920123034695521,0.27599731991514886,0.2485914949417908,0.08821948536532152,0.1404580867761431,0.6953398778671559,0.11077629629556897,0.19718746674996152,0.28425695147972296,0.16834072854695178,0.24123073715165932,0.20356589303520814,0.10266899368431051,0.22691312676020298,0.1297043285654783,0.28233813723318396,0.1623125207981192,0.16518986667020527,0.23001764347990258,0.29551749637538005,0.07260714357547017,0.1089093570676956,0.1755588541031475,0.09953025768907818,0.24764466702128837,0.1770630997988247,0.1955393029544882,0.2975780858758011,0.12864441558154066,0.24615823533208048,0.0992114966969923,0.2669315907529056,0.15948962839608527,0.2563380597591095,0.03007449728823039,0.24446181878138706,0.208099406474733,0.18575942925472022,0.006683554264008061,-0.12308492817569947,-0.01234609347372596,-0.17336070269222154,0.46350768825906496,-0.2270636105158136,-0.02548337554869399,-0.06380535210410655,0.16244649715254036,-0.39921747598438706,0.09882278348414406,0.14111068763668402
0.027979653788508484,0.11309751529307595,0.019824026734021696,0.21463953778402778,0.29180372389998066,0.17028026476728728,0.2718973315054911,0.19154764841114771,0.02998596991632644,0.11525607697629574,0.21606606296756078,0.2429794980956561,0.17355695097039356,0.28808865054846555,0.11077629629556897,0.7253567804884961,0.24760340898677194,0.14054019882432547,0.16208376072695196,0.16250898369866024,0.1917270622859348,0.2886072124154526,0.10700391285180412,0.1473080613745466,0.2720323790035704,0.26635610523679926,0.19985012868134686,0.14271841079898548,0.3618032427267204,0.19591698761083706,0.0718112188263193,0.22185805281558657,-0.009688387306392229,0.20565094299179595,0.4257706588851376,0.14391256763156657,0.23448312876986738,0.12689567566344043,0.1767503459333657,0.15615173571245633,0.17941740639599818,0.23303296064179205,0.34094694394044384,0.03605158300463182,0.16942859162748464,0.1390117604327195,0.19936161640328132,-0.015215882229868891,0.25360405530739794,-0.2932962254123768,-0.02311477296027525,-0.1024155525581329,0.2555652917080543,0.07203089462617794,0.0013085154517402061,0.004474406331947824,-0.3190427349328271,0.26384182543468254,0.028200035642164376
0.03751484339002281,0.2682875681882195,0.24646483526878415,0.15615083241019467,0.14306574133174327,0.28589082506493174,0.259160808288212,0.24453008076588745,0.17390784823011726,0.2394891347429467,0.24657236204608704,0.23006143401589635,0.12007905195656937,0.1948857635688228,0.19718746674996152,0.24760340898677194,0.645327781810844,0.1750827326996897,0.19732927126668437,0.34485641367257625,0.2679908122858669,0.2495902731115728,0.04880954196361906,0.1800115407656417,0.18638395344753964,0.18528693079846117,0.1930972397175527,0.3151779610234486,0.20651998559921542,0.1417620157329805,0.20562900780493146,0.1700862526399808,0.19654799452845984,0.21789162550561025,0.3303022092635186,0.2502534828199242,0.3891265380054372,0.19772025237243024,0.2975818948729973,0.1560856222916622,0.37332248352313513,0.2736571756158802,0.3446247306682059,0.04363300779554017,0.46808707485249273,0.25147674213763127,0.20568890631133824,0.002216913743401843,-0.034078036581325605,0.06607604773967037,-0.007993236568173183,-0.03492829991972108,0.0025470656779306325,-0.00803763771378566,-0.0722066243922848,0.01493315818810182,-0.2689196105847918,0.2448621328621289,-0.08941535979067124
0.060300728244229995,0.3006799698365162,0.2316848035842714,0.10967388298461385,0.09308598691287927,0.19218037749019473,0.15364791469773445,0.28901426639042976,0.13273961451149752,0.305467669611239,0.21101084080094304,0.07261698395826645,0.1483742443375263,0.12998734500192585,0.28425695147972296,0.14054019882432547,0.1750827326996897,0.869140422221233,0.14511931427887487,0.0028749455491486726,0.18659675593813796,0.16375631977303595,0.28341201658467424,0.05196467457292179,0.1833515722353871,0.22309407931709366,0.07856218724815726,0.1763257266234317,0.2507439018059322,0.018914646369361,0.30358557014724147,0.11946393626483619,0.05990501184569788,0.2988961316584263,0.22913107807327512,0.14183476495512864,0.2440649833623223,0.040878885404071634,0.19693898626945994,0.10351971999950234,0.11020929475639835,0.12592743204335058,0.45463661198535577,0.03958307111997828,0.45139273749452646,0.21095671283339837,0.4175856871378375,-0.017311280608576105,-0.05289544182139921,0.07926469594705733,-0.01371704196140596,0.1573646414850344,-0.10248098714731571,-0.11472895687600324,0.04589065011763902,0.12467122321124006,-0.11767526645354759,0.6334842839759742,-0.7547772615119939
0.019480149795015438,0.14260756255224466,0.13949526051543185,0.22390229199426986,0.31460769402506644,0.4961733406419508,0.05065312090952119,0.31754405590900897,0.04822189077762596,0.19793623173636973,0.19488382167347032,0.15157668550199754,0.1304191093670459,0.09248189064196218,0.16834072854695178,0.16208376072695196,0.19732927126668437,0.14511931427887487,0.9597146650348457,0.14526096811476397,0.18358017050125605,0.10381010043326619,-0.16711070120644828,0.12540949321696684,0.14622026026412596,0.1438911879556213,0.11740165920070346,0.2355330083945953,0.20603734081835265,0.04888734623822963,0.1914627682259776,0.12263393563617879,0.17776007576297834,0.18450320484952684,0.049191856717326794,0.09717735749072305,0.4602016880967729,0.11324311725600954,0.325104422451402,0.08104476643671163,0.2022878662824873,0.15124818524002318,0.17801708586610157,0.01960003977161767,0.29768577221267006,0.18630532256276314,0.1004327309788798,0.03562512872501269,0.060792448729828065,0.22945608144074217,0.22475195970243708,0.13194759009757098,-0.38188238692006393,-0.15281160420055967,-0.06000202693792489,0.016626653539653813,-0.1583053980885403,0.17876718668539865,0.015995293507657767
0.015682708478042776,0.465955901454922,0.23716234594206947,0.16111674248472335,0.10673968078037478,0.3983532818941101,0.08480510756114996,0.3808248486958129,0.14420786578823602,0.13321432894278346,0.31537269512259763,0.20124410654012784,0.08643628871440964,0.14470570236622657,0.24123073715165932,0.16250898369866024,0.34485641367257625,0.0028749455491486726,0.14526096811476397,1.4989394341091884,0.3440714162306471,0.1999380422090344,-0.09492216103197808,0.26301884212581156,0.2992160786823904,0.42190569901472363,0.29862255283127126,0.31297841566727513,0.22643278683004447,0.4984449921118246,0.44101140242803527,0.07634866347955613,0.32969180819318156,0.19664518922793964,0.34055224539092593,0.3476716529977132,1.1031607486367419,0.6407396281891848,0.4802336951884996,0.2514099684300212,0.7585296275582096,0.4173212460669208,0.5370515328461857,0.014104991907678591,0.8760670969484009,0.44998539459719755,0.25357393936331546,0.07849590595333401,-0.06277804127606797,-0.0643300577361285,-0.0771583936863072,-0.03291324356619847,0.22618988845706514,-0.12799231652017046,-0.05516957415993261,0.013505089649748997,-0.22558140855394163,0.1778076857097199,0.05470285895275127
0.054255836685741014,0.2812846810385006,0.2633631349714673,0.13493290571234312,0.11074562139997661,0.25938952357623063,0.19459940022767525,0.1889853299106644,0.19586832913379995,0.11522833522314116,0.2109351378604766,0.16802851539929897,0.09787835547554874,0.16509177475417433,0.20356589303520814,0.1917270622859348,0.2679908122858669,0.18659675593813796,0.18358017050125605,0.3440714162306471,0.5828054041521807,0.25003428131625566,0.15794764285937488,0.20026122564551355,0.1715228855855889,0.2453937528683185,0.14867291695577542,0.24276189595702408,0.19874016831058292,0.20033766385459148,0.3098727324580132,0.13568823228691876,0.2745176421643202,0.20869740482543922,0.2303227350672035,0.40663877896096573,0.558884007492753,0.1991085287109789,0.3382839512790243,0.15614054491398746,0.6238316406278549,0.3679035257511756,0.4620956079733842,0.04452498967221932,0.8238991825026852,0.3362235898290538,0.21921292146133814,0.00399527084389908,-0.26182945741021874,0.04787374695743637,0.011360986952895427,-0.03809369167722274,0.06157566018862036,-0.07846924542150228,0.05957133723598649,0.02709744971201841,-0.35197188925979417,0.23088814866616558,-0.022066567838752296
0.04072000645435411,0.17888454308429097,0.19453047486849762,0.13488860621269685,0.13343745660881598,0.18293979708150232,0.26120285354331635,0.1452020901415654,0.27318262755568046,0.08718015756086364,0.16377448025020405,0.16440744271744778,0.1772764320807074,0.20319866532264716,0.10266899368431051,0.2886072124154526,0.2495902731115728,0.16375631977303595,0.10381010043326619,0.1999380422090344,0.25003428131625566,0.7745332133706403,0.32381631318277054,0.19596053593471213,0.21462046607599655,0.2147516233351911,0.19099343609829864,0.13785328104884242,0.19470970867603687,0.2300587946009041,0.11874969850260998,0.16879150992679437,0.2051263900434165,0.19401525938762826,0.20042411059279067,0.3147147370580834,0.3385106416150532,0.17253947160102384,0.21422763486418575,0.0945608846209642,0.2904325213021152,0.23932469744040377,0.38725327597963605,0.05342854442585212,0.10553971922766554,0.28162360370725076,0.2099583690108851,-0.08961041832110836,0.4244669941397076,-0.1351048419381349,0.04780891613046164,-0.16658982513690515,0.1683420329857679,-0.03524508864771118,0.0711327150961185,0.03868438277007247,-0.2884264648708612,0.13820283689717403,-0.009796859434454736
0.02361219407621025,0.09406275966317146,0.15429356876033254,0.07134452836194788,0.07636342622324699,-0.0571928655613077,0.16831118248959728,0.018471965668299138,0.24113188485092452,0.07790824974088637,0.09234017462660285,0.0862538116564774,0.0635532894978435,0.18359608163514834,0.22691312676020298,0.10700391285180412,0.04880954196361906,0.28341201658467424,-0.16711070120644828,-0.09492216103197808,0.15794764285937488,0.32381631318277054,1.6913383918429032,0.25221553260000246,0.5400643686689719,-0.13481606015870246,0.07903038583512596,-0.13213438216462983,0.4360682222074103,0.11306036050959441,-0.32017525937126684,0.15850254691880838,0.13991974068750748,0.26306514902087563,-0.12808697575362535,0.4441010422664803,0.31545769179799316,-0.029515792635578148,0.4404713485690682,0.06126521956723725,0.24488882736719778,0.08119323853971595,0.13882078154349622,0.10459312606654741,-0.08535031733368795,0.3142169893161875,0.19617236495617116,-0.06031876008096815,-0.18199918235874113,-0.2502412741841139,-0.029160639614087113,0.1251190264125884,0.18005558896792787,-0.06397975436693411,-0.008345492249590431,0.031041538957153465,-0.3150775649199151,-0.2739349672207001,0.5164054500219377
0.026432631544226686,0.16710981398540217,0.1206626306151843,0.10449077076625694,0.12800791985603244,0.12396871387028231,0.12165748387875053,0.11319406603312195,0.13225483362816143,0.1161623000659772,0.14162632355308602,0.11093331054721003,0.09316625775151682,0.20541608874182912,0.1297043285654783,0.1473080613745466,0.1800115407656417,0.05196467457292179,0.12540949321696684,0.26301884212581156,0.20026122564551355,0.19596053593471213,0.25221553260000246,0.5486357865646906,0.16560418655117606,0.08504979192263866,0.132530661359428,0.2013668161760221,0.14952876640145546,0.3991439638801939,0.09689513283969957,0.24284305401398779,0.39615286934531513,0.2459786404493633,0.10703715418810253,0.296500083017996,0.4060422312782022,0.1804075966385638,0.18691329318615657,0.050869882927352346,0.3322864967379516,0.1836145948734622,0.13169476567855595,0.031043753931306213,0.049265595656327314,0.23161130036844388,0.22482723884506903,0.006718794130347258,0.1340249914310487,-0.016437518411506022,0.06915317898076162,-0.04254049568387131,0.02873844705709208,-0.05635981047040027,-0.02567232112924466,-0.09719560794303314,-0.1752961580695046,-0.28803449715271806,0.5803710106527598
0.015215788289738172,0.18259605249568397,0.17422376758291347,0.1700406994980265,0.18592304506151203,0.20463214568556473,0.19179129005876436,0.2691050311807022,0.1563592151480608,0.18108422049502165,0.24797447893703778,0.2767435224988867,0.11983544550647228,0.2111244856934705,0.28233813723318396,0.2720323790035704,0.18638395344753964,0.1833515722353871,0.14622026026412596,0.2992160786823904,0.1715228855855889,0.21462046607599655,0.5400643686689719,0.16560418655117606,1.232553511562404,0.20105665955558838,0.1992426181552707,0.019512055889873866,0.7848961268562585,0.2629291875499292,-0.22866846008413594,0.16652181264317456,-0.006014871656635556,0.2982135462783894,0.24691059159257792,0.23928878461385247,0.5350080284525008,0.16684344916145752,0.30745099457035935,0.12022146695900722,0.26439438231074947,0.191394935258852,0.31648097390377594,0.060250677159664624,0.3226767368091804,0.3629557089068758,0.2542929964478634,-0.03218654682356779,-0.19247696913152113,-0.5829826073767924,0.02132641947032152,0.1354629103182295,0.28845546820910584,-0.01350115160376923,-0.0706661569664062,0.13787808126966217,-0.24876698835488514,0.12450037975512995,0.005029694294187598
0.009470064808505377,0.2081560869734496,0.12327302226252698,0.16175088569417495,0.16565453778806216,0.2567667104275059,0.19723394711234363,0.3177240518701622,0.1638238454342837,0.12954094443708544,0.21038912924344907,0.26196340808542007,0.12771106357954962,0.19736531089687098,0.1623125207981192,0.26635610523679926,0.18528693079846117,0.22309407931709366,0.1438911879556213,0.42190569901472363,0.2453937528683185,0.2147516233351911,-0.13481606015870246,0.08504979192263866,0.20105665955558838,1.4742082331240822,0.14762555807412728,0.2534217840053975,0.41216876805968605,0.1220677668404436,0.32708584943281976,0.19100697725818158,0.02892743512425186,0.30224224360645685,0.44392842144738426,-0.004562908830684516,0.38243209511394793,0.2478057610111326,-0.20962890824191438,0.07703992957211526,-0.07209075855037664,0.2842322182181262,0.5602848476952976,-0.0145702526544213,0.4985397879845994,0.02503459501000158,0.22263712113153983,0.044039450745994475,0.6250110570790726,-0.13811057651627068,0.02635234370082668,-0.0076069984235147105,0.0277767808828372,-0.003408015752783105,0.011425252012609794,0.06834712070239704,-0.24518264828902342,0.6984351555634845,-0.5333650888902355
0.04080325180464712,0.20292294917141535,0.22326864016213127,0.13247307762904148,0.12172725190929043,0.19806557443919653,0.17241540555038004,0.19351847072839992,0.16050731790360614,0.19952419140930852,0.21790931280808654,0.2957241458945808,0.1385553763811214,0.11932095989548887,0.16518986667020527,0.19985012868134686,0.1930972397175527,0.07856218724815726,0.11740165920070346,0.29862255283127126,0.14867291695577542,0.19099343609829864,0.07903038583512596,0.132530661359428,0.1992426181552707,0.14762555807412728,0.8905307521633672,0.21146131016692404,0.1056787790267004,0.004687512450754528,0.138351362936349,0.151186140370661,0.19204190860777212,0.2296274973339095,0.26714416155267784,0.17822432968438212,0.28644975714114324,0.16408166691571477,0.21010388814810396,0.12879634056455602,0.24508573460010646,0.18316068125290916,0.2979751927703653,0.00864897771711766,0.07899790434786584,0.22387583218115506,0.08402882634488748,0.014207420118543231,0.28525015772610357,-0.14969750777394547,0.0012331387853536466,0.04089951037941345,0.051267082404921074,-0.0071551027895222765,0.07035462869256719,0.06303477470324463,-0.16596038016139836,0.04738817412249668,0.023846589441767957
0.016151267478166698,0.21304676503102973,0.23444371093198754,0.006423710925155915,-0.08043579775041632,0.23268722206752562,0.015243616564330124,0.11728205858902786,0.12787399625239335,0.15894926968953585,0.15505538259600973,0.07828408168866853,0.09303531988451784,0.05130905135101296,0.23001764347990258,0.14271841079898548,0.3151779610234486,0.1763257266234317,0.2355330083945953,0.31297841566727513,0.24276189595702408,0.13785328104884242,-0.13213438216462983,0.2013668161760221,0.019512055889873866,0.2534217840053975,0.21146131016692404,1.2167460136818509,-0.24357604062876467,0.04795282034441345,0.393383562300534,0.16340312702095294,0.5451367879920437,-0.05090559766559395,0.6306013180594175,0.1634473271074644,0.3925575384050016,0.19051267328118185,0.07207938146310705,0.08636616515415317,0.3629022771298309,0.2245345862967574,0.29033818254284693,0.056877085282636394,0.2727121965588515,0.1746732950384144,0.10890814195545921,0.04818135941768172,-0.007564265000660279,0.33357703638346864,-0.03533261756995999,0.8131138024213855,-1.0152041169350998,-0.02475399172693827,0.11751370690182901,0.08467066161825552,-0.14882237604924392,-0.033555122772497885,0.09477979038372115
-0.009064575450556785,0.25631717020660894,0.08823362035212136,0.21727130147187335,0.3005693752873193,0.3146342941817925,0.16495802289378766,0.28343188369041433,0.118148568844557,0.37239013051974773,0.36032762685889913,0.33668336581771463,0.22559041031071578,0.33527342405242855,0.29551749637538005,0.3618032427267204,0.20651998559921542,0.2507439018059322,0.20603734081835265,0.22643278683004447,0.19874016831058292,0.19470970867603687,0.4360682222074103,0.14952876640145546,0.7848961268562585,0.41216876805968605,0.1056787790267004,-0.24357604062876467,2.8636145115880796,0.30596158328660794,-0.4229403826554962,0.37648479500878196,-0.6270445403584337,0.7766479861149228,0.3771300094655098,0.1366246230512709,0.16039662186061515,0.0390626440565691,0.4326734272453261,0.2911244569104411,0.10301883889342592,0.17459893515026154,0.3782251852138501,0.007164304573098969,0.4191310640260621,0.14444144809284878,0.38911666619172813,-0.030892362691800835,0.6459088053198975,-0.562876292983705,0.10572937866292652,-0.16507729441580815,0.2939170337139013,0.15408807881280562,-0.20553439541612453,-0.056731077843206,-0.5454962310294619,0.417524191426866,0.30103853175269163
0.020063793614303667,0.043064202259581484,-0.2557533556293862,0.04030351500648722,0.023863978949159825,0.0070708320210226515,0.0760670615654972,0.15075649172819255,0.009014246569969051,0.07689959197915398,0.13623637334303082,0.046801873430114736,0.07719730187175805,0.09274772209225098,0.07260714357547017,0.19591698761083706,0.1417620157329805,0.018914646369361,0.04888734623822963,0.4984449921118246,0.20033766385459148,0.2300587946009041,0.11306036050959441,0.3991439638801939,0.2629291875499292,0.1220677668404436,0.004687512450754528,0.04795282034441345,0.30596158328660794,3.122333083321718,0.6078228875214652,-0.08753688839151127,0.3366516309758747,-0.06583668395597476,0.36372831853650656,0.28512620648754916,0.9115495351823559,0.37785606640150693,0.2597658754773561,0.08020521346920911,0.5313077654216769,0.2288866395028878,0.46190919615241516,0.03041806886510191,0.4496197714658667,0.30959179703364054,1.354262521817453,0.018881365533911745,0.9828733837133922,-0.5499867654501999,0.22827532287867386,-0.9054431171620875,0.8674534956388965,0.05937569335210137,0.19160897147143816,-0.2430006293954095,-0.11483474076562504,0.8449800128987693,-0.729765288180035
0.0487901651952286,0.14458002250488192,0.15803481500396155,0.022758559009732466,-0.03881177459780834,0.16427837815488233,0.09063247381937847,0.25148825114448375,0.08973780649231568,0.09441069202753069,0.15702915129814748,0.005786669533380039,0.06424490927937063,0.03902329627187166,0.1089093570676956,0.0718112188263193,0.20562900780493146,0.30358557014724147,0.1914627682259776,0.44101140242803527,0.3098727324580132,0.11874969850260998,-0.32017525937126684,0.09689513283969957,-0.22866846008413594,0.32708584943281976,0.138351362936349,0.393383562300534,-0.4229403826554962,0.6078228875214652,2.023746275605276,0.032330440705552,0.3580748634327578,0.1378415546487077,0.4189834046667776,0.28462173424566023,1.0787253851836063,0.32366287840052277,0.16992856889959093,0.03716591124142108,0.41449542452709837,0.2985310553013407,0.4046004926693695,0.05094147149829014,0.7545612964424222,0.4243845013120872,0.44992436683807485,0.021661824213846482,-0.14881694211201602,0.2297963921307686,0.05619356931203933,-0.04355391453588771,-0.03783113683769555,-0.19357086810487706,0.09891532202313662,0.24579969226850865,0.32516956022555066,0.13895705686553053,-0.7356579333911376
-0.014099649007881744,0.07601619654679162,0.010435180978244408,0.14768987100117922,0.21372166081950222,0.13721414845506835,0.21683235904412398,0.124339559725115,0.15440050491758386,0.14678819550103173,0.16345167426477386,0.19662983607068396,0.13687161176458576,0.5545917536535545,0.1755588541031475,0.22185805281558657,0.1700862526399808,0.11946393626483619,0.12263393563617879,0.07634866347955613,0.13568823228691876,0.16879150992679437,0.15850254691880838,0.24284305401398779,0.16652181264317456,0.19100697725818158,0.151186140370661,0.16340312702095294,0.37648479500878196,-0.08753688839151127,0.032330440705552,0.8812526018722715,-0.1153445968219163,0.22964064579140775,0.09226028156023815,0.14263236960945344,-0.0420678547313043,0.10153666978760521,0.1756850518884163,0.12490921195604215,0.04599354532594306,0.12017600285143319,0.14826753487626002,0.024285639662552646,-0.022500830559760886,0.1162069378004026,0.055218742198971466,-0.029929309078345484,0.1331808637822618,0.06961959455146755,0.017952688032794865,0.25546550788696104,-0.44523528473173873,0.06563561949829393,-0.24927590906074187,0.1304729879456842,-0.1840664253411224,0.08693314893501383,0.1975919187452276
0.08052019530913124,0.18592117153522228,0.26332470057762786,0.07990206288740818,0.031035473389816,0.0811567684449113,0.11828095316043949,0.09170170312033696,0.19229000009687203,-0.044375954103246455,0.06262413047727197,-0.02002655950304181,0.03776879254735638,-0.03050850164485699,0.09953025768907818,-0.009688387306392229,0.19654799452845984,0.05990501184569788,0.17776007576297834,0.32969180819318156,0.2745176421643202,0.2051263900434165,0.13991974068750748,0.39615286934531513,-0.006014871656635556,0.02892743512425186,0.19204190860777212,0.5451367879920437,-0.6270445403584337,0.3366516309758747,0.3580748634327578,-0.1153445968219163,1.7566035219814453,-0.21205966864910678,-0.27261465090143217,0.2604774253633001,0.3982214497993316,0.22134346423482976,-0.09100187538868325,-0.19514722310935845,0.5966712079417101,0.1994553208699799,0.07747938882380642,0.026216629221736936,-0.05730319065419672,0.3960112402404223,0.16893566502076335,0.08127270814427198,-0.11801381487765628,0.3364811553097647,0.11466866364905463,-0.021455944457238318,0.012704980740197047,-0.3064565673849898,0.16296808390102874,0.008384756450125121,-0.0926222390861075,-0.09805279286544824,-0.00022450498662779332
