0.5353226646750067,0.22338388368491294,0.3483079854825558,0.02279125781864774,0.09338644041678132,0.13238255972953525,0.16356676078599092,0.0899184643996561,0.14442531068561956,0.10363590392368563,0.10656983088293344,0.1270133325711716,0.07615576161378079,0.09372389608202786,0.11739971100539845,0.07583905794809218,0.09825248692135147,0.10988187953594383,0.11143384955516267,0.09629586272237768,0.11547485507086339,0.10325796727731963,0.029781939417865614,0.026139238624167272,0.16019476789985662,0.04006557840187631,0.08185913073019176,0.07322558182368229,0.1668781216278946,0.06625827096561909,0.10577090265113981,0.06960794963646977,0.03647212613640748,-0.013488726604332915,0.10973239817239726,0.10454615129009616,0.07016359503897257,0.06778424034852881,0.10766914259030302,0.07425695403664333,0.10307561957510962,0.08507513740113984,0.10307320326641986,0.0038577344770190066,0.1365834208409847,0.14204123717397693,0.13197105138244242,0.008342930335881283,0.04715576728311928,-0.030676257390100884,0.00011959582418168225,0.03529686549739883,-0.004025249113882594,-0.001517909810721326,0.04009887215796136,0.001099913865522011,0.07863199006697831,0.0401807913969247,-0.1671807724794416
0.22338388368491294,1.9292091357105432,0.948622132207539,-0.12006794650119172,-0.06724025125768854,0.40228081648609193,0.21816058618017367,0.24480546294373723,0.24813129792121302,0.2650717962258449,0.2690524889144977,0.2945783102275028,0.20506558623824006,0.15579633756093125,0.4213924284293739,0.16375575591581057,0.2188451111220077,0.2167607773796965,0.22738239149544806,0.5108184658488255,0.411474015264721,0.15077034347115748,0.05054279509657469,0.2635209864924992,0.40929559043424,0.23561644642774118,0.21825720743372073,0.23387618003482075,0.44372691675205617,0.26039418118573865,0.2450952096214855,0.18102962366193417,0.28941877892001133,0.3364517955856871,0.26955152026375023,0.308107751400646,0.4190358333959237,0.2740937756169749,0.23159029947251006,0.29046337949971207,0.12853643827288383,0.3432615307276502,0.4612536851184337,-0.008680921712072043,0.7294051790735762,0.3817142767184972,0.3564054711058995,0.021724755143397587,-0.3829345758993594,-0.3593184946484122,0.1989335027474157,0.1600566606660743,0.07341945502023732,-0.12742488242517097,-0.32184114867401825,-0.09043651330799835,-0.38251719758445624,0.4591023762727131,0.06948180684065214
0.3483079854825558,0.948622132207539,2.267219887314208,0.1040079437052647,-0.4065007613364537,0.7379618026347305,0.11106521005352467,0.4055299190806332,0.5823965508288755,0.4704052072943449,0.4343134130537999,0.4411341594630364,0.28073705415407635,0.288384046310289,0.49407794921699466,0.2191419813354452,0.4725125525416308,0.26305349305532627,0.35136905423202125,0.5365856186882372,0.4246458451413959,0.37300975483753424,0.17770704778006813,0.39621502297311156,0.5343407729447005,0.21813144381898503,0.2635338142870399,0.2757314924555361,0.6645003686086052,0.27270637153714916,0.33205824404251616,0.32996371301856325,0.26733846045291493,0.45171245178561026,0.5203554953068305,0.38543129627191713,0.4034391160497295,0.3240100539395426,0.41817882428115755,0.30242729442375416,0.2222856110723365,0.38031476249070356,0.45398256319523067,0.017368429402853,0.6364585187335743,0.7263824606592701,0.6328567131803025,-0.002814241111903393,-0.05160328469953612,-0.19548285390237244,0.025940894207046428,0.27076280225445304,0.05260849255198109,-0.16091803277743422,-0.08799711891978505,0.004886762834992754,-0.04790284456992308,0.09876048262309677,-0.2697301359123021
0.02279125781864774,-0.12006794650119172,0.1040079437052647,1.8668620752190415,0.3615734822951801,0.17716045563768168,0.23836934376058244,0.284245935342044,0.1988566865870931,0.14216228850180895,0.1981916829431613,0.1959743974788132,0.21662104477650948,0.32850901365536234,0.1694811748699693,0.2807555234179805,0.2140390572906691,0.24461907217154966,0.14552785119056294,0.2050514198693331,0.15314491310328845,0.24504773695622192,0.2593234232279376,0.3218228527988622,0.20751795479170237,0.23428011383950922,0.16197923090651067,0.14487665990109597,0.18376848307301294,0.21621798663396327,0.21316421215924988,0.2054932427570807,0.29250153590362105,0.2670656020717199,0.1296461914685512,0.2749752862669981,0.3045702105032129,0.12929832198132835,0.31593165866772516,0.07180455699624723,0.18922672347779027,0.19416538326479224,0.303229752614625,0.210253113091766,0.20456668970262193,0.2362808438323825,0.23490669103254927,-0.019203981155428478,0.08447483651453877,0.17877763177437944,-0.12392534188047111,0.16164618226911687,-0.06766021968580169,-0.19185496031721874,-0.14714942689602545,-1.1630278207547659e-5,-0.22856391596696296,0.3060455205919456,-0.22546948094443423
0.09338644041678132,-0.06724025125768854,-0.4065007613364537,0.3615734822951801,1.3964909744248457,-0.2002681499219965,0.39414403591559044,0.06927704835018102,-0.08080295446488708,0.04118492934024486,0.06661854253218717,0.1013567525343484,0.12282555824710076,0.1121539416324874,0.07646680779961909,0.1935847164409208,0.025357256156366383,0.11302982980757309,0.2572071399993799,0.08041801012574676,0.10543210118535576,0.10761946248726574,0.14687240619507183,0.17838636520021697,-0.03126974244276604,0.2165364380439806,0.10381202011444347,0.12125909878511296,0.011947212561597526,0.13193427303763144,0.12851478140983064,0.11285813415402975,0.1989871076435491,0.1394726404269367,0.03287483552241714,0.16557647087349114,0.24833328512888345,0.05086637301672401,0.13641016799930117,0.12821615997962474,0.24783781240289993,0.12036675163509912,0.25837955828079,0.059510291787178725,0.21584385111135623,-0.09206930268544869,0.07333004344094224,0.06642655838282163,0.02044152785764014,0.21365693518592527,-0.1435309611705965,-0.20836143770033694,-0.04406009562500334,0.10527876964582793,-0.058263050200892,-0.07969084450553852,-0.11903172996251342,0.1422024531922719,0.1342304962731586
0.13238255972953525,0.40228081648609193,0.7379618026347305,0.17716045563768168,-0.2002681499219965,1.3377024540839717,-0.11114117898008018,0.4902882733539675,0.30246353384645935,0.036488129643416765,0.4226829344074671,0.4140606895794429,0.2516286564695834,0.37795118568013386,0.37026144620508394,0.3590680870865916,0.4892925481538147,0.10228380913687808,0.4309349941030323,0.5577763603626195,0.4219067228051405,0.28224644046413194,-0.010789406585250023,0.3193125300818917,0.5040649980542775,0.4103209155346778,0.34228311004997664,0.23793653889998892,0.5686924595094205,-0.05998549995034373,0.30071895895024026,0.31474526804110753,0.10172367638282362,0.4616746165380406,0.40297334805324575,0.2722070475107142,0.3474172106047907,0.28313460538734636,0.33240304916394503,0.31114893765128493,0.106807280612122,0.3785681277027608,0.5351674145647869,-0.016577160794587677,0.9144425045345813,0.40681965826409733,0.3902990094054674,0.012906536913646877,-0.32024262341692133,0.0009740626530048287,-0.24441535931638084,0.06571323756160959,0.007231697567425785,0.02941808317348261,-0.13825455558384386,0.04016976989868344,-0.16933651692345955,0.40826803318655,-0.36130628428183603
0.16356676078599092,0.21816058618017367,0.11106521005352467,0.23836934376058244,0.39414403591559044,-0.11114117898008018,0.9869196773883893,0.001215241486725299,0.2169619422385508,0.15933809675766655,0.16450778534882085,0.2943028704727283,0.18664074158710398,0.05241883939045717,0.08337175944529836,0.20067095436562346,0.08132854583140778,0.26950633281145436,0.16220996664011872,0.15682018565792097,0.1992691776316545,0.2590911489431994,0.2830376901661014,0.2535979715413632,0.20838775467716905,0.12681622667353543,0.16594445756651438,0.09231271727121565,0.12476034815317928,0.2330361155487816,0.18951057837126897,0.23517577965106995,0.29800425765110816,0.2812036543883468,0.04014163981614175,0.24004123624990595,0.20353806277504308,0.11045165824231327,0.23607137251858373,0.14054821947677945,0.1800767583273814,0.18937302642000176,0.25671114323890215,0.07344257492839229,0.1574295551211442,-0.029768327167890653,0.2503306421748258,0.0011687409322707956,0.47074730588663594,-0.18459124098004887,0.06092427497226219,0.0767272422617338,0.02278272049129743,-0.09353790294337909,-0.07508956374092653,0.02510718730700031,0.03924708137708749,0.09245749600180213,-0.09907684891725797
0.0899184643996561,0.24480546294373723,0.4055299190806332,0.284245935342044,0.06927704835018102,0.4902882733539675,0.001215241486725299,0.8256679921881138,0.1291612001431361,0.18989719591686688,0.30299224767077465,0.149479179318445,0.26111079106392826,0.35018851458324074,0.19890899830239658,0.2645623252294668,0.422736182465412,0.17527370090029523,0.23602640529815144,0.37813569785468715,0.20062694846859633,0.19787908493619313,0.10936854023380889,0.264674832863545,0.24417600798618436,0.2664539880637325,0.2203573372023651,0.06574208656207711,0.3127915345582098,0.12744348723679252,0.21030347958068707,0.2041243010694051,0.18453510071766296,0.3253716073150521,0.14672218648658492,0.17241565472272746,0.3589099201236581,0.1995094401195737,0.33884869363310166,0.1953906639351546,0.12897117013332018,0.22697892383629523,0.33209972983685965,0.05237887987687137,0.32925416730714235,0.27348089493469047,0.375842919874174,0.024388370515986163,0.2625846038672673,0.18369693612800111,-0.06114635865530572,0.053462862775475906,0.010884671355890808,-0.14532364584244553,-0.10100733553883871,0.0021212867990842766,-0.006295882673204422,0.35629670238193006,-0.3168355582699579
0.14442531068561956,0.24813129792121302,0.5823965508288755,0.1988566865870931,-0.08080295446488708,0.30246353384645935,0.2169619422385508,0.1291612001431361,1.2429079268194174,0.13591860563622474,0.1603617043811747,0.24659346579743976,0.19218719723998062,0.22002884323214253,0.1981169369022222,0.16014534820364673,0.1867378920530509,0.24419196290687048,0.16395755689875022,0.19379776749205962,0.229491741499661,0.5289284245018097,0.3087626778670897,0.31684843383285904,0.20019625103924943,0.2829504356024486,0.2323718466418549,0.16536108741222563,0.16570437287938106,0.3436482351798492,0.24805573206998052,0.32675978844547415,0.2989995801863946,0.3477739658331171,0.21779736295744856,0.29623064621507633,0.1853315400463804,0.13668589516807342,0.3316761972576154,0.14850111762816948,0.2019697564413371,0.2313593612473225,0.326396273180752,0.03703505050723664,0.2933638784429221,0.32282041239350306,0.4169101623528506,-0.05163191744852453,0.7469007014237653,-0.25334422429498804,0.10733996083031144,0.07157990929422904,0.08030951675521371,-0.10420619345208196,0.005614105094504124,0.19606377395564345,0.12792725107634748,0.017918381587312793,-0.4824226991941775
0.10363590392368563,0.2650717962258449,0.4704052072943449,0.14216228850180895,0.04118492934024486,0.036488129643416765,0.15933809675766655,0.18989719591686688,0.13591860563622474,0.7214105606196104,0.1601444081121336,0.15710163839602145,0.1425740941396793,0.18399157190929216,0.21567070011758516,0.14919696649449665,0.1579820726535121,0.2938110387525946,0.07903704024880484,0.05466149799634521,0.06488937758064751,0.19102038064758936,0.27771112210218024,0.19316509304404708,0.1729103151391562,0.12628768824409428,0.1094827364189338,0.09843632676596917,0.22138716985296308,0.23364221910873403,0.16014895601182033,0.18877252900121053,0.16011255315638975,0.1927530252759475,0.17481215614392234,0.22087938449016278,0.13513353684195392,0.060160206429545816,0.21678988170951155,0.10648198047051635,0.2519500986099483,0.10809230556162681,0.11420937511634208,0.0687926268644064,-0.05058323902005291,0.3514872598866096,0.39642683403229806,0.032453681234330026,0.29061054535845043,-0.0294169086158304,0.07320968426788409,0.05360938138083735,0.02837431939418557,-0.06893411919535683,-0.012024977050044681,-0.007091724983540197,0.1375601961830882,-0.07246471353153627,-0.11436061050312829
0.10656983088293344,0.2690524889144977,0.4343134130537999,0.1981916829431613,0.06661854253218717,0.4226829344074671,0.16450778534882085,0.30299224767077465,0.1603617043811747,0.1601444081121336,0.4499000870794212,0.28300485319705154,0.21524355566717285,0.24156702236439986,0.2824674012396415,0.2736310049734086,0.40460968986629686,0.15747170809314634,0.208336442026773,0.35256435083646803,0.30548828457964156,0.20955714047347526,0.08233812339478354,0.23781228401486146,0.2797304043490548,0.20201687604534063,0.23744371919793833,0.17892447630462643,0.3587816955031161,0.045321256759655155,0.22904884356108202,0.22651877365989623,0.1740582217553159,0.32295610366695054,0.2712559539428264,0.22727791893720933,0.2869242996802061,0.1847626076392541,0.22712126576039368,0.21840014024562257,0.18578719280332157,0.2726433233023404,0.36200385245526917,0.0028220665498552085,0.46759662708099,0.3300886264522203,0.3565642478978592,0.029987414261546545,-0.10924934826571689,-0.02041301939296418,-0.06051352172607383,0.04880409799510011,0.04247182463620656,-0.0078115564351586885,-0.09064147066446862,-0.0035198684337745044,-0.0932493543866218,0.19806622448980005,-0.13445694115421541
0.1270133325711716,0.2945783102275028,0.4411341594630364,0.1959743974788132,0.1013567525343484,0.4140606895794429,0.2943028704727283,0.149479179318445,0.24659346579743976,0.15710163839602145,0.28300485319705154,0.6241289676782504,0.18918284746937825,0.22587987719771435,0.24529865457909197,0.30296675996991895,0.2916951009677891,0.2806427936560864,0.24447180471880325,0.2893305900824457,0.2972693378279186,0.2655745593180926,0.1637471578827075,0.24598948399212628,0.41463957606353935,0.2710750668198552,0.2828124248891751,0.1445735891585861,0.3342725896467204,-0.024214531361163895,0.2781057200705593,0.3259147788042351,0.19385622110349243,0.36038889711700106,0.2348589985929279,0.35534785460980184,0.12167762550031515,0.17259022991711692,0.19672176267373048,0.21411160287154046,0.19874268109618992,0.27683177480583004,0.34937399461992624,-0.010902986121008283,0.5303518058359006,0.3343204000188694,0.32533218865417407,0.003946112775839143,-0.19786230392396786,-0.3856091071771801,0.03655532227557465,0.09208028216789281,0.09347478024696887,0.012777762921407941,-0.14792576482594957,0.009938337298895738,-0.044134435103205534,0.21074397475771778,-0.24205443731196563
0.07615576161378079,0.20506558623824006,0.28073705415407635,0.21662104477650948,0.12282555824710076,0.2516286564695834,0.18664074158710398,0.26111079106392826,0.19218719723998062,0.1425740941396793,0.21524355566717285,0.18918284746937825,0.35787197193099934,0.18885183445272286,0.14592028333391255,0.2040972796153742,0.23532630455665787,0.18078991031196112,0.1640262788773296,0.21375236836449837,0.19537387672595163,0.22851078598867303,0.14694776452207942,0.21270036706233245,0.21669098891345154,0.19040282493377866,0.18806487296958638,0.13358867159481883,0.2803256020040761,0.10614454992463039,0.17785723341476967,0.2119627315226169,0.1802671786722659,0.2517807534354992,0.18661662894251674,0.2091204881157546,0.2017376545862596,0.12168039112315915,0.25495251196665075,0.16376740013189192,0.18147423247102318,0.19226719689278518,0.2503946527374168,0.041745616836222514,0.1919987698328313,0.22437794943916342,0.2657772901141277,0.005713555010946201,0.16446693356111253,0.07551998380024381,-0.010963337937560077,-0.019884594006134983,-0.01765862353799904,-0.049307092379362295,-0.04810898343421008,-0.004184263230081534,-0.09332969098698944,0.03225825116521375,0.05222088218226373
0.09372389608202786,0.15579633756093125,0.288384046310289,0.32850901365536234,0.1121539416324874,0.37795118568013386,0.05241883939045717,0.35018851458324074,0.22002884323214253,0.18399157190929216,0.24156702236439986,0.22587987719771435,0.18885183445272286,0.6881772189856183,0.26698069873087515,0.38518618966359375,0.3193210101169681,0.14400328687582242,0.19371132593395193,0.258340529529168,0.2367617988318873,0.2630113066088699,0.13652883340607144,0.2561899752323379,0.27181908425615503,0.27025897718305875,0.171688254260526,0.1958771476043849,0.3027157456925943,0.09691368700067948,0.2276328072470377,0.2013585589976045,0.18343738120810596,0.2748988383080387,0.2508370831063227,0.2686202373714111,0.25867434055346994,0.141446061161611,0.19908364340463516,0.1966525571782517,0.23520501734256205,0.24842836148074549,0.42529431148797076,0.03904131045895207,0.4486031574734382,0.33201747755674316,0.31708729952983494,0.01180116465861426,-0.09162669552775418,-0.08393676050811279,-0.03829536775831625,0.025746899159602293,0.035114254747971904,0.005567167662360424,-0.11267257365222937,0.005738635069565153,-0.16557841122185546,0.35171111377373965,-0.19937626642385103
0.11739971100539845,0.4213924284293739,0.49407794921699466,0.1694811748699693,0.07646680779961909,0.37026144620508394,0.08337175944529836,0.19890899830239658,0.1981169369022222,0.21567070011758516,0.2824674012396415,0.24529865457909197,0.14592028333391255,0.26698069873087515,0.9308861080823535,0.1956212627541225,0.16199629730168502,0.188760803882324,0.24566718356226308,0.3959187320142015,0.29495175292376874,0.14715404362753154,0.08888546925999574,0.2652297721807907,0.22868333699413781,0.2851683333942181,0.19455972959145332,0.3010669598177986,0.31431979645540653,0.12984284714806582,0.241114106908478,0.18521443002033988,0.2117415161695953,0.30612459842093537,0.294641105074432,0.2334231948310195,0.3501971051303739,0.17336461392031932,0.2792647887723207,0.2169035491492157,0.2127519129552915,0.2724149454698445,0.4340314152221909,0.01046495293746653,0.5863695154579565,0.36226941111612604,0.35476854141194775,0.06122983228328562,-0.1686058474407538,0.07865506782165854,-0.12490563595875148,0.19355402909998606,-0.11831404516176894,-0.026655770720245945,-0.08228915517895245,0.0405426590243188,-0.2120427332305683,0.233873260319265,-0.09846167490654763
0.07583905794809218,0.16375575591581057,0.2191419813354452,0.2807555234179805,0.1935847164409208,0.3590680870865916,0.20067095436562346,0.2645623252294668,0.16014534820364673,0.14919696649449665,0.2736310049734086,0.30296675996991895,0.2040972796153742,0.38518618966359375,0.1956212627541225,0.7569835033274694,0.3857165036706331,0.12575224259397705,0.25260953715884726,0.2503591826987812,0.29440498793134334,0.3688181247605519,0.09179400550143998,0.27113392648822515,0.25555346461399,0.19730135865896065,0.2605059513877575,0.21389579552751029,0.3367484497697225,0.020853247079165395,0.23880988354226187,0.23489700578332223,0.200801284625821,0.3374233811270724,0.3441914608865211,0.2543942908242121,0.2680914653674356,0.1404528427934992,0.22556452042985373,0.21586259160406054,0.2251451674960876,0.31406473179818156,0.5185907020499837,0.020561725355509236,0.5135633626405163,0.4407505853778804,0.40213640685702284,-0.011450867788291736,-0.05513795450070884,-0.27486602920240405,-0.10371880592516478,0.07442670827019209,0.08368199544833185,0.012325294193169137,-0.13901536064359227,0.07752272702220883,-0.26646180443189604,0.3778342110367522,-0.21098975031456602
0.09825248692135147,0.2188451111220077,0.4725125525416308,0.2140390572906691,0.025357256156366383,0.4892925481538147,0.08132854583140778,0.422736182465412,0.1867378920530509,0.1579820726535121,0.40460968986629686,0.2916951009677891,0.23532630455665787,0.3193210101169681,0.16199629730168502,0.3857165036706331,1.222125758767011,0.04982590949468984,0.2639813780274621,0.4720241472859369,0.4356891464366724,0.26622663619323,-0.05854744745562426,0.24642927114171695,0.46759288696152423,0.01326450365923221,0.3061144690986718,0.27270561042240127,0.5033326547418738,-0.0020382558837102618,0.3134283243264153,0.22525086217969584,0.24629082479643055,0.391441003369366,0.36285128165508845,0.2705447072874633,0.5383541741233602,0.256746418446814,0.17288877119541107,0.2519718278636306,0.26488100372295037,0.359597210574531,0.5696252393630084,-0.020946162450285875,0.7083746480273614,0.6412185352381536,0.5795878598512234,0.017654750946770766,-0.5038488163002282,0.10507475000429688,-0.04907995831901846,0.1286512530426494,0.05707380827129668,-0.0056003260093711186,-0.04058933585118024,-0.033537188327703346,-0.12082439529241891,0.22284934268005335,-0.1490971353613589
0.10988187953594383,0.2167607773796965,0.26305349305532627,0.24461907217154966,0.11302982980757309,0.10228380913687808,0.26950633281145436,0.17527370090029523,0.24419196290687048,0.2938110387525946,0.15747170809314634,0.2806427936560864,0.18078991031196112,0.14400328687582242,0.188760803882324,0.12575224259397705,0.04982590949468984,1.30146380538223,0.22350583120159165,0.03412839266289042,0.14190807523597967,0.28158732075010606,0.4800040028412458,0.1590982008039143,0.5726874767355639,0.383590495136798,0.16461582709240388,0.21375707237900407,0.31558596331167205,0.019047587029223642,0.3869399306432996,0.31694136089697944,0.23992671592477186,0.3699676551622071,0.14056036201874256,0.46401137318410773,0.15432644878286356,0.07178383553466872,0.3335009817436656,0.1916506035349979,0.3000550011628534,0.1689937250032203,0.22076471118891505,0.09418960706121121,0.16085480533541535,0.16221534072668536,0.2190659468508229,-0.034036470088116194,0.29183373771551635,-0.08055014370501151,0.32180752830544984,0.11761614644440353,-0.10376490411651822,-0.14579761497946228,-0.08445122405489217,-0.023868371795109353,0.2474821236589489,-0.044077443168436106,-0.1673848668446899
0.11143384955516267,0.22738239149544806,0.35136905423202125,0.14552785119056294,0.2572071399993799,0.4309349941030323,0.16220996664011872,0.23602640529815144,0.16395755689875022,0.07903704024880484,0.208336442026773,0.24447180471880325,0.1640262788773296,0.19371132593395193,0.24566718356226308,0.25260953715884726,0.2639813780274621,0.22350583120159165,0.831894114490442,0.3874202754743146,0.2873246051217663,0.2082175820823732,-0.015494025887457935,0.22987445867903997,0.33923550283332476,0.16016895729711556,0.23344674828138293,0.27349603449382115,0.21085145689167215,-0.005151126778119426,0.2928950348098474,0.22009180912164883,0.2511134181684411,0.29597103311904116,0.16089984272595353,0.2124889930885492,0.37120581912278344,0.21877939457527296,0.37020317361009275,0.22339495332827417,0.19361785611749252,0.25430363218994473,0.41214302961282834,0.018322520693192026,0.499569136742041,0.3216143690685176,0.3577784344302577,0.06972076465587908,0.08096249938676665,0.07277704410918331,0.13350480923112915,0.1802599249209869,-0.25080069679247524,-0.0589107016216617,-0.06402584021224383,0.010523379641912854,-0.04259385042915941,0.16320135421389748,-0.11362834706853715
0.09629586272237768,0.5108184658488255,0.5365856186882372,0.2050514198693331,0.08041801012574676,0.5577763603626195,0.15682018565792097,0.37813569785468715,0.19379776749205962,0.05466149799634521,0.35256435083646803,0.2893305900824457,0.21375236836449837,0.258340529529168,0.3959187320142015,0.2503591826987812,0.4720241472859369,0.03412839266289042,0.3874202754743146,1.1901626253290412,0.3072954612138543,0.11843234313732687,0.08318795602129254,0.37662892139570997,0.5191100260828139,0.33591982826832595,0.4167033260292749,0.267401726889514,0.44952879287883096,0.08278041800856141,0.36706336491894687,0.2727645854984594,0.3317465531804698,0.47596031750060397,0.21555000448249326,0.2428677202699809,0.7344358229659526,0.5426921282410387,0.5782158765794216,0.3828873429742204,0.1995478974614193,0.414115111432296,0.6322128838877055,0.02231553859644836,0.87085075979825,0.22434384965552567,0.513889622609998,0.13487012774695076,0.002287751438842846,-0.03336003730893138,-0.11386790354759041,0.24787606550208907,-0.04189734220462419,-0.14185875893460903,-0.08844436621346757,-0.0384042619632447,-0.12902891176404177,0.28032595933330706,-0.1028577008136066
0.11547485507086339,0.411474015264721,0.4246458451413959,0.15314491310328845,0.10543210118535576,0.4219067228051405,0.1992691776316545,0.20062694846859633,0.229491741499661,0.06488937758064751,0.30548828457964156,0.2972693378279186,0.19537387672595163,0.2367617988318873,0.29495175292376874,0.29440498793134334,0.4356891464366724,0.14190807523597967,0.2873246051217663,0.3072954612138543,0.7366047973148482,0.23764670663632279,0.1239024643593835,0.23055819473847078,0.3607900649862441,0.050103608208063984,0.22657866363425866,0.26858538453578745,0.35872524254043725,0.1922572802053095,0.24964557774389343,0.21691545996776235,0.2340654658636516,0.3771416329661182,0.39542530931428954,0.2946090147636919,0.3548965093773472,0.17309703284432038,0.15969921167612366,0.30840865878407286,0.16708697719258386,0.4486259622086634,0.5704396515376905,-0.02877967453115188,1.0103330139472704,0.3248463893833584,0.4083665862805614,0.004246508737379629,-0.5449422995250868,-0.2157487235748703,0.00023328323007554725,0.10828161915940256,0.05166632270800122,0.03412232748005477,-0.12956032440037804,-0.013361606799669763,-0.21135192667154723,0.26372683929648466,-0.0838754679567569
0.10325796727731963,0.15077034347115748,0.37300975483753424,0.24504773695622192,0.10761946248726574,0.28224644046413194,0.2590911489431994,0.19787908493619313,0.5289284245018097,0.19102038064758936,0.20955714047347526,0.2655745593180926,0.22851078598867303,0.2630113066088699,0.14715404362753154,0.3688181247605519,0.26622663619323,0.28158732075010606,0.2082175820823732,0.11843234313732687,0.23764670663632279,0.8930852337810651,0.3294658349675296,0.2981614765217626,0.27490821905038365,0.22387376732604986,0.25400927359893083,0.16121592618022623,0.28201413731944447,0.21894977980778574,0.26815203667057136,0.3882171803319271,0.3213630088466218,0.3493692665810783,0.2025863155538692,0.34707294184552834,0.13671697317748013,0.11411109122496024,0.39313844877139215,0.20085972662027674,0.27099461023710864,0.25388756691767844,0.3893396701012377,0.0822967472221676,0.12108190563636112,0.5953375152530272,0.49295938692642016,-0.14518536666905119,0.8815198779927368,-0.25486093150422945,0.06217375281637204,-0.0986603802547791,0.10961391413772098,-0.03648838085577836,-0.07400862251470815,0.09472568476445735,-0.007470446172448176,0.10854310361005054,-0.24074487424247296
0.029781939417865614,0.05054279509657469,0.17770704778006813,0.2593234232279376,0.14687240619507183,-0.010789406585250023,0.2830376901661014,0.10936854023380889,0.3087626778670897,0.27771112210218024,0.08233812339478354,0.1637471578827075,0.14694776452207942,0.13652883340607144,0.08888546925999574,0.09179400550143998,-0.05854744745562426,0.4800040028412458,-0.015494025887457935,0.08318795602129254,0.1239024643593835,0.3294658349675296,1.3484038385281822,0.4107178064273291,0.5446152409818402,0.12468186134915839,0.11894610348410058,-0.06290973134322835,0.29296438149491294,0.5732242387918974,0.17186117479054777,0.26920355710019606,0.3719747151779036,0.25936036858867767,-0.048747240117567384,0.4321818723640964,0.17165257736054726,0.03593493656952053,0.5335449522629422,0.2319001697589796,0.3099203550811529,0.15369348551442916,0.3470044464137673,0.23412693189122452,-0.13529498454869873,0.20310047407972515,0.4215619185147349,0.07648989911394037,0.8161186172538668,-0.055133470073464676,0.032374313044721846,-0.05254890020489533,0.1065164463351649,-0.12305051326000685,-0.0535868426358388,-0.01622064665935238,0.08827359502388754,0.04358995379815249,-0.04485465544295194
0.026139238624167272,0.2635209864924992,0.39621502297311156,0.3218228527988622,0.17838636520021697,0.3193125300818917,0.2535979715413632,0.264674832863545,0.31684843383285904,0.19316509304404708,0.23781228401486146,0.24598948399212628,0.21270036706233245,0.2561899752323379,0.2652297721807907,0.27113392648822515,0.24642927114171695,0.1590982008039143,0.22987445867903997,0.37662892139570997,0.23055819473847078,0.2981614765217626,0.4107178064273291,0.9502159872280905,0.44794219529832974,0.40049405146698674,0.276902534261551,0.26469342022167164,0.23040186139104277,0.7611248981337115,0.3274922618709363,0.37721513307722243,0.5371273350077644,0.1834387685477012,0.1879743139413392,0.5294692020574318,0.2731358709916243,0.2145167887934705,0.44336553874720164,0.2765969949681089,0.4103647877854938,0.30131800224141814,0.567564881635929,0.1155717513684252,0.5178790790829587,-0.023280128224606983,0.34144602769691057,0.07004331490598299,0.4890907699507515,0.021149127296269624,-0.05032553433012952,-0.03441806333666712,0.027565606394427115,-0.08163485668179284,-0.1351258484791709,-0.0063886483048977176,-0.12792739912114884,0.3192214221682164,-0.1683233657386465
0.16019476789985662,0.40929559043424,0.5343407729447005,0.20751795479170237,-0.03126974244276604,0.5040649980542775,0.20838775467716905,0.24417600798618436,0.20019625103924943,0.1729103151391562,0.2797304043490548,0.41463957606353935,0.21669098891345154,0.27181908425615503,0.22868333699413781,0.25555346461399,0.46759288696152423,0.5726874767355639,0.33923550283332476,0.5191100260828139,0.3607900649862441,0.27490821905038365,0.5446152409818402,0.44794219529832974,3.4241777882925493,0.38758796665816886,0.3660986982192584,0.24737127627560065,0.5732683774412863,0.4222851515442459,0.6695462875915913,0.5924136776522558,0.2648602256136504,0.882089679086451,0.490833442330445,0.586038603486971,0.10727728416099776,0.35301940912852114,0.6954736561720877,0.5154703956466092,0.2648627182791917,0.37119696147302533,0.8520633932211814,0.11108824515982663,0.9497522365798339,-0.18022071079203023,0.47033160402053104,-0.02762452390624379,0.3371088417135963,-0.6773572643911491,0.5314102656357064,-0.0677728833474321,0.1369157252082328,-0.13092523135386006,-0.05540427057835574,-0.0964774007774581,0.106585368008635,0.15249944608760124,-0.12360557360735705
0.04006557840187631,0.23561644642774118,0.21813144381898503,0.23428011383950922,0.2165364380439806,0.4103209155346778,0.12681622667353543,0.2664539880637325,0.2829504356024486,0.12628768824409428,0.20201687604534063,0.2710750668198552,0.19040282493377866,0.27025897718305875,0.2851683333942181,0.19730135865896065,0.01326450365923221,0.383590495136798,0.16016895729711556,0.33591982826832595,0.050103608208063984,0.22387376732604986,0.12468186134915839,0.40049405146698674,0.38758796665816886,2.2983630680646985,0.23656980380418313,0.39069511098849236,-0.044470111013811056,-0.28342261065145824,0.42792582632263787,0.5056547044962854,0.11988351875635092,0.4011175365543726,0.34626434779058685,0.4977407063117019,-0.2674325837396484,0.16820125805261332,0.44311279300704065,0.34544139627006404,0.5225078362402605,0.2822363942090307,0.5877663563098474,-0.05892438238625841,1.448868878798345,-0.7242987909650961,-0.13722438586807104,-0.03634800392257346,0.10172934175017363,0.43833598292131304,-0.4541808805978528,-0.06406618613864695,-0.2779797592722269,0.09057379762087306,-0.1624076081349383,0.03008108214847051,-0.08539005262636556,0.3489803887166417,-0.3719305201291104
0.08185913073019176,0.21825720743372073,0.2635338142870399,0.16197923090651067,0.10381202011444347,0.34228311004997664,0.16594445756651438,0.2203573372023651,0.2323718466418549,0.1094827364189338,0.23744371919793833,0.2828124248891751,0.18806487296958638,0.171688254260526,0.19455972959145332,0.2605059513877575,0.3061144690986718,0.16461582709240388,0.23344674828138293,0.4167033260292749,0.22657866363425866,0.25400927359893083,0.11894610348410058,0.276902534261551,0.3660986982192584,0.23656980380418313,0.909755636249078,0.287137791152354,0.2871694518148615,0.18224126480815012,0.29710859583053534,0.3329241008346713,0.2667245383150246,0.341190266992298,0.33302577771538855,0.35232911015675455,0.27162869859098426,0.22719902161047037,0.2869186311972751,0.23732404798450557,0.27945613728769786,0.2738817294301554,0.4004681854067473,0.0311434489620862,0.4767529545710701,0.06570195311254495,0.2386026911630729,0.028589134768294024,0.15079685779641672,-0.11496996507555651,-0.01979021269801716,0.08577827204558124,-0.005536279049233065,-0.014404778572042936,-0.035537042306890414,0.016529459766856276,-0.007945246694886382,0.09294809055427573,-0.0973658442321388
0.07322558182368229,0.23387618003482075,0.2757314924555361,0.14487665990109597,0.12125909878511296,0.23793653889998892,0.09231271727121565,0.06574208656207711,0.16536108741222563,0.09843632676596917,0.17892447630462643,0.1445735891585861,0.13358867159481883,0.1958771476043849,0.3010669598177986,0.21389579552751029,0.27270561042240127,0.21375707237900407,0.27349603449382115,0.267401726889514,0.26858538453578745,0.16121592618022623,-0.06290973134322835,0.26469342022167164,0.24737127627560065,0.39069511098849236,0.287137791152354,1.3063412352742894,0.20938761938683284,0.08952886389020935,0.3585251383127607,0.17033780748426347,0.42193902710891246,0.20456297711944021,0.6431111138904176,0.39836235179572166,0.46986032864838245,0.12962091493229894,0.24090080529070793,0.2807703011745957,0.4996420135875154,0.287519789164938,0.6838748228815988,0.11900656121043059,0.8685660619754383,-0.3986045333571728,0.017499941710529803,0.05033838516394714,-0.17710586131664818,0.47256882482865287,-0.1130737474205285,0.34515922913101926,-0.7813890793517985,0.09075329339815709,-0.03205291219540701,-0.005843648278378636,-0.14810384238095672,0.11455365495511144,-0.015016769162822019
0.1668781216278946,0.44372691675205617,0.6645003686086052,0.18376848307301294,0.011947212561597526,0.5686924595094205,0.12476034815317928,0.3127915345582098,0.16570437287938106,0.22138716985296308,0.3587816955031161,0.3342725896467204,0.2803256020040761,0.3027157456925943,0.31431979645540653,0.3367484497697225,0.5033326547418738,0.31558596331167205,0.21085145689167215,0.44952879287883096,0.35872524254043725,0.28201413731944447,0.29296438149491294,0.23040186139104277,0.5732683774412863,-0.044470111013811056,0.2871694518148615,0.20938761938683284,2.0577360611154654,-0.14352867692268192,0.16648746132007017,0.3447512410926962,0.08143513963713783,0.3893569821284381,0.29547833334505086,0.5269982248960955,0.08911068805571909,0.1328493661794317,0.22442538505025872,0.26569070449616095,0.3844169932360541,0.29397112879309933,0.3854743236225153,-0.026046701358630832,0.3782148750440566,0.6327850669611339,0.4234020574230617,-0.017596797682109675,-0.46991347323997246,0.5061977197022589,-0.4349935532183764,0.15433591072042918,-0.2756198664949505,0.017321937406846764,-0.10966533287443014,-0.042303558961473434,-0.08741217024211256,0.16166111478788883,-0.09541853869038795
0.06625827096561909,0.26039418118573865,0.27270637153714916,0.21621798663396327,0.13193427303763144,-0.05998549995034373,0.2330361155487816,0.12744348723679252,0.3436482351798492,0.23364221910873403,0.045321256759655155,-0.024214531361163895,0.10614454992463039,0.09691368700067948,0.12984284714806582,0.020853247079165395,-0.0020382558837102618,0.019047587029223642,-0.005151126778119426,0.08278041800856141,0.1922572802053095,0.21894977980778574,0.5732242387918974,0.7611248981337115,0.4222851515442459,-0.28342261065145824,0.18224126480815012,0.08952886389020935,-0.14352867692268192,3.8187077894187405,0.047320122462758026,0.23727215774397298,0.4869752935357491,-0.022432365926692087,0.4076416558749037,0.446130652031113,0.3091515321028925,0.07744008460769243,0.4780044423002081,0.3830198609561058,0.20384343001834104,0.12993504416781387,1.0580130568529327,0.2532654578924888,0.4218355245383499,-1.58188504341731,0.035498381301076944,0.10838616042072133,2.4534207683782525,-0.23833969027640517,0.20912568631297374,-0.24122024510674633,0.3264573957329832,-0.12293972975775902,0.06064420819113959,-0.12323463806607149,-0.276252774441761,0.39585684851461106,0.11674579574348401
0.10577090265113981,0.2450952096214855,0.33205824404251616,0.21316421215924988,0.12851478140983064,0.30071895895024026,0.18951057837126897,0.21030347958068707,0.24805573206998052,0.16014895601182033,0.22904884356108202,0.2781057200705593,0.17785723341476967,0.2276328072470377,0.241114106908478,0.23880988354226187,0.3134283243264153,0.3869399306432996,0.2928950348098474,0.36706336491894687,0.24964557774389343,0.26815203667057136,0.17186117479054777,0.3274922618709363,0.6695462875915913,0.42792582632263787,0.29710859583053534,0.3585251383127607,0.16648746132007017,0.047320122462758026,0.9251491448525238,0.34550453672122444,0.34227967715292057,0.3243228158927667,0.24419218858224268,0.7060873211734422,0.27722950656399353,0.2662022976350296,0.41744618068859174,0.280404533235738,0.47544901411202145,0.29861817219973685,0.4655111849744329,0.024459388396663142,0.6268823407199426,0.20004003376310758,0.29164758247626016,0.01442858655100334,-0.08481940708806932,0.0710448945526519,0.14378530477140267,0.01303239565452081,-0.12788989066536166,-0.07168139470169854,-0.07174568940839365,-0.006368239283884534,0.03068293072486121,0.11576994090860912,-0.1665882173471807
0.06960794963646977,0.18102962366193417,0.32996371301856325,0.2054932427570807,0.11285813415402975,0.31474526804110753,0.23517577965106995,0.2041243010694051,0.32675978844547415,0.18877252900121053,0.22651877365989623,0.3259147788042351,0.2119627315226169,0.2013585589976045,0.18521443002033988,0.23489700578332223,0.22525086217969584,0.31694136089697944,0.22009180912164883,0.2727645854984594,0.21691545996776235,0.3882171803319271,0.26920355710019606,0.37721513307722243,0.5924136776522558,0.5056547044962854,0.3329241008346713,0.17033780748426347,0.3447512410926962,0.23727215774397298,0.34550453672122444,0.9759074835950067,0.24700283172803636,0.49289379593986543,0.15900183486431124,0.5009577119974304,-0.21998211930059827,0.1905334408397503,0.46098373644421525,0.26189546205170156,0.40825160619830164,0.2673718803019377,0.30148526784354907,0.04759899435173837,0.3762402516336341,-0.17268440095565799,0.29505587098118885,-0.020725654117437688,0.6888357282698481,-0.1527183451072001,0.17796693432787447,0.027686621317075305,-0.005417954927466802,-0.031084660945965972,-0.06221227579585807,-0.086289856475852,0.32273738211059183,-0.040331908454049,-0.24969431630628652
0.03647212613640748,0.28941877892001133,0.26733846045291493,0.29250153590362105,0.1989871076435491,0.10172367638282362,0.29800425765110816,0.18453510071766296,0.2989995801863946,0.16011255315638975,0.1740582217553159,0.19385622110349243,0.1802671786722659,0.18343738120810596,0.2117415161695953,0.200801284625821,0.24629082479643055,0.23992671592477186,0.2511134181684411,0.3317465531804698,0.2340654658636516,0.3213630088466218,0.3719747151779036,0.5371273350077644,0.2648602256136504,0.11988351875635092,0.2667245383150246,0.42193902710891246,0.08143513963713783,0.4869752935357491,0.34227967715292057,0.24700283172803636,1.7677097768483458,0.20343478378602664,-0.33819353877107755,0.3296172792265514,0.6136880489225426,0.1652235250073558,0.2746248076027994,0.121934310024653,0.13119811756377872,0.3338356393899593,0.6534313878869406,0.1314490595266007,0.1835022141081163,0.10263048272413863,0.5496525008139872,0.1120677248995752,0.42884502055745927,-0.20584622137031747,0.006212375151338735,0.05074446336852376,0.15923484691530776,-0.24647526837993433,-0.08985213566762297,-0.04116478328354357,-0.1645381314654819,0.20421037534400568,0.09892669975090483
-0.013488726604332915,0.3364517955856871,0.45171245178561026,0.2670656020717199,0.1394726404269367,0.4616746165380406,0.2812036543883468,0.3253716073150521,0.3477739658331171,0.1927530252759475,0.32295610366695054,0.36038889711700106,0.2517807534354992,0.2748988383080387,0.30612459842093537,0.3374233811270724,0.391441003369366,0.3699676551622071,0.29597103311904116,0.47596031750060397,0.3771416329661182,0.3493692665810783,0.25936036858867767,0.1834387685477012,0.882089679086451,0.4011175365543726,0.341190266992298,0.20456297711944021,0.3893569821284381,-0.022432365926692087,0.3243228158927667,0.49289379593986543,0.20343478378602664,1.5043505928582908,0.6025032182750328,0.1617157649571391,0.5470963574368976,0.23822691053356349,0.3306537737081164,0.3201333325053519,0.18771713804333084,0.39845433098501787,0.7205271614419162,0.12571959586611597,0.7391272236771472,0.05006249143672511,0.5733046166258868,-0.019331816176113546,0.27389800705254874,-0.595588883699372,0.07001110696792205,0.1680370143540202,0.24471433408369722,-0.09777776748728502,-0.08845554283865144,0.03757194780099438,0.022008346442600274,0.13632758357068367,-0.2094136574953232
