0.7086096079614866,0.15834177850024075,0.08725278253757374,0.10813210781708558,0.12608488641484897,0.0785202905181788,0.07430203054609691,0.10946310801634215,0.005806688515988692,0.10835678220605303,0.09087271907940261,0.08787004587672136,0.09607770306298614,0.05020341061141558,0.07923998481719842,0.06352836590928142,0.05568828872955738,0.1055600490845346,0.08521969716802652,0.06740016124083162,0.06296986514164712,0.08862815468346232,0.06952120930470423,0.07402620408130423,0.12298087273487983,0.028067245713439153,0.03881614783877364,-0.015801092437312036,0.11957209809505517,0.08768218788463128,0.07550679642247367,0.029697336531340202,0.06971348135963154,-0.013755349295798852,0.027925924999758437,0.05520668810193962,0.06991206467324151,0.05834219663624553,0.09134855563352239,0.053967204729776036,0.032476769817936124,0.04889279534290554,0.05208207428780222,0.038425001230784385,0.004612113841352333,0.0542212548545446,0.09830228867774297,-0.010226451781990002,0.008909477501214739,0.046194360079782684,-0.020404893893816195,-0.05810858042097583,0.054070812899965646,-0.016772965325336613,0.08313093878132743,-0.03013384569056994,-0.054589780993375185,-0.07342742433177729,0.06244114670957528
0.15834177850024075,2.9669907962797026,0.5298721616731074,-0.0010227818831063085,0.05367637780478948,0.2067132144768532,0.2513656371919024,0.30336821076395704,0.27606500359119773,0.253036375702615,0.23207305433829153,0.1936984609893977,0.31119275088626996,0.14819613336391296,0.47487353963779017,0.1986956209869973,0.25999698126678455,0.30922143454149664,0.11096904028389028,0.2969357189678314,0.34705222496004806,0.03308184889830278,-0.8412653747150881,0.011296597484680117,0.13482862126197673,0.0850649828872722,0.7224810695348497,0.45910380720869337,-0.01821077922688226,0.2814105434485651,0.1951791825790541,0.3492072412920487,0.36983075174684726,0.2731124145657118,0.19691422069369624,0.26039084764727716,0.40117905391826153,0.1849262303436509,0.419313094213258,0.2830503416485197,0.2515701864123579,0.30480395945535504,0.4241975263814264,0.1745514262821675,0.4323532159652057,-0.18731794149717873,0.22108409284309088,0.3578153070623076,0.4835175285363083,0.15725670816766094,-0.07649486882335658,0.19086289646935403,-0.22567128995961716,-0.03867106799218084,-0.521413343709567,0.040137679046256806,-0.1944984561337237,0.5477581122819686,-0.026758569961229127
0.08725278253757374,0.5298721616731074,2.1970552622037935,0.08896831574243012,-0.163043010826201,0.2306063967898796,0.07063325697474603,0.4234737374945609,0.5248143166931128,0.3459634521945737,0.2023396813397818,0.0786888115940798,0.31081444705913924,0.12472898773206657,0.3069832141299305,0.15302991313995984,0.2736868156315805,0.29682699779154154,0.03484759917783203,0.36464933437169544,0.2897807078752729,0.25866613792192505,0.25948633571265606,0.24107456517894035,0.010575395526890456,0.18059140989404013,0.39250203368678127,0.3197528429173057,0.22154468899093835,0.4027917548953604,0.11855823442485258,0.2259797597495013,0.3433664011344545,0.4877789743374141,0.30240169630086033,0.269941897419117,0.5154595147458367,0.1262531225281438,0.426760696326671,0.20941943887338466,0.30838128763782624,0.2937689621959901,0.40549111021306594,0.212921860285439,0.24847416863323418,0.01990723315626634,0.41067009139841065,0.262433548383582,0.8814000845783387,0.0666710483564419,-0.01444266279632051,0.0252895230021307,0.18972367813049917,-0.1417252823918498,0.04439597102440014,-0.05596867861802713,-0.12992744480803922,-0.01565964967784158,0.10263164598196745
0.10813210781708558,-0.0010227818831063085,0.08896831574243012,1.115877351961618,0.44792133858134353,0.3353726785443032,0.24884464605395826,0.3377073340678828,0.04164907258630327,0.3262738012420587,0.30580189997698143,0.33858804588039276,0.2689007997441636,0.2794740300211767,0.17439121682642686,0.28634023900589495,0.2528583012621168,0.3416861140700092,0.31883718918118814,0.26897422323433323,0.2015837357318065,0.2585906924519458,0.31298810102418817,0.23121423981255748,0.23423340310679214,0.26362258779265024,0.05648249304624206,0.04207970142653199,0.35644281119847027,0.16167879053066964,0.13783822557503275,0.20610276261273142,0.07145684523481607,0.48938009891253725,-0.19570246287300946,0.23141648535636106,0.22168401318610348,0.1564691963168878,0.22171514111453927,0.19521344295658385,0.18600593152826733,0.1930992958336356,0.3071311446896523,0.24913584882013276,0.08620347952749927,-0.046365173492263746,0.3022655134374582,0.10946687036566749,0.5468864731241313,0.16484742614782893,-0.07707746022719675,-0.17299810686814912,0.06630809858694739,-0.04799205663124016,-0.11307194994382255,-0.13613936508229313,-0.2983289143746418,0.12530070853453465,0.3370964204653123
0.12608488641484897,0.05367637780478948,-0.163043010826201,0.44792133858134353,0.8937274330173366,0.38102862728103915,0.21976126400209428,0.3858722338654952,0.054603241494714676,0.31423608091900096,0.3257027090290712,0.32695647136925643,0.31054641961927826,0.2729751312571007,0.19047605183466823,0.2889567047882387,0.25054885325621973,0.2908729261149614,0.5084757397905141,0.2514897407418533,0.18857316672399604,0.3137798303379455,0.3192958262790562,0.18557236104961575,0.2561605405257739,0.26078642734120194,0.05634604150371361,-0.013490556450814368,0.2879916411075587,0.15099731598177601,0.1883046108158887,0.27385664817683353,0.10052070695675482,0.39623674600465547,-0.11740667821194298,0.2646728964564878,0.17027324998939056,0.16248378408210515,0.23745740463675663,0.19223444124517688,0.2641161692770724,0.18287790305700688,0.24846728446818964,0.2266191003932897,0.033689742043732845,0.05934140639286803,0.2671357995376907,0.015893677049802976,0.26804073677363965,0.20707907851705862,-0.05913461840904978,-0.4641073405941625,0.33668084007353577,-0.030265546999555415,-0.14964619731237827,-0.09953700877697275,-0.3094344361086733,0.14200086904820777,0.2799607999557942
0.0785202905181788,0.2067132144768532,0.2306063967898796,0.3353726785443032,0.38102862728103915,0.6812165618667462,0.18341269763120813,0.46624099901346266,0.15995672641244024,0.3403162454280799,0.3569261699795688,0.31693175871968027,0.3325129185962564,0.30037962298392856,0.28897733693822336,0.28107860840052307,0.3267262635477116,0.2685461389308822,0.3985128751435507,0.3988006765015174,0.24335309537594407,0.30547099262882244,0.1940296053027743,0.2147150682856797,0.19973205850908787,0.28998344376415713,0.17722481461213457,0.09705986947180582,0.2991994448639649,0.28618831112712745,0.16438868019631092,0.33322769775264954,0.14505812681925276,0.43845355740562425,0.19162659078635988,0.1764076070983774,0.2169589273604497,0.21947522551924228,0.3618956232678147,0.23185116298274094,0.2835427304130222,0.2398124028845638,0.3647716594968021,0.27980429835118475,0.019353463577191452,-0.011055111439703186,0.3419509254355936,0.09015506289717908,0.5045385184829324,0.32343753692814253,-0.47224523242533206,-0.07550416615589083,-0.05175848198427177,0.04198568822903819,-0.18788418806376014,-0.09093400085882977,-0.32807298638483867,0.2038669340364874,0.24171547371557858
0.07430203054609691,0.2513656371919024,0.07063325697474603,0.24884464605395826,0.21976126400209428,0.18341269763120813,0.7262246136982036,0.1805473798001048,0.3113319721818596,0.2553745240903419,0.28298028494537186,0.4073218930302926,0.2872674786564259,0.36124328663365857,0.07890473236304416,0.282343979854691,0.27967387232787355,0.28910507092674065,0.12367505762052887,0.21830923523250959,0.2137707257847022,0.2633576233982454,0.39821161586764947,0.2016145141853622,0.1899493252898345,0.1844252740367472,0.21310807855075567,0.13307985863427302,0.1633572573322098,0.22170273713717223,0.1873665542253898,0.14850505844586992,0.2177847918230346,0.3510591165374692,0.18686566768519955,0.24080550725025507,0.2855078521734867,0.1221836014001485,0.35052370525774634,0.16076587656245153,0.1373737779597128,0.2034678682686729,0.32032184761848237,0.23684307799447288,0.04424724146701634,-0.02424863652088331,0.26133780638187426,0.16913590812170337,0.6892975644378826,0.11855245650864672,-0.18509217937944997,-0.114052568545612,0.18415263809020077,-0.08924314324739864,-0.10039287235148749,0.05446467910161205,-0.18869461946331678,0.1072802053371218,-0.02664172955516436
0.10946310801634215,0.30336821076395704,0.4234737374945609,0.3377073340678828,0.3858722338654952,0.46624099901346266,0.1805473798001048,0.8838487041825053,0.07086451094413139,0.41575513294264843,0.40584896783250474,0.24220151042837165,0.3956713120936327,0.307202717944172,0.2963298124030713,0.2832620933536614,0.32826644916677594,0.33169739897309086,0.3437635548624794,0.42749545938878825,0.22917599942324973,0.31194524187377726,0.25605126010161655,0.16288517192861468,0.2149936547667873,0.3539263668341935,0.2834061590366602,-0.04915795606871786,0.31338653459803306,0.3343303377353603,0.14454356711541694,0.27995344586471704,0.1073982130210714,0.509699733776868,0.29370382952896656,0.13732340953250477,0.27637689859707254,0.21835080441841312,0.37144765293364884,0.2690992229408131,0.32744840375612255,0.23514086317374233,0.3767365175774764,0.32831483980594767,0.09790602383028033,0.047939597687057314,0.4231791837021784,0.09637617185705212,0.5802489631075382,0.23744180221345537,-0.25053888840295835,-0.09490468303490611,0.014328305241878411,0.03041825652742175,-0.30213791526261013,-0.16399438947223768,-0.23508696745078714,0.3563678451347633,0.11580165818111175
0.005806688515988692,0.27606500359119773,0.5248143166931128,0.04164907258630327,0.054603241494714676,0.15995672641244024,0.3113319721818596,0.07086451094413139,0.6546287324817801,0.14335307845583528,0.1062963003178536,0.1421037446030481,0.2046927772514785,0.24121096340637058,0.0818804087856026,0.18374442125669696,0.1899367469229588,0.22891093431562076,0.04539853808203152,0.15205022346508743,0.18330489365711702,0.2274458874216394,0.3137595961626089,0.19048873682008616,-0.07793126135409406,0.11780564271357026,0.18743265859352634,0.2823925122677619,0.024524268330546353,0.1941370894211308,0.08837287377922269,0.10185272817187774,0.32883899711073333,0.26831701493857957,0.16801307624534065,0.07792485469770892,0.39051909269287527,0.07583813000365859,0.30805469407634867,0.1076546940613834,0.15886089181332558,0.17360188201300872,0.26743032260681654,0.1668875747206191,0.005142382419714338,-0.054672967574819646,0.23588059221598182,0.20040320951582594,0.9063763893373472,0.09134837671401053,-0.15271857216594625,-0.04916909552743687,0.2169546255608669,-0.11398523533453601,0.030445121351983365,0.12751183651091924,-0.12311622097974237,-0.027714324127351492,-0.03839718367270826
0.10835678220605303,0.253036375702615,0.3459634521945737,0.3262738012420587,0.31423608091900096,0.3403162454280799,0.2553745240903419,0.41575513294264843,0.14335307845583528,0.6833279596638927,0.36111343528871354,0.3084463477629759,0.3803363463526881,0.22597886548191273,0.26971976210337123,0.2645246691394511,0.2898964157244197,0.36257052321998795,0.26482363903466716,0.3004359817312864,0.21283098798844086,0.33161109489406965,0.3321915599164489,0.25542426246152916,0.2003630724241198,0.2642840466102891,0.2731244834873346,0.13366687240506697,0.30765553153175346,0.3077676519966986,0.14757048757934751,0.25893851528107653,0.10068052776322828,0.5789078866606204,0.18146640292509045,0.2406392631724646,0.2434674674894579,0.15563134156359323,0.3158402456281302,0.26232730378488345,0.3222001114341801,0.21715914838138722,0.39390771231866334,0.3316701260626772,0.1325253835831008,0.014124737880256805,0.4007657278823869,0.08645009541827345,0.5443952825293756,0.06195596713765468,-0.08524780361309385,-0.21067262861938266,0.10799267719063807,0.04628266971676626,0.02652060679401679,0.014105802122693956,-0.24647467697567557,-0.01914593854149459,0.1694184267617256
0.09087271907940261,0.23207305433829153,0.2023396813397818,0.30580189997698143,0.3257027090290712,0.3569261699795688,0.28298028494537186,0.40584896783250474,0.1062963003178536,0.36111343528871354,0.5684319535542254,0.4012903686803005,0.37922894814362934,0.28849618972298896,0.3106090648001028,0.2945419636337704,0.3418907261667223,0.33086253337271115,0.2653157247508627,0.42292362153569757,0.2650383286783642,0.3119318991466561,0.3632495557659112,0.2546208632072308,0.17802121502571308,0.2673987708424424,0.21361441011637156,0.14481018638721002,0.3007036972320973,0.35539684943472327,0.2191166011858092,0.25726743707343347,0.20053488434195238,0.3921233849473182,0.22495736575617117,0.2602548548946922,0.3009581654083268,0.21787341368497157,0.3986767841825539,0.2834704541466443,0.27927555321243763,0.2582692155456241,0.3922956369882085,0.299950634880989,0.09011737277618503,0.011880445457044638,0.38953492537383677,0.1384842026481472,0.5487357203861898,0.16206735329383246,-0.1942496079607318,-0.15346396978102314,0.16136881021693328,-0.020030304448541068,-0.1460609801340317,-0.033611229222561025,-0.29764234344652074,0.1512181593789409,0.16760003742857038
0.08787004587672136,0.1936984609893977,0.0786888115940798,0.33858804588039276,0.32695647136925643,0.31693175871968027,0.4073218930302926,0.24220151042837165,0.1421037446030481,0.3084463477629759,0.4012903686803005,0.7317658915333881,0.3389845160621332,0.31033567192935557,0.17691699477014813,0.28406176540693323,0.28861054550945786,0.35338644161078764,0.2591350730475584,0.3105754699958709,0.23954600088732056,0.2816768536061067,0.3382391264943449,0.2299805608926102,0.23994749448071934,0.2776146637068562,0.17084038128064885,-0.06559400743825451,0.2796020792391473,0.24097082225898947,0.2464966830564311,0.274189247816383,0.0709639533073941,0.3808483228006497,0.19487870682023067,0.4119680581177046,0.10703578402955728,0.1641170784812615,0.3300829895371245,0.27361206617485023,0.18964199198264453,0.23200639085212085,0.347792466793008,0.28193646403780626,0.12927518676403285,0.0023408990958965177,0.297042010400741,0.105342906715876,0.339225064033831,0.05304343658299188,-0.06884807159697467,-0.1854070052447937,0.07000555421053799,-0.0036727556622167873,-0.1377876443237131,0.024310389875406534,-0.23532222613104145,0.1289599180332614,0.038420792323049284
0.09607770306298614,0.31119275088626996,0.31081444705913924,0.2689007997441636,0.31054641961927826,0.3325129185962564,0.2872674786564259,0.3956713120936327,0.2046927772514785,0.3803363463526881,0.37922894814362934,0.3389845160621332,0.6799423449584735,0.2762944066151477,0.18824538691131487,0.2916277467653848,0.3126630825847729,0.372528728591625,0.23378801116174822,0.37770025395975876,0.251113515629329,0.44681766530391553,0.37747887206355224,0.25722366275538555,0.13531586647292546,0.22712230545647744,0.17654720811296576,0.10793149888365729,0.29518219766142484,0.36487038341138855,0.15892342542576007,0.25549105018068524,0.23091371216449175,0.4642939947378498,0.22594478904430146,0.20885888450284507,0.3070332268730057,0.1966159377617716,0.394057454531062,0.26528621217668436,0.31518299106390185,0.2469975888763787,0.3710088356018907,0.39338545577552514,-0.03165718312984192,0.03361220746443501,0.4120359324899499,0.07907432150860887,0.7019049764813029,0.15707203878764223,-0.1547247365175291,-0.2762450304715435,0.17814238588794237,-0.003958977262585907,-0.07304450457912995,-0.07371429417355752,-0.33892911090628247,0.02552304542514486,0.31931118085883603
0.05020341061141558,0.14819613336391296,0.12472898773206657,0.2794740300211767,0.2729751312571007,0.30037962298392856,0.36124328663365857,0.307202717944172,0.24121096340637058,0.22597886548191273,0.28849618972298896,0.31033567192935557,0.2762944066151477,0.8780457040846419,0.21266355486020108,0.4087503053087913,0.32585729561852456,0.2631225185873551,0.20739169969759627,0.4126376619338288,0.27365737847743243,0.2456133361782069,0.4006203824238875,0.2659108306211585,0.19791054287877152,0.25083532992976343,0.14823454744078424,0.3240353522645815,0.24857700740341546,0.41449026544950596,0.1988776201165029,0.13949412020281196,0.26322765778918106,0.31185482389327135,0.2458974690965908,0.14637353841380157,0.47030879694044936,0.21555586136950763,0.373049966780585,0.2960600181501993,0.24761459691409576,0.2652437826795547,0.48635142963904404,0.3626579816504903,0.09439332531508579,-0.23320232843979133,0.3916195262332487,0.2905383066429234,1.0825732996924764,0.17511323000690027,-0.26977833124387657,-0.078938138146842,0.07601937950866847,-0.013302893457312124,-0.21273206082179982,-0.04766637466031715,-0.4485023782774577,0.21952822376937037,0.42244579219743233
0.07923998481719842,0.47487353963779017,0.3069832141299305,0.17439121682642686,0.19047605183466823,0.28897733693822336,0.07890473236304416,0.2963298124030713,0.0818804087856026,0.26971976210337123,0.3106090648001028,0.17691699477014813,0.18824538691131487,0.21266355486020108,0.7695576701191353,0.20509733215021303,0.3203751081571632,0.2188835261271672,0.18063248051497782,0.40297972731835474,0.27226104650803706,0.10294525253062044,0.32362227580439273,0.25044407942429986,0.16836718153467153,0.1897145124653427,0.2950179322362612,0.4626228263338984,0.312369000385744,0.48205275335767855,0.16542278077944744,0.16282662479205723,0.2701208301587541,0.3047707912310373,0.2103456271845796,0.17053590695489418,0.3837541850427797,0.1939061827349096,0.37501356283389464,0.35152661597439483,0.28153409219842207,0.2594919693617766,0.4927524467562705,0.2533414349519717,0.22960371016005718,-0.14767199862545694,0.39260863788234956,0.2718266291935031,0.595976382477135,0.28958301467335423,-0.29081051632518634,0.05473486830220496,-0.05296715080067935,0.061403242618001064,-0.04874851924329626,0.056258043280375654,-0.3923963849841683,0.07675878272511867,0.2813361723668693
0.06352836590928142,0.1986956209869973,0.15302991313995984,0.28634023900589495,0.2889567047882387,0.28107860840052307,0.282343979854691,0.2832620933536614,0.18374442125669696,0.2645246691394511,0.2945419636337704,0.28406176540693323,0.2916277467653848,0.4087503053087913,0.20509733215021303,0.7062049071815786,0.3067492114206961,0.34576647390299736,0.22518431397412378,0.31742078740433916,0.23838263849924643,0.2564977938778317,0.3381939332894702,0.2683532078401183,0.15202398297741093,0.2567123459566096,0.09845086609422736,0.24688562613249593,0.27293705643561034,0.3106079081411294,0.1490058505230714,0.17301912877578218,0.1391395129790075,0.3819126190324252,0.28505572585225525,0.1691810750926642,0.37174580294054393,0.16733863188234077,0.2945821800787898,0.23740763901737427,0.24454834409698017,0.24404862482936862,0.43625668731838413,0.30823288855532166,0.13949590783596297,-0.11072392959120793,0.3681588973622166,0.1698121337755682,0.6742943475862732,-0.012754475116071287,-0.17952548315513694,-0.06646366892964449,0.08485158068193814,0.000917375301083997,-0.10693811774710446,-0.03435211628685879,-0.3752073310310637,0.11057687620000604,0.3290129114547527
0.05568828872955738,0.25999698126678455,0.2736868156315805,0.2528583012621168,0.25054885325621973,0.3267262635477116,0.27967387232787355,0.32826644916677594,0.1899367469229588,0.2898964157244197,0.3418907261667223,0.28861054550945786,0.3126630825847729,0.32585729561852456,0.3203751081571632,0.3067492114206961,0.6047266531779399,0.2984099880016803,0.20612391869307584,0.4323317807127641,0.3288710423369173,0.3552027183866696,0.3787351397736053,0.2606166330126522,0.25394587231472837,0.19525371048384416,0.22054431678592235,0.4146885672601432,0.2749315192122142,0.42225946903393485,0.24708733375340852,0.2151307107686504,0.36119339867577116,0.36601531825344236,0.22955840679235484,0.2806205513744883,0.4845320583557171,0.2332624716532039,0.5186613294506391,0.3090110799775068,0.30378394593110375,0.31458420009579763,0.47674037112961326,0.3244571730420515,0.21848815043346181,-0.06553417866952296,0.4391326122620539,0.20686551050821633,0.7155551035282303,0.3837834712505725,-0.24658126566002941,-0.16787928452925283,0.0513461547937919,-0.046268756243538545,-0.14877504745306525,-0.02526839561850005,-0.3428495034867225,0.14809744291559704,0.2048856681334865
0.1055600490845346,0.30922143454149664,0.29682699779154154,0.3416861140700092,0.2908729261149614,0.2685461389308822,0.28910507092674065,0.33169739897309086,0.22891093431562076,0.36257052321998795,0.33086253337271115,0.35338644161078764,0.372528728591625,0.2631225185873551,0.2188835261271672,0.34576647390299736,0.2984099880016803,1.2522460875925492,0.27346565364405845,0.26757334134523614,0.2620446234762005,0.26199683914589306,0.5830803835351749,0.45873413663329743,0.2349822651660483,0.2993548310904955,-0.4976807420992153,0.13802146153893033,0.4947881275574221,0.10381018313261048,0.12270248391762549,0.02335351724636253,0.033899744658496066,0.5539237370889805,0.05888827825357674,0.069862068544776,0.5630358779571085,0.1180265109983892,0.2700065600599682,0.19761500360631748,0.23079133151464304,0.2505840860571382,0.3817113877812309,0.20676096213378467,0.2039389965054824,0.011356632012261506,0.6142598915302828,0.09531060815927093,0.5407586866952155,0.28783298788041445,0.31996099584025733,-0.294946575108676,-0.2563998305610851,-0.12970955562654454,0.01127588359222936,0.07658521145751393,-0.3129825360035394,-0.03996478686048668,0.2166296321699502
0.08521969716802652,0.11096904028389028,0.03484759917783203,0.31883718918118814,0.5084757397905141,0.3985128751435507,0.12367505762052887,0.3437635548624794,0.04539853808203152,0.26482363903466716,0.2653157247508627,0.2591350730475584,0.23378801116174822,0.20739169969759627,0.18063248051497782,0.22518431397412378,0.20612391869307584,0.27346565364405845,0.5818551742781495,0.1577703962902079,0.15358752936657447,0.17229470393912888,0.11953809800310553,0.15660791422287695,0.4142473172010404,0.28390279596992096,0.04655446051890139,0.018944963104004918,0.36227696940649684,0.07309913846706666,0.16908563686106678,0.22388113827452774,-0.06176426820906083,0.3458968650642716,-0.06507732095323863,0.2560003083154899,0.06279627197885242,0.11011668681792426,0.10570873521376434,0.17612680330781266,0.1766405305255901,0.1416627551014674,0.238532338056946,0.17883504592516142,0.26713100743862883,0.041497149192087246,0.18621440360664607,0.009429967486522993,-0.05953008222407575,-0.03924573830301021,0.26411573848177855,0.1497962838787652,-0.3139382901704715,-0.01623080038303265,-0.13888412361534422,-0.06776165497267725,-0.2194765830184626,0.162698047011033,0.1447598255629962
0.06740016124083162,0.2969357189678314,0.36464933437169544,0.26897422323433323,0.2514897407418533,0.3988006765015174,0.21830923523250959,0.42749545938878825,0.15205022346508743,0.3004359817312864,0.42292362153569757,0.3105754699958709,0.37770025395975876,0.4126376619338288,0.40297972731835474,0.31742078740433916,0.4323317807127641,0.26757334134523614,0.1577703962902079,1.5041486606238528,0.39616513534710057,0.27033732521660514,0.4393015406474444,0.3674617113771802,0.07327907605944207,0.1638281673013633,0.22414292236999367,0.2986996405635375,0.3627164054520356,0.9086657613417778,0.4194082196505951,0.5986499616640257,0.33464749559842305,0.5233175421065522,0.3484908972562327,0.4532831005178635,0.7320199956446024,0.6825195139834316,0.6616091121271956,0.4797276636216824,0.5412464151601469,0.43478641999748263,0.7513232515726314,0.5338896869720593,0.2627845940736822,-0.07729931579821327,0.6151280453847927,0.4108561379321239,1.039427719302789,0.2744714420365347,-0.5718093273460461,-0.24301716443806157,0.4471460832695468,-0.016142841370187178,-0.049923784804657347,-0.029627956856525788,-0.46376092062585816,0.04678464899655291,0.44858849914122806
0.06296986514164712,0.34705222496004806,0.2897807078752729,0.2015837357318065,0.18857316672399604,0.24335309537594407,0.2137707257847022,0.22917599942324973,0.18330489365711702,0.21283098798844086,0.2650383286783642,0.23954600088732056,0.251113515629329,0.27365737847743243,0.27226104650803706,0.23838263849924643,0.3288710423369173,0.2620446234762005,0.15358752936657447,0.39616513534710057,0.5768870387784711,0.27622127667015384,0.31276170865341085,0.29014885022001535,0.15885324773808346,0.1422459835054049,0.19521882383737185,0.3732675779934247,0.21122659237411476,0.5885649683616512,0.32268744316730746,0.2820150691773727,0.5276514708759027,0.2563092688113815,0.21152937796272575,0.45103935310550036,0.5215666397770603,0.2528159913978856,0.57518703520295,0.4343395642348256,0.3763278444220892,0.4826206218966756,0.5876782943320256,0.34189039153040757,0.4379169370043458,-0.2130814332748515,0.4533283833598887,0.3850880032938624,0.697573520211257,0.2531188981661742,-0.17792808609762595,-0.15558928110940498,0.12487823869642904,-0.05730443707245126,-0.004849566959501641,-0.037109788731387094,-0.3787643742856884,0.024495186161653516,0.38899229156207893
0.08862815468346232,0.03308184889830278,0.25866613792192505,0.2585906924519458,0.3137798303379455,0.30547099262882244,0.2633576233982454,0.31194524187377726,0.2274458874216394,0.33161109489406965,0.3119318991466561,0.2816768536061067,0.44681766530391553,0.2456133361782069,0.10294525253062044,0.2564977938778317,0.3552027183866696,0.26199683914589306,0.17229470393912888,0.27033732521660514,0.27622127667015384,1.7101973796600085,0.6807558432275993,0.26137362180012974,-0.19965740573404928,0.1457295535369639,0.2793113529946015,0.0770162685359332,0.36704294567670587,0.37611353233138844,0.1884696604797681,0.6315071066839204,0.34180309626208744,0.4773419221178942,0.14230541392687313,0.4619784874041102,0.13744081876852887,0.2255488899129633,0.5133707283565976,0.1750954557660116,0.5760472463238273,0.2561246622043666,0.2269598693975871,0.48736781950849,-0.40902029844397364,0.2822430473737801,0.42522697119900105,-0.6050556978096272,1.1586275189115849,0.20541205746479246,-0.2968196211319293,-0.6208126222421113,0.4612679784035236,-0.03461829217975105,-0.06761305750454229,-0.029179603667967718,-0.1511460836155796,-0.0013911690584695571,0.0802555476056455
0.06952120930470423,-0.8412653747150881,0.25948633571265606,0.31298810102418817,0.3192958262790562,0.1940296053027743,0.39821161586764947,0.25605126010161655,0.3137595961626089,0.3321915599164489,0.3632495557659112,0.3382391264943449,0.37747887206355224,0.4006203824238875,0.32362227580439273,0.3381939332894702,0.3787351397736053,0.5830803835351749,0.11953809800310553,0.4393015406474444,0.31276170865341085,0.6807558432275993,2.766590632100026,0.49114107858912476,0.06798089292273311,0.054263933339850086,0.10848532891246883,0.29686803976357107,0.742790957616818,0.7688118613760427,0.19248533945831572,-0.1174271145574382,0.4684846756453432,0.5552715236362248,0.27721054573034243,0.2270137695404353,0.6722018777799987,0.16525268957084985,0.6387322474835032,0.38966752844042324,0.23725444053946115,0.3000038707138071,0.581188265370897,0.5174874543779365,-0.47415206368947715,0.17108570995497804,0.8394999732345994,0.12277302780969669,1.4293908993835982,0.4113872870692641,-0.36965566038414455,-0.39541048442549953,0.6509464628400395,-0.1337170163971681,0.2961300116319806,0.009023300834458294,-0.4293785219566977,-0.3515042510024687,0.5013160159132642
0.07402620408130423,0.011296597484680117,0.24107456517894035,0.23121423981255748,0.18557236104961575,0.2147150682856797,0.2016145141853622,0.16288517192861468,0.19048873682008616,0.25542426246152916,0.2546208632072308,0.2299805608926102,0.25722366275538555,0.2659108306211585,0.25044407942429986,0.2683532078401183,0.2606166330126522,0.45873413663329743,0.15660791422287695,0.3674617113771802,0.29014885022001535,0.26137362180012974,0.49114107858912476,1.0247160384439151,0.2319355393435279,0.18207835663180932,-0.058485308474332996,0.342724633220473,0.6321319796624186,0.5312751705691257,0.12048897085197538,0.12012384182176282,0.30424112127280034,0.35381068669660326,0.09727283517834716,0.34140250556528656,0.6096203290480793,0.18372707662600185,0.3492283427717359,0.23698325688976993,0.13329350636463122,0.28486205543396964,0.49325696950834946,0.19270330303708447,0.1739488220680209,-0.18025501332251723,0.4774797335395254,0.28669273262350153,0.9505642210238583,0.14237096197221774,-0.14412414876970853,-0.06734971319741913,0.13980851122494845,-0.11542396159004845,0.5085060345457572,0.08034232503345626,-0.4140037197533126,-0.713756145617285,0.8360704700652797
0.12298087273487983,0.13482862126197673,0.010575395526890456,0.23423340310679214,0.2561605405257739,0.19973205850908787,0.1899493252898345,0.2149936547667873,-0.07793126135409406,0.2003630724241198,0.17802121502571308,0.23994749448071934,0.13531586647292546,0.19791054287877152,0.16836718153467153,0.15202398297741093,0.25394587231472837,0.2349822651660483,0.4142473172010404,0.07327907605944207,0.15885324773808346,-0.19965740573404928,0.06798089292273311,0.2319355393435279,2.4507656639384376,0.4076880009034839,0.16332031813650782,0.12634896069353738,1.0695828793468964,0.16959452912606723,0.5239352472858054,0.10727822752560452,-0.3207440745004307,0.3854625489067712,0.03905785318026158,0.5646387095016263,0.03560910577486449,0.09232247400244548,-0.032205161727047765,0.17896990026629697,0.12707949806283841,0.13355534972181668,0.36473368305260623,0.10537085653735624,0.9295008372450964,0.1483584679064589,0.22497134894182233,0.035257558987302304,-1.0615526776742163,-0.6726923864754994,0.8341429068665465,0.2677287105734676,-0.20128244404052525,0.009310379501400078,-0.03358432172667824,-0.06543480028126784,-0.18688106376844715,0.07321070201781721,0.14016426263718212
0.028067245713439153,0.0850649828872722,0.18059140989404013,0.26362258779265024,0.26078642734120194,0.28998344376415713,0.1844252740367472,0.3539263668341935,0.11780564271357026,0.2642840466102891,0.2673987708424424,0.2776146637068562,0.22712230545647744,0.25083532992976343,0.1897145124653427,0.2567123459566096,0.19525371048384416,0.2993548310904955,0.28390279596992096,0.1638281673013633,0.1422459835054049,0.1457295535369639,0.054263933339850086,0.18207835663180932,0.4076880009034839,1.4089281542677943,0.32797137893136835,0.35760525776534235,0.25698684573320096,-0.2182776164014636,0.2631190467980194,0.21559639981405837,-0.24575790476141865,0.49026381152359266,0.02493812903846202,0.170586200556756,-0.06051548611714757,0.10591441768220344,-0.45403961141790494,0.18628146818176675,0.43152486101815457,0.16135212768699442,0.24397718741167915,0.2906762750956564,0.19968939867086205,-0.046839516285522735,0.13146736391439304,0.10646081689057486,0.5265958306233794,-0.34402207040512084,0.1565193340245605,0.03206633750544284,-0.15625224706520383,0.11599513527062874,-0.1064873819096803,-0.0617348080620954,-0.21175541386146296,0.2089810668863364,0.13107155347194124
0.03881614783877364,0.7224810695348497,0.39250203368678127,0.05648249304624206,0.05634604150371361,0.17722481461213457,0.21310807855075567,0.2834061590366602,0.18743265859352634,0.2731244834873346,0.21361441011637156,0.17084038128064885,0.17654720811296576,0.14823454744078424,0.2950179322362612,0.09845086609422736,0.22054431678592235,-0.4976807420992153,0.04655446051890139,0.22414292236999367,0.19521882383737185,0.2793113529946015,0.10848532891246883,-0.058485308474332996,0.16332031813650782,0.32797137893136835,2.3890941419089042,0.6776142917548011,-0.0026383756116794463,0.4777551890197981,0.35435489505670814,0.43548275657138874,0.4474272595408907,0.2995636713362368,0.2106453120626462,0.5811148877080851,0.18238953463080984,0.1678517707253501,0.3369885155596893,0.36506384973463163,0.17054519291144574,0.21153060408463775,0.4945368712589373,0.3907123717951779,-0.009505924078635077,0.026235276915835104,0.11362564510624601,0.38841355760071744,1.16447878675135,-0.07549208544350894,-0.6494349112069099,0.4100250597568589,0.4246926320381906,0.011362456135604784,-0.16155065690065096,0.04908437127685447,0.15081565113885328,0.25856071963314553,-0.28143138423416586
-0.015801092437312036,0.45910380720869337,0.3197528429173057,0.04207970142653199,-0.013490556450814368,0.09705986947180582,0.13307985863427302,-0.04915795606871786,0.2823925122677619,0.13366687240506697,0.14481018638721002,-0.06559400743825451,0.10793149888365729,0.3240353522645815,0.4626228263338984,0.24688562613249593,0.4146885672601432,0.13802146153893033,0.018944963104004918,0.2986996405635375,0.3732675779934247,0.0770162685359332,0.29686803976357107,0.342724633220473,0.12634896069353738,0.35760525776534235,0.6776142917548011,2.5603995833060846,-0.09530681443462137,0.3959723737973965,0.31478153946636533,0.05252724473603466,0.9694052344426434,0.11029994403479072,0.03315908090961333,0.15654122115377975,0.7665690370671867,0.19912165885731295,0.3723822663166969,0.32606671976963836,0.3074053028550361,0.3232227822370074,0.6595284397911318,0.319998335499153,0.27135559752714694,-0.49885022153658765,0.3308197262474173,0.676331924933904,1.3735191924595123,0.1530022055618076,-0.47407339983830354,0.4750803656379118,0.013595052007864523,-0.10384938477697919,0.3839303161326563,0.10596757587587553,-0.30619028374778307,-0.3443520394469134,0.6979423543042051
0.11957209809505517,-0.01821077922688226,0.22154468899093835,0.35644281119847027,0.2879916411075587,0.2991994448639649,0.1633572573322098,0.31338653459803306,0.024524268330546353,0.30765553153175346,0.3007036972320973,0.2796020792391473,0.29518219766142484,0.24857700740341546,0.312369000385744,0.27293705643561034,0.2749315192122142,0.4947881275574221,0.36227696940649684,0.3627164054520356,0.21122659237411476,0.36704294567670587,0.742790957616818,0.6321319796624186,1.0695828793468964,0.25698684573320096,-0.0026383756116794463,-0.09530681443462137,3.539669738736231,0.6680430683308594,0.028947308365347306,0.04601583804885425,-0.8956489907578494,0.6162148897682236,-0.22537863632290625,0.4257262033932425,0.49441190398806817,0.019645130135612154,0.05611972637894747,0.31347725641265056,-0.09120842805092953,0.1726549826174814,0.32376884118213295,-0.2615011936177717,0.3602535958312353,0.370759430946746,0.7956336414171912,-0.2624343385128892,1.0776108601936387,-0.060611291376852415,0.3338765512330008,0.13693332101283492,-0.25898721581964884,0.042024365450644634,0.033885163500584015,-0.11414035404844992,-0.4634695352009927,-0.054286208846588815,0.4993366180271419
0.08768218788463128,0.2814105434485651,0.4027917548953604,0.16167879053066964,0.15099731598177601,0.28618831112712745,0.22170273713717223,0.3343303377353603,0.1941370894211308,0.3077676519966986,0.35539684943472327,0.24097082225898947,0.36487038341138855,0.41449026544950596,0.48205275335767855,0.3106079081411294,0.42225946903393485,0.10381018313261048,0.07309913846706666,0.9086657613417778,0.5885649683616512,0.37611353233138844,0.7688118613760427,0.5312751705691257,0.16959452912606723,-0.2182776164014636,0.4777551890197981,0.3959723737973965,0.6680430683308594,3.0596129959086626,0.23969964364153606,0.4976029581294422,0.7129190579284801,0.22700855881778628,0.8071363010980944,0.3513421294405737,1.2160540856281987,0.5235431273630051,1.3712351650236698,1.1550041044654766,0.8979905323089,0.5989439834872695,1.3531579968253646,1.0057008002391392,0.8254478484740259,-0.5645542046257145,1.3631120523895925,0.6395292688756975,2.028669184157466,0.45392014201372866,-0.5513569022362557,-0.3969536653963731,0.40986454582802834,0.12980426023995775,0.17070919779737712,-0.07175374248882666,-0.5941711447268101,-0.03316490670914396,0.6385437349325737
0.07550679642247367,0.1951791825790541,0.11855823442485258,0.13783822557503275,0.1883046108158887,0.16438868019631092,0.1873665542253898,0.14454356711541694,0.08837287377922269,0.14757048757934751,0.2191166011858092,0.2464966830564311,0.15892342542576007,0.1988776201165029,0.16542278077944744,0.1490058505230714,0.24708733375340852,0.12270248391762549,0.16908563686106678,0.4194082196505951,0.32268744316730746,0.1884696604797681,0.19248533945831572,0.12048897085197538,0.5239352472858054,0.2631190467980194,0.35435489505670814,0.31478153946636533,0.028947308365347306,0.23969964364153606,1.4992410401920362,0.4602525878302816,0.0775374250039663,0.07033688977667184,0.010822424572795843,1.1979755012046527,-0.05837521506515469,0.32068919050129796,0.27160091312042545,0.25372789320243677,0.19292582516136952,0.29138676483234066,0.3141441712700334,0.3724909253433152,0.5049465779509377,-0.03248714773036599,0.16443826827948585,0.18204672677155,-0.5404607061024628,-0.15664571087914952,0.09504238118568646,-0.09844537641029177,0.20857556579249573,-0.07771858616189585,0.004644658168627175,0.055769952410675575,0.0974113435697306,-0.06873717182186714,-0.12245376223223058
0.029697336531340202,0.3492072412920487,0.2259797597495013,0.20610276261273142,0.27385664817683353,0.33322769775264954,0.14850505844586992,0.27995344586471704,0.10185272817187774,0.25893851528107653,0.25726743707343347,0.274189247816383,0.25549105018068524,0.13949412020281196,0.16282662479205723,0.17301912877578218,0.2151307107686504,0.02335351724636253,0.22388113827452774,0.5986499616640257,0.2820150691773727,0.6315071066839204,-0.1174271145574382,0.12012384182176282,0.10727822752560452,0.21559639981405837,0.43548275657138874,0.05252724473603466,0.04601583804885425,0.4976029581294422,0.4602525878302816,2.755677603545669,-0.0900775711644418,0.6459005244690945,0.2662169122900851,1.4214644436259576,-0.5551674368431968,0.38886145545455086,0.40728852825485357,0.2639215463641678,0.973177603135046,0.30556197333719903,0.1835255249533791,0.32941952748654857,0.13627649374902903,0.09518683601075326,0.26902614511470735,-0.18373407489472537,0.011651488027919031,-0.08104912571630556,-0.2618034073546973,-0.1494146812314716,0.3619004262876878,0.11364313427424566,-0.21002013556981552,0.07021688529456199,0.07058650143620485,0.1258028027503266,-0.2524520658176249
0.06971348135963154,0.36983075174684726,0.3433664011344545,0.07145684523481607,0.10052070695675482,0.14505812681925276,0.2177847918230346,0.1073982130210714,0.32883899711073333,0.10068052776322828,0.20053488434195238,0.0709639533073941,0.23091371216449175,0.26322765778918106,0.2701208301587541,0.1391395129790075,0.36119339867577116,0.033899744658496066,-0.06176426820906083,0.33464749559842305,0.5276514708759027,0.34180309626208744,0.4684846756453432,0.30424112127280034,-0.3207440745004307,-0.24575790476141865,0.4474272595408907,0.9694052344426434,-0.8956489907578494,0.7129190579284801,0.0775374250039663,-0.0900775711644418,3.2692234923346057,-0.20642533475298883,0.24420044610290317,-0.3403558715933395,1.0437460496808175,0.31155566375503313,1.041799486098162,0.3574885171456916,0.668096375289814,0.4643483698104197,0.7195846138765437,0.3334167752364872,-0.3721011055643839,-0.3060743532984967,0.45369849118950223,0.9208908115998067,1.5603718506538604,0.8996972672765728,-0.972274688624347,-0.09213903580833999,0.6193674327629666,-0.39944578079968973,0.2636887299729697,-0.09209934614381325,-0.5379679171193636,-0.19163413436843074,0.8919278204303074
-0.013755349295798852,0.2731124145657118,0.4877789743374141,0.48938009891253725,0.39623674600465547,0.43845355740562425,0.3510591165374692,0.509699733776868,0.26831701493857957,0.5789078866606204,0.3921233849473182,0.3808483228006497,0.4642939947378498,0.31185482389327135,0.3047707912310373,0.3819126190324252,0.36601531825344236,0.5539237370889805,0.3458968650642716,0.5233175421065522,0.2563092688113815,0.4773419221178942,0.5552715236362248,0.35381068669660326,0.3854625489067712,0.49026381152359266,0.2995636713362368,0.11029994403479072,0.6162148897682236,0.22700855881778628,0.07033688977667184,0.6459005244690945,-0.20642533475298883,2.4330497435022673,0.11346398373280835,0.1993582340222429,0.40169291264591755,0.25389675428090325,0.2907365998260701,0.1817845219190177,0.7691681199218975,0.2932956597156126,0.8530040277401632,0.7173163495343745,0.5644450786282327,-0.09968891582594262,0.6185265840148461,0.2212651630678527,1.2765616913839934,-0.3695548901008628,0.12242819654382525,-0.3799338758166009,0.3323276207491594,0.07939019077176804,-0.15413726533769853,-0.004931194957227481,-0.6208726957790733,0.14460558933542053,0.5077327142326198
