2.9755882443441743,-0.5574941632727387,0.0654647496267836,0.37501974845247427,0.13610794940609197,0.3107884956386207,0.31672539371399006,0.2752237245301248,0.20486476825113017,0.2925465139455079,0.31027923061072904,0.20185190711298445,0.2521574893874761,0.19343994755487873,0.25664764457577954,0.24761928764391614,0.2540529864033706,0.2549673234868532,0.1560313404035187,0.3263571336519122,0.2383130767152061,0.16933190397549455,0.27189054406823615,0.20001607584740866,0.2605003652998214,0.22754665934222904,0.16350397103619593,0.28043417948068167,0.32854818383206563,0.20654980835019043,0.18310060585065852,0.24509336170131368,0.24960237679353428,0.22316317254847187,0.182657728822728,0.16632926917883642,0.1594118454981665,0.2516868174402241,0.15795545833439575,0.16405642065547038,0.20742999698349787,0.2158768143091625,0.1984534445643546,0.207501717005415,0.0008298816304733796,0.0874990102844963,0.19421812102750283,0.15235357231601396,0.13125174189487815,-0.1362884705248758,0.03176592465019628,0.24429659620603972,0.20637420624802713,-0.22273609703547495,-0.18842994304231692,-0.039996021697088324,0.09730153557135619,-0.03496405652611581,-0.04257270683283764
-0.5574941632727387,2.7353936539108434,0.38368991070189773,-0.0660128662648944,0.23625469053583054,0.14171259721367374,0.10562686389952032,0.05300829289785848,0.305379754476535,0.025243547049419633,0.1819723164960299,0.17753957398169537,0.14620170197745563,0.17645641416327137,0.13898815342740778,0.09383199004636192,0.1509113377198293,0.11638877010815303,0.22897650734654318,0.11223398237976266,0.07840808477362908,0.12110187468865805,0.08275079447777815,0.19976037962340198,0.18905819427901563,0.061551658056084306,0.28293123640808304,0.20418898350198794,0.0299007322222678,0.11005407973140105,0.08737484281645812,0.15765630514858067,0.11241406079677527,0.1004669877381335,0.08554594171489657,0.11267485698225588,0.11045537938974011,0.16265056356050137,0.08212991968887311,0.11347852154781474,0.026071384988775925,0.1241567108213575,0.13106045673870917,0.1208977426504278,0.004380261786293929,0.08915696819295077,0.1324658192704047,0.05674142017601233,0.18862209635306518,0.07640808844106554,0.07384365756622013,-0.13816036127235562,-0.24983523199242602,0.06394390448483947,0.009112134320631037,-0.12328990153350408,0.0823811114492598,-0.11010881421953218,0.02319761015181315
0.0654647496267836,0.38368991070189773,2.322932676485522,0.31779397558711153,0.26763670834820336,0.43183163445535794,0.25464218497022095,0.12642527813936125,0.3681187113774559,0.2749251449576778,0.30410428843949683,0.30657145677602493,0.296073671588889,0.32846353404641454,0.29098642190402263,0.374530539376468,0.3177871886500436,0.3355688768465909,0.32045655687845476,0.26548650924397804,0.2624123051076418,0.3139543597295146,0.2323627729245144,0.24061445898443987,0.23150248670328716,0.1984323780951321,0.26743841671205704,0.23633246019427284,0.09314779747470983,0.13874794636048934,0.10406811553073042,0.3443607953429077,0.15020965731279642,0.1425244556409285,0.15986055352994288,0.20039761637699435,0.18798170348678153,0.18439343768790784,0.20342365669229412,0.24075590769244706,0.15723928154936673,0.22041320664342406,0.20899496120752273,0.21961428279364203,-0.08487015474089485,0.06024547389397301,0.19472513309685305,0.11059931538453707,0.17772551675694445,-0.04959843048644589,0.10263605275968811,-0.045272201185973325,0.07114866542186755,-0.09895380929209831,0.03176855766923026,0.06103863566071483,0.34843741455519733,-0.11717861688356809,0.021824109450914692
0.37501974845247427,-0.0660128662648944,0.31779397558711153,1.4143228753750876,0.20912648343971502,0.3000938219188403,0.32794406766577544,0.23855612603621565,0.25230385120789717,0.20392928482660425,0.26185131611141493,0.31272663587294164,0.2810401403556332,0.2312524615614954,0.2598585646123479,0.25940998072032034,0.2706935325552811,0.2842425495550505,0.17318584826938138,0.28572147838541084,0.2512396652984364,0.3159754271778962,0.32337854655771375,0.2632716385573542,0.30611976102144056,0.24674056226959673,0.2554195957979807,0.2620754169757084,0.19821179374905845,0.18231425593926262,0.14893441602313534,0.2798522391869273,0.2558442368602375,0.18000770713617129,0.18335036157709225,0.20877561326908683,0.2026112997913606,0.26070696570889407,0.17868155536058383,0.23066336543713278,0.31736127365886535,0.23530903725188143,0.22683088921435035,0.243353052891904,-0.08090813680997475,0.07967732272716228,0.20834347140859832,0.13186683621326076,0.14013556801880397,-0.029016213963748927,0.016345236106426974,-0.07312844080524501,0.1706078316657813,-0.04339107654468216,0.12783097353926293,-0.09824549023563006,0.30208698717520543,0.1697358774603136,0.12060054016686177
0.13610794940609197,0.23625469053583054,0.26763670834820336,0.20912648343971502,0.9216960008016514,0.20414596261525939,0.26462335317825886,0.3045611611599306,0.2845601922174692,0.3734993950867188,0.34941696508835507,0.3085835506350894,0.280228311889284,0.3044227903171376,0.2810076060515646,0.2896448614286739,0.28413050175350507,0.27025758449685894,0.33393992600965333,0.25723891498129053,0.23176358765547062,0.26857128672303215,0.24662882532883038,0.3220419234045733,0.27767961640047323,0.150271699919026,0.2630221124630914,0.2884894191213894,0.22568664136225894,0.16305799225264195,0.1441166865761971,0.2463420578328837,0.21041199340633635,0.16352614004894325,0.1549818090421831,0.18143507651734295,0.18127578333675273,0.28377633542904457,0.15140676618072202,0.22216863679977347,0.1887339595665887,0.1954285638546149,0.20976488582734665,0.22065057853815034,-0.019682322636360664,0.10297138034250464,0.20106685545858838,0.10970562055632964,0.11773034626129016,-0.019347477000151585,-0.010500339148240187,-0.08740461644893939,-0.08984547068289792,0.04612229099574683,-0.14970512679776407,-0.048241980803553235,0.28591985119969915,-0.03297783181004953,0.1020523796427351
0.3107884956386207,0.14171259721367374,0.43183163445535794,0.3000938219188403,0.20414596261525939,0.8797031100708368,0.2578126605271561,0.16859381287967515,0.3181092783962574,0.2757464588684244,0.31368651191207275,0.28350251110898367,0.26996692906948533,0.2530277865609303,0.30706268537912634,0.24392587459505075,0.2832965112256563,0.2608156669281898,0.2623687266882244,0.26418584858099015,0.20380775342230073,0.2526019498766873,0.2912819866156751,0.2349848261328777,0.33701135500518326,0.2511193762412434,0.2343314230059447,0.24767515714536814,0.12269858277849066,0.13799431784246668,0.11454980173875724,0.26759717755203766,0.20573294616783572,0.1636759746259627,0.1591322038924663,0.17061994467656577,0.18223479380154578,0.2491479571997471,0.15568339967125933,0.20041853777730284,0.12901139486787774,0.21470727493486322,0.2062710952732395,0.19768168556951357,-0.03208909873193454,0.08918792274848461,0.20284093165169417,0.11326901895864404,0.19612869421572574,-0.02657989097947884,-0.016026006856422106,-0.28068334910981313,0.13829820729899084,0.009008254334640864,-0.23185985215435273,-0.04166993939443135,0.15068568811810007,-0.09892998529391075,-0.035397735466973036
0.31672539371399006,0.10562686389952032,0.25464218497022095,0.32794406766577544,0.26462335317825886,0.2578126605271561,0.6589439665897552,0.2670864733850664,0.35417311195238005,0.31671984135420617,0.3428657582092941,0.38050089428922956,0.324763155000403,0.32143461869606466,0.3277640838591413,0.3107809727873744,0.3178356654009483,0.34753234019445123,0.3110965673230276,0.35417250659750626,0.342350242984453,0.30639849373000505,0.38713767688652834,0.29800997321690775,0.4046167931865502,0.3325347028278599,0.25533504806295665,0.2660696741492466,0.18672095706759878,0.1895623992147556,0.16025810549374148,0.32398712569614335,0.2722435987298325,0.21246205195156534,0.194623920642285,0.23345057183815796,0.2142922274909756,0.2972845662677468,0.2067472279102478,0.24472591586570255,0.19169950368654318,0.2601074755359163,0.22267454527748712,0.2603864124211441,-0.04052986466540151,0.07913217450566566,0.2032617912314777,0.15412356377752595,0.15533310905497502,-0.03638469792042332,0.012667215243775577,-0.03600486956207522,0.12457245163464296,-0.11455751544230296,0.056873924336887156,-0.0059404818798858205,0.28942236251085995,-0.07823842821754026,0.010230323444556554
0.2752237245301248,0.05300829289785848,0.12642527813936125,0.23855612603621565,0.3045611611599306,0.16859381287967515,0.2670864733850664,0.8453879133928024,0.312820766746599,0.3797964111329729,0.2381655909390623,0.2822415116060174,0.3327057893873909,0.3060230076642198,0.25973986974256624,0.2551730003478496,0.29201143037305627,0.33632901492142825,0.19202474861783847,0.29172729204616527,0.23443621648217267,0.24181785031927647,0.28470995944626,0.28580003414963323,0.31778808555490473,0.1483511516323642,0.20559401035542255,0.25497161476584834,0.13829242375458267,0.16913062290620642,0.15342396822965093,0.28051303552193946,0.21713699585915278,0.16760667554119763,0.1654451179883682,0.19167835278272072,0.18166266582340337,0.30518301856420516,0.14072387701975414,0.23621503531956187,0.1544955634736026,0.1923100134427711,0.21652208068803314,0.21810605106084438,-0.05215812069909411,0.041728017689816724,0.20566006577685092,0.1174134003728155,0.1324984558094327,0.05556379620956703,-0.0002051659952493955,-0.03147271200207695,-0.25858378783866864,0.02287070450537411,-0.13943515646770377,-0.035536324718696506,-0.11660886760121958,0.304383395453524,0.04166928048392583
0.20486476825113017,0.305379754476535,0.3681187113774559,0.25230385120789717,0.2845601922174692,0.3181092783962574,0.35417311195238005,0.312820766746599,0.5779125780911579,0.29493793069214913,0.3409162779335609,0.344589906999628,0.31549544834395943,0.30618647011513306,0.3061971696687929,0.2620301351177998,0.3035338800503636,0.3340482545032323,0.27348367335569823,0.29880743083039846,0.25410975010731296,0.2710977055194471,0.2829742186559849,0.2806652131145789,0.33243897799198346,0.19475541272492836,0.24908460793486112,0.2616222934733643,0.13453996395845216,0.16738902993846785,0.13883085365796893,0.294750257985425,0.2063784858477143,0.16562081248370378,0.16523288684239698,0.2004067991578398,0.18413324191780475,0.25944756158408466,0.15640852699972727,0.24093313475099773,0.12719170429935242,0.208474521199155,0.2149239018053373,0.22744144167600042,-0.08230393956926581,0.049691554370300275,0.20528488579976314,0.12356563582733979,0.15605481015055941,0.03572812951013088,-0.024118737270392248,-0.04181199766769989,-0.08508230273770138,-0.03400056898849497,0.02388249114629457,-0.015570774625688677,0.13750784053405493,-0.06808079768179004,-0.021655086791631955
0.2925465139455079,0.025243547049419633,0.2749251449576778,0.20392928482660425,0.3734993950867188,0.2757464588684244,0.31671984135420617,0.3797964111329729,0.29493793069214913,0.8789081670455543,0.47924656231099844,0.2554650129612012,0.3370481652119832,0.3062620609301217,0.36702122768690854,0.28421911271009376,0.3229102849285204,0.37742227710862447,0.32307231251574486,0.32685696723200447,0.2704870180851403,0.2735777796978146,0.31351681493429157,0.268607690336592,0.36516645374006906,0.2249944748667426,0.24281760681624628,0.28244310191877586,0.11955979528529297,0.14520785365348993,0.14123404622944752,0.3052159737749036,0.2197021544441911,0.14506189263943212,0.1605963406645448,0.21023187340687366,0.19041380120579204,0.25935271475361044,0.17544507569143308,0.2596460324347057,0.16516527548670593,0.21644462354786978,0.20449439739999295,0.22669573832788667,-0.0964082212480769,0.03523035844556948,0.18370764879998494,0.12684371676502182,0.1083356849769605,-0.017880719268118878,0.012749285910102593,-0.149746839332268,0.09004526794885753,-0.07240765627129377,-0.0005694330204757762,0.040686450160113345,0.2630554777243792,-0.04086187302281264,-0.00988462191791489
0.31027923061072904,0.1819723164960299,0.30410428843949683,0.26185131611141493,0.34941696508835507,0.31368651191207275,0.3428657582092941,0.2381655909390623,0.3409162779335609,0.47924656231099844,0.8108199445432561,0.31592222774065937,0.328050352982996,0.32872601165666926,0.37370666236871697,0.3100723102955673,0.3357813607107259,0.3649450591396149,0.38286971115914364,0.335740525522026,0.30271227338910206,0.3369356615149538,0.29010720344736124,0.2744135742347215,0.2888971415195962,0.2564207626730789,0.27913858130065083,0.3175017727502843,0.07854093158369359,0.14632552131980905,0.12959183508644564,0.3065193184105195,0.22737526146288248,0.16493248969357158,0.16532577158303927,0.21573859358348932,0.20666366391664198,0.2598081527062469,0.17678281015044464,0.2348239178756362,0.16033470697680288,0.23271409594725753,0.20609074455849444,0.23244667546160383,-0.11000843518112963,0.042053119826577945,0.1855041644178442,0.11990143441605841,0.17745605454567187,-0.12462530221132719,-0.16974953703967785,-0.17580788821024693,0.07682107822766591,-0.005229707754899691,0.03260564371618548,0.04775684041399245,0.1956431004855506,-0.12042629523816965,-0.036129577758069575
0.20185190711298445,0.17753957398169537,0.30657145677602493,0.31272663587294164,0.3085835506350894,0.28350251110898367,0.38050089428922956,0.2822415116060174,0.344589906999628,0.2554650129612012,0.31592222774065937,0.6953896620710397,0.29019660429686067,0.3104288377828382,0.3232026633199088,0.3097809149837371,0.3136137493143293,0.3010602726962314,0.29764286544594937,0.30363065945452794,0.2723662453067616,0.32030390626269906,0.2635012616558352,0.2789299070057491,0.27274053076945,0.21008220965230687,0.22645876203402693,0.2442286971934937,0.1914553360203274,0.17935875072542753,0.12410715064482897,0.30177816622630077,0.2205049387866073,0.18964342752006164,0.18017063718063162,0.2083531608985433,0.21000807283555184,0.2576181493964121,0.1913416136937497,0.2441581574481107,0.16232956791352937,0.22590151698784214,0.2233717309497551,0.23872262924389542,-0.053501413218471815,0.058052674159444186,0.215016151829263,0.1302352526434507,0.15438138107652125,0.1786972748741555,-0.04854705034027241,-0.027408399565237305,-0.25429509347744517,0.11273585972810388,-0.0395220436372257,-0.011614909630120226,0.16276557121108745,-0.001945468964480546,-0.00550634007039546
0.2521574893874761,0.14620170197745563,0.296073671588889,0.2810401403556332,0.280228311889284,0.26996692906948533,0.324763155000403,0.3327057893873909,0.31549544834395943,0.3370481652119832,0.328050352982996,0.29019660429686067,0.5410233267723924,0.2599793297405746,0.2963802876274632,0.25439994299862806,0.35090123263281653,0.27588490297916723,0.3114462156159878,0.3055788379339653,0.24833688974087653,0.27477764295890666,0.2619333973214191,0.2420011923928843,0.3224668195003988,0.20351982358460755,0.22990809635064727,0.2388329942224334,0.15230175470159094,0.15824696674467625,0.13939730148441107,0.32255808546499704,0.18951603742014023,0.16036502155991234,0.17405342231260282,0.19622804237119593,0.18931941569568572,0.26146450992829107,0.1587914864650616,0.20110845062642224,0.14399422967374104,0.19630245910385669,0.2059750381018163,0.21411875584513096,-0.14386035223969718,0.06978983675725671,0.18691487738355292,0.12095012269133311,0.10467393882439967,-0.019049356956321317,-0.023609771251364108,-0.07315368203601194,-0.09168261072865708,-0.007693415956787654,0.013503231695128955,0.10921655102467635,-0.02053955981998048,-0.05542520223162549,-0.02608680683664169
0.19343994755487873,0.17645641416327137,0.32846353404641454,0.2312524615614954,0.3044227903171376,0.2530277865609303,0.32143461869606466,0.3060230076642198,0.30618647011513306,0.3062620609301217,0.32872601165666926,0.3104288377828382,0.2599793297405746,0.6058995965779687,0.3041143628614805,0.2899197872199716,0.259089994000546,0.24408977558198086,0.23250156467088687,0.29118607035918714,0.27090727670295917,0.273248888745807,0.27180460413964247,0.3342486298111801,0.29554815871812773,0.19882060776842134,0.25102948078104126,0.28670152238837004,0.170629810342574,0.15897302368820732,0.152048050291076,0.24449917154712592,0.2312222669667685,0.2021885612631034,0.17180460823500854,0.20203976463839612,0.1937190390929824,0.28588472810953236,0.17773138800972388,0.23783135131902455,0.1271862039738016,0.20611065550493332,0.2113458227299792,0.23464303436987638,-0.012393404475388703,0.06992288187270433,0.1995788560973557,0.13019676125813218,0.14655492258725672,0.005342043358021629,-0.015028410023804971,-0.11376445307408435,-0.060552646283761426,-0.011167571618324282,0.024088711113646175,-0.04207875307773945,0.10627733019890609,0.03721873380064922,-0.03140752601575379
0.25664764457577954,0.13898815342740778,0.29098642190402263,0.2598585646123479,0.2810076060515646,0.30706268537912634,0.3277640838591413,0.25973986974256624,0.3061971696687929,0.36702122768690854,0.37370666236871697,0.3232026633199088,0.2963802876274632,0.3041143628614805,0.47969720256703285,0.3257555555465515,0.3124505709760104,0.3280865231084989,0.32533159353300867,0.31891337377316065,0.28965400522738005,0.276764807072041,0.3151854312097702,0.2575371546155061,0.2914840978487093,0.23529500777140602,0.23516917792728356,0.23647230694262372,0.15221203173414063,0.16307040468668363,0.14819673847559692,0.3056156435390354,0.21689096918731465,0.1827379388595559,0.18278570658319643,0.20796455949759124,0.20975298899983522,0.26814936674648227,0.18365169182667473,0.22634139051779423,0.17576693237246838,0.22294494307246307,0.21565931092137755,0.22917732129648444,-0.0589113199622108,0.051313826294759134,0.1983241608192912,0.13304920048383018,0.14277340596893104,0.005791376333716859,-0.0033698099643325254,-0.07576330200429289,0.16227077163122056,-0.0033575594400192385,-0.00965305580301109,0.02468225282456662,0.07977682037661987,-0.021796494977717816,-0.017300088634260916
0.24761928764391614,0.09383199004636192,0.374530539376468,0.25940998072032034,0.2896448614286739,0.24392587459505075,0.3107809727873744,0.2551730003478496,0.2620301351177998,0.28421911271009376,0.3100723102955673,0.3097809149837371,0.25439994299862806,0.2899197872199716,0.3257555555465515,0.8867459345294263,0.2916869950642299,0.2820138934522818,0.4171547674765602,0.41957504148526387,0.36714264997016915,0.19135431224114038,0.2877707398334443,0.31992146581385156,0.1821243038872261,0.10784995972622881,0.21895379141133567,0.2551796486180698,0.14636885490832025,0.1756321275243361,0.14105445268449338,0.29453743760349216,0.18718136696811194,0.1844317288092482,0.17598076060844253,0.19742060745519796,0.17042764500010826,0.2758505785321276,0.18380330068506362,0.2341010733136333,0.22499892940914062,0.19658037409025464,0.22467344687916874,0.2443240757337619,-0.0009756877426932093,0.052136884987467706,0.21824771289599096,0.13553743179714342,0.12704513878134516,-0.05241786039781774,0.09006514207280919,-0.08488812672865408,0.22714427121102873,-0.13655955658887053,-0.017792719448877434,0.04991176047327154,0.10066772786883166,0.07671136752519421,-0.011968321523127769
0.2540529864033706,0.1509113377198293,0.3177871886500436,0.2706935325552811,0.28413050175350507,0.2832965112256563,0.3178356654009483,0.29201143037305627,0.3035338800503636,0.3229102849285204,0.3357813607107259,0.3136137493143293,0.35090123263281653,0.259089994000546,0.3124505709760104,0.2916869950642299,0.5567900236364299,0.3363663139057877,0.3652203455556627,0.34278216187727917,0.2928469854382559,0.36048897104901206,0.32710361894456363,0.26556666156757835,0.34429896907026786,0.25702975360594843,0.2488814253160805,0.16600775032040627,0.16908213536225367,0.19077798545509003,0.16866328736543318,0.45527999850501966,0.2205201276263559,0.18700917662136302,0.20774819033454708,0.24433520970955142,0.24745736530573062,0.30351739195291855,0.21264990409849752,0.22586654467420428,0.19588610980330184,0.23261542797993703,0.2278573107354302,0.25633950723403653,-0.08726563803797611,0.052667282014185635,0.2044619375278673,0.14294734286039032,0.15239369611419176,-0.026930083175585245,-0.004311916937872275,-0.11926422289096016,-0.1652567297794931,0.06429735009448757,0.03524680295252731,0.05876532185744457,0.07973179765226004,-0.020883950531605664,-0.0035197339675601645
0.2549673234868532,0.11638877010815303,0.3355688768465909,0.2842425495550505,0.27025758449685894,0.2608156669281898,0.34753234019445123,0.33632901492142825,0.3340482545032323,0.37742227710862447,0.3649450591396149,0.3010602726962314,0.27588490297916723,0.24408977558198086,0.3280865231084989,0.2820138934522818,0.3363663139057877,1.002840801103582,0.3326087614945769,0.3480628455631759,0.27650576839322283,0.32578566046096935,0.3483044947390653,0.29313237662934394,0.2904825200607159,0.20957655724428711,0.23302830464684357,0.18236934930421977,0.08208293761033587,0.17423734788612863,0.19732975134232447,0.31776442153067197,0.20948203701126192,0.18419910310642978,0.19546770508748612,0.23817331742804748,0.2320796233675906,0.2863031482602669,0.19186627178267074,0.26131835572671336,0.2580886545372898,0.24747251768879577,0.25320923849296306,0.23667926226248964,-0.1078346353432593,-0.0035659810154889922,0.2260676575450637,0.13580129163729207,0.21537952991599285,0.025725541746465352,-0.04054388382359998,-0.010380411916036251,0.02224718227939916,0.019941192423636653,0.053997796193629294,0.11501568214882915,0.10436622933723805,-0.002184564760433063,0.017605324379524053
0.1560313404035187,0.22897650734654318,0.32045655687845476,0.17318584826938138,0.33393992600965333,0.2623687266882244,0.3110965673230276,0.19202474861783847,0.27348367335569823,0.32307231251574486,0.38286971115914364,0.29764286544594937,0.3114462156159878,0.23250156467088687,0.32533159353300867,0.4171547674765602,0.3652203455556627,0.3326087614945769,1.0532635169811986,0.41190206533290924,0.31961545393855606,0.26868393840313404,0.3169730494512098,0.2719930670412764,0.24031921270071424,0.21131981988725937,0.26552268987933214,0.21084207672589944,0.12863753455471422,0.1497230493301354,0.11569742698573691,0.3306643567365543,0.17876182803026525,0.15379277171755035,0.15701625418960044,0.19880851148801718,0.17314776316334354,0.24381866423628126,0.18737537875706664,0.23241305539003962,0.22842364673304344,0.21101808849470063,0.20406013272450857,0.21987455916333737,-0.08372387104471431,0.04072748673562989,0.1819443658151449,0.125241481755605,0.12028554529784093,-0.03749278322226373,-0.06790735733991637,-0.2001642913093057,0.045217643553097445,-0.1160145682384433,-0.04853801904918865,0.08465283112804887,0.25569616924566024,-0.001056728661210347,0.05268745018987985
0.3263571336519122,0.11223398237976266,0.26548650924397804,0.28572147838541084,0.25723891498129053,0.26418584858099015,0.35417250659750626,0.29172729204616527,0.29880743083039846,0.32685696723200447,0.335740525522026,0.30363065945452794,0.3055788379339653,0.29118607035918714,0.31891337377316065,0.41957504148526387,0.34278216187727917,0.3480628455631759,0.41190206533290924,1.0241151463558014,0.33956741868410695,0.2754691554659795,0.419789080372681,0.3241961524725538,0.3182652070240326,0.296541531196153,0.22575141686629957,0.36627406777786636,0.0039910148670361184,0.25117307503089337,0.2388608352482268,0.3367496847669789,0.20718445240873581,0.22314803738365657,0.21796662748552245,0.2823476218493872,0.25255906726114463,0.43563955114567027,0.16516197108999411,0.2616632522058761,0.13013903768884957,0.2753231212686576,0.26845061153833816,0.25405541997275566,-0.05240519508535712,0.039953785523864166,0.24519911509882267,0.13516422955092539,0.26439514349776544,-0.004642057539113907,-0.013162841807075552,-0.07998965308675762,0.23605166443618875,-0.11093781528308182,-0.20368149693234647,-0.04365888594486994,0.2831353847864884,0.038647399372998846,-0.002235866918973589
0.2383130767152061,0.07840808477362908,0.2624123051076418,0.2512396652984364,0.23176358765547062,0.20380775342230073,0.342350242984453,0.23443621648217267,0.25410975010731296,0.2704870180851403,0.30271227338910206,0.2723662453067616,0.24833688974087653,0.27090727670295917,0.28965400522738005,0.36714264997016915,0.2928469854382559,0.27650576839322283,0.31961545393855606,0.33956741868410695,0.6456596449504101,0.23373817947501538,0.3776073689427486,0.1954031658187654,0.2189486582070863,0.4765226580451182,0.19022681122179982,0.12764348338128903,0.23456085345553748,0.17896105884594432,0.1305820991647276,0.29804527318203233,0.2373600737291021,0.20332655369197816,0.18734964874559332,0.21429433157041813,0.21166072573610262,0.28050478118222494,0.23572370123977152,0.19451926975667494,0.12382411611462985,0.24301438965721386,0.16686762400076494,0.25546041407524206,0.036938948961980474,0.0697991613862483,0.14461625289852503,0.1459230944041209,0.08810627422489078,0.00358194859815487,0.07542986430692859,-0.018017947979498027,0.16695657952462714,-0.010028395994439644,-0.0011125483929438468,0.014461443144224173,0.1685733415151877,0.01672598368391418,-0.022151738148386644
0.16933190397549455,0.12110187468865805,0.3139543597295146,0.3159754271778962,0.26857128672303215,0.2526019498766873,0.30639849373000505,0.24181785031927647,0.2710977055194471,0.2735777796978146,0.3369356615149538,0.32030390626269906,0.27477764295890666,0.273248888745807,0.276764807072041,0.19135431224114038,0.36048897104901206,0.32578566046096935,0.26868393840313404,0.2754691554659795,0.23373817947501538,1.1054506787673648,0.33624472529234967,0.24080910697140748,0.41600303086521245,0.297481497042356,0.33629739985110546,0.27716005347744016,0.22908474503688836,0.2444972728412696,0.16602161280730818,0.3676433058577008,0.241743599167916,0.14743780505193213,0.19111303021092377,0.3028905453543544,0.28587285346396984,0.3568585471820848,0.18608060228718476,0.3229208631536384,0.21612871826287564,0.2268799501228823,0.2548353907525694,0.2806350535028819,-0.05059996635815083,0.061407434111125106,0.2198321433635038,0.1276589214100983,0.2699056176274119,0.041659508947775356,-0.04855031680807797,-0.15039094423745938,-0.08726508134902972,0.02776324639304315,0.04253423931561479,-0.022904866355532603,0.113389270943341,-0.026327726091042357,0.028666087433844405
0.27189054406823615,0.08275079447777815,0.2323627729245144,0.32337854655771375,0.24662882532883038,0.2912819866156751,0.38713767688652834,0.28470995944626,0.2829742186559849,0.31351681493429157,0.29010720344736124,0.2635012616558352,0.2619333973214191,0.27180460413964247,0.3151854312097702,0.2877707398334443,0.32710361894456363,0.3483044947390653,0.3169730494512098,0.419789080372681,0.3776073689427486,0.33624472529234967,1.0387122577825358,0.3186877402051687,0.5788403989095612,0.39174814408889297,0.21898639348120225,-0.007954714073237591,0.13759912124364268,0.1742573344311453,0.1766263646756371,0.33086388935919997,0.31550336497697085,0.2089998478726279,0.1815063758313225,0.2289393286765866,0.21488342404064292,0.31859182210521864,0.1599632505714694,0.2740845719435862,0.1984928037098063,0.2278440401906998,0.18133734416461972,0.2398316472932489,-0.07430174424203086,-0.005543657466236159,0.16743230561457786,0.1419826940907747,0.17821149558784613,-0.061647562522959755,-0.10386562296891327,-0.08643717252383457,0.1476411113750494,-0.11590754985046828,0.00481973277452646,-0.016163251119391042,0.20086249328507422,0.04849560239078496,0.023687943103816018
0.20001607584740866,0.19976037962340198,0.24061445898443987,0.2632716385573542,0.3220419234045733,0.2349848261328777,0.29800997321690775,0.28580003414963323,0.2806652131145789,0.268607690336592,0.2744135742347215,0.2789299070057491,0.2420011923928843,0.3342486298111801,0.2575371546155061,0.31992146581385156,0.26556666156757835,0.29313237662934394,0.2719930670412764,0.3241961524725538,0.1954031658187654,0.24080910697140748,0.3186877402051687,1.1156883680184946,0.3702386369507681,0.0825616467185917,0.31227584826509863,0.4195254710322567,0.11589982106591407,0.21800013257232093,0.17744530781517384,0.2527757714605265,0.2726702333966581,0.18629012563976013,0.2022241327432719,0.24396483338114408,0.20227975374052362,0.32393583947508137,0.1608672892323998,0.2570279161801049,0.28588929814259023,0.20650434367417456,0.24112867593507367,0.38848965252544915,-0.053939792711540833,0.10111980185684354,0.2264002065410587,0.14018921575726678,0.17955180276961616,-0.03007616900003626,-0.00575582060910929,-0.15210976234377985,-0.08332045212970529,-0.08709160463083084,0.07243040937183993,-0.004068071416488758,0.14072648432230944,0.09746117884974408,0.06648738773010848
0.2605003652998214,0.18905819427901563,0.23150248670328716,0.30611976102144056,0.27767961640047323,0.33701135500518326,0.4046167931865502,0.31778808555490473,0.33243897799198346,0.36516645374006906,0.2888971415195962,0.27274053076945,0.3224668195003988,0.29554815871812773,0.2914840978487093,0.1821243038872261,0.34429896907026786,0.2904825200607159,0.24031921270071424,0.3182652070240326,0.2189486582070863,0.41600303086521245,0.5788403989095612,0.3702386369507681,1.613226326579439,0.16603974474265515,0.33744672458543434,0.20636630776100082,0.16821951347220734,0.16518323240842345,0.23130089732181064,0.34137073079068425,0.3590463962148622,0.18705232774059283,0.16732800861048253,0.20384941325705677,0.1882687045424672,0.31220124173279723,0.03308212802923577,0.23222914353739912,0.24276819246308876,0.19911307452545146,0.24038140441945888,0.2574483957771949,-0.05752666193344855,0.07244891889814617,0.2377203910279536,0.12498736315963511,0.14468692568416153,-0.13526527930186408,-0.3577003696416246,-0.11476755922155805,0.1231749058263592,-0.1454797865077506,0.0537654054746759,-0.03133635672226897,0.11198870972019968,0.0020708711645402045,0.04923890425178415
0.22754665934222904,0.061551658056084306,0.1984323780951321,0.24674056226959673,0.150271699919026,0.2511193762412434,0.3325347028278599,0.1483511516323642,0.19475541272492836,0.2249944748667426,0.2564207626730789,0.21008220965230687,0.20351982358460755,0.19882060776842134,0.23529500777140602,0.10784995972622881,0.25702975360594843,0.20957655724428711,0.21131981988725937,0.296541531196153,0.4765226580451182,0.297481497042356,0.39174814408889297,0.0825616467185917,0.16603974474265515,1.379820216423498,0.14990814163892105,0.07560202177592669,0.29603598758459365,0.18580423628847456,0.17069065159952185,0.29368207921564154,0.36065399773516754,0.3298293333462315,0.24841166040749335,0.25513287457637857,0.28381371043878306,0.38236009096922646,0.3911878579207887,0.10081112006110084,0.2362883069914219,0.3344788904748595,0.07596580215320756,0.19997981377399418,0.1308085982535454,0.13310778160488812,-0.019033270709939085,0.19528177137869168,0.04078160868088102,-0.023394996402811747,0.14048322267095595,0.03883516110282223,0.3736815882382814,0.004715334944501861,-0.10148050964475541,-0.0028601956632876954,0.30086626693340285,-0.07182613020980497,-0.042632137650035616
0.16350397103619593,0.28293123640808304,0.26743841671205704,0.2554195957979807,0.2630221124630914,0.2343314230059447,0.25533504806295665,0.20559401035542255,0.24908460793486112,0.24281760681624628,0.27913858130065083,0.22645876203402693,0.22990809635064727,0.25102948078104126,0.23516917792728356,0.21895379141133567,0.2488814253160805,0.23302830464684357,0.26552268987933214,0.22575141686629957,0.19022681122179982,0.33629739985110546,0.21898639348120225,0.31227584826509863,0.33744672458543434,0.14990814163892105,0.841042976495511,0.46404604285921597,0.16669079141165757,0.13785567749895608,0.15024472469984979,0.27838037001924926,0.18833668394158437,0.15486111987444812,0.1675077655677209,0.20051117964001117,0.20952878230367258,0.2591627182020818,0.2201508686137565,0.2862647954855572,0.2195416141326764,0.20295614202323173,0.2069414081933858,0.22567091122726513,-0.02611296936045991,0.07568444563857578,0.19564981851817373,0.1345295017968137,0.1905887779341868,-0.05036859802179548,0.006391003067525486,-0.08657109262355758,0.021999133426718297,0.00315644546745333,0.1271902026980031,-0.13016470490828852,0.19755947236071353,-0.13287434630601563,0.17936995789606167
0.28043417948068167,0.20418898350198794,0.23633246019427284,0.2620754169757084,0.2884894191213894,0.24767515714536814,0.2660696741492466,0.25497161476584834,0.2616222934733643,0.28244310191877586,0.3175017727502843,0.2442286971934937,0.2388329942224334,0.28670152238837004,0.23647230694262372,0.2551796486180698,0.16600775032040627,0.18236934930421977,0.21084207672589944,0.36627406777786636,0.12764348338128903,0.27716005347744016,-0.007954714073237591,0.4195254710322567,0.20636630776100082,0.07560202177592669,0.46404604285921597,1.2956672751663747,0.21604884609556355,0.2747961004219632,0.3497087188531184,0.2326800765989115,0.27296499238937755,0.20108523072446244,0.2291480868887361,0.24754230086744658,0.2636243565416804,0.3645733724918861,0.1513153234224067,0.3247595587646677,0.17164199954258869,0.29320246057614563,0.3201361879838801,0.25902968215567995,-0.008800937911122478,0.13351715888418622,0.308084679589224,0.1787964020305515,0.2905028718470426,-0.11937940199193095,-0.08208319930625024,-0.0518848322264719,0.024632128945333193,-0.023597944583236215,-0.015492183755765051,-0.056271656635996765,0.18069242319806236,-0.012602343434328183,0.10313847079535861
0.32854818383206563,0.0299007322222678,0.09314779747470983,0.19821179374905845,0.22568664136225894,0.12269858277849066,0.18672095706759878,0.13829242375458267,0.13453996395845216,0.11955979528529297,0.07854093158369359,0.1914553360203274,0.15230175470159094,0.170629810342574,0.15221203173414063,0.14636885490832025,0.16908213536225367,0.08208293761033587,0.12863753455471422,0.0039910148670361184,0.23456085345553748,0.22908474503688836,0.13759912124364268,0.11589982106591407,0.16821951347220734,0.29603598758459365,0.16669079141165757,0.21604884609556355,1.4851311470183821,0.36039403201811904,0.23497721989098636,0.16852229152732803,0.3701328329293062,0.31637440897128183,0.271867922296418,0.22063146130492275,0.2380156268940245,0.21789302494285376,0.33469983617349347,0.08932247440435574,0.3374648169073232,0.1598048650225238,0.19621628104405453,0.25279883343694254,0.23064235809282604,0.22438180172393743,0.19216584426285976,0.24342005217167495,-0.4324205185467766,-0.029788730434817372,-0.005947201931626575,0.08728804606644196,-0.02613292558581245,0.018675734305071995,0.08940262072932663,-0.04822550321757626,0.03571895877663931,0.01055378542380567,0.004656183491784701
0.20654980835019043,0.11005407973140105,0.13874794636048934,0.18231425593926262,0.16305799225264195,0.13799431784246668,0.1895623992147556,0.16913062290620642,0.16738902993846785,0.14520785365348993,0.14632552131980905,0.17935875072542753,0.15824696674467625,0.15897302368820732,0.16307040468668363,0.1756321275243361,0.19077798545509003,0.17423734788612863,0.1497230493301354,0.25117307503089337,0.17896105884594432,0.2444972728412696,0.1742573344311453,0.21800013257232093,0.16518323240842345,0.18580423628847456,0.13785567749895608,0.2747961004219632,0.36039403201811904,1.1403803017482026,0.4974268051259415,0.24229400702576356,0.23912867838555243,0.3560930890315618,0.4349226487546554,0.5210197130216445,0.4565639061375701,0.3971114932333508,0.3445782854988503,0.2028339022386111,0.15588116209527378,0.29829784539785065,0.33290417076932743,0.3289681629362489,0.16143553623068332,0.1910073156861388,0.33215971904538555,0.2254488988187138,0.1383551479955154,-0.056996292366538026,-0.0777280920164324,0.028348485459905984,0.031839723671823854,-0.08073705131085887,0.06784205311910821,-0.12001530094003869,0.07709636233782062,0.05745585050686451,-0.0035167645319191627
0.18310060585065852,0.08737484281645812,0.10406811553073042,0.14893441602313534,0.1441166865761971,0.11454980173875724,0.16025810549374148,0.15342396822965093,0.13883085365796893,0.14123404622944752,0.12959183508644564,0.12410715064482897,0.13939730148441107,0.152048050291076,0.14819673847559692,0.14105445268449338,0.16866328736543318,0.19732975134232447,0.11569742698573691,0.2388608352482268,0.1305820991647276,0.16602161280730818,0.1766263646756371,0.17744530781517384,0.23130089732181064,0.17069065159952185,0.15024472469984979,0.3497087188531184,0.23497721989098636,0.4974268051259415,1.200056527664792,0.18121143698622083,0.2291363793905792,0.31332269940669627,0.40456749301826794,0.42792873924842945,0.44415416890195586,0.4931238547843956,0.23770714868937465,0.2922890439462993,0.19452273777184595,0.2886255519235396,0.351951065924653,0.18075909424635303,0.17009819821964522,0.21878083370738233,0.3619986586184942,0.25928294394162604,0.3244212536122447,-0.7006572894127341,-0.46371277302962755,0.16962631491189203,-0.052997243104063806,-0.041271329996500954,0.17991778550493748,-0.04251720947968637,-0.010299688095397776,0.062460918698628604,-8.941746771733963e-5
0.24509336170131368,0.15765630514858067,0.3443607953429077,0.2798522391869273,0.2463420578328837,0.26759717755203766,0.32398712569614335,0.28051303552193946,0.294750257985425,0.3052159737749036,0.3065193184105195,0.30177816622630077,0.32255808546499704,0.24449917154712592,0.3056156435390354,0.29453743760349216,0.45527999850501966,0.31776442153067197,0.3306643567365543,0.3367496847669789,0.29804527318203233,0.3676433058577008,0.33086388935919997,0.2527757714605265,0.34137073079068425,0.29368207921564154,0.27838037001924926,0.2326800765989115,0.16852229152732803,0.24229400702576356,0.18121143698622083,0.8181583355972175,0.19829902232150903,0.21566211827835247,0.2532010869479885,0.3169631096602366,0.3321782217640684,0.3418839869869425,0.2565671644914128,0.24342323132625815,0.14336203567173755,0.2735868540959118,0.28315160754558366,0.3144062216219737,-0.1304049622107134,0.0740898272538074,0.25637568900126306,0.17932316852393174,0.19105900168521278,0.06965671548419497,0.07811282722842003,-0.16305485128468591,-0.06872152339709575,0.034686467505049466,0.033336182903957706,0.041672173472431795,0.09604358958313267,-0.02034608124288263,0.009431878663526728
0.24960237679353428,0.11241406079677527,0.15020965731279642,0.2558442368602375,0.21041199340633635,0.20573294616783572,0.2722435987298325,0.21713699585915278,0.2063784858477143,0.2197021544441911,0.22737526146288248,0.2205049387866073,0.18951603742014023,0.2312222669667685,0.21689096918731465,0.18718136696811194,0.2205201276263559,0.20948203701126192,0.17876182803026525,0.20718445240873581,0.2373600737291021,0.241743599167916,0.31550336497697085,0.2726702333966581,0.3590463962148622,0.36065399773516754,0.18833668394158437,0.27296499238937755,0.3701328329293062,0.23912867838555243,0.2291363793905792,0.19829902232150903,1.0151193486909043,0.5026627106645378,0.28883194112575056,0.19921060512966796,0.20569085611705196,0.43328735593094403,0.2972431439745357,0.05378457116247731,0.43308118220374475,0.424041570348559,0.22574389180931215,0.30731263493083777,0.3215045361158088,0.22324612164802723,0.2567014795976387,0.3188919922666573,0.22281585454119407,-0.02631541226561823,-0.05707368140563705,-0.054394956355191135,0.05577581124287767,-0.0168424587797199,0.17119160499481126,-0.10052211879842245,0.0338822407473109,-0.0010380824418361164,-0.05518903330212234
0.22316317254847187,0.1004669877381335,0.1425244556409285,0.18000770713617129,0.16352614004894325,0.1636759746259627,0.21246205195156534,0.16760667554119763,0.16562081248370378,0.14506189263943212,0.16493248969357158,0.18964342752006164,0.16036502155991234,0.2021885612631034,0.1827379388595559,0.1844317288092482,0.18700917662136302,0.18419910310642978,0.15379277171755035,0.22314803738365657,0.20332655369197816,0.14743780505193213,0.2089998478726279,0.18629012563976013,0.18705232774059283,0.3298293333462315,0.15486111987444812,0.20108523072446244,0.31637440897128183,0.3560930890315618,0.31332269940669627,0.21566211827835247,0.5026627106645378,1.3747764480954032,0.4422201831520127,0.26110932770065404,0.2522592236180588,0.40028683371607626,0.21178393124622377,-0.004348217166143878,0.3307074741957789,0.42085981026101527,0.2458090882984096,0.3202602855348838,0.2942107560621795,0.1838688493987419,0.29024803676961825,0.3529414695689571,0.4815409228557964,-0.20128796636278057,-0.1283443112542932,0.08744350845571625,0.004592058811562738,-0.020177115640915358,0.08463633443424513,-0.0842613444509198,0.011899173092006632,-0.007090992848063658,-0.056843107437255735
