2.803803248700948,-0.4813920758741187,0.08466624486422038,0.37825700055663036,0.15670616450871594,0.30840697721340105,0.2928986947920394,0.2809581775946067,0.19015335809847517,0.25899669806430897,0.2818537147661791,0.18177145654219498,0.21120908699622548,0.16461309727469436,0.21956996905085757,0.20621077992617007,0.22577661655551848,0.2143732255312473,0.11327714787263214,0.28015126734628804,0.21142292182640166,0.14879691288914493,0.23543274179140747,0.15504229082948895,0.2159554694731184,0.21497992977627933,0.13945560921301522,0.23951910505390187,0.30638560832551454,0.16870546652894128,0.15189891899558003,0.21929895203750954,0.2118090166139371,0.19197590962212613,0.1653961183650272,0.1296205063212881,0.15611895272086268,0.19895890983846165,0.13811203687370116,0.13865775839298686,0.17964194401430558,0.17984463406148937,0.16333636723478734,0.17255699906753824,-0.019613934176763725,0.06175917403199662,0.15716602136392627,0.13035679440177828,0.09266019063492524,-0.07452406418720325,0.02007791766557909,0.2346803962624815,0.15345663709971763,0.008639324894424174,-0.13198277737472444,0.009139412058377535,0.09044849345370103,0.009877320369704217,-0.027789319849987896
-0.4813920758741187,2.6613908434527525,0.46375729723871945,-0.018924758516045484,0.25940463126007457,0.1726136190249643,0.10709678210608593,0.030362108649078103,0.2724363126390968,-0.023333783222846804,0.13510341339748275,0.12080185751688453,0.08752060436883027,0.13423434158547942,0.09275025767696508,0.06516947660986566,0.11063867952124189,0.09130512576583254,0.20312244634163584,0.09855279477619572,0.062235737089424384,0.0825270542674372,0.0705680685507389,0.15153496703422684,0.14763542263363919,0.07435827066933944,0.22891339708821815,0.15957169767202137,0.012235578622194578,0.06841529445978704,0.05417258970304716,0.12587977881593687,0.06110340554910603,0.059038854947574215,0.0646346219766006,0.07928669661662438,0.08291088447995044,0.07572924140405232,0.07345015451284688,0.09224206105052522,0.02612790022724343,0.07885933966249864,0.08092356211049594,0.08147915303340432,-0.03686316099410454,0.04246957086922376,0.07872783844393716,0.042072093382726,0.1306765400536892,0.07661356901946298,0.02236710300325415,-0.037619572199067614,-0.10119590231774973,0.09450171982122033,0.09002683471074047,0.09013277056522756,0.16032512763543263,0.0054468862620961735,0.008663342213651365
0.08466624486422038,0.46375729723871945,2.241570705757686,0.317972674644101,0.28503824822461804,0.43471789428185215,0.2533362055820098,0.15071935165818565,0.352659223975831,0.22270189753701364,0.25676503973358017,0.2633458115003783,0.2386502079710196,0.29615845740247215,0.2398142416586669,0.3149739444853928,0.26818751748080116,0.27358850985668126,0.25481039215489365,0.23091092763607315,0.22389928038478946,0.26039051524339185,0.2055657004641702,0.19194502565029148,0.19946191478292158,0.17966195285242575,0.21256931688361283,0.18404874150342326,0.07552586048053525,0.10822677948086902,0.08148208398216089,0.3038887175023682,0.1088575468943034,0.10769949872422808,0.12848139939695336,0.15929187100786277,0.1551628058703217,0.10630088853590704,0.16441156060196896,0.20552746187604415,0.12184521564809322,0.16252950535927035,0.16792870062866572,0.1795232462613462,-0.09113579539620102,0.021733714392271192,0.15431600074519444,0.0891691762829327,0.14175093449064266,-0.0314836018609258,0.03687166259800207,0.010634802920726286,0.04271453152020026,-0.14412291543321995,0.16937863138840809,0.278910545105822,0.25478502901555966,-0.06054426063275998,-0.01516178329255539
0.37825700055663036,-0.018924758516045484,0.317972674644101,1.3522985615415473,0.22636151611452526,0.3104774664173299,0.3495994654423226,0.29725375961504996,0.25263592727857037,0.17999232285411493,0.22692683902336658,0.2898240076813189,0.23767622025176943,0.20270562326278077,0.21515924317554694,0.20559473716442567,0.2340356920568612,0.23518076822394937,0.11736803300191989,0.2355024314095822,0.21756047841343373,0.27400624968235254,0.2905981721410738,0.21229951586496096,0.27887078949364863,0.23337973566264367,0.21364793137502544,0.2133269365222639,0.18216348330465662,0.14905438363254353,0.1264894350297643,0.25010259896067694,0.2191857488494463,0.1548941959311234,0.166258456475915,0.1761100891855841,0.17921000355069389,0.20871000091808486,0.15702640137093626,0.19198475165991502,0.28518721954946114,0.19874888108169347,0.1936253378800357,0.20808161269082834,-0.08767115241558864,0.046404901342559986,0.17418033780120587,0.11779804758897844,0.11666137924336462,-0.009088266501764324,0.014690502932571575,-0.03556784275849043,0.11213786353127904,0.019369467160542348,0.2160329750506339,0.03884882886168544,0.2045343915133951,0.1522568251080575,0.09165564407598752
0.15670616450871594,0.25940463126007457,0.28503824822461804,0.22636151611452526,0.9049163406301858,0.22144777262844145,0.2721520717917254,0.3488090386262803,0.29948835838980586,0.3647048687770096,0.32966652073389396,0.30105939582608027,0.256861498936631,0.2797373062560721,0.252811163376989,0.2525318187691305,0.25587130439036854,0.23013176088559256,0.2842049706429582,0.2246917883502592,0.20332753561504777,0.23160479625723293,0.21227454390065573,0.26736461005622275,0.23280669877827256,0.14058384030693838,0.22278998696728597,0.24544346307012319,0.20531316068617234,0.13915070667374288,0.12370693557549083,0.22496739978361496,0.17370101572291552,0.14509798103940888,0.14219214465767643,0.15939676259046692,0.1633738545851647,0.22749323893105355,0.14048675648458225,0.18957376660452194,0.1705954676653584,0.16590497772766097,0.17717964052494767,0.18901439226311764,-0.04698850105542088,0.06847391235692635,0.16740911694142396,0.10018976423811232,0.09666395786863208,-0.01877768028700733,-0.008148705081153522,-0.04237420975426742,-0.016676603497154815,0.10813893865737083,-0.10889598815980717,0.03534106853665588,0.32159799433275205,0.0553136660002654,0.08817701923968028
0.30840697721340105,0.1726136190249643,0.43471789428185215,0.3104774664173299,0.22144777262844145,0.82591944021127,0.25875124446935654,0.2163401658398344,0.3173178869175473,0.26793613758303914,0.2894537565324348,0.26970033380434505,0.2363372518079142,0.23019011562416974,0.2727780676458703,0.21906506787473287,0.2588410002317282,0.22061627551553142,0.2288745301541703,0.2370097370789586,0.1854052406415345,0.23439618191877987,0.27376673857324935,0.20494272607518632,0.3110318911282492,0.23870929856548112,0.2041028345232944,0.2003611220615332,0.11015006966392935,0.11738989335962527,0.10300579946734187,0.25043003440020756,0.17074726535687526,0.13979290071738046,0.14304933255016414,0.15139705257205785,0.15926141470087488,0.19814481693097225,0.14453614856629468,0.174947138984118,0.13355670738655168,0.18464145899666504,0.17640349165686864,0.17300752999005645,-0.034614949441486104,0.06659895816988827,0.17084616861030757,0.10272353296624347,0.176491021243856,-0.02813438862373179,-0.0012314420229129234,-0.2364044390572667,0.12555801668660826,-0.003318324165530177,-0.1777674892875185,0.02130951331094395,0.20926886781552204,0.026372475203095505,-0.020031214908867657
0.2928986947920394,0.10709678210608593,0.2533362055820098,0.3495994654423226,0.2721520717917254,0.25875124446935654,0.6127891734792152,0.3037544934918796,0.35718562252748215,0.3101020271114358,0.3236041272324621,0.3811121760342728,0.3066898163115849,0.3009919312537365,0.3096053064347483,0.283925272097601,0.30225367455929986,0.3092552131359088,0.26614160136157633,0.31811877219661444,0.31271010034784863,0.28289455516169637,0.3459160595684755,0.2655304479155092,0.3589799000647121,0.3053674216067884,0.22962536980662404,0.23164798343160112,0.1734847255579049,0.17215267239014856,0.1456241245350965,0.30882186643057974,0.24376940063942362,0.1973027516899717,0.18411539222636333,0.2109549131130549,0.20688176607369319,0.25252817926947174,0.19735794505605342,0.2135423995516627,0.18739121660293884,0.24439258518626525,0.20858432827505505,0.2394059885359797,-0.030537793372170302,0.07417823426041915,0.19059185837518713,0.14176594230633063,0.1647963138893054,-0.03667295569031105,0.07323523460105204,-0.021074869368105133,0.13029368597023844,-0.04744894553247533,0.03656252643307045,0.04970607387260631,0.3149834704979442,-0.03310083425732723,0.04295072246074255
0.2809581775946067,0.030362108649078103,0.15071935165818565,0.29725375961504996,0.3488090386262803,0.2163401658398344,0.3037544934918796,0.9306049501643295,0.35213870150963644,0.39851987495724495,0.2286467920103829,0.2979573010289044,0.3172870872831847,0.2743655021507343,0.23607004532691478,0.2426840580445935,0.2820318662203565,0.2957437552926889,0.16658617141438384,0.2633166635457072,0.22227247480779222,0.22588917411381357,0.26434930126138884,0.24581638362605698,0.28576329673379575,0.16370318869689407,0.18774331796443502,0.22096028139766036,0.1369549024084556,0.15627451281946725,0.1450338581385087,0.2765613668443974,0.18721040975274802,0.15665320892053808,0.16402520459536934,0.18124427124223555,0.17644560214137792,0.24936869531996672,0.15954210551247802,0.2052644012329769,0.18842930676286743,0.1922284476362728,0.1964183243877742,0.1990903608476212,-0.030589173379868797,0.0531760190040827,0.18608248575050393,0.11541744325342479,0.13982376187672033,0.029068218630262644,0.0672472474794142,-0.044115902797443936,-0.15351612884426719,0.03125336103686292,-0.17347102942488654,-0.0031540230370345657,0.20350858478419334,0.6033307129942307,0.1257035855090387
0.19015335809847517,0.2724363126390968,0.352659223975831,0.25263592727857037,0.29948835838980586,0.3173178869175473,0.35718562252748215,0.35213870150963644,0.585214416119167,0.3210316834629497,0.3554843922085354,0.372176719199833,0.3206941639063237,0.3062819251766845,0.3092882175122264,0.2726389394676266,0.30922236890091714,0.31775109849177463,0.2710064382641775,0.29946201982735837,0.25247657476388147,0.26285010586654284,0.2640163892281548,0.2616826560470728,0.2925523763877047,0.19264056492361387,0.22698922427873572,0.2411606119610618,0.1261086537735481,0.1599197838146786,0.13304970505634453,0.29940370336484445,0.1826993250942304,0.158241422555456,0.16517381280357324,0.19631075624906033,0.18518894857746077,0.21381701351948226,0.1710459033341331,0.22459158848102231,0.1406477968827068,0.20515032601589564,0.20501129705410168,0.21855951787672348,-0.07719439993936922,0.04580916978792971,0.19504092430118344,0.1227202726049112,0.16113730590359046,0.035678289681918225,0.018025036267192214,-0.03970315109396291,-0.11076370472691857,-0.01596850396078873,0.015703729132514062,0.08063576491226601,0.2896195685644945,0.04480534240767903,0.01247184183424284
0.25899669806430897,-0.023333783222846804,0.22270189753701364,0.17999232285411493,0.3647048687770096,0.26793613758303914,0.3101020271114358,0.39851987495724495,0.3210316834629497,0.8717413674923434,0.4966869422318973,0.30371377383542525,0.37139046685670823,0.31693688328408987,0.377146283131738,0.308329425581153,0.34070584270710563,0.35515570232682736,0.32812313770083057,0.3353048760796379,0.2691755802602775,0.27759789774201404,0.29062732763884197,0.25657091414553546,0.3246490692104237,0.20641984321297902,0.2334195151830828,0.2759094931595144,0.12068404095297358,0.15363615265006295,0.14230687945630996,0.31439621532141426,0.2107378644462665,0.1512075038335676,0.16381878808424064,0.21264289227862326,0.19257940356281242,0.23896086128731703,0.1812356965326962,0.24320321189733987,0.16215538044263125,0.22101333443595464,0.21186997760827336,0.22842730155358748,-0.07907540525215577,0.040712482631046105,0.19323475032261334,0.12875914346381856,0.12898003032517333,-0.03248407609683458,0.048787111908395075,-0.1639959913541296,0.01866487465708198,-0.1221664415423789,-0.017563549536725592,0.0420033305161465,0.33063986737669304,-0.028661894511730335,0.028715352306537063
0.2818537147661791,0.13510341339748275,0.25676503973358017,0.22692683902336658,0.32966652073389396,0.2894537565324348,0.3236041272324621,0.2286467920103829,0.3554843922085354,0.4966869422318973,0.8166601863039232,0.3506581129606208,0.3580901088085939,0.35154190476919694,0.39523427264928845,0.33192488214772436,0.3496476770286143,0.3585088018493534,0.3852355376684659,0.35292282506396416,0.30282268452062244,0.33487267122940334,0.27383894312322876,0.27485989299198516,0.2543249372726593,0.2374088304344492,0.2641466500132628,0.31651997279278227,0.07249610550335928,0.15296252561038168,0.12500298639190294,0.31213627816168726,0.21745990544237823,0.1685585546107315,0.1663618846473203,0.22130755525354004,0.2084873356929305,0.23509508379035673,0.18539855359952478,0.2338157226597158,0.1521361178155309,0.2324736667548328,0.2084048409835815,0.23546631366290532,-0.11857458377516747,0.03285307782027894,0.18853811823818334,0.12243270807726177,0.18144085439320917,-0.12358808031254526,-0.13500095059420333,-0.15590208105092124,0.05097494291602444,-0.002171974098744672,0.028496570600476983,0.10899130497864629,0.23084578680416515,-0.14749536152878312,-0.02067043796097147
0.18177145654219498,0.12080185751688453,0.2633458115003783,0.2898240076813189,0.30105939582608027,0.26970033380434505,0.3811121760342728,0.2979573010289044,0.372176719199833,0.30371377383542525,0.3506581129606208,0.7378052075038207,0.32727112144484705,0.34685527680174794,0.35917542489634896,0.31932270854058153,0.3325793976200921,0.30985287771035597,0.30348861791522497,0.31531013952480164,0.2745055386179152,0.3190079467150828,0.2525448842909282,0.2765918460114951,0.24745939271147524,0.20393121204539674,0.21217698652841888,0.24153178820663831,0.18305829985312186,0.1831803102586395,0.12945813832756006,0.31212553655037484,0.21195462124482253,0.19787081292711584,0.18789418093747304,0.22140659829275128,0.21486676011873965,0.23914708272184546,0.21214772184097888,0.24452110016545012,0.16404333328016865,0.23135005922568708,0.22519507717311116,0.24102953334929464,-0.07627174321650156,0.042203689241548395,0.21565945559546223,0.13926336293453276,0.16327543584491513,0.17704552825521838,-0.01303735822404547,-0.03929496926096254,-0.3641994968876584,0.13589040821485426,-0.02542421247351616,0.09223283538258878,0.21116520960480994,0.00466832100602768,0.0009807715515023812
0.21120908699622548,0.08752060436883027,0.2386502079710196,0.23767622025176943,0.256861498936631,0.2363372518079142,0.3066898163115849,0.3172870872831847,0.3206941639063237,0.37139046685670823,0.3580901088085939,0.32727112144484705,0.5502665638915178,0.29387610501416017,0.33574374945469004,0.29095216402671764,0.3726130854288634,0.2953459319738166,0.33069280530411405,0.3368273632547818,0.26538322511315876,0.28850202232710304,0.2656870860728965,0.25536164214611545,0.30417731024398,0.19961433874055623,0.2266286129215853,0.24226137654382637,0.14763506569366686,0.17374327212128146,0.15065873927478526,0.3376505865816242,0.19303115666976417,0.17247421769085686,0.1791761459670932,0.21126157279923394,0.20033657706188326,0.2562571076566769,0.17284786366926402,0.21116358221254286,0.14608289840582825,0.2046082833053445,0.21250270608791247,0.22473366137856765,-0.13668618230552557,0.0696840924061329,0.19461161706014918,0.1277397557199788,0.12231036971918344,-0.025943393740515304,0.014392661584143764,-0.09286618104813239,-0.17026692670729904,-0.03329894728342659,0.006649636282277888,0.1818607844751652,-0.016648169719900314,-0.06875982410318492,-0.011175761407927767
0.16461309727469436,0.13423434158547942,0.29615845740247215,0.20270562326278077,0.2797373062560721,0.23019011562416974,0.3009919312537365,0.2743655021507343,0.3062819251766845,0.31693688328408987,0.35154190476919694,0.34685527680174794,0.29387610501416017,0.6026157034765278,0.3303697936803256,0.29441185816064164,0.2808605043088067,0.2603781919799758,0.24918688176605985,0.30361439450819544,0.2728193208951004,0.2770559197992872,0.26133251716276035,0.324809841252287,0.2658351399056855,0.19622480491781827,0.2336020236975051,0.2790694082901661,0.16061448793288982,0.1570491825250841,0.1480705873291908,0.25516942285341215,0.21928204094129924,0.19997327276691612,0.17621541297215523,0.20623455082591227,0.19918057760900573,0.2577002260942049,0.19323522087262857,0.23648572828424827,0.1305635386080483,0.20992879848945653,0.21123304720545819,0.233276042015397,-0.03133351625578174,0.05915914095785579,0.1985426997070937,0.13310302773589547,0.15472570503309363,0.003468828957412205,0.018396440220713874,-0.09007620983614645,-0.13102106400660965,0.005788814473713322,0.041046379584162525,0.06800832439844058,0.14806742490552827,0.03934740873591041,-0.02827465552146619
0.21956996905085757,0.09275025767696508,0.2398142416586669,0.21515924317554694,0.252811163376989,0.2727780676458703,0.3096053064347483,0.23607004532691478,0.3092882175122264,0.377146283131738,0.39523427264928845,0.35917542489634896,0.33574374945469004,0.3303697936803256,0.49980710997295885,0.3421893317453387,0.3305657648393352,0.3343883500978054,0.3357997921365183,0.3318302579371221,0.29205576758634283,0.28088926397390807,0.3072032685964188,0.27028622381704276,0.2757773862680799,0.21940324963799557,0.22642007688013133,0.24081552680896812,0.14648113455466227,0.17039850620773292,0.14725167405947515,0.3150947068057186,0.21477886413889882,0.18873129888533283,0.18650652809352303,0.21767829834718777,0.213636751911326,0.25565725956332763,0.19410511514314233,0.23433924121459962,0.1676058551525312,0.22651293058024144,0.22107236654973714,0.23551174253058238,-0.07638551831754342,0.04285275040202474,0.20366701274800308,0.13824898001587876,0.14970290070908485,0.009520288750773747,0.01578994551297394,-0.07702968453127422,0.055251730575587917,0.0040202521402592966,-0.0021561216873787798,0.11942258488557561,0.0565387333970746,-0.07498448105830727,-0.023360827131287277
0.20621077992617007,0.06516947660986566,0.3149739444853928,0.20559473716442567,0.2525318187691305,0.21906506787473287,0.283925272097601,0.2426840580445935,0.2726389394676266,0.308329425581153,0.33192488214772436,0.31932270854058153,0.29095216402671764,0.29441185816064164,0.3421893317453387,0.8387303471661167,0.3001152508166257,0.3002026378296248,0.3974911795195561,0.4092387536685922,0.35509075991328715,0.18191173255770213,0.2806615621986898,0.32783355465087965,0.1877008982530827,0.10025356505532129,0.2093839336364424,0.2611627855160521,0.13340141115467877,0.17327677469891392,0.13598605238220188,0.29970764721585397,0.19133980138083054,0.1794743001141743,0.1727584472066772,0.1942007632951731,0.17284441201810555,0.2556539269945161,0.17925977712641866,0.24364847534315673,0.19869016713705218,0.1966305241560536,0.22611851314122253,0.2435513044441442,-0.020419732843934855,0.04434852091061967,0.2209095075152799,0.13507826615810828,0.14163553332647966,-0.05222626234100709,0.10918751769245319,-0.09166564036039682,0.11569475610915794,-0.15499278043431383,0.002479572440822778,0.17340003740860005,0.04137954137005107,-0.009177501699106447,-0.04168399827471308
0.22577661655551848,0.11063867952124189,0.26818751748080116,0.2340356920568612,0.25587130439036854,0.2588410002317282,0.30225367455929986,0.2820318662203565,0.30922236890091714,0.34070584270710563,0.3496476770286143,0.3325793976200921,0.3726130854288634,0.2808605043088067,0.3305657648393352,0.3001152508166257,0.5449196652434272,0.33545563097647724,0.35537272578531254,0.3459779061154929,0.2910577740748223,0.34502310157491034,0.31831033616431714,0.2804428797628261,0.34093372580425535,0.24669830517823818,0.24380638908806213,0.17986774422486965,0.1617873394334366,0.19471279683779838,0.17010521765544598,0.4478843692162067,0.22530533942538908,0.19189244055074697,0.20547321233669544,0.24763628029563398,0.24149854027528003,0.2883877644410137,0.21449177706966194,0.23186338579716753,0.18612652234092425,0.2333113257664012,0.2274575650530164,0.2589797913834788,-0.0932702092979788,0.047713030895823544,0.20619731421538906,0.14754007957188311,0.16080936435802645,-0.043716305453349105,0.024804047213852272,-0.13296940084424166,-0.22422339085995882,0.015658293491463776,0.029936438964787624,0.10486107087424439,0.08361607669307697,-0.029808489544637697,0.003528320463690748
0.2143732255312473,0.09130512576583254,0.27358850985668126,0.23518076822394937,0.23013176088559256,0.22061627551553142,0.3092552131359088,0.2957437552926889,0.31775109849177463,0.35515570232682736,0.3585088018493534,0.30985287771035597,0.2953459319738166,0.2603781919799758,0.3343883500978054,0.3002026378296248,0.33545563097647724,0.9808170723999807,0.3429221063308107,0.3751394527169832,0.28702106314589704,0.31925557751084566,0.35144480740067574,0.32884958833771694,0.2973516792491484,0.21202727783458608,0.24333983054021435,0.19843327223652416,0.08277531519779208,0.19212273553279247,0.2007771056542485,0.3239069943558146,0.2226754540207312,0.20055592355255777,0.19807602702899874,0.24808539579651806,0.24141239604378306,0.2878414563581135,0.1948694127510537,0.27254947813035096,0.23662904386610834,0.25117828649539453,0.256780030300139,0.24915171337549152,-0.12166847164560342,-0.012302464343894754,0.22873651239335302,0.14097316503684396,0.2187472099095111,0.04991261130652303,-0.0024430256069502432,-0.038272485836716975,-0.08987271612685471,0.1270567942073775,0.04246216971756883,0.12756521482663546,0.10338312370956698,-0.006861546434882074,0.029556679395916902
0.11327714787263214,0.20312244634163584,0.25481039215489365,0.11736803300191989,0.2842049706429582,0.2288745301541703,0.26614160136157633,0.16658617141438384,0.2710064382641775,0.32812313770083057,0.3852355376684659,0.30348861791522497,0.33069280530411405,0.24918688176605985,0.3357997921365183,0.3974911795195561,0.35537272578531254,0.3429221063308107,1.0064214405476002,0.4107463300911389,0.308219956642563,0.2408354088055041,0.30115664580913415,0.29483123880362694,0.24541554528561427,0.19120120770497598,0.2671596013606676,0.22961788464928945,0.11715814942401075,0.1479683829799125,0.11588464432366073,0.3280863879859434,0.18915562703868052,0.15041215750782755,0.1480612116798579,0.18896227334319218,0.16439297144870088,0.22430491512182893,0.16744834412370468,0.2392020268033659,0.1957440310159605,0.2066762733247186,0.2052488692763231,0.22183049769857432,-0.08958597379969205,0.028608624338952383,0.18619655957035788,0.12346870175193062,0.13392418681317264,-0.05308724989722762,-0.018004387714873022,-0.16042775989058872,-0.07563358942137262,-0.20787461399933554,-0.03753041703868749,0.047720946911478296,0.23861151855700066,-0.030583625567312492,0.044379545156680356
0.28015126734628804,0.09855279477619572,0.23091092763607315,0.2355024314095822,0.2246917883502592,0.2370097370789586,0.31811877219661444,0.2633166635457072,0.29946201982735837,0.3353048760796379,0.35292282506396416,0.31531013952480164,0.3368273632547818,0.30361439450819544,0.3318302579371221,0.4092387536685922,0.3459779061154929,0.3751394527169832,0.4107463300911389,1.012633867614271,0.3455815386618316,0.264779059546465,0.4203378639880849,0.36233175596368106,0.33362116903185707,0.3016136043974541,0.21934898897639782,0.3835283770366745,-0.006334488640335302,0.23530043616208018,0.211800608662143,0.3395536440910821,0.20596982592464272,0.20728238355030149,0.2134053971512886,0.2740818557636337,0.25292793893858023,0.37693132624831127,0.17868495315284827,0.2802485930111553,0.12045071893524538,0.27465680494034395,0.2603334924250558,0.2561236157202846,-0.10342027130182299,0.006470059799584142,0.2345772666346413,0.13656773008070175,0.2647159193127493,0.026545306773447935,0.03507133375996184,-0.06602484733788838,0.0985836653266096,-0.025272383615195456,-0.16284567178731327,0.18042506747506737,0.3546205402127191,0.04599917870738487,-0.012870558011662554
0.21142292182640166,0.062235737089424384,0.22389928038478946,0.21756047841343373,0.20332753561504777,0.1854052406415345,0.31271010034784863,0.22227247480779222,0.25247657476388147,0.2691755802602775,0.30282268452062244,0.2745055386179152,0.26538322511315876,0.2728193208951004,0.29205576758634283,0.35509075991328715,0.2910577740748223,0.28702106314589704,0.308219956642563,0.3455815386618316,0.6188211658249775,0.22177864264423067,0.3660649280163674,0.2171845995909448,0.22727480971419708,0.44951205775910136,0.1840930429249427,0.14206761527724512,0.21347777461132675,0.17509720707791201,0.1204137196438536,0.2924553504759515,0.2374094530952405,0.19935943840384523,0.18302124032477343,0.2126202002249613,0.2088192100467834,0.26448620243979926,0.23394523561081224,0.2021782111623202,0.11194802915927972,0.24282483859110046,0.17085061859869602,0.25494880606556414,0.011876580814975498,0.053974741224308176,0.1489542826866309,0.1445724289872607,0.10059257970862234,0.010924899957766666,0.10028606341384935,-0.054525429518439146,0.06403164444423237,0.050579311666902584,-0.006203969449207129,0.08158299639669472,0.1558411946916868,-0.01089766870986792,-0.02885813199687771
0.14879691288914493,0.0825270542674372,0.26039051524339185,0.27400624968235254,0.23160479625723293,0.23439618191877987,0.28289455516169637,0.22588917411381357,0.26285010586654284,0.27759789774201404,0.33487267122940334,0.3190079467150828,0.28850202232710304,0.2770559197992872,0.28088926397390807,0.18191173255770213,0.34502310157491034,0.31925557751084566,0.2408354088055041,0.264779059546465,0.22177864264423067,1.0256545197722804,0.30934794421614425,0.25496682686547634,0.41922086246426893,0.2814546561972148,0.3278077956185961,0.3012905439031509,0.2138775716558125,0.2294212784465727,0.15166774862907942,0.3451372055794793,0.24817163656623364,0.14475829087063505,0.18550558511584894,0.28836377305400207,0.27338707864880724,0.3432618204920404,0.18197264959232082,0.3193299538708992,0.19967362068869682,0.22921176174893917,0.2528533900202893,0.27753550733601473,-0.05339638792661557,0.06155877171214497,0.2207927502064074,0.1259450682595282,0.2618567953047692,0.048521811624888084,0.0007117539814264708,-0.1336850202415224,-0.12948815677249848,0.07128350412070635,0.010819974518819565,-0.020558406825435516,0.0417030554794267,-0.08230956033542126,0.019256560100672563
0.23543274179140747,0.0705680685507389,0.2055657004641702,0.2905981721410738,0.21227454390065573,0.27376673857324935,0.3459160595684755,0.26434930126138884,0.2640163892281548,0.29062732763884197,0.27383894312322876,0.2525448842909282,0.2656870860728965,0.26133251716276035,0.3072032685964188,0.2806615621986898,0.31831033616431714,0.35144480740067574,0.30115664580913415,0.4203378639880849,0.3660649280163674,0.30934794421614425,0.9857275389236322,0.3304416577890934,0.5675527781045819,0.3729437617022603,0.20879830926253132,0.014322214264871189,0.11837771811871212,0.15903533418789562,0.15238493069733527,0.3172785546475926,0.3094551882340339,0.19231449681836932,0.1708668763994078,0.2109397731740713,0.2054948864092664,0.2833050170043356,0.15457296361507614,0.2728818309020054,0.1841843955204938,0.2267092160984711,0.18079775583373897,0.23662130000979723,-0.07786816105358704,-0.011165526220898165,0.16835271679819092,0.1343587562415258,0.1876768135145547,-0.045318628050352285,-0.033376886145860776,-0.07351974017676699,0.07782295320718405,-0.0879695571296997,-0.004888275836265939,0.05580155745006023,0.17879217237758147,0.03311160183895887,0.011453430978217043
0.15504229082948895,0.15153496703422684,0.19194502565029148,0.21229951586496096,0.26736461005622275,0.20494272607518632,0.2655304479155092,0.24581638362605698,0.2616826560470728,0.25657091414553546,0.27485989299198516,0.2765918460114951,0.25536164214611545,0.324809841252287,0.27028622381704276,0.32783355465087965,0.2804428797628261,0.32884958833771694,0.29483123880362694,0.36233175596368106,0.2171845995909448,0.25496682686547634,0.3304416577890934,1.0739784580959846,0.36225232055909456,0.09983982175853233,0.2972191849560164,0.41274158109897807,0.09616266582014868,0.21259043003414443,0.16769005743099769,0.2599531443143965,0.27311865821275677,0.17870421614506266,0.19915865428327542,0.24101411977118295,0.2073789069125418,0.3139624322509693,0.16476981470771157,0.2610090578249035,0.2699414845437997,0.2188732726050603,0.2436915058321749,0.38539292776871187,-0.05155617124685946,0.09399834928041738,0.22958077368174462,0.13768629464503374,0.20483909904527195,-0.02153144796065801,0.050529164045235934,-0.1285304819784706,-0.1344135394452567,-0.08961599545521091,0.07595268076175136,0.08133629499939152,0.09054585016937121,0.03843766709903926,0.029383171744306363
0.2159554694731184,0.14763542263363919,0.19946191478292158,0.27887078949364863,0.23280669877827256,0.3110318911282492,0.3589799000647121,0.28576329673379575,0.2925523763877047,0.3246490692104237,0.2543249372726593,0.24745939271147524,0.30417731024398,0.2658351399056855,0.2757773862680799,0.1877008982530827,0.34093372580425535,0.2973516792491484,0.24541554528561427,0.33362116903185707,0.22727480971419708,0.41922086246426893,0.5675527781045819,0.36225232055909456,1.5367646766800143,0.17353776275687735,0.3229431675787411,0.21030706872948887,0.1571668276092567,0.15730531742012366,0.21583492173142496,0.3321180568012044,0.35534583603832165,0.17291676849248833,0.1615336831230012,0.19170908630080996,0.18298344989721615,0.30241373663918086,0.03523232374985702,0.22414344891600155,0.23386485994168735,0.20811747634139807,0.23800469885847608,0.254181974757287,-0.02731381753020385,0.08082313675120278,0.23703372493735494,0.1199093335926606,0.168400636723061,-0.13196543704286107,-0.25950222736407996,-0.11791794057492908,0.057395645638204484,-0.20053123830362776,0.02511955662670866,-0.029782089637359295,0.03983372147525846,-0.01822759537052762,0.04808493196634733
0.21497992977627933,0.07435827066933944,0.17966195285242575,0.23337973566264367,0.14058384030693838,0.23870929856548112,0.3053674216067884,0.16370318869689407,0.19264056492361387,0.20641984321297902,0.2374088304344492,0.20393121204539674,0.19961433874055623,0.19622480491781827,0.21940324963799557,0.10025356505532129,0.24669830517823818,0.21202727783458608,0.19120120770497598,0.3016136043974541,0.44951205775910136,0.2814546561972148,0.3729437617022603,0.09983982175853233,0.17353776275687735,1.2937446132810826,0.14116045135447378,0.09564443239051007,0.2689273223347932,0.17602837976620858,0.1441865420496765,0.27687541548916966,0.3464940089867388,0.31325976081089346,0.232921770617802,0.24387110355307556,0.2704829946150527,0.3531560329194196,0.37800935863182644,0.10406942408214823,0.21706412714245332,0.3237453496639972,0.08083568952006957,0.19574388953463648,0.09711594375975938,0.10336251470540189,-0.009807933225301572,0.18330093590380275,0.049139150178756454,0.015882580785553987,0.16601755061667986,-0.034880932604873016,0.18302231076285547,0.1704543751205882,-0.09767824293560798,0.03492656066537612,0.29811425185146323,-0.029275796375387145,-0.03319731244180409
0.13945560921301522,0.22891339708821815,0.21256931688361283,0.21364793137502544,0.22278998696728597,0.2041028345232944,0.22962536980662404,0.18774331796443502,0.22698922427873572,0.2334195151830828,0.2641466500132628,0.21217698652841888,0.2266286129215853,0.2336020236975051,0.22642007688013133,0.2093839336364424,0.24380638908806213,0.24333983054021435,0.2671596013606676,0.21934898897639782,0.1840930429249427,0.3278077956185961,0.20879830926253132,0.2972191849560164,0.3229431675787411,0.14116045135447378,0.7987999283300868,0.45159482105562454,0.15640430209083422,0.12607418624474653,0.14284253290943652,0.2667178967185409,0.1875335244434117,0.14671850829567717,0.16463523638556052,0.19160062794972188,0.20047925580362463,0.2717303216613111,0.20903075230125834,0.27321482868355196,0.20617969729292507,0.20218473249241664,0.20660313695057692,0.2192188128017528,-0.020341062577947416,0.06678280935094953,0.1939663864403529,0.12890720236387004,0.18391512297702828,-0.04935429517118008,0.036273569241159064,-0.10437491577546919,-0.04878169707334902,0.028344841951929878,0.11331722850413373,-0.2291859679476171,0.07770328808451203,-0.15073412461707103,0.16621187574371826
0.23951910505390187,0.15957169767202137,0.18404874150342326,0.2133269365222639,0.24544346307012319,0.2003611220615332,0.23164798343160112,0.22096028139766036,0.2411606119610618,0.2759094931595144,0.31651997279278227,0.24153178820663831,0.24226137654382637,0.2790694082901661,0.24081552680896812,0.2611627855160521,0.17986774422486965,0.19843327223652416,0.22961788464928945,0.3835283770366745,0.14206761527724512,0.3012905439031509,0.014322214264871189,0.41274158109897807,0.21030706872948887,0.09564443239051007,0.45159482105562454,1.248944263295297,0.21306201182103832,0.2637167382760424,0.3337467778867379,0.23607813791192378,0.2683975911889248,0.19192263068736995,0.22734665477235458,0.2474733100527132,0.2634317603002659,0.3593614726497981,0.15802182414842106,0.3129301867139307,0.1707325681256513,0.2946352593369564,0.313205828127878,0.257886027329184,-0.007042606309622257,0.12313261907505807,0.2974021822338271,0.1767127637803279,0.28627508647435373,-0.11108442911382926,-0.05490974369969652,-0.04536086721066269,-0.01567915021091293,-0.02713753698642479,0.014660139046709158,0.00686869513297468,0.11909243409525146,-0.04437472262546992,0.08878021849270408
0.30638560832551454,0.012235578622194578,0.07552586048053525,0.18216348330465662,0.20531316068617234,0.11015006966392935,0.1734847255579049,0.1369549024084556,0.1261086537735481,0.12068404095297358,0.07249610550335928,0.18305829985312186,0.14763506569366686,0.16061448793288982,0.14648113455466227,0.13340141115467877,0.1617873394334366,0.08277531519779208,0.11715814942401075,-0.006334488640335302,0.21347777461132675,0.2138775716558125,0.11837771811871212,0.09616266582014868,0.1571668276092567,0.2689273223347932,0.15640430209083422,0.21306201182103832,1.4015738865790999,0.3300404397282741,0.22480438894774188,0.15789075780817727,0.3585392851679967,0.2992003257182353,0.26186447436034455,0.20729942484167863,0.22316434349738495,0.2219618777966346,0.3088522179264863,0.07703927767898448,0.3110464717669892,0.15490862635930075,0.18430044171090748,0.23445796395655377,0.21857086043906315,0.215744988028014,0.18267076577463276,0.235550429184833,-0.4053577928862569,-0.045800708799478895,-0.0017533562756461875,0.0665029872405215,-0.049323111251107096,-0.008890030284912509,0.06929746026225024,-0.11547405266859506,-0.02406888169749294,-0.015204999677869388,-0.0037326612885966288
0.16870546652894128,0.06841529445978704,0.10822677948086902,0.14905438363254353,0.13915070667374288,0.11738989335962527,0.17215267239014856,0.15627451281946725,0.1599197838146786,0.15363615265006295,0.15296252561038168,0.1831803102586395,0.17374327212128146,0.1570491825250841,0.17039850620773292,0.17327677469891392,0.19471279683779838,0.19212273553279247,0.1479683829799125,0.23530043616208018,0.17509720707791201,0.2294212784465727,0.15903533418789562,0.21259043003414443,0.15730531742012366,0.17602837976620858,0.12607418624474653,0.2637167382760424,0.3300404397282741,1.056412737264377,0.4686270351371177,0.23717127364011176,0.23533258707305757,0.33775307885776246,0.4258701146925223,0.49195068724360663,0.4493947149320478,0.38757147302743017,0.33683146033845224,0.19460492381271424,0.16051853204549915,0.2973547410748512,0.32541416602103646,0.3159565976531677,0.15733042448746562,0.18701122448071758,0.3242475295631132,0.22033530391254363,0.15043258453578492,-0.035522205294191055,-0.04206884239907732,0.031171656090936094,-0.044457123414618376,0.0042709404280390165,0.05247651707429441,-0.009364428993549381,-0.014765803198400608,-0.014297486346458345,-0.03126437120053013
0.15189891899558003,0.05417258970304716,0.08148208398216089,0.1264894350297643,0.12370693557549083,0.10300579946734187,0.1456241245350965,0.1450338581385087,0.13304970505634453,0.14230687945630996,0.12500298639190294,0.12945813832756006,0.15065873927478526,0.1480705873291908,0.14725167405947515,0.13598605238220188,0.17010521765544598,0.2007771056542485,0.11588464432366073,0.211800608662143,0.1204137196438536,0.15166774862907942,0.15238493069733527,0.16769005743099769,0.21583492173142496,0.1441865420496765,0.14284253290943652,0.3337467778867379,0.22480438894774188,0.4686270351371177,1.1433120756032409,0.17751901594612585,0.23084879772792433,0.30477919715868723,0.3873190331314011,0.4029893198338536,0.42332661869577226,0.48693386810830863,0.2233324781698581,0.2711206382503717,0.1903406575462889,0.28488112531177245,0.34578149233560956,0.17559078105771111,0.18966544342349362,0.22614210413456043,0.3592791841264343,0.24779402327903288,0.3311153782786834,-0.6498832696126162,-0.3988062226229323,0.11241832341563576,-0.2747881770072256,-0.06548299903492101,0.13648710839493727,-0.05568463867753344,-0.08896761042862537,-0.003144070325618342,-0.015047279071358185
0.21929895203750954,0.12587977881593687,0.3038887175023682,0.25010259896067694,0.22496739978361496,0.25043003440020756,0.30882186643057974,0.2765613668443974,0.29940370336484445,0.31439621532141426,0.31213627816168726,0.31212553655037484,0.3376505865816242,0.25516942285341215,0.3150947068057186,0.29970764721585397,0.4478843692162067,0.3239069943558146,0.3280863879859434,0.3395536440910821,0.2924553504759515,0.3451372055794793,0.3172785546475926,0.2599531443143965,0.3321180568012044,0.27687541548916966,0.2667178967185409,0.23607813791192378,0.15789075780817727,0.23717127364011176,0.17751901594612585,0.7871096208747809,0.20149523321323273,0.21509826893993855,0.24719590343599018,0.31033522031589816,0.3192615601276662,0.3223416889677955,0.2504873147633283,0.24279826647472663,0.1357101613807756,0.26960337965736236,0.27709419754458786,0.3084477395130474,-0.13187009735411012,0.06675069287050361,0.2528854471215422,0.18036293752596305,0.1977939003092612,0.05339762885930882,0.10549635726940824,-0.1765464387596334,-0.1370549352854157,-0.002125324834253756,0.023633050996759747,0.09815312270409716,0.09178805296550172,-0.024013965963578295,0.018270581416418574
0.2118090166139371,0.06110340554910603,0.1088575468943034,0.2191857488494463,0.17370101572291552,0.17074726535687526,0.24376940063942362,0.18721040975274802,0.1826993250942304,0.2107378644462665,0.21745990544237823,0.21195462124482253,0.19303115666976417,0.21928204094129924,0.21477886413889882,0.19133980138083054,0.22530533942538908,0.2226754540207312,0.18915562703868052,0.20596982592464272,0.2374094530952405,0.24817163656623364,0.3094551882340339,0.27311865821275677,0.35534583603832165,0.3464940089867388,0.1875335244434117,0.2683975911889248,0.3585392851679967,0.23533258707305757,0.23084879772792433,0.20149523321323273,0.9802712471117337,0.49493099697123,0.2873241363227293,0.19811559672584664,0.20597302349455368,0.4439127950711964,0.28317593187297785,0.05134215449257896,0.41455292346448314,0.4208899639307761,0.23293873728445913,0.30269955949072963,0.31234059230160177,0.22345079359811343,0.2618562863131175,0.30918103790339246,0.2335956360328717,-0.026204654100551693,-0.018291668091459864,-0.055101769130142864,0.0009230499700945987,0.007833622913075091,0.12210225779221166,-0.1521631124115767,-0.02120382334766112,-0.04026355568943088,-0.054263276344470285
0.19197590962212613,0.059038854947574215,0.10769949872422808,0.1548941959311234,0.14509798103940888,0.13979290071738046,0.1973027516899717,0.15665320892053808,0.158241422555456,0.1512075038335676,0.1685585546107315,0.19787081292711584,0.17247421769085686,0.19997327276691612,0.18873129888533283,0.1794743001141743,0.19189244055074697,0.20055592355255777,0.15041215750782755,0.20728238355030149,0.19935943840384523,0.14475829087063505,0.19231449681836932,0.17870421614506266,0.17291676849248833,0.31325976081089346,0.14671850829567717,0.19192263068736995,0.2992003257182353,0.33775307885776246,0.30477919715868723,0.21509826893993855,0.49493099697123,1.3289447779805297,0.4296241728845424,0.2550733364484085,0.25871813675102706,0.4099856709605221,0.21350941116264824,-0.009918906789104771,0.31798474020577566,0.4161864008447886,0.24893945481912233,0.31136007324658593,0.2858298489212203,0.18769128583412095,0.2917621745345913,0.33848700913375135,0.47401341899341976,-0.159027042170189,-0.07219308334966906,0.10078924362753419,-0.0944088178466017,0.14754554092061367,0.0500823845852659,-0.07820868164189972,-0.04460013685293027,-0.039156647378562774,-0.05515165142202713
