0.5786699143361229,0.0719146387349805,0.1990387033991214,-0.01202024906834167,0.008581280294250813,0.06152047462337689,0.11697631297370914,0.040620086204352486,0.08301608175016939,0.10667379805414436,0.050759821852467545,0.06328487854895885,0.03027269939370257,0.10606843900502812,0.09223307049739671,0.07145132162366113,0.04807682532197727,0.05725863384673679,0.06684364532743889,0.03324298161569873,0.0480998696976131,0.08106912069784514,-0.00111125156506295,0.04317653443424488,0.06176912698312522,0.054544290968716595,0.023350109506024192,0.053901688597658655,0.059542361532937245,-0.011732397873403648,0.09238506151269914,0.11656132140784535,0.012539432713801799,-0.08099922188903783,0.050348969357910216,0.07173858971400576,0.03048955649710729,0.032919583039025105,0.004765873406546589,-0.022820461304797486,0.02585986010652533,0.049480371904118386,0.008539184550580253,0.005662726250404438,0.06986682998661732,0.07735425109191046,0.02590475497452199,-0.0429474996885949,0.04547126976122713,0.002624702802395341,-0.009030880458750603,-0.009237996192760826,-0.0032210326986341063,0.00435534036378857,-0.007811176056089414,-0.0026170507575748523,0.315440364561317,0.1273586026923992,-0.402853785516451,-0.016180688318947877
0.0719146387349805,1.8010034497150476,0.5671897828425443,-0.06473505358443991,-0.09241565790523502,0.3088059782390641,0.01951030498259566,0.20695860839617045,0.142252740458813,0.17590650786898251,0.08644788113297061,0.07985276371453238,0.06875830927818201,0.003128334557017587,0.0818600811798153,0.03547647936624725,0.1218900400028832,0.14507622913335924,-0.04901889297663269,0.2635347395155255,0.1956076184432444,0.08907228683637837,0.10283310145925627,0.032089710493025246,0.1372046500381067,0.18235912101499965,0.14938417704886497,0.07828429428865417,0.280357344453085,-0.10557723068297757,0.026927045884665747,0.0360538806952204,0.10450890280904247,0.18986563462099504,0.14025693538382597,0.059975332018773884,0.18910636909992426,0.13171550327312948,-0.014728399042236695,-0.19807388741164936,0.05514014073594632,0.10767342217305566,0.23770555037790644,0.03672801973810694,0.16951208464413198,0.04069425332860153,0.13405368405298443,0.021859252757023426,-0.03523267957068654,-0.12655180173531116,0.11673842196776996,0.23991213674478526,-0.1256688693956277,-0.04879238767815152,-0.26461144800811665,-0.15012352186904687,-0.4073165869496296,0.29039739178457297,0.4130654141875025,0.05984254709777183
0.1990387033991214,0.5671897828425443,1.7143618114060626,0.00453140239112052,-0.4758510871354465,0.3626053908704462,0.1402666304203342,0.28758231523629185,0.5784518600088265,0.311517093130891,0.16955732451645758,0.1607402417580664,0.10823326970459325,0.12225104945097978,0.33506751414475006,0.13282762489936406,0.28575814891374457,0.061686657640388116,0.3670021750182121,0.28222028573147323,0.20857978360934498,0.3706055032875803,0.15721763528350208,0.23858742599494598,0.22282680378157046,0.2816811744447204,0.15212305627000214,0.15288454999929307,0.5254170334818141,-0.2410722214005552,0.04463141271027429,0.12725048133020478,0.1025913309886561,0.10233504380949826,0.411076231380417,0.2971024074820623,0.4555152715383144,0.16531256857732748,-0.008885111365935833,-0.6200807054761838,0.11449099806860422,0.17553687634362172,0.20225907340291102,0.02662812623490742,0.27211919878251595,0.2820029267097596,0.030270900657797483,-0.14106072734812644,0.033283875467287144,0.017422698421521162,0.005684805332771778,0.21217487401210447,-0.05901171635135871,-0.1605446649919533,0.029174203049484572,0.05145417308915414,-0.26775434480331106,-0.208347180293233,0.16583231351771122,0.007436403415714952
-0.01202024906834167,-0.06473505358443991,0.00453140239112052,1.2860302140893578,0.6498809517877877,0.3346420216904528,0.3392281571681521,0.2312148884216376,0.1902222982650093,0.19793992445590233,0.26121004724358854,0.28125235962266426,0.17538028549666998,0.20578737805991595,0.168466632612724,0.21095859261582717,0.22433387789051712,0.2736131600788315,0.08075858448842106,0.15742878540777863,0.17443287795764492,0.19588006148555948,0.16725195352215363,0.143088041181497,0.19877423734075253,0.2734959278949932,0.1322051007526964,0.15343146364802682,0.16031944465919198,-0.08461429562133331,0.19937526931054902,0.1997307919641916,0.07270855975309043,0.3080356885178605,-0.03457799400855889,0.08371022502257283,-0.026783737591744627,0.1026556343970079,0.16056001377704157,0.054215121971071305,0.08321705000164019,0.1729121482828578,0.17129673670586001,0.10500369591577179,-0.0031466677793757893,-0.006709246487260748,0.14681558134796344,0.030212624377735718,0.0857816965458655,-0.014594346346192373,-0.004703363289659583,0.16685914084371642,-0.07035854125952241,-0.06799100060096437,-0.04820038791520436,0.013905758744871112,-0.28659069112869534,0.1854258558651658,0.036353686010188985,-0.02130130232651491
0.008581280294250813,-0.09241565790523502,-0.4758510871354465,0.6498809517877877,1.8765375613217783,0.35597947225075155,0.27478836969281856,0.27817098522021205,0.17428613210640317,0.299263704001134,0.3172777823377699,0.32530315545355043,0.24318496409760954,0.28176103693165144,0.2399946587812515,0.2633794009376494,0.21601676443488063,0.4172038608693195,0.18302920674011064,0.16026507221491326,0.1981573195853224,0.17840056573629634,0.12170056324738257,0.1558029603437373,0.21868067692683374,0.348009921257263,0.06324071214771501,0.20119334686709422,0.021305113860483255,-0.13116896813891962,0.3764775076929313,0.31560595259937624,-0.005343113699748906,0.481764446412987,-0.14782822971577483,0.09305064808178251,-0.1434205304993607,0.08381616187820433,0.21600819887479064,0.2936109924331962,0.12010496576298729,0.2231638298773403,0.025954163050473888,0.07222258154393629,-0.15704478745391215,-0.03301637128525128,0.22455448239930684,0.06820523877754729,0.21036879640734893,-0.029734979952155016,-0.007599749681039878,0.11247094113558301,-0.059328091079782874,0.001864132649653956,-0.03332412129724104,0.013953801853707221,0.12592847795211526,0.03581237591522013,-0.09277951074281963,0.03293752145944641
0.06152047462337689,0.3088059782390641,0.3626053908704462,0.3346420216904528,0.35597947225075155,0.9763972893935623,0.010296264524386058,0.34180524516021255,0.4071411785038314,0.27138346604884445,0.3129901669648239,0.34676794914418474,0.1833084035631089,0.2925936763735189,0.29870629835917006,0.2543288287961969,0.28368678701560424,0.2601083446320252,0.5917999051564237,0.35284335912510234,0.2590957093268388,0.32896175593585214,0.1504557741134587,0.2745041076326979,0.29677188911572505,0.4058203442816303,0.2165300927668322,0.2843635324001808,0.3916775789718956,-0.23764320906495745,0.30014522893555134,0.3445019108423951,-0.003863230652051113,0.1944489010813091,-0.04887718368148832,0.15475108142024796,0.06514283876735777,0.17551612897707056,0.1225552267683934,0.06501148515342552,0.02686445271802194,0.2301874266176006,0.21555339465307227,0.10549709562928493,0.20408868959597196,0.09651030699904538,0.30973474704980924,-0.047194105423959146,0.14747883949132523,0.10784637518301679,-0.05307660186187255,0.19704902712971686,-0.28850468499401916,-0.015344546224006952,0.015093190396270962,0.06534497438884908,0.04251496855989558,0.02148658748482085,-0.16106775312570754,0.06869162898239874
0.11697631297370914,0.01951030498259566,0.1402666304203342,0.3392281571681521,0.27478836969281856,0.010296264524386058,0.8487003349760274,0.1456590947002664,0.25306245473175865,0.22019568440448067,0.2146050381863811,0.22252867814819863,0.14640761485923956,0.11825822190835139,0.11321626915147658,0.15288559892035175,0.2202714599134168,0.1662734220780618,-0.09425500858503141,0.04840792764250117,0.17218088239933566,0.198036466011336,0.11429315893236493,0.14353434865824408,0.14183699201806085,0.21602271281383684,0.1148419498937689,0.19056132591000105,0.03349440891366329,0.05985442427883776,0.16725683811454162,0.15167299997524603,0.09206565107900212,0.22765869837872135,0.023235190308076244,0.1895585204985047,-0.00546333826604941,0.05973781362794432,0.17435838105806742,-0.03678747468865077,0.10778798625784136,0.15763283148674878,0.05952550064867077,0.038792916582292225,-0.0551045188547473,0.08823442301676358,-0.04812779837928528,-0.022476070298117694,0.06615540359782723,-0.08542185677872804,-0.04949982212011898,0.04944934638277944,0.1540438831298911,-0.06210438849347102,-0.07607910228273328,0.1026680232985578,0.012008026076109513,0.06938999132000559,-0.15494395207431502,0.0418746366535066
0.040620086204352486,0.20695860839617045,0.28758231523629185,0.2312148884216376,0.27817098522021205,0.34180524516021255,0.1456590947002664,0.6960660674296313,0.14819342652153492,0.21272721719429022,0.2491064623905866,0.17849305668967955,0.15267374768073283,0.22723508293587089,0.17677721730543178,0.18103701755939916,0.21987457104728464,0.24938940366027743,0.32963330843418587,0.23732241988733901,0.15892951711946263,0.17265108955753825,0.04250043289259475,0.08039353640504034,0.22797084950405733,0.3181923037355535,0.22080893840933521,0.09791666765012835,0.24095100170748796,-0.032044426121073284,0.18102966386001018,0.24395360976163427,0.15124318030984488,0.22282288205947878,0.09584062118242655,0.11832353120389474,0.15770315985839845,0.14183900133434935,0.18180913587905922,-0.027062200402239226,0.08656935989678163,0.1785887189334774,0.17699279098544868,0.0564716627230144,0.14027616502569967,0.06638246280168376,0.26312761103148335,0.021728232603532016,0.14512650818759706,0.1370179235131464,0.0013032225223758465,0.10301271275076483,-0.16985620776936955,-0.03909595864892771,-0.12393871130411037,-0.15451045385456894,0.12299441587507673,0.17225625705861022,-0.07400726986614711,-0.015573725445717517
0.08301608175016939,0.142252740458813,0.5784518600088265,0.1902222982650093,0.17428613210640317,0.4071411785038314,0.25306245473175865,0.14819342652153492,0.9383673655218729,0.28835814827785494,0.2541137716546704,0.25683637577884827,0.1563173746476571,0.2668383930859318,0.3075119444233425,0.22551682895181724,0.31554272114668114,0.24709380839797215,0.3779804192569967,0.2077887217810389,0.24526013965083765,0.5313124988471318,0.16784163624750298,0.30142675049974726,0.16641360234847669,0.3773134271885772,0.17582929786697438,0.3664670061154296,0.18195561331330137,-0.15658044492025394,0.29373737783689113,0.29651470311679096,0.06733635595020968,0.047521216026368905,0.06982856322735013,0.26944021373943766,0.11410702990043943,0.13891708056195717,0.08028642530119223,-0.045444501815995735,0.148512008423911,0.22414093377324956,0.15534938724619907,0.04077593143171049,0.10241702718681675,0.20291149457624877,0.10206926084184413,-0.14170879253746135,0.16378003101046215,-0.1459065347299673,0.0016217929141283944,0.17198195100524277,0.07301606775920416,-0.06879615133973417,0.18125459666525662,0.3644362459987777,-0.02867275953397585,-0.2204653197898936,-0.3099916340812291,0.12143539338996467
0.10667379805414436,0.17590650786898251,0.311517093130891,0.19793992445590233,0.299263704001134,0.27138346604884445,0.22019568440448067,0.21272721719429022,0.28835814827785494,0.9659411663049094,0.2523872603585137,0.26686159926565756,0.12128946902913283,0.1964676450116214,0.357700840512841,0.18336609704272822,0.27711424893033215,0.32748542285110355,0.3685493799132564,0.0875393130452965,0.13626819241885918,0.21610018667497582,0.12112808073748176,0.14533941344831267,0.20425464295351198,0.2625661564538783,0.1741393805089815,0.2649086495661684,0.20839464886131467,0.01339142554607409,0.23167946457819383,0.2131552563084271,0.12821283739667635,0.31354260691995056,0.1282720886232186,0.20633467175962697,0.1482511722592452,0.08246333705010739,0.12545981924653815,-0.11426417289649356,0.13101844403888746,0.1574613068030799,0.10212067494322086,0.03919079925761576,0.020147601268528516,0.05161009458700973,0.19863845753884973,-0.012369298180393444,0.2007352678284898,0.02178628440410104,-0.005460759383534304,0.013793888016262579,0.01034015957367236,0.036141807276565026,-0.15128914283543546,0.04142240722776715,0.05734786453232846,0.09608525799065516,-0.11802527491700977,0.0487075906183348
0.050759821852467545,0.08644788113297061,0.16955732451645758,0.26121004724358854,0.3172777823377699,0.3129901669648239,0.2146050381863811,0.2491064623905866,0.2541137716546704,0.2523872603585137,0.4622633742049228,0.3282387570937023,0.20787156899409986,0.2060851189983733,0.2962511294781866,0.23171624448666486,0.27223117941356095,0.2346343165181964,0.26988137235842397,0.22545865779878602,0.21842602362019634,0.2352625581468471,0.07235945805290855,0.17818229473937974,0.20610278810598318,0.2834450669319099,0.209753090668315,0.2486455665919228,0.18538033620500644,-0.02571460839859278,0.27062503011326705,0.23502927426191714,0.08711712646967441,0.21290029602886468,0.14920442571732734,0.15597833186569088,0.04782349508154379,0.12335560231491348,0.1713421899556883,0.03395584842991482,0.15265769160292916,0.2105295667355167,0.1390452444468791,0.04293176729384126,0.04974190628186678,0.08206855948408029,0.17064301559814027,-0.0005911968184747691,0.17724513900724018,-0.05922218550223244,-0.008221390996980982,0.09168447960549336,0.026010781218652614,-0.019788778282881173,-0.02420813587634038,0.06299062307529987,0.033105521662118866,0.03625189391300331,-0.15053663525596783,0.06438739656247251
0.06328487854895885,0.07985276371453238,0.1607402417580664,0.28125235962266426,0.32530315545355043,0.34676794914418474,0.22252867814819863,0.17849305668967955,0.25683637577884827,0.26686159926565756,0.3282387570937023,0.6338118857331837,0.17053268925910503,0.25332590803790106,0.2712172579960344,0.29039468200895385,0.24813280553283837,0.25950171958223006,0.3264081731902673,0.1608618239879131,0.217888185006006,0.268129184300232,0.11393446645002618,0.16125022754455653,0.2576604903050452,0.3006475427540328,0.19230442221788518,0.10749452669770555,0.24868438803347084,-0.044713963741653005,0.21273010230265757,0.2827876133498306,0.052766941210444236,0.1873422201509561,0.05752505399765069,0.27992712483527465,-0.04535504955192715,0.1053682068374959,0.1375407551796057,0.04826175722811713,0.11267348039829708,0.20613358509333385,0.12920450912965245,0.051134103388416126,0.06687038688782526,0.10521563913138245,0.1384383855119196,-0.050652449142825955,0.08147343764810634,-0.060703905521704085,0.02502384516465322,0.10001887732432933,-0.09976623818837403,-0.03442780373077729,-0.021138482535025562,0.08791130112294089,-0.009343977935664362,0.04345249677492038,-0.23113084771198272,0.011948260376893192
0.03027269939370257,0.06875830927818201,0.10823326970459325,0.17538028549666998,0.24318496409760954,0.1833084035631089,0.14640761485923956,0.15267374768073283,0.1563173746476571,0.12128946902913283,0.20787156899409986,0.17053268925910503,0.40996504553227997,0.11925224084767463,0.09719868574778807,0.17967439653982423,0.1751762895053733,0.15647851526510356,0.1550356714075819,0.15055462891528512,0.1327577377039886,0.17567484210177228,0.11485425459037307,0.11858798130325421,0.1353010749178239,0.10813105139758158,0.09762195962196137,0.14426805226449915,0.20318967196231533,0.057911425939011066,0.12278734802624663,0.14352879790168635,0.07906199822899268,0.18111379285761153,0.18912322248919566,0.08871655248148101,0.1126230661303233,0.07522117096882232,0.19272359672746306,0.0048904495476868775,0.10347094376725792,0.13316156056457804,0.12948024162916183,0.03960982912326997,0.03377083046431301,0.14020580128696442,0.14288856940798947,-0.009245142995794734,0.07896016605841766,0.024954880874952082,-0.00169252188729652,0.07166541131419094,0.006424193249071004,-0.08972181062705466,-0.010743152735904605,-0.0006283676299173444,-0.007970908389460917,0.017777464433336825,-0.04244305948421514,0.04498695045294207
0.10606843900502812,0.003128334557017587,0.12225104945097978,0.20578737805991595,0.28176103693165144,0.2925936763735189,0.11825822190835139,0.22723508293587089,0.2668383930859318,0.1964676450116214,0.2060851189983733,0.25332590803790106,0.11925224084767463,0.5764454401598386,0.32163544647811554,0.3621619759613533,0.23807797939084582,0.17046453881070345,0.36981736177949365,0.2110881069739594,0.21358799377240859,0.31184245504192387,0.08823023944730704,0.18629562021869525,0.20964484305427575,0.3254010797876934,0.09686199195257665,0.26331178600127797,0.17407406339407255,0.009217571326147882,0.17394654616122238,0.4734601982052459,0.06825086028403937,0.0986566310607424,0.09964265375866409,0.1845438648285146,0.08841991600683347,0.1323601681445411,0.0458958317447793,0.07181012299753158,0.18862946316618942,0.23512749406202924,0.1054137933348743,0.05797963446781659,0.06407215483952906,0.040990152862362975,0.2130207943570271,-0.04294924767905087,0.17866151948572304,-0.014929842932753113,-0.002388516521591844,-0.0773156936088756,0.017657317252517946,0.03526252207105176,0.0622847511580626,0.016817184749860766,0.26308942554857345,-0.03968684610697018,-0.26627212250673504,-0.11943225585996775
0.09223307049739671,0.0818600811798153,0.33506751414475006,0.168466632612724,0.2399946587812515,0.29870629835917006,0.11321626915147658,0.17677721730543178,0.3075119444233425,0.357700840512841,0.2962511294781866,0.2712172579960344,0.09719868574778807,0.32163544647811554,0.9834281782182573,0.2663976392336531,0.27571450364504996,0.09721146184019075,0.4290922238251271,0.28162730324908597,0.23047944908491813,0.2819269007742859,-0.10384903509695884,0.21432892629716246,0.22165603538499568,0.37687176392302785,0.16469265858426096,0.34862843861858417,0.2408253719564191,0.03287431554240032,0.2584742037207884,0.28561704430643703,0.10424200919535054,0.13455977038484476,0.15055360175063562,0.1743567144772731,0.18433564269830127,0.1509676931259955,0.03930106685830168,-0.07205653322233667,0.2381813304569585,0.25706829561749295,0.10214862471210608,0.04227965963288594,0.004190177550344646,0.010042298607654182,0.13621155568839577,-0.0110466932892365,0.2858195852416165,0.017172722218977646,-0.044919876460106596,0.012156950060304029,-0.05228254004396011,0.048113833644930756,0.12327264304278518,0.1526469387155153,0.05638848109867535,-0.11454937215607401,-0.19460586183869472,-0.10035876946215819
0.07145132162366113,0.03547647936624725,0.13282762489936406,0.21095859261582717,0.2633794009376494,0.2543288287961969,0.15288559892035175,0.18103701755939916,0.22551682895181724,0.18336609704272822,0.23171624448666486,0.29039468200895385,0.17967439653982423,0.3621619759613533,0.2663976392336531,0.49299514359407365,0.2525883127832759,0.18004549814231274,0.31870410655160636,0.18676609788479154,0.19444808717543702,0.3413651656924648,0.08422853263461075,0.17202282246780243,0.20354092148430972,0.21007809350796774,0.12703286178459525,0.22030570182646553,0.23449568332012533,0.014217203192530555,0.1813425084441913,0.32679949913335493,0.04737231371245635,0.12629947354295548,0.19168714280042856,0.19359767959438742,0.07624101851224589,0.11772707125281208,0.12350182367756599,0.07979290711399138,0.19864510643973537,0.23207810003869916,0.15265177910890768,0.06175514088561364,0.06854353961722087,0.09442546387831988,0.16912654552530434,-0.05398468588640148,0.1452659896818754,-0.08302534958871703,-0.007254937345986135,0.007994048898146928,0.009513925561675119,-0.029070538359836393,0.03206824163488586,0.029129057850012595,0.07435249485159784,0.008556064831719553,-0.16998446350216376,-0.05096484951740467
0.04807682532197727,0.1218900400028832,0.28575814891374457,0.22433387789051712,0.21601676443488063,0.28368678701560424,0.2202714599134168,0.21987457104728464,0.31554272114668114,0.27711424893033215,0.27223117941356095,0.24813280553283837,0.1751762895053733,0.23807797939084582,0.27571450364504996,0.2525883127832759,0.5561018148790782,0.18012845691898904,0.30671225314967565,0.24884683181891484,0.2583046826714147,0.30800393069866433,0.029975532738227242,0.17474802905723402,0.22839179480746755,0.2416138930861435,0.24011529447975175,0.5271145281989932,0.13180090747488993,-0.045521827838441824,0.25487624981707946,0.2362219284524058,0.1556423868312306,0.2136242851343349,0.1578059802640163,0.17241685412674929,0.14685015430621337,0.15568932168797367,0.19042994187723639,-0.04208366509652632,0.21096033962785976,0.25683162114382935,0.14618267279578492,0.03981201950125648,0.07087768500268644,0.08149362718757168,0.17634556632439366,0.0038361236646258603,0.18125649424984996,0.04615622561974875,-0.03647784264901784,0.14826687260675697,-0.023715838695734806,-0.07384276526483373,-0.060151685723145325,0.026968567390448242,-0.06404967748438531,0.04269375862726987,-0.08363060884659484,0.019066044875049988
0.05725863384673679,0.14507622913335924,0.061686657640388116,0.2736131600788315,0.4172038608693195,0.2601083446320252,0.1662734220780618,0.24938940366027743,0.24709380839797215,0.32748542285110355,0.2346343165181964,0.25950171958223006,0.15647851526510356,0.17046453881070345,0.09721146184019075,0.18004549814231274,0.18012845691898904,1.2551650756598678,0.21795363941729737,-0.152642478595124,0.14159919996638246,0.22608589612076244,0.28012909128005775,0.05290177099767152,0.20221459627179067,0.09966588343257762,0.20235549069902822,0.3237231713977605,0.1759584437872343,-0.195223086701673,0.5905233729755835,0.17908053277357366,0.2174630591219474,0.26754769995718725,0.07593537679885723,0.14719864222667997,-0.018539227311353008,0.010631001515965868,0.20031748044077255,0.1030668664369939,0.050342134994026615,0.045564732079434636,0.24087493270867905,0.0031646549840307885,0.1757529895117006,0.006968717924143681,0.40285221748634825,-0.030261847833625902,0.04658835706387629,0.07201477278342722,0.02133035164138325,0.10952650254173431,-0.045523041888783616,0.0686087013592482,-0.07900913449731047,-0.04978229439793758,0.031172502928679877,0.14273744939811447,-0.04835504417081723,0.0776182964338855
0.06684364532743889,-0.04901889297663269,0.3670021750182121,0.08075858448842106,0.18302920674011064,0.5917999051564237,-0.09425500858503141,0.32963330843418587,0.3779804192569967,0.3685493799132564,0.26988137235842397,0.3264081731902673,0.1550356714075819,0.36981736177949365,0.4290922238251271,0.31870410655160636,0.30671225314967565,0.21795363941729737,1.714572166193647,0.07693074278705744,0.3230785162495968,0.37777892167236415,-0.15578545525611934,0.19474934854676448,0.3258413381188949,0.36424008427545745,0.19926033630303844,0.30016203668786545,0.4530826005244759,0.02603553037584132,0.34069746383881283,0.3678835207069108,0.12990899400321165,-0.0020918700572629748,0.04653323651057911,0.28387308443797155,0.16893246996952588,0.10307554139321373,0.15977423987629147,-0.049413400797815345,0.129812254486561,0.25144960831157953,0.04724403398660606,-0.005125246198986045,0.10067611038636444,0.11368919668401799,0.10433311087351972,-0.0664601773396718,0.254765700438457,0.38291311514542137,-0.03355936574520903,-0.024829601432269737,-0.26481677643589513,-0.06766313949264081,0.003507891865808443,0.08616181974511478,0.16466046255459038,-0.07668927986192134,-0.19087361052803545,0.05456061377407095
0.03324298161569873,0.2635347395155255,0.28222028573147323,0.15742878540777863,0.16026507221491326,0.35284335912510234,0.04840792764250117,0.23732241988733901,0.2077887217810389,0.0875393130452965,0.22545865779878602,0.1608618239879131,0.15055462891528512,0.2110881069739594,0.28162730324908597,0.18676609788479154,0.24884683181891484,-0.152642478595124,0.07693074278705744,1.0031304092786821,0.08901610910504774,0.19755059682120493,0.1867344256452452,0.23798349165793903,0.14533129109494478,0.2442183258781647,0.30712397082440546,0.28804614353204927,0.0893153286147097,0.20227804494658816,0.06735485419111785,0.17211836589314425,0.1480995543927279,0.15702411706763383,0.10057134292946825,0.15538088460439117,0.40226304329430207,0.36372117082016325,0.11615029117632598,0.017460465107312053,0.15450979603692733,0.25645408392960933,0.41672752527688345,0.12835981268086183,0.3258436480097671,0.1354259971780313,0.08561411941689549,0.043900893185937144,0.04345417327070323,-0.17384981151863152,-0.04939821399749696,0.020419557887262702,0.19324221817848158,-0.08576628077700378,0.10491076367845699,0.048785597324977115,-0.02816161266932912,-0.01777628583018823,-0.0646471403221015,-0.015090530386086033
0.0480998696976131,0.1956076184432444,0.20857978360934498,0.17443287795764492,0.1981573195853224,0.2590957093268388,0.17218088239933566,0.15892951711946263,0.24526013965083765,0.13626819241885918,0.21842602362019634,0.217888185006006,0.1327577377039886,0.21358799377240859,0.23047944908491813,0.19444808717543702,0.2583046826714147,0.14159919996638246,0.3230785162495968,0.08901610910504774,0.6921392226390355,0.2136406900852095,0.23321907332384323,0.1446493237055159,0.20481247503296204,0.3922630601545674,0.13412466423637534,0.3212369621962038,0.23048116703628585,0.008629540799692432,0.04101813587221269,0.25867181648739584,0.1310387905403552,0.18503776334780106,0.3026678276546539,0.14517534915429348,0.1520371851725876,0.09723043533201077,0.05411280630240891,-0.02333523955614788,0.29234808619713104,0.3246175252429199,0.14563347980899694,0.03762466988063027,0.002760159621362559,0.05132035734347388,0.19364000724827163,0.05487037723905489,0.2301939203755093,-0.027910391443879502,0.010745931347919832,0.16848573852509854,-0.0728666985623842,-0.027595140531628908,-0.0028134122453932113,0.04113488646129128,-0.0387919456201418,-0.00013662418766974247,0.04794664512703308,0.07562046950115474
0.08106912069784514,0.08907228683637837,0.3706055032875803,0.19588006148555948,0.17840056573629634,0.32896175593585214,0.198036466011336,0.17265108955753825,0.5313124988471318,0.21610018667497582,0.2352625581468471,0.268129184300232,0.17567484210177228,0.31184245504192387,0.2819269007742859,0.3413651656924648,0.30800393069866433,0.22608589612076244,0.37777892167236415,0.19755059682120493,0.2136406900852095,0.7585149521081487,0.14558316710070643,0.2069702376863424,0.19110130524680496,0.26687534592512907,0.21896544938528556,0.2833414460708297,0.22621394550075632,-0.06121745961299034,0.19720242824720086,0.32285351812947405,0.09029950594026248,0.08226940305207538,0.09768295612306642,0.293738905332906,0.06010114102556623,0.1384042180581087,0.09975664555431951,0.005753073590806756,0.18117871261613616,0.2344160541284845,0.16288040150822589,0.061761756942668465,0.013349360318241996,0.2253855475807916,0.13765832621307886,-0.21906141931584952,0.20919457222645763,-0.12961781682697512,-0.009981661961653995,0.07049301624931657,0.008573155211099168,-0.06186417761897387,0.07780037636316155,0.1748305903046038,-0.0008043015953252772,-0.0708942314768047,-0.23345584288838064,0.04318317813912765
-0.00111125156506295,0.10283310145925627,0.15721763528350208,0.16725195352215363,0.12170056324738257,0.1504557741134587,0.11429315893236493,0.04250043289259475,0.16784163624750298,0.12112808073748176,0.07235945805290855,0.11393446645002618,0.11485425459037307,0.08823023944730704,-0.10384903509695884,0.08422853263461075,0.029975532738227242,0.28012909128005775,-0.15578545525611934,0.1867344256452452,0.23321907332384323,0.14558316710070643,2.8461181521003933,0.5968655778478477,0.20152689105868818,-0.05031460094970336,0.09402261696500576,0.08437579335414949,0.5529813284567845,0.2849054269685573,-1.054202761739038,0.007619086843661096,0.29294687193513247,0.509482353743159,0.45594737877891983,0.07709230077436563,0.534469906771002,-0.0036693901641160253,0.12364547968462546,-0.1946916946405768,0.11151730868197283,0.11680544669487952,0.41261243751155074,0.08874696222186013,-0.1897691536430802,0.35126781955904335,0.3795355261595142,-0.005498942696123355,0.07224106874079232,0.17739599139451317,-0.011509235262896413,0.15151726974212576,0.24188094208253128,-0.09985411296332199,0.03853046565423294,0.0650451301332855,-0.2111704240491337,-0.03702488054121551,0.22637448426358853,0.012654223733219507
0.04317653443424488,0.032089710493025246,0.23858742599494598,0.143088041181497,0.1558029603437373,0.2745041076326979,0.14353434865824408,0.08039353640504034,0.30142675049974726,0.14533941344831267,0.17818229473937974,0.16125022754455653,0.11858798130325421,0.18629562021869525,0.21432892629716246,0.17202282246780243,0.17474802905723402,0.05290177099767152,0.19474934854676448,0.23798349165793903,0.1446493237055159,0.2069702376863424,0.5968655778478477,1.319073861462975,0.28531664312751664,0.07783489255465967,0.07496829762033697,0.3332882251748319,0.10493695215695256,-0.018469139061832143,0.5829161410456941,0.19460815328605116,0.09036078492259134,-0.0053756048334295285,-0.12848507696988157,0.18087645875087427,-0.07765670835431972,0.09202859448254759,0.13962580559055204,0.08985307458963011,0.06255984116142581,0.14548968390008496,0.015683178208394915,0.04155389758450784,-0.04198476284327218,0.141140824658665,0.10332636187107429,-0.015057760083814403,0.17949494341543504,-0.04059205131333408,-0.03909650628068703,0.19256720397059704,0.032031519545877477,-0.09696150342515546,0.2807469144517186,0.1753064771856997,0.13283722819053967,-0.41899022643189454,-0.056583425247786284,0.05484988507174036
0.06176912698312522,0.1372046500381067,0.22282680378157046,0.19877423734075253,0.21868067692683374,0.29677188911572505,0.14183699201806085,0.22797084950405733,0.16641360234847669,0.20425464295351198,0.20610278810598318,0.2576604903050452,0.1353010749178239,0.20964484305427575,0.22165603538499568,0.20354092148430972,0.22839179480746755,0.20221459627179067,0.3258413381188949,0.14533129109494478,0.20481247503296204,0.19110130524680496,0.20152689105868818,0.28531664312751664,1.1870950131301397,0.2034865879933491,0.29298098297174235,0.1613422163348475,0.5062293433132551,-0.004755427863429658,0.2835356282871213,0.201152963028534,0.12742914636833833,0.2772476068157987,0.2208539543953377,0.22201914843220677,0.1560714193076026,0.09219696844669456,0.14152419544069272,-0.031081070909640376,0.21768576968812953,0.18210391967949485,0.19611759602559337,0.04815070427643093,0.0735474289453561,0.12200812074968766,0.18760830391359137,-0.02644496127175639,0.0032926236142328084,-0.17744547893706708,0.09580233240951597,0.12325438102569054,-0.011462269752840133,-0.07125889874229785,-0.03013447700535669,-0.02811271769179234,-0.029055099391752284,0.027612960419545335,0.005440782062247684,-0.03745287528939095
0.054544290968716595,0.18235912101499965,0.2816811744447204,0.2734959278949932,0.348009921257263,0.4058203442816303,0.21602271281383684,0.3181923037355535,0.3773134271885772,0.2625661564538783,0.2834450669319099,0.3006475427540328,0.10813105139758158,0.3254010797876934,0.37687176392302785,0.21007809350796774,0.2416138930861435,0.09966588343257762,0.36424008427545745,0.2442183258781647,0.3922630601545674,0.26687534592512907,-0.05031460094970336,0.07783489255465967,0.2034865879933491,1.7728767876762765,-0.03444318805922436,0.28839455374792206,0.12323579120264089,-0.06278547947007392,0.11914842176636531,0.42869754720724706,0.1699572668508071,0.17161807384895905,-0.07604095571751814,0.21946343322939832,0.2048471304416557,0.17400511592322773,-0.4383172300316392,-0.07482193268728757,0.24538749240134344,0.36912811603503315,0.14876833771714257,-0.03310629144474009,-0.049111811780077806,0.019894775390616872,0.1258273009943384,0.07331426432971774,0.512972221737426,-0.2841669638998983,0.08076783589513889,0.2959209955018211,-0.14951960134770298,-0.0034883360035884055,-0.015029165230986387,0.10311612976738739,-0.021456350923972287,0.07343641631615958,-0.0643683944760033,0.128695557252726
0.023350109506024192,0.14938417704886497,0.15212305627000214,0.1322051007526964,0.06324071214771501,0.2165300927668322,0.1148419498937689,0.22080893840933521,0.17582929786697438,0.1741393805089815,0.209753090668315,0.19230442221788518,0.09762195962196137,0.09686199195257665,0.16469265858426096,0.12703286178459525,0.24011529447975175,0.20235549069902822,0.19926033630303844,0.30712397082440546,0.13412466423637534,0.21896544938528556,0.09402261696500576,0.07496829762033697,0.29298098297174235,-0.03444318805922436,1.9232669244400087,0.5245260399025119,0.0016048630302693287,-0.009377256688332832,0.22507417673705601,0.10787335837559503,0.6232889123595202,0.04582989968228472,0.555343718005845,0.3185304496730507,0.31625757084004286,0.15202516936656785,0.1607844209626502,0.00404135161664294,0.305763156188143,0.20555183343536465,0.5057245019018404,0.13288033549435266,-0.12143403595147208,-0.003724530042434076,0.10252661993595233,0.15578422775103232,0.6676897859288983,-0.1194432299466227,-0.04723448466340444,0.10620088590764529,0.14943794596042712,-0.0011423126260114154,0.05284980096939698,-0.05632769914392885,-0.04305427905409217,0.06286580340818641,0.15010756765707253,0.08569520868386125
0.053901688597658655,0.07828429428865417,0.15288454999929307,0.15343146364802682,0.20119334686709422,0.2843635324001808,0.19056132591000105,0.09791666765012835,0.3664670061154296,0.2649086495661684,0.2486455665919228,0.10749452669770555,0.14426805226449915,0.26331178600127797,0.34862843861858417,0.22030570182646553,0.5271145281989932,0.3237231713977605,0.30016203668786545,0.28804614353204927,0.3212369621962038,0.2833414460708297,0.08437579335414949,0.3332882251748319,0.1613422163348475,0.28839455374792206,0.5245260399025119,2.0514830407298765,-0.2848807354827688,-0.13499369264172678,0.4550613853913645,0.3145169256568076,0.42600421557234397,0.188677809807628,0.07019013411074844,0.1097769892221046,0.1395261186383455,0.16934040046498075,0.14080110347679303,0.1831556404232323,0.4327129924882733,0.23680867831579677,0.17382146680284102,0.02454360424272228,-0.32367167225650906,0.013626989779325012,0.13385209475725904,0.14183822994587686,0.45574456887761744,-0.1537861978585499,-0.11524509243442665,0.45002480169007,0.007872581447684709,-0.018767276878322657,0.27173536070284016,0.12327133414589818,0.2536658911000179,-0.2499031228348482,0.2065087571839532,0.189531655351955
0.059542361532937245,0.280357344453085,0.5254170334818141,0.16031944465919198,0.021305113860483255,0.3916775789718956,0.03349440891366329,0.24095100170748796,0.18195561331330137,0.20839464886131467,0.18538033620500644,0.24868438803347084,0.20318967196231533,0.17407406339407255,0.2408253719564191,0.23449568332012533,0.13180090747488993,0.1759584437872343,0.4530826005244759,0.0893153286147097,0.23048116703628585,0.22621394550075632,0.5529813284567845,0.10493695215695256,0.5062293433132551,0.12323579120264089,0.0016048630302693287,-0.2848807354827688,2.880420691050849,0.2692924867304739,-0.369906137793799,0.12890433474355933,0.07269353018296014,0.20972281113116106,0.4476716125155793,0.31603891653230554,0.8407950832482812,-0.08778167004804113,0.24854881717419225,-0.1400989455327429,0.4951665372907004,0.17287682863577686,0.33989448943376094,-0.153831370506803,0.42202365714888,0.6196139264350449,0.357120136999083,-0.27590145591541554,0.14141367338882124,0.2919183914529796,0.0785417171221777,-0.012899327658787796,-0.1739654022139814,-0.15260650065072667,-0.1618719871189359,-0.14150099696125396,-0.37720685081975736,0.1843113100253423,0.2834088244780005,-0.13406453649648475
-0.011732397873403648,-0.10557723068297757,-0.2410722214005552,-0.08461429562133331,-0.13116896813891962,-0.23764320906495745,0.05985442427883776,-0.032044426121073284,-0.15658044492025394,0.01339142554607409,-0.02571460839859278,-0.044713963741653005,0.057911425939011066,0.009217571326147882,0.03287431554240032,0.014217203192530555,-0.045521827838441824,-0.195223086701673,0.02603553037584132,0.20227804494658816,0.008629540799692432,-0.06121745961299034,0.2849054269685573,-0.018469139061832143,-0.004755427863429658,-0.06278547947007392,-0.009377256688332832,-0.13499369264172678,0.2692924867304739,3.213866832508752,-0.42697539041867033,-0.027281713439687497,0.9443128011264473,0.13939452955375647,0.4114120316939982,-0.032375348885439345,1.487330088557759,0.20876892977418382,0.45094730832537544,-0.7134097334515332,0.06131646031692485,0.10277624298304529,0.3900211353567023,0.02611866354959368,0.17901974347284536,0.27989704627920625,1.077522230319847,0.01609750372024315,0.07113827011061023,0.15253319388171163,-0.040298618105491235,-0.5306544688354747,0.252248513867232,-0.07211627983513737,-0.053747769159748056,-0.13769040834683488,0.028282191428074067,0.09910301175949067,-0.010907275161725998,-0.040056104347077605
0.09238506151269914,0.026927045884665747,0.04463141271027429,0.19937526931054902,0.3764775076929313,0.30014522893555134,0.16725683811454162,0.18102966386001018,0.29373737783689113,0.23167946457819383,0.27062503011326705,0.21273010230265757,0.12278734802624663,0.17394654616122238,0.2584742037207884,0.1813425084441913,0.25487624981707946,0.5905233729755835,0.34069746383881283,0.06735485419111785,0.04101813587221269,0.19720242824720086,-1.054202761739038,0.5829161410456941,0.2835356282871213,0.11914842176636531,0.22507417673705601,0.4550613853913645,-0.369906137793799,-0.42697539041867033,3.292334468661157,0.28152837711271905,-0.010856256998152288,-0.2506791379403635,-0.5762822855546309,0.301305257566412,-0.8985943563494815,0.1643300437816167,0.3036945349361957,0.4914632045889692,0.025425602143620555,0.07520034038861463,-0.17392044208832727,0.02967704393042403,0.25248680093188236,-0.105684009820205,0.07119708266167571,-0.03191795918523001,-0.15075900084555696,-0.2926970204773148,-0.033352817631859794,0.2313206456140848,-0.06159115047554629,0.04134737683597765,0.1268054415098862,0.12439569690024455,0.33889727906054923,-0.18960072696876498,-0.36360925054695964,0.21292532153043642
0.11656132140784535,0.0360538806952204,0.12725048133020478,0.1997307919641916,0.31560595259937624,0.3445019108423951,0.15167299997524603,0.24395360976163427,0.29651470311679096,0.2131552563084271,0.23502927426191714,0.2827876133498306,0.14352879790168635,0.4734601982052459,0.28561704430643703,0.32679949913335493,0.2362219284524058,0.17908053277357366,0.3678835207069108,0.17211836589314425,0.25867181648739584,0.32285351812947405,0.007619086843661096,0.19460815328605116,0.201152963028534,0.42869754720724706,0.10787335837559503,0.3145169256568076,0.12890433474355933,-0.027281713439687497,0.28152837711271905,0.7436167681115294,0.04305938120672067,0.07349184798376597,0.062377534852040666,0.23194445436228953,-0.02208509645342707,0.12646077123517063,-0.00020466328765232324,0.10385695448884155,0.17086150772103065,0.2611591430244582,0.04866918396484017,0.04220968725232698,0.05540227928229522,0.0757744395327642,0.19524741724843792,-0.06930042469719665,0.2151994099928087,-0.0030773501674751977,0.00896493756556709,0.2254165547106391,-0.3747757639636862,0.1315902166105644,-0.0020631892201039416,0.05698547940513555,0.43248817258585986,-0.08149936889936689,-0.29127012357588294,0.1649326824062775
0.012539432713801799,0.10450890280904247,0.1025913309886561,0.07270855975309043,-0.005343113699748906,-0.003863230652051113,0.09206565107900212,0.15124318030984488,0.06733635595020968,0.12821283739667635,0.08711712646967441,0.052766941210444236,0.07906199822899268,0.06825086028403937,0.10424200919535054,0.04737231371245635,0.1556423868312306,0.2174630591219474,0.12990899400321165,0.1480995543927279,0.1310387905403552,0.09029950594026248,0.29294687193513247,0.09036078492259134,0.12742914636833833,0.1699572668508071,0.6232889123595202,0.42600421557234397,0.07269353018296014,0.9443128011264473,-0.010856256998152288,0.04305938120672067,1.5844285762371513,-0.05962334665341817,0.17118158513165388,-0.16808420943996863,1.2211506639867418,0.19441632988682106,0.2634618014163298,-0.5278822298616953,-0.17325726502295405,0.22419214655330444,0.4233398018307761,0.034759433093,-0.061533178292361906,-0.12132573394572978,0.5668645500269965,0.2851205102961249,0.5205406553779821,0.4718789556845742,-0.02753511029135117,0.08220484514776531,-0.20608096818989097,-0.21886919929456913,0.08417463775845649,-0.21386160621375197,-0.13489942235027075,0.054278411465030034,0.34003473196839934,-0.13645663142730308
