0.945220204635769,0.5537375739462147,0.1006032632209201,-0.13024675818973602,0.28763384283758237,0.08068408043918804,0.1880813761366956,0.21167992485095868,0.08943146126397503,0.08728107104877034,0.11233335745940186,0.16314441056588158,0.08470474563566485,0.15775834977741773,0.18449733794073137,0.12481491083642415,0.08620794838614322,0.1568726739896998,0.15168567445350697,0.04799604403316297,0.11378412470508126,0.09897771228290381,0.08667200197712537,-0.029055542517930147,0.11736927527041792,0.01999016255260211,0.12929774230322685,-0.125038981057655,0.19949327513605603,0.15408903659294412,0.11111201337988254,0.12194694221022777,0.11441637571323124,-0.18810361260365918,0.17479431288117134,0.07825648372223687,0.16522479430578144,0.057400752837618745,0.08138696983559464,0.05497340000869111,0.16221452368029196,0.10711596431739066,0.11283754085717809,0.08813700533416646,0.06573283546368824,0.21611633350493,0.1311187425657752,0.11062777337899243,0.1013169462440875,0.11927832164024779,-0.03195737515003078,-0.03908911422535882,-0.09011665491407914,0.04983225260101197,0.05584952501998808,-0.01921867266149921,-0.021702108679510383,0.03649607836145847,-0.11135416769477868
0.5537375739462147,5.4313184276311075,0.2596587663657259,0.040941881390385786,0.49886749029438643,-0.22050887765305183,0.20699307964139502,0.12147630158223197,0.21313566325997868,0.018445276283599835,0.15801422624751263,0.2756941672595506,0.13749238299600747,0.19238059989844175,0.6011211425726273,0.19245977823563043,0.13731975599637136,0.48462632068626715,0.20715638841282363,0.010991472261589828,0.1382477848505314,0.002637080908265164,-0.4038163652472652,-0.11538970235019476,0.15617627721521796,-0.25335530699787334,0.36286404024873525,0.593291006034612,-0.03154903822732033,0.23596983145129108,0.20909854107573808,0.11540030006159081,0.4057608858431345,0.1178152328107399,0.06834621680549209,0.3565897509718166,0.44415554039864996,0.06299639168602483,-0.008862988102519002,-0.02248339577763118,0.28958075630165253,0.13065422391773063,0.1357786186699058,0.526544474690126,-0.5055656239601779,0.3699763405217945,0.09038695821993879,0.4490491511887162,0.08655090374645569,-0.3458314856190138,0.09448883770398496,0.049786367754145924,0.10143158025139207,-0.004841530367707922,-1.1769051581197936,-0.003631175964994272,-0.24229591055169167,0.6285213347455865,0.5689351664176702
0.1006032632209201,0.2596587663657259,1.8481877919075769,0.5143143525426264,-0.17673983454910042,0.2964393593057134,0.21357987908355675,0.18597959020756713,0.27434941741371116,0.3577791242415619,0.23793635489139528,0.22374154705871382,0.138414020983627,0.18656503524640503,0.25914068690689646,0.1432933307127567,0.3147748419166694,0.238966828648303,0.1483127737505799,0.237710142405376,0.25263385493725016,0.26770668583985696,0.1537734163414077,0.1814282784697797,0.29740328743703465,0.10472525074551228,0.1601241945530495,0.4573489359387005,0.25000010808520334,-0.2994131861692724,0.29966600329213255,0.2015809218404536,0.19356260788282276,0.5072803194114229,0.08216109903712543,0.46797411145051737,0.1605788642598895,0.21374466576303128,0.15452243077606156,-0.4078681150587776,0.48493574247473825,0.2371142847834148,0.23822984805118547,0.6895078259019942,0.05373435786577507,0.7449137896254531,0.09027066178678207,0.14583532845902383,-0.7411251502576284,-0.16300508055403218,0.18011396879644784,0.11192453522300792,0.04946015740545862,-0.12963952471834475,0.08093712638831639,-0.03865794527768862,0.04912138480268465,-0.15509358718965266,-0.018324336295705044
-0.13024675818973602,0.040941881390385786,0.5143143525426264,2.391794807957618,0.08005049975614364,0.47113466706505674,0.4702352848947266,0.1808350589271748,0.19925430430391775,0.41694529431810684,0.3042248994901838,0.5433085453696828,0.1526200634513896,0.4287938888786778,0.2744046651546855,0.37956899935602345,0.2612236616744915,0.32674103929988446,0.23448276459472878,0.26453165593104955,0.32833035352387513,0.3163510566290747,0.2157525297583556,0.28042185487064486,0.35864907812403185,0.312197581539439,0.27966349688508135,0.4873935193173285,0.12275429609456283,0.17707931811769215,0.3218200935193978,0.3818832045800046,0.34629874507531866,0.6908850012426815,-0.0029523227480787837,0.4071423141896474,0.26231886597456366,0.1788007268429396,0.36841707816126973,-0.08280070976546237,0.34582172773280234,0.317252290625809,0.41867671989630434,0.7373009519620152,-0.3700026708351556,0.4843318543721507,0.29248627993831067,0.3705578490145937,0.42616570609044124,0.060559701293566234,-0.11230118682085298,0.05678596182681844,0.037332921964199926,-0.22261076046806516,-0.3216603403416263,0.023067570838117436,0.1053016764899624,0.3162977613480441,-0.23059051982004136
0.28763384283758237,0.49886749029438643,-0.17673983454910042,0.08005049975614364,1.2870771615247774,-0.09385232371524885,0.1409796637599102,0.3603985942206199,0.10871538509469149,0.07121290354894594,0.11385267867282423,0.166929943326572,0.12755414900087497,0.1478809521704286,0.22632130706133102,0.22355305789423338,0.13477994666709103,0.17124569149188604,0.4245721871629987,0.14643770868703157,0.1380029755995139,0.15881450170589032,0.2723106623505371,0.1480103301749467,0.09163503355096854,0.10603117054442916,0.13266851462454027,-0.007615176544840081,0.0896766595690351,0.28589280360003966,0.16407682181561548,0.11206795300407174,0.23286599110207815,0.1514645910035954,-0.00550933883709397,0.19568572724574287,0.3143962638478664,0.1047631108624857,0.21980317266827468,0.09477992839954613,0.13194195446771564,0.14585765199720127,0.09998737369551847,0.08829880328552073,-0.26794686213737007,0.1766242385281079,0.1783710101108744,0.21319757002009898,0.5120010762788169,0.44552639191185506,-0.24185737745919775,-0.15667149314717604,-0.03462542618500815,-0.03262139269468757,-0.1611508715381164,-0.00824245459626087,-0.2001205080110409,0.13254768474347714,0.19958669887700436
0.08068408043918804,-0.22050887765305183,0.2964393593057134,0.47113466706505674,-0.09385232371524885,1.1327736166678812,0.30573635319817355,-0.00478610422119384,0.1924215588987178,0.26776832472725914,0.2052366992309398,0.2530763813385256,0.09347737747719399,0.23686195320528236,0.1643350278065747,0.2489524927952151,0.1338806468264781,0.1502460490124257,0.3431749658170668,0.2678626679577429,0.18523514569958724,0.2503514573639043,0.08943660094999435,0.176883409201183,0.2637449307626323,0.3089263309300965,0.19776451809651208,0.2501760899715086,0.35399404917372546,-0.0524652385055025,0.1706146093734816,0.2294319159233971,-0.09152729225707941,0.42717513430310367,0.20707991854328023,0.16442785737247365,0.02094194659420788,0.17363981181925742,0.28179249694508424,0.07265994360938195,0.08424939539868957,0.17159984913852766,0.273106937041411,0.23536945745545734,-0.016693661631714388,0.17128719289847516,0.1631974764544571,0.1015111281297166,0.3392187926776254,0.2318183500802107,-0.33106956231349527,-0.22451018414455967,0.007852934233259045,0.06747949743290901,0.00033002652340548933,0.06413760307835165,0.01929107008117299,0.13500455833099667,-0.25212824552061247
0.1880813761366956,0.20699307964139502,0.21357987908355675,0.4702352848947266,0.1409796637599102,0.30573635319817355,0.48907473785131633,0.048368497243377745,0.21079809885567455,0.1785871751922258,0.17595525674395812,0.36123854613680584,0.10201535535824811,0.13932920740026206,0.13470494204402492,0.18331370470781103,0.14282211635663786,0.1674236648744251,0.16941188283618855,0.10818966540985471,0.13266769991432242,0.17754806084932875,0.1393610769756204,0.1285144283768837,0.20668512539139236,0.11448846576065082,0.16908698083670876,0.1075852812205067,0.16214799098239785,0.08504306653887449,0.1706924778865379,0.14880246689185003,0.11107416817433242,0.26427892152296756,0.11456681590244815,0.21658254881048533,0.12698184044582195,0.08727141197573982,0.14046518356996127,0.011031864511903971,0.10574289679214888,0.13043949205694533,0.13902693613775494,0.2071301669538605,-0.08163356353231975,0.21791397484826577,0.11593108306562992,0.1079631383396155,0.16411996243022622,0.019294672846881092,-0.11183391742067247,-0.028537315288332258,0.016784373616949493,-0.046709572798189485,-0.056655269926962515,0.0801917781525005,-0.014289694031978202,0.07025984663305271,-0.14092844282015304
0.21167992485095868,0.12147630158223197,0.18597959020756713,0.1808350589271748,0.3603985942206199,-0.00478610422119384,0.048368497243377745,1.049712937443789,-0.003249414760627469,0.1188319400990294,0.19649955429171184,0.047837740005933445,0.16235015217270282,0.23942062364934813,0.10301014584777174,0.16151792749251084,0.2171689510203746,0.2555821639092869,0.18511158759364607,0.2603491661189122,0.2619220765705671,0.21230815279038043,0.17717391123140702,0.15848779155936582,0.22627960270872005,0.2564955528213275,0.1646313082449288,-0.04691837654992894,0.18853992547290135,0.31127560523830156,0.20837884927496197,0.21881842188116057,0.25791506940319886,0.312531798812882,0.26372433780527244,0.19122755069157263,0.30257356959606213,0.14349995197209614,0.39946776050466604,0.11566505860217811,0.3381674680986573,0.24353525460699457,0.33418590689026295,0.3579532969118749,0.09865663680335622,0.39397018975824916,0.3558445518881084,0.29386068191648224,0.3655724178847693,0.1271817964235244,0.026595688098241976,-0.02135433340455893,-0.06670726063189039,-0.033322438314364,-0.13361678061580423,-0.17226829646031636,0.06703692427666794,0.29588864654713853,-0.0908499606871453
0.08943146126397503,0.21313566325997868,0.27434941741371116,0.19925430430391775,0.10871538509469149,0.1924215588987178,0.21079809885567455,-0.003249414760627469,0.5794569193402247,0.10787031350922464,0.1795479095331218,0.13503913002943724,0.1062460154577865,0.11742405493389718,0.13446796396162888,0.10739745140569788,0.19525814670589334,0.14821674696713968,0.14940219955866846,0.10867783274474073,0.11476982500414665,0.13514495720007766,0.14566530944099199,0.1432115333196908,0.11356162355328146,0.07888571508622812,0.11449978123828797,0.25727280839937977,0.12425012188572945,0.03299795808260119,0.13864690616685102,0.10096600199115977,0.09903250486213475,0.1869664134054391,0.03220444746635142,0.21273665250338963,0.09267935714679137,0.07275727069402611,0.06742339322005475,-0.003534829701008609,0.15859110988937428,0.11129958162627665,0.0762596369363222,0.10869764519114912,0.06911552657806752,0.21072142411858444,0.08957305947483657,0.0522646842818476,-0.07302147752457608,-0.13858460342969586,0.07597409638352917,-0.028543360419768484,0.16987460992957998,-0.025467463269615586,-0.010008021807695073,0.12803268208943025,-0.020296129834856128,-0.04326663567404633,-0.08983440662101934
0.08728107104877034,0.018445276283599835,0.3577791242415619,0.41694529431810684,0.07121290354894594,0.26776832472725914,0.1785871751922258,0.1188319400990294,0.10787031350922464,0.6644733296595107,0.174809045630396,0.17995469666855127,0.11526802925581851,0.18265642958605305,0.19748298607452744,0.17609640332122078,0.21220245326110213,0.1983869955450316,0.12691524273503038,0.23616106471058537,0.15928878288908277,0.14972010386425438,0.15472055942458343,0.16153433192407055,0.18933055954924374,0.12714635312491346,0.17860595133591564,0.30350797709450145,0.1394133246142362,0.08283086790352158,0.19429945581949462,0.15590069943180668,0.059729280894583806,0.3835310621356091,0.15916043040176703,0.25468810836090533,0.11238983341414352,0.1409722313120924,0.19329760371771101,0.003014162607423545,0.2871197242114866,0.1490507801468491,0.16522775714282448,0.25154732849281597,0.06425219635085357,0.2681938215580154,0.1799475902967512,0.1673623597518283,0.05711603384508012,-0.021823102726361635,-0.05300328285690294,-0.07892561609574285,0.12567349019435825,0.038900747915587536,0.07513211542021057,0.07605448283484463,0.006658597710617013,-0.16250763785924677,0.02391177557373186
0.11233335745940186,0.15801422624751263,0.23793635489139528,0.3042248994901838,0.11385267867282423,0.2052366992309398,0.17595525674395812,0.19649955429171184,0.1795479095331218,0.174809045630396,0.4117411112224359,0.22005896978316444,0.1376818846499457,0.17170610827565008,0.2097795515975337,0.16797779776937805,0.3163893160555422,0.17601800670618378,0.14573325871871237,0.2308282780767434,0.1602171750991046,0.12963612398498067,0.20778439933185486,0.1744533815243842,0.1818233760254846,0.14959858386406236,0.16706178490955342,0.24170531989265678,0.1735858249676068,0.09213313395165126,0.19135511484082854,0.14972482322978234,0.15309591595457922,0.24053820259099087,0.1563796057131096,0.24246636270598365,0.21091999840669118,0.1340206570976271,0.16099004178719842,0.07534561760942232,0.19205716686188104,0.16134279005815874,0.16695203538786751,0.1381145422696571,0.058781880625270594,0.2962330626278422,0.17184256230042055,0.1866392595117743,0.07559695888751121,-0.011511454128655436,-0.011635598086192486,0.003066924836774787,0.11127238894322727,-0.018198165967571785,-0.06813003220400482,0.013809419686030411,-0.014193882660661607,0.07422121946676533,-0.08085449826289454
0.16314441056588158,0.2756941672595506,0.22374154705871382,0.5433085453696828,0.166929943326572,0.2530763813385256,0.36123854613680584,0.047837740005933445,0.13503913002943724,0.17995469666855127,0.22005896978316444,0.8691682724512119,0.10129911029269091,0.2017786801126317,0.21845521384525451,0.25051624189193283,0.21509227731709762,0.14269554153465858,0.19582515992285626,0.13217249932073954,0.14000972424188032,0.10516937883258688,0.16121064656994546,0.15046153947708577,0.29820980719835605,0.13892988972576772,0.2574523248019334,-0.0470369226646413,0.17954834309519704,0.08660967432701396,0.23239929876897172,0.2123545311903687,0.19868738744690817,0.23856955191747803,0.22742382998746566,0.26668363122076066,0.2502911465015507,0.11145913931474778,0.030093767453884437,0.052992141846032896,0.02293345698001035,0.1465166641434177,0.20635279248427071,0.15246393085381507,-0.13508750442744621,0.30850114790054134,0.1289529773007907,0.23698950225006396,0.22450201008575826,-0.07699214176586183,-0.09212038815105364,0.1425841662366564,0.0003912905965858016,-0.08565984659208326,-0.10684279326791703,0.08851995592033393,-0.033574008334220036,0.14871791119797792,-0.22642178625463627
0.08470474563566485,0.13749238299600747,0.138414020983627,0.1526200634513896,0.12755414900087497,0.09347737747719399,0.10201535535824811,0.16235015217270282,0.1062460154577865,0.11526802925581851,0.1376818846499457,0.10129911029269091,0.24257626685588535,0.10747714702340518,0.05328877072234853,0.11740455084606262,0.1485718793241294,0.11727988431022708,0.1085629236605196,0.08845393375580175,0.10616807152100845,0.1590331154299046,0.1276248980484962,0.09539737910104236,0.11217298073235983,0.0809063897070757,0.0949889157256827,0.1050235621918889,0.12347470494280942,0.07553365591956422,0.1062995351464797,0.10510830111970958,0.1207466383090091,0.1629973035286239,0.12178427919952917,0.11295994297304142,0.1216503361757898,0.058371954979902774,0.16663981920863588,0.024565592909627544,0.14391581841367057,0.10471464466426166,0.11477488530750034,0.17604097742762512,-0.015388578098078854,0.1553590364543916,0.11498511334485077,0.06153708826167748,0.11310347696675238,0.01709068942504666,-0.023812134428231928,0.02303433962045809,0.018372178784317697,-0.030504979362049125,-0.027476993596186994,-0.025676902776902207,-0.04925031329768667,-0.024927941334601515,0.10250777068858312
0.15775834977741773,0.19238059989844175,0.18656503524640503,0.4287938888786778,0.1478809521704286,0.23686195320528236,0.13932920740026206,0.23942062364934813,0.11742405493389718,0.18265642958605305,0.17170610827565008,0.2017786801126317,0.10747714702340518,0.42868240776657685,0.24522695018225965,0.24705299258625274,0.16448073193438306,0.1958088274088161,0.1703726490316749,0.18894596648503556,0.20115127333678365,0.18285855165411868,0.1535624330770819,0.15401721448663636,0.20075101110533305,0.20403539915812993,0.18674088487795903,0.22835426643040527,0.18452097606424936,0.1589081531516235,0.18332890668441476,0.2897614600061829,0.19152330172340612,0.2293188956906668,0.13108933541963702,0.21483157682690068,0.18674263048935136,0.11375462349098664,0.18635811542768435,0.06359123485806051,0.24552588399281308,0.19815224361866787,0.25539170513293125,0.23904701445064763,-0.041344294017488264,0.30279415289685896,0.21948776134840392,0.21400120231486874,0.3044612099662297,0.08356706132004414,-0.0407061170583027,-0.03242320374994019,-0.011546028112523869,-0.020591510983359124,-0.1422987897065521,-0.006553363336452954,0.020783686352666846,0.19395558210506433,-0.14600844410320196
0.18449733794073137,0.6011211425726273,0.25914068690689646,0.2744046651546855,0.22632130706133102,0.1643350278065747,0.13470494204402492,0.10301014584777174,0.13446796396162888,0.19748298607452744,0.2097795515975337,0.21845521384525451,0.05328877072234853,0.24522695018225965,0.8882121837382876,0.13601355441683613,0.11037751773332984,0.27918999389616417,0.20872270462137066,0.1637936869843302,0.21263260562608938,0.08066060554187587,0.25258559254787066,0.1855519044928401,0.2441300511235225,0.11749048484550836,0.17757904023113402,0.42488186041048753,0.21504249651003388,0.09918826695915986,0.20192909399210307,0.16446192392375403,0.2464258569887826,0.24801800945422162,0.07599362008165271,0.2529099001473447,0.2254062870383083,0.05512025348572578,0.17940556956191486,-0.0024657929406987425,0.28991450703220834,0.20456570553203854,0.1947545531719683,0.22384784466619406,-0.11981565283335256,0.31698449556996366,0.17957727008999622,0.3012051070319235,0.21669372455598754,0.06939942273530839,-0.007127955512570904,0.08735898134120897,-0.06347218475798036,-0.08585431978622146,-0.13667027236662113,0.11088491322017141,-0.1240045498191271,0.12379152095428417,-0.05044505695775863
0.12481491083642415,0.19245977823563043,0.1432933307127567,0.37956899935602345,0.22355305789423338,0.2489524927952151,0.18331370470781103,0.16151792749251084,0.10739745140569788,0.17609640332122078,0.16797779776937805,0.25051624189193283,0.11740455084606262,0.24705299258625274,0.13601355441683613,0.6995243840582324,0.2490916218550596,0.15196103924560245,0.2071662263035259,0.21563298010008933,0.2515947497824319,0.17833151924543095,0.05462726000275067,0.2055844496356213,0.2597472755943524,0.21805591945154326,0.24939622245682472,0.2672417988830537,0.2596720296073932,0.21075777728993536,0.2138378287809135,0.22043647072676456,0.16617192792410468,0.25577471936194013,0.32639568245626815,0.18983046118352526,0.3044045725569562,0.11123254198830426,0.22842043245626867,0.15708233267375837,0.27289763069257134,0.2642654095376742,0.34954489998662114,0.19738745704371424,0.10693693711000628,0.25400961951215506,0.23595291641399405,0.21492591166501235,0.3486648995642339,-0.047773551965496756,-0.027111459949142956,-0.09839650671784221,-0.01165435138311866,0.007359023577619401,-0.10000767684416279,0.08446467644928304,-0.11597349508144775,0.15489425527936282,-0.09748871637078568
0.08620794838614322,0.13731975599637136,0.3147748419166694,0.2612236616744915,0.13477994666709103,0.1338806468264781,0.14282211635663786,0.2171689510203746,0.19525814670589334,0.21220245326110213,0.3163893160555422,0.21509227731709762,0.1485718793241294,0.16448073193438306,0.11037751773332984,0.2490916218550596,1.0768204974970432,0.07043646944085837,0.1188599476880408,0.3851624160714665,0.18666011113973022,0.1783282081563975,0.2782273467588308,0.2384740665146364,0.2884135403358292,0.14905808017477412,0.23734725534952567,0.3534653016230593,0.21525164467350175,0.1468764578259883,0.28372071661738685,0.13688726883108607,0.27330392817300087,0.2844219853245015,0.26189288915823694,0.2990379847419312,0.5370781477652279,0.24260743844669583,0.08361137933970345,0.09000999605963786,0.2765961470949121,0.19705714803951727,0.2344883857122303,0.10309047175934499,0.04509666247656576,0.43107997621759553,0.2462983264581146,0.2050686354258302,0.07118831001640175,0.13884333891828768,-0.20658675083010014,0.1407094842307727,0.25858217915541176,0.03123889882798099,-0.016810418590752194,0.002219171752636891,-0.06747223203168654,-0.012199245537393702,0.029574359349022097
0.1568726739896998,0.48462632068626715,0.238966828648303,0.32674103929988446,0.17124569149188604,0.1502460490124257,0.1674236648744251,0.2555821639092869,0.14821674696713968,0.1983869955450316,0.17601800670618378,0.14269554153465858,0.11727988431022708,0.1958088274088161,0.27918999389616417,0.15196103924560245,0.07043646944085837,0.8497803754316193,0.17276195293480215,0.006626292061445715,0.2336981693635642,0.28729311653806106,0.37406214610759353,0.17817441107696572,0.18850293341215066,0.31429060171780915,0.0739237008712315,0.3702885189649786,0.17655995091190416,-0.003117934805244456,0.1309189439571224,0.18540239363396555,0.2708205325503281,0.29485647583679836,0.12908264338497097,0.03635579735858148,0.12433046808182048,0.001126521065207299,0.26608064219772487,0.05795730339002075,0.31223703519153356,0.20876978218763007,0.34777864903317535,0.2831225419065882,0.11616967736632115,0.2329095946122911,0.3520697050972607,0.08279149562903822,0.30410358090224426,0.08759656027893747,0.06715921751443102,0.008243083503691882,-0.06999013115718386,-0.044460638969289513,-0.15299796169504423,0.04280166630939303,0.03570155872506716,0.295846088551593,-0.3130523237825334
0.15168567445350697,0.20715638841282363,0.1483127737505799,0.23448276459472878,0.4245721871629987,0.3431749658170668,0.16941188283618855,0.18511158759364607,0.14940219955866846,0.12691524273503038,0.14573325871871237,0.19582515992285626,0.1085629236605196,0.1703726490316749,0.20872270462137066,0.2071662263035259,0.1188599476880408,0.17276195293480215,0.5559121214153765,0.13112244952517643,0.16660121874249997,0.20635916576582425,0.15058137171757244,0.13874285135159073,0.21213548988777492,0.12379587597438918,0.13982070182020517,0.11331365537662698,0.23124312292103816,0.14692375545806785,0.1725233432238658,0.17015002147594682,0.1509141905765606,0.2356166334004533,0.08635201357130741,0.20709209767657855,0.15767621868617987,0.10627190013245089,0.18813808226293138,0.033105056779439535,0.16753342511292427,0.16332184774957628,0.20343888286802825,0.23315504533431775,-0.0647731499831946,0.24759368052514438,0.15561070255995527,0.12934302386250807,0.22113976074501943,-0.018650020146299455,0.04767836539864693,0.16242134321868157,-0.13301363376385447,-0.09026639091562079,-0.10591596422709469,0.023254041524480754,-0.06312944564907612,0.16021189627051705,-0.06339875461789936
0.04799604403316297,0.010991472261589828,0.237710142405376,0.26453165593104955,0.14643770868703157,0.2678626679577429,0.10818966540985471,0.2603491661189122,0.10867783274474073,0.23616106471058537,0.2308282780767434,0.13217249932073954,0.08845393375580175,0.18894596648503556,0.1637936869843302,0.21563298010008933,0.3851624160714665,0.006626292061445715,0.13112244952517643,1.1922892969132004,0.23431523069150387,-0.08536816924310311,0.09020830838460182,0.25488515697617004,0.17293619825310225,0.41781974053389226,0.3362004889629122,0.43374490340938926,0.1919773953701791,0.22627817761437052,0.36098364889191853,0.21141042280139188,0.07346970145068021,0.4293212101611703,0.2307275780684152,0.4512978257850104,0.4690047966640335,0.566265864880035,0.33774779628739166,0.328782919720115,0.32246329407893953,0.2515487180789337,0.2860287471830837,-0.1176920699324326,0.59742710694031,0.3569240113983497,0.22583125922191358,0.5034877320736151,0.1838277488222628,0.06676945002930874,-0.1712897646786718,-0.09520750905850738,0.13430886068581452,0.023535223001831744,-0.009966721229541713,-0.02566170181753602,0.020667453803890533,0.01883025833214136,-0.03538296940450939
0.11378412470508126,0.1382477848505314,0.25263385493725016,0.32833035352387513,0.1380029755995139,0.18523514569958724,0.13266769991432242,0.2619220765705671,0.11476982500414665,0.15928878288908277,0.1602171750991046,0.14000972424188032,0.10616807152100845,0.20115127333678365,0.21263260562608938,0.2515947497824319,0.18666011113973022,0.2336981693635642,0.16660121874249997,0.23431523069150387,0.6577364156673188,0.21946464521535827,0.034532500899242195,0.2523550505551049,0.26220033697092693,0.4505457860424439,0.21499587777438742,0.4414964437455909,0.19919625601781024,0.25141412994032986,0.323206341900587,0.234765268072841,0.5042735879872865,0.24434487526941925,0.2543237823866491,0.2484693586424581,0.5064989357903357,0.15230874695292723,0.3806401743676965,0.11915613744680151,0.5847990206598211,0.591431988001004,0.5333683206864352,0.417479572846232,0.1577603560571018,0.43577945974086496,0.348455883860123,0.5079536985762763,0.46958691381166995,0.03312142675227552,-0.01878663241561171,0.024075598898479714,-0.03467107163479953,-0.06559461718318581,-0.07766978094095817,-0.008722982387374886,-0.11894244552081001,0.15691401677011735,-0.026608574595976316
0.09897771228290381,0.002637080908265164,0.26770668583985696,0.3163510566290747,0.15881450170589032,0.2503514573639043,0.17754806084932875,0.21230815279038043,0.13514495720007766,0.14972010386425438,0.12963612398498067,0.10516937883258688,0.1590331154299046,0.18285855165411868,0.08066060554187587,0.17833151924543095,0.1783282081563975,0.28729311653806106,0.20635916576582425,-0.08536816924310311,0.21946464521535827,1.342653367149917,0.41559757308396256,0.14318659775321194,0.18415455935861502,0.071676973515557,0.09068553580600036,-0.07274188313816578,0.5838359117300004,0.14556541273077675,0.15870227021126118,0.3002290175019396,0.1411019296000527,0.3807667617916543,0.10400720365426826,0.14370341261012387,-0.13362016001295973,0.01893849091964939,0.48223058968960936,-0.04461857882608172,0.35884582033466417,0.20204650536145,0.22635591020107154,0.5334503329960476,0.023437383533361847,0.22389998190373164,0.2709725097919917,-0.8757416663764107,0.22019277181034552,0.08566580800912525,0.043498573043586786,-0.19688810704684218,-0.18636382697902515,-0.03635773853052742,-0.020024930345469674,0.016594683824501497,-0.018911978909666102,0.037679084476499015,-0.09000380290076053
0.08667200197712537,-0.4038163652472652,0.1537734163414077,0.2157525297583556,0.2723106623505371,0.08943660094999435,0.1393610769756204,0.17717391123140702,0.14566530944099199,0.15472055942458343,0.20778439933185486,0.16121064656994546,0.1276248980484962,0.1535624330770819,0.25258559254787066,0.05462726000275067,0.2782273467588308,0.37406214610759353,0.15058137171757244,0.09020830838460182,0.034532500899242195,0.41559757308396256,1.6870441311639155,0.19798490674096933,0.2638962899861617,-0.08878560844057728,0.05220320020975493,-0.025966929132681078,0.4916391198747128,0.1521035278203381,0.1695863693182087,0.11017972172376271,0.1947612362933792,0.3620705892003961,0.07349805680085794,0.245084504429514,0.08353581006838512,-0.03322504561713222,0.2750134538870844,0.050876977728682334,0.25567906153909187,0.03919316361859121,-0.0006109241833506643,0.12472484708748022,0.024540659922200305,0.31711553898446126,0.3008236301579017,-0.17798536226471895,0.09787324587583578,0.5123737460529355,-0.0010351341998297726,-0.06982144468651098,-0.12211919964179044,-0.06589761801509145,0.11142394331330174,0.016785847875521422,-0.0175011395979348,-0.0859111196126507,-0.06569463115362385
-0.029055542517930147,-0.11538970235019476,0.1814282784697797,0.28042185487064486,0.1480103301749467,0.176883409201183,0.1285144283768837,0.15848779155936582,0.1432115333196908,0.16153433192407055,0.1744533815243842,0.15046153947708577,0.09539737910104236,0.15401721448663636,0.1855519044928401,0.2055844496356213,0.2384740665146364,0.17817441107696572,0.13874285135159073,0.25488515697617004,0.2523550505551049,0.14318659775321194,0.19798490674096933,0.8456107013825052,0.30727140461390534,0.2757551367979557,0.13715129878381155,0.35251010865667515,0.38514887200065523,0.27204293677009356,0.2452320715861388,0.1664029026080274,0.3515523043842456,0.0386848491746812,0.13745446110517978,0.3532385465075768,0.44863028232918484,0.15529540153032434,0.1423642213034764,0.08068422976604818,0.22425115047823868,0.23817472218716104,0.07656228942824414,0.034857913217671545,-0.06262474249547538,0.41075685563886843,0.22815843641063469,0.3516648040037971,0.5215886134758748,-0.022444381775392944,-0.10733497640722574,0.07591821348201838,0.10386137495200302,-0.04885075935663446,0.047958979438907944,0.07716172719402403,0.0063461182617841425,-0.18993745227736356,0.0890896249260236
0.11736927527041792,0.15617627721521796,0.29740328743703465,0.35864907812403185,0.09163503355096854,0.2637449307626323,0.20668512539139236,0.22627960270872005,0.11356162355328146,0.18933055954924374,0.1818233760254846,0.29820980719835605,0.11217298073235983,0.20075101110533305,0.2441300511235225,0.2597472755943524,0.2884135403358292,0.18850293341215066,0.21213548988777492,0.17293619825310225,0.26220033697092693,0.18415455935861502,0.2638962899861617,0.30727140461390534,1.0448246114915454,0.09127363328259225,0.23340599052097127,0.008473168265793396,0.6644470099542573,0.3960281729245884,0.3518822267400523,0.17945120453794813,0.2573061631233915,0.44304760419839834,0.4564629711267846,0.3434669854954987,0.46298210961345226,0.15016142030887986,0.3036548561142996,0.057843614661446906,0.37520437360216674,0.25041090959203993,0.3590544957463447,0.4730749173640984,0.06252768344786401,0.6076197084810555,0.3480330523818698,0.3103234982663819,0.06889745265350755,-0.5439640882024227,0.05664446236936428,0.16973344435599028,0.21774263190061371,-0.04344613536613738,-0.06073967851797752,0.056956812827278644,-0.026920442872836337,0.09066876996587163,-0.14425265249239494
0.01999016255260211,-0.25335530699787334,0.10472525074551228,0.312197581539439,0.10603117054442916,0.3089263309300965,0.11448846576065082,0.2564955528213275,0.07888571508622812,0.12714635312491346,0.14959858386406236,0.13892988972576772,0.0809063897070757,0.20403539915812993,0.11749048484550836,0.21805591945154326,0.14905808017477412,0.31429060171780915,0.12379587597438918,0.41781974053389226,0.4505457860424439,0.071676973515557,-0.08878560844057728,0.2757551367979557,0.09127363328259225,2.2798483016023883,0.2382418678714521,0.7208184228447876,-0.382285367668822,-0.43852912223005464,0.24821613716228846,0.3483931788995507,0.3139993570686393,0.3330242318898247,0.23679182796253828,0.091908202830357,0.30939924377118694,0.24703958790703223,0.2688200025659445,0.46128966006064537,0.08365484840169543,0.4385185807657231,0.20641579949874087,-0.3289456428995793,0.2685104224360452,0.03240657481913144,0.12544530741649149,0.5159922899095303,1.0622659708509552,0.2671846573622864,-0.3331769843191993,0.11833435157646928,-0.040605164603851045,-0.045041293460640695,-0.153469605898545,0.0026739431736239492,-0.11707851704814876,0.2988113239774134,-0.20759028452861256
0.12929774230322685,0.36286404024873525,0.1601241945530495,0.27966349688508135,0.13266851462454027,0.19776451809651208,0.16908698083670876,0.1646313082449288,0.11449978123828797,0.17860595133591564,0.16706178490955342,0.2574523248019334,0.0949889157256827,0.18674088487795903,0.17757904023113402,0.24939622245682472,0.23734725534952567,0.0739237008712315,0.13982070182020517,0.3362004889629122,0.21499587777438742,0.09068553580600036,0.05220320020975493,0.13715129878381155,0.23340599052097127,0.2382418678714521,0.7084141823134543,0.3811405697539052,0.044727554844212196,0.22203282760134435,0.3209922465422709,0.2245632426976812,0.2733829185305855,0.26516251644167677,0.24584150673423755,0.46719673372969134,0.3698439819008337,0.21064982660588483,0.13411042286280236,0.17819765355708603,0.20995717113343226,0.22730912862972918,0.42984989204857355,0.026177330680082614,0.1557663015975161,0.3449581955809301,0.16785823036013517,0.387025125521043,0.29978333293632053,-0.015834040084606427,-0.1202236565013077,0.05574491863730677,0.029335776283008565,-0.022667226267417656,-0.09689431873645454,0.07804955112894428,0.028837932219245858,0.1293758219617214,-0.19752660599765337
-0.125038981057655,0.593291006034612,0.4573489359387005,0.4873935193173285,-0.007615176544840081,0.2501760899715086,0.1075852812205067,-0.04691837654992894,0.25727280839937977,0.30350797709450145,0.24170531989265678,-0.0470369226646413,0.1050235621918889,0.22835426643040527,0.42488186041048753,0.2672417988830537,0.3534653016230593,0.3702885189649786,0.11331365537662698,0.43374490340938926,0.4414964437455909,-0.07274188313816578,-0.025966929132681078,0.35251010865667515,0.008473168265793396,0.7208184228447876,0.3811405697539052,4.129053198368391,-0.6985781216431144,-0.21591718702233806,0.38951503011547617,0.23200172579908507,0.8964360081522842,0.5476781350333809,-0.15296238397056322,0.4101915067575589,0.5247751897926813,0.23715551180785793,0.2858073901751878,-0.007054665218080071,0.7539075759664389,0.4714661830186751,0.33701582970414995,0.36410518055393604,-0.4270059508310791,0.31655557890231256,0.15284485317414223,1.094116279771874,0.8399734165257097,0.0124944524524386,-0.2624190368339847,0.29518337805966716,0.24744999225250858,-0.12169132217141845,-0.2716502854370956,0.16567410259827436,-0.09583505865345046,0.22807349814047037,0.06823720026161423
0.19949327513605603,-0.03154903822732033,0.25000010808520334,0.12275429609456283,0.0896766595690351,0.35399404917372546,0.16214799098239785,0.18853992547290135,0.12425012188572945,0.1394133246142362,0.1735858249676068,0.17954834309519704,0.12347470494280942,0.18452097606424936,0.21504249651003388,0.2596720296073932,0.21525164467350175,0.17655995091190416,0.23124312292103816,0.1919773953701791,0.19919625601781024,0.5838359117300004,0.4916391198747128,0.38514887200065523,0.6644470099542573,-0.382285367668822,0.044727554844212196,-0.6985781216431144,3.111174386623696,0.2526575453131794,0.07586751106304547,0.20422986341973978,-0.2890571305047716,0.04321427754085737,0.32664378086193147,0.1512632014386336,-0.03946081165378347,-0.05166766400132711,0.06036287362986171,0.1334298731162254,0.6907867814820874,0.16447233711767228,0.04046018251624011,-0.3198123064008537,0.9342045865343332,0.38312698105290033,0.386792310531907,-0.8095184677224847,-0.14465412864936864,-0.3314373759816559,0.19249270387985692,-0.15913158794094348,-0.07512993326667423,0.2194831102031717,0.22724369237461978,0.004271466649294452,-0.0311341034456345,-0.14035111624094085,-0.04572741189477212
0.15408903659294412,0.23596983145129108,-0.2994131861692724,0.17707931811769215,0.28589280360003966,-0.0524652385055025,0.08504306653887449,0.31127560523830156,0.03299795808260119,0.08283086790352158,0.09213313395165126,0.08660967432701396,0.07553365591956422,0.1589081531516235,0.09918826695915986,0.21075777728993536,0.1468764578259883,-0.003117934805244456,0.14692375545806785,0.22627817761437052,0.25141412994032986,0.14556541273077675,0.1521035278203381,0.27204293677009356,0.3960281729245884,-0.43852912223005464,0.22203282760134435,-0.21591718702233806,0.2526575453131794,2.684416614325594,0.4631629298363922,0.16011899957477402,0.669728998582018,0.14016837788697734,0.48874812344844437,0.690761211265308,1.1446855206541557,0.23523884344852553,0.26521924511893485,-0.1589802445198208,0.7938369489588374,0.25786026621155494,0.6333676590525897,1.0681608719125868,-0.3673351497474501,1.3342145713638456,0.9229450969619375,1.040072099427712,0.8471108978377485,-0.16694713793344218,0.06461626664618432,-0.011108650429704114,0.018314373857047022,-0.04612701656880776,-0.22579143497574222,-0.13016510704860118,-0.028478779935966526,0.5640792915379128,-0.24793701851435865
0.11111201337988254,0.20909854107573808,0.29966600329213255,0.3218200935193978,0.16407682181561548,0.1706146093734816,0.1706924778865379,0.20837884927496197,0.13864690616685102,0.19429945581949462,0.19135511484082854,0.23239929876897172,0.1062995351464797,0.18332890668441476,0.20192909399210307,0.2138378287809135,0.28372071661738685,0.1309189439571224,0.1725233432238658,0.36098364889191853,0.323206341900587,0.15870227021126118,0.1695863693182087,0.2452320715861388,0.3518822267400523,0.24821613716228846,0.3209922465422709,0.38951503011547617,0.07586751106304547,0.4631629298363922,0.7917502376017371,0.18967644574408085,0.42513230602688507,0.3309748286726367,0.3124897523120543,0.824263414903305,0.7890687591197111,0.30417005072652,0.3570227077147403,0.12422206538092043,0.48292930438805964,0.3059407842208356,0.23627055728093263,0.4270509125373172,-0.13281070816642318,0.7799167658394305,0.29004093173024104,0.6856631282670534,0.27356446148748326,0.021129150662588574,-0.04371321986099177,0.054363070942055496,0.03241417015933635,-0.09734818390102977,-0.10936985201004747,0.05409059834221829,0.006118149760956959,0.05249773636313512,-0.11602148384361399
0.12194694221022777,0.11540030006159081,0.2015809218404536,0.3818832045800046,0.11206795300407174,0.2294319159233971,0.14880246689185003,0.21881842188116057,0.10096600199115977,0.15590069943180668,0.14972482322978234,0.2123545311903687,0.10510830111970958,0.2897614600061829,0.16446192392375403,0.22043647072676456,0.13688726883108607,0.18540239363396555,0.17015002147594682,0.21141042280139188,0.234765268072841,0.3002290175019396,0.11017972172376271,0.1664029026080274,0.17945120453794813,0.3483931788995507,0.2245632426976812,0.23200172579908507,0.20422986341973978,0.16011899957477402,0.18967644574408085,0.6358079552957842,0.19997673321994072,0.20847588082400936,0.06186287667603256,0.2725164475714659,0.026015641419460188,0.1364687776136685,0.18462343276143803,0.08642410695453928,0.25364423341744974,0.239536552535096,0.2273062140542987,0.18385516121597686,0.045273729696105325,0.3313120461561795,0.21292354859932053,0.12018263255151018,0.3205314090716868,0.14480541443237144,-0.03764680926441989,0.11079073426051882,-0.2575874417639213,0.013165637996847387,-0.11404724276263768,-0.05457436058312929,0.2109653884978173,0.123329600176799,-0.25937759549206857
0.11441637571323124,0.4057608858431345,0.19356260788282276,0.34629874507531866,0.23286599110207815,-0.09152729225707941,0.11107416817433242,0.25791506940319886,0.09903250486213475,0.059729280894583806,0.15309591595457922,0.19868738744690817,0.1207466383090091,0.19152330172340612,0.2464258569887826,0.16617192792410468,0.27330392817300087,0.2708205325503281,0.1509141905765606,0.07346970145068021,0.5042735879872865,0.1411019296000527,0.1947612362933792,0.3515523043842456,0.2573061631233915,0.3139993570686393,0.2733829185305855,0.8964360081522842,-0.2890571305047716,0.669728998582018,0.42513230602688507,0.19997673321994072,2.229198082749223,0.06798473216302418,0.14847567962533897,0.09564465289289698,1.8473661988101109,0.1163314260247196,0.11668297853101688,-0.09234685630189486,0.33579196139057277,0.5481502548797716,0.5596153210643305,0.7136449123433594,-0.5886612119910175,0.8334079955688278,0.6087833271695264,1.132189045930978,1.203258708168839,0.30631946363114465,-0.16081476685612744,0.49133785257829093,-0.09173494370331707,-0.4389852723707204,-0.2614026057952453,-0.1447105658901003,-0.13034862566861752,0.34218887030499495,6.66474317885287e-5
-0.18810361260365918,0.1178152328107399,0.5072803194114229,0.6908850012426815,0.1514645910035954,0.42717513430310367,0.26427892152296756,0.312531798812882,0.1869664134054391,0.3835310621356091,0.24053820259099087,0.23856955191747803,0.1629973035286239,0.2293188956906668,0.24801800945422162,0.25577471936194013,0.2844219853245015,0.29485647583679836,0.2356166334004533,0.4293212101611703,0.24434487526941925,0.3807667617916543,0.3620705892003961,0.0386848491746812,0.44304760419839834,0.3330242318898247,0.26516251644167677,0.5476781350333809,0.04321427754085737,0.14016837788697734,0.3309748286726367,0.20847588082400936,0.06798473216302418,1.7107273242796066,0.411376910992277,0.4106045878756799,0.06454042450234876,0.18988510215549945,0.5726880365748724,-0.019918539939393482,0.5204103509651585,0.24378450733665916,0.495740691272179,0.8561273446908588,0.027286473154592723,0.3467469533162558,0.3571853698581754,0.192768427913714,0.05626910026493826,-0.3056475452339607,-0.020692261264335716,-0.19792390201053517,0.3239372349676396,-0.04232757102010946,-0.20824675631173856,0.044268832612395344,-0.1415240087219895,0.2537814423916713,-0.013827555145194764
