2.8447360039503837,0.9686462583038538,0.42947885376721867,0.5359407919470932,1.1056370899805341,0.718457669340728,0.8862258458566118,0.8453291937959753,0.4906390853959126,0.6882823542190709,0.6563797188475801,0.7552429629362081,0.722355992065477,0.8912452888260892,0.6050895721922853,0.8758393270493523,0.574581437594821,0.6785939706618438,0.3508835314253287,0.6006689941399025,0.5678674332819689,0.704725000663937,0.423568842039413,0.36627053624950917,0.9952424873357033,0.41581261016969523,0.5994629919123992,0.27079708875874176,0.9812445074091889,0.3090123956579976,0.5606566419991712,0.5543328586713001,0.2566851250764811,0.3447729382342697,0.4407869306473974,0.47911202476200354,0.40135978636785746,0.36682312442390796,0.862592587377348,0.4001386636379214,0.6801352513875593,0.5083700314592153,0.49947740666463103,0.49829755489070093,0.6414944877425592,0.4862706375174543,0.6501608892748615,0.007411340653066569,0.49355559386517694,0.09919640782488183,0.014227012305238578
0.9686462583038538,3.795556520380689,0.28856732300223936,0.23137467047722046,0.4927501713879684,0.6449636857801023,0.38291661517158326,0.4831680331399724,0.22312509239883563,0.41614520191719345,0.36760783260326296,0.41284033934394687,0.42019620169872324,0.31076572799181834,0.29853573013464885,0.5861820976339044,0.3245729438580309,0.6254874948958975,0.06133694204734997,0.47788525966678097,0.4649849473667658,0.39511853025017246,0.08393300208850685,0.1949751479774868,0.5292383386839538,0.09589992410682224,0.5530402427444729,0.29730365790982066,0.8173825254648811,0.0484983793934498,0.4664977378417295,0.3456340501698344,0.2190203690964419,0.36007916537236384,0.4988694684026032,0.34524699604311704,0.9572464319309552,0.28450572200295,0.5650812619476158,0.2944707484507011,0.20314479649809555,0.4261673433732831,0.14007532545855808,0.18468109514816056,0.39865206526366276,0.36905993866572223,0.43644750049893266,-0.03461854477305072,-0.07714203113631814,0.0638417224030029,-0.027519979525610496
0.42947885376721867,0.28856732300223936,2.1932299570346525,0.21681497862790244,-0.45055551154889417,0.4013311973698661,0.2654221883059975,0.3058864732957667,0.43518767540199915,0.3594125911111186,0.2611733035350202,0.19521400478135664,0.297524667635676,0.23801007137002114,0.30183414202284703,0.19323051781868855,0.3274074248061352,0.28156651402702304,0.23936204796078586,0.24689586607809788,0.3010631220947583,0.31893244771316176,0.12628295300890843,0.19168309055025431,0.4128664254051108,0.23903598228210982,0.23157987935289392,0.4559747486820179,0.2963291963142992,-0.23641886216903374,0.2411204960163537,0.26300847566205454,0.29034604534593594,0.1153333524092418,-0.11131498580583049,0.5284266109729797,0.15232931182770923,0.15514073243651993,0.22975446036315597,-0.17111665105873294,0.5639902489471728,0.2861772913380203,0.08968613869184174,0.32111270997448804,0.3914783375694487,0.5237497222667737,0.1057117269638501,-0.07392306085490803,-0.5729807237836537,0.06620380316136618,-0.08695974302695347
0.5359407919470932,0.23137467047722046,0.21681497862790244,1.2119231148998895,0.791527756602234,0.608971663745354,0.519127741381608,0.4926967342027386,0.3030694950617136,0.41771445150439024,0.4875660167872328,0.5336622261990368,0.48513433749261853,0.5006802421882709,0.3517813327026839,0.542790819832834,0.42334860114931966,0.4271581512053989,0.16891634561203234,0.4729418503024311,0.34427335573215423,0.4142215275781117,0.3142053243439037,0.3542066267506879,0.5150339009026915,0.4364246661228738,0.3683913664756138,0.2718899337634934,0.5452856386200827,0.19167215697329107,0.36996863315322065,0.43845636817760286,0.20192073711978473,0.5567626533552185,0.4182129209082001,0.3487001158452105,0.2822644447594582,0.28137891684073624,0.4730263494706007,0.2353917297974574,0.32978038620494626,0.31026379353707234,0.3715832664984605,0.40929859223830517,0.37789950254660787,0.26661991449450084,0.403758601811582,0.007639798029434635,0.19711799031624547,0.03759472347975146,-0.06194593589878366
1.1056370899805341,0.4927501713879684,-0.45055551154889417,0.791527756602234,2.0289806546625604,0.49855002837685564,0.60382949836955,0.7701064317234192,0.3864067695782125,0.5008755088707765,0.6031962486103808,0.659446549538991,0.6494939149234967,0.5788928524274272,0.4724312844427074,0.6090671803565161,0.446357453373918,0.5568176571859089,0.16030904614408673,0.4864934771297041,0.3657603006250823,0.49281194867210387,0.40762818892639263,0.3703152374092492,0.3335557722215068,0.51707449552606,0.42927541893824905,0.07595686072437982,0.6685450274211586,0.266015134808318,0.4629599119790817,0.4999155324781112,0.17740696800017072,0.694548958624501,0.5991106856157719,0.2531727787970028,0.33425328777098057,0.2578591265261936,0.6637137048348536,0.431012716253857,0.22094520608034077,0.33714354684150927,0.3782422702154633,0.36845928143427503,0.375277778357933,0.1440190977184648,0.5426981431807709,0.04014729132832639,0.7041312063878693,-0.13383652177725835,0.035739998747703665
0.718457669340728,0.6449636857801023,0.4013311973698661,0.608971663745354,0.49855002837685564,1.3666305719783223,0.3942904827505571,0.524050478903907,0.35578148004816784,0.4464364490184377,0.5394568374051595,0.5169220074892749,0.49455378884973494,0.4980188666469352,0.35904205497542063,0.5903365044741983,0.5270426976210086,0.4813891147723659,0.2525003612342743,0.6695375645641677,0.4539046692473839,0.49039448645892814,0.30936152179361504,0.3644144262511082,0.7893559093146513,0.44937455539046955,0.45075829799134687,0.2652191599860602,0.6860231786987143,0.055016876310457916,0.4320122043156592,0.5062467067036356,0.19315272777805487,0.5125172690527825,0.3437005182684484,0.3600068498132959,0.3831868088980358,0.37977396065620006,0.5031280584713762,0.3057952146443444,0.33988570920109307,0.41492754580317637,0.45732886493030983,0.3490306924697353,0.5630190764370941,0.38178642753395964,0.4075762179633139,-0.04497015456537839,-0.03401510467768035,0.11956097817155313,-0.028254707287288808
0.8862258458566118,0.38291661517158326,0.2654221883059975,0.519127741381608,0.60382949836955,0.3942904827505571,0.7072608795319546,0.41260512382251724,0.3504666235570152,0.3831909095486813,0.43147794725213773,0.47849786581324605,0.4396710038102931,0.3659706116874632,0.3170596000471026,0.4420165605122633,0.3624961043653522,0.3870881646181583,0.13544995809780705,0.36290073971759484,0.31009658103929505,0.39493905801594836,0.24480662768029804,0.2609929687817382,0.44083309370545004,0.32317211566218945,0.3389712540270372,0.19043378816622483,0.46599960977217353,0.14163916843274663,0.3200851947895689,0.349323051635906,0.1886673848610743,0.3640492010563072,0.2536551100742681,0.2888824857318568,0.2481984176264911,0.2087343719453005,0.4576063722943216,0.20474453799695788,0.31396799148762117,0.2862740737863097,0.25698367527596466,0.3094251494648017,0.32964190339803745,0.2212415401122985,0.3290801965851878,0.005949496356245178,0.2804996904721037,-0.008275981464743468,-6.0016286404205925e-6
0.8453291937959753,0.4831680331399724,0.3058864732957667,0.4926967342027386,0.7701064317234192,0.524050478903907,0.41260512382251724,1.2752138656913297,0.28709695759739234,0.46342420774107973,0.6260529500587128,0.5827411910371978,0.655348685677346,0.5040681906110062,0.3394362484843179,0.5280784996903211,0.5187453824717015,0.4984111986294116,0.2520392783908446,0.5762105811282859,0.3394602255499084,0.42912516601138573,0.34882417628716467,0.2907049635309418,0.32136689452428113,0.3840548628864623,0.4639740493665157,0.23485102821628204,0.6228463988188906,0.2859982699860248,0.3064511915225116,0.4200477888553383,0.13016430859223285,0.47582121321238907,0.3901537242608962,0.22771753175296233,0.3473299386666043,0.28749968743012205,0.8569979286837409,0.3071640867878209,0.3878264258451237,0.2972908931820232,0.37181766774259184,0.48529158600904204,0.3920535095118836,0.23246143221051044,0.5402222648281503,0.12010278673187917,0.7205466947981454,0.04855212099888615,-2.5297118213018993e-5
0.4906390853959126,0.22312509239883563,0.43518767540199915,0.3030694950617136,0.3864067695782125,0.35578148004816784,0.3504666235570152,0.28709695759739234,0.6596379596000678,0.26060138594035637,0.2574378526036761,0.20079614687710956,0.339796532319629,0.29647097607234235,0.27693134132427055,0.1773380961345446,0.277254193235008,0.28038995154836216,0.03971899924209497,0.26848737208934287,0.2219997898175917,0.38488439260602103,0.20028475778934116,0.19112838967199178,0.08918020090419179,0.2904260045360243,0.21756184610112117,0.10369777784751665,0.2598142673919185,0.031449173322144204,0.23500383633075206,0.24999896944271563,0.18522791549631873,0.17737063721821583,0.08196051165947399,0.19359736975714167,0.14796238384536806,0.14962550139174954,0.2773809305250612,0.10524177152068954,0.22059862395537955,0.20647481317438984,0.14053889559347138,0.2005458839113147,0.19662676370799478,0.2178585397785269,0.22115719603737527,-0.02819640475959226,0.37900225296174295,-0.019984462186054142,0.01372539815661572
0.6882823542190709,0.41614520191719345,0.3594125911111186,0.41771445150439024,0.5008755088707765,0.4464364490184377,0.3831909095486813,0.46342420774107973,0.26060138594035637,0.8234873966791669,0.4287480682347024,0.44485053428427657,0.4499908098382484,0.37958366849650105,0.37807348966386,0.38044385225584776,0.41848905633358735,0.4524512021839945,0.2517849066774844,0.42784566961611503,0.304247475880542,0.3382074139412462,0.3063006597411773,0.3074106970954978,0.4544283481739245,0.28559792687556806,0.3662834352719807,0.23233777901684421,0.5921256420391197,0.3390008818587408,0.32320820621043606,0.3353981841147999,0.18438858499271596,0.5683703866148823,0.46662239039732284,0.3643817914791506,0.3828420024794722,0.2417291635341955,0.526781372987049,0.2518076994664751,0.49696606540591487,0.2746690841659623,0.3025122485971977,0.3708214924204891,0.3728876363093077,0.31270659290661706,0.5053525346719608,0.06398952314538786,0.2083150534671157,-0.027074203611195204,-0.0025976705617005063
0.6563797188475801,0.36760783260326296,0.2611733035350202,0.4875660167872328,0.6031962486103808,0.5394568374051595,0.43147794725213773,0.6260529500587128,0.2574378526036761,0.4287480682347024,0.8091683198167727,0.6425530072683715,0.517504660756632,0.3909782677328356,0.41195287511323225,0.5134963042017751,0.47138634681503483,0.4127302519885337,0.2444291050765248,0.5129388921071149,0.36196321140835946,0.3914867931225929,0.24148978845695587,0.3061764762264787,0.29058420282363195,0.4380126113899404,0.42115590733096364,0.2508962914932875,0.5426254538658092,0.22071439332923384,0.43593378523573606,0.4252905534672988,0.18363283931781013,0.4531730749706825,0.4472581698970896,0.29909322973129854,0.26819321844524197,0.2718808675720823,0.5711850907911834,0.3088584106823527,0.295813692837417,0.33271420824495807,0.36275462947795795,0.3209528248011733,0.47737814710041243,0.25842515730888355,0.4313353736785142,0.04971791539374899,0.34210379627937065,0.008639496658484591,0.0002448239967313124
0.7552429629362081,0.41284033934394687,0.19521400478135664,0.5336622261990368,0.659446549538991,0.5169220074892749,0.47849786581324605,0.5827411910371978,0.20079614687710956,0.44485053428427657,0.6425530072683715,1.112158180052411,0.4830506377138673,0.44598226485169334,0.36084472103430076,0.5493200926380616,0.4095993858367631,0.3842553753489424,0.26332514841026017,0.4478385136359227,0.31050759521010407,0.3729883295259601,0.2540920605647389,0.2994579237645691,0.41550955961199093,0.427033003452729,0.4780484272065507,0.22427121865704033,0.5088797236663872,0.19616005132041164,0.33593227354922056,0.4622588943342584,0.19263474248145362,0.4549511913544201,0.20746464794095834,0.2739501672755013,0.2131200072384754,0.25477909554434014,0.5130583244083262,0.24493343119336147,0.3414510748435992,0.27888770414878633,0.32536974348317027,0.3175055048758308,0.340379334814447,0.24933755390742682,0.4104510432464966,0.06510810049046363,0.41045561021276944,0.03797117891336078,-0.0029712248938343574
0.722355992065477,0.42019620169872324,0.297524667635676,0.48513433749261853,0.6494939149234967,0.49455378884973494,0.4396710038102931,0.655348685677346,0.339796532319629,0.4499908098382484,0.517504660756632,0.4830506377138673,0.7593095637811719,0.419976933701384,0.3244811747369451,0.5061607892885464,0.4356571425350015,0.4427999419727835,0.2127275289303257,0.4488663766021602,0.3400982658386643,0.44095214235993524,0.31796781965756565,0.30632569372157925,0.33951092812299394,0.31333353760908844,0.4134359551137529,0.23604177220511272,0.5959635619283163,0.25052736188343777,0.31853340033686167,0.41126550380031945,0.17705004657797765,0.45083593272059796,0.4163572528256047,0.2928504039262384,0.31210158913624214,0.23698567514004024,0.6828091943281679,0.26637763074294385,0.36711660526481416,0.30799709334112485,0.3370650985348476,0.44238649396923263,0.3498512814096208,0.2567199425394889,0.45056617420197126,0.053199253278161704,0.48226353019663554,0.0010394638470414006,-0.0037201424186056177
0.8912452888260892,0.31076572799181834,0.23801007137002114,0.5006802421882709,0.5788928524274272,0.4980188666469352,0.3659706116874632,0.5040681906110062,0.29647097607234235,0.37958366849650105,0.3909782677328356,0.44598226485169334,0.419976933701384,0.7619117750589159,0.40584397507586867,0.6306179979818547,0.39099066493827894,0.3480287030929598,0.24094039408831985,0.43757148446578525,0.33327142922281006,0.4536822133176031,0.28156328522900265,0.311227094748178,0.481771694825336,0.38844488104834984,0.36939108241894897,0.23461144335527717,0.5435368858091787,0.2777009817391599,0.34126238670442166,0.3911664963827863,0.1755872041259591,0.34984035483543025,0.3987442257200301,0.34129716748799904,0.2536976577820598,0.2579537682116567,0.4011629446443582,0.26137990430522434,0.42357701400961384,0.30081736497707123,0.4034146838883118,0.30640526454072076,0.42433352706527677,0.3056216729152523,0.4195691148210568,-0.0017601001109285026,0.33636189831575597,0.06666138703335549,-0.010610726349900828
0.6050895721922853,0.29853573013464885,0.30183414202284703,0.3517813327026839,0.4724312844427074,0.35904205497542063,0.3170596000471026,0.3394362484843179,0.27693134132427055,0.37807348966386,0.41195287511323225,0.36084472103430076,0.3244811747369451,0.40584397507586867,0.8245238656575105,0.4261644188083343,0.3576577933637826,0.3050333141601547,0.22228282559802373,0.3467609404890248,0.3315735539756362,0.3381130359620176,0.19566085613777123,0.32562137668786756,0.2696925922923707,0.424361926945481,0.3217975560774379,0.22572858516914857,0.39929926096111307,0.3214340173799304,0.37767106067897593,0.3401009503753128,0.2777263566430929,0.3261388215301688,0.3563137929834878,0.31876940021354966,0.19471844752666173,0.1810770361079718,0.3467120159640496,0.2271760882781564,0.3904996589611546,0.31568086642658416,0.2921094924859439,0.22137095612860536,0.4956728730875102,0.2730280472654373,0.3854971324956915,0.044099605890845495,0.23919519425635105,-0.061247115396404185,0.019965939985311904
0.8758393270493523,0.5861820976339044,0.19323051781868855,0.542790819832834,0.6090671803565161,0.5903365044741983,0.4420165605122633,0.5280784996903211,0.1773380961345446,0.38044385225584776,0.5134963042017751,0.5493200926380616,0.5061607892885464,0.6306179979818547,0.4261644188083343,1.6142725822280444,0.4850683295090795,0.3998475758742584,0.33060770701671377,0.667675062821385,0.41025738554887065,0.7834400958289288,0.1559735485954716,0.33927848151942286,0.48251474640204584,0.37746120469771555,0.5708665835292338,0.45336706346076655,0.768351628454433,0.4461295936782906,0.42572845854596125,0.5715727370530058,0.035592928319733874,0.4926640113221585,0.725492029167429,0.42518080352406473,0.34489845180534395,0.3594090867468288,0.6297146968329506,0.43684111072739834,0.3590786947651468,0.3844284866290121,0.6485152076248604,0.3632382502838941,0.6860506557368059,0.37598682679720535,0.5278513790599831,-0.18654620537313274,0.4436655910750107,0.1336419486648345,-0.034327853863621076
0.574581437594821,0.3245729438580309,0.3274074248061352,0.42334860114931966,0.446357453373918,0.5270426976210086,0.3624961043653522,0.5187453824717015,0.277254193235008,0.41848905633358735,0.47138634681503483,0.4095993858367631,0.4356571425350015,0.39099066493827894,0.3576577933637826,0.4850683295090795,0.7805064081223022,0.32842797511650657,0.24779804556298848,0.5511475086105379,0.34613528990977577,0.4126269477585756,0.25452106733882096,0.3147979669241143,0.6948791059144719,0.3057410045207792,0.38638788377270605,0.34136762268970694,0.5486866029114424,0.24061345512945076,0.324867990312936,0.3509871543022214,0.21671151333282684,0.41739324041692644,0.49700455862633725,0.4068514919401958,0.44810861160496407,0.31275711530203615,0.4716328451591223,0.28438093643687923,0.3949856228185337,0.31635094690568566,0.37381844021394456,0.35146027567005667,0.5039824115842594,0.3430312943473979,0.411467996936569,-0.012452033846875966,-0.014044194307041617,-0.01535120040940496,-0.01749782877501547
0.6785939706618438,0.6254874948958975,0.28156651402702304,0.4271581512053989,0.5568176571859089,0.4813891147723659,0.3870881646181583,0.4984111986294116,0.28038995154836216,0.4524512021839945,0.4127302519885337,0.3842553753489424,0.4427999419727835,0.3480287030929598,0.3050333141601547,0.3998475758742584,0.32842797511650657,0.9054925158761262,0.1816070861601555,0.3406216807746417,0.37084088005190763,0.3659483215927232,0.5658641405336485,0.33743711846982627,0.40303155009944025,0.33301923950106377,0.2603181891327076,0.01503038192924586,0.6111277678622834,0.14110117778029854,0.4679677796292689,0.3477829570005988,0.279290438748711,0.5143715785521192,0.48139654117148345,0.35317341579273726,0.4484478271298459,0.22195709109046424,0.4833763414493762,0.284490336630638,0.3554220448362867,0.34612909911822576,0.38419530555625464,0.3479281373057006,0.494620481669428,0.3066625153326933,0.5711989606475667,0.02493255648822777,0.036118025567938424,-0.08761550263063042,-0.0008091175975835732
0.3508835314253287,0.06133694204734997,0.23936204796078586,0.16891634561203234,0.16030904614408673,0.2525003612342743,0.13544995809780705,0.2520392783908446,0.03971899924209497,0.2517849066774844,0.2444291050765248,0.26332514841026017,0.2127275289303257,0.24094039408831985,0.22228282559802373,0.33060770701671377,0.24779804556298848,0.1816070861601555,0.9581325164665155,0.14219766640675321,0.2212262757357841,0.23008755075219378,0.11817505105060322,0.22717756924151233,0.4500876036046554,0.22149430543706233,0.16872164689080119,0.3659651534315779,0.2582981612612443,0.3087783120866177,0.18506706166870854,0.24535449499797027,0.2106112415521763,0.19958521533222767,0.12243640699469255,0.37735450589257524,0.012817346809445546,0.12252110577949868,0.2331342697835678,0.05586589831008429,0.46987558846496763,0.19675893259728042,0.19317768255964912,0.2314545360511835,0.29695954817633946,0.2605273659384707,0.22977534115074763,0.0011536685357009502,-0.1707939134667093,0.00867306883893727,-0.04612410979025554
0.6006689941399025,0.47788525966678097,0.24689586607809788,0.4729418503024311,0.4864934771297041,0.6695375645641677,0.36290073971759484,0.5762105811282859,0.26848737208934287,0.42784566961611503,0.5129388921071149,0.4478385136359227,0.4488663766021602,0.43757148446578525,0.3467609404890248,0.667675062821385,0.5511475086105379,0.3406216807746417,0.14219766640675321,1.554704389917127,0.323526958601867,0.4587138261925439,0.2538230909171538,0.37269519483756675,0.5723437371562458,0.30735793592242155,0.5286812713833764,0.1946895954723987,0.8228699940775657,0.6537337873718518,0.3899651914521913,0.4365564475836608,-0.00910545800570627,0.6494565928439275,0.8988454107367825,0.27810521089187606,0.7943858588286856,0.7079074396784937,0.6119854532851792,0.5713141196363087,0.09511709563535511,0.3136291126093107,0.7051328588476694,0.29673717369500846,0.6787617707712065,0.44522613125288774,0.5897675720548986,0.010471613047496936,0.3047600745930677,0.149742149367691,-0.03268644737077399
0.5678674332819689,0.4649849473667658,0.3010631220947583,0.34427335573215423,0.3657603006250823,0.4539046692473839,0.31009658103929505,0.3394602255499084,0.2219997898175917,0.304247475880542,0.36196321140835946,0.31050759521010407,0.3400982658386643,0.33327142922281006,0.3315735539756362,0.41025738554887065,0.34613528990977577,0.37084088005190763,0.2212262757357841,0.323526958601867,0.6479928714044415,0.3258034316023868,0.18184420845179206,0.3429510143707638,0.4480477376985803,0.37625574572086656,0.2920726727794182,0.41214002585760884,0.3493376629326489,0.14803236050404386,0.5043896700599011,0.35408421727402556,0.43043158195322484,0.2747460360039758,0.42552095856134287,0.4995872396881304,0.33166298297762414,0.25223762461511734,0.36551503354431636,0.29173022461321857,0.4906940075736464,0.6115027550769259,0.4102060912094083,0.27434754613771767,0.8746928881724844,0.27346468083569364,0.36468150961374146,0.07861587623732154,-0.29816798042184395,0.011814017467858758,-0.019282283114730833
0.704725000663937,0.39511853025017246,0.31893244771316176,0.4142215275781117,0.49281194867210387,0.49039448645892814,0.39493905801594836,0.42912516601138573,0.38488439260602103,0.3382074139412462,0.3914867931225929,0.3729883295259601,0.44095214235993524,0.4536822133176031,0.3381130359620176,0.7834400958289288,0.4126269477585756,0.3659483215927232,0.23008755075219378,0.4587138261925439,0.3258034316023868,0.837757961589941,0.2574011023765986,0.30927579674420635,0.36634010547010337,0.32360518445166153,0.38700890422162276,0.24972627059361804,0.5363692848514846,0.25722991482366636,0.3123622868157222,0.4322809841471486,0.18132659087064992,0.3346247411131637,0.39654250227767984,0.3649300334191355,0.23814616710558392,0.27054026484774146,0.4566446286840692,0.2756133070615662,0.29973729001851523,0.30317370694429374,0.39678678547015656,0.3086991803985073,0.42731565226317075,0.37065200299192397,0.3964896904194889,-0.24368541614267425,0.4677744172437469,0.028879486836280867,-0.007782008369310911
0.423568842039413,0.08393300208850685,0.12628295300890843,0.3142053243439037,0.40762818892639263,0.30936152179361504,0.24480662768029804,0.34882417628716467,0.20028475778934116,0.3063006597411773,0.24148978845695587,0.2540920605647389,0.31796781965756565,0.28156328522900265,0.19566085613777123,0.1559735485954716,0.25452106733882096,0.5658641405336485,0.11817505105060322,0.2538230909171538,0.18184420845179206,0.2574011023765986,1.63627907219639,0.38677635730946824,0.4062616807552767,-0.08489284588322203,0.1564575005640178,-0.5077638782610051,0.7359496436661992,0.24939742999589745,-0.3419664976127112,0.18431644505949588,0.1721911443072925,0.5398306408410884,0.1950018317909731,0.44675894188095117,0.3744224038650014,0.13497035268826088,0.4879199365243097,0.2390945593542846,0.5446255912199167,0.139762233608602,0.24006068796783717,0.5562171880876825,-0.20770860172870462,0.24411563455183594,0.4421071729525067,0.12048057923380108,0.3163394424034084,0.00052864720870335,0.005503206298290825
0.36627053624950917,0.1949751479774868,0.19168309055025431,0.3542066267506879,0.3703152374092492,0.3644144262511082,0.2609929687817382,0.2907049635309418,0.19112838967199178,0.3074106970954978,0.3061764762264787,0.2994579237645691,0.30632569372157925,0.311227094748178,0.32562137668786756,0.33927848151942286,0.3147979669241143,0.33743711846982627,0.22717756924151233,0.37269519483756675,0.3429510143707638,0.30927579674420635,0.38677635730946824,0.9060257212217361,0.5394438089060131,0.32815499868823683,0.2513925923570482,0.38035045531154316,0.22314241531020323,0.6679289452426151,0.39981141876492726,0.45547551721108315,0.8773495993794393,0.45915615412569233,0.47655234956477655,0.4409254424106667,0.6694260718064989,0.26889612031136095,0.3280941847231612,0.189519400440193,0.25989752874024336,0.2960005128190413,0.27018873888806044,0.3241931973559032,0.5626720395388393,0.3090681774247025,0.5056878528649825,0.11377185422665255,0.01223097445815505,-0.02486612835459563,-0.02487740790843891
0.9952424873357033,0.5292383386839538,0.4128664254051108,0.5150339009026915,0.3335557722215068,0.7893559093146513,0.44083309370545004,0.32136689452428113,0.08918020090419179,0.4544283481739245,0.29058420282363195,0.41550955961199093,0.33951092812299394,0.481771694825336,0.2696925922923707,0.48251474640204584,0.6948791059144719,0.40303155009944025,0.4500876036046554,0.5723437371562458,0.4480477376985803,0.36634010547010337,0.4062616807552767,0.5394438089060131,3.3322912797206596,0.39052194031939735,0.42661970572087476,0.5232350806630404,0.7912289583028087,0.34213657270524916,0.1447671763727548,0.42462995689367083,0.3324517881208847,0.5671381302638167,0.5742999588826121,0.6451784898547456,0.4592167619524493,0.39797697338594196,0.5492363145138991,0.22384136619065653,0.6396734046414462,0.38741394266253915,0.5409942875399174,0.5576012158234712,0.7514638424066096,0.666190235517943,0.4528966349352176,-0.08441908343958443,-1.1618619743106364,0.22619107654300863,-0.14822352510836548
0.41581261016969523,0.09589992410682224,0.23903598228210982,0.4364246661228738,0.51707449552606,0.44937455539046955,0.32317211566218945,0.3840548628864623,0.2904260045360243,0.28559792687556806,0.4380126113899404,0.427033003452729,0.31333353760908844,0.38844488104834984,0.424361926945481,0.37746120469771555,0.3057410045207792,0.33301923950106377,0.22149430543706233,0.30735793592242155,0.37625574572086656,0.32360518445166153,-0.08489284588322203,0.32815499868823683,0.39052194031939735,1.8205046763349453,0.39856686330660046,0.3467721933916421,0.12513091036781587,-0.006152942515611902,0.8852158121668111,0.6306828039011345,0.134286615734339,0.39325374346359493,0.31869618833617847,0.3526087627155317,-0.608187376775517,0.1389436357329591,-0.3476728790807015,0.23558975500595888,0.2850437366932524,0.362010536444475,0.35079101613888386,-0.10762472664603497,0.6917063343664334,0.31025078076672913,0.2676887224112233,-0.10358038512413709,0.014351962037168082,-0.1351330049415609,-0.006546132694832413
0.5994629919123992,0.5530402427444729,0.23157987935289392,0.3683913664756138,0.42927541893824905,0.45075829799134687,0.3389712540270372,0.4639740493665157,0.21756184610112117,0.3662834352719807,0.42115590733096364,0.4780484272065507,0.4134359551137529,0.36939108241894897,0.3217975560774379,0.5708665835292338,0.38638788377270605,0.2603181891327076,0.16872164689080119,0.5286812713833764,0.2920726727794182,0.38700890422162276,0.1564575005640178,0.2513925923570482,0.42661970572087476,0.39856686330660046,0.939623586529457,0.28959037808878735,0.5261040729203919,0.27146587153462903,0.27610326947158087,0.4362323619091449,0.05332568942659492,0.39713666575211887,0.40724850939222723,0.3053568272475177,0.22360511682458145,0.2779095960550273,0.4312033679984835,0.31239325553995495,0.2950670142256372,0.2757176013749285,0.5062626021741612,0.25508335108966307,0.48211373469055646,0.32488302415127,0.370067270598734,0.033741791439381115,0.42294360472635095,0.10317735108198113,-0.006982538861993153
0.27079708875874176,0.29730365790982066,0.4559747486820179,0.2718899337634934,0.07595686072437982,0.2652191599860602,0.19043378816622483,0.23485102821628204,0.10369777784751665,0.23233777901684421,0.2508962914932875,0.22427121865704033,0.23604177220511272,0.23461144335527717,0.22572858516914857,0.45336706346076655,0.34136762268970694,0.01503038192924586,0.3659651534315779,0.1946895954723987,0.41214002585760884,0.24972627059361804,-0.5077638782610051,0.38035045531154316,0.5232350806630404,0.3467721933916421,0.28959037808878735,3.732640807382343,-0.09314936948498327,0.3636140859303484,0.4788381453783746,0.4093697299257916,0.6636487936704913,0.2295545864024779,0.07865069652765712,1.231234620933275,0.18233408280180965,0.1877112068704084,0.22462456808005093,-0.16872834021901578,1.252106881811271,0.4468884705855976,0.25043245332197156,1.1044600538627505,0.5617277091571611,-0.010912321574576705,0.0842768822644667,0.33098078906373796,-0.6265970995372623,0.17339738087437478,-0.0976052487881497
0.9812445074091889,0.8173825254648811,0.2963291963142992,0.5452856386200827,0.6685450274211586,0.6860231786987143,0.46599960977217353,0.6228463988188906,0.2598142673919185,0.5921256420391197,0.5426254538658092,0.5088797236663872,0.5959635619283163,0.5435368858091787,0.39929926096111307,0.768351628454433,0.5486866029114424,0.6111277678622834,0.2582981612612443,0.8228699940775657,0.3493376629326489,0.5363692848514846,0.7359496436661992,0.22314241531020323,0.7912289583028087,0.12513091036781587,0.5261040729203919,-0.09314936948498327,3.186755549935714,0.4059529816307359,-0.2165517599751717,0.5487507537965121,-0.8872124919117639,1.1135578226398883,1.2793209769385423,0.5570659400269664,-0.1343432796319726,0.2825422803403532,0.9040072773543834,0.6567269775570561,0.8197829339127062,0.3036724419960383,0.8358938218674528,0.36223276801957355,0.3789702696560413,0.49147594961733165,0.7140513099467428,-0.22619796093201833,0.523137229862434,0.11252163441018773,-0.04226823824837105
0.3090123956579976,0.0484983793934498,-0.23641886216903374,0.19167215697329107,0.266015134808318,0.055016876310457916,0.14163916843274663,0.2859982699860248,0.031449173322144204,0.3390008818587408,0.22071439332923384,0.19616005132041164,0.25052736188343777,0.2777009817391599,0.3214340173799304,0.4461295936782906,0.24061345512945076,0.14110117778029854,0.3087783120866177,0.6537337873718518,0.14803236050404386,0.25722991482366636,0.24939742999589745,0.6679289452426151,0.34213657270524916,-0.006152942515611902,0.27146587153462903,0.3636140859303484,0.4059529816307359,3.7753623855773686,0.4215309537727414,0.17033455043725945,0.20142136749243011,0.4365234725636665,1.0509133659958036,0.10511048512044766,0.6924102999782651,0.5032826210473804,0.9375744063757128,0.26596900962419157,0.7320374106220912,0.09149719537118006,0.7838210800871883,0.670308236267991,0.872923513219471,0.4396039596761759,1.6097495611420995,0.4227462109570569,1.5818301500177296,0.02330330639222987,-0.007216146475371619
0.5606566419991712,0.4664977378417295,0.2411204960163537,0.36996863315322065,0.4629599119790817,0.4320122043156592,0.3200851947895689,0.3064511915225116,0.23500383633075206,0.32320820621043606,0.43593378523573606,0.33593227354922056,0.31853340033686167,0.34126238670442166,0.37767106067897593,0.42572845854596125,0.324867990312936,0.4679677796292689,0.18506706166870854,0.3899651914521913,0.5043896700599011,0.3123622868157222,-0.3419664976127112,0.39981141876492726,0.1447671763727548,0.8852158121668111,0.27610326947158087,0.4788381453783746,-0.2165517599751717,0.4215309537727414,2.68247380399466,0.47878738860811887,0.7228814423088165,0.39860826413777445,0.7784645852721327,0.48003428379475477,0.36668388592714,0.33433092889166605,-0.0027451355555963707,0.24546615168949856,-0.41145265434898126,0.4623627708968644,0.2388511773490838,-0.03258811543693737,1.326941107079968,0.4111239452896404,0.5442453851705144,-0.16822366825648377,-1.136756567489537,-0.13583086606868075,-0.011029792052278034
0.5543328586713001,0.3456340501698344,0.26300847566205454,0.43845636817760286,0.4999155324781112,0.5062467067036356,0.349323051635906,0.4200477888553383,0.24999896944271563,0.3353981841147999,0.4252905534672988,0.4622588943342584,0.41126550380031945,0.3911664963827863,0.3401009503753128,0.5715727370530058,0.3509871543022214,0.3477829570005988,0.24535449499797027,0.4365564475836608,0.35408421727402556,0.4322809841471486,0.18431644505949588,0.45547551721108315,0.42462995689367083,0.6306828039011345,0.4362323619091449,0.4093697299257916,0.5487507537965121,0.17033455043725945,0.47878738860811887,1.066543125822272,0.026703266034631815,0.48622251299573166,0.18899822801125354,0.5216669123965089,-0.11107355063350613,0.24971086634792,0.3035257472056647,0.19382767360572728,0.24056586421522047,0.31370549898666367,0.3188842894350224,0.19638722115664806,0.4035021477315831,0.3303127206977641,0.3733226203795039,-0.09469049674962254,0.10441808631801845,0.027259579225416605,-0.027955992575573865
0.2566851250764811,0.2190203690964419,0.29034604534593594,0.20192073711978473,0.17740696800017072,0.19315272777805487,0.1886673848610743,0.13016430859223285,0.18522791549631873,0.18438858499271596,0.18363283931781013,0.19263474248145362,0.17705004657797765,0.1755872041259591,0.2777263566430929,0.035592928319733874,0.21671151333282684,0.279290438748711,0.2106112415521763,-0.00910545800570627,0.43043158195322484,0.18132659087064992,0.1721911443072925,0.8773495993794393,0.3324517881208847,0.134286615734339,0.05332568942659492,0.6636487936704913,-0.8872124919117639,0.20142136749243011,0.7228814423088165,0.026703266034631815,2.710868126056803,-0.21674743182947084,-0.1989931050181705,0.2243229575838356,1.568952007999036,0.1494775545090039,0.12140072860445482,-0.08741813055233369,0.24839220265997508,0.3715703375573963,-0.18942499201560312,0.3386211759537859,0.7568211249011934,0.20709497157372647,0.24022946449614055,0.3519418805546475,-0.5200030683198786,-0.17600030036017514,-0.011945250004786082
0.3447729382342697,0.36007916537236384,0.1153333524092418,0.5567626533552185,0.694548958624501,0.5125172690527825,0.3640492010563072,0.47582121321238907,0.17737063721821583,0.5683703866148823,0.4531730749706825,0.4549511913544201,0.45083593272059796,0.34984035483543025,0.3261388215301688,0.4926640113221585,0.41739324041692644,0.5143715785521192,0.19958521533222767,0.6494565928439275,0.2747460360039758,0.3346247411131637,0.5398306408410884,0.45915615412569233,0.5671381302638167,0.39325374346359493,0.39713666575211887,0.2295545864024779,1.1135578226398883,0.4365234725636665,0.39860826413777445,0.48622251299573166,-0.21674743182947084,2.2385092888811067,1.2523109395868752,0.42200219552379914,0.655359851190674,0.3436749328123995,0.4884902867345197,0.38206992533892803,0.06610417439524825,0.2417485121839825,0.7200926072866559,0.5268476130712668,0.5778142301452105,0.10818641424914348,0.5941895908172852,-0.08490907691780578,-0.15977792483888723,0.06055820662877079,-0.028553187562604672
0.4407869306473974,0.4988694684026032,-0.11131498580583049,0.4182129209082001,0.5991106856157719,0.3437005182684484,0.2536551100742681,0.3901537242608962,0.08196051165947399,0.46662239039732284,0.4472581698970896,0.20746464794095834,0.4163572528256047,0.3987442257200301,0.3563137929834878,0.725492029167429,0.49700455862633725,0.48139654117148345,0.12243640699469255,0.8988454107367825,0.42552095856134287,0.39654250227767984,0.1950018317909731,0.47655234956477655,0.5742999588826121,0.31869618833617847,0.40724850939222723,0.07865069652765712,1.2793209769385423,1.0509133659958036,0.7784645852721327,0.18899822801125354,-0.1989931050181705,1.2523109395868752,5.964054709561125,0.13177894524290892,1.0797319620548351,0.5906196202476597,0.537389884683589,1.7755616676791939,-0.9597355084043299,0.45074152189049327,1.4395203015121507,0.36358349161811704,2.513497849798632,0.4830082333453592,0.8748513406810475,-0.3014187511988562,-1.39951361754962,-0.09619694538187983,-0.018388575696823378
0.47911202476200354,0.34524699604311704,0.5284266109729797,0.3487001158452105,0.2531727787970028,0.3600068498132959,0.2888824857318568,0.22771753175296233,0.19359736975714167,0.3643817914791506,0.29909322973129854,0.2739501672755013,0.2928504039262384,0.34129716748799904,0.31876940021354966,0.42518080352406473,0.4068514919401958,0.35317341579273726,0.37735450589257524,0.27810521089187606,0.4995872396881304,0.3649300334191355,0.44675894188095117,0.4409254424106667,0.6451784898547456,0.3526087627155317,0.3053568272475177,1.231234620933275,0.5570659400269664,0.10511048512044766,0.48003428379475477,0.5216669123965089,0.2243229575838356,0.42200219552379914,0.13177894524290892,3.1133948852667137,0.01348460851259504,0.15325067271579615,-0.12278574568172967,0.25340155693672356,1.4942265377605262,0.476100493522949,0.03299802004294554,-0.1090958599074072,0.23401950729709436,0.7787849393130305,-0.006134350674604913,-0.20370853129377658,-2.15859354005712,-0.0034686424851101323,-0.07441317683426536
0.40135978636785746,0.9572464319309552,0.15232931182770923,0.2822644447594582,0.33425328777098057,0.3831868088980358,0.2481984176264911,0.3473299386666043,0.14796238384536806,0.3828420024794722,0.26819321844524197,0.2131200072384754,0.31210158913624214,0.2536976577820598,0.19471844752666173,0.34489845180534395,0.44810861160496407,0.4484478271298459,0.012817346809445546,0.7943858588286856,0.33166298297762414,0.23814616710558392,0.3744224038650014,0.6694260718064989,0.4592167619524493,-0.608187376775517,0.22360511682458145,0.18233408280180965,-0.1343432796319726,0.6924102999782651,0.36668388592714,-0.11107355063350613,1.568952007999036,0.655359851190674,1.0797319620548351,0.01348460851259504,5.1494885385372795,0.6654347099682351,0.6607043501746799,0.24297769936809407,0.1088299743949337,0.3142556514587535,-0.10888933823694469,0.634133092822902,0.5092800157029534,0.36217524513354316,0.6225613361028137,0.5277234839906105,-0.17028021014420547,-0.026394734588895,0.006209938578653753
0.36682312442390796,0.28450572200295,0.15514073243651993,0.28137891684073624,0.2578591265261936,0.37977396065620006,0.2087343719453005,0.28749968743012205,0.14962550139174954,0.2417291635341955,0.2718808675720823,0.25477909554434014,0.23698567514004024,0.2579537682116567,0.1810770361079718,0.3594090867468288,0.31275711530203615,0.22195709109046424,0.12252110577949868,0.7079074396784937,0.25223762461511734,0.27054026484774146,0.13497035268826088,0.26889612031136095,0.39797697338594196,0.1389436357329591,0.2779095960550273,0.1877112068704084,0.2825422803403532,0.5032826210473804,0.33433092889166605,0.24971086634792,0.1494775545090039,0.3436749328123995,0.5906196202476597,0.15325067271579615,0.6654347099682351,0.9298949253268717,0.3734694070098954,0.3047175252261895,0.039827329990701994,0.24790825048940426,0.5425525041421856,0.39422462871810293,0.4167904163880638,0.27576392408689987,0.4407189185628455,0.12947471123885698,-6.1591647086883e-5,0.1011003578360793,-0.04063806313692939
0.862592587377348,0.5650812619476158,0.22975446036315597,0.4730263494706007,0.6637137048348536,0.5031280584713762,0.4576063722943216,0.8569979286837409,0.2773809305250612,0.526781372987049,0.5711850907911834,0.5130583244083262,0.6828091943281679,0.4011629446443582,0.3467120159640496,0.6297146968329506,0.4716328451591223,0.4833763414493762,0.2331342697835678,0.6119854532851792,0.36551503354431636,0.4566446286840692,0.4879199365243097,0.3280941847231612,0.5492363145138991,-0.3476728790807015,0.4312033679984835,0.22462456808005093,0.9040072773543834,0.9375744063757128,-0.0027451355555963707,0.3035257472056647,0.12140072860445482,0.4884902867345197,0.537389884683589,-0.12278574568172967,0.6607043501746799,0.3734694070098954,2.659383647632903,0.41498775128890597,0.4075649707106952,0.29921466793240314,0.28031218512052875,1.1388685382706774,0.6307990588422971,0.03596086857732014,0.8337603537262672,0.4259654798796312,1.8184702974424245,0.07681983489432394,-0.011493303090318405
0.4001386636379214,0.2944707484507011,-0.17111665105873294,0.2353917297974574,0.431012716253857,0.3057952146443444,0.20474453799695788,0.3071640867878209,0.10524177152068954,0.2518076994664751,0.3088584106823527,0.24493343119336147,0.26637763074294385,0.26137990430522434,0.2271760882781564,0.43684111072739834,0.28438093643687923,0.284490336630638,0.05586589831008429,0.5713141196363087,0.29173022461321857,0.2756133070615662,0.2390945593542846,0.189519400440193,0.22384136619065653,0.23558975500595888,0.31239325553995495,-0.16872834021901578,0.6567269775570561,0.26596900962419157,0.24546615168949856,0.19382767360572728,-0.08741813055233369,0.38206992533892803,1.7755616676791939,0.25340155693672356,0.24297769936809407,0.3047175252261895,0.41498775128890597,1.6961744308775497,-0.6433884810267028,0.2766552986654859,0.7078938831135329,-0.26394287571921704,1.3996641897467597,0.37945361342189105,0.3736186490556004,-0.18290796104116827,-0.3256410343949698,-0.029812940385454588,0.042428239416596854
