0.9727262206361995,0.2338926761152893,0.3598503252371249,-0.23258836942795472,0.2029491392276791,0.01627879229628922,0.1921561443344051,0.019808653202598732,0.03888827368846602,0.05494508039567583,0.07398506552174833,0.11377564597107821,0.04523377297291668,0.06226857419639735,0.06485617946698044,0.07596576766837336,0.06759953188412107,0.10202857618089621,0.07526858634978097,0.010122738610640409,0.041142465789135316,0.03928440521934805,0.0011725755784730227,0.0384407661393368,0.041223854176870835,0.013863017887852309,0.0544609060902181,-0.01756857404844169,0.03923608175978274,-0.022349232605141604,0.09767814309210496,0.0842057099021205,0.06378094873847247,-0.0631302817933367,-0.07949804065914572,0.10191057073717913,0.1337747738375965,0.04614598800845281,-0.01648139760577974,-0.07327518991201493,0.03738382188956566,0.03379039459718101,-0.037033305181084435,-0.006884027609941229,0.04049580750484405,0.13620914873000717,0.08403465059197371,-0.005686371374604253,-0.09348901927436772,-0.025274003827144603,-0.016001760797628165,-0.12767311662162562,0.1867127256106751,-0.013676547308107231,0.06677360917874858,-0.02683540938520576,0.10379749040349857,0.1285536609172148,-0.30947330807903484
0.2338926761152893,2.320350738348413,0.28027259811203753,-0.6617275450555021,-0.0960243245141375,0.09218410524472699,0.055594928599872244,0.01654306298664043,0.02723536277566369,0.123841120597415,0.0862492237413924,0.06672806117033976,0.021755150928845633,-0.06271928474421597,0.07144174105598719,0.06060349471068052,0.19914938394284742,0.43816126871168654,0.034687328257694064,-0.1450294493878709,0.06334287641479121,-0.0153258669497099,-0.12698645160343924,-0.006326510554799943,0.02777008080948456,-0.04902483149259397,0.07465058084339152,0.21246270885714882,0.16092405549919958,0.07642325759531049,-0.0009803824475017632,0.04424055364771216,0.015958595699614404,-0.08991671267886778,-0.12157308143372002,0.19189724024822422,0.3808314934790504,-0.039502841490757716,-0.10604733095591137,-0.07566136612639786,0.09923647331003603,0.039344257379038614,-0.06114712144747464,0.0001887626646368797,0.09116169098333476,0.15984844863327316,-0.01241484806644954,-0.007361635262813455,-0.29023625345132287,-0.061113973861049525,0.2652570904459267,0.11880488727338469,-0.14663218971425437,-0.06299826397738124,-0.41554121606756717,-0.060502408163905785,-0.03960061037902828,0.22414702492263774,0.1852285764138621
0.3598503252371249,0.28027259811203753,2.0535770569342837,-0.12000080518256442,0.11138306253452941,0.15480200933245558,0.17619507853723362,0.1473320651509139,0.16706951138133103,0.15402216653307096,0.10297161041054183,0.17064065280088228,0.10888828509399655,0.0009900212996133198,0.13792201704813434,0.12319314595754871,0.2566352523751853,0.19043803257644837,0.1440206992349151,0.2119694959498237,0.12172043116549353,0.1141390276380179,0.08637613327031936,0.06541760438758393,0.11563924810231248,0.28089256026169923,0.12472324256897178,0.1941052435338462,0.15609047604153994,-0.5432334422544207,0.19089922283329752,0.06333629212484615,0.3657474364689045,0.4765475128941762,-0.3546227654172372,0.42059389996378593,0.1962150140061443,0.16561464442870236,0.09843541544039491,-0.4554203863679709,0.11768044252104234,0.12109509541739089,-0.11071028001979843,0.07860787228335135,0.2561372512406806,0.5018632404417854,0.16173257264361865,0.003953518282319856,-0.49346492221680477,0.09820158138459259,0.0914167415963508,0.020367303344577075,0.08293061926064021,-0.23863670076561458,0.04246979465811023,0.06898700668401522,-0.13564592104300163,-0.14543268030268677,0.019021520681882197
-0.23258836942795472,-0.6617275450555021,-0.12000080518256442,2.6607605439475517,0.32557901241671083,0.388358827288263,0.32271978739498824,0.5118146465972946,0.04406041468108521,0.08440938333862719,0.2604527478144646,0.3028546289982311,0.221024693302309,0.5271100650075862,0.2023314461769891,0.32357758714271695,0.22101997768687814,0.06247425580601008,0.30168050879733377,0.3845700869819655,0.21536650346665132,0.3012105965000071,0.37691711251282306,0.26699519534817096,0.34678465675659925,0.340921029303969,0.21024069935604386,0.019093178551366958,0.4076322452895707,0.22363609071922924,0.07088671898503787,0.24249692674888393,0.09324600322930368,0.49657062223335946,0.31956810185052065,0.16304964797489072,0.07201495372011081,0.1912453109880418,0.37261214608468124,0.23776116857139606,0.2424277197947835,0.21841100710335087,0.30468961370207404,0.06979463692858288,0.24079052882967164,0.2747029639505448,0.41937287929616746,0.037887038169082975,0.286315961365036,0.19519554097008623,-0.0329677310915896,-0.04620365892485093,-0.25821449950861264,-0.043283884919284275,-0.05806743996873305,0.019234709698696416,-0.14698349977684788,0.08164372835858322,0.10220931261646725
0.2029491392276791,-0.0960243245141375,0.11138306253452941,0.32557901241671083,1.1825065841407802,0.10757450060563468,0.17460754796664613,0.16426213494659658,-0.062342769833168464,0.07157975910436397,0.13229120705942546,0.18151914041969955,0.11898648713482286,0.14438772395748128,0.19284116408939359,0.16090292104124576,0.047948439133758895,0.06196212877202186,0.4893147046535389,0.08439779211166216,0.05033909752098166,0.10261538689420621,0.2363549581479285,0.10019667871211325,0.11944807041587259,0.13356619888172494,0.05511526228926516,-0.03482922339551369,0.22164816503986556,-0.22474360034245866,-0.017773385107606874,0.13096355657601996,0.06437365225546032,0.3408190256196522,-0.03885982496367093,0.04449769024584563,0.14449902685300556,0.06552711238801197,0.24430050977705164,0.025638606886897657,0.03137215183380597,0.06014365349491331,-0.02683789827878159,-0.021393845749954253,-0.08286444237680322,-0.005433318110890697,0.1842120842713462,0.002525734344535199,0.026637535369134255,0.28097055106367774,-0.15043904446961986,-0.3006741126689098,0.06804216255934933,-0.03937226566964836,0.06093144356080304,-0.17448096308803537,0.02362406612882031,0.003560617415427511,0.08987146723792633
0.01627879229628922,0.09218410524472699,0.15480200933245558,0.388358827288263,0.10757450060563468,0.6774340535952575,0.07498878774497868,0.431148404133588,0.07087541502062242,0.1195473723941811,0.24614812172735887,0.24755302831171971,0.1753488782344389,0.24921382681479393,0.15335207718862595,0.2012594353515008,0.2732520007912477,0.1654814991192884,0.30984357537151724,0.34819469525840807,0.16646861411598893,0.2815345155782274,0.3202790499304242,0.15862875138603533,0.26660843419896957,0.28021824482132063,0.19201238424421824,0.01180378787048269,0.43894682188528716,0.12465830831563086,0.07188002027660215,0.2278800205772052,-0.01963201197190186,0.2936337830084323,0.10011065565726217,0.2194189190215189,0.17102598945149583,0.19374974690640417,0.2762577684519536,0.11415283421228975,0.13670501506485194,0.1694461764983386,0.15563599037633208,0.04682465991241692,0.12254967512540325,0.25793621013423923,0.264013561896841,-0.00633821480958059,0.21577090085494818,0.15823456892933782,-0.10104672180596513,-0.20916828776994686,0.0364775420709411,-0.034895358710893574,-0.0560631583493241,-0.025161370803288986,-0.045987242895230165,0.10210382345866435,-0.0201155156837578
0.1921561443344051,0.055594928599872244,0.17619507853723362,0.32271978739498824,0.17460754796664613,0.07498878774497868,0.6098580771855614,0.15500963253072972,0.11708149121569025,0.030982246080605964,0.1901588492954679,0.2632462568298924,0.12573403025671667,0.12143100729440966,0.10965408513938822,0.16189384281374872,0.1273997873062597,0.16384032472475513,0.09582839612194433,0.20165860389321874,0.1325874122932675,0.20012508303631446,0.18849885349649054,0.11445450200073953,0.17940056258826004,0.17083962836677083,0.14125102236912299,-0.028928987308345786,0.19104841032173586,0.0630243606437788,0.08155325198008642,0.131740864555575,0.12614062312963714,0.2262414936140708,0.049835689406000666,0.1766735057165682,0.09879106486342766,0.11455769553334146,0.15001438674963968,0.05684859080858843,0.15116714724127886,0.1229204052348224,0.12267580371176943,0.01700911336367359,0.14613696469125548,0.22316791572180864,0.18272134809766302,0.017105772775939724,0.16263368341112353,0.005290250006392816,0.008412554698236511,-0.10283265689044783,0.06571844164864195,-0.04604038953061215,-0.014713739321325933,0.07812276998605887,-0.08722650802858134,0.1314664293079639,-0.23577956605883976
0.019808653202598732,0.01654306298664043,0.1473320651509139,0.5118146465972946,0.16426213494659658,0.431148404133588,0.15500963253072972,0.8079161752385514,-0.010831603918481925,0.1828082430461635,0.2652655010757895,0.12962936750231852,0.21901599618034195,0.28682687374585325,0.1358910217716916,0.22773197641266832,0.3343496825847438,0.2141086308789709,0.2527911349290486,0.3510807962879546,0.1915527514968713,0.30909545127448323,0.31810728860024534,0.16459860565355644,0.30555734748774815,0.30649512140128454,0.19427161979223764,-0.05321666425368242,0.40434763425001635,0.15194902813150998,0.0914173795479351,0.18459949210367188,0.09831456684375256,0.33903559112302917,0.13683860467369746,0.2265847081228108,0.19682611420969937,0.18907365111398525,0.37798047772747195,0.1350916677398965,0.1747902326764427,0.1865225208810446,0.19085371422500966,0.06022999550808939,0.15110982248807747,0.30273486196029803,0.3736331852265877,0.0004198550628087877,0.2525015668984692,0.24341032735262325,-0.027466463923555645,-0.13867255551785473,0.026948789716041876,-0.13787407076295566,-0.11733656393329442,0.010460664661750276,-0.035980302734309653,0.19975596309292745,-0.07654996298849068
0.03888827368846602,0.02723536277566369,0.16706951138133103,0.04406041468108521,-0.062342769833168464,0.07087541502062242,0.11708149121569025,-0.010831603918481925,0.5451549164324835,0.14186310353781276,0.09273405950125714,0.13089597370038553,0.06322368235720072,0.10167877029061792,0.12544180779143305,0.10063655389372116,0.08458747745137747,0.1585582426575365,-0.06593030564092882,0.15132428642668988,0.12687838904421272,0.07646564622565165,0.09792581349796725,0.12043629666866716,0.11381858837954044,0.19084518289908964,0.10268613634962412,0.16777815719190478,0.04739581873171149,0.12931801943328336,0.16118434588081687,0.09951658403811513,0.2310403530543324,0.03915054512605621,0.10157746148139501,0.08149985627440681,0.1536998369774496,0.08858206552251037,0.07186779021478495,0.022840580885084512,0.15146720073004857,0.12392636107223456,0.11358137599793586,0.010812712094387956,0.20175883894964486,0.20306809421765748,0.2697148467271315,0.06606387341631043,0.1781497761054349,-0.0537369859144901,-0.06633564979652935,-0.182926734227643,0.18487386256149854,0.0008056579827619835,0.022810768184042218,0.12806666048015836,-0.0768970964371258,-0.017220502526179654,-0.10522321487693419
0.05494508039567583,0.123841120597415,0.15402216653307096,0.08440938333862719,0.07157975910436397,0.1195473723941811,0.030982246080605964,0.1828082430461635,0.14186310353781276,0.8341583913906628,0.22255143254429657,0.21606522052331922,0.17909577220382977,0.13457438958767567,0.2019260462432685,0.18289355881193248,0.26761476824198144,0.40014877262116094,0.07658397000186366,0.4202371930832773,0.24410241484169573,0.21114887984526146,0.32711326445269456,0.22717690118482914,0.2577602628054827,0.27243527058343586,0.21708783250815197,0.23877710524307966,0.35675604677319267,0.21935118909295526,0.20457105687814203,0.22910027133052788,0.22077740367703103,0.52403168260385,0.3204601534290511,0.2482882976975795,0.26387525040816345,0.23533364926355377,0.3912001050191914,0.23844729934629313,0.5072431160316648,0.2491986401163249,0.19221618995624823,0.0013877477188377753,0.35747629531324493,0.446842795226462,0.9080429541341428,0.07394027596633349,0.14242727446446862,0.06374782369129899,0.001087094197268288,-0.05532446644616877,0.05037559604830783,-0.03995079574135438,-0.05278877490439289,-0.04883411298098436,0.030541571540151285,-0.0029660446383001303,0.006474785836949653
0.07398506552174833,0.0862492237413924,0.10297161041054183,0.2604527478144646,0.13229120705942546,0.24614812172735887,0.1901588492954679,0.2652655010757895,0.09273405950125714,0.22255143254429657,0.515950763963804,0.31449460297082377,0.19362942954269938,0.1882484891176591,0.2648929763178763,0.21516139642482743,0.3192546386996436,0.23343494552169053,0.126628954484472,0.27078633787049095,0.18123957252905126,0.2185592143569167,0.31255599443436793,0.1910265987314813,0.27911851152062706,0.2450082450148847,0.20494909617243184,0.12248343854035346,0.32494323408428205,0.20823552125886932,0.1526468453116941,0.21270037631422514,0.17981739474661101,0.25144729857659415,0.18909844095492628,0.23227688022097984,0.17458356101250522,0.155456034177217,0.242038700878158,0.13265212389438485,0.24382942349416412,0.18431653101310852,0.16465864635208752,0.021748852763184934,0.1620701559094872,0.3395937121612776,0.4567717930058981,0.03711598051246382,0.10796375613537569,0.01732392561762004,-0.06656852373654054,-0.17846302425315447,0.21213515236386918,-0.031272227623349365,-0.05382666476133125,0.05425438227030376,-0.05139514267920514,0.11379432625435401,-0.13809164263018764
0.11377564597107821,0.06672806117033976,0.17064065280088228,0.3028546289982311,0.18151914041969955,0.24755302831171971,0.2632462568298924,0.12962936750231852,0.13089597370038553,0.21606522052331922,0.31449460297082377,0.5977581506871109,0.12004966319454832,0.20786131353829965,0.20227448397513673,0.23651290565937974,0.2092294938893039,0.24184309443484114,0.14629841375492658,0.28344548780847384,0.17238740972726324,0.205523197987866,0.3399516663516498,0.186715778137985,0.31862580872089385,0.23245640409639345,0.22587285625512482,-0.05227056326376427,0.3563700320468705,0.1828112721967189,0.0833579142234023,0.2330581901259142,0.11578605969879961,0.33386216292812265,0.20186553957180634,0.22505172387481992,0.1340084169823924,0.17088981915731044,0.19807498597099615,0.14225305499331672,0.2714407794313669,0.17992801621635512,0.18314943715519247,0.006707937168371489,0.26172148545126184,0.3502130367571779,0.4759025546872918,0.0480516582093278,0.17414885548781903,-0.04864520763022257,-0.040460785631453965,-0.24255731067753403,0.16947462905603078,0.04786691364052414,-0.045175243786191324,0.04819940824294255,-0.10277070614365978,0.08607346371122498,-0.1724470356408565
0.04523377297291668,0.021755150928845633,0.10888828509399655,0.221024693302309,0.11898648713482286,0.1753488782344389,0.12573403025671667,0.21901599618034195,0.06322368235720072,0.17909577220382977,0.19362942954269938,0.12004966319454832,0.33428826532661093,0.1182455615944563,0.09765732482932926,0.13610602818594025,0.15337844990695912,0.15419748343977052,0.11296268655972776,0.19866412982475365,0.14520197386324088,0.285029643844766,0.1562583752272922,0.13518381140630892,0.14757782669786082,0.22074817995580723,0.15371240036534692,0.09126894579239264,0.22096142535134936,0.13667091852243704,0.08284120061727795,0.1695327837988721,0.1118827787800803,0.1940108867560056,0.15718379765544732,0.18943828749720015,0.075846325189818,0.11346761558744926,0.24754885303314844,0.10902022347488488,0.19253160664177066,0.13937421252084634,0.11992638544289692,0.03979166262168711,0.145005697369297,0.25864954121994965,0.2619494376805584,-0.003819853345568109,0.22119367748250515,0.08781078947536648,-0.02753809187501403,-0.1018192373794252,0.0072784120250417115,-0.03019497422652078,-0.027288105025285395,-0.0034726834041922117,-0.05037421875234158,0.06948119989493606,-0.04785464063227054
0.06226857419639735,-0.06271928474421597,0.0009900212996133198,0.5271100650075862,0.14438772395748128,0.24921382681479393,0.12143100729440966,0.28682687374585325,0.10167877029061792,0.13457438958767567,0.1882484891176591,0.20786131353829965,0.1182455615944563,0.6440990371023593,0.1983659638943129,0.30808861096238577,0.25691770010252707,0.1282887628711951,0.15507545964938638,0.1923117619635088,0.1382530611491763,0.1738114282306732,0.2741137310953944,0.1824261867373956,0.2613643798691486,0.22990424998473002,0.15039252349246082,0.1646316967852597,0.2659400794797432,0.2526545066818264,0.09573091890123898,0.17851199233318438,0.06854216357486036,0.2104676281283952,0.26662579251243496,0.11233008831550963,0.14327724243013326,0.11006427026363493,0.1334204253143187,0.14449688761851923,0.23401989065325834,0.15516576465895174,0.19763424740305952,0.043683884554635316,0.17282436923172073,0.2627804829500593,0.37321971917694235,0.053980179441170305,0.3347418522017719,-0.05540975541178674,-0.048485835193364926,-0.09419457126774274,0.08496951996899611,0.06249019298608752,-0.11122385219276243,0.016456142244797987,-0.08620455628902411,0.12840655127146308,0.10302784131192676
0.06485617946698044,0.07144174105598719,0.13792201704813434,0.2023314461769891,0.19284116408939359,0.15335207718862595,0.10965408513938822,0.1358910217716916,0.12544180779143305,0.2019260462432685,0.2648929763178763,0.20227448397513673,0.09765732482932926,0.1983659638943129,0.7222829806666661,0.1681848686473212,0.18969510428462144,0.2130828409591022,0.14470100605354244,0.1714956298097198,0.17673823493475685,-0.01707154007265132,0.24379823278926577,0.15363667815845883,0.28900174107907034,0.2634883697142801,0.14096578495930773,0.34311205998604655,0.24611857309518362,0.1666859736147429,0.1407505811859549,0.1031654310179298,0.21013641044098222,0.2779912043151919,0.20646354483864934,0.12232973832486316,0.15493303136246167,0.07518140902615034,0.24597500458961752,0.09719771680380741,0.24465515848535288,0.16839627592193665,0.20271068007442022,0.018067404155410072,0.3170194254304543,0.24980820656687203,0.37876237750040526,0.10279781109665106,0.0336613257157642,0.13982896657952312,-0.042593525220554894,0.03202531142581605,-0.15320707725699562,-0.0004355172963382614,-0.0484235321329511,0.14840463435812215,-0.16084453894807052,0.10620982436998318,-0.06138161654877537
0.07596576766837336,0.06060349471068052,0.12319314595754871,0.32357758714271695,0.16090292104124576,0.2012594353515008,0.16189384281374872,0.22773197641266832,0.10063655389372116,0.18289355881193248,0.21516139642482743,0.23651290565937974,0.13610602818594025,0.30808861096238577,0.1681848686473212,0.6058204993750865,0.22473569526766882,0.19993411342974085,0.1405981485394023,0.17323081151565525,0.14113266776689537,0.17624229639922012,0.24828635922373768,0.19430523830990085,0.3030196684717525,0.19115846542204973,0.19829137639975228,0.136927801816531,0.2691502861986468,0.2286390681431488,0.0707002324071782,0.22476739319657363,0.10082774529355766,0.2822587924026835,0.2501110232528285,0.15581959017564648,0.1503475545915308,0.09520605649359486,0.23808393801216424,0.1360584182580155,0.23882944931456207,0.17034947407405238,0.19435722029392055,0.067129647983528,0.18819449999464008,0.27865182473973626,0.3812294035208795,0.04456171068011066,0.18687584808952912,0.010662955716524428,-0.013637052450040592,-0.12778343747080262,0.0634975683591746,0.00533505142265987,-0.060305962191692535,0.032960189079686064,-0.08306499882551562,0.10523425123137092,-0.020335224024966618
0.06759953188412107,0.19914938394284742,0.2566352523751853,0.22101997768687814,0.047948439133758895,0.2732520007912477,0.1273997873062597,0.3343496825847438,0.08458747745137747,0.26761476824198144,0.3192546386996436,0.2092294938893039,0.15337844990695912,0.25691770010252707,0.18969510428462144,0.22473569526766882,1.1038862524316861,0.18955300746044726,0.12474443352090547,0.22458133062825342,0.12582486945824056,0.2003748844211716,0.3052250176196416,0.23224322972577013,0.26916786472406196,0.1433527518804026,0.1730277827478455,0.31113885421848286,0.3494362837685185,0.16524473481934113,0.11510096969312088,0.1710356374090787,0.3878305137579909,0.2263384215334065,0.028547946639405596,0.16577695645609528,0.3672551222408859,0.1602177994041859,0.027825770532777273,0.019640785936121015,0.21119307932353307,0.14999561180768978,0.1682988870269737,0.009101582396850412,0.021752093736305534,0.352708917752166,0.6888924655881511,0.04823599719054508,-0.006548583935214976,-0.10166167410482632,-0.05066804562582362,-0.1251124337938027,0.3170691919380362,-0.0743426154345354,-0.01967244372015259,-0.03767988893781073,-0.040876453013493574,0.057972269156557975,0.14938397327902314
0.10202857618089621,0.43816126871168654,0.19043803257644837,0.06247425580601008,0.06196212877202186,0.1654814991192884,0.16384032472475513,0.2141086308789709,0.1585582426575365,0.40014877262116094,0.23343494552169053,0.24184309443484114,0.15419748343977052,0.1282887628711951,0.2130828409591022,0.19993411342974085,0.18955300746044726,1.0077361834192546,0.06733769447116601,0.05343065369097267,0.24399984734892521,0.2800804079176555,0.5899041531341299,0.21953786192895786,0.28750614814232234,0.5228651147480622,0.0802370590515948,0.26309669510839967,0.32102475063431596,0.14030511900735693,0.19741882285781806,0.19294209188578268,0.12080656437760126,0.3844419045673781,0.3233774164592674,0.2186378228282299,0.3024480778619371,0.06201569810206,0.37561665602752026,0.18952232043632636,0.35680975715086516,0.235174105209662,0.24470787246856773,0.0029069143501712336,0.39597949053813525,0.4240620149862142,0.5774673695586751,0.027817620176140857,0.16504083836716055,0.10930746682802245,0.07832663398802539,-0.2077829823475418,-0.03495348166917919,-0.05839854963143133,-0.23246223796968288,0.0571923945403657,-0.09574701524260658,0.35825179923086825,-0.21413985681864714
0.07526858634978097,0.034687328257694064,0.1440206992349151,0.30168050879733377,0.4893147046535389,0.30984357537151724,0.09582839612194433,0.2527911349290486,-0.06593030564092882,0.07658397000186366,0.126628954484472,0.14629841375492658,0.11296268655972776,0.15507545964938638,0.14470100605354244,0.1405981485394023,0.12474443352090547,0.06733769447116601,0.5995663619065699,0.2008744230170337,0.08652846827631437,0.12531329889059703,0.1257429103052666,0.06995736566578667,0.10037416204599606,0.14549240577007663,0.09266683915561005,0.12340725814982653,0.25087698334607883,-0.08110318900805247,0.03410617953142874,0.12386062845247267,-0.01658358683426289,0.32968442956205934,0.025114764657123506,0.12112486430647662,-0.06702648704226202,0.11370435727223126,0.17403742856597476,0.09529744310488054,0.08725416153399468,0.07413536005904706,0.10781869950800652,0.015493719469522441,0.15471940171639,0.1456447041007037,0.12831668510654928,-0.003962793226167573,-0.022372754379170048,0.10895417884321307,0.18829271910092985,0.4994258770789982,-0.5287355559622164,-0.09363256082801817,-0.050847028485915595,-0.07004398200097676,-0.01698192286023448,0.11224174252700607,-0.00216627567537005
0.010122738610640409,-0.1450294493878709,0.2119694959498237,0.3845700869819655,0.08439779211166216,0.34819469525840807,0.20165860389321874,0.3510807962879546,0.15132428642668988,0.4202371930832773,0.27078633787049095,0.28344548780847384,0.19866412982475365,0.1923117619635088,0.1714956298097198,0.17323081151565525,0.22458133062825342,0.05343065369097267,0.2008744230170337,2.4113146299182224,0.27532279626607026,0.1974272615154896,0.0848983886551097,0.2402993539031356,0.26880889568987987,0.5463363468341293,0.5108464961351215,0.08827941219921294,0.4816399871614507,0.22939897687647823,0.35514687564427283,0.316742736585287,0.08059970718263106,0.5660515889194747,0.2607703887711146,0.2514483301439617,0.7589473951468748,1.0409714515680097,0.3546333104525328,0.4741456041648045,0.7331208043089373,0.4120348030686154,0.5639826980371299,-0.19641447642113702,0.7456888563053021,0.6358803932560608,0.9244341246958125,0.22475312451271848,0.8300042403977894,0.06520653484341636,-0.192891623177605,0.1268176528020298,0.16488432867180036,-0.0459698362947381,0.0429226486955773,-0.023052730587159096,0.04744511949838781,0.06522533116969861,-0.19439539981268353
0.041142465789135316,0.06334287641479121,0.12172043116549353,0.21536650346665132,0.05033909752098166,0.16646861411598893,0.1325874122932675,0.1915527514968713,0.12687838904421272,0.24410241484169573,0.18123957252905126,0.17238740972726324,0.14520197386324088,0.1382530611491763,0.17673823493475685,0.14113266776689537,0.12582486945824056,0.24399984734892521,0.08652846827631437,0.27532279626607026,0.5242921669301567,0.244803768312094,0.18511755147735395,0.17420497728355758,0.16751405576338904,0.29022378566489665,0.16116796475188186,0.28508224271873844,0.15632051066839583,0.3633589018390923,0.37921808248097816,0.21304989450352374,0.23476230162349526,0.19608723652069524,0.3486492716936542,0.27619351910074164,0.28734662610755185,0.2012526381370427,0.32614009271422334,0.21659635025777452,0.4917513934120344,0.4002319151814314,0.21992342897465786,0.056421954654774856,0.7057203733972387,0.4439529696834162,0.6351665051085171,0.09546797264479534,0.052056896984482605,0.11058036389946208,0.06887706470280577,-0.17360131393063838,-0.11109452002322588,-0.009905054680710013,-0.09437426247820606,0.04119256819117694,-0.14475504039269055,0.1289630239055839,-0.039417977967489394
0.03928440521934805,-0.0153258669497099,0.1141390276380179,0.3012105965000071,0.10261538689420621,0.2815345155782274,0.20012508303631446,0.30909545127448323,0.07646564622565165,0.21114887984526146,0.2185592143569167,0.205523197987866,0.285029643844766,0.1738114282306732,-0.01707154007265132,0.17624229639922012,0.2003748844211716,0.2800804079176555,0.12531329889059703,0.1974272615154896,0.244803768312094,1.2278035819964308,0.8529802511861545,0.21879671137534304,0.29900598383904003,0.2503736537517273,0.19681993433425363,-0.038831283846069,0.38747218511663695,0.319440410491544,0.17058094338983584,0.31022618172561434,0.13906602899544687,0.33513105547384386,0.31839823577895054,0.40158207838769905,0.07151728316690699,0.17000458015686684,0.4230059747113184,0.1878455657889047,0.31913476290419657,0.23746466794274976,0.1330496875131723,0.14412479076317836,-0.004139432370541224,0.5778062614639541,0.5181637720611463,-0.22599396911370787,0.6818412530988504,0.15955865794931787,-0.0026059464476203653,-0.34166801760128623,0.054088486176800385,-0.07770004178672651,-0.0469362101141957,-0.016423819957549636,-0.10989729953722116,0.041208745516459866,0.012368381362907944
0.0011725755784730227,-0.12698645160343924,0.08637613327031936,0.37691711251282306,0.2363549581479285,0.3202790499304242,0.18849885349649054,0.31810728860024534,0.09792581349796725,0.32711326445269456,0.31255599443436793,0.3399516663516498,0.1562583752272922,0.2741137310953944,0.24379823278926577,0.24828635922373768,0.3052250176196416,0.5899041531341299,0.1257429103052666,0.0848983886551097,0.18511755147735395,0.8529802511861545,2.7092722303521457,0.31210741989480606,0.7292382932149406,0.12460758274488348,0.18826493430595007,-0.15161594859249755,0.9272932583105197,0.2970978638435204,0.22327315308523438,0.1623554079787135,0.22549048829093665,0.9153795051938689,0.3899364207862002,0.49362373376957397,0.14565862706625166,0.0527813588703485,0.6135208611026763,0.2155888272689365,0.35365639407210675,0.20944551295199515,0.07286122607673504,0.07066932458096009,-0.42919751322313643,0.6711451049030297,1.112401447540695,-0.1452515293085577,0.22313704375224952,0.22199128056656559,-0.12850829022061389,-0.6126207896833259,0.3133248469336708,-0.09522043512796491,0.03518642385121839,0.0012960747152474625,-0.25288272101340487,-0.09321406060633307,0.25517378729453194
0.0384407661393368,-0.006326510554799943,0.06541760438758393,0.26699519534817096,0.10019667871211325,0.15862875138603533,0.11445450200073953,0.16459860565355644,0.12043629666866716,0.22717690118482914,0.1910265987314813,0.186715778137985,0.13518381140630892,0.1824261867373956,0.15363667815845883,0.19430523830990085,0.23224322972577013,0.21953786192895786,0.06995736566578667,0.2402993539031356,0.17420497728355758,0.21879671137534304,0.31210741989480606,0.6805103438123364,0.3128047599472339,0.06967115218810775,0.15715452169329663,0.2840624566364585,0.2651538536154719,0.46270168542090073,0.02375684269388062,0.2528291828164976,0.40052149706904416,0.25287903431627873,0.342037995687311,0.1569279911947057,0.3412667663193629,0.15105303331900738,0.24127931979925854,0.09714103341032594,0.3029086028668408,0.1956353664499963,0.2225048618157382,0.07878761551672331,0.1417701132674509,0.42762909712146313,0.5024079684542819,0.10261042444905369,0.31144490480098896,0.007360630675417268,-0.08083910058235579,-0.1903315504219812,0.16453636188237816,-0.041615722808492676,0.06926832969801751,-0.09234048156955417,-0.0005667551189943308,-0.2406391820304624,0.2911090072198927
0.041223854176870835,0.02777008080948456,0.11563924810231248,0.34678465675659925,0.11944807041587259,0.26660843419896957,0.17940056258826004,0.30555734748774815,0.11381858837954044,0.2577602628054827,0.27911851152062706,0.31862580872089385,0.14757782669786082,0.2613643798691486,0.28900174107907034,0.3030196684717525,0.26916786472406196,0.28750614814232234,0.10037416204599606,0.26880889568987987,0.16751405576338904,0.29900598383904003,0.7292382932149406,0.3128047599472339,1.081482247385416,0.18482976560975017,0.21049505888310446,-0.06777126161355937,0.6674292538845987,0.3889927453185092,-0.16929488502134646,0.15353807118753712,0.20967528114409223,0.6540495705846691,0.3982604073786127,0.20548471271198426,0.2007708266833918,0.14743676231865055,0.43940447028779595,0.14449198759499715,0.2631100366219165,0.19010095665355642,0.3150326035739003,0.10606563213857163,0.12241109941049828,0.5000039703193497,0.5790559381766587,0.050595409782240065,0.23384685180577705,-0.06717796925524724,-0.10012223757758688,-0.31767748231322473,0.2646641891496965,0.002012087961250579,-0.018029015800394742,0.07156749373707885,-0.1421598536254927,0.019826795161438808,0.015195343751840727
0.013863017887852309,-0.04902483149259397,0.28089256026169923,0.340921029303969,0.13356619888172494,0.28021824482132063,0.17083962836677083,0.30649512140128454,0.19084518289908964,0.27243527058343586,0.2450082450148847,0.23245640409639345,0.22074817995580723,0.22990424998473002,0.2634883697142801,0.19115846542204973,0.1433527518804026,0.5228651147480622,0.14549240577007663,0.5463363468341293,0.29022378566489665,0.2503736537517273,0.12460758274488348,0.06967115218810775,0.18482976560975017,1.761201845547949,0.23664466749273122,0.539194394562451,0.27128202218995323,-0.30917072278837066,0.2587672232322013,0.29491890844883134,0.18654191761498587,0.46229710893001263,0.47243170998390627,0.12350358837891594,-0.21444276008988924,0.2423896673374249,0.514590205687374,0.3703152260715031,0.3626044791861493,0.31377092794408273,0.45670162643379036,-0.12620785809181037,1.0309694483161833,0.27267740356269293,0.3750158367317152,0.10963721876149574,0.6809112645861486,0.15287611820252778,-0.13165812472652483,-0.06523934494391406,-0.2237358403257073,-0.0025866314874673124,-0.08949855705373,0.11697472541724756,-0.2501483222426536,0.21439036435597414,-0.10108448639761398
0.0544609060902181,0.07465058084339152,0.12472324256897178,0.21024069935604386,0.05511526228926516,0.19201238424421824,0.14125102236912299,0.19427161979223764,0.10268613634962412,0.21708783250815197,0.20494909617243184,0.22587285625512482,0.15371240036534692,0.15039252349246082,0.14096578495930773,0.19829137639975228,0.1730277827478455,0.0802370590515948,0.09266683915561005,0.5108464961351215,0.16116796475188186,0.19681993433425363,0.18826493430595007,0.15715452169329663,0.21049505888310446,0.23664466749273122,0.4569814481277294,0.15044221468956553,0.22367378788474723,0.19660741258103598,0.18176109429724915,0.2749049132703487,0.09992604162364555,0.25913619652125874,0.18657848602807758,0.26983156601122726,0.18786403555065995,0.25607447658410926,0.2185182117457302,0.19641582442065295,0.33514940769961427,0.18751267451993153,0.2833733747690166,-0.028144629725063135,0.3702371895582859,0.32812963812691903,0.3913834085310723,0.057645882019266674,0.2590624567674429,-0.004576637291416156,-0.044522666628039054,-0.06857521124978594,0.07993452835043302,0.0009941155507182926,-0.03141387631789003,0.025425858000426977,0.05554908881647831,0.07694145282252661,-0.17652797454762897
-0.01756857404844169,0.21246270885714882,0.1941052435338462,0.019093178551366958,-0.03482922339551369,0.01180378787048269,-0.028928987308345786,-0.05321666425368242,0.16777815719190478,0.23877710524307966,0.12248343854035346,-0.05227056326376427,0.09126894579239264,0.1646316967852597,0.34311205998604655,0.136927801816531,0.31113885421848286,0.26309669510839967,0.12340725814982653,0.08827941219921294,0.28508224271873844,-0.038831283846069,-0.15161594859249755,0.2840624566364585,-0.06777126161355937,0.539194394562451,0.15044221468956553,3.7471078286013997,-0.5633169158875916,0.2046659129028176,0.49781631333539095,0.19929611907327272,0.6385496246486724,0.1901155425911012,0.32421904852046013,0.025481167055573965,0.37795730561035246,0.062187993397216236,0.265879623095348,0.09885301368990128,0.8056249606440311,0.31000639268833197,0.32590560106436617,0.06263249377525858,0.7847022406403428,0.26075754338735274,0.29176361947209406,0.2573901269362803,0.19953787784776902,-0.2245337937708813,-0.036249742573962844,0.9113703109289352,-0.42237883507745794,-0.08263943733068298,-0.09706529758667513,0.07919231396464538,-0.10909129148362393,0.05456423678196736,0.16982039568685114
0.03923608175978274,0.16092405549919958,0.15609047604153994,0.4076322452895707,0.22164816503986556,0.43894682188528716,0.19104841032173586,0.40434763425001635,0.04739581873171149,0.35675604677319267,0.32494323408428205,0.3563700320468705,0.22096142535134936,0.2659400794797432,0.24611857309518362,0.2691502861986468,0.3494362837685185,0.32102475063431596,0.25087698334607883,0.4816399871614507,0.15632051066839583,0.38747218511663695,0.9272932583105197,0.2651538536154719,0.6674292538845987,0.27128202218995323,0.22367378788474723,-0.5633169158875916,2.6871300229214428,0.2763913891711839,-0.5490581483210134,0.28923079086224895,0.01621150037525493,1.137733217688982,-0.013299457134879608,0.8280939318942315,-0.8723364918795009,0.15507506290890874,0.4282656899887134,0.23484412825657502,0.30916565813739993,0.09025528627100138,-0.01312065028120965,-0.21958144790653794,-0.15836357468798865,0.6299633603486716,0.6174680263668589,-0.09968833254342462,0.47189054440219125,0.04698752152194922,-0.08540891286454182,-0.24204228546859818,-0.13306486435218193,0.12107888462522005,-0.15903884557966244,-0.020837196191959558,-0.11189224611971214,0.13145516315332914,-0.007648138280851323
-0.022349232605141604,0.07642325759531049,-0.5432334422544207,0.22363609071922924,-0.22474360034245866,0.12465830831563086,0.0630243606437788,0.15194902813150998,0.12931801943328336,0.21935118909295526,0.20823552125886932,0.1828112721967189,0.13667091852243704,0.2526545066818264,0.1666859736147429,0.2286390681431488,0.16524473481934113,0.14030511900735693,-0.08110318900805247,0.22939897687647823,0.3633589018390923,0.319440410491544,0.2970978638435204,0.46270168542090073,0.3889927453185092,-0.30917072278837066,0.19660741258103598,0.2046659129028176,0.2763913891711839,2.4625798499924305,0.12102418827873282,0.31311929658495924,0.01449835047000417,-0.5016989933728147,1.0329274950997538,0.47345322496007725,0.38283381048184306,0.16126687478589188,-0.025518379889502632,0.2390185155685239,0.870452761364015,0.3973263576625265,0.7265267556998242,0.39372346207971026,0.731819140627125,1.0850220243820918,0.5417974229604717,0.0776389704214433,0.13078896462441075,-0.3692573368863493,0.10094356515105943,-0.35521806537501033,0.13690445249123395,0.3008054604333043,-0.007611187443590623,-0.1991846254522742,-0.007404145412931693,0.10311623453201225,0.09462088536487435
0.09767814309210496,-0.0009803824475017632,0.19089922283329752,0.07088671898503787,-0.017773385107606874,0.07188002027660215,0.08155325198008642,0.0914173795479351,0.16118434588081687,0.20457105687814203,0.1526468453116941,0.0833579142234023,0.08284120061727795,0.09573091890123898,0.1407505811859549,0.0707002324071782,0.11510096969312088,0.19741882285781806,0.03410617953142874,0.35514687564427283,0.37921808248097816,0.17058094338983584,0.22327315308523438,0.02375684269388062,-0.16929488502134646,0.2587672232322013,0.18176109429724915,0.49781631333539095,-0.5490581483210134,0.12102418827873282,2.2153321859975534,0.41976936046932,0.22060779435243544,-0.18595397754999482,0.21154457862644024,0.3852302862072152,0.8920720709078896,0.2914555361461124,0.2104045612266595,0.1438143473954234,0.49280761032932585,0.39525558232415603,-0.08253632167593561,0.10740246377348427,0.3896438796951298,0.48690252615392615,0.9575495004579049,0.06735351847828806,-0.646324420644481,0.42255895999969384,-0.05609865238109801,0.16586691331458103,-0.2939626960644438,-0.17176525855220312,0.008250226783053,0.20600635165658335,0.35728765839536475,-0.16561079471750548,-0.34380587170418
0.0842057099021205,0.04424055364771216,0.06333629212484615,0.24249692674888393,0.13096355657601996,0.2278800205772052,0.131740864555575,0.18459949210367188,0.09951658403811513,0.22910027133052788,0.21270037631422514,0.2330581901259142,0.1695327837988721,0.17851199233318438,0.1031654310179298,0.22476739319657363,0.1710356374090787,0.19294209188578268,0.12386062845247267,0.316742736585287,0.21304989450352374,0.31022618172561434,0.1623554079787135,0.2528291828164976,0.15353807118753712,0.29491890844883134,0.2749049132703487,0.19929611907327272,0.28923079086224895,0.31311929658495924,0.41976936046932,0.8795136142984841,-0.03583717980211907,0.17254780519603907,0.258178811348697,0.3878334341641774,0.12678605819318617,0.2064624924821704,0.27126203461720483,0.2151626335773286,0.4126279714024736,0.238684656996781,0.03750038055381492,0.007865548270847077,0.26561702682417326,0.49023484754822944,0.5440131225098211,-0.008410124126710888,0.1508566309618568,0.027321174636922692,-0.004459861339056367,-0.23195060471253004,0.09464235830682304,-0.01963849014909647,-0.09733840723830127,-0.013550100949583603,0.4805072034252837,-0.17670678243709262,-0.25193618401490053
0.06378094873847247,0.015958595699614404,0.3657474364689045,0.09324600322930368,0.06437365225546032,-0.01963201197190186,0.12614062312963714,0.09831456684375256,0.2310403530543324,0.22077740367703103,0.17981739474661101,0.11578605969879961,0.1118827787800803,0.06854216357486036,0.21013641044098222,0.10082774529355766,0.3878305137579909,0.12080656437760126,-0.01658358683426289,0.08059970718263106,0.23476230162349526,0.13906602899544687,0.22549048829093665,0.40052149706904416,0.20967528114409223,0.18654191761498587,0.09992604162364555,0.6385496246486724,0.01621150037525493,0.01449835047000417,0.22060779435243544,-0.03583717980211907,2.0179128804693427,0.0716162069593908,-0.28480869884656707,-0.23844352565290566,0.40388291572943175,0.1053721159693887,0.11936781877643045,-0.1732146427952137,-0.059522678049993,0.18941033409075125,0.3243301127325148,0.10520066836211527,0.10364207143338518,0.317361897351682,0.8848799970322515,0.3131076745695618,0.26244160610331285,0.14597646753352111,-0.17008506514996466,-0.02372786514706293,0.1771934100121608,-0.2575395201115094,0.06428958710831512,0.14333413730752947,-0.377160664944818,-0.09939632644457325,0.3693208556185736
-0.0631302817933367,-0.08991671267886778,0.4765475128941762,0.49657062223335946,0.3408190256196522,0.2936337830084323,0.2262414936140708,0.33903559112302917,0.03915054512605621,0.52403168260385,0.25144729857659415,0.33386216292812265,0.1940108867560056,0.2104676281283952,0.2779912043151919,0.2822587924026835,0.2263384215334065,0.3844419045673781,0.32968442956205934,0.5660515889194747,0.19608723652069524,0.33513105547384386,0.9153795051938689,0.25287903431627873,0.6540495705846691,0.46229710893001263,0.25913619652125874,0.1901155425911012,1.137733217688982,-0.5016989933728147,-0.18595397754999482,0.17254780519603907,0.0716162069593908,2.839699703429431,0.3445345060283704,0.29149609861567105,-0.37320450239251163,0.2084954484642537,0.8374919427291344,0.12689686709353518,0.5422534337154282,0.1950154197244281,0.48270834476234575,0.14251875451212367,0.07416668707205236,0.2871704951160992,0.7826923327965801,0.10905250141676888,0.46691194988877477,-0.1152592534415967,-0.005921778683890493,0.3192909929639075,-0.011599291494741948,-0.10627578889379277,-0.08219830802453387,0.08564961550528355,-0.30160081703730446,0.10270572848880313,0.03365122352188154
