1.011284221118608,0.23241493297331384,0.3760565747371818,-0.24788688660539412,0.19882932812895895,0.01407318181878077,0.19453861205945136,0.028831774098240295,0.03448261479928866,0.0639627148688794,0.07180803814200697,0.1199007724304573,0.04360086734053557,0.06657606310962404,0.0664446126500504,0.0857463683931305,0.07560346798137643,0.11111138921450203,0.08038310405802734,0.011903244209701947,0.04277393810054492,0.03676322851517447,-0.00913395782344822,0.045222348614288914,0.04955596309225443,0.008008454804223962,0.0592557239094934,-0.011833231489087992,0.04497234803120765,-0.010839215208152047,0.09723989577083973,0.08590586020265528,0.07304136790317303,-0.0681199868579852,-0.0629308795988248,0.0892247043576239,0.15032618004338097,0.048370389316591475,-0.008255006979451049,-0.08891082775168312,0.030095654052690993,0.03478412167092087,-0.021654275980263805,-0.011510106583038865,0.04828165669364501,0.13674955520896964,0.09007947479966001,-0.00695493212200487,-0.0918576600574529,0.002617384090946455,-0.021653160246312385,-0.07066001899025691,0.14783284773405023,-0.023045645312070887,0.18769865196710445,-0.035932117682023895,0.10473561677082734,0.04387768474885035,-0.2965429111995621
0.23241493297331384,2.4838895706658297,0.33914081023790876,-0.6994843799001979,-0.10323200269935036,0.09259147037528845,0.0661071237057577,0.04249331315961411,0.049547753006127127,0.11471884187852856,0.08382843716671871,0.05048777667800338,0.015461398974149856,-0.0764106707988708,0.05620070423600996,0.06113148105515048,0.2237083948396121,0.45064653844988234,0.005628523219098925,-0.11436235354023731,0.04619105455068064,-0.009515498888306032,-0.10903996694787829,-0.002563519868527077,0.01544104496249321,-0.03310118668096158,0.08631517475684733,0.1932306217144885,0.12144857817535995,0.010209988909350914,0.08629643140552702,0.07640101822095426,0.11030687550346895,-0.10809679086137605,-0.2323791887987202,0.20374279375495064,0.47903457776935005,-0.01352285424018726,-0.07847648500422585,-0.09743352077401514,0.0577406322880197,0.03974289912761372,-0.08454069745877589,0.01072324014986031,-0.026041426670993954,0.16110046954622384,0.026125285086897144,-0.010505140221561132,-0.21577296928074918,-0.06755171886134602,0.22050867612107375,0.013276352159655747,0.1367176681075289,-0.18525470362715166,-0.4621840202015112,-0.021612294985438534,0.04547065304981818,0.22620637970974905,0.18512567260368454
0.3760565747371818,0.33914081023790876,2.119338048301641,-0.11356943373955998,0.13194282094236384,0.1379543073328212,0.19579035670423045,0.14745984030411113,0.16700384536736276,0.15075931041135643,0.08314085928945286,0.1623411506320077,0.09883485743406109,0.01627800978014562,0.13449639997055873,0.13012560792322816,0.26115763120353175,0.200107098500857,0.1572406481305815,0.21311527981294534,0.1043240806785163,0.10119209400539045,0.09775179934321333,0.07210310747744088,0.09447837015553162,0.2968236815406714,0.12016252444290103,0.1914355629661303,0.17521138896197835,-0.5818901449571433,0.1893964068945052,0.04355805253188468,0.41301975531183704,0.5074079250354273,-0.3705496818436083,0.4096809654375197,0.15090872393840613,0.1662220551997606,0.0708970330507067,-0.4818798583065729,0.09689735536419065,0.11095314379149987,-0.10574617249447228,0.07805331213085039,0.24265455637649214,0.49706735797961044,0.16217006385867686,-0.0011351963239223525,-0.43864959016186084,0.15176593198646096,0.08997089346044851,0.09070714009503665,0.11162123104053265,-0.25062152503978746,0.08285884782360528,0.06586040691781027,-0.15098840047301545,-0.11489295200637598,0.010204434404325754
-0.24788688660539412,-0.6994843799001979,-0.11356943373955998,2.8057179196655726,0.38068639067073373,0.4040876632342589,0.3384248371517484,0.5297277330658342,0.056515585695127095,0.12135842228921602,0.28363327247939063,0.3276091104433686,0.23418276122279433,0.5436554047235764,0.23949917063283158,0.3339768213994223,0.2330621313396723,0.09415084716205203,0.33758646284369676,0.4228892301722894,0.23169145585713172,0.3136416803735801,0.4256222093272478,0.2916839662897215,0.35167376146046836,0.37059928211902116,0.2255373530705514,0.044314199576215164,0.41911342204763613,0.19903401597487447,0.11265740641304571,0.2556973750630251,0.141011045763604,0.5617132269316656,0.3079793327033653,0.1539078235919135,0.12302665336724596,0.20879581469785413,0.4075666019241135,0.2347207663110668,0.23976862154392614,0.23750599912860623,0.3398754917247068,0.05328999721164246,0.20647649876149352,0.28580142853430895,0.49096267704246344,0.03329668631656923,0.31787501319653616,0.2978984614191689,-0.03998077272352931,0.0038611593889027614,-0.3587319893328405,-0.1295383466760873,0.014466209529959405,0.018715764450330307,-0.1368026570626312,0.13497054206078407,-0.037427405594838085
0.19882932812895895,-0.10323200269935036,0.13194282094236384,0.38068639067073373,1.2234863387170865,0.10267574880440869,0.189105634246247,0.19812976200358437,-0.05437336488303964,0.08206207051745977,0.13376675162353277,0.1723161196667796,0.1102279498688745,0.168632221370093,0.21554502455225863,0.16822416759209352,0.07139444110245825,0.05881913330996858,0.5235858765235554,0.11748069927940055,0.048726898674784254,0.09427885159552349,0.2604884134820343,0.10829892155398399,0.12253228719727115,0.15038745474676074,0.0508453978358727,0.015497821354386316,0.2181614189920068,-0.2604866631595958,-0.006382661456335008,0.10845303122968575,0.1317774097304863,0.38059325185146775,-0.06806743304083542,0.011961841949381422,0.1582879539439885,0.07955485431833952,0.2548988306345972,0.014181728418337782,0.0044095677592503844,0.0628690414870414,0.02564275027101029,-0.026990597891885567,-0.11844517817736143,-0.010039668040303191,0.21494868530082817,0.00913666621339679,0.06075847407489726,0.340435961806669,-0.16116295899124033,-0.16683763964741202,0.012549445495876612,-0.10087285105361353,0.10555703514168907,-0.16878038265600137,-0.04540853096277231,0.03102743269567612,0.12315481818922326
0.01407318181878077,0.09259147037528845,0.1379543073328212,0.4040876632342589,0.10267574880440869,0.6779942079753044,0.0886986926102288,0.44127828352178167,0.09223914295744876,0.13515715122091176,0.26160952551165995,0.26270396042508587,0.17394502499258804,0.2538411512052546,0.14467734212861386,0.20831006687634332,0.2881714926850806,0.18795184630710382,0.30625411916187234,0.3706314752712296,0.16885214385126365,0.28646508690789607,0.3239155650327673,0.1659825246066527,0.2791582118596645,0.28496355155241154,0.2043242687117393,0.005368335017742446,0.4414449779228363,0.12890420170877032,0.09529987119510869,0.24846355672963003,-0.010071325489364758,0.30481864573393286,0.09971747908801612,0.2185766077319855,0.167257319197855,0.202739579855398,0.2798141504854941,0.12793262533003516,0.14503179519823226,0.17393501067581085,0.17962368555839597,0.043762301680379256,0.12350767840663483,0.2679457080881678,0.29132743575853043,-0.002646587021073361,0.23779922577398208,0.09132523476682347,-0.11866287426097812,-0.18806932482850605,0.10812250933979506,-0.021973014369704724,-0.05670597812601303,-0.004935607495463606,0.012013783954081142,0.13865557863226094,-0.11673374926623553
0.19453861205945136,0.0661071237057577,0.19579035670423045,0.3384248371517484,0.189105634246247,0.0886986926102288,0.5743384799782735,0.1619028115994705,0.10199939365467095,0.030882784987045886,0.19547353361051328,0.27634077858252787,0.12891788257889156,0.13656653207179165,0.1260618412044099,0.1810194922453985,0.14277542607964155,0.17950774495783733,0.10635511799868613,0.1856816258340451,0.1350326383038396,0.2027771272925912,0.20330793261926816,0.13181250712873116,0.19552131769301714,0.17801669084232963,0.14584821545346205,-0.023258206164685664,0.21359478016085925,0.075338969138936,0.06387608054315692,0.12040664172441112,0.1379516669832977,0.2257133910173725,0.07178585070890153,0.1537939799677918,0.1437268019264787,0.10680934141906176,0.15311294121111246,0.0378077711698588,0.14088969988731442,0.12739200947717055,0.1381132298000874,0.00985517146523658,0.1297683743623654,0.21921870870101906,0.19987601090784682,0.01388076456443495,0.1667740348692624,0.004643205003083531,-0.02327982420183857,-0.07719793932083571,-0.033631553880409795,-0.04211502608702324,0.09850127727611188,0.0409354634760207,-0.13148727348285236,0.06987427249365206,-0.14372814137001477
0.028831774098240295,0.04249331315961411,0.14745984030411113,0.5297277330658342,0.19812976200358437,0.44127828352178167,0.1619028115994705,0.8045694286652346,-0.01144911929248525,0.20464509315336538,0.2810242307819365,0.15759617177409557,0.22502542557579827,0.2959632595913417,0.14014661217526428,0.24656358311974594,0.3459461128428605,0.24937661857361001,0.2596166258926202,0.37359548329013786,0.19760901851083987,0.31815831093860153,0.33918042099699824,0.17930545290210637,0.3074770940802253,0.31425659932048244,0.20937208024350182,-0.07007078319331213,0.41091695783707677,0.15299063464402884,0.11312039562683628,0.20766566260773447,0.11068223691171764,0.350649785179736,0.1338472585015732,0.23843933063509218,0.1985338855385537,0.19954408174544883,0.38383334825732646,0.15057926556273135,0.1948059637657119,0.19767305669875895,0.19664820257528906,0.05567557157663794,0.14969088522713805,0.32534126296380794,0.41566562578155913,-0.0027359246553643633,0.27841193677263754,0.20123556197650405,-0.028098610921758974,-0.2322276986945552,0.20935980519224168,-0.13385244743121863,-0.08091349986405037,-0.0035869658532229243,-0.0036177577687918276,0.22517243803626982,-0.14562787650857942
0.03448261479928866,0.049547753006127127,0.16700384536736276,0.056515585695127095,-0.05437336488303964,0.09223914295744876,0.10199939365467095,-0.01144911929248525,0.5539570405597632,0.16072115559932348,0.094682510473,0.13685995393193726,0.0768321558219611,0.0928173355608585,0.1187190449395138,0.09561442856076759,0.0770311442813006,0.18912678407135045,-0.058451152361421226,0.15202153584577904,0.1353935106675803,0.09456474180145477,0.10841767196713616,0.1313806567249911,0.11457855804999173,0.19648680408438984,0.10824907782398863,0.14649041052626013,0.06553816726298076,0.12511185052963514,0.1741680889767488,0.11550794383099484,0.22173629667668396,0.04591945882731341,0.11052175915539253,0.09459514075568654,0.18705952539176945,0.09122777989228953,0.12002258755880196,0.03262437096520695,0.1654118005093797,0.13065455851321187,0.08525626477587334,0.013714901885861257,0.21917192380180797,0.20754627974492568,0.28863240713715693,0.06300919821804978,0.20081080749932387,0.00046819565230966334,-0.05544599194250088,-0.22023426677245092,0.14495738806582836,-0.00562832724671323,-0.001543428606083236,0.12038822903309782,-0.02853598037927903,-0.030670598415400843,-0.11513239162692991
0.0639627148688794,0.11471884187852856,0.15075931041135643,0.12135842228921602,0.08206207051745977,0.13515715122091176,0.030882784987045886,0.20464509315336538,0.16072115559932348,0.9005936401408009,0.22832637913722065,0.21815796254207345,0.1871739886381469,0.133568135205694,0.19919176179340833,0.1802491598801802,0.2667968997077411,0.4263602932177293,0.07895659105751394,0.4822120033468138,0.2553067752141021,0.21218530311325356,0.3066248479504693,0.23587877584882622,0.24275793722150338,0.2962828273779455,0.2413636274410929,0.213625480770943,0.3411397367057007,0.22749693628740966,0.287640074265387,0.28795564560619885,0.20388950658162283,0.5025773839441453,0.31944817603752995,0.2630834635505458,0.33720788547815006,0.2730043475771707,0.4219252246339199,0.26277936975456456,0.5362421706926113,0.26993314492829873,0.2118261891539558,-0.010926568588505025,0.3984506378740458,0.4681225777194681,0.971658620134213,0.07561091228501451,0.1588945945001794,0.11417138986110376,-0.0023396862287083787,-0.09089803164292468,0.009039650697766919,-0.06821217596860242,-0.04766704904157327,-0.0628523702029185,0.18190931986197872,0.012895060469694488,-0.17554487590694867
0.07180803814200697,0.08382843716671871,0.08314085928945286,0.28363327247939063,0.13376675162353277,0.26160952551165995,0.19547353361051328,0.2810242307819365,0.094682510473,0.22832637913722065,0.5409243379146226,0.3439721379355347,0.19813719420369527,0.2001447098719157,0.26918721023377634,0.23682636638142293,0.3331969240018071,0.25577395952773324,0.12983400123671304,0.2840615937592487,0.19186736682322025,0.22891542048763489,0.31303220194521986,0.20489285953314965,0.30097120578236064,0.25597571396361246,0.22387161041293688,0.09739971511627038,0.34932642637413364,0.2413847353633028,0.15216496923309908,0.23206763757910498,0.15261636309755586,0.24623147977786228,0.2191013513378318,0.23613649078274623,0.1773510003343887,0.1584182075509023,0.24955474295037033,0.15641166127040515,0.2679967643052482,0.19396519186556413,0.1986316138595502,0.018680963995259536,0.21554192317300078,0.3554549069696842,0.4702773907576424,0.04090653216314962,0.12211461311859334,-0.023779056320051128,-0.06343163243927993,-0.2074008594858034,0.19743499974055848,0.017809712237149753,-0.04170426557085083,0.054110989002238444,-0.026011250390719155,0.14145964977316577,-0.2016269846037972
0.1199007724304573,0.05048777667800338,0.1623411506320077,0.3276091104433686,0.1723161196667796,0.26270396042508587,0.27634077858252787,0.15759617177409557,0.13685995393193726,0.21815796254207345,0.3439721379355347,0.627166689263669,0.11813715094984949,0.2258578265067943,0.19073551648607187,0.25994653372198545,0.23381309997696248,0.25416046287769606,0.1469444828632344,0.2983225695291764,0.17351176119844014,0.212318657264516,0.3272483215448778,0.20665157637023812,0.346846413492282,0.23109391172448573,0.24734932580719338,-0.08613265767428674,0.3620209236778047,0.1890684352156129,0.09811806906016936,0.26664755609857255,0.10087210282757328,0.3266922726153303,0.2057942069910073,0.21458695023318916,0.16362255114916754,0.1778095826314395,0.21399871595892783,0.13793580564605706,0.25965198397293215,0.18259154476689549,0.21198158208149442,-0.002260840354536023,0.25568102212519533,0.33930836558624333,0.4843104294234012,0.04762256885193854,0.18900937934354736,-0.11853015765075799,-0.07495167612042272,-0.20007696887402646,0.2197815538943134,0.047593345702221616,-0.010237756016955417,0.056828622150940304,-0.020963940962565226,0.09176673943525854,-0.2813165569677874
0.04360086734053557,0.015461398974149856,0.09883485743406109,0.23418276122279433,0.1102279498688745,0.17394502499258804,0.12891788257889156,0.22502542557579827,0.0768321558219611,0.1871739886381469,0.19813719420369527,0.11813715094984949,0.3418318745754963,0.13044021544635986,0.08456214914138896,0.14349707104013565,0.15752447093702907,0.16474405330080344,0.1057652097609436,0.20861247668948438,0.14693936309936706,0.2916110737425328,0.14891791968298454,0.13914901424659978,0.1445323568391116,0.22798345934278946,0.1625463716389977,0.09074057370898352,0.21596238879647303,0.14647605053881102,0.09909802613275882,0.18015791242614498,0.11188249873058355,0.18266125749109913,0.16212539427578124,0.18631177849563071,0.08254338440846952,0.117600213542338,0.241985458142741,0.11631984843141764,0.19547905143392344,0.14281024852598642,0.14373841252736966,0.03504874190645836,0.14799460702410985,0.26271769033093356,0.27042905391748623,-0.004580992940108026,0.2386337565249884,0.07622576666167044,-0.03589670346160578,-0.10039460027604111,0.019848977187422793,-0.02123646909726685,-0.01868413862294101,0.003837085555559983,-0.02709600252815209,0.08456118653632098,-0.0859800989968815
0.06657606310962404,-0.0764106707988708,0.01627800978014562,0.5436554047235764,0.168632221370093,0.2538411512052546,0.13656653207179165,0.2959632595913417,0.0928173355608585,0.133568135205694,0.2001447098719157,0.2258578265067943,0.13044021544635986,0.6413502228581578,0.2153401298731234,0.31222449000948904,0.24760468068521171,0.13261372149693937,0.1779550835645882,0.20421042151212007,0.14502161961648835,0.1853279098128242,0.27951141536357305,0.18787509472972225,0.26607096259058627,0.23413813418862664,0.16101382329891406,0.16273005259348516,0.26357361590655765,0.23490580456923804,0.11293592428872029,0.1937457809272291,0.06884914084236494,0.23025213652088494,0.2481943693511259,0.12309303389497075,0.1589448972613488,0.11584749167960481,0.1693307574304001,0.14932847708351252,0.23705709713917314,0.16050170661588267,0.20544369394934708,0.043361255323234364,0.17383777926853614,0.2729124911061073,0.38017307491175606,0.051188074878120556,0.3358343528667478,0.02867895458438098,-0.019016458235630022,-0.06579221407007214,0.052203717565158854,0.01757054972289881,-0.08669630966527012,0.01705168647458903,-0.06103734395314245,0.15829447218638165,0.0033324258101211286
0.0664446126500504,0.05620070423600996,0.13449639997055873,0.23949917063283158,0.21554502455225863,0.14467734212861386,0.1260618412044099,0.14014661217526428,0.1187190449395138,0.19919176179340833,0.26918721023377634,0.19073551648607187,0.08456214914138896,0.2153401298731234,0.8351238002462998,0.17756995804343967,0.1758026365114822,0.21999723836138843,0.15336291697826934,0.15835617087743395,0.1866308594170527,-0.05139671800330099,0.25425635701416416,0.17053056241565565,0.30918207506414125,0.27284411228251354,0.14406746976507226,0.3994246897086731,0.24775757447934876,0.1882717816933338,0.14791668384344256,0.09222264487262533,0.21925937413641866,0.30437284629826794,0.2194296024554363,0.1117890903448546,0.18171053648580707,0.060976212081265815,0.2399558824509798,0.09012127916908465,0.25027607616333897,0.1764089273279535,0.23799646853655915,0.01935899116554597,0.32092767827612007,0.25123636920608694,0.38325602795189595,0.11576004794060703,0.029040312976146804,0.1000389572216475,-0.051664848645818315,0.07334504406962818,-0.2882008818213187,-0.00706078141314417,-0.026146664511796928,0.1577739671266773,-0.142536816262152,0.09359370712951041,-0.04755862910060149
0.0857463683931305,0.06113148105515048,0.13012560792322816,0.3339768213994223,0.16822416759209352,0.20831006687634332,0.1810194922453985,0.24656358311974594,0.09561442856076759,0.1802491598801802,0.23682636638142293,0.25994653372198545,0.14349707104013565,0.31222449000948904,0.17756995804343967,0.6294435403122092,0.2344595765022999,0.22500909568249267,0.14667967274767724,0.18975752804885163,0.15054484227164747,0.1900476044628544,0.25586809407113154,0.20674898974865774,0.3217132115019163,0.1971004238510278,0.2175724450000349,0.12758565917825446,0.2722152123735227,0.23056659777877644,0.08639978110241152,0.24574441534778388,0.09706180263673143,0.2916917986614118,0.24350555931786386,0.16326759495272486,0.16397118305412772,0.10119370751093279,0.25199454663285,0.1400248835993076,0.24292670443766898,0.17893782218194107,0.22204808027355005,0.06315968693476048,0.18875894615067765,0.28928279174318755,0.39376804930763337,0.04026657766842698,0.19598702600416532,-0.0026154705681612936,-0.011730225999634511,-0.13480567472398075,0.1480913563992622,-0.008770198102326406,-0.043378562767972244,0.05012247352178881,-0.0467475900145692,0.15271091583447585,-0.13200882917226983
0.07560346798137643,0.2237083948396121,0.26115763120353175,0.2330621313396723,0.07139444110245825,0.2881714926850806,0.14277542607964155,0.3459461128428605,0.0770311442813006,0.2667968997077411,0.3331969240018071,0.23381309997696248,0.15752447093702907,0.24760468068521171,0.1758026365114822,0.2344595765022999,1.1243392387500957,0.2077883020053362,0.15020676630322807,0.24077734184080363,0.12522432118615945,0.2124924060621676,0.31067925297832966,0.23173458878897962,0.27398700326770936,0.15489994363210718,0.18392603486744136,0.2942885921524578,0.3874748112539138,0.1637537978897346,0.11776936829450127,0.18170804724613807,0.350031182099415,0.21792052393478545,0.02906552456067563,0.20176915665123682,0.34971136413252407,0.1667888521604352,0.03363329366043509,0.05308997533345778,0.2440149821196769,0.1509530215845904,0.14366234319785426,0.006125696138025464,0.06243395327943675,0.3821087767732405,0.6977713552517932,0.0448190334428687,-0.012646317529324082,-0.0439008299397093,-0.01449933814345021,-0.11722881566092999,0.23404269072136138,-0.028329868097498587,-0.03540405699760602,-0.04890526574425623,-0.017858582104089003,0.13054979518633048,0.04203284639520946
0.11111138921450203,0.45064653844988234,0.200107098500857,0.09415084716205203,0.05881913330996858,0.18795184630710382,0.17950774495783733,0.24937661857361001,0.18912678407135045,0.4263602932177293,0.25577395952773324,0.25416046287769606,0.16474405330080344,0.13261372149693937,0.21999723836138843,0.22500909568249267,0.2077883020053362,1.080722211944266,0.057670504457917264,0.0770182646545715,0.25653621288243006,0.30028981475306704,0.6186548892244584,0.24024062250430603,0.29821321088033553,0.5541072446479075,0.10842768620047409,0.24473223218432152,0.3177592508295686,0.14383989123405014,0.26167956585473123,0.23442378017385906,0.15160839698863676,0.3951080370524319,0.31262053700152903,0.2027663629670522,0.3850774317532567,0.07282590608731665,0.40182625006011535,0.1833362845817936,0.34144353342050526,0.2557888686456263,0.32625384133287416,-0.004699127703177213,0.36855219150891566,0.4311544125438126,0.6289541717961272,0.012572493585709879,0.1814894763483257,0.15621211902224535,0.05722071484818866,-0.2615017542878579,-0.005196501366139915,-0.11973917416061616,-0.11867954902332781,0.08240794972085567,0.0010880040249369722,0.35283778591876896,-0.3702113913308569
0.08038310405802734,0.005628523219098925,0.1572406481305815,0.33758646284369676,0.5235858765235554,0.30625411916187234,0.10635511799868613,0.2596166258926202,-0.058451152361421226,0.07895659105751394,0.12983400123671304,0.1469444828632344,0.1057652097609436,0.1779550835645882,0.15336291697826934,0.14667967274767724,0.15020676630322807,0.057670504457917264,0.6072960462210699,0.21281909444355018,0.07751056619464268,0.11547841228915717,0.1478016225649328,0.08085598532148212,0.09804346577231615,0.15301243374140197,0.09105656337567378,0.15162000625972075,0.24799086261172354,-0.09224907786013997,0.03758018708093569,0.12257837754460998,0.02523668717079195,0.35277107337078384,-0.0009072723502152154,0.11141216206112572,-0.08903004644184084,0.11490752663172187,0.110969058657348,0.0760268705491045,0.067684574002345,0.07302707856576965,0.1391631109286627,0.004579300443692056,0.09053648103045121,0.1508389847324309,0.14301835941456878,-0.004343805445893543,-0.021894562430611487,0.05748766704550344,0.15162004171394589,0.45659750496205326,-0.42940462865903534,-0.09867959480947679,-0.003937247244015574,-0.07059324507320627,-0.01804337244607648,0.1100731995063978,0.004255136429606876
0.011903244209701947,-0.11436235354023731,0.21311527981294534,0.4228892301722894,0.11748069927940055,0.3706314752712296,0.1856816258340451,0.37359548329013786,0.15202153584577904,0.4822120033468138,0.2840615937592487,0.2983225695291764,0.20861247668948438,0.20421042151212007,0.15835617087743395,0.18975752804885163,0.24077734184080363,0.0770182646545715,0.21281909444355018,2.5306215794322933,0.30495726419768565,0.20103444921751465,0.03868128408945651,0.23850897336358173,0.2645245917803203,0.5770252603630281,0.5426093795137316,0.07100444129140218,0.48225471513559,0.26184699890345714,0.4333739841538616,0.3755900068737139,0.08070617344413691,0.5566999487932216,0.2910601373819292,0.2702216431124056,0.8939974824268879,1.1056823988023134,0.4061264174667644,0.5120291637999747,0.7938130264380294,0.45367294241248074,0.5730734190741147,-0.20800811314296422,0.8098537904695853,0.6893395486385978,1.0223796522101163,0.2435915529983528,0.8700391518601099,0.06185307206312219,-0.20560976415563983,0.09190296117631865,0.13573363595502042,-0.058084140147684975,0.013441605897715016,-0.06254598849437518,0.11745651961139826,0.10707625060686185,-0.25043536796950583
0.04277393810054492,0.04619105455068064,0.1043240806785163,0.23169145585713172,0.048726898674784254,0.16885214385126365,0.1350326383038396,0.19760901851083987,0.1353935106675803,0.2553067752141021,0.19186736682322025,0.17351176119844014,0.14693936309936706,0.14502161961648835,0.1866308594170527,0.15054484227164747,0.12522432118615945,0.25653621288243006,0.07751056619464268,0.30495726419768565,0.5435162318242996,0.2324312174949886,0.15118216195127837,0.1696784945994557,0.15991548034121303,0.30764098842311216,0.17763492714060805,0.2903164595768611,0.11947107125318113,0.3968506210046345,0.4093217971492573,0.2316342822495602,0.22256283952097994,0.18593727376598132,0.36465576665953997,0.24847905379024504,0.32444141991978864,0.2196586541830664,0.3262987651192784,0.2305453583217031,0.5092273412849786,0.4249274952686432,0.3275684484640765,0.05249582791372635,0.754458274148901,0.4360792159416767,0.647149240775659,0.09354556276510116,0.013687080155565516,0.061659179077485374,0.05321008259644771,-0.19479741771419234,-0.05559793232014563,-0.012083052453142052,-0.036517484108718586,0.044318183013632495,-0.10303174392714877,0.14324346869105808,-0.1203188880817597
0.03676322851517447,-0.009515498888306032,0.10119209400539045,0.3136416803735801,0.09427885159552349,0.28646508690789607,0.2027771272925912,0.31815831093860153,0.09456474180145477,0.21218530311325356,0.22891542048763489,0.212318657264516,0.2916110737425328,0.1853279098128242,-0.05139671800330099,0.1900476044628544,0.2124924060621676,0.30028981475306704,0.11547841228915717,0.20103444921751465,0.2324312174949886,1.242314324887482,0.8447907581041544,0.21571892862775824,0.29232102266976107,0.25734116529602835,0.20906781635948582,-0.05979994463368269,0.3921952683138491,0.32040927844940564,0.18230005515022785,0.3247725856855873,0.1291159791992138,0.3171026074106884,0.32298442825013385,0.39950682079890876,0.06641324287387392,0.1713601246176978,0.41046142462398133,0.19490643900222665,0.3077315294211425,0.2320059841805108,0.15512251485665343,0.13125701717386878,-0.03000744559022631,0.5742884093252588,0.5178795375834864,-0.23339769255866646,0.7196267277211733,0.12975070608823763,-0.02778856301554124,-0.34200639915046116,0.14832612913624543,-0.060501997761969455,-0.03934199319321742,-0.004126752207091883,-0.0787456429074132,0.0690093424430951,-0.043870146279571975
-0.00913395782344822,-0.10903996694787829,0.09775179934321333,0.4256222093272478,0.2604884134820343,0.3239155650327673,0.20330793261926816,0.33918042099699824,0.10841767196713616,0.3066248479504693,0.31303220194521986,0.3272483215448778,0.14891791968298454,0.27951141536357305,0.25425635701416416,0.25586809407113154,0.31067925297832966,0.6186548892244584,0.1478016225649328,0.03868128408945651,0.15118216195127837,0.8447907581041544,2.7848759478381413,0.3116401820743692,0.7319562930720566,0.13084460942756482,0.17807929091744815,-0.14801740882828768,0.9827674197213054,0.241055580073351,0.2162138341789063,0.1333881709860817,0.24223262538103876,0.9432937022531281,0.3664704352239361,0.49972161722249236,0.12186328521248051,0.018380181546497426,0.6219882012282019,0.20920359079314538,0.31746571217227815,0.1801945141288873,0.012036906156133353,0.06321932572545867,-0.5176077597123224,0.6623851105523312,1.112418917274081,-0.14319520777752887,0.2967261950166971,0.31398328570821843,-0.12148460145469837,-0.5152770964302982,0.16718043038920957,-0.11098842844872642,0.021290224117808895,0.016372205463316022,-0.2710821749774488,-0.0642467111070471,0.30040883681439395
0.045222348614288914,-0.002563519868527077,0.07210310747744088,0.2916839662897215,0.10829892155398399,0.1659825246066527,0.13181250712873116,0.17930545290210637,0.1313806567249911,0.23587877584882622,0.20489285953314965,0.20665157637023812,0.13914901424659978,0.18787509472972225,0.17053056241565565,0.20674898974865774,0.23173458878897962,0.24024062250430603,0.08085598532148212,0.23850897336358173,0.1696784945994557,0.21571892862775824,0.3116401820743692,0.7003027571132395,0.3395779987202736,0.08288021842833089,0.167239488134762,0.27285701929796674,0.3109115472336234,0.4402450904778316,0.0027080984748552935,0.26571089140585447,0.4297437404396699,0.2917361413362089,0.31978087596203236,0.1511197208966478,0.2673024989583804,0.13974706494371605,0.2564206321347589,0.1003810964247638,0.2947854394350937,0.18774818727733875,0.2158562037548033,0.07841840620015382,0.1541640854121725,0.4296253594234902,0.5171034229288257,0.10900232294132361,0.3594394992456785,-0.017167786365487745,-0.06954905122023133,-0.16556987999866896,0.16603807868010745,-0.037464738654172894,-0.027632599593735468,-0.04805109841512505,0.022537754164836398,-0.07782276023152555,0.0858271079111979
0.04955596309225443,0.01544104496249321,0.09447837015553162,0.35167376146046836,0.12253228719727115,0.2791582118596645,0.19552131769301714,0.3074770940802253,0.11457855804999173,0.24275793722150338,0.30097120578236064,0.346846413492282,0.1445323568391116,0.26607096259058627,0.30918207506414125,0.3217132115019163,0.27398700326770936,0.29821321088033553,0.09804346577231615,0.2645245917803203,0.15991548034121303,0.29232102266976107,0.7319562930720566,0.3395779987202736,1.1553324272900132,0.17047344629016178,0.22428955110318252,-0.08538903574288483,0.6978321842799692,0.40067477174100113,-0.20964640519194663,0.1550627222142237,0.16555543079166135,0.660498876728577,0.4157478658681543,0.19831023549158527,0.19702333493105573,0.13685301455233506,0.4449436772708724,0.13922885072471677,0.257919596207901,0.18281807166273178,0.31036005648475495,0.10379973584415704,0.0922782917958832,0.4821358431233758,0.5648004953297067,0.05540303463719917,0.25452448141705275,-0.30660545076836604,-0.18398516098042306,-0.24587052002290397,0.3849710064655979,0.06512927294372348,0.012201365168065014,0.07114078425919004,-0.09310107464563136,0.04263605998103903,-0.0642646453420752
0.008008454804223962,-0.03310118668096158,0.2968236815406714,0.37059928211902116,0.15038745474676074,0.28496355155241154,0.17801669084232963,0.31425659932048244,0.19648680408438984,0.2962828273779455,0.25597571396361246,0.23109391172448573,0.22798345934278946,0.23413813418862664,0.27284411228251354,0.1971004238510278,0.15489994363210718,0.5541072446479075,0.15301243374140197,0.5770252603630281,0.30764098842311216,0.25734116529602835,0.13084460942756482,0.08288021842833089,0.17047344629016178,1.7946091524501726,0.24722644946378167,0.5467192731990345,0.26476701617664,-0.3188354783538388,0.3218849776080501,0.3223523829718921,0.2052890637743603,0.4736764137049767,0.487156081174687,0.1473896755628602,-0.14278478307890724,0.26229742628202474,0.54634766969702,0.37951758751217746,0.37305377472735896,0.32970625236477796,0.42969718638715015,-0.13584872552689906,1.0334544616217847,0.3064415331805801,0.42754922845025406,0.11428821772865606,0.7070348394051224,0.24877400154446863,-0.12139041085095202,-0.059036745673548885,-0.2529684871770639,-0.04785122480161915,-0.10701225879130134,0.10837211102878422,-0.1965036975749377,0.21212810082778422,-0.12450012083328231
0.0592557239094934,0.08631517475684733,0.12016252444290103,0.2255373530705514,0.0508453978358727,0.2043242687117393,0.14584821545346205,0.20937208024350182,0.10824907782398863,0.2413636274410929,0.22387161041293688,0.24734932580719338,0.1625463716389977,0.16101382329891406,0.14406746976507226,0.2175724450000349,0.18392603486744136,0.10842768620047409,0.09105656337567378,0.5426093795137316,0.17763492714060805,0.20906781635948582,0.17807929091744815,0.167239488134762,0.22428955110318252,0.24722644946378167,0.4864540405580767,0.1435668224390954,0.22365423171344304,0.22116022963328308,0.212797109170322,0.3105574339146653,0.08578399725136725,0.2525451289662628,0.20406441190225144,0.28308315112889093,0.2364767721813865,0.27251656724266304,0.23576758933626588,0.2089723633780728,0.35483471460370425,0.20553043464722887,0.31794563343975274,-0.03717452344357825,0.39556347392018376,0.34714874516739125,0.4182124595122144,0.056993519916534945,0.26755304375208877,-0.01790766495049337,-0.05296407369544157,-0.0743237430268474,0.1096216010919341,-0.0028844372222805053,-0.041747989598441566,0.02795019318582158,0.11406982083021182,0.11201281261496898,-0.27617832227774836
-0.011833231489087992,0.1932306217144885,0.1914355629661303,0.044314199576215164,0.015497821354386316,0.005368335017742446,-0.023258206164685664,-0.07007078319331213,0.14649041052626013,0.213625480770943,0.09739971511627038,-0.08613265767428674,0.09074057370898352,0.16273005259348516,0.3994246897086731,0.12758565917825446,0.2942885921524578,0.24473223218432152,0.15162000625972075,0.07100444129140218,0.2903164595768611,-0.05979994463368269,-0.14801740882828768,0.27285701929796674,-0.08538903574288483,0.5467192731990345,0.1435668224390954,3.8734698334184423,-0.5978820241579609,0.22570705925657247,0.5033236911896486,0.16619514446978711,0.6207860060174646,0.1905501614622193,0.31228829027505256,0.01782491312149828,0.4179664051154253,0.04523674426541938,0.21461239563588028,0.11009019914406927,0.8242532754293819,0.31830433848171863,0.40257606084837366,0.06443171973988111,0.7714521906407044,0.2860781533679459,0.2515818805431394,0.2496546251243123,0.14411125253690962,-0.004577514016698221,0.011444035521134413,0.8917094491424788,-0.6481435846333523,-0.06698798256548125,0.011532303576942618,0.04464155777585452,-0.10184943097991256,0.05159243726127197,0.2313906724166312
0.04497234803120765,0.12144857817535995,0.17521138896197835,0.41911342204763613,0.2181614189920068,0.4414449779228363,0.21359478016085925,0.41091695783707677,0.06553816726298076,0.3411397367057007,0.34932642637413364,0.3620209236778047,0.21596238879647303,0.26357361590655765,0.24775757447934876,0.2722152123735227,0.3874748112539138,0.3177592508295686,0.24799086261172354,0.48225471513559,0.11947107125318113,0.3921952683138491,0.9827674197213054,0.3109115472336234,0.6978321842799692,0.26476701617664,0.22365423171344304,-0.5978820241579609,2.6739869571155324,0.20463517867623227,-0.5129999242208972,0.2781188393020223,0.019826586212764345,1.1095155210486216,-0.10540067419273116,0.8304502226909257,-0.8389608234228473,0.14410633737586032,0.4044736519354035,0.20392644545849323,0.2548511745162962,0.06434264669156696,-0.051306853280238374,-0.23442054936239148,-0.2740478702661371,0.6030181349768029,0.6270895802037709,-0.10054922666705658,0.47866703782118386,-0.011897556099748458,-0.1412891645117201,-0.14182913212572118,-0.09275052498428467,0.10178403831686758,-0.06962736823439479,0.012309760517002827,-0.052638318021691284,0.08198251799697044,-0.04564296607143601
-0.010839215208152047,0.010209988909350914,-0.5818901449571433,0.19903401597487447,-0.2604866631595958,0.12890420170877032,0.075338969138936,0.15299063464402884,0.12511185052963514,0.22749693628740966,0.2413847353633028,0.1890684352156129,0.14647605053881102,0.23490580456923804,0.1882717816933338,0.23056659777877644,0.1637537978897346,0.14383989123405014,-0.09224907786013997,0.26184699890345714,0.3968506210046345,0.32040927844940564,0.241055580073351,0.4402450904778316,0.40067477174100113,-0.3188354783538388,0.22116022963328308,0.22570705925657247,0.20463517867623227,2.5159033268130537,0.21386768707888051,0.3756112492895259,-0.06363316935692895,-0.6012060868365006,1.0362538544565787,0.49775348800190544,0.5025599156748864,0.18755622158232987,0.02281253779167334,0.2788108355114657,0.9230243744573853,0.4325562986563844,0.7403698600963873,0.38988749986412685,0.793304723596022,1.1012197291612278,0.5518114624052237,0.07449354585792535,-0.018377789209252975,-0.37777474644299774,0.12109116673828774,-0.32429007595660286,-0.020854636462544204,0.2859817509188739,-0.0062156338300715305,-0.1603567686075484,0.11931772168384572,0.12975183966480622,-0.10639819970085923
0.09723989577083973,0.08629643140552702,0.1893964068945052,0.11265740641304571,-0.006382661456335008,0.09529987119510869,0.06387608054315692,0.11312039562683628,0.1741680889767488,0.287640074265387,0.15216496923309908,0.09811806906016936,0.09909802613275882,0.11293592428872029,0.14791668384344256,0.08639978110241152,0.11776936829450127,0.26167956585473123,0.03758018708093569,0.4333739841538616,0.4093217971492573,0.18230005515022785,0.2162138341789063,0.0027080984748552935,-0.20964640519194663,0.3218849776080501,0.212797109170322,0.5033236911896486,-0.5129999242208972,0.21386768707888051,2.285654942516712,0.47187561300527253,0.25555098519259345,-0.138037806631842,0.2879260295153791,0.3999155296172016,0.9401757079033325,0.3495661289284498,0.26436260619066865,0.19044453809413356,0.5678539073633309,0.4380161711232896,0.008347815560715843,0.10159119437774781,0.524286895012524,0.5480895878648586,1.0519758688551843,0.08396361920483941,-0.526375694017954,0.5229772700405267,-0.02212884622450229,0.042820300111406,-0.293709854529919,-0.21589277572600324,-0.09300774703211595,0.158566011026409,0.3617729917387739,-0.04269232131852301,-0.4099355151704313
0.08590586020265528,0.07640101822095426,0.04355805253188468,0.2556973750630251,0.10845303122968575,0.24846355672963003,0.12040664172441112,0.20766566260773447,0.11550794383099484,0.28795564560619885,0.23206763757910498,0.26664755609857255,0.18015791242614498,0.1937457809272291,0.09222264487262533,0.24574441534778388,0.18170804724613807,0.23442378017385906,0.12257837754460998,0.3755900068737139,0.2316342822495602,0.3247725856855873,0.1333881709860817,0.26571089140585447,0.1550627222142237,0.3223523829718921,0.3105574339146653,0.16619514446978711,0.2781188393020223,0.3756112492895259,0.47187561300527253,0.9407506944497863,-0.0768407994688694,0.1452722841118597,0.3048206279470609,0.4017220291502492,0.16644118379682118,0.24290086713960055,0.2905987601304174,0.25053410099352297,0.45569263329796883,0.2643394673893838,0.11572716729738894,0.0007706272915545257,0.3753344075313401,0.5189363654467508,0.5840942969266241,-0.004407022492982078,0.17031090479693725,0.0197079009348852,0.005956222400370388,-0.23459347931263627,0.14145951413004143,-0.009410952758462762,-0.1474443880597137,-0.01834887126373049,0.5515619374053342,-0.07298457114642944,-0.4384938011064667
0.07304136790317303,0.11030687550346895,0.41301975531183704,0.141011045763604,0.1317774097304863,-0.010071325489364758,0.1379516669832977,0.11068223691171764,0.22173629667668396,0.20388950658162283,0.15261636309755586,0.10087210282757328,0.11188249873058355,0.06884914084236494,0.21925937413641866,0.09706180263673143,0.350031182099415,0.15160839698863676,0.02523668717079195,0.08070617344413691,0.22256283952097994,0.1291159791992138,0.24223262538103876,0.4297437404396699,0.16555543079166135,0.2052890637743603,0.08578399725136725,0.6207860060174646,0.019826586212764345,-0.06363316935692895,0.25555098519259345,-0.0768407994688694,2.0391642356415343,0.05561325585433897,-0.3258668038963483,-0.20403916733154157,0.47368498723817154,0.11208813220571665,0.16149849186074064,-0.1699912606356421,-0.07486011224047591,0.18536858238732146,0.21209148171183947,0.10613776101609287,0.08526540322292334,0.3158677190741574,0.8861643124499343,0.3056505792585155,0.3384726546003194,0.38885899360447895,-0.1369660126015385,-0.02737338188910147,0.04081715483843708,-0.3254212442015324,-0.06812373579078758,0.10843571368671939,-0.41217150799863944,0.06892615415580965,0.3098758938161519
-0.0681199868579852,-0.10809679086137605,0.5074079250354273,0.5617132269316656,0.38059325185146775,0.30481864573393286,0.2257133910173725,0.350649785179736,0.04591945882731341,0.5025773839441453,0.24623147977786228,0.3266922726153303,0.18266125749109913,0.23025213652088494,0.30437284629826794,0.2916917986614118,0.21792052393478545,0.3951080370524319,0.35277107337078384,0.5566999487932216,0.18593727376598132,0.3171026074106884,0.9432937022531281,0.2917361413362089,0.660498876728577,0.4736764137049767,0.2525451289662628,0.1905501614622193,1.1095155210486216,-0.6012060868365006,-0.138037806631842,0.1452722841118597,0.05561325585433897,2.850372055060113,0.2838252289850432,0.2673947936306342,-0.3056195219547999,0.19554753020695773,0.8221163703478478,0.10284847756371887,0.502997061070524,0.18939341975945082,0.44477135712867594,0.12412220831018632,-0.012231085908127964,0.24718550242563161,0.7891323634231783,0.10545262799923152,0.516948421500435,-0.04047063957371637,-0.04717010629173856,0.3852283767329166,-0.11731980926660607,-0.13233058724682648,-0.01415822870452738,0.1164687865379849,-0.2887049728988171,0.07083704290275622,0.0491709569565673
