0.43813791272099517,0.13026871205762702,0.27582420207579944,0.04631397304553314,0.15691757624266953,0.08820491141026822,0.10393396761417659,0.07971814417105196,0.08420401952686386,0.08766820385379127,0.07416835680987562,0.0918688887267383,0.04569169442354855,0.10754205167820889,0.11963379468703458,0.08676316234823493,0.04793128998470749,0.09025664910386968,0.06601243431511195,0.06110179626790748,0.0865724688827759,0.08242485527271187,0.06759340735203664,-0.01615267758536083,0.10119190207403274,0.14339211755688555,0.06731052476264014,0.04123828238898909,0.09740785683769476,0.03510573634143076,0.08054965094885615,0.11159510022458122,0.06653589456377565,0.023690836540849133,0.032396151975904716,0.10466543579192612,0.07829476711120054,0.04656491014588859,0.06494465925085625,0.022977229625650398,0.06328767303409773,0.0806109661228714,0.067577233360135,0.005501317678973812,0.04210385690215671,0.15874205983274506,0.11891842754904101,0.01659858725055951,0.05489976923451043,-0.04585485165183611,0.008938577640160686,-0.020164611862746474,0.02787271177136031,-0.005956210347466635,0.04371486205923401,-0.001435290136152921,0.11607944319415699,0.009555139534645329,-0.1385860315265157
0.13026871205762702,1.7264490666292398,0.7149870922253155,0.16907034008187488,0.07550181296082412,0.374675177851272,0.1570826631615981,0.34002478435109373,0.1648714867847574,0.24497609334169934,0.2244663017314945,0.1823165798153776,0.10211772609801346,0.11448056853953623,0.1951191138215823,0.15830999194754128,0.29145964667654506,0.4028308379514801,0.002301517730164993,0.4110290611355504,0.2681468884333796,0.17912800906161772,0.12633060527628853,0.2777150158669594,0.20753700493157567,0.15802432292425575,0.19449856941337773,0.12398349861214183,0.2663098248088507,0.15085616761101883,0.18489578916836727,0.10187149299148522,0.1773434621756251,0.38047391837738476,0.056580973462722006,0.13026489007547173,0.0033839834518500102,0.20745506086882468,0.2744675672523141,0.08641320985743191,0.22486517156889177,0.21657664582742095,0.3895921952230243,0.012167776387947657,0.39171664151412644,0.47956752014556947,0.40639320960062497,0.10212711941403647,0.21215534304426675,-0.0886572424457121,0.11391033466947119,-0.03944359132245193,-0.042044208333212624,-0.03840545861729849,-0.3194896395173403,-0.2356539422814433,-0.5408247956404569,0.5929101437885289,0.25013011276559116
0.27582420207579944,0.7149870922253155,1.7259360656770748,-0.0037499958652738893,-0.4058682041286471,0.31847719159925214,0.10152675597494572,0.31871201133690086,0.2619557891682908,0.32239093921949336,0.18949864615248319,0.1955832961756397,0.11340983282452738,0.1537926073065278,0.1845426991627037,0.1562272072858395,0.25136101459198446,0.23464762321366706,0.29580124761694887,0.1941426153409631,0.2007634599768808,0.22754789286989016,0.13517951752518634,0.16869630191401822,0.21282196287418537,0.23213276850037878,0.1648479955772534,0.23285424177129635,0.3385711271194358,-0.053322310227629045,0.13041358047722473,0.18179969181739788,0.14243674235134962,0.3809312902386519,0.24125803235784488,0.31935208718814523,0.17863630508715142,0.10920768814577676,0.11764145282681283,-0.043398764087241186,0.11124010729188014,0.17218194749149596,0.18188155470348355,0.0027549212509241365,0.3138657596649328,0.6514292486697912,0.31538677142177163,0.025969695297995567,-0.07857981679386222,-0.021482737831615226,0.05177061965424693,-0.07531538157972005,-0.09776006718897243,0.021788272607593674,0.11273635280020934,0.02650490481885624,0.04106655281535963,-0.19343032281333933,-0.03537724595269484
0.04631397304553314,0.16907034008187488,-0.0037499958652738893,1.1990157315406471,0.6543360020129392,0.39249629561533833,0.38335522288327484,0.4477133304151624,0.2121922935232625,0.15876636272238198,0.2932466460293456,0.3069473288658714,0.19688640769404747,0.29123860157037135,0.21558699600745956,0.29034367522190846,0.290564287858431,0.30318781351211094,0.0816046031856243,0.29130038237262534,0.26310162132197384,0.24588128055134173,0.24895448385473548,0.4706175233576815,0.28159977254259233,0.17739597403217502,0.21991554902384794,0.10746210166561318,0.2460358161607077,0.20017590912644234,0.25097021472601877,0.27598853261735795,0.2273851827166323,0.35306579626429174,-0.025353642691523563,0.16215204213914297,0.17282654134770126,0.15761036229312325,0.30997088020135544,0.11039218155500079,0.24596541141981607,0.26393702927420815,0.30332697435532946,0.045464685468733695,0.14280775938434873,0.21818224451136417,0.5029323378928867,0.03753636400196322,0.17623541343958782,0.05218631564426798,-0.04817514594554115,0.12977410432555267,-0.03165639883315841,-0.08493057788324707,-0.03175351689979723,-0.13840951922173797,-0.10039740581438199,0.29011444915317186,-0.13429528020127487
0.15691757624266953,0.07550181296082412,-0.4058682041286471,0.6543360020129392,1.860014814567259,0.18990412756361252,0.3189340780975962,0.3205567549023976,0.07962471202209524,0.14627483537675048,0.2030540942933136,0.2568586290760946,0.1302026102947958,0.20647785030514842,0.17466761626201924,0.214021929917295,0.1424396504736598,0.26113559555176824,-0.09773781809918072,0.21713974770043254,0.1574327423433142,0.14629606030636608,0.35392867971523834,0.3881183678244724,0.21290270106341955,0.1172784078665188,0.1564830643789158,-0.06532940661852879,0.12125241929448001,0.17274280353390672,0.28484982311462753,0.19696185465248878,0.17678431593572502,0.1324811520423986,-0.25228129007096967,0.11386453397632663,0.1638371692083638,0.11693158995294783,0.20675629436282253,0.06711355803896002,0.23860130272449334,0.19817817388670758,0.14363437684020386,0.027900501964154518,-0.12248243250363264,0.08091696410498614,0.3995338880956315,0.05722365320537304,0.28928200059066844,0.02190060719273256,-0.02060006386514682,0.17962098146526795,0.030810071128609694,-0.11574347984515897,-0.1529274606523295,-0.16405435607316154,-0.037000860560747084,0.40590862437437125,-0.15773882683025583
0.08820491141026822,0.374675177851272,0.31847719159925214,0.39249629561533833,0.18990412756361252,1.0789644898459292,0.19297141873888643,0.42682557436929547,0.38628713419545285,0.11169900009711434,0.3329389231455051,0.3126335079647067,0.19576051033228536,0.27766597341466087,0.22637383352010015,0.2742857855858823,0.341281889765673,0.3482095528181554,0.46621745853477287,0.4924650572128051,0.33068664863820696,0.33941570079504874,0.2914424622122954,0.45891384137204416,0.3103589975499974,0.29696604934381055,0.2614156870723447,0.22749838671866712,0.406329399071006,0.10637353319527046,0.2685766841502083,0.3029365843126758,0.228835251913438,0.4975476553680573,0.08092695550988997,0.09452049581739738,0.22085006465189477,0.2513533106944787,0.45627869294801654,0.17222160892671975,0.23299886958886915,0.31524839210287947,0.4051053384672674,0.04093053057603931,0.26052817760899505,0.3308340062565377,0.5845807533666257,0.07911972969714687,0.5807591850161186,0.2790419259111691,-0.2705975121515914,0.0553336794565239,-0.22451254234315704,0.01322386003381791,0.02073140831773979,-0.06938685378458054,0.005438120109170553,0.1514415859509495,-0.15545438893946772
0.10393396761417659,0.1570826631615981,0.10152675597494572,0.38335522288327484,0.3189340780975962,0.19297141873888643,0.6704268540018554,0.262376134919774,0.2814067906873682,0.12463501922739029,0.2280718941873535,0.2882507314920701,0.15303330531100975,0.1616137583492902,0.19606994617683784,0.21001990625733807,0.22096059155972267,0.3290878091437101,0.020561769588617253,0.15441966464494417,0.20983077386679921,0.2273662182111645,0.1431168302376955,0.4640554678296955,0.20877890455765735,0.10959446569937384,0.17920625727541378,0.12892829064482497,0.13956001208233904,0.2313492332522438,0.18204527151167008,0.17869960593253809,0.18282719102354597,0.24503972553288056,0.09232081798524089,0.21928281762455135,0.12896609138236514,0.07343178916531648,0.19739299791053308,0.08629676811163098,0.19754322138858157,0.18827102606667698,0.25507562019609714,0.030253817235596163,0.10958416273572881,0.22714947104121563,0.14730656242619727,0.03736984847111144,0.3081176132782711,-0.0920817949431313,-0.026677306244056453,0.006945984485444702,0.025016374113747394,-0.030880921308668603,0.006816313048766336,0.07787586726918257,-0.05036161219126151,0.12478146280833731,-0.2054907885314651
0.07971814417105196,0.34002478435109373,0.31871201133690086,0.4477133304151624,0.3205567549023976,0.42682557436929547,0.262376134919774,1.097268284264417,0.11202166916174909,0.23318934616344877,0.32734951938663553,0.12699264133514745,0.17750135873362594,0.2052187866644716,0.09489032049837963,0.17194649519102492,0.28017850317888887,0.40093453416616576,0.16211008597406573,0.36542882767442025,0.20089953499774796,0.20599882334663988,0.26421827983718177,0.40769377619204256,0.27678670465347227,0.200814092599175,0.1896836084960347,0.23525206361523568,0.30042981840423105,0.1059089833623554,0.152813514006887,0.23239368665556523,0.19708484552428415,0.42016375722673777,0.17541589461939391,-0.0010444884947803654,0.22780627327948977,0.1956938820039542,0.410017361607216,0.21215141787682038,0.15393736313622844,0.2121482553466175,0.3051208236602744,0.03509992708726401,0.30426199139927224,0.34265272087729487,0.6855924980721173,0.07851671751296704,0.3300944426370372,0.29473493791886046,-0.054410923089000314,0.10950333670539159,-0.13261597502228734,-0.0234934791850416,-0.041985927773794784,-0.1364176126869445,0.16761853542312,0.2600813963022914,-0.26277192789672577
0.08420401952686386,0.1648714867847574,0.2619557891682908,0.2121922935232625,0.07962471202209524,0.38628713419545285,0.2814067906873682,0.11202166916174909,1.0916220516063073,0.03684606866062851,0.21296295297087176,0.25540958136303543,0.20457236540704996,0.25503364462558265,0.17651173283295338,0.24105182788953608,0.3355170571721661,0.2222443742494196,0.3769870505305644,0.337716074533128,0.3535580131155704,0.4679156385465864,0.3058143540226528,0.39082069757296584,0.18947468559196218,0.3771613453455215,0.2522611742294837,0.3329054576775849,0.27663095163036244,0.2719410146883169,0.32247441763339013,0.29659735378572516,0.42443833219660093,0.3726603178115402,0.20827822614420344,0.31902631834897927,0.5048361936523162,0.20294278252564368,0.259749218154358,0.11763548199196505,0.34308546078749913,0.32387299180229573,0.34097314877135954,0.017725815413069536,0.1911851050867496,0.38285777615891464,0.38707708540297786,-0.0023422073031110547,0.3157880200821531,0.11618500127337963,0.020547971545172752,0.4029316398469274,-0.14758182682889148,-0.19801189473136965,0.16839456643801556,0.041053638199910064,0.059173837454364706,-0.1386989200287826,-0.10510190321234698
0.08766820385379127,0.24497609334169934,0.32239093921949336,0.15876636272238198,0.14627483537675048,0.11169900009711434,0.12463501922739029,0.23318934616344877,0.03684606866062851,0.9686806873670586,0.21296126848027447,0.264518182730125,0.10537666605898446,0.24244755319910213,0.29120229055787805,0.21596213026764402,0.21325896161066152,0.2978577574834219,-0.01879283687126369,0.006517538160663534,0.10054531597145862,0.15547276412373326,0.3795852515138169,0.3735724164406301,0.24256737446870963,0.11631097811004945,0.16380515663422468,0.1983531921367267,0.25737427799856416,0.18809805474508848,0.13015394102091973,0.23286998148450827,0.15800055678864353,0.28079159356539585,0.2522133643735568,0.1992405935716621,0.24635015415977132,0.011961229220736776,0.067890065243862,0.08101159063737308,0.1848651481702936,0.12182654126813168,0.11877433390616114,0.020680233027615163,0.06286148986335864,0.330940027757346,0.5901517401374227,0.039479891122556086,0.10754232142544717,-0.0819357339874128,0.08919850691871763,0.05805137907955469,0.02644785356832943,0.0022028368939509893,0.050836813659638325,-0.03342430231720625,0.18392994622222814,-0.07023599601131364,-0.1630753885344489
0.07416835680987562,0.2244663017314945,0.18949864615248319,0.2932466460293456,0.2030540942933136,0.3329389231455051,0.2280718941873535,0.32734951938663553,0.21296295297087176,0.21296126848027447,0.42737945802949107,0.28303167779535565,0.19939626943731031,0.2368659756914063,0.2856480653573882,0.26603868797521013,0.35456111184080047,0.26283399892221504,0.1448098733263862,0.31601894127026237,0.24172160767751089,0.2157663800097765,0.16761965301824536,0.3572566748455626,0.24503330824236694,0.15992776959164426,0.23645922985008347,0.26916282069775843,0.2378008098383836,0.23651674138048467,0.24129180219120294,0.24043681654755958,0.24873307081914287,0.27630291620912895,0.23667336195100197,0.1794188312638347,0.26802208924053667,0.1701975282834979,0.2690428755552611,0.16020415066158722,0.21735394433909425,0.2487994524426112,0.2509870580244542,0.00836335208886786,0.2294120754328235,0.31769340755785747,0.4775551469522618,0.06226180926966734,0.17585582803114935,0.11502006464987174,-0.044323549197922855,0.15888258274642278,-0.03345757495656101,-0.04701219084315598,0.04157466069887353,-0.06538018944866231,0.0030028731408795082,0.0724901522755133,-0.11016563480746722
0.0918688887267383,0.1823165798153776,0.1955832961756397,0.3069473288658714,0.2568586290760946,0.3126335079647067,0.2882507314920701,0.12699264133514745,0.25540958136303543,0.264518182730125,0.28303167779535565,0.6014588744911313,0.1591274599090644,0.24292136345065182,0.3021087236485636,0.31055428886417785,0.32369637051925365,0.22914579941750884,0.13665966543900418,0.2057541972668494,0.22707033277610572,0.22657734683569095,0.16682689696539665,0.34605532414854334,0.2859580361351549,0.16235788378814667,0.25846289918110815,0.19834273246389625,0.22495049499552186,0.19713005762136707,0.23394892668290176,0.2554682313117572,0.19453596154280473,0.26431311649221134,0.17546612700217484,0.2515705490506833,0.1512562637662063,0.11277695149668347,0.18690041012711925,0.10508668803148731,0.18721658663910765,0.22867680569712107,0.21815468474355157,0.005602520240773589,0.16925124991925794,0.27038659736947446,0.3736877292134645,0.04696579756898501,0.28474615115267915,-0.07405003607075701,-0.012299922018386348,0.20818796900046085,-0.03868904552416512,-0.055072820137583745,0.030645055078814695,0.07990934650223033,-0.06674368741337287,0.03033320201988186,-0.19421479224213983
0.04569169442354855,0.10211772609801346,0.11340983282452738,0.19688640769404747,0.1302026102947958,0.19576051033228536,0.15303330531100975,0.17750135873362594,0.20457236540704996,0.10537666605898446,0.19939626943731031,0.1591274599090644,0.37674259049106434,0.18881995306203883,0.1323991827619825,0.20434634617490405,0.17958389593404875,0.15359756567406982,0.16580263324209618,0.14478030244328646,0.15299592109409804,0.2253378826710361,0.055444692724149355,0.27301445521228634,0.14191882227540573,0.1663605602651022,0.1756615498109591,0.16873336239794234,0.18868637828351223,0.14397430855235918,0.1120363825334004,0.19998384970540167,0.13689792880879553,0.18847666827356463,0.1843783736353515,0.13033709292654727,0.12924839865101515,0.07448883678577783,0.2396020565335588,0.11472320951127331,0.10881256402686874,0.1587508201368354,0.16686753725423356,0.02533457913415385,0.11005579614556135,0.22498331573416383,0.2448866502383673,0.013233411109998462,0.2641118008409686,0.09242735387568012,-0.04686295258728227,0.07688550364782476,-0.03726153694569462,-0.02960245484308906,0.07130788870657291,-0.03463142913005331,-0.009123815154575348,-0.01907805741804024,-0.02592267013183529
0.10754205167820889,0.11448056853953623,0.1537926073065278,0.29123860157037135,0.20647785030514842,0.27766597341466087,0.1616137583492902,0.2052187866644716,0.25503364462558265,0.24244755319910213,0.2368659756914063,0.24292136345065182,0.18881995306203883,0.5709470387882039,0.22502775958427734,0.39107112973786495,0.272963997362715,0.15467424388955303,0.23353095423104148,0.1965554550169836,0.2574572338822606,0.29757442706306947,0.2138815274654165,0.28063474270357885,0.24251787601833877,0.38964501255402584,0.21689010619458188,0.20163740257769486,0.2566758335322099,0.17579306603076975,0.2100776750691996,0.4820352031974927,0.22944956727673443,0.20832870237912465,0.19731928919057887,0.21354689777556624,0.2031121317437282,0.12984445071840245,0.2791385170484893,0.20553622886636802,0.21247751269100854,0.2873632104351965,0.18082276828517016,0.019785874710105376,0.12697932418342311,0.2952031504749372,0.5762238642163039,0.03915325220080665,0.40910528077923014,0.10268983688297943,-0.02992593421016614,-0.0084415223554161,0.06482528441490837,-0.0806091208767194,-0.06828731664933908,-0.13469092460109705,0.29724636041952257,0.04810971400857528,-0.15147814633350343
0.11963379468703458,0.1951191138215823,0.1845426991627037,0.21558699600745956,0.17466761626201924,0.22637383352010015,0.19606994617683784,0.09489032049837963,0.17651173283295338,0.29120229055787805,0.2856480653573882,0.3021087236485636,0.1323991827619825,0.22502775958427734,1.287248699691024,0.24977362100295988,0.17463593419209025,0.4307278064033234,0.1519167325396839,0.2637761062246194,0.2427888552753847,0.02693476574327828,-0.17603158267721394,0.4119494043700095,0.28747735470849356,0.301766383556961,0.2020336806096889,0.21982895900436955,0.214294117822923,0.12260705304354629,0.21519208947925805,0.20680072806124083,0.1782820315032073,0.22006863828739617,0.23233847994522577,0.15649798648297902,0.38052192058682255,0.10328712152700063,0.20712912440888223,0.1274038718798924,0.21336865015722722,0.21599955766028428,0.18956944349381566,-0.03911087193333016,0.2364977694078831,0.10360904246662803,0.19958122323503125,0.12163611438015416,0.3200305567884352,0.1293991039400348,0.033575806022633256,0.1843989900685915,-0.032822566873769325,-0.10807692777477322,0.22377339713603145,0.043576150592999977,-0.028279731647881456,-0.11820207081948482,-0.07603704306963208
0.08676316234823493,0.15830999194754128,0.1562272072858395,0.29034367522190846,0.214021929917295,0.2742857855858823,0.21001990625733807,0.17194649519102492,0.24105182788953608,0.21596213026764402,0.26603868797521013,0.31055428886417785,0.20434634617490405,0.39107112973786495,0.24977362100295988,0.5488084497852774,0.3916374336981487,0.17853718704578156,0.20808570734364212,0.2104089226589577,0.28110567557647265,0.31975542112231425,0.13276209588548138,0.27758526256367905,0.2642242460047529,0.27392901696650945,0.2632370963833284,0.2945762803824193,0.27652855200885773,0.26795109241089093,0.22181819666147787,0.36105112009330104,0.25263987949105426,0.2462836326599455,0.28002850297979615,0.23611694203537026,0.26355578834952714,0.1307237218787174,0.2857967990806889,0.18847765179886897,0.22686161554457754,0.3167753574294013,0.26099627027639816,0.010786004610215422,0.19840879187005847,0.282971177367597,0.54295440910708,0.026409151098987303,0.3265287051183572,0.11144788828010412,-0.06683237929258194,0.077895894969354,-0.04918614255201086,-0.06958964289352004,-0.005501343567995264,-0.03870021113544546,-0.008736083112432506,0.07382099807405722,-0.06100016397688042
0.04793128998470749,0.29145964667654506,0.25136101459198446,0.290564287858431,0.1424396504736598,0.341281889765673,0.22096059155972267,0.28017850317888887,0.3355170571721661,0.21325896161066152,0.35456111184080047,0.32369637051925365,0.17958389593404875,0.272963997362715,0.17463593419209025,0.3916374336981487,0.9845284427052664,0.19246674638195949,0.2465886433192081,0.42695773870822673,0.3910845714655223,0.3335111053117436,0.3080013115684034,0.27333981977059946,0.3309609880809882,0.13900063140837599,0.3263533500747052,0.64273052649281,0.30526407270049916,0.4934320709533013,0.37548898905911954,0.29072338698190464,0.5512746015656306,0.3392813389426408,0.44895488643973164,0.31200024473371674,0.5319057926188717,0.2493910007049686,0.2927587555598281,0.1854049143938462,0.3754668430958126,0.43681268167707327,0.39577325694855986,0.024727839128186185,0.2923136401101055,0.47906687777113444,0.8655722881294872,0.09945601347083444,0.08924434785159466,0.24032127829151678,-0.17437833628361776,0.009137712702648607,-0.19652394699482184,-0.05777865034854217,-0.046837589272949384,-0.11880642555699053,-0.12030689083394308,0.1322580026001296,-0.000264762995965595
0.09025664910386968,0.4028308379514801,0.23464762321366706,0.30318781351211094,0.26113559555176824,0.3482095528181554,0.3290878091437101,0.40093453416616576,0.2222443742494196,0.2978577574834219,0.26283399892221504,0.22914579941750884,0.15359756567406982,0.15467424388955303,0.4307278064033234,0.17853718704578156,0.19246674638195949,1.1726605197334128,0.15452854100217558,0.11444070845464768,0.2534543393814173,0.20346877693912938,0.12897881684655835,0.6496947068762433,0.25067788157432697,0.3291311170509398,0.18539750608661834,0.2180739482242649,0.20414748243551792,0.04669842874784423,0.19618406021685653,0.19174224628629652,0.20437963290779435,0.324153990548494,0.1277886395619186,0.10632628647260471,0.1955167791899444,0.04599114439512253,0.32587781001834176,0.15295494274616114,0.13550220540884367,0.17435439798019192,0.4007496409346266,0.002939810381627579,0.37384586304409195,0.23608157281208242,0.3541125199434472,0.056416840650560456,0.42219330948032013,0.10559455229795968,0.1919290465924889,-0.12650231910961668,-0.2854268455289637,-0.17123999560594225,0.06972749938924881,0.057534303049586025,-0.05894650899903767,0.16690902419815007,-0.2272710169660743
0.06601243431511195,0.002301517730164993,0.29580124761694887,0.0816046031856243,-0.09773781809918072,0.46621745853477287,0.020561769588617253,0.16211008597406573,0.3769870505305644,-0.01879283687126369,0.1448098733263862,0.13665966543900418,0.16580263324209618,0.23353095423104148,0.1519167325396839,0.20808570734364212,0.2465886433192081,0.15452854100217558,2.0481382805288715,0.3011794788737842,0.2967356226007437,0.30361298382740154,-0.1007875811204275,-0.04947563473166875,0.10249401754628411,0.3264514809812024,0.17489627641243868,0.3017253932789162,0.17848929895383647,0.18976240261177124,0.19197981815158663,0.22493651088635133,0.300154771511201,0.138334243674142,0.0832717757433508,0.46403216807330916,0.1824054222319022,0.17792633739524105,0.30150307120381037,0.03465035641214035,0.2736798001813089,0.26123160867375894,0.28396713607708846,0.06039859230505697,0.054687723695458657,0.15710772014089733,-0.24868033884102306,0.015099944550052188,0.15863055872701035,0.5677045660936801,-0.29595120083133986,-0.5402080476843496,-0.3747029479988167,-0.03277283215116621,0.05141590502323949,0.03314334751945799,0.07061588785871092,-0.036719059110397655,-0.04818761075330545
0.06110179626790748,0.4110290611355504,0.1941426153409631,0.29130038237262534,0.21713974770043254,0.4924650572128051,0.15441966464494417,0.36542882767442025,0.337716074533128,0.006517538160663534,0.31601894127026237,0.2057541972668494,0.14478030244328646,0.1965554550169836,0.2637761062246194,0.2104089226589577,0.42695773870822673,0.11444070845464768,0.3011794788737842,1.1799801809718076,0.2384077561079484,0.2002138725333986,0.32466476501578323,0.35686173935107557,0.2576891903052493,0.062318086136670975,0.3171650882720685,0.34581883893003434,0.34878247523407463,0.5292432757045351,0.4339999179005522,0.1884284048706291,0.3251782557673725,0.4483123163798419,0.2968985686838018,0.18592321652079455,0.5851554145729171,0.5353190142493078,0.4491362689177657,0.23583539567120917,0.43764554332321176,0.33272587224436423,0.48744891309359917,0.036355428389193374,0.46013807031275283,0.552412504459308,0.4700308463337048,0.21472721604798,0.43098761565492705,0.31111599595305706,-0.22289889370360585,0.3175521700877105,0.014204931010326294,-0.07215782673810438,0.01129798526508327,-0.12583038986673367,-0.0069259820866879014,0.17615661330830812,-0.1166979906613505
0.0865724688827759,0.2681468884333796,0.2007634599768808,0.26310162132197384,0.1574327423433142,0.33068664863820696,0.20983077386679921,0.20089953499774796,0.3535580131155704,0.10054531597145862,0.24172160767751089,0.22707033277610572,0.15299592109409804,0.2574572338822606,0.2427888552753847,0.28110567557647265,0.3910845714655223,0.2534543393814173,0.2967356226007437,0.2384077561079484,0.5652057339883138,0.30524969471022256,0.21970960649968074,0.16959478347596063,0.2304986411216309,0.3094560303574603,0.23000075429671696,0.3262006265352244,0.22655558982923021,0.330785510204713,0.3074059123221941,0.26432209226916004,0.4391346615978156,0.24053366423702202,0.18085183487073486,0.3045256465114192,0.3348061456372836,0.15452182061411557,0.38028233626088215,0.15835207370871426,0.39773057482593455,0.4080926795792906,0.39939255203016627,0.008931045580083697,0.2201359143781891,0.3149286276981416,0.5580429843612821,0.08160741848373394,0.2697658744252417,0.15256874981431143,-0.06125341865271799,0.041000940892919314,-0.12691982999540594,-0.10069785519502004,0.0769661413768423,-0.06356079619818272,-0.1986656314208964,0.0675437801633854,0.10911601213058528
0.08242485527271187,0.17912800906161772,0.22754789286989016,0.24588128055134173,0.14629606030636608,0.33941570079504874,0.2273662182111645,0.20599882334663988,0.4679156385465864,0.15547276412373326,0.2157663800097765,0.22657734683569095,0.2253378826710361,0.29757442706306947,0.02693476574327828,0.31975542112231425,0.3335111053117436,0.20346877693912938,0.30361298382740154,0.2002138725333986,0.30524969471022256,0.6845426816232986,0.45143729442399594,0.292396230419072,0.2069902177707143,0.28431374820808725,0.24779338237163093,0.2618366742048847,0.3554901527328224,0.27936705447980226,0.24620874074547117,0.31748937556078466,0.33224915470851435,0.34128189965972416,0.17847411319427825,0.3440043529074935,0.21682232371641882,0.1442043383816037,0.3990204793381249,0.14718690409989196,0.25863603009113717,0.29653385740214494,0.3279635561368052,0.05236001867942523,0.10982974087472032,0.4570790224091046,0.5211897854129868,-0.10263011613032144,0.46156704402928644,0.15499340130929107,-0.0678311733764226,0.0382091751172466,-0.09558259722593793,-0.09556859864358881,0.024466830117317727,-0.024026805221366916,-0.042913682778568704,0.02765194048673119,-0.01798029581421518
0.06759340735203664,0.12633060527628853,0.13517951752518634,0.24895448385473548,0.35392867971523834,0.2914424622122954,0.1431168302376955,0.26421827983718177,0.3058143540226528,0.3795852515138169,0.16761965301824536,0.16682689696539665,0.055444692724149355,0.2138815274654165,-0.17603158267721394,0.13276209588548138,0.3080013115684034,0.12897881684655835,-0.1007875811204275,0.32466476501578323,0.21970960649968074,0.45143729442399594,2.7606971577308994,0.5660694029568134,0.5026022744575632,-0.17138766449245812,0.176366025638958,0.2899847479447722,0.6973066397950732,0.8113481973166002,0.33418056710639726,0.15948511153066328,0.5256665968996707,0.5672115192441994,0.28005894054959984,0.3045491579050316,0.6050333128160507,0.08012389623841723,0.2770757267508466,-0.004549547057603898,0.5151332639862436,0.21756561631919072,0.4198639987968871,0.13492215403077015,-0.25081296319395735,1.0144926000673793,1.2647956828949223,0.07974314101607269,0.17335738655472527,-0.0677056539412485,-0.024096960756839297,0.2539263844053263,0.34790480330677825,-0.15374286655710753,0.1889083315025425,-0.1063782621230954,-0.011421299698447646,-0.06919421882615788,-0.016216448338362447
-0.01615267758536083,0.2777150158669594,0.16869630191401822,0.4706175233576815,0.3881183678244724,0.45891384137204416,0.4640554678296955,0.40769377619204256,0.39082069757296584,0.3735724164406301,0.3572566748455626,0.34605532414854334,0.27301445521228634,0.28063474270357885,0.4119494043700095,0.27758526256367905,0.27333981977059946,0.6496947068762433,-0.04947563473166875,0.35686173935107557,0.16959478347596063,0.292396230419072,0.5660694029568134,2.361425672472999,0.3924605208214397,-0.7199215963181311,0.2630433918198576,0.32727392093214247,0.013805524227392311,0.8048383016989966,0.46802244250079744,0.24062598634136573,0.4184917042244895,0.22481622531319606,0.348186949360226,0.19061445775133426,0.588974105423087,0.18031477789280956,0.2807813190995322,0.13588439048818088,0.4874456037808167,0.1418523631559723,0.2761235684692692,0.04094067578400558,0.0775897106223468,0.5435485366197831,0.6205055481415054,0.1673830310298112,0.7364735547223964,-0.05856812753823813,-0.04029500307568031,0.4525233694620774,0.16662954120366014,-0.1341254179330875,0.09525189975247149,-0.048342641195775644,0.2346168432926244,0.01707813387983525,-0.35294685205125265
0.10119190207403274,0.20753700493157567,0.21282196287418537,0.28159977254259233,0.21290270106341955,0.3103589975499974,0.20877890455765735,0.27678670465347227,0.18947468559196218,0.24256737446870963,0.24503330824236694,0.2859580361351549,0.14191882227540573,0.24251787601833877,0.28747735470849356,0.2642242460047529,0.3309609880809882,0.25067788157432697,0.10249401754628411,0.2576891903052493,0.2304986411216309,0.2069902177707143,0.5026022744575632,0.3924605208214397,0.873676714793617,0.21020753012743046,0.2367420191032237,0.2527954083128862,0.48088221969770595,0.30660692459612393,0.3103589494547504,0.23985152463561835,0.24939147888588417,0.40857686898779344,0.25335967254442027,0.2937811681265946,0.30207618295498173,0.14083153606899398,0.2785044187403714,0.11832427140729054,0.23663452136671956,0.2347519281359168,0.27986372059050907,0.043374544392990565,0.21029886333341663,0.36059343973971114,0.596299836224602,0.04743257486972558,0.012848952332103019,-0.29188743780273163,0.030751269000669785,0.38837362534932657,0.0708429264279902,-0.0948675521718082,0.07687824388594541,-0.04498059152392812,-0.0007208605251749675,0.005003984692496283,-0.08864880987282091
0.14339211755688555,0.15802432292425575,0.23213276850037878,0.17739597403217502,0.1172784078665188,0.29696604934381055,0.10959446569937384,0.200814092599175,0.3771613453455215,0.11631097811004945,0.15992776959164426,0.16235788378814667,0.1663605602651022,0.38964501255402584,0.301766383556961,0.27392901696650945,0.13900063140837599,0.3291311170509398,0.3264514809812024,0.062318086136670975,0.3094560303574603,0.28431374820808725,-0.17138766449245812,-0.7199215963181311,0.21020753012743046,2.3387913501692656,0.12305285450340293,0.061286514414690484,0.5955059905547216,-0.8982435008430595,-0.07228880053854539,0.45441277371830247,-0.12957224173869022,0.4459057932056678,0.1216800559858561,0.028070396371474914,-0.40405539984588845,0.006495436953814311,0.4576178306278996,0.3851203616834484,-0.2286698445912479,0.3740160307478661,0.252122037466768,-0.04970546170949281,0.42385063759884617,0.027792283430914645,0.24033388508327272,-0.023032791879336535,0.8496212579464076,0.10577530098141688,0.1468467715657162,-0.3587244780611684,-0.27448419572098304,-0.12610249669891035,-0.07755752158089196,0.0795185359120079,-0.09476707826941255,0.14082942223378223,0.008753908800585472
0.06731052476264014,0.19449856941337773,0.1648479955772534,0.21991554902384794,0.1564830643789158,0.2614156870723447,0.17920625727541378,0.1896836084960347,0.2522611742294837,0.16380515663422468,0.23645922985008347,0.25846289918110815,0.1756615498109591,0.21689010619458188,0.2020336806096889,0.2632370963833284,0.3263533500747052,0.18539750608661834,0.17489627641243868,0.3171650882720685,0.23000075429671696,0.24779338237163093,0.176366025638958,0.2630433918198576,0.2367420191032237,0.12305285450340293,0.6645590308716468,0.2969065752163415,0.1751784817173496,0.29620557538388687,0.3283218753124942,0.24312165561412433,0.2854064549907456,0.3014531267825474,0.2547303001094519,0.3193505346140619,0.25455857619444855,0.1682582702953907,0.2559996771183418,0.20101107376981828,0.29405072725914677,0.24049755209271417,0.3608987418141295,-0.005919552005904297,0.18029715563507365,0.4549728099240255,0.38366898960320633,0.09024772337970186,0.2912350518288309,0.08810155217503125,-0.0716789455793759,0.2181199282278274,-0.07527502182964552,-0.03891713598162841,0.0008989007316049642,-0.04206241496792663,0.009573856296119477,0.10116544329393086,-0.10318076884347943
0.04123828238898909,0.12398349861214183,0.23285424177129635,0.10746210166561318,-0.06532940661852879,0.22749838671866712,0.12892829064482497,0.23525206361523568,0.3329054576775849,0.1983531921367267,0.26916282069775843,0.19834273246389625,0.16873336239794234,0.20163740257769486,0.21982895900436955,0.2945762803824193,0.64273052649281,0.2180739482242649,0.3017253932789162,0.34581883893003434,0.3262006265352244,0.2618366742048847,0.2899847479447722,0.32727392093214247,0.2527954083128862,0.061286514414690484,0.2969065752163415,1.7703114663680029,0.1339519342436102,0.6955486430115203,0.37747037982023773,0.2608337928783756,1.151173880734429,0.1699984532866921,1.2078941569082313,0.26922920301908365,1.1074507887980836,0.21663519796844985,0.08139328148493688,0.23149602259478386,0.4400038224750518,0.3305866844353314,0.33169157514852826,-0.007825310342182767,0.15549869041452544,0.3451379343261225,0.6729633521356244,0.18378026966941738,0.1034763957080327,0.7518195228672262,-0.3569586129726452,0.720206616738766,-0.6755005651095488,-0.0036688153721803683,0.5439111250827053,-0.057509534387683754,0.06739598746370434,-0.5084166009188965,0.2574206253382625
0.09740785683769476,0.2663098248088507,0.3385711271194358,0.2460358161607077,0.12125241929448001,0.406329399071006,0.13956001208233904,0.30042981840423105,0.27663095163036244,0.25737427799856416,0.2378008098383836,0.22495049499552186,0.18868637828351223,0.2566758335322099,0.214294117822923,0.27652855200885773,0.30526407270049916,0.20414748243551792,0.17848929895383647,0.34878247523407463,0.22655558982923021,0.3554901527328224,0.6973066397950732,0.013805524227392311,0.48088221969770595,0.5955059905547216,0.1751784817173496,0.1339519342436102,2.364248772810447,0.2215419476155099,-0.36382949326714614,0.2805628389096323,0.0009050485848662038,0.9117882058410967,0.15055271046446345,0.2088546364063802,0.6062278313141822,0.05169313580938081,0.160145991122233,0.18162898249996937,-0.12420778877770913,0.2638103975728123,0.20796882991596816,-0.07332787880271505,0.4619968132356695,0.4465478570750437,0.8120780603998781,-0.04273271581817336,0.5808284764444609,0.16085025150136423,-0.0021022490457507223,0.22679452184794005,-0.18331550202821412,-0.05537069065789607,0.054089037405875444,-0.03611653300066991,-0.04098444884563158,-0.04948794165122711,0.0026442419189412845
0.03510573634143076,0.15085616761101883,-0.053322310227629045,0.20017590912644234,0.17274280353390672,0.10637353319527046,0.2313492332522438,0.1059089833623554,0.2719410146883169,0.18809805474508848,0.23651674138048467,0.19713005762136707,0.14397430855235918,0.17579306603076975,0.12260705304354629,0.26795109241089093,0.4934320709533013,0.04669842874784423,0.18976240261177124,0.5292432757045351,0.330785510204713,0.27936705447980226,0.8113481973166002,0.8048383016989966,0.30660692459612393,-0.8982435008430595,0.29620557538388687,0.6955486430115203,0.2215419476155099,3.009867857546995,0.4318689538673701,0.10717128628356791,0.8307422843283898,-0.09619087796147345,0.8902583184251259,0.6204512434463619,1.4778085314197171,0.33334971925182605,-0.020374480683988696,-0.09703957317956421,1.459965865725262,0.32106794292522584,1.0389979455628662,0.23117705823292956,0.15017612770461425,1.0098290407090134,0.9816247357733591,0.35465645949187763,0.1363436569695084,-0.45682294387986405,-0.1242428696379944,0.19658092418049358,0.4737187412439142,-0.005454392443950919,0.27669637542261644,-0.1298945547163127,-0.16382421412128456,0.13827572106477498,-0.10060891358636707
0.08054965094885615,0.18489578916836727,0.13041358047722473,0.25097021472601877,0.28484982311462753,0.2685766841502083,0.18204527151167008,0.152813514006887,0.32247441763339013,0.13015394102091973,0.24129180219120294,0.23394892668290176,0.1120363825334004,0.2100776750691996,0.21519208947925805,0.22181819666147787,0.37548898905911954,0.19618406021685653,0.19197981815158663,0.4339999179005522,0.3074059123221941,0.24620874074547117,0.33418056710639726,0.46802244250079744,0.3103589494547504,-0.07228880053854539,0.3283218753124942,0.37747037982023773,-0.36382949326714614,0.4318689538673701,1.6874518531932965,0.2281194991763409,0.45559903869513885,0.1009893610966999,0.20072042106111043,0.8384312297860402,0.39432468973827284,0.27265941222524276,0.22460422244352807,0.011176490183865864,0.7371785765369695,0.2546377861149049,0.2225466884341362,0.08263634099342193,-0.028732023856323504,0.28745329935913355,0.48440724120902967,0.05484749463192285,-0.4518752476997752,0.17987460383624046,-0.14556055416237834,0.4745083979546618,-0.15590641502292182,-0.12903059152892452,0.15650495984127655,-0.09399433076603143,0.07101254125655665,-0.1472515230338919,-0.03854036175214509
0.11159510022458122,0.10187149299148522,0.18179969181739788,0.27598853261735795,0.19696185465248878,0.3029365843126758,0.17869960593253809,0.23239368665556523,0.29659735378572516,0.23286998148450827,0.24043681654755958,0.2554682313117572,0.19998384970540167,0.4820352031974927,0.20680072806124083,0.36105112009330104,0.29072338698190464,0.19174224628629652,0.22493651088635133,0.1884284048706291,0.26432209226916004,0.31748937556078466,0.15948511153066328,0.24062598634136573,0.23985152463561835,0.45441277371830247,0.24312165561412433,0.2608337928783756,0.2805628389096323,0.10717128628356791,0.2281194991763409,0.6112888837429086,0.213009564355753,0.23377804331618673,0.19127588230328865,0.26628657274412587,0.1403679836076794,0.1219879698426309,0.2708146799901742,0.22952044567435784,0.19608630663732543,0.2979862226968587,0.1680363491024644,0.021350859300268747,0.15705154954729947,0.27263376021669394,0.5463599543753891,0.01993355715787562,0.3601905325678338,0.11871416570541668,-0.010844825281437973,0.16168425645903442,-0.2281278864367156,-0.04394765498829569,-0.044609942547377664,-0.1526026232330633,0.5158245877182183,0.003537733520225352,-0.32549192872147265
0.06653589456377565,0.1773434621756251,0.14243674235134962,0.2273851827166323,0.17678431593572502,0.228835251913438,0.18282719102354597,0.19708484552428415,0.42443833219660093,0.15800055678864353,0.24873307081914287,0.19453596154280473,0.13689792880879553,0.22944956727673443,0.1782820315032073,0.25263987949105426,0.5512746015656306,0.20437963290779435,0.300154771511201,0.3251782557673725,0.4391346615978156,0.33224915470851435,0.5256665968996707,0.4184917042244895,0.24939147888588417,-0.12957224173869022,0.2854064549907456,1.151173880734429,0.0009050485848662038,0.8307422843283898,0.45559903869513885,0.213009564355753,2.381171653626541,-0.016820349270867545,0.18747315377432658,0.2829906631213841,1.785821747518217,0.27664787454511974,-0.16006081437849884,-0.1817863347616094,0.6993426922635462,0.4692619333014027,0.3903518981958959,-0.06768923419483135,-0.4202576536531851,0.23893140147778003,0.8208214745603978,0.2874839931646832,0.16267526571096538,0.5099921233841441,-0.394118343742071,0.6413683548007424,-0.07668840750826278,-0.34311813886529685,0.49484726531923284,-0.17922439725456596,-0.12383155702949311,-0.36034868920371543,0.40596511285695136
0.023690836540849133,0.38047391837738476,0.3809312902386519,0.35306579626429174,0.1324811520423986,0.4975476553680573,0.24503972553288056,0.42016375722673777,0.3726603178115402,0.28079159356539585,0.27630291620912895,0.26431311649221134,0.18847666827356463,0.20832870237912465,0.22006863828739617,0.2462836326599455,0.3392813389426408,0.324153990548494,0.138334243674142,0.4483123163798419,0.24053366423702202,0.34128189965972416,0.5672115192441994,0.22481622531319606,0.40857686898779344,0.4459057932056678,0.3014531267825474,0.1699984532866921,0.9117882058410967,-0.09619087796147345,0.1009893610966999,0.23377804331618673,-0.016820349270867545,1.9453327671115024,0.2841316144824811,0.1408915094727043,0.3850043096302195,0.11928645933495732,0.22444506365625783,0.10021989640189959,0.37450597022261595,0.2711174519086259,0.5777197785448714,0.13123773227728658,0.3333939671943607,0.20768654138471523,0.5920973953339428,-0.013934079704639276,0.31745586953486343,-0.028531643834136384,-0.033345129766830954,0.20421949983238655,-0.07821771921344524,0.01932719383523152,-0.04984002519773205,0.0016802019033200913,-0.17149155785363085,0.1993730300403533,-0.0808837432985905
