0.7212367021880289,0.17628431585855062,0.33094650363246586,-0.1608959608129952,0.09613124841610858,0.10732268375700761,0.11168040804195316,0.02582599196827798,0.07479349593259338,0.033028847339748466,0.07487711044776744,0.07625067725634369,0.02234599439310056,0.07890125528621288,0.07302581636775309,0.07641200234913607,0.07111081086545015,0.09019568558200673,0.05161137612238211,0.007092001198520625,0.12412295248859719,0.08648803145749566,0.0061289923425643005,-0.015947955594489,0.07411613872449739,0.018167296824838253,0.04474058939222984,0.03228949024414384,0.16006799333213687,-0.07185779112266633,0.0701332758573415,0.05157262509930885,-0.01366559983851,-0.08780053414636814,0.09629601042882104,0.0174388308081221,0.0326291692086876,0.10429204972306436,0.0030087760910796377,-0.02629747789529689,0.13311005371083298,0.035474328003042344,0.08174047131963186,0.07149403106314776,0.07863751787357451,0.07213558537760552,0.003701998683968249,-0.02174701551639104,0.02271724417680886,-0.0055593390520582205,-0.022557886920003344,-0.0342519561164369,0.029302619974492086,0.01596386369972442,-0.012389810269128542,0.030573391193399222,-0.06531448232905987,0.1269645307906296,-0.1061934562858233
0.17628431585855062,1.1472956243296928,0.816289586780544,-0.16847256447827338,0.012296294625639078,0.23355204066287552,0.17028133988133118,0.05983450636141594,0.21025653048886675,0.12935324169797857,0.16879508315547018,0.10409279027267121,0.04363532233361744,0.11100156915982493,0.31022138481590367,0.15851942867220845,0.23664320730586896,0.30373825275316646,0.05076637232995324,0.21746339327780825,0.2987184971431705,0.21142335010113986,-0.06416735015619174,0.05523149901071628,0.1469293276164666,0.2694304038699878,0.12110616115940519,0.24753802486175583,0.36646804557277124,-0.08715111313704374,0.317723369345241,0.05439976757764702,0.05291397206082695,0.1986626168406857,0.3718655256362834,0.0006500529470532285,0.4539608600114061,0.1938151317143655,0.0875670287337641,-0.023970032862286387,0.1340288331931661,0.2026663793172418,0.3682370205796685,0.17377374397336795,0.29896685724056093,0.19181592947950932,0.11912813760606704,-0.005428205955013219,0.04319937781298001,-0.0428033380587215,0.0940018868561521,0.08080895402621195,-0.06771861009207465,-0.07353742747494146,0.0793045996531619,-0.08570617306610623,-0.5483840343481053,0.21176678490469358,0.2488441270287234
0.33094650363246586,0.816289586780544,2.5991990833128438,-0.16214778102144087,-0.3269319606311117,0.19571872915555824,0.12791449968363525,-0.05382493859572806,0.2281450622168687,-0.008044929302327064,0.1144362870559508,0.11969157511405182,0.00362957702200394,0.12202605258972349,0.12843234861796954,0.1585091063307903,0.21607183774272803,0.15185487543761902,0.009997109804809775,-0.023285262331227862,0.28291742772320816,0.27625130679280224,-0.2594798519327542,-0.043703407928893934,0.18219854550155717,-0.0032701139124992843,0.12760969503788083,0.15516848648027876,0.45473793946283086,-0.681634543040055,0.353214468321707,0.14724827067547422,0.016714579116038096,0.13895384036872713,0.27542281073364905,0.3514930545827431,0.16220441912858488,0.2124082370325993,-0.27202590203547217,-0.4537094975185572,0.13788196445205717,0.15773144121494734,0.07337217696484478,0.26427050865858415,0.21151301464562342,0.3848442681357441,-0.1553885401996895,-0.0348282256965182,-0.2307924478827601,-0.3548770364872651,0.14671582873820294,0.42061481379368143,0.00413182084848726,-0.2517957362454507,-0.07933402742124232,0.2759594547895004,0.076450061138516,0.0394861901744963,-0.56626825650275
-0.1608959608129952,-0.16847256447827338,-0.16214778102144087,2.1777333914492125,0.19243545404125303,0.3202846535007884,0.25933787140792824,0.4048876912841307,0.05769887101972869,0.2793518574538701,0.29599649759333324,0.3565110477885338,0.07784478606120954,0.340222541445123,0.1273656822184536,0.3279939140687322,0.2544434063698482,0.21920267386475653,0.16707745467282306,0.15797252983273846,0.2712400350750951,0.23721380118745947,0.284010063431652,0.18713941138026252,0.25614463319912095,0.2757967410923302,0.19649211860257332,-0.013341274094746124,-0.09310556991489463,0.15834667771482322,0.13446746719904742,0.3182237558091533,0.11747714336481971,0.3267492400749172,-0.15461483441225163,0.14971636147422154,0.17576721703849144,0.29824866531038474,0.24350781957088355,0.08616896388047639,0.23334180859917028,0.10609860277673179,0.23109273319264562,0.3855950181945334,-0.19219261782705035,0.21884180583636573,0.2510522382391215,0.01347050709365937,0.06154676111447891,-0.11350317009001726,-0.011522694343969252,0.18973445443257284,-0.01387444640234596,-0.0827787256161488,-0.1415500876197756,0.08256870117372643,-0.03752753781522359,0.2265159242758736,-0.18050182891324906
0.09613124841610858,0.012296294625639078,-0.3269319606311117,0.19243545404125303,0.8632308410187676,0.2094484905575004,0.12576127672173487,0.21781054735245026,-0.0018072315413152403,0.15428103275602187,0.1580100682929021,0.18496883635558778,0.0717519826735221,0.13100144273535141,0.1537897771093269,0.14953803505592653,0.10021939760308014,0.12297761977836302,0.2914828485374943,0.1629478445771913,0.12890893520014196,0.075659921403409,0.19711892191199984,0.08215794478336928,0.03986102121768829,0.14378397096203235,0.07932445885717003,-0.061089916364949315,0.06285057745545908,-0.06502291330336048,-0.01941546726204756,0.10838927451520314,0.01312811329834648,0.15029848995301098,-0.07718997282909047,0.09672891313025969,-0.020942629214633208,0.11975104026634568,0.06818442048582732,0.17657916050075584,0.1559645756562106,0.08125426992540354,0.038111373421692775,0.018458629687272292,-0.14993258578103824,0.04401568169468066,0.022450349140630897,0.011139796608854136,0.18456871107667436,0.09232939811855305,0.03398614234444432,-0.27951891659351985,0.13855408464394153,0.11668776586666053,-0.05772528170129069,-0.11622879306550804,-0.1491648773777037,0.05369048380346269,0.28715865532959933
0.10732268375700761,0.23355204066287552,0.19571872915555824,0.3202846535007884,0.2094484905575004,0.7698046908765898,0.29012763252067847,-0.014397655668843809,0.10758871277346718,0.13579589888705662,0.2194087677976747,0.19913680018866972,0.06198230373434934,0.16190001003577176,0.22815294235952582,0.1825744062416153,0.20563534887835777,0.18342422262758032,0.2894847534234661,0.19518004604709022,0.23350332929495798,0.16924131165202222,0.013491912952499007,0.023774115479895795,0.06221702859224405,0.2696860072466684,0.11734417203541311,0.057450315251983256,0.11322828993297791,-0.1745869568499683,0.12732910989931684,0.16964834151670524,-0.15145459472469014,0.2158201589836507,0.12745233417840357,0.06482642981916671,0.06839830976992432,0.16697685183503863,0.05628952035902502,0.14990748661937234,0.20107016632574726,0.12109007263266969,0.22337566800682235,0.15939091342761194,0.05615888071166276,0.11461753106728202,0.08665246605311351,-0.03338959505893985,0.05615075589302774,0.4302388832798977,-0.36792927080654464,-0.13392337774032678,-0.20673441547890362,0.1176488109793586,-0.08479521643211348,-0.028761923269734296,-0.22025527801428016,0.2540827282730094,0.0028489743559112785
0.11168040804195316,0.17028133988133118,0.12791449968363525,0.25933787140792824,0.12576127672173487,0.29012763252067847,0.49893668169348376,-0.018453537403473892,0.18052644783238436,0.14480925578783743,0.21543106024728073,0.2523538809899108,0.04835895069510863,0.10818625382699974,0.12795683297542348,0.1649158028504699,0.18611210332060518,0.1968420257623262,0.09134969653342948,0.0482263214875473,0.25616229364414095,0.18126582409891237,0.27884559329882525,0.11817247168836632,0.16643095745790698,0.15685923266656562,0.11831019331642827,0.07700856669823579,0.10927946810940489,0.03926094563073141,0.05218526091922682,0.1382661312838226,0.10101241913355181,0.1744931729937716,0.08026906874650948,0.09452413496722586,0.14051668175975646,0.1488793804847883,0.026408790426803903,0.03179072380898568,0.18311185401096616,0.11780939691441274,0.13382773314747776,0.13088404415569949,-0.10174406553859561,0.13033368707143247,0.04784547726620903,0.00048207159823460957,0.14936151443203813,0.050122892496190764,-0.12846889814800563,0.002912222803247358,0.020290246311175868,0.006130873906750538,-0.05327719159130259,0.02674677839607926,-0.18756119065326288,0.07617466011241852,0.09202807159465344
0.02582599196827798,0.05983450636141594,-0.05382493859572806,0.4048876912841307,0.21781054735245026,-0.014397655668843809,-0.018453537403473892,1.0622053750630436,0.004117516614999901,0.2959332312026746,0.2699821606910208,0.19013070094455256,0.09743057918895223,0.2266786871980086,0.08560423923743384,0.2403113687715241,0.3065268471987748,0.20103149271807053,0.16149914516807984,0.3776248979360647,0.055022073161555926,0.1825363711891732,0.17084995266746006,0.18959478059707377,0.29695843416435214,0.301958951767269,0.19899252821354815,0.28583546023415607,0.08157072363177599,0.31076433770672435,0.2462159834455245,0.16723023796431138,0.16047669058424358,0.330499239457287,0.42037796547183703,-0.0886413319208695,0.6367173186065083,0.27887738820336383,0.6497380111970078,0.13568787730110973,0.09382220487861963,0.19071977774159934,0.4834361017038033,0.24935555847217764,0.2833151187122457,0.2362873333313505,0.4520989208607453,0.05577261081904018,0.14871150937527008,-0.2178426231909484,0.10131823426515868,0.44661192327414556,0.05526089510344314,-0.3013519655427024,0.07136822296012917,0.08593550741821201,-0.09027624171370122,0.21614055724480274,-0.33656102844537045
0.07479349593259338,0.21025653048886675,0.2281450622168687,0.05769887101972869,-0.0018072315413152403,0.10758871277346718,0.18052644783238436,0.004117516614999901,0.6620830761889217,0.05624420559909485,0.0502555641544114,0.0041709528755649854,0.0016742101619896801,0.09217492356336587,0.049092940501580674,0.09176701109299021,0.09908515275110094,0.1736135585654129,-0.00902853944546673,0.01223676767968172,0.18817144997799362,0.30948502402561495,0.260833592094874,0.12419894806416568,0.11803496669635194,0.20091815558112414,0.07020100380906559,0.11808259641497265,0.16980939385427665,0.07236599902813534,0.09772890248949595,0.10006297416883995,0.20827631593207913,0.13728671619781183,0.10321100863022892,-0.026035401325649417,0.24600841844353885,0.12976751933818725,0.034926719594542806,-0.08889100963427672,0.08001538653674702,0.08674491605364208,0.15795482051142987,0.11650145725078336,-0.05389720095364753,0.11136675527959745,0.12081725719632459,-0.020302037569189003,0.37623162080944655,-0.15874137886970813,-0.0032531975604179132,0.07777580857520858,0.08541003831823558,-0.0842333504054114,0.025955311418166187,0.052563311276205095,-0.21051968836257706,0.11507935640572094,-0.08301567276371001
0.033028847339748466,0.12935324169797857,-0.008044929302327064,0.2793518574538701,0.15428103275602187,0.13579589888705662,0.14480925578783743,0.2959332312026746,0.05624420559909485,0.6414287487437726,0.24095707822508936,0.13558361222017326,0.07610978608259794,0.13211888961463744,0.1873071626485471,0.18829424145102283,0.25570795148374087,0.2587935801991389,0.09308022688534513,0.17434980485269866,0.13899793258828866,0.18431519294400903,0.2957944273247025,0.16483996804517645,0.22760874544224213,0.14552780165998874,0.12862867997741334,0.20201972019174846,0.158851779718914,0.23400606749565128,0.12772630243619162,0.10366659318482485,0.14541313337284203,0.2531547910595504,0.2665011878635636,-0.037055763947807706,0.4285841524078469,0.18924515064420439,0.42613340334693284,0.16282910687881175,0.24829315473474714,0.1619737327233697,0.2801150585773615,0.2475855640460945,0.017880808521129374,0.19419063756730431,0.3194295669495604,0.007525668900191174,0.09568449636674717,0.056869563392542344,0.010401979260510646,-0.04457013201068648,0.025249538579562393,-0.03743577825603216,0.018877786374693485,-0.0019450906266165941,-0.18555574379965242,-0.08985997472982919,0.2543439593209876
0.07487711044776744,0.16879508315547018,0.1144362870559508,0.29599649759333324,0.1580100682929021,0.2194087677976747,0.21543106024728073,0.2699821606910208,0.0502555641544114,0.24095707822508936,0.5342260053836396,0.29547080497913053,0.07847333648638073,0.1421891600300481,0.20725210625865104,0.1952574665361885,0.2512965563096378,0.21353787304032598,0.08648484637420667,0.23029849773359395,0.21551861743374073,0.14988345452032453,0.20493589409936425,0.13429880019163196,0.22116694600100748,0.2289689918369881,0.16061935943014138,0.1664160114484667,0.15289705739943682,0.11230999885190603,0.14801639987813092,0.1468490253328511,0.08193664577135505,0.24873172033636487,0.2732924132688995,-0.0012281654070124789,0.3317843263997824,0.21437554196562794,0.24160776462086225,0.11086090871689115,0.15303432425682675,0.17444766742661635,0.3093444386078411,0.14200389272075847,0.12354123410540832,0.18193186389284302,0.22576355034116372,0.014836960418963903,0.03698176397722156,-0.025716558727228427,-0.051787827889467314,0.014215299093129526,0.050237186165384626,-0.04432836388425561,0.0061245915930380375,0.029123314752923894,-0.15217299275478433,0.2294067320057997,-0.15361769949744988
0.07625067725634369,0.10409279027267121,0.11969157511405182,0.3565110477885338,0.18496883635558778,0.19913680018866972,0.2523538809899108,0.19013070094455256,0.0041709528755649854,0.13558361222017326,0.29547080497913053,0.5832513487910533,0.07150780580176994,0.14653558611045478,0.11839675239786196,0.19280366843222338,0.14620759878261852,0.10961610967652488,0.11188290570748345,0.15203077983354082,0.12066788459155241,0.11156088025714367,0.14545718704003593,0.11349568692003949,0.19886982734631659,0.14480928821454575,0.19208717643859358,0.0918614283737583,0.06547455398841939,0.08241972927977657,0.0764759461111362,0.16545418780484794,0.04065114060059396,0.19774299996322717,0.18995279116673816,0.18877072289681435,0.1704066787478222,0.16665351013808205,0.15810553445954392,0.10079195871449433,0.12219396268233526,0.1532111106602607,0.18052033139328294,0.08172459777650422,0.065243372421254,0.15529079258610282,0.12333566746683151,0.024389905907676257,0.054782120843575643,-0.1853789273504679,-0.017507049925456847,-0.017817719817780995,0.11226969409850936,0.0006768345225116849,-0.018716091870606574,0.06521145409220261,-0.10800332976277739,0.12583808074737488,-0.14577887050657834
0.02234599439310056,0.04363532233361744,0.00362957702200394,0.07784478606120954,0.0717519826735221,0.06198230373434934,0.04835895069510863,0.09743057918895223,0.0016742101619896801,0.07610978608259794,0.07847333648638073,0.07150780580176994,0.17095481490093392,0.05137611112108158,0.027746115438598916,0.06358665274368726,0.054134187596049994,0.06254616949644144,0.052793776736054794,0.06879567873374422,0.02600177751006692,0.04715054033357379,0.10074218896707443,0.05355496529521666,0.07768317185933976,0.044321333440810365,0.061017787853284565,0.06998348265646841,0.11693871719709865,0.03849439569078537,0.01718292936884329,0.04641373085878487,0.049281799873728035,0.056654848523567954,0.09304855954548123,-0.010342080973087909,0.12692580855149171,0.0439593646127505,0.13968152472392031,0.055389982545535614,0.03593698967892566,0.051043789687437766,0.11059925644753467,0.04634981977986618,0.053163371187295,0.054121187403471986,0.07298238246767283,0.008489335716072719,0.06816207269912707,-0.006262376198130609,-0.001970902701493599,0.0015432204316427535,0.009747999059444564,-0.014146214410198383,0.013298679404163781,-0.0039677861004698885,-0.05120878682831429,0.04514475616341949,-0.024525112928219187
0.07890125528621288,0.11100156915982493,0.12202605258972349,0.340222541445123,0.13100144273535141,0.16190001003577176,0.10818625382699974,0.2266786871980086,0.09217492356336587,0.13211888961463744,0.1421891600300481,0.14653558611045478,0.05137611112108158,0.4192611865747832,0.15191276599862671,0.2397618827878627,0.16969445179538914,0.13365703618519495,0.09551821211660179,0.1696041763817871,0.19151887768653358,0.19798137569997212,0.08784133629538492,0.10778267837854187,0.14568730775656408,0.2919300345465861,0.12510029018773575,0.07923288476165108,0.1101583715447756,0.007233302631700954,0.16230920754237982,0.2615320104083019,0.0015112588649944152,0.2120996184867156,0.17887064093886898,0.024032392294408105,0.20282782501797178,0.17208311562512357,0.1375180059957676,0.040307469739264454,0.1732139013569737,0.1195025572383677,0.2237232254431109,0.1867215664086203,0.013823785954449577,0.13552179428911376,0.1743632807753882,0.00019211823153318506,0.27509368897995135,-0.022447563507696795,-0.009288627908088803,0.000991833136224618,0.025959075402423645,-0.05410642495616936,-0.06096940863588903,0.07465485640935986,-0.12557975869152616,0.18866401341674074,-0.12180039548573059
0.07302581636775309,0.31022138481590367,0.12843234861796954,0.1273656822184536,0.1537897771093269,0.22815294235952582,0.12795683297542348,0.08560423923743384,0.049092940501580674,0.1873071626485471,0.20725210625865104,0.11839675239786196,0.027746115438598916,0.15191276599862671,0.691077029907711,0.12149921635864712,0.24228415007628135,0.2834967455932609,0.09568442227071383,0.24152829184295208,0.2640972500150954,0.09274161938427243,0.33855597338258075,0.11670427976479801,0.27308560280712707,0.267474161708716,0.08514326764044357,0.20395953951936033,0.2464735373646663,0.08348534402366026,0.06974485993308789,0.0868557313612033,0.10295027091353921,0.2110360432179125,0.20995632705217748,-0.0671921553782239,0.38219411147730376,0.09196307009620829,0.19691995544310756,0.09094599031385601,0.21414903852626693,0.15152188098324623,0.2699033487467895,0.05715671714040053,0.04941585120935751,0.16626021090595539,0.22481107458278335,0.005742619879663912,0.101176143657362,0.4008769113994395,-0.09495594337464096,-0.08226063784783459,-0.1557596962571547,0.01934655997645456,-0.0038602260469970855,0.04947555548386697,-0.37982229314892,0.22058671881254915,0.04349686535107036
0.07641200234913607,0.15851942867220845,0.1585091063307903,0.3279939140687322,0.14953803505592653,0.1825744062416153,0.1649158028504699,0.2403113687715241,0.09176701109299021,0.18829424145102283,0.1952574665361885,0.19280366843222338,0.06358665274368726,0.2397618827878627,0.12149921635864712,0.44274175826589673,0.24147000773382907,0.15304628819381563,0.10569797913129915,0.16458525180127967,0.12455092056843484,0.2703860204125102,0.07374280923751844,0.11696021082784236,0.18914696398718722,0.2082896090629633,0.15388045804354075,0.1675473171509922,0.24957175403134724,0.025688257507028734,0.19039487235905736,0.18672843315192095,0.06474848532520308,0.22221749959022152,0.3024067832265062,0.026978933959745818,0.3257187457604786,0.18034929549063664,0.2896767158468199,0.10512245488014119,0.12893615572591774,0.17607784623971184,0.31533549177821296,0.22649688464544157,0.12897701955828764,0.18386846967117876,0.18786951830350127,-0.012209670429688733,0.16645983176591464,-0.16471382134682216,-0.004460116389797041,0.042847073542401325,0.0636270188555946,-0.05705074239509599,0.002690164413707278,0.06125177629749153,-0.20341963402964408,0.18349173259305762,-0.12332851713956736
0.07111081086545015,0.23664320730586896,0.21607183774272803,0.2544434063698482,0.10021939760308014,0.20563534887835777,0.18611210332060518,0.3065268471987748,0.09908515275110094,0.25570795148374087,0.2512965563096378,0.14620759878261852,0.054134187596049994,0.16969445179538914,0.24228415007628135,0.24147000773382907,0.8252901448695024,0.19193004435772323,0.13084826759889057,0.3378371915480935,0.2204280290322825,0.23043235958736705,0.1283134079258074,0.16943238840135597,0.2407001065541304,0.10491389590141958,0.14282150910571495,0.2821538688878134,0.3736208407383873,0.00858854891523374,0.23602492142944004,0.12000627198529723,0.3320387781560213,0.20258258233911935,0.19900987869322673,-0.06189463125867342,0.5325098326936097,0.3232272258799864,0.23220001995203418,0.06996581890903233,0.20892882257502676,0.2062173278368205,0.4147997725250123,0.15015232475050763,0.16401878312472654,0.251736014078505,0.2564859384410983,0.030479902094482158,0.10937570687140971,0.2874815784305133,-0.00871173097890885,0.09189697139801833,-0.14033333548154306,-0.14011975160584236,0.03825372367755729,0.061040013824653884,-0.23614101788245492,0.16464985041319732,-0.07442738247648892
0.09019568558200673,0.30373825275316646,0.15185487543761902,0.21920267386475653,0.12297761977836302,0.18342422262758032,0.1968420257623262,0.20103149271807053,0.1736135585654129,0.2587935801991389,0.21353787304032598,0.10961610967652488,0.06254616949644144,0.13365703618519495,0.2834967455932609,0.15304628819381563,0.19193004435772323,0.7008311782687604,0.030341223156719208,0.03805942226591895,0.30830776767790824,0.17989966217765954,0.48281227208828786,0.10027742886657359,0.2692195362995169,0.4326486907521269,0.03312449208010974,0.24042567473125784,0.07373424850370822,0.019514520991119465,0.2599723492319195,0.11739069343647553,0.0597452828883588,0.21616706854133955,0.30153486737729834,-0.163711958506971,0.4952822316140938,0.07687211308337102,0.29886828955238787,0.09030408020192944,0.13483725801704977,0.13484871177860386,0.36078991296000157,0.2770669824078448,0.1723450893637851,0.16918651510972213,0.35671548887446114,-0.01292169713617107,0.07452410569583982,0.44526747281339857,-0.028431676828272356,-0.08942608147749649,-0.19482812040666447,-0.07134114805021259,-0.020889932465237345,-0.011739470517508769,-0.24245827019893504,0.2558043496115526,-0.0635481530780435
0.05161137612238211,0.05076637232995324,0.009997109804809775,0.16707745467282306,0.2914828485374943,0.2894847534234661,0.09134969653342948,0.16149914516807984,-0.00902853944546673,0.09308022688534513,0.08648484637420667,0.11188290570748345,0.052793776736054794,0.09551821211660179,0.09568442227071383,0.10569797913129915,0.13084826759889057,0.030341223156719208,0.5777023284064178,0.14896833529480705,0.12871498293632988,0.09811934729274754,-0.04020278439615855,0.07162637180509054,-0.011339012312364645,0.07104025747062885,0.06513779343952678,0.06977386033108667,-0.017128531338507405,-0.02042467049760471,0.10770200118004504,0.0944215135361553,0.07601393546679687,0.09670098718030476,-0.03764661338214809,0.14764518118090583,0.02633161196667122,0.18858312116151799,0.021516080098536332,0.04721196970574132,0.15536286765162077,0.08513300197343524,0.042104387544622715,0.09168621939201368,-0.07618649195641211,0.11208939714490197,-0.054648842653414735,0.010062931411615881,-0.06635799149414472,-0.021948148579908153,0.13663533428333247,0.18413833005336633,-0.12333455560625169,-0.02142246460950355,-0.09327815828384375,-0.0392839126384088,-0.059933515980595355,0.05042524139641067,0.13728379639156704
0.007092001198520625,0.21746339327780825,-0.023285262331227862,0.15797252983273846,0.1629478445771913,0.19518004604709022,0.0482263214875473,0.3776248979360647,0.01223676767968172,0.17434980485269866,0.23029849773359395,0.15203077983354082,0.06879567873374422,0.1696041763817871,0.24152829184295208,0.16458525180127967,0.3378371915480935,0.03805942226591895,0.14896833529480705,1.176383844284145,-0.1753311574383526,0.06467712214655959,0.1533420157531127,0.1716062551606393,0.19374675947997105,0.3012531036038687,0.2753234433816266,0.29771371339318325,0.7921179963184645,0.006625108029814447,0.14693479892501132,0.12086778501027218,0.16750587448150078,0.29487840705148777,0.35390538430583673,-0.04399683774851402,0.5283677159467586,0.36070352905763803,0.5802558510969298,0.4087878059714587,-0.0321169422418919,0.27418112266653144,0.5482845216269253,-0.3544624135066407,0.6472725465081584,0.19554239589208217,0.034091897686809834,0.08048512019200368,0.44129266680955875,-0.0723077065999743,-0.05390342497253252,0.03996023602481015,0.059467353424878126,-0.07046778503393476,0.12034671977352454,0.022182866402527097,-0.15660776475227484,0.2550402430075872,-0.2315429522235966
0.12412295248859719,0.2987184971431705,0.28291742772320816,0.2712400350750951,0.12890893520014196,0.23350332929495798,0.25616229364414095,0.055022073161555926,0.18817144997799362,0.13899793258828866,0.21551861743374073,0.12066788459155241,0.02600177751006692,0.19151887768653358,0.2640972500150954,0.12455092056843484,0.2204280290322825,0.30830776767790824,0.12871498293632988,-0.1753311574383526,1.5121220176774388,0.1594150958356427,0.3882513932141122,0.1807699658951297,0.2727634300974777,0.44729277855080524,0.012164973127588763,0.11998378519972075,-0.3152908750448948,0.0907701051727223,0.04572810593121541,0.22056291295020686,0.17058082321478835,0.1962295340192053,0.06393990338483398,-0.13456817569289303,0.34503721672297494,0.3739759560874777,-0.30258086161085634,-0.26497461279455947,0.7538584133403453,0.13457446035299941,0.1224119075060282,0.4925133751484208,-0.4279178737027153,0.1390520773122812,0.25465077634300554,0.0411773149014692,0.22969675367826614,0.159516771290144,-0.026042714641901683,0.0980867101045074,-0.11911452653712291,-0.031605345833297764,-0.08577785632450388,-0.021126578560435042,-0.33692615665524195,-0.030254646681042024,0.4630645328348178
0.08648803145749566,0.21142335010113986,0.27625130679280224,0.23721380118745947,0.075659921403409,0.16924131165202222,0.18126582409891237,0.1825363711891732,0.30948502402561495,0.18431519294400903,0.14988345452032453,0.11156088025714367,0.04715054033357379,0.19798137569997212,0.09274161938427243,0.2703860204125102,0.23043235958736705,0.17989966217765954,0.09811934729274754,0.06467712214655959,0.1594150958356427,0.7629777835839577,0.11275610599431182,0.16669988872119204,0.14916189121599896,0.21270861602066174,0.12684634579825682,0.18028110246913262,0.31789670404137965,0.05458956108125795,0.2636981070313696,0.20707049351195542,0.20809303443308205,0.25518361254560856,0.22805985127758127,0.016114738873513296,0.3740733667945652,0.2893494706563005,0.36332926266939175,0.014005249908005515,0.18214637661386934,0.16983614115549261,0.306100792898699,0.42865431932411524,-0.03131500837098096,0.2608718268448882,0.20503652002718267,-0.1187634572080859,0.44743301255494444,-0.26170154620776676,0.029113780328144587,0.10688548332642696,0.06166131474050561,-0.13481380930389275,-0.001343791278251243,0.054135015165729945,-0.2170596857820828,0.11971800070732282,-0.045886778649097924
0.0061289923425643005,-0.06416735015619174,-0.2594798519327542,0.284010063431652,0.19711892191199984,0.013491912952499007,0.27884559329882525,0.17084995266746006,0.260833592094874,0.2957944273247025,0.20493589409936425,0.14545718704003593,0.10074218896707443,0.08784133629538492,0.33855597338258075,0.07374280923751844,0.1283134079258074,0.48281227208828786,-0.04020278439615855,0.1533420157531127,0.3882513932141122,0.11275610599431182,1.9756457932611478,0.38612792980835664,0.6618598803305062,0.046913659901742524,0.10515247163245733,0.23823212993130471,0.5982047668606191,0.24421515997797805,-0.6868695739987396,0.06576977507896724,0.5213571470994208,0.21894677900022957,-0.01096551554821,-0.1715814998705824,0.49969472910170804,0.07454160592275406,0.2845330934155839,0.05407997618861185,0.44634123238949003,0.10306076929681537,0.17803562933578404,-0.10790548899981313,-0.4276108704501803,0.16222886963094627,0.3481089330938604,0.05615137413511543,0.7200565252538916,0.30280875833431176,-0.09219641594870712,-0.03722343208234676,0.05178275492297191,-0.006072940649831163,0.008014156677110333,0.006522819799947911,-0.3305087161059556,-0.16480743932024902,0.46783342675859063
-0.015947955594489,0.05523149901071628,-0.043703407928893934,0.18713941138026252,0.08215794478336928,0.023774115479895795,0.11817247168836632,0.18959478059707377,0.12419894806416568,0.16483996804517645,0.13429880019163196,0.11349568692003949,0.05355496529521666,0.10778267837854187,0.11670427976479801,0.11696021082784236,0.16943238840135597,0.10027742886657359,0.07162637180509054,0.1716062551606393,0.1807699658951297,0.16669988872119204,0.38612792980835664,0.5538136960672054,0.2616813413741176,0.12780622589215732,0.08936733240736014,0.35521781118296325,0.03161144158037265,0.5819251215802004,0.17036517876578636,0.15195543606382028,0.7725995049713698,0.1551221811298451,0.06594400390950779,0.055631561030743515,0.6945204516699496,0.24761467688756494,0.23349217991074553,-0.0011423868131092794,0.1362784750524999,0.2100456346251715,0.18281790006892062,0.1534513766901397,-0.13616778140330796,0.254492097268035,0.3519794163250955,0.105254707568393,0.22159883384572943,-0.1893653225865299,0.052745077473127004,0.18074790737949548,0.09494646432992082,-0.16341337124287744,0.010854792281036226,-0.0677375479927409,-0.11522294450617987,-0.3046297831658283,0.5083019343435892
0.07411613872449739,0.1469293276164666,0.18219854550155717,0.25614463319912095,0.03986102121768829,0.06221702859224405,0.16643095745790698,0.29695843416435214,0.11803496669635194,0.22760874544224213,0.22116694600100748,0.19886982734631659,0.07768317185933976,0.14568730775656408,0.27308560280712707,0.18914696398718722,0.2407001065541304,0.2692195362995169,-0.011339012312364645,0.19374675947997105,0.2727634300974777,0.14916189121599896,0.6618598803305062,0.2616813413741176,1.5148802546947033,0.27513159782235364,0.16186184575392706,0.28704951232278214,0.5905108351324537,0.25239429743562136,-0.09196203293344574,0.14258299264802202,0.2827457919159917,0.3601886058403904,0.3635770069320447,-0.13204615119153454,0.7151447054710522,0.3389392541202673,0.7166558942760213,0.08855619891918737,0.2523242237089579,0.2064150999369395,0.4652372147291753,0.4092009285866436,0.14845324229331833,0.43919069557772916,0.3820417658065553,0.02490393021779069,-0.24766143193718235,-0.24679195499800197,-0.025879805543937068,0.20704476256532192,0.11916584879266941,-0.1629752713849256,0.05587700088924835,0.12677566401185655,-0.2126867018981635,0.07111245750458599,-0.08923179325647482
0.018167296824838253,0.2694304038699878,-0.0032701139124992843,0.2757967410923302,0.14378397096203235,0.2696860072466684,0.15685923266656562,0.301958951767269,0.20091815558112414,0.14552780165998874,0.2289689918369881,0.14480928821454575,0.044321333440810365,0.2919300345465861,0.267474161708716,0.2082896090629633,0.10491389590141958,0.4326486907521269,0.07104025747062885,0.3012531036038687,0.44729277855080524,0.21270861602066174,0.046913659901742524,0.12780622589215732,0.27513159782235364,2.5889665762187577,0.23296623331703092,0.269435292294535,-0.5834873831121941,-0.4084689508439965,0.5458255567596867,0.4256007620350486,-0.2285479322564805,0.6190938074846688,0.5380577894539499,-0.3309519303097233,0.5671112519737433,0.14317826829994076,0.38405914216509707,0.3422257727936621,-0.18275620926984062,0.2583707264376026,0.515026214551031,0.08286775497458815,0.4057946822732556,-0.027731283744894572,0.17284370419600084,0.07126399446412476,0.9102647338806917,0.4728299843742264,-0.10626769307102812,-0.04730169995483454,-0.33788667986011806,-0.16305670369197897,0.1436746216580312,-0.07747637288187603,-0.4204452041560474,0.481101991718487,-0.1563629479062767
0.04474058939222984,0.12110616115940519,0.12760969503788083,0.19649211860257332,0.07932445885717003,0.11734417203541311,0.11831019331642827,0.19899252821354815,0.07020100380906559,0.12862867997741334,0.16061935943014138,0.19208717643859358,0.061017787853284565,0.12510029018773575,0.08514326764044357,0.15388045804354075,0.14282150910571495,0.03312449208010974,0.06513779343952678,0.2753234433816266,0.012164973127588763,0.12684634579825682,0.10515247163245733,0.08936733240736014,0.16186184575392706,0.23296623331703092,0.5725385738360087,0.08135551482963047,0.2393951258029699,-0.05341105467545608,0.05034257355080084,0.1609556834417752,0.011063458346695823,0.20415087644012414,0.15438228938332763,0.30005264659118686,0.1556968827089505,0.24207837229657622,0.1417830045540201,0.17727983442891146,0.05156740872635929,0.19546067059271652,0.394543643322815,-0.18299518323364963,0.2670433804268041,0.12749679414274437,0.0545314326120441,0.05802039442059607,0.353746549555716,-0.15164981692166413,-0.027993822232435347,0.09696889793581431,0.06631199863406226,-0.04737393767208923,0.04766133231974847,0.061405002205285567,-0.03196050294089352,0.26179434583733335,-0.3498154336039894
0.03228949024414384,0.24753802486175583,0.15516848648027876,-0.013341274094746124,-0.061089916364949315,0.057450315251983256,0.07700856669823579,0.28583546023415607,0.11808259641497265,0.20201972019174846,0.1664160114484667,0.0918614283737583,0.06998348265646841,0.07923288476165108,0.20395953951936033,0.1675473171509922,0.2821538688878134,0.24042567473125784,0.06977386033108667,0.29771371339318325,0.11998378519972075,0.18028110246913262,0.23823212993130471,0.35521781118296325,0.28704951232278214,0.269435292294535,0.08135551482963047,1.7062492551058068,0.29302858165700474,0.33098276708091096,0.4081699038789028,0.031011513446382775,0.8004265582654672,0.07842384861454912,1.1408422024157017,-0.3668257909728,1.3097132414340145,0.1865562699333674,0.6435399684346078,0.24157160803545008,0.06533654834934709,0.44650985760860157,0.5986933507350188,0.2574493684424034,0.5315594454639974,0.2809395299443337,0.3966912127549138,0.10683036651531869,0.04917770729999709,0.38486948305970187,-0.04874859130721332,0.5145112955836343,-0.6156730586327933,-0.13959864133705815,0.06434980492012243,0.05515558958230904,-0.2961989211020903,-0.13099269283245976,0.2112079205269253
0.16006799333213687,0.36646804557277124,0.45473793946283086,-0.09310556991489463,0.06285057745545908,0.11322828993297791,0.10927946810940489,0.08157072363177599,0.16980939385427665,0.158851779718914,0.15289705739943682,0.06547455398841939,0.11693871719709865,0.1101583715447756,0.2464735373646663,0.24957175403134724,0.3736208407383873,0.07373424850370822,-0.017128531338507405,0.7921179963184645,-0.3152908750448948,0.31789670404137965,0.5982047668606191,0.03161144158037265,0.5905108351324537,-0.5834873831121941,0.2393951258029699,0.29302858165700474,5.942131690652264,-1.0162819705109356,-0.4983095310753779,-0.015047419598568423,0.5860242492403097,-0.08561823503755554,0.19390272919115464,-0.11963007654053202,0.0045572483016767616,-0.3579575104301929,-0.09802757505407697,0.2820036058799146,-0.376908003810715,0.1262916871969908,0.4982706133266751,-1.3270690328861288,0.41533898507488376,0.31399125155971264,-0.16098986430220136,-0.017901450239728108,2.2310348676193286,-0.09060233564785065,0.05060321547855762,-0.1193355687598955,0.10001060833033901,0.06366553656373984,0.3720223821082647,0.16547810237571725,-0.5135525081092928,0.7317348038196143,-0.7007902962859028
-0.07185779112266633,-0.08715111313704374,-0.681634543040055,0.15834667771482322,-0.06502291330336048,-0.1745869568499683,0.03926094563073141,0.31076433770672435,0.07236599902813534,0.23400606749565128,0.11230999885190603,0.08241972927977657,0.03849439569078537,0.007233302631700954,0.08348534402366026,0.025688257507028734,0.00858854891523374,0.019514520991119465,-0.02042467049760471,0.006625108029814447,0.0907701051727223,0.05458956108125795,0.24421515997797805,0.5819251215802004,0.25239429743562136,-0.4084689508439965,-0.05341105467545608,0.33098276708091096,-1.0162819705109356,4.196125651848879,0.368369656190999,-0.03575323753789476,0.322812816637764,-0.01865180927493969,0.6540227133174217,-0.22478256743370195,1.3946176738472105,0.39862519096284726,0.4960742377158774,-0.23864814120869662,0.6036837084568095,0.21639633999855243,0.64819870421855,0.776174351956628,0.48978616253828344,0.2990646069286414,1.733188924175026,-0.015928392628763697,-0.8086311614697843,-0.5476725603283646,0.1696092255939918,-0.07492229752155265,0.3659296955619896,-0.044231823950050174,0.4570864001100594,-0.29409568751633286,-0.14217635796179431,0.04055258678730021,0.197921528158243
0.0701332758573415,0.317723369345241,0.353214468321707,0.13446746719904742,-0.01941546726204756,0.12732910989931684,0.05218526091922682,0.2462159834455245,0.09772890248949595,0.12772630243619162,0.14801639987813092,0.0764759461111362,0.01718292936884329,0.16230920754237982,0.06974485993308789,0.19039487235905736,0.23602492142944004,0.2599723492319195,0.10770200118004504,0.14693479892501132,0.04572810593121541,0.2636981070313696,-0.6868695739987396,0.17036517876578636,-0.09196203293344574,0.5458255567596867,0.05034257355080084,0.4081699038789028,-0.4983095310753779,0.368369656190999,1.6491007024644722,0.19677999920589567,0.33034489864527916,0.15245853556060607,0.5022238365148364,0.1287369961505038,0.7613642918054503,0.20576118718736255,0.32240006429356216,0.01760729383127282,-0.27135179728337616,0.27443663307154476,0.3966726417105754,0.5772180256477966,0.5958105293692648,0.356936504075833,0.3368914472784116,0.011551709421254728,-0.7347440526373812,-0.09171878586963358,0.1139337056390176,0.19226575488854886,-0.09815811392513125,-0.26776865538031797,0.026306764208297737,0.0137070876078525,0.014056296953571993,0.12212649407688905,-0.21785450984570726
0.05157262509930885,0.05439976757764702,0.14724827067547422,0.3182237558091533,0.10838927451520314,0.16964834151670524,0.1382661312838226,0.16723023796431138,0.10006297416883995,0.10366659318482485,0.1468490253328511,0.16545418780484794,0.04641373085878487,0.2615320104083019,0.0868557313612033,0.18672843315192095,0.12000627198529723,0.11739069343647553,0.0944215135361553,0.12086778501027218,0.22056291295020686,0.20707049351195542,0.06576977507896724,0.15195543606382028,0.14258299264802202,0.4256007620350486,0.1609556834417752,0.031011513446382775,-0.015047419598568423,-0.03575323753789476,0.19677999920589567,0.5465041975328716,-0.09057790479611028,0.23263325574879737,0.10505555517550991,0.12495596703859745,0.004534438294428994,0.15500559210352338,0.0406257544461353,0.012665718154218266,0.09813101441740661,0.08868863795976255,0.09990261124033999,0.15635816947362025,-0.02979388726136413,0.15204003820589798,0.09700747890872598,-0.019159963907677977,0.18493051791409745,0.013321060153878786,-0.01723193136914157,0.13982437248218754,-0.12646762839537298,-0.07166510029644284,-0.09762197656050374,0.08066686952611518,0.14099432895875819,0.04449094042133417,-0.21481690837241849
-0.01366559983851,0.05291397206082695,0.016714579116038096,0.11747714336481971,0.01312811329834648,-0.15145459472469014,0.10101241913355181,0.16047669058424358,0.20827631593207913,0.14541313337284203,0.08193664577135505,0.04065114060059396,0.049281799873728035,0.0015112588649944152,0.10295027091353921,0.06474848532520308,0.3320387781560213,0.0597452828883588,0.07601393546679687,0.16750587448150078,0.17058082321478835,0.20809303443308205,0.5213571470994208,0.7725995049713698,0.2827457919159917,-0.2285479322564805,0.011063458346695823,0.8004265582654672,0.5860242492403097,0.322812816637764,0.33034489864527916,-0.09057790479611028,2.8183280378292666,-0.3669514281271647,-0.8041106499358631,-0.24397759756070186,1.1536399427236534,0.40621062728445506,0.019741213046718525,-0.23531248089816012,-0.10740292114137871,0.19956027160118944,0.1352003640529435,-0.2649293430045944,-0.8176765608686525,0.4062210140235485,0.23151479684576268,0.2832033946398873,0.45544921750953804,-0.3675883354965992,0.1835362476192563,0.46435918655049907,0.1900909428618971,-0.4175858007311781,0.08651268904144935,0.15961519412363656,-0.3852956879158407,-0.47833907437573436,0.7818527523528012
