1.061801632927333,0.20572281203347484,0.2663957439457205,0.124712969518751,0.2700465356457418,0.22353387803621677,0.15922279105490283,0.1940717945462227,0.13936391503997048,0.22483987023874885,0.11975814352622675,0.16502534107409883,0.10207831737629412,0.13403173034200477,0.20306608189191475,0.1247306837017704,0.11479535583962865,0.2119719985721848,0.18658642351827598,0.1479656289777379,0.16278636062218144,0.16906796167766597,0.14323598305890914,0.04716782724392336,0.19421679676892786,0.07274491562870596,0.129650512220857,0.03980615643892255,0.2270634021038837,0.13553886348592786,0.14271402275262726,0.11832211216591071,0.020995487487700304,0.016193064840219106,0.049566075105328226,0.11487298544061765,0.19040284793434092,0.13791927200170412,0.19896125171129536,0.15589427531636635,0.14521594596935505,0.09024127177736854,0.13996765062174701,0.05111444370196539,0.13216356545759383,0.2186267631239549,0.16814286761738,-0.006470754412417985,0.07364215949035574,-0.008154733791548371,0.00263330693116216
0.20572281203347484,1.8606544435490389,0.41826434196365503,-0.23807520280897468,0.060344277575639954,0.4153462534317841,0.190796940831165,0.2651087910232493,0.3100584261662786,0.26569545466350397,0.15155010757682602,0.12949301712829608,0.10549788182527631,0.14091551239121414,0.5672748573742948,-0.003419988901543978,0.1842196212755692,0.045812353201226716,0.019345114684509515,0.2167005011992004,0.4293713300405498,0.06920985439353043,-0.12799025571555667,0.14117916980461986,0.16929518811397962,0.3085768456559226,0.12737066753899193,0.17777759577324193,0.2398753189174358,0.2345415565985242,0.11134060767760164,0.1827954557720559,0.04094002747875432,0.13654167649831792,0.24820767596835014,0.03194798921488514,0.348412213691813,0.11591393543313305,0.17907310588202,0.17303353333662053,0.1601821464615986,0.14232811711948323,0.1302287100010976,0.05117681595735489,0.08029736696332043,0.17228433919419278,0.23574852438190932,0.11595069909519609,0.3764473723818797,0.037313075236627934,0.03878625033262575
0.2663957439457205,0.41826434196365503,2.576572584111434,0.24710530669658853,-0.4706466957147721,0.631512003333751,0.2167900644391255,0.719812944112407,0.5842761556137857,0.7218114428913494,0.05572909822232463,0.24113709718387671,0.25297568027315726,0.3171839165645405,0.3279363504276301,0.20108662752820866,0.5151396924551139,0.4092138023038937,0.360890453920586,0.5725829154102028,0.2728387503932099,0.4520678431119078,0.3218093194379232,0.40749502410323885,0.4458853426492013,0.28081081236856964,0.3502979809564165,0.29069507606558265,0.672258216524985,0.4541669325147705,0.34844011071968706,0.3183627971536759,0.23664587098199655,0.39755100956160094,0.3795491701382196,0.5940092438343632,0.46787338333748374,0.2689561181626686,0.5193152350426985,0.3118076638948339,0.3829830082450253,0.31517314735696067,0.43072245108351603,0.09016445107077482,0.2462630158043577,0.6753440525902052,0.5285629286565533,-0.29364462350191656,0.34705247766075953,-0.049753796177001194,-0.07836623161127872
0.124712969518751,-0.23807520280897468,0.24710530669658853,1.3857110761344942,0.4411076015121529,0.4471077606003394,0.2657973559297915,0.15155777143683288,0.2546876626626817,0.19490123845404472,0.21460742349307874,0.27267438360336865,0.17188004812298052,0.21771556940524142,0.10060212519973996,0.25098322732811834,0.21394887282290828,0.2537820404765313,0.35492814670875433,0.2847161974423593,0.20140082734408313,0.25924427461683663,0.2697653145274309,0.2610918286682595,0.2381480169618206,0.21702863122845523,0.2043760729506767,0.09128676628410108,0.29519790047545563,0.0702704361759832,0.2363119272650363,0.26948023739627674,0.14499102311597217,0.3231440977315718,0.06934531200275058,0.3688080219863916,0.14866815423376836,0.2092688465581494,0.1900190166878817,0.07342254553372207,0.1545241171336483,0.2040825344624738,0.20928144134875543,0.08173216732356581,0.0027589760254097344,0.38983813251176996,0.1911173575493156,-0.22708336079676542,0.01032103934995537,0.011441512419935504,-0.09628083741544356
0.2700465356457418,0.060344277575639954,-0.4706466957147721,0.4411076015121529,1.4988700046166992,0.4464980037915136,0.23769345394908264,0.09865281319620431,0.3488245831513331,0.17808031040890324,0.33855823826347026,0.39563469880300645,0.2021582911437141,0.2685746992912844,0.30929478591216664,0.3149227309247314,0.17141334956593507,0.2165619654740447,0.6478712532350304,0.32663079036967746,0.2805886394949225,0.24997739713378678,0.29820531717024285,0.24383698210624247,0.21740002221558524,0.44116447547386317,0.226009422231607,0.0914499916819108,0.23812146807375714,0.01232494938344097,0.2801447880436823,0.33371586956133004,0.15005422122981507,0.42736557563172045,-0.00899162091775778,0.4260010210185092,0.1791787531271467,0.2669082437840266,0.07779449591773112,0.0851536030347551,0.25115201213432226,0.29553413598570044,0.23114091564866093,0.08893936096891848,-0.16306104081692782,0.46466271728660513,0.1319645733943357,-0.19734659817596534,0.07225978808235946,-0.046422593680228885,0.012531676688961347
0.22353387803621677,0.4153462534317841,0.631512003333751,0.4471077606003394,0.4464980037915136,1.2677885164644271,0.11801602246001686,0.4901217708196057,0.6201295828139503,0.3981852529379401,0.4047108858365489,0.3656121073076581,0.26310389347031765,0.3257408092306478,0.49475833220238735,0.2174970808782146,0.4166487800963613,0.2712792987476625,0.8882391815682219,0.7978346503216717,0.42776266857379736,0.3959744549681612,0.22110578401198624,0.3542798641709708,0.3590719795211018,0.5714406127862536,0.395023727339565,0.18915171783776538,0.549135303229044,0.22235984779792237,0.30591073686763914,0.42157817466582864,0.08602534823760744,0.4552828311677315,0.19198871557824437,0.3963359958353763,0.33102714397250776,0.4362276161499984,0.2731892882482994,0.32182901691713195,0.22489693504872438,0.39511353959773027,0.45118258253618015,0.15845118986074233,0.21991411850324843,0.5202209201871215,0.4198648888555289,-0.1596607084713496,0.18546244251623717,0.0013251262505109133,-0.006190758904275116
0.15922279105490283,0.190796940831165,0.2167900644391255,0.2657973559297915,0.23769345394908264,0.11801602246001686,0.9454906601821522,0.16513661344495092,0.34610432114306583,0.2261781939257359,0.241991903300001,0.3356195597965475,0.19043143284049932,0.3555589907690057,-0.016277906550376052,0.32711897614734664,0.28028458246455207,0.2600916369403824,0.07876219044683326,0.15348314272165792,0.30832687656930297,0.3613935055311704,0.3212155295895953,0.2581639688598216,0.25675933271169543,0.2511903152784501,0.1959133282349976,0.11094283712952491,0.2526378479943945,0.11253960780366196,0.2291751044706478,0.291243972752271,0.21379155139256226,0.3223896183796302,0.007833286032330935,0.33876858116158287,0.2172026747938005,0.16517924892359429,0.2582416622678405,0.10102616960618123,0.24285929775725745,0.2341074922106764,0.2700333152839302,0.08870479778852211,-0.07415066152215098,0.2990395742274061,0.10901453961555614,-0.14932759555186118,0.367684183080926,-0.04316934728696009,-0.006669124640751323
0.1940717945462227,0.2651087910232493,0.719812944112407,0.15155777143683288,0.09865281319620431,0.4901217708196057,0.16513661344495092,1.120599657135844,0.21811540322825043,0.42277874548941213,0.3398883945481374,0.18955476880071484,0.2685012632690551,0.339698498583495,0.2637742267049504,0.23575761232842096,0.36107659614978643,0.31422127524612914,0.39613155077168677,0.5299542488349706,0.167289957435492,0.27119948032709196,0.2303873099477578,0.24155739395553738,0.32467525988857326,0.37425768100021745,0.3206875032041631,0.10402372308470874,0.40996688542882154,0.22234552845707228,0.22339366615020106,0.25626832547295214,0.09391561899235278,0.34444808341217087,0.10284760724012788,0.27747540877058696,0.3497873114743558,0.28532606057168813,0.4187765076381751,0.24709235332859625,0.2965729985569569,0.2826105283258608,0.3521240695991718,0.06669127621669364,0.1595627687445203,0.3524367178632178,0.3941361522017257,-0.050824230449643015,0.4176572639831522,0.015232668824183495,0.014386454319731025
0.13936391503997048,0.3100584261662786,0.5842761556137857,0.2546876626626817,0.3488245831513331,0.6201295828139503,0.34610432114306583,0.21811540322825043,1.1046011117413983,0.255376688350677,0.17582313107963274,0.2809924018641504,0.2261946221871082,0.3256810218680838,0.12091251438508542,0.1974605572282803,0.3150100547561932,0.18734336820869632,0.5065054726316337,0.4471330578643822,0.30423701529171515,0.5077443564744056,0.2777712901312742,0.3197749604622584,0.22151238020725889,0.5083898489278109,0.2743270998785504,0.1805138839205109,0.2786102883783453,0.15691180153961298,0.25941620067391197,0.3584516687256361,0.24248700237002146,0.28358434751201916,0.07692322444025833,0.3449238892248065,0.25973715882647364,0.2933388479554861,0.20403822227419113,0.17788342788061567,0.21726821190026804,0.30712344187285723,0.39985206354797753,0.12235842085351875,-0.026960398557595053,0.38207052698920857,0.23171027456993973,-0.14815987532883554,0.5363179022771695,-0.03351956044525085,0.0006417485131792224
0.22483987023874885,0.26569545466350397,0.7218114428913494,0.19490123845404472,0.17808031040890324,0.3981852529379401,0.2261781939257359,0.42277874548941213,0.255376688350677,0.9849738621327556,0.10111905651618824,0.2779100246385111,0.1847573319070546,0.36492944310500525,0.2801088579215961,0.254190093400932,0.311034475947421,0.35137973506529124,0.28370989644226585,0.3296356049458885,0.1886365520307032,0.2949290367073065,0.312982511625096,0.2908764626140131,0.32712191331002416,0.27783892704453517,0.24560471738191725,0.1932213029276456,0.46092711603062936,0.38321203210503996,0.29092185550392197,0.2507714895499973,0.12988626920657242,0.4353608529407149,0.23970837611367357,0.4682188780375734,0.38180712906715525,0.23089098909183542,0.3269672648168547,0.2532288465324976,0.43122267543213716,0.2409569929684419,0.3189251598348323,0.0873169310414825,0.04598803049040113,0.5443397132188103,0.428489175334687,-0.14371948534548182,0.3607873653926082,-0.054296983660613134,0.01247127698647382
0.11975814352622675,0.15155010757682602,0.05572909822232463,0.21460742349307874,0.33855823826347026,0.4047108858365489,0.241991903300001,0.3398883945481374,0.17582313107963274,0.10111905651618824,0.9194514885491852,0.4060188661213937,0.21511925592239137,0.19860286833574536,0.3067121325891743,0.3191560548986494,0.34235894577063236,0.3142899312176716,0.34589750840180133,0.39222242517725053,0.37247986710044684,0.2361274098844564,0.22702920431348475,0.22804786901984475,0.2426946562745669,0.3544237633560314,0.3433018973858192,0.13035953570175438,0.33792405051834357,0.07791848745935205,0.23995426211519857,0.32786665776732643,0.1168178847225529,0.32433016998382314,0.1062179652437673,0.26852584248735206,0.20901676077277923,0.2484264990102034,0.35944336169259616,0.20415739761935842,0.23349434040766334,0.29915257254332966,0.2677856331096701,0.08186538456812181,0.05894564166096701,0.31885821479171744,0.2209953022775166,-0.06347531945291383,0.2537691843081439,-0.027308077917236606,0.018149067003955802
0.16502534107409883,0.12949301712829608,0.24113709718387671,0.27267438360336865,0.39563469880300645,0.3656121073076581,0.3356195597965475,0.18955476880071484,0.2809924018641504,0.2779100246385111,0.4060188661213937,0.8609638735569974,0.17472672867640657,0.3332978590076266,0.2778593014610793,0.30016596955446173,0.33610855981352855,0.3990384255747107,0.3511271835944083,0.3113296359782699,0.33664774746555726,0.2617647555444517,0.3100244500433936,0.2672869518795403,0.33223083449747753,0.38694311079254223,0.3439235254018551,0.10774432732766057,0.3481625338371388,0.10612461760103258,0.2996429539361484,0.3917267989067065,0.16942959201276245,0.37716048821727804,0.025659663198500503,0.4806881313044518,0.21227878962125207,0.23432353952848411,0.2889574730834851,0.1979057442318031,0.29865067325639927,0.2877635219684618,0.3020388738766367,0.05745045521231779,0.012915600198955124,0.5004514620694143,0.25734094391884466,-0.2322421422773963,0.19513242601813954,-0.14355032595288297,0.02028310262353019
0.10207831737629412,0.10549788182527631,0.25297568027315726,0.17188004812298052,0.2021582911437141,0.26310389347031765,0.19043143284049932,0.2685012632690551,0.2261946221871082,0.1847573319070546,0.21511925592239137,0.17472672867640657,0.3897914763139675,0.2427699640457406,0.052420841765174093,0.2222083824207737,0.19896751384001238,0.17809856488333387,0.239729536932309,0.23781167709036158,0.13799413685646408,0.26111409839029964,0.16822714538777842,0.1873557266995375,0.19519531319357625,0.15285117991543473,0.20820023078975786,0.0972223880313113,0.30258225755297113,0.14237745768046392,0.16631752954431855,0.22733213689417628,0.08559292584437457,0.2216720520974543,0.10719120592262127,0.22277115746891635,0.19418973096244663,0.15692822878072155,0.24928475713806703,0.13491244474530847,0.2023226726343137,0.17657830782499587,0.2310182956394593,0.045599444014880045,0.0666232643753403,0.25969285420889254,0.1913989709071702,-0.07081810037170537,0.22820701035410218,-0.04055211983559995,-0.0003541793855773126
0.13403173034200477,0.14091551239121414,0.3171839165645405,0.21771556940524142,0.2685746992912844,0.3257408092306478,0.3555589907690057,0.339698498583495,0.3256810218680838,0.36492944310500525,0.19860286833574536,0.3332978590076266,0.2427699640457406,0.9268579327012214,0.2177314224992071,0.3657332277141481,0.30214928711979117,0.19925731809984837,0.29036669068681825,0.3758022006972363,0.28687752550081363,0.29296496772799496,0.24963273740481312,0.3390987915163029,0.3406458223047732,0.4278758295255636,0.23567057002586378,0.24303069567031083,0.24739421873216033,0.30092299508585807,0.27965812661143674,0.31976517259715875,0.24411200622021625,0.32063295099364575,0.21696904443300352,0.3943964938183187,0.387864699334839,0.2810793710343252,0.17955752178794906,0.1737351423420991,0.41545710932342333,0.3153470588769374,0.4675004623112534,0.12040623894290518,-0.018338477689747123,0.4617854327485899,0.3340200394698968,-0.09096130816152526,0.5510590414687321,0.022010324210883715,0.0008814770694831906
0.20306608189191475,0.5672748573742948,0.3279363504276301,0.10060212519973996,0.30929478591216664,0.49475833220238735,-0.016277906550376052,0.2637742267049504,0.12091251438508542,0.2801088579215961,0.3067121325891743,0.2778593014610793,0.052420841765174093,0.2177314224992071,1.2252596135731204,0.024008940584438677,0.245818435734891,0.16197840604599476,0.3439141105373596,0.39255064405143286,0.3720784151463523,-0.03523631777063548,0.23254760520706158,0.2906447745794347,0.28210724972695606,0.4030797366063318,0.21300011114666673,0.22405462275580407,0.3029463720889923,0.36199140353243103,0.22625324931573992,0.21591257624604834,0.15857026249684356,0.30493087980148553,0.2282994572873653,0.405740690440678,0.2472321380948134,0.17015872580771402,0.17284373272155132,0.21008927190053742,0.29507209120609906,0.23361528977953247,0.1678110393193848,0.09374982397759776,-0.07503069547609732,0.503675616303898,0.31763094959004545,-0.1438217960360988,0.23358690889374686,0.0407582588901279,0.026788000068608205
0.1247306837017704,-0.003419988901543978,0.20108662752820866,0.25098322732811834,0.3149227309247314,0.2174970808782146,0.32711897614734664,0.23575761232842096,0.1974605572282803,0.254190093400932,0.3191560548986494,0.30016596955446173,0.2222083824207737,0.3657332277141481,0.024008940584438677,0.9148961534313627,0.2980412463626559,0.2993126181798937,0.3135186974551161,0.22484599974915337,0.19237201960294173,0.465085950621007,0.26500631072198966,0.2921300239456163,0.3273633454117749,0.1751047078454481,0.30318948572721116,0.16810444262876886,0.37874367005340703,0.16324546244696142,0.2992830864776968,0.3973132664957992,0.15240054717732715,0.34140129213208104,0.192187557408068,0.38809620837988396,0.30839025456065217,0.2011519237488156,0.3256270296636538,0.13122687650954865,0.3542233952430226,0.36399023086661714,0.3913050471820872,0.12541905273446155,0.04996204943797251,0.4635981009713933,0.24826480983988183,-0.13856104494355428,0.1665662224646294,-0.07298437173419667,-0.028739912850576872
0.11479535583962865,0.1842196212755692,0.5151396924551139,0.21394887282290828,0.17141334956593507,0.4166487800963613,0.28028458246455207,0.36107659614978643,0.3150100547561932,0.311034475947421,0.34235894577063236,0.33610855981352855,0.19896751384001238,0.30214928711979117,0.245818435734891,0.2980412463626559,0.7873220878710988,0.3490968766055779,0.3467845152343345,0.4740344219048569,0.4006237689760949,0.3527469371643334,0.22478547842993904,0.2995193839549612,0.373192548403978,0.32259343350376335,0.34052454006048716,0.34255005918112874,0.405976820039959,0.18553843357004346,0.3544466625128704,0.32885305270989545,0.27832252373821686,0.3738652675203869,0.34102145065437356,0.43377449216010244,0.46801497874148423,0.31255025367281564,0.3775157340729528,0.24288905491666046,0.3444892613781601,0.3557414372210174,0.3972732584206999,0.10866965929101202,0.16387076390191577,0.553268757787985,0.3417809455377843,-0.14311721187484336,0.17119293480058945,-0.09779252268370037,-0.011309744897964153
0.2119719985721848,0.045812353201226716,0.4092138023038937,0.2537820404765313,0.2165619654740447,0.2712792987476625,0.2600916369403824,0.31422127524612914,0.18734336820869632,0.35137973506529124,0.3142899312176716,0.3990384255747107,0.17809856488333387,0.19925731809984837,0.16197840604599476,0.2993126181798937,0.3490968766055779,1.2687455977640614,0.23207530874900592,0.028755251903293814,0.31117854882362295,0.3194906646920167,0.42055845014441456,0.22080180499816704,0.3618544388217883,0.1892833377318685,0.2529937012321421,0.19097386091016952,0.47979224134263304,0.08622118372496695,0.44569423318836543,0.285958805259574,0.2097845512625017,0.45034199808866177,0.17411789770854502,0.563928074060585,0.53826550596919,0.14073705858643254,0.3705484452909866,0.15521880578142896,0.40105449842868407,0.15505221105153036,0.279253287672555,0.025040667621463175,0.1429828648068857,0.7354679284452107,0.5530880554763691,-0.25708996568339915,-0.029851797173393195,-0.13784592634550108,-0.04467819886378856
0.18658642351827598,0.019345114684509515,0.360890453920586,0.35492814670875433,0.6478712532350304,0.8882391815682219,0.07876219044683326,0.39613155077168677,0.5065054726316337,0.28370989644226585,0.34589750840180133,0.3511271835944083,0.239729536932309,0.29036669068681825,0.3439141105373596,0.3135186974551161,0.3467845152343345,0.23207530874900592,1.4956151189760725,0.7222583722424284,0.3242597007888451,0.38864199892375223,0.2266640509332092,0.31571433084411044,0.2956863009005373,0.4955715817652742,0.37780770269396624,0.20563964457859427,0.4250593334449818,0.15627030734275663,0.3502916918673797,0.37170627119855415,0.177841076883569,0.42031148095995796,0.16185239170203275,0.5550244671807036,0.24714926003942825,0.4496972121972686,0.17783204921670626,0.2038802127824461,0.3070817587513946,0.3993453304363727,0.40307415808153213,0.10507034098200035,0.06760752169363766,0.6361514348126553,0.2211182461475168,-0.2761141349172222,-0.15150002417921896,0.04387556410993176,-0.0447879804298247
0.1479656289777379,0.2167005011992004,0.5725829154102028,0.2847161974423593,0.32663079036967746,0.7978346503216717,0.15348314272165792,0.5299542488349706,0.4471330578643822,0.3296356049458885,0.39222242517725053,0.3113296359782699,0.23781167709036158,0.3758022006972363,0.39255064405143286,0.22484599974915337,0.4740344219048569,0.028755251903293814,0.7222583722424284,1.7105045624170716,0.19727896606280407,0.27932553745003624,0.2815231357605283,0.4066071688844451,0.34950743780080984,0.4785324796384354,0.5101329670285376,0.1484867227027196,0.5256318392465551,0.39848174953845716,0.24663674052005796,0.3330991259929137,0.08932091634656623,0.39118108047621747,0.14645993504549626,0.3038331735971332,0.571194058088766,0.7177333377487746,0.27343573851620495,0.45408677167612516,0.1449104049723061,0.5987585850041649,0.6383380377111041,0.1009654312608978,0.6053220954368144,0.3090656481730213,0.255385775331413,-0.10334128595281007,0.32700937241992817,0.043649493504129125,-0.004619393131444006
0.16278636062218144,0.4293713300405498,0.2728387503932099,0.20140082734408313,0.2805886394949225,0.42776266857379736,0.30832687656930297,0.167289957435492,0.30423701529171515,0.1886365520307032,0.37247986710044684,0.33664774746555726,0.13799413685646408,0.28687752550081363,0.3720784151463523,0.19237201960294173,0.4006237689760949,0.31117854882362295,0.3242597007888451,0.19727896606280407,1.1397414747226702,0.1956149423592301,0.12120786988230273,0.22751312610350133,0.27156906945749265,0.4219440921898881,0.20558372016723556,0.31525301941585676,0.2031431917166343,0.14074408227990232,0.31091067959474283,0.4004500580831119,0.10614413093146781,0.37679039402383613,0.49682320526057194,0.3589166449921316,0.26226857279955473,0.22689349099067557,0.29976636040980165,0.2816456724310854,0.36611690489219006,0.2417357924244344,0.23164405512534925,0.13587071684385366,0.027319118262472766,0.4773389996179666,0.2727442073666722,-0.05149601942444785,0.10672871991327951,0.015861847578789025,-0.04940999128080243
0.16906796167766597,0.06920985439353043,0.4520678431119078,0.25924427461683663,0.24997739713378678,0.3959744549681612,0.3613935055311704,0.27119948032709196,0.5077443564744056,0.2949290367073065,0.2361274098844564,0.2617647555444517,0.26111409839029964,0.29296496772799496,-0.03523631777063548,0.465085950621007,0.3527469371643334,0.3194906646920167,0.38864199892375223,0.27932553745003624,0.1956149423592301,1.1235831463946608,0.314494777034374,0.2946535908892381,0.2958720635108446,0.2421876456352008,0.31753872943907857,0.14332430992304232,0.4222955888510314,0.1502800256927187,0.26506014033694214,0.4297714156395449,0.21508987847856423,0.2912543638803225,0.07190059263280135,0.30000007332772044,0.2877465512073417,0.21954697550716443,0.3016624229016531,0.15477142804475216,0.2624241077984166,0.30816172350049253,0.6082892071113593,0.1194092639622417,0.05813100929689758,0.4224888081796189,0.26640128472500535,-0.11449506901431059,0.346237393905552,-0.11735984972064745,-0.013208609241794018
0.14323598305890914,-0.12799025571555667,0.3218093194379232,0.2697653145274309,0.29820531717024285,0.22110578401198624,0.3212155295895953,0.2303873099477578,0.2777712901312742,0.312982511625096,0.22702920431348475,0.3100244500433936,0.16822714538777842,0.24963273740481312,0.23254760520706158,0.26500631072198966,0.22478547842993904,0.42055845014441456,0.2266640509332092,0.2815231357605283,0.12120786988230273,0.314494777034374,1.31630429876833,0.3741854336256256,0.39418632108822355,0.1433678110512393,0.21746887746564272,-0.053437458780974265,0.5668580083900691,0.2999644133344752,0.29372836146833825,0.24162190026980634,0.23814776519962635,0.496172117036868,-0.2741195651402905,0.8645174415497289,0.19584353131617163,0.15726173112916828,0.3578496004530987,0.22243180227719875,0.39623355538896465,0.21339631219023622,0.2550401507051068,0.16939732782754083,-0.1421181951114986,0.75533934663163,0.3049688771263995,-0.5616334822278786,0.22369327081940532,-0.060337249554910106,-0.016357001563991534
0.04716782724392336,0.14117916980461986,0.40749502410323885,0.2610918286682595,0.24383698210624247,0.3542798641709708,0.2581639688598216,0.24155739395553738,0.3197749604622584,0.2908764626140131,0.22804786901984475,0.2672869518795403,0.1873557266995375,0.3390987915163029,0.2906447745794347,0.2921300239456163,0.2995193839549612,0.22080180499816704,0.31571433084411044,0.4066071688844451,0.22751312610350133,0.2946535908892381,0.3741854336256256,0.922607940955606,0.3451406614493093,0.3450301881088002,0.2741909993401697,0.3527986335788899,0.3520105954988364,0.5526844081160428,0.37597459170401853,0.3995217583838954,0.6564506779183704,0.29269661876905445,0.10700627160998495,0.5530387086689205,0.3781357976360875,0.29511399679734607,0.2539898129331451,0.1459906550884526,0.34137598591447543,0.33872255022817965,0.360947840158772,0.16420620162250354,-0.18534169287292365,0.6221532423752669,0.4079143962519245,-0.2615599564865154,0.6767560284755911,-0.015372320591269301,-0.04266100989017931
0.19421679676892786,0.16929518811397962,0.4458853426492013,0.2381480169618206,0.21740002221558524,0.3590719795211018,0.25675933271169543,0.32467525988857326,0.22151238020725889,0.32712191331002416,0.2426946562745669,0.33223083449747753,0.19519531319357625,0.3406458223047732,0.28210724972695606,0.3273633454117749,0.373192548403978,0.3618544388217883,0.2956863009005373,0.34950743780080984,0.27156906945749265,0.2958720635108446,0.39418632108822355,0.3451406614493093,1.0564092684266697,0.134500418247892,0.2989112685559505,0.1891410527005167,0.7133720705008056,0.3787756913645208,0.360287964892647,0.289516549152757,0.21458405518122314,0.5294916342776969,0.19439190892819955,0.5965357976131775,0.442609027041286,0.2692743908726584,0.48163248665589387,0.16033127205104467,0.3800586316977339,0.25973241038025,0.29347884308290095,0.11186705407801506,0.03813128834912802,0.7398388493254312,0.3973504468551768,-0.31129309223669666,0.07136291622685977,-0.06052876619035597,-0.044421956196331665
0.07274491562870596,0.3085768456559226,0.28081081236856964,0.21702863122845523,0.44116447547386317,0.5714406127862536,0.2511903152784501,0.37425768100021745,0.5083898489278109,0.27783892704453517,0.3544237633560314,0.38694311079254223,0.15285117991543473,0.4278758295255636,0.4030797366063318,0.1751047078454481,0.32259343350376335,0.1892833377318685,0.4955715817652742,0.4785324796384354,0.4219440921898881,0.2421876456352008,0.1433678110512393,0.3450301881088002,0.134500418247892,2.3966873943413853,0.2755706839278175,0.3100192788388204,-0.20356521250969056,-0.16021832427219398,0.15351694944161276,0.5997638842155327,0.17741390955164088,0.32926078409077725,0.371157224064726,0.5016385092069684,-0.5455987121259458,0.41832605640275866,-1.2724135231675109,0.10175262854054797,0.6286080879236206,0.5746806209284346,0.5861580398113776,0.044791590893443214,-0.47585866733837434,0.33670532964087296,0.02230706027670628,-0.047200064311911455,0.44713833336841013,0.009486105172526946,0.0686592971962287
0.129650512220857,0.12737066753899193,0.3502979809564165,0.2043760729506767,0.226009422231607,0.395023727339565,0.1959133282349976,0.3206875032041631,0.2743270998785504,0.24560471738191725,0.3433018973858192,0.3439235254018551,0.20820023078975786,0.23567057002586378,0.21300011114666673,0.30318948572721116,0.34052454006048716,0.2529937012321421,0.37780770269396624,0.5101329670285376,0.20558372016723556,0.31753872943907857,0.21746887746564272,0.2741909993401697,0.2989112685559505,0.2755706839278175,1.0885578852824742,0.2647901960480764,0.21189720657237132,0.24860837247071452,0.3262337713187271,0.32855249947846443,0.2094271369135752,0.2674515050753043,0.2835018343204499,0.5154929499338625,0.34606932796388346,0.3142563461381111,0.2765716479020165,0.22201272150278298,0.3457814967939877,0.31255228141430375,0.5358422851797391,0.02582257637783033,0.17089824813925933,0.37155069102666,0.23064597667352946,-0.23337975073976752,0.32558175023666674,-0.01939642011927982,-0.006687874979787753
0.03980615643892255,0.17777759577324193,0.29069507606558265,0.09128676628410108,0.0914499916819108,0.18915171783776538,0.11094283712952491,0.10402372308470874,0.1805138839205109,0.1932213029276456,0.13035953570175438,0.10774432732766057,0.0972223880313113,0.24303069567031083,0.22405462275580407,0.16810444262876886,0.34255005918112874,0.19097386091016952,0.20563964457859427,0.1484867227027196,0.31525301941585676,0.14332430992304232,-0.053437458780974265,0.3527986335788899,0.1891410527005167,0.3100192788388204,0.2647901960480764,1.0938464714944307,-0.06421664695495224,0.33656243561609356,0.32643970039235726,0.17451255867349866,0.5886578814776,0.1812656224680321,1.2713245856356827,0.5312130026116874,0.3932509085100515,0.17048251626375294,0.0967473018437139,0.20417171106850468,0.380168742133989,0.2022412100303531,0.27476432415099195,0.19640919880088342,-0.1026339093535749,0.543167787129374,0.254951594097811,-0.14586998586637417,0.07730020408026046,0.03301301463030113,-0.022013919806330433
0.2270634021038837,0.2398753189174358,0.672258216524985,0.29519790047545563,0.23812146807375714,0.549135303229044,0.2526378479943945,0.40996688542882154,0.2786102883783453,0.46092711603062936,0.33792405051834357,0.3481625338371388,0.30258225755297113,0.24739421873216033,0.3029463720889923,0.37874367005340703,0.405976820039959,0.47979224134263304,0.4250593334449818,0.5256318392465551,0.2031431917166343,0.4222955888510314,0.5668580083900691,0.3520105954988364,0.7133720705008056,-0.20356521250969056,0.21189720657237132,-0.06421664695495224,2.8619090919976204,0.2774469225480933,0.17443862518118664,0.30803493264097953,0.14695956122850212,0.8224276275469062,-0.21612949008029614,0.7502874809007753,-0.17496890624732475,0.17546701454013022,0.7882130378307851,0.24573747406473834,0.35263132938134983,0.24544285120293796,-0.04529748009477523,-0.11542400630787568,0.21184324256677897,0.7276416781779592,0.3854548285924413,-0.5482081555778648,0.36366445359397453,-0.16104855197282048,-0.023651551242379238
0.13553886348592786,0.2345415565985242,0.4541669325147705,0.0702704361759832,0.01232494938344097,0.22235984779792237,0.11253960780366196,0.22234552845707228,0.15691180153961298,0.38321203210503996,0.07791848745935205,0.10612461760103258,0.14237745768046392,0.30092299508585807,0.36199140353243103,0.16324546244696142,0.18553843357004346,0.08622118372496695,0.15627030734275663,0.39848174953845716,0.14074408227990232,0.1502800256927187,0.2999644133344752,0.5526844081160428,0.3787756913645208,-0.16021832427219398,0.24860837247071452,0.33656243561609356,0.2774469225480933,3.3182489308889025,0.39997403687257393,0.11252762541910821,-0.08872813695975508,0.15747293590879197,0.7512621768249478,0.5997506191188793,0.9645247414470828,0.3177428927741952,1.007674328907122,0.7152002822102806,0.9641204130147526,0.12404797265277104,0.5801901675966048,0.22249040048074617,0.24748390128318815,0.5132070135504996,1.3400594942759994,0.01881892196213325,2.1362433518753603,-0.01577298107222303,0.024515355497149196
0.14271402275262726,0.11134060767760164,0.34844011071968706,0.2363119272650363,0.2801447880436823,0.30591073686763914,0.2291751044706478,0.22339366615020106,0.25941620067391197,0.29092185550392197,0.23995426211519857,0.2996429539361484,0.16631752954431855,0.27965812661143674,0.22625324931573992,0.2992830864776968,0.3544466625128704,0.44569423318836543,0.3502916918673797,0.24663674052005796,0.31091067959474283,0.26506014033694214,0.29372836146833825,0.37597459170401853,0.360287964892647,0.15351694944161276,0.3262337713187271,0.32643970039235726,0.17443862518118664,0.39997403687257393,1.1967320730075528,0.3312429363333496,0.21525975984838694,0.3971448789552739,0.42349526047395925,0.8892258144572884,0.654990714692181,0.319478726693029,0.4689376516746007,0.18504371600356456,0.47669680996494324,0.23349120522072367,0.26596637202350576,0.0901774689890189,0.09968171238706884,0.9570453424725927,0.3960913862270088,-0.47498455361578323,-0.29141035970937185,-0.016894051653595723,-0.06497221915013472
0.11832211216591071,0.1827954557720559,0.3183627971536759,0.26948023739627674,0.33371586956133004,0.42157817466582864,0.291243972752271,0.25626832547295214,0.3584516687256361,0.2507714895499973,0.32786665776732643,0.3917267989067065,0.22733213689417628,0.31976517259715875,0.21591257624604834,0.3973132664957992,0.32885305270989545,0.285958805259574,0.37170627119855415,0.3330991259929137,0.4004500580831119,0.4297714156395449,0.24162190026980634,0.3995217583838954,0.289516549152757,0.5997638842155327,0.32855249947846443,0.17451255867349866,0.30803493264097953,0.11252762541910821,0.3312429363333496,0.7965393573286929,0.14733108354662153,0.35278270130973843,0.18087974201285925,0.44895831426874655,0.1299943476612941,0.28820334205008935,0.07385023936951356,0.14126755268937924,0.36378504329296746,0.37290325560932824,0.3793726103563675,0.06782355452534339,-0.05187288041439437,0.5061886223169488,0.2322403741433401,-0.17602208998002786,0.24057685005843768,-0.0363925971617203,-0.029448197425251357
0.020995487487700304,0.04094002747875432,0.23664587098199655,0.14499102311597217,0.15005422122981507,0.08602534823760744,0.21379155139256226,0.09391561899235278,0.24248700237002146,0.12988626920657242,0.1168178847225529,0.16942959201276245,0.08559292584437457,0.24411200622021625,0.15857026249684356,0.15240054717732715,0.27832252373821686,0.2097845512625017,0.177841076883569,0.08932091634656623,0.10614413093146781,0.21508987847856423,0.23814776519962635,0.6564506779183704,0.21458405518122314,0.17741390955164088,0.2094271369135752,0.5886578814776,0.14695956122850212,-0.08872813695975508,0.21525975984838694,0.14733108354662153,2.173290848235173,-0.052543794451377815,-0.7899245536121265,0.2792944603665965,0.41918192049752007,0.18968224095891292,0.07306717486078422,-0.31324971921253625,-0.3985489470707186,0.33266205873620575,0.34843998196371306,0.2639500823853575,-0.7015491164961803,0.5623145195708475,0.21154101586002458,-0.42413265759289226,0.8284461014737995,-0.051731807351106475,-0.046978482777106235
0.016193064840219106,0.13654167649831792,0.39755100956160094,0.3231440977315718,0.42736557563172045,0.4552828311677315,0.3223896183796302,0.34444808341217087,0.28358434751201916,0.4353608529407149,0.32433016998382314,0.37716048821727804,0.2216720520974543,0.32063295099364575,0.30493087980148553,0.34140129213208104,0.3738652675203869,0.45034199808866177,0.42031148095995796,0.39118108047621747,0.37679039402383613,0.2912543638803225,0.496172117036868,0.29269661876905445,0.5294916342776969,0.32926078409077725,0.2674515050753043,0.1812656224680321,0.8224276275469062,0.15747293590879197,0.3971448789552739,0.35278270130973843,-0.052543794451377815,1.8234955367766563,0.4128993577689865,0.8730801782889671,0.3269368670997043,0.2775775786005969,0.4479228288228711,-0.013174836902819289,0.5365822709760469,0.28310848525861254,0.32994104806226565,0.10452205206820357,-0.29913275445029525,0.719594678876611,0.4047564637992872,-0.45054664883378387,0.13941364341469384,-0.05897039754377506,-0.04362095304191249
0.049566075105328226,0.24820767596835014,0.3795491701382196,0.06934531200275058,-0.00899162091775778,0.19198871557824437,0.007833286032330935,0.10284760724012788,0.07692322444025833,0.23970837611367357,0.1062179652437673,0.025659663198500503,0.10719120592262127,0.21696904443300352,0.2282994572873653,0.192187557408068,0.34102145065437356,0.17411789770854502,0.16185239170203275,0.14645993504549626,0.49682320526057194,0.07190059263280135,-0.2741195651402905,0.10700627160998495,0.19439190892819955,0.371157224064726,0.2835018343204499,1.2713245856356827,-0.21612949008029614,0.7512621768249478,0.42349526047395925,0.18087974201285925,-0.7899245536121265,0.4128993577689865,3.727267219381742,0.5849596858856765,0.26656920323492467,0.14170379706278433,0.13881482274366921,0.690649636821369,1.017420440695255,0.0626049176548931,0.15814038769117988,0.1134745162382174,0.48319422075991675,0.43181946401886695,0.3197575014550485,0.24580825999541236,-0.6663838974727274,0.15163837614465853,-0.0866557691463484
0.11487298544061765,0.03194798921488514,0.5940092438343632,0.3688080219863916,0.4260010210185092,0.3963359958353763,0.33876858116158287,0.27747540877058696,0.3449238892248065,0.4682188780375734,0.26852584248735206,0.4806881313044518,0.22277115746891635,0.3943964938183187,0.405740690440678,0.38809620837988396,0.43377449216010244,0.563928074060585,0.5550244671807036,0.3038331735971332,0.3589166449921316,0.30000007332772044,0.8645174415497289,0.5530387086689205,0.5965357976131775,0.5016385092069684,0.5154929499338625,0.5312130026116874,0.7502874809007753,0.5997506191188793,0.8892258144572884,0.44895831426874655,0.2792944603665965,0.8730801782889671,0.5849596858856765,3.566523546421577,0.1602670402871306,0.30136644431677817,0.32604375277826503,0.3139695056844908,0.9566903608630235,0.24499906030929042,-0.030748007290755615,-0.23686205099161473,-0.5166158046553563,2.3495334581849314,0.3398082808639426,-2.6829283869666107,-0.9209490087040183,-0.039420618395473755,-0.08833189549281244
0.19040284793434092,0.348412213691813,0.46787338333748374,0.14866815423376836,0.1791787531271467,0.33102714397250776,0.2172026747938005,0.3497873114743558,0.25973715882647364,0.38180712906715525,0.20901676077277923,0.21227878962125207,0.19418973096244663,0.387864699334839,0.2472321380948134,0.30839025456065217,0.46801497874148423,0.53826550596919,0.24714926003942825,0.571194058088766,0.26226857279955473,0.2877465512073417,0.19584353131617163,0.3781357976360875,0.442609027041286,-0.5455987121259458,0.34606932796388346,0.3932509085100515,-0.17496890624732475,0.9645247414470828,0.654990714692181,0.1299943476612941,0.41918192049752007,0.3269368670997043,0.26656920323492467,0.1602670402871306,3.8497710542432535,0.36801354132638936,1.0851534175577786,0.136913009817141,0.4073648993207072,0.23383891757414027,0.644157284744826,0.19023052840507873,0.8952932984144577,1.14879814225539,0.9789741223740596,0.31808207067455685,0.21213711101492025,-0.07543653988115159,-0.02986042667023765
0.13791927200170412,0.11591393543313305,0.2689561181626686,0.2092688465581494,0.2669082437840266,0.4362276161499984,0.16517924892359429,0.28532606057168813,0.2933388479554861,0.23089098909183542,0.2484264990102034,0.23432353952848411,0.15692822878072155,0.2810793710343252,0.17015872580771402,0.2011519237488156,0.31255025367281564,0.14073705858643254,0.4496972121972686,0.7177333377487746,0.22689349099067557,0.21954697550716443,0.15726173112916828,0.29511399679734607,0.2692743908726584,0.41832605640275866,0.3142563461381111,0.17048251626375294,0.17546701454013022,0.3177428927741952,0.319478726693029,0.28820334205008935,0.18968224095891292,0.2775775786005969,0.14170379706278433,0.30136644431677817,0.36801354132638936,1.1656378329848542,0.07359045573953885,0.2840419858117863,0.23719304849968972,0.38356464456217443,0.4840251836246489,0.12753235002007438,0.37314838221548524,0.3204024633940677,0.26438951259716903,-0.08866960983806897,0.14489201319088485,0.04840761815182618,-0.036365828144302934
0.19896125171129536,0.17907310588202,0.5193152350426985,0.1900190166878817,0.07779449591773112,0.2731892882482994,0.2582416622678405,0.4187765076381751,0.20403822227419113,0.3269672648168547,0.35944336169259616,0.2889574730834851,0.24928475713806703,0.17955752178794906,0.17284373272155132,0.3256270296636538,0.3775157340729528,0.3705484452909866,0.17783204921670626,0.27343573851620495,0.29976636040980165,0.3016624229016531,0.3578496004530987,0.2539898129331451,0.48163248665589387,-1.2724135231675109,0.2765716479020165,0.0967473018437139,0.7882130378307851,1.007674328907122,0.4689376516746007,0.07385023936951356,0.07306717486078422,0.4479228288228711,0.13881482274366921,0.32604375277826503,1.0851534175577786,0.07359045573953885,2.97029553040116,0.5484586922359861,0.19342036547163885,0.025405372153872553,0.02172741445622883,0.1788220424634027,0.542291149184235,0.4724917360643628,0.7415930596637494,-0.1806224646044903,0.9249037414605377,-0.08053728849089932,-0.058482124047944235
0.15589427531636635,0.17303353333662053,0.3118076638948339,0.07342254553372207,0.0851536030347551,0.32182901691713195,0.10102616960618123,0.24709235332859625,0.17788342788061567,0.2532288465324976,0.20415739761935842,0.1979057442318031,0.13491244474530847,0.1737351423420991,0.21008927190053742,0.13122687650954865,0.24288905491666046,0.15521880578142896,0.2038802127824461,0.45408677167612516,0.2816456724310854,0.15477142804475216,0.22243180227719875,0.1459906550884526,0.16033127205104467,0.10175262854054797,0.22201272150278298,0.20417171106850468,0.24573747406473834,0.7152002822102806,0.18504371600356456,0.14126755268937924,-0.31324971921253625,-0.013174836902819289,0.690649636821369,0.3139695056844908,0.136913009817141,0.2840419858117863,0.5484586922359861,2.424180840945836,0.4385529828314815,0.10177424526068478,0.2667598999534375,0.037954441798899965,0.9793207361687045,0.470917296808679,0.44962777183169134,0.23235049455404658,0.3421031233906926,-0.07714893962124489,0.0820978555115026
