0.8783531036942733,0.15420544300880437,0.2508775401652269,-0.021826769637769472,0.09932817707161097,0.042148295702724006,0.25760048205480474,-0.03615950933751832,0.08584587846927377,0.11170853525322846,0.0926419867305011,0.15332380869276108,0.05616378367518641,0.18617562103676252,0.09068201988808976,0.11164378073471318,0.08150165719430157,0.10340092994454925,0.07193922653961524,0.01767423513989804,0.10678383445453483,0.11013831066785011,0.05479024115699257,0.08077585405160365,0.057081169492990635,-0.03290073205980198,0.09426670244054389,0.02575152383466098,0.17889960311071929,0.061032901113446635,0.12338854095512124,0.07953481413772459,0.09697746131710852,-0.09732668635898586,0.08230701261966859,0.06820352423947103,0.09044159979146703,0.20284814910662666,-0.0288108181517848,0.04934446495729912,0.14394757014660906,0.10319132734300888,0.1413025831269077,0.030305404514424494,0.07685232760499298,0.27924135828769997,0.043583389635743645,0.09858950902181736,0.06780300605534809,-0.0210935087851277,0.013863923422509894,-0.016964858931216818,-0.02645064855577738,0.031778917428941955,0.00820831654594022,-0.05677446957525763,0.013187291083806806,0.5093559845435381,-0.5142438298332654
0.15420544300880437,3.423778810354986,0.4789196565927919,0.11117728128212889,0.13614647454655487,0.1291944352470555,0.36300022461629017,0.1693003932522508,0.30668112298421574,0.3389088051405307,0.20899613711096235,0.24426099633292647,0.14736582325425546,-0.11726762257073088,0.41763853249488514,0.026475229672364504,0.19419428340268274,0.4636240951959251,0.12663234403503584,0.18800079710238285,0.31992891517870337,0.2100370894285445,-0.13855692468246114,-0.3283051226161148,0.17079691953412332,0.16049203676038384,0.6976184272467091,0.2995727765879407,0.5601921293717269,-0.2532136279762901,0.18615796639696797,0.17685172621905995,0.29921268380394406,0.19259490927783124,0.18620492923502155,0.3017191062667008,0.5573633563121542,0.159347401614068,0.08986399082397321,0.10194641225845252,0.2953206220923912,0.32071755375207683,-0.009416122763733093,0.043651809067797184,0.18535695456599457,0.3765271426381598,-0.037589926611093574,0.07404171932358856,-0.16066273689893665,-0.1579026532411719,0.23827161403266228,0.1383147867203166,-0.1545976344718413,-0.09859991010196528,-0.14630468152529552,0.08429624709672,-0.06679228599421151,-0.4953364149144379,0.7002435538485227
0.2508775401652269,0.4789196565927919,1.5789500995581378,0.24897054615894346,-0.0547665062304555,0.38644115600140055,0.2985048143654093,0.29127091970335384,0.4007243283427189,0.36521318840383826,0.3499476969523146,0.2881911345035618,0.20920617295027005,0.09576203821938585,0.32977464826505565,0.18132169001706885,0.3776977289779258,0.2847222834221598,0.18055827080869077,0.31859210184971715,0.296055373285671,0.334404296150478,0.25128851228833976,0.21776306012639418,0.2481055971496152,0.17630720770617164,0.1937361219011548,0.2548398944664338,0.6752863961070501,-0.5611055902632455,0.25469123400327215,0.22268266491070743,0.20043954079074938,0.3618321437004531,0.3093349197980809,0.4709930994182019,0.43496074656237843,0.3915329909797197,0.2861374884408074,0.022417375956857097,0.29523529595927706,0.32921097961464546,-0.0511484743762434,0.20483134746982015,0.1252641085015004,0.5504782070215011,0.0584719216368632,0.017680953906768992,-0.4386959263951805,0.1400311986344404,-0.08394642405305448,0.17528709721535285,-0.05694985669434883,-0.19547444978803893,-0.2614398802145763,-0.009543308642859277,-0.08658233656690904,-0.7561663883876133,0.957547148897039
-0.021826769637769472,0.11117728128212889,0.24897054615894346,1.190679840083084,0.2766850964112308,0.3091141988075105,0.3406065706126027,0.26500054744310425,0.27531052641118836,0.23868154111312367,0.242131871773027,0.33551975989544663,0.18271238304963655,0.33228766244874536,0.2560671307319935,0.3140591758751757,0.2247659530691207,0.3068446160941582,0.23392374583957604,0.23599119235804905,0.22457143808393903,0.29621428829151325,0.30485527297638226,0.23610694342852,0.2798850380816512,0.23051446976060713,0.15519027221708315,0.049229615860992094,0.32885698114930206,0.0709255478117809,0.22595054496707984,0.1941031953755236,0.1494774168863628,0.3483701231487183,-0.004083076947544567,0.26245731541755346,0.3074295870279925,0.3034828168424193,0.25869923988028887,0.1195007390220039,0.16606240233623562,0.2175608933492676,0.3556380123082239,0.11821891091618876,0.12181948320731507,0.2187515536978573,0.2434425955060586,0.06206817105741677,0.20482702432447367,0.030226092544190897,-0.05993158708124653,0.09849977254709376,0.0472566971014387,-0.11258031383954076,-0.07681394248721538,0.08858337368754768,-0.2504920576583126,0.3328982162710869,-0.2230113216827706
0.09932817707161097,0.13614647454655487,-0.0547665062304555,0.2766850964112308,0.6846317967748479,0.22317847139226757,0.19829934782985606,0.15133164932757853,0.14819143500675577,0.1561714166210962,0.13993325222937744,0.20163818661982896,0.1269338713126094,0.12524188184418483,0.24301020052070885,0.2037595217044928,0.09957445057792498,0.18862423880052576,0.3239564113538992,0.10440597785306807,0.15769326869798728,0.18208310882224044,0.2182184630761179,0.1547256841149862,0.23202965894033883,0.15490291863553027,0.13617028359487957,-0.01973065170164489,0.18680527932561447,0.19379372407089757,0.11380497466649939,0.13244686459087693,0.09161104468962254,0.29189530021234616,-0.004426352751909223,0.20077796003151752,0.24144291724009578,0.14681130831750708,0.20804100222738192,0.0927331217099229,0.12524737185625062,0.15091536710058887,0.20412750142261293,0.09657583340587035,0.0642203469086732,0.07937084115489797,0.1438878611428335,0.0779852249711909,0.2174964648886241,0.07076000113685536,-0.10638535923005607,-0.13165198397333105,0.15822469649664836,0.056166038686618035,-0.08856231707224103,0.05586520804216195,-0.15984030510144534,0.01882662741296178,0.12163349373732511
0.042148295702724006,0.1291944352470555,0.38644115600140055,0.3091141988075105,0.22317847139226757,0.690032695459123,0.1120536119852976,0.37162921317352604,0.2517209949602157,0.13287857802229838,0.2910136535707401,0.23578040815579157,0.17835012079987594,0.1625171887943655,0.22576318951650756,0.21325956021878,0.2869106650370165,0.22235295122717438,0.34679084224103457,0.30358111933115517,0.23235930947021807,0.2665594082665891,0.1759629765665911,0.19526246537857997,0.2500060079454841,0.2479364768654444,0.2500376481368303,0.12251595842867008,0.3973634632743568,-0.05553893206010024,0.19625934473733908,0.18262592887729592,0.0774044228005052,0.2585384347210906,0.1667360270146586,0.18392321172132053,0.35058112602673497,0.2998610347648496,0.31356578657610573,0.14846275059172015,0.21333336947897644,0.22696394917723728,0.29230652062699314,0.15384192885469392,0.15598821123495418,0.2601376719177862,0.4041139467412405,0.10208169966500043,0.19308309344207114,0.25000771142789174,-0.25534025376030467,0.015494736671605388,-0.07225055745930412,0.024089736158967878,-0.15523269828740427,0.07629669524145138,-0.16762369522732729,0.42059314060062536,-0.3404237295479355
0.25760048205480474,0.36300022461629017,0.2985048143654093,0.3406065706126027,0.19829934782985606,0.1120536119852976,0.5838580805380993,0.05171105507946806,0.25031605451497907,0.16468248740336944,0.16230872276865568,0.30321135191070436,0.1183130452368448,0.004904640339220625,0.15275240948759117,0.14984636711068336,0.14409297031233878,0.24215875135007234,0.1284967480116187,0.10528847229160732,0.1774848498083496,0.22983587065725283,0.1851788772446229,0.11832083506508435,0.18653491176663548,0.14087657486203653,0.18487894567755966,0.059969226656509306,0.21216490589388476,0.032886505143993605,0.17709769613307474,0.1576125013749686,0.15758118464401727,0.2188107303810562,0.053042484484694626,0.23708245152099394,0.1782779708637275,0.22778645436170142,0.11423472217437311,0.0634752101224837,0.08190332116004313,0.17708816141221054,0.173243907397791,0.06681268013931464,0.10794357163922669,0.26290026629191354,-0.022716446343993224,0.03152194723966137,0.03541720152561737,-0.06178984494797079,-0.012276902940434202,0.06486087236928312,0.037694034167764914,-0.10633689362030047,0.018334321771987638,0.06739961359344775,-0.07115479868344017,0.08369784482485622,-0.16372075968332678
-0.03615950933751832,0.1693003932522508,0.29127091970335384,0.26500054744310425,0.15133164932757853,0.37162921317352604,0.05171105507946806,0.7981156493992079,0.11281798790401389,0.2510010689733063,0.2833610869576031,0.1333522386739907,0.22260634203282587,0.13003152591169645,0.17577721306265368,0.17854496180993223,0.28909128804711265,0.2502237275338426,0.233567803276322,0.2828326155021539,0.19748079243330396,0.18269862809404505,0.1907718082648779,0.10692367342624373,0.26095310259813986,0.21016378719779977,0.2509382982389767,0.07658171120281436,0.27365726669762036,-0.0831711524787523,0.11893936556103943,0.15032340384555629,0.11034009402384419,0.2942316692875796,0.29976068341141665,0.11202143098500668,0.34856885149543243,0.242192917312023,0.3577278830490894,0.18832695258259988,0.22387579119426784,0.21085543923512762,0.26184160553398017,0.13977894646351852,0.11254074330809886,0.2908901988610946,0.46038704373331246,0.13920949425854745,0.17323260217539002,0.11677672003659749,-0.0747918607091068,0.056098305046767355,0.03275410872947395,-0.08510265611218314,-0.19630592762275362,0.00593093358331192,-0.0792790922934256,0.5399912746910271,-0.437426454303488
0.08584587846927377,0.30668112298421574,0.4007243283427189,0.27531052641118836,0.14819143500675577,0.2517209949602157,0.25031605451497907,0.11281798790401389,0.7477538557537682,0.18413156245006174,0.1515857968131889,0.20037749495144036,0.146708673889562,0.09425860658663057,0.08622100093888123,0.1362853204335961,0.1743180826791725,0.2925073222895141,0.14335518542485268,0.07967383330538805,0.19836177409195976,0.38748464788251585,0.1940498654055978,0.14277750139205614,0.14617690523080742,0.20723629256560952,0.1972913419240634,0.10449817341604542,0.2861739520014011,-0.03020826704653991,0.28110000372522415,0.15675526006387927,0.1909105082493122,0.09983096309125086,0.09467080264405639,0.28996352323291835,0.19700652623820203,0.26126247551079657,0.09037217930055605,0.06944872170770547,0.11989966346474802,0.19639785282322403,0.21371425807161826,0.08898561940689709,0.12669978597760662,0.22430927098524858,0.06826893553768196,-0.08655682376926468,-0.013792735200008016,0.18851088684505668,-0.08831409362157662,-0.013547399072614093,-0.0516009810851031,-0.06512316877159702,0.031331539966416605,0.22667911631602333,-0.11531004481235844,-0.05038449311806098,-0.15567890259940692
0.11170853525322846,0.3389088051405307,0.36521318840383826,0.23868154111312367,0.1561714166210962,0.13287857802229838,0.16468248740336944,0.2510010689733063,0.18413156245006174,0.766648313987308,0.1778448994171303,0.17249850494265623,0.14421328381054369,0.08229485387992935,0.2555836375211444,0.16042496844768417,0.2029378086641485,0.3166572070005779,0.12819567478478142,0.13537865618241735,0.16644560217178717,0.2056439934373223,0.2855152114457826,0.06031350500014146,0.24858486512956393,0.14143835430226306,0.25169877906649313,0.034431176432352245,0.34463649435866717,-0.052394911870559724,0.11704441194695171,0.17908881979027372,0.1254065361469141,0.38337994726132085,0.16255721048143368,0.29012751368833245,0.2756827679049542,0.15484038124084767,0.2612472905378622,0.09994004986764453,0.19842178421354412,0.19089926035022736,0.05210965788855381,0.12544784372462914,-0.010066510765877461,0.2643192387411088,0.1845714591767488,0.05557243243612132,0.04523947025705868,0.03439074083344135,0.02964110494013447,-0.05461328972026431,0.11400510148928857,-0.10108837138654865,-0.38141308353866626,0.03654911501953497,0.07157541958095281,-0.1272238920369381,0.27860657650972875
0.0926419867305011,0.20899613711096235,0.3499476969523146,0.242131871773027,0.13993325222937744,0.2910136535707401,0.16230872276865568,0.2833610869576031,0.1515857968131889,0.1778448994171303,0.5563643478124171,0.21965561375472642,0.16734977710095483,0.1617238990809844,0.2388637370406743,0.19674911442197682,0.33126617012972265,0.18979334698067835,0.16348356173180345,0.3217243981106431,0.2405314078418205,0.1860751749124685,0.17601043562941884,0.16612369449884795,0.23744788984751894,0.2011166586102307,0.2658489446921163,0.1232772265010221,0.32472039032707223,-0.07772662582377685,0.16252211957905074,0.1661553228972058,0.1389572641921039,0.2583598054112759,0.24555316623168333,0.2224624575386487,0.32844196715050583,0.27747962388528885,0.24109330537027482,0.17252213076561299,0.24772536783721108,0.25574022605475905,0.2113825233613524,0.13420713080639687,0.13133645250574102,0.3165197527238907,0.24708868306209816,0.14223867436650295,0.01083015991919367,0.07044604296988942,-0.09915417513846304,-0.05809968397083728,0.16630098907338603,-0.031203789176082637,-0.20834636868617892,0.02540931487490409,-0.12146890165530345,0.2458894215954409,-0.1087106029856297
0.15332380869276108,0.24426099633292647,0.2881911345035618,0.33551975989544663,0.20163818661982896,0.23578040815579157,0.30321135191070436,0.1333522386739907,0.20037749495144036,0.17249850494265623,0.21965561375472642,0.5962620526831928,0.12214656924713223,0.13245248640915205,0.2549158135144286,0.20274548759856068,0.22180025505972875,0.18581338601015107,0.17295243342424393,0.19163344576099853,0.18157215516733383,0.2062579895272524,0.2029585917581587,0.15184987066743796,0.28874899355883427,0.13811292186095092,0.2633819017310302,0.013245402804120465,0.2554194600970296,0.04696768225662833,0.11521186474901124,0.1922432448721894,0.1280264627061064,0.23625552261330915,0.19167420768394675,0.1753970367794177,0.20318818140459932,0.26538814607920375,0.18272909541735705,0.12935117636789953,0.16204201591498305,0.18964374298072206,0.238571500141926,0.09320022800474013,0.09418075160103129,0.33989111247450365,0.1914019211509934,0.149773580169673,0.2709965712782716,-0.14227256399334756,-0.03672958428503298,0.02523753920017604,0.12191298987882353,-0.019722710092636583,0.05562446535423617,0.05091515678532219,-0.15437269869211934,0.2797656624851769,-0.4758810552150205
0.05616378367518641,0.14736582325425546,0.20920617295027005,0.18271238304963655,0.1269338713126094,0.17835012079987594,0.1183130452368448,0.22260634203282587,0.146708673889562,0.14421328381054369,0.16734977710095483,0.12214656924713223,0.33698251076336694,0.1104895850210279,0.055476565775366624,0.15738879446026338,0.14106310417900325,0.14154522860872631,0.11729480328777375,0.1330955510573256,0.1290785533571386,0.18056660589062115,0.12810541773474024,0.08232261034403546,0.13637234544969243,0.12936708684611062,0.12885281083620945,0.05868335245704274,0.28607494795239485,-0.07346836111883563,0.07358679148285935,0.1428913376742313,0.08430812458000214,0.1736587309626247,0.1680602569437651,0.1278187539111487,0.15981477692685736,0.13282903023579856,0.19350842066696275,0.09812395432971688,0.129503904917924,0.13399558376804538,0.1192723036805302,0.09264029496974328,-0.01411301679296374,0.18862380703949808,0.14327595968219897,0.03735070553408208,0.12725439547686548,0.14250138719205535,-0.06222043316119802,-0.0421996214474919,-0.013976488864882317,-0.0282062617944272,-0.07504682793402995,0.004486272114415542,-0.07348858465685772,0.0482838070271093,0.03666579918981942
0.18617562103676252,-0.11726762257073088,0.09576203821938585,0.33228766244874536,0.12524188184418483,0.1625171887943655,0.004904640339220625,0.13003152591169645,0.09425860658663057,0.08229485387992935,0.1617238990809844,0.13245248640915205,0.1104895850210279,0.6437678485205035,0.15834928221531297,0.2807437882066564,0.17643407641667797,0.10805152519663491,0.11684900861477454,0.17402144015759788,0.15095673842405177,0.15286556805825455,0.17220039904731554,0.19258250822889705,0.13563858371832868,0.0845339012901823,0.00838878509995158,0.01854037352674381,0.2976690442289496,0.06410673656270965,0.11826936999571014,0.09022269481047172,0.051708016078563165,0.09017837770787465,0.14703601069351238,0.07553642915598802,0.23989803610145016,0.21112963561303077,0.10082203059996492,0.13863194291702574,0.2374398248638636,0.1551599084459079,0.317334393707183,0.0990470058414169,0.07812440370774103,0.08813315293579868,0.228638490174283,0.14464812695920645,0.40461308024106946,0.10504429670395744,-0.045892766703812364,-0.05109340251302511,-0.061393917811091804,0.08807154464519476,-0.29594270665574546,-0.02573897919954421,-0.22059068363707746,0.6429750415632026,-0.21395044366534893
0.09068201988808976,0.41763853249488514,0.32977464826505565,0.2560671307319935,0.24301020052070885,0.22576318951650756,0.15275240948759117,0.17577721306265368,0.08622100093888123,0.2555836375211444,0.2388637370406743,0.2549158135144286,0.055476565775366624,0.15834928221531297,1.1314444816567166,0.16804333977280408,0.18936979618536642,0.41101929489148736,0.17392513106967628,0.29170251194268093,0.2979243993529368,0.1433095306755187,0.5326254411711615,0.30533661925732813,0.46422780665087804,0.22332337969113075,0.274093302782461,-0.06820831836209464,0.3984174978990478,0.1698532559340627,0.1863299107556529,0.10199028282109114,0.1377231330380479,0.4308326477130649,0.21733462004991755,0.344539473201549,0.5028373634696492,0.23919417053550526,0.32566102495836335,0.18992331469430893,0.34336641668203555,0.3186598383542578,0.2518953797901281,0.17361179778640048,0.1420603537777039,0.3518147218136772,0.2237780947102815,0.25567586574871615,0.11667161517583868,-0.06722996563691894,-0.07024952218883432,-0.03840092203050991,0.16681683966597108,0.020257221652064953,-0.3265875601280836,0.15439049875498542,-0.316174524189073,0.3217349488806173,0.080371620097159
0.11164378073471318,0.026475229672364504,0.18132169001706885,0.3140591758751757,0.2037595217044928,0.21325956021878,0.14984636711068336,0.17854496180993223,0.1362853204335961,0.16042496844768417,0.19674911442197682,0.20274548759856068,0.15738879446026338,0.2807437882066564,0.16804333977280408,0.8006384509094675,0.2507887483979532,0.18339470136263886,0.188698565578205,0.16851385774002423,0.221288235667003,0.3912196574178424,0.29649473333271975,0.24413557453641238,0.2843822225562646,0.1079368752700768,0.18157234416459223,0.07823671108946705,0.4188942345595106,-0.046154742666602105,0.11976521638948256,0.2289405228962999,0.09457219153943393,0.248025520308238,0.42710337680750915,0.17701828527510025,0.2423820232295338,0.3052347734205344,0.28449956051388886,0.27050975654482456,0.23525314394252259,0.24292069114048023,0.4341711167140931,0.18342134238871297,0.14447370479965516,0.14327167709330144,0.2110418721183691,0.003937209776269936,0.3201971535830089,-0.01046223470181035,-0.10064938462962489,0.041939004681886,-0.005073729413864076,0.003707272134091912,-0.2436196648445873,0.015362823562723999,-0.231522688582141,0.4667056781157274,-0.11134369381972209
0.08150165719430157,0.19419428340268274,0.3776977289779258,0.2247659530691207,0.09957445057792498,0.2869106650370165,0.14409297031233878,0.28909128804711265,0.1743180826791725,0.2029378086641485,0.33126617012972265,0.22180025505972875,0.14106310417900325,0.17643407641667797,0.18936979618536642,0.2507887483979532,1.0154827598759513,0.04142712520309977,0.21724954074796807,0.44464906360695666,0.3333292555950284,0.2189976952891506,0.07233744592698782,0.3285340513137443,0.21251132476200882,-0.0372811169613939,0.4182040652176786,0.6273277136963018,0.3073789697951546,-0.14644526447171394,0.3282399446831668,0.15962850009854593,0.3045176338156699,0.17805642748499917,0.3292958702492122,0.32858618233182685,0.5834463280499096,0.42723139048987185,0.16811144124729144,0.2544623919549967,0.5099654322943646,0.3889686418062354,0.282813088845411,0.25289612764834,0.2461421693102822,0.29121507553112497,0.3666360383566361,0.2722719002134149,0.11630212419069824,0.06414913318544128,0.009495754715148583,0.13990116995000568,-0.000546514950289042,-0.08493648992898303,-0.7287394270938257,0.0701175732672148,-0.07933555568776715,0.4107933843131732,-0.12386364051571207
0.10340092994454925,0.4636240951959251,0.2847222834221598,0.3068446160941582,0.18862423880052576,0.22235295122717438,0.24215875135007234,0.2502237275338426,0.2925073222895141,0.3166572070005779,0.18979334698067835,0.18581338601015107,0.14154522860872631,0.10805152519663491,0.41101929489148736,0.18339470136263886,0.04142712520309977,0.9833383939439932,0.17192151866799119,0.06649220478440176,0.3098706925688991,0.28601278215485276,0.6744477643142913,0.16117855795484134,0.30293536101138346,0.46409464279309287,0.022754362885462093,-0.3137306150530443,0.3700704116501893,0.08055078646032912,0.36805011549565325,0.16740905636927678,0.08849098077988908,0.3716713920648611,0.19827788424889245,0.32896540338115204,0.3334847212182828,0.2926276167855246,0.3020268868904633,0.24263528216415234,0.18458147752719795,0.3099114940774569,0.4053377232614306,0.07017516309677996,0.2836266976842475,0.4475044036203011,0.29114564496917744,0.097130331980302,0.012356981565768503,0.26112370691208875,0.0761022622591559,-0.1716722430636168,-0.10266714531159,-0.07151087596544599,-0.04002372625347489,0.14777420173365527,-0.12077781134630558,0.6858925567237052,-0.7567632872983661
0.07193922653961524,0.12663234403503584,0.18055827080869077,0.23392374583957604,0.3239564113538992,0.34679084224103457,0.1284967480116187,0.233567803276322,0.14335518542485268,0.12819567478478142,0.16348356173180345,0.17295243342424393,0.11729480328777375,0.11684900861477454,0.17392513106967628,0.188698565578205,0.21724954074796807,0.17192151866799119,0.6078297994555066,0.11173149665983985,0.1855448669854738,0.19733471509290385,0.054084069808030405,0.1720198057253318,0.158378252587239,0.0655404475870813,0.11711835431593311,0.2447965340336251,0.11325944334364496,0.043674295009747725,0.24424325947223788,0.13691410522109973,0.10982550585743768,0.1731304710054913,0.052142785748741566,0.1828227647196856,0.23042041970927,0.26806305052057,0.20981090850843878,0.10259146488793924,0.1899936649638813,0.16466832770624482,0.25766273585768845,0.10780443015095528,0.17887554380717738,0.13251453842212968,0.15861081389035075,0.07097511008246428,0.046939832348885706,-0.14550485954563003,0.13334313643122597,0.42267942125753827,-0.22847950638403663,-0.11927348451593875,-0.05319858938597904,0.06801928466781945,-0.10703430747960145,0.2070182770336725,-0.15372964864180658
0.01767423513989804,0.18800079710238285,0.31859210184971715,0.23599119235804905,0.10440597785306807,0.30358111933115517,0.10528847229160732,0.2828326155021539,0.07967383330538805,0.13537865618241735,0.3217243981106431,0.19163344576099853,0.1330955510573256,0.17402144015759788,0.29170251194268093,0.16851385774002423,0.44464906360695666,0.06649220478440176,0.11173149665983985,1.1708639855360665,0.17982322925240973,0.09011128756533394,0.1626615182979116,0.3538872833190373,0.26632320991286473,0.3940755608328436,0.4282573785608945,0.17469531524052934,0.40242840389006634,-0.015432379297719977,0.21903347466693696,0.23490026029103672,0.14450371198224193,0.40063297502638845,0.149540079258405,0.14387768688709968,0.5643395016737038,0.31828687551735674,0.5508811534402556,0.2597269445745028,0.3296070074122208,0.2269437486941847,0.1697502670462044,0.19106673477009148,0.11091761925129649,0.28816688390885337,0.14381218964120077,0.41760540946567704,0.8275396009826966,0.04954080858207033,-0.1965803286462173,0.0490349467426229,0.15539907486280766,-0.0378009900775247,-0.40118337405652515,0.027134175854509078,-0.08481094698421025,0.0900326716863058,0.12070062610142934
0.10678383445453483,0.31992891517870337,0.296055373285671,0.22457143808393903,0.15769326869798728,0.23235930947021807,0.1774848498083496,0.19748079243330396,0.19836177409195976,0.16644560217178717,0.2405314078418205,0.18157215516733383,0.1290785533571386,0.15095673842405177,0.2979243993529368,0.221288235667003,0.3333292555950284,0.3098706925688991,0.1855448669854738,0.17982322925240973,0.5690638171799025,0.23466803242029372,0.24520443255245009,0.2067289009333708,0.2290241466464458,0.1757073131554492,0.20934212388993934,0.16170999037761102,0.2932455361360373,0.05869452817542365,0.3214219744249267,0.16485067412994933,0.24066260954581595,0.2329425588263804,0.4557965910092634,0.36255136592509274,0.5114808214628457,0.4456335037825915,0.1569857773313303,0.3036506935845801,0.44335309048793947,0.5375006391745035,0.4280551002468874,0.15831998788771015,0.47611287717144274,0.33091927116277614,0.3220216174892187,0.23341136813591795,-0.11967413007452077,0.145788316125112,-0.02408484963946032,-0.06759616026278502,-0.002495144427070885,-0.013100036983730447,-0.0702641484559422,0.02537847064797667,-0.1956791837380982,0.3718118379327341,-0.14060011915126694
0.11013831066785011,0.2100370894285445,0.334404296150478,0.29621428829151325,0.18208310882224044,0.2665594082665891,0.22983587065725283,0.18269862809404505,0.38748464788251585,0.2056439934373223,0.1860751749124685,0.2062579895272524,0.18056660589062115,0.15286556805825455,0.1433095306755187,0.3912196574178424,0.2189976952891506,0.28601278215485276,0.19733471509290385,0.09011128756533394,0.23466803242029372,0.781533164169506,0.2923950319858586,0.15490638630709433,0.22718443544224953,0.185217979587529,0.20307252398766013,0.09111016833956946,0.4710556291277179,-0.034258156700614224,0.1879997918882376,0.2713665678565153,0.19583551138162622,0.24790427356596526,0.2222949128236193,0.32300784436596774,0.19705650805847294,0.37458414934497936,0.2343931887485227,0.16422150295410362,0.15759823032610293,0.24417915030095047,0.44332032391575193,0.1539871295989034,0.15247946226142522,0.2119924092672535,0.16179047180879033,-0.30076544865735116,0.24601294217644026,0.12305170685911912,-0.11074851226472926,0.011293761595170336,-0.05652955421626781,-0.06912821334343647,-0.10282401203097599,0.09499072679793001,-0.15676139931674604,0.3028751962551083,-0.21116935889205965
0.05479024115699257,-0.13855692468246114,0.25128851228833976,0.30485527297638226,0.2182184630761179,0.1759629765665911,0.1851788772446229,0.1907718082648779,0.1940498654055978,0.2855152114457826,0.17601043562941884,0.2029585917581587,0.12810541773474024,0.17220039904731554,0.5326254411711615,0.29649473333271975,0.07233744592698782,0.6744477643142913,0.054084069808030405,0.1626615182979116,0.24520443255245009,0.2923950319858586,1.5305511393814994,0.5714610330207289,0.5992792596846257,0.18037170998130236,0.053892123227346524,-0.7103051850260138,0.6886888045687853,0.33486816796433744,-0.06455934977781334,0.10228850551467925,0.05436259347819233,0.5725321405229952,0.21068997972537995,0.4605325152446243,0.4194732673021662,0.14655188649159498,0.6203638940312445,0.30176913833794733,0.26367461557909305,0.2815426278739132,0.1797189695864444,0.26664016348435793,-0.13097894514519565,0.5580934001995791,0.37236676377570077,0.22048547208436348,0.3702656431471539,0.16541515418519764,-0.10419198753683823,-0.4746234008359453,0.32473588575350504,0.054413846585014435,-0.4612224399224863,0.03786122176907796,-0.22346175679344923,0.2579716099378379,0.05413929618335277
0.08077585405160365,-0.3283051226161148,0.21776306012639418,0.23610694342852,0.1547256841149862,0.19526246537857997,0.11832083506508435,0.10692367342624373,0.14277750139205614,0.06031350500014146,0.16612369449884795,0.15184987066743796,0.08232261034403546,0.19258250822889705,0.30533661925732813,0.24413557453641238,0.3285340513137443,0.16117855795484134,0.1720198057253318,0.3538872833190373,0.2067289009333708,0.15490638630709433,0.5714610330207289,1.416057529711627,0.4248734079721941,-0.1733263642018752,0.055914249698450505,0.36469599308824197,0.264066807137575,0.5674609137147996,0.7193608305753701,0.06261865943117109,0.19921021246002674,0.10031127223037445,0.07548955587685406,0.4966259870817359,0.35226913807986177,0.34649393722634914,0.15080001528064063,0.09107280089194802,0.5048262195836558,0.22668027164846166,0.04097073218869589,0.2619260876775528,-0.10944844442017727,0.30317190979255754,0.19660148814433426,0.2866546235350293,0.18535024392282082,-0.12506962126069673,-0.1496387767863778,0.18036623641615307,0.09573259399033188,-0.0060593160109173845,-0.1977163634223757,0.06734767339249824,-0.12156278111289448,-0.2013577332673302,0.3452385954488316
0.057081169492990635,0.17079691953412332,0.2481055971496152,0.2798850380816512,0.23202965894033883,0.2500060079454841,0.18653491176663548,0.26095310259813986,0.14617690523080742,0.24858486512956393,0.23744788984751894,0.28874899355883427,0.13637234544969243,0.13563858371832868,0.46422780665087804,0.2843822225562646,0.21251132476200882,0.30293536101138346,0.158378252587239,0.26632320991286473,0.2290241466464458,0.22718443544224953,0.5992792596846257,0.4248734079721941,1.0630200694234773,0.18245712380564252,0.3446572509994239,-0.2330302831303369,0.46392148548143275,0.29500543134823104,0.05588270203581223,0.1639602840776228,0.11080724595263447,0.6052578302566666,0.3691334945314811,0.28047550408413463,0.42996090524110764,0.27133765331707677,0.4611814301085358,0.20345921682454438,0.21135589464937762,0.27033029557096766,0.2571036527456583,0.20355823689309197,0.08052958512669056,0.47225665456076044,0.35666490557305414,0.1788440385962545,0.14620168293690422,-0.3789551102854372,-0.1706566845227204,-0.08629150230830446,0.4266341177779279,0.02848816451106729,-0.2107405316500057,0.10942243350964206,-0.1528981347558961,0.1820554919432947,-0.16775587613887005
-0.03290073205980198,0.16049203676038384,0.17630720770617164,0.23051446976060713,0.15490291863553027,0.2479364768654444,0.14087657486203653,0.21016378719779977,0.20723629256560952,0.14143835430226306,0.2011166586102307,0.13811292186095092,0.12936708684611062,0.0845339012901823,0.22332337969113075,0.1079368752700768,-0.0372811169613939,0.46409464279309287,0.0655404475870813,0.3940755608328436,0.1757073131554492,0.185217979587529,0.18037170998130236,-0.1733263642018752,0.18245712380564252,2.104073601833821,0.2580247906251437,-0.4351162964504324,-0.2167391639274073,-0.2664432706270535,0.11531439170751048,0.41002669117209284,0.1465638218686466,0.5863201869833087,0.3213764018821438,0.019900743898606944,-0.04360727148603956,0.20987561386098164,0.309391872306133,0.23966135929322396,-0.50713706002221,0.18851591439905377,0.4519935953134448,-0.06742906755485394,0.5519765968593672,-0.11763791631404423,-0.24100361797056102,0.006861235896342911,0.3995526801315087,0.6586767965085534,-0.31711052863524614,-0.31438508416183103,-0.029565214532426057,-0.11935807215229306,0.10219021675407285,0.06165992019138555,-0.09841263286919222,0.08293727429544977,-0.27006551327672035
0.09426670244054389,0.6976184272467091,0.1937361219011548,0.15519027221708315,0.13617028359487957,0.2500376481368303,0.18487894567755966,0.2509382982389767,0.1972913419240634,0.25169877906649313,0.2658489446921163,0.2633819017310302,0.12885281083620945,0.00838878509995158,0.274093302782461,0.18157234416459223,0.4182040652176786,0.022754362885462093,0.11711835431593311,0.4282573785608945,0.20934212388993934,0.20307252398766013,0.053892123227346524,0.055914249698450505,0.3446572509994239,0.2580247906251437,1.3834867053708317,0.3000370068815626,0.13417890159598495,0.1332776509095536,0.0767433490043102,0.19572624775753147,0.3057554677692045,0.07498869892008185,0.3914967284884392,0.08613719900815611,0.3958899256958693,0.33723716137770454,0.2244422386776796,0.2589128319683226,0.3843320160740632,0.2632914206221526,0.4514802784131774,0.2089210766046987,0.14098736426339248,0.5708410060117579,0.23055751897082802,0.387573154246327,0.5375294241033571,-0.10264623373723587,-0.14609734256539186,-0.030336130775511273,0.15455156152488464,0.10884524775850205,0.03603043546534467,0.09005040799457907,-0.059182962893053845,0.9193486956325241,-1.134193972637171
0.02575152383466098,0.2995727765879407,0.2548398944664338,0.049229615860992094,-0.01973065170164489,0.12251595842867008,0.059969226656509306,0.07658171120281436,0.10449817341604542,0.034431176432352245,0.1232772265010221,0.013245402804120465,0.05868335245704274,0.01854037352674381,-0.06820831836209464,0.07823671108946705,0.6273277136963018,-0.3137306150530443,0.2447965340336251,0.17469531524052934,0.16170999037761102,0.09111016833956946,-0.7103051850260138,0.36469599308824197,-0.2330302831303369,-0.4351162964504324,0.3000370068815626,2.6917059530131793,-0.18403522150170118,-0.22249475238602234,0.6720005340192476,0.09577187903766934,0.4360931637810229,-0.14123563181613824,-0.0003592807017127399,0.637915505702542,0.24714630359922388,0.2655062699032128,-0.21904084027628,-0.10273607502402514,0.6602419351088951,0.1589542067796284,0.22491169648312592,0.3982223683550793,0.15625352586706465,-0.5237899557027733,-0.20574681643172424,0.14529964354326408,-0.19788462175354313,-0.3673341535089555,0.07538857426477943,1.0998458616156013,-0.6163541095663984,-0.15469311730760232,-0.049210045399713125,0.07893170451935907,0.06841498705870203,-0.40413871590436173,1.1279226211813556
0.17889960311071929,0.5601921293717269,0.6752863961070501,0.32885698114930206,0.18680527932561447,0.3973634632743568,0.21216490589388476,0.27365726669762036,0.2861739520014011,0.34463649435866717,0.32472039032707223,0.2554194600970296,0.28607494795239485,0.2976690442289496,0.3984174978990478,0.4188942345595106,0.3073789697951546,0.3700704116501893,0.11325944334364496,0.40242840389006634,0.2932455361360373,0.4710556291277179,0.6886888045687853,0.264066807137575,0.46392148548143275,-0.2167391639274073,0.13417890159598495,-0.18403522150170118,3.138873327787886,-0.6616333749226535,-0.12644099710465143,0.2925239916427082,-0.12704718965230133,0.4311744699693852,0.17714367374109963,0.6459494668964237,0.06097976509776609,-0.20279648208060047,0.5867812485549537,0.25014432964593997,0.5467325039704444,0.2875985296593571,-0.41440834099484525,0.007493695940649834,-0.30975242515277757,0.6061822311477955,0.14048292398103038,-0.10611208586818245,0.5428216989543879,0.5701106909227447,-0.3108052913812109,-0.3473828987002749,-0.22701574458589632,0.26485385568937364,-0.9741022274339398,0.06696275490867648,-0.14486999631584588,-0.2529429952975462,1.0767455869962383
0.061032901113446635,-0.2532136279762901,-0.5611055902632455,0.0709255478117809,0.19379372407089757,-0.05553893206010024,0.032886505143993605,-0.0831711524787523,-0.03020826704653991,-0.052394911870559724,-0.07772662582377685,0.04696768225662833,-0.07346836111883563,0.06410673656270965,0.1698532559340627,-0.046154742666602105,-0.14644526447171394,0.08055078646032912,0.043674295009747725,-0.015432379297719977,0.05869452817542365,-0.034258156700614224,0.33486816796433744,0.5674609137147996,0.29500543134823104,-0.2664432706270535,0.1332776509095536,-0.22249475238602234,-0.6616333749226535,3.129436046402889,0.2860932030825349,-0.06032928572117887,0.21339759979776488,-0.21235202678454218,-0.34378295427606687,0.21996322705063423,0.5699900753277356,0.5456546239528018,-0.3560580689597567,-0.1801056672299166,0.34653302940868835,0.030284229095891967,0.8121483912636164,0.03198131090531295,0.28411126301328143,0.7493340151082389,0.6560573612061152,0.4922851614387236,0.046193146667812796,-0.2412703982085892,-0.0750724286244015,-0.3092775070230612,0.2683882254149633,0.25646374729416643,0.903541029406111,-0.18064507378347175,-0.18607232354074202,1.2374189582265651,-1.8018361479760703
0.12338854095512124,0.18615796639696797,0.25469123400327215,0.22595054496707984,0.11380497466649939,0.19625934473733908,0.17709769613307474,0.11893936556103943,0.28110000372522415,0.11704441194695171,0.16252211957905074,0.11521186474901124,0.07358679148285935,0.11826936999571014,0.1863299107556529,0.11976521638948256,0.3282399446831668,0.36805011549565325,0.24424325947223788,0.21903347466693696,0.3214219744249267,0.1879997918882376,-0.06455934977781334,0.7193608305753701,0.05588270203581223,0.11531439170751048,0.0767433490043102,0.6720005340192476,-0.12644099710465143,0.2860932030825349,1.5803101108294557,0.13518387073509308,0.2983707137975153,-0.03644924603743408,0.06464394267316671,0.49326829663621474,0.29938861152184126,0.5899768311526266,-0.18991958496766634,0.044006957907116624,0.4307832140156242,0.31513152852736664,0.2629485075836558,0.128373531461754,0.3313670832735588,0.18792721269381224,0.09211316805289979,0.16696313381068856,-0.38077341557015126,0.17365904127004908,-0.048740888146532484,0.5153371588871493,-0.40828084601805764,-0.13042165206702486,0.11099799001155039,0.22029752470750422,0.01662976730960565,0.0780180964113205,-0.3148092568674391
0.07953481413772459,0.17685172621905995,0.22268266491070743,0.1941031953755236,0.13244686459087693,0.18262592887729592,0.1576125013749686,0.15032340384555629,0.15675526006387927,0.17908881979027372,0.1661553228972058,0.1922432448721894,0.1428913376742313,0.09022269481047172,0.10199028282109114,0.2289405228962999,0.15962850009854593,0.16740905636927678,0.13691410522109973,0.23490026029103672,0.16485067412994933,0.2713665678565153,0.10228850551467925,0.06261865943117109,0.1639602840776228,0.41002669117209284,0.19572624775753147,0.09577187903766934,0.2925239916427082,-0.06032928572117887,0.13518387073509308,0.7907312511776303,0.16282065585103864,0.32184304218310283,0.1955435401966299,0.2459556585730467,0.014897119350897133,0.34109925321126755,0.2517957205380074,0.14698853074152085,0.06254578218328807,0.16815570461553675,0.16239691820665594,0.0896450110689379,0.14241272530895624,0.16761142656387415,0.0641893121704435,0.03418054816692005,0.18965666194190728,0.15858321441715573,-0.05039353745375674,-0.01886695460421655,-0.0030900209113629076,-0.05522195743159393,-0.22416004753967572,-0.049625106271234024,0.308367567076137,-0.04914729157305885,-0.06024341871973191
0.09697746131710852,0.29921268380394406,0.20043954079074938,0.1494774168863628,0.09161104468962254,0.0774044228005052,0.15758118464401727,0.11034009402384419,0.1909105082493122,0.1254065361469141,0.1389572641921039,0.1280264627061064,0.08430812458000214,0.051708016078563165,0.1377231330380479,0.09457219153943393,0.3045176338156699,0.08849098077988908,0.10982550585743768,0.14450371198224193,0.24066260954581595,0.19583551138162622,0.05436259347819233,0.19921021246002674,0.11080724595263447,0.1465638218686466,0.3057554677692045,0.4360931637810229,-0.12704718965230133,0.21339759979776488,0.2983707137975153,0.16282065585103864,1.6237265940572352,-0.017915975920522704,0.03521411511758865,0.1641664909562918,0.7582859901965373,0.34785901458100027,-0.18662955949179025,0.0030444654307500065,-0.02922595854819067,0.2803490230216199,0.2481067827047959,0.14288140661535628,0.18353386364671873,0.07073355491493896,0.4328103779379901,0.30589709625021083,-0.047276643022319494,0.20146483778634328,-0.1647362032996093,0.1013861823538578,0.08027073059568525,-0.26274203911356075,-0.013963040681722959,-0.051705108815407415,-0.057670257792590406,0.1832731210339823,-0.03177977857594785
-0.09732668635898586,0.19259490927783124,0.3618321437004531,0.3483701231487183,0.29189530021234616,0.2585384347210906,0.2188107303810562,0.2942316692875796,0.09983096309125086,0.38337994726132085,0.2583598054112759,0.23625552261330915,0.1736587309626247,0.09017837770787465,0.4308326477130649,0.248025520308238,0.17805642748499917,0.3716713920648611,0.1731304710054913,0.40063297502638845,0.2329425588263804,0.24790427356596526,0.5725321405229952,0.10031127223037445,0.6052578302566666,0.5863201869833087,0.07498869892008185,-0.14123563181613824,0.4311744699693852,-0.21235202678454218,-0.03644924603743408,0.32184304218310283,-0.017915975920522704,1.7467696226196412,0.2428788430758607,0.4496368537801081,0.46556845155203747,0.08625103029484037,0.5864273025579244,0.0730723710871229,-0.06582061460625695,0.2887180055970704,0.138187334303381,0.14910135345444375,0.023513757826131146,0.052878907341708636,0.281722867966407,0.01011719123868154,0.24131274077943404,-0.11563517797497545,-0.15869770685681767,-0.10880093744500799,0.42014939397792994,-0.21191635496802794,-0.590972538101549,0.06621170976119653,-0.11336826192191264,-0.5466847907189551,1.0851784656915204
