1.7456933162311432,0.5281101153839322,0.8175628380286496,0.10740064836670686,0.39581265317971315,0.34846041879882744,0.6438656526613602,0.2542105553368641,0.4110610012407213,0.31222292040980365,0.3336755726910616,0.40558221490971225,0.22335036457154603,0.3682712123812105,0.31330338903791144,0.2939361745958165,0.24452227295907605,0.3389154201581279,0.3317627270523681,0.28110709314219323,0.31762882970695977,0.1726411529548144,0.03024149167816532,0.08776651420109421,0.2456078004423904,0.3515616365946296,0.27654609025982263,0.2961958448051447,0.16265092394937994,0.22887199453388798,0.3435600189238817,0.3034069219566067,0.35267954147296626,-0.2296230213132834,-0.1269803641294577,0.29947650540359205,0.21098078824209848,0.19691536177719537,0.3347396592325405,0.08389445051693095,0.17028612487325623,0.21126758369192833,0.3599479923764856,0.09773097623541376,0.4022393382646632,0.3393801685898486,0.3347255224930892,-0.031525852761162966,0.7080139351297797,-0.0323856621969526,0.027438665410224147,0.13743827469786188,0.03308318747045511,-0.14849624118933866,0.4209503186913914,-0.0614672575516477,0.5424960589293619,0.7371215234964869,-1.5720094233660553
0.5281101153839322,4.218650496508776,0.4246775121913099,-0.14215737575443693,0.21480400845894004,0.4280915654161684,0.21299130548483178,0.36891754137284494,0.06777289489388194,0.22851825434607487,0.13539555645826457,0.16355578142167462,0.07081319873136299,0.026503121119641548,0.3388046311633072,0.11164433287373779,0.010409729177587741,0.32439800175308,-0.1418915578306944,0.38370790138182753,0.33859394862580267,0.04182260848686559,0.20994058416005862,0.04431893675408358,0.3582094354807572,0.30841201001634583,0.14918347402017032,0.023051140683459575,0.5516098649387954,0.1660301296239968,0.2340040447076254,0.1022762099513658,0.16952111505658085,0.21298400111020113,-0.0030394183827423937,0.19460202677178526,0.570204636188537,0.2074092313671005,0.1368619378315591,0.16836453963986417,0.14923095256231095,0.20864555002349974,0.29607588675131963,0.02787587157070857,0.2977074630820683,0.3322388844598346,0.26999582785785536,-0.01193473292999527,0.5561985763750632,-0.45223752187169614,0.21371127528003295,0.467190657897569,-0.14988148822469155,-0.1923104476134127,-0.3126234950230732,0.02856975953146029,0.12182597160528898,0.7887399797808743,-0.6195123997446035
0.8175628380286496,0.4246775121913099,2.528688568243835,0.29254179027774124,0.002057072234524601,0.45439391426698905,0.37591758983276946,0.6548235066652064,0.6974716659419042,0.5556969704213984,0.515731391567351,0.48570023466556794,0.3687638941713772,0.3871228029698132,0.5800895258646838,0.4314159643572838,0.5416391711994244,0.5907851582642425,0.7604490565875215,0.525608450154603,0.44310981970146546,0.2041825485131253,-0.012336107084230177,0.44230680296861835,0.3224637697471598,0.4881272707222882,0.4015247996347775,0.5193531381660328,0.4236617830076241,-0.18855254084699213,0.39354605411374605,0.3439831209618854,0.49524211730213125,0.2284288213964024,-0.1539837569020756,0.6186145561266875,0.6490867467105877,0.30374497340101053,0.41354196574321844,-0.08828295822467823,0.20005846730346094,0.421737409463633,0.2781453624161203,0.10789941596973432,0.5796426956709932,0.6053188501745193,0.2260240953901539,-0.06368368179723163,-0.36092237566100444,0.38103502104365516,-0.0263364621131211,0.39813068648417227,-0.2003650647362358,-0.4515848088352343,0.21320164193652122,-0.0828530257931604,0.2806704889978818,-0.37305056560258826,-0.10515347818661928
0.10740064836670686,-0.14215737575443693,0.29254179027774124,1.5637304350009522,0.47878413707604583,0.36942436091228525,0.4087395237579278,0.2984727580715874,0.3123587877296553,0.2961245470954699,0.3402819508845003,0.38003415529762347,0.19735585128699995,0.48558829842413664,0.30577955874105406,0.31583588449104677,0.31528449359044075,0.2926624024332727,-0.021290558750848468,0.35487039025131817,0.2720977565313366,0.2523896981069463,0.34295542472959195,0.26360860758315774,0.32712989256046576,0.3110953407880759,0.27503077058091546,0.10342467559174498,0.31509379438508883,0.13375502388262808,0.22339909401991048,0.4803576499588789,0.16943131767953876,0.497126723993357,0.16396237585821133,0.3298889709190937,0.31266349542483135,0.19474431545475068,0.2830401027511313,0.13728812958171416,0.17627610190698778,0.3301722898265611,0.2585280953294266,0.2101253636225735,0.13338111660951932,0.18814037154039423,0.24929595815823302,-0.00654788446085043,0.37946964093832974,-0.17573379147695795,-0.055284718753403204,0.2795458714403701,0.06223310770377456,-0.12735986362004892,-0.18397748704458183,-0.03622568828404666,-0.003283482600739429,0.14611621985317869,-0.023253724176522116
0.39581265317971315,0.21480400845894004,0.002057072234524601,0.47878413707604583,1.1845406692629326,0.5126950018643879,0.3068780045697614,0.11287331333742315,0.2214947421048916,0.17371121370986048,0.22791524766188523,0.2610588705068421,0.18024350680305082,0.2761224087328849,0.2770184645333027,0.25635030686161253,0.1754028000441573,0.21815473236539118,0.024287937823246862,0.25271822978803615,0.2237318472962159,0.19884954290116164,0.2569513581712918,0.1994732380244948,0.2725947509377864,0.26408223054360874,0.21326855893913813,0.10190291375177227,0.33837000832216146,0.16558279382402843,0.1882556903371004,0.3129512015391851,0.07247678939388161,0.41314375606360465,0.13312994179335488,0.24972583845800755,0.28803129302407937,0.13577099271064466,0.16755022523735733,0.11402555987171191,0.14063559781333146,0.25065747529239674,0.18404406571454743,0.13496042753894333,0.015142902598646528,0.06337452881626603,0.22670094663383253,0.006124179837047732,0.6758121103388224,-0.08933947803855949,-0.024084113016714363,0.03510176698368543,0.05204913175673667,0.07906970317230456,0.00015853518556930497,-0.0337402773337967,-0.08592692115066487,0.022647244063499182,0.1294208424279371
0.34846041879882744,0.4280915654161684,0.45439391426698905,0.36942436091228525,0.5126950018643879,1.012411905874095,0.24564892397874472,0.2204245942144412,0.2647175195038545,0.2759571198676833,0.24141740269195097,0.2332221769439331,0.19323154281335395,0.260064270852057,0.3047392766529901,0.24273658358283146,0.26922429385174534,0.3136012414536431,0.17771022815842955,0.3225334434507419,0.282027188568043,0.2549250404091585,0.2518818558731097,0.27840445759015753,0.3207224088749727,0.3172942184931183,0.2280094003297221,0.2289991777648995,0.5501795528961625,0.08261252552904652,0.21181401078563633,0.31510037034245325,0.035190809270594814,0.4007024378289506,0.01902765676212976,0.319248520018069,0.4183406585715878,0.17521405754087763,0.24866955648528727,0.048263224480779375,0.03178473013881947,0.25135546154523497,0.23277707811501214,0.18457156455535778,0.26966926947732855,0.09913775104584613,0.2728418001077681,-0.01753054793534215,0.7774453793409328,0.2602664763228727,-0.3497846224092631,0.16047681341842274,-0.19429979219321472,0.06769973396569495,0.003994938135430112,-0.048148801526325884,0.10169087388126431,0.11997039413455451,-0.1814115290453954
0.6438656526613602,0.21299130548483178,0.37591758983276946,0.4087395237579278,0.3068780045697614,0.24564892397874472,0.7570030230984334,0.1394675297830145,0.371937540174297,0.23707006370067757,0.270356099787676,0.3522716987226929,0.17759136527558966,0.19854231947368645,0.21606790379846522,0.2508229913414877,0.22622860752128526,0.27286051136306716,0.21044556665342457,0.24367564169768827,0.2544866095799608,0.21229915297890603,0.14959779014398722,0.17982454309626283,0.24417679570966586,0.2506300033376428,0.21875975692538288,0.16945689075539866,0.19775999626756455,0.11764707795627469,0.252705558962756,0.22123689574973263,0.23432490283997087,0.15908309665113382,-0.027531557457286176,0.24539500462472494,0.22285019937690875,0.15247290815777093,0.28371173166769553,0.08725199011276229,0.10648381336603299,0.20426784445402868,0.27394199011502957,0.09636874022151362,0.2358182885216323,0.2445142794772536,0.22289538986610474,-0.019669914076110226,0.4371408153323579,-0.08983734789535397,-0.020873850435525455,0.21386253606151504,0.011596673976861647,-0.14595429853458483,0.22493908683799324,0.06475395873235625,0.2273141176627133,0.32201348506155236,-0.8532456181398018
0.2542105553368641,0.36891754137284494,0.6548235066652064,0.2984727580715874,0.11287331333742315,0.2204245942144412,0.1394675297830145,1.1104835027646744,0.05001863394807946,0.2624176782269614,0.3443277215307156,0.24538403703265935,0.20309699017284985,0.2579794707812404,0.39249607643578155,0.2925552310542571,0.36889221152454876,0.3989987427884697,0.18847976356934318,0.42621689879691127,0.1949764930707756,0.09950825860199403,0.14303455856598554,0.1162737376704217,0.3359524567979126,0.3262760637363688,0.2503016906798518,0.07251561796539273,0.29234902838424404,0.12366150367188679,0.17675393270185835,0.21747022744064845,0.2632717424340983,0.3441980562504963,0.11448684580737856,0.20275271833807693,0.43391543897906615,0.23751920005271118,0.32279164135708766,0.10449288135320585,0.13011296452733145,0.3158191997113795,0.3069320833303617,0.06855925088650104,0.2935464339860595,0.3018330595208327,0.2899045961988553,-0.014812297097676612,0.44049906468768096,-0.058903540844427615,0.026377889681820012,0.3490588081282962,0.015274874622057634,-0.31517380690455293,-0.13124709613139363,-0.08428732299886145,0.05805957977054495,0.7148838585472437,-0.6679647772127311
0.4110610012407213,0.06777289489388194,0.6974716659419042,0.3123587877296553,0.2214947421048916,0.2647175195038545,0.371937540174297,0.05001863394807946,0.9365481651095902,0.2766541952282,0.2813700993973006,0.2881200044199146,0.20922860353134276,0.25961406981147594,0.24495054080888565,0.23914836587001143,0.2915808260671215,0.26921910725079645,0.3319168386312831,0.23489099709750305,0.2803124084295817,0.16975553591624473,0.040081557686681715,0.35696789690245795,0.13525223252621402,0.3682739358974379,0.22710343555163257,0.3599141857724356,0.1428579990512036,-0.0352818382675327,0.27925055469223325,0.2571181969580218,0.26814480328194334,0.05680157784084854,-0.07988658671605392,0.3419539241803419,0.22528521644035088,0.14914026156564966,0.2206147551018192,0.04316706294358384,0.13981438621991396,0.2211809286484711,0.22143460787584474,0.07429912072521856,0.26554033495811785,0.21226849216131097,0.11424379338136108,-0.031384547342131454,-0.24542709093485926,0.11811070482422147,-0.016650555965160387,0.16261679931542922,-0.07557431810770983,-0.12055388166057948,0.17440983690777306,0.10132968835737036,0.24759916616834488,-0.4659586350039839,-0.03167652414391314
0.31222292040980365,0.22851825434607487,0.5556969704213984,0.2961245470954699,0.17371121370986048,0.2759571198676833,0.23707006370067757,0.2624176782269614,0.2766541952282,0.5254849324680487,0.1883854710598995,0.13106159485405575,0.18670083220493333,0.20886229594281994,0.24701922724760603,0.2200276904447419,0.2696698036277921,0.32872320922251314,0.20273254781744263,0.2519485470400365,0.22053995757294667,0.1840623297085721,0.1591974929587629,0.23715580055825294,0.2400972346660741,0.2193850264486991,0.18259582423028348,0.2023979476102772,0.26933394016896084,0.11487487656771386,0.25285520205646367,0.20524839972932932,0.18060074008102633,0.2643644876178415,0.11443381291799003,0.2647431649281297,0.3655514575325061,0.1518809441902395,0.24673593235383057,0.08104218294281612,0.19368491859661077,0.23347332330893558,0.211526798986714,0.10176214076067044,0.2007070122467194,0.2009004921125366,0.26804114308526417,-0.022089808542599596,0.2995284337701788,0.050334058072011745,-0.040088836652930435,0.1578863050837091,-0.04142982480010619,-0.12769419311231184,0.11905442521393339,0.018178213521371504,0.19269307159718577,-0.26820678997328107,-0.06206047773083595
0.3336755726910616,0.13539555645826457,0.515731391567351,0.3402819508845003,0.22791524766188523,0.24141740269195097,0.270356099787676,0.3443277215307156,0.2813700993973006,0.1883854710598995,0.46491538162448853,0.37372315527976097,0.2017121740737132,0.2733536784561774,0.381169804763825,0.22638277251206054,0.268443737535518,0.24280507271190502,0.06749673503181128,0.3422739302776282,0.2273397960288233,0.1101264883651545,0.13224765459446422,0.2144939884166456,0.2521567360288438,0.2931162175042884,0.2536010833988449,0.1583395813010305,0.23686614389730826,0.07465229645946943,0.20588531059393267,0.2865992760811005,0.19239305793121508,0.24033174877980787,0.13505500835886547,0.2759844597143016,0.2176120346582315,0.1791886819723907,0.22216516041153414,0.10259404853859494,0.13622533096927014,0.2627289461671457,0.17586183076476686,0.07304413519951823,0.1566589844195442,0.180733178072748,0.1699800569860202,-0.024142292826925465,0.2833999250489505,-0.1437844260726628,-0.0158053820007304,0.22715693540881632,0.06452744225177397,-0.10556543488778596,0.018593566570995493,-0.012313349135926724,0.034905249552366,0.07533052180834612,-0.15317787548632575
0.40558221490971225,0.16355578142167462,0.48570023466556794,0.38003415529762347,0.2610588705068421,0.2332221769439331,0.3522716987226929,0.24538403703265935,0.2881200044199146,0.13106159485405575,0.37372315527976097,0.7860429622188108,0.1850495461080151,0.27826577887732085,0.35904927587783403,0.2701520259934094,0.23059302954445973,0.21216662690543525,0.024368905771252815,0.2784812746491485,0.2199651967201296,0.11706048723349001,0.1789036802799643,0.16768769312580944,0.2959973798035021,0.3083297613704551,0.32084775363916934,0.08034064716442965,0.19700774450506855,0.043125195399519,0.13205504034493118,0.35403828351234845,0.2014751727882062,0.23921964237420934,0.06199533054450542,0.28481914835376515,0.06632007630458638,0.1375112171129184,0.20886656948287716,0.09518856817909566,0.11068315716929979,0.2510462854025353,0.1369500682721423,0.07805918928538157,0.040258178564291786,0.10600168219737409,0.1747573292121953,-0.020366602614338373,0.8006979376015366,-0.3039196719634311,0.031904288434919686,0.27900948706623735,0.025854885741506323,-0.05123052842632986,0.0934455616069444,-0.007961642487746057,0.024229507194256834,0.2880535179934863,-0.43156112814152464
0.22335036457154603,0.07081319873136299,0.3687638941713772,0.19735585128699995,0.18024350680305082,0.19323154281335395,0.17759136527558966,0.20309699017284985,0.20922860353134276,0.18670083220493333,0.2017121740737132,0.1850495461080151,0.3879844206213938,0.1671231218253783,0.1335780861790963,0.23413843816112234,0.188118629643067,0.2302174551506856,0.2365241296259032,0.11184052018985688,0.15722695909808387,0.2688996031389047,0.035027219804171034,0.19252410541649564,0.1388713333153035,0.19029995239734188,0.19430396578481185,0.14098548563664093,0.22871020342564713,0.024580381727285022,0.11725027881828787,0.1911050980935338,0.14935845698791286,0.18067690676388887,0.1709438805703305,0.17332074407224038,0.15972339880292633,0.06933592019088149,0.14230198411659528,0.04766216912917855,0.09952886206445628,0.17278882578799412,0.09493271007227032,0.06318077439032802,0.03846249118893653,0.07953319409912918,0.12097364796995166,-0.013602438834926052,0.25367034488115464,0.1752247218860643,-0.03160753208127187,-0.0017546974612171094,-0.10157185312027242,-0.05202532755646395,0.030882676361817303,-0.056041150090902526,0.05339183798684957,-0.28176915887410253,0.2434407204717652
0.3682712123812105,0.026503121119641548,0.3871228029698132,0.48558829842413664,0.2761224087328849,0.260064270852057,0.19854231947368645,0.2579794707812404,0.25961406981147594,0.20886229594281994,0.2733536784561774,0.27826577887732085,0.1671231218253783,0.614127324952635,0.25878650551087956,0.29267638641116434,0.26548515884684915,0.1775737822023168,0.08444727856961856,0.2948986467655731,0.24415913935857372,0.18774318115968622,0.1862067072413126,0.16287048517768105,0.23255046180698713,0.26870663875625544,0.24280830622334718,0.15805467878857965,0.2425894448995907,0.17766605078541559,0.22169135094509537,0.5310941317854629,0.18846504299611155,0.24140894350825834,0.10516739898179019,0.31303357540412,0.2367102072262874,0.16618593947440743,0.21946323073355833,0.09608933389990353,0.21546254853068086,0.28533640479379313,0.16302720685080016,0.12368790650127186,0.09383588218638157,0.07690716407247038,0.21040611837597548,-0.00677882111482921,0.7034954407834201,-0.05432879119702466,-0.026879813447842817,0.11779101688346615,0.034318712981595556,-0.04942272893852958,-0.11451743109037213,-0.0765413579863198,0.04177839436222918,0.17055277346771033,-0.04717696509830127
0.31330338903791144,0.3388046311633072,0.5800895258646838,0.30577955874105406,0.2770184645333027,0.3047392766529901,0.21606790379846522,0.39249607643578155,0.24495054080888565,0.24701922724760603,0.381169804763825,0.35904927587783403,0.1335780861790963,0.25878650551087956,1.154460291409586,0.164660976270304,0.2105451241498464,0.3069078329584285,0.07637142086484883,0.5190027893728884,0.28012649639737736,-0.14020212540660973,0.19275845685398546,0.266575342679511,0.41436272266405766,0.30445304558258823,0.2768770646569688,0.2458806922644466,0.32352853881266896,0.2208794904000669,0.2526559350723879,0.26627845387774113,0.25617999500391553,0.3473620323779503,0.10163632992129773,0.3744513414614503,0.3588747515699574,0.26496366345602124,0.2266122183770761,0.1092746593601705,0.23678078214431486,0.3052309849129915,0.14493246788022204,0.09570023389127957,0.08512834557963139,0.26222874623076536,0.25403119790562206,-0.030901903717598364,0.3997005054631822,-0.34516851236643437,-0.03693646449979008,0.46030418278483165,0.11530405418411782,-0.1111442138326008,0.0939881300105988,0.030807048745889274,-0.08760863342751707,-0.0014510034708107224,0.007659515755254228
0.2939361745958165,0.11164433287373779,0.4314159643572838,0.31583588449104677,0.25635030686161253,0.24273658358283146,0.2508229913414877,0.2925552310542571,0.23914836587001143,0.2200276904447419,0.22638277251206054,0.2701520259934094,0.23413843816112234,0.29267638641116434,0.164660976270304,0.8011332467523945,0.27626538200828815,0.31277073951982437,0.242754359710771,0.20294678147151538,0.2170034707022339,0.25011803721558923,0.16759615241875758,0.21981080428424576,0.26834397580180286,0.22936883267450123,0.32075805677706576,0.16883893881217948,0.279945746888486,0.18856731995172346,0.22293018434730458,0.29644598840743824,0.17898590441512252,0.2629654224675232,0.25355810431134174,0.2791316548988115,0.29308259525121144,0.1470320464645611,0.2376584069177859,0.1274282650510268,0.23858154575008758,0.3285438265458173,0.20236849053038153,0.1373127911663635,0.16207891850983927,0.07313819614279647,0.2327873571406467,-0.009992530598520724,0.33546991828064826,-0.05451449774347516,-0.04520365346578743,0.13079335394802089,-0.043717179665203144,-0.06587798019578597,-0.022650293429308414,-0.05913456367786624,0.04070532797104698,-0.12126410863467067,0.14261998390366656
0.24452227295907605,0.010409729177587741,0.5416391711994244,0.31528449359044075,0.1754028000441573,0.26922429385174534,0.22622860752128526,0.36889221152454876,0.2915808260671215,0.2696698036277921,0.268443737535518,0.23059302954445973,0.188118629643067,0.26548515884684915,0.2105451241498464,0.27626538200828815,0.7922042752037438,0.16440684150398646,0.278562672295576,0.4416399746352533,0.31208700697846514,0.21581634073114847,0.08876199593021096,0.21078488521384814,0.2524925412848554,0.19608942757621056,0.26001397680761956,0.4595046049807136,0.3265067023555744,0.16524821560920713,0.34194060432785633,0.29306577323892563,0.3411171749704798,0.28263856805038523,0.18021244987092266,0.39295791923155354,0.5191599152935404,0.2722861071179184,0.3788411504852053,0.10693087807974887,0.2188914866654596,0.38672878615522616,0.2163475503416229,0.14379778622202863,0.426194297137151,0.14895194583920834,0.1985644225093501,-0.022861192721435084,0.30373052733172706,0.21984489821191747,-0.11191897987783625,0.1519431294374471,-0.07968886459861452,-0.1218207510765098,-0.1338650642500989,-0.05389613820600486,0.03145120407589443,-0.06655983552020253,0.0025289712879163137
0.3389154201581279,0.32439800175308,0.5907851582642425,0.2926624024332727,0.21815473236539118,0.3136012414536431,0.27286051136306716,0.3989987427884697,0.26921910725079645,0.32872320922251314,0.24280507271190502,0.21216662690543525,0.2302174551506856,0.1775737822023168,0.3069078329584285,0.31277073951982437,0.16440684150398646,1.1564132379397865,0.2755214669933562,0.13603817412831104,0.2632726541999122,0.2798258601713079,0.25333390252939003,0.2501664965096289,0.2934815383124851,0.34992272317150164,0.18819027026673066,0.11593087093784119,0.411316833967928,-0.043726328033230004,0.20509941314122582,0.15605531838570602,0.2315247009870713,0.27486691730017104,0.03476420045599937,0.27781723538884784,0.406558898072447,0.11258296393688451,0.17946588353426915,0.06580763808663292,0.17612131185424268,0.21608365100306226,0.23995613326585027,0.03815673654821957,0.2534728576829017,0.2613007923412724,0.45746656524333734,-0.02880596329997969,0.1468027435078952,0.25890944919231906,0.095959913903055,0.08050252027577921,-0.2530920377377484,-0.18550234699745238,0.12578712271190562,-0.04384489996114846,0.16672916817102343,0.08272902901298247,-0.3681893564042758
0.3317627270523681,-0.1418915578306944,0.7604490565875215,-0.021290558750848468,0.024287937823246862,0.17771022815842955,0.21044556665342457,0.18847976356934318,0.3319168386312831,0.20273254781744263,0.06749673503181128,0.024368905771252815,0.2365241296259032,0.08444727856961856,0.07637142086484883,0.242754359710771,0.278562672295576,0.2755214669933562,1.6937590851078426,0.15501091447024126,0.24707804854705814,0.16931003226525537,-0.5254317952711782,0.1972371934076426,-0.00023872632741414235,0.06984558370856014,0.13726092694712497,0.5220459549048755,0.19449819798294868,0.04717901554742151,0.2362626229830954,0.013055641244581865,0.4151379166729738,-0.03834667251392999,-0.10081091773874314,0.24247641507935597,0.47301402908754164,0.13975602729583303,0.4090889792095613,-0.07482436998111096,0.12275085837924966,0.1111739151855795,0.11184824123244587,0.014704038225234587,0.39686696481188016,0.23146954069450945,0.14140544937298236,0.009058977860360305,-0.2784087696326218,1.0179201717209503,-0.08663097596001046,-0.18532777329511216,-0.3687579774553632,-0.25645835606604844,0.13936151397648422,-0.03769064456246329,0.20295026482251993,-0.19216056078241067,-0.1149431739739627
0.28110709314219323,0.38370790138182753,0.525608450154603,0.35487039025131817,0.25271822978803615,0.3225334434507419,0.24367564169768827,0.42621689879691127,0.23489099709750305,0.2519485470400365,0.3422739302776282,0.2784812746491485,0.11184052018985688,0.2948986467655731,0.5190027893728884,0.20294678147151538,0.4416399746352533,0.13603817412831104,0.15501091447024126,1.6661343491250695,0.3025339782939374,-0.18292701841977413,-0.11048868057955434,0.1672176883478599,0.3955937696589576,0.33665699555496736,0.42291265857677723,0.34632150677672524,0.4714451409215307,0.4973624872773087,0.5291665876572527,0.3223029762220636,0.35746737364141995,0.5077479910417849,0.40618053924661035,0.26847603184644314,1.1041062978519844,0.8239709976597295,0.5511526513228491,0.3606145752161177,0.4658797585362695,0.6226071963307241,0.5345924019040422,0.1526456259949389,0.7467511577869556,0.28044015814380024,0.3925255478546839,0.011153593665668586,1.0219496047164374,-0.22659406154087852,-0.11991739143629053,0.4425440475405794,0.09634764325577481,-0.1968195307397096,-0.007162532028812364,-0.06601420850598544,0.009823303073333968,0.22496748697372881,-0.1538567579085196
0.31762882970695977,0.33859394862580267,0.44310981970146546,0.2720977565313366,0.2237318472962159,0.282027188568043,0.2544866095799608,0.1949764930707756,0.2803124084295817,0.22053995757294667,0.2273397960288233,0.2199651967201296,0.15722695909808387,0.24415913935857372,0.28012649639737736,0.2170034707022339,0.31208700697846514,0.2632726541999122,0.24707804854705814,0.3025339782939374,0.4848510049227024,0.24032848546377447,0.21889933954721952,0.1973619615222474,0.2553968084191191,0.21441677822415403,0.2128495979824152,0.24368652451908918,0.39854143591051155,0.2015687713358252,0.38952164535362765,0.285933539640053,0.38058948913644175,0.2231952159153364,0.13576779258744623,0.41729514523004047,0.36349571485183874,0.19271687324184683,0.36278500788445167,0.14404844624546523,0.17312427581220902,0.290981668617348,0.16958457531109236,0.11880107715987911,0.25541412963664284,0.14936702540882543,0.23424911300757972,-0.025028223576596304,0.4598575286049224,0.18539134954458394,-0.10756503314923274,0.19683012408376258,-0.13610640703939683,-0.10620772210277117,0.056165967439052084,-0.00988051785016878,-0.013575737564339966,-0.01212573762863518,-0.06276895064527355
0.1726411529548144,0.04182260848686559,0.2041825485131253,0.2523896981069463,0.19884954290116164,0.2549250404091585,0.21229915297890603,0.09950825860199403,0.16975553591624473,0.1840623297085721,0.1101264883651545,0.11706048723349001,0.2688996031389047,0.18774318115968622,-0.14020212540660973,0.25011803721558923,0.21581634073114847,0.2798258601713079,0.16931003226525537,-0.18292701841977413,0.24032848546377447,1.095017335339795,0.6411254786861386,0.11302488226312084,0.21588620455663046,0.026912112074106646,0.10945655181977322,-0.11954366418017934,0.42737467540690727,0.08799133152194219,0.20601914243981692,0.25733836769525936,0.16062737119564854,0.3020933397071076,0.2228401045783462,0.22808289684233984,0.12303232209079948,-0.030625257949861408,0.37150659306899464,0.12506684778241225,0.0022368198281489064,0.15022441945226103,0.13575945097990583,0.15383655473765487,0.05618049290515931,0.048506014256970105,0.18923811049234704,-0.01068887177928869,0.41186039147459247,0.31210119717142476,-0.10464650604688201,-0.07519047828988812,-0.20579102221827678,-0.04505927764423456,-0.06478825201307684,-0.005274512085100152,0.03870780695432363,-0.12215735159919229,0.025588621841183597
0.03024149167816532,0.20994058416005862,-0.012336107084230177,0.34295542472959195,0.2569513581712918,0.2518818558731097,0.14959779014398722,0.14303455856598554,0.040081557686681715,0.1591974929587629,0.13224765459446422,0.1789036802799643,0.035027219804171034,0.1862067072413126,0.19275845685398546,0.16759615241875758,0.08876199593021096,0.25333390252939003,-0.5254317952711782,-0.11048868057955434,0.21889933954721952,0.6411254786861386,1.996723807111704,0.11918929846647641,0.6333621069106139,-0.09014482668389012,0.05250407444895222,-0.6766034789897907,0.5233624052912367,0.30903342439262815,0.21963223442223376,0.2159873232221399,0.13713426734874293,0.5001732932721642,0.20214040186709104,0.4282857408512893,0.2060456110092273,-0.024989911067352065,0.5010724583302292,0.31114015738861783,-0.06997568770051375,0.22493967054085234,0.07102765513160404,0.3008127505645253,-0.10969242535556235,0.1647108447323086,0.2899561240319725,-0.02053748355893641,0.5833904673735639,-0.22105745948954006,-0.15663619081762142,0.3144057475577572,0.028942103253326155,-0.015788567157158026,-0.1900954297782137,0.07410882184620744,-0.11049177068766948,0.05743549472657552,-0.006511536605738526
0.08776651420109421,0.04431893675408358,0.44230680296861835,0.26360860758315774,0.1994732380244948,0.27840445759015753,0.17982454309626283,0.1162737376704217,0.35696789690245795,0.23715580055825294,0.2144939884166456,0.16768769312580944,0.19252410541649564,0.16287048517768105,0.266575342679511,0.21981080428424576,0.21078488521384814,0.2501664965096289,0.1972371934076426,0.1672176883478599,0.1973619615222474,0.11302488226312084,0.11918929846647641,0.9584901981318276,0.19991267454647754,0.239095050236659,0.16242024794384724,0.22521256861000422,0.24979104369749724,-0.019324357256818955,0.07643782601903777,0.1602907291281552,0.1523603498974502,0.110358909586593,0.16851118146232555,0.3073297389966971,0.12353703742385008,0.0960034645240301,0.054806954984348996,0.040217106274776454,0.12947494648192923,0.19332396707121624,0.01367079489554857,0.07773231017033319,-0.07334674603506529,0.0746596980027006,0.028798719989207074,-0.021484604134857452,-0.40715647907059094,0.07594807722699361,-0.09088156362570132,0.1833001727516747,-0.07911552143438653,-0.05802214851019279,0.062228442890444095,0.06420378971443319,0.03712921636464549,-1.5792847190405188,1.4262542483924545
0.2456078004423904,0.3582094354807572,0.3224637697471598,0.32712989256046576,0.2725947509377864,0.3207224088749727,0.24417679570966586,0.3359524567979126,0.13525223252621402,0.2400972346660741,0.2521567360288438,0.2959973798035021,0.1388713333153035,0.23255046180698713,0.41436272266405766,0.26834397580180286,0.2524925412848554,0.2934815383124851,-0.00023872632741414235,0.3955937696589576,0.2553968084191191,0.21588620455663046,0.6333621069106139,0.19991267454647754,1.3929945888138173,0.12778217139571155,0.23435608402959873,-0.062277892673310783,0.5461155402876827,0.4483626504113668,0.22112579761268483,0.30151182041377217,0.20457399381632188,0.568224252085057,0.36787898528797824,0.329411431658764,0.46588290346614303,0.24193388779705205,0.4146502196552504,0.2381187033843573,0.17936003233078465,0.3513936131291744,0.2681765642555278,0.18880578225431532,0.16312384738175648,0.2387469997970234,0.3880980117948823,-0.046365360281227085,0.8835008816448316,-0.7066954847854363,-0.06634357032242284,0.4772085092766083,0.19060677072637217,-0.08510502717801573,-0.06298121295331477,0.08350119916602079,0.09179755017993595,0.12328334696105249,-0.31802536717351204
0.3515616365946296,0.30841201001634583,0.4881272707222882,0.3110953407880759,0.26408223054360874,0.3172942184931183,0.2506300033376428,0.3262760637363688,0.3682739358974379,0.2193850264486991,0.2931162175042884,0.3083297613704551,0.19029995239734188,0.26870663875625544,0.30445304558258823,0.22936883267450123,0.19608942757621056,0.34992272317150164,0.06984558370856014,0.33665699555496736,0.21441677822415403,0.026912112074106646,-0.09014482668389012,0.239095050236659,0.12778217139571155,1.4259965605004776,0.23677458131748444,0.2191559081575601,0.006686606998939563,-0.24871022561124798,0.12006616441631292,0.28662564189169,0.1778052039614538,0.17726939063241287,0.25950362401060884,0.11926741835170035,-0.056944326266466706,0.20440158827941377,-0.3146351211882461,0.10477600662536898,0.25819856681509173,0.36069446957891865,0.33288700164407353,0.0069278863092796196,0.2371836187656085,0.05096384808332092,0.05648837750856207,0.009020213982909676,0.3955370519230306,0.09597138147930417,-0.018226635669392473,0.16188081395825166,-0.1818041272574386,-0.055547522761464935,0.05263448165264045,-0.02868000868474,0.21113763002491673,0.17247343509257532,-0.38106520816504175
0.27654609025982263,0.14918347402017032,0.4015247996347775,0.27503077058091546,0.21326855893913813,0.2280094003297221,0.21875975692538288,0.2503016906798518,0.22710343555163257,0.18259582423028348,0.2536010833988449,0.32084775363916934,0.19430396578481185,0.24280830622334718,0.2768770646569688,0.32075805677706576,0.26001397680761956,0.18819027026673066,0.13726092694712497,0.42291265857677723,0.2128495979824152,0.10945655181977322,0.05250407444895222,0.16242024794384724,0.23435608402959873,0.23677458131748444,0.5851987531112688,0.22261898958686518,0.19649821479585816,0.16726082723177596,0.22328894397680496,0.35062339970207274,0.2741770291245175,0.2489108377921616,0.19182338190981274,0.28589290642625936,0.3122133102694746,0.22840673934971806,0.20629631494202846,0.10280919189936515,0.2211227384885215,0.3092501160954273,0.2586312785232249,0.10026215177442718,0.15297566532304546,0.08457104304177201,0.18368010157780862,-0.008088804498338806,0.5782044665682965,-0.10599135684947823,-0.04558202063529947,0.23278523739803336,-0.03165385885656109,-0.05968110387945494,0.0344446634298523,-0.039928188363513174,0.03328470839853087,-0.00920330193461145,-0.008932887797210716
0.2961958448051447,0.023051140683459575,0.5193531381660328,0.10342467559174498,0.10190291375177227,0.2289991777648995,0.16945689075539866,0.07251561796539273,0.3599141857724356,0.2023979476102772,0.1583395813010305,0.08034064716442965,0.14098548563664093,0.15805467878857965,0.2458806922644466,0.16883893881217948,0.4595046049807136,0.11593087093784119,0.5220459549048755,0.34632150677672524,0.24368652451908918,-0.11954366418017934,-0.6766034789897907,0.22521256861000422,-0.062277892673310783,0.2191559081575601,0.22261898958686518,1.9811091885876273,-0.05982626812118192,-0.05888733509855499,0.30042541615487345,0.16608684897375267,0.38158601140207604,-0.12069489960471293,-0.39199078993878056,0.4408800514212488,0.29807075762915614,0.22530763001020893,0.06762708892637931,-0.16925778864800176,0.4415768871264313,0.051533651286809375,0.16557298125698752,0.19677122759720098,0.15555183394299493,-0.07442477211076552,-0.03588261135844971,0.009584255667631034,0.041599227086306936,0.09149133328286295,-0.01834180383925608,0.11127881590866358,-0.16877151789207762,-0.002123327348395494,0.2328675639369958,-0.04881806612756764,0.1252201347076222,-0.4194405455315338,0.394894724442969
0.16265092394937994,0.5516098649387954,0.4236617830076241,0.31509379438508883,0.33837000832216146,0.5501795528961625,0.19775999626756455,0.29234902838424404,0.1428579990512036,0.26933394016896084,0.23686614389730826,0.19700774450506855,0.22871020342564713,0.2425894448995907,0.32352853881266896,0.279945746888486,0.3265067023555744,0.411316833967928,0.19449819798294868,0.4714451409215307,0.39854143591051155,0.42737467540690727,0.5233624052912367,0.24979104369749724,0.5461155402876827,0.006686606998939563,0.19649821479585816,-0.05982626812118192,2.1230960836284525,0.2405384752816945,0.15313057740280672,0.2675692044353251,0.10026806366238109,0.6803944301110684,0.2902754883796539,0.49207310705067653,0.5808915726486722,0.19671015090652638,0.44458174943437473,0.20704768044766275,0.22337031667508472,0.3430519878487633,0.0967889401016565,0.0034364535039307616,0.21892209720967487,0.30344138060585535,0.3207319828915607,-0.09996491350854436,0.9177193648579884,0.577559093218331,-0.38834148915715666,0.05883747390585125,-0.3367681761143947,0.05114505856504059,-0.14400484279078915,-0.05917603045755354,-0.3563136332257753,-0.014002873759315505,0.4973141131536236
0.22887199453388798,0.1660301296239968,-0.18855254084699213,0.13375502388262808,0.16558279382402843,0.08261252552904652,0.11764707795627469,0.12366150367188679,-0.0352818382675327,0.11487487656771386,0.07465229645946943,0.043125195399519,0.024580381727285022,0.17766605078541559,0.2208794904000669,0.18856731995172346,0.16524821560920713,-0.043726328033230004,0.04717901554742151,0.4973624872773087,0.2015687713358252,0.08799133152194219,0.30903342439262815,-0.019324357256818955,0.4483626504113668,-0.24871022561124798,0.16726082723177596,-0.05888733509855499,0.2405384752816945,2.4679275109579675,0.3859046125443037,0.12842747051289138,0.3512774009056239,0.15195611988026966,0.7840621281538657,0.33738628621757005,0.7446652722852581,0.32164909815097875,0.6590491382594924,0.28538273184291474,0.6256907683799823,0.35902556577236233,0.7293423481961389,0.3019622592489224,0.2790259106873273,0.02686977334660041,1.038626128201051,0.0030983022316665746,1.889184083809565,-0.6545867124180237,-0.07078646904566314,-0.18551877559259722,0.573536507259173,0.03575730753515859,0.12314381527694701,-0.1113590415588228,-0.0038738739440899784,1.0440088443308926,-1.0340192729880104
0.3435600189238817,0.2340040447076254,0.39354605411374605,0.22339909401991048,0.1882556903371004,0.21181401078563633,0.252705558962756,0.17675393270185835,0.27925055469223325,0.25285520205646367,0.20588531059393267,0.13205504034493118,0.11725027881828787,0.22169135094509537,0.2526559350723879,0.22293018434730458,0.34194060432785633,0.20509941314122582,0.2362626229830954,0.5291665876572527,0.38952164535362765,0.20601914243981692,0.21963223442223376,0.07643782601903777,0.22112579761268483,0.12006616441631292,0.22328894397680496,0.30042541615487345,0.15313057740280672,0.3859046125443037,1.3194254977489683,0.22019485152488558,0.28235211953076356,0.2288254355173778,0.3506447274459836,0.6054660488632594,0.6570116472852107,0.3325316504825536,0.45706775989993925,0.232710668951399,0.3558665419228493,0.3644400863500056,0.2279901489327507,0.16301296548378702,0.46197154988091826,0.25582603673180043,0.3516773432452244,-0.016899658566725883,0.7873082409916905,0.11996904884424775,-0.11173122419565368,0.18912136703805751,-0.01812367833043016,-0.1726029410962401,0.04628051281080457,0.10628291518765516,0.4373637226429322,0.1311920511677884,-0.720603190672457
0.3034069219566067,0.1022762099513658,0.3439831209618854,0.4803576499588789,0.3129512015391851,0.31510037034245325,0.22123689574973263,0.21747022744064845,0.2571181969580218,0.20524839972932932,0.2865992760811005,0.35403828351234845,0.1911050980935338,0.5310941317854629,0.26627845387774113,0.29644598840743824,0.29306577323892563,0.15605531838570602,0.013055641244581865,0.3223029762220636,0.285933539640053,0.25733836769525936,0.2159873232221399,0.1602907291281552,0.30151182041377217,0.28662564189169,0.35062339970207274,0.16608684897375267,0.2675692044353251,0.12842747051289138,0.22019485152488558,1.0843053767383775,0.15812197835072367,0.3964826177026867,0.03987600301621603,0.3324567341097677,0.1509373067718858,0.182085040868786,0.19665940835230883,0.05642486723275909,0.28579291986882555,0.341924886762657,0.15406047056494804,0.12129374088828267,-0.04038763098834245,-0.018205687137225986,0.19690265568301504,0.003552186757019111,1.1319956980434567,-0.16072336233815965,-0.03238977715674137,0.3916938175232189,-0.1844786109483991,0.009951463871234216,-0.16565673242766785,-0.05908321059144968,0.039585894864227894,0.04311842430470216,0.0767005054056443
0.35267954147296626,0.16952111505658085,0.49524211730213125,0.16943131767953876,0.07247678939388161,0.035190809270594814,0.23432490283997087,0.2632717424340983,0.26814480328194334,0.18060074008102633,0.19239305793121508,0.2014751727882062,0.14935845698791286,0.18846504299611155,0.25617999500391553,0.17898590441512252,0.3411171749704798,0.2315247009870713,0.4151379166729738,0.35746737364141995,0.38058948913644175,0.16062737119564854,0.13713426734874293,0.1523603498974502,0.20457399381632188,0.1778052039614538,0.2741770291245175,0.38158601140207604,0.10026806366238109,0.3512774009056239,0.28235211953076356,0.15812197835072367,1.6455906860285434,-0.05992744725873686,0.03329721251152144,0.16238079089785384,0.5679623337605378,0.26866505651126565,0.22267951405779368,0.037558948683960335,-0.2243094371116618,0.3777550072759876,0.2877712281437381,0.14390888376329605,0.06547559300285803,0.1301120151953258,0.36930039514149654,-0.02333861467843614,0.8226612333675206,0.4229120393104171,-0.14358475585977407,0.48985862842913497,-0.31669602227396676,-0.2941777150866793,0.15144665527889875,-0.18135672310031856,0.09710695987051675,0.15262356131810229,-0.2614411844460082
-0.2296230213132834,0.21298400111020113,0.2284288213964024,0.497126723993357,0.41314375606360465,0.4007024378289506,0.15908309665113382,0.3441980562504963,0.05680157784084854,0.2643644876178415,0.24033174877980787,0.23921964237420934,0.18067690676388887,0.24140894350825834,0.3473620323779503,0.2629654224675232,0.28263856805038523,0.27486691730017104,-0.03834667251392999,0.5077479910417849,0.2231952159153364,0.3020933397071076,0.5001732932721642,0.110358909586593,0.568224252085057,0.17726939063241287,0.2489108377921616,-0.12069489960471293,0.6803944301110684,0.15195611988026966,0.2288254355173778,0.3964826177026867,-0.05992744725873686,1.5955690728545577,0.5727920670741176,0.24735878302244574,0.73901626874235,0.2438508458228026,0.24805672311889276,0.10573710789572047,0.25327119577790336,0.4397047494385974,0.18143950515380208,0.18277805424795746,-0.02292536542532362,0.08712156842660096,0.3495624253565267,0.0037929787312531342,1.3310637659379605,-0.3253967444912248,-0.09506493630745888,0.27438565964379996,0.038382353386309256,-0.036474758560273116,-0.23946773114441838,0.013277931179142747,-0.40633547929746333,-0.06638921409764086,0.6298984764429092
