0.8757365614183665,0.16967253040486593,0.19390439255819986,-0.012272412502756468,0.08141852179441401,0.10504184543974662,0.10909437405032986,0.06984907309456573,0.0787004921526834,0.04956982031616469,0.06351819526000785,0.08090661506579003,0.05925010910116123,0.08636737190124139,0.08420446366034263,0.06623456612000583,0.06346641890953028,0.10531718332917882,0.07203545802665917,0.02163683510159922,0.04199352734536737,0.06806670972592561,0.008277816337045501,-0.10177897669524344,0.10146555820668979,0.06950996913978139,0.07063546165798783,0.06251512536017773,0.0595637164190004,0.023001419278847603,0.0033914599399402713,0.123949916425168,0.03716264248906752,-0.10486743846789866,0.08580386589047448,0.0007552594118415734,0.02962922191960044,0.0361258357004573,0.09210119171482276,0.029283047447275765,0.07330721211407229,0.037166009485150975,0.04349075222730577,0.06371127437278698,0.1454735001274228,0.0920591203268041,0.07016001270096767,-0.05680064578199018,-0.012965956159336251,-0.0018055978707907868,0.005877820467915321,-0.025010871647594857,-0.023725634858695038,-0.006671230793470438,0.023407608937761958,-0.03902659817785182,0.18566635681665133,0.2012604144103075,-0.4015354931435365,-0.03848549210960702
0.16967253040486593,2.989151039891226,0.1413971600041507,-0.44685559006469805,0.11909847075569199,0.21119860616547828,0.19207369867308904,0.06937658235270011,0.18684774951709165,0.02045096201142746,0.12921230245416335,0.18031506739651804,0.12886192511345798,0.14264867635619233,0.2545433954674061,0.08283558610277833,0.15760126464825114,0.35471363049725746,0.1598995922421893,-0.09284727429099913,0.16887597691786424,0.29013765407602166,-0.16116780988061222,-0.1671515298242088,-0.13323928590864126,-0.22413002513763425,0.22544284655580907,0.2457966621196907,0.5466278608034691,-0.07265141018608769,0.0361866435601627,0.027237830611255502,0.16690481866321602,0.06811798995758733,0.09446509313784594,0.0989874607478602,0.2939029514862059,-0.03311848283472264,-0.16348603202417608,-0.02273580723091473,0.007130039567490522,0.030527751673175976,0.054820164458461704,-0.0921508995294475,-0.09751812424460071,0.08698716041004392,0.12678694351412326,-0.1480433073251101,0.08169040606264473,-0.17514185205935448,0.1932039693356119,0.09209822358188328,-0.19344816154986097,0.08110680930427808,-0.4592345404705191,-0.08682072047097134,-0.23326052449526433,0.35648567242579343,0.3607435943785072,0.08542733733297764
0.19390439255819986,0.1413971600041507,1.4318472774036786,0.17248415779520077,-0.2736664192004173,0.2950734260089405,0.19892317878981727,0.1622628204328623,0.25004772994561525,0.3097586956880744,0.1811022228322237,0.22478273595334164,0.1712510335028738,0.16467746417754103,0.1821265460621986,0.08079622163262673,0.19393749030142698,0.1772534165566423,0.08253972182743294,0.13620358314943912,0.1693816844415082,0.30528890610414433,0.1443577632816052,0.16038063378282605,0.2516455080822051,0.14388229521397738,0.15340090784437066,0.18036433161562734,0.4331552937849524,-0.2624932695968127,0.06054065776109922,0.053751676150979665,0.002082371275625529,0.4012541026303268,0.1971621710487246,0.3476671146633569,0.08153820753317752,0.08134805639383198,0.259581555822761,-0.16595870405733684,0.31077627410511127,0.11731055062778052,0.13609638695450937,0.14883510694928787,0.3211488031338683,0.2603586575062381,0.006390520190337507,-0.1294933186930899,0.006072095609777163,-0.06346422777940314,-0.06156999243171159,0.2290734207261237,-0.06666873806971177,-0.01705049948727713,0.1414185811279897,0.12610441418631407,-0.18020682687665424,-0.35605847783546773,0.21589215673296566,0.19474021666387262
-0.012272412502756468,-0.44685559006469805,0.17248415779520077,2.260926838578779,0.14787338375598053,0.16705820977201993,0.07614125943106244,0.19538583845830876,-0.09223750057461022,0.19366714532310328,0.1500718706160355,0.2181810252035075,0.18082546092250928,0.14006730795903446,0.10283580969183477,0.23640727833874103,0.11119762983173243,0.12962780045291059,0.13630885709522655,0.14977498411590254,0.2145546707296692,0.1154049745191614,0.20070506467367646,0.20909395364049013,0.20081162450528492,0.2007266202033545,0.08218308475578265,0.030364006753648372,0.0391105685594521,0.19045457504805893,0.10856947206492853,0.2201644695623594,0.1345797260601308,0.2903739624182178,-0.14007373162073306,0.15239857998526352,0.1608529110541423,0.08862621689629926,0.21995438848073812,0.011261993969402188,0.15443683959617602,0.1470892110431749,0.12296206344290583,0.3217365451489207,0.09405164300528891,0.16763619172679453,0.1871615504021983,0.043518122670914136,-0.0408807622761327,0.24193105281190383,-0.07469241400523018,0.284357504740394,-0.11356197811184561,-0.16106973196069688,0.09239015747490201,-0.05117802599909649,0.0915555274761573,-0.11366574234928752,-0.022029509656820673,0.007289243665380594
0.08141852179441401,0.11909847075569199,-0.2736664192004173,0.14787338375598053,0.8100618924213568,0.1864381692752245,0.2238135377439062,0.23998727391167596,0.0817647976305101,0.10884919851037407,0.11271580648841276,0.1547362125320709,0.1283476539832406,0.17696016660967362,0.17849154540050072,0.2528671478676533,0.12036459154068924,0.16194025265021889,0.3079009753247826,0.09350287804879648,0.035926167519277324,0.13680373087998218,0.10083939051902108,0.1038953636429226,-0.008534954485655387,0.16958079596651296,0.08161296605168902,-0.019279688946687974,0.05059404689093527,0.15606097614846026,0.1469745475127601,0.22167846473869599,0.13195342989410488,0.0917343201284092,0.07137032092765914,0.07590480578573734,0.2082446706106164,0.0532246363761737,0.13825291030790726,0.17985093884447628,0.06411527166018322,0.14630571147983978,0.09271448399103464,0.16392775729028014,-0.07564882714317901,0.06847330764943771,0.16212783852806917,0.04229959681085609,0.0743832572216235,0.2246785087207769,0.017723957529065637,-0.2731571145074547,0.1369939902520092,-0.12680322938030147,-0.0038433497575053803,-0.14886800974768738,0.033447916313120614,0.09242159279593429,-0.058547956372313345,-0.31355220878509565
0.10504184543974662,0.21119860616547828,0.2950734260089405,0.16705820977201993,0.1864381692752245,0.6290924803300518,0.14346937727044234,0.26222635093118973,0.16013207625302334,0.12493092783796396,0.18195090861895266,0.22076235600954916,0.14316113377767217,0.23407489281290245,0.17644684173300462,0.2056858478715849,0.18692129218269724,0.2035817664568201,0.3325154489781349,0.17671155087583745,0.13109967610936063,0.25881585014644937,0.06037027993388052,0.1320296503261739,0.1661453556805975,0.26566013571401037,0.1526781948194166,0.1818715242949615,0.26084670236142266,0.018742024922980414,0.19634277536624525,0.20817249097955295,0.0020639079002341782,0.28472060242075875,0.1665617251199512,0.05203050067204838,0.18402088862337054,0.11086751568389132,0.2759797367258622,0.022723937019559604,0.05660854534874329,0.15284142599189723,0.1851449423068852,0.18011446281002294,0.24634899229294194,0.10748068087734323,0.14783917810096012,-0.07407448457884643,0.26070750336368403,-0.1245690054788283,-0.13629202589221096,0.06861131162972556,-0.16264244040919,0.11716026338122566,-0.10278336675895423,0.0035623096115953135,0.07999966370383124,0.08711478489810856,-0.05357657051464741,0.19316845311820682
0.10909437405032986,0.19207369867308904,0.19892317878981727,0.07614125943106244,0.2238135377439062,0.14346937727044234,0.7076015890326114,0.15461634738097216,0.21625839453811938,0.10644051925026625,0.19850135210185446,0.25893446354292987,0.147948736867838,0.150396154160591,0.12706077001730837,0.19785715048303917,0.18417140912975358,0.1670760203147116,0.143643786302241,0.0761285497012781,0.13068803108445928,0.1929630872353478,0.13044812326116256,0.12068293207972251,0.14107653078795981,0.1025343879493304,0.1590466490591256,0.05433463435607437,0.17936979229431366,0.10305785967280538,0.14663541138572,0.1654797722497175,0.08955950337505278,0.2392183972101469,0.11014122818005023,0.2387965291686176,0.12301251656078431,0.04892515412829093,0.1050242022545582,0.025842179068458128,0.10459814319569062,0.14482636410459482,0.1003809924118167,0.09658430140669792,0.06917658736966015,0.14799807261244438,0.11894492324663102,-0.027304464099061915,0.044239330056138726,-0.010982072821142832,-0.011027034119692523,0.008593262216752216,0.10524302362032273,-0.04580252451024508,-0.08068574097831574,0.0519445636995908,-0.01621081814494393,0.06670699065862015,-0.12671300990839268,0.01364898007237606
0.06984907309456573,0.06937658235270011,0.1622628204328623,0.19538583845830876,0.23998727391167596,0.26222635093118973,0.15461634738097216,0.6763687616993499,0.09357634617942003,0.17911144315626643,0.17126405744084494,0.10428071147620926,0.15066034236972414,0.2084088592884439,0.12704064434892356,0.1736073070677348,0.14901005612214346,0.23505343962797354,0.22572563917673982,0.19417578020154552,0.20050439753792976,0.21878457939587367,0.1171678442241968,0.1179459652590991,0.09491443375630623,0.31058640033058954,0.1418006251997513,0.022958599486274434,0.10634389833307444,0.16129910442189002,0.17666545125797736,0.1989559793820569,0.011926289097586239,0.2876508602960316,0.10384018611013313,0.11740611349679334,0.19097927626676053,0.10711921434613833,0.3074661652866487,0.058960121175919734,0.1618397564739604,0.15399784973929945,0.19564890586957984,0.12132045912836671,0.24778842629085154,0.1267856402784183,0.22434867401177763,2.2215753405900224e-5,0.1635889331228007,0.05046614371781068,-0.040070425898831044,0.04714452660928519,0.01962976649657445,-0.06854445778256232,-0.10058335361349334,-0.05133964269753782,0.07273583563968816,0.16708367785322897,-0.12293529146356,0.04551028490771295
0.0787004921526834,0.18684774951709165,0.25004772994561525,-0.09223750057461022,0.0817647976305101,0.16013207625302334,0.21625839453811938,0.09357634617942003,0.7913186299620936,0.03209361260092721,0.15353999932121004,0.11932427394888924,0.10540107857412596,0.20804864004964901,0.07968619383530838,0.112649464168539,0.10243102230280887,0.12314883305834415,0.06904577976995437,0.08241496921800842,0.13395594857682458,0.1503833683536153,0.08214252933889019,0.11900105969817175,0.1491820855957783,0.06272394361224251,0.11549961927395387,0.07903740658217613,0.18715703403810144,0.08364029230636419,0.14219991237605864,0.10285103813967274,0.0460617659447019,0.22503731128156176,0.11826471599545385,0.13713337578442808,0.06592353131888945,0.052232924053612344,0.05766336883356355,-0.006165185555729234,0.0656296180781637,0.08848132977529058,0.1070533923880275,0.0734458526274727,0.1591017107562015,0.10513165836633552,0.10973764924104498,-0.07697155234805483,-0.0427936334081404,-0.2211482024601655,-0.01294207889319765,-0.008693892912804807,0.12207540632074568,0.06901530144372327,-0.0323863770917722,0.11436050451543435,0.032925357144840836,-0.01498939130758254,-0.10345948833184775,0.1146264733952459
0.04956982031616469,0.02045096201142746,0.3097586956880744,0.19366714532310328,0.10884919851037407,0.12493092783796396,0.10644051925026625,0.17911144315626643,0.03209361260092721,0.6871341097945807,0.09395364823338224,0.1626634289333621,0.13995489531417704,0.15790949312192565,0.15503922725177344,0.13018457499645786,0.12641453411553177,0.19223947566027355,0.09225103131468139,0.1630831768174517,0.13021758485033022,0.17867769703893338,0.11593724839943272,0.13042881191924946,0.15290130912240005,0.07171605923429576,0.1475984524286604,0.08229746806087712,0.20791235612557743,0.11063057485979855,0.12394155361915898,0.10563873514066463,0.057935673717285675,0.2717383740534042,0.12390230195776276,0.24570878943086724,0.14548554862853613,0.09031726675335457,0.20752780755892306,0.05831900620096627,0.24935966203715004,0.1063536267089789,0.10573416031066987,0.13019920393087575,0.1839989508771337,0.14032976981447406,0.19001347620000494,-0.05768910544210871,-0.020153424954115786,0.008286365871928105,0.007637088575098501,-0.05390728549146501,0.051768628233846696,-0.009703027345441853,0.14222153264434761,0.030555158401424948,-0.05434100821840653,-0.21931800576408816,0.08142424190863273,-0.01185466639592046
0.06351819526000785,0.12921230245416335,0.1811022228322237,0.1500718706160355,0.11271580648841276,0.18195090861895266,0.19850135210185446,0.17126405744084494,0.15353999932121004,0.09395364823338224,0.5117514698965794,0.25065683898873836,0.16823661459895844,0.13632768778865367,0.17091023551670562,0.1932971339477643,0.1725172429075226,0.131802003690111,0.10706139499187949,0.1564434466339803,0.09157942130376198,0.16575623295932587,0.10402734065080049,0.146667002801884,0.09610900181323136,0.172019117358716,0.19151889779624753,0.05993218279026061,0.11953100135692023,0.037813599819379665,0.1628981618231422,0.15763667624288782,0.035412647708524314,0.17552882505812692,0.14308830160068334,0.16417452001094782,0.09955569441540478,0.08628031597800319,0.1822516347640171,0.06791781581167311,0.08730053580927041,0.13911026522635395,0.11552899438904574,0.057252517354062775,0.13477967173076516,0.10212770087642228,0.10397948689258167,-0.035281822983728305,0.09473271660987902,-0.12389722991384186,-0.03729050260320215,-0.01606459062657202,0.1090562244771213,0.04616971256551906,-0.1017997097179869,0.04815382141001638,-0.004573452473293594,0.08955313144380542,-0.12494394879952642,0.0698419024408597
0.08090661506579003,0.18031506739651804,0.22478273595334164,0.2181810252035075,0.1547362125320709,0.22076235600954916,0.25893446354292987,0.10428071147620926,0.11932427394888924,0.1626634289333621,0.25065683898873836,0.480502518740048,0.13213394157425173,0.19911610027042626,0.20932968886317488,0.20653482570920206,0.19329025379776313,0.11324616494593302,0.14761960989909573,0.1431187103705401,0.09449790255642065,0.16196165354948927,0.09957641984538866,0.12885526627308047,0.17970150316373756,0.17107893692972306,0.20735363877454246,0.05192830576835383,0.18974248608928823,0.05772113275488736,0.11773969431436096,0.1950409939716011,0.0258299479684296,0.21725966272982633,0.1241202053740156,0.2436457213811104,0.12200272175305962,0.08168630936398981,0.1411315890534095,0.049370643448768,0.12928698456090548,0.14442825644089718,0.09586293632156259,0.0340904766242064,0.15528554662828628,0.12565534472612597,0.1039929332001295,-0.03771906174234341,0.09421409425391357,-0.08105005601481395,-0.048478233595711934,0.027766162786564366,0.04276088305504016,0.015954390471614177,-0.05827599990615295,0.06419841147094275,-0.026727257729243177,0.013692736182416645,-0.13209015802938875,0.022403752620858024
0.05925010910116123,0.12886192511345798,0.1712510335028738,0.18082546092250928,0.1283476539832406,0.14316113377767217,0.147948736867838,0.15066034236972414,0.10540107857412596,0.13995489531417704,0.16823661459895844,0.13213394157425173,0.4291314859112431,0.09875561522400819,0.02299629861549363,0.1748699883172439,0.12336710700964819,0.12964926663691223,0.11226509681675702,0.10129004277360636,0.12637062856146986,0.19881948700700527,0.09460147019196583,0.08224088260872472,0.05642591654352299,0.14303168246695508,0.1547802882319013,0.05996670072335779,0.1275191870310309,0.045316898602897435,0.0915659386472156,0.18481146514085575,0.058568596044516794,0.17385317373987044,0.11282352726707956,0.14879852917811012,0.0995313598537947,0.05571254895544945,0.2169920102162748,0.04603354546782041,0.11629377602637792,0.11433610439877355,0.1330231291600262,0.11336617533080008,0.029439154113138057,0.1348434528473794,0.10544094455530167,-0.0012536557087201975,0.13402879031865395,0.12501248979815646,-0.01787805302207813,0.0019342363419748258,0.02598767811965781,-0.1094353582870492,-0.07166766533702736,-0.03517873555393529,0.008096927407708501,0.07236061098053315,-0.02333773267036468,0.023272886864504988
0.08636737190124139,0.14264867635619233,0.16467746417754103,0.14006730795903446,0.17696016660967362,0.23407489281290245,0.150396154160591,0.2084088592884439,0.20804864004964901,0.15790949312192565,0.13632768778865367,0.19911610027042626,0.09875561522400819,0.6528187174081389,0.25396012480389774,0.3144236535161409,0.19366741430897852,0.18203383306238194,0.18875369943575535,0.12668112377926466,0.03155969751411784,0.18951017013563662,0.10802847607613429,0.1567359182302758,0.21367655299556204,0.14993288497966376,0.06425743216644075,0.21174339506044576,0.2513874914794669,0.1230809476848146,0.18041773056847304,0.13026129690498342,0.10754213695060147,0.1765354602033566,0.19572994667470303,0.07649825413913841,0.17559529023923412,0.0630160513209982,0.14348832544050488,0.07446555646867681,0.23995547894434113,0.14988194315187067,0.18187426421971215,0.2532640308498733,0.1527423953453252,0.10392628701000925,0.1870740994974492,-0.11589959199837722,0.07515748072558126,-0.15240207836757566,0.028005156481494386,-0.022174462300318092,-0.10063700952039975,0.14563833946693494,-0.009588500074395635,0.05422743378725636,-0.008315854206416406,0.03543245973071411,-0.05774677326377958,0.018772689677361846
0.08420446366034263,0.2545433954674061,0.1821265460621986,0.10283580969183477,0.17849154540050072,0.17644684173300462,0.12706077001730837,0.12704064434892356,0.07968619383530838,0.15503922725177344,0.17091023551670562,0.20932968886317488,0.02299629861549363,0.25396012480389774,0.701845824492067,0.1436187563499644,0.21665228878670367,0.20569260568394937,0.19475724318895174,0.10319376614441376,0.014569432192625966,0.14723537896246225,0.09878888062302389,0.1738139935953644,0.211389336673061,0.13725119728885418,0.10223479769469433,0.22567206834525905,0.2026098912018075,0.11365161427711414,0.1849060214309247,0.11115314714307767,0.1359213104586731,0.17578370470998148,0.17185052838044457,0.15576304328022303,0.16859566144809784,0.03627023125513309,0.1423881366049628,0.04514344921064071,0.2015062116335404,0.13427767214306438,0.11268563943689877,0.15952027829750084,0.046959587901200195,0.13860062439101964,0.16857834838177166,-0.061431455818079045,0.021419484347924362,0.0379924080465235,-0.012995424307616039,0.16525639549559573,-0.18549334092546116,-0.0012069023907101282,0.024555718250997297,0.08247412911298302,-0.0026002600691875334,-0.025933356431338053,-0.10267046428995989,-0.08676362674203959
0.06623456612000583,0.08283558610277833,0.08079622163262673,0.23640727833874103,0.2528671478676533,0.2056858478715849,0.19785715048303917,0.1736073070677348,0.112649464168539,0.13018457499645786,0.1932971339477643,0.20653482570920206,0.1748699883172439,0.3144236535161409,0.1436187563499644,0.767151837061551,0.1481845641073542,0.15965667090158256,0.2469099039285891,0.09390726619113123,0.014164572722947173,0.22088190302248165,0.05864126363084957,0.13334955577330068,0.12417950224857383,0.18920358498409634,0.1611091746490015,0.14774112653677168,0.12741132008848008,0.0813699207833839,0.12741137343393444,0.2321978480741457,0.03235958726642603,0.1983382292802066,0.3399138157356727,0.03502777770687646,0.08344263868243813,0.034792427058599765,0.25235302261728776,0.11465438314174291,0.22115840873220213,0.21225571702696705,0.22740612691359902,0.2671656304894738,0.0361959284439484,0.1005988424017458,0.1403889847192753,-0.05006549810314332,0.15944903411860453,-0.12229033079143856,-0.02067820920895975,0.1282727876396168,0.056440504841499615,0.014256470113205145,0.00020779222832175277,0.017508883588491304,-0.039523594677434666,0.10894028281187919,-0.07064169298435373,-0.020038033478401055
0.06346641890953028,0.15760126464825114,0.19393749030142698,0.11119762983173243,0.12036459154068924,0.18692129218269724,0.18417140912975358,0.14901005612214346,0.10243102230280887,0.12641453411553177,0.1725172429075226,0.19329025379776313,0.12336710700964819,0.19366741430897852,0.21665228878670367,0.1481845641073542,0.5667768834314154,0.13124577834622203,0.1869282926579242,0.1760670002005561,0.09227704579884041,0.18697615801131942,0.07084074649739683,0.12006619369071722,0.1480365864044587,0.13364068128528156,0.1408898707443004,0.3327687353813146,0.16894554970741313,0.11174474986913342,0.1451906220551971,0.1287542967859795,0.21567114203186005,0.17118564836183858,0.22016562473126675,0.23556712679344688,0.278451923306468,0.09914151579297095,0.10552796505039999,0.06972724075435707,0.1779801257801809,0.2281605360255845,0.1398725092274228,0.1508837638427044,0.1659695673049607,0.1611975671477911,0.16402724195297527,-0.018657496714194,0.03749547924662957,0.08190488889890814,0.024715420750898852,0.10621498721977604,-0.25011340243887253,-0.046227436297907896,-0.1842120581131661,0.007997010324200315,-0.07721633516406044,0.12557135935525582,-0.1410352042391775,-0.03198923161721167
0.10531718332917882,0.35471363049725746,0.1772534165566423,0.12962780045291059,0.16194025265021889,0.2035817664568201,0.1670760203147116,0.23505343962797354,0.12314883305834415,0.19223947566027355,0.131802003690111,0.11324616494593302,0.12964926663691223,0.18203383306238194,0.20569260568394937,0.15965667090158256,0.13124577834622203,0.5797619949690562,0.15526700299288504,-0.00043871085678283704,0.09219633434834004,0.2257548560545632,0.24418931534168456,0.12565670518886857,0.13798952610776027,0.2398754715776574,0.0469736091058562,0.17085613344493,0.1795594663467479,-0.024496973713591268,0.23626923084447327,0.14361487979534043,0.15290073615216873,0.19858252422077222,0.09800649309639695,0.10881907052448855,0.21217079635114974,0.00419787087827626,0.1958751253739257,0.0733720709007768,0.20918964984132346,0.10477380779199659,0.19524715857621497,0.2575720297047911,0.10252472554035619,0.15302116514483488,0.2707067039688303,-0.06466165624033292,0.054106415422255055,0.050327950070105154,0.06679289036372227,-0.039063403138876435,-0.1767393536699801,-0.042305403168666225,-0.03931410488295954,0.042053569597471946,0.06299770193841041,0.13640127315140857,-0.19731492316583266,-0.024496363836793166
0.07203545802665917,0.1598995922421893,0.08253972182743294,0.13630885709522655,0.3079009753247826,0.3325154489781349,0.143643786302241,0.22572563917673982,0.06904577976995437,0.09225103131468139,0.10706139499187949,0.14761960989909573,0.11226509681675702,0.18875369943575535,0.19475724318895174,0.2469099039285891,0.1869282926579242,0.15526700299288504,0.673936324620523,0.0696248173286864,0.12391823236546243,0.2021393282491756,-0.017034101768472105,0.11335552723010132,0.05911337058805,0.17928302293296808,0.08634766159225485,0.22298415007567832,0.04597700704404995,0.15744013541858184,0.21618194632608737,0.1982372700684036,0.14697368916380646,0.14603657530053685,0.09447861975099577,0.0304710768721062,0.1853257570036605,0.061715846047086444,0.23652216962070655,0.024132029362878317,0.06687485600505809,0.1521032868297985,0.12530518789231623,0.16792559705789215,0.13393883179256527,0.10568263206705984,0.14863147575908123,0.025625308555190913,0.14103333032278706,0.07051611909785935,0.12060158651920597,0.37372202975034224,-0.33017411837649246,-0.05155635900898621,-0.045759139543182725,-0.0424520108058331,0.08085246298032059,0.08392893872242502,-0.06116050847104642,0.04910398684643291
0.02163683510159922,-0.09284727429099913,0.13620358314943912,0.14977498411590254,0.09350287804879648,0.17671155087583745,0.0761285497012781,0.19417578020154552,0.08241496921800842,0.1630831768174517,0.1564434466339803,0.1431187103705401,0.10129004277360636,0.12668112377926466,0.10319376614441376,0.09390726619113123,0.1760670002005561,-0.00043871085678283704,0.0696248173286864,0.936035289866883,0.09392656439923171,0.01004597281620914,0.0014831954184411572,0.19720433179502223,0.14378545063617848,0.25161291261102037,0.20037464359076027,0.04336904314011457,0.16081428201015746,0.19061127898413846,0.13984109324153876,0.160074751971778,-0.04889041867973115,0.22472620592570586,0.05665514491953941,0.2515539325456754,0.42007202613299993,0.4405353089669208,0.4980346532952488,0.2430258322256842,0.029140846367681727,0.24258696542969696,0.16694523217540388,-0.17413775183462643,0.6394254594408519,0.09598596878489239,0.10004632261391329,0.09635212190335483,0.19807530587153305,-0.0005047530460105477,-0.10557415319551959,0.054441525955719966,0.07722652325701185,-0.019212953655389775,0.022202314322394983,-0.06232576043800547,0.109244991384792,-0.07757055547781325,-0.006521245180890932,0.05518005811081435
0.04199352734536737,0.16887597691786424,0.1693816844415082,0.2145546707296692,0.035926167519277324,0.13109967610936063,0.13068803108445928,0.20050439753792976,0.13395594857682458,0.13021758485033022,0.09157942130376198,0.09449790255642065,0.12637062856146986,0.03155969751411784,0.014569432192625966,0.014164572722947173,0.09227704579884041,0.09219633434834004,0.12391823236546243,0.09392656439923171,1.3610372026755966,0.07965032339393763,0.05549810068972724,0.07267623398336713,-0.03456222061496452,-0.3287241246307903,0.02057263950546593,0.10889946338106334,0.1680256203356649,0.3678756996130467,0.17340420415588179,0.12143135822574698,0.1674957145156677,0.07731634959405495,-0.0007771265262722422,0.19894223528976107,0.14881003232051232,0.10202653565460214,-0.16876614271415954,0.1487610390025433,-0.012985118196331915,0.09432167774536136,0.07700441954014825,0.1872905844705017,0.525474791603032,0.059021881573374,0.2737032681886515,-0.012386829682318922,-0.41439994954518944,-0.11690756727914935,0.032054137549010146,0.08147467580276826,0.09497396864513713,0.033156191242864536,-0.09168727267397896,-0.00774814882835199,-0.11573299538553242,0.12876209088572954,0.05855269668602875,0.16716615467140863
0.06806670972592561,0.29013765407602166,0.30528890610414433,0.1154049745191614,0.13680373087998218,0.25881585014644937,0.1929630872353478,0.21878457939587367,0.1503833683536153,0.17867769703893338,0.16575623295932587,0.16196165354948927,0.19881948700700527,0.18951017013563662,0.14723537896246225,0.22088190302248165,0.18697615801131942,0.2257548560545632,0.2021393282491756,0.01004597281620914,0.07965032339393763,1.9263962955161027,0.14195215151199572,0.19911190429669898,-0.18328376227811854,0.09930987627919934,0.1982664159778614,0.1691018302425234,0.7740178728067064,0.000913926812163255,0.4317695801581453,0.4087582061265075,0.27601473480228295,0.38885793045286215,0.09444488280408297,0.359308337928739,-0.03876650510035347,0.05353109982060008,0.4485545840855133,0.025630004993621624,0.3222178549478372,0.18485908398206413,0.45734116023173366,0.3839286145783763,-0.25151523543538873,0.5230995564675219,0.1789193966288137,-0.6855992058303209,0.40733758109860024,0.12202642555275849,-0.060162646493168416,-0.04904616413916782,0.014111010824990661,-0.0015582374950815741,-0.06234270860255664,0.0256322352990797,-0.06516026241854522,0.14616569524252826,-0.03405192978657474,0.09568722706057374
0.008277816337045501,-0.16116780988061222,0.1443577632816052,0.20070506467367646,0.10083939051902108,0.06037027993388052,0.13044812326116256,0.1171678442241968,0.08214252933889019,0.11593724839943272,0.10402734065080049,0.09957641984538866,0.09460147019196583,0.10802847607613429,0.09878888062302389,0.05864126363084957,0.07084074649739683,0.24418931534168456,-0.017034101768472105,0.0014831954184411572,0.05549810068972724,0.14195215151199572,1.1520260600725802,0.21838795501267175,0.5703171591670142,-0.05504794737472782,0.040143848339972026,-0.1019615543662061,0.45816452343768865,0.11512786816586136,-0.20238510011225305,-0.09775669089036071,0.10943967828704154,0.3203872581200108,-0.18733153110807002,0.5246837061946857,0.02260352949679051,-0.015807222068006353,0.5117655906004348,0.16495661226304115,0.45195444308988103,0.03865058612827621,0.051922974008797966,0.5197468561042157,-0.1235745873828549,0.17604904978803218,0.19485248819710974,0.009198151232301914,0.004422584401667473,-0.06573681247125558,-0.03946103689314666,-0.04701343682178392,0.10613324164105824,-0.022083339838790423,-0.05900767233492573,0.02694818403640101,-0.29969937857492124,-0.004358804456592752,0.20621800527970804,-0.029422165213790076
-0.10177897669524344,-0.1671515298242088,0.16038063378282605,0.20909395364049013,0.1038953636429226,0.1320296503261739,0.12068293207972251,0.1179459652590991,0.11900105969817175,0.13042881191924946,0.146667002801884,0.12885526627308047,0.08224088260872472,0.1567359182302758,0.1738139935953644,0.13334955577330068,0.12006619369071722,0.12565670518886857,0.11335552723010132,0.19720433179502223,0.07267623398336713,0.19911190429669898,0.21838795501267175,0.9196037004587502,0.16948984214659665,0.026098763126041896,0.1005800087042603,0.11361743261298374,0.09097617962580173,0.24774983900831124,0.43693204868373425,0.13977426334438417,0.24132776174797654,0.090504329409487,0.01989225365829871,0.3319938404589705,0.24992747296788467,0.11003969434637978,0.13326731560923646,0.054852973008855894,0.05738509438478216,0.16050653675151513,0.07346482025497858,0.14488793248823006,-0.020724786636000202,0.17327825056044055,0.19454029647162074,-0.036136887870333916,0.17726942547264526,-0.06597318734308463,-0.06528664152988947,0.08821505854637754,0.0782656759043332,-0.007646639822382716,0.2467124071661448,0.10083816748450987,0.15040588938993918,-0.5995760747048884,0.2122135843381402,0.059765591123890856
0.10146555820668979,-0.13323928590864126,0.2516455080822051,0.20081162450528492,-0.008534954485655387,0.1661453556805975,0.14107653078795981,0.09491443375630623,0.1491820855957783,0.15290130912240005,0.09610900181323136,0.17970150316373756,0.05642591654352299,0.21367655299556204,0.211389336673061,0.12417950224857383,0.1480365864044587,0.13798952610776027,0.05911337058805,0.14378545063617848,-0.03456222061496452,-0.18328376227811854,0.5703171591670142,0.16948984214659665,2.505663856699661,0.11452060137992195,0.12696102736781306,0.08554523719928449,0.9261062309485548,0.4966229646535474,-0.7761569440275954,0.007510294527783217,-0.20476494665841835,0.6569901123346173,0.3582418658834647,0.16118749159789653,0.15982680173998556,0.13641478281745192,0.8213372904458865,-0.03208407223804341,0.8602755925947105,0.08762124413606229,0.018672156436192553,0.5228021887757556,0.44928778653212176,0.37190135265658303,0.3212220373171166,-0.24577349144704627,-0.44858350780475337,-0.21909921400903784,-0.14080319825435164,0.07551533740011962,0.0983216199779671,0.09015576247987082,0.0013048351679302574,0.2124043195478289,0.0031226841601297677,-0.15035622442036972,-0.114005928231165,0.06385933331550621
0.06950996913978139,-0.22413002513763425,0.14388229521397738,0.2007266202033545,0.16958079596651296,0.26566013571401037,0.1025343879493304,0.31058640033058954,0.06272394361224251,0.07171605923429576,0.172019117358716,0.17107893692972306,0.14303168246695508,0.14993288497966376,0.13725119728885418,0.18920358498409634,0.13364068128528156,0.2398754715776574,0.17928302293296808,0.25161291261102037,-0.3287241246307903,0.09930987627919934,-0.05504794737472782,0.026098763126041896,0.11452060137992195,2.276482246092408,0.19279902746728037,0.2500674014093943,-0.6541730216580219,-0.19047818886459258,0.17137827909019818,0.520792832065656,-0.04681657624380761,0.39606723821012285,0.41798570375872746,-0.10678836290246764,0.019664671821441156,0.10977872385038154,0.38565124051803484,0.08896086377606674,0.4362838940586537,0.29228770121362957,0.27514082182119187,-0.07074210622237197,0.47919051155646203,-0.00690869353803033,-0.014953334565035505,0.15141876666965734,0.6593508790177511,0.38145999946961995,-0.15431126153825303,-0.007903499550743513,-0.41087530619785906,-0.16500605911241037,0.22491220129886932,-0.11418817025718155,0.16899528980641412,-0.02733879601575684,-0.15866469176722206,-0.09669695000209265
0.07063546165798783,0.22544284655580907,0.15340090784437066,0.08218308475578265,0.08161296605168902,0.1526781948194166,0.1590466490591256,0.1418006251997513,0.11549961927395387,0.1475984524286604,0.19151889779624753,0.20735363877454246,0.1547802882319013,0.06425743216644075,0.10223479769469433,0.1611091746490015,0.1408898707443004,0.0469736091058562,0.08634766159225485,0.20037464359076027,0.02057263950546593,0.1982664159778614,0.040143848339972026,0.1005800087042603,0.12696102736781306,0.19279902746728037,0.6061290751256632,0.08874536846278586,0.11003203349213088,-0.00015040479026150877,0.08994133289920324,0.24434165324439375,-0.008751621035705178,0.20642919238567772,0.18327911600791982,0.2991488604932335,0.08244504197732042,0.11763982435876957,0.2197915378412064,0.09731139588083336,0.20614194668024688,0.14768410602714724,0.18266815317116922,-0.1378231935517936,0.29165137666265917,0.12547518981510847,0.037289186484163815,-0.039205003249031395,0.28529285436315777,-0.07222674891185947,-0.06074526023482961,0.05658483144246496,0.05674069350396724,0.02491822157508222,-0.047873933214115094,0.030827601250117288,0.19123682442333886,0.04262168452528809,-0.2224657635905102,0.061177068547707034
0.06251512536017773,0.2457966621196907,0.18036433161562734,0.030364006753648372,-0.019279688946687974,0.1818715242949615,0.05433463435607437,0.022958599486274434,0.07903740658217613,0.08229746806087712,0.05993218279026061,0.05192830576835383,0.05996670072335779,0.21174339506044576,0.22567206834525905,0.14774112653677168,0.3327687353813146,0.17085613344493,0.22298415007567832,0.04336904314011457,0.10889946338106334,0.1691018302425234,-0.1019615543662061,0.11361743261298374,0.08554523719928449,0.2500674014093943,0.08874536846278586,1.029160048972619,-0.005371173438634722,0.01980449239355033,0.2879541022876433,0.10826654629209084,0.5304650022433904,0.034334738183798966,0.609796750400052,0.04631360545441312,0.1201234471704112,0.04503642564986593,0.007301899142468131,0.12027453494606437,0.18698146798749452,0.14971660868252173,0.2340984008893303,0.4566416411348091,0.06177709640743384,0.10506848668085207,0.10648293432383855,-0.034245996486827655,0.08839620696914281,0.01567174611228802,0.0691913342390233,0.4973718899176855,-0.7367181687323812,0.0800426396296436,0.12454017851246571,0.021741247261115083,0.0660928381798511,-0.05659268030768306,0.09180855397223563,0.09870840761138439
0.0595637164190004,0.5466278608034691,0.4331552937849524,0.0391105685594521,0.05059404689093527,0.26084670236142266,0.17936979229431366,0.10634389833307444,0.18715703403810144,0.20791235612557743,0.11953100135692023,0.18974248608928823,0.1275191870310309,0.2513874914794669,0.2026098912018075,0.12741132008848008,0.16894554970741313,0.1795594663467479,0.04597700704404995,0.16081428201015746,0.1680256203356649,0.7740178728067064,0.45816452343768865,0.09097617962580173,0.9261062309485548,-0.6541730216580219,0.11003203349213088,-0.005371173438634722,3.47392783018296,-0.18919841811364252,-0.6057654588701852,-0.18911481942013092,-0.02966847340407189,0.6317852549277141,-0.06994279784343449,0.9137976638560956,-0.5440031888809373,-0.029232536504822833,0.4953995813750437,0.05820162718303017,0.9153131380568083,-0.016601988419277545,-0.08956517435680483,-0.09406436564016109,-0.09109380512938145,0.46751090198001266,0.11075602852426523,-0.5398079644952544,0.5231554568072612,-0.025895650713954096,-0.22034999300306568,-0.11505289548844391,0.06753906613994978,0.16572174261676215,-0.3615011947991004,0.09391334664350728,-0.6370624588311502,0.3921189397525814,0.30029189598188805,0.06887145199509148
0.023001419278847603,-0.07265141018608769,-0.2624932695968127,0.19045457504805893,0.15606097614846026,0.018742024922980414,0.10305785967280538,0.16129910442189002,0.08364029230636419,0.11063057485979855,0.037813599819379665,0.05772113275488736,0.045316898602897435,0.1230809476848146,0.11365161427711414,0.0813699207833839,0.11174474986913342,-0.024496973713591268,0.15744013541858184,0.19061127898413846,0.3678756996130467,0.000913926812163255,0.11512786816586136,0.24774983900831124,0.4966229646535474,-0.19047818886459258,-0.00015040479026150877,0.01980449239355033,-0.18919841811364252,3.187570976334539,0.3759500182416543,0.33540743480717733,0.2857850812600105,0.2042865426595674,-0.12648163565051873,0.12419861401715802,0.8792299662486222,0.17877960898992018,-0.188517235813552,-0.37455757929142897,0.2689055214080624,0.22111604131640145,0.21580843540818032,0.23899897262780542,0.4300612537892018,0.3143581656606222,1.3549575090872445,-0.16942362359041346,-0.9303410853292525,-0.018166563782809148,-0.12223116092737785,0.15152614277118215,0.10201584052262784,-0.02077833015795003,0.145648259634341,-0.32887240665669726,0.29743888075440217,0.12212996493807828,-0.15269987249534475,0.007162573452388404
0.0033914599399402713,0.0361866435601627,0.06054065776109922,0.10856947206492853,0.1469745475127601,0.19634277536624525,0.14663541138572,0.17666545125797736,0.14219991237605864,0.12394155361915898,0.1628981618231422,0.11773969431436096,0.0915659386472156,0.18041773056847304,0.1849060214309247,0.12741137343393444,0.1451906220551971,0.23626923084447327,0.21618194632608737,0.13984109324153876,0.17340420415588179,0.4317695801581453,-0.20238510011225305,0.43693204868373425,-0.7761569440275954,0.17137827909019818,0.08994133289920324,0.2879541022876433,-0.6057654588701852,0.3759500182416543,1.9438202618557,0.347701100369395,0.4659021830911665,-0.0996856659107269,0.0694835319179104,0.15259370270773245,0.6980228840400545,0.09820407843558969,-0.2714539788390449,-0.029403618470081952,-0.49139945313441036,0.24430228291671138,0.25586127577792717,0.19708983512851566,0.02214796336923976,0.21350652569861894,0.3322933632751378,-0.06572132075475672,-0.12670903089022378,0.10503344273593049,-0.010168095587603948,0.1081548240294046,-0.12523084998521672,-0.05033303153339766,0.33015740900315366,0.17885334817464596,0.5028430420132877,-0.43932019194091476,-0.321342786262148,0.0718197869160955
0.123949916425168,0.027237830611255502,0.053751676150979665,0.2201644695623594,0.22167846473869599,0.20817249097955295,0.1654797722497175,0.1989559793820569,0.10285103813967274,0.10563873514066463,0.15763667624288782,0.1950409939716011,0.18481146514085575,0.13026129690498342,0.11115314714307767,0.2321978480741457,0.1287542967859795,0.14361487979534043,0.1982372700684036,0.160074751971778,0.12143135822574698,0.4087582061265075,-0.09775669089036071,0.13977426334438417,0.007510294527783217,0.520792832065656,0.24434165324439375,0.10826654629209084,-0.18911481942013092,0.33540743480717733,0.347701100369395,1.0828679785215138,0.14006631331679073,0.12258732255214073,0.18627938933424137,0.08481778945610258,0.1293316526535716,0.09773713004129117,0.06545223798092459,0.02534921911100631,0.0359197586596318,0.2538823091143428,0.11072540901428662,-0.004671185642725636,0.25971637823857374,0.29237543859364656,0.26787823169579233,-0.1561480470009078,-0.04182549443469995,0.13394300694244304,-0.057245326814244504,0.021411011419484555,-0.05808299566458072,-0.14817218659881756,0.17164453117934536,-0.17351355765501542,1.008655454519885,-0.3774971579974654,-0.5184510931184643,-0.14321251574739505
0.03716264248906752,0.16690481866321602,0.002082371275625529,0.1345797260601308,0.13195342989410488,0.0020639079002341782,0.08955950337505278,0.011926289097586239,0.0460617659447019,0.057935673717285675,0.035412647708524314,0.0258299479684296,0.058568596044516794,0.10754213695060147,0.1359213104586731,0.03235958726642603,0.21567114203186005,0.15290073615216873,0.14697368916380646,-0.04889041867973115,0.1674957145156677,0.27601473480228295,0.10943967828704154,0.24132776174797654,-0.20476494665841835,-0.04681657624380761,-0.008751621035705178,0.5304650022433904,-0.02966847340407189,0.2857850812600105,0.4659021830911665,0.14006631331679073,2.2028629187091964,-0.3154423757249364,-0.5824650595993857,0.12758469797398547,0.23719598530424957,0.014808995798261976,-0.5269915133325981,0.05982127573692313,-0.7184263812607913,0.24834555808277925,0.2478848578672698,0.5178442890474568,-0.5537511447746416,0.23691134059651803,0.2857961911367404,0.08968138966121052,-0.29696468603493675,-0.0017931803434694327,0.08914379483720983,-0.02158134662254404,0.06704879828963861,-0.15469666353560071,0.20771603256075813,-0.12191323096389363,0.008026158826627718,0.010924631184271526,0.07336399887042777,-0.048733306782704405
