1.885199586041897,0.662263143507532,1.2987607294993093,0.290434264536929,0.4276260477188532,0.2485570601712617,0.27170947009842544,0.36018582722084536,0.32835886891099986,0.3833005164241106,0.2683095206896256,0.28127873392115166,0.14719476242714133,0.30374481978497314,0.3623623876085533,0.17880213154201272,0.0994377337640137,0.5481595355468349,0.35398353332604743,0.20422726544073874,0.30215277103645216,0.2859704213969316,0.27843580465361345,0.11198906654443523,0.6340243638704957,0.22334872712059853,0.435492949124461,0.11838579631365691,0.19290565916841534,0.5946639392412133,0.3756627598413792,0.3042585537321954,0.1121521076793594,-0.6314007218049171,0.10905475671691049,0.47535939781863745,0.12463932860840682,0.11562656698977034,0.4439982364008212,0.21834641336908106,0.31817528049401456,0.13583303165292576,0.32874879156178205,0.0242955334957962,0.378636732959762,0.5482505470358474,0.2994713895648875,-0.19400534389316348,0.49358550367121107,-0.15072027936101462,0.18969705554712776,0.01433615424588488,0.05518233506079842,-0.04400225131884458,0.0652449755436102,0.12061294843112051,0.34903783221498724,0.4018036771627229,-0.9947118590678459,0.012542218714933752
0.662263143507532,2.424239497538352,2.5137363825246695,0.21782708881778615,0.34179603683727366,0.29897430691577376,0.26252883805103233,0.6650081444571744,0.5019774564897758,0.628793399088481,0.3841370603073063,0.27731152642156476,0.2437046203164217,0.2942963817397387,0.46533345968070267,0.10646990211217038,0.3631237900728117,0.5705278592530937,0.3713579048069152,0.3731697070117769,0.46887095138100376,0.3082181749386261,0.28320734859475194,0.2784929335925486,0.10887943918970876,0.4904508027063165,0.4636778869098404,0.22857331927356095,0.4222745975089946,0.294431125516001,0.37110197679446055,0.17856337424341212,0.40628316157922956,0.3196085760687785,0.17711900175529602,0.5591429748923429,0.37125777808611343,0.2031497146654774,0.40516352365261615,0.2540184191674435,0.4144881434441084,0.2665618188517531,0.4061045081121461,0.1021845524521955,0.44346959725564344,0.558623596724011,0.549738941868261,-0.1475226477241296,0.3663950907827533,-0.011330683639013859,0.23329506815233067,0.0596545120558704,0.14515047823563954,-0.28010931509695947,-0.3195484625229445,-0.15256601944705925,-0.7550840024350588,0.24603880483532647,0.7577807475807832,-0.03663578358429271
1.2987607294993093,2.5137363825246695,5.049304756942033,0.19807435849588892,0.4232689017986074,0.35254400978787415,0.3828357525409772,1.0604587517417867,1.0068898664824455,1.0938185864877656,0.5162113835844746,0.34920307445443294,0.33808848937557606,0.4896000957054223,0.7287341099050006,0.05271794525919659,0.3968853682551765,0.8202743582834703,0.5241677336651607,0.24357777725475735,0.7163461337758493,0.5345305081271613,0.36972881807718355,0.42001256772980644,0.18020587047228934,0.6115856155747068,1.1490878297773919,0.43824954612706557,0.3508365665827812,0.46814702747305786,0.671908619280157,0.39207509503903154,0.7331994398248104,0.3558743546618552,0.29867182178003515,0.8891267028491453,0.6471713933834288,0.14450371324233063,0.7741704552013473,0.26543886897660884,0.7017972258084441,0.3588037789593623,0.6440272182819814,0.10176649016512991,0.3531759493211567,0.9282134377314364,0.8563751821426763,-0.2504113276095274,0.6880952047438984,0.060038152048973,0.38164402869012515,0.16926574800248442,0.11802359581721346,-0.468455399210656,0.13621795000676407,0.44670051121468607,-0.2828348335656637,-0.28601475632140194,-0.007079069422980446,-0.008944311759158096
0.290434264536929,0.21782708881778615,0.19807435849588892,1.9443435988164857,0.678567778200011,0.4689047444682097,0.24954033837085834,0.4899980940424761,0.21945729461991012,0.17855350635211595,0.29401547290596397,0.3900705782240333,0.18319554314734215,0.37529029647736367,0.24279538882380922,0.5505409261604582,0.2849999373747137,0.14119756852953966,0.5356111100942195,0.3237040714818884,0.2570751262084083,0.3787570023563246,0.18759437435965715,0.23741252855942252,0.035645164463385615,0.3493889004057543,0.22680170569114658,0.002475984531745135,0.31883221214051644,0.07153266577475552,0.17700840490472575,0.3714939501090763,0.14728987832516546,0.36853593762410064,-0.13516955719101667,0.2157019498485411,0.19028219710603306,0.1641375899122286,0.23655807706431475,0.04622958287304056,0.12319555846082299,0.3359001583399142,0.2815389753541257,0.10899654279606379,0.3356082508056281,0.25525869661176137,0.368468830336301,-0.10508685512844809,-0.12430795966314782,-0.05190021930954645,-0.15048182187824333,0.023151401868214138,0.06972178049295108,0.010246420880409415,-0.22893716998718358,0.01996836553771888,0.05805408460936342,0.4196541479225019,-0.5242580943341211,0.10002922498896427
0.4276260477188532,0.34179603683727366,0.4232689017986074,0.678567778200011,1.462602271530697,0.4244289165248682,0.30388620657657706,0.45335228583265064,0.42650626382069357,0.2846004783078997,0.33455035087586626,0.3979476803736903,0.20675451181437807,0.4806168284113087,0.3664847939444253,0.6081199455543601,0.28592090866874303,0.2724992307826581,0.801896637954976,0.358307517993029,0.26481649309337574,0.5032306631513621,0.22956798929097008,0.2641904968694368,-0.08627216256067519,0.4953895139850556,0.5406716019183797,0.019449224167271024,0.30844523515077776,0.16061509634647714,0.29853335753825244,0.38279329188256406,0.22852955746806594,0.5396715349644006,0.0038798100769185514,0.3893867968886347,0.3089645096410009,0.19189999333943616,0.18446650988721677,0.10549496583236855,0.31122078117744434,0.43381695544368426,0.4291591446024108,0.06479801678085617,0.08898313964800142,0.35874716068432755,0.3758250970157356,-0.13210876052462966,0.399761066556699,0.049756011503092404,-0.055387138271001314,-0.25899782922159387,0.24368521294723552,-0.09698745241966324,-0.24573324598788893,0.22377359914726525,-0.1430315047368872,0.4598545626174712,-0.4617821056798828,-0.13402794007077504
0.2485570601712617,0.29897430691577376,0.35254400978787415,0.4689047444682097,0.4244289165248682,0.9909955682238705,0.34201962010814596,0.502754307361817,0.3916853136846412,0.3382561266739011,0.4171596160212309,0.3877244926493962,0.21684991455694688,0.31296458570518987,0.3750803970303138,0.4551559189346816,0.37153670882048134,0.1798339520024099,0.6829392437036107,0.4623822159401908,0.40061471749488975,0.4450466653011693,0.1358326906149385,0.31194120731684793,0.1462047737308931,0.4525940586724664,0.48758139912939424,0.2782742234722052,0.4651876848817067,0.19727953074248064,0.3157008463168441,0.4121755065991241,0.17165820446716415,0.5333422114624193,0.21372824665278348,0.28034147387717295,0.3167156299962767,0.2522821858764539,0.35909061179786284,0.18809966837442835,0.14237393126184322,0.37286957605138826,0.41879111970763033,0.13870786461768303,0.28477070051848236,0.32713321871825796,0.5359195107058305,-0.12757845991067535,0.6975357230288469,0.11091901868698192,-0.4502950431982019,0.3660540797306076,-0.20950351550631385,0.025214465646484885,-0.13776872733826118,0.06614005286125958,0.1413624319519993,0.2638605998913616,-0.35620917422215725,0.33399170014067064
0.27170947009842544,0.26252883805103233,0.3828357525409772,0.24954033837085834,0.30388620657657706,0.34201962010814596,0.7710826274451211,0.23333614855286325,0.6066048146991184,0.27806226874197604,0.3315089878765559,0.444225482219399,0.2090482436421229,0.3677011143298766,0.32652162926711814,0.40225671096465604,0.3477400025604977,0.2392074388206342,0.3087897226373474,0.25477724381528305,0.35686644878678436,0.49880775919064635,0.12665905165892377,0.29679737376364895,0.15585064307594187,0.422049804842679,0.5007531670805071,0.22176400728403714,0.24221534319304439,0.236133689061221,0.3348378319754845,0.3783407704070249,0.28370999391322654,0.41229361088611516,0.18806397510205403,0.4083849583121988,0.2411996574488375,0.13755922900763448,0.30454021326090885,0.09416396627188488,0.2417413119239178,0.33583228052787545,0.39552173337988394,0.07340853290103991,0.1619085159207042,0.3835379761708255,0.2929895669438338,-0.12116911047243623,0.38935587894600554,0.03600900615790359,-0.15887494433730512,0.06604183231716293,0.029060130723160865,-0.17336367880187223,-0.08237657602388222,0.19614058756244737,-0.011667756587491725,0.1391626576265512,-0.3299297595436891,0.16251793257194616
0.36018582722084536,0.6650081444571744,1.0604587517417867,0.4899980940424761,0.45335228583265064,0.502754307361817,0.23333614855286325,1.0384597479487336,0.2858053378653704,0.4141329992435329,0.36183609311900955,0.2175969257037762,0.2101343329307126,0.3206628813115085,0.3415243065207073,0.26020206852118355,0.3325430681372393,0.26461891533021326,0.5066037115655627,0.3651919165791988,0.3683677136023037,0.2861596186718426,0.18103973104707655,0.27295024044444116,0.05736546336959964,0.4162599088107029,0.39940925069557387,0.2058872552226406,0.33726965361573674,0.1583344215231652,0.29806741745039017,0.33649438005677923,0.21535979762623808,0.4685308034425843,0.1702172135876893,0.32493214610779,0.29785305775950643,0.19908085561438202,0.4472771570405172,0.22743609744882382,0.2938225739637284,0.2906042300450337,0.35206025732831,0.11768209996873692,0.2462398488834547,0.3700041443132948,0.582091788333973,-0.1167719133825294,0.6694816406444631,0.0043763686625755025,-0.0901471875631402,0.19115492942885995,-0.007787498245899502,-0.02345292658514508,-0.12151597187575718,-0.07038721877505864,0.15657153565042148,0.23446367917287386,-0.19187632364530915,0.15658605011483254
0.32835886891099986,0.5019774564897758,1.0068898664824455,0.21945729461991012,0.42650626382069357,0.3916853136846412,0.6066048146991184,0.2858053378653704,1.299005897040847,0.2490406006289806,0.28631410609359903,0.26790189468406533,0.2658064466714315,0.46733816599647277,0.4751201779816527,0.32469190313096974,0.39412487370428134,0.27129417710701037,0.4465267317733773,0.33294888881155627,0.47210400368520106,0.7782082573608773,0.09850845514822837,0.3624607527068728,-0.02434157022493723,0.6405570101336486,0.7808297050252113,0.29047573948587063,0.18259501138165649,0.26312653213573106,0.43308519149485974,0.4457528315995972,0.45693002015411976,0.38019107674261887,0.16266893703456192,0.48642977289571326,0.36482427800694267,0.17379029895189452,0.2867783288273675,0.0852844728074247,0.33372801175858663,0.42255083116558884,0.5451129948100483,0.05146194874367212,0.20244845792104718,0.5065442424158157,0.3692305302066615,-0.16478821908856997,0.1340645135131431,-0.00420678543509522,-0.014536703912141274,-0.03612190258162235,0.06164137497827007,-0.18599270535923368,-0.08287630302649038,0.40711520471799906,-0.08036690541811836,0.11037728156094145,-0.46355776109640073,0.1887005946864069
0.3833005164241106,0.628793399088481,1.0938185864877656,0.17855350635211595,0.2846004783078997,0.3382561266739011,0.27806226874197604,0.4141329992435329,0.2490406006289806,1.0308427646740195,0.4243089713839999,0.40332785242832686,0.2021651393291087,0.2978887428245522,0.4056875332398449,0.24685964969663338,0.3798985610416953,0.4135934500172339,0.33247018060299066,0.21010326131928142,0.3247485642978145,0.25094710937368003,0.22212576415833793,0.2810857391732633,0.18081962503644328,0.33783991236703936,0.6014185439121003,0.27589396667745947,0.28988567318894176,0.26684216189273985,0.39205422690630204,0.2757056155241536,0.3324893266610464,0.5404255998922272,0.31327265506452795,0.4935074405331433,0.3774380430478285,0.1323827550464547,0.4038442153801005,0.16523707192574152,0.4071476131103335,0.26078114037473193,0.381528415755734,0.10482542962568536,0.19491806719487043,0.4841912565641377,0.5900851508428266,-0.1438317070417005,0.597251598930312,0.052844400977871325,-0.05263721359607843,0.1615751014245756,0.08079680353613708,-0.14321276443152423,0.04386551175009639,0.21121970484611916,-0.07062879688931137,-0.12088313531443223,-0.08048859302623224,0.052383502844584325
0.2683095206896256,0.3841370603073063,0.5162113835844746,0.29401547290596397,0.33455035087586626,0.4171596160212309,0.3315089878765559,0.36183609311900955,0.28631410609359903,0.4243089713839999,0.5761734008848776,0.4536893124751917,0.24807882355765845,0.30422445827897315,0.3699240024707752,0.3450537166191441,0.43300151150448424,0.23037738640609487,0.3840224623552146,0.3725157985359603,0.31483393031376417,0.3132738827196462,0.1310625790486269,0.2735444250726672,0.1646517232729066,0.36259235622285574,0.3938508691363177,0.23189080205697,0.30067004408747955,0.23283340386021048,0.32444911309337665,0.3276391609362759,0.2214706251729677,0.4262941854599111,0.2807512090229485,0.38231311394940337,0.24498844381573262,0.1999382559846691,0.3538434574138076,0.17156097536742274,0.2550099640100659,0.3234940881715877,0.32783471783623463,0.08066401195797125,0.2851436813320836,0.3912536087769034,0.44644833164105713,-0.12452895365184954,0.4109317421540999,-0.05375355480982988,-0.11753165596689519,0.1649913332217319,0.09412941242197918,-0.07233256357550029,-0.12657294763853638,0.09783401049617915,0.023556264792617104,0.17194653881962316,-0.2961671967293228,0.15507990763319968
0.28127873392115166,0.27731152642156476,0.34920307445443294,0.3900705782240333,0.3979476803736903,0.3877244926493962,0.444225482219399,0.2175969257037762,0.26790189468406533,0.40332785242832686,0.4536893124751917,0.9025407077652272,0.1934244902973665,0.3917404710478597,0.1910791337817726,0.43942916238076046,0.35332098478354645,0.29889026083377124,0.3856338435162584,0.2515834565500811,0.26978791192497736,0.34509226867522597,0.21328187062592532,0.2553113251803001,0.20443396329383268,0.3302501168204882,0.33097116865951937,0.13141092114361388,0.27149220635001403,0.20534240041169247,0.28933060349566364,0.3886803513224456,0.16782340178609093,0.3979753465773104,0.21770682349878695,0.37594449237870825,0.03914891061018206,0.14145404675669299,0.355890149337781,0.1535892516752281,0.21106337629336844,0.28964504229058224,0.32675871660923206,0.0706464046839696,0.21254394939759802,0.35264800812491787,0.39501114686943956,-0.11375976451052298,0.7295740512362724,-0.19396223916914956,-0.009377796817320138,0.029284991114743798,0.18253818585092021,-0.0967383654808884,-0.14064093768362884,0.16662651984695,-0.022684262177755588,0.19616863129032228,-0.3470069210333443,0.08416802480857416
0.14719476242714133,0.2437046203164217,0.33808848937557606,0.18319554314734215,0.20675451181437807,0.21684991455694688,0.2090482436421229,0.2101343329307126,0.2658064466714315,0.2021651393291087,0.24807882355765845,0.1934244902973665,0.43620361827626636,0.17999157949111122,0.15575606910345344,0.1817486448568295,0.25605380316522663,0.11318374367401185,0.22828986139378663,0.19988911389029684,0.2036801647996918,0.22237950111971894,0.09103423847979764,0.17964919758805298,0.10003682754253121,0.18699939885558362,0.18701818622914168,0.14616583289078083,0.2106766288118101,0.17458923279754013,0.17567279844996886,0.21914041034772694,0.13191383211334592,0.23629578101954038,0.1556730575904466,0.22929307876225732,0.1447824219779567,0.10234166488822395,0.2556474278937689,0.10111895399114589,0.15213662290936417,0.18752108004892745,0.19087116081756061,0.07308156971691594,0.13150360797098248,0.23746444852117576,0.2528332892872718,-0.08354556720291736,0.2402303392788376,-0.026837491957695386,-0.039047380788338554,0.0925096245995453,0.01634859827828978,-0.01583256249573901,-0.06809428061116879,0.026738690304911533,0.012809652838503046,0.07981268139534652,-0.11718621797352313,0.10446758693148855
0.30374481978497314,0.2942963817397387,0.4896000957054223,0.37529029647736367,0.4806168284113087,0.31296458570518987,0.3677011143298766,0.3206628813115085,0.46733816599647277,0.2978887428245522,0.30422445827897315,0.3917404710478597,0.17999157949111122,0.8467402747965586,0.33978277903938525,0.531289051113393,0.4218067761691129,0.15710880503431224,0.3995319739633018,0.3617697375756014,0.28993847559659763,0.5045069701090593,0.13968949568105038,0.32646567865695114,0.10449928561437631,0.5937137949720149,0.4771648721785439,0.08692477092719489,0.2869600583294806,0.28655637667881034,0.328758299632478,0.5411907659755979,0.22782648375934839,0.3254061381888345,0.24679187222552343,0.42504463728616526,0.13698949975970534,0.18937252459207446,0.14800282768835943,0.17294666188784236,0.38040969424163645,0.4124242849351624,0.45006730457341165,0.012036294503362287,0.28851889654001733,0.4760144326720209,0.5065948622700686,-0.16509529809536416,0.5761260788449496,-0.009045141416716975,-0.06924003914824894,-0.2088944710227774,0.4030631070847132,-0.14270488252167507,-0.26749095473068757,0.22906724071605317,0.008301202188393487,0.382976993060548,-0.6062170439420476,-0.14968865278752747
0.3623623876085533,0.46533345968070267,0.7287341099050006,0.24279538882380922,0.3664847939444253,0.3750803970303138,0.32652162926711814,0.3415243065207073,0.4751201779816527,0.4056875332398449,0.3699240024707752,0.1910791337817726,0.15575606910345344,0.33978277903938525,1.1231041313652639,0.33250239376063084,0.44884816831998353,0.10281448737550718,0.38157589260828495,0.4412965845175803,0.3551420726708118,0.3924123376347559,-0.07236645588214653,0.3032504589209744,0.073454877838307,0.5179441424332548,0.6441181623917137,0.3628086128385111,0.2605738839607695,0.2759590849012744,0.3909939803841376,0.30730361037712794,0.38303323878635437,0.4047971085705595,0.27629080325964916,0.36938964731829216,0.5330499141056254,0.22164475808553344,0.21934089004605983,0.11279277146542782,0.39162121651807746,0.4224386307141192,0.3884169421098132,0.03432628242190308,0.08334525085325623,0.4465402779193808,0.4620333726787293,-0.13022009686528158,0.4814542824772174,0.366607908651133,-0.35098430464665553,0.21230542189818102,-0.17434924785163636,-0.1889991488718157,-0.1236880297007671,0.23853906767156915,-0.1305009632089957,0.21366046684972267,-0.2818473124826227,0.055155092004261635
0.17880213154201272,0.10646990211217038,0.05271794525919659,0.5505409261604582,0.6081199455543601,0.4551559189346816,0.40225671096465604,0.26020206852118355,0.32469190313096974,0.24685964969663338,0.3450537166191441,0.43942916238076046,0.1817486448568295,0.531289051113393,0.33250239376063084,1.5709014064079938,0.3884908959959064,0.03163474356019772,0.586006083914795,0.35710526680056603,0.24328694016888194,0.8754361276172055,0.06358904839218081,0.31732199921833704,-0.10045195838170425,0.3587719122718094,0.36150381337239895,0.2508777226140575,0.3454410556874777,0.5055451500949044,0.20664692133927762,0.5273222558646762,0.05092179180418963,0.45121359498744734,0.46560581795797434,0.2548891833176632,0.1795894261186382,0.15535798178096816,0.2822752383266222,0.18667695829953077,0.3031321408283465,0.6249424740741664,0.527854211059887,0.07737165419751411,0.2512176622739346,0.24709201439598777,0.47137100905330176,-0.11243148234072861,0.667059208779662,-0.21364503132047513,-0.003753358194987176,-0.20484498558775507,-0.011878403363203153,-0.02513771230917977,-0.19443949453435994,0.2772409412601631,-0.20814215896732652,0.38945994987654303,-0.36580464543722624,0.09028549948882744
0.0994377337640137,0.3631237900728117,0.3968853682551765,0.2849999373747137,0.28592090866874303,0.37153670882048134,0.3477400025604977,0.3325430681372393,0.39412487370428134,0.3798985610416953,0.43300151150448424,0.35332098478354645,0.25605380316522663,0.4218067761691129,0.44884816831998353,0.3884908959959064,1.1548691091536503,0.029256763987271252,0.3439478117380671,0.5448799282197496,0.3338637895722522,0.40737178959670306,0.008665745589240752,0.3272563961166913,0.5523707771772014,0.4394822796422166,0.3627607541890942,0.35003096297839026,0.3492061898237843,0.24109402239889854,0.3453735786620084,0.3540464847985036,0.3173781088420049,0.546704696764557,0.4073586689972653,0.41683622122384995,0.4481005433995984,0.28901227600070717,0.3434293940406206,0.19632465074112687,0.3138763832182373,0.47441100068635134,0.36584239032209875,0.040253238699128786,0.5380572480591791,0.5304033209100728,0.6602246267581949,-0.17444808513747784,0.2980069676903561,0.0950668699257262,-0.16738958191448416,0.15313447557403403,0.12090076970881689,-0.11058183108440561,-0.27455923120808934,0.09511520641100166,-0.08081651413424347,0.2571278935735412,-0.39689873364403244,0.08246205708945473
0.5481595355468349,0.5705278592530937,0.8202743582834703,0.14119756852953966,0.2724992307826581,0.1798339520024099,0.2392074388206342,0.26461891533021326,0.27129417710701037,0.4135934500172339,0.23037738640609487,0.29889026083377124,0.11318374367401185,0.15710880503431224,0.10281448737550718,0.03163474356019772,0.029256763987271252,1.4404992857946537,0.32081004205898533,-0.2920651616785261,0.386954468185513,0.1655995645780805,0.551903826234438,0.11404045841071146,0.11114275050184944,0.27612327836996725,0.7259974439780935,0.11606409063062528,0.19363884835147763,0.06303487306771273,0.5777148507514576,0.18098654276398002,0.30263936004530917,0.15911530212274325,-0.02537724261146325,0.750106197458963,0.031104305902903962,-0.09761456496035784,0.2736850170778377,0.08593809726367901,0.2862885505078372,-0.06580018291545035,0.4249129291684577,0.04413917999272964,0.4549269630530755,0.5394139472525086,0.22801599766897634,-0.19736145258213011,-0.12811598954075487,-0.1238047921972157,0.3476150237112609,0.17478700643434,0.011971992791305666,-0.1846025752685882,0.08221339361121635,0.17204478212823815,0.002570743239508049,-0.0307326808503899,-0.21197432312172568,0.07385135979234313
0.35398353332604743,0.3713579048069152,0.5241677336651607,0.5356111100942195,0.801896637954976,0.6829392437036107,0.3087897226373474,0.5066037115655627,0.4465267317733773,0.33247018060299066,0.3840224623552146,0.3856338435162584,0.22828986139378663,0.3995319739633018,0.38157589260828495,0.586006083914795,0.3439478117380671,0.32081004205898533,1.3034883747567139,0.35172773538334107,0.39343187647533073,0.5340496882814249,0.21244312964814738,0.31027458845661154,0.1107675004424519,0.4574561364294082,0.6341320360625281,0.2908866642927182,0.374748034208599,0.2983627971392247,0.3602863339183855,0.4287808363849038,0.22939285744435878,0.49094993634038536,0.18944666356117176,0.515118916912534,0.09675196716150426,0.20327659551164365,0.30090791000371564,0.1925134457122164,0.2775184199694216,0.4141738884207606,0.4616971043567392,0.07505724234604036,0.18584316168770865,0.42096115807383727,0.33042550121599457,-0.1606992240682157,0.5397872801586713,-0.19370002705306866,0.22999397967304314,0.25794771770494074,-0.21881133931723543,-0.06232829955395123,-0.16931303377885332,0.17416047502021131,0.016084760513307098,0.3240887443323286,-0.376802766549839,0.16802108496244525
0.20422726544073874,0.3731697070117769,0.24357777725475735,0.3237040714818884,0.358307517993029,0.4623822159401908,0.25477724381528305,0.3651919165791988,0.33294888881155627,0.21010326131928142,0.3725157985359603,0.2515834565500811,0.19988911389029684,0.3617697375756014,0.4412965845175803,0.35710526680056603,0.5448799282197496,-0.2920651616785261,0.35172773538334107,1.352731529176604,0.14561153921003875,0.3449904503600686,-0.12146266460207157,0.3390149249654435,0.1978655553896618,0.3471229869325347,0.2528816469992565,0.33983817460871596,0.3148467781849811,0.5863221686442606,0.23717865536113616,0.3034978189346299,0.25085933888247913,0.33935699395692154,0.44050268894304456,0.15784520743898278,0.7361806464727998,0.6311376205111199,0.2511131985939108,0.29951754112328893,0.23314021419923867,0.5244212362884781,0.5244897249346128,0.10526924382288537,0.741492717375376,0.347621190557943,0.45443309705240703,-0.10415811251758089,0.6604345095935901,0.08327334842172686,-0.3564486143765398,0.11286270131017176,0.11669126006922981,-0.08642943149498959,-0.22402210723939622,0.058364537070025715,0.048112292028550434,0.3533923414636105,-0.4177226881219258,0.04011697040874572
0.30215277103645216,0.46887095138100376,0.7163461337758493,0.2570751262084083,0.26481649309337574,0.40061471749488975,0.35686644878678436,0.3683677136023037,0.47210400368520106,0.3247485642978145,0.31483393031376417,0.26978791192497736,0.2036801647996918,0.28993847559659763,0.3551420726708118,0.24328694016888194,0.3338637895722522,0.386954468185513,0.39343187647533073,0.14561153921003875,0.8737362079685369,0.3388985183574559,0.17688865951156865,0.29696788905692256,0.14848884839959706,0.3821434092002543,0.5759347648961667,0.31843467095380457,0.3236139710839036,0.31211845320562215,0.456783684330745,0.3485343309497012,0.3676545369916406,0.3257492339695522,0.20790415752047836,0.5858432459228384,0.2124902150564939,0.11604124000052879,0.5825978807579181,0.2501798416356012,0.4411974222741381,0.298322551385086,0.4178135554246002,0.08543509038629885,0.28883370029277794,0.5476017061939074,0.5560265129734835,-0.18780407263166604,0.7567365109331626,0.01439282346959802,-0.09230172382297187,0.2298766521511572,-0.036704293367376746,-0.06736054298280054,-0.014349601386738006,0.13321496170354158,-0.048071140717437275,0.016454347316081145,-0.07424379315565084,0.30452675187061934
0.2859704213969316,0.3082181749386261,0.5345305081271613,0.3787570023563246,0.5032306631513621,0.4450466653011693,0.49880775919064635,0.2861596186718426,0.7782082573608773,0.25094710937368003,0.3132738827196462,0.34509226867522597,0.22237950111971894,0.5045069701090593,0.3924123376347559,0.8754361276172055,0.40737178959670306,0.1655995645780805,0.5340496882814249,0.3449904503600686,0.3388985183574559,1.0654979400597955,0.09264589306275173,0.33558781794588827,-0.04444798417810335,0.4918821420678152,0.5630663408661435,0.2581971694308553,0.2810595181780194,0.3805150417033171,0.309247455699897,0.5044292380044278,0.23401482614223257,0.39996807503510384,0.2977084364334704,0.3522284808968669,0.26622885302548854,0.16574815500111545,0.2798240953214614,0.1350850982817711,0.29781814270999246,0.5135463971631097,0.5744274618000816,0.05812183340115947,0.1903667424065275,0.36842306810508674,0.42616641194761556,-0.1346077845304008,0.4292623354821887,-0.10218198480549964,0.006694124150415028,-0.14421926244515929,-0.006529039849647131,-0.10640552568347245,-0.14019941713959552,0.33849043610246166,-0.1331564635245419,0.26474133456062576,-0.43891404689503055,0.14080664599075404
0.27843580465361345,0.28320734859475194,0.36972881807718355,0.18759437435965715,0.22956798929097008,0.1358326906149385,0.12665905165892377,0.18103973104707655,0.09850845514822837,0.22212576415833793,0.1310625790486269,0.21328187062592532,0.09103423847979764,0.13968949568105038,-0.07236645588214653,0.06358904839218081,0.008665745589240752,0.551903826234438,0.21244312964814738,-0.12146266460207157,0.17688865951156865,0.09264589306275173,1.14268916592592,0.20187587945427113,0.03803830746763587,0.017171361453548074,0.14975380139291256,-0.20582987775283007,0.31788892085119336,0.28971339755522474,-0.03332680773995899,0.13374572596590145,0.0712918097502151,0.09080424689169582,-0.23338745792643256,0.5344931260403379,-0.19116824663653417,-0.07107008018756386,0.27957065631746936,0.09449905641528662,0.20746736199623955,-0.01879885049175315,0.22342276064556643,0.2718955836323039,0.1543728294845364,0.2944361238227849,0.2139865766550842,-0.1328894537407641,0.12641618951481892,-0.24125220491096339,0.21235025016615158,0.013491692263423997,0.1579025845456274,-0.052084484117989875,-0.07897973423529964,-0.025963024027870037,0.04649714927507023,0.10410109229684518,-0.1254319372233334,0.010408215632662636
0.11198906654443523,0.2784929335925486,0.42001256772980644,0.23741252855942252,0.2641904968694368,0.31194120731684793,0.29679737376364895,0.27295024044444116,0.3624607527068728,0.2810857391732633,0.2735444250726672,0.2553113251803001,0.17964919758805298,0.32646567865695114,0.3032504589209744,0.31732199921833704,0.3272563961166913,0.11404045841071146,0.31027458845661154,0.3390149249654435,0.29696788905692256,0.33558781794588827,0.20187587945427113,0.5181528882149496,0.2277433335611803,0.3270707790720446,0.5403409972144375,0.34337307428318076,0.28360561143781593,0.48718539037800607,0.29755943390604545,0.33514124269726625,0.5324720074331051,0.3127370381040347,0.2524263567152827,0.5072677256414738,0.28363861305478044,0.19239195216039284,0.2750642094603075,0.13500166286978427,0.26429026257915533,0.3603156302151527,0.37691698198011037,0.1377241133700326,0.1366614758848356,0.46368190260214664,0.4258458135685693,-0.1859119179308964,0.5731465080646705,-0.008169859603832338,-0.13060600206680142,0.1001977793251391,0.05166091451756988,-0.09459688242006585,-0.06528577725820105,0.08067703389773731,0.05433798884388305,0.015093621059405007,-0.10118029359341306,0.10853799502905133
0.6340243638704957,0.10887943918970876,0.18020587047228934,0.035645164463385615,-0.08627216256067519,0.1462047737308931,0.15585064307594187,0.05736546336959964,-0.02434157022493723,0.18081962503644328,0.1646517232729066,0.20443396329383268,0.10003682754253121,0.10449928561437631,0.073454877838307,-0.10045195838170425,0.5523707771772014,0.11114275050184944,0.1107675004424519,0.1978655553896618,0.14848884839959706,-0.04444798417810335,0.03803830746763587,0.2277433335611803,3.5289421947078274,-0.043044272463889234,0.10337644776689656,0.35184998654896776,0.27632695166603966,0.37078827463762853,0.368769320137597,0.11659775370054147,0.267458536177398,0.040021489730372596,0.34496519039292484,0.48163225544126564,0.03448267800016001,0.16886185349594174,0.412305405922697,0.18239259546184725,0.03442965942587724,0.08915407520874,0.148551702472337,-0.03588063397428006,0.399884108391312,0.8987039461835076,0.3324147268338448,-0.3306224505315808,0.10951387082548598,-0.3133493871872886,0.5880070196148737,0.06801056595150945,-0.08552923834619883,-0.21545211907334558,0.023749469481270807,-0.07876728336820361,0.2342924397317852,0.050695865185621684,-0.3719103727154072,0.03136699718616527
0.22334872712059853,0.4904508027063165,0.6115856155747068,0.3493889004057543,0.4953895139850556,0.4525940586724664,0.422049804842679,0.4162599088107029,0.6405570101336486,0.33783991236703936,0.36259235622285574,0.3302501168204882,0.18699939885558362,0.5937137949720149,0.5179441424332548,0.3587719122718094,0.4394822796422166,0.27612327836996725,0.4574561364294082,0.3471229869325347,0.3821434092002543,0.4918821420678152,0.017171361453548074,0.3270707790720446,-0.043044272463889234,1.8839413914185754,0.8989540128117048,0.2758402500806836,0.01730760278344299,-0.26321436007336435,0.450674940637799,0.5523450230357022,0.2931477110751894,0.5779152069355409,0.3625900570043432,0.45928523552362277,-0.41091774676287623,0.18363981526350112,-0.7030099800183663,0.1008696132266068,0.6797205537341592,0.5183088701222912,0.5227332551844349,-0.04750748447713896,0.014682658945675296,0.49813970129847956,0.31679695453379003,-0.1746298683632761,-0.08531846872398895,0.1183036312390429,-0.1442009078800485,-0.06063720921166656,0.08274693880533772,-0.0693682518541711,-0.32162249892636957,0.1975016783824623,-0.17942808080745595,0.49751436435661595,-0.3856392856376592,0.09638849916770247
0.435492949124461,0.4636778869098404,1.1490878297773919,0.22680170569114658,0.5406716019183797,0.48758139912939424,0.5007531670805071,0.39940925069557387,0.7808297050252113,0.6014185439121003,0.3938508691363177,0.33097116865951937,0.18701818622914168,0.4771648721785439,0.6441181623917137,0.36150381337239895,0.3627607541890942,0.7259974439780935,0.6341320360625281,0.2528816469992565,0.5759347648961667,0.5630663408661435,0.14975380139291256,0.5403409972144375,0.10337644776689656,0.8989540128117048,4.69443352811711,0.8200821001953035,0.0761945927862219,0.36019779630275134,1.0060828483724744,0.4150556425608752,1.4318774117405664,0.661088887321144,0.2957577913374275,1.9659112495593487,0.6478305092605402,0.17584387038292912,0.012233636329990982,0.04076885469546244,0.8406066471730582,0.587436393735982,1.253116873573726,-0.21372503702311382,-0.60313646224804,1.2957916968550882,0.16389578782159417,-0.5909131142246109,0.6560900699159425,0.19798600014328183,-0.21137078496280495,0.188384889172187,0.12098412471907162,-0.2776444327089185,0.22292777488225118,0.7062097388238889,-0.042132429822752185,-0.33377883923259327,-0.03801754504127884,0.15040518870658418
0.11838579631365691,0.22857331927356095,0.43824954612706557,0.002475984531745135,0.019449224167271024,0.2782742234722052,0.22176400728403714,0.2058872552226406,0.29047573948587063,0.27589396667745947,0.23189080205697,0.13141092114361388,0.14616583289078083,0.08692477092719489,0.3628086128385111,0.2508777226140575,0.35003096297839026,0.11606409063062528,0.2908866642927182,0.33983817460871596,0.31843467095380457,0.2581971694308553,-0.20582987775283007,0.34337307428318076,0.35184998654896776,0.2758402500806836,0.8200821001953035,1.237970141388694,0.08349665198922633,0.5024038354427688,0.49145592566484314,0.20697583737776326,0.6458836301656448,0.2696945431285027,0.8818993649327328,0.6506228072851816,0.3516821113523953,0.21858802272836333,0.21880921882617352,0.21211138718652178,0.4002419429572683,0.3236276769026577,0.3630754649544959,0.15437916487156278,-0.05400278675308829,0.46827540532577444,0.2208935402738645,-0.21768233265373932,0.7091637020302572,0.19327871208813147,0.14203261191015248,0.4423022832405935,-0.8844862136640054,-0.0010443100080839006,0.13746183640538,0.17349296688978386,0.041447330709051156,-0.21496133926272445,0.08951198489221436,0.24829940996231753
0.19290565916841534,0.4222745975089946,0.3508365665827812,0.31883221214051644,0.30844523515077776,0.4651876848817067,0.24221534319304439,0.33726965361573674,0.18259501138165649,0.28988567318894176,0.30067004408747955,0.27149220635001403,0.2106766288118101,0.2869600583294806,0.2605738839607695,0.3454410556874777,0.3492061898237843,0.19363884835147763,0.374748034208599,0.3148467781849811,0.3236139710839036,0.2810595181780194,0.31788892085119336,0.28360561143781593,0.27632695166603966,0.01730760278344299,0.0761945927862219,0.08349665198922633,1.8721026197767805,0.45930083220454127,0.16369694191374187,0.3028433127964172,-0.026222207383861797,0.48015369102593136,0.15138289650545322,0.5585194157733938,-0.021960509726456842,0.13306544242196344,0.4479722284772556,0.26119158313469754,0.49792211720234025,0.14706107513233785,-0.038236374148447085,-0.006235019874236605,0.2749578544268323,0.4486338621511462,0.5522943952258272,-0.2272060646927465,0.6933842166981747,0.33184746893042877,-0.460045460796576,0.21104564940611595,-0.1428775663320015,0.001492837631396097,-0.23519858707338487,-0.1064643439583702,-0.009840436090266165,0.2835810789254192,-0.1932282382008144,0.08141493679543572
0.5946639392412133,0.294431125516001,0.46814702747305786,0.07153266577475552,0.16061509634647714,0.19727953074248064,0.236133689061221,0.1583344215231652,0.26312653213573106,0.26684216189273985,0.23283340386021048,0.20534240041169247,0.17458923279754013,0.28655637667881034,0.2759590849012744,0.5055451500949044,0.24109402239889854,0.06303487306771273,0.2983627971392247,0.5863221686442606,0.31211845320562215,0.3805150417033171,0.28971339755522474,0.48718539037800607,0.37078827463762853,-0.26321436007336435,0.36019779630275134,0.5024038354427688,0.45930083220454127,2.898219294041035,0.23643578817800184,0.25947869288680464,0.06928131653767669,-0.31674219980575996,1.0484493738045817,0.4520046467063842,0.48060314446057745,0.28925629704809624,1.0071729305368229,0.5313873233897947,0.8666812021914736,0.4093880942186693,0.9119256559643713,0.44905708529579613,0.7105635049819098,0.4464588992646129,0.7681440553949496,-0.12823981361075665,1.8567534573034947,-0.3035217186202883,0.09076005361190821,-0.21877379205102293,0.1561232978108104,0.001184603501738342,0.037705678716965174,0.23727147882368282,0.008076773572792028,0.20877886736106427,-0.36340587495416227,0.0291445066542782
0.3756627598413792,0.37110197679446055,0.671908619280157,0.17700840490472575,0.29853335753825244,0.3157008463168441,0.3348378319754845,0.29806741745039017,0.43308519149485974,0.39205422690630204,0.32444911309337665,0.28933060349566364,0.17567279844996886,0.328758299632478,0.3909939803841376,0.20664692133927762,0.3453735786620084,0.5777148507514576,0.3602863339183855,0.23717865536113616,0.456783684330745,0.309247455699897,-0.03332680773995899,0.29755943390604545,0.368769320137597,0.450674940637799,1.0060828483724744,0.49145592566484314,0.16369694191374187,0.23643578817800184,1.086290768297451,0.3444003643170812,0.5847065094671652,0.31827681734341456,0.3444370976439542,0.9335193136961816,0.35976519370221294,0.19373886217086558,0.3234851627726109,0.14320122653204584,0.3800978485231969,0.2884456812555291,0.4669362925092522,-0.052066980511212994,0.2748102088019715,0.8012860639647069,0.4117950453165894,-0.3122540273052976,0.41000356169974705,0.1544325915041956,-0.032399144864118795,0.17320635791765118,-0.021421052231112722,-0.22173759933843862,0.041908176285972674,0.24114527507297148,0.10612236091510507,-0.057007483614311245,-0.3083785228539138,0.1184718760063288
0.3042585537321954,0.17856337424341212,0.39207509503903154,0.3714939501090763,0.38279329188256406,0.4121755065991241,0.3783407704070249,0.33649438005677923,0.4457528315995972,0.2757056155241536,0.3276391609362759,0.3886803513224456,0.21914041034772694,0.5411907659755979,0.30730361037712794,0.5273222558646762,0.3540464847985036,0.18098654276398002,0.4287808363849038,0.3034978189346299,0.3485343309497012,0.5044292380044278,0.13374572596590145,0.33514124269726625,0.11659775370054147,0.5523450230357022,0.4150556425608752,0.20697583737776326,0.3028433127964172,0.25947869288680464,0.3444003643170812,0.6537837400695808,0.14695834020894588,0.2976164096035764,0.21621789758003884,0.41466895948411825,0.053637273978829475,0.16253671355477764,0.20716374576178853,0.1496368742484346,0.3311488949363955,0.38427435923275843,0.34827739283530695,0.031026045957653122,0.21441907103774918,0.42991123378780105,0.4391209934780896,-0.17501239661216542,0.5420900940951602,-0.082468077587542,-0.04851018453993508,0.09658676375967061,-0.04671674650917337,0.012335679380333208,-0.1575453020508855,0.11244348839463396,0.36108826343838357,0.20241405811412536,-0.6393429953168035,0.1933801205511066
0.1121521076793594,0.40628316157922956,0.7331994398248104,0.14728987832516546,0.22852955746806594,0.17165820446716415,0.28370999391322654,0.21535979762623808,0.45693002015411976,0.3324893266610464,0.2214706251729677,0.16782340178609093,0.13191383211334592,0.22782648375934839,0.38303323878635437,0.05092179180418963,0.3173781088420049,0.30263936004530917,0.22939285744435878,0.25085933888247913,0.3676545369916406,0.23401482614223257,0.0712918097502151,0.5324720074331051,0.267458536177398,0.2931477110751894,1.4318774117405664,0.6458836301656448,-0.026222207383861797,0.06928131653767669,0.5847065094671652,0.14695834020894588,1.8084474461358317,0.22210893814465912,-0.2468505648596187,0.7200854710843423,0.6916421113040484,0.19378244489196708,0.20839462842047765,-0.051806846350653246,0.01415683844299001,0.4350208138585589,0.437835546690291,0.08989634838904731,-0.17033772564905256,0.7576465611218911,0.43875600524619873,-0.3045715709339175,0.47562802629269557,0.24588115014240858,-0.18105238597855877,0.25237105329132653,0.05382995642987936,-0.36800434452895364,0.0929218992735623,0.2913133742946121,-0.20252395015218025,-0.2646482471341324,0.2151829432741353,-0.02622490141964612
