0.5303925731433351,0.33801324187014264,0.1942759904494258,0.04289491610671155,0.13990387774433596,0.032382965572929884,0.16442544284528357,0.04630285044449143,0.04614215317254957,0.0697347035819669,0.07604431400547852,0.10404908534449617,0.07392060333420951,0.08311830063490099,0.06211101503961235,0.048931000612512814,0.006487576340115689,0.11051752160156114,0.02778107446845246,0.017025128642842027,0.07797561783195402,0.0691782248659982,0.013019842565323004,-0.05064517971455782,0.05866796928175872,0.10056266008761397,0.0545571218217665,0.011913973210853144,0.07693529285951614,0.024189766209389372,0.049372435596543286,0.0622400634863877,0.06813466333201196,-0.055342453354793264,-0.006950702097647933,0.07770620247124004,0.039324104141722646,0.044990847396633116,0.0007205447981510714,0.002430551186744598,0.044684812855004676,0.059609031900244816,0.04059625133689003,-0.0015792977225743434,0.06537351589778963,0.0967376227520984,0.019936759388791355,-0.08400133251849776,-0.007419775638691721,-0.033195135341988695,-0.008298443587762898,-0.035085367816112434,0.04992046336843733,0.014781482411581857,0.05777773624529391,-0.016294378032956226,0.00975801408042113,0.06602355401786486,-0.12627123167822052
0.33801324187014264,5.079499946491698,0.1807468941436801,-0.11128346009175798,0.4592035207523007,0.0350276550957989,0.2548599843613622,0.1606364768904952,0.22482801564492272,0.15612735555435647,0.11769723990737901,0.17871125149249015,0.2262239081151668,0.18068603959145646,0.27545171018879017,0.1064041340839072,-0.3263196073105003,0.5400049720201755,0.21138703288233412,-0.076501623637951,0.44534130831870233,0.050041218945289,-0.48960722343306273,-0.23319823082182706,-0.00028772852586491775,0.5637343827999193,0.17264842662308785,0.2940114316860893,0.5683481309115886,0.02879651619212406,-0.04415763255652365,0.21272955028720045,0.07783215096067161,0.21271393774555808,0.3368947447431385,0.10899877118731134,0.3793214872334839,0.0007264039879088154,-0.25383102110176653,0.02856403547899452,-0.006351283565657287,0.3355197514917002,0.033151415457460275,-0.054978460532218575,0.17236590812063313,0.11965668006961584,0.056816670032922574,-0.13629088834994701,0.0071267569477589145,-0.35166524085922046,0.3254265519551989,0.16093612094228232,-0.050285142070480814,0.023082817828208382,-1.2497472376398544,-0.038159489118264965,-0.13144739780449405,0.5568765805785835,0.3976931649050006
0.1942759904494258,0.1807468941436801,2.059559553382971,0.17032384180788787,0.1309149899730032,0.4631802565587982,0.23905962402081907,0.36669481475687826,0.296982443033549,0.3565604581356149,0.39600964342914635,0.3676960983738381,0.34401999548930623,0.17784447319546268,0.2794495624013397,0.1941531768276103,0.3264820143611104,0.2690147781618255,0.21527191018935476,0.30716524994790007,0.20420986361882265,0.31599969144922624,0.18540203011034503,0.4500207687363722,0.3415195811152866,0.28427562911923737,0.22981699890179366,0.20044965643066942,0.40830145772539916,-0.22851044690142427,0.31376449731179235,0.2030804080196641,0.18851297647370144,0.42379861531947993,0.1373540989239825,0.5115440926440543,0.33013602624828964,0.21749519996923763,0.2387618253507504,-0.30488822491243456,0.189587603950631,0.18777371558000885,0.020900953342490147,0.013194075415969059,0.08692468542938216,0.5884636378697146,0.209901258747337,-0.2890950502243481,-0.3049004722287398,0.19490989421658436,-0.132729865687561,0.19449428778397732,-0.10258898674498301,-0.19069561906138555,-0.017864895735084558,0.03663174202865495,-0.20946380360179928,-0.37645193188556664,0.32324356452609143
0.04289491610671155,-0.11128346009175798,0.17032384180788787,2.126553862725408,0.3517931611099366,0.27057463847981045,0.45994826027043556,0.3882536952239545,0.16864294009227007,0.3180009559808964,0.30843020418176614,0.3507972988330439,0.3463788452456224,0.4585833069381018,0.205504892141614,0.32908306607208104,0.31745057237750024,0.34284913930021804,0.0630930459576303,0.34968278715296447,0.1771686110248875,0.29508832492265485,0.2748578615179173,0.6292573155762373,0.3405924547629109,0.2917300184988422,0.2533132969018372,0.21356225777697646,0.3010469849700642,0.23442402232661896,0.27481177177206484,0.22009151894848905,0.22883624403225866,0.3406339080479539,0.15521603012786564,0.30503180154675963,0.2654653122320599,0.2038108694744428,0.2861383566107637,0.13346614730158313,0.2236155419078551,0.17305018467653027,0.3860370528345175,0.12175265806397927,-0.04460968004497333,0.3274432038017945,0.2982035601592088,-0.13851442842597653,0.43978133796301444,0.02941445166282552,-0.11875817949568267,0.4046259489845571,-0.11464600437998981,-0.13571375947972072,-0.30132535594666493,-0.04977606413152165,-0.2998531143043958,0.6117392784293182,-0.2260756026795209
0.13990387774433596,0.4592035207523007,0.1309149899730032,0.3517931611099366,1.7668229570637122,0.45066888976240765,0.2877816158064896,0.3927164620832294,0.23859096667293053,0.26797582296014727,0.37391890953564566,0.3733098895089933,0.40454936641421363,0.23802640653931456,0.3440977075875775,0.4163438083765465,0.12411760099060017,0.32669462348706524,0.10008598015391662,0.2988350961893365,0.2175909894067078,0.27141202688140575,0.18705848138567263,0.4322305673962514,0.3638624682216544,0.3966765597302035,0.23319565386216795,0.06820064363946125,0.40816270845876335,-0.22429873672909226,0.22532489881578258,0.2781246428386579,0.03023289005072609,0.5608416298317032,0.12018878668260534,0.22499717934319985,0.18471649510561852,0.12351752410487991,0.17734884526614103,0.14118250711037839,0.09339683799825602,0.2132784581739923,0.08818468735474688,0.02131267075581659,-0.18189010422246177,0.13132022461252227,0.24149190206160073,0.025336453440274874,0.3635223431655456,-0.07533687169553019,-0.07152638924185988,0.13651215724511553,-0.012338651768888518,-0.04897471057580889,-0.17649180165999676,-0.21326055810297137,-0.37190243675550627,-0.1682605528762676,0.7619891517852471
0.032382965572929884,0.0350276550957989,0.4631802565587982,0.27057463847981045,0.45066888976240765,1.118720978958017,0.012009419115140465,0.5240063234057079,0.24972807257001495,0.15168674329080603,0.4320632559874866,0.42430466768548014,0.376770886614934,0.27046365570927655,0.3192705608610284,0.37129871891520816,0.32395993720858157,0.20660698056162155,0.2169412861079937,0.570829263489943,0.24994998814140484,0.29977808378404697,0.13369069086393248,0.6349955268584361,0.38289570563918673,0.3699271797016142,0.32495670623596096,0.17436456194157562,0.36530055981656495,-0.07876398746627833,0.26725616224627,0.3239400263604788,0.2393937671038958,0.4046900951877635,-0.022689173240484292,0.11623084231702856,0.3686270317717954,0.30945061007580554,0.2970538863287322,0.15242032202053374,0.1774248297234587,0.21293570485033272,0.3647856921495121,0.03303002235122324,0.11419859099149686,0.2687878763150075,0.5269204475226376,-0.04808611587939713,0.5915309260637545,0.11955690389212428,-0.08511869698966798,0.23126411941252986,-0.2283457112025597,-0.12791178444557535,-0.10448133344171774,-0.09221725602624938,-0.2423155978927981,0.3671809272961194,-0.06270825073811327
0.16442544284528357,0.2548599843613622,0.23905962402081907,0.45994826027043556,0.2877816158064896,0.012009419115140465,0.8615134662360205,0.1345549036045028,0.14462771637897692,0.1954685342471661,0.2879461790831012,0.38937006985506545,0.2741929340434521,0.17953537005289164,0.11001994548829609,0.21863900512113635,0.22248846321946303,0.2737557812079312,0.035892059473120096,0.11952345812009242,0.19695729251390148,0.30124218264739694,0.25560113352230646,0.3456813627619038,0.25857128119333417,0.18270291863838842,0.19453956219986787,0.08691167992030105,0.25038548172266545,0.1515840053292303,0.22370569008881516,0.19098128984570112,0.13659210595096427,0.2561882311315199,0.07878086022993873,0.38941200475977916,0.08879445997531873,0.09286846035872752,0.19750609352602058,0.058828643641916055,0.14353998675244067,0.18404398534568334,0.1658292465452066,0.04279928665205752,-0.047788958273557176,0.2720832247562179,0.01668632295358341,-0.12819574543212714,0.12193563894068052,-0.056660180219871244,-0.03625123017724152,0.16181777261518485,0.03921692235905656,-0.09449373418289983,-0.09574800996235631,0.02135581034896922,-0.1384708014899456,0.14797080774141108,-0.13609450419743016
0.04630285044449143,0.1606364768904952,0.36669481475687826,0.3882536952239545,0.3927164620832294,0.5240063234057079,0.1345549036045028,0.7666289094275802,0.1760438765231363,0.35251045898527195,0.3463570955693856,0.20910341954081402,0.3894491076219383,0.27760377109246837,0.2160771982334242,0.30087577591043113,0.3401688581477901,0.22617603152322496,0.19666483544812552,0.41093820202324355,0.1573617838423171,0.29427465364924266,0.13494934890700808,0.4489123905042395,0.3337067310433913,0.3056669568655198,0.27048312871403074,0.16946149315056117,0.3542101704789864,0.0779677541828639,0.22622078510219154,0.24087616697190975,0.1827050948077147,0.4132872007247511,0.12116352142289487,0.16100258893583985,0.3445291205664963,0.22276645195377598,0.32126130724117885,0.09225024582275129,0.17125248723891623,0.1497195206694668,0.32214391647824475,0.052422876303712236,0.013709008812844026,0.308331219776126,0.45962862829478235,-0.07924172996970687,0.5150034494070965,0.1300583089491309,-0.10133090123853039,0.2671537196110963,-0.12390941730261545,-0.17068547282539157,-0.17511225363727514,-0.09381462869307068,-0.12858164238182368,0.34889309515438577,-0.09321572221173474
0.04614215317254957,0.22482801564492272,0.296982443033549,0.16864294009227007,0.23859096667293053,0.24972807257001495,0.14462771637897692,0.1760438765231363,0.6502234060614694,0.15201476900557892,0.17377845429713756,0.16237201696734488,0.19905084243444532,0.19415797217854866,0.1680595233531866,0.19530063785893773,0.1362675057622463,0.1408677806574286,0.010210168030270191,0.21743456155222335,0.1347588730317242,0.16602306394793034,0.14447405763460894,0.2928783447616561,0.17455001753200566,0.23309975456616797,0.1534186136699683,0.09938241564017695,0.17859904200923027,0.03304283967814945,0.1552503463127922,0.1432569862058384,0.10536677270098298,0.22279258969537735,0.11029973976960968,0.18761020449069876,0.1720269903359421,0.12962603895898603,0.16136312943088663,0.041903894740619424,0.0991874307723505,0.12257490869129424,0.16752773621595565,0.031398335656859906,0.009123156097285976,0.17903724023067447,0.186617907929063,-0.06016263393872233,0.26231061917357645,-0.044448306975362305,-0.05979913409976839,0.11040205833556994,0.037630253251979266,-0.09242313796197094,-0.03859853740534634,0.1051391788049277,-0.1147618447615665,-0.007826853356429762,-0.013968825424076896
0.0697347035819669,0.15612735555435647,0.3565604581356149,0.3180009559808964,0.26797582296014727,0.15168674329080603,0.1954685342471661,0.35251045898527195,0.15201476900557892,0.8252481349817157,0.24178645465954407,0.23280950850740395,0.26523738389153817,0.1542946099761238,0.17385407783918932,0.1878252310173849,0.2425786200080405,0.20288855814771542,0.10886854202614465,0.1507134377927517,0.07872605243026093,0.21769989884921503,0.1699927680765666,0.23426700230095246,0.24882728924032915,0.16249236970449016,0.17754310681880592,0.09520121569881827,0.30398784119574135,0.05933894213688953,0.18183960759070558,0.1359750376491796,0.055938897483916145,0.3720417907605069,0.18958072444800872,0.2565244739253225,0.19717021813043636,0.07913884621860816,0.22166374148471996,0.00943949540195741,0.12684988011131504,0.08933977228437427,0.0841313862404479,0.051537829481025116,-0.07067132846143062,0.23963281420262664,0.2258907179133546,-0.13997156840862898,0.17738623692183245,0.026224072945627872,-0.05458622349479132,-0.008799081038009427,0.0343013311552355,-0.034684833373538594,-0.019227855224175937,0.03000206984868531,-0.09423997138347898,-0.32517948666185226,0.35447052409789953
0.07604431400547852,0.11769723990737901,0.39600964342914635,0.30843020418176614,0.37391890953564566,0.4320632559874866,0.2879461790831012,0.3463570955693856,0.17377845429713756,0.24178645465954407,0.6623511229982808,0.3998368979551036,0.33754683512481953,0.1583640600838852,0.3042992355363281,0.3028212681599472,0.3114737069295115,0.22496852516920873,0.057161822176681004,0.3897936139768834,0.19527085035088848,0.23316457368672677,0.18904898831784306,0.46194285920770906,0.3581206847582771,0.31825615883105357,0.2778412311605737,0.10976837761068185,0.339551947008212,0.012605726083664582,0.24766169552273462,0.22647695726904948,0.07878969804167021,0.3877020300269189,0.19355416539330883,0.26005343782746004,0.20646505619608807,0.19863719903989652,0.2572162580457599,0.1064664572124675,0.12878231800170978,0.1838442919714748,0.23322796952986552,0.034568177363797886,0.0704802340138727,0.2457738178175519,0.2723817833337208,-0.10340070805044006,0.21547822006891917,-0.056967311224945937,-0.0956899522086538,0.06189827624318801,0.07586762214511245,-0.05150380042593243,-0.0768736224883291,0.002623301815396581,-0.21699466337914125,0.008581589797991018,0.1252498865062215
0.10404908534449617,0.17871125149249015,0.3676960983738381,0.3507972988330439,0.3733098895089933,0.42430466768548014,0.38937006985506545,0.20910341954081402,0.16237201696734488,0.23280950850740395,0.3998368979551036,0.7039134905663991,0.3181594900711141,0.20931621147640472,0.21403616857613797,0.26157978423699635,0.23960935427500232,0.2576427226714483,0.08848943208992685,0.2880718987514748,0.1853061361033506,0.2680763569204595,0.2065419925442282,0.402316154311009,0.3571489087953349,0.29823577857128164,0.2935553938810775,0.07563418555971851,0.31491718241207683,-0.038840007851802076,0.2591507760144405,0.2733402460983696,0.1362571454624946,0.32984227664255567,0.016208237341077375,0.315888622784279,0.12215477890780718,0.16134965493614628,0.21846249788048688,0.09982761324840025,0.08165529199884454,0.16610233919071635,0.18877580016498743,0.03398875251243793,0.016488523397349932,0.22285210642702827,0.18576663758028417,-0.08382332921829284,0.27182828968732076,-0.03409452637208579,-0.015472803961944075,0.047457831384211877,-0.029509471821960606,-0.05883058375088403,-0.08956170308822702,0.03709411965974297,-0.19334667142602982,0.004728368409360145,0.08081482260282877
0.07392060333420951,0.2262239081151668,0.34401999548930623,0.3463788452456224,0.40454936641421363,0.376770886614934,0.2741929340434521,0.3894491076219383,0.19905084243444532,0.26523738389153817,0.33754683512481953,0.3181594900711141,0.5946927597053785,0.2336863924202958,0.1776202291039935,0.314457984388544,0.2631453273380835,0.24392888870416124,0.19549284131864372,0.2868828053142888,0.13129419299765238,0.44437792498101536,0.1803354481012518,0.39116423037233183,0.3144881262270827,0.2180240837653197,0.28086993384293496,0.15906736801533916,0.41656676501095596,0.022939092243611056,0.2423190780316584,0.24662704253327764,0.15490800121762696,0.3965957414027614,0.14165695595416858,0.3089171113228693,0.24759075065846414,0.15842065222392732,0.2984276636128537,0.06788658280366328,0.1336494293853962,0.1332751487273206,0.15446349284419966,0.04270433051714991,-0.07346365604232491,0.25199045963464717,0.22731756018317392,-0.03860740965930587,0.29115148075063013,0.1141355525211955,-0.06389575924109653,0.11345196947739897,-0.0939917093793759,-0.15064447988975663,-0.11020213662528766,-0.015177282179688428,-0.2655297289416006,-0.25163055788524324,0.49068992157475133
0.08311830063490099,0.18068603959145646,0.17784447319546268,0.4585833069381018,0.23802640653931456,0.27046365570927655,0.17953537005289164,0.27760377109246837,0.19415797217854866,0.1542946099761238,0.1583640600838852,0.20931621147640472,0.2336863924202958,0.775219685118884,0.17212226428920555,0.23324354894056598,0.24854033962223324,0.1079326108050604,0.07472161968975596,0.33324378496221757,0.18417214837148976,0.20547950287992547,0.08948400931347701,0.3154644693611689,0.1905245465408417,0.33651110445335203,0.1777797964262701,0.15414204735616768,0.23933111677819993,0.10563192228103166,0.20033507092333833,0.16128071577089423,0.19589957867363517,0.21718717809671417,0.12993327927493503,0.1721684796578875,0.3065620594767259,0.19639856808117045,0.13171979820798052,0.12420760026467914,0.22836992719060445,0.16583345869139993,0.2775103082686614,0.04555777569534883,0.02231997432002968,0.18307697281610846,0.3200209785836226,-0.12029327006458174,0.6002826767681124,-0.06783421840174317,-0.10341192777233056,0.09721209890869466,0.02593397265153304,0.015533192564158922,-0.20502678324127468,-0.01311271864946215,-0.24390444636554334,0.3433652754350076,0.03428900674163898
0.06211101503961235,0.27545171018879017,0.2794495624013397,0.205504892141614,0.3440977075875775,0.3192705608610284,0.11001994548829609,0.2160771982334242,0.1680595233531866,0.17385407783918932,0.3042992355363281,0.21403616857613797,0.1776202291039935,0.17212226428920555,0.6614013413206061,0.13585251202443735,0.32188854434206154,0.14576934467763034,0.1086405257871948,0.32589307889596414,0.23494415218660344,-0.007721807958009638,0.15718940745323096,0.38512242673366226,0.2776319896553044,0.27150242381367606,0.18643668942792277,0.19888859271092954,0.25900718171747794,0.11980977088948276,0.21578230434788223,0.12137599932718905,0.12141661102744553,0.272499660476933,0.20399326883038987,0.2279446162264772,0.33276828366470934,0.17986856090988132,0.1978369613531615,0.09005518001753493,0.2360467626818417,0.21888550855254024,0.23927117654443972,0.03334833965243081,0.0814706846506196,0.2281026137810439,0.26607274383111285,-0.14051169729676785,0.29283704376480973,0.13516462366869686,-0.16462654032791746,0.20821717575393933,-0.10605270801757538,0.008837354626641925,-0.09177487261969453,0.05538503783274898,-0.21415693270452313,0.1205572901292796,0.03108149433795217
0.048931000612512814,0.1064041340839072,0.1941531768276103,0.32908306607208104,0.4163438083765465,0.37129871891520816,0.21863900512113635,0.30087577591043113,0.19530063785893773,0.1878252310173849,0.3028212681599472,0.26157978423699635,0.314457984388544,0.23324354894056598,0.13585251202443735,1.158613007385439,0.08027013407651885,0.33340025260477696,0.06844207145542995,0.30170551793542644,0.12106772329325757,0.2644682549710834,0.1548798749631382,0.5204843934769599,0.31500362486563427,0.14750131086444876,0.34186793380303127,0.19449776296805732,0.45937997767578914,0.13000849782465862,0.2000748056105183,0.24636227545159686,0.08960557224411275,0.3058321909192749,0.29111753976843435,0.2402529635828351,0.20138868217522884,0.1821799157969251,0.21483208489540404,0.21030343864472906,0.10724387055375893,0.11646327744786734,0.3933523648510348,0.031919072088105356,0.06656698226446814,0.16671799893596115,0.2528181623969555,-0.09963928434684731,0.3662205295173433,-0.22556313536651063,-0.1051455004803451,0.10555734447205814,0.013239398169807168,-0.006984040696381592,-0.019143733846009037,-0.05134710234574524,-0.3549544088767342,0.057381640550882025,0.292853875439153
0.006487576340115689,-0.3263196073105003,0.3264820143611104,0.31745057237750024,0.12411760099060017,0.32395993720858157,0.22248846321946303,0.3401688581477901,0.1362675057622463,0.2425786200080405,0.3114737069295115,0.23960935427500232,0.2631453273380835,0.24854033962223324,0.32188854434206154,0.08027013407651885,1.4694173176279757,-0.07555018360223217,0.19852870828159166,0.5078070944241273,0.30445841980609756,0.211179549440945,0.22543977226951428,0.25048927676562,0.2778711804403478,0.129777358984496,0.2565198462850726,0.2603521256309189,0.25327880898200417,0.07379505816578286,0.3417187108899932,0.17120870310214362,0.26508893504006475,0.44972033331241595,0.15776869998860416,0.2418423925315494,0.6156186479934522,0.2637782662692374,0.5075637706245923,0.14599125416767916,0.35210699764807535,0.27566683741116893,0.3178203224198493,0.0507853496295751,0.08646928695368843,0.3867232816162663,0.5347873311188821,-0.08276745400859316,0.49876863748541944,0.4485247619317278,-0.12661293030633847,0.5161804891244672,-0.21345362165529727,-0.2361724713544144,0.06297278878743712,-0.009595357138090845,-0.1467043946522475,-0.01643154458127169,0.060857264295972206
0.11051752160156114,0.5400049720201755,0.2690147781618255,0.34284913930021804,0.32669462348706524,0.20660698056162155,0.2737557812079312,0.22617603152322496,0.1408677806574286,0.20288855814771542,0.22496852516920873,0.2576427226714483,0.24392888870416124,0.1079326108050604,0.14576934467763034,0.33340025260477696,-0.07555018360223217,1.407400972023725,0.07719645131243832,-0.01461669400763509,0.10212934117644272,0.27662985339708746,0.3544293923437001,0.48886001996738354,0.2575738361748561,0.3240509740625462,0.12231975504962932,0.2219893874159727,0.3607528900475757,0.1818575450595699,0.1756524356214638,0.18071919560820282,0.3272207135665394,0.15846354053261968,0.10061581187198075,0.34078305143710336,0.22392716247535321,0.0837938733906796,0.08720229961149903,0.11493261134831552,0.007409582713688193,0.06721229958633075,0.4822725181965168,0.0507478776544228,0.19625150100183944,0.3375071156720987,0.19093717651395295,-0.1993185882372703,0.14012847545567475,-0.2145723567498603,0.20381392600948234,0.1694726537713336,-0.02050157681096471,-0.06624744077006532,-0.21882099555245946,-0.09311908747011284,-0.22808007389160592,0.701129447402714,-0.42796360213669904
0.02778107446845246,0.21138703288233412,0.21527191018935476,0.0630930459576303,0.10008598015391662,0.2169412861079937,0.035892059473120096,0.19666483544812552,0.010210168030270191,0.10886854202614465,0.057161822176681004,0.08848943208992685,0.19549284131864372,0.07472161968975596,0.1086405257871948,0.06844207145542995,0.19852870828159166,0.07719645131243832,0.9135524605824868,-0.012347274910225609,0.204480757131263,0.1986002394801208,-0.13388290167536457,0.1404465207606515,0.06489300166337102,-0.011531866256332924,0.08214411904145405,0.22427886173708278,0.0590605928246622,0.09832455571821941,0.15624078879252393,0.11409981658900521,0.32015200592766774,0.07885087597537548,-0.023467167876158653,0.2129859041670186,0.3400638881384967,0.05211790970480021,0.280568203588777,-0.021728890190120972,0.21758901047943743,0.17732543221729788,0.024618751939134778,-0.002657392232213134,-0.07875926872553642,0.19315964132244995,0.03203601343001315,0.09534329852621476,0.11360756782643393,0.5168875717139864,-0.02938740485860666,0.13552875755727764,-0.2804263095614099,-0.21745709221731568,-0.13152388839383314,-0.03345240833366637,-0.04266178870736769,0.013925877599947754,0.14650563204595451
0.017025128642842027,-0.076501623637951,0.30716524994790007,0.34968278715296447,0.2988350961893365,0.570829263489943,0.11952345812009242,0.41093820202324355,0.21743456155222335,0.1507134377927517,0.3897936139768834,0.2880718987514748,0.2868828053142888,0.33324378496221757,0.32589307889596414,0.30170551793542644,0.5078070944241273,-0.01461669400763509,-0.012347274910225609,1.2289677281098306,0.0488667622955255,0.037629517121792445,0.0639195395456428,0.660084015047605,0.324742378156482,0.34459536673191443,0.3986915310395273,0.2223369816724616,0.3392992889942304,0.2056141605858949,0.28066081685032934,0.24022256848825896,0.27460931482689965,0.31955539481567036,0.19700590482066024,0.08048177353443586,0.6953758595110461,0.5319557250165405,0.3636917595011161,0.22024774104959505,0.08544340722861568,0.08257657191200717,0.6577331356221107,0.06866737103081867,0.5423451264954327,0.07458502826692322,0.4209868877445085,0.16869311102836,0.6743897211339505,0.04999376266662841,-0.20014182381310677,0.16642955565831236,0.06327745075806761,-0.10616873155207253,0.03268073897257396,-0.04786349290806415,-0.2548524684762992,0.3915710693771986,-0.1416132802739503
0.07797561783195402,0.44534130831870233,0.20420986361882265,0.1771686110248875,0.2175909894067078,0.24994998814140484,0.19695729251390148,0.1573617838423171,0.1347588730317242,0.07872605243026093,0.19527085035088848,0.1853061361033506,0.13129419299765238,0.18417214837148976,0.23494415218660344,0.12106772329325757,0.30445841980609756,0.10212934117644272,0.204480757131263,0.0488667622955255,0.7281701971155441,0.21307206236898626,0.04126439453280579,0.07021912116980925,0.14892397007175193,0.31544558835171543,0.12137472831677448,0.2347522454858737,0.12082496033563442,0.13390360270590485,0.18608030497005537,0.19243769456489837,0.060012918268301005,0.3164111613912709,0.3135651983466677,0.22361510792345923,0.22473868113835246,0.11083224871435499,0.17695853361868663,0.14076611578837528,0.3957561270603495,0.5738751753885235,0.16768549149342674,0.00554657261057327,0.11854774317802658,0.2997983057813165,0.333061317136756,-0.17114069778781427,0.19217673784711392,0.08383003986427888,-0.064061887026339,0.21109533327156413,-0.14046071969648796,-0.06020808220127922,-0.16961513795877073,-0.02498692337799661,-0.09318288295436634,0.23187456314650667,-0.07995792427092882
0.0691782248659982,0.050041218945289,0.31599969144922624,0.29508832492265485,0.27141202688140575,0.29977808378404697,0.30124218264739694,0.29427465364924266,0.16602306394793034,0.21769989884921503,0.23316457368672677,0.2680763569204595,0.44437792498101536,0.20547950287992547,-0.007721807958009638,0.2644682549710834,0.211179549440945,0.27662985339708746,0.1986002394801208,0.037629517121792445,0.21307206236898626,1.0541668286171604,0.47222929318085444,0.21104976004687484,0.2783766416161251,0.10870107910667955,0.20215703283767486,0.09286496486041938,0.3847435305485482,0.015388746668706899,0.249856838196613,0.2948317680213928,0.1895303143070454,0.43662987880126,0.035528052384294836,0.36125784288748547,0.15424690340178168,0.07835895172700838,0.36182524446276776,0.04497623456647113,0.17631853267790576,0.1968926015567142,0.04284517856765814,0.07321863764300325,-0.2531283481851024,0.318970289056233,0.2402083090749986,-0.03428868272482121,0.31004868639640853,0.13077617238239145,-0.041142911501731085,0.09009686811980586,-0.10969512119193618,-0.2078053371667374,-0.08711459707652179,-0.024047430062205315,-0.18024427962494594,-0.3260268667642405,0.4473896125314715
0.013019842565323004,-0.48960722343306273,0.18540203011034503,0.2748578615179173,0.18705848138567263,0.13369069086393248,0.25560113352230646,0.13494934890700808,0.14447405763460894,0.1699927680765666,0.18904898831784306,0.2065419925442282,0.1803354481012518,0.08948400931347701,0.15718940745323096,0.1548798749631382,0.22543977226951428,0.3544293923437001,-0.13388290167536457,0.0639195395456428,0.04126439453280579,0.47222929318085444,1.2987909581915784,0.40913196337557295,0.37592203629418264,-0.08035751842225705,0.11685329025039368,0.000619506533175974,0.3204615517299612,0.24402300092592377,0.3259603765570161,0.11191704226035465,0.2924458062252905,0.32568891632423524,-0.11525651824762523,0.5557089203971235,0.220601574661321,0.08645608033255993,0.4684327960895312,0.11900539806222821,0.24920002806144173,0.08089076000683204,0.20740869063029863,0.1600559548955913,-0.22557688552159222,0.36910856870807124,0.23312577158535044,-0.0635722313252206,0.4491336452473589,0.175698280382147,-0.10947223237276368,0.13975620188309676,-0.025868153255763138,-0.133383043625182,0.09274425777547979,0.022268963209125248,-0.12956408161919603,-0.18122574963237403,0.10919235598933115
-0.05064517971455782,-0.23319823082182706,0.4500207687363722,0.6292573155762373,0.4322305673962514,0.6349955268584361,0.3456813627619038,0.4489123905042395,0.2928783447616561,0.23426700230095246,0.46194285920770906,0.402316154311009,0.39116423037233183,0.3154644693611689,0.38512242673366226,0.5204843934769599,0.25048927676562,0.48886001996738354,0.1404465207606515,0.660084015047605,0.07021912116980925,0.21104976004687484,0.40913196337557295,2.141965974166456,0.5855779708300063,0.18607636023943835,0.3434571687307315,0.35883828135625545,0.29046361630814316,0.5132231546458997,0.42848159884526477,0.2775734493760237,0.5176998131670303,-0.0022444451994769244,0.1349938589853735,0.49756667417182976,0.3664187961219654,0.3889135165317526,0.300395836350979,0.16040147074424127,0.4690418482155221,0.11178929433589717,0.43792008472744287,0.08692391025637144,-0.0051639667535542,0.6082073727403152,0.3390821200318515,-0.4185952978059733,0.7124935493277479,-0.038494048463285586,-0.06753139250404552,0.31669773723281053,-0.09169646976397013,-0.14666799315407916,-0.09467735854604253,-0.07654389683885274,-0.25065750388313973,0.6717467385745921,-0.42801401748233947
0.05866796928175872,-0.00028772852586491775,0.3415195811152866,0.3405924547629109,0.3638624682216544,0.38289570563918673,0.25857128119333417,0.3337067310433913,0.17455001753200566,0.24882728924032915,0.3581206847582771,0.3571489087953349,0.3144881262270827,0.1905245465408417,0.2776319896553044,0.31500362486563427,0.2778711804403478,0.2575738361748561,0.06489300166337102,0.324742378156482,0.14892397007175193,0.2783766416161251,0.37592203629418264,0.5855779708300063,0.9297741087140793,0.2273617981111511,0.26774716967754625,0.11880000644580882,0.4670710873005344,0.13513202981149028,0.32863690653367017,0.22982359347967046,0.11773279748422251,0.4223315625354792,0.1700734371487305,0.39284876769216454,0.14891378580960052,0.19676778340382592,0.28161439611941996,0.09190528798521388,0.2078742812066568,0.14898476832686888,0.2704541747195762,0.06479473529761814,-0.07573667820702203,0.423201774893628,0.295076240921649,-0.27977104005630393,0.19840308920799837,-0.07546309443586835,-0.11502283040840745,0.1149092065570789,0.007482618568987552,-0.06579751829663998,-0.04959853140425566,-0.01605124697997197,-0.1883395410184464,0.042825937029333315,0.08309801403714116
0.10056266008761397,0.5637343827999193,0.28427562911923737,0.2917300184988422,0.3966765597302035,0.3699271797016142,0.18270291863838842,0.3056669568655198,0.23309975456616797,0.16249236970449016,0.31825615883105357,0.29823577857128164,0.2180240837653197,0.33651110445335203,0.27150242381367606,0.14750131086444876,0.129777358984496,0.3240509740625462,-0.011531866256332924,0.34459536673191443,0.31544558835171543,0.10870107910667955,-0.08035751842225705,0.18607636023943835,0.2273617981111511,1.5956143117713497,0.2292916335851308,0.15081817244270576,0.08307070590412155,-0.37649688652497304,0.08074675189168104,0.35675787295063893,-0.03880977642417933,0.3569624588830565,0.24507397604340753,0.085053794346095,-0.11372718576679113,0.19495399693521542,-0.17583336798142254,0.1605291245957931,-0.10063243075026695,0.2513235606751294,0.3680908086272232,0.030920796709989113,0.1145968653297402,-0.09600802095397744,0.18264954073036532,0.20549460374230014,0.4489160401773423,-0.11341551579620632,-0.29805001062526076,0.17225169755218991,-0.062082319964910974,0.0030238727752254753,-0.18350691828459637,-0.02659050786409025,-0.2404381611140726,0.32376879962958416,-0.0052508040260324206
0.0545571218217665,0.17264842662308785,0.22981699890179366,0.2533132969018372,0.23319565386216795,0.32495670623596096,0.19453956219986787,0.27048312871403074,0.1534186136699683,0.17754310681880592,0.2778412311605737,0.2935553938810775,0.28086993384293496,0.1777797964262701,0.18643668942792277,0.34186793380303127,0.2565198462850726,0.12231975504962932,0.08214411904145405,0.3986915310395273,0.12137472831677448,0.20215703283767486,0.11685329025039368,0.3434571687307315,0.26774716967754625,0.2292916335851308,0.5720589420837938,0.17960622146035315,0.30713504319674206,0.08145151692644183,0.22821391778957076,0.30924624592252986,0.17256195040398878,0.27572373583725535,0.14360230476942298,0.24385300329183146,0.23315159985328243,0.21301431897731368,0.23476675453545232,0.1347353445967021,0.06005331102380484,0.12619815084034158,0.3006704470282301,0.03921197615846876,0.11832160023203242,0.1657898890300948,0.23876537096386063,-0.02137253271939334,0.40237479288045075,0.024353081340228535,-0.1039555680954306,0.15309410644586482,-0.05684665223602752,-0.07130671474231531,-0.05549169788936273,-0.01588584633055358,-0.07651187431093388,0.0590431070038042,0.01790132166195588
0.011913973210853144,0.2940114316860893,0.20044965643066942,0.21356225777697646,0.06820064363946125,0.17436456194157562,0.08691167992030105,0.16946149315056117,0.09938241564017695,0.09520121569881827,0.10976837761068185,0.07563418555971851,0.15906736801533916,0.15414204735616768,0.19888859271092954,0.19449776296805732,0.2603521256309189,0.2219893874159727,0.22427886173708278,0.2223369816724616,0.2347522454858737,0.09286496486041938,0.000619506533175974,0.35883828135625545,0.11880000644580882,0.15081817244270576,0.17960622146035315,1.145539250341803,0.12653720810163427,0.3202471787584646,0.25103122860842364,0.18036235156321076,0.5052625269945862,0.13764305736693808,0.6541012588332864,0.3590686015714302,0.49725934874430794,0.1521255676511752,0.2829002537473359,0.12121961847212423,0.20693596448789908,0.2506729605453616,0.2809994546641008,0.09731606088558122,-0.006870326933887927,0.39712044825214926,0.1965026550813483,-0.18018733493642913,0.2833124371580412,0.35654735093458423,-0.039674306742727705,0.952204673189143,-1.0444860843891777,-0.15239295096965996,-0.13741635946892505,-0.01943260858464278,-0.03469903716972094,0.1455059381742858,-0.02400625355337042
0.07693529285951614,0.5683481309115886,0.40830145772539916,0.3010469849700642,0.40816270845876335,0.36530055981656495,0.25038548172266545,0.3542101704789864,0.17859904200923027,0.30398784119574135,0.339551947008212,0.31491718241207683,0.41656676501095596,0.23933111677819993,0.25900718171747794,0.45937997767578914,0.25327880898200417,0.3607528900475757,0.0590605928246622,0.3392992889942304,0.12082496033563442,0.3847435305485482,0.3204615517299612,0.29046361630814316,0.4670710873005344,0.08307070590412155,0.30713504319674206,0.12653720810163427,2.3914555032445253,0.13670749589430137,0.16245593093754845,0.3463118962492593,0.05993136662778035,0.6971716083116993,0.20906057493373786,0.5540520963284504,-0.20986946023438047,0.019617450882646124,0.5354180664009175,0.05157811090749188,-0.0532482987084949,0.06902730446363153,0.12914652255774922,-0.03452309676649407,-0.325794856682321,0.43641210557892246,0.41899145124286924,-0.359778720291278,0.758457005397117,0.33630467936040903,-0.5148838651914126,0.04219513971851237,-0.15295284759028843,-0.036452088229314616,-0.22234872217868837,-0.054663022707826914,-0.2578925824007833,-0.39253171142692456,0.7134227272147208
0.024189766209389372,0.02879651619212406,-0.22851044690142427,0.23442402232661896,-0.22429873672909226,-0.07876398746627833,0.1515840053292303,0.0779677541828639,0.03304283967814945,0.05933894213688953,0.012605726083664582,-0.038840007851802076,0.022939092243611056,0.10563192228103166,0.11980977088948276,0.13000849782465862,0.07379505816578286,0.1818575450595699,0.09832455571821941,0.2056141605858949,0.13390360270590485,0.015388746668706899,0.24402300092592377,0.5132231546458997,0.13513202981149028,-0.37649688652497304,0.08145151692644183,0.3202471787584646,0.13670749589430137,2.1460245853209465,0.23723453478249798,0.038104937509504416,0.49032978665451205,-0.22005309572546686,0.4269427362539831,0.41935384310995866,0.5557249274419602,0.24759953437334137,0.45698183305817774,0.10443197056021838,0.7063874388277757,0.20297559579182042,0.8943096405689684,0.198338694005882,0.19307713421399086,0.8323427890173996,0.45117887668934115,-0.7766784479373352,0.5974170111203186,0.0027822535406179724,-0.20734892793365833,0.09251710306272544,0.20358636774936803,-0.02335462794418212,0.04509936939760648,-0.1511676573114135,0.026389453724983837,1.39193842004382,-1.259086595315275
0.049372435596543286,-0.04415763255652365,0.31376449731179235,0.27481177177206484,0.22532489881578258,0.26725616224627,0.22370569008881516,0.22622078510219154,0.1552503463127922,0.18183960759070558,0.24766169552273462,0.2591507760144405,0.2423190780316584,0.20033507092333833,0.21578230434788223,0.2000748056105183,0.3417187108899932,0.1756524356214638,0.15624078879252393,0.28066081685032934,0.18608030497005537,0.249856838196613,0.3259603765570161,0.42848159884526477,0.32863690653367017,0.08074675189168104,0.22821391778957076,0.25103122860842364,0.16245593093754845,0.23723453478249798,0.816854606760646,0.16299003660362824,0.28874565511653866,0.27353812376180753,0.13945631298618297,0.7151540038136459,0.37648945699841485,0.2743440842019063,0.420568330517595,0.0969133261483824,0.4426912028310162,0.19512119759607835,0.1362405947676505,0.03847074096956825,-0.05275054422326283,0.5411779749318472,0.19449379037976186,-0.3003702533579522,0.17014287037421869,0.18640558483616543,-0.09424298015723852,0.2712970646836451,-0.12491595335025389,-0.1340923694041947,-0.05790202857979989,0.0024650957268730154,-0.07130420149184348,-0.15376038884189627,0.15453426100784545
0.0622400634863877,0.21272955028720045,0.2030804080196641,0.22009151894848905,0.2781246428386579,0.3239400263604788,0.19098128984570112,0.24087616697190975,0.1432569862058384,0.1359750376491796,0.22647695726904948,0.2733402460983696,0.24662704253327764,0.16128071577089423,0.12137599932718905,0.24636227545159686,0.17120870310214362,0.18071919560820282,0.11409981658900521,0.24022256848825896,0.19243769456489837,0.2948317680213928,0.11191704226035465,0.2775734493760237,0.22982359347967046,0.35675787295063893,0.30924624592252986,0.18036235156321076,0.3463118962492593,0.038104937509504416,0.16299003660362824,0.9580894526042761,0.3204103160686793,0.3055335082530625,-0.034697388377091666,0.2860492506079837,-0.006794362546810114,0.20613853184451336,0.18652426539868328,0.10076762882427352,0.007661761474020237,0.16820610668293284,0.09975405381845368,0.05606272450940799,-0.15914512121984367,0.35164686166979037,0.31486917548890975,-0.16740418247676134,0.5694343632588273,0.08422111920673259,-0.06781878396460578,0.2811478038579577,-0.15709150241613318,-0.11809705343132063,-0.14598252119295113,0.014620941690287303,0.49182239231147473,-0.04950386675023789,-0.3682292713501773
0.06813466333201196,0.07783215096067161,0.18851297647370144,0.22883624403225866,0.03023289005072609,0.2393937671038958,0.13659210595096427,0.1827050948077147,0.10536677270098298,0.055938897483916145,0.07878969804167021,0.1362571454624946,0.15490800121762696,0.19589957867363517,0.12141661102744553,0.08960557224411275,0.26508893504006475,0.3272207135665394,0.32015200592766774,0.27460931482689965,0.060012918268301005,0.1895303143070454,0.2924458062252905,0.5176998131670303,0.11773279748422251,-0.03880977642417933,0.17256195040398878,0.5052625269945862,0.05993136662778035,0.49032978665451205,0.28874565511653866,0.3204103160686793,1.9997755837434834,-0.27322857927669303,-0.7950479670990557,0.33630279223073367,0.8461106305497579,0.26572399860516727,0.2095462729460498,-0.03291775848953552,0.32414605784555467,0.09563893612257773,0.33755916502895683,0.1386155523402883,-0.8110773371470139,0.8451734453770199,0.3713635094824741,-0.5248837689717527,1.1889578404286176,0.5056980151693098,-0.319746232114302,0.31517809597402013,-0.0852469051149213,-0.3042785507520654,-0.057842996459214334,-0.06649929710538346,0.032826589812723087,0.5364495012610063,-0.4908707301406527
-0.055342453354793264,0.21271393774555808,0.42379861531947993,0.3406339080479539,0.5608416298317032,0.4046900951877635,0.2561882311315199,0.4132872007247511,0.22279258969537735,0.3720417907605069,0.3877020300269189,0.32984227664255567,0.3965957414027614,0.21718717809671417,0.272499660476933,0.3058321909192749,0.44972033331241595,0.15846354053261968,0.07885087597537548,0.31955539481567036,0.3164111613912709,0.43662987880126,0.32568891632423524,-0.0022444451994769244,0.4223315625354792,0.3569624588830565,0.27572373583725535,0.13764305736693808,0.6971716083116993,-0.22005309572546686,0.27353812376180753,0.3055335082530625,-0.27322857927669303,1.6992718582976805,0.6042873515874939,0.2966755354829438,0.38569765571250186,0.09163323617349393,0.49229492415184417,0.020675583148074096,0.06146333042962599,0.30985500299207525,0.2763092130651024,0.11334433124243111,-0.23895136702998254,0.22416904816749525,0.5805379456017213,0.0952120136003946,0.3300709624682996,-0.05254302229234792,-0.15854080803096868,0.2920673300279974,-0.005127437707536042,-0.16917511069803287,-0.20567872286630687,0.005841389089425949,-0.28218256889862825,-0.5776971780135599,0.8742737864954533
