0.5329694234003677,0.3216967390307677,0.18646988695767455,0.039198791336782,0.1382853288590107,0.02998735381786228,0.16361873425813878,0.04268386396960951,0.04293656589346034,0.06646916036465843,0.07286728976944447,0.1023201985803931,0.07080366336461937,0.08197010887283722,0.05698990257507614,0.04635670263214142,0.003740098755359251,0.10975447601366296,0.022256242324591495,0.014283819670735502,0.07313248993457235,0.06608843177715044,0.012254074090884753,-0.055350011441706544,0.05908895523395327,0.09575364236403444,0.051923332055407855,0.010925038715342058,0.07016252348752267,0.02430481910228151,0.046146306646872824,0.05556482898403019,0.06268693169847252,-0.06295141363914908,-0.010952599045287547,0.07062122495606037,0.03146265796169875,0.04331843988297349,-0.0014363394824441964,0.0031130190298681816,0.042590846401074786,0.05586526426621345,0.04590325896428236,-0.0009313631359995035,0.06301041181110625,0.08840742762334051,0.009453544855121026,-0.07837111179506663,-0.023865834246818606,-0.04819682912975663,-0.005078113314365551,-0.012227503121588752,0.03526788668606167,0.023570640056556433,0.1012184194981334,-0.026887099112860968,-0.00445896068349849,0.03712770487734998,-0.08313447334337935
0.3216967390307677,5.187842920576014,0.23312423876241084,-0.09102528195386919,0.4860722852830338,0.03277412799887588,0.24715983750111253,0.13103075591494187,0.22815906310923012,0.14999828211007774,0.11547629442965349,0.19821662768364942,0.24310991175743274,0.19480052005177287,0.2776535478813354,0.09251633259200699,-0.33383789468759933,0.5125096700902965,0.21603607585981366,-0.07950445905473957,0.47169319044894614,0.0632869008020072,-0.5050679012579571,-0.2466602240647169,-0.008028815890771345,0.586476253579552,0.16782291734023985,0.29312740071106724,0.5665800697238351,-0.009648920175095185,-0.04948683556403315,0.22426746594553665,0.07781224060644497,0.2343156859626612,0.33037661364295523,0.11644170263575898,0.3766797961033963,-0.0032511812832059558,-0.2645742569026175,0.01783023389295034,-0.01403377853672402,0.3629634693223183,0.015668288766768693,-0.053233352103871416,0.17275538979362184,0.12325902130719468,0.05926509402749074,-0.09354131263625459,0.028251690000541455,-0.369998596325643,0.3352567527255682,0.12324798740625426,-0.020376117158501787,-0.010869234960639578,-1.4210230976345748,-0.022745191582221682,-0.12227225021526138,0.5057681055686122,0.4275719764038319
0.18646988695767455,0.23312423876241084,2.1114252394585122,0.19108261680168057,0.19616898412525935,0.46838531882855583,0.24723643524839792,0.35983555480222623,0.3122299278444058,0.37500221992144056,0.4186839688547181,0.3864654036403629,0.36323430605273643,0.19089921656272388,0.30344924164094467,0.22893127801102206,0.3320755855988315,0.2750649279195445,0.21308665128929602,0.3138841757500282,0.2201232900287597,0.3364162103395845,0.20421438792130822,0.453871416056666,0.36030062837227717,0.31038370921721214,0.24325919562450415,0.203994328824151,0.46790183919476525,-0.2784097047537658,0.3315765065948631,0.21420726519230093,0.2134805870800472,0.48715476359773574,0.1439296752225061,0.5793293600669731,0.30316439545233337,0.19685328283051773,0.24096281712121012,-0.31142452314073776,0.16955487202780106,0.19636597916230644,-0.04313340386652479,0.005451694519805222,0.055525379147980655,0.5834334275923959,0.18358356562862121,-0.30572206952863973,-0.319775645909526,0.17197688092786031,-0.14724285257965616,0.18414953442217472,-0.04306884777357557,-0.21417871790627976,-0.09556800097975429,0.031177872728212687,-0.26155346477886904,-0.5726976878875274,0.5935970484220068
0.039198791336782,-0.09102528195386919,0.19108261680168057,2.1659807368045305,0.37418149391895494,0.2813605168347902,0.4695047749609537,0.3801261845853729,0.16972225002581395,0.3172587121702573,0.3156784371813569,0.37592576669733635,0.3572269330470167,0.4704934554853101,0.22036939288674437,0.34282314795052976,0.3098339546504707,0.3633748141507415,0.06187766553889031,0.36316577133923866,0.18901446931695046,0.3113158012607427,0.2885817915897819,0.6440488962595492,0.36551188547774616,0.3062313635649701,0.26757739469796005,0.21374549948148147,0.325315895039569,0.23949559246432292,0.29022107408003434,0.24820117566613578,0.26851413888078546,0.3691252427631093,0.14967744758695195,0.33897553198134606,0.2595164901920465,0.21206868305264848,0.29034901326946916,0.14191039255730845,0.21459410366890286,0.18316865810516442,0.3961588951720773,0.11904532227807073,-0.012781432356319448,0.35731654294930354,0.315588438284313,-0.1661998249454929,0.4372035147096796,-0.011490131415894077,-0.1056149581017733,0.3518043150376159,-0.06277003907970054,-0.1742742831897109,-0.3749048039052058,-0.04751769782715035,-0.2892935917555255,0.6970098207696613,-0.3509631019480151
0.1382853288590107,0.4860722852830338,0.19616898412525935,0.37418149391895494,1.8256616208650298,0.4514818652406587,0.30040010191916905,0.3858005763906959,0.2481672947583603,0.2771964166460313,0.37909378554593076,0.3870198782449476,0.42188734468967837,0.238879670104466,0.37097139435339044,0.4109712010703003,0.14442317934123364,0.3061650791479134,0.11105894392265035,0.30260292552983736,0.23503866173967927,0.29298890579812825,0.21346010381332534,0.42998603184315753,0.3911481441654536,0.411593603761937,0.23827416492011422,0.10218810804844496,0.4403190123732474,-0.2726365464295542,0.24950450117295594,0.30348528909454686,0.07288254393322569,0.6082423522062627,0.10385826119436657,0.3062791303438289,0.1635902189902191,0.1086327252033878,0.19989849752297936,0.11787358400786983,0.08346968511059956,0.22343625087529853,0.02383292763879774,0.013711590314340188,-0.27320040811770047,0.15631448552348895,0.19479674352663984,0.034285357927537376,0.32081794519933937,-0.030692915990518953,-0.09742903637776859,0.26824049368805125,-0.050862565820056556,-0.11707166371535652,-0.1961105106841342,-0.21635241688858,-0.4239412450467874,-0.32806368687535264,0.9671365645155948
0.02998735381786228,0.03277412799887588,0.46838531882855583,0.2813605168347902,0.4514818652406587,1.106686584655213,0.02092489541042455,0.5058774360781099,0.25615134286280006,0.15829486249951563,0.42933155000413037,0.43365537657742836,0.3703208065186993,0.2722570616447334,0.341813850235572,0.3865502639073982,0.3212143674797037,0.21190976401262232,0.20495933324169413,0.5704825771717044,0.245465670492774,0.29272436767121773,0.14342051018621255,0.6330898580907106,0.40135622143274585,0.3735807057149624,0.3356922338438556,0.17412237133509043,0.393730858482932,-0.08815305117109709,0.27909025101734913,0.3533960525206001,0.26382044871547483,0.43141494911259737,-0.005563947485794036,0.15614072161474443,0.34131342832223494,0.303518207704078,0.2827059922431558,0.14375677702111797,0.15675461662267676,0.20272674089922335,0.32996643638680184,0.02519855903301079,0.08955389876877148,0.270886041007985,0.5129891204898285,-0.08699460004031552,0.585819994728502,0.06438670326555168,-0.11573657989909591,0.2621023572192383,-0.169254414339888,-0.1364817438239159,-0.08658832831505978,-0.04839238900474898,-0.18976307064015321,0.28483558746955623,-0.06594493937448721
0.16361873425813878,0.24715983750111253,0.24723643524839792,0.4695047749609537,0.30040010191916905,0.02092489541042455,0.8725005684301539,0.13375989030331495,0.15214319354393316,0.19176169788883773,0.28622015158508596,0.40406892986255666,0.27613178842892017,0.17538931825649168,0.10594946620486312,0.23518758821917188,0.2003639327225386,0.2846300489416325,0.02784269658820552,0.1227802347490764,0.19647165005076378,0.3107292322183873,0.2598070638338307,0.34884855202758697,0.2750920405656054,0.1945210634776975,0.20150587441974935,0.08980536081244163,0.266054026385548,0.1447228286381349,0.22005193348211083,0.1947644159504593,0.15047079753286374,0.2715691873419738,0.05650859493427905,0.3846338949928162,0.06874082159413333,0.09147217168957625,0.20279565862812404,0.06459867796422995,0.1216797354063056,0.18540035889500725,0.19419235750916888,0.0418640946629859,-0.015297937255824104,0.263834364462431,0.017413932654381462,-0.1384406850945568,0.12030980065090652,-0.13467907682830785,-0.018812024003699312,0.13305091071530237,0.020478258694408023,-0.11536100216913088,-0.06275746549870005,0.032977905791809245,-0.13213987763679555,0.15335735165554595,-0.1673298462834953
0.04268386396960951,0.13103075591494187,0.35983555480222623,0.3801261845853729,0.3858005763906959,0.5058774360781099,0.13375989030331495,0.7476166929664996,0.1717757366469456,0.3488256390275381,0.34027582436655823,0.1927137485491368,0.37787067074264313,0.27087674759263386,0.22427623697924318,0.3151178968001764,0.3390893099832353,0.22605918880455578,0.1930114110823106,0.41174187187527617,0.1507045292398453,0.2883628686651199,0.14905532208077574,0.4358879224593271,0.3340058927635562,0.2893780775646342,0.2708493542197952,0.14702331831924814,0.36571014992595824,0.08383652461925686,0.23114558029496468,0.25042869180346855,0.21337835812579178,0.4202639886325785,0.1217023467684356,0.19072719003190525,0.3455729202700259,0.2195266494673771,0.32766287033207925,0.10148640992396847,0.16233710166606646,0.14096923791641758,0.30973480261264347,0.04829534023605279,0.03297646134335216,0.3112447821594781,0.451207115836847,-0.12029747493301,0.4972326689935627,0.13338843837495415,-0.10276971354899526,0.13328823663005343,-0.00208877061886565,-0.16458310106907287,-0.11722761739750946,-0.07269071551976682,-0.09401175271692137,0.26784951009318914,-0.07145761072154308
0.04293656589346034,0.22815906310923012,0.3122299278444058,0.16972225002581395,0.2481672947583603,0.25615134286280006,0.15214319354393316,0.1717757366469456,0.6535812983321855,0.15662052176271143,0.18225796076984596,0.17418083768653397,0.21065501187037733,0.19189952486798736,0.17160908812330675,0.20045943067896607,0.13782062410443163,0.15125852712932164,0.017426015019569762,0.2182578959820366,0.13185620189583197,0.1766663728328166,0.15164356115592592,0.29421617530800925,0.17976172328417853,0.22503498033576474,0.15819018781488114,0.08815634060384259,0.19792492503053802,0.013434534067429806,0.16092831464893434,0.14069212752726754,0.11674593260276965,0.24554359358933536,0.10170364003163229,0.20654839280593432,0.1639213324262814,0.12218053200302581,0.18204970269869958,0.04678060000931415,0.08550450362545121,0.11886181724113083,0.1389194631834846,0.030337562372592258,0.026721785058352817,0.1785298642601833,0.1832942803219398,-0.07047008174781852,0.25373450484393834,-0.03263224048643574,-0.016314878698924836,0.02795712849821113,0.07487602943517722,-0.10349670176999265,-0.03603519750692752,0.12372502881476061,-0.11038417691462145,-0.1004644989909629,0.05474939035532167
0.06646916036465843,0.14999828211007774,0.37500221992144056,0.3172587121702573,0.2771964166460313,0.15829486249951563,0.19176169788883773,0.3488256390275381,0.15662052176271143,0.8298250243044443,0.25162776450998364,0.23697289134205754,0.2671616235135721,0.1566162045270595,0.1825438374544121,0.19843225347033844,0.255663333368667,0.2033334230243635,0.11021532369113152,0.15615706711507235,0.08257076779457916,0.21852209278125653,0.1774500468348167,0.23990269137844641,0.2541159740900696,0.16842674721077036,0.18314681940375474,0.11020833270289826,0.32009235743677206,0.050188204323165744,0.18771443478158212,0.1406960783940388,0.07306072274035565,0.3839871910353659,0.182014800403501,0.2760728386963155,0.19058246428575654,0.07269783943184073,0.23575839207445037,0.007759543788471694,0.11967350894781152,0.09144209982047002,0.08038094402594884,0.04715567372506956,-0.09193133101284151,0.25055909697647266,0.22681490694377632,-0.14541385464706427,0.21250358676505138,0.044412587424894845,-0.06416262983617879,0.032181000962267683,0.021369661789595866,-0.050811641562790784,-0.01894674694793008,0.03351105023912501,-0.09144878390525664,-0.33014725233264414,0.3548295719920439
0.07286728976944447,0.11547629442965349,0.4186839688547181,0.3156784371813569,0.37909378554593076,0.42933155000413037,0.28622015158508596,0.34027582436655823,0.18225796076984596,0.25162776450998364,0.6795852789512641,0.4182893669958258,0.3439679066044645,0.1641855687719183,0.3104551168805893,0.302097832306691,0.3264757121513058,0.230136636812928,0.058622057328091164,0.39997756946071805,0.19191773701623743,0.23895135658039188,0.20382958158864253,0.46810758147531695,0.3757856627338659,0.3132551756237885,0.28613623401724264,0.09779655496397642,0.3592692096742545,0.010617455853537022,0.2596386533960818,0.2356229403219909,0.11471149668747241,0.4061282547449468,0.18402121581268588,0.2964407916666721,0.19932382623841277,0.19683914745884504,0.2932029257917857,0.10054865653904858,0.1186350630320131,0.1789896269123865,0.21296831228976745,0.03169149889908481,0.04292314061723553,0.2740007281592111,0.2737663853751817,-0.12421981046657882,0.23546503642846103,-0.06125733759711436,-0.10224389261604287,0.032925547470547,0.16712866162900433,-0.07525937542720257,-0.0939779114171254,0.016568996650905006,-0.19898848691045715,-0.011011564515308752,0.10864677407874407
0.1023201985803931,0.19821662768364942,0.3864654036403629,0.37592576669733635,0.3870198782449476,0.43365537657742836,0.40406892986255666,0.1927137485491368,0.17418083768653397,0.23697289134205754,0.4182893669958258,0.7511344764027255,0.32643792427632257,0.22612552805448186,0.2231343026580582,0.28202189231800673,0.2371411966594104,0.2808470743073115,0.07032140132110684,0.2963346195062467,0.1867600001444197,0.2749736729461154,0.21318597604458853,0.4224531371317986,0.3860806534954563,0.3142714363322984,0.3112047857954155,0.08645599044311945,0.33084710756825897,-0.055840120698840735,0.2687337868170867,0.2936399761469113,0.14861727127228336,0.36045080506285504,0.01690372134801909,0.33854185996015373,0.06625701222264346,0.15774594430748282,0.21205501425511525,0.10156353538501775,0.05031943290577407,0.16485569662099836,0.1884462910408749,0.030097849717375266,0.008773008013437745,0.23034274689910755,0.180998454780312,-0.096570751898714,0.27566785682236605,-0.18895863686496678,0.022248460672145812,0.1408367058837515,-0.02266049155268789,-0.0863894025264981,-0.11622139023734981,0.06219955917996115,-0.1734365740649977,0.025045594168425556,0.013937546325147307
0.07080366336461937,0.24310991175743274,0.36323430605273643,0.3572269330470167,0.42188734468967837,0.3703208065186993,0.27613178842892017,0.37787067074264313,0.21065501187037733,0.2671616235135721,0.3439679066044645,0.32643792427632257,0.5968231085665893,0.24393534862922978,0.18578481250797324,0.32530469582743055,0.2577737699143418,0.2455054880819254,0.18914873802657023,0.2913655439555801,0.1339890249319587,0.44811538647418203,0.19176387730708175,0.3920653482137053,0.3204353530102917,0.22472448634163308,0.2866828211384845,0.14449481338447662,0.4392242335704076,0.016194865080886127,0.24710993496816835,0.258915474883479,0.18469434580792785,0.41341243318006027,0.1312848547562468,0.3349999104448859,0.23203211249868438,0.15131495313132842,0.30912201021889996,0.07080883849124787,0.11795684524062318,0.13263520267047438,0.14206231623114648,0.037800601995119115,-0.06819434965122582,0.26357833511215134,0.23103351718922815,-0.08680247796544546,0.30944002223118366,0.0941753052570899,-0.06232351846831225,0.035562270324050946,-0.008809319484121265,-0.15619550689188264,-0.14233656168079026,0.00013414258220091675,-0.2412770172390822,-0.21660338949552718,0.4280593662297241
0.08197010887283722,0.19480052005177287,0.19089921656272388,0.4704934554853101,0.238879670104466,0.2722570616447334,0.17538931825649168,0.27087674759263386,0.19189952486798736,0.1566162045270595,0.1641855687719183,0.22612552805448186,0.24393534862922978,0.7822244575832749,0.18272920841273987,0.21322308146847752,0.2588511110294986,0.11224065840476842,0.07459777751154374,0.33417357086821836,0.18317147113761528,0.20701639843689654,0.09401172576989007,0.32278074625883174,0.20194182526111434,0.33026878330661646,0.1824764874905819,0.1568143221058735,0.24069318112683025,0.10319728078672812,0.21136357555156016,0.17992376170673222,0.21117089356194674,0.22306350705565023,0.1290791288740347,0.19967184192546947,0.29152318807512395,0.19427865876829883,0.1405796708507842,0.11861319106770508,0.2233097348429574,0.16328409245150288,0.2504886924869491,0.043149483919078864,-0.010623589747223886,0.2147777163565923,0.32167500577916974,-0.12815879642433634,0.6135654401659714,-0.05180304500156108,-0.0866050836320889,0.1438442863748045,0.046180508445602064,0.0024539141885198167,-0.24606833179141333,0.0023424425273799888,-0.20707125341807153,0.36649074946816657,-0.04476096823164118
0.05698990257507614,0.2776535478813354,0.30344924164094467,0.22036939288674437,0.37097139435339044,0.341813850235572,0.10594946620486312,0.22427623697924318,0.17160908812330675,0.1825438374544121,0.3104551168805893,0.2231343026580582,0.18578481250797324,0.18272920841273987,0.7057630018284868,0.16161575288750274,0.3408140647167124,0.13727910908556665,0.11038803012925043,0.34373988936275346,0.25111032649651904,-0.00872045879289275,0.1617695833846733,0.4008949143399257,0.30387100567004005,0.3015030098311863,0.20299475719436993,0.2349623558817253,0.2993255234147777,0.11459188433610935,0.23257826023715997,0.14020298882729312,0.1385662586210106,0.3147987558030214,0.23226783638029955,0.25934442526599194,0.34264650702593435,0.18489163187591523,0.18815942163199886,0.07243673711083046,0.2427391923639764,0.23235658383449317,0.24128179954020737,0.025392190519103578,0.022304105610544106,0.2406145256222807,0.2763004095193193,-0.11487983871770936,0.35097447175763286,0.12584059684024185,-0.2647770376462952,0.3773330420571521,-0.1489728892661866,-0.04014375007368753,-0.0965155864684328,0.06718296444893551,-0.22713492565136054,0.06997074062512228,0.09129414494611107
0.04635670263214142,0.09251633259200699,0.22893127801102206,0.34282314795052976,0.4109712010703003,0.3865502639073982,0.23518758821917188,0.3151178968001764,0.20045943067896607,0.19843225347033844,0.302097832306691,0.28202189231800673,0.32530469582743055,0.21322308146847752,0.16161575288750274,1.1471980226376592,0.11635080366899529,0.3429228120416696,0.10898032835845634,0.3081814269731302,0.12573795047339537,0.2837017265565689,0.18707991058500453,0.5425091923902392,0.3403405983958148,0.13022131101230733,0.35456864836153995,0.219479552959528,0.4846638856535971,0.1227749389776342,0.22444883542994265,0.2747359974218297,0.15463183815195317,0.33219643499545654,0.2473817558639065,0.2894104502696801,0.2152644336977064,0.18037365915594733,0.2867155428137645,0.2000698023684601,0.10437798164497838,0.11698606855141731,0.36980580151177334,0.02980877603188814,0.02824013351216113,0.22496027758169782,0.2637934549577644,-0.12314840216321092,0.3918537059007599,-0.07641915984408203,-0.06280210971088891,0.12813176019907502,-0.05505764689629164,-0.10577572353847711,-0.018129157477331074,-0.007240395396094824,-0.2940826630781815,0.08181286775385413,0.16330286228171054
0.003740098755359251,-0.33383789468759933,0.3320755855988315,0.3098339546504707,0.14442317934123364,0.3212143674797037,0.2003639327225386,0.3390893099832353,0.13782062410443163,0.255663333368667,0.3264757121513058,0.2371411966594104,0.2577737699143418,0.2588511110294986,0.3408140647167124,0.11635080366899529,1.438350309722913,-0.0770338488546404,0.17386426516620637,0.5197094648795553,0.30529909089565177,0.2035963089615269,0.22451905231229816,0.23824450374091213,0.28628326162018175,0.15897061895554626,0.26605309377927955,0.24245876711145242,0.2911948693146384,0.08260462906606189,0.3438067842044266,0.18481735935776325,0.2717059454807412,0.48047239990430024,0.20517934034661167,0.2618211344155956,0.6195808858515607,0.26591739932400565,0.45170198430072755,0.15210831074674447,0.3360656436795342,0.2751536512570467,0.32196720606635815,0.039547200237328016,0.12483475600958684,0.37673844105951687,0.5517370761689865,-0.11249164041974809,0.5019503813222496,0.3355832960783137,-0.1882728085634637,0.34242308165509,-0.07202104376929082,-0.2005286500064148,0.06019585602826233,-0.011364862367692193,-0.16222467912260927,-0.001561017531396356,0.051968061896789985
0.10975447601366296,0.5125096700902965,0.2750649279195445,0.3633748141507415,0.3061650791479134,0.21190976401262232,0.2846300489416325,0.22605918880455578,0.15125852712932164,0.2033334230243635,0.230136636812928,0.2808470743073115,0.2455054880819254,0.11224065840476842,0.13727910908556665,0.3429228120416696,-0.0770338488546404,1.4315967295884842,0.08189413274189411,-0.007190972417633552,0.10198513336589007,0.29200740821667087,0.36921084882781263,0.5040771361794396,0.26935121273709267,0.328378723882911,0.13667265656099023,0.22909758014340906,0.3661715327259626,0.18246996714858557,0.18670006263586328,0.21660353754560205,0.37002691171734026,0.1657680346420685,0.07549590094542726,0.36746890141440636,0.21164217376363342,0.0881990150513004,0.09673031423334044,0.11917028286387754,-0.008182557567292132,0.06512149196608108,0.496020365571334,0.048308206808143565,0.20162602455794926,0.36967881181113726,0.19173633660721467,-0.21886539571289348,0.12334263689313016,-0.20490417902983984,0.23330901482890976,0.14194378302664026,-0.005549925696619404,-0.10811875584041772,-0.19393039595982697,-0.05267415298957936,-0.1541492620447373,0.7317072344923031,-0.587073717571327
0.022256242324591495,0.21603607585981366,0.21308665128929602,0.06187766553889031,0.11105894392265035,0.20495933324169413,0.02784269658820552,0.1930114110823106,0.017426015019569762,0.11021532369113152,0.058622057328091164,0.07032140132110684,0.18914873802657023,0.07459777751154374,0.11038803012925043,0.10898032835845634,0.17386426516620637,0.08189413274189411,0.8997314090455768,-0.012185366165002678,0.21101384166321702,0.19889017783107416,-0.13224661105255361,0.11972211521827698,0.04527725255928607,0.004819755083227939,0.08488164556820198,0.20589524100684978,0.07068265820241725,0.09971996879317707,0.14990732344740926,0.11684137068797248,0.31724044948079355,0.09520372792808626,-0.00036792468160272353,0.20921097480077658,0.34098159818687257,0.050383443075592095,0.2408955111102865,-0.003721832153865185,0.20597126009710445,0.18300816817792545,0.05796342371693065,-0.006465996296983569,-0.0005536117775200163,0.1646267858826787,0.043850815328849116,0.06720443758901987,0.09015419250361538,0.4586986116286888,-0.04693784553572562,0.01443924844800783,-0.20498718447429998,-0.20225729194102635,-0.12418891957966655,-0.03539793283053472,-0.06315767086834181,0.03196367601545926,0.14535592375810508
0.014283819670735502,-0.07950445905473957,0.3138841757500282,0.36316577133923866,0.30260292552983736,0.5704825771717044,0.1227802347490764,0.41174187187527617,0.2182578959820366,0.15615706711507235,0.39997756946071805,0.2963346195062467,0.2913655439555801,0.33417357086821836,0.34373988936275346,0.3081814269731302,0.5197094648795553,-0.007190972417633552,-0.012185366165002678,1.2408657830814407,0.04929879479837146,0.045243121091979664,0.08623158910802861,0.6665549153043615,0.3504562456724367,0.33075512886751063,0.4072675631291671,0.22057300912819466,0.35456121293573206,0.21733979581336585,0.30012204437501144,0.25184426059944587,0.3060959395730619,0.3500624292152576,0.20657495623452202,0.12049030319299105,0.7054678351643933,0.5387663291257431,0.3922607712890272,0.22315756944651946,0.09105874920537504,0.08380977731720259,0.6353733124171232,0.06594998687055154,0.5452362889564739,0.09804944044740378,0.4318636414881527,0.14470164238210165,0.6809907248111124,0.006803235150262948,-0.2144385181121745,0.19746749738386993,0.10587370671988067,-0.13416026867719993,0.004487478822703671,-0.039163635323114725,-0.24084100675941186,0.3743732343626914,-0.15263009496519506
0.07313248993457235,0.47169319044894614,0.2201232900287597,0.18901446931695046,0.23503866173967927,0.245465670492774,0.19647165005076378,0.1507045292398453,0.13185620189583197,0.08257076779457916,0.19191773701623743,0.1867600001444197,0.1339890249319587,0.18317147113761528,0.25111032649651904,0.12573795047339537,0.30529909089565177,0.10198513336589007,0.21101384166321702,0.04929879479837146,0.7419284629303474,0.2180750644754045,0.042775535602988086,0.06433464065667524,0.14992565322281537,0.322396213397854,0.12460145421353577,0.2543435269626207,0.1351804904773757,0.13102947450463825,0.19642300095278747,0.2068152974910264,0.06785106991358036,0.34031679806898674,0.32951179566201066,0.24399146091470475,0.2362974403710728,0.11333188580716139,0.1633146713120586,0.1376618860067935,0.3993937293735449,0.5857720281729154,0.1651138102031954,0.004395488180976246,0.1331440608281119,0.3005555247740327,0.3330617274889345,-0.16587381824128705,0.16664648928973347,0.12170926544580825,-0.08128753485603002,0.2560990730540979,-0.17410427921285562,-0.08506197610859206,-0.20177347516104055,-0.029213481899134114,-0.11699631625437666,0.19546148559152055,-0.026368415394202843
0.06608843177715044,0.0632869008020072,0.3364162103395845,0.3113158012607427,0.29298890579812825,0.29272436767121773,0.3107292322183873,0.2883628686651199,0.1766663728328166,0.21852209278125653,0.23895135658039188,0.2749736729461154,0.44811538647418203,0.20701639843689654,-0.00872045879289275,0.2837017265565689,0.2035963089615269,0.29200740821667087,0.19889017783107416,0.045243121091979664,0.2180750644754045,1.069373406556563,0.4921083949501406,0.21713852866699224,0.28126375483081023,0.1087648408641616,0.20933295740362667,0.07841309416262786,0.4085355223320003,0.014813125038276836,0.2565840468565571,0.30665689637851046,0.23190512467207905,0.4551326029321484,0.010428950210303527,0.38745336381113094,0.14530717661675258,0.07418857033691557,0.3853637520802927,0.05895388223133815,0.1599623563666404,0.19835287327002124,0.04617611866378204,0.06999093185976528,-0.21030129315668403,0.3323394362661644,0.24896250058146882,-0.0982705369635451,0.30758497542107177,0.12002537639211784,-0.0035562280144821315,-0.028840716691024955,-0.036891044135432496,-0.22483577443841113,-0.10458186144623152,-0.02205274208375954,-0.16835979604992654,-0.2739436864001924,0.37516455165927176
0.012254074090884753,-0.5050679012579571,0.20421438792130822,0.2885817915897819,0.21346010381332534,0.14342051018621255,0.2598070638338307,0.14905532208077574,0.15164356115592592,0.1774500468348167,0.20382958158864253,0.21318597604458853,0.19176387730708175,0.09401172576989007,0.1617695833846733,0.18707991058500453,0.22451905231229816,0.36921084882781263,-0.13224661105255361,0.08623158910802861,0.042775535602988086,0.4921083949501406,1.3204703198798646,0.42977218482717805,0.3948155163128678,-0.07142048757922834,0.13177517362239347,-0.0031711088808230163,0.3620428813101447,0.25535521178121273,0.34088415284383927,0.12442470055184293,0.3406522805543655,0.3561205236068142,-0.12131999167415755,0.5931955838079614,0.22953882238254117,0.09246770167312944,0.49258782142602925,0.12423264965368552,0.2429155376329302,0.08055088628457892,0.21182839710729376,0.15323027158239627,-0.22812515788806614,0.39118897008230946,0.24511859202120054,-0.0920540190894957,0.4773047705977203,0.1323307734418663,-0.12585972302974863,0.07271382115578699,0.039428460663041565,-0.1686215012764404,0.10995534821871329,0.005353556510519808,-0.14088629150888868,-0.18619944102685818,0.1309943745090204
-0.055350011441706544,-0.2466602240647169,0.453871416056666,0.6440488962595492,0.42998603184315753,0.6330898580907106,0.34884855202758697,0.4358879224593271,0.29421617530800925,0.23990269137844641,0.46810758147531695,0.4224531371317986,0.3920653482137053,0.32278074625883174,0.4008949143399257,0.5425091923902392,0.23824450374091213,0.5040771361794396,0.11972211521827698,0.6665549153043615,0.06433464065667524,0.21713852866699224,0.42977218482717805,2.1339646964425425,0.6142689577913962,0.18940102664199587,0.3572552691857342,0.33269131047027545,0.33807240404853994,0.5075572531453455,0.43695043482155543,0.29169238116614427,0.5492914140048495,0.032737754942533566,0.14329291322054363,0.5326853019696043,0.3482414950669985,0.3854840949514474,0.31303247218185265,0.16020035847672257,0.44363927022536875,0.10491020996435126,0.41789560151238786,0.08341674932611971,-0.010119340904411394,0.6077914421207671,0.33840525315494907,-0.4534266151131667,0.7341599396249867,-0.12976428327632736,-0.1068006856718381,0.2543131113897353,0.02606921769260699,-0.14268209586793612,-0.14500227547880537,-0.03184773971973054,-0.23778784940910505,0.5940900664325114,-0.412096765920021
0.05908895523395327,-0.008028815890771345,0.36030062837227717,0.36551188547774616,0.3911481441654536,0.40135622143274585,0.2750920405656054,0.3340058927635562,0.17976172328417853,0.2541159740900696,0.3757856627338659,0.3860806534954563,0.3204353530102917,0.20194182526111434,0.30387100567004005,0.3403405983958148,0.28628326162018175,0.26935121273709267,0.04527725255928607,0.3504562456724367,0.14992565322281537,0.28126375483081023,0.3948155163128678,0.6142689577913962,0.9868469427763757,0.24707533935496262,0.28798682654453,0.11772560281421555,0.5137180552581113,0.14298359616172607,0.34146865937686416,0.24171450525346552,0.1560333473734494,0.46308680278939146,0.17648626229086323,0.4222882654607578,0.12294219797085348,0.20293879713107232,0.2996229691930875,0.07634513126573511,0.1940999521824608,0.1470230644271538,0.2780730824716494,0.05875413478564161,-0.1337040092843369,0.4359741894634313,0.2997548248512001,-0.3117914824457479,0.25520971226829886,-0.2613139630458228,-0.21704307400829806,0.244002661914788,0.10494698545985527,-0.07987344873603047,-0.04751620697669465,-0.013948510526917585,-0.1951848556346255,0.03870352142467214,0.0873462967898565
0.09575364236403444,0.586476253579552,0.31038370921721214,0.3062313635649701,0.411593603761937,0.3735807057149624,0.1945210634776975,0.2893780775646342,0.22503498033576474,0.16842674721077036,0.3132551756237885,0.3142714363322984,0.22472448634163308,0.33026878330661646,0.3015030098311863,0.13022131101230733,0.15897061895554626,0.328378723882911,0.004819755083227939,0.33075512886751063,0.322396213397854,0.1087648408641616,-0.07142048757922834,0.18940102664199587,0.24707533935496262,1.58988209459174,0.23662989541786153,0.19610216486708237,0.11322015064578851,-0.41409740798887684,0.10363542319902369,0.3893417723273783,-0.015600112057022605,0.38070251350226114,0.22876643092908747,0.14239703630577058,-0.14325443678052258,0.17876626309060767,-0.15717900126519985,0.14177274923189248,-0.10664564564913485,0.2507080673218965,0.2862709357946316,0.028381545579570636,0.04908173632150318,-0.07478000844840942,0.15329996863076073,0.19455302962663076,0.4386389327330401,0.034996506797321046,-0.2854710797927982,0.3605096228911886,-0.1792182843686898,-0.031075984924670248,-0.23060948452979005,-0.001326597616463189,-0.19423671925542113,0.19216538789463514,0.06452254843852538
0.051923332055407855,0.16782291734023985,0.24325919562450415,0.26757739469796005,0.23827416492011422,0.3356922338438556,0.20150587441974935,0.2708493542197952,0.15819018781488114,0.18314681940375474,0.28613623401724264,0.3112047857954155,0.2866828211384845,0.1824764874905819,0.20299475719436993,0.35456864836153995,0.26605309377927955,0.13667265656099023,0.08488164556820198,0.4072675631291671,0.12460145421353577,0.20933295740362667,0.13177517362239347,0.3572552691857342,0.28798682654453,0.23662989541786153,0.5850723741499876,0.18810667506350703,0.33089480936692584,0.07796737299628788,0.2409498209151812,0.32952841257764115,0.20451971338030825,0.2969970055711225,0.13600598970626276,0.2739032042200255,0.22360810633960268,0.21221897117044894,0.24869171873268442,0.1349326896373228,0.04957919944369007,0.12676851619804638,0.29690954554109283,0.03468003461414494,0.10587169702920436,0.18906661340113753,0.2465161632920788,-0.046966608421340074,0.4267094682331954,0.019567170794049547,-0.10267707747005245,0.16823464339311608,-0.045057656994751026,-0.10067129836944019,-0.07105191349210276,0.0076229123543192995,-0.04052950148253046,0.07271504843429584,-0.05460465833740094
0.010925038715342058,0.29312740071106724,0.203994328824151,0.21374549948148147,0.10218810804844496,0.17412237133509043,0.08980536081244163,0.14702331831924814,0.08815634060384259,0.11020833270289826,0.09779655496397642,0.08645599044311945,0.14449481338447662,0.1568143221058735,0.2349623558817253,0.219479552959528,0.24245876711145242,0.22909758014340906,0.20589524100684978,0.22057300912819466,0.2543435269626207,0.07841309416262786,-0.0031711088808230163,0.33269131047027545,0.11772560281421555,0.19610216486708237,0.18810667506350703,1.096646250108443,0.160841466977464,0.3065064649005207,0.24746219650372425,0.21078247939668618,0.5067163983907444,0.1840556449839605,0.7163894275352374,0.3658135580875073,0.476658152403834,0.1367253652851976,0.20194209988388936,0.11691037026811277,0.17877795707470226,0.26153892429463377,0.306052407690199,0.08988269481073961,-0.007977516848755651,0.3832867152568367,0.22135057260207927,-0.19510878719302527,0.3190551636987716,0.38492310598135354,-0.10943131721670073,0.7560350024593119,-0.79525336321093,-0.16323672835633987,-0.13888727088132571,-0.016012838011752788,-0.024352411488593156,0.13918378457307462,-0.040265169578316606
0.07016252348752267,0.5665800697238351,0.46790183919476525,0.325315895039569,0.4403190123732474,0.393730858482932,0.266054026385548,0.36571014992595824,0.19792492503053802,0.32009235743677206,0.3592692096742545,0.33084710756825897,0.4392242335704076,0.24069318112683025,0.2993255234147777,0.4846638856535971,0.2911948693146384,0.3661715327259626,0.07068265820241725,0.35456121293573206,0.1351804904773757,0.4085355223320003,0.3620428813101447,0.33807240404853994,0.5137180552581113,0.11322015064578851,0.33089480936692584,0.160841466977464,2.458988254527052,0.10123794845072238,0.18836118352618683,0.3770222930245658,0.12753481942830008,0.7337389095007923,0.17605885453933598,0.6447616178878767,-0.2328680350036633,0.004509405200165161,0.5842745106824693,0.03239158620960037,-0.06533744810802822,0.0735813154985792,0.08393325601843585,-0.050701819444416256,-0.45293976995058277,0.49686161192857825,0.4128478532926555,-0.4271827908856295,0.8581431003831621,0.3860744565252766,-0.5629275760673231,0.12846881550466543,-0.15756342113066346,-0.09027269817277918,-0.24861184456459715,0.0008092317711698573,-0.19841886011169163,-0.4378977684470362,0.6556397525413084
0.02430481910228151,-0.009648920175095185,-0.2784097047537658,0.23949559246432292,-0.2726365464295542,-0.08815305117109709,0.1447228286381349,0.08383652461925686,0.013434534067429806,0.050188204323165744,0.010617455853537022,-0.055840120698840735,0.016194865080886127,0.10319728078672812,0.11459188433610935,0.1227749389776342,0.08260462906606189,0.18246996714858557,0.09971996879317707,0.21733979581336585,0.13102947450463825,0.014813125038276836,0.25535521178121273,0.5075572531453455,0.14298359616172607,-0.41409740798887684,0.07796737299628788,0.3065064649005207,0.10123794845072238,2.2014380378189315,0.2438123891339613,0.01805357739337948,0.49330429606413456,-0.247148864101531,0.4247470844716573,0.41181359201590484,0.6179748768788124,0.2776793733595267,0.4891649427444144,0.13398287800540115,0.7528065288103395,0.2099012734578815,0.9338322573958707,0.20438639166928427,0.2640469440979071,0.8435965263782389,0.4729078694512973,-0.7936236728561347,0.575933113470725,-0.01563250194855425,-0.21728337606184006,0.06688619387080617,0.2057297552605384,-0.010363651417057968,0.02602293507398795,-0.16404072219573262,0.016402475443426875,1.4343530721312037,-1.3011793713531248
0.046146306646872824,-0.04948683556403315,0.3315765065948631,0.29022107408003434,0.24950450117295594,0.27909025101734913,0.22005193348211083,0.23114558029496468,0.16092831464893434,0.18771443478158212,0.2596386533960818,0.2687337868170867,0.24710993496816835,0.21136357555156016,0.23257826023715997,0.22444883542994265,0.3438067842044266,0.18670006263586328,0.14990732344740926,0.30012204437501144,0.19642300095278747,0.2565840468565571,0.34088415284383927,0.43695043482155543,0.34146865937686416,0.10363542319902369,0.2409498209151812,0.24746219650372425,0.18836118352618683,0.2438123891339613,0.8241885595510018,0.17700883557716443,0.3183282860225244,0.30077146837786656,0.1452375157234468,0.7327676334709085,0.37771790673047156,0.2750701969188757,0.41590430992552474,0.10471366949702196,0.43159738254071905,0.20468785231851302,0.1750888877513495,0.03250989578275004,-0.04004167651544133,0.5551212122286695,0.21637880176982593,-0.312973672831404,0.20569377595110852,0.16348941679536194,-0.12411474242140969,0.25636701445867904,-0.07257407914414209,-0.16279227871007343,-0.05883924266152301,-0.0033837967179443317,-0.08562955128340069,-0.11202588893608614,0.12126377981667925
0.05556482898403019,0.22426746594553665,0.21420726519230093,0.24820117566613578,0.30348528909454686,0.3533960525206001,0.1947644159504593,0.25042869180346855,0.14069212752726754,0.1406960783940388,0.2356229403219909,0.2936399761469113,0.258915474883479,0.17992376170673222,0.14020298882729312,0.2747359974218297,0.18481735935776325,0.21660353754560205,0.11684137068797248,0.25184426059944587,0.2068152974910264,0.30665689637851046,0.12442470055184293,0.29169238116614427,0.24171450525346552,0.3893417723273783,0.32952841257764115,0.21078247939668618,0.3770222930245658,0.01805357739337948,0.17700883557716443,0.9908164173535189,0.3568330831876581,0.33454011921501486,-0.04861162133811514,0.32197522620624536,-0.015615872361151398,0.20094176158591637,0.176179171724344,0.1140255471206381,-0.005285716460034937,0.1777958996780263,0.10737540698551033,0.04981479243898509,-0.16601349323947887,0.375660895383362,0.32955592887906093,-0.17993300999857112,0.616132158853222,0.14532653973948842,-0.05456816236940056,0.3351667348636749,-0.19196445364406356,-0.15478664555108304,-0.21172573604179964,0.01141773636571616,0.5368216532976117,-0.085933042868678,-0.3615820513138075
0.06268693169847252,0.07781224060644497,0.2134805870800472,0.26851413888078546,0.07288254393322569,0.26382044871547483,0.15047079753286374,0.21337835812579178,0.11674593260276965,0.07306072274035565,0.11471149668747241,0.14861727127228336,0.18469434580792785,0.21117089356194674,0.1385662586210106,0.15463183815195317,0.2717059454807412,0.37002691171734026,0.31724044948079355,0.3060959395730619,0.06785106991358036,0.23190512467207905,0.3406522805543655,0.5492914140048495,0.1560333473734494,-0.015600112057022605,0.20451971338030825,0.5067163983907444,0.12753481942830008,0.49330429606413456,0.3183282860225244,0.3568330831876581,2.0822049256811814,-0.20798542484611857,-0.7987369661521584,0.42281267922601035,0.8434167483748328,0.26869439215958874,0.22551994512249288,-0.01726200310670907,0.3076382761738171,0.09815822515668107,0.32290586982211233,0.1276056346149092,-0.8095371069928201,0.890828883919612,0.39173859811392847,-0.5822409786907687,1.211576927453473,0.43014495305825723,-0.3308561861591723,0.25101607492651473,0.03160665664434288,-0.3622971440055248,-0.10343514218098801,-0.08973265755351921,0.03857032654150958,0.47739891899523534,-0.4304200354226826
-0.06295141363914908,0.2343156859626612,0.48715476359773574,0.3691252427631093,0.6082423522062627,0.43141494911259737,0.2715691873419738,0.4202639886325785,0.24554359358933536,0.3839871910353659,0.4061282547449468,0.36045080506285504,0.41341243318006027,0.22306350705565023,0.3147987558030214,0.33219643499545654,0.48047239990430024,0.1657680346420685,0.09520372792808626,0.3500624292152576,0.34031679806898674,0.4551326029321484,0.3561205236068142,0.032737754942533566,0.46308680278939146,0.38070251350226114,0.2969970055711225,0.1840556449839605,0.7337389095007923,-0.247148864101531,0.30077146837786656,0.33454011921501486,-0.20798542484611857,1.759045174290523,0.5666451329001633,0.36200853528708854,0.3813411402380566,0.08938533508550861,0.5349330651157321,0.019258323468119697,0.05179979302927012,0.32744807717680724,0.2812430231594071,0.10501581441985162,-0.26186539654060853,0.26689882280826505,0.594630852685578,0.07325252384715651,0.38632388071935814,-0.039454425598604424,-0.16130500128689476,0.37277956760157827,-0.010191506895007136,-0.27124104659093284,-0.20320648269629196,0.04204310849605867,-0.2694935685263269,-0.5727957080676861,0.827363672767182
