1.1443908869452442,0.1997164588265178,0.34659518479317425,0.08635035213410097,0.08676568588391811,0.07978068265145669,0.05474725486039605,0.10842556052186203,0.05424783824753011,0.07777288793488783,0.08167899752311425,0.09817950048389287,0.036505791726888726,0.06836199766340728,0.12446279252590312,0.037455651818002915,0.04308612406254384,0.14416511384235672,0.026809245123346138,0.08146842579230375,0.04098685128608371,0.023803897606108702,0.087738663010507,-0.023043315659571666,0.07637014719529556,0.0807862875095457,0.05620351650115668,-0.01078147930674673,-0.031871873462016954,0.002451241738235239,0.04737020558277407,0.02510274403853573,0.05669227223321663,-0.1519852692065744,-0.06342618035336615,0.06070071176607496,0.04782520766912427,0.0803468544130444,-0.02059893997220748,-0.06909036656284244,0.06866807713746892,0.03428808628156765,0.05286365657479039,0.036861521256789515,0.009369603185078781,0.11139724713434061,0.04975879213938414,-0.043483959296016075,0.05197292643608902,0.0051296405409366535,0.13170150772867964,-0.06707092038097891,-0.017454789685132564,-0.009969123892399324,0.028959001690832535,-0.026819107202665695,0.050762718179194644,0.13831262709605188,-0.19899338024878357
0.1997164588265178,2.408194324234817,0.6596550739676219,0.24397679826440483,0.3175627501680013,0.28058252753435586,0.33295022289348497,0.2741223020000896,0.2881909395151414,0.25534995859893866,0.2955765978361181,0.3645319179288517,0.1854988712210924,0.2844130258387479,0.5624098648971795,0.1802817460836548,0.3170729072276319,0.46068399150003037,0.018374662969923825,0.4564188675272761,0.2984131275473198,0.06253154145399067,0.2240493883027955,0.1784323173181243,0.17598767182849742,0.17186564625199105,0.2522398569696723,0.15855627710021172,0.21510959541207178,0.19980743402080045,0.2868610345881639,0.1238141450755226,0.28028418272230604,0.3635401087742247,-0.026509066575559057,0.44681059591564026,0.545511111226815,0.23374956758282203,-0.03827974497283272,-0.13385764550029244,0.41043973967928443,0.29189408100073744,0.316439925484465,0.1016942201182177,0.1703288851862687,0.2650024363756429,0.29439292287773877,-0.04585051163722265,0.36696289423243583,-0.02839147755825173,0.46066506122720385,-0.027979140124487118,-0.11620047213326372,-0.18792136030668072,-0.16669953615160316,-0.06149130275667936,-0.4465511115797438,0.3190950004524227,0.11152249870268961
0.34659518479317425,0.6596550739676219,1.8822942207209334,0.17128863452948975,0.10168964448312048,0.3910222762743439,0.18109879187919728,0.37056952274668115,0.49206420454475897,0.4882721710950213,0.3321252320916123,0.42198928467729696,0.1847693968850083,0.20554011361818267,0.323115321356972,0.1851287829676104,0.3433043492107933,0.4154799613117678,0.2932992336050855,0.3397715708377247,0.2509532020127583,0.23827655038853762,0.3248858875243669,0.24942397441756997,0.13750679581776182,0.25185919952697894,0.26914818553457986,0.1325150067958156,0.14074396230008215,-0.08942711802022728,0.31730079803323297,0.2351587445236157,0.2896612291346801,0.4237912174155315,-0.12128032583670109,0.5795017180292453,0.4710321360177629,0.2027620795748625,-0.19929656378391544,-0.4705506696764808,0.38554030884003554,0.24543799798110616,0.2271485554449158,0.1280871943711374,0.2471115283438272,0.4839831173592035,0.2605943647046593,-0.1727158285933114,0.07779425050969915,0.04474454586856829,0.32869606855814365,-0.010499497936800111,-0.07265380155165445,-0.17434628894586082,0.06879261004580409,0.12026761549664763,-0.08527338060725514,-0.07698039953526094,-0.26088968598836515
0.08635035213410097,0.24397679826440483,0.17128863452948975,1.3160478117695216,0.6241472344164514,0.2762752936359812,0.3177270959013677,0.30166708520292307,0.1154520848789335,0.11590836372507411,0.21474219324470364,0.27789302110247843,0.1992240393406205,0.19842394513528772,0.24298447685518265,0.20842871191152873,0.2190487602106815,0.3604467643276745,-0.08612071788744889,0.33118433170508743,0.21736917175027856,0.11903930115995157,0.2956184757241404,0.2113174807249001,0.12036394373983991,0.20735651177750028,0.1643027691531851,0.06822802949363492,0.14087048605618313,0.09509284334766153,0.22583704635731816,0.1446267550452103,0.19451824512222124,0.3394366645841449,-0.01930360740532242,0.28573347808750144,0.3580622924887898,0.16835562110327526,0.2034589837492497,-0.0481021121000597,0.181589078523934,0.213900010122141,0.28152042884197964,0.12921444478038732,0.12301269639967649,0.1273322450320317,0.26704875472748724,-0.013074295671309473,0.32290178678828035,0.16072135562465686,0.06413003363099928,0.1617494068542824,-0.15474420672274905,-0.2082479908883401,0.14834555156196483,-0.05281333105056701,-0.33414606379830497,0.06524684038887188,0.07624594918629353
0.08676568588391811,0.3175627501680013,0.10168964448312048,0.6241472344164514,1.2503336641156089,0.21579297510671389,0.44182312857978845,0.3901403534058312,0.07461256370465372,0.12595393890728196,0.24245048906878666,0.27757501587739386,0.2015896403854773,0.2548285174032423,0.3119275492474778,0.24532574401883203,0.2143032228225228,0.31785170021071046,-0.014739379173136872,0.23641018316159804,0.21866862136832368,0.16870802003394747,0.30761254025434875,0.19989601744298702,0.08255637164117474,0.25228025522135983,0.16324697573578142,0.03575687545173255,0.14566404832014082,0.007005578916535101,0.17926721843661206,0.21432360663703923,0.15612944891992245,0.3868186911953917,-0.07740941170392458,0.3393487691304208,0.2746172874790882,0.10134553605783528,0.163615940007647,0.04531678083290242,0.2379215946025323,0.22343607253574885,0.24519126265312147,0.0867078873473799,0.03139605978433209,0.09606346663466082,0.20245983376779353,0.00239728243706478,0.47749221376487605,0.07682192021687148,0.2667004490190564,-0.003805045498935312,-0.1038423698762704,-0.14331000983632877,-0.048330766491283414,-0.07045388831978174,-0.18799436243241763,0.15236049469787913,0.12603050421977624
0.07978068265145669,0.28058252753435586,0.3910222762743439,0.2762752936359812,0.21579297510671389,0.691394288888952,0.13532291863228413,0.30349946745087747,0.27516770943940727,0.07672532846999475,0.2324290525602984,0.24897649920726297,0.1610609894920201,0.23746783896583828,0.23019288883250882,0.1431773587667281,0.25781849918905836,0.2147196864368139,0.13582259267768657,0.4938024514009114,0.2486487179570069,0.34605845974010213,0.1567154107527238,0.23786089157997325,0.1451786899476263,0.26101631495615074,0.21402701457276055,0.11856734581721763,0.2978113139530508,0.043629094312465075,0.2729507962142077,0.26480063375751645,0.14158463638731825,0.42406575443301536,0.0012628019203884627,0.22427694213468496,0.3605960861851499,0.263457563597109,0.2541164343207215,-0.0170092319982384,0.14815600189232506,0.23351699374205373,0.356243101466935,0.12913627415825024,0.2161423342281182,0.08984984711659294,0.31636917444093876,-0.05124920808295077,0.5400342817176386,0.27894635700578263,-0.434835849199935,0.282186446053382,-0.19610373842123313,-0.012510283137434863,0.05285882080964543,0.03983830894726432,-0.12863039457059505,0.07627161216870544,-0.0659129904419924
0.05474725486039605,0.33295022289348497,0.18109879187919728,0.3177270959013677,0.44182312857978845,0.13532291863228413,0.939991251811075,0.2901096604909703,0.2254492530769294,0.22601248924393183,0.2985239950245233,0.37784861406318304,0.2066570530408898,0.27714812209217043,0.1709075108632404,0.3510710272235421,0.31814283554878336,0.30569754868680726,-0.0012973144632108865,0.2463440508860017,0.29795108274001736,0.37187582487664844,0.3036211317489158,0.3126220979675077,0.12865234852309337,0.1606277210132241,0.2467337111267542,0.14072736717062215,0.11094003167494725,0.24879361909997638,0.2900376824787134,0.2551895453480226,0.3288345346436814,0.386409771587194,-0.03596145876104516,0.4932224120441631,0.28480904657197254,0.13369195356129582,0.19085594612361304,-0.03277059288120526,0.33216445759820445,0.2949012218440571,0.37357484493952553,0.10142216508355732,0.05462974797536628,0.14761655539319132,0.15511339902267207,-0.05757185421524799,0.5683349428661963,0.016522345142372146,0.11064497561685024,-0.007786850651220966,-0.060517767793552196,-0.11616812618376872,0.060477992153607586,0.09291799818414086,-0.1386719640909613,0.09339521497934991,-0.14183343048137056
0.10842556052186203,0.2741223020000896,0.37056952274668115,0.30166708520292307,0.3901403534058312,0.30349946745087747,0.2901096604909703,0.7898312968715913,0.08354948488181654,0.19157582629598058,0.2390688862050724,0.1519713195619795,0.17272122591714986,0.2584595520342565,0.12082581876950668,0.17396744681973061,0.23022840263872765,0.27640748485377425,0.08135893033074264,0.4113423599718403,0.19324290998630578,0.13451830353256278,0.19354504137824513,0.17579455377387554,0.10467509945741171,0.22178963890150488,0.18746419914284773,0.10307079952880285,0.18413522968924256,0.1295841459640088,0.22457915906470005,0.1941098369335329,0.11561257123984137,0.3622372798841468,0.025849004916129754,0.2565144061489444,0.32845331660980626,0.20791188641994537,0.19842366820471088,0.019085272865223716,0.22625940967953273,0.19380218353821932,0.3368543143252368,0.1374850917454875,0.17702844790285055,0.14870483204833082,0.32171704578095034,-0.048230570496222126,0.4759655657062427,0.12255357901044193,-0.09218826513512489,0.11243258594176145,-0.07240932632385434,-0.03701744944932713,-0.051667068561035555,-0.01797159952959244,-0.000953777068699465,0.2516308371824372,-0.1732250847143439
0.05424783824753011,0.2881909395151414,0.49206420454475897,0.1154520848789335,0.07461256370465372,0.27516770943940727,0.2254492530769294,0.08354948488181654,0.9289412189254169,0.06221794934153753,0.22572440372056196,0.22709860904306195,0.1152943368333713,0.17670755867078353,0.05042836001001409,0.14541250615313864,0.2095738522510784,0.2683887705332088,-0.028831153169803003,0.3127759149562388,0.23716192075166057,0.1283615782932907,0.19751598864081285,0.25127447323147667,0.1440550576823044,0.22222611321930155,0.18122606049346568,0.11165965847865666,0.07800305163678876,0.12227773682752055,0.31413166643705026,0.1764816510847027,0.25495978644918416,0.29404804943378926,0.0029007742342751818,0.3096458523785443,0.3210035855735045,0.17752866685772617,0.021203283386675535,-0.170042080642,0.26182785082831844,0.22526337068583116,0.2730893918744679,0.09125475843001232,0.11117988745963725,0.15075133306698202,0.21192334150967787,-0.061304289197891056,0.35844583487230586,0.05086465559789495,-0.054479861151276114,0.1015042711148336,-0.043459216515728295,-0.05264210517318646,0.15832047302691454,0.18024633520943614,-0.10520985662110949,-0.12074821847469154,-0.1372910479757998
0.07777288793488783,0.25534995859893866,0.4882721710950213,0.11590836372507411,0.12595393890728196,0.07672532846999475,0.22601248924393183,0.19157582629598058,0.06221794934153753,0.7489630731581229,0.06365880139363642,0.13967941525514105,0.09938128202767482,0.18713892222901748,0.17853917222804627,0.18512190528499906,0.1768979829608491,0.2444672564472449,-0.0080045865492243,0.1924737275829676,0.1250738286317089,0.0444219306541567,0.18767628999990676,0.13487886928166878,0.1052403787688786,0.12723930681933301,0.15076751277617023,0.08845446131399423,0.0782256605428177,0.13388349545696596,0.1599339609940954,0.13340109589508758,0.08013508940466363,0.2513649772767903,0.0654479271486484,0.3247208412820589,0.18336749582612102,0.08889192380445625,-0.006672435369604078,-0.08093357459959684,0.2884697695408196,0.13691919645654063,0.14237620455338063,0.10113592261236008,0.04167897358629476,0.17915876316683021,0.22074947660480415,-0.07529807752599547,0.360002325480982,-0.031989334114624304,0.17290146701006923,-0.13125077863551796,-0.006903736859032234,0.0013022701245136651,-0.05709658449099642,0.025588350386734588,0.07170971720983323,0.02108343803171411,-0.14984488577865476
0.08167899752311425,0.2955765978361181,0.3321252320916123,0.21474219324470364,0.24245048906878666,0.2324290525602984,0.2985239950245233,0.2390688862050724,0.22572440372056196,0.06365880139363642,0.46466896801725466,0.31941974793448286,0.17096050079738082,0.19372440061371507,0.26018725867632475,0.1912773793436454,0.24790426626700834,0.23253975124515347,-0.03036762126374616,0.3308114364280759,0.20492900256334998,0.12081076815824354,0.2103774151835227,0.20193776706932368,0.18291267080457832,0.19504609664945685,0.21397327164663438,0.10255886832634435,0.180785861325614,0.1163683028222595,0.21775406657676885,0.18829132741771337,0.1556178839082601,0.33012697366497307,0.07272807010977289,0.3215387018760097,0.25052952908331616,0.16564979286195963,0.1291085162863888,-0.04013847140784407,0.21270830435123667,0.20433576956665364,0.26564148685552896,0.09706833879818211,0.11382663977365784,0.16595678441446238,0.2128940910686086,-0.056330527767037744,0.30148009785435587,0.039866841610822296,-0.0028411207130991712,0.047461201794083294,-0.019253660145408105,-0.05508097818763814,0.02236183777624453,0.05523317181586763,-0.11806056052423079,0.083146297243332,-0.1531509857944072
0.09817950048389287,0.3645319179288517,0.42198928467729696,0.27789302110247843,0.27757501587739386,0.24897649920726297,0.37784861406318304,0.1519713195619795,0.22709860904306195,0.13967941525514105,0.31941974793448286,0.7711753727393086,0.15958338147476311,0.22599011262309046,0.3047584523855511,0.25091679817498863,0.27039173251297155,0.2965728150332858,0.022262467803918003,0.27526044615816514,0.2186024572887829,0.1618860032356444,0.34085558922353465,0.23702066119353113,0.23199996594583625,0.18873735070953707,0.2811111446921598,0.05563263130663158,0.22111733646403023,0.12146099198539453,0.1568085115017751,0.237740520914912,0.21703096352518542,0.371431268252047,-0.04150407746391005,0.47795563327730106,0.19928399269941707,0.136346573202401,-0.021109469942694647,-0.14305096847003787,0.32602831984409325,0.22165533232115206,0.26907504208341126,0.062144760389088,-0.034508988843589425,0.21278034187649608,0.21084312784711748,-0.07136526081881955,0.6395099609928405,-0.37847939520696117,0.3814973933974242,0.022184438532650123,0.07874549686945514,-0.1074828369369232,0.04236279572193765,0.08675354698798787,-0.2067101485320628,0.09027577599609346,-0.22676649387210407
0.036505791726888726,0.1854988712210924,0.1847693968850083,0.1992240393406205,0.2015896403854773,0.1610609894920201,0.2066570530408898,0.17272122591714986,0.1152943368333713,0.09938128202767482,0.17096050079738082,0.15958338147476311,0.36776409804676335,0.14762240151105027,0.01041440932946135,0.1770337771646,0.14333191390519245,0.1582723434302681,0.0570748934408846,0.184202623405691,0.13992098347186777,0.12916773508047416,0.1343059625664091,0.1474287022778662,0.1052681011546086,0.15569289798761465,0.1697644236118868,0.08559088280534698,0.10166602543439975,0.06835367333334799,0.14542540105305232,0.15328391041497416,0.13645404477800754,0.22262121886097103,0.05184695929040452,0.21425129245965818,0.15769956175741456,0.09087365769494596,0.17063634195773955,0.0011688937807533698,0.14099862097941854,0.1388056149142038,0.16959700138204317,0.09455799260317821,-0.03692904347347565,0.11533562347775948,0.13461813714752288,-0.03915415528669759,0.2750206277608299,0.10082936489685802,-0.018321888509319238,0.005312286174011187,-0.03136216087386746,-0.055105944525091245,0.056143512336418476,-0.01600237010719216,-0.1212100364536388,-0.05582578813786207,0.1157858762441252
0.06836199766340728,0.2844130258387479,0.20554011361818267,0.19842394513528772,0.2548285174032423,0.23746783896583828,0.27714812209217043,0.2584595520342565,0.17670755867078353,0.18713892222901748,0.19372440061371507,0.22599011262309046,0.14762240151105027,0.684561685051237,0.4486871894997445,0.23900864149967826,0.24009403554392128,0.1682130242336493,0.0909659387698297,0.306934589050574,0.20270587269737125,0.15347379711312392,0.24511349877035601,0.19672398977718772,0.22480315473342932,0.23101811285166463,0.16130790860391142,0.09505755527093705,0.26443634357847395,0.20958745868042689,0.14279239335453442,0.16806339729791553,0.1055424309466355,0.3519784233909823,0.0678293791285749,0.3039860187166186,0.34625195879509063,0.14808957663545358,0.07834622265990689,0.014866598393380793,0.31938713431544064,0.207343112509754,0.35219988048451095,0.13185469739674371,0.1371738531853131,0.07236016636897408,0.28765867069407675,-0.03693716167378047,0.7020283193365962,0.05919377932473717,0.05729287994955665,-0.06590285647672138,-0.08809586788128934,0.02304212507405783,-0.1900777805095312,0.05044278684930772,-0.17572450109680177,0.3480272294491733,-0.12585675978992136
0.12446279252590312,0.5624098648971795,0.323115321356972,0.24298447685518265,0.3119275492474778,0.23019288883250882,0.1709075108632404,0.12082581876950668,0.05042836001001409,0.17853917222804627,0.26018725867632475,0.3047584523855511,0.01041440932946135,0.4486871894997445,1.408374880103205,0.17239578255614396,0.276895597214344,0.11509000225575802,0.21915338874346688,0.19685516466404088,0.19116395653949694,0.19406425880842482,0.3430803789428857,0.192296405884965,0.27176846645752406,0.09021419284647324,0.15244289502742794,0.026244965697160748,0.3813295651769838,0.30374611730236367,0.03212441263146923,0.06600086761951253,0.179033184064228,0.38112067280111817,-0.012157818230117336,0.3543997662679645,0.47724898782543607,0.08838663554042732,-0.008542697887266483,-0.09232446570641852,0.41197268305887136,0.19522910928800513,0.34789550329431274,0.08249660809092837,0.23403948925294388,0.1915425856347905,0.2753225643012399,-0.026065510825437746,0.3496717462807043,-0.35644948404624216,0.44034622673015733,0.013480767510325427,0.10470858502722118,-0.15010993950277737,-0.17929950583650553,0.12648766509288295,-0.429980110520217,0.38503585267710294,-0.13781972303609136
0.037455651818002915,0.1802817460836548,0.1851287829676104,0.20842871191152873,0.24532574401883203,0.1431773587667281,0.3510710272235421,0.17396744681973061,0.14541250615313864,0.18512190528499906,0.1912773793436454,0.25091679817498863,0.1770337771646,0.23900864149967826,0.17239578255614396,1.2497350202987163,0.16684040610407055,0.21040197050429374,0.13481153502028276,0.1700726406257472,0.1632860606147476,0.1309388264577907,0.2635069934517241,0.1966832386754134,-0.02738492950990385,0.18474673148370188,0.333096908324088,0.09852618496706025,0.06796153443630436,0.09933196304647773,0.10612932106578044,0.25914267945902314,0.12316686942922374,0.31832445099045203,0.06288051146314778,0.3380760151274197,0.19869566759070836,0.07170068517143487,0.25975863318952047,0.09487506552141708,0.23138746757285536,0.18641477390614408,0.3389647376933821,0.1276676550280189,-0.03582620546563934,0.027422859333096548,0.1538613485691501,-0.0407386700278998,0.6092308114384276,-0.1722022076477858,-0.052601122489275516,0.09196981663573545,0.027170932006633532,-0.019338390448698197,-0.012680909402666403,0.057898877293267245,-0.2330406571792178,0.14272249953242355,0.02387118121430394
0.04308612406254384,0.3170729072276319,0.3433043492107933,0.2190487602106815,0.2143032228225228,0.25781849918905836,0.31814283554878336,0.23022840263872765,0.2095738522510784,0.1768979829608491,0.24790426626700834,0.27039173251297155,0.14333191390519245,0.24009403554392128,0.276895597214344,0.16684040610407055,0.6065186913342342,0.19591211602089542,0.1302698583860342,0.32361911026772744,0.24392039578887087,0.3608654472780722,0.19304641407089185,0.2286469449807474,0.2196437782903,0.15309829771881106,0.2062499591870336,0.2141695949129287,0.20896585844931448,0.19703968185856974,0.22682210020950067,0.19927154207304923,0.2572215524754063,0.3544987781836494,0.0943333298977857,0.41205134223409623,0.41528106706058,0.18567345051407852,0.11939068508588953,-0.037906955973673793,0.3202351699366059,0.2522806474111539,0.3272486543465094,0.11355628371096149,0.2726719684798793,0.178944384234787,0.2955175925733139,-0.05164446282912462,0.368991208185046,0.15804881837187557,0.1370004380221691,-0.05191041463662868,-0.10472251926922588,-0.09649148203098146,-0.07418539630493658,0.030796685610147458,-0.135991050833517,0.16193112489674583,-0.21048700161704162
0.14416511384235672,0.46068399150003037,0.4154799613117678,0.3604467643276745,0.31785170021071046,0.2147196864368139,0.30569754868680726,0.27640748485377425,0.2683887705332088,0.2444672564472449,0.23253975124515347,0.2965728150332858,0.1582723434302681,0.1682130242336493,0.11509000225575802,0.21040197050429374,0.19591211602089542,1.1869682465468951,0.016559900057359328,0.23270493055167532,0.2862639700344058,0.09720010394680773,0.606646215722282,0.16464674462380127,0.19239099616578695,0.45583875732037343,0.1567395436256261,-0.04004985524215717,0.08935572669375613,-0.05412808699051094,0.53171822000348,0.2197246676924825,0.09709974349444296,0.4124334619624084,-0.09845460459124233,0.5733174522940921,0.14723798345202907,0.10469657283973678,0.11392663212194763,-0.04714046024741859,0.4281964323927131,0.2731175200986571,0.2628822863954284,0.10652693866099693,0.056637303531609895,0.2345492171624105,0.3707456009851026,-0.07888295843341621,0.4103892311258877,0.4318537829138797,0.6055738867076441,-0.5352339986387608,-0.26539568958194865,-0.16065972561821992,0.0399556499225759,0.06852864975114577,-0.023327732524659053,0.10753176477359735,-0.27289867751406405
0.026809245123346138,0.018374662969923825,0.2932992336050855,-0.08612071788744889,-0.014739379173136872,0.13582259267768657,-0.0012973144632108865,0.08135893033074264,-0.028831153169803003,-0.0080045865492243,-0.03036762126374616,0.022262467803918003,0.0570748934408846,0.0909659387698297,0.21915338874346688,0.13481153502028276,0.1302698583860342,0.016559900057359328,1.2082299653329822,-0.3645278413719586,0.06098166623297371,0.5809101934000122,0.013631972991960485,0.06777870719196057,-0.03715262885184009,-0.07052306424424663,-0.009773986810787517,0.030983249529709662,0.1260414205904721,0.005544127266436485,0.0635409923803102,0.07650934163006921,0.25100485895741204,0.021023415560990064,-0.19147262548074548,0.1810836819206584,0.08370700335377092,-0.11494583579723934,0.01736493639607415,-0.024341938271888505,0.1549710829297066,0.03132797771685204,0.048449884841714835,-0.0645095226884805,0.15371096804801407,0.09958758193050089,-0.08492510551126899,-0.010692603631181855,-0.4199859395841452,0.10897867389450047,0.2459552049438064,-0.0838390991754587,-0.012320568640005499,-0.15653713872608496,-0.14363024918920822,0.05295318645093845,-0.07763184509251388,0.12863226457190427,-0.00429669765812809
0.08146842579230375,0.4564188675272761,0.3397715708377247,0.33118433170508743,0.23641018316159804,0.4938024514009114,0.2463440508860017,0.4113423599718403,0.3127759149562388,0.1924737275829676,0.3308114364280759,0.27526044615816514,0.184202623405691,0.306934589050574,0.19685516466404088,0.1700726406257472,0.32361911026772744,0.23270493055167532,-0.3645278413719586,1.6510936738143789,0.2697506048325096,-0.3515250729347678,0.21660867884763338,0.28309173564033513,0.20958944309697722,0.30620217151359475,0.3843384348241849,0.2056655759105744,0.19971849138314718,0.3883620416099455,0.31813080047593884,0.24142068547622705,0.028940398236049544,0.47290364692748693,0.33567050362027406,0.3890330641244232,0.5940909711050832,0.7467703758513329,0.35182908219303616,0.060749861613816174,0.25224318216883346,0.3171243285331548,0.49164419576879925,0.24576753960215872,0.05389356354621848,0.3102210649983327,0.33112022833525195,-0.14239654764828527,1.1131800443761666,0.06273506516958119,-0.5232270941393536,0.3394313769350806,0.0003755355352691411,0.027210797739969483,0.0663232146031404,-0.03605285647748798,-0.0518124797065648,0.0809041998906845,-0.14223386902111607
0.04098685128608371,0.2984131275473198,0.2509532020127583,0.21736917175027856,0.21866862136832368,0.2486487179570069,0.29795108274001736,0.19324290998630578,0.23716192075166057,0.1250738286317089,0.20492900256334998,0.2186024572887829,0.13992098347186777,0.20270587269737125,0.19116395653949694,0.1632860606147476,0.24392039578887087,0.2862639700344058,0.06098166623297371,0.2697506048325096,0.5076505993202076,0.025502339177962085,0.18860871061536588,0.22460424519158823,0.2741391783661619,0.2114633850377332,0.1687808298236432,0.17735812129175077,0.17082496756807375,0.2606441200593902,0.32389117206028,0.17752129956744184,0.2622273434473069,0.35598877618801383,0.15684145120364337,0.43558787961279066,0.46683025582427723,0.17011573070574865,0.2053876829689793,0.053759189129454994,0.42777838856443284,0.4395708420661984,0.3365452732067958,0.08180262349931831,0.3649553465477124,0.16900881332916523,0.3254535938547154,-0.04422225103757026,0.3893644982479639,0.1315017286482069,0.0664921945903701,-0.050802537765224476,-0.0566496851371361,-0.056605453870945115,0.08388609903956401,0.015129179667435549,-0.14210382647605044,0.029805319063928394,-0.013764039626906893
0.023803897606108702,0.06253154145399067,0.23827655038853762,0.11903930115995157,0.16870802003394747,0.34605845974010213,0.37187582487664844,0.13451830353256278,0.1283615782932907,0.0444219306541567,0.12081076815824354,0.1618860032356444,0.12916773508047416,0.15347379711312392,0.19406425880842482,0.1309388264577907,0.3608654472780722,0.09720010394680773,0.5809101934000122,-0.3515250729347678,0.025502339177962085,2.739585932988765,0.13298786971822676,0.13286268796245784,-0.05736194988063086,0.3141123099248322,0.13364517612079493,0.04928903372564768,0.6254427138386809,-0.17816669359460113,0.11011088430822759,0.5127210517428558,-0.033447430761950676,0.6267409255076763,0.0779430944144813,0.0872988309289765,-0.23492981322346881,-0.08711670759923323,0.5125707581755039,0.09339544607718589,-0.06276196998078298,0.013001804159208413,0.3726036261098057,0.09500822103366549,0.38553079865540973,-0.03715865982894337,0.16221967197626355,-0.007316813739000891,-0.26886913370975873,0.3390593936791826,-0.21749457101365996,-0.14674811263568302,-0.2874439516550914,-0.08935525137355224,-0.08381325349466405,0.12377852529220895,-0.1430345954158256,0.16832205469291692,-0.3034706029280347
0.087738663010507,0.2240493883027955,0.3248858875243669,0.2956184757241404,0.30761254025434875,0.1567154107527238,0.3036211317489158,0.19354504137824513,0.19751598864081285,0.18767628999990676,0.2103774151835227,0.34085558922353465,0.1343059625664091,0.24511349877035601,0.3430803789428857,0.2635069934517241,0.19304641407089185,0.606646215722282,0.013631972991960485,0.21660867884763338,0.18860871061536588,0.13298786971822676,1.4052962700655562,0.3161301251265406,0.30397165905417417,0.1483279736558759,0.17229476832903062,-0.34426737488402054,0.43652118012841357,0.28268333719857996,-0.20334765422118425,0.18003816998504063,-0.02514940149049764,0.5319655089782149,-0.2681044455191462,0.8243794403564382,0.20622900541974948,0.050718437570261066,0.05058784732605677,-0.12889411403866274,0.46902443179963055,0.2035536633325445,0.3456305944709835,0.2720873442616968,-0.1453788460658392,0.3506888163116872,0.3250826974403805,-0.1729427559064812,0.8128079897226755,-0.42861414627669286,0.8296732979692713,-0.396568373416026,0.1537617482742658,-0.12276048964793197,-0.18017125608647594,0.01841598246716696,-0.15724896843786768,0.26679218063880794,-0.18735794558899418
-0.023043315659571666,0.1784323173181243,0.24942397441756997,0.2113174807249001,0.19989601744298702,0.23786089157997325,0.3126220979675077,0.17579455377387554,0.25127447323147667,0.13487886928166878,0.20193776706932368,0.23702066119353113,0.1474287022778662,0.19672398977718772,0.192296405884965,0.1966832386754134,0.2286469449807474,0.16464674462380127,0.06777870719196057,0.28309173564033513,0.22460424519158823,0.13286268796245784,0.3161301251265406,0.6396467843014321,0.314155003785965,0.11138127878123444,0.19409759329135806,0.2132456792542472,0.2566336077570222,0.4558792127914222,0.33710564635774254,0.2753003400748922,0.49931069119745014,0.30368179818902863,0.11566760011550825,0.5171076005766926,0.3474329978324649,0.179617203891012,0.050374432998236685,-0.1174105813454024,0.37607283973164884,0.224659098986016,0.3013069678247262,0.16886660052407917,0.11356479337805293,0.15473912381387242,0.28927075245855505,-0.07136824506012769,0.6182254498454631,-0.1073660622926899,-0.03943514269576909,0.16071807265520127,0.04423339893420162,-0.05983883211639343,0.055927173593514026,0.02326454252960521,-0.022907861851155835,-0.08747621927789345,-0.014351483524253337
0.07637014719529556,0.17598767182849742,0.13750679581776182,0.12036394373983991,0.08255637164117474,0.1451786899476263,0.12865234852309337,0.10467509945741171,0.1440550576823044,0.1052403787688786,0.18291267080457832,0.23199996594583625,0.1052681011546086,0.22480315473342932,0.27176846645752406,-0.02738492950990385,0.2196437782903,0.19239099616578695,-0.03715262885184009,0.20958944309697722,0.2741391783661619,-0.05736194988063086,0.30397165905417417,0.314155003785965,2.97021652462596,0.18511099927908403,0.1553222150649618,0.12413402318679237,1.5148991975290418,0.6249712204953208,0.10122940364824339,0.19257540125655415,0.07695505641381709,0.8191885696881279,0.36102858304976904,0.44412307282333247,0.6407483042725607,0.15922658996533867,0.6321195746172119,0.22101335906369518,0.3754748346676922,0.2546690724819387,0.3732694258307272,0.195047584088591,0.8026839072882462,0.46048054942988687,0.5716818905645206,-0.1943339505467413,-0.42277215392051515,-0.6150766135568372,0.3699947359590633,-0.2666522246056922,0.3301123111010154,0.009486956168254132,-0.08867783575454269,0.046425444093950094,0.010833241232760624,0.11698736866804646,-0.19745449960460895
0.0807862875095457,0.17186564625199105,0.25185919952697894,0.20735651177750028,0.25228025522135983,0.26101631495615074,0.1606277210132241,0.22178963890150488,0.22222611321930155,0.12723930681933301,0.19504609664945685,0.18873735070953707,0.15569289798761465,0.23101811285166463,0.09021419284647324,0.18474673148370188,0.15309829771881106,0.45583875732037343,-0.07052306424424663,0.30620217151359475,0.2114633850377332,0.3141123099248322,0.1483279736558759,0.11138127878123444,0.18511099927908403,2.2235835790166036,0.26232774631715305,0.078376559715012,0.09089948842364137,-0.7200896167846305,0.3378473968378674,0.5419105566274092,-0.24503375538369848,0.4817292000210822,0.2843617152828706,0.15540263475171648,-0.2918773502383614,0.09439866761265553,0.340166983249072,0.37957917054629214,0.34482863022866556,0.23066716962099595,0.3142085188824172,0.10634293416357399,0.1997229441397311,-0.12177418398597493,0.11392735363545595,0.05995887065479836,0.9140650573817181,0.5566287093526389,0.23262333186522374,-0.46910766952021765,-0.33596988405984773,0.03764664908625734,-0.2105354143866448,-0.010595206213653736,0.029941923375566882,0.29917764414756376,-0.19307876266376814
0.05620351650115668,0.2522398569696723,0.26914818553457986,0.1643027691531851,0.16324697573578142,0.21402701457276055,0.2467337111267542,0.18746419914284773,0.18122606049346568,0.15076751277617023,0.21397327164663438,0.2811111446921598,0.1697644236118868,0.16130790860391142,0.15244289502742794,0.333096908324088,0.2062499591870336,0.1567395436256261,-0.009773986810787517,0.3843384348241849,0.1687808298236432,0.13364517612079493,0.17229476832903062,0.19409759329135806,0.1553222150649618,0.26232774631715305,0.5029898338840225,0.1435120663683246,0.15787373714005037,0.10544325610238577,0.1610907438044965,0.2945610485313316,0.11749942349296659,0.34312477724856993,0.13806879774482914,0.3542274896072449,0.1569988456166579,0.1800187885221958,0.17445167393800953,0.02387862061590642,0.18517187139304248,0.18321185236325976,0.3177789957653001,0.10769013053575874,0.0006106798380257869,0.12950214229937748,0.17354599369366286,-0.07935394372728918,0.6180686827352159,-0.0474865742294594,-0.12727151196206066,0.10484449369483055,-0.0011523920099272764,0.03059204288819178,0.03142443425660475,0.030924172822699124,-0.04141428074494366,0.03980756715010518,-0.11264468075622477
-0.01078147930674673,0.15855627710021172,0.1325150067958156,0.06822802949363492,0.03575687545173255,0.11856734581721763,0.14072736717062215,0.10307079952880285,0.11165965847865666,0.08845446131399423,0.10255886832634435,0.05563263130663158,0.08559088280534698,0.09505755527093705,0.026244965697160748,0.09852618496706025,0.2141695949129287,-0.04004985524215717,0.030983249529709662,0.2056655759105744,0.17735812129175077,0.04928903372564768,-0.34426737488402054,0.2132456792542472,0.12413402318679237,0.078376559715012,0.1435120663683246,1.0490097750972154,-0.25116890521912705,0.3028569032561338,0.4693232281157237,0.1055468144617021,0.5244213918649772,-0.006749974958710334,0.6674517655534258,0.33532971110062976,0.28657936320187616,0.1710557790493914,0.1588973588845446,0.06718513354262379,0.25847684898729256,0.15113598172264744,0.24429553398212128,0.25665474530618443,0.45822407205499843,-0.09869761902012578,0.08439557674923437,0.017921843683749293,0.048873432445170874,0.3056839762120283,-0.5301982713569283,0.5089286207042343,-0.40814879035425317,0.07846612938575168,0.17699612394822833,-0.012941529550421675,0.0033078238155073688,-0.17355921243757583,0.1620803810927344
-0.031871873462016954,0.21510959541207178,0.14074396230008215,0.14087048605618313,0.14566404832014082,0.2978113139530508,0.11094003167494725,0.18413522968924256,0.07800305163678876,0.0782256605428177,0.180785861325614,0.22111733646403023,0.10166602543439975,0.26443634357847395,0.3813295651769838,0.06796153443630436,0.20896585844931448,0.08935572669375613,0.1260414205904721,0.19971849138314718,0.17082496756807375,0.6254427138386809,0.43652118012841357,0.2566336077570222,1.5148991975290418,0.09089948842364137,0.15787373714005037,-0.25116890521912705,3.7972601301463254,0.6024987998979731,-0.27120622197803473,0.3428017588419998,-0.5404362735239429,1.2551322883469194,0.18283219556697852,0.29503760702009424,0.4007094783616189,-0.01209322228820274,0.17660401415389854,0.207559713229247,0.008460643288872624,0.1489116667614461,0.24902731355681504,-0.007205777056527259,0.9148616043069624,0.4396211741143012,0.8377302189674524,-0.2341793677324189,0.7371337493916092,-0.44337766386858324,-0.0153037778114975,0.02779980955022621,0.17336300227187393,0.05960255783307796,-0.3615985148030954,-0.04880649469892472,-0.13510170998366142,0.5425423108383023,-0.3153934670918382
0.002451241738235239,0.19980743402080045,-0.08942711802022728,0.09509284334766153,0.007005578916535101,0.043629094312465075,0.24879361909997638,0.1295841459640088,0.12227773682752055,0.13388349545696596,0.1163683028222595,0.12146099198539453,0.06835367333334799,0.20958745868042689,0.30374611730236367,0.09933196304647773,0.19703968185856974,-0.05412808699051094,0.005544127266436485,0.3883620416099455,0.2606441200593902,-0.17816669359460113,0.28268333719857996,0.4558792127914222,0.6249712204953208,-0.7200896167846305,0.10544325610238577,0.3028569032561338,0.6024987998979731,2.3315201660568263,0.15529048755170435,-0.0449072557204873,0.49223810981925764,0.14722845635150547,0.48519133942569187,0.45083767576599904,0.9999603959930147,0.31705260009037667,-0.1945432758073719,-0.2770305669813963,0.9742886228121356,0.2643540891326627,0.8144501247838462,0.36920715144358734,0.6695138062723323,0.4102477032399473,0.749452949628342,-0.15730755192282456,0.3542395978979046,-0.8743400271544538,0.15222157134386985,0.09844345779185504,0.45856849567764324,0.07374762196005975,0.11862255419419915,-0.1023632867047408,-0.18343582478506504,0.21133261633922487,-0.12536886522422372
0.04737020558277407,0.2868610345881639,0.31730079803323297,0.22583704635731816,0.17926721843661206,0.2729507962142077,0.2900376824787134,0.22457915906470005,0.31413166643705026,0.1599339609940954,0.21775406657676885,0.1568085115017751,0.14542540105305232,0.14279239335453442,0.03212441263146923,0.10612932106578044,0.22682210020950067,0.53171822000348,0.0635409923803102,0.31813080047593884,0.32389117206028,0.11011088430822759,-0.20334765422118425,0.33710564635774254,0.10122940364824339,0.3378473968378674,0.1610907438044965,0.4693232281157237,-0.27120622197803473,0.15529048755170435,1.5404362592540337,0.24475774299888664,0.5739148040666063,0.17975215265662486,0.28238001754218167,0.4492616446422402,0.16408594891658781,0.248869697704944,0.054108643593145836,-0.08547918492551054,0.3586465788044789,0.291411287225446,0.22360116477407677,0.0722855834841342,0.26918943510219906,0.028837683252677264,0.2825266133373667,-0.007155483457576486,-0.03712478811628593,0.7268297611308485,-0.42933828852465833,0.23837252984644028,-0.3827275641221896,-0.06088650747582132,0.2646131695915834,0.10796648551949271,0.1022995296433558,-0.2575866717325894,-0.08985280494937233
0.02510274403853573,0.1238141450755226,0.2351587445236157,0.1446267550452103,0.21432360663703923,0.26480063375751645,0.2551895453480226,0.1941098369335329,0.1764816510847027,0.13340109589508758,0.18829132741771337,0.237740520914912,0.15328391041497416,0.16806339729791553,0.06600086761951253,0.25914267945902314,0.19927154207304923,0.2197246676924825,0.07650934163006921,0.24142068547622705,0.17752129956744184,0.5127210517428558,0.18003816998504063,0.2753003400748922,0.19257540125655415,0.5419105566274092,0.2945610485313316,0.1055468144617021,0.3428017588419998,-0.0449072557204873,0.24475774299888664,0.8649650565632818,0.003985712744277458,0.5289332204364816,0.14353462170165376,0.35562604546614546,-0.26176639297361465,0.1387585807661352,0.23978634926634249,0.13447794699518045,0.19733887491955587,0.17629063146975524,0.239970461718954,0.09586513584182607,0.13932194962346067,0.06999362758917295,0.22067908236535158,-0.07110748398702264,0.36844310409856146,0.2271924449959305,-0.04206055893836662,-0.04327542933782382,-0.15502305428862392,0.051735967366065505,-0.14039076531378525,0.01781784731756061,0.3010251243031151,0.046286907562965295,-0.31712895354366827
0.05669227223321663,0.28028418272230604,0.2896612291346801,0.19451824512222124,0.15612944891992245,0.14158463638731825,0.3288345346436814,0.11561257123984137,0.25495978644918416,0.08013508940466363,0.1556178839082601,0.21703096352518542,0.13645404477800754,0.1055424309466355,0.179033184064228,0.12316686942922374,0.2572215524754063,0.09709974349444296,0.25100485895741204,0.028940398236049544,0.2622273434473069,-0.033447430761950676,-0.02514940149049764,0.49931069119745014,0.07695505641381709,-0.24503375538369848,0.11749942349296659,0.5244213918649772,-0.5404362735239429,0.49223810981925764,0.5739148040666063,0.003985712744277458,2.045051101921434,-0.4511470934461744,-0.4583230792401722,0.370564722110884,0.7927280737731299,0.12198512764003654,-0.1010630537974767,-0.36495009803269773,0.5217319078051417,0.2283043988738392,0.2753956568752309,0.09929387676675827,-0.023042429925264066,0.08385592096558064,0.13978520833299848,0.0482200234139986,0.3590612007166455,-0.008331412161761108,0.2358402000506053,0.176378724921425,0.041132869746030414,-0.3575554020934438,0.09623586124155525,0.034784512245178166,-0.1792135083198713,-0.06222118383217417,0.14216946033550132
-0.1519852692065744,0.3635401087742247,0.4237912174155315,0.3394366645841449,0.3868186911953917,0.42406575443301536,0.386409771587194,0.3622372798841468,0.29404804943378926,0.2513649772767903,0.33012697366497307,0.371431268252047,0.22262121886097103,0.3519784233909823,0.38112067280111817,0.31832445099045203,0.3544987781836494,0.4124334619624084,0.021023415560990064,0.47290364692748693,0.35598877618801383,0.6267409255076763,0.5319655089782149,0.30368179818902863,0.8191885696881279,0.4817292000210822,0.34312477724856993,-0.006749974958710334,1.2551322883469194,0.14722845635150547,0.17975215265662486,0.5289332204364816,-0.4511470934461744,2.3659225338498038,0.3962613271773775,0.5067290030903563,0.5569439538744612,0.11896122023974494,0.3959870996753475,0.07152735796186034,0.5310941145238585,0.3725963865919752,0.7597637548374407,0.29052865148340457,0.7321383709442528,0.23097855276402748,0.6711663517650063,-0.08065828164830055,0.5344320988877642,-0.3621790347123487,-0.09158240054546032,0.039019772810825054,0.11909141663013936,-0.01969679157355959,-0.1016412785453018,0.09293306122813728,-0.17666914387632107,0.206019075468132,-0.18755663012918738
