1.0915787164350292,0.43208851815324395,0.34482371852158117,-0.038801289822311964,0.2710509038718412,0.21186933303542352,0.31210759360334656,0.2265509784439664,0.08886336750449718,0.17514365030618173,0.1945665926831265,0.20788351588737153,0.17818270794972582,0.22519892789272816,0.22643917102926422,0.2127688368048529,0.1768441528138125,0.1796329086033558,0.05540351402359544,0.1706175365355264,0.22557487748483238,0.15417181735346275,0.11541122625018786,0.048158639173003844,0.2203748788323405,0.14486736504441808,0.1602419378125344,0.11695548820754278,0.2255691118616308,-0.008767040486774293,0.1517686930436175,0.11066960203527802,0.07112627496552536,0.061940445297204536,0.23613388881099834,0.18776288481969264,0.1096556875513921,0.1231782891158868,0.1687880333561608,0.1441240411853511,0.2040482668617305,0.19576940217700645,0.18637379130611872,0.0301332708488657,0.15951687393627656,0.29912616945881826,0.2619797096785621,0.041358644308898525,-0.07813150241930948,-0.08248697821906194,-0.023952137664182888,-0.03550779735593461,0.04706566715186238,0.04181461341469757,0.15949547841377237,0.06523621446556047,-0.19436671447031867,-0.11091718775977114,0.09382051937577346
0.43208851815324395,4.542383419747704,0.3857320558118897,-0.5023615038868147,0.14250868853665843,0.4059582336081948,-0.03598299116599803,0.0476919411974906,0.13703389649967707,0.12078299924524734,0.045080019515779744,0.045302652908927814,0.039948492184122504,0.10355003645250534,0.044898888758697936,0.04713192714637924,-0.043798245105807966,0.0473724201658596,-0.2973724480841251,0.2539476303315035,0.3292539794292357,0.04102901037676079,-0.043557084529577614,-0.07934237734662414,0.021220910778099927,0.2565602930625939,0.09019481988481014,0.08226643642471403,0.13382987990094647,-0.27891470925758594,0.036593959492593045,0.0886513431359743,-0.14448260337403027,0.12099233811754165,0.15244495300208513,-0.04080879109349808,-0.012051746812837666,0.18652140615071328,-0.1346278520261708,0.13256774456940656,0.14373364414041978,0.22813334912240196,0.24664934094524973,0.028574668709987934,0.27243794187615633,0.11222067766407036,0.24449441628513818,0.05880025554853925,1.2703297354330243,-0.5578187686184288,0.220825207139774,0.3461766482717317,-0.11218900281628076,0.03880938810590615,-0.7191932039036987,0.05837849049765756,0.0899548990559294,0.5811852118913602,-0.0743999115593273
0.34482371852158117,0.3857320558118897,2.474184792547012,0.21072176269270596,-0.0021322148024653675,0.6004366915222225,0.11130546150030882,0.3117961597109517,0.26915254537428857,0.5120139388525085,0.40095758895836253,0.4291217454161035,0.3770228399159361,0.3388013353920854,0.30142010881596004,0.3840685762339255,0.4805537001998644,0.28193779042549993,0.2514728825162579,0.3371735997219132,0.3770169196005288,0.3512313084734334,0.1276018265186665,0.2093687405716542,0.3470404400715702,0.29270791348433794,0.3445143301598244,0.3747781679452693,0.4606661131940491,-0.4862518074940844,0.31697769378880314,0.32127155735818197,0.23703546443390314,0.4026927662840684,0.45846221722478225,0.48339497858078334,0.4546926099861162,0.2730644260579042,0.19974234059462637,0.07469693963953125,0.40248673401452145,0.35999502666095984,0.3068866113200121,0.07913727960643374,0.2944386984911943,0.7013145940459415,0.6859152377299194,-0.05329060343607208,0.13290295616781406,-0.021690314951938988,-0.10261305732599213,0.19556669221153364,-0.030456817531534567,-0.07288299740024731,0.2011367012397021,0.11601687327616975,-0.14876160551323164,-0.16560844376406705,-0.03148075341127383
-0.038801289822311964,-0.5023615038868147,0.21072176269270596,2.7911605013229366,0.6264469561022388,0.5177205492065287,0.6463371449566864,0.8348134850118791,0.3058807927193524,0.37832301527922363,0.4312123807475099,0.520719715585745,0.40746917633091045,0.657631982680022,0.3660887914877463,0.6087817845697702,0.5592823989503095,0.2804919450347899,0.13949835707639385,0.40578080303831965,0.3295967442352512,0.4063208589518334,0.36661722718619577,0.4199120232405628,0.3793706878139078,0.5159610386640595,0.3947915363350236,-0.048497687849982686,0.5377080102519786,0.2290550339959246,0.22773547387732423,0.4539075789088342,0.2619722739394784,0.5339816116381233,-0.3012381814105406,0.34148278293420536,0.3637580221570758,0.28020140749922284,0.33621070352686044,0.17300587165886464,0.2852465680549993,0.3464114693858081,0.3986684748494537,0.053588090906502135,0.10066819722797707,0.4976938651858453,0.7330745352612791,-0.04436873917353905,0.9374440568511204,-0.17452087836464314,-0.03716980035323433,0.11522701456825032,0.09462146875378717,-0.03364033344352034,-0.333931259808934,-0.05427308778747112,-0.29375246938920885,0.4590452590868995,0.09730440022291222
0.2710509038718412,0.14250868853665843,-0.0021322148024653675,0.6264469561022388,1.5908028201121565,0.5090383137918565,0.36073010159969204,0.5074483753863046,0.18273180823889634,0.20648598766997298,0.34784163164246695,0.4185828611693141,0.3518181444487027,0.37601565345394544,0.31622505909616483,0.4182726362581307,0.34108170207125665,0.26794874609879415,0.04343888267838478,0.32488961183382264,0.27151026868530104,0.28043145070672937,0.30768891223089223,0.30586567637064466,0.2860036113207977,0.3651203686478497,0.2861618386415222,-0.08903152205133949,0.42780258876830135,-0.08403880564793159,0.20483203979451614,0.3899352719536303,0.16630012895205015,0.40958520421131417,-0.19782366733376072,0.2906402853043621,0.2257426924630427,0.2025847841911429,0.19894940650905088,0.1408082630539134,0.23585284314463162,0.28342789757317977,0.16535480103324737,0.03091285389107868,-0.07188917072026076,0.39496878090293513,0.5510503155315658,0.04094079153570642,0.4252124759770493,-0.23768829981334094,0.05761317895032953,0.009081493124917564,0.18932094670402255,-0.013375740423166398,-0.021922122994221336,-0.15796742214949658,-0.22251857685571808,-0.002505964543717294,0.4100775386867359
0.21186933303542352,0.4059582336081948,0.6004366915222225,0.5177205492065287,0.5090383137918565,1.054451984786174,0.03724251790815756,0.38786823335699416,0.19958894754121032,0.217321162099723,0.368616456786703,0.4164831930197804,0.34638114619484756,0.4738633395066588,0.2749549632957253,0.44191609983894947,0.4299377940892219,0.21856477640830582,0.1513730023240341,0.42602118510426307,0.3921399212804177,0.32932793301443947,0.18427123668884468,0.2550579980534761,0.3097789446851232,0.3399739040828593,0.32087146112452186,0.17051010705019992,0.5035200246970327,-0.17573824613464498,0.20764322007952046,0.3775952382662698,0.09476261077516479,0.44446719870123347,0.1724250278180831,0.195419589232431,0.3278162029575617,0.28715237121586706,0.22551346654524104,0.17819731823884602,0.2268655466844706,0.3579495386462337,0.36763609167566197,0.05907112087797681,0.24972850608042416,0.4022698093292619,0.8178963147411957,0.13364295235486578,0.2906101341921103,0.04963038655103801,-0.2653421636212023,0.23950580050708603,-0.14038104792277797,0.010450087253553364,-0.02016170142867883,-0.08579005902861725,-0.23307843124529473,0.02492781175408788,0.28651328786639013
0.31210759360334656,-0.03598299116599803,0.11130546150030882,0.6463371449566864,0.36073010159969204,0.03724251790815756,0.9868988076404778,0.2991098503566668,0.13150682549212508,0.23180990318115877,0.28737915913408796,0.28868673533036365,0.26386002045228796,0.12826893424655667,0.24241301996613454,0.23550329293188366,0.3038006809388913,0.24789586663884364,0.09437387084668904,0.22370060340399558,0.2311580074093044,0.2250049963861907,0.19628111260675626,0.21515721580512676,0.20306342253870124,0.18405892869798132,0.22565951125277509,0.029801054404828876,0.22957318390923337,0.21106826616802424,0.1904822494321423,0.25064677634032173,0.20373948616516782,0.20859974952564597,-0.018846450546876177,0.30615989490273976,0.15826474305888344,0.14162834381849648,0.2673617647853836,0.14097005223522166,0.1769822807713286,0.21414407114367318,0.19655975216241395,0.03121274539349719,0.07047325950758584,0.3492797445763759,0.11147508013721155,-0.09309324773482504,0.2741008063377647,-0.07364721130250537,0.006576084379596649,-0.025950270502277738,0.14911389882924636,-0.02490111369692205,-0.050048911947190126,0.09290657533647508,-0.142317371460276,0.03181842225722906,0.030000350152866638
0.2265509784439664,0.0476919411974906,0.3117961597109517,0.8348134850118791,0.5074483753863046,0.38786823335699416,0.2991098503566668,1.119649671087322,0.17174556723197232,0.358012440115361,0.29370145394786734,0.2339440737014702,0.3162739721149746,0.48635374005972204,0.22926981924748316,0.39299304084250936,0.4414053156821734,0.18469080314061748,0.15848240583478906,0.39751932062167084,0.25307628642460434,0.2705866807701682,0.18256191973100014,0.24507273441263136,0.3273134274011173,0.40263279804656865,0.2737486631925106,0.08385756437291925,0.4306633247718588,0.19876837737500058,0.19640836556303518,0.22573345327574557,0.12450592092519769,0.4214907529241138,0.23035495267250958,0.16571136642773043,0.40040804373198596,0.2356250897384754,0.36281193677864837,0.19613602828393603,0.31000090522069645,0.27512108862790324,0.3817388897198434,0.06496022852901699,0.20900607001489835,0.41165996890825723,0.7287607076405898,0.12483309314086828,0.7343741759608745,-0.17281176438905688,-0.04814684037841456,0.08422821074618027,0.18999181979882518,-0.06727814986390956,-0.12436497181242567,-0.009070071658044375,-0.35476410495511357,0.3462884863281563,0.11949759093365911
0.08886336750449718,0.13703389649967707,0.26915254537428857,0.3058807927193524,0.18273180823889634,0.19958894754121032,0.13150682549212508,0.17174556723197232,0.816882217231773,0.10220939774915032,0.13145223435131506,0.11471048994244484,0.15477390417792328,0.18177447520376805,0.12344474003835229,0.13595067207658248,0.12907610338688025,0.055940551691975905,-0.06910288713891219,0.20522508883310897,0.17683573690695403,0.3149165373958769,0.16199132417008355,0.24465490240705975,0.09090083261361852,0.3828758918269813,0.15751292085028518,0.029253446565107574,0.1692992777267864,0.03412149459908317,0.16718458121588858,0.2950606113906027,0.19888424499731303,0.26544667570881353,0.0388964240880577,0.18669171215724426,0.2092639823023249,0.158397871293518,0.09492586326079269,0.05412820706109287,0.1555196871047073,0.18502845266817278,0.16643746945775406,0.04043421685187989,0.003438347726858306,0.2723198865967365,0.31669939667980646,-0.04726033600365528,0.861206950009635,-0.3498688803897251,-0.03374756974430032,0.1251040115165377,0.28759444057574607,-0.11177441675637648,-0.043581419823733085,0.029791401027562343,-0.03289480540233711,-0.03184604995519081,0.08930864481844003
0.17514365030618173,0.12078299924524734,0.5120139388525085,0.37832301527922363,0.20648598766997298,0.217321162099723,0.23180990318115877,0.358012440115361,0.10220939774915032,0.7394480098926759,0.25434673473813146,0.2649184678765695,0.24909578387091738,0.2575118927448495,0.2484644492672144,0.2621864784492175,0.305146775241989,0.15274667035468154,0.07599412701518796,0.19932768602120846,0.18946899492736216,0.20594435001816147,0.16834139076088867,0.16021783667170572,0.2544206929395207,0.21566544514260677,0.21990929028873527,0.09727241921829279,0.30107418795463886,-0.001039845027021871,0.16205782110958628,0.22641928398031774,0.08186269169196056,0.3009047286975721,0.2567693719592445,0.24411548847982628,0.24635159222472766,0.13302840405054758,0.19680012338445727,0.13938324808025931,0.32354111648385725,0.20236179198535345,0.21234121101794845,0.048274711311294106,0.07469184006134415,0.3805505080885161,0.5526709856114074,0.0016558010149012416,0.23549605441147814,-0.10228329064394054,-0.03420385986654976,-0.06064200801291892,0.14097690189413592,0.03572991679244288,0.10303667677079244,0.1277162473337231,-0.08523676639004577,-0.1817561772239518,0.09603921182800951
0.1945665926831265,0.045080019515779744,0.40095758895836253,0.4312123807475099,0.34784163164246695,0.368616456786703,0.28737915913408796,0.29370145394786734,0.13145223435131506,0.25434673473813146,0.5911368037646055,0.37149228829472525,0.41818350341270316,0.2629537564540857,0.3186426505936543,0.3343306932960572,0.40203899821661476,0.2637084883158927,0.09524260047456343,0.34986188451914113,0.27356668843224746,0.2576078129154409,0.17696054296221847,0.25196997339568544,0.2623379499143264,0.24070280578265651,0.30463813677206697,0.17054584442129384,0.38759150293949024,0.026164811668520194,0.24020540874593801,0.2830950771761462,0.21692249624689716,0.29027621117690094,0.18625210729936567,0.30948591780653134,0.2952075724260702,0.2102180248669993,0.2905903340447134,0.16596868477425245,0.2525553773907169,0.2783886304470199,0.27560782373410747,0.050482391103608165,0.12310892449127336,0.43495336947977764,0.4778483382165283,-0.017901082469455976,0.3575683713367266,0.009684572631857381,-0.10276301277937343,0.06480436958470784,0.05020987400113788,-0.0447971390443741,0.03806163847839022,-0.013902460908949931,-0.12521227789192002,-0.06180655839118462,0.15287577857894577
0.20788351588737153,0.045302652908927814,0.4291217454161035,0.520719715585745,0.4185828611693141,0.4164831930197804,0.28868673533036365,0.2339440737014702,0.11471048994244484,0.2649184678765695,0.37149228829472525,0.6564049500610167,0.2677364771305916,0.3107838331064544,0.2832704782906079,0.3689781408788423,0.3711564667514286,0.32581457379851936,0.10586226459452173,0.2597854531448769,0.281511164881837,0.23499359177863902,0.21458098013387705,0.20726445901245547,0.3002461915687466,0.2623072750957689,0.3148452180307701,0.1253171601511545,0.2875360085370761,-0.06078892705580543,0.22662178754285067,0.316589531229043,0.16432335416139773,0.28321352275168876,0.18561041418166319,0.3286331721777093,0.15402283785151918,0.18854950321506017,0.20267007115057048,0.1693604019167821,0.22454759462705334,0.27245362053613914,0.2679935515300673,0.03325774982334122,0.19610784239496926,0.4285627165010403,0.4872628181354516,0.025580587371155747,0.0006891561210018916,-0.03480751536442117,-0.07121201449254835,-0.03668410287603419,0.038410450566476954,0.037793039785782974,-0.013470295429135028,0.044637741884457266,-0.20727338429074593,-0.01379290171854038,0.043720250897744305
0.17818270794972582,0.039948492184122504,0.3770228399159361,0.40746917633091045,0.3518181444487027,0.34638114619484756,0.26386002045228796,0.3162739721149746,0.15477390417792328,0.24909578387091738,0.41818350341270316,0.2677364771305916,0.6822375359068034,0.2625835305608508,0.17217396291295511,0.32943509476248684,0.3423680311749335,0.26950063182333717,0.17970466479674327,0.26963100224451525,0.2565757646084052,0.3431340576561628,0.1611093880156037,0.2939863304587427,0.22172758402022708,0.2547166512677815,0.3084576201558097,0.19945107560170522,0.40681703227294364,0.05309354267828927,0.23045456681969606,0.27424388879717626,0.27327294685990333,0.25934152579120084,0.15103060051398606,0.3009264695448225,0.31432491406401447,0.15986187850681466,0.29952538175072346,0.13570132848068547,0.22195984329441237,0.2611958555477173,0.27479318401853947,0.06531418932685519,0.054738004768301346,0.40168194421063275,0.4306156255105557,-0.03651005362305933,0.473578460441799,0.09750782977744578,-0.08151634990522988,0.07272834761724471,-0.012746964495214543,-0.10087592139903742,0.05620308330100281,-0.06709765347706953,-0.04778547084019053,-0.147779160937246,0.22900899774695502
0.22519892789272816,0.10355003645250534,0.3388013353920854,0.657631982680022,0.37601565345394544,0.4738633395066588,0.12826893424655667,0.48635374005972204,0.18177447520376805,0.2575118927448495,0.2629537564540857,0.3107838331064544,0.2625835305608508,0.6801705962011692,0.3582663291010666,0.46279504770689883,0.35746246493922346,0.10506266866710831,0.12656160052350524,0.3123113726884118,0.2811704967029819,0.2411055269452494,0.17110163114466578,0.23895168834641276,0.303499506965361,0.35479124390759637,0.265289131553283,0.16090858030766705,0.3798596090118794,0.07828475187690816,0.15090243170008763,0.2771875531984274,0.11521219045760624,0.3246674953599013,0.26588839869344166,0.20833242029402652,0.26721851026368,0.2174429881035007,0.18508162916019905,0.1834557806356448,0.3208889628870414,0.29489073120678105,0.3146509655175969,0.056032277333141,0.14759331131209077,0.4050216860678898,0.6372442544170265,0.12501875155346634,0.6506291607203856,-0.08431304985874548,-0.11145880417667169,0.01006025506903901,0.009829784588215058,0.07257944590990309,-0.06711834084431405,-0.00034631954317892793,-0.35217021993590125,0.18526270413008317,0.2249935995581149
0.22643917102926422,0.044898888758697936,0.30142010881596004,0.3660887914877463,0.31622505909616483,0.2749549632957253,0.24241301996613454,0.22926981924748316,0.12344474003835229,0.2484644492672144,0.3186426505936543,0.2832704782906079,0.17217396291295511,0.3582663291010666,0.9069882637447296,0.29599302764495705,0.36335716648677613,0.14788723781300286,0.11620382791682021,0.3683202511193322,0.26175804246608936,0.08256929742086899,0.14013055536021804,0.2359329388455508,0.27980790613640644,0.17895119253375216,0.24964761657003853,0.2595837621801412,0.33247205919349115,0.24198402559940282,0.20128268454101877,0.2690585603598261,0.20683796676550173,0.237789208284633,0.25256067537458204,0.32237421112707465,0.2696940505787306,0.2281324601212878,0.24626174145830576,0.188495257616427,0.3530318130290909,0.2765511050405825,0.22935132773570663,0.04633639515506401,0.07528809897109932,0.4919318600881802,0.46650700013310736,0.02245442072030061,0.4583921871654642,0.18183624555528302,-0.14503228971778964,0.026277217931611477,-0.11640477317289141,0.07754326432686139,0.04516546394163691,0.10828555740743653,-0.3532514043284909,-0.049336663842203206,0.31077914398416323
0.2127688368048529,0.04713192714637924,0.3840685762339255,0.6087817845697702,0.4182726362581307,0.44191609983894947,0.23550329293188366,0.39299304084250936,0.13595067207658248,0.2621864784492175,0.3343306932960572,0.3689781408788423,0.32943509476248684,0.46279504770689883,0.29599302764495705,0.7208936692481597,0.43734072337139956,0.19352270952202968,0.1547969325030421,0.30197531173920544,0.3138142790461003,0.34098993648453235,0.18233198702150177,0.24168892532468284,0.2955471794894704,0.2494409460242765,0.3332154071382886,0.19494870058497046,0.4214423813802616,0.048079633904221736,0.20384198276169826,0.28766412102722533,0.13400696949851376,0.338721466239072,0.37750445300539126,0.29149138493350313,0.29588569500892725,0.2120666825108835,0.2526931196891746,0.21108338282369898,0.3380645008059882,0.33750403192779865,0.3507679155723092,0.05875606218872654,0.17705689152797968,0.44740088289541613,0.6021633389735673,0.07118822732250149,0.3368836744562216,-0.22229359239121899,-0.10885195419726547,0.0032655459554888234,0.11572476122989002,0.04829838302010522,0.05692483493802618,-0.020171534754628965,-0.29223728907552665,-0.05070576361231297,0.3153755004189451
0.1768441528138125,-0.043798245105807966,0.4805537001998644,0.5592823989503095,0.34108170207125665,0.4299377940892219,0.3038006809388913,0.4414053156821734,0.12907610338688025,0.305146775241989,0.40203899821661476,0.3711564667514286,0.3423680311749335,0.35746246493922346,0.36335716648677613,0.43734072337139956,0.93528929947723,0.2316291553691771,0.18973880294132048,0.45068645214198316,0.3138315934928607,0.3017632672189102,0.18504133681136015,0.25079253073111946,0.35820344412457783,0.16296656948852345,0.331680335414008,0.2984338364637352,0.4814828728383632,0.0023418473611039985,0.2724323351480969,0.25411694047968736,0.2374033355106158,0.3340977018679269,0.2662898214390844,0.34161827972650904,0.49252533527742975,0.28975399735137014,0.38561501949363,0.2234586855568745,0.35428555956628466,0.3258649304883099,0.3587186617992206,0.06592783590334503,0.21573745734602232,0.5070204290197657,0.7266011965611754,-0.028804122157255956,0.37374307931881945,0.40236545292005094,-0.1251502212827836,0.09177515370398612,-0.19342548124196335,-0.02674926269779394,0.1463574851089094,-0.014983264188022222,-0.27395779344320964,-0.1389688875731219,0.39229620451134656
0.1796329086033558,0.0473724201658596,0.28193779042549993,0.2804919450347899,0.26794874609879415,0.21856477640830582,0.24789586663884364,0.18469080314061748,0.055940551691975905,0.15274667035468154,0.2637084883158927,0.32581457379851936,0.26950063182333717,0.10506266866710831,0.14788723781300286,0.19352270952202968,0.2316291553691771,1.0756416559211968,0.13480088868107845,0.048440353631972535,0.2577174112178927,0.24721986046489383,0.3572033832860133,0.20204707188816098,0.22461092082729658,0.25206605609385596,0.2059358476643714,0.2934031240875521,0.22039058675002732,-0.12400591507322256,0.30430448086222767,0.17387648125187577,0.3210320186805304,0.11711720712197561,0.03220517636723147,0.3363741822720012,0.18685222728614848,0.0908572731619598,0.161980935101818,0.12337798267105951,0.1254032952921657,0.18945695942321936,0.3398895456717709,0.04902807998760832,0.2509412849094419,0.3471039316903435,0.2866162319543586,-0.018992219454223996,0.02701685037362053,0.4539915849572713,0.12507817401555132,0.058659312289533354,-0.42221950409368847,-0.09547312479377519,0.04190870092378716,0.023754076631925698,-0.0542706182106058,-0.046785421522257536,-0.036919608027700904
0.05540351402359544,-0.2973724480841251,0.2514728825162579,0.13949835707639385,0.04343888267838478,0.1513730023240341,0.09437387084668904,0.15848240583478906,-0.06910288713891219,0.07599412701518796,0.09524260047456343,0.10586226459452173,0.17970466479674327,0.12656160052350524,0.11620382791682021,0.1547969325030421,0.18973880294132048,0.13480088868107845,1.0134657933583604,-0.03565898071396205,0.14682576700981048,0.11779622967741067,-0.16173130179863254,0.0889190190478542,0.14591828195590503,-0.030289630807016108,0.07619792942537298,0.2818225702907516,0.10834506597423725,0.23930354836676201,0.09308053442587393,0.03734668892160975,0.1842521298308466,0.005522672188764648,0.12669969526169794,0.07793033016636612,0.14258525597932933,0.0008769235967422013,0.25319200572452416,0.02940130160674286,0.06051289292880901,0.1036385017642057,0.05218552493923659,0.021449047613589355,0.014822094524299872,0.19841045983839722,-0.029767598458227178,0.19371248678434275,-0.3668221490391534,0.4903821343596886,-0.02486847643015873,0.05860588824775042,-0.33498025841972207,-0.06213040949732888,0.08535311307004628,-0.007395171824338968,-0.07807864220148077,-0.01763191137524866,0.01670838205045502
0.1706175365355264,0.2539476303315035,0.3371735997219132,0.40578080303831965,0.32488961183382264,0.42602118510426307,0.22370060340399558,0.39751932062167084,0.20522508883310897,0.19932768602120846,0.34986188451914113,0.2597854531448769,0.26963100224451525,0.3123113726884118,0.3683202511193322,0.30197531173920544,0.45068645214198316,0.048440353631972535,-0.03565898071396205,1.3047096573437582,0.21748700490920214,0.11827319747367356,0.05452952904486251,0.3468381294715185,0.2673758661778096,0.15110830524426225,0.4059927773444798,0.16621715869131495,0.5065002949889285,0.5102710798122596,0.4248651629838766,0.36848820842170377,0.2398756233738163,0.4738768046378729,0.29541747228108545,0.22169664366557562,0.7812288505945852,0.6779803795621385,0.5624345680316652,0.3710809486989393,0.4444260474967341,0.3342233994803989,0.7614661326092912,0.06510012397808863,0.7070229651585578,0.6593238900882495,0.6616992858432514,0.260550977122047,0.8850836419707607,-0.2200607455671296,-0.2149580804946356,-0.00692103154791279,0.3378363350320767,-0.04115129077309377,0.010703787327847375,-0.0674220246341316,-0.19090079150228928,-0.079327837707175,0.3652362777916929
0.22557487748483238,0.3292539794292357,0.3770169196005288,0.3295967442352512,0.27151026868530104,0.3921399212804177,0.2311580074093044,0.25307628642460434,0.17683573690695403,0.18946899492736216,0.27356668843224746,0.281511164881837,0.2565757646084052,0.2811704967029819,0.26175804246608936,0.3138142790461003,0.3138315934928607,0.2577174112178927,0.14682576700981048,0.21748700490920214,0.6896436646310572,0.25023262406697616,0.12314931263186907,0.13694798622312515,0.2170087990787765,0.19007772047779814,0.23090932473190937,0.26161780380656424,0.2850284942592677,-0.0884505168259836,0.2098149933341717,0.22193891233158453,0.2050229537738568,0.20696807822954938,0.2843938155246733,0.27387111768869654,0.228018965202411,0.19265549604757864,0.15145337352687777,0.2066666473699638,0.2402257120963983,0.4807851540056801,0.2796999305502621,0.03109405574958083,0.24768564272277604,0.3807127007951312,0.5603935552511291,-0.000833336583768937,0.12058150122428973,-0.014907211964639839,-0.08418724705565955,0.13264271480003004,-0.06744603242113377,-0.00030171217865132826,0.010298771716592442,0.0471511164666409,-0.2042519082485583,-0.011814666509335183,0.16268293680711496
0.15417181735346275,0.04102901037676079,0.3512313084734334,0.4063208589518334,0.28043145070672937,0.32932793301443947,0.2250049963861907,0.2705866807701682,0.3149165373958769,0.20594435001816147,0.2576078129154409,0.23499359177863902,0.3431340576561628,0.2411055269452494,0.08256929742086899,0.34098993648453235,0.3017632672189102,0.24721986046489383,0.11779622967741067,0.11827319747367356,0.25023262406697616,0.7645457354431965,0.31357526090735405,0.26371756951126674,0.17049783575861782,0.24442429964509818,0.24607186871351588,0.07201368915311356,0.38870749728944254,-0.061961435179133134,0.189680342845465,0.3938701412708556,0.16700648515031102,0.35948726324516905,0.13158030773296653,0.30469352177262105,0.18825254977644146,0.14458836970133004,0.25726574115847,0.10504265485561527,0.20415330424764347,0.2440871898611237,0.21986606888637142,0.07924366753406589,-0.028807553808613214,0.35313111958132176,0.459058949456005,-0.052216569514061,0.2587871014773405,-0.14212476148237618,-0.061598359087440824,-0.010899677827623834,0.15943474333256968,-0.07977871750262665,0.04946166922977784,-0.00037812302863492284,-0.1123160776846049,-0.1106578954451712,0.16878259793946182
0.11541122625018786,-0.043557084529577614,0.1276018265186665,0.36661722718619577,0.30768891223089223,0.18427123668884468,0.19628111260675626,0.18256191973100014,0.16199132417008355,0.16834139076088867,0.17696054296221847,0.21458098013387705,0.1611093880156037,0.17110163114466578,0.14013055536021804,0.18233198702150177,0.18504133681136015,0.3572033832860133,-0.16173130179863254,0.05452952904486251,0.12314931263186907,0.31357526090735405,1.3158810340373877,0.4188209361766344,0.30362527209630474,0.0740068399788361,0.16475905566508497,-0.07582208070775599,0.47489096715317936,0.12432039414099336,0.03284876706172813,0.32017605046675957,0.2810577476016445,0.26919224546212533,-0.13350597904521616,0.48923340250056296,0.2264104599814196,0.08714291801176371,0.2765481282294865,0.16793111963914403,0.1946315731114963,0.15333900974946765,0.19631056811853423,0.1382796030098476,-0.10756709278199274,0.41568970035481373,0.5397219398588485,-0.017185868414581685,0.4666459831052029,-0.07190663577935999,-0.028139909762306705,0.0805162395350274,0.14226891165547884,0.006702819231521613,0.07564997386448667,-0.05027792404931699,-0.10480762553464233,-0.0999365993255353,0.19011091748128822
0.048158639173003844,-0.07934237734662414,0.2093687405716542,0.4199120232405628,0.30586567637064466,0.2550579980534761,0.21515721580512676,0.24507273441263136,0.24465490240705975,0.16021783667170572,0.25196997339568544,0.20726445901245547,0.2939863304587427,0.23895168834641276,0.2359329388455508,0.24168892532468284,0.25079253073111946,0.20204707188816098,0.0889190190478542,0.3468381294715185,0.13694798622312515,0.26371756951126674,0.4188209361766344,0.8401793437788073,0.2384621175453591,0.10606736392483944,0.2719940183758474,0.19196648563733867,0.37338448944691466,0.5728748269484983,0.25405280162326943,0.5651876783765417,0.6704326198007293,0.14253789505012357,0.019880618017305954,0.670926252552404,0.31452630274805843,0.25247643221854565,0.33098898675903904,0.1104462164774965,0.16569359609227455,0.22576483474242262,0.18869926224276734,0.062390728011116545,-0.048114300894205674,0.6048883468875632,0.5744333999174349,-0.3502327925777441,1.0491616112382316,-0.06183583213070986,-0.20376557317587907,0.08766095528990682,0.3119364878994462,-0.13179843293644808,0.06705606531595017,-0.16004651870871892,-0.04692546036913618,-0.22767618975385484,0.4202724576167899
0.2203748788323405,0.021220910778099927,0.3470404400715702,0.3793706878139078,0.2860036113207977,0.3097789446851232,0.20306342253870124,0.3273134274011173,0.09090083261361852,0.2544206929395207,0.2623379499143264,0.3002461915687466,0.22172758402022708,0.303499506965361,0.27980790613640644,0.2955471794894704,0.35820344412457783,0.22461092082729658,0.14591828195590503,0.2673758661778096,0.2170087990787765,0.17049783575861782,0.30362527209630474,0.2384621175453591,1.030849956173099,0.1795401956752983,0.24831216068234901,0.10508834602198286,0.7272916229518417,0.20715676445885856,0.2020733055258956,0.2791233407457132,0.0718931490172743,0.4508209061099057,0.25247077815808666,0.2974177930771711,0.4113205776379675,0.19948442261010677,0.27512101652847726,0.15886159147113965,0.3255917875131173,0.23199522294459665,0.30242022272294483,0.07517871991115602,0.2104184246392853,0.55804706213838,0.5409807267133655,-0.09633689312913069,-0.2267233988781917,-0.17480842047615558,-0.009891959275274271,-0.05161211608962307,0.10272325185726044,0.05408871050465498,0.08194248665590428,0.033084127813360474,-0.17872451285531002,0.01614299634116872,0.027408376187014805
0.14486736504441808,0.2565602930625939,0.29270791348433794,0.5159610386640595,0.3651203686478497,0.3399739040828593,0.18405892869798132,0.40263279804656865,0.3828758918269813,0.21566544514260677,0.24070280578265651,0.2623072750957689,0.2547166512677815,0.35479124390759637,0.17895119253375216,0.2494409460242765,0.16296656948852345,0.25206605609385596,-0.030289630807016108,0.15110830524426225,0.19007772047779814,0.24442429964509818,0.0740068399788361,0.10606736392483944,0.1795401956752983,1.5205159427194588,0.19991800922606098,0.08110228135566251,0.11906319246309624,-0.3330525990782123,0.17951369594435082,0.27474365708192205,0.007691410052924983,0.43671471476606327,0.11554521740478134,-0.10615822853964964,0.15266701374315955,0.13020876950277888,-0.31660923964588916,0.0966407302995907,0.4092806873271172,0.23187927871115577,0.2976732498925562,0.02294704308443786,0.030710695068136562,0.2509233251317438,0.2823929037283558,0.4282405298174865,1.4339551648354243,-0.15924102410368626,0.14517417477786776,-0.021186906101140726,-0.09483456691379753,0.021813064867505453,-0.35224292605185026,0.029033641565491708,-0.026517456393061776,0.620670443963575,-0.4153022115409098
0.1602419378125344,0.09019481988481014,0.3445143301598244,0.3947915363350236,0.2861618386415222,0.32087146112452186,0.22565951125277509,0.2737486631925106,0.15751292085028518,0.21990929028873527,0.30463813677206697,0.3148452180307701,0.3084576201558097,0.265289131553283,0.24964761657003853,0.3332154071382886,0.331680335414008,0.2059358476643714,0.07619792942537298,0.4059927773444798,0.23090932473190937,0.24607186871351588,0.16475905566508497,0.2719940183758474,0.24831216068234901,0.19991800922606098,0.5392980147817782,0.1623825669778573,0.3116702489600958,0.10399045779937756,0.25834326396938145,0.4398518795811642,0.22096795025267849,0.2846954446617468,0.21425583605792722,0.4192785855602481,0.2458849236176965,0.2640357403734715,0.267223122691544,0.19334917363207632,0.29432117494219245,0.2666011837284563,0.40033055216472274,0.02764563750227497,0.21855067908253462,0.4968088153953667,0.45341524700412106,-0.05537139783842717,0.48348411318253703,-0.09040835964107685,-0.10377553019261761,0.0439140501166382,0.11696422180284569,-0.006108774098127688,0.021215020628158134,0.01460335315952848,-0.16993592647645137,-0.12195793636172753,0.2574144634818561
0.11695548820754278,0.08226643642471403,0.3747781679452693,-0.048497687849982686,-0.08903152205133949,0.17051010705019992,0.029801054404828876,0.08385756437291925,0.029253446565107574,0.09727241921829279,0.17054584442129384,0.1253171601511545,0.19945107560170522,0.16090858030766705,0.2595837621801412,0.19494870058497046,0.2984338364637352,0.2934031240875521,0.2818225702907516,0.16621715869131495,0.26161780380656424,0.07201368915311356,-0.07582208070775599,0.19196648563733867,0.10508834602198286,0.08110228135566251,0.1623825669778573,1.3295919756338566,0.11160928142876518,-0.25120957872690763,0.24726552543590638,0.008283295833008422,0.6966582740883079,-0.20107381600772914,0.7028297331012733,0.4298119271355419,0.4537755371721603,0.14167693474037213,0.1591150283563167,0.15752198746975565,0.3011309551251211,0.2773159019207575,0.08097381713577355,0.08659066526184339,-0.08760385413522111,0.3792762460108243,0.17375221187274667,-0.047696300611276075,0.616662361654156,0.612193221381945,-0.2190118455973046,0.8043569823038066,-1.0781487641872929,-0.051275314198629886,0.2670545966332787,0.07075023702961045,-0.1950149967488602,-0.27024832098868057,0.2766364612515184
0.2255691118616308,0.13382987990094647,0.4606661131940491,0.5377080102519786,0.42780258876830135,0.5035200246970327,0.22957318390923337,0.4306633247718588,0.1692992777267864,0.30107418795463886,0.38759150293949024,0.2875360085370761,0.40681703227294364,0.3798596090118794,0.33247205919349115,0.4214423813802616,0.4814828728383632,0.22039058675002732,0.10834506597423725,0.5065002949889285,0.2850284942592677,0.38870749728944254,0.47489096715317936,0.37338448944691466,0.7272916229518417,0.11906319246309624,0.3116702489600958,0.11160928142876518,2.3465871565938383,0.13726183272519324,0.1015589932767415,0.19183594935124884,0.003527696698136272,0.6863226846265419,0.15815400497355311,0.5511769428985664,0.9939647782942784,0.20420885654119786,0.2954566898824005,0.18282380337023274,0.6191359233061647,0.30318682751164067,0.20640086926082302,0.03844050505095029,0.10386954990069547,0.6174255933991,0.707000194605085,-0.27856143863592214,1.314082076126789,-0.17923465482965667,-0.028093600979658476,0.17504916520372288,0.004868996223723538,-0.01960463019176023,0.08138099074548401,-0.19676758186309135,-0.13927693324172746,0.1829339042059727,0.1323774469934603
-0.008767040486774293,-0.27891470925758594,-0.4862518074940844,0.2290550339959246,-0.08403880564793159,-0.17573824613464498,0.21106826616802424,0.19876837737500058,0.03412149459908317,-0.001039845027021871,0.026164811668520194,-0.06078892705580543,0.05309354267828927,0.07828475187690816,0.24198402559940282,0.048079633904221736,0.0023418473611039985,-0.12400591507322256,0.23930354836676201,0.5102710798122596,-0.0884505168259836,-0.061961435179133134,0.12432039414099336,0.5728748269484983,0.20715676445885856,-0.3330525990782123,0.10399045779937756,-0.25120957872690763,0.13726183272519324,3.7132791828832916,0.21567297186662115,0.1270801800809521,0.22836876419053923,-0.18937725044279563,0.055638754244451985,0.2101439206539476,0.3468554229608377,0.3104156694287906,0.7720424456920956,0.21284110628287964,0.0037373012606230055,0.013997725364101505,0.5155594366431066,0.08905234311795608,0.7374381827085233,0.36219626882220446,0.5261499749577336,-0.05508646594570922,0.33290503483208733,-0.21150497425296816,-0.13529899522998828,-0.7738896042526823,1.011052339772414,-0.048893107274974125,-0.26721420821168407,-0.17943216085829175,0.14241200651424607,0.43805389181005133,-0.2607740329470688
0.1517686930436175,0.036593959492593045,0.31697769378880314,0.22773547387732423,0.20483203979451614,0.20764322007952046,0.1904822494321423,0.19640836556303518,0.16718458121588858,0.16205782110958628,0.24020540874593801,0.22662178754285067,0.23045456681969606,0.15090243170008763,0.20128268454101877,0.20384198276169826,0.2724323351480969,0.30430448086222767,0.09308053442587393,0.4248651629838766,0.2098149933341717,0.189680342845465,0.03284876706172813,0.25405280162326943,0.2020733055258956,0.17951369594435082,0.25834326396938145,0.24726552543590638,0.1015589932767415,0.21567297186662115,0.9399076782514741,0.20250667282484897,0.46246940492304756,0.08124823672375482,0.15310040051767762,0.5700884751179952,0.33683254082071046,0.32378673302955013,0.29443091239579267,0.1361525470910288,0.23093122668050492,0.2431056282427553,0.2826545098209602,0.06326743476274761,0.23601722981224874,0.6156731153289203,0.47957300052736673,-0.17015358174078768,0.13968833794993601,0.07988586479448832,-0.12071757343304279,-0.10977363449013623,0.20526302394711898,-0.13865807837786812,0.11802824361408752,0.021158850020121817,-0.04463287162348577,-0.21300983019919245,0.11630708586642641
0.11066960203527802,0.0886513431359743,0.32127155735818197,0.4539075789088342,0.3899352719536303,0.3775952382662698,0.25064677634032173,0.22573345327574557,0.2950606113906027,0.22641928398031774,0.2830950771761462,0.316589531229043,0.27424388879717626,0.2771875531984274,0.2690585603598261,0.28766412102722533,0.25411694047968736,0.17387648125187577,0.03734668892160975,0.36848820842170377,0.22193891233158453,0.3938701412708556,0.32017605046675957,0.5651876783765417,0.2791233407457132,0.27474365708192205,0.4398518795811642,0.008283295833008422,0.19183594935124884,0.1270801800809521,0.20250667282484897,1.587928082375992,0.21379586463057165,0.4702206151483502,0.05020169033283936,0.6645621840782686,-0.2463911729257103,0.3030338756989793,0.25338762846653545,0.09990670745033657,0.2742044443965634,0.28972158071833093,0.21340054392931043,0.02559577161202386,0.013340066291021052,0.660720977055433,0.6132312625207763,-0.3556853109575777,0.24924181267954107,-0.21912287427017796,-0.11918486901681169,0.24650021747078918,0.21442133991136486,-0.030817426865522243,-0.017709252726543664,0.16996545741205393,-0.29763496849979115,-0.22159592261379574,0.3145871606403912
0.07112627496552536,-0.14448260337403027,0.23703546443390314,0.2619722739394784,0.16630012895205015,0.09476261077516479,0.20373948616516782,0.12450592092519769,0.19888424499731303,0.08186269169196056,0.21692249624689716,0.16432335416139773,0.27327294685990333,0.11521219045760624,0.20683796676550173,0.13400696949851376,0.2374033355106158,0.3210320186805304,0.1842521298308466,0.2398756233738163,0.2050229537738568,0.16700648515031102,0.2810577476016445,0.6704326198007293,0.0718931490172743,0.007691410052924983,0.22096795025267849,0.6966582740883079,0.003527696698136272,0.22836876419053923,0.46246940492304756,0.21379586463057165,1.7713348270894402,-0.45629956008795713,-0.1653405851699476,0.762265978810925,0.5433402437441748,0.22993897417685433,0.31175370686747245,0.0747211838425949,0.033430015134542794,0.28791413854693887,0.13833757908737906,0.055357863770459204,-0.36284521062544095,0.7466427286070182,0.5729037857870196,-0.7085560067459866,1.0975905430472346,0.3204119379589097,-0.33628574215972007,0.22894819858054197,0.10583942202808358,-0.2893952376770541,0.27611117293246623,-0.06489835907723455,-0.13472801182859268,-0.28028276621157855,0.38137009429358176
0.061940445297204536,0.12099233811754165,0.4026927662840684,0.5339816116381233,0.40958520421131417,0.44446719870123347,0.20859974952564597,0.4214907529241138,0.26544667570881353,0.3009047286975721,0.29027621117690094,0.28321352275168876,0.25934152579120084,0.3246674953599013,0.237789208284633,0.338721466239072,0.3340977018679269,0.11711720712197561,0.005522672188764648,0.4738768046378729,0.20696807822954938,0.35948726324516905,0.26919224546212533,0.14253789505012357,0.4508209061099057,0.43671471476606327,0.2846954446617468,-0.20107381600772914,0.6863226846265419,-0.18937725044279563,0.08124823672375482,0.4702206151483502,-0.45629956008795713,1.9469949379469067,0.26898402568357827,-0.2525836953771658,0.9642026165900373,0.16755816944770652,-0.013848464899787851,0.0033838562042089763,0.5378468009977834,0.2387721835859736,0.41126715782356016,0.1397402559534889,0.04907725077795817,0.1439036290942453,0.6256119849195305,0.6600745588625272,-0.08045854322860095,-0.49766839099389526,0.06142032905514965,0.013191667729724044,0.3181536485725738,-0.026305205040025852,-0.014044110418566843,0.01874872217209662,-0.22503154332571626,-0.020009643530259864,0.20443429126798532
