1.0032306303923817,-1.4595595304803466e-7,-4.6619082154848616e-7,1.1739015938471001e-5,1.1824384377719407e-5,1.7012622634686823e-5,-9.682033668497452e-6,-5.753638595069198e-5,-4.0283354229306586e-5,-3.167698146815218e-5,-5.129930219993531e-6,-1.4268756505885016e-5,1.177571005610528e-5,9.79149225885616e-6,2.0319876508942636e-5,1.7156305303712893e-5,1.905463006331309e-5,1.631487861796029e-5,1.3581373579224341e-5,6.9982138615110145e-6,4.355890621285364e-6,2.0048400615657827e-6,1.0610991392592629e-6,2.396717110524887e-7,-1.162615098831563e-6,-1.4522988734167873e-6,-2.0916198784879095e-6,-2.418075355773587e-6,-2.2917243224410487e-6,-2.655136956947935e-6,-2.5129712349421602e-6,-2.6378351516762945e-6,-2.475954289302815e-6,-1.5832549786715244e-6,-8.893866360937132e-7,-2.8425538705424227e-7,2.9792249791462646e-7,4.810390482082557e-7,6.784302536266999e-7,1.580876877856825e-6,3.133268006849325e-6,5.189712551039139e-6,8.247080796951894e-6,4.891035449434633e-6,2.8489799706963646e-6,1.3389095645935528e-6,5.498728809281929e-7,3.75509947016866e-8,-1.713331889309251e-7,-1.7664257630729394e-6,-7.390243860551734e-6,-9.744394745197936e-6,-9.142697661182873e-6,-6.307014406702221e-6,-5.5844656432982425e-6,-8.933921921360195e-7,-1.8909800734061527e-6,-1.003568115368518e-5,-4.387743836072542e-6
-1.4595595304803466e-7,1.0032318527693271,-1.5574649357212946e-6,-9.809439357458335e-6,-6.165868862593405e-7,-1.8718522743384142e-5,-3.4976045199153047e-5,-4.0733899696542843e-5,-1.830731582680664e-5,-5.24811954902433e-6,-3.7599675685527444e-5,-1.7106575690213042e-5,-7.820021561819214e-6,2.2668446099582733e-5,2.5477715459764855e-5,3.22183898512733e-5,3.305038284276056e-5,2.8076711659375066e-5,2.4084001536049494e-5,1.3201193912904349e-5,7.992193959605486e-6,3.804602240972783e-6,2.0326611605716373e-6,5.495776869433977e-7,-2.2645323418374005e-6,-2.7348751595527157e-6,-4.03476973532937e-6,-4.524792224550561e-6,-4.057761736011657e-6,-4.343428588751423e-6,-3.832535513439253e-6,-3.6742927554785548e-6,-3.3551545909458977e-6,-2.8893435497742126e-6,-2.0956272741792287e-6,-1.272323772831091e-6,-3.6364855105767054e-7,3.287851999911509e-7,7.750559448467173e-7,2.6589205972852487e-6,5.686424894359714e-6,9.580890565701016e-6,1.541291877773258e-5,9.093269366844867e-6,5.294403773246434e-6,2.471919653934753e-6,1.0034920250184683e-6,3.983905360001491e-8,-3.460985739420682e-7,1.251856851897599e-5,3.928949366468053e-6,-3.742588999490157e-7,2.1918430425670204e-6,2.7691265486595977e-6,6.706268848155149e-6,4.9691462577089115e-6,5.5459400382766235e-6,7.396798585513827e-6,7.731592712930598e-6
-4.6619082154848616e-7,-1.5574649357212946e-6,1.0032166633483164,-3.919084117972635e-5,-8.063128174392686e-5,-0.0001018817096632851,-9.373357068757487e-5,0.00013047914484986831,0.0001745837433840299,1.831603195467792e-5,-8.799881549212009e-5,-0.0001006602702190882,-4.9645516475153345e-5,-1.2705234815434657e-5,2.086997632820884e-5,4.026322769128814e-5,5.524041087991566e-5,4.89161180529012e-5,4.102879389684283e-5,2.056393075902366e-5,1.2376785479732318e-5,5.431622879443339e-6,2.7118713493272617e-6,3.6802519749140933e-7,-4.355640427121439e-6,-5.105656923737472e-6,-7.3657327275174e-6,-8.445916923887406e-6,-8.114351132572949e-6,-9.165130346325145e-6,-8.6004251589083e-6,-8.232607144846866e-6,-7.214620652823947e-6,-4.933729264151598e-6,-2.8058235732088603e-6,-7.940355576530377e-7,1.118643040949508e-6,2.0356280820473043e-6,2.6593025057543758e-6,5.614042456773772e-6,1.052842497115085e-5,1.6772534849810042e-5,2.6058212179556175e-5,1.548293459586253e-5,9.094018955561246e-6,4.289694945453662e-6,1.7728184667931325e-6,1.1140528769472985e-7,-5.625119532327669e-7,1.5012298324535908e-5,1.0532353732418196e-5,8.727880589815923e-6,1.0077965149994133e-5,-7.879356836037214e-6,-1.9957345074609856e-5,-2.6925887240602162e-5,-2.595241593136156e-5,-1.4169817450808691e-5,-2.2005843973004554e-5
1.1739015938471001e-5,-9.809439357458335e-6,-3.919084117972635e-5,1.0030782304624057,-0.0003383143189126544,-0.0004800179819409411,-0.00031019328708756927,0.0007124076596899182,0.0008045819336160694,0.0002437738925566771,-0.00014970324322886752,-0.00021500652905595563,-0.000189246409135962,-0.000126028875225921,-5.305549764576924e-5,1.5821015314773097e-5,6.66316548004531e-5,6.794851053052098e-5,6.0466140626031585e-5,2.8972148835856562e-5,1.7115025780272544e-5,6.793413813362194e-6,3.066660824432485e-6,-4.251029659955379e-7,-8.548739153443085e-6,-9.629174729761459e-6,-1.3544921786749472e-5,-1.5446783316365423e-5,-1.4803700621758125e-5,-1.6645928332062986e-5,-1.5883760273094257e-5,-1.4469708665141726e-5,-1.2310560655299295e-5,-8.550990139461245e-6,-4.928538791271431e-6,-1.2363888425286958e-6,2.1948065241284853e-6,4.155163302489836e-6,5.4304571083796365e-6,1.076388432965614e-5,1.9432379698621407e-5,3.0052038114455673e-5,4.56347967331374e-5,2.704657600938119e-5,1.5881150670595635e-5,7.463018118530459e-6,3.058551415041551e-6,1.4464992746020228e-7,-1.0310763248914256e-6,5.79329078762498e-5,7.619999513090108e-5,8.807696497880854e-5,8.574224414348674e-5,6.109279425202569e-6,1.767969809898533e-5,1.296113964704079e-5,8.818425054025964e-6,2.0113239124553497e-5,1.1043790590695853e-5
1.1824384377719407e-5,-6.165868862593405e-7,-8.063128174392686e-5,-0.0003383143189126544,1.0024563869416343,-0.001166186311412013,-0.0010111454075809562,0.0012557290339324338,0.0017394130258034958,0.0009231639635437301,0.00028476957359918425,-5.7533965932817353e-5,-0.0003385960764765249,-0.0003886651477708001,-0.00025660753620543157,-9.936836027328802e-5,3.3702358821215074e-5,6.805223956222563e-5,7.423635249234368e-5,3.1875866966680726e-5,2.0038863737533394e-5,6.451596021441399e-6,2.278468995641418e-6,-3.1327380185415316e-6,-1.7682655884978542e-5,-1.9478010643175207e-5,-2.652549735575783e-5,-3.041186969948432e-5,-2.9923316460847925e-5,-3.427829105303088e-5,-3.426981684935105e-5,-3.0329416041903897e-5,-2.524138527803417e-5,-1.6487265648742675e-5,-8.653749176096461e-6,-6.351997330468078e-7,6.640173728065392e-6,1.1051081237047774e-5,1.412894335850448e-5,2.417976779414045e-5,4.024976211563632e-5,5.890512275655941e-5,8.552567412529357e-5,5.0811603180434126e-5,2.990873703502513e-5,1.4060531916188122e-5,5.756529958252853e-6,2.636046852482388e-7,-1.9507005026762984e-6,9.823003982749067e-5,0.00014838328663817362,0.0001796292180717253,0.00016811940764257263,-1.0205724584630025e-5,4.070188378888555e-5,3.831273371824779e-5,2.106160377451252e-5,2.5784156368356833e-5,1.7183755790847554e-5
1.7012622634686823e-5,-1.8718522743384142e-5,-0.0001018817096632851,-0.0004800179819409411,-0.001166186311412013,1.001111922735262,-0.00291705520878691,-6.99580786274629e-5,0.0020074976411702957,0.0026856234986058214,0.0026417396071983915,0.0014764801685308033,-9.36405436611714e-5,-0.0007862259349611004,-0.0006831759595470811,-0.0004228967981790914,-0.00014625977590656747,-1.6314677479166046e-5,3.986504232712062e-5,1.1600397952001448e-5,1.630185906724598e-5,4.694242363302494e-6,2.257017541920471e-6,-6.5289098428508296e-6,-3.439497264341438e-5,-3.838336224868296e-5,-5.2497825097042436e-5,-6.142692915746743e-5,-6.205123315462948e-5,-7.273546608228822e-5,-7.640474199811221e-5,-6.481575526386272e-5,-5.273852307718146e-5,-3.265495930561163e-5,-1.603363027784601e-5,2.1141184745677824e-6,1.781401204674584e-5,2.8052666714404325e-5,3.5658471236236864e-5,5.5413055472529246e-5,8.617681212280604e-5,0.00011924962666122941,0.00016399630588043052,9.756098044734464e-5,5.748253851188342e-5,2.6856285447031695e-5,1.0835218259098453e-5,2.1060504491824822e-7,-4.029551120067862e-6,0.00014396526332407256,0.00017555672411037816,0.0001969019561599497,0.00017985857584082324,-4.995530541216891e-5,0.00018968461780152464,0.00020505237615569551,0.00014203697855498922,0.0001279805580998242,0.00011680635412567185
-9.682033668497452e-6,-3.4976045199153047e-5,-9.373357068757487e-5,-0.00031019328708756927,-0.0010111454075809562,-0.00291705520878691,0.9962660518138543,-0.006121498549383813,-0.0003018116817413691,0.00550681869632785,0.00821879057682872,0.006620028391372548,0.0018678071980112578,-0.0009354987214637747,-0.0014855603589461952,-0.0011647998697240092,-0.0006566858915799465,-0.00033246283329491224,-0.00012852529298920345,-4.843870579185042e-5,1.0648620011893122e-5,1.3740797376388493e-5,1.4867596011349522e-5,-3.4963101486620298e-6,-6.197383861780334e-5,-7.369908953360675e-5,-0.0001045632443553931,-0.00012508108580012843,-0.0001272271027420627,-0.00015007199429979955,-0.0001699757907099233,-0.00013279958538010378,-0.00010619752789730931,-7.050019782994258e-5,-3.875103269934142e-5,-1.734020688327731e-6,3.098381134566322e-5,5.9421971661468305e-5,7.996059169809242e-5,0.0001239978465782311,0.0001883230213726854,0.0002540219607422671,0.00033546648056264315,0.0001998094150363983,0.00011729049580552952,5.424729868589296e-5,2.1428041012641385e-5,-3.1508882195582386e-7,-8.8710542301206e-6,0.00011541386311824077,-2.1329665234626227e-5,-6.985477997531036e-5,-6.560889939556746e-5,-9.975324249941303e-5,0.0003873880078734989,0.0004281016932714166,0.0002819974244399497,0.00024158926368619908,0.00020669991109144593
-5.753638595069198e-5,-4.0733899696542843e-5,0.00013047914484986831,0.0007124076596899182,0.0012557290339324338,-6.99580786274629e-5,-0.006121498549383813,0.9892063029100351,-0.008042200076798954,0.0028975311745792075,0.010119158592686263,0.010521452296097505,0.0063414444463938255,0.0004604067788635969,-0.0015880642108811805,-0.0013701590904813333,-0.0008288517358932579,-0.00040310294774968344,-8.259202014047693e-5,-4.71001311620785e-5,2.2124788472684464e-6,8.672229713069902e-6,8.624252110063888e-6,-6.808637394147272e-6,-5.4094001709014604e-5,-6.16022447083067e-5,-7.751601799778278e-5,-8.365635365493818e-5,-7.233515029765731e-5,-7.734243704358174e-5,-7.505532589477531e-5,-8.605284772621776e-5,-8.704319056928033e-5,-6.884188945737476e-5,-5.3644067623658745e-5,-3.6693634346523744e-5,-1.7610367255635485e-5,5.376946070024936e-6,2.7703579280043356e-5,7.001502592761966e-5,0.00013601731899739997,0.00021258723385846826,0.0003271901451029732,0.00018829344271147427,0.00010650236152127225,4.850279080956249e-5,1.8703925119777378e-5,-4.698382538701062e-9,-7.372131335580227e-6,-0.00013684514910268665,-0.0005377073715699439,-0.000678024909362466,-0.0006027208101962504,0.0001954470373643566,0.0003974581285690389,0.0004633574674582612,0.0003043816006116949,0.00024954643661951687,0.00023023111961880985
-4.0283354229306586e-5,-1.830731582680664e-5,0.0001745837433840299,0.0008045819336160694,0.0017394130258034958,0.0020074976411702957,-0.0003018116817413691,-0.008042200076798954,0.9889170258144948,-0.0014728262771914003,0.0038522030155601966,0.006138938100673051,0.00853762350068625,0.002493908488045572,-0.0013865455344522326,-0.0007833994631532821,-7.860846885230811e-5,3.763913802738318e-5,0.00018016887363448008,0.0001251267910987692,9.148489533413437e-5,5.3687341249334e-5,2.697025290838219e-5,4.830053304482622e-6,-3.094852233434618e-5,-3.6832948174583874e-5,-4.217540418375908e-5,-4.068680542171702e-5,-2.2184829435880008e-5,-1.4757457601498861e-5,-3.921347081846861e-6,-2.2976284931064076e-5,-4.082581806215556e-5,-5.907165970270512e-5,-6.037068758596091e-5,-6.137479579078596e-5,-5.357095321243659e-5,-3.040694989915105e-5,-1.0631392403927694e-5,2.591285673659478e-5,7.810042001677115e-5,0.00014505308227958925,0.000245331124457095,0.00014083548292287312,7.785188971003222e-5,3.516058315257266e-5,1.3452854905457355e-5,5.057742998729932e-7,-4.609516981459352e-6,-9.445889473510492e-5,-0.0004177847656121443,-0.00042665389534149814,-0.00027179990900895126,0.0007711771021635056,-0.0002791703791508632,-0.000512738031883033,-0.0004097726314325838,-0.0003552178433464821,-1.0427147904121264e-5
-3.167698146815218e-5,-5.24811954902433e-6,1.831603195467792e-5,0.0002437738925566771,0.0009231639635437301,0.0026856234986058214,0.00550681869632785,0.0028975311745792075,-0.0014728262771914003,0.9862870784971642,-0.016809885406945398,0.0022016345000987468,0.013797020897123213,0.004198575588271512,-0.0008844380461002758,0.00017306605923940295,0.0009604318156783974,0.000901401847817353,0.0007050676361899624,0.00037391604554706304,0.00022277868379115784,0.00012056452349451332,6.140384152704623e-5,2.8599016520546248e-5,1.262735396233239e-6,-5.593258602476147e-6,-6.897711582248586e-6,-3.3778683293251053e-6,7.016829320004834e-6,9.53416371706228e-6,1.573200769286352e-5,-1.5508384299484316e-5,-3.254452995541483e-5,-2.4942661913622094e-5,-2.7101129668121276e-5,-3.137474810340904e-5,-3.214304845681115e-5,-3.103906412037945e-5,-2.0616989208517115e-5,-3.996629844320305e-6,2.6061960822054114e-5,6.648740390422524e-5,0.0001352884790499588,7.275560792312245e-5,3.819098822968002e-5,1.6662193481953882e-5,5.981245776228248e-6,1.9384414379391645e-8,-2.2771294710678897e-6,0.0003674160774123834,0.00036404287294159463,0.0005418215592424175,0.0008030903817393356,0.00147499244417024,-0.00011518749394080366,8.668740020557737e-5,0.00013567542038943266,0.00011688708480176277,-9.587106771886744e-5
-5.129930219993531e-6,-3.7599675685527444e-5,-8.799881549212009e-5,-0.00014970324322886752,0.00028476957359918425,0.0026417396071983915,0.00821879057682872,0.010119158592686263,0.0038522030155601966,-0.016809885406945398,0.9786548516117779,-0.004384369605008736,0.00842217901072672,0.005989186259519844,0.0011881351720229895,0.0013461215473384183,0.0013054124717366714,0.000983120567269047,0.0006731734590016913,0.0004624734718289986,0.00027455913781889503,0.00014798653530185941,7.563453146460429e-5,4.0719597560846495e-5,2.6179393308478964e-5,2.0147992274292303e-5,2.2211409490832378e-5,2.770306380715489e-5,4.207092990757031e-5,5.548027217861146e-5,6.878960049795146e-5,5.023199162828362e-5,2.305477887197719e-5,-2.006366239388964e-5,-3.680226889344544e-5,-5.655504818471424e-5,-6.576865978663282e-5,-5.8574019394535564e-5,-5.4893315012093794e-5,-4.346963324201598e-5,-3.109925705521443e-5,-2.5228260815783933e-6,4.067520289589874e-5,2.323929815243542e-5,1.0467391639379843e-5,4.2890359621105875e-6,1.5292534977506127e-6,6.614096933826498e-7,3.2175256442483685e-7,0.0005028689503406651,0.0006455567399735344,0.0008620347882587422,0.0010839723655829848,0.0012571788673609039,-0.0003799221864561496,-0.0002341351207161691,-7.39185839249513e-5,-5.2430858516452005e-5,-0.00033768505132108237
-1.4268756505885016e-5,-1.7106575690213042e-5,-0.0001006602702190882,-0.00021500652905595563,-5.7533965932817353e-5,0.0014764801685308033,0.006620028391372548,0.010521452296097505,0.006138938100673051,0.0022016345000987468,-0.004384369605008736,0.9808278066173727,-0.017889105777274827,0.0020590656479567804,0.009323560869333523,0.004836847914476408,0.0007701685446196068,0.00020975200901807473,0.00037119954435367006,0.00026097428885618926,0.00018125558645140739,0.00010024276026321811,5.8253863056808664e-5,3.810683609550059e-5,4.386311708082146e-5,4.22519527267977e-5,4.577649950308091e-5,5.0195487554677705e-5,5.097872340178044e-5,5.123786754495284e-5,6.802624274535599e-5,2.003016075926898e-5,-1.0600745552152262e-5,-2.961173731604715e-6,-5.401649174070373e-6,-1.5797906188257555e-5,-2.4114306752895627e-5,-4.9929871634603554e-5,-6.001404966285638e-5,-7.184043034660873e-5,-7.945861640034736e-5,-6.645288677196157e-5,-3.541504820329783e-5,-2.1676486963114544e-5,-1.4672496047074205e-5,-6.774869906475205e-6,-2.247809940370639e-6,1.3313742056157504e-6,2.686172186262592e-6,-0.00027787344238272294,-0.00023886827606099082,-0.00029060874105663883,-0.0005181228721135085,-0.0011034241089066784,-0.0003016454574988686,-0.000330088948043908,-0.00023269915512452485,-0.00017796822724814828,-7.479550048609725e-5
1.177571005610528e-5,-7.820021561819214e-6,-4.9645516475153345e-5,-0.000189246409135962,-0.0003385960764765249,-9.36405436611714e-5,0.0018678071980112578,0.0063414444463938255,0.00853762350068625,0.013797020897123213,0.00842217901072672,-0.017889105777274827,0.9700061328350976,-0.005137906193937867,0.011996621208858813,0.006805617316036386,-8.91466212723085e-6,-0.00042849228207904544,-0.00030697454543255384,-6.027642661360802e-6,1.9403649158141128e-5,1.7584994318122518e-5,1.7757676961321658e-5,2.0017841220852212e-5,4.162617490388349e-5,4.29156680257012e-5,4.6921904038465047e-5,5.0302865286503406e-5,5.1303859175245834e-5,6.086702215696435e-5,7.728143017247668e-5,4.3502803729779316e-5,1.5093922308479665e-5,-8.783251315491455e-6,-1.785271552598134e-5,-3.1649852958726796e-5,-3.748782822302106e-5,-5.041115851771144e-5,-5.837583446865715e-5,-7.094895552849571e-5,-8.741086208683557e-5,-8.62326550762894e-5,-7.66896793417167e-5,-4.5332984657017054e-5,-2.772531857862149e-5,-1.2535306703462597e-5,-4.250167715180835e-6,1.4791123101821476e-6,3.6616300188670154e-6,-0.0007534959114683991,-0.0008382149980433137,-0.001069429492935669,-0.0015891949980213582,-0.0025320466570736304,-0.00016985754560649427,-0.0002374989068800921,-0.0002000551352010579,-0.00012981796241616877,-0.00012143231914453511
9.79149225885616e-6,2.2668446099582733e-5,-1.2705234815434657e-5,-0.000126028875225921,-0.0003886651477708001,-0.0007862259349611004,-0.0009354987214637747,0.0004604067788635969,0.002493908488045572,0.004198575588271512,0.005989186259519844,0.0020590656479567804,-0.005137906193937867,0.9955863956237608,-0.002201101348264687,-0.0005501193446874412,0.0013530714224897012,0.0007343419725317548,0.0005168878668813491,0.0001457059910201222,2.8699670136294903e-5,-1.4056904631563309e-5,-7.097892481255464e-6,6.929806693668626e-6,3.9316533633697744e-5,4.4658418102056007e-5,5.0191297980022846e-5,5.3610968122976754e-5,4.551593955198123e-5,4.4798362444684915e-5,6.540560885332075e-5,1.9678305348663194e-5,-1.1691652158447178e-5,-7.479641319411134e-6,-2.4083733618337035e-6,-4.457836608132357e-6,-7.85243521405859e-6,-3.560594294110161e-5,-5.443554493437944e-5,-7.74041139379864e-5,-0.00010268782863533196,-0.00010446415997019683,-9.971818637821692e-5,-5.379075367902822e-5,-3.188003975154989e-5,-1.3860188788814205e-5,-4.1008201504721195e-6,2.603369931233763e-6,5.056864069264067e-6,-0.0001669364722548105,-9.487817066095054e-5,-0.00018158053158247444,-0.0003574732982833051,-0.0007629857934952091,0.00010388073244057808,7.003060810974576e-5,1.4371388285133386e-5,2.134910592056434e-5,2.194363152048299e-5
2.0319876508942636e-5,2.5477715459764855e-5,2.086997632820884e-5,-5.305549764576924e-5,-0.00025660753620543157,-0.0006831759595470811,-0.0014855603589461952,-0.0015880642108811805,-0.0013865455344522326,-0.0008844380461002758,0.0011881351720229895,0.009323560869333523,0.011996621208858813,-0.002201101348264687,0.9906157033157033,-0.005039711077029962,0.0008613488681411281,0.0019723785117451787,0.0007433499428821777,0.0002716652122316363,3.81987496877164e-5,-3.358641021498307e-5,-2.5910513325434606e-5,-3.211944358828568e-6,3.0522211317565866e-5,3.74155369730627e-5,4.462093209477254e-5,5.045180909587101e-5,4.916118590351997e-5,5.878279858244739e-5,7.86354223247778e-5,3.464711184252546e-5,9.55461706887913e-6,4.340697875460191e-6,-2.15802330968689e-6,-1.2992672596590596e-5,-1.8115130395382004e-5,-4.487295640090883e-5,-5.706112551131801e-5,-7.79862830387535e-5,-9.907550878742107e-5,-0.00010463625940146979,-9.34036052027055e-5,-6.0779854076532976e-5,-3.6933976512343406e-5,-1.639590061569442e-5,-5.328960776872659e-6,2.0323518828632807e-6,4.77129408269953e-6,0.00016940539532449042,0.0003740310890423742,0.00044383050134336714,0.0005246464568474061,0.0004424356213848217,2.983666696822912e-5,-1.0433710332463468e-5,-1.785909824976996e-5,-4.308450433268903e-5,-6.9222447687486655e-6
1.7156305303712893e-5,3.22183898512733e-5,4.026322769128814e-5,1.5821015314773097e-5,-9.936836027328802e-5,-0.0004228967981790914,-0.0011647998697240092,-0.0013701590904813333,-0.0007833994631532821,0.00017306605923940295,0.0013461215473384183,0.004836847914476408,0.006805617316036386,-0.0005501193446874412,-0.005039711077029962,0.9996168403887205,4.044679781013862e-5,-0.00014764323233610303,0.00017340454534513027,4.480908430064581e-5,-3.5928526454135445e-5,-7.846255205375336e-5,-5.255288112947957e-5,-1.9342377541833526e-5,1.535414823075422e-5,2.4189178640621794e-5,3.485436654704154e-5,4.2209712458177316e-5,4.065347818440396e-5,4.66210862978285e-5,5.70276581897051e-5,5.05767970106088e-5,4.1344518367509245e-5,2.5127678215475854e-5,1.7228844148119805e-5,5.232397825788058e-6,-9.602498320220338e-6,-2.3351157098025168e-5,-4.00465806125875e-5,-5.656620973036013e-5,-8.122760189024974e-5,-9.801554362768234e-5,-0.0001225929059808731,-6.94861970248849e-5,-4.0500551383070504e-5,-1.8142371222225126e-5,-6.426948724958472e-6,1.212227343016863e-6,4.076097334272693e-6,9.290581335475011e-5,0.0002433061493404061,0.00029900222026683074,0.00037131044472244487,0.00030212382522445296,-2.0251328562367058e-5,-7.783310007077331e-5,-6.438753984253187e-5,-0.00010098472320999052,-4.0568364049870296e-5
1.905463006331309e-5,3.305038284276056e-5,5.524041087991566e-5,6.66316548004531e-5,3.3702358821215074e-5,-0.00014625977590656747,-0.0006566858915799465,-0.0008288517358932579,-7.860846885230811e-5,0.0009604318156783974,0.0013054124717366714,0.0007701685446196068,-8.91466212723085e-6,0.0013530714224897012,0.0008613488681411281,4.044679781013862e-5,1.0013685349988612,-0.0008708481458094075,-0.0005439122287054177,-0.0001276416107797712,-0.00010219138793229235,-8.959664361303666e-5,-5.169059780613917e-5,-1.788098404108452e-5,1.2414989233176741e-5,1.793116363166322e-5,2.6853359897963934e-5,3.166678312515332e-5,3.127248359300818e-5,4.412308465203633e-5,4.6674764474302445e-5,3.9183325574010996e-5,4.3814327165821985e-5,3.6718067952725644e-5,2.2885884385791635e-5,9.29206314746301e-6,-3.7456667820326463e-6,-1.3469799726261604e-5,-1.7695665595121966e-5,-3.309762090180036e-5,-5.4981334749842653e-5,-8.58459219568032e-5,-0.00011875507755105497,-7.941136434965874e-5,-4.7056930060083275e-5,-2.1614489170453774e-5,-8.327219755630185e-6,-2.7465442175980405e-9,3.2487747543229866e-6,8.650669490348347e-6,9.082456469906915e-5,0.00014645744830921772,0.00016883903845466057,0.00012976438856699413,-7.928410408780336e-6,-3.0090090565341303e-5,-5.296451619236553e-5,-5.592017120777148e-5,-3.641542607488832e-5
1.631487861796029e-5,2.8076711659375066e-5,4.89161180529012e-5,6.794851053052098e-5,6.805223956222563e-5,-1.6314677479166046e-5,-0.00033246283329491224,-0.00040310294774968344,3.763913802738318e-5,0.000901401847817353,0.000983120567269047,0.00020975200901807473,-0.00042849228207904544,0.0007343419725317548,0.0019723785117451787,-0.00014764323233610303,-0.0008708481458094075,1.0017881445126342,-0.0006768830756341811,-0.00035725257776708804,-0.00019158023217975535,-7.581917333498206e-5,-3.508772850347148e-5,-1.4422887256384174e-5,6.932332343437919e-6,8.892311901713225e-6,1.567288976280103e-5,1.57748560044524e-5,9.318710776061141e-6,1.4441205992450912e-5,-6.840710467763344e-6,5.035737845137608e-5,9.095103636060419e-5,7.280785250593853e-5,5.8545340037049905e-5,4.580349892473066e-5,2.604373350918273e-5,3.647023344562138e-5,2.8669291763620753e-5,1.27498714248733e-5,-2.4779181983142214e-5,-9.24081150787652e-5,-0.0002055922455998353,-0.00011957287478960675,-6.594862579073362e-5,-3.0376055902988786e-5,-1.2612032455087736e-5,-2.332335334653566e-6,1.8418699659526202e-6,-2.2016100669572566e-5,3.62923374324457e-5,3.947803326868462e-5,6.11887523004245e-5,5.948671217275001e-5,2.3138893172635693e-5,3.8897990035586373e-5,1.9361568852402574e-5,2.261950157991973e-5,2.1428030401759397e-5
1.3581373579224341e-5,2.4084001536049494e-5,4.102879389684283e-5,6.0466140626031585e-5,7.423635249234368e-5,3.986504232712062e-5,-0.00012852529298920345,-8.259202014047693e-5,0.00018016887363448008,0.0007050676361899624,0.0006731734590016913,0.00037119954435367006,-0.00030697454543255384,0.0005168878668813491,0.0007433499428821777,0.00017340454534513027,-0.0005439122287054177,-0.0006768830756341811,1.0022578981037737,-0.0005536286949718962,-0.0002415217926468784,-3.5826958355592e-5,1.621381915517393e-6,4.494916909672057e-6,1.9744169582346398e-5,1.7460591570762088e-5,1.7340269300005327e-5,7.175268673858865e-6,-1.9731539154407705e-5,-3.855454525937055e-5,-7.437973452095263e-5,7.537964595786279e-6,6.0164659947622444e-5,8.629330829183246e-5,9.440946872717773e-5,0.00011294295450429684,0.00011678411526328692,0.0001110366111653303,9.824772295621645e-5,5.75533690419308e-5,-6.392373401025088e-6,-0.00011912062398676766,-0.0003022246515533802,-0.00016370701202119713,-8.532344562334626e-5,-3.8811133058579635e-5,-1.622429926278421e-5,-3.915862859842427e-6,1.20577331407201e-6,-5.989343800938483e-5,-2.204173419312202e-5,-6.099325285400825e-5,-4.139880244499626e-5,-2.9377575302991518e-5,4.035714993219924e-5,3.7670705930488913e-5,5.478442448253244e-5,6.087619901959517e-5,6.432171109782821e-5
6.9982138615110145e-6,1.3201193912904349e-5,2.056393075902366e-5,2.8972148835856562e-5,3.1875866966680726e-5,1.1600397952001448e-5,-4.843870579185042e-5,-4.71001311620785e-5,0.0001251267910987692,0.00037391604554706304,0.0004624734718289986,0.00026097428885618926,-6.027642661360802e-6,0.0001457059910201222,0.0002716652122316363,4.480908430064581e-5,-0.0001276416107797712,-0.00035725257776708804,-0.0005536286949718962,1.0028348228223873,-0.0001871931284226828,-3.421814322819201e-5,-1.3190929652376616e-5,-1.4166648098358788e-5,-6.3468784248239105e-6,-4.558459405667263e-6,3.134091433750467e-6,2.3960550413946387e-6,-7.441348107105543e-6,-1.3106796165705108e-5,-3.5913904019009235e-5,8.140047845163295e-6,3.811491510801897e-5,4.655283273792632e-5,4.7342394893559626e-5,5.406592073281028e-5,5.400612714738877e-5,6.041503560506792e-5,6.047133339789481e-5,4.409489373508121e-5,1.2817433139212854e-5,-4.925448705716654e-5,-0.00015208089420812117,-8.477184623803926e-5,-4.5034818580756106e-5,-2.071054164280465e-5,-8.898447697566186e-6,-2.067138920001879e-6,7.605141366231802e-7,-3.474009554087205e-5,-1.4926350859237462e-5,-3.906876916445388e-5,-2.6116111292286813e-5,-2.0208763389682218e-5,3.16675975655219e-5,3.385005039629103e-5,5.0752009931326436e-5,5.36867442386595e-5,5.38965036323784e-5
4.355890621285364e-6,7.992193959605486e-6,1.2376785479732318e-5,1.7115025780272544e-5,2.0038863737533394e-5,1.630185906724598e-5,1.0648620011893122e-5,2.2124788472684464e-6,9.148489533413437e-5,0.00022277868379115784,0.00027455913781889503,0.00018125558645140739,1.9403649158141128e-5,2.8699670136294903e-5,3.81987496877164e-5,-3.5928526454135445e-5,-0.00010219138793229235,-0.00019158023217975535,-0.0002415217926468784,-0.0001871931284226828,1.0031343179818677,-4.6773618758709134e-5,-3.576366570714881e-5,-2.9714912545070715e-5,-2.022901300094994e-5,-1.4302678562649151e-5,-5.266594241126959e-7,5.602481847132227e-6,6.824031466973793e-6,8.929698544413874e-6,-4.437996477067549e-6,1.705421760981897e-5,3.0238382341596816e-5,2.8433849375178993e-5,2.3170111518658904e-5,2.102984631593423e-5,1.650646138189494e-5,2.481410662463436e-5,3.0058011638527184e-5,2.531638730261301e-5,1.2240827904006908e-5,-2.0196264521331245e-5,-7.388333589608022e-5,-4.3279333519044756e-5,-2.419209225894439e-5,-1.1378407702043128e-5,-5.113977885203372e-6,-1.0291790820259846e-6,6.349676666497341e-7,-1.746574084652995e-5,-2.034567429362113e-6,-1.3353807842586073e-5,-5.420232168369537e-6,-7.353069963201799e-6,7.213187943377979e-6,6.707269102782315e-6,1.1168323817972235e-5,1.4742696736644713e-5,1.6365068135438474e-5
2.0048400615657827e-6,3.804602240972783e-6,5.431622879443339e-6,6.793413813362194e-6,6.451596021441399e-6,4.694242363302494e-6,1.3740797376388493e-5,8.672229713069902e-6,5.3687341249334e-5,0.00012056452349451332,0.00014798653530185941,0.00010024276026321811,1.7584994318122518e-5,-1.4056904631563309e-5,-3.358641021498307e-5,-7.846255205375336e-5,-8.959664361303666e-5,-7.581917333498206e-5,-3.5826958355592e-5,-3.421814322819201e-5,-4.6773618758709134e-5,1.0031859946497268,-5.34122840047706e-5,-4.308574440133511e-5,-3.3922362932224114e-5,-2.5340857720953342e-5,-7.764502237319249e-6,2.435623452706289e-6,9.386732269038332e-6,1.374163437977919e-5,7.037862917769842e-6,1.3230583505553126e-5,1.3849271029909225e-5,1.1300034686748886e-5,7.6033147433798e-6,5.4271249398345265e-6,3.1168851976314996e-6,1.0658186212445168e-5,1.89677439389133e-5,2.0121057263173427e-5,1.9287979002638035e-5,7.705069950176043e-6,-1.1084696706709398e-5,-7.486262175251736e-6,-5.053135875574442e-6,-2.477836097749964e-6,-1.3221949896565225e-6,-2.338342787737913e-8,4.4555984395315245e-7,-8.21433486777489e-6,1.8507283106336322e-6,-2.716720557690542e-6,-1.3776109316483829e-6,-8.662371206457761e-6,-1.4430521378841653e-5,-2.2898968257131e-5,-2.3070747491833738e-5,-1.7462247955452496e-5,-1.4012519731786338e-5
1.0610991392592629e-6,2.0326611605716373e-6,2.7118713493272617e-6,3.066660824432485e-6,2.278468995641418e-6,2.257017541920471e-6,1.4867596011349522e-5,8.624252110063888e-6,2.697025290838219e-5,6.140384152704623e-5,7.563453146460429e-5,5.8253863056808664e-5,1.7757676961321658e-5,-7.097892481255464e-6,-2.5910513325434606e-5,-5.255288112947957e-5,-5.169059780613917e-5,-3.508772850347148e-5,1.621381915517393e-6,-1.3190929652376616e-5,-3.576366570714881e-5,-5.34122840047706e-5,1.0031862704829144,-4.8815212610603384e-5,-4.304043965028836e-5,-3.528406845652338e-5,-1.6537405399727905e-5,-5.651369718723352e-6,3.715610473789641e-6,1.0212228406499243e-5,5.655971599142523e-6,8.035964586218903e-6,7.268210264916499e-6,4.977858145539575e-6,3.374082599456427e-6,2.112359662035228e-6,5.351441338127449e-7,1.0741764653840727e-5,2.1759123682689642e-5,2.576600838740034e-5,3.0344009115260128e-5,2.6399716259729776e-5,2.0819215797769253e-5,1.0720795445338931e-5,5.1167259404565035e-6,2.5611245197261754e-6,1.0601218170514505e-6,7.134461433935453e-7,4.3868947621687625e-7,-3.7894058927142464e-6,2.162480270270849e-6,7.774929459505773e-7,4.5957839027093897e-7,-5.6620355900069185e-6,-1.6658029246746892e-5,-2.2976771134967132e-5,-2.1704699818849335e-5,-1.6323963426195036e-5,-1.3673442146415508e-5
2.396717110524887e-7,5.495776869433977e-7,3.6802519749140933e-7,-4.251029659955379e-7,-3.1327380185415316e-6,-6.5289098428508296e-6,-3.4963101486620298e-6,-6.808637394147272e-6,4.830053304482622e-6,2.8599016520546248e-5,4.0719597560846495e-5,3.810683609550059e-5,2.0017841220852212e-5,6.929806693668626e-6,-3.211944358828568e-6,-1.9342377541833526e-5,-1.788098404108452e-5,-1.4422887256384174e-5,4.494916909672057e-6,-1.4166648098358788e-5,-2.9714912545070715e-5,-4.308574440133511e-5,-4.8815212610603384e-5,1.0031952624345817,-4.692809131476042e-5,-4.417708388828234e-5,-3.082349424001887e-5,-2.4587473796541287e-5,-1.8543742064824534e-5,-1.1548868503466775e-5,-1.3605193876671134e-5,-1.1289297728835968e-5,-6.078106300418789e-6,-4.6384480969938963e-7,7.283555390477533e-6,1.4596826426412181e-5,1.8454541406691082e-5,2.9867697513475022e-5,4.048703769698646e-5,4.1232478481471805e-5,4.4485064344106606e-5,4.034335003626093e-5,3.6962770449497714e-5,2.1918322132334468e-5,1.2911568515973666e-5,7.147066291749342e-6,3.815317985886492e-6,1.783666279986485e-6,6.990153112412692e-7,-1.056808876384719e-6,-1.2306809221219408e-7,-9.706239370642449e-7,-1.5008691529054496e-6,-3.7762849215102806e-6,-1.7429105911706277e-5,-2.257684757239861e-5,-1.8871377594373804e-5,-1.1194687764993152e-5,-9.578375754042592e-6
-1.162615098831563e-6,-2.2645323418374005e-6,-4.355640427121439e-6,-8.548739153443085e-6,-1.7682655884978542e-5,-3.439497264341438e-5,-6.197383861780334e-5,-5.4094001709014604e-5,-3.094852233434618e-5,1.262735396233239e-6,2.6179393308478964e-5,4.386311708082146e-5,4.162617490388349e-5,3.9316533633697744e-5,3.0522211317565866e-5,1.535414823075422e-5,1.2414989233176741e-5,6.932332343437919e-6,1.9744169582346398e-5,-6.3468784248239105e-6,-2.022901300094994e-5,-3.3922362932224114e-5,-4.304043965028836e-5,-4.692809131476042e-5,1.0031862643337353,-6.090873051534651e-5,-5.690518309220544e-5,-5.844241952263273e-5,-5.76073466733464e-5,-4.930219602603844e-5,-4.71058671783759e-5,-4.141676913589092e-5,-2.403183839568699e-5,-5.913928947752279e-6,1.5721916946872724e-5,3.631709326181661e-5,4.859759609182878e-5,6.376440940392635e-5,7.438011044379029e-5,6.995047964847402e-5,7.022849907850089e-5,6.314616204958765e-5,5.926400318437401e-5,3.7651533718558236e-5,2.4247111215812743e-5,1.3826173502850365e-5,7.787575542348943e-6,3.1933287940684517e-6,8.88817390307854e-7,1.5430844614627036e-6,-7.203186168579044e-6,-1.0028622946749834e-5,-9.945805185798274e-6,-5.020791088239851e-6,-2.1677126711630367e-5,-2.4034979981361953e-5,-1.9062860035234325e-5,-1.1183921855241434e-5,-9.83567405887002e-6
-1.4522988734167873e-6,-2.7348751595527157e-6,-5.105656923737472e-6,-9.629174729761459e-6,-1.9478010643175207e-5,-3.838336224868296e-5,-7.369908953360675e-5,-6.16022447083067e-5,-3.6832948174583874e-5,-5.593258602476147e-6,2.0147992274292303e-5,4.22519527267977e-5,4.29156680257012e-5,4.4658418102056007e-5,3.74155369730627e-5,2.4189178640621794e-5,1.793116363166322e-5,8.892311901713225e-6,1.7460591570762088e-5,-4.558459405667263e-6,-1.4302678562649151e-5,-2.5340857720953342e-5,-3.528406845652338e-5,-4.417708388828234e-5,-6.090873051534651e-5,1.0031657736735193,-8.561817967390749e-5,-9.864029219681002e-5,-0.00010725533432134719,-9.675392958578122e-5,-8.915483020263669e-5,-7.773391757226651e-5,-4.320618816600185e-5,-8.26004342101933e-6,3.1004520483796826e-5,6.960639451471907e-5,9.32911262866583e-5,0.00011346931524649554,0.00012348635079656613,0.00010760841370914129,9.647158705776234e-5,7.535434527084747e-5,5.5839847964107736e-5,3.9426339275789e-5,2.8436085100637295e-5,1.7521453953476877e-5,1.0875658797929378e-5,4.735236811388412e-6,1.5937766678261795e-6,2.785146160869519e-7,-1.2375323127202158e-5,-1.7002319859278418e-5,-1.629665492506695e-5,-7.996370933593243e-6,-2.9915865016716622e-5,-3.161806344375467e-5,-2.397546558869582e-5,-1.2944791184585654e-5,-1.1860793463188721e-5
-2.0916198784879095e-6,-4.03476973532937e-6,-7.3657327275174e-6,-1.3544921786749472e-5,-2.652549735575783e-5,-5.2497825097042436e-5,-0.0001045632443553931,-7.751601799778278e-5,-4.217540418375908e-5,-6.897711582248586e-6,2.2211409490832378e-5,4.577649950308091e-5,4.6921904038465047e-5,5.0191297980022846e-5,4.462093209477254e-5,3.485436654704154e-5,2.6853359897963934e-5,1.567288976280103e-5,1.7340269300005327e-5,3.134091433750467e-6,-5.266594241126959e-7,-7.764502237319249e-6,-1.6537405399727905e-5,-3.082349424001887e-5,-5.690518309220544e-5,-8.561817967390749e-5,1.0031280405919936,-0.00014344788964838266,-0.00016701190148869696,-0.00015865201863786288,-0.0001454702663981324,-0.00012606027011821897,-6.932890154406087e-5,-1.1251295718850076e-5,5.2343666608822e-5,0.00011524777480733062,0.00015425739376872407,0.00017536705350389874,0.00017921052144322469,0.0001471072649316946,0.00011881830823228503,7.875582660095374e-5,3.611829307153658e-5,3.446743139836671e-5,3.058237252797587e-5,2.0775913748909887e-5,1.418054459580812e-5,6.3604165463200385e-6,2.3043083004999554e-6,-1.715440239087118e-6,-2.2092272798679863e-5,-3.093350525706328e-5,-2.89848100862151e-5,-1.4867256105927505e-5,-3.543735954892924e-5,-3.4962861575881916e-5,-2.5616394250656275e-5,-1.2812694519104601e-5,-1.231244731412209e-5
-2.418075355773587e-6,-4.524792224550561e-6,-8.445916923887406e-6,-1.5446783316365423e-5,-3.041186969948432e-5,-6.142692915746743e-5,-0.00012508108580012843,-8.365635365493818e-5,-4.068680542171702e-5,-3.3778683293251053e-6,2.770306380715489e-5,5.0195487554677705e-5,5.0302865286503406e-5,5.3610968122976754e-5,5.045180909587101e-5,4.2209712458177316e-5,3.166678312515332e-5,1.57748560044524e-5,7.175268673858865e-6,2.3960550413946387e-6,5.602481847132227e-6,2.435623452706289e-6,-5.651369718723352e-6,-2.4587473796541287e-5,-5.844241952263273e-5,-9.864029219681002e-5,-0.00014344788964838266,1.0030539170756398,-0.00022915843541384092,-0.00022825627490906272,-0.0002144791645652193,-0.00018671508586417575,-0.00010727083048500773,-1.2572752307470778e-5,8.559740125663304e-5,0.00018081152609311649,0.00024070161450256497,0.00025416807663168395,0.00024899066613002114,0.0001943536130897309,0.0001444542076797946,7.860189576887752e-5,9.962980039130411e-7,2.3872568488956242e-5,3.092060167146202e-5,2.368754269761778e-5,1.763311250550499e-5,8.221887577475255e-6,3.249349961090058e-6,-6.295425153237989e-6,-3.456937970865546e-5,-4.9468946080088425e-5,-4.468508076713142e-5,-2.4886993756229912e-5,-4.222447215846487e-5,-4.0545622990313e-5,-2.6555505904940447e-5,-1.1319887431594236e-5,-1.1455683335001495e-5
-2.2917243224410487e-6,-4.057761736011657e-6,-8.114351132572949e-6,-1.4803700621758125e-5,-2.9923316460847925e-5,-6.205123315462948e-5,-0.0001272271027420627,-7.233515029765731e-5,-2.2184829435880008e-5,7.016829320004834e-6,4.207092990757031e-5,5.097872340178044e-5,5.1303859175245834e-5,4.551593955198123e-5,4.916118590351997e-5,4.065347818440396e-5,3.127248359300818e-5,9.318710776061141e-6,-1.9731539154407705e-5,-7.441348107105543e-6,6.824031466973793e-6,9.386732269038332e-6,3.715610473789641e-6,-1.8543742064824534e-5,-5.76073466733464e-5,-0.00010725533432134719,-0.00016701190148869696,-0.00022915843541384092,1.0029375689551545,-0.000335264294837735,-0.0003218771828102938,-0.00030510334918250814,-0.00022415172146729754,-4.2385400428338973e-5,0.00012981752920627514,0.00029827182075924574,0.00041364410319882043,0.0003847682007367947,0.0003584083803646305,0.0002562969624057513,0.00017122024007878078,7.026128980437739e-5,-5.502541053345846e-5,1.095105219380397e-5,3.2861339785495905e-5,2.83068384390298e-5,2.2532753165358728e-5,1.099412695513825e-5,4.798763627086838e-6,-1.2389178133272858e-5,-4.5295316468336006e-5,-6.843271978575025e-5,-5.868210976622534e-5,-3.5445218989944414e-5,-4.616051938944717e-5,-4.794550933958708e-5,-2.6876271543023372e-5,-6.917998953300256e-6,-7.016568268498413e-6
-2.655136956947935e-6,-4.343428588751423e-6,-9.165130346325145e-6,-1.6645928332062986e-5,-3.427829105303088e-5,-7.273546608228822e-5,-0.00015007199429979955,-7.734243704358174e-5,-1.4757457601498861e-5,9.53416371706228e-6,5.548027217861146e-5,5.123786754495284e-5,6.086702215696435e-5,4.4798362444684915e-5,5.878279858244739e-5,4.66210862978285e-5,4.412308465203633e-5,1.4441205992450912e-5,-3.855454525937055e-5,-1.3106796165705108e-5,8.929698544413874e-6,1.374163437977919e-5,1.0212228406499243e-5,-1.1548868503466775e-5,-4.930219602603844e-5,-9.675392958578122e-5,-0.00015865201863786288,-0.00022825627490906272,-0.000335264294837735,1.0028269589275327,-0.00041712589709124543,-0.00041077849508177776,-0.00034594006367236435,-7.1471972619946e-5,0.00017195316245115387,0.00040338842014941317,0.0005702043238183585,0.00047484270130653184,0.00042117257333058194,0.0002791316332428837,0.00017170472200513505,5.42551621503672e-5,-0.00010384289322823647,2.026113133277031e-6,3.536354759243894e-5,3.2089138868035734e-5,2.609019566150899e-5,1.2916960232877088e-5,5.878827632754302e-6,-1.5867551696282644e-5,-5.555837131544584e-5,-8.43451134467521e-5,-7.213640442315553e-5,-4.41855559736522e-5,-3.790907676929374e-5,-4.763615301115927e-5,-2.2327064013889633e-5,-3.4421113428583234e-6,-2.738718278785118e-6
