1.651886552061855,-0.12317865726842883,-0.12606316751756982,-0.11904495898885344,-0.088709005353878,-0.023462374782201024,0.08935224800380082,0.08233521714590455,0.057986115411315736,0.04294070689274437,0.03878268893450121,0.04718171461515451,0.05147292655542848,0.04785048139630138,0.04882450715425905,0.050422738406804925,0.048108856085883896,0.04517838201933402,0.039225100125142735,0.04049112515634672,0.045914029766499186,0.05079292253985078,0.04917154145134855,0.041562596222695584,0.029728052327418767,0.020278658661519577,0.013356931022079665,0.009172772201781136,0.006335968422006136,0.004868652860567907,0.003797473426852264,0.004782907104069177,0.004130541508730334,0.0041251294079024635,0.005139348965834635,0.006192164355752616,0.006700306712499858,0.006390991813368736,0.005924127227336788,0.005400792566187529,0.005443912958933817,0.006165557348697293,0.008489239730882362,0.0032843420035403256,0.00022498974554575722,-0.0013026328400092908,-0.0019248704449625316,-0.0020709920798594734,-0.0019488016140017635,0.0011203443621589364,0.01667769901446453,0.004153316529926923,0.01571816423508157,-0.012810360783990943,0.012085085494637916,-0.0068220809945135135,0.004817241084140699,0.0035248368190346152,1.5136538461980733e-5
-0.12317865726842883,1.6298453641981905,-0.145085652041376,-0.14353355549045838,-0.11671307154442116,-0.04890232487204632,0.08204247017715241,0.09146587645085974,0.06888975155623243,0.053189274348592816,0.04442587426812719,0.05156690126552754,0.057435843366459904,0.05510222485817739,0.05544864248193879,0.05817583521361826,0.05494689780774101,0.05044807575139608,0.04362787433288563,0.04575730319626827,0.05327185054276146,0.05991605415579705,0.05854884764837473,0.05008132428778732,0.036538503033683355,0.025384815070254436,0.016872577625585028,0.011365897819005403,0.007250967919339218,0.0048353723953639205,0.003168255958368877,0.003762528966769314,0.0030926155415390835,0.0032063282404558883,0.0043709529499825,0.0055479253066511615,0.006174446604092936,0.005970664181133647,0.0054841007299297,0.004825527526083741,0.004590030247291611,0.004946575516907005,0.00681483589791845,0.0025527354780872312,-2.0833414229684853e-6,-0.001256609382228244,-0.0017599979560297485,-0.0018653875928448722,-0.0017456369017574383,0.0013997433705538263,0.01996508794970919,0.002003821984677148,0.017423596272074945,-0.01441247668595605,0.013722669660853871,-0.0066692354818151936,0.006524664744387735,-0.0004893654392313153,0.0032581173765840253
-0.12606316751756982,-0.145085652041376,1.6048054109063974,-0.1697700936129881,-0.1540432619930053,-0.0914789760031156,0.05489664303390534,0.09924358523695197,0.08297852733942641,0.0651500014748676,0.04913564951636955,0.05469083317315115,0.06360028467161248,0.06334478277916701,0.062014617995935606,0.06609494354919006,0.06216034937495391,0.055872173522716215,0.04783532161722303,0.051500285906936,0.06143794144505811,0.06977784152336361,0.06850371279437369,0.05924015798998431,0.04418858148794559,0.03144284968331367,0.021297669490148063,0.014305960955472916,0.008619299190976829,0.004899151747405165,0.002395760277631953,0.0023859959573287797,0.0019449732504139392,0.00225747461824846,0.0033616802792178838,0.004407886548191467,0.00502546079091448,0.004984926314558934,0.004515550882542919,0.003714269245906487,0.0030661869781732983,0.0027772771489545,0.0036823981808658188,0.0011454886032865423,-0.00042699160707126337,-0.0011578264659287088,-0.0014272627597851568,-0.0014566431543122213,-0.0013418763643431952,0.0023883452403757914,0.021339025415975738,0.0005496212501352773,0.0149061383496252,-0.014703237648983772,0.013872923451183815,-0.005973572567324506,0.0076215349672047825,-0.00294801783392232,0.004867689756216104
-0.11904495898885344,-0.14353355549045838,-0.1697700936129881,1.572436024514362,-0.2012219591100547,-0.1603164863453977,-0.010332396219945401,0.103096647142961,0.10319023104920255,0.08260776582449053,0.05625733729007889,0.05719056128756886,0.0686264226674396,0.07160472034646001,0.06880617601385038,0.07466951833229296,0.07067682408625016,0.06230330486366488,0.05195580093757009,0.05778438976734973,0.06963308617271716,0.07858899212072998,0.0767441563715291,0.06690411372670005,0.05112739879464432,0.03751347795529714,0.026169059153487644,0.017800080570515932,0.010453016539297238,0.0051267400967233,0.0014858528886161494,0.0006458663425505266,0.0001281537677242477,0.0008352736157377914,0.002366129954777105,0.003704119504577282,0.004424685906721292,0.004376716492016618,0.003715460353469679,0.0026146239997143156,0.0014145592867298997,0.00036757052170807274,0.00023427641849634167,-0.0003394265273509267,-0.0007892250396232725,-0.0009333842987514314,-0.0009475255434311726,-0.0009062141467591915,-0.0008151336619975277,0.0012679481134376426,0.01874471260902495,0.0010647450175087314,0.009323126200526841,-0.008986628726830101,0.010676327861833486,-0.004740020987125807,0.0075265246100674355,-0.002200637038128551,0.006863172553493929
-0.088709005353878,-0.11671307154442116,-0.1540432619930053,-0.2012219591100547,1.517502840719624,-0.26036951699829836,-0.14834160030919863,0.07658243594043035,0.11948153809206813,0.10295640558091664,0.06574276474957326,0.057274070927064685,0.06986260933976683,0.07836507219052026,0.07449910151297953,0.08117317458553851,0.07789106121181086,0.06789321504534954,0.05415700659226787,0.06378260507546094,0.07612338583418736,0.08350692375084301,0.08000274508068408,0.06992866290415875,0.05479888857558864,0.041591613956222934,0.030047407784120978,0.020906553026881245,0.012266949323325659,0.005311490995159222,0.0004223697758750774,-0.001545419892327186,-0.0019413154164473043,-0.0006992393687520015,0.0010732987692576173,0.0024368535453470376,0.0030545751696387986,0.002959992944384767,0.002084451980634076,0.0006776842347435468,-0.0012121387886817204,-0.0033398292539434187,-0.0051635035087103116,-0.002830212976640486,-0.0015273984913654426,-0.0007379779429650193,-0.000320183333504043,-0.00013828728141979866,-5.813990465202797e-5,0.000151991611004161,0.009392850122306564,0.002479123985900913,-0.0012696438693290575,0.001111870835715142,0.0034902264001316365,-0.00192348707646074,0.005880351385941911,0.001284810389439474,0.005662034949201574
-0.023462374782201024,-0.04890232487204632,-0.0914789760031156,-0.1603164863453977,-0.26036951699829836,1.3949650827020978,-0.41023270296642844,-0.0491164258916259,0.09807166289003799,0.13140130772766684,0.10098954637927185,0.06209068934421322,0.05862449271623537,0.07782996368171943,0.08189662552997522,0.08559657984467614,0.0820796841354899,0.07290793176881097,0.05533416795393209,0.06969793192808148,0.07773202176972731,0.07874111806674819,0.07205428010299207,0.06215993873835277,0.04980040036773156,0.03924163633219325,0.029594894744505676,0.021524692510299807,0.012997185341318203,0.005230262194101265,-0.0007255357065912296,-0.0040507939631529615,-0.004324000996014263,-0.0023022744375482754,3.7884328056741256e-5,0.0016191302517827339,0.0021749012522136726,0.0018212424206608463,0.000409478367802803,-0.001705289022984113,-0.00492428158636013,-0.008890866409196741,-0.013474662510648112,-0.006377247051573794,-0.0024206621336696054,-0.00032077349212610034,0.0006595591221089071,0.0009887789429252553,0.001018269104979948,-0.0028495933787360786,-0.009675835520334786,0.006691670900241906,-0.010811629447105307,0.014887700788752012,-0.007880170491760737,0.004200642489516151,0.0034189716461940863,0.003557348647791726,0.0035268514005620676
0.08935224800380082,0.08204247017715241,0.05489664303390534,-0.010332396219945401,-0.14834160030919863,-0.41023270296642844,0.9258649774432304,-0.4216643724178669,-0.06495390988394732,0.12500520905879167,0.17399306541485732,0.10338109031872113,0.04687055258241444,0.07156075281543807,0.09134189131669364,0.08618724160888715,0.08278428724483629,0.07985525188686397,0.05691713483158542,0.07605220469327657,0.06935714938044245,0.05592275478993569,0.044299006100643246,0.03660765450461731,0.031619134528971735,0.028038629643963173,0.023991315647402877,0.019810596727945395,0.013606800579819408,0.0063705487370484485,-0.00036101253227636607,-0.004540871014698223,-0.003956089258906129,-0.0014827321345184691,0.0004945748812767124,0.0013639957752855508,0.0015110409610392412,0.001019118011281605,-0.001029151121743505,-0.004285841933236658,-0.009913446511968783,-0.01749123102919841,-0.027711742515303287,-0.012536887309000325,-0.0042797283379230975,-0.0001333905799999522,0.0017074587551392446,0.0022906564412850457,0.0022851630965003453,-0.003742190236739863,-0.043624592470258,0.019205934467061613,-0.01257890701777172,0.01876779856226729,-0.022238390386961137,0.011959092951974386,0.0014553134213426112,0.0009073356188036913,0.00022627392654134778
0.08233521714590455,0.09146587645085974,0.09924358523695197,0.103096647142961,0.07658243594043035,-0.0491164258916259,-0.4216643724178669,1.1829071325623266,-0.3642501230903592,-0.14034771033653773,0.02342706917229939,0.09214075884413947,0.08044692574280825,0.0735810821890233,0.05591965137542762,0.043464362269117505,0.04634308606160244,0.05264544922159528,0.047958949176355126,0.05519481360395408,0.05490129406698837,0.0524077282119555,0.04699756024837582,0.03719649142382532,0.025403363236692296,0.016024569487609556,0.010037909289756956,0.00687499718486022,0.004252704354207996,0.00176485651637276,-0.0003132881290673668,-0.0036644997992984893,-0.0022038779345009097,-7.088537011491246e-5,0.00015573260906075342,-0.0006909079332123364,-0.0014607383248947154,-0.0018976404028009678,-0.0025276659701967737,-0.003489374711996537,-0.004966403566489079,-0.006915292319308083,-0.009324751195176518,-0.006980662721738789,-0.004889410469641962,-0.003242249189471203,-0.0021084843518069337,-0.0013540369132214137,-0.0008687427483861365,0.005358839290216396,-0.0008835191620282818,-0.013769920365897217,0.01094699029246121,-0.0032272123659746214,-0.01602914286697302,0.013388757037530463,0.0031273187284698543,0.005982510857441953,-0.02296540778660886
0.057986115411315736,0.06888975155623243,0.08297852733942641,0.10319023104920255,0.11948153809206813,0.09807166289003799,-0.06495390988394732,-0.3642501230903592,1.191171765817081,-0.4226932034903645,-0.14924884164497287,0.05533278423176797,0.13889927007806843,0.0970808464283946,0.049633888395636795,0.04085010447931649,0.04696111041413088,0.0554899118406337,0.04812075101588096,0.05203861024561802,0.0539647624220725,0.05483444168492817,0.05127451698293797,0.04210919633145266,0.029818938690020586,0.019640246034394074,0.01258377549927041,0.008560940838902503,0.005718453634966454,0.004013660067628822,0.0025552101869639574,0.0019799637391868068,0.0004938673834908491,-0.0008304933203790748,-0.0010733594328618333,-0.0008212471055767818,-0.0006183018020096474,-0.0006651053822879446,-0.001195809909392382,-0.002170097526166632,-0.0037123827913340714,-0.005689798841743206,-0.008089638683271911,-0.006104126492248772,-0.004276657496407631,-0.002876990780340952,-0.0019287824628739156,-0.001306127976640742,-0.0008930871759756113,0.005777094068813583,-0.0007600988154502359,-0.009651012278908449,0.00400065930702853,-0.001344635289924942,0.023102012518188265,-0.0111796288782557,-0.011233700895848332,-0.027249274585140766,0.022599829872623226
0.04294070689274437,0.053189274348592816,0.0651500014748676,0.08260776582449053,0.10295640558091664,0.13140130772766684,0.12500520905879167,-0.14034771033653773,-0.4226932034903645,1.2011487039755884,-0.3871951393935988,-0.04413728682096292,0.13303337640185503,0.06723359391356785,0.03977715573517344,0.042370272457663734,0.056447912961668505,0.06348066105260476,0.05772542539314006,0.06139561779559431,0.06202052039928558,0.06106984737509849,0.05579599530450055,0.04648345305888702,0.03468971573156284,0.025082050800789863,0.01777968813044128,0.012909767151172744,0.008457510293107753,0.004736617617659952,0.0015386075089354977,-0.0010695745499788992,-0.0012390256357709486,-0.0001932292150606314,0.0006506651950352521,0.0010072394265768113,0.0010231834077215952,0.0007072896891173907,-0.00017058668426179148,-0.0015389333013131653,-0.003634750459623655,-0.006310882870587005,-0.009408015260097751,-0.005644481038622377,-0.0031663953567489535,-0.0016474139493600423,-0.000791954110789704,-0.000357197908775437,-0.0001328748080982433,0.00785972628340782,-0.010459241954303469,-0.00832356621255292,-0.009591719814013876,0.01144737902869934,0.003518800582588508,0.0016566316952281487,-0.00912599273727535,-0.0037108562302533535,0.004857910405120848
0.03878268893450121,0.04442587426812719,0.04913564951636955,0.05625733729007889,0.06574276474957326,0.10098954637927185,0.17399306541485732,0.02342706917229939,-0.14924884164497287,-0.3871951393935988,1.2699666118458524,-0.3119118031936076,-0.09269480438366694,0.014262514152243203,0.05484418908683963,0.07544707791897712,0.07651843723713908,0.07385060813587405,0.05895820761494666,0.0690341934034387,0.0695424867116274,0.0650178855621307,0.05696292835944824,0.04740896289429908,0.0369740431052905,0.028620844570803917,0.02164990987297848,0.01613732079775973,0.010012904785288972,0.003926073813289426,-0.0005839956914184485,-0.0036411586702164165,-0.0017473486592994943,0.0009126535873173753,0.0021232616040360044,0.002139109559712338,0.0017599258344881137,0.001344073579674396,0.00010878715199494442,-0.0017199994658170811,-0.00463407266399521,-0.008393319552463724,-0.012989206200508042,-0.007050839140126517,-0.0034286526797202123,-0.0013673095407007647,-0.000289873345401959,0.0001775620074994823,0.00035849229355690727,0.010591346512034023,-0.015309697881098261,-0.0069948883455328,-0.00841265251463625,0.01073362767833618,-0.01060360344474004,0.011075388119296712,-0.010563711045028514,0.015747795015120043,-0.011734354538383245
0.04718171461515451,0.05156690126552754,0.05469083317315115,0.05719056128756886,0.057274070927064685,0.06209068934421322,0.10338109031872113,0.09214075884413947,0.05533278423176797,-0.04413728682096292,-0.3119118031936076,1.2153499448967355,-0.4331155857568527,-0.1532715276894035,0.03943276341740915,0.09009116434405912,0.08632377128358162,0.072976347576986,0.0637526086489903,0.07463239879836445,0.07166064921141736,0.06404821635265628,0.054681766191330715,0.04430807396775837,0.03349985497876437,0.025047554988727436,0.018507880428785938,0.013949054278373967,0.009371031794456709,0.005116043174739144,0.0012724419244371375,-0.0020919564960292978,-0.0006526053521858638,0.001355521017783035,0.001495215191878296,0.0006641998625824425,3.607085130906039e-5,-0.00023329242711487972,-0.0011444641071083528,-0.00287484603252066,-0.0059521553078222015,-0.010268329214712048,-0.016008758338072845,-0.009132153600410389,-0.004810051249570709,-0.002282911067124344,-0.0009107425021139676,-0.00024240380500602498,6.823597742708789e-5,0.0007550455126598851,-0.016368730890181028,0.018633703585686414,-0.005975496641030568,-0.0029303786429815053,8.354854894362446e-5,0.006627431354859253,-0.01927072924565926,0.009046661289381676,-0.0028133000423573
0.05147292655542848,0.057435843366459904,0.06360028467161248,0.0686264226674396,0.06986260933976683,0.05862449271623537,0.04687055258241444,0.08044692574280825,0.13889927007806843,0.13303337640185503,-0.09269480438366694,-0.4331155857568527,1.1789849192554798,-0.35845400045638437,-0.09193319925425598,0.05708948675309008,0.056582129438288276,0.05458349240473344,0.04715999530840594,0.06464244952431061,0.06912201354076285,0.0666796141568009,0.05911482602843714,0.048121274301005525,0.03560018892362483,0.02574813561479757,0.018453026589832673,0.013593357066698489,0.008825965492616897,0.004157669499202647,0.0006348425098129511,-0.0017862882757528646,0.00038036196248470116,0.002033045025873459,0.0017117739706707224,0.0004810114007239476,-0.0003273652285093846,-0.0004054748904358139,-0.0010942787626846248,-0.0024878642700774576,-0.005156793920706759,-0.009065787271958869,-0.01460057435172316,-0.008463397473982046,-0.004502512997695617,-0.002139116057247501,-0.0008474756848027444,-0.00020992632172608743,8.608197208828815e-5,-0.009595677072868174,-0.022427252915579638,0.04285090363326848,-0.01399703352836116,-0.0034604811270574935,-0.0014957636879027946,0.007873387433623414,-0.011649039788326874,0.0006390982594906581,-0.00707244434027482
0.04785048139630138,0.05510222485817739,0.06334478277916701,0.07160472034646001,0.07836507219052026,0.07782996368171943,0.07156075281543807,0.0735810821890233,0.0970808464283946,0.06723359391356785,0.014262514152243203,-0.1532715276894035,-0.35845400045638437,1.3261006833809974,-0.2893491008928868,-0.1300903863377874,-0.009933230589475569,0.04941421777303995,0.05922511338194303,0.062430637673567595,0.06280055148642996,0.06331585259819095,0.05903685662699171,0.049486526287043524,0.03689292749231325,0.026641933899540164,0.018954344636721784,0.014011712162904096,0.00965580089512827,0.006071698873447901,0.0025867202463482064,-0.0006274912671577677,-0.0011778562804557577,-0.0005478841935115628,-0.00023929620879973454,-0.0002327107362916756,-0.00021317217216736549,-0.0001876801075950319,-0.0007835397992522772,-0.0020263274875861755,-0.004242884419438377,-0.007417576996777075,-0.011614639317207956,-0.005903261190064177,-0.002557074294595408,-0.0007412324831301038,0.00014251845068581417,0.00050577545085856,0.0006085101621183313,0.003015348784294229,-0.010498673032093366,0.0033090923403321553,-0.013524163161354038,0.007036357411175512,-0.005754755564198377,0.004049253188448,0.011849787289673371,-0.02335903149506259,0.004781544766717926
0.04882450715425905,0.05544864248193879,0.062014617995935606,0.06880617601385038,0.07449910151297953,0.08189662552997522,0.09134189131669364,0.05591965137542762,0.049633888395636795,0.03977715573517344,0.05484418908683963,0.03943276341740915,-0.09193319925425598,-0.2893491008928868,1.318550960097832,-0.3656586785873768,-0.14332713759695667,0.02582034797426275,0.05487182226568066,0.05283186792357254,0.053996671234386874,0.05854954860875966,0.05737300967622539,0.04921427918785266,0.0368482595740676,0.026395867294764775,0.018490500869422513,0.013352998620101449,0.00881073652725784,0.005170521426606422,0.002090101169843612,0.0005080512667904355,-0.0012778884402101344,-0.0022100446233578163,-0.001759240350078539,-0.0008954107319418431,-0.000260602975236481,-2.726733037156537e-5,-0.0006414078510808933,-0.0017862829678367705,-0.0036728028638917357,-0.006139941181587699,-0.00917305514237638,-0.004221084186024952,-0.001505459770488437,-0.00010374430519449147,0.0005264220159145747,0.000749566691578289,0.0007685780826207683,0.014923322124578212,0.0057531950149184415,-0.03609406694192622,-0.0003274911856619013,0.007616031441499789,-0.007796400254486716,-0.001985747746248742,0.028757099098544823,-0.04289335320241844,0.018069914745086103
0.050422738406804925,0.05817583521361826,0.06609494354919006,0.07466951833229296,0.08117317458553851,0.08559657984467614,0.08618724160888715,0.043464362269117505,0.04085010447931649,0.042370272457663734,0.07544707791897712,0.09009116434405912,0.05708948675309008,-0.1300903863377874,-0.3656586785873768,1.3314234767410322,-0.2534856533810639,-0.08167482369778722,-0.007060587639805402,0.006765895795473713,0.02431234515595848,0.04180593894408932,0.049448628136210995,0.04510517108260191,0.03364821503278422,0.023071277709519052,0.015308061008973159,0.01075016578104094,0.007293047599764391,0.005175093403996048,0.003293082848612959,0.001986897910043855,0.00010532913352324615,-0.001009946579321703,-0.0009107362523276533,-0.000397228363134564,2.903914172093859e-5,0.00011271560543581558,-0.00048164449241896876,-0.0016523242264182341,-0.003561538624911509,-0.006093652910989997,-0.009242724456309519,-0.004727097898867686,-0.0021189726610828497,-0.000692510318567694,1.5809271900001467e-5,0.00032298399268304763,0.0004228386172266881,-0.0009662586262966941,-0.0006612494469817498,-0.011960398322337881,-0.0017432777822345763,0.005176509219894194,-0.0035112883445373674,-0.0052928597613719555,0.021562107531424176,-0.03332712602576435,0.018822382258057515
0.048108856085883896,0.05494689780774101,0.06216034937495391,0.07067682408625016,0.07789106121181086,0.0820796841354899,0.08278428724483629,0.04634308606160244,0.04696111041413088,0.056447912961668505,0.07651843723713908,0.08632377128358162,0.056582129438288276,-0.009933230589475569,-0.14332713759695667,-0.2534856533810639,1.4784368350694423,-0.24320247337150622,-0.13823960437907556,-0.08033387543945959,-0.02446939332658283,0.014824710055797583,0.034628279031677874,0.03720556784741338,0.030039002084661055,0.021816538880242653,0.015239968140102514,0.011098565619224557,0.007331188367384268,0.004568677392574153,0.0029910384741499603,0.0033756971067203565,0.004099285900034862,0.003332432910892916,0.002184693486336066,0.0010995121654959858,0.0005920998983850443,0.0006091486630002186,-0.00014776768318152224,-0.0017067901430704842,-0.004545627836839235,-0.008445823283955316,-0.013679186606892194,-0.008016846939324428,-0.004375936994415497,-0.00222113553185646,-0.0010144766443349533,-0.00041751863216035143,-0.00011216237759123419,-0.012175891276653692,-0.009915238662023046,0.013626048984820428,-0.011681026312271225,0.0012113403071535023,0.0052860137402417455,-0.009144352254329973,-0.008315897393745582,0.004441716260028287,0.0090179380619641
0.04517838201933402,0.05044807575139608,0.055872173522716215,0.06230330486366488,0.06789321504534954,0.07290793176881097,0.07985525188686397,0.05264544922159528,0.0554899118406337,0.06348066105260476,0.07385060813587405,0.072976347576986,0.05458349240473344,0.04941421777303995,0.02582034797426275,-0.08167482369778722,-0.24320247337150622,1.4405407770588967,-0.22708916854052416,-0.14614603291649075,-0.070471691725027,-0.022641603409208802,0.003710669930906328,0.014852000305346025,0.017619883679572606,0.016893513800424125,0.014833365789495706,0.012444246113654462,0.008615853969565027,0.004680398807797147,0.0020866352463638294,0.005205324279738733,0.007377969462394107,0.006069280570812036,0.003976343265853972,0.0020500905890367747,0.0011163118466358546,0.001042903793996971,-8.19405467235609e-5,-0.002352338705730698,-0.006493174541306751,-0.01215044304578273,-0.019674811262997763,-0.012078745484727052,-0.006934758946560806,-0.0037610578183405003,-0.0019316165372027766,-0.0009775821145061028,-0.0004606374905644039,-0.006535139484580516,-0.009851424712205625,0.008762572456023715,-0.01421060008740301,-0.0016739393992535167,0.010655638792112964,-0.015370876710368622,-0.023564341548015434,0.024998058138948183,0.0048143932475436775
0.039225100125142735,0.04362787433288563,0.04783532161722303,0.05195580093757009,0.05415700659226787,0.05533416795393209,0.05691713483158542,0.047958949176355126,0.04812075101588096,0.05772542539314006,0.05895820761494666,0.0637526086489903,0.04715999530840594,0.05922511338194303,0.05487182226568066,-0.007060587639805402,-0.13823960437907556,-0.22708916854052416,1.5629253041274083,-0.15519919076438168,-0.10044470185889942,-0.06135983776959035,-0.03422163704898752,-0.015052690903547387,-0.0008776262641686056,0.007588878741509562,0.011280200983580372,0.011284766261168939,0.007405623215107431,0.0014997199098302442,-0.002844329862750167,0.003285336878154251,0.00792082480810582,0.007126120427303013,0.0047567463056066754,0.002393618719721984,0.001297100268183653,0.0013523894690446602,0.00013135150158603332,-0.0023318363984189366,-0.007011292853100283,-0.01337119954199432,-0.022257510507353678,-0.011978884557159532,-0.005824291486096849,-0.00234264189778143,-0.0005745637367593244,0.00021735840495969698,0.000529421662543507,0.0008705745891810895,-0.008357908066289728,-0.0011855482106409017,-0.010658536800437922,-0.0051113008309855955,0.0028571242803770457,-0.005431288953682319,-0.016733716455167406,0.015575920312932468,-0.0010741903452057783
0.04049112515634672,0.04575730319626827,0.051500285906936,0.05778438976734973,0.06378260507546094,0.06969793192808148,0.07605220469327657,0.05519481360395408,0.05203861024561802,0.06139561779559431,0.0690341934034387,0.07463239879836445,0.06464244952431061,0.062430637673567595,0.05283186792357254,0.006765895795473713,-0.08033387543945959,-0.14614603291649075,-0.15519919076438168,1.5947063668668802,-0.15434470716167273,-0.12494611748016772,-0.09189084154857108,-0.060782735628424865,-0.03244827951342267,-0.012960244978895733,-0.0011959877631848913,0.003671903454600442,0.0031111340579569246,-0.00023692544965459627,-0.0024509421329546666,0.0020104181344222523,0.007138309567255636,0.007624264121675861,0.005261885729154727,0.0022792690157125914,0.0004479215333837432,2.7633378976682963e-5,-0.001243036569089213,-0.0033577837686283654,-0.007056645168626837,-0.011960127442354461,-0.018554941238739308,-0.010252253169678618,-0.005137399283104971,-0.00218295091338726,-0.0006289170213750891,0.00011057964239205414,0.00042655019361657437,0.0024850758281889924,0.0033907338508301532,-0.017179411279866854,-0.009389033030407522,-0.0030352192193785024,-0.0040555498513937865,0.006675832625588414,-0.009922249938758653,0.005320133550395741,-0.007022547757588482
0.045914029766499186,0.05327185054276146,0.06143794144505811,0.06963308617271716,0.07612338583418736,0.07773202176972731,0.06935714938044245,0.05490129406698837,0.0539647624220725,0.06202052039928558,0.0695424867116274,0.07166064921141736,0.06912201354076285,0.06280055148642996,0.053996671234386874,0.02431234515595848,-0.02446939332658283,-0.070471691725027,-0.10044470185889942,-0.15434470716167273,1.5885066193026072,-0.1758287579146175,-0.15166907528729523,-0.11464486350687213,-0.07202216260674223,-0.03928548165766142,-0.01741867200258606,-0.0061799043952776925,-0.0016216461163173854,-0.0007097101925906185,-0.0003074815027734966,0.0017644780486145636,0.00526687541159783,0.006063896653669263,0.003961701041844503,0.0010821006022023,-0.0010610087051990465,-0.001984936307567138,-0.003112950605897686,-0.004473903994047989,-0.006432928716799011,-0.008879346069029709,-0.012065665164131899,-0.006921425842424417,-0.003666220384888682,-0.0017166731323674186,-0.0006279421598041731,-6.0454429068740154e-5,0.0002110275813578966,0.0016069928998167123,0.006106028088823465,-0.01696406785626774,-0.005031699785743837,-0.0018719422659557899,-0.006998970404578563,0.01040193181649641,-0.0046307909294068745,-0.0010252241788815885,-0.01053405691195197
0.05079292253985078,0.05991605415579705,0.06977784152336361,0.07858899212072998,0.08350692375084301,0.07874111806674819,0.05592275478993569,0.0524077282119555,0.05483444168492817,0.06106984737509849,0.0650178855621307,0.06404821635265628,0.0666796141568009,0.06331585259819095,0.05854954860875966,0.04180593894408932,0.014824710055797583,-0.022641603409208802,-0.06135983776959035,-0.12494611748016772,-0.1758287579146175,1.5643345540152487,-0.19394787571345046,-0.15761600710719073,-0.10587328406246277,-0.06304801348469923,-0.033156561986566774,-0.016558694903423855,-0.007122894740363535,-0.002053373599023619,0.0007231565430804119,0.001635785087320433,0.0028555897555785584,0.0031851097711431578,0.0016096867523521232,-0.00047279703851092726,-0.0024013884571609328,-0.00369075565620551,-0.004533694257129414,-0.004923927869351229,-0.004835243167335013,-0.004352853440146531,-0.003538884853970478,-0.0019116313558199304,-0.0008822538368221576,-0.0002769147660008076,8.12723947962278e-5,0.0002687945949918994,0.00034698199920101707,0.0006897123222999474,0.002950197027135112,-0.009340245797508901,-0.0002811681231173765,0.00028101851910825645,-0.008057439002940585,0.008533978513131847,-0.0016075148237089285,-0.0023254735846091126,-0.01137382163003102
0.04917154145134855,0.05854884764837473,0.06850371279437369,0.0767441563715291,0.08000274508068408,0.07205428010299207,0.044299006100643246,0.04699756024837582,0.05127451698293797,0.05579599530450055,0.05696292835944824,0.054681766191330715,0.05911482602843714,0.05903685662699171,0.05737300967622539,0.049448628136210995,0.034628279031677874,0.003710669930906328,-0.03422163704898752,-0.09189084154857108,-0.15166907528729523,-0.19394787571345046,1.5671612696216513,-0.17040334811070057,-0.12115533642940805,-0.07838300167346023,-0.04733823733385208,-0.028808563908211522,-0.015689873628815763,-0.006646404273983899,-0.000891251377578205,0.00017119610756582992,-0.0005099289758506087,-0.0009739509402059602,-0.002083546800488225,-0.003051304200480049,-0.00422726686568466,-0.005216473952803463,-0.005047532965120596,-0.0036389555497877073,-0.000576318005489086,0.003885997474181542,0.009641385456951682,0.006600132089525054,0.004391759483134493,0.0028562968321579015,0.0019300312430031966,0.0013721182329229644,0.0010165912528577532,1.9396819353076806e-5,-0.0005069795459096113,-0.003398859340976376,0.0027240367439336725,0.0020649904980570653,-0.008597884782058371,0.005187151844049942,-0.0001724254852109924,-0.0006648480341296735,-0.009755977056424298
0.041562596222695584,0.05008132428778732,0.05924015798998431,0.06690411372670005,0.06992866290415875,0.06215993873835277,0.03660765450461731,0.03719649142382532,0.04210919633145266,0.04648345305888702,0.04740896289429908,0.04430807396775837,0.048121274301005525,0.049486526287043524,0.04921427918785266,0.04510517108260191,0.03720556784741338,0.014852000305346025,-0.015052690903547387,-0.060782735628424865,-0.11464486350687213,-0.15761600710719073,-0.17040334811070057,1.6123696965237282,-0.11933061510550509,-0.08758675609869084,-0.06258686193622694,-0.045310933981711196,-0.029202758200033867,-0.01562730863574469,-0.0055528793517084785,-0.003269553202048817,-0.005268029768807557,-0.006578336633242003,-0.007059957770800236,-0.006416273973184451,-0.006099983045269813,-0.005908905678310529,-0.003883601978302328,0.00015875975974039008,0.007009832656699668,0.016328370213570167,0.027694283299528433,0.018953834482599623,0.012524691286392471,0.008002015592661768,0.005186392480306899,0.0034561935065362,0.0023785021750706284,-0.0005399554459895679,-0.002407970443889819,-0.0012702387070619985,0.0032122352957038676,0.0037651010449679142,-0.010341491129600726,0.003186035859820764,0.0006815583545120191,0.0017436676228804837,-0.005566399259310039
0.029728052327418767,0.036538503033683355,0.04418858148794559,0.05112739879464432,0.05479888857558864,0.04980040036773156,0.031619134528971735,0.025403363236692296,0.029818938690020586,0.03468971573156284,0.0369740431052905,0.03349985497876437,0.03560018892362483,0.03689292749231325,0.0368482595740676,0.03364821503278422,0.030039002084661055,0.017619883679572606,-0.0008776262641686056,-0.03244827951342267,-0.07202216260674223,-0.10587328406246277,-0.12115533642940805,-0.11933061510550509,1.6614703886491986,-0.09050130640080244,-0.07620135602735119,-0.0629165786665778,-0.04524488325573959,-0.027439398304210202,-0.012536844253715821,-0.008549880810318428,-0.011246570729267994,-0.013236651562967697,-0.012682182893336814,-0.009767151445780144,-0.007053608277412012,-0.00464083307731002,3.86148613020533e-6,0.007137244918190835,0.017877386622825828,0.03181901425251852,0.04812452785963583,0.032719810250908116,0.021495425587984156,0.013606739293978444,0.008672235277289254,0.0056317818875677795,0.0037601761115545265,-0.0011784198605532328,-0.0024610624357822783,-0.0023155718310856306,0.0019150887443092032,0.004677041590572339,-0.012071129935377976,0.002173463718669261,0.0011040685653741168,0.004288611032317188,-0.0013115471476735027
0.020278658661519577,0.025384815070254436,0.03144284968331367,0.03751347795529714,0.041591613956222934,0.03924163633219325,0.028038629643963173,0.016024569487609556,0.019640246034394074,0.025082050800789863,0.028620844570803917,0.025047554988727436,0.02574813561479757,0.026641933899540164,0.026395867294764775,0.023071277709519052,0.021816538880242653,0.016893513800424125,0.007588878741509562,-0.012960244978895733,-0.03928548165766142,-0.06304801348469923,-0.07838300167346023,-0.08758675609869084,-0.09050130640080244,1.6752995496291405,-0.08729554070326717,-0.07897044487794531,-0.06135462283132587,-0.040582870036519114,-0.021403158106131435,-0.016271171973417143,-0.018937707268901167,-0.020835655600056464,-0.018222016644291638,-0.012025375102099823,-0.005845800141902454,-0.00014681403739565628,0.007557082015311292,0.01756421101262979,0.0311722027848165,0.04787474687162115,0.06646232027453046,0.044222176958638136,0.028648442031603563,0.01788135126365259,0.011203943799076852,0.007109869858126734,0.004624417758364532,-0.001969276159440463,-0.0017162262492438278,-0.0037690427974719546,0.00020231130307703878,0.00498027506061695,-0.01326825452686578,0.001950443793683448,0.0012959468106533193,0.00625295989785059,0.00017587372005352232
0.013356931022079665,0.016872577625585028,0.021297669490148063,0.026169059153487644,0.030047407784120978,0.029594894744505676,0.023991315647402877,0.010037909289756956,0.01258377549927041,0.01777968813044128,0.02164990987297848,0.018507880428785938,0.018453026589832673,0.018954344636721784,0.018490500869422513,0.015308061008973159,0.015239968140102514,0.014833365789495706,0.011280200983580372,-0.0011959877631848913,-0.01741867200258606,-0.033156561986566774,-0.04733823733385208,-0.06258686193622694,-0.07620135602735119,-0.08729554070326717,1.6746389888118962,-0.08932224361429683,-0.07474490073459475,-0.05414723046887482,-0.032808396855847924,-0.02856609211762438,-0.02913056688154582,-0.0283307707201625,-0.021957860565108005,-0.011630516487736001,-0.0012932338087877342,0.008329029797082133,0.019015842015520864,0.031081314289274395,0.04586748664905135,0.06277332599481086,0.08040484623914958,0.051904818517638444,0.03299741993282812,0.02027511134241628,0.01249675965683014,0.007752050804605808,0.004913462406295891,-0.0029862082752645904,-0.0008216937123752272,-0.004588858824278581,-0.0011953090334944677,0.004443591024463961,-0.013714207521774602,0.0019682407093318055,0.001222238424210065,0.006938840913676062,-0.00047909473976128907
0.009172772201781136,0.011365897819005403,0.014305960955472916,0.017800080570515932,0.020906553026881245,0.021524692510299807,0.019810596727945395,0.00687499718486022,0.008560940838902503,0.012909767151172744,0.01613732079775973,0.013949054278373967,0.013593357066698489,0.014011712162904096,0.013352998620101449,0.01075016578104094,0.011098565619224557,0.012444246113654462,0.011284766261168939,0.003671903454600442,-0.0061799043952776925,-0.016558694903423855,-0.028808563908211522,-0.045310933981711196,-0.0629165786665778,-0.07897044487794531,-0.08932224361429683,1.6734915404671094,-0.08509251694924713,-0.06995041167448005,-0.049820577461216126,-0.05187934095224106,-0.044222760813951045,-0.033153786447063904,-0.02042864605514868,-0.0064979627293243036,0.006964274056169867,0.01999302469389545,0.03310976117997487,0.04660042254345635,0.06169816067432517,0.07746209703240868,0.09249570070966845,0.05617900027332196,0.034224625197516796,0.020370329279725177,0.012219971652508908,0.007378812522045414,0.004550985784819649,-0.0043279671627416355,0.00016903010503559315,-0.004370965108757171,-0.0022801811198905494,0.0031654083365098714,-0.012058273597696715,1.8870329032695584e-5,0.0019388647712991376,0.007040240687671642,-0.0017871796233023113
0.006335968422006136,0.007250967919339218,0.008619299190976829,0.010453016539297238,0.012266949323325659,0.012997185341318203,0.013606800579819408,0.004252704354207996,0.005718453634966454,0.008457510293107753,0.010012904785288972,0.009371031794456709,0.008825965492616897,0.00965580089512827,0.00881073652725784,0.007293047599764391,0.007331188367384268,0.008615853969565027,0.007405623215107431,0.0031111340579569246,-0.0016216461163173854,-0.007122894740363535,-0.015689873628815763,-0.029202758200033867,-0.04524488325573959,-0.06135462283132587,-0.07474490073459475,-0.08509251694924713,1.6768959090440425,-0.09037807166973748,-0.07871182356587317,-0.09794356519428106,-0.06546298476852946,-0.024818093290175394,-0.0009069780186009511,0.012648401488460557,0.023365320676665916,0.034694458724684976,0.04620962952778442,0.05823233205447359,0.0714468464879345,0.08494432792262385,0.09747106044075704,0.05557659014585502,0.03233758962336467,0.01878962006549345,0.01115496036843315,0.0067395704558170216,0.0041878022529986654,-0.0053424303174351585,0.0012075512573675206,-0.003654809556587609,-0.003339896681143524,0.0011007793640255036,-0.008981092603616424,-0.00519848293892212,0.004406447525389365,0.005899401695582856,-0.000525714069174243
0.004868652860567907,0.0048353723953639205,0.004899151747405165,0.0051267400967233,0.005311490995159222,0.005230262194101265,0.0063705487370484485,0.00176485651637276,0.004013660067628822,0.004736617617659952,0.003926073813289426,0.005116043174739144,0.004157669499202647,0.006071698873447901,0.005170521426606422,0.005175093403996048,0.004568677392574153,0.004680398807797147,0.0014997199098302442,-0.00023692544965459627,-0.0007097101925906185,-0.002053373599023619,-0.006646404273983899,-0.01562730863574469,-0.027439398304210202,-0.040582870036519114,-0.05414723046887482,-0.06995041167448005,-0.09037807166973748,1.6489151815551881,-0.12230207866802346,-0.1700585225692779,-0.09257379467792165,0.0013959029919417233,0.042049096971063356,0.04966877518744665,0.04886903550257369,0.05035629109397108,0.05440114251430413,0.061864145220035215,0.07186067011036788,0.08442814941687907,0.09848534217847893,0.052649596829912264,0.0293849160184967,0.017063647760615513,0.010416629353683409,0.0066570014913834045,0.004424294607997872,-0.004370806378667587,0.0017730880024141012,-0.002390046573591853,-0.004114326912475171,-0.0010695942068285889,-0.005313430359849608,-0.015025755783113874,0.009278574491222324,0.005532223515223372,0.003994312339459699
0.003797473426852264,0.003168255958368877,0.002395760277631953,0.0014858528886161494,0.0004223697758750774,-0.0007255357065912296,-0.00036101253227636607,-0.0003132881290673668,0.0025552101869639574,0.0015386075089354977,-0.0005839956914184485,0.0012724419244371375,0.0006348425098129511,0.0025867202463482064,0.002090101169843612,0.003293082848612959,0.0029910384741499603,0.0020866352463638294,-0.002844329862750167,-0.0024509421329546666,-0.0003074815027734966,0.0007231565430804119,-0.000891251377578205,-0.0055528793517084785,-0.012536844253715821,-0.021403158106131435,-0.032808396855847924,-0.049820577461216126,-0.07871182356587317,-0.12230207866802346,1.6246406258592223,-0.2013798588010668,-0.10515416802884854,0.014637316011214211,0.06583967016691614,0.07250410703630228,0.06523151834249281,0.05824731628663163,0.05438088843247226,0.055800025411857905,0.06050201526648557,0.07013790248663122,0.08619247428176442,0.04414485612533455,0.024968469079287132,0.015437213043706694,0.010219048349485811,0.00716788457888549,0.005181129933965203,-0.0023027631397125312,0.0021518783001136495,-0.000981611555019596,-0.005201302597602309,-0.003325800324556149,-0.005096985870386531,-0.019476967926645296,0.009100339795098679,0.008085063522760528,0.00698368404683501
0.004782907104069177,0.003762528966769314,0.0023859959573287797,0.0006458663425505266,-0.001545419892327186,-0.0040507939631529615,-0.004540871014698223,-0.0036644997992984893,0.0019799637391868068,-0.0010695745499788992,-0.0036411586702164165,-0.0020919564960292978,-0.0017862882757528646,-0.0006274912671577677,0.0005080512667904355,0.001986897910043855,0.0033756971067203565,0.005205324279738733,0.003285336878154251,0.0020104181344222523,0.0017644780486145636,0.001635785087320433,0.00017119610756582992,-0.003269553202048817,-0.008549880810318428,-0.016271171973417143,-0.02856609211762438,-0.05187934095224106,-0.09794356519428106,-0.1700585225692779,-0.2013798588010668,1.4446584162478804,-0.16801411674345348,0.03254585449875424,0.11325755397586794,0.1144852490334566,0.0939825702703367,0.07552924623121741,0.06707734959139142,0.06916566867649789,0.0784288908257001,0.09465609840897865,0.11796966323329171,0.06142554731471108,0.034522674013105555,0.021279953353959435,0.01412184127057451,0.010076345721893374,0.007414779496144901,-0.004059474420346426,0.0044047947929710144,0.0025405886746973964,-0.0036911941974477887,-0.008408841445332315,-0.00306918889200545,-0.035138379816326636,0.01802849611237305,0.010904218233360123,0.015428167972492898
