1.57720701828991,0.4526978873463955,0.9993273627139605,-0.19728780921883363,0.39006591347594083,0.16867821061453228,0.4609623837539252,-0.039651505865298385,0.13920945852324387,0.2234469999227809,0.17544327311882899,0.2642053401720952,0.1409714283935892,0.16099694323909858,0.228903625032617,0.13039589618700428,0.23303856710589993,0.1193595770236261,0.08021083762620554,0.19304561496873143,0.1789231151575917,0.14490943097729114,0.03450639948647816,0.1117870526028399,0.11539304029660777,0.13154942151030377,0.27256175134343724,0.16611770519944438,-0.10736161360583467,0.19878476917569096,0.19002296264967639,0.1431683622184579,0.2920043346358161,-0.17964366614381352,0.07145125641750143,0.12939887274410364,0.05626583783984502,0.11942852749075136,0.13597605819909384,0.24258827784723788,0.2622321132777853,0.12208128893413916,0.12079128366846989,-0.0016086938820068565,-0.11528676915685172,0.0996795605305287,0.07933876803247725,-0.01441960008761458,0.6949051764252474,-0.19718516161581442,0.42671201837105177,-0.22290443698916193,0.07790357242833144,0.02665350607941474,0.09335367473450598,0.0315498977071268,0.025062971109660177,0.21745595498978068,-0.3608785561923415
0.4526978873463955,3.326600542113657,0.5545186973251902,-0.3687266461553292,0.299152569533707,0.9821131125638853,-0.04623544853541492,-0.12703828846849738,0.08628603851932828,0.0863800306494965,0.22037059675931459,0.1993412687016912,0.09517802074600962,0.16997258766385195,0.23402023953242782,0.10647906249058608,0.31476349760385147,0.37040396699665773,-0.18215294410664787,0.45515599162933623,0.36570381835906046,0.08583655929415716,0.12360153408809892,0.23695067128072872,0.09374346771815649,-0.09637038075619767,0.5581815762526834,0.37857655226304393,-0.10278153185547914,0.3413329202673896,0.30883109411076376,0.2519633127229226,0.3599565492620764,0.018608021167180907,0.15564385348914336,0.13686729143844284,0.246037111044895,0.25019276034404436,0.3175514794715909,0.6156439513062982,0.35513879984818664,0.14606586213216263,0.22771678775845045,-0.016768914944404925,0.10497863186631373,0.07812090423974398,0.4398542041307583,-0.04201478652077007,1.4948185377291003,-1.0755665704462827,2.0887795119291788,-0.35667174456934864,-0.13681397135980614,0.18714853874030776,-0.37226805660358264,0.06773303929167544,-0.21371059232254339,0.3073563958844417,0.2337970947169989
0.9993273627139605,0.5545186973251902,2.833829370070227,-0.044318891787473495,0.40400002256356515,0.559785610191808,0.3809605307944692,0.22204957187940008,0.3499750417145929,0.43308523169975144,0.40252102655441124,0.5253738166485357,0.2850708781188185,0.3005493892184107,0.5259778330339303,0.2647952182122042,0.4823035183847724,0.3456479909453062,0.32048744394056217,0.4469095054119086,0.42056577078736423,0.31483010236426057,0.32408088584195255,0.38542308918392526,0.34453812753340707,0.305971953059891,0.5401297468115093,0.4630040516150463,0.22633749190998415,0.41697370644703213,0.3874404008104875,0.2701990880893698,0.5467380909573165,0.26172712686771715,0.39040307708083055,0.31613916863882097,0.537472142679692,0.2616784564565896,0.5128820004463573,0.30147988349632343,0.3818515725734704,0.34016831940175846,0.48969705183186696,-0.01603215407475696,0.044769061555751985,0.1835026141401673,0.43176464269981363,0.006622048894982411,1.2628588662938807,0.07111557072002722,0.17576529106717953,-0.11314882240195531,0.0838364972505175,-0.11207890116178827,0.14794895897596042,0.10625030560599535,-0.3223311464376965,-0.1027586038638175,0.1891967435101557
-0.19728780921883363,-0.3687266461553292,-0.044318891787473495,1.4301792383665028,0.1827096677953105,0.19032876505013713,0.27419541759468724,0.4621864418204573,0.19049345388082273,0.24986335368394025,0.24820757453961295,0.3458172205964912,0.18986760532983135,0.3765821874818542,0.30763382222502955,0.30748350235839833,0.25378191090011026,0.2725224270031382,-0.01885571110216029,0.3085688090772802,0.2061956846469849,0.2128444695683462,0.35113877207117766,0.26462961814146435,0.2896891363339291,0.2777158289249926,0.01484300262736496,0.03023564822713911,0.39274931809621016,0.042327763002913174,0.18655710495387662,0.37554330516846945,0.09949095919627263,0.4963045792162653,-0.08081596976545528,0.21575494611243543,0.2753613514384578,0.18870795013996572,0.40558244999691434,0.08136593574837443,0.1105116666401874,0.0927944534961131,0.436521523936812,0.07009736134975236,0.09340119015786891,0.03218244458925323,0.21274720152303328,-0.01702984900150845,0.28987593094467934,0.07873918326025463,-0.08431702154482273,0.07270678507811522,-0.016676670698809456,-0.05763547827137523,-0.10595751695516595,0.015238687574309339,-0.2560982075801732,0.29751920308754476,-0.03674864367734175
0.39006591347594083,0.299152569533707,0.40400002256356515,0.1827096677953105,1.2758793116715186,0.3147111144273427,0.21096026127271428,0.13674212397251456,0.25878309531448423,0.25546606237999847,0.2104541175045643,0.34362021580297636,0.18617496680812473,0.2505235964319436,0.33899473746838465,0.28288179973343075,0.20725873774961281,0.2529980089016805,0.013793917752842924,0.3186279237983411,0.16634480873019578,0.22001795691369908,0.2866803796736511,0.19701481057877704,0.2508742050046326,0.23404039148546626,0.12293720910865023,0.013220583123655462,0.2749627620629835,0.0590220124607042,0.2022181295116205,0.2677251775978918,0.1248651194872662,0.32564566281787277,-0.1558716209606456,0.23344808860932859,0.22583830966288368,0.16711966530859862,0.3105772721252655,0.17544057887160575,0.1991638346066202,0.15685324126979222,0.263962787166414,0.044169972470508245,-0.11574121613620952,0.05866623079770576,0.1690488101443814,-0.03181277759229736,0.6399100969447814,-0.16933957895130447,0.18220313977877522,-0.10109949954123275,0.014459819489133491,0.044514432733048205,-0.0044946977257839206,0.10455003420906768,-0.21436354679658315,0.06725876361998168,0.056209698734851814
0.16867821061453228,0.9821131125638853,0.559785610191808,0.19032876505013713,0.3147111144273427,1.3433933254321353,-0.04492130087319719,0.0949542273975297,0.1414071708251143,0.11526361889499014,0.3517340681355697,0.2988205946574533,0.18411776730945856,0.31873713034163437,0.30854271040175785,0.27030717612771604,0.3848010344360987,0.3304496205918348,0.2690510765458544,0.5369464627898166,0.45424163235381176,0.2574064008958876,0.33226088585024016,0.407089456627583,0.27545548976956324,0.11796403108329906,0.24639119916679078,0.3045914656964952,0.3125023180895232,0.4111374863577537,0.33316415111384556,0.3396351821595826,0.3738404035582113,0.3085818406108966,0.11527697084237219,0.2032249040896324,0.5247407126476549,0.2917817587250793,0.6664289405128027,0.41931261726645697,0.352440456496186,0.1632811302104093,0.5746207264436721,0.0659448203353558,0.08278577037947013,0.11897452872747223,0.540850759112239,-0.019455045007038072,1.673502048003371,-0.14193994834510884,0.2909294200641767,-0.0800883873893229,-0.03568655178579731,0.09062482328539355,-0.22669804793751805,0.07817808729521925,-0.37192253520439505,0.32277329616970485,0.2244107301041362
0.4609623837539252,-0.04623544853541492,0.3809605307944692,0.27419541759468724,0.21096026127271428,-0.04492130087319719,0.6986703128519245,0.09895671902048099,0.20586386578635132,0.21291654192244494,0.17120848024216767,0.26697926908517877,0.16697978118239465,0.12477179623123762,0.2143134172710296,0.18900417547038162,0.24436950144081976,0.1499376723789136,-0.001388058576220953,0.19352326387875163,0.16181572504889738,0.19760960638967048,0.19678692725980415,0.17983540420921743,0.17208774021844223,0.16409072110276413,0.12811023778360336,0.1498559419321312,0.14868594069289545,0.08756175970717393,0.16692945673762705,0.13472551118008577,0.21873494123118503,0.21027381025879144,0.08942615122982803,0.12775581104552303,0.23720399795900587,0.11766955470676237,0.2225564685153789,0.07689860490194951,0.1260754454473536,0.1361190039498087,0.18317389208730722,0.017523250399259897,-0.07152895756009615,-0.023092492898351108,-0.005649081906295128,0.0019216879235394522,0.3965563456622961,0.003357283044011595,0.06187233935885376,-0.08245311630976224,0.018842997417189082,-0.0032202505704010823,0.12805844064736782,0.044475361216878145,-0.06817944141071966,0.03982272048974512,-0.18007177525020876
-0.039651505865298385,-0.12703828846849738,0.22204957187940008,0.4621864418204573,0.13674212397251456,0.0949542273975297,0.09895671902048099,0.7946786100113068,0.10135150709009275,0.23242317300509732,0.23560497372193845,0.2165001771521629,0.17526326365998066,0.23642355683934005,0.23232169104976197,0.1597241909251769,0.22228285822207847,0.26532738497940767,0.11326598491132661,0.21621517119449202,0.1788554229481035,0.123175596511202,0.23771497374940334,0.17037929978141575,0.27554237020867556,0.3001196796036507,0.18593440021126725,0.125882058285622,0.2744242828183854,0.1041212855315917,0.176589731043362,0.20371596280924228,0.12161265146553084,0.3473411464041797,0.2591962744709853,0.12342158391028865,0.2485759299255182,0.1384974269436028,0.28948094112944583,0.030787268439933683,0.06724460780719359,0.10600122383702267,0.35310603973522,0.0060488684735597025,0.15619084035340935,0.11207405917424318,0.2826521124993883,0.02668234139898335,0.399820815898315,0.22094743324035743,-0.14567589231311054,0.09295593009401051,0.0733992119626848,-0.17905505490804888,-0.17274733332568765,-0.04781203549630944,-0.13143245339826937,0.4086967435399756,-0.18523016672060988
0.13920945852324387,0.08628603851932828,0.3499750417145929,0.19049345388082273,0.25878309531448423,0.1414071708251143,0.20586386578635132,0.10135150709009275,0.686793293640794,0.16395087889168383,0.14504496392454078,0.19035555544211313,0.12759438780021687,0.1787858808952375,0.056923122215691006,0.13071295747561218,0.15134854264036482,0.14174945663551047,-0.08778034594467345,0.2008766235011749,0.14731417869530386,0.3372382344592182,0.22386636980800498,0.17195573251982624,0.14117299239906636,0.28377477701713316,0.11740807252203107,0.09703675389607792,0.11921296557137294,0.02888387861179387,0.11902391925523058,0.16782485722462306,0.19093560486891237,0.16894453014353988,0.05092851730902888,0.08515564230840006,0.18236328622048092,0.1119792371044918,0.20918132412865897,0.10401034689915287,0.07413794018647865,0.11629563048432406,0.19994239783939982,0.026081715192973646,0.002780533315324135,0.07847914968211413,0.11858563115302906,-0.01516431298784511,0.10962867941352969,-0.06708555339037103,-0.03236454014397568,-0.08970738132727105,0.10799126765145872,-0.015010534776387297,0.13424116745851142,0.10086597544621578,-0.10012201999930014,-0.11914961997190213,0.021572870329831458
0.2234469999227809,0.0863800306494965,0.43308523169975144,0.24986335368394025,0.25546606237999847,0.11526361889499014,0.21291654192244494,0.23242317300509732,0.16395087889168383,0.6496575909014762,0.21301078437593446,0.28908653177133353,0.14143699735803367,0.1883508926806431,0.29254693590327324,0.16793287995076164,0.22388374675203954,0.23141953712816773,0.07497067000476806,0.16663542803946574,0.13485761391258155,0.16846792869557353,0.2675197085306876,0.17338035105857122,0.24538691766123474,0.1960090427896401,0.2649851576518473,0.14509428510709396,0.3000655335973451,0.15231278720674277,0.16458040894435388,0.19487823215323552,0.07119056531432663,0.35808400770673576,0.22357559942734842,0.13548898701767328,0.19917799689544335,0.10586428340298115,0.27698606566841616,0.12272037086060104,0.10194336566457012,0.14163655596125552,0.25828200177270194,0.013143691727348772,0.002019388785435323,0.03777112178407714,0.20541758017494402,-0.008432742221418502,0.4759282315545053,-0.052098590937349476,0.0672173085282257,-0.04747881973854155,0.021934944993227973,0.02334194057135883,0.11040952415847587,0.10886389268900526,-0.05953564998033802,-0.111759394665988,0.016644612875352904
0.17544327311882899,0.22037059675931459,0.40252102655441124,0.24820757453961295,0.2104541175045643,0.3517340681355697,0.17120848024216767,0.23560497372193845,0.14504496392454078,0.21301078437593446,0.39753370696106566,0.2627117476990246,0.22138847522390237,0.2145373625431145,0.2716780542236813,0.1942211143721817,0.3058620052939058,0.24944238912269318,0.07612033388930207,0.3425355898510358,0.21737078434230245,0.17619296642636928,0.252289494307222,0.2397393963775327,0.24819107252179304,0.1961354299581979,0.20753123516523914,0.22387202288555944,0.2324807956779896,0.20129381837815055,0.22485558217058885,0.21484728421989052,0.2479688008940785,0.2479283451785652,0.18511972299185286,0.14770395779565063,0.32777179525177125,0.18857340682497262,0.33541985529624496,0.18478968791198438,0.17373460947091157,0.14867047734470787,0.3285409143670821,0.020340866935617156,0.05965712694244356,0.07195604051685563,0.27818107848798135,-0.0033273533459241868,0.5984159697918943,-0.0004334154834805789,0.09911560112873734,-0.05283361310476972,0.010384308450321473,0.004393321672137303,-0.060469229996986215,0.04207311727065651,-0.17365787207498923,0.14689925413444785,0.027087930947889843
0.2642053401720952,0.1993412687016912,0.5253738166485357,0.3458172205964912,0.34362021580297636,0.2988205946574533,0.26697926908517877,0.2165001771521629,0.19035555544211313,0.28908653177133353,0.2627117476990246,0.6998133689631478,0.16662468712860734,0.29684500066712677,0.392196071921026,0.22467894745959835,0.29906003985791824,0.16759003229180622,0.05224265926272132,0.3312512655762599,0.243996843242825,0.18387213334490402,0.22665476550894675,0.2519586492439919,0.3177731901016082,0.2710293581418218,0.31963305872248793,0.21882636519009852,0.21305845958940212,0.20559195391349291,0.27591696842067515,0.3073039144369767,0.23347105802646642,0.31231709933700824,0.32617725003624704,0.1645451472659889,0.23946686607926446,0.18993279906142244,0.38498554263845697,0.22398495970661053,0.20782619359495974,0.1858354471565152,0.30482995075595704,0.009535522138410463,-0.055015270346977146,0.05949007783072509,0.227769714699423,-0.02167990266825098,1.1588142637113432,-0.24451591133753695,0.11470266212967907,-0.13540803761216633,0.09017508737940946,0.12667231215849284,0.0005879554302213641,0.16529819886736669,-0.23139897376868163,0.025456143360774973,-0.03928676500702421
0.1409714283935892,0.09517802074600962,0.2850708781188185,0.18986760532983135,0.18617496680812473,0.18411776730945856,0.16697978118239465,0.17526326365998066,0.12759438780021687,0.14143699735803367,0.22138847522390237,0.16662468712860734,0.3579368121441973,0.1360701596729023,0.12519935070010454,0.16010402191347564,0.1627492542921726,0.18112440197512186,0.05915100892389843,0.19507195417092835,0.131594231879749,0.16896952646287955,0.16723960033451987,0.15989732575861987,0.16879790147107554,0.2017057765275804,0.14498803254016648,0.16192142200266113,0.17033341219820133,0.09212874094004274,0.14514471077112578,0.13907072499479903,0.19934071517901575,0.1761290324105413,0.13617254796516423,0.10364959800573052,0.2049263497735218,0.10504262805701428,0.2181042890272501,0.08696234028748573,0.08947479054864582,0.10705786814602113,0.19006171945158845,0.026260986286681404,-0.024835771929714992,0.038990497367184844,0.15868056478399586,-0.006209211555143046,0.35355460092699115,0.019312496520160597,0.036366757129876665,-0.07520903269509288,0.0007532177775722955,0.005749052457499883,-0.01860642300008851,0.006989578651370282,-0.08993526426110132,0.05618134647716046,0.00848128060559455
0.16099694323909858,0.16997258766385195,0.3005493892184107,0.3765821874818542,0.2505235964319436,0.31873713034163437,0.12477179623123762,0.23642355683934005,0.1787858808952375,0.1883508926806431,0.2145373625431145,0.29684500066712677,0.1360701596729023,0.5175130673607345,0.3241272033481888,0.2681740263047797,0.23177712343946505,0.20983122586664593,0.08701580247817675,0.33245316241880835,0.2366865972728796,0.20412731234093728,0.2751454820541868,0.2870740268922385,0.25204711342107466,0.22923854448401979,0.23015495947416567,0.1903015802017481,0.21483547567810532,0.24269940279464294,0.23405579490761869,0.4821442076912347,0.20681006954424233,0.3071731669087097,0.19361254921434498,0.13962452861865743,0.2062269841751845,0.210510675239172,0.4503188627270585,0.2606901935613473,0.22670369562689294,0.14469086021282726,0.41737375008129524,0.03128021117097061,0.018224994091254734,0.05423679514232047,0.3007583666339297,-0.010353291953176491,1.1093177458226862,-0.1359333608445353,0.20162996895994248,-0.12608634277748326,0.08418220131583923,0.033933733788148936,-0.18206910905467824,0.0857994273408455,-0.2754680636627294,0.26218290866969085,0.11809348702273219
0.228903625032617,0.23402023953242782,0.5259778330339303,0.30763382222502955,0.33899473746838465,0.30854271040175785,0.2143134172710296,0.23232169104976197,0.056923122215691006,0.29254693590327324,0.2716780542236813,0.392196071921026,0.12519935070010454,0.3241272033481888,1.0711249627691857,0.20727891107460628,0.2842724637891027,0.39329571394180735,0.03237936701983055,0.46183410094881544,0.31346092987896595,0.06289111743171187,0.42892203683471364,0.33560080515913876,0.4089273287284365,0.2212570877827747,0.2635561602240603,0.3653055813251701,0.43590944139009097,0.4711211429486616,0.3172421250004128,0.33091352302959665,0.3194099588160108,0.4017882066679925,0.3031216847796733,0.21076703030621027,0.4293533896818938,0.2715960527655099,0.44243155647448895,0.2809540691779298,0.3618952056041368,0.2585542866687613,0.5756326519797278,0.01621628406244397,0.02801230420136946,0.0591940226254984,0.44439382114201226,0.00408101579065786,1.2707752814850797,-0.03916050089651761,0.018428946289298025,0.0839106048488035,-0.039779342750809424,0.04065945216629255,-0.06637951266803928,0.1609222921516538,-0.3817278677712452,0.20013661787986067,0.1673789984407528
0.13039589618700428,0.10647906249058608,0.2647952182122042,0.30748350235839833,0.28288179973343075,0.27030717612771604,0.18900417547038162,0.1597241909251769,0.13071295747561218,0.16793287995076164,0.1942211143721817,0.22467894745959835,0.16010402191347564,0.2681740263047797,0.20727891107460628,0.6762460756679212,0.24894076733046505,0.25423416083941797,0.12406369608623147,0.2686543692314655,0.1931104757457004,0.35201218090160774,0.2957038808239247,0.24544664480103842,0.2043568306523675,0.2805871176314367,0.20868164870681938,0.2524630630444895,0.19368888450129687,0.14856154847288308,0.1976855297175064,0.2652879115367094,0.19284676624067473,0.3013254423742167,0.3326910102111422,0.0566684615014706,0.2979905355999094,0.15084940918033,0.40997127556141877,0.21967415371625906,0.08290897702027182,0.14383532777197672,0.39785822700669554,0.03279296530066424,0.0340360289737998,0.03340092773669224,0.24584687724648938,-0.00308568516548451,0.7687360106993135,-0.1805329117100955,-0.024549344726537883,-0.057808855432136784,0.04976087061928082,0.07445637131732931,-0.07175222035495538,0.059504575093043396,-0.2372092092020463,0.1322324583219487,0.1242333805585612
0.23303856710589993,0.31476349760385147,0.4823035183847724,0.25378191090011026,0.20725873774961281,0.3848010344360987,0.24436950144081976,0.22228285822207847,0.15134854264036482,0.22388374675203954,0.3058620052939058,0.29906003985791824,0.1627492542921726,0.23177712343946505,0.2842724637891027,0.24894076733046505,0.7317213876560135,0.2920228477856613,0.14131640229034148,0.4324990902694318,0.2688303462786,0.24105177259412267,0.31266131325988,0.3013616818067157,0.2587138169760104,0.14421286870675812,0.2736245828695678,0.3469107645363606,0.15365907564772902,0.23349606902240527,0.27718835859926827,0.2371494041458334,0.37455792967178264,0.25501034585134824,0.23260046371013385,0.07283198007336596,0.4647932413197207,0.23981980268058223,0.47513060203439045,0.33166010900462684,0.19570624639532888,0.16154699691030705,0.4207363037089053,0.005035550700100014,0.13698034066098672,0.05169019484032875,0.3122634145861301,0.00823803697745748,1.029079460571519,0.049520594745059404,0.4767101695982815,-0.18478211343063053,-0.07132145652703814,0.028732019492908517,-0.0467775664179439,0.0302756525385651,-0.20429129858024433,0.1800950045022003,0.11064145981843189
0.1193595770236261,0.37040396699665773,0.3456479909453062,0.2725224270031382,0.2529980089016805,0.3304496205918348,0.1499376723789136,0.26532738497940767,0.14174945663551047,0.23141953712816773,0.24944238912269318,0.16759003229180622,0.18112440197512186,0.20983122586664593,0.39329571394180735,0.25423416083941797,0.2920228477856613,0.8334525063998717,0.02972874794126401,0.2744142807731168,0.31395206068664944,0.20946403320100102,0.6529957316886787,0.2450493638075779,0.3123170929624676,0.3895784354384682,-0.013698405495959243,0.32136645204779396,0.3684161665086476,0.14912026900443487,0.251053334265202,0.21441998987613595,0.2825894640768014,0.3552629394352276,0.18390071971782374,0.087471790713717,0.411247725975742,0.15246039325940303,0.5789538781660607,0.29653810433140304,0.05919795262186502,0.11543829200729154,0.5613837457477823,0.04996329382618046,0.32579695902354056,0.017872399337871967,0.4980912541341877,0.02936306479326732,0.6859269673693653,0.1806700439587707,0.33370205091152655,-0.03390645025852149,-0.17293675127891125,-0.08995945614523325,-0.07138176376650739,0.03062665568580121,-0.2357054605764546,0.22717255389160268,0.0850030183690576
0.08021083762620554,-0.18215294410664787,0.32048744394056217,-0.01885571110216029,0.013793917752842924,0.2690510765458544,-0.001388058576220953,0.11326598491132661,-0.08778034594467345,0.07497067000476806,0.07612033388930207,0.05224265926272132,0.05915100892389843,0.08701580247817675,0.03237936701983055,0.12406369608623147,0.14131640229034148,0.02972874794126401,1.1636263920821526,-0.10499758639176113,0.2351984590840425,0.11800010255467895,-0.19291330937706205,0.13556506752610886,0.03882391700784086,-0.08031698811531766,0.2726891955346778,0.18785945121696038,0.0055033086510776165,0.22303536889517048,0.20545357736120093,0.08868193660171267,0.20428235707939582,0.03481550515608225,0.1360019107345205,0.20878166231207437,0.11224102649816767,0.02835662769976889,0.3280686975571495,0.08346009458765395,0.18220407009673953,0.0901874364319449,0.12163901276256561,-0.026205035915575416,-0.0038752203196177914,0.014568214713940209,0.09290964402938695,0.028014218859439263,0.6146631962000958,0.2695188916232304,0.06534867523282718,-0.05389236176082359,-0.12727421959056828,-0.040719616236337026,-0.11987874258623474,-0.002018385525055594,-0.06820508123592488,0.1460344288622464,0.03980145961015478
0.19304561496873143,0.45515599162933623,0.4469095054119086,0.3085688090772802,0.3186279237983411,0.5369464627898166,0.19352326387875163,0.21621517119449202,0.2008766235011749,0.16663542803946574,0.3425355898510358,0.3312512655762599,0.19507195417092835,0.33245316241880835,0.46183410094881544,0.2686543692314655,0.4324990902694318,0.2744142807731168,-0.10499758639176113,1.177305461839663,0.20425706986042066,0.19310703683390848,0.5172412209122687,0.4418204621189914,0.3851519760493034,0.24630470298547905,0.14690206398054684,0.41635080790044227,0.3125896017764886,0.46316041715266,0.30910053627283207,0.34150591725210233,0.5146934089480268,0.3661615198113206,0.23301088770404688,0.033101772900581264,0.8066510631161734,0.5049077395944856,0.5846442506157347,0.4070287617522515,0.31449243289071027,0.1977611583426558,0.7696428817769527,0.03311956659486119,0.21898321092615694,0.15281273583051067,0.36777712156153153,0.026527039901519767,1.6112903516042574,-0.14323973754029196,0.13703177579787681,0.02878036094493241,0.04811440931887851,0.035604290087966214,-0.025277053243364475,0.10102203944402433,-0.30783801160836216,0.22459873274715242,0.11272464924556676
0.1789231151575917,0.36570381835906046,0.42056577078736423,0.2061956846469849,0.16634480873019578,0.45424163235381176,0.16181572504889738,0.1788554229481035,0.14731417869530386,0.13485761391258155,0.21737078434230245,0.243996843242825,0.131594231879749,0.2366865972728796,0.31346092987896595,0.1931104757457004,0.2688303462786,0.31395206068664944,0.2351984590840425,0.20425706986042066,0.6856342609153686,0.15445762622241338,0.32980787316062304,0.2819422952902515,0.24093231732633666,0.1258807281727162,0.23305699318913858,0.34931241835212967,0.22148120946721667,0.4057702967845206,0.354143348658441,0.22885229544945032,0.4386254782156911,0.20657521041224755,0.2610146696928763,0.26886664188801573,0.35003176426831145,0.17570838122798804,0.6321012965326088,0.37280384721116017,0.3800456621630866,0.20771960053435656,0.3964340759469523,0.03777352857320539,0.03885421059484541,0.0050141699355500955,0.42059472905278034,-1.8131161122299358e-6,1.3739025470010473,-0.03563254138146352,0.2053579381839665,-0.12886183374047383,0.0362560473724508,0.01700928941559477,-0.15691472107867332,0.036563043030347554,-0.2720249701063305,0.25535446384635135,0.11992981167482454
0.14490943097729114,0.08583655929415716,0.31483010236426057,0.2128444695683462,0.22001795691369908,0.2574064008958876,0.19760960638967048,0.123175596511202,0.3372382344592182,0.16846792869557353,0.17619296642636928,0.18387213334490402,0.16896952646287955,0.20412731234093728,0.06289111743171187,0.35201218090160774,0.24105177259412267,0.20946403320100102,0.11800010255467895,0.19310703683390848,0.15445762622241338,0.802517893606404,0.3119808119994909,0.17182449047554013,0.19970448221205384,0.2929048998362642,0.14158330634311164,0.15357948900647606,0.14784449969907765,0.022639081728997795,0.1184119196752541,0.19430938896224217,0.1852293437696929,0.2263925885950307,0.20074859093986858,-0.012362947201730699,0.20381059287953196,0.09447508753427451,0.33513885938518273,0.18385357038354894,0.009950440533554848,0.13491036434566073,0.23347834897781095,0.0253888708284722,-0.028962053054134962,0.03548527920737533,0.16379630973987885,0.014025122593999071,0.49019845887598573,-0.13580605080545785,0.004393815740405892,-0.20962234000481328,0.08850374868938617,0.04225994988219314,0.030272823936341585,0.05927639262900012,-0.1392483949375066,-0.011257992433246173,0.07222678871016011
0.03450639948647816,0.12360153408809892,0.32408088584195255,0.35113877207117766,0.2866803796736511,0.33226088585024016,0.19678692725980415,0.23771497374940334,0.22386636980800498,0.2675197085306876,0.252289494307222,0.22665476550894675,0.16723960033451987,0.2751454820541868,0.42892203683471364,0.2957038808239247,0.31266131325988,0.6529957316886787,-0.19291330937706205,0.5172412209122687,0.32980787316062304,0.3119808119994909,2.0903294153619196,0.5856840409975335,0.42947453440337724,0.1224512921827129,0.008877881646941694,0.43312960723896365,0.6483482919244927,0.6060766956064979,0.046668850244016784,0.21953228677630326,0.5445855450792784,0.5677630099372,0.3284700118939737,-0.14663017619352406,0.8838120309221469,0.2271467641715052,1.096899358505698,0.6151928136402532,0.12959666580800033,0.2867081021623012,0.8653582850131561,0.10555716784192491,0.22627357501834794,0.05799488989251043,0.694812668582388,0.12477371778072645,1.6110263128147142,0.33220409222137354,-0.14646661386842943,0.004789158621706411,0.13417675441412158,-0.08565866111739454,0.10552349821331691,0.11730071340665364,-0.2817047420768148,0.061341205737707606,0.19050084210150503
0.1117870526028399,0.23695067128072872,0.38542308918392526,0.26462961814146435,0.19701481057877704,0.407089456627583,0.17983540420921743,0.17037929978141575,0.17195573251982624,0.17338035105857122,0.2397393963775327,0.2519586492439919,0.15989732575861987,0.2870740268922385,0.33560080515913876,0.24544664480103842,0.3013616818067157,0.2450493638075779,0.13556506752610886,0.4418204621189914,0.2819422952902515,0.17182449047554013,0.5856840409975335,0.8951862272301274,0.2318732715782044,-0.1422455916761864,0.40358397452313866,0.4803600477558429,0.1730823401965554,0.8463160164183319,0.33404080383092016,0.27852172077563825,0.6503291911344573,0.24853749387433532,0.3650996660103285,0.2569490554216938,0.6966402350756598,0.33092541260748654,0.4955028358497057,0.39098688975216733,0.5315236770121825,0.375050287036277,0.6209497469532674,0.05431323629168019,0.005292477803883231,0.01692991467039955,0.5950173305488655,0.02004056501831108,1.333746776850055,-0.08931095159028883,0.1829639154071723,-0.16575289023801387,0.15137516942785645,0.03432632852327982,-0.06603304393477626,0.0992102167223378,-0.23274139999083057,0.1751197579034608,0.10709214821349093
0.11539304029660777,0.09374346771815649,0.34453812753340707,0.2896891363339291,0.2508742050046326,0.27545548976956324,0.17208774021844223,0.27554237020867556,0.14117299239906636,0.24538691766123474,0.24819107252179304,0.3177731901016082,0.16879790147107554,0.25204711342107466,0.4089273287284365,0.2043568306523675,0.2587138169760104,0.3123170929624676,0.03882391700784086,0.3851519760493034,0.24093231732633666,0.19970448221205384,0.42947453440337724,0.2318732715782044,1.3309134434768652,0.25114198250537334,0.13859875239232672,0.2025458983449457,0.8083260268553928,0.4290716899501844,0.3703586694791965,0.23773162612577436,0.14111283750395665,0.4668097512785148,0.299882109306902,0.34404624164422165,0.3468614848529798,0.21404599041410444,0.3967177805457131,0.20555104669732088,0.20565390569971967,0.1622616339908291,0.5597037542958714,0.033135049798760925,0.09759882229034167,0.034898546209184145,0.40321270656492614,-0.048496013728185974,0.7840845008969001,-0.04541596972851042,-0.36347277581953263,0.0048879602183839015,0.10052716228585987,0.019871798819754906,0.0009945282312655672,0.08995884090359482,-0.22414459988520544,0.14159333733573728,0.020259476019143838
0.13154942151030377,-0.09637038075619767,0.305971953059891,0.2777158289249926,0.23404039148546626,0.11796403108329906,0.16409072110276413,0.3001196796036507,0.28377477701713316,0.1960090427896401,0.1961354299581979,0.2710293581418218,0.2017057765275804,0.22923854448401979,0.2212570877827747,0.2805871176314367,0.14421286870675812,0.3895784354384682,-0.08031698811531766,0.24630470298547905,0.1258807281727162,0.2929048998362642,0.1224512921827129,-0.1422455916761864,0.25114198250537334,2.499563446781011,0.2574809263157335,0.2888064840734518,0.18473115099404464,-0.9843294079606142,0.1609902886033113,0.2433745642104485,-0.02965551838972584,0.3050642734353991,0.3742410287866669,-0.0031277516054244773,-0.25820733910518845,0.06228629270098675,0.36543398511118874,0.10074247627356117,-0.22320529931712652,0.09815560800810319,0.4577742999316279,0.01448006713977577,0.19097166876747027,0.16845727025171703,-0.22610870518090914,0.0035458841484512266,0.25521217740403007,0.5916417213577146,-0.8335323327836418,0.2266793199196324,-0.3363608326128543,-0.06566424463142298,0.10749184478520418,0.07665705516005453,-0.14883515677075645,-0.006041577925307609,0.007126316104060434
0.27256175134343724,0.5581815762526834,0.5401297468115093,0.01484300262736496,0.12293720910865023,0.24639119916679078,0.12811023778360336,0.18593440021126725,0.11740807252203107,0.2649851576518473,0.20753123516523914,0.31963305872248793,0.14498803254016648,0.23015495947416567,0.2635561602240603,0.20868164870681938,0.2736245828695678,-0.013698405495959243,0.2726891955346778,0.14690206398054684,0.23305699318913858,0.14158330634311164,0.008877881646941694,0.40358397452313866,0.13859875239232672,0.2574809263157335,2.973134486996387,0.7562432281040576,-0.3372020765505448,0.5192456587520728,0.5971944552680019,0.2387790731778962,0.6601989434692849,0.09972641342541222,0.784811154550487,0.6409048566502658,0.3427586013403227,0.29478328612914806,0.11661523505876321,0.38154905392162514,0.763937675291476,0.5030546362059533,0.19869296989944538,-0.2149151174686184,-0.5455739980316189,0.6776549721995546,0.41893948689417304,-0.1264181398415822,1.109083965462795,-0.2766194496989354,0.3356893463112402,-0.072066032448842,0.1299695846466863,0.08566689460772914,0.03229143623163888,0.15698792960303118,-0.054753704715331177,-0.0335209402823281,0.08515240115606436
0.16611770519944438,0.37857655226304393,0.4630040516150463,0.03023564822713911,0.013220583123655462,0.3045914656964952,0.1498559419321312,0.125882058285622,0.09703675389607792,0.14509428510709396,0.22387202288555944,0.21882636519009852,0.16192142200266113,0.1903015802017481,0.3653055813251701,0.2524630630444895,0.3469107645363606,0.32136645204779396,0.18785945121696038,0.41635080790044227,0.34931241835212967,0.15357948900647606,0.43312960723896365,0.4803600477558429,0.2025458983449457,0.2888064840734518,0.7562432281040576,1.6744781732126968,-0.12305435442388887,0.598302599224573,0.4597458032300943,0.23013155823296183,1.183150598223316,0.1277946840813647,0.9945514204593378,-0.035772080338741984,0.8930573044966834,0.3302904427333602,0.5802160998205319,0.32726507865121507,0.4314483473464088,0.5168418597816963,0.4968441510999734,-0.08691457875391649,-0.0793824314950882,-0.2487756597613325,0.5543475734920612,0.13271015460673477,1.9228234474964974,0.18369699345359142,0.0697856686014445,0.2392642797339017,-0.4477055392318314,0.07637548423487744,-0.07620076596838149,0.07713514771726103,-0.1809143560515145,0.06494885225003234,0.20460095777327925
-0.10736161360583467,-0.10278153185547914,0.22633749190998415,0.39274931809621016,0.2749627620629835,0.3125023180895232,0.14868594069289545,0.2744242828183854,0.11921296557137294,0.3000655335973451,0.2324807956779896,0.21305845958940212,0.17033341219820133,0.21483547567810532,0.43590944139009097,0.19368888450129687,0.15365907564772902,0.3684161665086476,0.0055033086510776165,0.3125896017764886,0.22148120946721667,0.14784449969907765,0.6483482919244927,0.1730823401965554,0.8083260268553928,0.18473115099404464,-0.3372020765505448,-0.12305435442388887,2.9309060702166025,0.4929549785163647,-0.024872198886776085,0.2392852465853709,-0.37138144713635485,0.9423043871739096,0.01807696530332815,0.369275774833247,0.3451597943938583,0.09627822617478449,0.4473231198311247,-0.1311908724378045,-0.19458013548859493,-0.10501028446968061,0.5395751116666284,0.031931579770708096,0.17868189383152017,-0.13684156810059178,0.4690547371744851,-0.0983669294269908,0.2692111443963886,0.8836843266143902,-1.6788613174711076,0.5479166094311989,-0.24650942320157573,-0.03943740594192685,0.05173826517745041,0.07363602013944748,-0.2749496399174773,0.09635512801741475,0.07082040689349606
0.19878476917569096,0.3413329202673896,0.41697370644703213,0.042327763002913174,0.0590220124607042,0.4111374863577537,0.08756175970717393,0.1041212855315917,0.02888387861179387,0.15231278720674277,0.20129381837815055,0.20559195391349291,0.09212874094004274,0.24269940279464294,0.4711211429486616,0.14856154847288308,0.23349606902240527,0.14912026900443487,0.22303536889517048,0.46316041715266,0.4057702967845206,0.022639081728997795,0.6060766956064979,0.8463160164183319,0.4290716899501844,-0.9843294079606142,0.5192456587520728,0.598302599224573,0.4929549785163647,2.7857086959511292,0.393588922642009,0.17607949565832137,0.7896855471808324,0.07296187206058918,0.7180400324746993,0.6113930593352739,0.9994311484433663,0.4484066147962156,0.028122761784434562,0.5181185755874914,1.2322135806380041,0.6003476835745635,1.140826966506272,0.18187105218264887,-0.197617255352202,-0.16274810526094713,1.4224722461780912,0.03419591557099883,1.7172995693546917,-0.22767013962287622,0.12280205330277234,-0.42810450898728086,0.45078754273091026,0.11690650044364549,0.007904239710961441,0.14192207931605766,-0.3187882788632696,0.4270557316117516,-0.017318315290662474
0.19002296264967639,0.30883109411076376,0.3874404008104875,0.18655710495387662,0.2022181295116205,0.33316415111384556,0.16692945673762705,0.176589731043362,0.11902391925523058,0.16458040894435388,0.22485558217058885,0.27591696842067515,0.14514471077112578,0.23405579490761869,0.3172421250004128,0.1976855297175064,0.27718835859926827,0.251053334265202,0.20545357736120093,0.30910053627283207,0.354143348658441,0.1184119196752541,0.046668850244016784,0.33404080383092016,0.3703586694791965,0.1609902886033113,0.5971944552680019,0.4597458032300943,-0.024872198886776085,0.393588922642009,1.0254079027072194,0.2642436259629497,0.5145666820366221,0.20072451312673742,0.29387129376113924,0.7174493971197067,0.446789291345136,0.3302062219284175,0.38753283128085647,0.16362931108917625,0.6028950766388856,0.2703449667319286,0.3269174457205263,0.010021842553524028,-0.12318057885815847,-0.03293660999728939,0.36049874966883366,-0.0595359329482592,0.9464917124698417,-0.09202636292318948,0.21003241678010032,-0.041877944852133496,-0.059436396570279694,0.03239818021430822,-0.06514620591608841,0.07806737440588368,-0.13316846768158203,0.05963152839969756,0.08279659059072603
0.1431683622184579,0.2519633127229226,0.2701990880893698,0.37554330516846945,0.2677251775978918,0.3396351821595826,0.13472551118008577,0.20371596280924228,0.16782485722462306,0.19487823215323552,0.21484728421989052,0.3073039144369767,0.13907072499479903,0.4821442076912347,0.33091352302959665,0.2652879115367094,0.2371494041458334,0.21441998987613595,0.08868193660171267,0.34150591725210233,0.22885229544945032,0.19430938896224217,0.21953228677630326,0.27852172077563825,0.23773162612577436,0.2433745642104485,0.2387790731778962,0.23013155823296183,0.2392852465853709,0.17607949565832137,0.2642436259629497,0.6511935791615443,0.1405422583564654,0.36517300486216137,0.15882104473970077,0.1601485348823273,0.12795069867660663,0.22419229802575596,0.5247065446141972,0.2843578024452492,0.22730551194143195,0.12435043965192559,0.40148298477431926,0.0345681972930879,0.014735904737360441,-0.036130632036479746,0.24904659948201166,-0.009987207033066641,1.1883913232029852,-0.17727264783555258,0.40467184526590944,0.019154735081666062,-0.22183834893345458,0.07515863558006608,-0.18239279063205993,0.09155866811350293,-0.2650821598751956,0.23176849008233724,0.12509975729739872
0.2920043346358161,0.3599565492620764,0.5467380909573165,0.09949095919627263,0.1248651194872662,0.3738404035582113,0.21873494123118503,0.12161265146553084,0.19093560486891237,0.07119056531432663,0.2479688008940785,0.23347105802646642,0.19934071517901575,0.20681006954424233,0.3194099588160108,0.19284676624067473,0.37455792967178264,0.2825894640768014,0.20428235707939582,0.5146934089480268,0.4386254782156911,0.1852293437696929,0.5445855450792784,0.6503291911344573,0.14111283750395665,-0.02965551838972584,0.6601989434692849,1.183150598223316,-0.37138144713635485,0.7896855471808324,0.5145666820366221,0.1405422583564654,2.4167759882481064,-0.16688246939770957,0.34043725175535716,-0.008423654111444981,1.2059337945516597,0.4639727488836699,0.4468684931630365,0.12496855470469587,0.6899585539130455,0.5230055140219352,0.4895158925836265,-0.07875255299916499,-0.6016821822169537,-0.04443306387799488,0.6537721208746202,0.050836192226374484,2.4950478380571717,-0.045458153757403606,0.25046039264418024,-0.4712829711498791,0.33812971585232343,-0.030017935303897385,-0.0491848674832626,-0.004426523179488199,-0.24198184643555593,0.17766854512153987,0.21260362106519062
-0.17964366614381352,0.018608021167180907,0.26172712686771715,0.4963045792162653,0.32564566281787277,0.3085818406108966,0.21027381025879144,0.3473411464041797,0.16894453014353988,0.35808400770673576,0.2479283451785652,0.31231709933700824,0.1761290324105413,0.3071731669087097,0.4017882066679925,0.3013254423742167,0.25501034585134824,0.3552629394352276,0.03481550515608225,0.3661615198113206,0.20657521041224755,0.2263925885950307,0.5677630099372,0.24853749387433532,0.4668097512785148,0.3050642734353991,0.09972641342541222,0.1277946840813647,0.9423043871739096,0.07296187206058918,0.20072451312673742,0.36517300486216137,-0.16688246939770957,1.459028853804482,0.32892376960804537,0.12202638518957011,0.7100681498772041,0.20692214682156737,0.6000304638268015,-0.15467581542669884,-0.10316344975937729,0.21955598997370193,0.8412590039073087,0.08432179201192616,0.18336367327955072,-0.13528281067216175,0.25916240971421683,0.015577523352256189,0.7366484995280757,0.23490876870049826,-0.45763582764438404,0.23682046184775,-0.13561968622339082,-0.019906790050479493,-0.05954856569125816,0.10330976981183032,-0.32986785640756516,0.1678793419133044,0.11021051401651065
