0.9252047105869473,0.2384722734030319,0.35432220422908123,-0.12654332500732476,0.269449556854187,0.1217457583801035,0.17379442779786283,0.12169680703002714,0.06452224006774634,0.19180607330021388,0.10869159691549073,0.15542377661988746,0.07671912918103155,0.13704020542093406,0.1322497124305123,0.07087448434464194,0.08772762716117621,0.14538030409489977,0.07453431351969107,0.04006687817315048,0.10979149932014928,0.17092145845616602,0.04100681206014936,0.09946017078645397,0.15031134824531778,0.06464571925223338,0.07576357664044171,0.03764816184054804,0.1841202930233218,-0.030064534906752413,0.13460049502861077,0.1031385582685246,0.05444550492661581,0.05900885365550042,0.039336918811386484,0.1650833488535534,0.04101615181787161,0.059556838206997566,0.1146090743765914,0.001407482882119452,0.07695263476955184,0.04827201176365437,0.00786163326697091,0.009535592122041603,0.06457120109157566,0.16155531404132104,0.07653471362181392,-0.0967338512714153,-0.16415555962662037,-0.09450425175232229,-0.004482244803361622,-0.01080794022044087,0.12259245583524524,-0.022836937146723232,0.10915541473342612,0.0230041697674826,-0.07769542289732173,-0.14674287604368355,0.02681669131983913
0.2384722734030319,1.2927442018901234,0.6727581421889286,0.008816411483318336,0.2636227251573648,0.3366444581374607,0.11365279682487144,0.30576085893960075,0.16411042853700444,0.25347843570652756,0.23851079403493677,0.2184954301911413,0.10588918863413459,0.18109011014730844,0.4363641488289921,0.10721145434751986,0.30843494598885307,0.45655657104922237,-0.11474484504493639,0.31841546572006263,0.2470979187264242,0.24157842869741677,0.03105867885162484,0.04224722487383083,0.25160704295196684,0.3708206028108289,0.18615713309404858,0.27518491043209464,0.40423055341206465,-0.08327190761623338,0.22856321824192913,0.13888758558325878,0.181446436540411,0.2521425848084412,-0.0006723455588786247,0.3922750207058217,0.16362122171389742,0.19034087373698622,0.026281223813656798,0.07800629893164095,0.19313845483994596,0.17618753539950668,0.36554565864179045,0.012230118142956941,0.5089001098796089,0.1831642371170142,0.17699026606152635,-0.19670792606518606,-0.7348063298517552,-0.3863171949587393,0.20156180963227766,0.1820372886444178,0.11636954454070572,-0.11128788702963076,-0.37063869375308534,-0.13024381087863382,-0.3917612698496941,0.8007650185255044,-0.09167662567640336
0.35432220422908123,0.6727581421889286,1.6371700401935982,0.017055906978923514,-0.08440473455607818,0.23129473288903232,0.10147211730856014,0.32369833445599644,0.15732124866320618,0.40539035978557053,0.22132922564286278,0.21110743998643133,0.09916122119561896,0.15199239921821564,0.2857735398690289,0.017864372850818228,0.2844357652912815,0.3350520146391484,0.11722639942050501,0.08827219082555815,0.17355622467440013,0.42388911390513273,0.04017066230114506,0.1428614534560001,0.17840253117761257,0.24509381610580247,0.15605889421118604,0.164630935190631,0.2730194105299593,-0.287234859287602,0.2210543602019437,0.15781392308148473,0.10757061879472427,0.23800882891607725,0.08433612520373178,0.3947884115164868,0.1774766224467835,0.08032518943237545,0.040834148222374335,-0.119921994632781,0.18847150871329835,0.20207489192319242,0.019620992884685235,0.014716373659060965,0.293758735796527,0.545219425850514,0.08211072008438863,-0.23247064831026978,-0.8424736353996151,-0.0199404316833098,0.17359511852861692,-0.062256126783704416,0.01565438409553864,-0.12549712411548716,-0.10142513439885653,0.08364547882842316,-0.02426256086003728,0.0672038573040183,-0.2441913608418739
-0.12654332500732476,0.008816411483318336,0.017055906978923514,2.1500450837062797,0.41940253391947985,0.42592793309784727,0.33477022205558615,0.350549730123162,0.1963896031570145,0.0923115475013936,0.26192503588144883,0.4231831071634066,0.21746155081958118,0.419314812829682,0.2650051321260544,0.4217892266533385,0.22298672101128314,0.285634162296438,-0.10952950120191066,0.22221249239607987,0.24518135140495018,0.22599652833833653,0.3126435725006532,0.258023362070762,0.3643909768845291,0.4100988379634166,0.24019297976863535,0.13249254054187415,0.3275827866087322,-0.012311024672512414,0.2388616857246096,0.36737851603741106,0.11338989495419068,0.34558449812251935,-0.22204512820554784,0.44881666540141985,-0.08412547167942078,0.14592813100001972,0.1312962303017477,0.16163525273152607,0.17033848989845934,0.12269050284648396,0.35174949256328336,0.06288796918674866,0.3358487630939745,-0.09209714578716854,0.16512950906473445,-0.2794364031599478,0.03088127118665472,-0.2832797630819655,0.09358871770834054,0.09380686241602813,0.03149360081022221,-0.05516829507360976,-0.4751417253149997,0.0842573996653511,-0.05134546309353682,0.7600076333863203,-0.4438049377766172
0.269449556854187,0.2636227251573648,-0.08440473455607818,0.41940253391947985,1.3029470957040186,0.4284029784149242,0.15947244654652337,0.29904354946106365,0.13317941429681843,0.09524892722127908,0.2176696470635447,0.3318996018559514,0.18262444705596986,0.2398922533373294,0.29812906137208633,0.27051484377179863,0.13494500542659332,0.2617705116247949,-0.028237699369491533,0.21411073453397123,0.20623490034829287,0.13045602952165877,0.19025812795414218,0.16921519742239377,0.2963021561660807,0.36542874658353164,0.16493187672527307,0.0758335279595279,0.28877308512961763,-0.06772302901767181,0.20120514243458465,0.2038124960332698,0.13156924067134473,0.24931462658751644,-0.15381949334581724,0.33874432162199253,-0.044675100861516465,0.12252994227731089,0.04363347155663159,0.12754374323987036,0.09690852868367088,0.1484760131542163,0.25943065830831746,0.021996812167174962,0.1637379944531916,-0.028499351544496385,0.10638827898175923,-0.1825559385798262,-0.25970516094275503,-0.19246711525659288,0.07861780075647821,0.044580918683357944,0.13862086360124887,-0.06790173469126422,-0.2164641728557064,-0.13754874692718413,-0.3227877519269917,0.5743644893765307,0.07763836616504913
0.1217457583801035,0.3366444581374607,0.23129473288903232,0.42592793309784727,0.4284029784149242,0.7536436542056097,0.11425664707692709,0.3418315509743158,0.1907812909025147,0.08332287966137203,0.2796153368895514,0.2414228544252341,0.18492588872788743,0.2184418155132595,0.3103530581286459,0.22203870188959354,0.2456859572594589,0.2948308373429375,0.0746666002544673,0.299570578318845,0.2513956663474818,0.337655072662387,0.12719275700690708,0.20890930994752588,0.26624156525711234,0.3821897963588949,0.20305066519060463,0.20453139087226935,0.4291920597213648,0.01177319775497041,0.2240598352909114,0.21561922144231213,0.10334193351963401,0.26181687238061513,-0.018839489883975116,0.32224612287996274,0.11848217681002438,0.20178083531236424,0.11336459115451593,0.10772715223962151,0.11095024055816602,0.18348465925757834,0.39649565346839055,0.038809223431016324,0.2735859273477862,0.07874293926175799,0.1688473609783923,-0.16011238042903372,-0.12135100071553455,-0.010384261556894678,-0.17433058594854173,0.10781602250333269,-0.038990805230131216,-0.021451074508709405,-0.19854144330124515,-0.018627862923880377,-0.25352852977004553,0.617136370894286,-0.20365200804701733
0.17379442779786283,0.11365279682487144,0.10147211730856014,0.33477022205558615,0.15947244654652337,0.11425664707692709,0.522063896771936,0.03554965758898573,0.22227166650716487,0.1363861963974165,0.13243651204437615,0.2728304472681922,0.10047125786827645,0.11737885302111467,0.0852322160646741,0.20019293680828348,0.1523176977896873,0.16213385453387122,0.05418642574642507,0.13939898939116252,0.17026726718209292,0.24311522414443418,0.17737465993876117,0.14875613703396107,0.16534388144619552,0.15489807334805525,0.14965481961237273,0.06957271095092993,0.19253050010297393,0.03478920043541258,0.14421542592655753,0.15106296932862956,0.10559630215329692,0.1675435352397844,0.010781903127048558,0.21039485288693707,0.05680835520896266,0.09256555357359815,0.18266989306649528,0.10684432257059928,0.11220997994450019,0.08882635975210165,0.20082472955213834,0.0302891534037356,0.25438413525532805,0.06408493199042394,0.11220804700939406,-0.08697395901421723,0.07719411301406802,-0.09845693580482856,0.043959797639387045,-0.010702962160113226,-0.0467143507291533,-0.010580011720501142,-3.032523428062547e-6,0.07887231355953758,-0.08135961942126746,0.19693827114197932,-0.30246958981947447
0.12169680703002714,0.30576085893960075,0.32369833445599644,0.350549730123162,0.29904354946106365,0.3418315509743158,0.03554965758898573,0.9268415073815602,-0.018339427674918623,0.25318825710491605,0.270853807916972,0.1517460249953632,0.19362890860133158,0.2122899251763507,0.2929509229878117,0.1461910691644684,0.22405196645345404,0.4414524301623138,-0.019360600749565235,0.18241428479082802,0.20236645637632683,0.26959280891701237,0.19331996145985497,0.0750234771797361,0.3097653356044379,0.42962915279190855,0.189556346965921,0.06072972560838881,0.29695092700586184,0.02873542352470057,0.19345537109221908,0.19599487751632075,0.09989293204602356,0.2775421156188033,0.14845119178689672,0.2390773853333228,0.11840689826242416,0.14853755855626108,0.11807030916805758,0.13065520590475094,0.22907346066972423,0.1769411402342581,0.3538013304846475,0.04572087270628079,0.3301643364793612,0.142275798500785,0.25456286217301405,-0.03777536716599717,-0.0514293001999978,-0.06874296370939376,0.017606606129200536,0.05718253731305131,0.011784012004836347,-0.043129873689238575,-0.2963659096907941,-0.009341764928833212,-0.11364551515683555,0.7598813561493697,-0.4416010202900679
0.06452224006774634,0.16411042853700444,0.15732124866320618,0.1963896031570145,0.13317941429681843,0.1907812909025147,0.22227166650716487,-0.018339427674918623,0.8137826897048539,-0.10659332924255208,0.051183184392371045,0.11317667486307735,0.10592993272590785,0.10180883342097852,-0.03196345465561546,0.1408105947972146,0.09512720270794824,0.0887884452770121,-0.023617096647968374,0.14875782709093538,0.18877742580289894,0.16179783375173004,0.18501831019206424,0.21040268285887123,0.01913131664802486,0.2493045199131696,0.1163571116482104,0.09360393333137577,0.12799339168808652,0.0006797736275097289,0.12629560675216991,0.12002771618812287,0.17373578163137374,0.06948684061451924,-0.09379969364951797,0.24912396401488368,0.047548814838762256,0.10356175790080278,0.15759537035187884,0.08946379595053282,0.07189694562866868,0.05302883050783034,0.18187808493156468,0.03765796353495516,0.2583071712352017,0.008747572303383874,0.062350343768067855,-0.16041610607079568,-0.07890084532143192,0.04587631651856242,0.046660060528393554,0.0009279363680783042,-0.0742276966106553,-0.08397108874298193,-0.015061411977524627,0.042914803367511065,-0.10393343776239287,0.12937477033025088,-0.12033309203750978
0.19180607330021388,0.25347843570652756,0.40539035978557053,0.0923115475013936,0.09524892722127908,0.08332287966137203,0.1363861963974165,0.25318825710491605,-0.10659332924255208,0.8678169872085876,0.2198412149246497,0.1800727450085136,0.06971531537301694,0.1558410774544517,0.3219140248385957,0.04457340028429837,0.19585107546122266,0.35519871659215657,-0.02089734574133418,-0.016191328127039665,0.07577399021664312,0.2925281434615341,0.14182717353170524,0.06843634848258082,0.2306498729151254,0.19102003915700672,0.11474924870378209,0.07550719241586468,0.1823460823047858,-0.034388306546142826,0.15780109426734548,0.15536764339218914,0.01096219987581417,0.28248302327349795,0.18009015172835793,0.2288631224176523,0.0670399593695456,-0.0012390433095656708,0.027167707802531055,0.03706252626648123,0.2644897879698684,0.13065505397266908,-0.0017679853938324147,0.039984486925808554,0.13790827626648913,0.21630906545675707,0.19834875138267774,-0.01563326333805064,-0.23232681476878747,-0.21596280587894723,0.12544284600835237,-0.09997800164689184,0.132910463089921,0.06700711610210806,-0.15532326618370038,0.06032429036481056,0.04088870493946199,-0.02134420613891764,-0.06821409230683033
0.10869159691549073,0.23851079403493677,0.22132922564286278,0.26192503588144883,0.2176696470635447,0.2796153368895514,0.13243651204437615,0.270853807916972,0.051183184392371045,0.2198412149246497,0.3674394469583629,0.21263614438645084,0.18924055334629092,0.1764697083362788,0.25636425142466274,0.16615483107727916,0.27008472060377653,0.26884854954689963,-0.002952617360994434,0.18367348303515427,0.1764774500127783,0.22977007814316416,0.11843525151218161,0.1287156299337428,0.23126729795042153,0.27500252709545886,0.18074483747235132,0.17693664425112937,0.2679823023995439,0.02179959355868393,0.1943362562404565,0.17308379654129463,0.09277444385275284,0.19668335177292093,0.1017344700562035,0.2952791684597104,0.07828847295166091,0.11780535785871434,0.11360849046375178,0.10633159216595205,0.1901133085449912,0.1624531510834946,0.21569532734176963,0.03851134229598853,0.264571772422807,0.11814666054064941,0.16750222953980248,-0.10619049079291286,-0.1632841691809909,-0.14486533709524002,-0.009021446481123862,0.025309454041822436,0.08057477638256877,0.01450349818004633,-0.17317572615241533,0.016371709935617703,-0.11647938192124888,0.3432149515031104,-0.19948792389727305
0.15542377661988746,0.2184954301911413,0.21110743998643133,0.4231831071634066,0.3318996018559514,0.2414228544252341,0.2728304472681922,0.1517460249953632,0.11317667486307735,0.1800727450085136,0.21263614438645084,0.6974819987275945,0.08404049935485951,0.23460638399549263,0.2584048181899325,0.17495168638205766,0.19708493169671887,0.18362872922458437,0.02039818837874194,0.2175723359392127,0.17378922087352008,0.12328087402177745,0.1513390609173756,0.09793798252170759,0.2932657695177559,0.25908569757835215,0.22920299852839204,0.016570754897660248,0.2109961051275166,-0.050019273463041004,0.18229683411142023,0.224816575625316,0.08453509109778251,0.243159647715259,0.020206453046119722,0.22742713691312913,0.003721840847100555,0.12312342020853076,0.16191608497886864,0.12844968773413495,0.13060865380013742,0.1441925840584131,0.2073261701315766,0.02784257351999735,0.30647328818794306,0.10908341206334242,0.10165509894818561,-0.07854176521686657,-0.005328546751078226,-0.14746047334324355,0.12252809690016629,-0.05155305740812162,0.12409134929103197,-0.039836317607024115,-0.254836031046364,0.07199873189074696,-0.07604815924972971,0.5391182068252313,-0.42323928575446806
0.07671912918103155,0.10588918863413459,0.09916122119561896,0.21746155081958118,0.18262444705596986,0.18492588872788743,0.10047125786827645,0.19362890860133158,0.10592993272590785,0.06971531537301694,0.18924055334629092,0.08404049935485951,0.419958505370738,0.15554165331889946,-0.0031333240945473793,0.1425160141130312,0.08988995038828895,0.1464862891265621,0.039387407948100965,0.06691519669201487,0.13705966158334226,0.24139586551437298,0.16381111411197552,0.17164546407945805,0.1033496834137912,0.17534732629431918,0.14847649488053866,0.03899756911637976,0.24828634819137677,0.05038136806032919,0.11545500403926026,0.1583649495240229,0.10467851873776288,0.11659199207140089,0.060670214430703896,0.23233120806659355,0.03155765363233256,0.05397746545520668,0.08894477605851474,0.07218292685216675,0.10877847728889084,0.07889607396830926,0.13904646712304838,0.03360744365543457,0.04452255293833295,0.10269903672794825,0.10742314027512898,-0.11889357771596377,0.0039086778871734165,0.08283975472265429,-0.0182892450386204,-0.0973966282061347,-0.002264525954461855,-0.032127374206154545,-0.0451203977570838,-0.0036182534096253537,-0.07396984489827998,0.1293534622509072,-0.051082562295781155
0.13704020542093406,0.18109011014730844,0.15199239921821564,0.419314812829682,0.2398922533373294,0.2184418155132595,0.11737885302111467,0.2122899251763507,0.10180883342097852,0.1558410774544517,0.1764697083362788,0.23460638399549263,0.15554165331889946,0.4916442763183734,0.23037090899132648,0.23431632249264484,0.1906786411072172,0.19605006688019444,-0.0161412867738023,0.13082909715337948,0.15274922995733287,0.21276299058152517,0.1345986651663378,0.15653352645749813,0.22320444547259718,0.2756888465555957,0.13270410223973342,0.136885806591084,0.22079211739811627,0.04708247163803068,0.19470911268913646,0.31831472688412693,0.0855592606942639,0.20402413420437723,0.021197699056204288,0.3584455047332268,0.006921960313872623,0.09260990862020096,0.05195205948655487,0.09097809862321966,0.2367671548681071,0.1118484800518484,0.15232409906284555,0.050624397617280464,0.1928709246786967,0.032374378331023954,0.14495416551109722,-0.16763540794174553,-0.11764194266197671,-0.18130856836462717,0.0369030363077371,-0.06650157549251706,0.25116973969893713,-0.02166466909169207,-0.3610227754878926,0.003181212306810681,-0.02572519621081055,0.3472201002706905,-0.0721646719470986
0.1322497124305123,0.4363641488289921,0.2857735398690289,0.2650051321260544,0.29812906137208633,0.3103530581286459,0.0852322160646741,0.2929509229878117,-0.03196345465561546,0.3219140248385957,0.25636425142466274,0.2584048181899325,-0.0031333240945473793,0.23037090899132648,1.1014719904981165,0.08322844809383785,0.3187475891733619,0.4875075567160134,-0.12531275193023447,0.31835885539002773,0.2240578668563604,-0.026406493344001827,0.2222839261189404,0.18645159084038324,0.4867009627327871,0.31820353529257445,0.16361154428307237,0.321655508423962,0.33202896621828143,0.17293678761600814,0.29781941460393696,0.13681855007135893,0.16777131763995934,0.31033117264174953,0.02350947003637057,0.46859016806445086,0.17126066000119713,0.19697862475672914,0.04907957865302666,0.08920340674576702,0.26355105892514186,0.21561112951194208,0.4512278253281497,0.045188793030128266,0.38482976640794814,0.15199292268734044,0.3082815961874777,-0.22867110355984957,-0.3386805495076569,-0.36203804801384165,-0.0209770566416845,0.33085589755690475,0.15547290625402813,-0.07495492604828509,-0.2490836330919062,0.0931284279265667,-0.24625643471461314,0.7643505237383353,-0.43789306725811256
0.07087448434464194,0.10721145434751986,0.017864372850818228,0.4217892266533385,0.27051484377179863,0.22203870188959354,0.20019293680828348,0.1461910691644684,0.1408105947972146,0.04457340028429837,0.16615483107727916,0.17495168638205766,0.1425160141130312,0.23431632249264484,0.08322844809383785,1.1576838128086693,0.20257594336109794,0.12550837449751945,0.06562328865637147,0.11906863134344081,0.1550329785052861,0.19948873274305418,0.13475418189696098,0.2193159374880453,0.2995260973941917,0.19894252715663716,0.26523774049368304,0.21760507119901054,0.33844242025785837,0.11141142016592576,0.1694854694202197,0.2542045231282047,0.06417106585147647,0.24608993223010092,0.27615160114150256,0.2957836353094455,0.07322830324710661,0.09289872437615018,0.10412592923026608,0.17495499991241553,0.20360691745222959,0.12313243238265079,0.313133339424426,0.06553708859628347,0.20427788191737595,-0.0667577400641316,0.1413837459599059,-0.13399575667366367,0.006790820947576263,-0.22633991198452302,-0.08220353828096875,0.06468858302549504,0.032063838272363046,0.049675363978005094,-0.16898385761718415,0.007332651037353324,-0.22949304491285746,0.23299565753537668,0.14589604285465468
0.08772762716117621,0.30843494598885307,0.2844357652912815,0.22298672101128314,0.13494500542659332,0.2456859572594589,0.1523176977896873,0.22405196645345404,0.09512720270794824,0.19585107546122266,0.27008472060377653,0.19708493169671887,0.08988995038828895,0.1906786411072172,0.3187475891733619,0.20257594336109794,0.7193242413090533,0.2860712857365402,0.03696534473271765,0.2412933895801828,0.23487731525611835,0.36921429223696967,-0.019311265029370403,0.11827650300199674,0.23616503580751755,0.3016971902300324,0.18916074323206344,0.5256555277878155,0.189097999736343,0.043031897851974234,0.29402507040485576,0.18319188494229832,0.1778333804257562,0.1833608922346353,0.1638786554601106,0.4742908073618499,0.21836770626869678,0.17491583993515394,0.15155308952573635,0.11317768474846708,0.31656716498369,0.32241808025122815,0.2192887974299557,0.058894640917207114,0.6051009827303131,0.06324047572187348,0.2197040646214935,-0.18038759677900265,-0.5445968009519294,-0.20432787553604137,0.014417131113194115,0.05909130313126291,0.12814600381117275,0.005347160113198283,-0.3582265849862917,0.02223937598577674,-0.15718032495389103,0.2840484937176781,-0.14948628160352528
0.14538030409489977,0.45655657104922237,0.3350520146391484,0.285634162296438,0.2617705116247949,0.2948308373429375,0.16213385453387122,0.4414524301623138,0.0887884452770121,0.35519871659215657,0.26884854954689963,0.18362872922458437,0.1464862891265621,0.19605006688019444,0.4875075567160134,0.12550837449751945,0.2860712857365402,1.0501128045938037,-0.12444303760859922,0.039959863724530045,0.29485953320422487,0.24661344098309984,0.3474758238027109,0.0910877702035032,0.3717053267117769,0.4803551889849217,0.15069928056974882,0.3109362125622438,0.37810250048641075,0.017336930593324994,0.35018071382695964,0.19090877316814714,0.18927133861117085,0.2685564588437234,-0.003027355515086121,0.5505906566426886,0.041715579495351214,0.09678467704687563,0.0065836344853106125,0.15220338842349931,0.3376326630513783,0.1658636347858696,0.6225405497823951,0.04779825447639973,0.6094840358524867,0.04045192510173194,0.491405492027562,-0.2854169984791773,-0.5516013753411643,-0.3286114200227496,0.21096507560816893,0.18654944318262714,0.01216066273658001,-0.07109159371071654,-0.24856157521338243,0.07749434776003618,-0.12796974099272063,1.1771011857931928,-0.9144433463728772
0.07453431351969107,-0.11474484504493639,0.11722639942050501,-0.10952950120191066,-0.028237699369491533,0.0746666002544673,0.05418642574642507,-0.019360600749565235,-0.023617096647968374,-0.02089734574133418,-0.002952617360994434,0.02039818837874194,0.039387407948100965,-0.0161412867738023,-0.12531275193023447,0.06562328865637147,0.03696534473271765,-0.12444303760859922,1.4703272387504807,0.19100003945504018,0.06054492020644428,0.15872840819980058,-0.3350088516259333,-0.022290400653718772,-0.1537880401895242,-0.19320757686725348,0.04064397411809273,0.1594564117972023,0.038703738004285775,0.13316356283736266,0.039837849777683496,0.030660135022739704,0.2212485939122444,0.0352573175723081,0.06395001948595609,-0.18229914219623228,0.4121140506344099,0.08186951909943305,0.2075184379137742,-0.019021057955389643,0.13465366524223682,0.02031645721345482,0.09094902932874116,-0.015541267747900291,-0.013307593345457622,0.34336409338642326,0.03246561016784423,0.33619649734027424,0.5747433481839921,1.0177973062791559,0.13484833383960856,-0.2740415182306517,-0.6745595879289213,-0.1611502847940525,0.21390099911167954,-0.01705568373155092,0.07170256382150374,-0.0609817469703793,-0.1563892636977684
0.04006687817315048,0.31841546572006263,0.08827219082555815,0.22221249239607987,0.21411073453397123,0.299570578318845,0.13939898939116252,0.18241428479082802,0.14875782709093538,-0.016191328127039665,0.18367348303515427,0.2175723359392127,0.06691519669201487,0.13082909715337948,0.31835885539002773,0.11906863134344081,0.2412933895801828,0.039959863724530045,0.19100003945504018,1.1780689155243897,0.1839266455509044,-0.26283962459557136,0.0432040375604338,0.17881951705179047,0.259417799139442,0.1740637294429881,0.2771551840518156,0.24635538989388236,0.4100576735318257,0.24547298340685986,0.2064724497169763,0.10259550581911298,0.16072341770029136,0.31221333156647657,0.06361070079541375,0.14071300555711364,0.542767830164168,0.5541635137339385,0.2383215454541255,0.28496773822587373,0.0716200676926587,0.18699803302133736,0.6755790684629087,0.004821690478306013,0.5799036907696412,0.26493076723236025,0.18569841749315502,0.051456775663215895,0.30094478685999093,-0.19174313170150498,-0.1115366231127553,0.35493651388837083,-0.02387666801777428,-0.036630682006384696,-0.11084000492818569,-0.03084515237344685,-0.07822041112023861,0.6312215480287455,-0.40174155738968614
0.10979149932014928,0.2470979187264242,0.17355622467440013,0.24518135140495018,0.20623490034829287,0.2513956663474818,0.17026726718209292,0.20236645637632683,0.18877742580289894,0.07577399021664312,0.1764774500127783,0.17378922087352008,0.13705966158334226,0.15274922995733287,0.2240578668563604,0.1550329785052861,0.23487731525611835,0.29485953320422487,0.06054492020644428,0.1839266455509044,0.5661573847992776,0.06861237134247727,0.2824816098566353,0.22680136800743805,0.18730999992432174,0.16218876842744456,0.14009419305785162,0.2247323155646049,0.30736789422495475,0.222779808758137,0.3089151355502556,0.13357682299384815,0.368319249042013,0.11940775130226702,0.042040029914537626,0.5867726599218142,0.19246336940630387,0.1642282563430576,0.3714113487875254,0.23192652340818937,0.2536475350184492,0.23495204097431205,0.5681173817057382,0.06411747932578199,0.7689512976860328,-0.05760780856100895,0.29207800561393926,-0.3296767171043464,-0.4807021744457679,0.15830344452449896,0.07854031446057845,-0.046324827505805674,-0.09296102883324302,-0.07860810964822085,0.00015832151970164552,-0.012358774120267726,-0.3029425216338903,0.4475664006325465,-0.1629081465222265
0.17092145845616602,0.24157842869741677,0.42388911390513273,0.22599652833833653,0.13045602952165877,0.337655072662387,0.24311522414443418,0.26959280891701237,0.16179783375173004,0.2925281434615341,0.22977007814316416,0.12328087402177745,0.24139586551437298,0.21276299058152517,-0.026406493344001827,0.19948873274305418,0.36921429223696967,0.24661344098309984,0.15872840819980058,-0.26283962459557136,0.06861237134247727,3.421547944408033,0.05946547519236008,-0.283551936494494,-0.15875877131078184,0.07704876927560687,0.15638107275515448,-0.05426721922885077,0.17317612136364396,-0.19885118169867305,0.08554702636422619,0.4383883988772215,-0.023288035669712773,0.38903281130103623,0.24152282563455027,0.026228950916643345,0.19894552431343632,-0.0125657332632162,0.27117856602751356,0.0140103335137783,0.14791657507429798,0.25003922646528304,-0.19623377313985568,0.062392565825211056,-0.35306769348473555,0.37869153571009956,0.10381721501229846,0.1345976225038679,0.37403347270682097,0.20274169912558285,0.15838870574015124,-0.6510190648174149,-0.09952522314653475,-0.13470625082627358,-0.2648867977431166,0.06567887501387985,-0.2699093551555198,0.05949482935773436,-0.02808417203635829
0.04100681206014936,0.03105867885162484,0.04017066230114506,0.3126435725006532,0.19025812795414218,0.12719275700690708,0.17737465993876117,0.19331996145985497,0.18501831019206424,0.14182717353170524,0.11843525151218161,0.1513390609173756,0.16381111411197552,0.1345986651663378,0.2222839261189404,0.13475418189696098,-0.019311265029370403,0.3474758238027109,-0.3350088516259333,0.0432040375604338,0.2824816098566353,0.05946547519236008,1.3920645503299762,0.5335207754735041,0.4457047500971502,0.04061024163330983,0.10390438394716307,-0.34921471530688225,0.42208819866173614,0.30523408683509906,0.17497322885996397,0.10569705095785563,0.22203504665522736,0.29821287927399037,-0.02992005335473047,0.7074818878646315,0.017616799319029337,0.07831020412472943,0.2988574319979035,0.23208384827257386,0.12146208471161703,0.16833330192041,0.3129903681289495,0.15365149433220548,0.26234750966832526,0.08656491410364328,0.3487456160524835,-0.45676470023958854,-0.45508853623186646,-0.1041510290803553,0.13145425106822797,-0.19331756895483945,0.09290635924223105,-0.03052748134205851,-0.12631317155967467,0.0712877502965406,-0.09137742848889786,0.08585224894124135,-0.0028625635963081403
0.09946017078645397,0.04224722487383083,0.1428614534560001,0.258023362070762,0.16921519742239377,0.20890930994752588,0.14875613703396107,0.0750234771797361,0.21040268285887123,0.06843634848258082,0.1287156299337428,0.09793798252170759,0.17164546407945805,0.15653352645749813,0.18645159084038324,0.2193159374880453,0.11827650300199674,0.0910877702035032,-0.022290400653718772,0.17881951705179047,0.22680136800743805,-0.283551936494494,0.5335207754735041,1.5604204271129156,0.34108637937741,0.23468643044009296,0.09891188212352174,0.12695952563539098,0.3882354451355459,0.3606873689637431,0.3084970829106174,0.09889997754872969,0.35270015906526464,0.0960262561352236,-0.009052634105325646,0.9025008824981086,0.04370073888546234,0.11140044188672665,0.060996703519934095,-0.026436085403449567,0.07610053570770892,0.10727107238994149,-0.028643724307812285,0.06550646774359438,0.1062270568784388,-0.04644233236804701,0.19689001309600454,-0.7441220679194721,-0.757532849598055,0.13836900978451067,-0.2598903275404261,0.024580329228311656,0.1497526403990658,-0.10381589172777282,0.030995871705576442,0.08582777553744364,-0.02590885616170407,-1.0756706850275422,0.9016803419749598
0.15031134824531778,0.25160704295196684,0.17840253117761257,0.3643909768845291,0.2963021561660807,0.26624156525711234,0.16534388144619552,0.3097653356044379,0.01913131664802486,0.2306498729151254,0.23126729795042153,0.2932657695177559,0.1033496834137912,0.22320444547259718,0.4867009627327871,0.2995260973941917,0.23616503580751755,0.3717053267117769,-0.1537880401895242,0.259417799139442,0.18730999992432174,-0.15875877131078184,0.4457047500971502,0.34108637937741,1.5271731048620587,0.32515378788148785,0.19977589275992866,0.1729349293490142,0.346597413010267,0.08654649787705242,0.3273672567281513,0.18215473179342104,0.07761500305703598,0.3995151961160605,0.0783598879055786,0.5314691527565135,-0.08903720063329838,0.17981890930493782,0.06155425686080507,0.15547467264201656,0.1398059805740318,0.14961606810839384,0.39325883515683224,0.06915472048750498,0.35194517979372864,0.007974222659657288,0.22859659742836427,-0.3771225327481244,-0.31308693688541245,-1.0114067304965564,-0.004824078389074051,0.41718303265542694,0.36203788714859936,0.059676452507169665,-0.24461443445219175,0.06724010147245732,-0.10176682163768061,0.4670227143419863,-0.2527374283811795
0.06464571925223338,0.3708206028108289,0.24509381610580247,0.4100988379634166,0.36542874658353164,0.3821897963588949,0.15489807334805525,0.42962915279190855,0.2493045199131696,0.19102003915700672,0.27500252709545886,0.25908569757835215,0.17534732629431918,0.2756888465555957,0.31820353529257445,0.19894252715663716,0.3016971902300324,0.4803551889849217,-0.19320757686725348,0.1740637294429881,0.16218876842744456,0.07704876927560687,0.04061024163330983,0.23468643044009296,0.32515378788148785,1.6103307838082697,0.22774224757691863,0.35801799444935284,0.17918402329211144,-0.26577435650996856,0.24168102716271486,0.2783898775283399,0.08949734159421197,0.28624093055314986,0.0075831616624176335,0.3958698034043324,-0.4270330112094464,0.12912535517820908,-0.871338004177137,0.05784847719325782,0.5511485585611557,0.18337255613224243,0.5723665338067458,0.009601588130832648,0.35177594324299355,-0.05037438927907332,0.08352903066193232,-0.04288840384623126,-0.5574590012609203,-0.32266837899598544,-0.22495168779019048,0.1408998189554757,0.22770366049975752,0.10113034644707052,-0.36463611037858806,-0.03456785396163024,-0.2897455104719111,1.2449620599296747,-0.6391590984605332
0.07576357664044171,0.18615713309404858,0.15605889421118604,0.24019297976863535,0.16493187672527307,0.20305066519060463,0.14965481961237273,0.189556346965921,0.1163571116482104,0.11474924870378209,0.18074483747235132,0.22920299852839204,0.14847649488053866,0.13270410223973342,0.16361154428307237,0.26523774049368304,0.18916074323206344,0.15069928056974882,0.04064397411809273,0.2771551840518156,0.14009419305785162,0.15638107275515448,0.10390438394716307,0.09891188212352174,0.19977589275992866,0.22774224757691863,0.5021442550607083,0.16725553529465534,0.23589154964524864,0.04654459262585786,0.17436531198128982,0.18456852694279963,0.14362339368879498,0.19139360819029125,0.12393693061605915,0.24571162305512712,0.14623783714589605,0.1619088890393123,0.08904244301489427,0.13654985749063817,0.1593606840939738,0.14105925074912412,0.3012317832595092,0.02525417011151042,0.22996827427660266,0.1883041967634943,0.1173463524069759,-0.08114008237310177,0.030610900756613813,-0.09332550002951041,-0.044699778522439615,0.06903955244918583,0.0024565332775726392,-0.0021005090284988877,-0.1153081223841256,0.020305294039249654,-0.035954346111282745,0.3993590627035636,-0.2924718653738221
0.03764816184054804,0.27518491043209464,0.164630935190631,0.13249254054187415,0.0758335279595279,0.20453139087226935,0.06957271095092993,0.06072972560838881,0.09360393333137577,0.07550719241586468,0.17693664425112937,0.016570754897660248,0.03899756911637976,0.136885806591084,0.321655508423962,0.21760507119901054,0.5256555277878155,0.3109362125622438,0.1594564117972023,0.24635538989388236,0.2247323155646049,-0.05426721922885077,-0.34921471530688225,0.12695952563539098,0.1729349293490142,0.35801799444935284,0.16725553529465534,1.633673379881677,-0.0074608644004139696,0.020112537382663515,0.3780872826403595,0.15485191166414242,0.35065314679634185,-0.04517509840760545,-0.0938000057733411,0.7300805620329616,0.06576072950455922,0.11597715491145258,-0.050307468589154226,0.05794715916855391,0.32938090871702186,0.02119595024329808,0.5986895382185085,0.10250955265724225,0.5567048613728335,-0.41528076192628516,0.12869867090993004,-0.4540248378425058,-0.6185229197454603,-0.5376377240370004,-0.16386750333856304,0.9087664352792005,-0.1936271868803701,0.012835315571536644,0.02519081252709992,-0.004668884919278286,-0.12436903724342707,0.42885520594668863,-0.04370211193518427
0.1841202930233218,0.40423055341206465,0.2730194105299593,0.3275827866087322,0.28877308512961763,0.4291920597213648,0.19253050010297393,0.29695092700586184,0.12799339168808652,0.1823460823047858,0.2679823023995439,0.2109961051275166,0.24828634819137677,0.22079211739811627,0.33202896621828143,0.33844242025785837,0.189097999736343,0.37810250048641075,0.038703738004285775,0.4100576735318257,0.30736789422495475,0.17317612136364396,0.42208819866173614,0.3882354451355459,0.346597413010267,0.17918402329211144,0.23589154964524864,-0.0074608644004139696,2.2501725828558476,0.2412102997134905,0.14233728621773925,0.2073089455209195,0.09726195550965,0.4387823254089831,0.06949121500238803,0.40433364934380556,-0.1456942914194813,0.13925689894925736,0.24873487400412966,0.18273748549402632,0.16403487656853397,0.10222142549812663,0.6024249512703834,-0.04410506593429321,0.38039591964939157,0.21701306807681559,0.33822932784906745,-0.3656078277855402,0.2292303651257233,0.4992120127934007,-0.34427277980937726,-0.029152000208946347,-0.3316123784581625,0.03135412012284566,-0.24589773393114805,-0.059051319632251346,-0.3680873299129542,0.9679275604477616,-0.3991627452533444
-0.030064534906752413,-0.08327190761623338,-0.287234859287602,-0.012311024672512414,-0.06772302901767181,0.01177319775497041,0.03478920043541258,0.02873542352470057,0.0006797736275097289,-0.034388306546142826,0.02179959355868393,-0.050019273463041004,0.05038136806032919,0.04708247163803068,0.17293678761600814,0.11141142016592576,0.043031897851974234,0.017336930593324994,0.13316356283736266,0.24547298340685986,0.222779808758137,-0.19885118169867305,0.30523408683509906,0.3606873689637431,0.08654649787705242,-0.26577435650996856,0.04654459262585786,0.020112537382663515,0.2412102997134905,2.114416244313062,0.17443729731068552,-0.021131689143462612,0.3287883868273007,-0.14372127916083843,0.39265495637800335,0.3870358308518761,0.7490894657634791,0.2459166478523717,0.6518007548620708,0.19417502139504975,0.4750101070998408,0.19295385063450368,0.8910525510186064,0.1658088062305232,0.5395645069575916,0.06732714319682971,0.8796340589531462,-0.07600718843015032,1.0788035746396545,0.44629742773739545,-0.2729759652031777,-0.5439210951535679,0.1553996310473218,-0.023772134542319776,0.20824547604923793,-0.10432088163841163,-0.044847126684416594,0.629745396448829,-0.6082990352070259
0.13460049502861077,0.22856321824192913,0.2210543602019437,0.2388616857246096,0.20120514243458465,0.2240598352909114,0.14421542592655753,0.19345537109221908,0.12629560675216991,0.15780109426734548,0.1943362562404565,0.18229683411142023,0.11545500403926026,0.19470911268913646,0.29781941460393696,0.1694854694202197,0.29402507040485576,0.35018071382695964,0.039837849777683496,0.2064724497169763,0.3089151355502556,0.08554702636422619,0.17497322885996397,0.3084970829106174,0.3273672567281513,0.24168102716271486,0.17436531198128982,0.3780872826403595,0.14233728621773925,0.17443729731068552,0.833603062132891,0.19137140850142648,0.24539654242187042,0.11052385522693119,0.027596556150077663,0.8577259555276134,0.20795676187129622,0.19094522230266195,0.18729716089502563,0.11492489487049208,0.3224067336376147,0.18206754900971997,0.2718580209874889,0.04446795750639452,0.48018756639377097,-0.012133832520308568,0.27933133164135865,-0.5270942329909545,-0.5765982632216922,-0.017172781694250846,-0.006415312240580176,0.12627518376902724,0.024640646626560004,-0.10524778475158726,-0.15495521433888665,0.0746544284858371,-0.012812252003183438,0.11423492717063854,-0.07220892501597011
0.1031385582685246,0.13888758558325878,0.15781392308148473,0.36737851603741106,0.2038124960332698,0.21561922144231213,0.15106296932862956,0.19599487751632075,0.12002771618812287,0.15536764339218914,0.17308379654129463,0.224816575625316,0.1583649495240229,0.31831472688412693,0.13681855007135893,0.2542045231282047,0.18319188494229832,0.19090877316814714,0.030660135022739704,0.10259550581911298,0.13357682299384815,0.4383883988772215,0.10569705095785563,0.09889997754872969,0.18215473179342104,0.2783898775283399,0.18456852694279963,0.15485191166414242,0.2073089455209195,-0.021131689143462612,0.19137140850142648,0.5304042370783998,0.04337053079299101,0.23833682721716382,0.04815084482674219,0.30234187161460313,-0.040908069182801314,0.08309836814107634,0.07327490329568878,0.11400514161618555,0.2686859849476987,0.07086506178573874,0.08854845116597942,0.047257258213151715,0.16280166025878234,0.06502506179865808,0.11649142132790041,-0.10151668398965315,0.21587135373422192,-0.11898351742215624,0.09746122567844034,0.014602136837497691,-0.05847950792235419,0.00826658962117564,-0.38793548115641957,0.009576854581960762,0.21367045296881623,0.2862430039128363,-0.2570260516127042
0.05444550492661581,0.181446436540411,0.10757061879472427,0.11338989495419068,0.13156924067134473,0.10334193351963401,0.10559630215329692,0.09989293204602356,0.17373578163137374,0.01096219987581417,0.09277444385275284,0.08453509109778251,0.10467851873776288,0.0855592606942639,0.16777131763995934,0.06417106585147647,0.1778333804257562,0.18927133861117085,0.2212485939122444,0.16072341770029136,0.368319249042013,-0.023288035669712773,0.22203504665522736,0.35270015906526464,0.07761500305703598,0.08949734159421197,0.14362339368879498,0.35065314679634185,0.09726195550965,0.3287883868273007,0.24539654242187042,0.04337053079299101,1.5402241966230117,-0.048190154883400796,-0.1519318593133932,0.4817986888786291,0.4522819194617655,0.14045027999873178,0.1680656568866698,0.08225580027391088,0.15607695201919666,0.14396281760545768,0.3843914504807469,0.10595444040159877,0.4218553500831412,-0.04501836505168706,0.2962402036997926,-0.3725333130247535,0.1559206236138593,0.7153176540844159,0.006526877518814199,-0.1350519101435057,-0.26712870982983716,-0.26411654796871603,-0.007807895286782656,-0.11764427654108789,-0.22855195157367375,0.4365405193437815,-0.037875474788024
