0.929113734277581,0.2559975278617064,0.35093834197861634,-0.1442641768755809,0.2641435080752491,0.12239158287284581,0.18453006740625671,0.1335087845234756,0.06271039314876901,0.21615576486579205,0.11714517956197286,0.16654416745374062,0.07641610370416711,0.1420395145441142,0.13847120622882608,0.09828884123630946,0.10571518369911559,0.17167180856901593,0.05009753272598135,0.03927175814678747,0.11064043796550461,0.18788198208657717,0.04022173111479542,0.05400241448867476,0.15475045000396118,0.10923327231684815,0.08964930264586961,0.03068279069708841,0.21520422640135356,-0.028257669477622347,0.12580984769339792,0.11747441594401581,0.037227175857597446,0.07282486429277078,0.09328101436458096,0.1560405021347974,-0.0038081658050514024,0.059159601406707216,0.1247209510731917,0.010833478551799685,0.09950903765120073,0.03326534404044821,0.00402814165512768,0.008964735116447783,0.10749763000608716,0.17495958605025821,0.08694719951185681,-0.06914344077669589,-0.15290531337319083,-0.23819704573892517,-0.009990354160349487,-0.0030778274957310946,0.19136936224523027,0.02582831982017227,0.014582098192735643,0.008916518413175537,-0.08146964356131074,0.0002745847730348801,-0.08578666467958017
0.2559975278617064,1.2361820148988303,0.6188889546048583,-0.048930337626484605,0.1914918440899972,0.3010086528670406,0.140506669883255,0.25923735294685735,0.16091328489144438,0.2427586671448387,0.2183274423223501,0.19091627988668364,0.09989826053172236,0.1429903898451023,0.42918033427133173,0.12541199569382983,0.27365414721145015,0.4613852260323562,-0.13790603026853962,0.2938792240699789,0.26458886172489304,0.20395468608964804,0.059120551252042644,0.0649466581879669,0.25644183280680294,0.33724602078149685,0.1802563609282088,0.30365869487625413,0.37060204277726666,-0.10439336369847803,0.22169362916771024,0.10055657088490466,0.11942574522004426,0.24751484970462448,0.058266957388791306,0.3609460626501147,0.09443021495811024,0.16423557389054722,0.043730973614491554,0.10337875515199234,0.1852772483890897,0.13966293240345484,0.33189733075547595,0.019373735917653984,0.48029336243564497,0.11991214734440879,0.1752348752952845,-0.1726373811963734,-0.7059958355298367,-0.6685584674271654,0.17979260638727476,0.339451105907014,0.19701758031619485,-0.03129501397121391,-0.06846647288482642,-0.06882352706161596,-0.44622759246818494,0.34529720625208277,0.1401685349035391
0.35093834197861634,0.6188889546048583,1.643424089904438,-0.04417657808745015,-0.14612480792620808,0.212791187209522,0.10419913509388322,0.3373514351970216,0.15591496959742657,0.4538461238072053,0.23395296588852516,0.19335009286788335,0.08728268546687278,0.14812772397703633,0.2759210034167479,0.026269049661718828,0.3163104739948497,0.36653558406737213,0.09754824262090266,0.07498702640115383,0.14893142658420416,0.4772995528591379,0.04970037716779792,0.12087425040106903,0.2067663199630306,0.2559769339948514,0.16107315927393054,0.1653136256375561,0.26656386259593307,-0.3003301371049742,0.22374240627901307,0.18112421977596094,0.03673470376556881,0.24589683788657457,0.1919893887863521,0.39913896560570505,0.1347920790397198,0.07144905595139416,0.08856275970319494,-0.12671249444028096,0.22585697370990726,0.17565926834622347,-0.05946716725556301,0.006095068488392241,0.3355937470381923,0.5818915435422698,0.09414159113893975,-0.21464116714941003,-0.8893111648698023,-0.25720139445400747,0.15458134092467987,0.01921718208002656,0.11012562672596858,-0.02443292197221981,-0.13033057047725752,0.16415650806029927,0.032134807856796524,0.002037377545480011,-0.4101037617064112
-0.1442641768755809,-0.048930337626484605,-0.04417657808745015,2.1109536853286484,0.38346540962981013,0.38460047936619385,0.3467587028863916,0.2610468166884528,0.1647142690101497,0.04892123949130348,0.21568293097745164,0.36966528431903906,0.21445224702814622,0.3572855268583472,0.26667249087626516,0.43571352158112253,0.1789064527898714,0.2622194885939276,-0.16353404793688575,0.23619442011606226,0.24565648225484138,0.07464010909195552,0.33382615783306874,0.2880315295439466,0.3411927318421626,0.3877371126587156,0.23813042600331252,0.1713931324571988,0.28048853265595636,-0.032280797844052356,0.2251142707255422,0.32533311832543543,0.07669918922084971,0.31603483175834696,-0.18201339369004157,0.43737545282338974,-0.1491515054846036,0.1319562893787776,0.1710683668635765,0.21686580339238137,0.17561465469539644,0.1063163840238325,0.3399463512865323,0.08264458806486973,0.31936369391799246,-0.1663045108874993,0.149059980088658,-0.25751241512804324,-0.0881580446588773,-0.5374951534025968,0.07195302348070687,0.2342146858214574,0.17057276931814794,0.038410405007621745,-0.27148984890009775,0.08291063105497154,-0.09162015564693973,0.4139397515803878,-0.1229738212865154
0.2641435080752491,0.1914918440899972,-0.14612480792620808,0.38346540962981013,1.232589405261448,0.3765092028308661,0.19981386122397857,0.21542942853340905,0.12060309520778592,0.06258848239256036,0.17201374929958585,0.3082534624848221,0.18138111724175032,0.17054088979623472,0.26818519491313114,0.27802296605091953,0.07739955526886173,0.2368231306672867,-0.08509343729422315,0.20168180943028496,0.19563499082185787,-0.01846583232025051,0.2086755681282861,0.18200829310557534,0.27534117734087843,0.3542111820870928,0.16776095445603445,0.07172178566618409,0.23475593309654091,-0.10360822320827415,0.17936136554223764,0.17170892859422246,0.06252757963235285,0.22667639862255412,-0.11457361710240788,0.2788495378485456,-0.1281901746747848,0.09267878064331546,0.06895179736692858,0.18582203747041992,0.09696398467968056,0.10589348466128709,0.18766213467207765,0.04604770053061475,0.1330588571306601,-0.0854639393151399,0.08166319936570107,-0.1228877253229999,-0.1905413333922241,-0.4440763393595068,0.08351379276382306,0.12486439656574572,0.24803719823663548,0.016686020962905345,-0.10699773678435891,-0.08363318151048522,-0.2448019603792904,0.23098814190637001,0.2657426907304111
0.12239158287284581,0.3010086528670406,0.212791187209522,0.38460047936619385,0.3765092028308661,0.725932191820656,0.12230688532722951,0.2944271519883977,0.19404515432329608,0.060997238475792005,0.24974773480390006,0.20896733174060314,0.1859432501131432,0.16794952713369227,0.27984698615509884,0.20308412743084217,0.2075708055422267,0.2564156251534033,0.05192209104783426,0.2869025286215192,0.24157436836688825,0.24326860025084437,0.11963196418457615,0.22242642071048818,0.2174832362557605,0.3717629976101183,0.19418372136425635,0.19357623779550448,0.39214807712331534,-0.01878825211945236,0.20210446385368733,0.18916311255560495,0.0807797702655227,0.22121395828024834,-0.007549501605476966,0.2756720601838844,0.10257870216413006,0.1833993552653452,0.13669948649800615,0.11047048936530526,0.08504488001379089,0.15352802975892343,0.31968202968102327,0.044156113275255676,0.22483821571563456,0.047730085154149594,0.14083682871473355,-0.13352159130114344,-0.08946317774692651,0.0060884644065756595,-0.202320979423449,0.1744106905978282,-0.04818391239347465,-0.006612633951340069,-0.09077024554987947,-0.0032201276513871484,-0.231922174720492,0.34047940273051275,-0.03369328420531376
0.18453006740625671,0.140506669883255,0.10419913509388322,0.3467587028863916,0.19981386122397857,0.12230688532722951,0.5304972506667813,0.020168109256852643,0.21477647491741958,0.1409213969707328,0.1314207600530128,0.26921382706011604,0.09437803585521802,0.12040593698693808,0.08335774321359445,0.22547291552636575,0.1595041889847639,0.13484100379759664,0.012465840697396162,0.15887510506566566,0.16210013997002223,0.15368091331025685,0.15495889635546237,0.13915895119513214,0.1524129906659282,0.18562100195685552,0.1562536859793827,0.08160343614238819,0.17541407433205936,-0.001417426777788239,0.13163587760319853,0.15437252958163578,0.08433229394434262,0.16814916899874632,0.020019960902241483,0.2162884689681712,-0.009210503810351663,0.0953301378360134,0.17805892711745833,0.11237649008563873,0.11406874931184062,0.07375265880245829,0.17463423344154058,0.033208640335106454,0.27378534545073246,0.034160047835581846,0.07146782115807393,-0.08390673279607318,-0.0010815891033239418,-0.2858394638860044,0.03661564805886875,0.07982448254131924,0.10742597963221526,0.035812589532305525,-0.0712655130397375,0.053977033057040276,-0.092958905393474,0.20415446853327673,-0.22310261062633813
0.1335087845234756,0.25923735294685735,0.3373514351970216,0.2610468166884528,0.21542942853340905,0.2944271519883977,0.020168109256852643,0.8522805471946643,-0.03348929810171478,0.26910467256646214,0.268246125285243,0.11523234553393635,0.18957467112719384,0.18252615920835155,0.26820928325542925,0.1334913397741263,0.23685999328525975,0.38242259036066206,0.0005184698255512023,0.17552651618005577,0.19246699772806702,0.24812235872792301,0.19308822086304953,0.1475304197815883,0.2964552016330065,0.3708863890751649,0.17819757195952224,0.0642334545986068,0.250413287817082,0.024883149574519436,0.19829209508665283,0.17817950651446068,0.08558499216884902,0.24542084417110913,0.17515854289417299,0.26556574879920636,0.1225028795261226,0.1430633176109311,0.1509384629476279,0.0943635587365607,0.20748571602230345,0.1508855256592473,0.20354898682874217,0.04081816845602936,0.2726725424624754,0.15514153319141974,0.22948221686750794,-0.07675563562182698,-0.11426484811121346,-0.06767886445411501,0.00015544251599085507,0.1295388238912222,0.07077301647109496,-0.08657546921837193,-0.16633374249285413,0.01820328953838977,-0.10692173495365505,0.3373660826682833,-0.2454820560743778
0.06271039314876901,0.16091328489144438,0.15591496959742657,0.1647142690101497,0.12060309520778592,0.19404515432329608,0.21477647491741958,-0.03348929810171478,0.822214914069482,-0.09575918631396237,0.06140056910100695,0.09342890403060929,0.09346284383479156,0.09403215080077328,-0.0466672012746908,0.16361002860304047,0.11361198336120347,0.06691334169725414,-0.04591352291330787,0.17339966778048577,0.17805095853289712,0.09661564689988665,0.1665839745997985,0.22411916014724323,0.01973117845686296,0.2849489100590679,0.1254150429943569,0.1332784049106887,0.10539528304298668,-0.006787550287775383,0.12795463051254344,0.127002561515757,0.15355248755764858,0.06400127429366377,-0.0824263383233185,0.2699399581431945,0.019711534110584558,0.11799716472441688,0.15312915170036237,0.08410002462580331,0.06516424451843068,0.04804582153618729,0.2006180942564456,0.03564283066494929,0.27267746459414444,-0.015758738342387196,0.041584515914298625,-0.1837848111595101,-0.08954898482978813,-0.11118759433352741,0.00428691163636909,0.11938720519508718,0.05318264356853447,-0.06964624860456917,-0.009827079502882852,0.05502273570621808,-0.08846162908697447,0.14832758781159205,-0.1618426103206076
0.21615576486579205,0.2427586671448387,0.4538461238072053,0.04892123949130348,0.06258848239256036,0.060997238475792005,0.1409213969707328,0.26910467256646214,-0.09575918631396237,0.9628673119400603,0.2498786395636966,0.18118545379250928,0.0476627923088099,0.18162266648295713,0.30961465848128344,0.05311890565057182,0.23511714575370196,0.3399819460837525,-0.002074800709032224,-0.018889669083795278,0.06163034596948074,0.34867752730747703,0.12223356021451073,0.04751671688322627,0.21966320811893258,0.18506706897406325,0.11982540964244011,0.058052873987489574,0.16666969705427953,-0.016891059042603143,0.15360401213506744,0.16991633153655947,-0.007878196961549778,0.2917242970243351,0.25906004147305833,0.22600162352347836,0.052842736743745095,0.002405135636149243,0.039060247391406615,0.016252250836019506,0.29584728570346763,0.13156034210581227,-0.04504730190563617,0.029696499986892815,0.17053278641554753,0.30341003045590775,0.20287958601040068,0.005856060962328572,-0.2693482474982514,-0.325495019492777,0.15322099486079718,-0.1542853472077321,0.22627051201958595,0.09144935771394928,-0.10982729240079986,0.08811741313260173,0.03225255131264527,-0.02438429779228707,-0.24396245632752767
0.11714517956197286,0.2183274423223501,0.23395296588852516,0.21568293097745164,0.17201374929958585,0.24974773480390006,0.1314207600530128,0.268246125285243,0.06140056910100695,0.2498786395636966,0.36624440531179886,0.18975961059967072,0.1869951060674383,0.16842870387234746,0.24702602405014368,0.14627789810820954,0.2702687721365634,0.24748562195863885,0.007059442376441957,0.1711883867782178,0.16978443897592432,0.23118261745671784,0.11742880137629151,0.14148436250599675,0.21013647773708902,0.2418242562690028,0.17142375311365943,0.16354668467206862,0.23902733842455645,0.025371085600265016,0.1916819485010908,0.16195571233558528,0.09004847849000279,0.182194791899261,0.12200240516067327,0.293897769734994,0.09371795493672684,0.1138183123048878,0.1314348922877438,0.08724820684253774,0.18503832429980951,0.15372836163869152,0.15506940662165605,0.03506330209646174,0.2467756449536256,0.13741296389405536,0.16280839544292686,-0.11101698533664674,-0.18088302482954544,-0.11900694678617105,-0.0005808235609709552,0.028037869402147964,0.08634667218271033,-0.009553200351226351,-0.1151026696143743,0.03238607996576647,-0.11039245843041239,0.19048532567785692,-0.1560952237387064
0.16654416745374062,0.19091627988668364,0.19335009286788335,0.36966528431903906,0.3082534624848221,0.20896733174060314,0.26921382706011604,0.11523234553393635,0.09342890403060929,0.18118545379250928,0.18975961059967072,0.6759271151858559,0.086156430396863,0.20245903688991748,0.23079028410402028,0.17299663165252857,0.17863957748016293,0.12567479420327524,0.00760438326068557,0.1958742374722996,0.15655413592682835,0.09359126384596733,0.14056940884640864,0.10044285197429673,0.2711131043145378,0.22234499349134393,0.21979038035857074,-0.011413816677002937,0.1881944908358822,-0.05823784274347366,0.15117777193208073,0.19740696175483918,0.05245038748511787,0.2329724384950454,0.09163957905394592,0.17833518038619092,-0.01502548479004584,0.09409192171437328,0.1637880421799872,0.12232250668901405,0.13622271991262191,0.13512969289299714,0.10924074814433282,0.02851694229641561,0.24709618208807996,0.12591683740851775,0.06847080798446273,-0.021635387891037354,-0.0616144360559656,-0.2608084148327141,0.11326815941228303,-0.0970437734807998,0.17401848709926934,0.024814335624403078,-0.14358262118128223,0.055675450712442835,-0.12599931201648498,0.2108134684696311,-0.15186604428555223
0.07641610370416711,0.09989826053172236,0.08728268546687278,0.21445224702814622,0.18138111724175032,0.1859432501131432,0.09437803585521802,0.18957467112719384,0.09346284383479156,0.0476627923088099,0.1869951060674383,0.086156430396863,0.4319618268268671,0.14484489585287869,0.003639713893202513,0.13250922334586918,0.09363902768892463,0.13565140731542227,0.04946713252195689,0.07403164081291973,0.1385281161967892,0.21700763599726516,0.1631250222760519,0.18336154263486026,0.10885773954417062,0.16280533854068432,0.14591715171573386,0.037243770859588354,0.24078747961241095,0.05498274312465859,0.11886546537615439,0.15229580366203554,0.10974960368760092,0.10139214113453585,0.05458946400012546,0.24253135788745145,0.054481274428246386,0.06267084533679412,0.09185580272015616,0.07009236042362499,0.09940055559343544,0.08435340819310448,0.13023122290742387,0.032983384366590415,0.0519370355290134,0.09326270265796557,0.10591929355777914,-0.13380837776715732,-0.026954954658724592,0.16259008887604515,-0.016338626973141184,-0.08954550478779508,-0.030239251298174282,-0.05348202931938159,-0.04034693097075796,-0.005624542527251777,-0.07204944196772459,0.08450222372762158,-0.011325570987977415
0.1420395145441142,0.1429903898451023,0.14812772397703633,0.3572855268583472,0.17054088979623472,0.16794952713369227,0.12040593698693808,0.18252615920835155,0.09403215080077328,0.18162266648295713,0.16842870387234746,0.20245903688991748,0.14484489585287869,0.48376898841823995,0.2551890954049382,0.23244362574807728,0.1938836287639548,0.18473176475520775,-0.011652137470430094,0.12709470970300535,0.15505486332564009,0.21688887955975822,0.14201822429195238,0.17407338564464853,0.2198925956047248,0.2135385055981761,0.1228265505929439,0.15637117588252508,0.19274151611972964,0.07827781815864805,0.19965586783383327,0.290656791947251,0.07712274861517084,0.19218985958721452,0.057537930041377985,0.37225685520239726,0.01207999307194754,0.09287960221602375,0.06090324257838804,0.09487956131774711,0.24923845812228004,0.11502519373177623,0.13846720943088997,0.05400597856370297,0.18683065026419934,0.04061228547493426,0.16342980274226804,-0.1771465785294608,-0.19710240029765574,-0.31587431320507686,0.028734596267931217,-0.0675909978160558,0.31867471910671064,-0.0020035677574680917,-0.20420555617466202,0.02825291218154301,-0.06587469076781968,0.1492019499921571,0.006979139695045536
0.13847120622882608,0.42918033427133173,0.2759210034167479,0.26667249087626516,0.26818519491313114,0.27984698615509884,0.08335774321359445,0.26820928325542925,-0.0466672012746908,0.30961465848128344,0.24702602405014368,0.23079028410402028,0.003639713893202513,0.2551890954049382,1.1370123662667495,0.06521546192627567,0.31034418251506635,0.46138344453875607,-0.1347136703292101,0.3099930644608437,0.2306968024199109,-0.020211669524882254,0.24159596458762694,0.21597543956642518,0.4790282822803454,0.23325012596332947,0.1394510106028673,0.33427080892100486,0.30809013019726583,0.1836840513422689,0.30400007688977243,0.12113140905320198,0.15538913240100596,0.2978878135529901,0.00829491435799331,0.5160912167864408,0.15826078162549145,0.19385823763006785,0.06614731345155975,0.08305210700433152,0.26237879818776183,0.20094664897747816,0.4070877965364092,0.04326797070488267,0.38324495654741875,0.12413110869365503,0.30803364197767974,-0.28005895590643515,-0.49709351513236744,-0.4773395113044173,-0.007996111580584823,0.3944556622952057,0.20182612149737608,-0.07344359533019616,-0.1739387134108479,0.09123936005262484,-0.2829666725826304,0.5158877862677462,-0.23238621931361464
0.09828884123630946,0.12541199569382983,0.026269049661718828,0.43571352158112253,0.27802296605091953,0.20308412743084217,0.22547291552636575,0.1334913397741263,0.16361002860304047,0.05311890565057182,0.14627789810820954,0.17299663165252857,0.13250922334586918,0.23244362574807728,0.06521546192627567,1.1290608066529209,0.15399975548354528,0.08209633433234576,0.029178898677087433,0.10913905789293056,0.15174500435014093,0.13388286102639455,0.11411722539192681,0.18425941789479833,0.2414468566622296,0.1632868087096696,0.24588281586994024,0.17404614546918573,0.28133410048393503,0.08439267093889821,0.1373673929291434,0.219734669112929,0.05187746695084725,0.21755942748804213,0.24233483316185092,0.24820286242622186,0.03765003732082603,0.09082376198159212,0.09937218786077107,0.18179589605328994,0.17021569564905767,0.1066446512738545,0.3054173472585456,0.0692607087714554,0.18929849555832934,-0.08152110385431378,0.1157829293407588,-0.11066418009226375,-0.02518891622562066,-0.3578455810902855,-0.07624501839628217,0.07540817047139332,0.11864593704925648,0.058477240530008336,-0.07600658744733468,-0.03757645568589835,-0.25604448827542026,0.13702992529149988,0.254373325553816
0.10571518369911559,0.27365414721145015,0.3163104739948497,0.1789064527898714,0.07739955526886173,0.2075708055422267,0.1595041889847639,0.23685999328525975,0.11361198336120347,0.23511714575370196,0.2702687721365634,0.17863957748016293,0.09363902768892463,0.1938836287639548,0.31034418251506635,0.15399975548354528,0.7058736863787209,0.2708413725094231,0.0531584572486757,0.21031360271090935,0.23098648235927588,0.3969703720222752,-0.012736008373749606,0.12634846095554716,0.2197755491198428,0.23332900231934925,0.16996216403092892,0.4910208594701186,0.15169958901137984,0.043189646673998085,0.2941836395711262,0.1656431143247237,0.16708761622548288,0.1680366483510307,0.1663733428372784,0.46978696501678535,0.23972780247777603,0.16313561296008652,0.1853188265456263,0.0775662361081102,0.3004505556669799,0.30600495671484185,0.13113734345894876,0.05055368704220465,0.5739158046992099,0.09622333539360811,0.2204474310223608,-0.19551729220777997,-0.5392238172277569,-0.16625051397766316,0.029908308323168004,0.04727361149223246,0.12227811393851624,-0.033863831033068614,-0.2892065523346178,0.05298631672227252,-0.14890236553475053,0.1495471520733522,-0.16164095696574393
0.17167180856901593,0.4613852260323562,0.36653558406737213,0.2622194885939276,0.2368231306672867,0.2564156251534033,0.13484100379759664,0.38242259036066206,0.06691334169725414,0.3399819460837525,0.24748562195863885,0.12567479420327524,0.13565140731542227,0.18473176475520775,0.46138344453875607,0.08209633433234576,0.2708413725094231,0.9805790145797666,-0.14411842587736248,0.011004446601786889,0.2778581285593641,0.22677082332618806,0.34297625201243054,0.16476556073780152,0.34841117113309894,0.3825509264263019,0.1078451060557123,0.31240777399520536,0.3159302269829772,-0.04299611270767007,0.3480423673497731,0.16039094519438815,0.15924447459646646,0.24096590787933672,-0.03322329582332249,0.6058771296523394,0.00886580131297079,0.06851771407725898,0.018352968873692786,0.10860841855852026,0.3118880910595026,0.12331592152336575,0.4101755276251155,0.0421491521642802,0.5310662129132359,-0.00925212652402863,0.42607384423302774,-0.3540085987373979,-0.8266297226191966,-0.4452563448373792,0.22606834496701497,0.28740374517030765,0.09930873443999975,-0.08425261280959949,-0.16522001445119913,0.0738648164279742,-0.17406501393370377,0.5135119696539612,-0.3322956071400559
0.05009753272598135,-0.13790603026853962,0.09754824262090266,-0.16353404793688575,-0.08509343729422315,0.05192209104783426,0.012465840697396162,0.0005184698255512023,-0.04591352291330787,-0.002074800709032224,0.007059442376441957,0.00760438326068557,0.04946713252195689,-0.011652137470430094,-0.1347136703292101,0.029178898677087433,0.0531584572486757,-0.14411842587736248,1.4830980883298739,0.15463572529775496,0.023893963366947487,0.13548907612972505,-0.36103862870684283,-0.03333846140513253,-0.0875676662497835,-0.1848367224398917,0.020271796889676758,0.12223515529447539,0.059875640182608096,0.1435795987035121,0.018434312933553215,0.032675390682501464,0.1975359827580416,0.03783115743919103,0.10074686013638713,-0.23784621233188452,0.43442098021920317,0.04833338759802338,0.16888060672189698,-0.02732297189167539,0.17272307860212183,0.03578218285729427,0.03483362327725449,-0.015324479813929258,-0.008348903049177807,0.37023137640006487,0.025149827502118915,0.41441573028520406,0.6378692663666728,1.2978890062284982,0.12591375303017413,-0.38980119048167194,-0.7988116331716072,-0.07065011773614499,0.08915349620275845,-0.032056976506301155,0.1379561836031614,-0.00608206301437801,-0.19849674186137947
0.03927175814678747,0.2938792240699789,0.07498702640115383,0.23619442011606226,0.20168180943028496,0.2869025286215192,0.15887510506566566,0.17552651618005577,0.17339966778048577,-0.018889669083795278,0.1711883867782178,0.1958742374722996,0.07403164081291973,0.12709470970300535,0.3099930644608437,0.10913905789293056,0.21031360271090935,0.011004446601786889,0.15463572529775496,1.181956321500595,0.17854735127252924,-0.31372766939811203,0.0667220273658069,0.2441428068702811,0.23799541497692975,0.15629209953459886,0.26828887610285407,0.25458933870877687,0.36934563005101145,0.24194837646614456,0.21032813496604866,0.08235133247315464,0.16400711803138354,0.307559716509605,0.02902354223583794,0.16806341979303058,0.5221528772240589,0.5467693047944291,0.23951278560132594,0.2893463741793128,0.0554685700131531,0.19226475846444308,0.6858513730064004,0.014355459135464321,0.5346417513400803,0.22805156200991566,0.16991171420968718,0.01248811127347783,0.26990306011390386,-0.3613473240834198,-0.1357175166267507,0.3713819927015654,0.09665553377233516,-0.030217932424636815,-0.0032190480155667787,-0.02169318709191072,-0.05752778411816515,0.4266006779947831,-0.2355751815015258
0.11064043796550461,0.26458886172489304,0.14893142658420416,0.24565648225484138,0.19563499082185787,0.24157436836688825,0.16210013997002223,0.19246699772806702,0.17805095853289712,0.06163034596948074,0.16978443897592432,0.15655413592682835,0.1385281161967892,0.15505486332564009,0.2306968024199109,0.15174500435014093,0.23098648235927588,0.2778581285593641,0.023893963366947487,0.17854735127252924,0.5670797870856708,0.04550017689743372,0.3023804207541424,0.2657101160645895,0.219080754456077,0.15904836530607228,0.12602679456463656,0.2190531733941982,0.3009964846847272,0.21755949348540973,0.3054433895050043,0.11857843974168941,0.3566245920920131,0.12916522204265712,0.010313582796421956,0.5975110547408862,0.14753848571123612,0.1508070567779746,0.3337603771274631,0.23632096543376357,0.2577335666160165,0.21538834611451282,0.5166203137200178,0.07907925078805686,0.7575519668964455,-0.10657250237126221,0.2769950884011043,-0.3196062466849424,-0.4719837033566894,0.033860468656244626,0.0758352308764888,-0.024561551884853323,0.014822471092274157,-0.052928561800688875,-0.08246610224121041,-0.040553927656878284,-0.3218093011261486,0.34326366568519534,0.05063864515443108
0.18788198208657717,0.20395468608964804,0.4772995528591379,0.07464010909195552,-0.01846583232025051,0.24326860025084437,0.15368091331025685,0.24812235872792301,0.09661564689988665,0.34867752730747703,0.23118261745671784,0.09359126384596733,0.21700763599726516,0.21688887955975822,-0.020211669524882254,0.13388286102639455,0.3969703720222752,0.22677082332618806,0.13548907612972505,-0.31372766939811203,0.04550017689743372,3.506627821491127,0.05031704604300978,-0.2888514259174697,-0.13424606077352147,-0.0024218177784459506,0.11736331271904168,-0.08180021835037453,0.08024484998385158,-0.19559964815749126,0.07646120715309498,0.423674256882671,-0.061340567175290385,0.3137154454740372,0.2934096507536772,0.04950486459534521,0.19859547017347687,-0.022398981162135206,0.24030075322874953,-0.04899440626727422,0.14689025422482319,0.24748668865168164,-0.3194194560241471,0.05195718910083296,-0.35862708806287913,0.4124504312944991,0.1046046170237978,0.09606399351634448,0.20571869440862792,-0.0017014942406509885,0.10279840950814008,-0.6695148586465415,0.06397258965222088,-0.05410984065057739,-0.2829695574535239,0.10022952662982358,-0.2269271195619371,-0.025753060069312175,-0.12784059687158725
0.04022173111479542,0.059120551252042644,0.04970037716779792,0.33382615783306874,0.2086755681282861,0.11963196418457615,0.15495889635546237,0.19308822086304953,0.1665839745997985,0.12223356021451073,0.11742880137629151,0.14056940884640864,0.1631250222760519,0.14201822429195238,0.24159596458762694,0.11411722539192681,-0.012736008373749606,0.34297625201243054,-0.36103862870684283,0.0667220273658069,0.3023804207541424,0.05031704604300978,1.4414012306192947,0.6008104664809656,0.4736191348281956,0.01765503560873823,0.09197098517792797,-0.3164065019510189,0.381538226335882,0.32019397762757257,0.2064294091809558,0.10401713442368662,0.25011133378733835,0.2785573070602548,-0.10171279888222874,0.8315218963203934,0.025045173146937976,0.10857890256980482,0.2662674524417992,0.25724982233980054,0.138187890052895,0.19565733673078473,0.3593176618662445,0.16672402372979053,0.34651159122976677,0.020034380304271036,0.35390028228444886,-0.5630278738205615,-0.7261176410384635,-0.14305910972600128,0.17026398269322598,-0.1496934496791375,0.1261270878919837,-0.04365621189634505,-0.17347270498818268,0.025110467279263485,-0.1080974160757259,0.04466629119333047,0.19490931909155335
0.05400241448867476,0.0649466581879669,0.12087425040106903,0.2880315295439466,0.18200829310557534,0.22242642071048818,0.13915895119513214,0.1475304197815883,0.22411916014724323,0.04751671688322627,0.14148436250599675,0.10044285197429673,0.18336154263486026,0.17407338564464853,0.21597543956642518,0.18425941789479833,0.12634846095554716,0.16476556073780152,-0.03333846140513253,0.2441428068702811,0.2657101160645895,-0.2888514259174697,0.6008104664809656,1.5473266316477303,0.35701824423304207,0.26921626763989676,0.09960107921839495,0.17203110658929435,0.36875375556147333,0.4543088785983389,0.3518028104197256,0.11993236038012513,0.4040414548852245,0.07967061622295393,-0.10238608847419563,1.0453266427405148,0.1332013018951569,0.19947429712419373,0.05574922585209374,0.06868313463894435,0.1254687596011665,0.19939234747238305,0.301623328373046,0.08437200711742816,0.34890901913157296,-0.11664159098622257,0.2781709699532021,-0.8569392465500161,-0.9803862187742506,0.20883559386932646,-0.20179477228093035,-0.020111187151673333,0.10840785442788044,-0.13886318573026904,-0.14178651590478814,0.03312832970028333,0.03354287959940179,-0.4679469263257793,0.617357838622877
0.15475045000396118,0.25644183280680294,0.2067663199630306,0.3411927318421626,0.27534117734087843,0.2174832362557605,0.1524129906659282,0.2964552016330065,0.01973117845686296,0.21966320811893258,0.21013647773708902,0.2711131043145378,0.10885773954417062,0.2198925956047248,0.4790282822803454,0.2414468566622296,0.2197755491198428,0.34841117113309894,-0.0875676662497835,0.23799541497692975,0.219080754456077,-0.13424606077352147,0.4736191348281956,0.35701824423304207,1.436202147146487,0.21613412407650223,0.16420922787038272,0.12370017724293103,0.29117198819279183,0.11408075430959001,0.34047862465019396,0.1619440483290799,0.13918326854223584,0.3458053786405815,0.022613287080336573,0.607449857386384,0.002575512500041399,0.1705113541756747,0.10833502164792208,0.17597808836979315,0.1684432655822435,0.18463558367302793,0.34944127302167266,0.07156104929988616,0.46826844582884336,0.001587339662122387,0.24180207926757352,-0.4365531103866439,-0.5890592938599686,-0.5279464532426729,0.23508118083156773,0.13438700138264326,0.19695551107060527,-0.047482538214521836,-0.20378532975498176,0.03207994745485759,-0.12871919339495672,0.23473444763698703,0.0010091186866534414
0.10923327231684815,0.33724602078149685,0.2559769339948514,0.3877371126587156,0.3542111820870928,0.3717629976101183,0.18562100195685552,0.3708863890751649,0.2849489100590679,0.18506706897406325,0.2418242562690028,0.22234499349134393,0.16280533854068432,0.2135385055981761,0.23325012596332947,0.1632868087096696,0.23332900231934925,0.3825509264263019,-0.1848367224398917,0.15629209953459886,0.15904836530607228,-0.0024218177784459506,0.01765503560873823,0.26921626763989676,0.21613412407650223,1.5656504493485193,0.21160048764103925,0.3429765598347128,0.11515240103341667,-0.29260017518066106,0.21590022282860313,0.23824858696068968,0.07595526370025335,0.23258898741286976,0.030515561271937323,0.358284372566775,-0.3902030047549935,0.10662848276466091,-0.8341059979539649,0.03641197987393753,0.5000941615029699,0.16301805184533436,0.46876560031477577,0.0015896259904898287,0.23751060625425774,-0.06904629651354602,0.02675124793888114,-0.05092569040384139,-0.5824068397475467,-0.21597213277763888,-0.27177453013267905,0.1594737180895942,0.16271511617541168,0.07054152271433889,-0.01109787867801947,-0.024401725944457685,-0.3287621204669618,0.5559040700249376,-0.16319023360359694
0.08964930264586961,0.1802563609282088,0.16107315927393054,0.23813042600331252,0.16776095445603445,0.19418372136425635,0.1562536859793827,0.17819757195952224,0.1254150429943569,0.11982540964244011,0.17142375311365943,0.21979038035857074,0.14591715171573386,0.1228265505929439,0.1394510106028673,0.24588281586994024,0.16996216403092892,0.1078451060557123,0.020271796889676758,0.26828887610285407,0.12602679456463656,0.11736331271904168,0.09197098517792797,0.09960107921839495,0.16420922787038272,0.21160048764103925,0.4926676831036341,0.14264652998982996,0.2004439819424067,0.026952117816203318,0.15675676549839562,0.1707063425074382,0.1275032635842558,0.17461182059868388,0.12752630537692405,0.23056786297345505,0.13280249129242344,0.1543459618762812,0.08805574968658103,0.1322982934132942,0.15065956120793877,0.13471796680255058,0.2504484231262608,0.025806871097902837,0.2119709299230463,0.18190609279452236,0.08830799829437264,-0.07198219672306554,-0.03129514850485121,-0.1325016457084485,-0.04856630628095498,0.06509579755825307,0.04788622646719332,0.017340563454502658,-0.06735382410619042,0.00595627416450143,-0.04146738829617263,0.23066938477487337,-0.14874276475347004
0.03068279069708841,0.30365869487625413,0.1653136256375561,0.1713931324571988,0.07172178566618409,0.19357623779550448,0.08160343614238819,0.0642334545986068,0.1332784049106887,0.058052873987489574,0.16354668467206862,-0.011413816677002937,0.037243770859588354,0.15637117588252508,0.33427080892100486,0.17404614546918573,0.4910208594701186,0.31240777399520536,0.12223515529447539,0.25458933870877687,0.2190531733941982,-0.08180021835037453,-0.3164065019510189,0.17203110658929435,0.12370017724293103,0.3429765598347128,0.14264652998982996,1.6758528548294231,-0.05767716549922171,0.009817392863581399,0.38985781064944747,0.13928843511993644,0.37295902532516984,-0.05117275738776875,-0.2187834101437943,0.8180401874321245,0.04957986924935789,0.12714521482783642,-0.07161392944931659,0.07055591765375761,0.3038193231089798,0.022902300676250955,0.6819789955174619,0.11202464643359938,0.5604525257670536,-0.503348658535431,0.12233650132619645,-0.5592946276405465,-0.7865810378262915,-0.6991816221696002,-0.1403121448216461,1.0031783077789882,-0.11343483950813914,-0.05386723183881967,0.09895599028305078,0.003965617433961143,-0.131778679797818,0.26869215299671295,0.17156791485581113
0.21520422640135356,0.37060204277726666,0.26656386259593307,0.28048853265595636,0.23475593309654091,0.39214807712331534,0.17541407433205936,0.250413287817082,0.10539528304298668,0.16666969705427953,0.23902733842455645,0.1881944908358822,0.24078747961241095,0.19274151611972964,0.30809013019726583,0.28133410048393503,0.15169958901137984,0.3159302269829772,0.059875640182608096,0.36934563005101145,0.3009964846847272,0.08024484998385158,0.381538226335882,0.36875375556147333,0.29117198819279183,0.11515240103341667,0.2004439819424067,-0.05767716549922171,2.230906092214896,0.26031935127940486,0.11419075491880616,0.17027397434348893,0.07179421414553722,0.38768995913084453,0.12660279162313207,0.35264156544808334,-0.09311513621634578,0.11320977724902805,0.25470228853808685,0.1703540673128542,0.16278816375761368,0.10610810791634735,0.5145403591475521,-0.04467797912266842,0.3847239225935675,0.1922714884328377,0.3248760602274688,-0.3369893649667691,0.17779332957795807,0.8974622359173424,-0.392936624132871,-0.11766201403371246,-0.4216493110866455,0.07379088548241958,-0.03903902267886091,-0.05246223815160115,-0.3618241365153762,0.48635873845014516,-0.102987118416862
-0.028257669477622347,-0.10439336369847803,-0.3003301371049742,-0.032280797844052356,-0.10360822320827415,-0.01878825211945236,-0.001417426777788239,0.024883149574519436,-0.006787550287775383,-0.016891059042603143,0.025371085600265016,-0.05823784274347366,0.05498274312465859,0.07827781815864805,0.1836840513422689,0.08439267093889821,0.043189646673998085,-0.04299611270767007,0.1435795987035121,0.24194837646614456,0.21755949348540973,-0.19559964815749126,0.32019397762757257,0.4543088785983389,0.11408075430959001,-0.29260017518066106,0.026952117816203318,0.009817392863581399,0.26031935127940486,2.190024576853634,0.19446105815026885,-0.03969504883715028,0.38441147780186646,-0.17979591879795334,0.38058491852541737,0.45172385765050577,0.789595418241941,0.2488267519656562,0.6112091964532487,0.15121098564304883,0.480710743718902,0.2216905864072955,0.9049040594751752,0.16208953151277664,0.5248733480775534,0.03279940263509009,0.8865761113175025,-0.15304306627724748,1.0710002506989973,0.7574271439254424,-0.3560454129454925,-0.6434631347553293,0.14035175044421683,-0.017514277257968048,0.3134081375261978,-0.10114096771758412,-0.042494643239237524,0.4206259561824658,-0.4720364661295323
0.12580984769339792,0.22169362916771024,0.22374240627901307,0.2251142707255422,0.17936136554223764,0.20210446385368733,0.13163587760319853,0.19829209508665283,0.12795463051254344,0.15360401213506744,0.1916819485010908,0.15117777193208073,0.11886546537615439,0.19965586783383327,0.30400007688977243,0.1373673929291434,0.2941836395711262,0.3480423673497731,0.018434312933553215,0.21032813496604866,0.3054433895050043,0.07646120715309498,0.2064294091809558,0.3518028104197256,0.34047862465019396,0.21590022282860313,0.15675676549839562,0.38985781064944747,0.11419075491880616,0.19446105815026885,0.8549069720417687,0.18083782774233725,0.24786759666297217,0.09411252544486007,-0.010354148666967307,0.9489055816360895,0.20711769856213555,0.20703609477531412,0.18761215120295816,0.12849586369247767,0.3389956442690911,0.1979266580441877,0.29143944030927804,0.047687800247423626,0.5247030365185986,-0.04822630562396419,0.28725076281442175,-0.6095509282393206,-0.7945869384081371,-0.06652756595604886,0.016249040326962172,0.12706249977801737,0.09714686480171529,-0.10865388705794318,-0.15680431987517338,0.06821143330273158,-0.013310476813246706,0.05167135818589886,0.025800422686169912
0.11747441594401581,0.10055657088490466,0.18112421977596094,0.32533311832543543,0.17170892859422246,0.18916311255560495,0.15437252958163578,0.17817950651446068,0.127002561515757,0.16991633153655947,0.16195571233558528,0.19740696175483918,0.15229580366203554,0.290656791947251,0.12113140905320198,0.219734669112929,0.1656431143247237,0.16039094519438815,0.032675390682501464,0.08235133247315464,0.11857843974168941,0.423674256882671,0.10401713442368662,0.11993236038012513,0.1619440483290799,0.23824858696068968,0.1707063425074382,0.13928843511993644,0.17027397434348893,-0.03969504883715028,0.18083782774233725,0.506732147423253,0.03239413076804061,0.21728404875206564,0.0584914420209184,0.292469453065015,-0.03638579978864903,0.06945272476655363,0.07789932967770273,0.09756944174212587,0.25325122982205267,0.067818202750652,0.016352743235881564,0.04451214036900573,0.11700525559284787,0.079568935593084,0.09828785217749494,-0.10562461167161587,0.11737760373577612,-0.10538262527228848,0.10623606186690268,6.661069593512341e-5,-0.06454429598526391,0.010805106877646603,-0.244088459884759,0.02801296650293729,0.17646105626141895,0.0716725932034232,-0.15011347874923708
0.037227175857597446,0.11942574522004426,0.03673470376556881,0.07669918922084971,0.06252757963235285,0.0807797702655227,0.08433229394434262,0.08558499216884902,0.15355248755764858,-0.007878196961549778,0.09004847849000279,0.05245038748511787,0.10974960368760092,0.07712274861517084,0.15538913240100596,0.05187746695084725,0.16708761622548288,0.15924447459646646,0.1975359827580416,0.16400711803138354,0.3566245920920131,-0.061340567175290385,0.25011133378733835,0.4040414548852245,0.13918326854223584,0.07595526370025335,0.1275032635842558,0.37295902532516984,0.07179421414553722,0.38441147780186646,0.24786759666297217,0.03239413076804061,1.5012017523068915,-0.056355115878724237,-0.14372981542975832,0.505154995489787,0.45628635992285915,0.14522278461273722,0.12095833064505704,0.1269915825411833,0.18923701694991654,0.19040717653522526,0.47532392026539527,0.12607187714126877,0.4579845043529797,-0.10061934307577723,0.3072136657656437,-0.38022337626539754,0.0797938138608189,0.5646813582156329,-0.03214959622684795,-0.20124294961768918,-0.19619179220191602,-0.15770449215885696,0.09694060112162428,-0.10380473440113423,-0.1609342719336582,0.22597686445915666,0.11489439540216559
