0.8655869374397887,0.18436962901543066,0.07282074594954417,-0.030112914530857755,0.14878695561389763,0.12049650828795704,0.19755433103954737,0.13496545713427338,0.12789839792399035,0.10076294874064086,0.1133439080077331,0.13909548219219742,0.057746966891726446,0.1723866684558522,0.12223176630901365,0.1392644668804614,0.112324525165057,0.09527107850841915,0.056546178709131846,0.1341592016662082,0.11317043416864998,0.07502215872293197,0.09938350423844386,0.10299645419980236,0.1056035464647013,0.13925443892320957,0.09820871767410326,0.07602909480291332,0.12359622101373004,0.03501085860711034,0.0935514782337133,0.14762220320857714,0.0953665010514944,0.10487501163240759,0.0583511788914459,0.06398603061701463,0.12887798732513733,0.07452636016076755,0.08667669167008397,0.06222267736981053,0.13560182202913426,0.13536724697263078,0.11258487882535285,0.013239813149671906,0.036024645281463284,0.11923247028781392,0.05316828749189482,0.0991834219050223,0.22795640282542787
0.18436962901543066,2.1611268652385265,0.9313333701233723,0.047973511713891054,0.26979426197395495,0.40962470772698056,0.15242095951223772,0.2769024030980598,0.28763946835166926,0.27694238866400406,0.24023045766422477,0.2591004997904107,0.12614110029203585,0.14167474602415778,0.30637677065483426,0.20738356948756861,0.24617392008625658,0.3142945774764081,0.07883334637522892,0.3570017846556127,0.4062862607715455,0.16824200119100138,0.14137952044766408,0.12033731770083392,0.24017332677674375,0.3203982580062656,0.1937536970111991,0.20202294577851726,0.3970286164833021,-0.19451385116922804,0.22391832575187653,0.14759616652390542,0.12321533197384947,0.30249343868895084,0.24223051175980884,0.22178273968229328,0.5111229859884852,0.22479448512525546,0.09586082287876345,0.08657488028330021,0.40286920292274,0.27921742695845797,0.20812946675369504,0.03728009983178272,0.21173044003146607,0.501702370851808,0.09308283110316147,0.20450998624065564,0.2079086497893385
0.07282074594954417,0.9313333701233723,2.5289604267327817,0.31453953274149693,0.35818491179430656,0.38234857309338066,0.19742164208314272,0.3442145379383681,0.5215584689727949,0.38799213494408435,0.31128162516015606,0.3836272828429539,0.20090071856241187,0.20047262406193508,0.44221838365655236,0.2794656419608552,0.39944882359476275,0.2886763998474269,0.27390010023469497,0.3509719516139268,0.3953172486882712,0.3393737326522612,0.17428373377532497,0.20509235500896458,0.2918727944833179,0.3935597968470359,0.25893175346904845,0.26699066365008267,0.44738907862562266,-0.6500280031336659,0.28150188106801394,0.20299179435202652,0.25679482686305133,0.6767053517573788,0.227319884772974,0.33116967341786135,0.5836592323162679,0.3247976218823805,0.0806848765472704,-0.15927149614788583,0.48880035154991425,0.3958759039050765,0.3565918656871096,0.11905912008490696,0.4547154453154416,0.7950959609266457,-0.16881442517089099,0.2857345337941194,-0.021638200338342607
-0.030112914530857755,0.047973511713891054,0.31453953274149693,2.085201720507435,0.62795074031384,0.32421764811998144,0.43199137593711284,0.2892355537307406,0.17609994906522947,0.46780270855201106,0.33216979682214165,0.4554726289706211,0.2361895953805954,0.5201804622883132,0.47886770863072947,0.4289681763573275,0.3031748811748403,0.35349156169103535,0.09586930307892996,0.3544180246530301,0.2781779570187702,0.20517508294902387,0.33924814163467687,0.4152294171022185,0.3996038877797298,0.37378509144066624,0.3021016168610039,0.2620689977136876,0.4241264507551955,0.11279939970037267,0.29568458058572944,0.4910535909412903,0.2586374086829071,0.4894841850841538,0.2813291129792496,0.3177676201499394,0.33294528767571396,0.2020319385896728,0.2219675466226895,0.16349205578860354,0.3409414734813099,0.35965975377923115,0.2302496192868027,0.03817724898134593,0.08351414059401585,0.4128643451087683,0.2500043868459841,0.1664247100398501,0.277266359201191
0.14878695561389763,0.26979426197395495,0.35818491179430656,0.62795074031384,2.213524735027151,0.22110682861490064,0.32468523305513136,0.3121588864928832,0.23977230300618618,0.3954738255706627,0.30451840653836565,0.3796704885241079,0.19550519767821042,0.3022183410256797,0.4827159873754109,0.3431212932728449,0.1948506463393701,0.22569807996507218,0.08961256438554464,0.26105380739648704,0.18545769133834542,0.17218011421593188,0.2091864831432618,0.22403219163937343,0.14124184781725052,0.34697152577915236,0.2120290866803509,0.16862839134587632,0.23168541069593007,-0.09510432724770215,0.20632723587521007,0.316228402907024,0.14231423581659178,0.1566786832868892,0.1895905985844715,0.20182133232521426,0.21444671258268244,0.18245574499843842,0.1498529945373365,0.13623715187046556,0.22239688281251174,0.2688224691982593,0.13968312803994118,0.022587480334301805,-0.02580436053896115,0.29685330925953674,0.05437855074755394,0.1987870231847163,0.37414556591715264
0.12049650828795704,0.40962470772698056,0.38234857309338066,0.32421764811998144,0.22110682861490064,1.0722480705234778,0.10364150578745954,0.44744195182388796,0.35580733249277574,0.26017755501092094,0.3632313635794613,0.3421818247265493,0.18299102878324297,0.3378449519870828,0.3308351262766372,0.3249874301961165,0.31087303383793324,0.3386550816801819,0.25578450210910947,0.39070245410828414,0.4019508330807888,0.3208028563793596,0.22124277254059552,0.2631300559877214,0.3500819500330471,0.38231500574901034,0.25765332924972245,0.21807819303274117,0.38912222159410126,0.0300439101094157,0.26654396983460393,0.3261150914614282,0.20686821376012857,0.4302808230502863,0.2170252860089818,0.19199965622409845,0.3766302391059495,0.2232964414907308,0.25796932162998526,0.1813976786097341,0.4401399045233556,0.33540460027401137,0.34000297623614667,0.04824121356275053,0.17125795820405776,0.39150837625969503,0.3379012740276913,0.3160377713404115,0.20903941626983036
0.19755433103954737,0.15242095951223772,0.19742164208314272,0.43199137593711284,0.32468523305513136,0.10364150578745954,0.6065793166073863,0.10698645297656804,0.21764535793196996,0.2226757473126332,0.2540042943351538,0.36077357103714447,0.14755100008028357,0.17338686892006816,0.20997335242909998,0.23391330502698293,0.19330052137490458,0.17692819018594938,0.07968986538883813,0.1772545706123565,0.21925383299781367,0.18190988254563234,0.13347089036576126,0.16150399427560902,0.16193787730653675,0.2652119374508298,0.1868562999165653,0.132613382176199,0.20560726998012024,-0.010225240137841136,0.16503226340139576,0.18929854219045544,0.14116684119493414,0.21031987250801157,0.12009453369623677,0.1632295554687363,0.1277926643358009,0.11071943365123768,0.13485439554491196,0.09560199358542493,0.17935573677673877,0.2166389007245265,0.11519040912566629,0.021163896154978924,0.023603729011027166,0.20660406774628481,-0.010747598209675756,0.08751019365288502,0.3482155131327246
0.13496545713427338,0.2769024030980598,0.3442145379383681,0.2892355537307406,0.3121588864928832,0.44744195182388796,0.10698645297656804,0.9155197750231338,0.10589598784074433,0.3345613238126068,0.3339445285353379,0.24332908932018274,0.18303040604469065,0.30417313879485525,0.32024123197222465,0.28998056324597604,0.30545650516018724,0.28547102270415853,0.21197323665919812,0.3558810581026781,0.22506340364421998,0.23918659503818623,0.16744812606799286,0.2012445318963103,0.2859653441483637,0.3582767535941777,0.23558903635099196,0.18961474217758012,0.32256680504345403,0.06718367631583057,0.2303851611537706,0.2573713902171593,0.15223102290276377,0.34816395103067194,0.2283584166126635,0.1658112728389699,0.3273815785580361,0.19167589264233,0.27748658510121854,0.1546263501430066,0.3178653163185122,0.3053390388180701,0.27089645058787126,0.049915280202845295,0.1458085168834568,0.3111046155052815,0.284803857575925,0.24507551726821827,0.21111623902707885
0.12789839792399035,0.28763946835166926,0.5215584689727949,0.17609994906522947,0.23977230300618618,0.35580733249277574,0.21764535793196996,0.10589598784074433,0.8532612407831947,0.10788432014480924,0.20553123483939245,0.2194290818157107,0.11302783813440956,0.21941380200995148,0.15241347327058305,0.22762915026586586,0.25466374259382285,0.18036197784941027,0.1770386482100556,0.20156427879332636,0.34191926481394275,0.1835506709969907,0.1243904524591877,0.19412843468221078,0.14173147642175682,0.3733396593000123,0.16933836741830563,0.2059065162400177,0.2216264278235194,-0.05893419903619184,0.19259555476034418,0.21402207150264105,0.19300753186749084,0.3327993780607436,0.1920633215784718,0.16287248204310062,0.2248473778813788,0.14833112196723294,0.143720429434789,0.08075387515075338,0.30324195173345325,0.24561125729937688,0.16818099872273945,0.0379332554992857,0.09111990020313958,0.2763483779555353,0.06348921014420926,0.17329586072110847,0.41499020265557707
0.10076294874064086,0.27694238866400406,0.38799213494408435,0.46780270855201106,0.3954738255706627,0.26017755501092094,0.2226757473126332,0.3345613238126068,0.10788432014480924,0.7004733170362656,0.2567391280349688,0.27168007880463285,0.19438752791529892,0.2571245735461348,0.37871406945254127,0.24781698106443895,0.2511779673239894,0.2667752832241165,0.17033498179260118,0.2338277058505052,0.18232564947046284,0.23707214775112437,0.26456074847132,0.2438885125252306,0.27959294480617275,0.2485489591596495,0.20298034363761555,0.20372401121689274,0.35708064264175565,0.03562140186907627,0.19968276380618874,0.25567655089326335,0.17421956431469982,0.3564341667496483,0.23770624115696248,0.189470893363317,0.27819751828008826,0.14895951138333738,0.1952892186591276,0.11261594981365221,0.2698469908818675,0.2502679864350216,0.20609681866882495,0.04379691817574956,0.10161205217241606,0.34288536400526426,0.1760770799480986,0.20606181491959064,0.17964201697090484
0.1133439080077331,0.24023045766422477,0.31128162516015606,0.33216979682214165,0.30451840653836565,0.3632313635794613,0.2540042943351538,0.3339445285353379,0.20553123483939245,0.2567391280349688,0.6309926057772575,0.33689459608336797,0.21330676329237963,0.21876802360272973,0.3206633370800806,0.27829369064332904,0.33188557013013903,0.28021319664220556,0.0930842680655127,0.37267150509917363,0.2878007394632872,0.23463851474831002,0.19975640640716052,0.1921101034785285,0.2280822065869267,0.36085753357289585,0.2552242741688625,0.24949033284179123,0.33035677469116426,-0.05078263308154112,0.23705090746711538,0.2225110198616914,0.15941822310177803,0.28005636433663994,0.31240095929205997,0.16414093164288085,0.2894569730581733,0.19560171743829127,0.2360654753561202,0.2065275089414153,0.31418835913986143,0.326230788563908,0.26825301592640155,0.038024109354829944,0.14948158868019443,0.3304919651713081,0.14753988132697413,0.2567507634559716,0.26645678554283486
0.13909548219219742,0.2591004997904107,0.3836272828429539,0.4554726289706211,0.3796704885241079,0.3421818247265493,0.36077357103714447,0.24332908932018274,0.2194290818157107,0.27168007880463285,0.33689459608336797,0.7105302698066298,0.17282903266579416,0.2576669624489091,0.34763386776724636,0.3344191600150289,0.26704861664997676,0.2489841216195597,0.1535081250670428,0.2864695975058449,0.2635482733843229,0.1817143993749764,0.15100013751847674,0.1854084132192578,0.22441894795129227,0.3788424009185313,0.2920438685232793,0.1523863712289744,0.23062576093003107,-0.08782177918660775,0.2367295822765139,0.2671438465918089,0.19350058346178906,0.3035442141166402,0.10606223931151104,0.19522572849135342,0.2351948249439296,0.17344296277089877,0.1764824061230064,0.10688991400409853,0.24693202337548378,0.3114145810288585,0.22610084216253007,0.03276657758437319,0.07649794922395774,0.2695419505557686,0.07387183351340494,0.18961652122001169,0.39351965988375576
0.057746966891726446,0.12614110029203585,0.20090071856241187,0.2361895953805954,0.19550519767821042,0.18299102878324297,0.14755100008028357,0.18303040604469065,0.11302783813440956,0.19438752791529892,0.21330676329237963,0.17282903266579416,0.45201111070835037,0.144067844030863,0.12244741577786936,0.1765560204447163,0.19168090795940362,0.18789663830771514,0.1849047452401563,0.14114233235785456,0.19008227052723237,0.32313544652915505,0.1607484879595867,0.16613067566875686,0.2017457400306977,0.1748457399275348,0.184444291147157,0.18504411382882802,0.32584921951064943,0.032673341788875696,0.1456028480441266,0.1598586770741439,0.13459991821686354,0.22712427125982682,0.24448489583089722,0.11729936024968618,0.1588783783807142,0.08957838034327531,0.1668452778057773,0.12483667568253978,0.21211770158803123,0.17806754604483824,0.23394156687411427,0.04986053805066209,0.08114574422536075,0.2605170195562134,0.11392976183257982,0.16108738958933097,0.14064913348481742
0.1723866684558522,0.14167474602415778,0.20047262406193508,0.5201804622883132,0.3022183410256797,0.3378449519870828,0.17338686892006816,0.30417313879485525,0.21941380200995148,0.2571245735461348,0.21876802360272973,0.2576669624489091,0.144067844030863,0.6499033905421329,0.3639191849626969,0.4153193777694452,0.289330231511959,0.20527290577952406,0.196887865426064,0.36700033606492777,0.20009302411461208,0.12702862305312265,0.226402957002757,0.36655481732870143,0.3832680256225385,0.279899179658363,0.25042019965520274,0.24777478776767717,0.3568273009668066,0.21403416269101197,0.25950721271679983,0.5389224964394418,0.24759627212016772,0.3121768083062054,0.2480297744792424,0.23246531336304482,0.3938067813818423,0.2058411374185199,0.20787782357900134,0.1466305503266472,0.36236581515800753,0.3446040053545429,0.26801391221020987,0.035650427874464145,0.12032011292738702,0.34251845668421327,0.2656740584157058,0.21711800470405718,0.3736379950153982
0.12223176630901365,0.30637677065483426,0.44221838365655236,0.47886770863072947,0.4827159873754109,0.3308351262766372,0.20997335242909998,0.32024123197222465,0.15241347327058305,0.37871406945254127,0.3206633370800806,0.34763386776724636,0.12244741577786936,0.3639191849626969,1.2832898369704335,0.3151166972524589,0.2538109742550745,0.3451167282593963,0.20828219381511587,0.40209048544102766,0.3197568980957222,0.05694192350734757,0.19035937084531962,0.2929848381220565,0.39627652196432817,0.32426934503390703,0.25766490379645507,0.273108671084414,0.36963055730500743,0.1907673322951998,0.3008273283479983,0.34142181347576944,0.24708837070552478,0.3584700971461043,0.27698178342758045,0.3226286888019689,0.40671409386183105,0.1955354675902968,0.21591816931742222,0.14254479211508106,0.426338486159564,0.312518996315304,0.18313799365965194,0.036294007247822536,0.12499252152032471,0.4655742226015828,0.2550991047348041,0.1955995353084969,0.17367641156300354
0.1392644668804614,0.20738356948756861,0.2794656419608552,0.4289681763573275,0.3431212932728449,0.3249874301961165,0.23391330502698293,0.28998056324597604,0.22762915026586586,0.24781698106443895,0.27829369064332904,0.3344191600150289,0.1765560204447163,0.4153193777694452,0.3151166972524589,0.8329742136010327,0.35622872473843037,0.24186249931331533,0.22197667097703516,0.3310149664104641,0.26417356634621547,0.17349201208560158,0.17221564531223632,0.2660015634934036,0.34429136795741244,0.29112326640890973,0.3163734868229584,0.27872200730573815,0.41858221786624433,0.07210204695599044,0.2517497611171618,0.3641132989683694,0.16252085430337668,0.2768382028010726,0.37884607468002596,0.21428618194348298,0.33735725633188696,0.17392769602519,0.23200019077714013,0.22304215012905207,0.36272002883269,0.4226942982510654,0.30886491889264267,0.026845795583755723,0.19790745347964614,0.3159681495332927,0.20704311368301073,0.22318961235223114,0.3386927877106233
0.112324525165057,0.24617392008625658,0.39944882359476275,0.3031748811748403,0.1948506463393701,0.31087303383793324,0.19330052137490458,0.30545650516018724,0.25466374259382285,0.2511779673239894,0.33188557013013903,0.26704861664997676,0.19168090795940362,0.289330231511959,0.2538109742550745,0.35622872473843037,0.8265826135241339,0.142328081864016,0.15146669013450448,0.5821977562412518,0.2386933813163366,0.21220775388015883,0.21982322962853143,0.308542297727812,0.36465222251927354,0.3129888882901746,0.30578842659018446,0.507246338226458,0.3268471554147812,0.02578509762239736,0.30187205144857043,0.2730225163793897,0.3908291171288091,0.3505819974548064,0.508369859111944,0.14881350355808126,0.6304521959615316,0.3107894557195075,0.26166038702896416,0.24412605084817302,0.4580596793680429,0.5860297965660202,0.4324776233158435,0.04755172194730727,0.381362360919259,0.43826985176998523,0.164764178119489,0.4195951423205747,0.39541271423403535
0.09527107850841915,0.3142945774764081,0.2886763998474269,0.35349156169103535,0.22569807996507218,0.3386550816801819,0.17692819018594938,0.28547102270415853,0.18036197784941027,0.2667752832241165,0.28021319664220556,0.2489841216195597,0.18789663830771514,0.20527290577952406,0.3451167282593963,0.24186249931331533,0.142328081864016,0.9783206130251962,0.1937902336275978,0.08313670995174838,0.43313540900645014,0.27123674162686323,0.53289905194352,0.21678865045664644,0.3888942951254678,0.2811631457401622,0.19435215893014862,0.2543355471079291,0.4420155672723355,0.04527212677262617,0.32030803624641185,0.19842542605081345,0.20910742697296442,0.35294338434566513,0.3103878485402969,0.3398223686302497,0.40253826287334155,0.07722370270443828,0.20249000451790652,0.2160422054479884,0.4048742438384901,0.16987319186216002,0.13463456954899486,0.020251299187520062,-0.008175535341978695,0.47788391831045035,0.49455654934905363,0.172681074017437,-0.10749738782174464
0.056546178709131846,0.07883334637522892,0.27390010023469497,0.09586930307892996,0.08961256438554464,0.25578450210910947,0.07968986538883813,0.21197323665919812,0.1770386482100556,0.17033498179260118,0.0930842680655127,0.1535081250670428,0.1849047452401563,0.196887865426064,0.20828219381511587,0.22197667097703516,0.15146669013450448,0.1937902336275978,0.9978708754081795,0.005188366907305319,0.2746650452604955,0.27454401750051133,-0.09043632436559203,0.1732107614715882,0.2910821671667816,-0.0006486678370056986,0.12644303769978876,0.19389939020206853,0.23025382590329713,0.24454494792490725,0.22668008234974296,0.19343291942945065,0.26906147992305507,0.19167158062317677,0.12526493733481067,0.16792892077574686,0.3245876386563258,0.09353918076301113,0.25939854798471246,0.04267412345632003,0.3450196461871825,0.12301629596831093,0.19475211105952955,0.05025169213141543,0.2575847123376262,0.31432164628152226,0.18106357851188626,0.2852380583285029,-0.2697991834576056
0.1341592016662082,0.3570017846556127,0.3509719516139268,0.3544180246530301,0.26105380739648704,0.39070245410828414,0.1772545706123565,0.3558810581026781,0.20156427879332636,0.2338277058505052,0.37267150509917363,0.2864695975058449,0.14114233235785456,0.36700033606492777,0.40209048544102766,0.3310149664104641,0.5821977562412518,0.08313670995174838,0.005188366907305319,1.3040970443486257,0.02388725185344964,0.0337546404458069,0.212791753238387,0.43563319389239835,0.405087472025068,0.3819202231918993,0.414179238002547,0.4210416456367648,0.3650668450029216,0.25113600177671735,0.3742376363522902,0.40470907519748067,0.42799807839951115,0.4753990903063905,0.35815626190073435,0.14528112681182465,0.9477441014494324,0.5756130067995614,0.323202965720949,0.292173146091645,0.49049092325598376,0.6666911841087861,0.5779772513921072,0.04882019064584915,0.39761147720988,0.570741323470568,0.18161699263988754,0.7236811717347044,0.8867433579449902
0.11317043416864998,0.4062862607715455,0.3953172486882712,0.2781779570187702,0.18545769133834542,0.4019508330807888,0.21925383299781367,0.22506340364421998,0.34191926481394275,0.18232564947046284,0.2878007394632872,0.2635482733843229,0.19008227052723237,0.20009302411461208,0.3197568980957222,0.26417356634621547,0.2386933813163366,0.43313540900645014,0.2746650452604955,0.02388725185344964,1.1063800707672047,0.2512464425073186,0.18939853473882257,0.04729583744505217,0.233876506904221,0.31774405021089724,0.1436735758263244,0.25243269309346844,0.3693220560337829,-0.09296322061693404,0.24112368517986532,0.14102068957704983,0.03805082104093573,0.22006572683248043,0.4352324941318721,0.29916736562750385,0.1141919736784367,0.07554252797551034,0.19553804046405449,0.26420234555442884,0.6134532755347496,0.2110068495848357,0.05806051362689446,0.04247211049748312,0.048339127185263085,0.41075590840242027,0.19459741683031867,0.08007279583843639,0.08908904274494375
0.07502215872293197,0.16824200119100138,0.3393737326522612,0.20517508294902387,0.17218011421593188,0.3208028563793596,0.18190988254563234,0.23918659503818623,0.1835506709969907,0.23707214775112437,0.23463851474831002,0.1817143993749764,0.32313544652915505,0.12702862305312265,0.05694192350734757,0.17349201208560158,0.21220775388015883,0.27123674162686323,0.27454401750051133,0.0337546404458069,0.2512464425073186,1.8801328532076775,0.3823004157506208,0.13193757513791757,0.06521609930527772,0.20949464302858145,0.20904064213950146,0.1736234877396325,0.34119285851006975,-0.17837843351964933,0.09158839112050246,0.18007305272464466,0.1619460611687556,0.45508361352146537,0.23184827939286418,-0.2411055426628438,0.1297823074746127,0.10309467633799055,0.23283414742043368,0.09716159065555516,0.17705972608851395,0.17634713829338236,0.8367241712537236,0.09532269351889693,0.3821706211111005,0.1655872025728149,0.06421276444951438,0.5057952044190094,0.13195874382426723
0.09938350423844386,0.14137952044766408,0.17428373377532497,0.33924814163467687,0.2091864831432618,0.22124277254059552,0.13347089036576126,0.16744812606799286,0.1243904524591877,0.26456074847132,0.19975640640716052,0.15100013751847674,0.1607484879595867,0.226402957002757,0.19035937084531962,0.17221564531223632,0.21982322962853143,0.53289905194352,-0.09043632436559203,0.212791753238387,0.18939853473882257,0.3823004157506208,1.7344295482943297,0.5352575867811247,0.4563681040157322,0.091198149514041,0.14146636366288812,0.338328489429634,0.433845603009654,0.1856423681358317,0.13412428242632565,0.22306847837435462,0.5770469816436319,0.6652879914174633,0.18589094024135944,-0.013494928983797446,0.6173265497050553,0.054588022002443316,0.3898317144732959,0.24772859804242184,0.3263626200692075,0.24305721663943963,0.3999817772715752,0.07288052144015605,0.018554540330740374,0.5719395703007049,0.40283250387974545,0.8691453133417074,0.4160179930140497
0.10299645419980236,0.12033731770083392,0.20509235500896458,0.4152294171022185,0.22403219163937343,0.2631300559877214,0.16150399427560902,0.2012445318963103,0.19412843468221078,0.2438885125252306,0.1921101034785285,0.1854084132192578,0.16613067566875686,0.36655481732870143,0.2929848381220565,0.2660015634934036,0.308542297727812,0.21678865045664644,0.1732107614715882,0.43563319389239835,0.04729583744505217,0.13193757513791757,0.5352575867811247,0.9865586092362433,0.3711203244234081,0.12589586793102572,0.22890176115312866,0.3896011367013964,0.3507910929554013,0.5500223157386188,0.36463049798136504,0.48005908661685265,0.6855307905923824,0.5203684707027632,0.14629293397826545,0.45983159576649946,0.6057156242910975,0.2420723881457524,0.28518632633249485,0.11078612931492836,0.4332014557928478,0.3270983313697502,0.18495562422745676,0.04475022031150688,0.050886977816710546,0.5080157546485834,0.38553188903906344,0.16218047675953248,0.4649855467912357
0.1056035464647013,0.24017332677674375,0.2918727944833179,0.3996038877797298,0.14124184781725052,0.3500819500330471,0.16193787730653675,0.2859653441483637,0.14173147642175682,0.27959294480617275,0.2280822065869267,0.22441894795129227,0.2017457400306977,0.3832680256225385,0.39627652196432817,0.34429136795741244,0.36465222251927354,0.3888942951254678,0.2910821671667816,0.405087472025068,0.233876506904221,0.06521609930527772,0.4563681040157322,0.3711203244234081,1.6416257722438992,0.18422154751296366,0.2786158237048034,0.32560245035565033,0.9800553219301258,0.4063084861634531,0.3425572975766163,0.382858722257322,0.27532469430566603,0.614284506496793,0.42199868167216253,0.36236654640733906,0.4963061670578033,0.2537913066734674,0.3575088400489555,0.17744636795910332,0.3610394775190906,0.36050528493875933,0.2506343162638337,0.10025665273908638,0.3516913905429375,0.6244281853746858,0.46472371620643776,-0.046802930009858267,-0.3592201372032817
0.13925443892320957,0.3203982580062656,0.3935597968470359,0.37378509144066624,0.34697152577915236,0.38231500574901034,0.2652119374508298,0.3582767535941777,0.3733396593000123,0.2485489591596495,0.36085753357289585,0.3788424009185313,0.1748457399275348,0.279899179658363,0.32426934503390703,0.29112326640890973,0.3129888882901746,0.2811631457401622,-0.0006486678370056986,0.3819202231918993,0.31774405021089724,0.20949464302858145,0.091198149514041,0.12589586793102572,0.18422154751296366,1.3631864687091073,0.24094762013223667,0.20699879860341447,0.05944618121511497,-0.16397663416032912,0.21611898994877826,0.2475164445913772,0.14274681653608892,0.3998765229420288,0.25596959637470174,-0.016556902408202408,0.24839537376991447,0.23278211304939392,-0.275970431666298,0.10034727047126989,0.23057384327073738,0.4046411450524965,0.3523496364969042,-0.033481645578568586,-0.03714995117072971,0.24067428022981138,0.06507372766882895,0.45227067440044116,0.7460704000284474
0.09820871767410326,0.1937536970111991,0.25893175346904845,0.3021016168610039,0.2120290866803509,0.25765332924972245,0.1868562999165653,0.23558903635099196,0.16933836741830563,0.20298034363761555,0.2552242741688625,0.2920438685232793,0.184444291147157,0.25042019965520274,0.25766490379645507,0.3163734868229584,0.30578842659018446,0.19435215893014862,0.12644303769978876,0.414179238002547,0.1436735758263244,0.20904064213950146,0.14146636366288812,0.22890176115312866,0.2786158237048034,0.24094762013223667,0.5803293957829335,0.24626220985730332,0.2910595411177335,0.07639803505765955,0.25540207715621327,0.32915313801163987,0.24495722915358917,0.29079539388078296,0.22851037853021955,0.2545940641948647,0.3514781165057274,0.21490376592049684,0.19825879128968232,0.14850143239890592,0.2647095469059367,0.33536889991995233,0.4366350511248475,0.051289765709030516,0.20751286988229506,0.26636867376497536,0.13404523362183923,0.19541403909847652,0.40572436840171283
0.07602909480291332,0.20202294577851726,0.26699066365008267,0.2620689977136876,0.16862839134587632,0.21807819303274117,0.132613382176199,0.18961474217758012,0.2059065162400177,0.20372401121689274,0.24949033284179123,0.1523863712289744,0.18504411382882802,0.24777478776767717,0.273108671084414,0.27872200730573815,0.507246338226458,0.2543355471079291,0.19389939020206853,0.4210416456367648,0.25243269309346844,0.1736234877396325,0.338328489429634,0.3896011367013964,0.32560245035565033,0.20699879860341447,0.24626220985730332,1.062026361514555,0.1639365550561281,0.2465731305433805,0.3480552502116679,0.19389713234930167,0.6463117050187819,0.3077904595761002,1.0800212057980456,0.23543749830010843,0.835408261827122,0.23302772877543945,0.23038616838609782,0.3943189353859318,0.537003260527448,0.2755053182308356,0.39582599141772457,0.0673378505699201,0.4590143872111658,0.5409969070585366,0.3108285195488012,0.48469078021449685,0.037880255939650914
0.12359622101373004,0.3970286164833021,0.44738907862562266,0.4241264507551955,0.23168541069593007,0.38912222159410126,0.20560726998012024,0.32256680504345403,0.2216264278235194,0.35708064264175565,0.33035677469116426,0.23062576093003107,0.32584921951064943,0.3568273009668066,0.36963055730500743,0.41858221786624433,0.3268471554147812,0.4420155672723355,0.23025382590329713,0.3650668450029216,0.3693220560337829,0.34119285851006975,0.433845603009654,0.3507910929554013,0.9800553219301258,0.05944618121511497,0.2910595411177335,0.1639365550561281,2.461276795574703,-0.009538421710045139,0.1356248298850429,0.4550638741762558,-0.0031184815866997563,0.6184940488489048,0.42222081782236076,0.3483951827968527,-0.2481811425630432,0.11329861189979683,0.49279593104148955,0.28793828258322945,0.4741608666825514,0.34630965445784473,0.20606813308254873,0.012661552829951125,0.15697524063108415,0.6197007808472708,0.26920933702560357,-0.1438425812390006,0.62932163660082
0.03501085860711034,-0.19451385116922804,-0.6500280031336659,0.11279939970037267,-0.09510432724770215,0.0300439101094157,-0.010225240137841136,0.06718367631583057,-0.05893419903619184,0.03562140186907627,-0.05078263308154112,-0.08782177918660775,0.032673341788875696,0.21403416269101197,0.1907673322951998,0.07210204695599044,0.02578509762239736,0.04527212677262617,0.24454494792490725,0.25113600177671735,-0.09296322061693404,-0.17837843351964933,0.1856423681358317,0.5500223157386188,0.4063084861634531,-0.16397663416032912,0.07639803505765955,0.2465731305433805,-0.009538421710045139,2.684324669564447,0.398955485659786,0.2814998218454292,0.5062308952674536,-0.09955581063428075,0.022285906232108563,0.6863163030004392,0.6420849627610647,0.14995798845296282,0.4376549875546501,0.02952891343066376,0.4410376222653889,0.015498270567431756,-0.03695938435138908,0.10816138435473506,0.0401843091066002,0.2890339452224099,1.164020173533003,-0.4556192700951941,-0.6580531859641129
0.0935514782337133,0.22391832575187653,0.28150188106801394,0.29568458058572944,0.20632723587521007,0.26654396983460393,0.16503226340139576,0.2303851611537706,0.19259555476034418,0.19968276380618874,0.23705090746711538,0.2367295822765139,0.1456028480441266,0.25950721271679983,0.3008273283479983,0.2517497611171618,0.30187205144857043,0.32030803624641185,0.22668008234974296,0.3742376363522902,0.24112368517986532,0.09158839112050246,0.13412428242632565,0.36463049798136504,0.3425572975766163,0.21611898994877826,0.25540207715621327,0.3480552502116679,0.1356248298850429,0.398955485659786,0.9542059066513624,0.3132951063834054,0.3560748625469864,0.23243209167354958,0.3079549026605663,0.8070444428322103,0.7244729572125904,0.2990372427882212,0.2566168957953009,0.18392376586058112,0.5995964122955328,0.3121282729477278,-0.015659245900080904,0.060868546682887666,0.15327172271642803,0.6389170093813775,0.3775065515571307,-0.016127709248602847,-0.3145799300202637
0.14762220320857714,0.14759616652390542,0.20299179435202652,0.4910535909412903,0.316228402907024,0.3261150914614282,0.18929854219045544,0.2573713902171593,0.21402207150264105,0.25567655089326335,0.2225110198616914,0.2671438465918089,0.1598586770741439,0.5389224964394418,0.34142181347576944,0.3641132989683694,0.2730225163793897,0.19842542605081345,0.19343291942945065,0.40470907519748067,0.14102068957704983,0.18007305272464466,0.22306847837435462,0.48005908661685265,0.382858722257322,0.2475164445913772,0.32915313801163987,0.19389713234930167,0.4550638741762558,0.2814998218454292,0.3132951063834054,1.088942544618286,0.2514912275905742,0.325269704924778,0.14295171662129763,0.3937977721528114,0.33200737455407925,0.24078321947779585,0.23922405386875129,0.1089228352661708,0.3145095548782152,0.3855039460120113,0.19445511420177974,0.030902348538026432,0.09670761699740714,0.3806802313367501,0.2668508400977349,0.10160529500969025,0.20887490990812665
0.0953665010514944,0.12321533197384947,0.25679482686305133,0.2586374086829071,0.14231423581659178,0.20686821376012857,0.14116684119493414,0.15223102290276377,0.19300753186749084,0.17421956431469982,0.15941822310177803,0.19350058346178906,0.13459991821686354,0.24759627212016772,0.24708837070552478,0.16252085430337668,0.3908291171288091,0.20910742697296442,0.26906147992305507,0.42799807839951115,0.03805082104093573,0.1619460611687556,0.5770469816436319,0.6855307905923824,0.27532469430566603,0.14274681653608892,0.24495722915358917,0.6463117050187819,-0.0031184815866997563,0.5062308952674536,0.3560748625469864,0.2514912275905742,2.064477013355707,0.40148324748042963,-0.6005679269153523,0.10835571761385364,0.9095508268302973,0.276708654071147,0.14096868533274237,-0.1462319331312122,0.5045530062778217,0.3632375580276022,0.4701907503196852,0.023105178453939074,0.07519524379857934,0.46182833584066896,0.3465402121381277,0.27876438202403847,0.7025109153744713
0.10487501163240759,0.30249343868895084,0.6767053517573788,0.4894841850841538,0.1566786832868892,0.4302808230502863,0.21031987250801157,0.34816395103067194,0.3327993780607436,0.3564341667496483,0.28005636433663994,0.3035442141166402,0.22712427125982682,0.3121768083062054,0.3584700971461043,0.2768382028010726,0.3505819974548064,0.35294338434566513,0.19167158062317677,0.4753990903063905,0.22006572683248043,0.45508361352146537,0.6652879914174633,0.5203684707027632,0.614284506496793,0.3998765229420288,0.29079539388078296,0.3077904595761002,0.6184940488489048,-0.09955581063428075,0.23243209167354958,0.325269704924778,0.40148324748042963,2.659213289502831,0.364459389352651,-0.08526763481209637,0.60036809572238,0.26577665912629345,0.33032998132674574,-0.04620493589066878,0.25135474559520393,0.33046847621296094,0.6842905997007204,0.14828431111980303,0.6712654081709245,0.5082050402572464,0.34548778213209985,0.6965742916837102,0.47741588257366235
0.0583511788914459,0.24223051175980884,0.227319884772974,0.2813291129792496,0.1895905985844715,0.2170252860089818,0.12009453369623677,0.2283584166126635,0.1920633215784718,0.23770624115696248,0.31240095929205997,0.10606223931151104,0.24448489583089722,0.2480297744792424,0.27698178342758045,0.37884607468002596,0.508369859111944,0.3103878485402969,0.12526493733481067,0.35815626190073435,0.4352324941318721,0.23184827939286418,0.18589094024135944,0.14629293397826545,0.42199868167216253,0.25596959637470174,0.22851037853021955,1.0800212057980456,0.42222081782236076,0.022285906232108563,0.3079549026605663,0.14295171662129763,-0.6005679269153523,0.364459389352651,2.8823006871815475,0.19176211764876075,0.6030873485841096,0.137641059221629,0.3067682544251578,0.9293238551661019,0.511721086399318,0.20971738730426578,0.4076709225712167,0.11725727976171009,0.8678780038656351,0.5683038846085124,0.2952913914603012,0.7358930420720681,-0.6412813925734969
0.06398603061701463,0.22178273968229328,0.33116967341786135,0.3177676201499394,0.20182133232521426,0.19199965622409845,0.1632295554687363,0.1658112728389699,0.16287248204310062,0.189470893363317,0.16414093164288085,0.19522572849135342,0.11729936024968618,0.23246531336304482,0.3226286888019689,0.21428618194348298,0.14881350355808126,0.3398223686302497,0.16792892077574686,0.14528112681182465,0.29916736562750385,-0.2411055426628438,-0.013494928983797446,0.45983159576649946,0.36236654640733906,-0.016556902408202408,0.2545940641948647,0.23543749830010843,0.3483951827968527,0.6863163030004392,0.8070444428322103,0.3937977721528114,0.10835571761385364,-0.08526763481209637,0.19176211764876075,3.717683875518823,0.25411391305283504,0.18626386829529865,0.30719385767732343,0.3285314245998534,0.8319073327787161,0.13045277569470554,-1.7085388597111815,-0.03679785251094687,-0.903117180391073,1.2182358496627417,0.5051283540411327,-1.8610679542492108,-1.077752986022753
0.12887798732513733,0.5111229859884852,0.5836592323162679,0.33294528767571396,0.21444671258268244,0.3766302391059495,0.1277926643358009,0.3273815785580361,0.2248473778813788,0.27819751828008826,0.2894569730581733,0.2351948249439296,0.1588783783807142,0.3938067813818423,0.40671409386183105,0.33735725633188696,0.6304521959615316,0.40253826287334155,0.3245876386563258,0.9477441014494324,0.1141919736784367,0.1297823074746127,0.6173265497050553,0.6057156242910975,0.4963061670578033,0.24839537376991447,0.3514781165057274,0.835408261827122,-0.2481811425630432,0.6420849627610647,0.7244729572125904,0.33200737455407925,0.9095508268302973,0.60036809572238,0.6030873485841096,0.25411391305283504,3.766575867579099,0.6068286395819285,0.09240207233644043,0.2212025071768983,0.8197347337388429,0.582261350418621,0.7000682433295824,0.0196835709684667,1.139824296713005,1.4148947505688927,0.7311775620287602,1.156237899108053,0.18930151216876168
0.07452636016076755,0.22479448512525546,0.3247976218823805,0.2020319385896728,0.18245574499843842,0.2232964414907308,0.11071943365123768,0.19167589264233,0.14833112196723294,0.14895951138333738,0.19560171743829127,0.17344296277089877,0.08957838034327531,0.2058411374185199,0.1955354675902968,0.17392769602519,0.3107894557195075,0.07722370270443828,0.09353918076301113,0.5756130067995614,0.07554252797551034,0.10309467633799055,0.054588022002443316,0.2420723881457524,0.2537913066734674,0.23278211304939392,0.21490376592049684,0.23302772877543945,0.11329861189979683,0.14995798845296282,0.2990372427882212,0.24078321947779585,0.276708654071147,0.26577665912629345,0.137641059221629,0.18626386829529865,0.6068286395819285,0.879390990610441,0.1090180337309385,0.12056019234663291,0.26832647025091294,0.35861420723211757,0.36570240958934525,0.09785645750738144,0.046180663645831184,0.485926920643087,0.12390190284272432,0.24556568785574842,0.4162439862342069
0.08667669167008397,0.09586082287876345,0.0806848765472704,0.2219675466226895,0.1498529945373365,0.25796932162998526,0.13485439554491196,0.27748658510121854,0.143720429434789,0.1952892186591276,0.2360654753561202,0.1764824061230064,0.1668452778057773,0.20787782357900134,0.21591816931742222,0.23200019077714013,0.26166038702896416,0.20249000451790652,0.25939854798471246,0.323202965720949,0.19553804046405449,0.23283414742043368,0.3898317144732959,0.28518632633249485,0.3575088400489555,-0.275970431666298,0.19825879128968232,0.23038616838609782,0.49279593104148955,0.4376549875546501,0.2566168957953009,0.23922405386875129,0.14096868533274237,0.33032998132674574,0.3067682544251578,0.30719385767732343,0.09240207233644043,0.1090180337309385,1.3561747541127127,0.3807795284500049,0.30340945571679956,0.20881888524075315,0.14451950857018067,0.19698324938572662,0.43848378351575384,0.18612410678717012,0.30839122551103804,-0.07996657599862184,0.08024251386178659
0.06222267736981053,0.08657488028330021,-0.15927149614788583,0.16349205578860354,0.13623715187046556,0.1813976786097341,0.09560199358542493,0.1546263501430066,0.08075387515075338,0.11261594981365221,0.2065275089414153,0.10688991400409853,0.12483667568253978,0.1466305503266472,0.14254479211508106,0.22304215012905207,0.24412605084817302,0.2160422054479884,0.04267412345632003,0.292173146091645,0.26420234555442884,0.09716159065555516,0.24772859804242184,0.11078612931492836,0.17744636795910332,0.10034727047126989,0.14850143239890592,0.3943189353859318,0.28793828258322945,0.02952891343066376,0.18392376586058112,0.1089228352661708,-0.1462319331312122,-0.04620493589066878,0.9293238551661019,0.3285314245998534,0.2212025071768983,0.12056019234663291,0.3807795284500049,1.2421097528870197,0.34544729425587145,0.1417364562636482,0.13675132271595722,-0.10760352727863359,0.34328694699283313,0.5583088042482794,0.15993682316958138,0.4191421313175433,-0.062391630804976166
0.13560182202913426,0.40286920292274,0.48880035154991425,0.3409414734813099,0.22239688281251174,0.4401399045233556,0.17935573677673877,0.3178653163185122,0.30324195173345325,0.2698469908818675,0.31418835913986143,0.24693202337548378,0.21211770158803123,0.36236581515800753,0.426338486159564,0.36272002883269,0.4580596793680429,0.4048742438384901,0.3450196461871825,0.49049092325598376,0.6134532755347496,0.17705972608851395,0.3263626200692075,0.4332014557928478,0.3610394775190906,0.23057384327073738,0.2647095469059367,0.537003260527448,0.4741608666825514,0.4410376222653889,0.5995964122955328,0.3145095548782152,0.5045530062778217,0.25135474559520393,0.511721086399318,0.8319073327787161,0.8197347337388429,0.26832647025091294,0.30340945571679956,0.34544729425587145,2.9378068299375846,0.48560169852383,0.249587515588848,0.09931853607177328,-0.2706071689147457,1.4604736764050272,0.4763668940317194,0.46524458258971835,0.9561900290102672
