1.0837751494390666,0.17963119781719597,0.4299951119604001,0.11393205641666496,0.31626372119044904,0.15969002813788954,0.3464749484500628,0.2800470447710975,0.21549335063607103,0.2347325308291567,0.2059785376443253,0.19599960119473014,0.2197938529290827,0.26181283724440396,0.18993113348771065,0.21361345583593616,0.21815399064204213,0.19420535900480815,0.18849648826612836,0.14845373382703314,0.1631292540862087,0.2815829724801713,0.15738828825884477,0.12388395330436883,0.20937790005488868,0.23576481307135527,0.15540348868924353,-0.03373922174095898,0.2806235723634035,0.07789378595358955,0.14968337030361437,0.1820983855695201,0.1626890066567393,0.09878652054571034,0.11242931873104403,0.1395358568364829,0.23400103389522567,0.13876925818023775,0.16506853062386248,0.034705691760102096,0.12438451583015855,0.15624028015269995,0.1870366473374643,0.02793673662278025,0.0332909117098296,0.22823418502193293,0.12610577484172636,-0.09719965067570112,0.2564041004647607,0.13162781009107025,-0.007281282396619333,-0.05858826287010728,-0.0038502665511708258,-0.06128058069192803,0.3763245262105756,0.021919285834806353,-0.005189808428573899,-0.39557484884251815,0.12936317587664262
0.17963119781719597,1.7515640570623212,0.6145494712771659,-0.03402045391594463,-0.07483427583641651,0.44555323475648395,0.025588675361064857,0.2625612461953214,0.2517442388450023,0.15580999957406833,0.20462421351388504,0.2145521701313285,0.1754541225622615,0.18702468879837336,0.21763189622080337,0.13374305641138529,0.18513834568797838,0.38759500844129413,0.16597230634204618,0.4124939027588278,0.24062385547213005,0.14954533928557678,0.1334016419343845,0.21005471231079104,0.17769684521623028,0.14102153779796592,0.19994202519941764,0.28653984467219484,0.2652602951747836,0.14637490634082195,0.20481581596424125,0.1831644658658442,0.18488404958790067,0.246031103651611,0.14691003995355137,0.3027457871901433,0.386679911306901,0.22445644102953352,0.19521811775096753,0.10368043806152019,0.19155486287965812,0.24020959783893076,0.10300113862036951,0.0565875717817172,0.15528646953416086,0.27386829129835033,0.2971717429869257,-0.01831119697197083,0.06361817872922108,-0.12595850872224534,0.2862533856397883,0.10189915475355402,-0.09528443240130703,-0.11315962007089968,-0.40533399671336606,-0.12345960727216482,-0.04889334838674636,0.47325392670822897,-0.11378032262753367
0.4299951119604001,0.6145494712771659,2.109083806973865,0.17492508877295165,-0.06147531424997265,0.42858295106609196,0.1333474446350483,0.31843778772689507,0.5101273192393577,0.37172363586824675,0.3319098828484869,0.44486505854968433,0.29325437570505825,0.3545618274310129,0.445697772350651,0.25187291005290285,0.2729076616615038,0.3968428287986586,0.36044618259377786,0.3689041390981034,0.2887040658244977,0.3621761113208004,0.1888522170869504,0.3691932844548678,0.35846325813805013,0.4341582406781126,0.27586626639066597,0.31332569130307736,0.6782595992457848,0.03803533540607433,0.36758398950445254,0.3794540581006858,0.31587781964475276,0.3770931681440376,0.2240462645095087,0.5869014127326859,0.4654212479579049,0.2956285498056414,0.2592127305135647,-0.05814957729415683,0.24060510035963328,0.32818434856761614,0.06814980587017612,0.04773996854083736,0.22991922459952893,0.6506851496164252,0.2763567229614853,-0.3400368974601115,0.10761978636853754,-0.15022662958583294,0.22617116521479227,0.26885207726478205,-0.11335338135132816,-0.2058425771558471,0.30317002172280977,0.09389916756275017,0.10332986304348667,-0.26940682624095924,-0.34658916237106546
0.11393205641666496,-0.03402045391594463,0.17492508877295165,1.5038762233095957,0.6641793712885279,0.3233093287075414,0.49299971296387607,0.47022152090102215,0.22053456181705788,0.4086456263346526,0.37365813097599954,0.36328182508342427,0.42852956574475326,0.40925292245071876,0.37306057204539894,0.39623825754609715,0.3851630602491988,0.4499007414763344,0.2870639412909787,0.32272196582903695,0.34345189341341836,0.3143381805672799,0.44011975959316696,0.4191914751375334,0.40541727097300023,0.34084336168065776,0.2823140199052127,-0.01273900989331513,0.5145314371339446,0.23202320029753218,0.34790351592392343,0.3486395124384538,0.36279202404336663,0.4109705491200292,0.2876257943424136,0.4603407587376144,0.5023228661517724,0.22922986818699556,0.40804252688902376,0.2037679822998018,0.17650952582837728,0.3541934321886121,0.14344835877648418,0.0874237893617562,0.06400967762610044,0.490651118732332,0.3330740731228656,-0.17344038833081044,0.34734558286905054,0.42188616247087013,-0.16534891725898263,-0.017203571811288444,-0.057471375730805616,-0.1471889394031628,0.15239910282191294,-0.11427963423509273,-0.07805970448960912,-0.11364498307971199,0.0556708172614579
0.31626372119044904,-0.07483427583641651,-0.06147531424997265,0.6641793712885279,1.7242536583240498,0.170664468189451,0.4760718519543116,0.43717432032447134,0.18363697148433986,0.36306025166901673,0.3134644806604725,0.2657601464797296,0.39550015152979995,0.26017988363574934,0.30384362358925326,0.3263341872739275,0.3364022775040751,0.27049215400376075,0.48574394988776526,0.10310906343088382,0.3014372353498245,0.3601653759569223,0.26967251394006125,0.2514543731168036,0.28947897336816714,0.3256935494745286,0.18796268444362832,-0.04495988577169354,0.4153514066735976,0.08435046351440376,0.245221020984516,0.31475778204999627,0.2544062371332132,0.3567862812844459,0.2755857045329994,0.33209400222617613,0.31753970250049385,0.12011541718972878,0.3577599381539117,0.21226057070266563,0.05529498855278421,0.29032643602504865,0.10997439861859787,0.037874479891731205,0.04269733446433941,0.34017307196098895,0.14181254916124258,-0.12060379451494316,0.32606470763625084,0.573790946281535,-0.3503474798484622,-0.27357147034521856,0.03654651067726327,-0.004479897650925948,0.19417420460772955,-0.15037413634917737,-0.012960703505661095,-0.23234628136435953,0.20232626849459878
0.15969002813788954,0.44555323475648395,0.42858295106609196,0.3233093287075414,0.170664468189451,0.9200320079614202,0.09231548922317354,0.4714194742467385,0.3948786258425018,0.2527164752971119,0.3442759678429459,0.37581054160100485,0.3355492777970051,0.3297393196454816,0.3073534325600076,0.3361107176509894,0.38143198219147756,0.4507535489701534,0.5133662151594528,0.55502718493461,0.340400564710466,0.47580764403803616,0.24771974515671255,0.38645940179874516,0.38637977041677024,0.36706833368366315,0.36514057724820675,0.23937417354667503,0.5211689217990381,0.18474388780698545,0.3639151349573894,0.45107360040590627,0.2408670740986445,0.4447862289136693,0.22006020947717486,0.4298631635057599,0.4709965163958678,0.3290952208686177,0.4785372331299729,0.2305519752821614,0.12604588616760906,0.3231971277253817,0.2944038956599576,0.08974589613522993,0.201623667264041,0.4010435392721656,0.41232810771509193,-0.08841805790983562,0.5095689101435819,0.2443023764972021,-0.2642851013942949,0.296621217948241,-0.19760337421536547,-0.08052090538573015,-0.08512870022369863,-0.09104146427861255,0.2226802285294479,0.142948655289154,-0.2376525837079516
0.3464749484500628,0.025588675361064857,0.1333474446350483,0.49299971296387607,0.4760718519543116,0.09231548922317354,0.8730875367912033,0.3624409384116416,0.24688492842556387,0.35121780563973004,0.35603193635899016,0.3186256970687465,0.38701690519714343,0.1751430672020606,0.2455454663293235,0.28813403958632955,0.384000224258452,0.28524133670020746,0.14267170253410152,0.1262646647432631,0.3100960739185286,0.3709718479579075,0.35636036863608517,0.30874252280005426,0.31903591026647143,0.270229975842158,0.19677273262937206,-0.07600597968135368,0.4200860239339653,0.15429862137825812,0.23783274170168978,0.24333606391789,0.3496409378884901,0.31826865209645483,0.1601798690647754,0.3226483373862654,0.374493029228413,0.11617750832098273,0.2038014992786184,0.12018845112811635,0.09527043132813486,0.29000167728510473,0.14541658967346444,0.04357711084485035,-0.01967388633854217,0.3939458458276201,0.14467614916732244,-0.20843946169807717,0.4393532041276725,0.21341581640381713,-0.09631636999083686,-0.21413146617196796,0.15012816761422845,-0.11432349839198717,0.3455594587868585,0.078819175136933,-0.09508761286656792,-0.3586881321584292,0.09783415817972328
0.2800470447710975,0.2625612461953214,0.31843778772689507,0.47022152090102215,0.43717432032447134,0.4714194742467385,0.3624409384116416,0.8859353901616194,0.15809843068197,0.37619431550210564,0.3515794107422918,0.21912851579622794,0.4029734380694736,0.31620459360143327,0.27881973485765704,0.31981497279470844,0.3929982184753047,0.4692582086676864,0.3948955314755729,0.40556780291005173,0.3167872517503583,0.3585678601974465,0.32970099003913816,0.33715157770037163,0.381205632252922,0.3150233731319397,0.28257817922476874,0.11526368004932934,0.4428504473373774,0.23785046344215044,0.3290866226326192,0.3329822189568111,0.31240430864690377,0.39178736292033184,0.20232659342522968,0.3688315074248253,0.5546528899752958,0.25167806325556746,0.48362339276758837,0.19817147876162636,0.19499767558465614,0.3057840399658197,0.2694618410704482,0.08104942862022925,0.09446004558908754,0.4671099573430281,0.4004783569444705,-0.13120714722914512,0.5461760205828611,0.4024080253225579,-0.06330642660088309,-0.021114794023698102,0.008736214550613044,-0.19556187600020553,0.028359962498629068,-0.12401419675760819,0.15091090797494125,0.06519214102660977,-0.11371445260851377
0.21549335063607103,0.2517442388450023,0.5101273192393577,0.22053456181705788,0.18363697148433986,0.3948786258425018,0.24688492842556387,0.15809843068197,0.9491228675850866,0.19010048078477382,0.3257254452017724,0.36525776641012647,0.34353722336248904,0.28386396386336343,0.26549962083453094,0.29496134642377164,0.2865609129316813,0.3000097513234058,0.353806731715899,0.37618797823516614,0.31600094328831135,0.33305778958036386,0.17143036350351,0.37034579885681607,0.28754667067133105,0.3951982882886207,0.30706748568036446,0.20708831313270007,0.4070171925715969,0.22832722649973272,0.34565660322128117,0.38731070512887866,0.3080141179827851,0.3490662690444978,0.2124916053453843,0.4550281302297038,0.4061532815420712,0.2669471777853403,0.2767174733234108,0.12069922557975546,0.17305912262554551,0.31849936329479556,0.1977040970941448,0.0402542851662378,0.11666217701351829,0.4504748508066384,0.28676151930819366,-0.23204930163405504,0.5692673280617422,-0.2777366004352089,0.11147866696240269,0.18852508299333404,0.11278775186563658,-0.10536632193377009,0.22109696924594394,0.04996065250835729,0.18084991389942232,-0.20433191106572965,-0.26712213075236785
0.2347325308291567,0.15580999957406833,0.37172363586824675,0.4086456263346526,0.36306025166901673,0.2527164752971119,0.35121780563973004,0.37619431550210564,0.19010048078477382,0.7912569093206648,0.2771076447321637,0.3886424028870529,0.4115517909540235,0.2765292970903309,0.3402702929464451,0.3138613813171111,0.3457735654957578,0.3689183347258476,0.2658824098307305,0.27977343228907187,0.2204986931441064,0.38498530800115593,0.2990024152363546,0.27302126538038324,0.3655544841780315,0.3781576404739524,0.27177832513971567,-0.1074168475566127,0.5133364060570045,0.12957363204798084,0.2689328802807422,0.27775483919048555,0.20440177711751253,0.35235185625816157,0.30207828721310576,0.3096072958160607,0.31212480132831516,0.18400721243263327,0.35309548490052833,0.12669215151990307,0.12752332679333694,0.2405674840596246,0.1765706040472274,0.02502021141116016,0.01126324757315089,0.33312240032421436,0.2656429799693261,-0.182722494576896,0.4197945016848525,0.04085429010646866,-0.009076030975568642,-0.052574314327879505,-0.028869985921163882,-0.005092259817292398,0.8368083726399844,0.10254677506105687,-0.2386165585163602,-0.849227374342766,0.2886908514459755
0.2059785376443253,0.20462421351388504,0.3319098828484869,0.37365813097599954,0.3134644806604725,0.3442759678429459,0.35603193635899016,0.3515794107422918,0.3257254452017724,0.2771076447321637,0.6165361740831616,0.3756779852461895,0.4054263603771409,0.29079969375545084,0.3723500104020456,0.30322089575112404,0.3649139164638251,0.3599087780826345,0.2502562254994153,0.4128354627791268,0.30840916288577025,0.2791537439069596,0.2636697645371829,0.34432024956090124,0.3390819237573861,0.32283614024404755,0.29479508155864703,0.012513684246758043,0.48312731086026683,0.183899829065024,0.30696422879716306,0.3466917384908832,0.2645345319687794,0.38072426877748855,0.2867904201434679,0.37968123498974427,0.3771303828758181,0.25028318874313854,0.34869723429082095,0.20111812824450984,0.15781255963831126,0.3139745514403956,0.11019930040952478,0.043186185129900516,0.10021397579073525,0.3972303999583203,0.28892814914038367,-0.15724982022163347,0.36732270743754936,0.11401759323091883,-0.037345099869990725,-0.0845903957120413,0.11577898679972001,-0.04536159370148393,0.22981598525782598,-0.020637966447740512,-0.0003379874923190105,-0.24515943676448645,0.008570194257680068
0.19599960119473014,0.2145521701313285,0.44486505854968433,0.36328182508342427,0.2657601464797296,0.37581054160100485,0.3186256970687465,0.21912851579622794,0.36525776641012647,0.3886424028870529,0.3756779852461895,0.6554487409912982,0.3220728197784271,0.2974787184615741,0.3792752813010802,0.3471753482110229,0.32242366202980033,0.3199481940936366,0.2881722847857269,0.32873418777901947,0.27962592848480744,0.319877570921977,0.2424884385567027,0.33779055098308175,0.3916091155624596,0.3075039684117136,0.324082340023037,0.05292652909320693,0.5358066132906381,0.15196919359755356,0.3188545304914255,0.3673085750664152,0.24134506921559812,0.3888498704148161,0.2637761092601454,0.4726474494103371,0.2641176924210606,0.22300105270570514,0.23340050032717552,0.1456753235847419,0.1042995532280339,0.2955672073935926,0.07992666111699406,0.03232652874472372,0.07483171902654137,0.38367421811189006,0.24704283682416528,-0.19421919379742716,0.37201736779299754,-0.2129034560906075,0.018346202016482863,0.103852453400511,-0.020543478176892876,0.0064479833106802125,0.35498416782294084,0.14838287208949474,-0.04824392645077509,-0.3379158446487579,-0.14264020379321052
0.2197938529290827,0.1754541225622615,0.29325437570505825,0.42852956574475326,0.39550015152979995,0.3355492777970051,0.38701690519714343,0.4029734380694736,0.34353722336248904,0.4115517909540235,0.4054263603771409,0.3220728197784271,0.6714015548432875,0.2655446094604638,0.247717725469902,0.3303477073958019,0.38099768807954426,0.41275258168392764,0.3219875266072387,0.3200266438256086,0.322058938418749,0.426331591521379,0.3304239967670367,0.28826583974997705,0.34090023911387374,0.3761893128815809,0.27048905130582673,-0.047687199266056066,0.5425792669464441,0.16132669076750766,0.28268394253586765,0.3231951263059013,0.3194700951949002,0.3730737053615222,0.3470765858847766,0.33613145757421314,0.46436415808764875,0.1919742421090663,0.3980692492042049,0.19561402990439564,0.14207239641878908,0.31997901838561416,0.1440125573995364,0.046555757251839726,-0.00013983534458389174,0.3969286779002924,0.29823356988220234,-0.1653106655649198,0.4997323859700806,0.28776986102958957,-0.04905908111821262,-0.14674793402856603,-0.012913870350261137,-0.05085784857735092,0.43739784941103876,-0.0036915476541348772,-0.2433319425578989,-0.5229753589090868,0.3970344470473294
0.26181283724440396,0.18702468879837336,0.3545618274310129,0.40925292245071876,0.26017988363574934,0.3297393196454816,0.1751430672020606,0.31620459360143327,0.28386396386336343,0.2765292970903309,0.29079969375545084,0.2974787184615741,0.2655446094604638,0.6789888519193896,0.37969325529688214,0.42068823874029493,0.245584722052979,0.28545999652435855,0.28497327441339826,0.3698840864466982,0.2301219218982031,0.23616025313470054,0.25580627260814703,0.284535593906407,0.3497077266923315,0.2792793994650527,0.27882014680618705,0.055038009768615406,0.40366209272735426,0.2559595188705271,0.2656407260440308,0.32154029739551265,0.18528114619013994,0.2756580510013283,0.2324356191496782,0.31939928408303386,0.3568566395743507,0.26932201182783305,0.2797507002368962,0.11454691749542804,0.21167654842150455,0.27016538991906053,0.20473467379700722,0.06073774303700676,0.04492351090107033,0.3074459649034301,0.30344399489473367,-0.10536112448200341,0.38488631154452435,0.11198117016146893,0.002983946160997806,0.048054144912832844,-0.074294044471243,-0.03597398134411705,-0.0028086735790419834,-0.03273349749838802,0.07174310076308729,0.022502905925316126,-0.09516810167313101
0.18993113348771065,0.21763189622080337,0.445697772350651,0.37306057204539894,0.30384362358925326,0.3073534325600076,0.2455454663293235,0.27881973485765704,0.26549962083453094,0.3402702929464451,0.3723500104020456,0.3792752813010802,0.247717725469902,0.37969325529688214,1.1388981602117734,0.34521985417678375,0.3357936674672237,0.38708804146374903,0.2932181442106461,0.40927352838422926,0.3262814847238239,0.1995911187222376,0.268906961342528,0.34927205997487093,0.4861116836586368,0.345520662757506,0.43300784295062156,0.0962789898963674,0.6411635853355585,0.3687787850332634,0.3522381959069624,0.3597312419290827,0.266849709702078,0.4241318234990775,0.33267454578996153,0.44094439285792,0.41828072612830774,0.2894674134147257,0.328157062275796,0.187958882139614,0.3740650636120705,0.3669107868657845,0.19914163784535233,0.05592940140293516,0.2195362456641704,0.3944946794501429,0.3686823868812798,-0.20228251240706863,0.2244249028995485,0.11554238445392927,0.03857928611844239,0.008324205061355016,-0.06857799697619672,-0.028892206416776638,0.10818020243137762,0.004359633144058472,0.10913587116873028,-0.12100683118659532,-0.15668214651740536
0.21361345583593616,0.13374305641138529,0.25187291005290285,0.39623825754609715,0.3263341872739275,0.3361107176509894,0.28813403958632955,0.31981497279470844,0.29496134642377164,0.3138613813171111,0.30322089575112404,0.3471753482110229,0.3303477073958019,0.42068823874029493,0.34521985417678375,0.6733508003476292,0.33339519089486774,0.35569911773631074,0.3263762637763001,0.3100754872963968,0.27399715193959395,0.38269398152592987,0.2895357718560317,0.29260817634411196,0.38928977528431946,0.29510892948869,0.2863614103278853,0.07887184810510824,0.5132436693235305,0.18082113605483757,0.27625869481740706,0.3664676239154652,0.20272179046910915,0.38435089718076854,0.2780218276027797,0.35703810453709,0.3521287629133263,0.23150487877038645,0.3035450968577444,0.1464862257176243,0.18336365401451477,0.2738488241381171,0.20598559851834297,0.07004963242144831,0.06259542421532797,0.34711926238473895,0.2751707000034004,-0.16246548005428002,0.3887276276853591,-0.0017365972514680884,-0.01319266759888378,0.02353983636831659,-0.013557179769300516,-0.040099035401584944,0.16702745047748918,0.03725058652879437,-0.0409504753882599,-0.15062733453702976,-0.03842027933894098
0.21815399064204213,0.18513834568797838,0.2729076616615038,0.3851630602491988,0.3364022775040751,0.38143198219147756,0.384000224258452,0.3929982184753047,0.2865609129316813,0.3457735654957578,0.3649139164638251,0.32242366202980033,0.38099768807954426,0.245584722052979,0.3357936674672237,0.33339519089486774,0.7779765854933927,0.4090359228547387,0.3090282997228923,0.3514004311449332,0.2874753430064447,0.5750439129947682,0.3124530457472806,0.2976982118786053,0.35028392311428463,0.32640688912442106,0.3050855707707296,0.03084204492382491,0.48677744872529854,0.12212503223749199,0.2802115539197207,0.3412086777315941,0.2782139191926147,0.36935899218908064,0.2752205739269054,0.28189527506972195,0.4435987859960116,0.22851145093897351,0.38066447097487455,0.18621493789052374,0.14572774265411612,0.26984743952598494,0.27806201216015364,0.05892326454715903,0.10898615442206633,0.32782969169356807,0.28945379129157023,-0.09830239862812044,0.41617001158918787,0.43861396241944384,-0.10925218809166369,-0.127578554881702,-0.1451707298808989,-0.04228809915543675,0.24630929610866484,-0.06635012349776057,-0.0659826116084879,-0.25073065746742884,0.14957727403002358
0.19420535900480815,0.38759500844129413,0.3968428287986586,0.4499007414763344,0.27049215400376075,0.4507535489701534,0.28524133670020746,0.4692582086676864,0.3000097513234058,0.3689183347258476,0.3599087780826345,0.3199481940936366,0.41275258168392764,0.28545999652435855,0.38708804146374903,0.35569911773631074,0.4090359228547387,1.2874436881987008,0.33443091493943483,0.2989317490911671,0.44283281013867515,0.4695551359095718,0.6864519484208703,0.27396869429280285,0.44815276524305325,0.538197536883226,0.3195928522259518,-0.19630748688835614,0.6763110133447608,0.05705687398831019,0.4528353683934013,0.3693910920696773,0.28353483981254723,0.6013339644414013,0.35376293592922314,0.46507807699274994,0.687569758376751,0.2302659283350487,0.5819204986586947,0.2960379080892783,0.24735613059605188,0.4130688470279775,0.21007645296682306,0.03541444374288395,0.16739509871871275,0.5319665759850962,0.644252251005639,-0.15272599030552328,0.32719732268105206,0.48366326768605516,0.31600696085698987,-0.2704865140128297,-0.27646045144839027,-0.20379262974509518,0.2561031486526214,-0.012921010554075399,-0.09501237552067585,-0.24331387960801287,0.09273011439050305
0.18849648826612836,0.16597230634204618,0.36044618259377786,0.2870639412909787,0.48574394988776526,0.5133662151594528,0.14267170253410152,0.3948955314755729,0.353806731715899,0.2658824098307305,0.2502562254994153,0.2881722847857269,0.3219875266072387,0.28497327441339826,0.2932181442106461,0.3263762637763001,0.3090282997228923,0.33443091493943483,0.9252205064061096,0.1580642902821702,0.34419545514806765,0.46851832953060546,0.09567309934861298,0.2897334505888668,0.31207302326026926,0.29888935553671125,0.2650544151503034,0.3018085994924786,0.4833094434944006,0.17005905290148593,0.31916245684764116,0.36986795180698306,0.26565084204332823,0.3350031930407402,0.2193795623631386,0.4175886226824703,0.4407649975373456,0.19872158419071023,0.3604817341963693,0.1572597781090046,0.1543522909478455,0.31106792493745666,0.1833479143458307,0.04032502864536657,0.19316679794217662,0.38029867211683804,0.2575478535149972,-0.03847093977339787,0.28425222187359783,0.1337885835196553,0.07389782438685084,0.2341640117795895,-0.18995275986328833,-0.12451975790193036,0.003190861904720456,-0.06102626108957821,0.10140516994379695,0.014843789413371965,-0.0967236213424198
0.14845373382703314,0.4124939027588278,0.3689041390981034,0.32272196582903695,0.10310906343088382,0.55502718493461,0.1262646647432631,0.40556780291005173,0.37618797823516614,0.27977343228907187,0.4128354627791268,0.32873418777901947,0.3200266438256086,0.3698840864466982,0.40927352838422926,0.3100754872963968,0.3514004311449332,0.2989317490911671,0.1580642902821702,1.3989330715124502,0.20970573604470955,0.04084064797089339,0.10780190794014032,0.3899807904428723,0.3299212300252942,0.37367874512349525,0.4940984028230553,0.24167503259519513,0.25343103233952186,0.3880454758367341,0.4170885818345394,0.3961096908196566,0.31473532815552246,0.41474515432026504,0.29556406522479434,0.3757854323688145,0.610568919950014,0.603167947596619,0.645383043943862,0.3023375507886174,0.28091581845960684,0.3409765767253722,0.3842433366500481,0.11549514407983019,0.2721374060620512,0.38143927748631407,0.35414163002570836,0.00504166323164639,0.8709716697050732,0.1185591656420064,-0.23986160798497946,0.09608001905658708,0.13749435649019254,-0.10839936390219901,0.08229366300037835,-0.1457879117522107,0.27808008301549214,-0.05048009511099769,-0.19829356267304382
0.1631292540862087,0.24062385547213005,0.2887040658244977,0.34345189341341836,0.3014372353498245,0.340400564710466,0.3100960739185286,0.3167872517503583,0.31600094328831135,0.2204986931441064,0.30840916288577025,0.27962592848480744,0.322058938418749,0.2301219218982031,0.3262814847238239,0.27399715193959395,0.2874753430064447,0.44283281013867515,0.34419545514806765,0.20970573604470955,0.8596529704744785,0.014020870633781986,0.3123171838880699,0.27038761064315503,0.35368825566630735,0.27722153521236886,0.23697334624666044,0.16198695318607037,0.588831782545973,0.3519290168897314,0.3816183999256845,0.31451684069259944,0.2842701770664739,0.474351824625954,0.5567342096299728,0.5681836995201408,0.6869896447588689,0.2299165887931434,0.18656678080234856,0.31761842267656637,0.3208785402767794,0.6687437389922245,-0.05926193083057737,0.04098440958528034,0.4401229288074821,0.5724022109493718,0.40509041754064756,-0.3621490396967833,-0.048162172031978305,0.11042932646960373,0.056489797625455196,0.04120093806698185,-0.01523335042290406,-0.0689997450922122,-0.062293994298889634,-0.06142024824362082,-0.028923910782095514,0.03335299011974712,-0.02588605419735137
0.2815829724801713,0.14954533928557678,0.3621761113208004,0.3143381805672799,0.3601653759569223,0.47580764403803616,0.3709718479579075,0.3585678601974465,0.33305778958036386,0.38498530800115593,0.2791537439069596,0.319877570921977,0.426331591521379,0.23616025313470054,0.1995911187222376,0.38269398152592987,0.5750439129947682,0.4695551359095718,0.46851832953060546,0.04084064797089339,0.014020870633781986,2.498249212451338,0.3238376215584596,0.09376173138540604,0.35052470424765453,0.5114396357811383,0.342402551520038,-0.31515580034065593,0.5497314138789458,-0.18142581830117446,0.049325221324434704,0.4529796222021073,0.07925006825619699,0.3514988351707906,0.29105803911742245,-0.2209159288637947,0.1448028498131128,0.10936645727689102,0.3949026411737017,0.009250402731845646,-0.13385099664479716,0.030790704019288673,1.0193034847382392,0.02751218221002634,0.0028878337852373545,0.0001552936628177165,0.17184831740255102,0.21691343960088744,0.6296963606099644,0.3731491436724277,-0.1301375169105048,-0.35548132398039417,-0.20248432287041981,-0.016378017573792193,0.7209964941887024,0.09444552614239297,-0.4888106465979279,-0.6748027747243751,0.4013073930356726
0.15738828825884477,0.1334016419343845,0.1888522170869504,0.44011975959316696,0.26967251394006125,0.24771974515671255,0.35636036863608517,0.32970099003913816,0.17143036350351,0.2990024152363546,0.2636697645371829,0.2424884385567027,0.3304239967670367,0.25580627260814703,0.268906961342528,0.2895357718560317,0.3124530457472806,0.6864519484208703,0.09567309934861298,0.10780190794014032,0.3123171838880699,0.3238376215584596,1.594557575615242,0.40213659262450996,0.5161965207942423,0.43249006432189335,0.1204895835940014,-0.830534132328714,0.8265129390448303,0.17497669309491212,0.20166427124445707,0.22169484989701543,0.4071742435420399,0.5200280766724804,0.26506658228573765,0.43499311353038883,0.5919165376597917,0.060578993771341565,0.6250312916272394,0.32681038397086054,0.005737480701612357,0.30828276527806,-0.010154916541484541,0.09092084328233561,-0.031562426056963334,0.4603546430085482,0.4378522715607055,-0.038444000104148016,0.5185490473769916,0.5564477049623957,0.08660861311851763,-0.3141381336192876,-0.0742811255956991,-0.14590276802008814,0.18229527640965154,0.0153126155616007,-0.25251140666942223,-0.2154322632831811,0.2547259400793604
0.12388395330436883,0.21005471231079104,0.3691932844548678,0.4191914751375334,0.2514543731168036,0.38645940179874516,0.30874252280005426,0.33715157770037163,0.37034579885681607,0.27302126538038324,0.34432024956090124,0.33779055098308175,0.28826583974997705,0.284535593906407,0.34927205997487093,0.29260817634411196,0.2976982118786053,0.27396869429280285,0.2897334505888668,0.3899807904428723,0.27038761064315503,0.09376173138540604,0.40213659262450996,1.0017058242733647,0.3710927372546539,0.1632703074947172,0.29183478891714776,0.2664358603558429,0.4978602116931139,0.5738072265283299,0.4683640360227071,0.44066611985111165,0.6333127307719174,0.24821004591004514,0.15525448038570278,0.6792452735725169,0.4746785434623221,0.2833713126090273,0.28478938285525,0.15528692206386596,0.33897206821625464,0.32848489923477214,-0.01727015182326403,0.09791379670896892,-0.09816795797963918,0.6587765674957493,0.4367383541267312,-0.4036440645095169,0.6991284811649251,-0.026551833577237293,-0.06721738065919636,0.1482152761648643,0.1488302482101614,-0.12712275234836104,-0.24340606807855789,-0.1086386301690796,0.43269818597341425,0.24785687718554558,-0.4613942906897427
0.20937790005488868,0.17769684521623028,0.35846325813805013,0.40541727097300023,0.28947897336816714,0.38637977041677024,0.31903591026647143,0.381205632252922,0.28754667067133105,0.3655544841780315,0.3390819237573861,0.3916091155624596,0.34090023911387374,0.3497077266923315,0.4861116836586368,0.38928977528431946,0.35028392311428463,0.44815276524305325,0.31207302326026926,0.3299212300252942,0.35368825566630735,0.35052470424765453,0.5161965207942423,0.3710927372546539,0.9951381742573393,0.34095217990404586,0.3361994019917899,-0.09882721147178423,0.8883548021312049,0.3165085350759462,0.3403262090558543,0.367539297537564,0.3195427694570853,0.5454332385867141,0.35877683257984394,0.5320142792133304,0.4669918598403675,0.2393411561303263,0.34138513098791035,0.18242959675463763,0.16415363940088248,0.3716049160271859,0.14085138223139487,0.055442657496383684,0.06564073485269376,0.6035625698247299,0.39551582258615575,-0.388836262151723,0.3366734576908129,-0.41535646223468203,-0.020775441748836443,0.10914814491262047,0.2734955334211477,-0.06015194966341176,0.24096504826925857,0.02364004128706291,0.032467889535149085,-0.2419849360178422,-0.05840887143295541
0.23576481307135527,0.14102153779796592,0.4341582406781126,0.34084336168065776,0.3256935494745286,0.36706833368366315,0.270229975842158,0.3150233731319397,0.3951982882886207,0.3781576404739524,0.32283614024404755,0.3075039684117136,0.3761893128815809,0.2792793994650527,0.345520662757506,0.29510892948869,0.32640688912442106,0.538197536883226,0.29888935553671125,0.37367874512349525,0.27722153521236886,0.5114396357811383,0.43249006432189335,0.1632703074947172,0.34095217990404586,2.9500573895691344,0.2514126074109683,-0.2670433536541457,0.7555359937710197,-0.6206345182800527,0.3105533920489726,0.5985019149162774,0.2630210074523917,0.5554361154802967,0.45055292178020967,0.35256288579506234,0.5037654213202349,0.27307924765655617,0.6170844489546865,0.40122529114820893,0.12411160858000801,0.4067696197064038,0.2320502885291695,-0.06267453075393142,0.3837926798962277,0.3488248308526996,-0.014285541091278555,-0.03920796503730034,1.058991690117718,0.6273186778931947,0.13542884543500078,-0.263022384799665,-0.3188549190621739,-0.1255807624234296,0.6774517414497644,0.14695332988845922,-0.33132197121795665,-0.7194626668157709,0.30067546342874024
0.15540348868924353,0.19994202519941764,0.27586626639066597,0.2823140199052127,0.18796268444362832,0.36514057724820675,0.19677273262937206,0.28257817922476874,0.30706748568036446,0.27177832513971567,0.29479508155864703,0.324082340023037,0.27048905130582673,0.27882014680618705,0.43300784295062156,0.2863614103278853,0.3050855707707296,0.3195928522259518,0.2650544151503034,0.4940984028230553,0.23697334624666044,0.342402551520038,0.1204895835940014,0.29183478891714776,0.3361994019917899,0.2514126074109683,0.9298986843736566,0.2465202138472047,0.3151489285590027,0.28622204901334364,0.3630917415703223,0.3842435761584747,0.24720636164558132,0.32777247626335543,0.31891545730156656,0.4701614579102987,0.3288106459510234,0.3133198826757869,0.3053829083380184,0.1655450290391339,0.2291053426895582,0.2865538980039277,0.4685325830069013,0.046011211453795095,0.11547348761585023,0.3171411801110004,0.296084282958129,-0.08916528648144598,0.48746462827940706,0.014508238225913855,-0.11830033977394246,0.15411278358673994,0.0074135360607045795,-0.04003657856352902,0.2121225782588829,-0.03371458987717638,0.20313703115496376,-0.2050656442125635,-0.14094762712115128
-0.03373922174095898,0.28653984467219484,0.31332569130307736,-0.01273900989331513,-0.04495988577169354,0.23937417354667503,-0.07600597968135368,0.11526368004932934,0.20708831313270007,-0.1074168475566127,0.012513684246758043,0.05292652909320693,-0.047687199266056066,0.055038009768615406,0.0962789898963674,0.07887184810510824,0.03084204492382491,-0.19630748688835614,0.3018085994924786,0.24167503259519513,0.16198695318607037,-0.31515580034065593,-0.830534132328714,0.2664358603558429,-0.09882721147178423,-0.2670433536541457,0.2465202138472047,3.421293798418318,-0.4701551951810415,0.24994491958501766,0.4402337456525776,0.21090240322624276,0.3673719555312347,-0.08647852933521648,-0.2095961590059501,0.8887817651874899,0.17158599190120513,0.21253439678000965,-0.20772071455990568,-0.1317730599034327,0.6072051069645349,0.19944077613001887,-0.23207140485773403,0.23793055324091272,-0.08558124264537677,0.3388090066938519,0.001455495891585703,-0.29013507865569643,-0.2598829344395606,-0.5679728004272653,-0.24965449920248686,1.159757204010073,-0.30659397964327106,-0.04303550962914922,-0.8768697411406816,-0.16704269180298714,0.6447132981748933,0.8401186222494348,-0.6139416811420486
0.2806235723634035,0.2652602951747836,0.6782595992457848,0.5145314371339446,0.4153514066735976,0.5211689217990381,0.4200860239339653,0.4428504473373774,0.4070171925715969,0.5133364060570045,0.48312731086026683,0.5358066132906381,0.5425792669464441,0.40366209272735426,0.6411635853355585,0.5132436693235305,0.48677744872529854,0.6763110133447608,0.4833094434944006,0.25343103233952186,0.588831782545973,0.5497314138789458,0.8265129390448303,0.4978602116931139,0.8883548021312049,0.7555359937710197,0.3151489285590027,-0.4701551951810415,3.400663635302204,0.34606220946294025,0.35281710388751514,0.532097537691851,0.5110773477680697,0.8261474672714854,0.6425943413190608,0.9537048688527149,0.8042917008368005,0.13089312679794032,0.6494376328360316,0.38835622642993944,0.40655004762835384,0.5834665735817596,-0.3078763969054789,-0.10196052675406356,0.07032128904667642,1.1702003558802778,0.5518660336199106,-1.0141502317452582,0.8858902565031597,0.33564280098274374,-0.013325682688565042,-0.07081452631236786,-0.13451471493833972,-0.07869451761555864,0.46514353515185447,0.07608839722682005,-0.2540619535205791,-0.6192277046006427,0.3838498910775955
0.07789378595358955,0.14637490634082195,0.03803533540607433,0.23202320029753218,0.08435046351440376,0.18474388780698545,0.15429862137825812,0.23785046344215044,0.22832722649973272,0.12957363204798084,0.183899829065024,0.15196919359755356,0.16132669076750766,0.2559595188705271,0.3687787850332634,0.18082113605483757,0.12212503223749199,0.05705687398831019,0.17005905290148593,0.3880454758367341,0.3519290168897314,-0.18142581830117446,0.17497669309491212,0.5738072265283299,0.3165085350759462,-0.6206345182800527,0.28622204901334364,0.24994491958501766,0.34606220946294025,2.5985855499828654,0.3408985893632821,0.14210982669761288,0.39702773363123534,-0.006850566040681626,0.5681495995709905,0.6421318838392315,0.8003167361808615,0.3296259154502072,0.08626818044241134,0.02268560033900571,1.0428771468367903,0.4049851555044935,0.346531772450981,0.17741781316911562,-0.14751203450012615,0.6534154709462608,1.2335561825455936,-0.5456200466057158,0.877463079801142,-0.37507486137371937,0.11080362768019487,-0.11402267765454879,0.44384533030199796,-0.017658202770502073,-0.4026516482383957,-0.1864723623626609,0.3540369424532529,0.7355979284340219,-0.5768478285978752
0.14968337030361437,0.20481581596424125,0.36758398950445254,0.34790351592392343,0.245221020984516,0.3639151349573894,0.23783274170168978,0.3290866226326192,0.34565660322128117,0.2689328802807422,0.30696422879716306,0.3188545304914255,0.28268394253586765,0.2656407260440308,0.3522381959069624,0.27625869481740706,0.2802115539197207,0.4528353683934013,0.31916245684764116,0.4170885818345394,0.3816183999256845,0.049325221324434704,0.20166427124445707,0.4683640360227071,0.3403262090558543,0.3105533920489726,0.3630917415703223,0.4402337456525776,0.35281710388751514,0.3408985893632821,1.0120778145118217,0.3861710201269075,0.407894617922511,0.36652008183363566,0.31320813708395656,0.9160382520533824,0.6546995271625291,0.3560698414716173,0.47336837106415547,0.2395073814016148,0.4680246133654494,0.42824836807052974,-0.09284930831824809,0.08348343535952273,0.1689643486111062,0.7545608566610438,0.40594997831417656,-0.44554372345881765,0.23142636817641482,0.22160160701738907,-0.06057642977006549,0.16494289597176415,-0.04164074871758618,-0.15195751990855969,0.05720680293814451,-0.042628223853315154,0.2960154410397865,-0.057052490598170434,-0.2924819678706678
0.1820983855695201,0.1831644658658442,0.3794540581006858,0.3486395124384538,0.31475778204999627,0.45107360040590627,0.24333606391789,0.3329822189568111,0.38731070512887866,0.27775483919048555,0.3466917384908832,0.3673085750664152,0.3231951263059013,0.32154029739551265,0.3597312419290827,0.3664676239154652,0.3412086777315941,0.3693910920696773,0.36986795180698306,0.3961096908196566,0.31451684069259944,0.4529796222021073,0.22169484989701543,0.44066611985111165,0.367539297537564,0.5985019149162774,0.3842435761584747,0.21090240322624276,0.532097537691851,0.14210982669761288,0.3861710201269075,0.8625516221873935,0.16056522760467504,0.43887688503186545,0.21315098158067525,0.5965127966501554,0.1280665424551416,0.32918568582979824,0.440294772194569,0.2722248444213431,0.1931914006562432,0.32479170618030734,0.18390944602842885,0.037099402703105376,0.13419198883564862,0.5757888042059691,0.2891057389723552,-0.2956273171488622,0.7322343624093172,0.13738921037914412,-0.056589395710233976,0.10753200599615649,-0.03984678786059569,-0.07343291776603125,-0.07432137140647269,-0.1601548959463905,0.8918700304412358,-0.09282371167593864,-0.644859995290277
0.1626890066567393,0.18488404958790067,0.31587781964475276,0.36279202404336663,0.2544062371332132,0.2408670740986445,0.3496409378884901,0.31240430864690377,0.3080141179827851,0.20440177711751253,0.2645345319687794,0.24134506921559812,0.3194700951949002,0.18528114619013994,0.266849709702078,0.20272179046910915,0.2782139191926147,0.28353483981254723,0.26565084204332823,0.31473532815552246,0.2842701770664739,0.07925006825619699,0.4071742435420399,0.6333127307719174,0.3195427694570853,0.2630210074523917,0.24720636164558132,0.3673719555312347,0.5110773477680697,0.39702773363123534,0.407894617922511,0.16056522760467504,2.053485494748911,0.09379495812202368,-0.18912522270295318,0.558896686819091,1.1057644883560886,0.2550494859087421,0.05460118085914747,-0.06206747501926275,0.09814351713994358,0.39575141269925457,-0.15251579012572036,0.11133070378899533,-0.41438528143947284,0.6804123073080058,0.35991291409046633,-0.5110948436895919,0.9897059755831267,-0.02421148404649452,-0.015163515692753775,-0.0377362752515764,0.24955432860758248,-0.2564482171213604,-0.039088056234760964,-0.04680609071374605,-0.16644051965188417,-0.0410825252337495,0.2508958971097566
0.09878652054571034,0.246031103651611,0.3770931681440376,0.4109705491200292,0.3567862812844459,0.4447862289136693,0.31826865209645483,0.39178736292033184,0.3490662690444978,0.35235185625816157,0.38072426877748855,0.3888498704148161,0.3730737053615222,0.2756580510013283,0.4241318234990775,0.38435089718076854,0.36935899218908064,0.6013339644414013,0.3350031930407402,0.41474515432026504,0.474351824625954,0.3514988351707906,0.5200280766724804,0.24821004591004514,0.5454332385867141,0.5554361154802967,0.32777247626335543,-0.08647852933521648,0.8261474672714854,-0.006850566040681626,0.36652008183363566,0.43887688503186545,0.09379495812202368,1.638235672690381,0.5692892833765841,0.5691888833871358,0.6532247484030189,0.2510013038314471,0.5829190602546847,0.25098843767918944,-0.12102386958235953,0.5069406322147092,0.15993182241844486,0.05515332058402855,0.055155373374014056,0.4915152366086451,0.35629575342797437,-0.16107512582535305,0.7308945147292053,-0.08198368445796766,-0.04572122571143865,-0.10074178653668296,0.2115980814641921,-0.12052583622291835,0.22408585695237548,0.023369526242394197,-0.039931431341573655,-0.3330855515894281,0.1545979048159268
