0.8585685666024919,0.19074210671982036,0.5175009138146393,0.13834691023227835,0.12076743405325238,0.13820352596093108,0.10966666776867429,0.10686315264175589,0.19037576381073484,0.12619236015258725,0.07828502513164494,0.11490910543862327,0.08743734557852971,0.11143637511203011,0.12941474784274984,0.09149417106780425,0.10879231001766207,0.119808267314755,0.13600901482025915,0.10304707716692511,0.10756677384398966,0.11829598419993485,0.1512620353024397,0.1011588296690291,0.16435550019290704,0.11528639434472591,0.0828360986015731,0.09597114588993551,0.1398058539973783,0.07649604712435802,0.12345632694298146,0.09929707896090939,0.11352735394075218,0.11036221313644742,0.07632072639822217,0.11067716641443,0.17663365543360063,0.08589592520874344,0.13053182477050515,0.012092272000320628,0.08323399016453627,0.10077839963726323,0.1548483862165171,0.0929102428179957,0.10274748950414453,0.3850777700202003,0.17067930379674243,0.0023827132514794448,0.11963277286226952,-0.02236418356848243,0.04967445314883941,0.04966791283197193,0.02854516041031996,-0.0686108117961056,0.10865686038000852,-0.012595293091084732,0.31639363800037246,0.3740584631409598,-0.8129907250117374
0.19074210671982036,1.4962523630219557,0.7213375981950501,0.0983633817751299,0.20051798789093384,0.4862935748327604,0.3602198056049284,0.4669832151900445,0.40304517343137997,0.3757589721358897,0.3950717987271469,0.3261464885972707,0.39059859957640763,0.3157438214815952,0.3923236352568826,0.3007350813966288,0.40561215896719377,0.45655516216066216,0.38921974030620343,0.42758979968606375,0.3082368071995204,0.2685660805604724,0.03355064456681655,0.43170296976494216,0.31204941695060484,0.34736824600896415,0.29502360872711314,0.38072014525484643,0.4255380850203363,0.18609037435622378,0.25310129662484526,0.3155100184043155,0.3174991118048416,0.3889158030001473,0.12394112553986483,0.26954412156103724,0.5419821234512069,0.28370915379556877,0.36899934584401517,0.09995205705997058,0.2749764289249492,0.2834054569368674,0.2546071964342241,0.22949475988756252,0.2859689004822083,0.36569478968302555,0.39695139509454797,0.013659013499751665,0.5103192525630592,-0.05242804829569913,0.24395317742098363,0.16176071520967444,-0.08588977877130373,-0.14876404121907508,-0.2855580623072574,-0.07276368117374582,0.012851438333911436,0.1979991226949246,-0.08018767916994517
0.5175009138146393,0.7213375981950501,2.1209363916987307,0.31392891118000776,0.24192687244999753,0.5538066815112347,0.3945770933454603,0.5429431489996587,0.6798651193521497,0.42295340163190254,0.3738440359785468,0.382868272064754,0.4659712151037175,0.3149043069858453,0.4525917812751948,0.3226144807378421,0.5351298949921127,0.4060785233496744,0.5429811538314263,0.3727635980064306,0.3619958764868312,0.4737043945915322,0.3495909048345235,0.5778717059142204,0.44744990679767277,0.4101271491533281,0.30615925100899577,0.378732283336126,0.5757418847984853,-0.02972926115122346,0.36487106886849235,0.29028543260415235,0.34750630888492706,0.6226618302233945,0.16689334013580726,0.39683409273210274,0.814937038987336,0.31091134635225876,0.44444034391731807,-0.06797666417393972,0.31958793730985263,0.3397057177111743,0.18102720038576267,0.41796356994998657,0.2592575081085858,0.9744313361510732,0.49015128834679056,0.00811151346752784,0.1788269782880505,-0.11611653898271951,0.3158757663759207,0.3570459062101086,0.03374629954128239,-0.36242873666318787,-0.12685351803947612,0.015824116458877838,0.24970765889651858,-0.10788308461838526,-0.39942907823144314
0.13834691023227835,0.0983633817751299,0.31392891118000776,1.2821188669350694,0.5839319731567668,0.5225191882078457,0.34915133973893514,0.4460713675194293,0.2689638192088209,0.4493919024488926,0.40639607776429276,0.4015194417052899,0.43159291382921017,0.40996546266656303,0.3548712132822951,0.42322675524282055,0.4157488226552656,0.4043211728995928,0.48819487174716986,0.3337119131463069,0.3187069949559547,0.4295796998845625,0.3422879583351624,0.49790363544380306,0.40839439084858203,0.3049002511640991,0.32345799463176717,0.2907906817818235,0.4541309318290165,0.35323750066081555,0.33901112558100505,0.3976567010023137,0.39105245332841493,0.4462837045935041,0.2658390582089748,0.31576182315750473,0.5048063820157316,0.2575705613721933,0.4805318715296559,0.11457002216464554,0.2707245513224611,0.31169443807161523,0.3204142031067865,0.3850987516989345,0.10918269598471649,0.40210076275613116,0.6610324324491815,0.015583011816894513,0.15035743072314964,0.14228587360708253,-0.07519498531117712,0.053336558453001295,0.006011129150941792,-0.1188881281819882,-0.0521523744298394,-0.1490195188292445,0.10703064367090928,0.12835244760332554,-0.20314152139144792
0.12076743405325238,0.20051798789093384,0.24192687244999753,0.5839319731567668,1.659851496267798,0.5325402339966465,0.4198563160707009,0.5055322134990189,0.35296715137865525,0.5451940073132873,0.45497888049989343,0.49898732509029364,0.5709817547693056,0.5047639809464519,0.472362771255253,0.5966822933544647,0.41476107012913743,0.4913989865662119,0.8663064966188867,0.343820256403147,0.336199586099614,0.5214337043400978,0.40043632277828595,0.6514062685049531,0.37858018728710535,0.31101792468462214,0.393614704647633,0.3096889152440469,0.5157839367279705,0.35443891635856406,0.3867785918579503,0.46868723286255204,0.4143416206708015,0.40333937516081625,0.3048077307245023,0.4607761540418887,0.46420642353303,0.28108448492758853,0.5927328646280752,0.1856501487300731,0.31755777805045865,0.34448221253284006,0.2806411734073501,0.313241387359318,-0.03886342318654575,0.36852321708854885,0.556113599698593,0.02041837230908073,0.6539841394076505,0.37061283732355904,-0.2905375779406381,-0.1584315157160058,0.05008771135330005,-0.05937397545056066,-0.051061488116203424,-0.11237547264509942,0.1315286391233413,-0.06484399135895247,-0.011205809581452798
0.13820352596093108,0.4862935748327604,0.5538066815112347,0.5225191882078457,0.5325402339966465,1.1089029283210212,0.5347128274300401,0.7699232056044725,0.6306121441560067,0.6148732017859648,0.6792354215916397,0.5772229899816393,0.6697790152919124,0.6252822719762182,0.5878785730170637,0.606374793776815,0.688338534529239,0.5900106367361506,0.7937895563591305,0.6447770760477793,0.5349144568234936,0.6642212276768664,0.4475952590908379,0.8757606466816938,0.6139638284541861,0.5670982403984123,0.5158039251818892,0.5745092818125112,0.8000837851858557,0.400234491386449,0.5233216249331926,0.607348734551671,0.5119056715063495,0.7111340926364051,0.3257222749754312,0.4242277755879241,0.8967712836730967,0.44027286698229523,0.7715930826871936,0.2639460805631564,0.42665437026360076,0.5104843956699191,0.5460082771195801,0.36104587545823824,0.36438242826507355,0.4478066439712756,1.0672545121116812,0.03414336063421023,0.9760678955327127,0.11976377278912273,-0.10367275277491297,0.04682718867403591,0.029111171057878152,-0.13288828898912813,-0.07984134160315215,-0.020420105494757285,0.16195285880838436,0.22858021997957795,-0.4767361121173475
0.10966666776867429,0.3602198056049284,0.3945770933454603,0.34915133973893514,0.4198563160707009,0.5347128274300401,0.8322042644386091,0.4893045163809806,0.6157975790450029,0.4682671045916888,0.5503474112768373,0.5900786965548757,0.5401053353458494,0.5515620589761407,0.42886660136436394,0.5443872168523426,0.5274394600068203,0.48951463201603934,0.47087044478891316,0.4044610851619813,0.43575523037803415,0.5943357407594346,0.507250939631319,0.7205383433869842,0.47760982489104176,0.4196295081785457,0.43521120615874864,0.38950624487859886,0.5445321541160996,0.4039545773734457,0.45338107917600734,0.5254077781788052,0.3991759093226809,0.49142553453482246,0.3040422678309532,0.4847726997071352,0.6274776946743709,0.28165703594571423,0.6590940871744874,0.23673935603738497,0.3814450274636338,0.4166309483514421,0.3987838698806161,0.30177576536981426,0.2821435440663466,0.3466885781738355,0.572003024400574,0.010460256285750914,0.8487841428508169,-0.13382265484593556,-0.026699852530390616,0.0033118293556335865,0.1493634896321434,-0.09520981457176057,-0.09609743853119809,0.13865427487704582,0.10931390287454694,0.10149487024481084,-0.41804260171007723
0.10686315264175589,0.4669832151900445,0.5429431489996587,0.4460713675194293,0.5055322134990189,0.7699232056044725,0.4893045163809806,1.069970855665618,0.4682126207742259,0.617464863500011,0.69307173677068,0.5179002546396464,0.6524155482156239,0.5582555754231868,0.522467618486352,0.5609514640423912,0.6782505838498275,0.5893581917043302,0.6528226826743997,0.5667042201291461,0.4493571612624147,0.5788170191562413,0.418101541255912,0.6994086178011544,0.5416635000744968,0.5622005459635553,0.4747969205319744,0.405627759411218,0.6764679053889524,0.39693677469271904,0.4642199109947062,0.5209142851325469,0.507324766272672,0.5774480710470079,0.30746776206647997,0.38938504291360815,0.7955623523102324,0.3989282389875113,0.7122528165955373,0.25671255308733437,0.41438501949928874,0.4426068733659784,0.468038117986844,0.3073211357658183,0.3643024218590658,0.4981280040546858,1.0403185049651003,0.03126841760977134,0.7530814456415642,0.07783161336046163,0.00781653115555658,0.09583201781417608,0.0375869581053306,-0.15811266759604534,-0.2120713412378598,-0.0964348281012859,0.18636263139315712,0.4985477787882723,-0.7294008673198172
0.19037576381073484,0.40304517343137997,0.6798651193521497,0.2689638192088209,0.35296715137865525,0.6306121441560067,0.6157975790450029,0.4682126207742259,1.0640575968973494,0.45733951536804446,0.4875097183554394,0.5068671133616821,0.521154024604329,0.6320072246242256,0.49365227053276434,0.53610669547748,0.5618718465103931,0.48367090721697586,0.5143607086050322,0.4563042994783686,0.47461658333617135,0.5862136882056548,0.5417390176802498,0.775103693620882,0.5685870137247171,0.46778801083507826,0.4361282511147518,0.5407793017289406,0.576601621328192,0.35236349134436024,0.5152624340902572,0.5856714578767194,0.40588457116273724,0.592276273946354,0.3879680769705833,0.4796385963253213,0.7791145934055215,0.30623398345450453,0.6677794845836867,0.21844945104067295,0.4245567944580128,0.4583156208840227,0.45761671835911844,0.312952313158588,0.3534646728950516,0.49332743169596427,0.7373623653709844,0.013403831105736242,0.6278962757673846,-0.21304636970261728,0.04468013824964257,0.011116745281471892,0.22036297362002777,-0.1162862623971347,0.10075315655885554,0.26774101558933544,0.1763511261082653,-0.02488360070109473,-0.5788995015001492
0.12619236015258725,0.3757589721358897,0.42295340163190254,0.4493919024488926,0.5451940073132873,0.6148732017859648,0.4682671045916888,0.617464863500011,0.45733951536804446,0.9716745934394954,0.5723588591778211,0.49487588452412873,0.5751161902546401,0.5308627201888398,0.49304187998041776,0.5211396706941852,0.579025558926218,0.5489329886569569,0.5412474418612148,0.494767282263645,0.4223512091420829,0.5258736718632985,0.4519806922819914,0.6748418351849967,0.5081536549892486,0.39711910719820587,0.4325714795746627,0.4629355330052492,0.5811456794325341,0.4746954430766543,0.46964972689726264,0.4992522827856615,0.4769154003592077,0.5296262182662383,0.42719904863976554,0.45019859501690407,0.6708281944074621,0.3403409263897607,0.6888950838075528,0.2600668834142111,0.4576355517789325,0.42338347448674035,0.33294294359108295,0.36412737829032066,0.1984854775657302,0.4588577867289532,0.920721316515242,0.0215395575971635,0.7094895173556901,0.10946484387715319,-0.04837768774020966,-0.10775612669569484,0.11723620657602384,-0.04976091874559054,-0.009395917809515882,-0.07991850590682496,0.34910947922421043,-0.10719095982048266,-0.2817455175522946
0.07828502513164494,0.3950717987271469,0.3738440359785468,0.40639607776429276,0.45497888049989343,0.6792354215916397,0.5503474112768373,0.69307173677068,0.4875097183554394,0.5723588591778211,0.9827727758189879,0.6026830499400124,0.6482180057795507,0.5718061542876631,0.5704505159929616,0.578467508178301,0.7027583616829081,0.5485000377837479,0.513165671902968,0.5557882520807184,0.4890502529524441,0.5663189657623731,0.49252289508688285,0.6895925976727567,0.5781783478647167,0.5514207084394513,0.49538069799174916,0.500531582607353,0.6654486097590985,0.4453810822088037,0.51131393797735,0.5407995413249213,0.4622776061205881,0.5258437532177003,0.4410460194635029,0.47894893935440036,0.7190515817368708,0.3771371395099279,0.6978670532523624,0.310171510034502,0.46310717305436516,0.482809976202989,0.39857620310813185,0.2591826125730978,0.36835059835575956,0.44232262831635977,0.9694581510488273,0.029596780444722866,0.4209564254128283,-0.003132157436954854,-0.06620142625896924,-0.12698640982222661,0.20274176147328174,-0.023575356714447472,-0.11848449016606713,-0.0473897947706267,0.14489915663404493,0.1326945394444689,-0.39010225902746115
0.11490910543862327,0.3261464885972707,0.382868272064754,0.4015194417052899,0.49898732509029364,0.5772229899816393,0.5900786965548757,0.5179002546396464,0.5068671133616821,0.49487588452412873,0.6026830499400124,0.8580546946518975,0.5237208340197982,0.5353650284376003,0.433471176723823,0.5519946783139604,0.5328810958706015,0.4477400965290853,0.4985903703814042,0.44008148398919367,0.4028072261716304,0.532579463910197,0.43975980135030457,0.640189333625125,0.46419464297972396,0.45333110737990323,0.4815766379919417,0.25930779434550505,0.5113132410199981,0.3596254979573613,0.44690006700839136,0.5253112554424374,0.36803743606792455,0.4872872497228174,0.3170149066517085,0.47074989277691415,0.5498554166873983,0.3045145761820952,0.6599017806420584,0.2554363362694521,0.3772801279289731,0.39638259206271337,0.3741877679559813,0.2926345219327796,0.27550964486183444,0.29993002115085177,0.6355428891258738,0.01795419937970325,1.0459127057449578,-0.09918389428471151,-0.07479964920065393,-0.07850305353016093,0.10662997390134946,-0.02415533368233312,-0.16069592520674433,0.10075500489657496,0.1128902681319795,0.2122087602329497,-0.5390678300592626
0.08743734557852971,0.39059859957640763,0.4659712151037175,0.43159291382921017,0.5709817547693056,0.6697790152919124,0.5401053353458494,0.6524155482156239,0.521154024604329,0.5751161902546401,0.6482180057795507,0.5237208340197982,0.9265143315461638,0.5434116227794139,0.4557388737873522,0.597177444368815,0.6220160852724053,0.5787129162127601,0.6198223038008336,0.41465990474761494,0.4404486604057759,0.7649346984715822,0.47681125402547664,0.7243080623735746,0.5424865829448638,0.4309584388325258,0.4947748597475275,0.4383582512011367,0.734984033085943,0.37876236311008704,0.4607296385902818,0.5353621967093023,0.454852981490477,0.6139698277203428,0.41151642039866393,0.4638152669088155,0.7164207298537664,0.31559306442182306,0.6939700101517161,0.2315170003547819,0.40221267261813054,0.43654274202079213,0.3517591286988339,0.3522322649801695,0.1722816455020463,0.44120383974036,0.8645513472963579,0.018415622954141026,0.5652747175826756,0.0401643995585601,0.007145327865180188,-0.06211311492297407,0.05001178601791963,-0.10824274499031722,-0.061378168483011725,-0.08135212883819884,0.1024324469848296,-0.24766328305734955,0.08498917117455415
0.11143637511203011,0.3157438214815952,0.3149043069858453,0.40996546266656303,0.5047639809464519,0.6252822719762182,0.5515620589761407,0.5582555754231868,0.6320072246242256,0.5308627201888398,0.5718061542876631,0.5353650284376003,0.5434116227794139,1.015007106413604,0.5396408627367785,0.6295351105514753,0.652412998788846,0.45097748864617776,0.5286566780724254,0.5921833324302824,0.4625982653280158,0.5708858481570656,0.4906527593537901,0.7442679050825417,0.6243980886625269,0.46933604373787124,0.5157883705611905,0.5748321518165187,0.5974877401519141,0.5698980971799157,0.5032689890220465,0.8801954795828856,0.5001847842652414,0.604168182801302,0.4869259091852486,0.49525392172439553,0.7322047900718196,0.38886761312781903,0.701019319067896,0.29394385789962124,0.5486882983514281,0.4816571559377019,0.5705286104941182,0.36865052181450153,0.27885231088562956,0.3696365185958872,0.9360968791864015,0.02477923819210587,1.0715017604331822,0.012453915417900599,-0.0873318666593306,-0.11342288389025518,0.16856373951711948,-0.016316457929647827,-0.11036160409159973,0.04131799481572933,0.08359875759512747,0.3607146965251272,-0.5358583544548466
0.12941474784274984,0.3923236352568826,0.4525917812751948,0.3548712132822951,0.472362771255253,0.5878785730170637,0.42886660136436394,0.522467618486352,0.49365227053276434,0.49304187998041776,0.5704505159929616,0.433471176723823,0.4557388737873522,0.5396408627367785,0.8050684737280185,0.4595136507228706,0.5495775005176099,0.5114777801053553,0.5219042653036168,0.4783227957254939,0.41648532177643427,0.3893083526469847,0.4627506864345776,0.6816684647350867,0.525874166175723,0.43768686541780844,0.38797796479712254,0.5879005956641552,0.5814684769611598,0.4230294930079909,0.4261793629851608,0.4863794182130095,0.47635421173717696,0.47915847641973763,0.3608525882149166,0.3861695535781875,0.7208699669573511,0.3067629074409224,0.5485639760720228,0.21232312564666628,0.4260982613628152,0.41552519195401705,0.4292931455066559,0.24991493161110245,0.2174964045682979,0.46159358267368994,0.7922961193727861,0.02830846479297899,0.5963918596349654,0.2353920616372576,-0.08352880991496892,0.08592363360522867,0.006724910801559463,-0.09729259410454338,0.028769829389863763,0.03267091858683885,0.10705863257056937,0.11844174862393331,-0.3460678291807724
0.09149417106780425,0.3007350813966288,0.3226144807378421,0.42322675524282055,0.5966822933544647,0.606374793776815,0.5443872168523426,0.5609514640423912,0.53610669547748,0.5211396706941852,0.578467508178301,0.5519946783139604,0.597177444368815,0.6295351105514753,0.4595136507228706,1.1510644640668448,0.5391582071652721,0.5985116855365719,0.5707114669526325,0.4470037333910448,0.4117272385333477,0.5535846338704797,0.3186012858970546,0.7461652724435129,0.4699954753591943,0.37055763175921497,0.5368282248953641,0.5079159587967472,0.5922437415502989,0.4560878272219192,0.42403722483073547,0.5997553009177218,0.38513116841888373,0.49654292456877425,0.45346925286409473,0.5019042195345487,0.6319489358650351,0.29015512692814444,0.6432861612253519,0.2612873328518749,0.4341259472811435,0.4347415631742966,0.48361846108984397,0.31400227937166947,0.24414693535975712,0.319532838871424,0.7361746503545972,0.007998749957593252,0.7563849101481679,-0.3028475925234049,-0.11896532326266851,-0.027641835955489465,0.146453803793583,-0.030900868718988603,0.0357971655399067,-0.016307105099879003,0.08453525495906387,0.017738529316278725,-0.2061266142311922
0.10879231001766207,0.40561215896719377,0.5351298949921127,0.4157488226552656,0.41476107012913743,0.688338534529239,0.5274394600068203,0.6782505838498275,0.5618718465103931,0.579025558926218,0.7027583616829081,0.5328810958706015,0.6220160852724053,0.652412998788846,0.5495775005176099,0.5391582071652721,1.266257833458089,0.38533260171887873,0.5882573151121854,0.5679163748999,0.587594009704616,0.6656156708770273,0.5585588505725915,0.5878267754852127,0.6131874467658394,0.521711586885163,0.48673238937382163,0.8704481748839007,0.6585007970875958,0.3972475186207887,0.5706335640467382,0.6001370456814057,0.54913623131375,0.5685108728531427,0.48010916974823487,0.47405072473382703,0.9641537506698836,0.4116417135035118,0.8121657491578195,0.35162190820644584,0.6076291829168025,0.57583268121335,0.3293392893398082,0.3122240109833281,0.5455680353275132,0.5056070050538899,1.20665889158528,0.043283231719733695,0.5993569944848479,0.29702461447981515,0.13880709811104977,-0.002118218537852041,0.07387341337916789,-0.11141570912729043,-0.25322183410616933,-0.06360486312777532,0.19896627886859172,0.19054035618873758,-0.5696645502293055
0.119808267314755,0.45655516216066216,0.4060785233496744,0.4043211728995928,0.4913989865662119,0.5900106367361506,0.48951463201603934,0.5893581917043302,0.48367090721697586,0.5489329886569569,0.5485000377837479,0.4477400965290853,0.5787129162127601,0.45097748864617776,0.5114777801053553,0.5985116855365719,0.38533260171887873,1.2470410526842997,0.5280880091856536,0.2711293319474753,0.33683017202787285,0.5559679816779307,0.4284919636293385,0.767885776962876,0.5001679611110986,0.31237747607552235,0.3862233744752911,0.47739480751196184,0.6477110966625206,0.3915371322268614,0.3570102275338139,0.40716509932276185,0.4781566185309605,0.47646359727616644,0.2793204277472038,0.38529718342986147,0.5771365530846562,0.2178134337108691,0.5612006960111879,0.17693023408793096,0.22812328545509855,0.31833893875804203,0.4539143875521284,0.26782217550417914,0.19682300922771107,0.37311723060973695,0.7051988653086669,0.0005884576927308987,0.3667704218068616,0.15073565878096365,0.08252258875117094,-0.09095751374459447,-0.0870749907506904,-0.07315645842079622,-0.014939542932040343,-0.0721636828409083,0.07266411117942967,0.02806825277989061,-0.07116553084124864
0.13600901482025915,0.38921974030620343,0.5429811538314263,0.48819487174716986,0.8663064966188867,0.7937895563591305,0.47087044478891316,0.6528226826743997,0.5143607086050322,0.5412474418612148,0.513165671902968,0.4985903703814042,0.6198223038008336,0.5286566780724254,0.5219042653036168,0.5707114669526325,0.5882573151121854,0.5280880091856536,1.1762067267297256,0.41184617794357403,0.444685456658922,0.610947589618123,0.3540540775682581,0.7568209863887212,0.48318198209313323,0.41290802750955635,0.4264628776468447,0.5299004066861679,0.670639748278089,0.3146559835706753,0.43120674013732,0.5212284864639233,0.5158173743515939,0.5292793979646616,0.19431628512695018,0.4549432757529766,0.7917891228842295,0.32558517634151796,0.6747127863258733,0.20401874448249058,0.33596126033201296,0.41826312286936956,0.36478882753846714,0.3603217415398698,0.2682570639311664,0.5744357653496757,0.6139585233818754,0.030456983540034684,0.699010510735465,-0.078760442975387,0.47284762668509744,0.34422223538124075,-0.1436008831671968,-0.2655079548556183,-0.13713536649660127,-0.03359727480863118,0.145707426244994,0.09736068513788453,-0.2538140262652569
0.10304707716692511,0.42758979968606375,0.3727635980064306,0.3337119131463069,0.343820256403147,0.6447770760477793,0.4044610851619813,0.5667042201291461,0.4563042994783686,0.494767282263645,0.5557882520807184,0.44008148398919367,0.41465990474761494,0.5921833324302824,0.4783227957254939,0.4470037333910448,0.5679163748999,0.2711293319474753,0.41184617794357403,1.5182734694961306,0.3666945229236607,0.0396010108304722,-0.04087091768049003,0.6474928671232753,0.40366435355201535,0.5146372955279639,0.5634558898889171,0.6706661323943195,0.4600069930862968,0.5204772840287455,0.5737688417450171,0.5947624047549781,0.48126542751295426,0.4945962162943217,0.27881548172170295,0.4346414470002341,0.9064723030088119,0.7804779877357033,0.7598441149087999,0.32237500847306955,0.5953750335085198,0.4265764175450212,0.6645880308834028,0.18309507936712685,0.7118232171038342,0.2856538674477743,0.4547034251939535,0.0408500459062384,1.6068595526866982,0.0212976098154711,-0.2968680438780962,0.04217550671818461,0.18355913650728745,-0.05720968202687354,0.02435840280994651,0.01693448143554935,0.09823313946989944,0.36012774848826223,-0.5303374701479662
0.10756677384398966,0.3082368071995204,0.3619958764868312,0.3187069949559547,0.336199586099614,0.5349144568234936,0.43575523037803415,0.4493571612624147,0.47461658333617135,0.4223512091420829,0.4890502529524441,0.4028072261716304,0.4404486604057759,0.4625982653280158,0.41648532177643427,0.4117272385333477,0.587594009704616,0.33683017202787285,0.444685456658922,0.3666945229236607,0.7895282118701114,0.5031318740814713,0.41909830457564645,0.4509927729309186,0.5314449805497704,0.5134245882887993,0.3601598367925528,0.52470577930217,0.5801838588633542,0.4436857412061299,0.47077587664482745,0.4455817255916732,0.4216946464280364,0.4665010326054943,0.5336145991788013,0.4150485141089825,0.81856620338143,0.2861573740088273,0.48846698014255086,0.3018856068873751,0.611662903210639,0.641274503168121,0.3524456672455501,0.21066856218309868,0.4659481682989788,0.37291736061880953,0.9267672473981943,0.04771747525247581,0.6152629372144395,0.03036306365851112,0.018612551387163803,-0.04735046854590817,0.08561677694313145,-0.06367547852169404,-0.021038607738500352,0.013305225203319369,0.13133097537027624,0.10236284162710786,-0.3519761577928565
0.11829598419993485,0.2685660805604724,0.4737043945915322,0.4295796998845625,0.5214337043400978,0.6642212276768664,0.5943357407594346,0.5788170191562413,0.5862136882056548,0.5258736718632985,0.5663189657623731,0.532579463910197,0.7649346984715822,0.5708858481570656,0.3893083526469847,0.5535846338704797,0.6656156708770273,0.5559679816779307,0.610947589618123,0.0396010108304722,0.5031318740814713,1.586937482430678,1.1018588579622084,0.7044886766536125,0.5402856338189798,0.3057033463302662,0.42589848770183536,0.32184924960030764,0.910015833322501,0.3843182671165147,0.5070135249110721,0.6154053945810893,0.47073046587585393,0.8782491919314115,0.4790763478081698,0.4108154670181019,0.7226698852534366,0.1707171447110169,0.8695625080249337,0.22569569336845177,0.3273053823375208,0.4700706644190858,0.3894455807380021,0.5084990365520343,-0.026177905449755512,0.5111713016465659,1.158204121818543,0.026505690406997743,0.435731668455938,-0.05156057428515201,0.03534315647488439,-0.07378293955789125,0.021891633684959905,-0.1311339593604112,-0.10736159479551352,-0.01284985507265104,0.09483455565364132,-0.20230927888376624,-0.07031676277878611
0.1512620353024397,0.03355064456681655,0.3495909048345235,0.3422879583351624,0.40043632277828595,0.4475952590908379,0.507250939631319,0.418101541255912,0.5417390176802498,0.4519806922819914,0.49252289508688285,0.43975980135030457,0.47681125402547664,0.4906527593537901,0.4627506864345776,0.3186012858970546,0.5585588505725915,0.4284919636293385,0.3540540775682581,-0.04087091768049003,0.41909830457564645,1.1018588579622084,2.65700361022252,0.7854055914935288,0.8507009356114553,0.210763336126733,0.2816559624954535,0.3798325694906115,0.9774165787363573,0.6133907857368843,0.499381144798922,0.3565057679669147,0.7048746809522626,0.7507020321700776,0.4398483149855509,0.29066690617015306,0.9597204159501521,0.04727403409641929,0.9532675478296143,0.30400699082884675,0.3326065878829296,0.42498363164515285,0.45496685417368776,0.36523162833084544,-0.15358187126756154,0.6408606375723173,1.4763807135718365,0.07094248642800187,0.3412039985769601,0.28955013469737195,-0.13302907110324502,-0.04970340008504238,0.30140574018507577,-0.16832832397084416,0.175204734870602,0.02786910111878821,0.12122889447643917,-0.14047595852980613,-0.2389273055886087
0.1011588296690291,0.43170296976494216,0.5778717059142204,0.49790363544380306,0.6514062685049531,0.8757606466816938,0.7205383433869842,0.6994086178011544,0.775103693620882,0.6748418351849967,0.6895925976727567,0.640189333625125,0.7243080623735746,0.7442679050825417,0.6816684647350867,0.7461652724435129,0.5878267754852127,0.767885776962876,0.7568209863887212,0.6474928671232753,0.4509927729309186,0.7044886766536125,0.7854055914935288,2.6608498388667097,0.7542562781247627,0.5381326682618163,0.5216305359461493,0.515617259045946,1.0140122032686487,0.8283574813886516,0.5614221578598321,0.6228532143030373,0.7146668727541798,0.8184994568644759,0.5533903922712435,0.7639152598959877,0.9138024730528911,0.4197444494877649,0.8884391060650851,0.2683109305183655,0.33139086032048887,0.5199324001361618,0.7953624214854229,0.5185506112221121,0.18426328728137373,0.6614383339159743,0.9503779499330561,-0.018316021773684844,1.3418546664017579,-0.14202076388516313,-0.08645232130764577,-0.0340225497298446,0.2447374075672225,-0.1305006198008009,0.07041474415395399,0.08270403194185462,0.1668183500743948,-0.0353352029798151,-0.26840357184067715
0.16435550019290704,0.31204941695060484,0.44744990679767277,0.40839439084858203,0.37858018728710535,0.6139638284541861,0.47760982489104176,0.5416635000744968,0.5685870137247171,0.5081536549892486,0.5781783478647167,0.46419464297972396,0.5424865829448638,0.6243980886625269,0.525874166175723,0.4699954753591943,0.6131874467658394,0.5001679611110986,0.48318198209313323,0.40366435355201535,0.5314449805497704,0.5402856338189798,0.8507009356114553,0.7542562781247627,2.2659064744135935,0.40545707423877236,0.42864278863792343,0.5512782607090755,1.2665249472726905,0.8654376444326938,0.6193370738517625,0.6030467655067822,0.6009635430180725,0.8524162843944068,0.6594892370082697,0.5767506632627081,1.1419377617948687,0.39573684522993396,0.8562256724139932,0.21419753406423936,0.6148621558323231,0.5465531601907752,0.6183085487001699,0.6369836894942122,0.2744996848909298,0.798877618853897,1.2577737406868936,-0.016206428614353636,0.3590239454031077,-0.29420127747542074,-0.06076490375646658,-0.062313332325548206,0.3188988060465472,-0.1317726423743359,0.0692336401979907,-0.05999982208798155,0.18780978455090427,0.010877365147113219,-0.2896545936197451
0.11528639434472591,0.34736824600896415,0.4101271491533281,0.3049002511640991,0.31101792468462214,0.5670982403984123,0.4196295081785457,0.5622005459635553,0.46778801083507826,0.39711910719820587,0.5514207084394513,0.45333110737990323,0.4309584388325258,0.46933604373787124,0.43768686541780844,0.37055763175921497,0.521711586885163,0.31237747607552235,0.41290802750955635,0.5146372955279639,0.5134245882887993,0.3057033463302662,0.210763336126733,0.5381326682618163,0.40545707423877236,1.7821779753165725,0.3728716274879505,0.5575107323059071,0.46317944065782357,0.12749820659295638,0.4767301276386129,0.45833255439134823,0.3284648703798499,0.46294133441826174,0.3891323038168099,0.2489195606091346,0.8035869704732385,0.36015160882446906,-0.1528882228684429,0.2340989561523963,0.5474059752381134,0.5234344261488575,0.524423957107815,-0.12612343534435744,0.5505887082470063,0.3574352514793649,0.6835172053688509,0.08664745692066785,0.7792889497406362,0.12247610357553203,-0.0246236800745687,-0.023960749596191124,-0.00991724423662173,-0.10661016439435916,0.030473934364281485,0.03015895028410036,0.05675444184602043,0.5348959502903461,-0.7246307231091517
0.0828360986015731,0.29502360872711314,0.30615925100899577,0.32345799463176717,0.393614704647633,0.5158039251818892,0.43521120615874864,0.4747969205319744,0.4361282511147518,0.4325714795746627,0.49538069799174916,0.4815766379919417,0.4947748597475275,0.5157883705611905,0.38797796479712254,0.5368282248953641,0.48673238937382163,0.3862233744752911,0.4264628776468447,0.5634558898889171,0.3601598367925528,0.42589848770183536,0.2816559624954535,0.5216305359461493,0.42864278863792343,0.3728716274879505,0.6276247627094045,0.44608952735488894,0.4637166695334281,0.3804734599434892,0.4313140947916964,0.5742637194652062,0.41100350455574486,0.4392135639494843,0.32888773209343525,0.43822508028704976,0.6177278742903406,0.3551524737254251,0.5781038579996826,0.24389397674693636,0.4241239512441125,0.37784248329703013,0.4415533570481456,0.2055874491931729,0.31179848681583366,0.2718198830847636,0.6185944214589761,0.016125249862322222,0.8287272820767034,-0.06057582351359133,-0.11065004810659286,-0.00632623285495462,0.09197170790825537,-0.04863169448199746,-0.005494661913544817,0.006940392370066121,0.07586330090681366,0.08622032719720964,-0.25791694950541016
0.09597114588993551,0.38072014525484643,0.378732283336126,0.2907906817818235,0.3096889152440469,0.5745092818125112,0.38950624487859886,0.405627759411218,0.5407793017289406,0.4629355330052492,0.500531582607353,0.25930779434550505,0.4383582512011367,0.5748321518165187,0.5879005956641552,0.5079159587967472,0.8704481748839007,0.47739480751196184,0.5299004066861679,0.6706661323943195,0.52470577930217,0.32184924960030764,0.3798325694906115,0.515617259045946,0.5512782607090755,0.5575107323059071,0.44608952735488894,3.1444206302439577,0.5563238203406841,0.4767199432490015,0.5747252498014955,0.5319850274871625,0.9112179749995066,0.31377736847204485,0.34695228392602573,0.18510111203318863,1.1732382717879166,0.38642143093886056,0.5041685560931607,0.2975719731285743,0.6466237079759448,0.5186796922392775,0.7115176049470263,-0.048694255919456676,0.3262516273791379,0.185139276107843,0.9313019642875678,0.07041416207400394,0.7824382352902362,0.21215525616894004,-0.06167291709541007,0.383430526675378,-0.02237267405529744,-0.18053918737697353,0.6705270822081465,-0.02859692952340242,0.025324078017895876,-0.10589898410112147,0.2740097013304554
0.1398058539973783,0.4255380850203363,0.5757418847984853,0.4541309318290165,0.5157839367279705,0.8000837851858557,0.5445321541160996,0.6764679053889524,0.576601621328192,0.5811456794325341,0.6654486097590985,0.5113132410199981,0.734984033085943,0.5974877401519141,0.5814684769611598,0.5922437415502989,0.6585007970875958,0.6477110966625206,0.670639748278089,0.4600069930862968,0.5801838588633542,0.910015833322501,0.9774165787363573,1.0140122032686487,1.2665249472726905,0.46317944065782357,0.4637166695334281,0.5563238203406841,2.717247843451854,0.5651159572966901,0.2885738222746946,0.5111536273615225,0.45634254809138786,0.7787058161331789,0.43676321147519576,0.5586300123834785,1.2200150081644925,0.2269474188419912,0.6977157087816708,0.3903314384886312,0.5246451088743793,0.5682568150517439,0.5862907158742159,-0.1561006953402876,0.4696256686298373,0.9831491103753848,1.331061370415102,-0.015515324790697007,0.8258539254346725,-0.05761850148019567,0.006863659922583395,-0.003961659509292791,0.112088368270143,-0.1495009282654332,0.1673049859628195,-0.17246549770387773,-0.0003219003878273446,-0.06356812159602751,-0.052228688982053136
0.07649604712435802,0.18609037435622378,-0.02972926115122346,0.35323750066081555,0.35443891635856406,0.400234491386449,0.4039545773734457,0.39693677469271904,0.35236349134436024,0.4746954430766543,0.4453810822088037,0.3596254979573613,0.37876236311008704,0.5698980971799157,0.4230294930079909,0.4560878272219192,0.3972475186207887,0.3915371322268614,0.3146559835706753,0.5204772840287455,0.4436857412061299,0.3843182671165147,0.6133907857368843,0.8283574813886516,0.8654376444326938,0.12749820659295638,0.3804734599434892,0.4767199432490015,0.5651159572966901,2.6418711381766733,0.5586747770902403,0.5738313683140951,1.1332627843735017,0.11442184846680331,0.771035951469168,0.6160076883451953,0.8636736768305084,0.39906460227739976,0.903115546901118,0.1658059954379471,0.6045565053296159,0.47603566658935587,1.0201764311552126,1.101838455614943,0.07830510868065217,0.6435102764050887,1.1646534855597492,-0.03324043356744485,0.7980509546129023,-0.011995460416056977,-0.2962588634868026,-0.2354027862940946,0.24684800303262722,0.05097449356905285,0.1289933108927177,-0.20385242052668912,0.09640198515427954,0.674027742095476,-0.5495192404924043
0.12345632694298146,0.25310129662484526,0.36487106886849235,0.33901112558100505,0.3867785918579503,0.5233216249331926,0.45338107917600734,0.4642199109947062,0.5152624340902572,0.46964972689726264,0.51131393797735,0.44690006700839136,0.4607296385902818,0.5032689890220465,0.4261793629851608,0.42403722483073547,0.5706335640467382,0.3570102275338139,0.43120674013732,0.5737688417450171,0.47077587664482745,0.5070135249110721,0.499381144798922,0.5614221578598321,0.6193370738517625,0.4767301276386129,0.4313140947916964,0.5747252498014955,0.2885738222746946,0.5586747770902403,1.4238575892794012,0.4981302510348154,0.6280259767220788,0.32274651311091046,0.46750507548891307,0.7438864612772904,0.7843498888979915,0.4322279689929993,0.6698753131590032,0.22039729985484277,0.5517044063004704,0.4809795412532489,0.39262909612120395,0.5055767275685489,0.37939940782237885,0.36665026912473836,0.8544598577635596,0.0032043306910354706,0.4027803151519923,0.07559986124628355,-0.11729447492936317,-0.011445927661849653,0.13075385936802159,-0.1070552979229936,0.022231216865083073,0.06651925112691222,0.28414939469845707,-0.0567252433835671,-0.440414458199963
0.09929707896090939,0.3155100184043155,0.29028543260415235,0.3976567010023137,0.46868723286255204,0.607348734551671,0.5254077781788052,0.5209142851325469,0.5856714578767194,0.4992522827856615,0.5407995413249213,0.5253112554424374,0.5353621967093023,0.8801954795828856,0.4863794182130095,0.5997553009177218,0.6001370456814057,0.40716509932276185,0.5212284864639233,0.5947624047549781,0.4455817255916732,0.6154053945810893,0.3565057679669147,0.6228532143030373,0.6030467655067822,0.45833255439134823,0.5742637194652062,0.5319850274871625,0.5111536273615225,0.5738313683140951,0.4981302510348154,1.3070552736154195,0.46116067488195933,0.6439340314645132,0.5144270116959715,0.5367237363158405,0.6579411388894685,0.39479721787573485,0.6575311371082211,0.2720415972164795,0.5833876126037422,0.4740058912131907,0.5572629208460261,0.39625472286842095,0.2610258562572934,0.3300560844081497,0.8826301122106196,0.01798103269524533,0.9389020532030248,-0.035117593410305584,-0.04025953687708548,0.018652824236229534,-0.013507302290067117,-0.03039485874854809,-0.11023733306792934,0.05886355442571031,0.07929334225446404,0.28358511033606376,-0.46583929196847534
0.11352735394075218,0.3174991118048416,0.34750630888492706,0.39105245332841493,0.4143416206708015,0.5119056715063495,0.3991759093226809,0.507324766272672,0.40588457116273724,0.4769154003592077,0.4622776061205881,0.36803743606792455,0.454852981490477,0.5001847842652414,0.47635421173717696,0.38513116841888373,0.54913623131375,0.4781566185309605,0.5158173743515939,0.48126542751295426,0.4216946464280364,0.47073046587585393,0.7048746809522626,0.7146668727541798,0.6009635430180725,0.3284648703798499,0.41100350455574486,0.9112179749995066,0.45634254809138786,1.1332627843735017,0.6280259767220788,0.46116067488195933,1.8260713607793009,0.16573093907973102,0.25872945690717275,0.2170610689451429,1.338077200246645,0.402351006152218,0.8259934307723722,0.09595400807651798,0.2802457148434186,0.46273152064731354,0.8085456553352907,0.7280978080472917,0.08087944699030672,0.5369027908138182,1.200885524630593,0.004575383303692394,0.7298433166695761,0.3590949292803695,-0.048785438520268974,0.22929819807707275,0.019270542801825188,-0.2560745120652142,0.25418895104777267,-0.20325189511310254,0.0031503452224745914,0.25903731050050033,-0.11766478426329596
0.11036221313644742,0.3889158030001473,0.6226618302233945,0.4462837045935041,0.40333937516081625,0.7111340926364051,0.49142553453482246,0.5774480710470079,0.592276273946354,0.5296262182662383,0.5258437532177003,0.4872872497228174,0.6139698277203428,0.604168182801302,0.47915847641973763,0.49654292456877425,0.5685108728531427,0.47646359727616644,0.5292793979646616,0.4945962162943217,0.4665010326054943,0.8782491919314115,0.7507020321700776,0.8184994568644759,0.8524162843944068,0.46294133441826174,0.4392135639494843,0.31377736847204485,0.7787058161331789,0.11442184846680331,0.32274651311091046,0.6439340314645132,0.16573093907973102,2.625946419013692,0.6855559578238694,-0.011373909915304159,1.0508633540557795,0.30185867746895373,0.4302221921699723,-0.08883434772008805,0.48694134786241167,0.5115523051333313,0.7892642731184373,0.8791062088772471,-0.47763499336438564,0.7138958400996708,1.1034538468645496,0.10810042399642553,0.8505553764224747,-0.1265549906269586,-0.05323880249036575,-0.04380278474313759,0.17559831598871195,-0.13670223239856705,-0.15780399832047418,0.04857824760769882,-0.10836807362338215,-0.16978713751581126,0.320219361229709
