3.612578473646777,0.42928082774823967,0.49730340822198793,0.0824434979343902,1.073685737610814,0.27717426296050024,0.45798652157798875,0.3583611539862491,-0.06288753761871824,0.4210506725194661,0.28714843567248716,0.38557676194298884,0.12579238989222347,0.21197016803357804,0.2568364010179359,0.31194516259375255,0.2260920408767134,0.32178979751347214,0.13216301757220592,0.072230734591557,0.27222237473475613,0.15912260214225626,0.3043376725116033,-0.008184921431401863,0.3452332388152956,0.029848582599779055,0.1782087710181894,-0.1308385683903929,0.37714251505329965,0.0786051004569859,0.03731908111626378,0.11513134880154743,0.13202285044391493,-0.30198504424937167,0.1869144553267219,0.1419824542387738,0.22169339861418913,0.11281180956687598,0.1457355793433725,0.17372320379456396,0.13851665756928777,0.1732259602850096,0.020577108023748823,-0.037283164962213775,0.16519766421343368,0.2633118208008538,0.2580481747515058,-0.04081542194468648,-0.05269697454212722,0.1984406538340048,-0.053756944847284514,0.06542144964507601,0.028918398245565757,-0.026572260273064186,0.5226939885160873,-0.059632837073025864,-0.4987521363605172,-0.7586651221430962,0.8310027795050415
0.42928082774823967,1.5145006008569204,0.7279544187478566,-0.16617082608812594,0.21322873347465637,0.3506292514678888,0.2229311332438595,0.27191174911037985,0.23007111436231115,0.22549557287458788,0.19885361927546139,0.19448884670567954,0.08767709786994926,0.14058807020633302,0.18668537799465013,0.08739173222199795,0.24562845623107973,0.3680849252870497,-0.07387415428046781,0.3259016571947406,0.22507947288413568,0.1663113766708728,0.25406528467058503,0.05735095659680966,0.16282548481771433,0.2924067233800681,0.15403000692992008,0.26604426032552375,0.3292133802518308,-0.10467460067315505,0.09688051389573245,0.10830182093307326,0.2093921576879154,0.16712520908565798,0.2606711188730102,0.14940833595081124,0.4120304321742577,0.18224867962012734,0.19390440443380202,0.14626620495963122,0.048178676698828804,0.21030653381058706,0.1714700563255987,-0.02316467413324479,0.43614457810980767,0.23599711612417626,0.23215638664685717,0.005439406955148128,0.18044919090069597,0.04149398217385328,0.155037820441368,0.21455830014133928,-0.20381691951971806,-0.17846411506795964,0.0010042877633861934,-0.23587144009443434,-0.5345190790546812,0.016055118293528157,0.56811364767732
0.49730340822198793,0.7279544187478566,1.7939414114135677,0.06475832502905601,-0.22589746024240073,0.21876074997618702,0.28187893557677934,0.20092346130611324,0.34316319044467875,0.3498030217590604,0.17530371533085237,0.21212020866253925,0.08407256134882327,0.129643020252021,0.24021606064677745,0.07743701089565955,0.25610250917572713,0.2912791344359155,0.04056057600892907,0.0947892169886341,0.2590091579549218,0.22302553930893557,0.20831488995377997,0.1187262717006491,0.15830582691482914,0.21018277615130934,0.12793300303569305,0.3309441617356988,0.287902549293497,-0.3336299778144617,0.15723138757373617,0.1161391557420679,0.23472727915824745,0.10771530610781345,0.24651639940359837,0.24628739664534693,0.19178732529671297,0.07135160632148362,0.15040578340027239,-0.04593521654171722,0.09541870294237509,0.2848905447684367,0.08989681903340693,0.009281107264893009,0.25662704111467455,0.276223254553094,0.11702157936522978,-0.01900497755768085,0.08844340290324175,0.055526134737821226,0.07281568872021382,0.2078708853825059,-0.17021973491634507,-0.19409817235535984,0.35419519909863967,0.02882102242383906,-0.27527360792237965,-0.6154427041420969,0.43513223156186037
0.0824434979343902,-0.16617082608812594,0.06475832502905601,2.7280331692118427,0.11074496646343157,0.30481487648529365,0.1660253813378109,0.25174749467948665,0.052335624934626075,0.2718931040537044,0.20867104104954576,0.35630728818413193,0.047085838882317134,0.22967677995703342,0.11153723112675624,0.29047767850165374,0.19511862755752557,0.13041428064763289,-0.003055495586786328,0.15653166111844552,0.08767048307101835,0.16640728818350758,0.1772557888120336,0.15997320325956566,0.21328264151877338,0.07240164990922292,0.15807425239485806,-0.16638448957904922,0.24357029076260395,0.07955608677236303,0.07096495297405732,0.2427790159363876,0.04033353119682283,0.33662943285723523,-0.49467943798263414,0.2668249613916377,-0.02860992393519836,0.11636756698414713,0.07677086691640127,-0.05579818302444547,-0.008833633809320108,0.03513780052434404,0.16588593890181727,0.14539366560776815,-0.02188977801470114,0.11500574160009554,0.19567064926482586,-0.0008159033790995016,0.192787392705384,-0.2821304655227566,0.1070585565280544,0.1254936037340592,0.10878267105280126,-0.07660207390169071,-0.42373522590183943,0.0658351655662539,0.24597286414220557,0.48831324271441984,-0.4801934800734949
1.073685737610814,0.21322873347465637,-0.22589746024240073,0.11074496646343157,1.7914984380210746,0.438654481992584,0.3570269574186076,0.3083618181187295,0.17382577143286004,0.21585363119440623,0.26643269771060524,0.37750336092566444,0.13035727954139364,0.22914539623489671,0.2127610359093087,0.31335451003196124,0.2516221727892751,0.22252104962239522,0.15931668203999896,0.2658457292557787,0.19867233706627468,0.23077002818208991,0.3249762401131095,0.21581252746732316,0.2953918970160566,0.15005766858184835,0.18187658641903923,-0.19121559572689717,0.39556864515435164,0.12347089139597706,0.10112595542208697,0.1306133393087791,0.10658503940518092,0.522644306514304,-0.11352888441819496,0.25551329200249245,0.2878855176614286,0.161405145690031,0.37174940922372274,0.058052409504233106,0.010221587104906412,0.18804783624950994,0.18335423182879293,0.04677233059677391,0.03795185685115445,0.16455426177303012,0.2693209256852055,-0.001423019487703735,0.17199268986657382,0.026086915233157495,-0.10141165380181738,-0.17617701514057496,0.36134035513572066,-0.06750549347937636,0.2045298903020286,-0.09664238215892434,-0.5476341767656207,-0.26791563900232,0.6499247479947521
0.27717426296050024,0.3506292514678888,0.21876074997618702,0.30481487648529365,0.438654481992584,0.7650948927034976,0.12897643326169708,0.39884389750170984,0.20986887185272912,0.21757751795356897,0.23612096347102152,0.27657626655330125,0.09453364213761903,0.17523543019907403,0.16719318142958092,0.16348839707493587,0.2810153877744376,0.24674692896379627,0.2549736803491585,0.32770730783696783,0.18172821845220094,0.18628020087679212,0.18135937609154132,0.11272431425316745,0.23432919334735003,0.2700102987809949,0.1930867501122458,0.030561092447184447,0.3449626037160993,-0.02487233932865491,0.14259960490933346,0.1696360092526434,0.04079833678842425,0.3140870869982655,0.12442160882828569,0.14062384661131727,0.240460892629152,0.19517538324739978,0.30146222292860536,0.13942638484160416,-0.04094764285357775,0.1384440822853871,0.2213445414481917,0.05215296918310242,0.28301819425531594,0.14727185933617917,0.28395862283655504,-0.006846599228300098,0.16414339765983776,0.03291358798520777,-0.04884618001880834,0.09278839683389137,-0.0715634956127909,-0.03737551086632293,-0.09953826894642068,-0.0480755759492807,-0.16794602221036004,0.22872623545864346,0.004186010703511258
0.45798652157798875,0.2229311332438595,0.28187893557677934,0.1660253813378109,0.3570269574186076,0.12897643326169708,0.8566004092999383,0.18999106562932488,0.3320283708493322,0.14209258055499954,0.2317232707359081,0.38635418846620806,0.10013035674989439,0.29092662318083,0.12115091195153575,0.2731478718055391,0.29355769252949926,0.16013934404395258,-0.04829283077852452,0.12463758358448004,0.2077628695540824,0.2843373013468059,0.25296721816704537,0.19640907975199057,0.24004866323814963,0.14290498972648363,0.1717473938171439,-0.05905460120149137,0.3029643626588019,0.04495351018622386,0.08815772194047994,0.1757907034852556,0.14824769386373127,0.3519797578654889,0.11617154324938696,0.31007368398056534,0.13849218467905552,0.09632182027890358,0.25217860610599774,0.041212316177682756,0.03884346352908741,0.19516004778286475,0.12237717319812272,0.0420430149477127,0.0788704350069788,0.20743084462124586,0.08519571327663379,-0.01815112121518088,0.19198687223448116,-0.14260462403178514,-0.00965923835572182,-0.2341549864646752,0.4150930893056588,-0.11151842123211707,0.25729265528647155,0.03391894399407464,-0.30523822224042657,-0.08232406966940392,-0.057870174279346744
0.3583611539862491,0.27191174911037985,0.20092346130611324,0.25174749467948665,0.3083618181187295,0.39884389750170984,0.18999106562932488,0.752228626565313,0.04799800955751259,0.22046312868080176,0.26386018485008744,0.09340085351720942,0.11432094018588808,0.18575870458155577,0.16122896557591293,0.13712930937263365,0.24334784534080775,0.24908145038269383,0.2350772679814665,0.31133716894526764,0.15873324655892557,0.11710631244116365,0.2015649999689474,0.10920550342052274,0.22813361586917255,0.26015021706631386,0.1521664659590733,-0.12331768533147472,0.2848242746742688,0.03031832367043512,0.11803936809232289,0.13044361177479574,0.10351285743088336,0.28053374680448967,0.16654842438919976,0.14252760982334323,0.28301224607007136,0.1849980290152615,0.33999552319040877,0.1571151144389376,0.02559361301765416,0.10374631304981519,0.16456946276730625,0.04537674228191076,0.22283383041606739,0.19740163587598414,0.2763062237150822,0.008351196471230586,0.1265200985621767,0.24485298684718232,-0.0003781006913273555,-0.11421521091420181,0.12463621565340387,-0.11765989295013522,-0.030994427573920773,-0.1379440199467158,-0.12552652370322173,0.20621958431129356,0.050252352165839786
-0.06288753761871824,0.23007111436231115,0.34316319044467875,0.052335624934626075,0.17382577143286004,0.20986887185272912,0.3320283708493322,0.04799800955751259,0.7587724072919947,0.14092775327763624,0.14580205734470086,0.2058977456571744,0.06970823236424774,0.16710030448527471,0.18835937455725205,0.08044297197066967,0.24454405952928165,0.18262602917520993,-0.027707119306349885,0.12435016111387452,0.16731288378967454,0.34951110127930635,0.2211374000328303,0.24017040831774084,0.10937171867148873,0.2692993059182029,0.1309726710356411,0.24954072285037454,0.12400734235539393,0.014005083000831746,0.1799484933572237,0.13583072154628487,0.23683629397286127,0.1525976963400895,0.06492364614579332,0.15517646992804765,0.1446862174935568,0.07869473218325543,0.1787530183905136,0.042156267329332725,0.05941817700261476,0.18439858122261693,0.18543559567893345,0.024869220049758594,0.12163097558085642,0.19127839138930292,0.1671958308856978,-0.01804802853440207,0.5453259233692868,-0.13984698656422193,0.03171623793885032,-0.057628058803875074,0.18454642018009326,-0.1310390170367368,0.1451804742342925,0.11468889137370411,-0.21775093639022494,-0.07785972586321412,-0.046118003988119785
0.4210506725194661,0.22549557287458788,0.3498030217590604,0.2718931040537044,0.21585363119440623,0.21757751795356897,0.14209258055499954,0.22046312868080176,0.14092775327763624,0.6605039909430278,0.22631624871271896,0.25142341076312935,0.10215321768035956,0.13908693772944591,0.2257267026664363,0.17367358112102033,0.2436752825488901,0.3319245974290719,0.1677083523297998,0.1466415269331418,0.11798432355588528,0.17648863000608667,0.3266115512540131,0.21818918932296966,0.23156297448277446,0.17993311099638978,0.17034256289746538,0.12650365775183012,0.2727772653274567,0.05586297398055193,0.188485666971508,0.1040061790326642,0.18185508566838873,0.3494262843012242,0.1493758564958512,0.19359517565262857,0.2633350209981209,0.09314511784515728,0.3456234706594422,0.07618887059369943,0.13558144085225068,0.11156868450410652,0.14566688147459236,0.05675398921836329,0.0199403360144111,0.22104304826319965,0.2961710243868114,-0.011922798996332844,0.19510349194424365,0.1167168528854667,-0.028087629494141477,0.016506715847650177,-0.008224448277826393,-0.13798641637911604,0.38219669335058676,0.13610722132153807,-0.26334532114316817,-0.4864868441773277,0.32155812014765994
0.28714843567248716,0.19885361927546139,0.17530371533085237,0.20867104104954576,0.26643269771060524,0.23612096347102152,0.2317232707359081,0.26386018485008744,0.14580205734470086,0.22631624871271896,0.44606405152122575,0.2518706866720925,0.10857708134538706,0.20684317127527538,0.24695713223389434,0.1957885406778828,0.24451720947416866,0.20042914491384323,0.10346724932685253,0.24135145572923522,0.18340502698505654,0.17496912025859496,0.22713645422569811,0.19884213583357738,0.2118710880339646,0.14405701533195428,0.17792114530170577,0.07077344372385902,0.24891443368874247,0.0948994189724721,0.14859580653669124,0.13931420804261138,0.156354365640736,0.24585446844937714,0.1398545418111793,0.17285396702810205,0.23100724757120814,0.14219915127627852,0.270853480663381,0.1250931433967845,0.07183372743450735,0.16536584984823824,0.1675262647280748,0.02170864251073501,0.1450698946884686,0.2086343583111856,0.23246049700633295,-0.0037094314148273092,0.1595100273320023,0.028072258896865838,-0.0096768678426142,-0.08925898457460353,0.24119543425384868,-0.09773909891077602,0.02001374909447795,0.02298078574760684,-0.16945646835560788,0.04257339276332236,0.03931532056958418
0.38557676194298884,0.19448884670567954,0.21212020866253925,0.35630728818413193,0.37750336092566444,0.27657626655330125,0.38635418846620806,0.09340085351720942,0.2058977456571744,0.25142341076312935,0.2518706866720925,0.7069344201943059,0.08887082208322668,0.23859510484934196,0.13880741196956453,0.25813971604672464,0.25372643888845176,0.2488430335639015,0.060943791000199636,0.136186543506491,0.19129453407644806,0.22527459681763523,0.251591215323475,0.16414201375014437,0.27604066638869695,0.1341068219492015,0.22458446488573675,-0.16459100773797716,0.3091043023010033,0.08842943363066591,0.11693421028396637,0.19536503676595351,0.0952544574113312,0.31752486488656123,0.1348412864547154,0.32425366779513287,0.09861126427179759,0.10482472197576469,0.2293327536008383,0.10145338839478044,0.025750109061231364,0.16388462114975752,0.14864993020899858,0.04697277114429973,0.15668474834126395,0.21250055137657944,0.22383071391563583,-0.023310415041413308,0.10290075454226459,-0.16959602993131276,0.03708664528743922,-0.051739427219415234,0.1623679855471618,-0.05634163188909242,0.07001552082203316,0.1252888792132853,-0.22204049029133122,-0.08932145124542798,-0.00816413044066143
0.12579238989222347,0.08767709786994926,0.08407256134882327,0.047085838882317134,0.13035727954139364,0.09453364213761903,0.10013035674989439,0.11432094018588808,0.06970823236424774,0.10215321768035956,0.10857708134538706,0.08887082208322668,0.19126645114138222,0.08108045611616942,0.07298806104815601,0.09382555248475787,0.09355595489126735,0.09266155786405761,0.04391384243804628,0.09437926556064354,0.03929045515841156,0.09531844326718082,0.10642147897990013,0.10470331128729918,0.0854868550755369,0.10817890356302051,0.09200939243970258,0.03142201164949445,0.12453826127728923,0.02378331002419416,0.0674263591707178,0.0764220674684111,0.0848415967017389,0.12051264205878905,0.08161096722643073,0.08539320257276056,0.09829427497631885,0.055052931092782,0.12496417013700521,0.05084943493968798,0.031606188736304025,0.03721916919093482,0.06944212237232233,0.026513251952606558,0.017237729134397934,0.0913887825019287,0.0874679178641268,-0.002678467993034288,0.16478705421531634,0.07399607569270925,-0.02381215162767112,-0.03867329748579595,0.04570645550496451,-0.03826625666923142,0.02016330910661313,-0.00894753341982563,-0.05902735741592081,0.0012797628678802393,0.030296186025512165
0.21197016803357804,0.14058807020633302,0.129643020252021,0.22967677995703342,0.22914539623489671,0.17523543019907403,0.29092662318083,0.18575870458155577,0.16710030448527471,0.13908693772944591,0.20684317127527538,0.23859510484934196,0.08108045611616942,0.6088167536303257,0.16685421811207696,0.3184921326376615,0.1948407580482339,0.10619183786888377,0.0862168661901269,0.25474157843279677,0.17981641919993005,0.23136191206257004,0.22333431281081123,0.30094272299659386,0.20978783415039262,0.16814386236026896,0.12950001801697048,0.1537037932584668,0.23812477841105903,0.17377983000879615,0.15282310105045221,0.31831213381168616,0.17837829261694457,0.2252533163375663,0.11916962492196022,0.15863416453888282,0.25627806243872575,0.15324482407252232,0.23322020041626093,0.14129001803859054,0.08344855564407644,0.1633517953126822,0.2795294055590067,0.0424436439148805,0.1942010438693078,0.1979990529516833,0.25338906880179585,-0.01155704427926208,0.3172161810998316,0.04675444937585848,-0.00039271509711667535,-0.2005440045848321,0.2985877738180046,-0.027830222891010382,-0.243942857438924,0.04486938240422969,-0.12210179271909179,0.16255058456736146,0.17463259767307565
0.2568364010179359,0.18668537799465013,0.24021606064677745,0.11153723112675624,0.2127610359093087,0.16719318142958092,0.12115091195153575,0.16122896557591293,0.18835937455725205,0.2257267026664363,0.24695713223389434,0.13880741196956453,0.07298806104815601,0.16685421811207696,0.6911793603467338,0.166030135550426,0.18309651651107717,0.11627420403318854,0.07718345197553009,0.22402277234783688,0.21171848246466446,0.16014294661917203,0.23150144987182447,0.23051299119872895,0.21800869485494864,0.11213279910079865,0.16222306032265651,0.34063038310327964,0.2198714199874252,0.12322247968197028,0.13435452528229988,0.12444057432774389,0.16705479267597922,0.17083907553481195,0.1574655338492372,0.0777071797550646,0.26711488218377283,0.129670866346752,0.206752820040298,0.07406427347696846,0.15856154981038975,0.21891738712522033,0.20126486407901042,0.0015688568818798218,0.08399180210905974,0.16882957753839817,0.19573991776008998,-0.00830358655500855,0.1746595680947128,0.11009803685914481,-0.1853249207672726,0.38497607572120046,-0.18585722247432301,-0.06091134314656209,0.08985397568706323,0.07212504316577208,-0.2534999619796004,-0.04438544558872584,0.1462329096861609
0.31194516259375255,0.08739173222199795,0.07743701089565955,0.29047767850165374,0.31335451003196124,0.16348839707493587,0.2731478718055391,0.13712930937263365,0.08044297197066967,0.17367358112102033,0.1957885406778828,0.25813971604672464,0.09382555248475787,0.3184921326376615,0.166030135550426,0.7503708627332467,0.22024685591271254,0.12706102786956883,0.0615124125105677,0.17710163638930398,0.17595373645537027,0.3655075765677044,0.2656397683186377,0.2946557689423776,0.2687971124592816,0.011158735855897776,0.23149831149321953,0.09607189179786171,0.3324610541273123,0.1543896076764497,0.12228069490296924,0.20670899124525258,0.16439898133848585,0.28417850769726843,0.2587174113254094,0.17801243895871435,0.24992350727753038,0.12750212034048403,0.23581750657833356,0.16109102946783227,0.11958858811047615,0.16299531447818583,0.32175948902962714,0.05496860117654014,0.08120952474467275,0.19962901987584672,0.2395698220653219,-0.040829048816765204,0.21514421161863706,-0.12852388255811267,-0.09319889218267222,-0.005166134687116731,0.29697009822894904,-0.0014982461866022518,-0.09862269129256432,0.12162746475343719,-0.22102769274044334,0.03931615571863903,0.1970031603432146
0.2260920408767134,0.24562845623107973,0.25610250917572713,0.19511862755752557,0.2516221727892751,0.2810153877744376,0.29355769252949926,0.24334784534080775,0.24454405952928165,0.2436752825488901,0.24451720947416866,0.25372643888845176,0.09355595489126735,0.1948407580482339,0.18309651651107717,0.22024685591271254,0.5043903255813347,0.2324345288258449,0.1115062869726214,0.2219051635121307,0.2232288079642012,0.2762562372766974,0.3037753126206512,0.2194583159205089,0.22077760508735333,0.09878785819372914,0.19023148684868177,0.16166183562168268,0.297624342341723,0.06884430576126092,0.14205521642351696,0.13705783311999153,0.2323492240403956,0.28324347045693693,0.1423128015404644,0.16841138440689912,0.3353480899928116,0.13421800685810503,0.30823541694842915,0.12125425214679086,0.08690736515301545,0.2037067564677919,0.24306979039981516,0.0411960092638277,0.1790355586631368,0.22640494142982903,0.27664164078049996,-0.018125856887951652,0.1883184122335443,0.06055107078257374,0.026943403311825712,-0.16518366585771077,0.13232717597743854,-0.12347477324340644,0.09197541320002087,0.004968310325115068,-0.2366946026228388,-0.03514012293430055,0.15892665541503231
0.32178979751347214,0.3680849252870497,0.2912791344359155,0.13041428064763289,0.22252104962239522,0.24674692896379627,0.16013934404395258,0.24908145038269383,0.18262602917520993,0.3319245974290719,0.20042914491384323,0.2488430335639015,0.09266155786405761,0.10619183786888377,0.11627420403318854,0.12706102786956883,0.2324345288258449,0.9668842803343202,0.1549814137344738,0.01692207378829835,0.20355936151638285,0.205180539867916,0.6787859594763027,0.23613151377904731,0.20546715289403308,0.43193005790713307,0.09365574007100126,0.3967295675679422,0.18254834789878496,-0.08422881124545456,0.37099527970310714,0.1214653244032996,0.304573812694391,0.24122906940534475,0.17862713225837326,0.09190504080219355,0.40133305766387267,0.027047517382483868,0.44813528190242846,0.1811534141288616,0.16868631254476227,0.19634027066632911,0.2394875907213704,0.05555071492881411,0.25330466817063196,0.2745690683009819,0.44987383430357747,-0.006445007730438717,0.30733209441843296,0.4145871685127044,0.23326036990272983,-0.1535390509667245,-0.38276734399891366,-0.26851525331693954,0.16990316001945172,0.06495393813686728,-0.20101806494910873,-0.1130388731811324,0.1291281542824925
0.13216301757220592,-0.07387415428046781,0.04056057600892907,-0.003055495586786328,0.15931668203999896,0.2549736803491585,-0.04829283077852452,0.2350772679814665,-0.027707119306349885,0.1677083523297998,0.10346724932685253,0.060943791000199636,0.04391384243804628,0.0862168661901269,0.07718345197553009,0.0615124125105677,0.1115062869726214,0.1549814137344738,1.5103452179565098,0.06943906705035931,0.1812677112569591,0.04741126510631572,-0.16067191292016275,0.0587278378449564,0.06751089053127864,-0.012960220185477243,0.05321397731371449,0.11810180341733696,0.06187508779083889,0.012988907879890207,0.2647704799261554,0.05153278809724093,0.21176894084083814,0.1993803584695012,0.05971057562227862,0.12283805844255416,0.33137207374093175,0.06504300134423371,0.4419921324530471,0.024415479159645287,0.06123983077325244,0.13535096097395355,0.049739023975828106,0.048444843675234724,0.07506331257739923,0.1638011992724894,-0.00014267888024010152,0.014903786952653111,-0.46693542643396446,0.600543329066785,7.680995305568971e-5,-0.21568187925103688,-0.14668831215082523,-0.17042438064636392,-0.027317448719401116,0.0365313995865451,-0.007301750926803134,0.06483977088009424,0.006454917574095
0.072230734591557,0.3259016571947406,0.0947892169886341,0.15653166111844552,0.2658457292557787,0.32770730783696783,0.12463758358448004,0.31133716894526764,0.12435016111387452,0.1466415269331418,0.24135145572923522,0.136186543506491,0.09437926556064354,0.25474157843279677,0.22402277234783688,0.17710163638930398,0.2219051635121307,0.01692207378829835,0.06943906705035931,1.2688881079002787,-0.04276263840139668,0.1392809686159554,0.15277351908042305,0.3776729666772409,0.2306410729499584,0.3053530128216966,0.2619698785602742,0.10354023761074418,0.3995016158815063,0.1907005912263505,0.2565997178272741,0.1843822605448266,0.22681206581946667,0.4354947921177821,0.0689833424641971,0.2569359365595533,0.5871008061730303,0.6251364861360194,0.563098155107859,0.3717640116040763,-0.03313301254304943,-0.07290163906421722,0.2634516393535809,-0.04623431351030329,0.3085949512329213,0.30421668836982757,0.13818854988996618,0.041273136238639485,0.3703694353060915,0.13889149055157243,-0.17766796422263562,0.053907851451957464,0.36827240342887546,-0.16416140637872803,-0.10368219959315575,-0.004685638764464664,-0.09741011856573678,0.13095545522290117,0.08912151300287557
0.27222237473475613,0.22507947288413568,0.2590091579549218,0.08767048307101835,0.19867233706627468,0.18172821845220094,0.2077628695540824,0.15873324655892557,0.16731288378967454,0.11798432355588528,0.18340502698505654,0.19129453407644806,0.03929045515841156,0.17981641919993005,0.21171848246466446,0.17595373645537027,0.2232288079642012,0.20355936151638285,0.1812677112569591,-0.04276263840139668,1.1387291272388123,0.19342640564817937,-0.03970317770323099,-0.04714366542045699,0.08280171621328611,-0.3048068939028629,0.08549975084291736,0.38714471662495104,0.08699560810096509,0.13192540287822224,0.17773355427316875,0.10617023850161031,0.04423877406928868,-0.0009524520409419301,0.3305973215842739,-0.08085083191823955,0.27207528701517714,0.0051024628402151625,0.10486986132849097,0.12076898985355963,0.230441800585217,1.0006169580912412,0.4151336130905617,0.007259470989537362,0.8294436371174836,0.08179157411133053,0.32838960578976684,-0.03480883551588753,-0.7689287737641719,-0.11213871467117535,0.14936903708246724,0.0036751289490978816,0.003087119960211033,0.053129237242340636,0.01094098480405797,-0.04078990811322976,-0.20985673939290686,-0.04304469976568355,0.2086171695290048
0.15912260214225626,0.1663113766708728,0.22302553930893557,0.16640728818350758,0.23077002818208991,0.18628020087679212,0.2843373013468059,0.11710631244116365,0.34951110127930635,0.17648863000608667,0.17496912025859496,0.22527459681763523,0.09531844326718082,0.23136191206257004,0.16014294661917203,0.3655075765677044,0.2762562372766974,0.205180539867916,0.04741126510631572,0.1392809686159554,0.19342640564817937,0.6016964345404577,0.298140243831045,0.28830389469997625,0.17988593656985977,0.1414120923295163,0.1893889159706435,0.1823259791536394,0.2735491824761712,0.1098742064638145,0.16828919516284252,0.18579542757671005,0.22202655555303852,0.23290482760475334,0.14795732236856052,0.18576600942499868,0.22238801132572983,0.10137733190796949,0.2715221869232892,0.09851123613052476,0.12853027838547132,0.2089762766170533,0.3544149544962923,0.06567348821483024,0.11056649818756922,0.23026312016845396,0.24616833735843585,-0.06757107556907821,0.49632855735923603,-0.02184973904346491,-0.022344204360336666,-0.10832573301747464,0.189081707119539,-0.07301390482001333,0.03624723907598563,0.10754230543678395,-0.22303726103043683,-0.03377211587345059,0.09962589523513728
0.3043376725116033,0.25406528467058503,0.20831488995377997,0.1772557888120336,0.3249762401131095,0.18135937609154132,0.25296721816704537,0.2015649999689474,0.2211374000328303,0.3266115512540131,0.22713645422569811,0.251591215323475,0.10642147897990013,0.22333431281081123,0.23150144987182447,0.2656397683186377,0.3037753126206512,0.6787859594763027,-0.16067191292016275,0.15277351908042305,-0.03970317770323099,0.298140243831045,1.605409362837439,0.7099582155769998,0.4587031855916002,0.3045454325494898,0.06596899114563769,0.20970931209462948,0.5504572620670862,0.1389761153508238,0.013008039964952514,0.10840048687548473,0.43616831418230145,0.48870248041538106,0.042883348971081,0.21891396432398935,0.3764254149825358,0.08076266520215317,0.6847488286724873,0.25627840423272724,0.20690077393169556,0.00815553092395101,0.13428055656284746,0.05353325098380275,-0.272239447755639,0.3472878412289112,0.509549428933732,0.011164137220915084,0.8085134137988802,0.39758550851023594,-0.08677552942388321,-0.33230087102047207,0.27099216942241244,-0.25835929724174994,0.2247877517114937,0.07305587187220632,-0.3783327418069228,-0.24370217508560682,0.41984992356154904
-0.008184921431401863,0.05735095659680966,0.1187262717006491,0.15997320325956566,0.21581252746732316,0.11272431425316745,0.19640907975199057,0.10920550342052274,0.24017040831774084,0.21818918932296966,0.19884213583357738,0.16414201375014437,0.10470331128729918,0.30094272299659386,0.23051299119872895,0.2946557689423776,0.2194583159205089,0.23613151377904731,0.0587278378449564,0.3776729666772409,-0.04714366542045699,0.28830389469997625,0.7099582155769998,1.4977539113868732,0.25269937816127713,0.026746135555456914,0.11236691634961364,0.13956824943661264,0.2788721123859712,0.5952961551839603,0.6178478556554552,0.1797677594443211,0.4302788102989121,0.47575569725213446,0.02584473955867359,0.5027937116560592,0.4009849039971615,0.2246462269580437,0.4211394518928325,0.10005174323611148,-0.018115424542416138,0.014116705217630351,0.1614273725341987,0.06499163896348682,-0.06870847974645605,0.33308051140612877,0.44459587709177284,0.02893775205557364,1.0945319965389264,0.035510692829075666,-0.11563806358207895,-0.16321807484545553,0.5203017423709049,-0.18694684559906977,0.08392290893551334,0.1850644392583004,-0.13310157274068668,-0.3080661112024676,0.2796336032784855
0.3452332388152956,0.16282548481771433,0.15830582691482914,0.21328264151877338,0.2953918970160566,0.23432919334735003,0.24004866323814963,0.22813361586917255,0.10937171867148873,0.23156297448277446,0.2118710880339646,0.27604066638869695,0.0854868550755369,0.20978783415039262,0.21800869485494864,0.2687971124592816,0.22077760508735333,0.20546715289403308,0.06751089053127864,0.2306410729499584,0.08280171621328611,0.17988593656985977,0.4587031855916002,0.25269937816127713,0.8838343471566754,0.10244241933471325,0.1793714421796922,0.03086622472926373,0.5376126234849169,0.1842204564308575,-0.05092523586198482,0.12833988136355381,0.1402880622964438,0.40326944071452714,0.17828808085362846,0.22861270828249158,0.26055806980374385,0.15975410335119072,0.3181028988001698,0.10657163906449406,0.15780652821955565,0.0786533300330311,0.14985873277361472,0.07521971529823578,-0.0834878227501419,0.28113849351855635,0.2517969163312088,-0.04421213070903418,-0.1940562555527986,-0.38015738170198654,-0.19016702369521293,0.09958216712706823,0.32546719688430087,-0.06619738145345541,0.05658904629300712,0.09562837603715416,-0.16273779566968705,-0.04088581832324149,0.05131527154715963
0.029848582599779055,0.2924067233800681,0.21018277615130934,0.07240164990922292,0.15005766858184835,0.2700102987809949,0.14290498972648363,0.26015021706631386,0.2692993059182029,0.17993311099638978,0.14405701533195428,0.1341068219492015,0.10817890356302051,0.16814386236026896,0.11213279910079865,0.011158735855897776,0.09878785819372914,0.43193005790713307,-0.012960220185477243,0.3053530128216966,-0.3048068939028629,0.1414120923295163,0.3045454325494898,0.026746135555456914,0.10244241933471325,2.008135053265818,0.10852111252748142,0.5132264776329564,-0.13668150472171253,-0.6483588113270636,0.18614759061463326,0.26199664515663357,0.18884470760313998,0.19025717729552385,0.12066754707662466,-0.10743289441349585,-0.009466131476051092,0.11988103065737804,0.5091175780888358,0.25553130257621554,0.2833047640224336,-0.24265434875287026,0.1095161270339785,-0.026052006546572692,-0.06053419971605042,0.14980591806812696,-0.010786382683756954,0.03710889746583068,1.5968865352261759,0.6998773306371288,-0.12796928651467965,0.024867452578132443,-0.5965429681744226,-0.24344211392352097,0.04365124100119256,0.01766878863032864,-0.15253385893250632,0.09081229307534151,0.008851122458066017
0.1782087710181894,0.15403000692992008,0.12793300303569305,0.15807425239485806,0.18187658641903923,0.1930867501122458,0.1717473938171439,0.1521664659590733,0.1309726710356411,0.17034256289746538,0.17792114530170577,0.22458446488573675,0.09200939243970258,0.12950001801697048,0.16222306032265651,0.23149831149321953,0.19023148684868177,0.09365574007100126,0.05321397731371449,0.2619698785602742,0.08549975084291736,0.1893889159706435,0.06596899114563769,0.11236691634961364,0.1793714421796922,0.10852111252748142,0.5835011917637056,0.1485917152180212,0.17386310787987308,0.15896270169021295,0.13221925032524992,0.16072502486939458,0.11563856284420787,0.18589887948141653,0.18519071467465634,0.23634852943685505,0.22420171693716784,0.15481593559591758,0.1548900885730525,0.14041703687254956,0.11550621717567748,0.08381951499322249,0.27562866301515226,-0.015392634235722426,0.156727814194045,0.19243221154715542,0.1592538665132897,-0.01210144061316695,0.37211945186115813,-0.04998553536466749,-0.10618566085609961,0.1500154176032355,0.06331706983583288,-0.007133593360893298,0.017211199060317994,0.0847649527674498,-0.06487516613701703,0.04235551316954569,-0.07856596884772414
-0.1308385683903929,0.26604426032552375,0.3309441617356988,-0.16638448957904922,-0.19121559572689717,0.030561092447184447,-0.05905460120149137,-0.12331768533147472,0.24954072285037454,0.12650365775183012,0.07077344372385902,-0.16459100773797716,0.03142201164949445,0.1537037932584668,0.34063038310327964,0.09607189179786171,0.16166183562168268,0.3967295675679422,0.11810180341733696,0.10354023761074418,0.38714471662495104,0.1823259791536394,0.20970931209462948,0.13956824943661264,0.03086622472926373,0.5132264776329564,0.1485917152180212,2.604767815081484,-0.2898750683008596,-0.3480854855687842,0.33554038158601984,0.1613813491260635,0.489795623293739,-0.18293523834046604,0.3400060614480239,-0.5509496449287464,0.5886004192053463,0.009336539972487286,0.23883966710864252,0.16408920331242963,0.5695682044765212,0.49062400077387336,0.53309249412101,-0.053114957410740765,0.3036736127101744,0.08354219721914859,0.12121904033334535,-0.005158131883739922,0.2787060391766964,0.2175048009174567,-0.1001463316225764,0.5753326265818638,-0.7440680095333596,-0.10603516146442199,0.11184376804266208,0.08838529808416305,-0.10232470268493594,-0.1812114579792614,0.34740758660611
0.37714251505329965,0.3292133802518308,0.287902549293497,0.24357029076260395,0.39556864515435164,0.3449626037160993,0.3029643626588019,0.2848242746742688,0.12400734235539393,0.2727772653274567,0.24891443368874247,0.3091043023010033,0.12453826127728923,0.23812477841105903,0.2198714199874252,0.3324610541273123,0.297624342341723,0.18254834789878496,0.06187508779083889,0.3995016158815063,0.08699560810096509,0.2735491824761712,0.5504572620670862,0.2788721123859712,0.5376126234849169,-0.13668150472171253,0.17386310787987308,-0.2898750683008596,2.1643538732247873,-0.12854138306069857,-0.2266314858254739,0.18721699114116508,-0.05264287024322861,0.7528642181579525,0.0857021362453193,0.7444703850941474,-0.02437339593362629,0.19316898373620148,0.42982703599543887,0.15113448655859105,0.007849645602422736,-0.015979681577275688,-0.2563767749274685,-0.10217385336350097,-0.23985402741165002,0.25116048277239694,0.15515643717346048,-0.02444784847875109,0.4495227328429984,0.04426303333321618,-0.2945861577426314,-0.03836642458206483,0.2662140960812087,-0.021094939724971635,0.005096427422178532,-0.010099781029000589,-0.3084464575954789,0.009660543132832248,0.154401095859593
0.0786051004569859,-0.10467460067315505,-0.3336299778144617,0.07955608677236303,0.12347089139597706,-0.02487233932865491,0.04495351018622386,0.03031832367043512,0.014005083000831746,0.05586297398055193,0.0948994189724721,0.08842943363066591,0.02378331002419416,0.17377983000879615,0.12322247968197028,0.1543896076764497,0.06884430576126092,-0.08422881124545456,0.012988907879890207,0.1907005912263505,0.13192540287822224,0.1098742064638145,0.1389761153508238,0.5952961551839603,0.1842204564308575,-0.6483588113270636,0.15896270169021295,-0.3480854855687842,-0.12854138306069857,3.0291906058666815,0.31047463139708964,0.0583504518162562,-0.04861565564087405,-0.12756490072938975,0.1523660738571265,0.5792159360161921,0.881236216911188,0.19024536051079416,-0.00970556398697981,0.10936306747097745,0.34089218314236724,0.06765213748471709,0.6332562469489988,0.1510579079806293,0.5994748517249944,0.32564585091745674,1.055988668583682,-0.04172067696963597,0.34165705799788304,-0.2163918055545931,-0.08924156888494399,-0.2538798568814759,0.604720170865907,0.06591166319344809,-0.22578834935612058,0.01768584524505604,-0.06939103234060456,0.571733852100659,-0.32736497564136896
0.03731908111626378,0.09688051389573245,0.15723138757373617,0.07096495297405732,0.10112595542208697,0.14259960490933346,0.08815772194047994,0.11803936809232289,0.1799484933572237,0.188485666971508,0.14859580653669124,0.11693421028396637,0.0674263591707178,0.15282310105045221,0.13435452528229988,0.12228069490296924,0.14205521642351696,0.37099527970310714,0.2647704799261554,0.2565997178272741,0.17773355427316875,0.16828919516284252,0.013008039964952514,0.6178478556554552,-0.05092523586198482,0.18614759061463326,0.13221925032524992,0.33554038158601984,-0.2266314858254739,0.31047463139708964,1.3631269384231488,0.15885685554375714,0.2970816880691204,0.17736580483832975,0.1988434497451979,0.35941351301427577,0.43080696071536667,0.188571873923589,0.301758377551216,0.0703622726323214,-0.0951822947234078,0.2074803420263626,0.25230198435198586,0.11611847824893788,0.4518331369765045,0.2768814475610161,0.32140244995776235,0.0008094330398878692,0.08768025538046384,0.22574026876863826,0.14556957170832338,0.03406200412352483,-0.16248861025191375,-0.17313106169800196,0.0799065894130048,0.22058766962852713,0.10199647054705523,-0.2187097289051947,-0.07284648403548027
0.11513134880154743,0.10830182093307326,0.1161391557420679,0.2427790159363876,0.1306133393087791,0.1696360092526434,0.1757907034852556,0.13044361177479574,0.13583072154628487,0.1040061790326642,0.13931420804261138,0.19536503676595351,0.0764220674684111,0.31831213381168616,0.12444057432774389,0.20670899124525258,0.13705783311999153,0.1214653244032996,0.05153278809724093,0.1843822605448266,0.10617023850161031,0.18579542757671005,0.10840048687548473,0.1797677594443211,0.12833988136355381,0.26199664515663357,0.16072502486939458,0.1613813491260635,0.18721699114116508,0.0583504518162562,0.15885685554375714,0.6044235245841038,0.15863144699403994,0.138559116321335,0.021254323706742007,0.15362439585670895,0.07753045286809039,0.13097936848121403,0.044896198550565265,0.07942726444670357,-0.026210951363146558,0.07315595347608923,0.17207649069474315,0.012560243875495123,0.1425011804893165,0.16154351116197951,0.1561641309638361,-0.01607071415043205,0.3023961647539364,-0.0025469732871821237,0.0032338447762054307,0.2736979230966318,-0.24348999382223693,-0.022798716962522298,-0.25762827328012505,0.029845524905457492,0.19433809671654054,0.13873017226294773,-0.14451965442975742
0.13202285044391493,0.2093921576879154,0.23472727915824745,0.04033353119682283,0.10658503940518092,0.04079833678842425,0.14824769386373127,0.10351285743088336,0.23683629397286127,0.18185508566838873,0.156354365640736,0.0952544574113312,0.0848415967017389,0.17837829261694457,0.16705479267597922,0.16439898133848585,0.2323492240403956,0.304573812694391,0.21176894084083814,0.22681206581946667,0.04423877406928868,0.22202655555303852,0.43616831418230145,0.4302788102989121,0.1402880622964438,0.18884470760313998,0.11563856284420787,0.489795623293739,-0.05264287024322861,-0.04861565564087405,0.2970816880691204,0.15863144699403994,2.4102570810671304,0.16568038938838497,-0.05298980912976422,-0.17307579036060106,0.8207788071158538,0.15862678991354281,0.060006400103515885,-0.05306431696138128,-0.5819328527992458,0.07221864881807635,0.15434807059381703,-0.017742562835083277,-0.27281240610493296,0.3963993494338931,0.3363920011789675,0.10647406552844138,0.46571664592664275,0.2516903932676633,-0.18960488841330037,-0.06645557069690482,0.21709769518206473,-0.4562166404235022,0.0668294355752043,0.03218980189810551,-0.3179262243590599,-0.20657856874228922,0.5741355958521099
-0.30198504424937167,0.16712520908565798,0.10771530610781345,0.33662943285723523,0.522644306514304,0.3140870869982655,0.3519797578654889,0.28053374680448967,0.1525976963400895,0.3494262843012242,0.24585446844937714,0.31752486488656123,0.12051264205878905,0.2252533163375663,0.17083907553481195,0.28417850769726843,0.28324347045693693,0.24122906940534475,0.1993803584695012,0.4354947921177821,-0.0009524520409419301,0.23290482760475334,0.48870248041538106,0.47575569725213446,0.40326944071452714,0.19025717729552385,0.18589887948141653,-0.18293523834046604,0.7528642181579525,-0.12756490072938975,0.17736580483832975,0.138559116321335,0.16568038938838497,2.067101421362421,-0.028437856696476083,0.5370607097047806,0.38922013469812483,0.24338732619604872,0.8110249465010623,-0.14226753353150026,-0.2389774640627884,-0.019139051728953308,-0.0005828284640728908,0.21425303190788716,-0.36250120580723794,0.14660115386007258,0.17959508313491085,0.02961516926325128,0.04240937943187166,-0.24715074116579946,-0.17437875126943334,-0.5199392807701039,0.7413076881974797,-0.19929514101172977,0.12470651528950386,0.07738023361264686,-0.3613498088302266,-0.040908499470996215,0.1262814471787506
