0.9148787712215206,0.3463065861143081,0.6350286161121087,0.0794446046549555,0.2625356628346319,0.20776700125288866,0.22566165885685546,0.10484317910767807,0.21278045763227899,0.10350754796612788,0.15007981803325215,0.1683877692765893,0.10717602540848088,0.18056248752858478,0.1831129218314665,0.13603575813882732,0.11873174421390477,0.22150080706172198,0.05721837496702812,0.08907436709518511,0.17767560652335582,0.19526359629713663,0.10913172473395628,-0.0037559849622366055,0.14157607838953598,0.20231688711787302,0.125764379796391,-0.002399712748768326,0.15229231978119373,0.06012021147811722,0.14341530987453024,0.15751097994379357,0.16862264804583124,-0.12473145172297516,-0.03919788964058725,0.17958963822856888,0.015966107766618085,0.09779628802163472,0.14227959492163217,0.008723674403541456,0.08882140692156268,0.15646730023598476,0.00840016179537388,0.0300178142137343,0.1137185354118828,0.20257181448404013,0.24361041057148058,-0.0068450117715944045,0.018595938684151936,-0.17917700114074775,-0.0042866552684033546,-0.025967064988601976,0.2130372917650833,-0.016504799289809545,0.16256179504424095,-0.09155303385906789,0.030688125780411035,0.10839827300473799,-0.25573583488069784
0.3463065861143081,1.721243842941691,0.8979725000764447,-0.11236208975473377,0.036969847144070214,0.2938586975283077,0.1652522697054251,0.2403751310978456,0.31217410205504786,0.13414723102420711,0.15985969967485802,0.0936660555556293,0.11937681595246019,0.11498748071990514,0.1962006847268113,0.06974443268484433,0.13662069447118652,0.1667341733879107,-0.062353593423327296,0.2671313996129017,0.2453753390321354,0.19513831651478564,-0.007174473954217178,0.07062049554531849,0.10108590424939685,0.35104397031911194,0.1257863253582378,0.18607957032029906,0.23583801804272925,-0.06944554188758069,0.15325462137391105,0.18848602064052217,0.1026369500357067,0.19549037035166222,0.022554250781555676,0.20972863839677047,0.17677362131511726,0.16249192503069143,0.07682446521178833,0.02293428261113752,0.09025336283146893,0.2141704812934185,0.06515122490271659,0.01949954000550251,0.14221474252987917,0.3409191917467974,0.2035767909411628,0.012474919545105415,-0.0006089176257097442,-0.35558495796380046,0.14949244604477224,0.6376042235022072,-0.27784930075547387,-0.17399456726824802,-0.3036847404181292,-0.056910891945320397,0.015296351517032238,0.19987831776852505,0.04825570757638857
0.6350286161121087,0.8979725000764447,3.007111201501894,-0.2572556653062702,-0.6566013338808496,0.1877155516404111,0.18942276373310968,0.2626365400398559,0.49988396778079075,-0.011658204191158589,0.11746298737143637,0.06562350146391559,0.08478561747718193,0.04155905830347296,0.17578000297227603,-0.01348270268150884,0.11000173326780857,0.09510720823036475,0.10965156531763783,0.11616801721851516,0.175562581469906,0.2401794121596135,-0.10544731374588921,-0.07516379391369978,0.040280912866053405,0.2459754533796654,0.0736523357598714,0.1343966085639063,0.045291645428251724,-0.5159849508505557,0.11054988879479367,0.12831432324377715,0.21549204314656473,0.05629064441939949,-0.320922211477072,0.4075187998349155,0.07884223766680704,0.11421291834803801,0.06685551341087312,-0.35562463793389304,-0.08950734942239894,0.1477077917422961,-0.2437391957995338,0.026773828537524722,0.10255267221406286,0.6681318638224076,-0.08245138961630014,-0.022396584881785152,-0.4223026875754077,-0.22164884924181005,0.1367059258427588,0.6428043648218794,-0.34623632210671584,-0.29240205804776453,0.06111187452479517,-0.2319426553969639,0.13474030614125154,0.3175209104373855,-0.4885671952149707
0.0794446046549555,-0.11236208975473377,-0.2572556653062702,1.744725343354814,1.0251767384434618,0.5047087765717775,0.39319880515868694,0.20362435266788323,0.23508791440012422,0.4520766288024378,0.2949411930947929,0.3727306396110804,0.20258356655024531,0.3960559728667519,0.2750938949512709,0.3290404379828686,0.3391767416215217,0.2308366064708966,0.08155496443961761,0.29768858257066605,0.2663130461593174,0.3190213688079625,0.4225913131522061,0.47402603859392006,0.32401076276587465,0.3371566951226132,0.25601784620338225,0.1161413569552825,0.27701716718175395,0.2303450763827735,0.32215477148973476,0.34627358502569894,0.15735525841966191,0.4066847131659324,0.27096057593614525,0.36924887394599365,0.28079309483004955,0.20434587261836473,0.2855809678096305,0.2506618366378654,0.20684259081811202,0.2861233503650952,0.31874918810801917,0.05145172359517757,0.036162246415069224,0.1378604509574389,0.609222947530698,0.0006480265929826351,0.10593769479332751,-0.07957206345664575,-0.08743942535338006,-0.1453552293352558,0.2771856669113181,0.053479958772941205,-0.11027680019969832,0.19612571335769755,-0.13633811893253722,-0.3115440256907032,0.41555032697873534
0.2625356628346319,0.036969847144070214,-0.6566013338808496,1.0251767384434618,2.528110837332927,0.6832280625862571,0.35809032501143045,0.013568054182270927,0.09591513298318509,0.425129118002935,0.3162980885912575,0.389063116071303,0.2221722113813403,0.3849602799423761,0.34115627619768407,0.4145071775466848,0.31203365975541836,0.32376081266836926,0.1392625690136268,0.33736365373125415,0.34101150088361726,0.2727051643466137,0.48626355584363756,0.5375596011395976,0.3502803072253111,0.4009678876114352,0.2825612196679668,-0.01007624693756202,0.3309852426559277,0.28529394768338384,0.3947786317642719,0.27853813911085573,0.1393529565757992,0.47641261449279526,0.3592234084120835,0.38119994337943924,0.4584454458106062,0.2300270003724635,0.24299564644231822,0.32565125621854085,0.24807729058694689,0.35120671263159836,0.3329276899864092,0.06227293786877593,0.1389742225101406,-0.022219349540310365,0.6971378609380432,0.01818582564471904,0.03735608566758307,-0.03635895146757313,-0.13805726990428938,-0.6287973337119308,0.7140235498146715,0.20578265368007462,-0.07943292556057223,0.19086919642355824,-0.35366378361904455,-0.31531447520122136,0.653451519608344
0.20776700125288866,0.2938586975283077,0.1877155516404111,0.5047087765717775,0.6832280625862571,0.8575689457964847,0.29076383867049227,0.36692938556101334,0.27763949539307986,0.3523162763231001,0.35442637836360674,0.25447202512662975,0.23093998855948783,0.29520140356183017,0.3427440227452036,0.2576347458429743,0.41514418442352863,0.20334477143135585,0.27505925618729576,0.4500608210003365,0.323192090231729,0.4430922522744115,0.2549312629840517,0.3925388886939817,0.30014793489802855,0.3884253955179723,0.26320216929591067,0.25879107407476043,0.410158028022037,0.10965782954893119,0.3134989580661097,0.3468978451263716,0.2034578847269421,0.47015312349520727,0.13267790847167513,0.2584261121370098,0.41860071226186796,0.28570224463652466,0.3729081987091098,0.17887764015014077,0.16410330860632194,0.31952597416761647,0.3549021186839974,0.06687689949226315,0.06705934830793027,0.2825011023453879,0.6223754966823536,-0.005547995786683591,0.29768944007034787,0.20448466767789536,-0.11221312868825302,0.20577996014872252,-0.29843467565977655,-0.07109116210214297,-0.02502491084922947,0.03149688782902262,-0.045827233005218446,-0.16905930734390587,0.2494718891675143
0.22566165885685546,0.1652522697054251,0.18942276373310968,0.39319880515868694,0.35809032501143045,0.29076383867049227,0.5287311981179473,0.15931385293340294,0.31429251505163264,0.25217525240919314,0.23546995256929207,0.33118464848668244,0.1691460667244226,0.24412459037351183,0.17518991661895292,0.23791540551221857,0.25597407543237516,0.22741999801891363,0.057405981025128325,0.18512396034476994,0.22706613963884456,0.3314666125706363,0.2823759240404809,0.2795768885589128,0.22703971961630776,0.25631865722754865,0.20131332481051778,0.10626343776268378,0.2027044967940674,0.11357432749234347,0.23755228301351097,0.24434363633199963,0.17581680877575853,0.25335033007125635,0.10549257558579564,0.3767285783183662,0.14631956336673832,0.14089379737220017,0.23753072746753137,0.12661265814687847,0.12433441958951211,0.22370864442061558,0.1863669584252943,0.03008573009739033,-0.018770903763318296,0.2148913890173019,0.25527048027933474,-0.0003194119307897377,0.25306081621581206,-0.19270287047901152,-0.03409965654561581,0.08392483963540787,0.14975395343871362,-0.0620413920037811,0.05776905043819152,0.08014427562880913,-0.09978233154060336,-0.14568834256615878,0.0926680425700834
0.10484317910767807,0.2403751310978456,0.2626365400398559,0.20362435266788323,0.013568054182270927,0.36692938556101334,0.15931385293340294,1.3263638197384102,0.04074306130958113,0.37358422985858,0.47721190619010295,0.32536367474747263,0.3001937496270801,0.259660846062638,0.21096993515361942,0.22408607924442978,0.50431234539985,0.263855350930734,0.37681871640324827,0.45967706220860177,0.19880366688024564,0.3665263206909804,0.21826725559969432,0.22988832582072774,0.40046739176802715,0.22296288691686658,0.2698264019639716,0.42363450139738434,0.3295794627466433,0.019995542339308215,0.24436976066616878,0.3565215656222005,0.32376652030775727,0.5453581875408614,0.15345154575921333,0.13562751339979354,0.49917948784801935,0.25320376252115756,0.6318938516897475,0.186206216515144,0.15109846316681927,0.21930541295850353,0.2928415791727347,0.02621614022761149,-0.08324706862761808,0.365333874150049,0.7470734421891021,0.015135011309567556,0.35679849436311445,0.18292569037658649,-0.018304159425912587,0.7263911079845343,-0.5272537285098917,-0.3098423539221917,-0.04965136752872492,-0.162824397479274,0.2794192621034899,-0.2647176161190186,0.29649861754650825
0.21278045763227899,0.31217410205504786,0.49988396778079075,0.23508791440012422,0.09591513298318509,0.27763949539307986,0.31429251505163264,0.04074306130958113,0.9041599018984217,0.23707039842337255,0.11120779628664113,0.11820257181374173,0.13590215613841153,0.2551719158855422,0.21363787191707845,0.11018343516141546,0.20560693615147932,0.16034309918384693,-0.062202774216052845,0.14356356727532174,0.23519210068072685,0.3388625469583115,0.30067796147585757,0.3092027485130603,0.14295464285221332,0.37776739473692666,0.13231576184786129,0.1386410350675274,0.106937036273234,0.012667427511892645,0.23485050743124533,0.24298768207020624,0.20736335621486063,0.20750230645934892,0.12288074392407061,0.28910312387642606,0.10327246386238108,0.13839695443611097,0.1564351950331852,0.07830520036004486,0.11644952541067982,0.22246388287604135,0.17064142668283475,0.01943731059823006,-0.0425908705162668,0.2858094854921495,0.33035480370745335,-0.00015897350785299197,0.32959645146846644,-0.31553579778473145,-0.023240966843681744,0.217642579429146,0.18752711419859008,-0.13275569751575747,0.06425824302186298,0.1762497695681362,-0.0893347766447548,-0.352644743541994,0.19619174868442968
0.10350754796612788,0.13414723102420711,-0.011658204191158589,0.4520766288024378,0.425129118002935,0.3523162763231001,0.25217525240919314,0.37358422985858,0.23707039842337255,0.8446088238990473,0.35902414580096487,0.31917507844094384,0.24205862618101887,0.2577609089529399,0.3387201250872386,0.20709438215663975,0.40511594227431774,0.2524580152009332,0.1800008196120703,0.278160844757778,0.2038935014832464,0.31673869416240885,0.3928173409849893,0.4207627315484021,0.32561152528482223,0.23595240613554716,0.2335829780199688,0.2226391158479483,0.2991693882845718,0.24204627854402552,0.3119640757476758,0.25136843893109095,0.2001789411940599,0.35714969569682437,0.30982509593282803,0.3635240507752092,0.4003644543258991,0.18263820478159892,0.38231177534892224,0.21817285185051585,0.2678270933055701,0.22097192870372795,0.200453644978285,0.03786196649742121,-0.013094164297417313,0.22581526794366905,0.6879522514499357,-0.0036174130190691108,0.13459598806009662,0.11025886102459542,-0.08797248794578671,-0.015532690600313079,0.08899283010359443,-0.014282103304986691,0.012947168207864972,0.18984571596168057,-0.06624946817304983,-0.5415336510611403,0.47730265025818835
0.15007981803325215,0.15985969967485802,0.11746298737143637,0.2949411930947929,0.3162980885912575,0.35442637836360674,0.23546995256929207,0.47721190619010295,0.11120779628664113,0.35902414580096487,0.615813939266,0.34514209561736114,0.2563007956961443,0.2824874768847749,0.3177530042727318,0.2355946630354178,0.4099056663551443,0.24081416915399606,0.20305250270591177,0.3623361907731246,0.2434347566396476,0.3055321251459463,0.26361050674146214,0.30048982281589887,0.3074005179982863,0.24745015508794424,0.25691412562964233,0.25309552663271195,0.311737025122549,0.15057452339449967,0.2662051426860197,0.3054682888233333,0.24848566718972293,0.38343047897561966,0.20601567630605358,0.26034433650188327,0.3513364851686151,0.21253501543692221,0.41276316351832393,0.1850540156088307,0.17013929907472225,0.2523731115223821,0.2581030821463201,0.028530007680305138,0.013722015731639378,0.2594500164975232,0.5809932405420568,0.011984859746175025,0.14416432490362915,0.030419252397947415,-0.052540041881594134,0.2425857886365152,-0.05614348019345137,-0.12967609546127104,0.0002626747844837049,-0.03488802733356883,0.10806219949271917,-0.26913998454708643,0.25291836332989637
0.1683877692765893,0.0936660555556293,0.06562350146391559,0.3727306396110804,0.389063116071303,0.25447202512662975,0.33118464848668244,0.32536367474747263,0.11820257181374173,0.31917507844094384,0.34514209561736114,0.7613473071516743,0.21429272439224786,0.28930742619547245,0.15271557295763172,0.2906775076076506,0.2357497082372907,0.30405470980689897,0.19792263435839255,0.18321585525459003,0.18118898838568057,0.2384899524377246,0.259152066264073,0.2548828079396643,0.3276476417416743,0.194348064187601,0.2883783864310969,0.11899589927182141,0.215915310498063,0.09160021090702966,0.24998365086769184,0.3074650086673166,0.20439159060623996,0.26176737099164415,0.0823579730332423,0.35995031779392506,0.11743776246132459,0.12980024903026738,0.3225196545703012,0.17168880916898882,0.0773821923459466,0.19803714249976043,0.19039918482076082,0.018310101666777042,-0.025007683348434246,0.1642885308347888,0.3708271774530861,0.020766305045425384,0.1575592142992719,-0.18442637639321224,0.01007791639997288,0.09147160573319629,0.09289423057188342,-0.05311886035438734,-0.031990530115641076,0.025829230410273917,0.10066618545069228,-0.39612861867242244,0.3347454166661947
0.10717602540848088,0.11937681595246019,0.08478561747718193,0.20258356655024531,0.2221722113813403,0.23093998855948783,0.1691460667244226,0.3001937496270801,0.13590215613841153,0.24205862618101887,0.2563007956961443,0.21429272439224786,0.38904024500248124,0.18046865889164102,0.1334839688959121,0.18465805174134506,0.2298067803555319,0.1761629923337644,0.12619626121052985,0.16043709296259173,0.15486929394301047,0.26213642372641793,0.21587652304715257,0.19171553015344128,0.19023957916506665,0.13740505452381582,0.1999685413207709,0.21835564974693183,0.23572357604649793,0.13685173767907338,0.16499742084550303,0.2212258572595848,0.182958339737381,0.24911742679896776,0.1537383552668224,0.20128143157189893,0.20291034307580327,0.10278872454251124,0.2927399359731721,0.13103707558259664,0.12063144533998767,0.16191787987187728,0.18589380993557444,0.026440768522756498,-0.04443184661296031,0.22329938606536545,0.3656840938676623,-0.0036677217806785037,0.2024993854890122,0.0897426621190493,-0.020227449885710336,0.18233818185542763,-0.1716157573692056,-0.07709765389038087,-0.0038616425637761228,-0.02921246516072062,0.06038675565590596,-0.2255470983475907,0.2245437385341884
0.18056248752858478,0.11498748071990514,0.04155905830347296,0.3960559728667519,0.3849602799423761,0.29520140356183017,0.24412459037351183,0.259660846062638,0.2551719158855422,0.2577609089529399,0.2824874768847749,0.28930742619547245,0.18046865889164102,0.6659951349102722,0.25065052949573335,0.3633788739359777,0.31149011971797796,0.19477186724155532,0.13623575698586657,0.2637590103161753,0.24354747901572557,0.35857103482192465,0.241502390573974,0.2639669088365578,0.2793798303857763,0.33036113955687074,0.246301851904822,0.03613422063619823,0.25119863624937505,0.17690570767842087,0.2643458642770082,0.5291672701423261,0.2184130951533588,0.32593080252224876,0.22418062474777262,0.2205736900454013,0.21080235305661524,0.21295974569046572,0.24927030811143772,0.19201183401958302,0.22986379427096404,0.2613937479608569,0.318918945074584,0.024150582908713095,-0.022956471003018425,0.17266753425835396,0.6702892787879616,0.0031757655868410607,0.4597203815356652,-0.2613324863396866,-0.08528576403303373,-0.2085476672021076,0.5330360510235835,0.0007860921385027788,-0.06399253009424231,-0.028785941313233015,0.3566952673833888,-0.5143217634683971,0.34159023824735457
0.1831129218314665,0.1962006847268113,0.17578000297227603,0.2750938949512709,0.34115627619768407,0.3427440227452036,0.17518991661895292,0.21096993515361942,0.21363787191707845,0.3387201250872386,0.3177530042727318,0.15271557295763172,0.1334839688959121,0.25065052949573335,0.8046656518821489,0.16516831711928484,0.387725829288959,0.1958446936744467,0.14784528392549212,0.35749897473272496,0.24326970754520993,0.1841826031819424,0.2818879878668064,0.3378917218387309,0.3037667887333298,0.27918767054620897,0.19438437149312532,0.21676289321952302,0.2935868981787032,0.1663109997272989,0.2747383262214247,0.2176534334575013,0.197864459679158,0.2994085448468602,0.25438746759286385,0.27173029280842836,0.4763101985003945,0.200829624850049,0.26756364225266904,0.1389804511813019,0.20741266798033653,0.2408820992007453,0.19357106003056207,0.026649954266579654,0.1780346638961381,0.12421313118612097,0.5148043668350347,0.01878356451127737,-0.05885625358920144,0.47132197772332746,-0.1362266315147736,-0.15289692864901566,-0.04839951445232853,0.07958647440670133,0.07348966419589342,0.11988403430728582,-0.09782370409513141,-0.21250343018514198,0.14949809543447315
0.13603575813882732,0.06974443268484433,-0.01348270268150884,0.3290404379828686,0.4145071775466848,0.2576347458429743,0.23791540551221857,0.22408607924442978,0.11018343516141546,0.20709438215663975,0.2355946630354178,0.2906775076076506,0.18465805174134506,0.3633788739359777,0.16516831711928484,0.9624318494817932,0.24867534126784127,0.19516355535711433,0.2901436785327381,0.18027037950346955,0.2115828648506718,0.257207306299519,0.19411887435048536,0.2713575204275005,0.33673582756507153,0.1377530194228889,0.31833842281420316,0.19045132166616446,0.2420828960158362,0.32161036185974295,0.24141590614234537,0.33821050961041227,0.1779538020495683,0.26087072388897137,0.30338499806983454,0.30443870054698335,0.2360708493734096,0.13758737164809048,0.3294259965605155,0.2329846559816521,0.19595248738858007,0.25854201127853343,0.30710881308096233,0.066234222952707,0.06448866348683331,0.13230003124023573,0.4584991903022867,0.00840386775678779,0.11774640875947939,-0.33310390385600847,-0.049916819140601705,-0.007111623558581492,0.185092656004543,0.01667725698734477,-0.013015141774160403,-0.003081116564573157,-0.018977951416626046,-0.2672891434262752,0.3876782093244592
0.11873174421390477,0.13662069447118652,0.11000173326780857,0.3391767416215217,0.31203365975541836,0.41514418442352863,0.25597407543237516,0.50431234539985,0.20560693615147932,0.40511594227431774,0.4099056663551443,0.2357497082372907,0.2298067803555319,0.31149011971797796,0.387725829288959,0.24867534126784127,1.0769069617667872,0.3772868676908621,0.1793910334495408,0.4973645868892627,0.3235987325150496,0.46300756683711874,0.3980013959039023,0.3355265490073278,0.3865744210411787,0.28256830656840976,0.27989521164105136,0.3471658738241095,0.38306551222170554,0.23390907263794417,0.3598046816575636,0.3003239246764412,0.3953407973277,0.5107842404849696,0.31565227683600583,0.2703592786565283,0.6921649092967379,0.3249021543854707,0.4389840374742767,0.22993090810451217,0.3105797533626778,0.32562189030581695,0.3665659175234133,0.01575428464758414,0.06405341603371116,0.34794619970518315,0.9762571815296397,-0.0008599465300930761,0.28385808176830296,0.2068729695356,-0.11952410308617435,0.27186288953330745,0.009430374651641912,-0.1676987803584246,0.06045725698489547,-0.016633636592985595,-0.038422478518247746,-0.13205018148885145,0.19799660768697977
0.22150080706172198,0.1667341733879107,0.09510720823036475,0.2308366064708966,0.32376081266836926,0.20334477143135585,0.22741999801891363,0.263855350930734,0.16034309918384693,0.2524580152009332,0.24081416915399606,0.30405470980689897,0.1761629923337644,0.19477186724155532,0.1958446936744467,0.19516355535711433,0.3772868676908621,1.384092795662456,0.11845541314317656,0.0015103279560458498,0.335792655905673,0.24228436252501545,0.6136775631840367,0.13543047686659185,0.2943150611781785,0.3477515587747393,0.18293496226453373,0.2420165677336837,0.41072157459207215,0.12836734229904923,0.3604823000185745,0.16498527890946618,0.28761093020964223,0.3106056601197417,0.2463394950723848,0.48825504742571274,0.2946752606383377,0.08888244477297746,0.1717585875365031,0.19279886674877628,0.2634796075033557,0.2846001594490516,0.028031506105780587,-0.039713584584463495,-0.07596332031169462,0.2725802145468944,0.6316983922952882,0.01883551809367508,-0.17053961246561594,-0.054050844408668135,0.015919825423295654,0.32185108465567763,0.11725268385792638,-0.1661926282489382,0.064863096600042,-0.09646964373923887,-0.19507682570755724,0.24713381870068424,-0.035866063951010496
0.05721837496702812,-0.062353593423327296,0.10965156531763783,0.08155496443961761,0.1392625690136268,0.27505925618729576,0.057405981025128325,0.37681871640324827,-0.062202774216052845,0.1800008196120703,0.20305250270591177,0.19792263435839255,0.12619626121052985,0.13623575698586657,0.14784528392549212,0.2901436785327381,0.1793910334495408,0.11845541314317656,1.50180966036356,0.20874970799994333,0.14588142747007837,0.24311042857794585,-0.3272685698560294,0.08506506260952733,0.18645157424673786,-0.15641526062405367,0.16630348546128265,0.32867959139181835,0.11146494423155387,0.13975444188245095,0.25938562543706584,0.15548838003038562,0.35056908595079755,0.15923744934475312,-0.03996756954722308,0.4736786368339449,0.5812894163319681,0.15320471415541007,0.4958446737859842,0.03262938704590034,0.11443283917469525,0.1301300793350508,0.0071265371434790096,0.05719932499783255,0.10234311991648944,0.07613301229232357,-0.14880908315504,0.029242637289897882,-0.1090209797901029,0.5765458832144895,-0.02832087863715888,0.07412940207462895,-0.4840370949164078,-0.10010323255560996,0.011962340482609019,-0.05349348048246709,0.09963912886296299,0.030562292555411357,-0.021197046223599147
0.08907436709518511,0.2671313996129017,0.11616801721851516,0.29768858257066605,0.33736365373125415,0.4500608210003365,0.18512396034476994,0.45967706220860177,0.14356356727532174,0.278160844757778,0.3623361907731246,0.18321585525459003,0.16043709296259173,0.2637590103161753,0.35749897473272496,0.18027037950346955,0.4973645868892627,0.0015103279560458498,0.20874970799994333,1.0379353122678292,0.19535869071025022,0.16379223014953778,0.2020527939515802,0.38284266570224657,0.3037937645362754,0.3073622964002653,0.3039618753541652,0.32440283603603337,0.3683438545986628,0.25325320427087006,0.303208028112133,0.2630294053721013,0.19663561158506113,0.4788053759479617,0.36795511007606296,0.22487865799275744,0.757294562030579,0.45511468069572236,0.4724196899903683,0.2991969125996435,0.21559966141424297,0.24679926684762807,0.453222711757216,0.024970129038203694,0.3133867449701933,0.216048498241743,0.47021551176449067,0.0942933870628233,0.15743914039447482,0.11450367606831949,-0.12716200865056362,0.1463554834493202,-0.01648791616944841,-0.08421436670561676,0.0036693353326030776,0.03496672198682376,0.11672164212676972,-0.367093824231578,0.3207697046188042
0.17767560652335582,0.2453753390321354,0.175562581469906,0.2663130461593174,0.34101150088361726,0.323192090231729,0.22706613963884456,0.19880366688024564,0.23519210068072685,0.2038935014832464,0.2434347566396476,0.18118898838568057,0.15486929394301047,0.24354747901572557,0.24326970754520993,0.2115828648506718,0.3235987325150496,0.335792655905673,0.14588142747007837,0.19535869071025022,0.532693483758608,0.26488539391206084,0.2811773573777894,0.2303323129747577,0.21499075447008253,0.33076725922419464,0.16285204090908978,0.1815421516462556,0.23337860296347038,0.18240587697581498,0.2768004588465657,0.229059045266841,0.2579324281774301,0.26341568540875765,0.20159336371670641,0.335046472617834,0.2275804804881976,0.16558110149490543,0.21666194987147394,0.15573366469061653,0.2662006003763941,0.43897886572990874,0.13995921531708524,0.03220567590620689,0.09089884477132526,0.21240686514175125,0.6066086806191134,0.03318727756402281,7.526138865047711e-5,-0.03439451127721308,-0.052610877449937504,0.08220669315529819,0.10732406138798617,-0.07870568930953865,-0.03772678608043529,0.012081701860425089,-0.21549288365453387,0.1263846041329644,0.08612876968093054
0.19526359629713663,0.19513831651478564,0.2401794121596135,0.3190213688079625,0.2727051643466137,0.4430922522744115,0.3314666125706363,0.3665263206909804,0.3388625469583115,0.31673869416240885,0.3055321251459463,0.2384899524377246,0.26213642372641793,0.35857103482192465,0.1841826031819424,0.257207306299519,0.46300756683711874,0.24228436252501545,0.24311042857794585,0.16379223014953778,0.26488539391206084,1.848674830603907,0.23181904511657977,0.22772628046706958,0.18081290833634064,0.15470468794116193,0.26332065272514626,0.44948192993238156,0.37816654787969894,0.41409407976332324,0.367001669218914,0.5099086958092992,0.42579141020573874,0.5327050388275729,0.22562834481589913,0.4994580471087942,0.2353786320449226,0.32900858805972605,0.5715923582799259,0.22574563566486291,0.28269080936348023,0.2658839069683823,0.6154432439761778,0.06645575310104387,-0.47361520261065954,0.9427688944940464,0.536435337014353,-0.2739232792647894,2.4405583084816516,-0.3107870917144076,0.0053156052788722995,0.6020118628394711,-0.46259355311046,-0.26918580816179405,0.015595533674164259,-0.009660858274388222,0.04178798445268308,-0.21113144193784725,0.17020032489551623
0.10913172473395628,-0.007174473954217178,-0.10544731374588921,0.4225913131522061,0.48626355584363756,0.2549312629840517,0.2823759240404809,0.21826725559969432,0.30067796147585757,0.3928173409849893,0.26361050674146214,0.259152066264073,0.21587652304715257,0.241502390573974,0.2818879878668064,0.19411887435048536,0.3980013959039023,0.6136775631840367,-0.3272685698560294,0.2020527939515802,0.2811773573777894,0.23181904511657977,1.615226646809423,0.5678739639764864,0.49388018392569843,0.14181108795647349,0.16377228707733196,0.2462671930920066,0.36945985025968153,0.401903710682986,0.21926573240380282,0.15035841190570917,0.4094291941135378,0.31467859945019533,0.4205173202061957,0.2729905149018671,0.518085627143392,0.12418356996334169,0.4755912724787485,0.28862929656558917,0.291298059259955,0.28918066748288823,0.20613987333945058,0.022336256111673027,-0.06568247512808953,0.286512827129902,1.0455249962469024,0.05061916943564717,0.058739214146825494,0.11183492040399473,-0.14917726136815526,-0.10691534367756099,0.4935782640512113,-0.06420296401602155,0.1340398050516907,0.15504947318832185,-0.3007112186467976,-0.4009444511169413,0.5160605067647649
-0.0037559849622366055,0.07062049554531849,-0.07516379391369978,0.47402603859392006,0.5375596011395976,0.3925388886939817,0.2795768885589128,0.22988832582072774,0.3092027485130603,0.4207627315484021,0.30048982281589887,0.2548828079396643,0.19171553015344128,0.2639669088365578,0.3378917218387309,0.2713575204275005,0.3355265490073278,0.13543047686659185,0.08506506260952733,0.38284266570224657,0.2303323129747577,0.22772628046706958,0.5678739639764864,1.0338733027114813,0.36508766783483704,0.27201148840880185,0.22245458299429144,0.26350177517465234,0.23132651446405314,0.38773673210970855,0.4134512596164951,0.23027947720024664,0.2542399627087672,0.07927013938650126,0.3579853459373851,0.5683072083255839,0.292020268871381,0.23041683818364397,0.3528674350233257,0.26934582680984004,0.25405162446437335,0.2583639133590584,0.24817210440528384,0.05763012876912838,0.14824068619454212,0.18767729325502766,0.5490699039722322,0.0351614154691961,-0.14262766911883373,0.03380898577197176,-0.10926327738576672,-0.04960187354914608,0.18590338428113853,-0.017997129614274163,-0.012696169653336174,0.352557119634132,-0.09740255310940385,-1.2903979900096665,1.1677116120384108
0.14157607838953598,0.10108590424939685,0.040280912866053405,0.32401076276587465,0.3502803072253111,0.30014793489802855,0.22703971961630776,0.40046739176802715,0.14295464285221332,0.32561152528482223,0.3074005179982863,0.3276476417416743,0.19023957916506665,0.2793798303857763,0.3037667887333298,0.33673582756507153,0.3865744210411787,0.2943150611781785,0.18645157424673786,0.3037937645362754,0.21499075447008253,0.18081290833634064,0.49388018392569843,0.36508766783483704,0.8648410434905397,0.13860875981524393,0.23837211279574785,0.20280469149194516,0.33728301226690227,0.26184583493392766,0.2801852076534634,0.2634796949387118,0.2183484996179673,0.3981679437152632,0.2958905561032443,0.26897311666298773,0.4218828205718166,0.19313723650027867,0.4399446972723229,0.21783299518744284,0.19664152020210157,0.23738040425037407,0.2644446676878395,0.04642834816350026,0.08588967304035587,0.1802518383725221,0.6432378871937994,0.028101673934980545,-0.0013321415114677033,-0.05674177288161304,-0.054151743419373795,0.06769009429223903,0.125339027890012,-0.044178181004069055,0.02508446834032807,0.07141084307242808,0.04530089452988666,-0.4198911040880242,0.3550076029663137
0.20231688711787302,0.35104397031911194,0.2459754533796654,0.3371566951226132,0.4009678876114352,0.3884253955179723,0.25631865722754865,0.22296288691686658,0.37776739473692666,0.23595240613554716,0.24745015508794424,0.194348064187601,0.13740505452381582,0.33036113955687074,0.27918767054620897,0.1377530194228889,0.28256830656840976,0.3477515587747393,-0.15641526062405367,0.3073622964002653,0.33076725922419464,0.15470468794116193,0.14181108795647349,0.27201148840880185,0.13860875981524393,1.56827557654036,0.1801066612167324,0.009394544011157802,0.1565709292245476,-0.3008122350888011,0.2071134260832981,0.3352288363728075,0.01712170536740308,0.3222474293944406,0.17137702011648653,0.010330480729660654,-0.31430212982492184,0.18886630881369146,-0.35175107705828546,0.1253634421000128,0.19857402821975906,0.3546947736868747,0.45932663528341977,-0.01898004129272342,-0.11554519502972334,0.15089641637919354,0.45789362801490324,0.040317124003411635,0.0935240792575151,0.012825774425431856,-0.15691819677219312,-0.027232557983625446,0.1175736810417495,-0.04106936980568289,-0.04809931153927907,0.03968035605093228,-0.1210686993035117,0.000250462245401671,0.12407668529798246
0.125764379796391,0.1257863253582378,0.0736523357598714,0.25601784620338225,0.2825612196679668,0.26320216929591067,0.20131332481051778,0.2698264019639716,0.13231576184786129,0.2335829780199688,0.25691412562964233,0.2883783864310969,0.1999685413207709,0.246301851904822,0.19438437149312532,0.31833842281420316,0.27989521164105136,0.18293496226453373,0.16630348546128265,0.3039618753541652,0.16285204090908978,0.26332065272514626,0.16377228707733196,0.22245458299429144,0.23837211279574785,0.1801066612167324,0.5394089004745957,0.21421036615291353,0.20557404779223243,0.20220977164413192,0.25492051117689113,0.29386185196160364,0.18407785222183876,0.2829985932965519,0.1854908239074841,0.3678260484051312,0.2852565822571285,0.18127811206948374,0.2863143955095697,0.1858905075100922,0.1390723650312072,0.1871266576186942,0.3690568368935488,0.014647111087810406,0.07408876200989993,0.20945885955942706,0.32412843702295363,0.01286027302681061,0.11619559730987461,-0.03772660784609879,-0.035308257505478294,0.1474973098007077,-0.09974371479124537,-0.0066450915263448615,-0.00014759012630504494,0.0007081334635436959,0.136641636867991,-0.3769577994293367,0.2970325800532848
-0.002399712748768326,0.18607957032029906,0.1343966085639063,0.1161413569552825,-0.01007624693756202,0.25879107407476043,0.10626343776268378,0.42363450139738434,0.1386410350675274,0.2226391158479483,0.25309552663271195,0.11899589927182141,0.21835564974693183,0.03613422063619823,0.21676289321952302,0.19045132166616446,0.3471658738241095,0.2420165677336837,0.32867959139181835,0.32440283603603337,0.1815421516462556,0.44948192993238156,0.2462671930920066,0.26350177517465234,0.20280469149194516,0.009394544011157802,0.21421036615291353,2.30067362319962,0.02853692531869498,0.4774293673351021,0.3040039062753851,0.3571874202283247,0.8595669411309046,0.3877761352949562,0.9802157823437884,0.5117471066187708,0.9934195165681915,0.2629633080537917,0.45048403930391023,0.281497354283249,0.1978011932812197,0.2057198394693916,0.369768409667584,0.013271016291074982,0.0747086585392611,0.5292261234114952,0.2530168269084769,0.039276014279197934,0.007680593508959568,1.1943463069428413,0.023959035507333585,1.7848545642739455,-2.601878336035836,-0.34411119251906663,0.11723973400441659,-0.032633155455370225,0.14494153178886315,-0.2347684125517373,0.1782313873661995
0.15229231978119373,0.23583801804272925,0.045291645428251724,0.27701716718175395,0.3309852426559277,0.410158028022037,0.2027044967940674,0.3295794627466433,0.106937036273234,0.2991693882845718,0.311737025122549,0.215915310498063,0.23572357604649793,0.25119863624937505,0.2935868981787032,0.2420828960158362,0.38306551222170554,0.41072157459207215,0.11146494423155387,0.3683438545986628,0.23337860296347038,0.37816654787969894,0.36945985025968153,0.23132651446405314,0.33728301226690227,0.1565709292245476,0.20557404779223243,0.02853692531869498,1.8268559278227554,0.5519853121710203,0.13287208709555018,0.2563597924114895,-0.014850497873343547,0.43257471974982,0.19943106162880614,0.16487114928342606,0.03470163776940549,0.11880216471995902,0.33880030899433294,0.1846256247019934,0.33824003578408324,0.21623046714248562,0.14071217955217108,-0.0352286283959422,-0.12678625108343858,0.34890669665315766,0.8077054410355863,-0.053929033672269165,0.5034265251391352,0.6661364974540159,-0.24374160544993004,-0.1718205154122138,-0.2347561838798444,0.009390806676723236,-0.0027102731146690985,-0.10066777903776022,-0.29158783328622095,0.3328326375308325,0.05888014612622284
0.06012021147811722,-0.06944554188758069,-0.5159849508505557,0.2303450763827735,0.28529394768338384,0.10965782954893119,0.11357432749234347,0.019995542339308215,0.012667427511892645,0.24204627854402552,0.15057452339449967,0.09160021090702966,0.13685173767907338,0.17690570767842087,0.1663109997272989,0.32161036185974295,0.23390907263794417,0.12836734229904923,0.13975444188245095,0.25325320427087006,0.18240587697581498,0.41409407976332324,0.401903710682986,0.38773673210970855,0.26184583493392766,-0.3008122350888011,0.20220977164413192,0.4774293673351021,0.5519853121710203,2.4183690346931477,0.25314350977505073,0.154531632148231,0.2521079224206811,-0.043091364669310975,0.9310303804118726,0.261697419740245,0.3515630787850311,0.2204120163331015,0.48506729198514004,0.33605677710277243,0.5887992228101139,0.24636490252746582,1.0790234914435994,0.19565891247297545,0.3970111007709205,0.3729317901504577,0.8053310755745638,0.01298852078002304,0.3421487766349861,0.040668559168411465,-0.15809601309176582,-0.08022269236287215,0.05823676858058179,0.054419392619953905,0.0468138992832579,0.14210717107055146,-0.3237411756247458,0.29043725408350124,-0.05354164740725667
0.14341530987453024,0.15325462137391105,0.11054988879479367,0.32215477148973476,0.3947786317642719,0.3134989580661097,0.23755228301351097,0.24436976066616878,0.23485050743124533,0.3119640757476758,0.2662051426860197,0.24998365086769184,0.16499742084550303,0.2643458642770082,0.2747383262214247,0.24141590614234537,0.3598046816575636,0.3604823000185745,0.25938562543706584,0.303208028112133,0.2768004588465657,0.367001669218914,0.21926573240380282,0.4134512596164951,0.2801852076534634,0.2071134260832981,0.25492051117689113,0.3040039062753851,0.13287208709555018,0.25314350977505073,0.9723732231019432,0.28080449735153296,0.2717477306208447,0.2311916713725048,0.24818008709224337,1.0377557794239065,0.354269768388164,0.28007779040962333,0.3510057531027683,0.23377239362373972,0.2852403048562692,0.27478540587887407,0.1273298842270704,0.04775233298813622,0.12342498804147783,0.23328215437884844,0.41355813386536766,0.010504242293888853,-0.3250030278683219,-0.034177955750281645,-0.02004689546181118,0.23328356853419138,-0.06629786874099225,-0.06072422300278923,-0.03689215816592775,0.1515156980357036,0.1912095736171942,-0.7686398971138467,0.47970108389654686
0.15751097994379357,0.18848602064052217,0.12831432324377715,0.34627358502569894,0.27853813911085573,0.3468978451263716,0.24434363633199963,0.3565215656222005,0.24298768207020624,0.25136843893109095,0.3054682888233333,0.3074650086673166,0.2212258572595848,0.5291672701423261,0.2176534334575013,0.33821050961041227,0.3003239246764412,0.16498527890946618,0.15548838003038562,0.2630294053721013,0.229059045266841,0.5099086958092992,0.15035841190570917,0.23027947720024664,0.2634796949387118,0.3352288363728075,0.29386185196160364,0.3571874202283247,0.2563597924114895,0.154531632148231,0.28080449735153296,0.7563328831890501,0.256622033865512,0.4024732338145818,0.15193622027083556,0.33964486561263046,0.1638044449841152,0.22819976262284486,0.3036891960712922,0.1850742579309556,0.19041875512096046,0.25973710451031645,0.3977130441342534,0.027718495073336645,-0.09958657804116244,0.3188934085106405,0.5214813991572442,-0.022395357710383933,0.5628461225128214,-0.062170340356702686,0.021397692174639757,0.5857812513239548,-0.5936924548610402,-0.08391881866237313,-0.07582372879860262,-0.0761380893927725,0.6112694736470471,-0.685516364211295,0.30767930465987475
0.16862264804583124,0.1026369500357067,0.21549204314656473,0.15735525841966191,0.1393529565757992,0.2034578847269421,0.17581680877575853,0.32376652030775727,0.20736335621486063,0.2001789411940599,0.24848566718972293,0.20439159060623996,0.182958339737381,0.2184130951533588,0.197864459679158,0.1779538020495683,0.3953407973277,0.28761093020964223,0.35056908595079755,0.19663561158506113,0.2579324281774301,0.42579141020573874,0.4094291941135378,0.2542399627087672,0.2183484996179673,0.01712170536740308,0.18407785222183876,0.8595669411309046,-0.014850497873343547,0.2521079224206811,0.2717477306208447,0.256622033865512,1.6248142927174278,0.05564885555851494,-0.05015098091828401,0.0979500113320022,0.8727562627975319,0.21534597615010836,0.37000012656993425,0.008305607937878101,-0.04244526976774448,0.30953948591555197,0.3178896546392051,0.0358359782486052,-0.050255965507643635,0.22531733377350413,0.737595187568728,0.043743033985627705,-0.11238856023531786,0.3279673257361715,-0.16303059156622152,0.4030646130209116,-0.26240956019857486,-0.2866173739575214,0.2217608520739051,-0.13926472150711594,0.030239995206867137,-0.033389783197008374,0.08718360962799128
-0.12473145172297516,0.19549037035166222,0.05629064441939949,0.4066847131659324,0.47641261449279526,0.47015312349520727,0.25335033007125635,0.5453581875408614,0.20750230645934892,0.35714969569682437,0.38343047897561966,0.26176737099164415,0.24911742679896776,0.32593080252224876,0.2994085448468602,0.26087072388897137,0.5107842404849696,0.3106056601197417,0.15923744934475312,0.4788053759479617,0.26341568540875765,0.5327050388275729,0.31467859945019533,0.07927013938650126,0.3981679437152632,0.3222474293944406,0.2829985932965519,0.3877761352949562,0.43257471974982,-0.043091364669310975,0.2311916713725048,0.4024732338145818,0.05564885555851494,1.6729752357428664,0.5976483642805379,0.14617314590790004,0.8932570717955998,0.28089846558044285,0.3348430583701437,0.19744972709224154,0.29144295976899115,0.28138953068585687,0.5569529956282521,0.059450324054577605,-0.4063410052634637,0.37343803480385496,0.6781019331981003,-0.009015522780460914,0.7791036029949439,0.015430642798417549,-0.08528415542772075,0.4831282075093522,-0.2927035875184851,-0.1960271471007068,0.006846749601800932,-0.11195845978132604,0.047289146996566014,0.08311580319300522,0.090624494049755
