0.724643862351719,0.2969854507382906,0.4865021208360357,0.11873688160721717,0.18261545225207299,0.1799046100444131,0.19214095477230123,0.11937858782250024,0.17507370752741588,0.1679788586885247,0.15518274576109722,0.19744349004325668,0.14269300074315824,0.14936384118166693,0.1328543484265912,0.16748954399201704,0.1278108569300236,0.19218589861241114,0.16810530623233533,0.09261398716956654,0.15709602517038568,0.18415488880238123,0.06979070242241647,0.030229108120265847,0.18555646453858912,0.18010013153715973,0.14787107886999518,0.08984643340865776,0.1879956349954831,0.09578230342122444,0.144702051745604,0.2015424577989721,0.06890219769739223,-0.0672234260810029,0.13289833858015385,0.18887670617200442,0.06969071244353414,0.06196640937666226,0.058542665837339726,-0.050972056957796545,0.11808775546440699,0.0904578280948932,0.07923140360479519,-0.011194176522263148,0.16024610173727918,0.1663556426329064,0.14021646125372383,-0.06144044322227081,0.10125859600645619,-0.048984771551946124,0.0029535338022812223,-0.08175337255517588,0.04526895398767707,-0.00044772024767738547,0.09146722247079898,-0.041024988063548484,0.15456081240202116,0.08528194149076417,-0.35375556899334926
0.2969854507382906,1.5930988798783052,1.33956700382752,0.5100308130652552,0.4613863718185767,0.6000256886437808,0.5192533177794771,0.6008283473837057,0.5476023443689942,0.5153643504571749,0.5994369137317718,0.5647407725938647,0.6167487857656213,0.6184929560090463,0.5937100037695237,0.5612435254428589,0.5678151203066139,0.60668742442027,0.5586030041429515,0.8015069272952735,0.5199881065564277,0.5519375973079574,0.3820259055195787,0.48103359778634547,0.4882716553079348,0.6964052229398932,0.5194255523262398,0.4914175685771212,0.6711987541100579,0.192764413758633,0.44958363108996285,0.5237438276952191,0.3754045118434983,0.7386391271106878,0.5875584531175906,0.5195357225990728,0.4806730877211493,0.3984228072604606,0.47417761490259835,-0.06441907027665103,0.6488879627901502,0.38968076713550887,0.3799207599005429,-0.006193423286930247,0.4906168008665358,0.23748446079540741,0.561355943052133,0.009485107268133163,0.6109167736312461,0.007164057431034022,-0.0525366834287718,0.010159506401567923,-0.01980943434227464,-0.10985785723892177,-0.6104167300974951,-0.20152904220830428,-0.3407761156418314,0.5047555539955936,0.20937927051260458
0.4865021208360357,1.33956700382752,2.309013674650488,0.5003688409112426,0.3477364034924357,0.6670273688759657,0.6022837980225466,0.6570042841594091,0.6564865918435633,0.6745485053068082,0.6467928653090733,0.6698437751618413,0.6341589775346458,0.6106792587800789,0.5396446718322737,0.4941695959913371,0.5651771881644261,0.5910615996769056,0.6025609121720373,0.442876508012035,0.5326900776789516,0.6132284580196079,0.4236108897046914,0.4787735172308721,0.5296946509192552,0.673441538229888,0.4948241926845273,0.43151480309002477,0.6360141429623645,-0.0986908449620984,0.4495584401176814,0.558787095952515,0.24316849501969628,0.6645217245567804,0.5503762207780036,0.6464083327828141,0.4494506411454116,0.20350507294333975,0.3081681390139963,-0.2764710014259976,0.5232147765827367,0.3815403867232015,0.24046988228539395,0.0032993263948849385,0.33121229289194914,0.5278436677529703,0.517359336306995,-0.17273531129474942,0.186437511808093,-0.002112171471325467,0.005610451671717237,0.08545759594299969,-0.07739379812980747,-0.13042322523661642,-0.24346345518173204,0.11166297747673029,-0.04845385322811319,-0.19239246080786623,0.07472361721735017
0.11873688160721717,0.5100308130652552,0.5003688409112426,2.7898915500789396,0.26967417943735233,0.3873680507146387,0.3673223089953721,0.488368374845295,0.32591466670965097,0.5084339701684508,0.368596545974821,0.5285054309674468,0.4241970819512818,0.4617536336707899,0.40643006146072597,0.7151098308979797,0.38835217701823915,0.5114746885445003,0.28750116882147203,0.37801646485139473,0.23808350986475738,0.5012810423657276,0.5703481460723812,0.532181862346554,0.3250743990168915,0.40023465439031225,0.4138306988448564,0.14135399304703528,0.49342533432509117,0.06848568262540526,0.35395604385630786,0.44719114399773346,0.32416573757728,0.4669387152202079,-0.15878932773636317,0.4345445677156465,0.2648457511226002,0.21430861203739945,0.43298668931793,0.14564434196712361,0.32027103706881316,0.1928903121229619,0.3482733867075632,0.0016911665838032096,0.3300385542439463,0.2545430363660884,0.47995446463126645,-0.10864033464285495,0.3361501382379491,0.13939348340513608,-0.1460423189461601,0.15838411174014375,-0.13146137161812993,-0.23326774581512502,-0.3892397565311945,-0.006366510885871032,-0.07902065713304221,0.34624590696225005,-0.09916590841454145
0.18261545225207299,0.4613863718185767,0.3477364034924357,0.26967417943735233,1.0994398902666052,0.5628901646585986,0.42227746900481594,0.37663275362044385,0.40288719987011146,0.29571197159328844,0.40295362973058874,0.449647093958665,0.4400874577794135,0.4536452913907409,0.3738936780005531,0.5350105123953213,0.3906565909925207,0.32119665022049376,0.6242091943389404,0.473665362766019,0.36558116069256175,0.4563865974702578,0.4003389427164776,0.36690309811186067,0.3361943833551776,0.5444659564938186,0.3564121928363861,0.21687137478616159,0.5695482152114753,0.10123736462638919,0.2835401761916911,0.50433448994903,0.20611406095730092,0.6950733182472961,0.23067682101874185,0.339205498758569,0.3611968657463549,0.2418211288995916,0.32567518419206376,0.1696234611778699,0.4585069051749588,0.3304541826256129,0.2581602643830845,0.026615541874606248,0.3197783274820547,0.04040727527665443,0.49996658671720656,0.03783813640436789,0.9001213163527986,0.03258962720224078,-0.08762534937819301,-0.14235755956961224,0.10285529057107012,0.03941504204092852,-0.13763680335553163,-0.159777250217954,-0.0010948839111918234,0.10116264108878818,0.08768518297345863
0.1799046100444131,0.6000256886437808,0.6670273688759657,0.3873680507146387,0.5628901646585986,0.9282889430064292,0.44488010922553983,0.5279708083446246,0.5379858734027452,0.3875000533901157,0.5255545011144739,0.502888013218393,0.5096437591549433,0.5973833254200547,0.4653732540828613,0.5458447435663885,0.49788183268991787,0.38560340356656003,0.6286252946538612,0.6656117057944797,0.44127349908602664,0.5360555681534267,0.4098623039148497,0.5317872536119673,0.4524020478599085,0.670537924403298,0.4581148910038162,0.39253806675675074,0.6887093933651257,0.12052878076374833,0.39666024411374834,0.5931722955012938,0.2169713159056547,0.6796334070112902,0.440970898199191,0.36286758559878657,0.43372074950170175,0.35036251719020667,0.459162543549687,0.1644635360726224,0.47817929007512255,0.3629753435899797,0.3625710936693003,0.01839919099877822,0.472025972796974,0.099476745841159,0.6557326954337851,0.036892442907103286,1.0690896822450886,0.13750663195424,-0.2755132111506847,0.08813566046197183,-0.10915738291124857,-0.018884049045149457,-0.16009386421158434,-0.07376532796319628,0.10239607102340063,0.10613676957279236,-0.09060868653648571
0.19214095477230123,0.5192533177794771,0.6022837980225466,0.3673223089953721,0.42227746900481594,0.44488010922553983,0.8048644821975728,0.3546154047909477,0.5604464405032935,0.3964826504945702,0.4448084391746789,0.5071494979185162,0.4587745550075921,0.4345323508801301,0.32435036931304717,0.536242216606659,0.44074044952188257,0.44620001425320527,0.3406684655179157,0.4482793422010809,0.35911608072583384,0.5424946115115674,0.6485947593085091,0.5982953221618508,0.3680919758254618,0.4050178036360527,0.40437514999751467,0.30300078684642573,0.5047180728044439,0.2721699290577816,0.34874834597844107,0.4532146214671183,0.27117071360820844,0.5008278779548986,0.39779943844282284,0.4131872624180398,0.37896368055455765,0.24036993108100277,0.3767044668139852,0.0546021872289159,0.4208685501634511,0.3041384830661065,0.32172739929676253,0.012130044786374628,0.3342001732963284,0.17547810985031875,0.44768170872911395,-0.04083860628558851,0.7614806968888658,-0.03586863148002182,-0.15532543810348376,-0.023894255426709417,0.1366625710411941,-0.08775728457658355,-0.10054007872738073,0.10982161172002838,-0.001039205389602453,0.0808637449610954,-0.2543688489467184
0.11937858782250024,0.6008283473837057,0.6570042841594091,0.488368374845295,0.37663275362044385,0.5279708083446246,0.3546154047909477,0.8998556149544086,0.2999450166144563,0.48048239952821925,0.4982940078555196,0.39437068093753797,0.5242166039913629,0.5598406638532099,0.42174358145074764,0.500612040186381,0.49220706344889825,0.44079451632300215,0.4377732297473438,0.6070383528889854,0.35574926488535413,0.4204582596404451,0.49390586558581684,0.4759181432781392,0.33786862952320035,0.5696869039380171,0.45860977618502924,0.4479016484861296,0.4965835397057708,0.22299111000404603,0.3483219809756637,0.5000273202346515,0.33713489138999975,0.6563714150844151,0.5904514522236173,0.2668351757755976,0.4903001159602138,0.29893314524828407,0.5729174436350186,0.09192515697471719,0.535522240387421,0.3109299168492698,0.42350334686430274,0.011074055223788565,0.44063759978550543,0.08232982026712167,0.7108493109308363,0.14011352381817155,1.112211392492476,0.17863824779905035,-0.18792496264981343,0.10721556755417097,0.0257126192629241,-0.11245222842780461,-0.21872770579158665,-0.05300589892206717,0.0895558392442618,0.25632318750215916,-0.192310175889275
0.17507370752741588,0.5476023443689942,0.6564865918435633,0.32591466670965097,0.40288719987011146,0.5379858734027452,0.5604464405032935,0.2999450166144563,1.2127888632485568,0.3015762422395302,0.3862789774859876,0.3911953293216719,0.49378435182189934,0.4459825022117349,0.28623409037821346,0.3373266204162126,0.41321144803849946,0.4652514058601391,0.45842733024973975,0.5375139439538843,0.38072230795592515,0.712929530849443,0.7837914690764995,0.7313732423419299,0.35704193647594135,0.573000726073152,0.38060966999621754,0.3331254304471107,0.5905439717855847,0.35902718511736065,0.3867510959181003,0.5111276402793771,0.41811024663906604,0.3666416084213631,0.31124756921388685,0.4440069160506896,0.5695794021693645,0.3087041727449983,0.3783886143472037,0.026906309035060336,0.4067703992366657,0.3190003991237373,0.3638820916191786,0.024997156673618355,0.23133010239544557,0.39272719286601226,0.5329241731880805,-0.08497103287819974,0.832360319579888,0.06183123382017363,-0.047593750517537656,0.015068127606327822,0.15166870403254878,-0.20874914721003138,-0.009639642986512285,0.06333276114329386,0.1250271665323108,-0.014789667319097272,-0.22486254550797627
0.1679788586885247,0.5153643504571749,0.6745485053068082,0.5084339701684508,0.29571197159328844,0.3875000533901157,0.3964826504945702,0.48048239952821925,0.3015762422395302,0.8139755984849641,0.4437631083824967,0.4264433483741745,0.4345122584531924,0.43643592336106085,0.3967223892384633,0.46103573097731215,0.4148783817327494,0.4500840354426652,0.29179283598577704,0.39227692742002235,0.3013830966085053,0.39846364097543596,0.4874227110887097,0.4070592565975934,0.3578703039665132,0.4368132061591916,0.38702669361449393,0.31609225087024456,0.4327395310991786,0.10508278957133467,0.32064546483392653,0.39798321139119736,0.23761854147126385,0.6162362067232825,0.41753860591762126,0.32325480645555593,0.4290081738500123,0.18612127216257426,0.3908388189766156,0.05953404621994592,0.4602207143179766,0.27390357033292806,0.3075115039385081,0.011289472452140658,0.3209207432085797,0.14545316050263685,0.5583488955715639,0.03217311043199056,0.7044658789036083,0.08020023378800323,-0.08122040908235136,-0.04955184594015842,0.06882965264760459,-0.059643729841099835,-0.0804465781621984,0.09825555946308326,0.012269678685417663,-0.056361743523469454,-0.053171697559129115
0.15518274576109722,0.5994369137317718,0.6467928653090733,0.368596545974821,0.40295362973058874,0.5255545011144739,0.4448084391746789,0.4982940078555196,0.3862789774859876,0.4437631083824967,0.698986112595815,0.4740805577255609,0.516199080330899,0.509568497371641,0.4569940679980251,0.5367114171260599,0.535860810193332,0.3877511507497138,0.38947862263505156,0.5711711921754828,0.40531390906221143,0.4659152809455671,0.5223239784009419,0.5073783627179157,0.3813047393304188,0.4740761071638569,0.43059237772610737,0.3816796789928413,0.5431249100471223,0.22351418918433721,0.3436066618831504,0.4958977458051498,0.2917735071421101,0.6328709870820814,0.5460579422277089,0.34084952811776453,0.4672143924356395,0.29031678826009655,0.4617860151917033,0.08054000913224703,0.5158342863346935,0.3507489800116582,0.32750181785476623,0.00048446842308123606,0.4307113815247298,0.13917258795122978,0.632448179068529,0.05945205576585366,0.8598718456988698,0.07246812184473136,-0.15179842351990228,-0.05106572474602439,0.1657580151226381,-0.06055456419057414,-0.21021061424619553,-0.06095012354190953,0.03270525627511536,0.1081171979262607,-0.07926200818524755
0.19744349004325668,0.5647407725938647,0.6698437751618413,0.5285054309674468,0.449647093958665,0.502888013218393,0.5071494979185162,0.39437068093753797,0.3911953293216719,0.4264433483741745,0.4740805577255609,0.7782480139220475,0.4545519704572764,0.48336717164544235,0.4614929887078912,0.4989328543714977,0.4652586938186063,0.3676002572293582,0.42625571979899807,0.4835298380036029,0.34832758536898784,0.44644266590067216,0.5085653221978402,0.48105137898781763,0.41576131647289566,0.43950413530605953,0.43609569396367404,0.27147088469070024,0.5100159961837522,0.12080580075141059,0.34178625163468973,0.4840927970562296,0.20577998629068872,0.5666606403237778,0.41299918846189876,0.4092526637748152,0.26282919023522205,0.2507769035633268,0.3331119912704358,0.03661254562165956,0.4307765806381749,0.2857009161409446,0.2645377871175045,-0.023624338822270215,0.4277908434959062,0.138336299351062,0.5010583371637908,-0.005176711746828663,0.7188645177260966,-0.08089081368109059,-0.06087923439057776,-0.0010891833946517703,0.10806962087165844,-0.07437489700582033,-0.21298738653290342,0.061192972630436944,-0.03754298016594737,0.1423095762720667,-0.28939798493407753
0.14269300074315824,0.6167487857656213,0.6341589775346458,0.4241970819512818,0.4400874577794135,0.5096437591549433,0.4587745550075921,0.5242166039913629,0.49378435182189934,0.4345122584531924,0.516199080330899,0.4545519704572764,0.7343624975847755,0.48771982777927436,0.36334598328823164,0.5365394101025528,0.47919589956487996,0.42022158203400983,0.4325685677692945,0.5572504813019399,0.3819310592157027,0.5342634086560767,0.5841806763566738,0.5560687142226343,0.37112839909710116,0.5247707667011152,0.45348207246167965,0.3748935860908229,0.550461194416817,0.25713639854025844,0.35151241962775637,0.5113310359818991,0.34452779771284603,0.611119279586611,0.5031731458456193,0.38330737564182277,0.4440406853891615,0.27778212988352263,0.5522724947995679,0.08975611613637584,0.5123727429617235,0.32596342317670407,0.3578892404501056,0.02252886736184318,0.3856068848430241,0.1479841920179458,0.5890603956019705,0.03013406235565402,0.9094688099611002,0.0931940613718862,-0.15385135492568955,-0.05140279768489356,0.16181448511473956,-0.1081701343027145,-0.1584876640697944,-0.064554024740021,-0.0704626563005673,-0.01063665263832365,0.11443336940129341
0.14936384118166693,0.6184929560090463,0.6106792587800789,0.4617536336707899,0.4536452913907409,0.5973833254200547,0.4345323508801301,0.5598406638532099,0.4459825022117349,0.43643592336106085,0.509568497371641,0.48336717164544235,0.48771982777927436,0.8751146991925286,0.6425884831932067,0.5978862234237898,0.5108196988128901,0.40946949333468396,0.4736832673383323,0.6597110215469506,0.4245107506869837,0.5095038849176626,0.6719065933457462,0.6297949047210015,0.4547797880307878,0.5872647677303412,0.4673525766271329,0.4721728547611046,0.6309020801736386,0.2857624886769929,0.3717470001183438,0.5258404283771353,0.36204503216498524,0.6634172088537019,0.5664026395102421,0.33337580197464733,0.5865610026709545,0.3437352548412322,0.4758518957076949,0.09885793587936573,0.5813381606740358,0.3723863065306882,0.4295017830682296,0.0015102016189589666,0.41588778022507666,0.10834636783067574,0.7355276620484096,0.1166764407986313,1.1985059190929352,0.11562055664247553,-0.16890585646719009,0.0675109479866325,0.029889504205375558,-0.09043490638287259,-0.232542655860855,-0.05823707679381075,0.01948314705432493,0.21909722820977187,-0.0543595073615919
0.1328543484265912,0.5937100037695237,0.5396446718322737,0.40643006146072597,0.3738936780005531,0.4653732540828613,0.32435036931304717,0.42174358145074764,0.28623409037821346,0.3967223892384633,0.4569940679980251,0.4614929887078912,0.36334598328823164,0.6425884831932067,1.1122873379308733,0.5241306224361815,0.44470279804252705,0.4419429409093287,0.3504977104664832,0.6142403069443219,0.39266628247102214,0.38911719668988887,0.8791639041450715,0.6599523036176537,0.362180352856085,0.41645639742067675,0.4005905628181423,0.48496153885892473,0.5830992096916731,0.3365515654388459,0.34200904437160706,0.3863199351538297,0.394814974385223,0.6039416044122957,0.5639024843825806,0.2537958833836812,0.6518548718505377,0.3001432429009103,0.5020735121924135,0.05558926142699703,0.5314403480033164,0.3441411149051464,0.4018886929138,-0.017015000077435262,0.3647014978266181,0.14471058610205673,0.7105901676528514,0.16398928983419803,1.0658199579732663,0.22689318965761623,-0.25645717970731313,0.1432779125104271,0.016948299840931075,-0.14722444722359404,-0.15335952030832067,0.010321398036736403,-0.0810762537701155,0.18224340705741762,-0.0696470167744727
0.16748954399201704,0.5612435254428589,0.4941695959913371,0.7151098308979797,0.5350105123953213,0.5458447435663885,0.536242216606659,0.500612040186381,0.3373266204162126,0.46103573097731215,0.5367114171260599,0.4989328543714977,0.5365394101025528,0.5978862234237898,0.5241306224361815,1.7489817949361273,0.582613792992271,0.45770403915103897,0.3923169629423307,0.574568369342193,0.48243311456154186,0.8883101230261523,0.5934463984892651,0.4875938005548529,0.1660859009188317,0.5701284154843759,0.6197873357054262,0.5830978715690913,0.5640898709295116,0.48679659329979763,0.3251690952652572,0.7569385586774168,0.3915269199479872,0.7506999341516087,0.883345318517522,0.4147667601966665,0.6060376156132868,0.3234820029718975,0.7157511194253356,0.18715687017707822,0.6944479954538277,0.45764861089723957,0.554339341242343,0.03893963633414369,0.4267860672979437,0.08057830909435776,0.8252349082402926,-0.03536097019168729,1.6019672624241714,-0.14307138133705594,-0.30775969622999055,-0.20206900340927098,0.1889863404330621,-0.08563611364233664,-0.10323524303095521,-0.11831448621588053,-0.06789505494963516,0.08429084538117804,0.07111179616887696
0.1278108569300236,0.5678151203066139,0.5651771881644261,0.38835217701823915,0.3906565909925207,0.49788183268991787,0.44074044952188257,0.49220706344889825,0.41321144803849946,0.4148783817327494,0.535860810193332,0.4652586938186063,0.47919589956487996,0.5108196988128901,0.44470279804252705,0.582613792992271,0.874703285499305,0.3472457740234937,0.41784207715058513,0.5435493183962492,0.4589670673658682,0.5089354455748676,0.5221120528985858,0.5336886735806233,0.46797735356436265,0.3643743966167786,0.43840007579601475,0.5727799011168042,0.5535920389060903,0.34438116998819357,0.33303074074850864,0.4705052041550882,0.4117467726989156,0.6284209901018409,0.6524981947639283,0.30628426774139983,0.6733845502202882,0.3172205363357287,0.3789317068946786,0.04985105761298819,0.5645174827960396,0.43891680392222193,0.3600638044250198,3.909324249343486e-6,0.4708656692012319,0.13947217676858067,0.7696218848355604,0.10445158144937076,1.0037564937527839,0.1726057207886142,-0.10174480604754396,0.05384319047781932,0.010119243832453599,-0.0821198371907945,-0.23522301111538294,-0.11367904259440212,0.004444917203472289,0.1872236769391933,-0.07354841195808674
0.19218589861241114,0.60668742442027,0.5910615996769056,0.5114746885445003,0.32119665022049376,0.38560340356656003,0.44620001425320527,0.44079451632300215,0.4652514058601391,0.4500840354426652,0.3877511507497138,0.3676002572293582,0.42022158203400983,0.40946949333468396,0.4419429409093287,0.45770403915103897,0.3472457740234937,1.176436460217676,0.3385204587515448,0.3290134466271427,0.3657765924948267,0.4843635604286233,0.8180913614193259,0.5859514611323222,0.4581202832831414,0.5565142813031706,0.34538713921151354,0.4312918934194366,0.501119794294789,0.15561984464450296,0.47807410194058947,0.43954086660542024,0.3974411270988507,0.5131581683994049,0.3505183446485515,0.39360707242825144,0.4035306658315624,0.17147790252416154,0.5467145364937651,0.1261576340193632,0.4675623641696663,0.25820075661057484,0.457576610707792,0.019874510069870295,0.4895675971359297,0.23564080188357117,0.5702325030146714,0.0049721961568265985,0.6838616859840315,0.3177663714185954,0.031377805839393286,0.03484508964096213,-0.19228025992597847,-0.19433664357921285,-0.0006981498530838283,0.10121025235122819,0.10218070948764288,0.12100278531005393,-0.36633303993014915
0.16810530623233533,0.5586030041429515,0.6025609121720373,0.28750116882147203,0.6242091943389404,0.6286252946538612,0.3406684655179157,0.4377732297473438,0.45842733024973975,0.29179283598577704,0.38947862263505156,0.42625571979899807,0.4325685677692945,0.4736832673383323,0.3504977104664832,0.3923169629423307,0.41784207715058513,0.3385204587515448,1.3548084658147463,0.45652458686986974,0.41464610032202603,0.4473185400224196,0.22194729328104223,0.34013922406105596,0.4016958830399231,0.5726300518274664,0.3291024169385742,0.45164944879405866,0.577212782330536,0.09764077292303928,0.3164645855882725,0.4512977762782616,0.2721213198151235,0.5474982184850602,0.2631233353421053,0.42761739448577224,0.2705017397319311,0.2487229881131229,0.24405550016666056,0.05808751572883193,0.43197875033923594,0.3141202387996683,0.2516760707423809,0.036950022746241915,0.22112240747163056,0.19275324180301381,0.2875195819985461,-0.007435385906904343,0.5001380809663678,0.04652893405589645,0.25794482394616886,0.43951635863143984,-0.49101820482563824,-0.11030772419725743,-0.20849301228296918,-0.08597898808673693,0.0025054325098785436,0.1665444210057768,0.03453001586032707
0.09261398716956654,0.8015069272952735,0.442876508012035,0.37801646485139473,0.473665362766019,0.6656117057944797,0.4482793422010809,0.6070383528889854,0.5375139439538843,0.39227692742002235,0.5711711921754828,0.4835298380036029,0.5572504813019399,0.6597110215469506,0.6142403069443219,0.574568369342193,0.5435493183962492,0.3290134466271427,0.45652458686986974,1.926778969985441,0.28291353412229914,0.5053656697202801,0.6736037629136893,0.8228664977697946,0.41464844317478744,0.7173798868377247,0.6498016377058992,0.5297255019611964,0.7037181659517849,0.5484414995122177,0.6067861907181679,0.6544626713297487,0.48521579308698176,0.7815748505852366,0.7820984296457479,0.3308396666730439,0.7372757176228548,0.891651702847932,0.9216269777969173,0.3253227587074868,0.8014942851271087,0.3449856218197725,0.6614652975911796,-0.03636201027203842,0.7505105225375953,0.09241827171476326,0.7869050452306213,0.2563282426639668,1.3574444403113846,0.022479279188907582,-0.47236820609540003,-0.05108879413919157,0.40543856673589834,-0.1521538481921647,-0.24567678077793004,-0.14005635052407636,0.13030441924754652,0.23660398762230292,-0.16469058528224462
0.15709602517038568,0.5199881065564277,0.5326900776789516,0.23808350986475738,0.36558116069256175,0.44127349908602664,0.35911608072583384,0.35574926488535413,0.38072230795592515,0.3013830966085053,0.40531390906221143,0.34832758536898784,0.3819310592157027,0.4245107506869837,0.39266628247102214,0.48243311456154186,0.4589670673658682,0.3657765924948267,0.41464610032202603,0.28291353412229914,0.9667682657721663,0.436501833506079,0.3709180559128468,0.20216898639657754,0.33615602895512187,0.4567007143119169,0.3239137902864172,0.47830976849123086,0.5259638531242965,0.31006844668291556,0.18777783572840792,0.4326915738085899,0.3326960953773193,0.6226769893645697,0.5554552524389591,0.24593588551212417,0.6861032706305248,0.22110168392887933,0.11003048657668842,0.026287169651863087,0.5800254087853844,0.6154907255726313,0.29612182350698824,0.017184249316130364,0.3595046959491405,0.07836297891547206,0.715555162494639,0.15193218017252666,0.9849221967398225,0.0010013268330578869,0.06899456513136831,0.01821756513715411,-0.08097316632552794,-0.01720852609407723,-0.09958143774751817,-0.0934840157092564,-0.04728141105439241,0.11833229931647213,0.05101882959859012
0.18415488880238123,0.5519375973079574,0.6132284580196079,0.5012810423657276,0.4563865974702578,0.5360555681534267,0.5424946115115674,0.4204582596404451,0.712929530849443,0.39846364097543596,0.4659152809455671,0.44644266590067216,0.5342634086560767,0.5095038849176626,0.38911719668988887,0.8883101230261523,0.5089354455748676,0.4843635604286233,0.4473185400224196,0.5053656697202801,0.436501833506079,1.0576828150864135,0.7277619531866452,0.6120699739036107,0.3191607775862037,0.5824644042157332,0.49523270991965446,0.41523219919018617,0.640216616197836,0.4211069013653684,0.36141390612330143,0.6747702200635297,0.40750068150154906,0.5692064562342656,0.5224476221763832,0.5285893283381725,0.5502712193896683,0.3092620762598236,0.5572379178808158,0.10783947911196114,0.5330262514272546,0.395671016410906,0.46707754165381377,0.061218160292866974,0.279917647925869,0.36372671437037146,0.6798805537980948,-0.22350064211621004,1.1949994322009823,-0.02037045969875652,-0.15280131009792508,-0.13507416938106573,0.1637207905789643,-0.15729150464559782,-0.06032709351482057,-0.01846928489243958,0.05233246260416004,0.019524154119454986,-0.1133024034854751
0.06979070242241647,0.3820259055195787,0.4236108897046914,0.5703481460723812,0.4003389427164776,0.4098623039148497,0.6485947593085091,0.49390586558581684,0.7837914690764995,0.4874227110887097,0.5223239784009419,0.5085653221978402,0.5841806763566738,0.6719065933457462,0.8791639041450715,0.5934463984892651,0.5221120528985858,0.8180913614193259,0.22194729328104223,0.6736037629136893,0.3709180559128468,0.7277619531866452,2.722766018692093,1.5451322537410477,0.4173885693790754,0.15489007314214231,0.44405543694443644,0.4608486581656546,0.9214895135338481,0.8135011208427774,0.3464594264254021,0.4170943681393065,0.6660270810677545,0.5401838818279975,0.6200654514559456,0.33592184521700774,1.0652307108618728,0.317921362001713,0.7360584247131235,0.035675577921174054,0.5905884682583158,0.3568714012117412,0.5712116584668735,-0.02715290911248059,0.3833280657250467,0.3791321362815338,1.1072035001657932,0.13317975031086643,1.7432993636741991,0.36119542231047125,-0.4062833422771151,0.0012098239360604415,0.5915339721268802,-0.3363889830798721,0.05121989207860871,0.18407451677472383,0.01771255750301414,0.0004612680453027798,-0.32082781405982197
0.030229108120265847,0.48103359778634547,0.4787735172308721,0.532181862346554,0.36690309811186067,0.5317872536119673,0.5982953221618508,0.4759181432781392,0.7313732423419299,0.4070592565975934,0.5073783627179157,0.48105137898781763,0.5560687142226343,0.6297949047210015,0.6599523036176537,0.4875938005548529,0.5336886735806233,0.5859514611323222,0.34013922406105596,0.8228664977697946,0.20216898639657754,0.6120699739036107,1.5451322537410477,2.501413383206642,0.7038817682422056,-0.029884889266666916,0.4590143972342273,0.520431207635129,0.6528697663048242,0.835222567965695,0.8600606335144877,0.4718548101533654,0.5356622475016056,0.06779792812885259,0.6902934085171961,0.49867720125905346,0.7956142726740975,0.41953404404492106,0.8123496406718986,0.015517429114443693,0.5466553822992994,0.2266103020354756,0.3899513172357185,-0.028791092960007314,0.40287539389201704,0.3157320238741999,0.796861501117207,0.13426075142384136,1.5884437239761833,0.32757424012587527,-0.4550680540533493,0.20432565096144278,0.3503218284518063,-0.3499718232883264,-0.10812348010638335,0.05640076107176781,0.17865326442608373,-0.002148696084589055,-0.3225202853580016
0.18555646453858912,0.4882716553079348,0.5296946509192552,0.3250743990168915,0.3361943833551776,0.4524020478599085,0.3680919758254618,0.33786862952320035,0.35704193647594135,0.3578703039665132,0.3813047393304188,0.41576131647289566,0.37112839909710116,0.4547797880307878,0.362180352856085,0.1660859009188317,0.46797735356436265,0.4581202832831414,0.4016958830399231,0.41464844317478744,0.33615602895512187,0.3191607775862037,0.4173885693790754,0.7038817682422056,2.397252699755171,0.588762080025963,0.40524530121073304,0.37323410639762605,1.0552540970475786,0.2132815171261093,0.6124272099606145,0.4267499644096785,0.24468367945739564,0.7375285624109463,0.3971436341606302,0.6312173835326267,0.30310602064518083,0.1968405406936821,0.623261571130502,0.19631992616682586,0.5346718398316426,0.29017476205620174,0.3533954943622332,0.00392406781101769,0.6848962289912836,0.3591191283426277,0.4386949735664036,-0.11560965475833779,-0.45195758499058025,-0.0757696112683852,0.24975035265410722,0.005012511668220658,-0.13321319991688396,-0.10946050970646787,-0.15753596972495681,-0.013523664002224756,0.06938403799334908,0.08114062857621765,-0.10277746097369476
0.18010013153715973,0.6964052229398932,0.673441538229888,0.40023465439031225,0.5444659564938186,0.670537924403298,0.4050178036360527,0.5696869039380171,0.573000726073152,0.4368132061591916,0.4740761071638569,0.43950413530605953,0.5247707667011152,0.5872647677303412,0.41645639742067675,0.5701284154843759,0.3643743966167786,0.5565142813031706,0.5726300518274664,0.7173798868377247,0.4567007143119169,0.5824644042157332,0.15489007314214231,-0.029884889266666916,0.588762080025963,2.5543695586686046,0.536182388065705,0.5301114520731907,0.8519741103538242,-0.38868776243550307,0.3539366676596895,0.9008235836997126,0.4887758853851277,0.9833396767050875,0.4835755643368552,0.47208027880772785,0.09911852513312364,0.3390119212605877,0.6695359241931449,0.322494180624007,0.7678546818185433,0.37683264851272064,0.47867860698177167,-0.07841650931206418,0.48497339037417764,-0.18335065905182454,0.5061133969581887,0.16504723039233615,1.8224008722369178,0.1081587877049953,0.023914038109229076,-0.12753933801074738,-0.16659518507693064,-0.05182198864506424,-0.11222749602284335,-0.07653090804733838,0.10795208927397479,0.05381680219090667,0.033629997822649124
0.14787107886999518,0.5194255523262398,0.4948241926845273,0.4138306988448564,0.3564121928363861,0.4581148910038162,0.40437514999751467,0.45860977618502924,0.38060966999621754,0.38702669361449393,0.43059237772610737,0.43609569396367404,0.45348207246167965,0.4673525766271329,0.4005905628181423,0.6197873357054262,0.43840007579601475,0.34538713921151354,0.3291024169385742,0.6498016377058992,0.3239137902864172,0.49523270991965446,0.44405543694443644,0.4590143972342273,0.40524530121073304,0.536182388065705,1.078752881756,0.47034947891878975,0.3547461932310683,0.22492650793521632,0.46207901615777275,0.6450123623460773,0.47630879632497,0.6104003897213741,0.5379262531473555,0.45060560584437737,0.3773377895009614,0.3498376495359996,0.5812977099567358,0.22004751016754884,0.6237484810757319,0.32060712897017535,0.6320232842538136,-0.058159647582227574,0.58727456534635,-0.05465945501945717,0.57821298530943,0.124827824801177,1.2064322409981527,-0.017602793316434214,-0.18818472283991097,-0.032471785025009074,0.14400942759769983,-0.0648033089975697,-0.09049974184653414,-0.05722301575629322,0.11727413512937943,0.1607002073164287,-0.2139806157879524
0.08984643340865776,0.4914175685771212,0.43151480309002477,0.14135399304703528,0.21687137478616159,0.39253806675675074,0.30300078684642573,0.4479016484861296,0.3331254304471107,0.31609225087024456,0.3816796789928413,0.27147088469070024,0.3748935860908229,0.4721728547611046,0.48496153885892473,0.5830978715690913,0.5727799011168042,0.4312918934194366,0.45164944879405866,0.5297255019611964,0.47830976849123086,0.41523219919018617,0.4608486581656546,0.520431207635129,0.37323410639762605,0.5301114520731907,0.47034947891878975,1.7701790373121244,0.2510195580401487,0.5210033690747491,0.3481776888465861,0.42205731200074725,1.049019075978319,0.4742193783961207,1.367742741679848,0.05116127414674515,0.9509742879766169,0.3218717903730916,0.5746344608880116,-0.027891274266956673,0.6780938719661916,0.4300641925040419,0.5139391526349045,0.02631345287500187,0.31624779033974637,-0.14439684766483027,0.7116285092941568,0.4065884640908001,1.683143627545484,0.47673374342537905,-0.19071145031995082,0.7906864567144608,-0.8817764556223151,-0.1496413867232603,0.07156309773180713,-0.10842259345071022,0.06672763787714521,-0.031754330614376026,0.15916376417041259
0.1879956349954831,0.6711987541100579,0.6360141429623645,0.49342533432509117,0.5695482152114753,0.6887093933651257,0.5047180728044439,0.4965835397057708,0.5905439717855847,0.4327395310991786,0.5431249100471223,0.5100159961837522,0.550461194416817,0.6309020801736386,0.5830992096916731,0.5640898709295116,0.5535920389060903,0.501119794294789,0.577212782330536,0.7037181659517849,0.5259638531242965,0.640216616197836,0.9214895135338481,0.6528697663048242,1.0552540970475786,0.8519741103538242,0.3547461932310683,0.2510195580401487,2.8163635839575383,0.611596026037646,0.13393958482035215,0.641503581454112,0.1751154136310976,0.9525906649426621,0.33486624756092787,0.6382881031835997,0.9210911620685005,0.2247856843202721,0.47800327647239776,0.13603397329004205,0.7797445830488114,0.44424734504144553,0.36098057350334867,-0.2347540469618832,0.9087207270634254,0.34940639783591965,0.9573195417021975,-0.04691994224399469,1.3849764808572682,0.07732105009243573,0.04450039240150624,-0.1413800097717894,-0.009463695043809874,-0.06699216060367669,-0.25520577657689414,-0.11486008588164574,-0.04798361549995797,0.20254276280210784,-0.004752827369435413
0.09578230342122444,0.192764413758633,-0.0986908449620984,0.06848568262540526,0.10123736462638919,0.12052878076374833,0.2721699290577816,0.22299111000404603,0.35902718511736065,0.10508278957133467,0.22351418918433721,0.12080580075141059,0.25713639854025844,0.2857624886769929,0.3365515654388459,0.48679659329979763,0.34438116998819357,0.15561984464450296,0.09764077292303928,0.5484414995122177,0.31006844668291556,0.4211069013653684,0.8135011208427774,0.835222567965695,0.2132815171261093,-0.38868776243550307,0.22492650793521632,0.5210033690747491,0.611596026037646,2.6973255592384677,0.1470879156877014,0.30450104579294346,0.5832910043831112,-0.13962204592715652,1.002942237800932,0.16644355117266288,1.2401471498958307,0.34286515140726675,0.4327387056347344,-0.3372384026362527,0.7590524652995575,0.3506747834899122,0.6712083858851572,0.23052777921862128,0.23936199055714313,0.3249363511863547,0.9173272677527543,0.3344741978650849,1.5973821707703033,-0.30825389851811963,-0.11262407024130375,-0.3277690076703139,0.7621513664318618,-0.1482660678296752,-0.04070229955147185,-0.24620253537938275,0.13490334864229309,0.30696823353309943,-0.3386697969807919
0.144702051745604,0.44958363108996285,0.4495584401176814,0.35395604385630786,0.2835401761916911,0.39666024411374834,0.34874834597844107,0.3483219809756637,0.3867510959181003,0.32064546483392653,0.3436066618831504,0.34178625163468973,0.35151241962775637,0.3717470001183438,0.34200904437160706,0.3251690952652572,0.33303074074850864,0.47807410194058947,0.3164645855882725,0.6067861907181679,0.18777783572840792,0.36141390612330143,0.3464594264254021,0.8600606335144877,0.6124272099606145,0.3539366676596895,0.46207901615777275,0.3481776888465861,0.13393958482035215,0.1470879156877014,1.38957573895152,0.4919423009727058,0.24419345847443955,0.2365893121431422,0.3762878618933007,0.6813270338636087,0.17381385497862878,0.3478602766500424,0.7005640050939002,0.19940356783894514,0.5426923236051427,0.16865827912803208,0.2648877962246119,0.042803976200743936,0.5312679511490856,0.2075419966007855,0.3348814883675525,-0.022781775521582424,0.17123778328942935,0.2148758926511775,-0.16536841342056696,0.1294779646541529,-0.08475103179942567,-0.17170467683043217,-0.09425280771754131,0.01945717124767713,0.2621354160756778,0.0005389897638842777,-0.3056181303580493
0.2015424577989721,0.5237438276952191,0.558787095952515,0.44719114399773346,0.50433448994903,0.5931722955012938,0.4532146214671183,0.5000273202346515,0.5111276402793771,0.39798321139119736,0.4958977458051498,0.4840927970562296,0.5113310359818991,0.5258404283771353,0.3863199351538297,0.7569385586774168,0.4705052041550882,0.43954086660542024,0.4512977762782616,0.6544626713297487,0.4326915738085899,0.6747702200635297,0.4170943681393065,0.4718548101533654,0.4267499644096785,0.9008235836997126,0.6450123623460773,0.42205731200074725,0.641503581454112,0.30450104579294346,0.4919423009727058,1.5914776791104033,0.33878346564307404,0.7048099420791663,0.6217792048196685,0.5712756759678518,0.3217723443388955,0.33751219280808276,0.6521646482621585,0.16545449449813446,0.7611491056676497,0.36034240360005865,0.38813410546468563,0.007768358296616447,0.5801429822045302,0.10589333363934875,0.7784672629346702,0.034653864556081125,1.4691824826822013,0.057681354581098965,-0.11288382639418529,-0.1535967014914834,0.16013756519032968,-0.06224273580057277,-0.2036171765800364,-0.17026724982017435,0.7121090034915183,-0.09802266909865938,-0.44760378351243163
0.06890219769739223,0.3754045118434983,0.24316849501969628,0.32416573757728,0.20611406095730092,0.2169713159056547,0.27117071360820844,0.33713489138999975,0.41811024663906604,0.23761854147126385,0.2917735071421101,0.20577998629068872,0.34452779771284603,0.36204503216498524,0.394814974385223,0.3915269199479872,0.4117467726989156,0.3974411270988507,0.2721213198151235,0.48521579308698176,0.3326960953773193,0.40750068150154906,0.6660270810677545,0.5356622475016056,0.24468367945739564,0.4887758853851277,0.47630879632497,1.049019075978319,0.1751154136310976,0.5832910043831112,0.24419345847443955,0.33878346564307404,1.9364368532997513,0.2991878579897165,0.3863453773277221,-0.0856437005635727,1.1376599447335969,0.31973316345146297,0.556191257351893,0.001200164109509308,0.3357081655931082,0.35196332878155534,0.7120054883306464,0.08662117727962479,0.2414572271236208,-0.006303035667832529,0.8346039197029268,0.5137056724405453,1.5559644350552024,0.45494780254553346,-0.2175242003806683,0.2992683603553645,0.057988166379644705,-0.390472760053667,0.1489036577409264,-0.1388767722895542,-0.01074796768618716,0.12198379777892482,0.049741339983774474
-0.0672234260810029,0.7386391271106878,0.6645217245567804,0.4669387152202079,0.6950733182472961,0.6796334070112902,0.5008278779548986,0.6563714150844151,0.3666416084213631,0.6162362067232825,0.6328709870820814,0.5666606403237778,0.611119279586611,0.6634172088537019,0.6039416044122957,0.7506999341516087,0.6284209901018409,0.5131581683994049,0.5474982184850602,0.7815748505852366,0.6226769893645697,0.5692064562342656,0.5401838818279975,0.06779792812885259,0.7375285624109463,0.9833396767050875,0.6104003897213741,0.4742193783961207,0.9525906649426621,-0.13962204592715652,0.2365893121431422,0.7048099420791663,0.2991878579897165,2.576562478473042,0.6792090217919406,0.2814391649720886,0.8081301702715333,0.3641661602094655,0.7114505862261711,0.3318012724398508,1.010675358641564,0.6284925559532327,0.6708027035809108,0.1601148318280479,0.664763463172879,-0.07346782579086963,1.1230042086942769,0.2160216790167462,1.3322792092058489,-0.15023249898425864,-0.06105949057670761,-0.07899573543046777,0.095951771093612,0.005075633245752638,-0.2562106810401807,-0.0519957861651275,-0.14252819811968587,0.04701774200217184,0.32567627405555133
