0.9153025379958802,0.32123051766330313,0.45106162074695594,0.14028559659442535,0.1908698907619484,0.20067996649446057,0.21895869838948365,0.238032645326994,0.0975781574548416,0.16056399086704,0.18674186413871122,0.1912861540599928,0.20884063784606138,0.1852284307940039,0.16155438295765415,0.14947584473291925,0.17282849680189225,0.19147963239366814,0.12224144400534798,0.21565916560491014,0.17743774479006547,0.2743234022202192,0.1965977217046421,0.045101251590838935,0.26321873851409644,0.16987526143800452,0.1780984030694157,0.192419723496562,0.2087447246077388,0.20333112579702703,0.07410206672977909,0.14200613283708102,0.24742608300756821,-0.052452865903286836,0.21109341098587062,0.08740049851100495,0.24516262186462348,0.1263756621918516,0.21421570318625316,0.17294567946966066,0.2220492426184424,0.17283745116338944,0.24695412185512627,0.010308417591264964,0.11446949967467333,0.37555372528683884,0.2996582609732297,0.08172435558044265,0.31107672611770953,0.04609847030974486,-0.04884674607902062,-0.10836831955471109,0.07119414082276648,0.007467796318541101,0.15848636094839016,-0.05339957529202706,-0.08116261384509746,0.19352948667815453,-0.22160843668399294
0.32123051766330313,3.019190435329581,0.576848824202251,-0.09813392458293094,-0.0901102208671923,0.14402368172574026,0.026772307345532355,0.0754003135538922,0.06301045505206988,0.10276464784387754,0.049581368160079596,0.07977991165607828,0.04417833623210027,0.16807967526311268,0.01935540381869577,-0.04977441385308581,0.020727177014189257,0.06804298601423642,-0.043845925400096485,0.18478880913172538,0.15860254874221133,0.013615364821819164,-0.042997975998341396,-0.01266996360397892,0.010729795112272055,0.1267596912050056,0.09611408149442249,0.05278323279298946,-0.04729565058950401,0.19377942603126183,-0.03919719697614362,0.18268876167629322,0.020641306503889345,-0.03884495520930946,0.10035162412355401,0.09274751980167771,-0.18229097226399651,0.10297901275136176,0.04969016075991511,0.2156148782278757,0.17262835223787953,0.11407000365437028,0.2589155992642404,0.01944814322480105,0.09911510219808162,0.18968397510089177,0.15035725691859714,0.008019215543135215,0.5636623945765529,-0.22478414719881085,0.2164156920748039,-0.18851993434955205,0.01904108248753091,0.09628178040518286,-0.7217912535037413,0.0393866766812291,0.005853734069838866,0.10795604673261461,0.4584412171590793
0.45106162074695594,0.576848824202251,4.464288031893194,-0.07859125414678378,-0.4570511646660457,0.3161380772540821,0.16573742899572064,0.24507812878861396,0.43206427904100086,0.12024193789486924,0.22236141237381632,0.16918064492262477,0.19937076398227505,0.05626120942934958,0.20387229474211843,-0.04948654806746771,0.19919256208044497,0.24476439919811133,0.0077295024406249845,0.24758845100151072,0.24120819852583522,0.21586088762858247,0.291227230113703,0.20427056948133332,0.2276800318426042,0.2531459309553689,0.17376732733270148,0.297744619277458,0.33628491058967896,0.28950927006231214,0.0740039487879735,0.03109682000441849,0.29800458210013697,0.2247212274873811,0.3621215085241385,0.1573154557414025,0.49546665882746055,0.07419802490592978,0.2440476527139761,0.1935972751400894,0.2053517746639052,0.22639305249770655,0.3222632792600824,-0.03826084818677104,0.23426908939879665,0.49990256439893166,0.3944389439808441,0.05470047115476137,0.09285061140639074,-0.1257815804898796,0.17395464833798452,0.11190996183421134,0.11147736203682754,-0.15289387115033368,0.42357600252583005,-0.13880735524552812,-0.010007320275538434,0.05480741587669687,-0.2839863862087273
0.14028559659442535,-0.09813392458293094,-0.07859125414678378,0.5904662404762583,0.526628509985956,0.3289287091906349,0.23826438281174905,0.32218501139233147,0.014128352367060075,0.24369546621616753,0.2603082325112653,0.2740050977385028,0.30306129267156057,0.21686183028245504,0.20352854832995904,0.2874786833725092,0.27032113539506897,0.2229344573689681,0.284439806208028,0.20409259354049303,0.19572378435434332,0.26101101242995906,0.23784241713609575,0.22723996317205453,0.1860855664389037,0.14511014739609407,0.20509059506623026,0.19183639845489478,0.3087692383165174,0.11290891768967579,0.14920993736166427,0.21227757947983814,0.2580299460176097,0.25874349097486765,0.09141110497555831,0.15777154935576515,0.3862563308218827,0.13778025765122498,0.2951671372904651,0.09227352737781941,0.2382825926201825,0.20603649154466455,0.16568432976401973,0.0270851686240233,-0.07456033684546577,0.36889080306338085,0.3586423132585289,0.033298431235830324,0.4316941194375596,0.3373053676823916,-0.26776496776755765,0.03925815269354683,-0.05443100597462157,-0.06091893069315246,0.020180287352573812,-0.1084355654073384,-0.17060715315134933,-0.01751561883844656,0.24311710824385713
0.1908698907619484,-0.0901102208671923,-0.4570511646660457,0.526628509985956,1.1013748457745653,0.40026204320558584,0.20822059180181227,0.3904562770157921,-0.08413398376282161,0.3170767991997931,0.3157435841565847,0.3329014807646276,0.38693066558165684,0.25213660367519286,0.26037227960887693,0.39703823796634763,0.31534540164304686,0.2749888753510622,0.48267959157441304,0.1986063497156141,0.22749750370449223,0.3335321145177513,0.2931139540926107,0.24667230803734672,0.17998648638665915,0.12340264945837039,0.2125017465745772,0.1469395632509106,0.3767656162921838,-0.037663287393225775,0.1578923492591179,0.24124949749068764,0.27386458288378107,0.29081163707080826,0.04341668585142366,0.2066918082784731,0.40661364788544957,0.15902007488015035,0.3394330943650338,0.10860075225145119,0.3236995003020496,0.24140147000027784,0.0987170547492216,0.026236274345251907,-0.17843782735549502,0.5134871843163583,0.41562834421386685,0.05741027236917436,0.533436505919205,0.4188670040491383,-0.18580500222053578,-0.21958713342431288,0.034586079278403604,-0.04396701889617006,-0.11432429515238361,-0.13726399344175333,-0.14299986008109605,-0.10004964701896832,0.38762679230652347
0.20067996649446057,0.14402368172574026,0.3161380772540821,0.3289287091906349,0.40026204320558584,0.6962176873502615,0.15218589632344348,0.40580099708809664,0.04943790950533504,0.2648157376360237,0.3556196134389706,0.30835969429047233,0.349840675271973,0.22120508288621757,0.24414773027930814,0.2618402718812052,0.38323470757237615,0.28499517974238625,0.3518315810573034,0.3568042920967735,0.2697405005554096,0.4037344359032287,0.33345489346641777,0.2862551587119743,0.23254467097897127,0.2053336895309849,0.2503506288998484,0.35487944122450843,0.3966828957702052,0.053407988348636824,0.2103670325641701,0.24320320777164572,0.33484310750427615,0.3390736585410162,0.3045936463784363,-0.041181433990189024,0.5578328371233029,0.21237217599261898,0.38389221700528436,0.16349839344958797,0.3414075592693215,0.2761841343955688,0.33421433650384724,0.03716566809005094,-0.059276487524191734,0.4453064039707087,0.6006055269827038,0.30085749578235915,0.7653269606875291,0.44838873268846713,-0.5962836973408989,0.09872612329445105,-0.14795427722584226,-0.008940580864343056,-0.022115603948702885,-0.09957606953044491,-0.1574959628779591,-0.025699368785697042,0.25458624346466874
0.21895869838948365,0.026772307345532355,0.16573742899572064,0.23826438281174905,0.20822059180181227,0.15218589632344348,0.584809783646265,0.17792550346673838,0.17500858070379152,0.17221979297155215,0.2218819788469288,0.29226116395171764,0.2321223462815318,0.1974587150361924,0.1786491563376842,0.20863601573963805,0.2281256330403481,0.16342126139933819,0.11389773372879272,0.18280271690270755,0.1848457804579231,0.23328949747246555,0.14452245876038586,0.20860780744166757,0.1962655667499438,0.16454524052425692,0.18688574974574643,0.15214654191472357,0.17140883730017778,0.2572797563390433,0.17338751691775495,0.17856366897531847,0.21464063747163192,0.16070934140560075,0.10875620332603414,0.33522697203697005,0.2430368283873786,0.1055218895314264,0.24325523612448577,0.10042599406240506,0.17045075981114646,0.18659469499659362,0.19715148023540718,0.0224925213374444,0.043610717307419916,0.16128694645629982,0.10404462374976052,-0.17591625398660662,0.3280584666977723,0.12901472919118911,-0.16991927017749053,0.04281718884414594,0.023855918248943724,-0.03735977230411362,0.058122809616028004,0.032600035019117395,-0.11400246684645648,0.09906994273198,-0.14167240695855268
0.238032645326994,0.0754003135538922,0.24507812878861396,0.32218501139233147,0.3904562770157921,0.40580099708809664,0.17792550346673838,0.8434345753730823,0.050974173545208064,0.3987175263769711,0.3766417825740399,0.19171791935839086,0.37114074931314683,0.22269137272269815,0.19165313262188535,0.28662632045535064,0.38764302841044795,0.33492287781463187,0.2990325282962624,0.307654660852379,0.24573633673331122,0.3919393873569578,0.38332325299636083,0.247052458974752,0.24703453153118052,0.277320168680906,0.2738267789675269,0.3491320701815281,0.42454835963574244,0.140447211779665,0.14750562008800996,0.22067071069354455,0.25159494285209055,0.38634082119515584,0.4383820407481922,-0.07529352095351606,0.5413774009372976,0.18691799443536486,0.41982804614673913,0.22949794585645772,0.29215258413620027,0.25593655670626203,0.27717509790847117,0.018564320920704126,-0.005898334093331996,0.6356052931360833,0.7397988218266516,0.304437359922833,0.6552796086523118,0.2987787025850271,-0.27358267771643613,0.08108772369921884,-0.06565717290516929,-0.09383613478651544,-0.03852395657089255,-0.10410622589887797,-0.153492285369909,0.09489234306441563,0.14622258621644527
0.0975781574548416,0.06301045505206988,0.43206427904100086,0.014128352367060075,-0.08413398376282161,0.04943790950533504,0.17500858070379152,0.050974173545208064,0.6699318125561199,0.07895748759329972,0.09385078744933674,0.0961788458660722,0.03291880937092688,0.12939424414488798,0.11863273635205454,-0.0009165536789092455,0.06988763809060905,0.03444227186405192,-0.07925675167272067,0.12168829564158874,0.10170057110106505,0.03520857431705027,0.08982648965532242,0.17418421841158266,0.07686283466352656,0.24011428665542367,0.08092799780735936,0.08221136721450645,0.028062828425805847,0.11809521628841492,0.12753847701185106,0.11631790391511597,0.12891089830323682,0.12346127735520478,0.08096344434624847,0.09598835405667501,0.1091520757972688,0.06368567638984182,0.07865163597248462,0.06433796012071752,-0.007477968712404602,0.10060857853849266,0.12380354706848128,-0.006360921130465511,0.1060272118803024,0.181480484619509,0.15193637534208107,-0.08302358175597062,0.0324636800138924,-0.13642995306096864,-0.05100688916245347,0.0912479825333814,0.09723373199165633,-0.05701679639086585,0.09654568745280015,0.17452135337582825,-0.05681801826873632,-0.13818102546827135,-0.04534433756155799
0.16056399086704,0.10276464784387754,0.12024193789486924,0.24369546621616753,0.3170767991997931,0.2648157376360237,0.17221979297155215,0.3987175263769711,0.07895748759329972,0.7978028071653779,0.33367141928950655,0.3069309095182073,0.3454518608952167,0.18798265582140478,0.27833837336006284,0.2781690008324726,0.3001331589344422,0.2750845905899842,0.22770566115755533,0.15198776981337525,0.1773505893377526,0.29815268567045056,0.3667469987729201,0.32209121867417084,0.21199152256755435,0.14317182373215798,0.22403421071863303,0.2552160354526608,0.3689292425764086,0.08702807492161813,0.18766809525423175,0.17841285547173164,0.11993236012352138,0.294093484470055,0.40867761168622585,0.15783446068541712,0.2625093878333266,0.10971743291201527,0.3393372542799836,0.22925605549448333,0.2642918854534019,0.1893980886001878,0.10758775188404647,0.008577017601629676,-0.11924220356005084,0.7107503588775131,0.5828275337487496,0.056884945981870105,0.5660154812951124,0.06478049716673807,-0.061206414616060925,-0.10541768390828925,0.03226562053495232,0.0030795264197084277,-0.011379478111300847,0.1341313114053785,0.029616451251731013,-0.5114631314096494,0.3389146079052807
0.18674186413871122,0.049581368160079596,0.22236141237381632,0.2603082325112653,0.3157435841565847,0.3556196134389706,0.2218819788469288,0.3766417825740399,0.09385078744933674,0.33367141928950655,0.4955556789839469,0.32644173955625533,0.4000994777271768,0.21550979851170182,0.30069527324150397,0.2794854708215544,0.38653432037063895,0.29016549736204983,0.23939179618685844,0.3098563085485693,0.2568585508933715,0.3214278512966885,0.2734620186627592,0.29191691170036327,0.25007251790387497,0.22925432410808486,0.27169131730220136,0.36187794649445787,0.35724114579569977,0.14650141791019627,0.2504981799657197,0.21531984637513013,0.28246699204619075,0.2884210564890911,0.42339822901502755,0.13419638365093267,0.4334374583187437,0.1837430470682102,0.36019229157678995,0.2313875139158558,0.3144533294192001,0.2674795213039568,0.24140161719031153,0.014877939954901123,-0.011022658415434792,0.6058687121180617,0.5481042331873167,0.12273596659628992,0.5675921317910942,0.20662573614828125,-0.2307056381042036,-0.01546124187350674,-0.03651895106184104,0.0035372520916569315,-0.0032426644844264687,-0.0016979428813117018,-0.1153487274012807,-0.15468297842073503,0.22084452450926634
0.1912861540599928,0.07977991165607828,0.16918064492262477,0.2740050977385028,0.3329014807646276,0.30835969429047233,0.29226116395171764,0.19171791935839086,0.0961788458660722,0.3069309095182073,0.32644173955625533,0.585565517496817,0.30771108861377783,0.2643972284085422,0.32091966948819084,0.2780987603564764,0.31863801982146367,0.20028879130922617,0.21704112562758368,0.2520239711088082,0.2220704683505307,0.2387658811824825,0.19950723671303433,0.24630186396036408,0.2209745479438623,0.18784157342116076,0.2840004054597684,0.23903160685542213,0.2231366437167599,0.15418390755238023,0.18186494875126588,0.2572784898293499,0.23462249496459484,0.22728176804350553,0.28829907523827036,0.20164604762864283,0.29234149338510795,0.15233969234521524,0.3151464006836739,0.18468363169702098,0.24927780833530286,0.23334855547911063,0.19664391829031183,0.02273541865554394,-0.0014116289856824081,0.41617478647594625,0.38874862736997995,0.018359724525434867,0.6029455188697849,0.164847817801386,-0.21189532767044003,-0.056107581719241205,0.01965338424719542,0.03198003933734692,-0.024649463875704505,0.069606236343125,-0.19519038237643202,-0.12031939693482659,0.17052352193133855
0.20884063784606138,0.04417833623210027,0.19937076398227505,0.30306129267156057,0.38693066558165684,0.349840675271973,0.2321223462815318,0.37114074931314683,0.03291880937092688,0.3454518608952167,0.4000994777271768,0.30771108861377783,0.7453301441927983,0.2963574973251673,0.17483848474757488,0.3540146697603558,0.34149046141718004,0.2908370711151192,0.29556789312423265,0.2425937439924326,0.26425885845971353,0.4786639038262134,0.3104538054149095,0.29233542261151696,0.332470252374485,0.2140939743742,0.339382105101833,0.3566217799527225,0.5514311319015567,0.1586472048188524,0.18402773073901635,0.2761206191740514,0.3178578560370218,0.32651714817792893,0.4389108976327596,0.18567454049579327,0.4543470072310102,0.1605995380666638,0.38568455471784063,0.23022998336372355,0.3483660065229744,0.27293699217341233,0.24063819460071967,0.010820789521151548,-0.13546450601115598,0.7547452210526345,0.58845148430671,0.08399806939181344,0.5959006607593268,0.2130765986135715,-0.17532214803276722,-0.0014810820013597796,0.003560618469395029,-0.06008085543039205,0.00982790755242581,-0.13227833235142875,-0.057211792845069616,-0.27623766190298515,0.4040305386486349
0.1852284307940039,0.16807967526311268,0.05626120942934958,0.21686183028245504,0.25213660367519286,0.22120508288621757,0.1974587150361924,0.22269137272269815,0.12939424414488798,0.18798265582140478,0.21550979851170182,0.2643972284085422,0.2963574973251673,0.6663938936078182,0.1884113180597324,0.31165537625153394,0.2030170251511695,0.09131865896099436,0.14244486009133261,0.28915815118708044,0.2194171900278389,0.22538418723667622,0.16646338105318217,0.21711071413158003,0.2658614158341926,0.22974091522357334,0.30658842171763906,0.18587148607120066,0.25449450714614014,0.3056582540174977,0.07217521472794453,0.5879574292190933,0.11671181895118957,0.27818719361906763,0.3553630323256467,0.1437469231679526,0.09929551015318393,0.18322084338948272,0.2692297652209068,0.2617392261283256,0.29691661091490873,0.23858214776202108,0.3283677639484304,0.02606537259699379,0.004723923820128098,0.5319422690240384,0.5272017711677084,0.07381564230486339,0.6851835461091105,-0.06630386785968531,-0.09435701347165483,-0.1795013453956566,0.09880625463172962,0.15385897680660174,-0.14112372763654604,0.011708454819522332,-0.3010002356246076,0.0715654300497833,0.3589583080607
0.16155438295765415,0.01935540381869577,0.20387229474211843,0.20352854832995904,0.26037227960887693,0.24414773027930814,0.1786491563376842,0.19165313262188535,0.11863273635205454,0.27833837336006284,0.30069527324150397,0.32091966948819084,0.17483848474757488,0.1884113180597324,0.8792104194917899,0.18547041828949146,0.29969494389194984,0.31243648347716896,0.17330572217454343,0.2710212657890108,0.21423405271886586,-0.0017714226591500027,0.04275667839220143,0.2777449000129971,0.18131466817224476,0.20857295318561755,0.2033799649258887,0.3191880704209843,0.17925209660598057,0.26338681448175233,0.33007841007428435,0.1993044636020974,0.23047036168167861,0.20331201189495415,0.25636452183328234,0.2274598022002907,0.3091214997038511,0.1432312315106191,0.29715812642320466,0.1504202638563051,0.215667585724599,0.2186605029932843,0.14215541162364045,0.009130248242022252,0.06581442867777088,0.33529811978350144,0.3528181673857349,-0.05158117749478439,0.5699336873517474,0.4368895760116227,-0.18841228003323238,-0.01622907234110869,-0.17398158747204662,-0.036180967836779966,0.046359210335494304,0.19476342539141178,-0.24151022738529496,-0.08738439665228227,0.10895886385958724
0.14947584473291925,-0.04977441385308581,-0.04948654806746771,0.2874786833725092,0.39703823796634763,0.2618402718812052,0.20863601573963805,0.28662632045535064,-0.0009165536789092455,0.2781690008324726,0.2794854708215544,0.2780987603564764,0.3540146697603558,0.31165537625153394,0.18547041828949146,0.7462291612459584,0.3144834393479078,0.25984722717557696,0.2869988934214114,0.15338084674472513,0.2222385934518446,0.3291923984189108,0.27228163294366536,0.24447925750279895,0.2693272924817461,0.10434332613885612,0.3228754372477231,0.32726138609542077,0.47272029691276635,0.05083909446956755,0.1096667265851131,0.302210829919454,0.15979089340706074,0.293717834209301,0.5001591156680121,0.139179179561324,0.3194321595554721,0.10444244760898046,0.34659343497345685,0.22815305262419266,0.31080694793014585,0.2548335314199098,0.20911858008056264,0.053381368385729176,-0.05737689652752487,0.5360860431710799,0.49291975109178904,0.09868008204638269,0.5164664858074638,0.09585702918529779,-0.14018088034816054,0.037953448765558104,-0.008042924554643014,0.015747334414346618,-0.01655257916759983,-0.05815366198339242,-0.19679860089069778,-0.2726043057233714,0.5155825242751164
0.17282849680189225,0.020727177014189257,0.19919256208044497,0.27032113539506897,0.31534540164304686,0.38323470757237615,0.2281256330403481,0.38764302841044795,0.06988763809060905,0.3001331589344422,0.38653432037063895,0.31863801982146367,0.34149046141718004,0.2030170251511695,0.29969494389194984,0.3144834393479078,0.7826238725240804,0.37839615713941166,0.25798535528847677,0.39645555003530375,0.33123406430263863,0.3734606503231642,0.31814507341059833,0.27390797006373635,0.3041906827961898,0.19736189678698646,0.29716630291387974,0.6553736661242732,0.3258714575781504,0.07101220524333321,0.28726083837813077,0.21320433884139828,0.5981048089609385,0.24838144811823426,0.5116420548656202,0.10547678344750025,0.6722610068573673,0.24056882238594615,0.42741382130117245,0.2632845177653434,0.42646848196594184,0.3670677029472102,0.3396144733644271,0.01223657365177535,0.038807420129329334,0.8096508031073197,0.7174761849266555,0.21481727931723968,0.7003082184047864,0.4885839163139249,-0.2060463159357286,-0.1790507340136543,-0.2023621533444323,-0.07463793943392043,-0.06827579454625893,-0.08778427472203448,-0.15567183057457368,-0.1562967472228923,0.34263159982968316
0.19147963239366814,0.06804298601423642,0.24476439919811133,0.2229344573689681,0.2749888753510622,0.28499517974238625,0.16342126139933819,0.33492287781463187,0.03444227186405192,0.2750845905899842,0.29016549736204983,0.20028879130922617,0.2908370711151192,0.09131865896099436,0.31243648347716896,0.25984722717557696,0.37839615713941166,0.8545605613793217,0.23652767063301894,0.08330957290285647,0.2688532510732004,0.2838790446587067,0.3460338957190026,0.25373211007048463,0.2077398784545755,0.251219035890299,0.1869894571408823,0.44791901379559407,0.294483043249873,-0.01229643458403537,0.40569724046205374,0.09949077399869127,0.37736025797425793,0.2080691665888095,0.31655171564236007,0.19241818711815456,0.4212949612874646,0.08870994534771438,0.30102007771433514,0.1889110979374501,0.20736700088979923,0.2403642936255682,0.3103745938602509,-0.0172761434637881,0.10238604107727052,0.6787165594184927,0.49107397290328436,0.006315418561720462,0.2495633309125111,0.4087116103882121,0.15197839880409633,-0.3766184188348355,-0.2427821308431601,-0.15505694847696402,0.07425687463920999,-0.011630950926564626,-0.07378744488084597,-0.21686135381257396,0.2214197503665307
0.12224144400534798,-0.043845925400096485,0.0077295024406249845,0.284439806208028,0.48267959157441304,0.3518315810573034,0.11389773372879272,0.2990325282962624,-0.07925675167272067,0.22770566115755533,0.23939179618685844,0.21704112562758368,0.29556789312423265,0.14244486009133261,0.17330572217454343,0.2869988934214114,0.25798535528847677,0.23652767063301894,0.6311798213623472,0.12221689790363117,0.19633349512745493,0.292113031523542,0.154749975448059,0.18187137507381013,0.17892542019083946,0.052055726607015955,0.1793796323607267,0.22384595040267735,0.2912612436326713,0.16968978642524193,0.177257564563684,0.17300624845183257,0.23851763417498556,0.20048397936586035,0.10167832415118744,0.24290446304522112,0.384313496508729,0.11579182275063667,0.29583458067560725,0.09390692814167581,0.290225180032779,0.19218332751043596,0.11827323013360133,0.011382962673954408,-0.05963313012938668,0.335534984193377,0.2604047668976447,0.009735063314374182,0.4463283751827743,0.21601887798130417,0.012790904784437326,0.2590116957478156,-0.17474911029591764,-0.09846045493750824,-0.028449396559530826,-0.10949361057390165,-0.08160846186384764,0.010668526644224682,0.1709886784265642
0.21565916560491014,0.18478880913172538,0.24758845100151072,0.20409259354049303,0.1986063497156141,0.3568042920967735,0.18280271690270755,0.307654660852379,0.12168829564158874,0.15198776981337525,0.3098563085485693,0.2520239711088082,0.2425937439924326,0.28915815118708044,0.2710212657890108,0.15338084674472513,0.39645555003530375,0.08330957290285647,0.12221689790363117,1.0121053023792685,0.22970995157268695,0.24342972098900487,0.14707335847680286,0.25132588885252827,0.32210092911914495,0.282838075255555,0.33903188786210064,0.44403776103240045,0.2140283008066059,0.6494482459170184,0.2263937017410067,0.28488921961286723,0.4428273371085828,0.20914805741370016,0.395607216868546,0.1132724134259559,0.7078998741516603,0.4713838556830591,0.3757561260890425,0.32990551431053017,0.4992766299186626,0.3019168746222043,0.6617295610354007,0.0408691567823548,0.2734631964607185,0.3006941530710283,0.49490686607252493,0.2615755612369296,1.0224908303373739,0.28395756016879964,-0.535336193920847,0.19083509440635898,-0.026007448352584808,0.04173032527646276,-0.007475970557068826,-0.07300270400670394,-0.19372403010179914,0.17953176282757968,0.10578535660349198
0.17743774479006547,0.15860254874221133,0.24120819852583522,0.19572378435434332,0.22749750370449223,0.2697405005554096,0.1848457804579231,0.24573633673331122,0.10170057110106505,0.1773505893377526,0.2568585508933715,0.2220704683505307,0.26425885845971353,0.2194171900278389,0.21423405271886586,0.2222385934518446,0.33123406430263863,0.2688532510732004,0.19633349512745493,0.22970995157268695,0.46179225204440566,0.21087275991329557,0.24336789349598673,0.20700513521328176,0.2326505815834439,0.19669844253832272,0.2119909883693717,0.37029150500615077,0.2494821580362373,0.24586349261201654,0.2762994599390633,0.22288824809495003,0.4377018653778795,0.1929042310922483,0.3175875219759881,0.2604593069932333,0.4733695538960858,0.16999846072172714,0.3290622963915086,0.22663487624687828,0.44698956354704644,0.3851461080834587,0.34730894493640463,0.007374448317410156,0.09464349909833078,0.6131083735703423,0.5166189818887683,0.05677466375302636,0.6144573247917999,0.1348939228188384,-0.09496790398687363,-0.07760196706236082,-0.025334716900632083,-0.02854753965460556,0.020996839328373065,-0.056790941827334934,-0.1635262776398503,-0.029391657598453108,0.24230309483289458
0.2743234022202192,0.013615364821819164,0.21586088762858247,0.26101101242995906,0.3335321145177513,0.4037344359032287,0.23328949747246555,0.3919393873569578,0.03520857431705027,0.29815268567045056,0.3214278512966885,0.2387658811824825,0.4786639038262134,0.22538418723667622,-0.0017714226591500027,0.3291923984189108,0.3734606503231642,0.2838790446587067,0.292113031523542,0.24342972098900487,0.21087275991329557,1.7393325139093931,0.4860022955681486,0.2467632552755835,0.26242578362307944,0.1450050859074535,0.2716066505116557,0.3043132812917819,0.4478157584038421,-0.15025364866723173,0.060249451110424096,0.1672183041314781,0.27619393127101916,0.21414565734782998,0.45438864487365904,-0.11174987401319893,0.44526676650141517,0.13350102049736068,0.3056592537563927,0.2170826569332581,0.3078001324660066,0.24543760614798402,0.4679731229550539,0.025741278636143804,-0.12429552109978709,0.5606081380495322,0.5514229792834254,0.3601288594747032,0.4136339337018643,0.25014319614629255,-0.24254279990828173,-0.20536410027376506,0.059811166948995395,0.03375710491222207,0.02885452433451291,-0.14259101667960644,-0.05667499636219264,-0.39208959040816255,0.4538783806165321
0.1965977217046421,-0.042997975998341396,0.291227230113703,0.23784241713609575,0.2931139540926107,0.33345489346641777,0.14452245876038586,0.38332325299636083,0.08982648965532242,0.3667469987729201,0.2734620186627592,0.19950723671303433,0.3104538054149095,0.16646338105318217,0.04275667839220143,0.27228163294366536,0.31814507341059833,0.3460338957190026,0.154749975448059,0.14707335847680286,0.24336789349598673,0.4860022955681486,1.7052545251333784,0.4545360015025201,0.4041709874499898,0.04791047426692844,0.17388718850112744,0.33504131784179697,0.7156077536310301,0.23123038590129516,-0.13393204005781004,0.07837868418646488,0.4287147179779419,0.3418748927603049,0.4096448697336204,-0.08462054919285017,0.6307702968495965,0.04106768684794348,0.5096369465081182,0.3369680385296199,0.34188456465236966,0.2394044555845925,0.23138499951969213,-0.0341364282157836,-0.30943026735402474,1.0264761041563661,0.9349254751664303,0.41220345336021974,0.8954420965230467,0.12416992149717569,-0.2733400956774362,-0.11900872701790173,0.1872695101748711,-0.04571925309263498,0.11800521118936594,-0.0934923495278043,-0.11646801728771185,-0.295069279860968,0.4033891749630449
0.045101251590838935,-0.01266996360397892,0.20427056948133332,0.22723996317205453,0.24667230803734672,0.2862551587119743,0.20860780744166757,0.247052458974752,0.17418421841158266,0.32209121867417084,0.29191691170036327,0.24630186396036408,0.29233542261151696,0.21711071413158003,0.2777449000129971,0.24447925750279895,0.27390797006373635,0.25373211007048463,0.18187137507381013,0.25132588885252827,0.20700513521328176,0.2467632552755835,0.4545360015025201,0.9343192328339472,0.22278612027015887,0.042561762134449406,0.1873865504249331,0.34408543440233247,0.33912393183606565,0.3262974540267382,0.4450819975124388,0.1835005596497916,0.39272439702945344,0.062359135983564795,0.3147284095109668,0.4462001876344385,0.1821425519536805,0.1533145898941282,0.41307915418738866,0.2228506096075796,0.2539202110691017,0.21669332869258062,0.21537431184626044,-0.003275061787140285,-0.1251841598965348,0.6050539813530238,0.4254097025347163,-0.23331272719990148,0.8621941096736646,0.11470056762063789,-0.3129617265104834,0.14548237968247946,0.0201959033786348,-0.033717335606322986,0.07050147697473377,0.14931151063331627,-0.08404287495493608,-0.8186465179705538,0.7634554678219795
0.26321873851409644,0.010729795112272055,0.2276800318426042,0.1860855664389037,0.17998648638665915,0.23254467097897127,0.1962655667499438,0.24703453153118052,0.07686283466352656,0.21199152256755435,0.25007251790387497,0.2209745479438623,0.332470252374485,0.2658614158341926,0.18131466817224476,0.2693272924817461,0.3041906827961898,0.2077398784545755,0.17892542019083946,0.32210092911914495,0.2326505815834439,0.26242578362307944,0.4041709874499898,0.22278612027015887,1.6936998753806394,0.16647000292329503,0.28031714426579973,0.28155418747423155,1.2162426310206922,0.4916357298795233,0.053659947693318125,0.22409810573667216,0.22522063924898242,0.49506880757520205,0.3898828655060466,0.35693837119737654,0.8477943139390192,0.23576725895068248,0.35930441506480276,0.21132379299625734,0.37939938360859105,0.25414909940745367,0.2355110688716237,0.019968565032205628,0.13676743824279217,0.8050330271644731,0.6310655047371488,-0.1406513420332317,0.28445594958637516,-0.03944089450343404,-0.010809256571723696,0.13962311237700306,0.09712113398618664,-0.027550522437794198,0.09644133252066697,-0.050938023742128906,-0.1038761483414535,0.030428899524182294,0.016784000287341182
0.16987526143800452,0.1267596912050056,0.2531459309553689,0.14511014739609407,0.12340264945837039,0.2053336895309849,0.16454524052425692,0.277320168680906,0.24011428665542367,0.14317182373215798,0.22925432410808486,0.18784157342116076,0.2140939743742,0.22974091522357334,0.20857295318561755,0.10434332613885612,0.19736189678698646,0.251219035890299,0.052055726607015955,0.282838075255555,0.19669844253832272,0.1450050859074535,0.04791047426692844,0.042561762134449406,0.16647000292329503,1.377669664204417,0.12652699799436226,0.2044475223519338,-0.010252504295158569,0.10841743781950687,0.18179881159381958,0.22279960974090351,0.09760797324000875,0.33088638492870226,0.2783398084936154,-0.3281523939457325,0.3779613208450428,0.1585671664520713,-0.2057393453008081,0.14205526298235696,-0.17285118000313912,0.23199821149099414,0.34449313726240016,-0.012461865541284972,0.45414127925225045,0.20530083189565992,0.4367953431634277,0.3239672629916639,-0.152352112144621,0.1377376550927722,0.014868530165615833,-0.299109937501227,-0.06806206722880838,-0.055148071804323705,0.029154967669296105,0.009754808744699684,-0.1520449906324866,0.4516176930593919,-0.3388615860236008
0.1780984030694157,0.09611408149442249,0.17376732733270148,0.20509059506623026,0.2125017465745772,0.2503506288998484,0.18688574974574643,0.2738267789675269,0.08092799780735936,0.22403421071863303,0.27169131730220136,0.2840004054597684,0.339382105101833,0.30658842171763906,0.2033799649258887,0.3228754372477231,0.29716630291387974,0.1869894571408823,0.1793796323607267,0.33903188786210064,0.2119909883693717,0.2716066505116557,0.17388718850112744,0.1873865504249331,0.28031714426579973,0.12652699799436226,1.0489052653151525,0.37748739312306506,0.2985238426402098,0.22960381468533642,0.14258697368002435,0.3674274316445551,0.3108165862263595,0.26195565941081866,0.44041031439980627,0.26095113100634204,0.3645097723300849,0.18736370963078938,0.3558870060106331,0.22830716965177558,0.3179205989138631,0.24267754547345521,0.3271976985746808,0.025378166783928218,-0.05105306698656069,0.6453986998081609,0.46525878117318914,-0.009198445393677451,0.6348865084204928,0.11250323823375755,-0.2849073566471984,0.20999744108885443,-0.027047177823703625,0.01346476945252998,-0.005441624033513303,-0.06936095190329765,-0.13414077403409558,-0.1888333968482034,0.40208552064713143
0.192419723496562,0.05278323279298946,0.297744619277458,0.19183639845489478,0.1469395632509106,0.35487944122450843,0.15214654191472357,0.3491320701815281,0.08221136721450645,0.2552160354526608,0.36187794649445787,0.23903160685542213,0.3566217799527225,0.18587148607120066,0.3191880704209843,0.32726138609542077,0.6553736661242732,0.44791901379559407,0.22384595040267735,0.44403776103240045,0.37029150500615077,0.3043132812917819,0.33504131784179697,0.34408543440233247,0.28155418747423155,0.2044475223519338,0.37748739312306506,1.6165404463178323,0.15718753821324127,0.2925314753901841,0.49123736360582404,0.2256611099104116,1.2644381545672867,0.035519221096414255,1.081540482923259,-0.10874584765249797,0.8840559202155202,0.2647850721118444,0.5161525874972193,0.38353203538065356,0.48232323929135873,0.3946298258956449,0.3288953830669727,0.006478903345507972,-0.16765065609986965,0.7867104440251476,0.8365577939486872,0.443074354306837,1.3851218032914592,0.8002249968896274,-0.5675225288836623,0.4313474839876806,-0.6149373127580074,-0.12441978399638151,0.29768726644486776,-0.0987699007115783,-0.16524349139817146,-0.27253276476713745,0.48993151820310055
0.2087447246077388,-0.04729565058950401,0.33628491058967896,0.3087692383165174,0.3767656162921838,0.3966828957702052,0.17140883730017778,0.42454835963574244,0.028062828425805847,0.3689292425764086,0.35724114579569977,0.2231366437167599,0.5514311319015567,0.25449450714614014,0.17925209660598057,0.47272029691276635,0.3258714575781504,0.294483043249873,0.2912612436326713,0.2140283008066059,0.2494821580362373,0.4478157584038421,0.7156077536310301,0.33912393183606565,1.2162426310206922,-0.010252504295158569,0.2985238426402098,0.15718753821324127,3.7028440917704337,-0.058912027760795134,-0.4718537162445299,0.23886379362782864,-0.16042117069979936,0.8924975360371008,0.4194506437890952,0.3336635278746532,0.9532998367407098,0.11640495017696467,0.4852840152275216,0.26585025093071196,0.41904460272905203,0.23788016375461596,-0.181595087716314,-0.06825389994923421,-0.09352520323054103,1.324987285122827,1.0277201679775898,-0.1223134067062362,0.2550371710538739,0.2521359788259643,-0.0855142562184306,0.13158671180993273,-0.003918405838785767,-0.02565491404015252,0.07014693353279346,-0.18103750877377026,-0.21538190666221316,-0.19807946930086492,0.39864064947830624
0.20333112579702703,0.19377942603126183,0.28950927006231214,0.11290891768967579,-0.037663287393225775,0.053407988348636824,0.2572797563390433,0.140447211779665,0.11809521628841492,0.08702807492161813,0.14650141791019627,0.15418390755238023,0.1586472048188524,0.3056582540174977,0.26338681448175233,0.05083909446956755,0.07101220524333321,-0.01229643458403537,0.16968978642524193,0.6494482459170184,0.24586349261201654,-0.15025364866723173,0.23123038590129516,0.3262974540267382,0.4916357298795233,0.10841743781950687,0.22960381468533642,0.2925314753901841,-0.058912027760795134,4.69337967067858,0.3534344149036715,0.40834550581573864,0.43260815511013456,0.08666971151165903,0.07899324269761178,0.9974450937148349,0.6975552223170354,0.35755986490572567,0.7501162519641102,0.45474775824507296,0.46635958779407843,0.2278008134362478,0.5799107046221054,0.022650058962835926,0.41914057111821795,0.3261195176941472,0.6080643422646789,-0.6110580135541948,2.1323891498405545,0.14198474064976568,-0.5548396699113611,1.0787525239556828,-0.2917127214886829,0.031675190395291396,0.13694346300433596,-0.30566104255301246,-0.22156031594575334,1.8018776008056627,-1.1444732977970185
0.07410206672977909,-0.03919719697614362,0.0740039487879735,0.14920993736166427,0.1578923492591179,0.2103670325641701,0.17338751691775495,0.14750562008800996,0.12753847701185106,0.18766809525423175,0.2504981799657197,0.18186494875126588,0.18402773073901635,0.07217521472794453,0.33007841007428435,0.1096667265851131,0.28726083837813077,0.40569724046205374,0.177257564563684,0.2263937017410067,0.2762994599390633,0.060249451110424096,-0.13393204005781004,0.4450819975124388,0.053659947693318125,0.18179881159381958,0.14258697368002435,0.49123736360582404,-0.4718537162445299,0.3534344149036715,1.8547260155385126,0.10080801577063411,0.6020823731850977,0.021817973258611952,0.15631005880150162,0.7738575622470829,0.3032668552950594,0.23910618066488978,0.316808488441495,0.06122028071554725,0.30368107490238194,0.2555594280027362,0.2347621216719369,0.007471234759844092,0.049055745430507336,0.4777929640555288,0.2189043554018613,-0.5045923237450232,0.5161598488326692,0.4308272615330032,-0.31528081960552334,0.30453582148012637,-0.32247144769798736,-0.11742672341089168,0.17957774516295683,0.22195271462950103,0.1125026198664647,-0.4776668512718296,0.11380259441306712
0.14200613283708102,0.18268876167629322,0.03109682000441849,0.21227757947983814,0.24124949749068764,0.24320320777164572,0.17856366897531847,0.22067071069354455,0.11631790391511597,0.17841285547173164,0.21531984637513013,0.2572784898293499,0.2761206191740514,0.5879574292190933,0.1993044636020974,0.302210829919454,0.21320433884139828,0.09949077399869127,0.17300624845183257,0.28488921961286723,0.22288824809495003,0.1672183041314781,0.07837868418646488,0.1835005596497916,0.22409810573667216,0.22279960974090351,0.3674274316445551,0.2256611099104116,0.23886379362782864,0.40834550581573864,0.10080801577063411,0.9327580603372754,0.08409023509629907,0.38222236124864784,0.3168425011121369,0.22314051175891852,-0.023059903051147045,0.19991044967673227,0.32145522757657974,0.248577045819483,0.28001674435297275,0.24325064592502027,0.29701154114250405,0.02435827729281307,-0.023809788310120993,0.5335473177937249,0.537031223637096,-0.020390338277971203,0.7248907436474344,-0.011766693253168087,-0.13231781435393616,0.07571716275963562,-0.15979787931480072,0.13937276280679997,-0.17174396128800928,0.014670512289676798,-0.2703635938466119,0.11643889598971234,0.3015057638429033
0.24742608300756821,0.020641306503889345,0.29800458210013697,0.2580299460176097,0.27386458288378107,0.33484310750427615,0.21464063747163192,0.25159494285209055,0.12891089830323682,0.11993236012352138,0.28246699204619075,0.23462249496459484,0.3178578560370218,0.11671181895118957,0.23047036168167861,0.15979089340706074,0.5981048089609385,0.37736025797425793,0.23851763417498556,0.4428273371085828,0.4377018653778795,0.27619393127101916,0.4287147179779419,0.39272439702945344,0.22522063924898242,0.09760797324000875,0.3108165862263595,1.2644381545672867,-0.16042117069979936,0.43260815511013456,0.6020823731850977,0.08409023509629907,2.8971373107083966,-0.4237568715806757,-0.09814497854553837,0.17733788852817223,1.273574670747494,0.30868982772256537,0.2980093349564019,0.02499176470830024,0.48350546032236397,0.4874068872887568,0.3567578961991412,-0.06353826201549827,-0.609429692775421,0.9603437127561634,0.6955965311701671,0.08099426979952605,1.7591885535793736,0.4512402520739993,-0.5644315296766099,0.15961616756608277,0.017543465663637296,-0.37141136331164193,0.33273547875766746,-0.23485619423586743,-0.11713038089842838,-0.2561359247185229,0.5045032284340555
-0.052452865903286836,-0.03884495520930946,0.2247212274873811,0.25874349097486765,0.29081163707080826,0.3390736585410162,0.16070934140560075,0.38634082119515584,0.12346127735520478,0.294093484470055,0.2884210564890911,0.22728176804350553,0.32651714817792893,0.27818719361906763,0.20331201189495415,0.293717834209301,0.24838144811823426,0.2080691665888095,0.20048397936586035,0.20914805741370016,0.1929042310922483,0.21414565734782998,0.3418748927603049,0.062359135983564795,0.49506880757520205,0.33088638492870226,0.26195565941081866,0.035519221096414255,0.8924975360371008,0.08666971151165903,0.021817973258611952,0.38222236124864784,-0.4237568715806757,2.0983793240536355,0.44608240977162456,-0.27996676829529943,1.281789475045008,0.1344055474263697,0.19133655869237295,-0.04126808249157124,0.31317969321121175,0.21616102876952614,0.0999993552396186,0.07772995633404742,-0.20794657410934497,0.22758879765082016,0.824514937442405,0.5535539445573908,0.10200960727175135,0.2037253825833364,-0.32425486306700607,0.20744852397197386,-0.07978252917622806,-0.014097569605854395,-0.03733353801084882,-0.0468805035432564,-0.2809048252902399,0.2928304496449504,-0.00977456632126019
