0.7492909572954001,0.12094178702897461,0.06173233306092843,-0.030389897943848155,0.11679011278152189,0.1045552789390242,0.19172589247687877,0.11111047107356621,0.13048656965811148,0.08742384512073485,0.09768463214727267,0.12581433679963017,0.04714278547631324,0.13813543027591746,0.11118553287921645,0.11461169998232985,0.08942238137854908,0.0789507363324623,0.05575173750392076,0.10884407595394265,0.09742181480116872,0.06510722625710753,0.08015893405601128,0.09074083877758729,0.0927291805608841,0.11608773472193988,0.08320518522743246,0.055550337972883924,0.0932898672952101,0.05400514335844172,0.08890542599091077,0.11734106169248094,0.08396351102953088,0.07575688342162906,0.05316087349615616,0.06175166873639328,0.0981503362255724,0.06283069652855577,0.08559522803610906,0.04229777495677831,0.10970270426036326,0.10870654839546778,0.0949747772641045,0.004900564384388884,0.05083249304145302,0.1208470853991026,0.06347323558324593,0.06168649814159629,0.20899708064604752,-0.007899613028668914,-0.0422033344735082,0.0028229704275247246,0.04084780959148736,-0.003736876671860049,0.12312853147543783,0.026106256063148894,0.009030734436023789,-0.04587942778439489,-0.12595453527282052
0.12094178702897461,1.967354735405737,0.8144506771295532,0.09645312314162806,0.25559292585400745,0.35857408720188827,0.09789433104909184,0.2867503720729436,0.1901164756711808,0.22400323870213693,0.2201560066489826,0.2052136975474477,0.10800376653657316,0.1480816975925035,0.23578365994330758,0.18903277562418108,0.24180029407113823,0.28741688856521885,0.039387929481614015,0.3304090914075414,0.3531520916074417,0.1410191896013142,0.14039288343778092,0.10264680566465822,0.2076114326445923,0.2778304416534162,0.16325529550293624,0.16214678857142192,0.35848929619436926,-0.20871287787884435,0.1593570819940734,0.14592769146597886,0.10263259175879101,0.337222046833592,0.16601148277034497,0.17480047933844725,0.4003736970066433,0.2061247784205562,0.06795787839378224,0.11332424015815269,0.3592000285492144,0.2421535884659924,0.20265828387504364,0.048394104013060546,0.2198823755964646,0.38266780989363863,0.05251899848676949,0.22254756765562714,0.08942171666958507,-0.16827365910078926,0.2840241347700094,0.10599968820081826,-0.0416905477956302,-0.09277364957891693,-0.4119722377032148,-0.1355039589928023,-0.0626358528130374,0.3629525992615887,0.16383892615178194
0.06173233306092843,0.8144506771295532,2.2368033575620405,0.2885946413946619,0.2571794996784265,0.3171519266589503,0.17185513832785723,0.3361779397108069,0.4655876188091476,0.34208354488520665,0.2769774378407587,0.3392041515538096,0.1735279702756726,0.16777225018885458,0.37782073031579155,0.23053736346795511,0.39094445910887804,0.2943699830025841,0.27592276331446725,0.30253301787211884,0.35066973753460356,0.3090283432917122,0.1306954576288497,0.175287097166181,0.2661586989982961,0.3531838315633619,0.22527353442297762,0.24567319706872687,0.33574560041112295,-0.5577112561752959,0.28517673905703084,0.19822831238883898,0.26602264485687666,0.5718506195640906,0.12086838796750678,0.33496431006611754,0.4975960665810759,0.2948201451029503,0.11282685055387788,-0.1432960688359431,0.39203892360714176,0.32562855521362866,0.31545170857706795,0.09611649022603967,0.4847722255364048,0.7290275108063871,-0.10898984333560664,0.14376391444511508,-0.02185025240992533,0.027421012327891084,0.13232661266482895,0.24031290259402455,-0.1068677045282819,-0.21578278417835006,-0.11362370849095987,0.01410810335759253,0.21579996853280367,0.06947454426211952,-0.3191792791683432
-0.030389897943848155,0.09645312314162806,0.2885946413946619,1.919266205535058,0.6033990443819994,0.34678724239944764,0.4347270935982001,0.3362009357289359,0.12710351852771232,0.38020227947481916,0.32709846240298684,0.40948870953266686,0.2176003291114535,0.4906408800686289,0.41068455608511145,0.4000471476649375,0.2991907239404481,0.2996066937423067,0.07399310732182805,0.3736186128813206,0.237010131472636,0.1936989991290177,0.324883210134994,0.41906386923947125,0.33035689985597977,0.34121415701102487,0.2869845999863868,0.2952982763621279,0.349475959292669,0.12221700967504558,0.27756154489649576,0.47534962742645337,0.31268534303998907,0.43792099554138647,0.19961843745623975,0.23729813580091996,0.42848523742322675,0.23273238703277901,0.2409679228948435,0.1130448997393553,0.230826466831826,0.34953461859258284,0.3026666862762706,0.03833031889379703,0.05440849316969929,0.3110733659112696,0.24145492491362328,0.0914396226572812,0.3268615024248825,0.09991165972653614,-0.25492230028311885,0.5147072088121325,-0.14155912995198222,-0.18104380351613733,-0.15273647247443592,-0.15420211944996845,0.03909474939341793,0.11257380493793516,0.19335589720733623
0.11679011278152189,0.25559292585400745,0.2571794996784265,0.6033990443819994,1.9500878641155843,0.21491900024897773,0.29212491372640603,0.2669545679688596,0.15741294009016188,0.3256155592214896,0.2667295847463674,0.3242296949733521,0.17113546934484633,0.2952590053017947,0.45235652779408253,0.3337556816246004,0.15983982279234307,0.16589321976373667,0.04714711631008555,0.2634650710589551,0.14605113971807965,0.11895108563232513,0.20086614626248522,0.21597659950438014,0.12402899325096699,0.2847661299934885,0.19875492611356751,0.178361806997341,0.23750302603765913,-0.06719584209421674,0.16229502785513433,0.30344401488722905,0.12082181309307426,0.1413860790782133,0.19453893197123293,0.12368882994676905,0.23678282328921998,0.1803034874627071,0.12101113077947659,0.12093115594922794,0.1781296520701231,0.2530060832833902,0.1777737085812906,0.02779242626135628,-0.03223527975252441,0.18483983754421782,0.038298665972210155,0.20996177646655007,0.3318057733380206,-0.04918050098275481,-0.21523544633066938,0.2598510370151551,-0.056857174281487045,0.06276909635245086,-0.08503818817504921,-0.048644415306382235,-0.11120713506282914,0.12781272672222563,0.18460774728125823
0.1045552789390242,0.35857408720188827,0.3171519266589503,0.34678724239944764,0.21491900024897773,0.9734752902833216,0.1389487129399602,0.4428101469985681,0.2899685010729492,0.21678092474184887,0.3375961222265687,0.3078804601893813,0.16589135146514464,0.31357026730677057,0.2803190409874373,0.306310104440815,0.29675808989696845,0.27889106080272164,0.2266890538505589,0.3776948693864835,0.3482085656833924,0.2940135271992415,0.205002218100962,0.26413036229258546,0.29475728216404234,0.3548131154916469,0.24013636804619265,0.20106897677071076,0.3470392071002533,0.08510962883541516,0.24693650493629285,0.30373074846800846,0.22770312015434319,0.3706206361584929,0.16111518489925264,0.14885865766385448,0.4215341576461585,0.2270851543857136,0.2576936882960368,0.13194556828907844,0.33413941745676135,0.3048040092297935,0.33455172559129287,0.050061239332385175,0.13221624340437702,0.33261614740261747,0.33065738220928326,0.24063851607621703,0.27179866061507013,0.08117368628231993,-0.29556277740888837,0.1913594718313431,-0.0096720866131695,-0.04947392682403226,-0.14375118059258543,-0.0730789143842617,0.02733049637168682,0.14623669359815844,-0.013750992109523689
0.19172589247687877,0.09789433104909184,0.17185513832785723,0.4347270935982001,0.29212491372640603,0.1389487129399602,0.6283191681863256,0.14141592913172524,0.24938619824639716,0.19918817308402634,0.24095447053780986,0.34342443684245555,0.123683998140875,0.1501976268453079,0.204059180617919,0.2081414059812724,0.19301655291919664,0.15230102281336172,0.08277317522399194,0.17131430617570415,0.2070130572230959,0.17640084285533852,0.11214536635203672,0.14782919292246285,0.14379985687300584,0.2539128849430637,0.1730441655388377,0.11705936171290258,0.15506838937829617,0.0023822597932697275,0.16512976035047464,0.17492264963727852,0.14961969041469783,0.19278470946584098,0.06819691494216124,0.13882499928978295,0.13500550334016992,0.11498515248415665,0.15381714488739073,0.05783033321422335,0.124590868475934,0.18956130909925042,0.15528201319352217,0.017478932812353055,0.06014871228710817,0.1775356631949387,0.004713229248346873,0.019043292336354517,0.3595340867118749,0.019104527394371608,-0.1363000298333698,0.18980834097189925,-0.020441644495810242,-0.08544549082858681,0.02669890645521612,0.08635200177208895,-0.016027049861265522,0.03870760224953269,-0.2194977150736731
0.11111047107356621,0.2867503720729436,0.3361779397108069,0.3362009357289359,0.2669545679688596,0.4428101469985681,0.14141592913172524,0.8980863938403603,0.11003272749352958,0.2913636521844355,0.3255687968315666,0.21943393846613815,0.16079089483208855,0.29219092479464565,0.279402731849516,0.27349310218837336,0.3314656478892153,0.2659245246346347,0.21332436942888372,0.364688361358818,0.2130939238654615,0.2304317245445455,0.17705291554605593,0.22400522039246923,0.2552020314116348,0.34219233439762353,0.2212920626088594,0.18301470711742004,0.27156817056652566,0.09875681963286223,0.23421801844511647,0.2511717983157576,0.22533451486151065,0.3521209607750477,0.14354997300303243,0.16770280437022284,0.4181385659899596,0.21498107032889752,0.3124165840707656,0.11301300176251831,0.2352783904741312,0.28965112980195806,0.28014043082171247,0.050071855030274406,0.1292133542168064,0.2817096377483769,0.29788281467131167,0.13477313617077577,0.2545319725241227,0.1169573944176299,-0.14654102246629394,0.2420222728453369,0.00633104507274259,-0.21474476943195075,-0.229977585501275,-0.03992990842565052,-0.021889411621636608,0.28593301700639623,-0.10042820828784053
0.13048656965811148,0.1901164756711808,0.4655876188091476,0.12710351852771232,0.15741294009016188,0.2899685010729492,0.24938619824639716,0.11003272749352958,0.8126642313285607,0.13770265483324826,0.19132093597590696,0.22362346901623853,0.07658945357145441,0.15880149145625447,0.14960670791665887,0.1664041189387633,0.20765431748967958,0.13685571382759204,0.1579355221489381,0.152467269650864,0.28996018288888253,0.13943375916904266,0.06858188406264616,0.13445105141674804,0.1219028184717199,0.3305788954407151,0.14534843640084524,0.1676077649363554,0.13558686867822536,-0.10487328870898839,0.18685397945714818,0.18257373227034093,0.14919826522771704,0.2651251509906348,0.1347693712329672,0.16093480083687445,0.13503927368000493,0.12357970843461773,0.14277338676984513,0.052038869856930514,0.21978089786327987,0.18628770088276575,0.14184534452807673,0.022909134331177514,0.12581889833428653,0.216644209969776,0.018767091132248784,0.05350843352977251,0.37965586576621885,-0.01652765042373962,-0.023225617388736013,0.20727015856331493,-0.03264851362309772,-0.07655352252454335,0.10310925390978885,0.20632245135497113,0.09306107084040899,-0.12127271522784505,-0.30568065482600426
0.08742384512073485,0.22400323870213693,0.34208354488520665,0.38020227947481916,0.3256155592214896,0.21678092474184887,0.19918817308402634,0.2913636521844355,0.13770265483324826,0.6286462973897488,0.2177272526783539,0.23122464356793299,0.15424829800695525,0.21190044482801026,0.31765267638136024,0.19997726679039848,0.21137190582632084,0.22043417668035709,0.15975359155343422,0.1927445229588017,0.15134163103120266,0.19610254335544808,0.20651697927755608,0.19571633234458674,0.2317458296674318,0.21519566494222322,0.17022504835361169,0.17562493747760363,0.27959538223346614,0.019316326787110708,0.18224400361564025,0.2170665446709738,0.1518923466745316,0.28782707448157574,0.19846038724153658,0.16599349943676397,0.25196027451225883,0.12997175398421099,0.1730740656456624,0.08831996554533666,0.21779726981192246,0.215831623761368,0.1891441524293999,0.03760286828335504,0.09800527507708551,0.28685780361216084,0.14161167347613804,0.14117988389991568,0.15595426643889165,0.0145806104928069,-0.0366892395301192,0.034204841343095954,0.0018423178312198514,-0.03763173033460119,0.014629533481170591,0.060188077859365814,0.06323813589559904,-0.03630270780518198,-0.0748410426681319
0.09768463214727267,0.2201560066489826,0.2769774378407587,0.32709846240298684,0.2667295847463674,0.3375961222265687,0.24095447053780986,0.3255687968315666,0.19132093597590696,0.2177272526783539,0.5661034587884777,0.3056828502888743,0.18338353703087734,0.20330502363435352,0.2753902366992587,0.2511530415165037,0.31488594010450627,0.22448550947862062,0.07495571239725325,0.34757921866527586,0.24606961363198154,0.1976127363480764,0.17487303723635342,0.18006785169263384,0.19126031295292525,0.31833244291200524,0.22856859914956304,0.212942296359541,0.2778791207986644,-0.030789077933153965,0.20753268435407743,0.20131125818130546,0.15894943334604514,0.2516002103038206,0.24350163177986955,0.13053973079260586,0.2762955403680551,0.1929781894798993,0.23159618850297328,0.17135610784955504,0.24986850546955017,0.28239859660116334,0.25954462286873614,0.03440466137457433,0.17184027209034966,0.26702257577620303,0.13487097626080824,0.19532272713618803,0.2592134475034122,0.03500739815908813,-0.07764315084117766,0.15457852476750403,-0.0020275815193513437,-0.06651620877173459,-0.10812846364723032,-0.03250949619398917,-0.0037680867005039638,0.0961444989870866,-0.03679719848522254
0.12581433679963017,0.2052136975474477,0.3392041515538096,0.40948870953266686,0.3242296949733521,0.3078804601893813,0.34342443684245555,0.21943393846613815,0.22362346901623853,0.23122464356793299,0.3056828502888743,0.6362055510129186,0.1555957187061784,0.21306231815987867,0.29604999862638975,0.28198912341062715,0.2500183561021957,0.18715564038901272,0.11909753264831692,0.25136642674573323,0.22299591824731005,0.16755822890253189,0.1125153630951443,0.1535463508626302,0.17987266924723933,0.33619428419855574,0.256036759892884,0.10917930121278253,0.18857763873693104,-0.07671990586611538,0.2014616161692234,0.2254051339925306,0.16000847880480382,0.26813906587717135,0.05707345179895297,0.15407027048192778,0.18359907256389799,0.15847211190509097,0.15940936687419552,0.06781299956729211,0.176705014588961,0.24702795072699935,0.2194549807741227,0.0329601388274998,0.10942669164710024,0.21617996833640074,0.05802321955923613,0.12963026419562532,0.36943270221779945,-0.031335586633479094,-0.10724772396861698,0.122056658821158,-0.00241142961437955,-0.023713739645073492,-0.06599144015644613,0.04430987001800609,-0.028243604306511016,0.0624687561808469,-0.15642261324786982
0.04714278547631324,0.10800376653657316,0.1735279702756726,0.2176003291114535,0.17113546934484633,0.16589135146514464,0.123683998140875,0.16079089483208855,0.07658945357145441,0.15424829800695525,0.18338353703087734,0.1555957187061784,0.40544371624857395,0.12821240733922312,0.08538895947148949,0.14812404293168718,0.1806564871453098,0.16166543834167,0.16134526816822298,0.12648522999953535,0.15764909744752886,0.29438221469599346,0.13590884569889317,0.15096099554391545,0.15745566264489289,0.15613427486506148,0.16068093543628853,0.16192393679075837,0.2717146610982497,0.06050157699762885,0.1300184257531699,0.13728832740436345,0.13313600179256857,0.1660897339550771,0.18738303923162508,0.08565889511132106,0.17285702900985656,0.08538357614406455,0.15321302643385948,0.10098563147091653,0.17773694182222702,0.15708046695950093,0.22271559486404166,0.04546105432460861,0.09684276543447234,0.242784108989626,0.11996372270526341,0.13931352583694054,0.14424787006139414,0.11072307721542979,-0.04897041910078155,-0.04897520759502087,-0.02902755453823848,-0.011422864857603549,-0.0456861237191426,-0.08686875714586856,0.08690465337182608,0.00720614808573621,0.002250725239218168
0.13813543027591746,0.1480816975925035,0.16777225018885458,0.4906408800686289,0.2952590053017947,0.31357026730677057,0.1501976268453079,0.29219092479464565,0.15880149145625447,0.21190044482801026,0.20330502363435352,0.21306231815987867,0.12821240733922312,0.5755049647360513,0.2966860605577714,0.36110833297363576,0.2416135670751049,0.1599102848321529,0.1518573058072002,0.34184654275742155,0.15772264228542804,0.10813347765740058,0.21683508507809313,0.3510019422606897,0.3161335659343056,0.23754559609301296,0.21942442813405977,0.22153268789704672,0.31082788254141996,0.21592848045408217,0.22681007360155855,0.47195904308868886,0.24385444681007684,0.2581369389525123,0.21014851945506086,0.1859345859904454,0.4116699721551274,0.19937153711627373,0.19061764607711154,0.11617311690476287,0.2824019340488365,0.31121882569544385,0.24551020520261163,0.0348139309829097,0.05526971572626932,0.2793686074721733,0.24854604937399227,0.16990087062615908,0.36378300932858787,0.052750942411198924,-0.174673359580121,0.11608232094744579,0.021668860703157773,-0.03205880003558432,-0.09120830415947181,-0.09941196954217173,0.03375409655720308,0.09587318003031443,0.12016701029847277
0.11118553287921645,0.23578365994330758,0.37782073031579155,0.41068455608511145,0.45235652779408253,0.2803190409874373,0.204059180617919,0.279402731849516,0.14960670791665887,0.31765267638136024,0.2753902366992587,0.29604999862638975,0.08538895947148949,0.2966860605577714,1.0995391446706622,0.24804540389016486,0.17504167408354998,0.2734359408695514,0.16339097438701913,0.33115872158992454,0.2606872342004232,0.03797892927543748,0.13925337631702764,0.22696909331529944,0.32906442703707656,0.27039126261019797,0.21618528213302385,0.2394050383958101,0.2892958589587348,0.11787070715157313,0.25550554238288037,0.2980792805232194,0.1948270606030794,0.2965794552410396,0.2351655541458221,0.2675158675299006,0.3355820115896521,0.16757918063549965,0.1739252337400066,0.09517366353134618,0.30812456167164853,0.2541166979134547,0.16397344696971305,0.028093981829127965,0.07367044495116433,0.34115165237957484,0.1924024339426829,0.10235415275400823,0.1431514657010833,-0.05623078206663899,-0.1312698465336385,0.24711269746828507,-0.04040042393904892,-0.02650548327581584,0.07713440690159905,0.11939921060881185,-0.023684013820597993,-0.005557419924522515,-0.07975670427486845
0.11461169998232985,0.18903277562418108,0.23053736346795511,0.4000471476649375,0.3337556816246004,0.306310104440815,0.2081414059812724,0.27349310218837336,0.1664041189387633,0.19997726679039848,0.2511530415165037,0.28198912341062715,0.14812404293168718,0.36110833297363576,0.24804540389016486,0.7395332505049754,0.29962755141284314,0.18448916593661244,0.17894689654211063,0.30800406158994775,0.21647264406444752,0.15432680283515351,0.15427563511558398,0.24749972433382544,0.2829237280215384,0.24805340609209245,0.2810461252800045,0.2522093534555436,0.37200443523763477,0.09102222070380923,0.21232741341742498,0.314769510070828,0.15206195480860585,0.23613802077505036,0.3494862636496061,0.14756422399730873,0.34383377158615047,0.1699665238067874,0.19886534877862452,0.17445386086768988,0.2765380420132094,0.3763469977798481,0.30019285157882863,0.02987418233129783,0.13421632272613448,0.2349140079805906,0.19501569852254377,0.19668391631333268,0.3099351590682679,-0.06919649704899641,-0.2476960726179394,0.18047082465889605,0.02507150996368902,0.011473666306556772,-0.03426987066337972,-0.0896498985392476,-0.009951570305914955,-0.004828767530680917,0.18262392766506438
0.08942238137854908,0.24180029407113823,0.39094445910887804,0.2991907239404481,0.15983982279234307,0.29675808989696845,0.19301655291919664,0.3314656478892153,0.20765431748967958,0.21137190582632084,0.31488594010450627,0.2500183561021957,0.1806564871453098,0.2416135670751049,0.17504167408354998,0.29962755141284314,0.7952772269277779,0.15225961035032923,0.17067129949489054,0.50601042052591,0.21645600137055412,0.22907341478066898,0.1884400464981353,0.26500201852147215,0.27862701899491604,0.3012077255746346,0.2638089392703754,0.44214073178995694,0.2793967721119331,0.017462109652401386,0.2671161883565018,0.2432179490937189,0.3760654413152337,0.30337644421839693,0.3116697242656447,0.102750377361204,0.6190032515860957,0.2893332098643633,0.2836199200773789,0.1807446931300526,0.3598405881600172,0.48113303217651754,0.39569082066116884,0.051564837859646495,0.41972410184658077,0.36891747676344344,0.16368382229170114,0.3342982559153916,0.36461187434588743,0.38771366127564366,-0.05750309818036398,0.07034420541738803,-0.21573565466285874,-0.1060583487026892,-0.31715322820967495,-0.05091398946652457,-0.010549131170162882,0.19351292410722346,-0.09749447679667901
0.0789507363324623,0.28741688856521885,0.2943699830025841,0.2996066937423067,0.16589321976373667,0.27889106080272164,0.15230102281336172,0.2659245246346347,0.13685571382759204,0.22043417668035709,0.22448550947862062,0.18715564038901272,0.16166543834167,0.1599102848321529,0.2734359408695514,0.18448916593661244,0.15225961035032923,0.937128771707323,0.22615007858324696,0.04002499175731288,0.39493315779057003,0.26821711883427873,0.4411969876863598,0.1598643118482552,0.3223179751070111,0.2583843067447337,0.14634725942213125,0.23744630494276142,0.3290033892599932,0.019347508326646987,0.3055040561019996,0.1655031296172963,0.20303432154744006,0.25112203439986247,0.21248870644198542,0.32951849682432754,0.39722931006016593,0.05259883568508781,0.1991152690833481,0.2040077454938264,0.3915101466629719,0.17029696013307621,0.12958417699818248,0.013043983351701491,0.0549623081828671,0.481272206610027,0.45457074211333953,0.11885819446837757,-0.1851552145556993,0.2780855229420638,0.33172771555870095,-0.3197944869018627,-0.12150619148010296,-0.13522756144715872,0.011351383229776628,-0.0028394565466280304,0.11903508470372817,0.0510568258045237,-0.14722911595237367
0.05575173750392076,0.039387929481614015,0.27592276331446725,0.07399310732182805,0.04714711631008555,0.2266890538505589,0.08277317522399194,0.21332436942888372,0.1579355221489381,0.15975359155343422,0.07495571239725325,0.11909753264831692,0.16134526816822298,0.1518573058072002,0.16339097438701913,0.17894689654211063,0.17067129949489054,0.22615007858324696,0.9086618969558475,-0.004118527113127721,0.25504349987553626,0.27929468963362697,-0.05940712435402887,0.16398277089403732,0.23955427458490527,0.0390972271874565,0.1066282774106089,0.19804447171729947,0.1799648127664253,0.228382345984253,0.24014952966643474,0.16198886241649216,0.29417676799976705,0.12373078399792777,0.07081301422488263,0.17556489045474954,0.4122938330957337,0.08493860949065068,0.2757961662664907,0.012621819676450962,0.28411246314863725,0.12627959200919422,0.15799471448341393,0.03739940129255353,0.19672437666849837,0.3350111631663734,0.2075881853770612,0.17962198069403176,-0.16438730372899857,0.43324896264166407,-0.09743062695748235,-0.16174785618817977,-0.07900843027787086,-0.09284630637990307,0.04220242447115678,0.028879170748944416,0.09534598153100177,-0.0379907339363191,-0.12952859639460976
0.10884407595394265,0.3304090914075414,0.30253301787211884,0.3736186128813206,0.2634650710589551,0.3776948693864835,0.17131430617570415,0.364688361358818,0.152467269650864,0.1927445229588017,0.34757921866527586,0.25136642674573323,0.12648522999953535,0.34184654275742155,0.33115872158992454,0.30800406158994775,0.50601042052591,0.04002499175731288,-0.004118527113127721,1.1582402231901117,0.012850485058640128,0.027555602965115333,0.20516177835627553,0.41575215803107357,0.33338109209730493,0.33294275199024825,0.3686148270847516,0.373765513401954,0.32556943441802355,0.24841798569849477,0.32339233675154866,0.36569027781286206,0.41250444366447203,0.41814086305583564,0.3004151314160823,0.0934169762447504,0.9041081284623683,0.5342044680666536,0.3172499869277358,0.22689738449538915,0.3655069871432032,0.5841720256291617,0.530443001198528,0.04698265199682385,0.317276824395509,0.438527213080682,0.176248309385805,0.5845835476701687,0.8243709656088727,0.07195607109768488,-0.2995477323210586,0.31409218853520227,0.012764816951500571,-0.07243711483504045,-0.1201534338455824,-0.10715822519899952,-0.025270218932025704,0.10362350055489174,0.15307096587708363
0.09742181480116872,0.3531520916074417,0.35066973753460356,0.237010131472636,0.14605113971807965,0.3482085656833924,0.2070130572230959,0.2130939238654615,0.28996018288888253,0.15134163103120266,0.24606961363198154,0.22299591824731005,0.15764909744752886,0.15772264228542804,0.2606872342004232,0.21647264406444752,0.21645600137055412,0.39493315779057003,0.25504349987553626,0.012850485058640128,0.9556767634745306,0.2358378116951157,0.15011394794028388,0.017757496793633917,0.19898783275517035,0.28045217564444047,0.11781609773374885,0.20104098595243092,0.3009357751827639,-0.09598864950327281,0.20600804902392925,0.11195103567860573,0.029976796088823372,0.1907162886765449,0.33949243221386805,0.24321319671919522,0.08183581378576545,0.06259020161248191,0.17761498517442087,0.23032978985272765,0.5240451858992634,0.17612061120254804,0.08539539686800887,0.03832501904384319,0.09960744463931022,0.3523309463145875,0.1662808878922685,0.0589769233885772,0.03530717876213358,0.028611693688451907,0.08831444633409863,-0.041382071412195666,-0.010792905299257437,-0.053467523953059114,-0.07387537550514703,0.03128181767942316,0.025858040583222875,0.08384197332613588,-0.12380906978402031
0.06510722625710753,0.1410191896013142,0.3090283432917122,0.1936989991290177,0.11895108563232513,0.2940135271992415,0.17640084285533852,0.2304317245445455,0.13943375916904266,0.19610254335544808,0.1976127363480764,0.16755822890253189,0.29438221469599346,0.10813347765740058,0.03797892927543748,0.15432680283515351,0.22907341478066898,0.26821711883427873,0.27929468963362697,0.027555602965115333,0.2358378116951157,1.6850811855752859,0.31305008863561573,0.11573670438048358,0.045035187551496984,0.2160437533483341,0.1813685230015591,0.1626404570357102,0.2758457530439148,-0.10439419348554468,0.0990576222399062,0.15972899843022945,0.19618789953168295,0.4154433349098162,0.13020735725768365,-0.21590749479102722,0.1774546623102869,0.08624692643044364,0.20383153853896802,0.034076717897058476,0.1442470976145112,0.1613786313911444,0.7568190355034333,0.0991312118346829,0.336517953659567,0.16775708799424582,0.10150252065045676,0.4246549587502211,0.10555701941161197,-0.01877528987122555,-0.04350674600467806,-0.10415645063646929,-0.053060055767243694,-0.09811796906145293,-0.07552962538309471,-0.046749836646838946,-0.011259969281108385,0.0445911344743365,-0.03297430451049495
0.08015893405601128,0.14039288343778092,0.1306954576288497,0.324883210134994,0.20086614626248522,0.205002218100962,0.11214536635203672,0.17705291554605593,0.06858188406264616,0.20651697927755608,0.17487303723635342,0.1125153630951443,0.13590884569889317,0.21683508507809313,0.13925337631702764,0.15427563511558398,0.1884400464981353,0.4411969876863598,-0.05940712435402887,0.20516177835627553,0.15011394794028388,0.31305008863561573,1.5008428481041758,0.47157340637165446,0.3570754303037906,0.04476195304262073,0.1201589268033694,0.30135601479914537,0.3404362050151691,0.21393368921162909,0.12033232136545609,0.19856793643345455,0.5780477005595244,0.5225563290633248,0.12282407056659846,-0.04924718860179052,0.6893223677403405,0.07790292480528214,0.38577079640914347,0.18886851558786472,0.2756889954492944,0.24030876499841197,0.3829751045376779,0.05857986110782676,0.016314297551988773,0.4273268357134641,0.3712761489739419,0.7097395553310535,0.33803505364476716,0.3521465144423396,-0.13859336469006805,0.022079878010242252,0.0505207453820982,-0.10136852954577404,-0.0017936234541144531,-0.12114562371505097,-0.11278096511220614,0.049073025397542845,0.29169419026737575
0.09074083877758729,0.10264680566465822,0.175287097166181,0.41906386923947125,0.21597659950438014,0.26413036229258546,0.14782919292246285,0.22400522039246923,0.13445105141674804,0.19571633234458674,0.18006785169263384,0.1535463508626302,0.15096099554391545,0.3510019422606897,0.22696909331529944,0.24749972433382544,0.26500201852147215,0.1598643118482552,0.16398277089403732,0.41575215803107357,0.017757496793633917,0.11573670438048358,0.47157340637165446,0.9095833426406983,0.28607203053081215,0.09889503721141933,0.2112649385346872,0.3431212444851664,0.2685770695608862,0.5725905269998929,0.35607061095029013,0.45403074045590985,0.6790257778191922,0.3186061885206163,0.06312526487908618,0.38152832686742166,0.6886036419778667,0.25684869285733436,0.29796724778125433,0.04972592704609748,0.3199520870882373,0.3229221452621654,0.21053062979761702,0.03321187423887672,-0.03818773750778601,0.43577800942721573,0.3869475212018052,0.056155910888379804,0.5067424687321985,0.2439848769770995,-0.3432113047716343,0.2207278247079996,0.028894128825639968,-0.12297073237304003,0.023977102327677854,-0.1782034406060266,0.09406887296127762,-0.05090295175751595,0.2081348088024895
0.0927291805608841,0.2076114326445923,0.2661586989982961,0.33035689985597977,0.12402899325096699,0.29475728216404234,0.14379985687300584,0.2552020314116348,0.1219028184717199,0.2317458296674318,0.19126031295292525,0.17987266924723933,0.15745566264489289,0.3161335659343056,0.32906442703707656,0.2829237280215384,0.27862701899491604,0.3223179751070111,0.23955427458490527,0.33338109209730493,0.19898783275517035,0.045035187551496984,0.3570754303037906,0.28607203053081215,1.4025165542858817,0.14298583467859222,0.23137028252801833,0.23660252429097478,0.8045671953526944,0.3383115431306725,0.2936909787697198,0.31731810557572554,0.2104898614389404,0.5025325083243088,0.36676483696368517,0.32383402892144714,0.375760585621056,0.2174130030603098,0.2947486813601327,0.16390327764939214,0.29860580214065674,0.2922504138520282,0.22856566820851382,0.08395058192939231,0.3400854661277579,0.5379505341607825,0.393560243686927,-0.09202953678476827,-0.3498259722033563,-0.12884660477480175,0.044474265935201374,0.03825579038532734,0.11590297878628877,-0.04033314237918809,-0.04646069307590793,0.042227813495783056,0.15694336375523293,0.03458754106806661,-0.1733557223030346
0.11608773472193988,0.2778304416534162,0.3531838315633619,0.34121415701102487,0.2847661299934885,0.3548131154916469,0.2539128849430637,0.34219233439762353,0.3305788954407151,0.21519566494222322,0.31833244291200524,0.33619428419855574,0.15613427486506148,0.23754559609301296,0.27039126261019797,0.24805340609209245,0.3012077255746346,0.2583843067447337,0.0390972271874565,0.33294275199024825,0.28045217564444047,0.2160437533483341,0.04476195304262073,0.09889503721141933,0.14298583467859222,1.1937025488159596,0.21057708842356865,0.21775846794915285,0.03564865350707305,-0.1217963943923426,0.2028454647327201,0.22641026316659832,0.1413428022316167,0.34437152382911207,0.18135542657278617,-0.011395878783725064,0.26669707867134873,0.210071604879252,-0.23095158685442663,0.05989707662538622,0.17179213687226869,0.3510568269667463,0.3376042307714708,-0.016405559278279972,0.0005414223281095198,0.22571302152921166,0.08333795715711714,0.3666061896015783,0.6501863833608988,-0.018939157970794318,-0.09795168883151643,0.11266554381092304,-0.166072712155485,-0.04722124965508005,-0.08602507257018792,-0.0017579782804043888,0.036131059837026455,0.20013356209093933,-0.20742557504788137
0.08320518522743246,0.16325529550293624,0.22527353442297762,0.2869845999863868,0.19875492611356751,0.24013636804619265,0.1730441655388377,0.2212920626088594,0.14534843640084524,0.17022504835361169,0.22856859914956304,0.256036759892884,0.16068093543628853,0.21942442813405977,0.21618528213302385,0.2810461252800045,0.2638089392703754,0.14634725942213125,0.1066282774106089,0.3686148270847516,0.11781609773374885,0.1813685230015591,0.1201589268033694,0.2112649385346872,0.23137028252801833,0.21057708842356865,0.5013602087773384,0.22868339609932783,0.24986487834331547,0.07730930855351019,0.2221221523130053,0.28838723841190556,0.22356486974407414,0.2546493002700461,0.1986336003088602,0.19438205624063518,0.331392543614246,0.20008264399711878,0.1789024391480645,0.10829661791490143,0.1951907218685635,0.28817389379827374,0.3940083792813154,0.047606784238587864,0.1846244725232045,0.20022531168612717,0.12203805600606228,0.15315574891697234,0.376562673641611,-0.007722304975111765,-0.17510847810583563,0.2018755486367051,-0.034264014232587674,-0.016588496064499875,-0.02121367645341776,-0.03330345024799494,0.02448655298584069,-0.005399668385191493,0.03685554398823311
0.055550337972883924,0.16214678857142192,0.24567319706872687,0.2952982763621279,0.178361806997341,0.20106897677071076,0.11705936171290258,0.18301470711742004,0.1676077649363554,0.17562493747760363,0.212942296359541,0.10917930121278253,0.16192393679075837,0.22153268789704672,0.2394050383958101,0.2522093534555436,0.44214073178995694,0.23744630494276142,0.19804447171729947,0.373765513401954,0.20104098595243092,0.1626404570357102,0.30135601479914537,0.3431212444851664,0.23660252429097478,0.21775846794915285,0.22868339609932783,1.1467748013207355,0.12966764686862187,0.14740985179641286,0.30245800975073617,0.24057821844839739,0.6433115070497156,0.24415206910907444,0.9210436442162493,0.06818899811639377,0.8780423594750654,0.22186184742592302,0.21631295609875983,0.26970395859376295,0.36299616532245654,0.2942738796695521,0.4530465096980294,0.04845153653450672,0.33840733858348326,0.33520330657715086,0.24545473505710946,0.42446603616819645,0.14799013340548403,0.4363427960925444,-0.33854135977739125,0.7149424229627267,-0.673743580397008,-0.05824377861776669,0.29730726243803113,-0.09607380584299295,0.02701766768413291,-0.2866401466960161,0.4293830140528993
0.0932898672952101,0.35848929619436926,0.33574560041112295,0.349475959292669,0.23750302603765913,0.3470392071002533,0.15506838937829617,0.27156817056652566,0.13558686867822536,0.27959538223346614,0.2778791207986644,0.18857763873693104,0.2717146610982497,0.31082788254141996,0.2892958589587348,0.37200443523763477,0.2793967721119331,0.3290033892599932,0.1799648127664253,0.32556943441802355,0.3009357751827639,0.2758457530439148,0.3404362050151691,0.2685770695608862,0.8045671953526944,0.03564865350707305,0.24986487834331547,0.12966764686862187,2.118984691444509,0.010432259151261497,0.08409426404687396,0.3904295028794403,-0.0376220656210566,0.4946673229464694,0.35919072187067974,0.2565692535805884,-0.16844087772735908,0.11406786627623923,0.39705514834402256,0.24604099792259992,0.38786221797013976,0.2862439248513188,0.18196433910024673,0.025315144381835915,0.12090003602508817,0.4800704619032952,0.214809980340048,-0.07806984242874904,0.522148888731323,0.02124239344514859,-0.1911790962457984,0.015623721689159256,-0.018661624566940364,0.11988490976013767,-0.20479054704674876,-0.05772742200436305,-0.097259807374936,0.20078807403447413,0.10247741566334134
0.05400514335844172,-0.20871287787884435,-0.5577112561752959,0.12221700967504558,-0.06719584209421674,0.08510962883541516,0.0023822597932697275,0.09875681963286223,-0.10487328870898839,0.019316326787110708,-0.030789077933153965,-0.07671990586611538,0.06050157699762885,0.21592848045408217,0.11787070715157313,0.09102222070380923,0.017462109652401386,0.019347508326646987,0.228382345984253,0.24841798569849477,-0.09598864950327281,-0.10439419348554468,0.21393368921162909,0.5725905269998929,0.3383115431306725,-0.1217963943923426,0.07730930855351019,0.14740985179641286,0.010432259151261497,2.489290743830128,0.36572983362777456,0.2087536392313564,0.539569940589404,-0.12028509909065019,0.05114084004171807,0.5825998332427518,0.7148709308265213,0.1601395300652057,0.4301140519600464,-0.017666473240239594,0.32839060627803796,0.0599404871436393,0.022274168179314994,0.0930001993992096,-0.0652227497513484,0.4039120307229875,1.1348045475593125,-0.4304673566445283,-0.35427348187569324,0.2727550928264436,-0.43522489405210424,-0.3572503518920401,0.3690624924218361,-0.0016936160933587428,0.12055045817289026,-0.28573470383277344,0.12257718998972529,0.24352794896081262,-0.16519509732076665
0.08890542599091077,0.1593570819940734,0.28517673905703084,0.27756154489649576,0.16229502785513433,0.24693650493629285,0.16512976035047464,0.23421801844511647,0.18685397945714818,0.18224400361564025,0.20753268435407743,0.2014616161692234,0.1300184257531699,0.22681007360155855,0.25550554238288037,0.21232741341742498,0.2671161883565018,0.3055040561019996,0.24014952966643474,0.32339233675154866,0.20600804902392925,0.0990576222399062,0.12033232136545609,0.35607061095029013,0.2936909787697198,0.2028454647327201,0.2221221523130053,0.30245800975073617,0.08409426404687396,0.36572983362777456,0.8681936330971585,0.28016226139917194,0.3573383079485974,0.12798837178426456,0.23514352701378147,0.7287638709656261,0.7197629046669468,0.27018078156865155,0.2682804446744628,0.13566826252646602,0.47359857042870757,0.29064852403677255,0.01183949031374869,0.04330458711632507,0.09243645613255844,0.6145545255326347,0.36841238878245736,-0.11752250004732819,-0.18698574724962078,0.2782814087271727,-0.13389678738304558,0.0018309078134723436,-0.001717658914585958,-0.130471811111851,0.06465029218851773,0.02622880502668333,0.2168286750118375,-0.11724933359854275,-0.13716307299624206
0.11734106169248094,0.14592769146597886,0.19822831238883898,0.47534962742645337,0.30344401488722905,0.30373074846800846,0.17492264963727852,0.2511717983157576,0.18257373227034093,0.2170665446709738,0.20131125818130546,0.2254051339925306,0.13728832740436345,0.47195904308868886,0.2980792805232194,0.314769510070828,0.2432179490937189,0.1655031296172963,0.16198886241649216,0.36569027781286206,0.11195103567860573,0.15972899843022945,0.19856793643345455,0.45403074045590985,0.31731810557572554,0.22641026316659832,0.28838723841190556,0.24057821844839739,0.3904295028794403,0.2087536392313564,0.28016226139917194,0.9610958243969766,0.2373764822384911,0.2935137498732831,0.09755329799977397,0.31469705992113745,0.33232422237240794,0.2236608310091277,0.2035528863300343,0.06352980429669206,0.21339030514630666,0.33792197621727676,0.19552471665092763,0.029809194247595313,0.02641108786633167,0.29517796397621016,0.21692776700700755,0.06333414641858207,0.26389130670417643,0.03992344362328094,-0.17616181141254025,0.4089083928399565,-0.24443409292977997,-0.047910367371992786,-0.054260799726283754,-0.016698693834547383,0.045544971477663794,0.047657528859346536,0.04154522051092756
0.08396351102953088,0.10263259175879101,0.26602264485687666,0.31268534303998907,0.12082181309307426,0.22770312015434319,0.14961969041469783,0.22533451486151065,0.14919826522771704,0.1518923466745316,0.15894943334604514,0.16000847880480382,0.13313600179256857,0.24385444681007684,0.1948270606030794,0.15206195480860585,0.3760654413152337,0.20303432154744006,0.29417676799976705,0.41250444366447203,0.029976796088823372,0.19618789953168295,0.5780477005595244,0.6790257778191922,0.2104898614389404,0.1413428022316167,0.22356486974407414,0.6433115070497156,-0.0376220656210566,0.539569940589404,0.3573383079485974,0.2373764822384911,1.9760184780771661,0.38900110443801866,-0.5627291090223804,0.05607928866277115,1.1069618797674707,0.28496793108404833,0.23521612917572543,-0.2250508492254309,0.3425740332186728,0.3697591815599769,0.49377676440956214,0.02228464742441842,-0.0030419639462856015,0.3871898260743162,0.4013932643398162,0.13943441355588015,0.7300439390795502,0.6172834103037436,-0.4337010767288209,0.1971995833868659,-0.035091741017958485,-0.2711880148269681,0.10213537596672374,-0.15197902066400265,-0.0864235990299789,0.0833943253093677,0.19586350854764908
0.07575688342162906,0.337222046833592,0.5718506195640906,0.43792099554138647,0.1413860790782133,0.3706206361584929,0.19278470946584098,0.3521209607750477,0.2651251509906348,0.28782707448157574,0.2516002103038206,0.26813906587717135,0.1660897339550771,0.2581369389525123,0.2965794552410396,0.23613802077505036,0.30337644421839693,0.25112203439986247,0.12373078399792777,0.41814086305583564,0.1907162886765449,0.4154433349098162,0.5225563290633248,0.3186061885206163,0.5025325083243088,0.34437152382911207,0.2546493002700461,0.24415206910907444,0.4946673229464694,-0.12028509909065019,0.12798837178426456,0.2935137498732831,0.38900110443801866,2.4639506518577954,0.2518076837964725,-0.16733296093376157,0.45861955744489236,0.2316831126737891,0.23786648699091886,-0.10639432019878463,0.1453945774573633,0.25430445506497723,0.6969929453513717,0.16232308803177417,0.5703444370804893,0.2509738222724607,0.23307945936240676,0.6138516911754931,0.26346863800213655,-0.4840282013125721,0.09499091052697704,0.38597087270545766,0.057524892676860354,-0.14124876731097133,-0.20221672752404063,-0.0037747112897807992,-0.42844025913228345,0.10126305244386935,0.41113323614927333
