0.9378054512711,0.2251584238357956,0.3343340001856951,0.06575258209030194,0.27764559349849915,0.14554228349801895,0.2530623880870249,0.19150626720305233,0.1083616688637026,0.13780241806291585,0.1592623191542494,0.1749789860459305,0.16894491486623917,0.16188873106825002,0.14672931535457662,0.14497233970034712,0.09894982768909999,0.18339289040248893,0.14321821209563787,0.10454348336100427,0.1406497907398122,0.2302354716356415,0.13576855184217504,0.05852326417223537,0.15195334233435642,0.08956747799655505,0.10743297979453427,-0.008306941510644858,0.2665296011262214,0.05987036102207424,0.10102188344271033,0.0845960031351224,0.06795217181796623,-0.03534487996840152,0.16426805407243514,0.15264176325343526,0.06830815747147731,0.0977812517327474,0.1495880938612254,0.02338423206072072,0.12369084263306195,0.05822804876058194,0.08419673827750386,0.03893681617256367,0.08103688556419054,0.18503724751037773,0.12946148119298198,-0.08282422433785927,0.08662136246670211,0.03554866120653817,-0.03986957319958264,-0.04149804568247062,0.052569299413106695,-0.01458568949058195,0.1313084886680414,-0.002735095644361301,-0.1648629719064041,0.006845847899459679,-0.022095224993667575
0.2251584238357956,1.8534584573940387,0.6969184570341791,0.0674074547406593,0.11470338301000937,0.3336125969670839,0.1304637054677483,0.2288714966476194,0.1404910617336649,0.20795827746825382,0.23329777511008098,0.211779110563696,0.24133120661110463,0.1422490592525864,0.22887942901058875,0.12701206066060095,0.2015026165155249,0.29720914783796615,0.1549475447450744,0.28214485701869335,0.29280505642732846,0.21972428913500383,0.11529742068158798,0.13160374152127594,0.15476636403633362,0.20485126579020288,0.028307632763744164,0.1477468842257472,0.41290975898826077,0.08490041381129991,0.0999654675278647,0.08216707599902846,0.029443994085933747,0.254690992134279,0.1978338967819339,0.12186051465715174,0.3847300094475664,0.16856826408015826,0.19231399198841495,0.04185271753745833,0.16074813047632475,0.1882432098610698,0.40890778788576587,0.07939096374599833,0.35365137397865115,0.18414269329994462,0.22388094504946268,-0.036049126013702436,0.08211093317298462,-0.014335172792589137,0.13121221421311813,-0.00800621190699742,-0.07329244873072742,-0.09659209131604646,-0.4780589322909988,-0.14936278546697246,-0.3826459438431801,0.32316939073137035,0.31670448377613936
0.3343340001856951,0.6969184570341791,1.7413265322089604,0.05008860230430224,-0.17309762761760394,0.3321937202699269,0.20964588708548737,0.1621185287782159,0.3189414538293508,0.2784382140555394,0.3046769971468864,0.2509766260668607,0.26478650657748704,0.10530066546037657,0.2662811384936749,0.10029314744743259,0.2567361974268828,0.23020429805064774,0.19180621162792127,0.19053823146576807,0.2896200536602766,0.29545898573294477,0.08699080312526113,0.11551867188105418,0.17764515177846246,0.14509053203262812,0.058324317654676376,0.21622659327925764,0.4813004017593099,-0.18599435735453457,0.13830730870864544,0.13650631170324984,0.004302063991664197,0.2827687324009285,0.4126315662722166,0.333862199768809,0.20474138393421273,0.12500680969113911,0.20752553347579705,-0.12880630099694226,0.22357072082195292,0.2173463697470126,0.1407402509709846,0.07380583885543815,0.3010448997894298,0.3310280354295488,0.09304479240469038,-0.15383966822695003,-0.20732564546740767,0.009705768821337783,0.0526531372417108,0.10277401673271,-0.03265475878099335,-0.09699019530721907,0.0939990249444668,-0.038913841387299045,-0.15992569920092303,-0.12063428425614921,0.13117836504437627
0.06575258209030194,0.0674074547406593,0.05008860230430224,1.2208886438670261,0.5017661846611451,0.24304869251993294,0.36835938979656824,0.30538893198061684,0.1372050359973105,0.1816214969574217,0.20619797665151177,0.28411675194534186,0.23652994255721066,0.25086433414213527,0.16158516245826646,0.27757416524974143,0.22795588226128322,0.19340479568599822,0.21496914306780704,0.21384208827767123,0.13001589642072822,0.17844406545817312,0.17368548463796718,0.14744536307793954,0.15925918945768303,0.2671317694897541,-0.05446538381892975,-0.06404433668405174,0.26578958678922127,0.19760253718133514,0.1183340976657986,0.18343238697185246,0.02265091775166108,0.4380872993874508,-0.3001374961386532,0.1554308689841984,0.2711505936669414,0.15270703667623572,0.17588167820977357,0.0032576562152427705,0.08050900344256659,0.06104771659703046,0.24433093703684694,0.0400622134969841,0.04432260979003677,0.11625961014910743,0.21073929727984148,-0.05989058093777359,-0.0008343769647028257,0.20234037394345292,-0.04761865707321327,-0.10118904534827947,0.007124903370387919,-0.11313265929175818,-0.11291063478454906,-0.08265232778590756,-0.24514127291255786,0.44422362457310033,-0.18078317421443077
0.27764559349849915,0.11470338301000937,-0.17309762761760394,0.5017661846611451,1.3146215744127134,0.18972290723318613,0.2924597161998531,0.29137540017082286,0.10491935322607643,0.1502771081801214,0.19114744074450177,0.2693964901341705,0.28386739261200633,0.24154577971685057,0.20762253930340135,0.33714805026365596,0.17946384540470645,0.24256850905502172,0.3731213018394517,0.20740757649588115,0.0966927283410703,0.24613067501241973,0.26771808807016084,0.18105907045986674,0.12130388349274387,0.2623187929045488,-0.11799900180557371,-0.11267777918406925,0.3193713756512934,0.2579759502291753,0.15495524439782976,0.17623671866324472,0.08621596841583078,0.3470504330024954,-0.3463370397797051,0.24363294629852697,0.30177686865378306,0.18017459996566634,0.17222229346889653,0.04063808504490441,0.1456293491747202,0.10904893735563122,0.17907056768105314,0.036672555279736084,-0.0868923701036247,0.15495472429952317,0.25121729933351766,-0.07315825950849096,0.09755758743439574,0.37150631761893577,-0.1437562025411377,-0.18783378790885025,0.006924717879356377,-0.13355409255200595,-0.24065442566836628,-0.11391994004763806,-0.42697922908608055,0.1501246339918472,0.36039996208344394
0.14554228349801895,0.3336125969670839,0.3321937202699269,0.24304869251993294,0.18972290723318613,0.7819009234377614,0.2153065356750989,0.23795611144773615,0.211168098691347,0.1531617578470936,0.2201807367491959,0.21167613087302714,0.1995127908719524,0.13878351048887325,0.15027873294050278,0.14865931743766406,0.19650311079737373,0.20517430075415433,0.33882074550951563,0.29914125949135617,0.12504747852008152,0.24287619613461123,0.17019810258454524,0.1003676043312568,0.17413314869438062,0.2752558023846686,0.06330980628117207,0.014340162974455714,0.3972702864491462,0.0347036969925077,0.08308648858013094,0.19379135516113152,-0.11033552097733519,0.39060895208932556,0.09865848041821558,0.03958993198805233,0.16196852718599017,0.1646210025457611,0.12832620390488025,0.07730223967658995,-0.05326519930767294,0.10250951641757625,0.5167618605820308,0.07424263583492392,0.20165813649041264,0.10415299490797135,0.17192097710030133,-0.0816804579590876,0.07539571879111781,0.05459514318615533,-0.0759933889482587,-0.06755862420107285,-0.014860828278670858,0.016978718849989964,-0.15409412149643156,-0.038027221337321,-0.17186598742814058,0.5816053977138157,-0.42555781709591844
0.2530623880870249,0.1304637054677483,0.20964588708548737,0.36835938979656824,0.2924597161998531,0.2153065356750989,0.7492423177447044,0.23622373932748092,0.2842435067589514,0.15800626703991041,0.2446265465031758,0.341756463480398,0.2387241093282609,0.20265184759148303,0.14705604750452203,0.23514067360275467,0.23291867313430328,0.18346877318826305,0.1397215186505432,0.14907908200706937,0.14632579481605168,0.21930338509701505,0.1466768279360232,0.12463263644387555,0.19550138353455995,0.27262854109774265,0.03332831681695458,-0.04523412810038496,0.2341392741724604,0.0720042880105446,0.13067438958093303,0.16480174019074653,0.04891092573638633,0.34709316790593775,0.13010540962068706,0.1751210714003265,0.18584873911851377,0.10935553868038671,0.20017704218169138,0.03154985060908985,0.05548948022855743,0.10826533571405085,0.12334129777498147,0.045483801167936974,0.09566564636599303,0.15579195559163075,0.10239254609862763,-0.06781302879071151,0.09487836498479665,0.09923981221898143,-0.047576006943557556,-0.1341247685297649,0.10702899027429558,-0.08587639331795308,0.0670858702263824,0.08376466408796171,-0.19873856087049258,0.6968509564250969,-0.8791626583601566
0.19150626720305233,0.2288714966476194,0.1621185287782159,0.30538893198061684,0.29137540017082286,0.23795611144773615,0.23622373932748092,1.0458978374222965,-0.013221437772764414,0.2145962270982748,0.3151269748369903,0.17570475113091463,0.26968634028355915,0.2218060238985214,0.1853032275474717,0.2076370768368546,0.3510151432041771,0.31674411894400345,0.22610269537832084,0.4097532849989785,0.1452949106430205,0.25033376992998085,0.25504483368491826,0.19379839987725475,0.3085715884797625,0.4230611054557572,0.2972238569304019,-0.2036696389726996,0.09172111964225994,0.24445097964491036,0.11836879070019826,0.12658561393214599,0.1226861458501132,0.28660190131018676,0.3243735314798197,-0.034561016525936614,0.3316850808552697,0.23040587953532987,0.26628027724138426,0.15095734812921674,0.0399044281889207,0.09365925320473859,0.7084431509613212,0.04920184804144745,0.2961855935713964,0.23804365206470923,0.34539588429740914,0.010376325204548629,0.34127476060892287,0.1569238867330219,0.011881730863919348,-0.074986929005448,0.053922037309289156,-0.15141064057679982,-0.04514264953335306,-0.12953594003967903,-0.17538153079032662,0.7870946834232786,-0.49368190886695534
0.1083616688637026,0.1404910617336649,0.3189414538293508,0.1372050359973105,0.10491935322607643,0.211168098691347,0.2842435067589514,-0.013221437772764414,0.7958505631973003,0.10497741712427587,0.1466422860022364,0.18517212438012304,0.16214840540324754,0.1646335625718556,0.1367754710302304,0.1284620776719978,0.18178974344350318,0.11194766180859096,0.11502190732438071,0.10628904825017733,0.15878035654206885,0.14276272712315838,0.02115327057324799,0.07723483125995498,0.0728059637846881,0.23405481094350103,0.029037248342039766,0.1476966818195209,0.10502813453552957,-0.009211033134678654,0.14022269732638426,0.12413714258509552,0.042585486133400095,0.24644533494952,0.1096439056491598,0.1345752168644595,0.13690027317655823,0.08219317590440886,0.1522811893694619,0.012168086552900928,0.049300947161589954,0.0935911628829905,0.05476251633530041,0.043904760240221885,0.16193128966792378,0.10960550205425078,0.061303092835971615,-0.036537798627545734,0.08526321307729205,-0.013283190767836732,0.046895463603420916,0.010869573503124732,0.034702195037769216,-0.07195953667320652,0.06338593946267104,0.16486482511962272,-0.16210801522306084,-0.01700144083558167,-0.07414340718985564
0.13780241806291585,0.20795827746825382,0.2784382140555394,0.1816214969574217,0.1502771081801214,0.1531617578470936,0.15800626703991041,0.2145962270982748,0.10497741712427587,0.5528473299291585,0.18014220869691114,0.12678056357569184,0.23928496222367265,0.11761526275555921,0.2193087279161006,0.16035332792959084,0.2109676638752926,0.2363518196950371,0.11834751492758745,0.14202736997674023,0.12895521009884775,0.1694041145624226,0.1267888306091607,0.11635687119650147,0.14862816634387366,0.143719095713444,0.08744142770039523,0.10000813569486859,0.2027575688783899,0.14927002376233323,0.15056732990226995,0.08164889329610063,0.0401742338479122,0.3074677156931903,0.12288736152227724,0.19880806603900036,0.27376141451827535,0.1120629500486222,0.18320855288830573,0.017414920036126016,0.20180140288308826,0.1213810266660508,0.20948768669010476,0.05238036631229094,0.06709723182460646,0.14208497902909337,0.23761265848036178,-0.033890356731962036,0.013800693147480584,0.06041863403611106,-0.029443400717669443,0.021478731919608755,0.007998165997500245,-0.054176314306968024,0.17549511964425107,-0.02736855487043439,-0.2084205066735542,-0.1309047407062883,0.28184329418216075
0.1592623191542494,0.23329777511008098,0.3046769971468864,0.20619797665151177,0.19114744074450177,0.2201807367491959,0.2446265465031758,0.3151269748369903,0.1466422860022364,0.18014220869691114,0.46660231793529283,0.2659145602114619,0.35392971536755174,0.15687915638251218,0.22211781689130816,0.20662226945934845,0.33184354972167185,0.20949427419970973,0.14487723320397045,0.2848107287130509,0.19253797376284582,0.2462390419252161,0.11408718774798825,0.15618620580189133,0.18146205780565913,0.26275118195003033,0.11765350250170083,0.056844824469774624,0.26108411283089245,0.10906694226074952,0.14513797996571823,0.1631311169136804,0.05962228515889424,0.20858297826223607,0.2439378983079026,0.15678376784177356,0.20045671107551286,0.1640698370367478,0.2236444357111352,0.10297392144921647,0.1322759739671759,0.1368632951239983,0.2655852180422241,0.058196428186388226,0.1467961037376167,0.18354225483816713,0.19656248968613557,-0.050910222429721416,0.11119849828500725,0.06640330346703929,-0.005482093699955725,-0.07911378241584456,0.043244507021515256,-0.019441910536866717,-0.09648991754719925,-0.04746685193488187,-0.2291510061924934,0.03439204689054113,0.18957183910328929
0.1749789860459305,0.211779110563696,0.2509766260668607,0.28411675194534186,0.2693964901341705,0.21167613087302714,0.341756463480398,0.17570475113091463,0.18517212438012304,0.12678056357569184,0.2659145602114619,0.6777722550715081,0.23038676870986352,0.18707024414324097,0.21188993177065873,0.23264697248556715,0.2780296358619234,0.18792170697686397,0.15404069362479816,0.21024264872408785,0.1786076905121314,0.21829466879975423,0.15383646416535887,0.1544196669398658,0.22123751421645693,0.25796457602580225,0.1525113398093195,-0.11862223134254217,0.26800364632743834,0.07875307901374697,0.1196601875814817,0.21299042953657837,0.08086445162627547,0.229097681749921,0.2574809471597649,0.07798178681253878,0.12152528854791958,0.1249270647768733,0.2577199979706296,0.14432219743124539,0.013329195865183469,0.10037600235873051,0.21291491612345811,0.04109212640979189,0.17578908425364204,0.17875656987526653,0.16701970717034945,-0.028549084941888986,0.33965430718721856,0.1422290586991953,-0.0032153868689706387,-0.13771086023288442,0.03252113496633842,-0.06172902799393247,-0.31032786715759386,0.07740592309668619,-0.1716289544344569,0.24871182810523615,-0.29027051209738725
0.16894491486623917,0.24133120661110463,0.26478650657748704,0.23652994255721066,0.28386739261200633,0.1995127908719524,0.2387241093282609,0.26968634028355915,0.16214840540324754,0.23928496222367265,0.35392971536755174,0.23038676870986352,0.6286411205397675,0.23324012003685843,0.11673028144296,0.2841194831323896,0.3294590356202001,0.20932389555029757,0.19118336241502673,0.2682052595811517,0.2024241397639996,0.36473891918668644,0.11832019234095342,0.19174177926390149,0.1639551154101872,0.23653531419607982,0.11853970483999732,0.10097168037257,0.3677919928678307,0.10906664641214925,0.15273025998938555,0.2093256802001505,0.09881914559193168,0.22195412748037557,0.1854770071158516,0.23298880014988205,0.20010683941435803,0.18306036692380098,0.2294330669495798,0.08900961890753073,0.21260346048547477,0.13737118336370271,0.27887870799163483,0.06937253253440892,0.013456104718685547,0.22701278683994613,0.20643467373815608,-0.09184501226438692,0.2428486727441278,0.1332770624764534,-0.01803656537526452,-0.08432195020105833,0.022625003505391785,-0.08964271069776822,-0.15652804824155436,-0.09057400840047938,-0.27030364569547277,-0.400505218694213,0.7551460084207161
0.16188873106825002,0.1422490592525864,0.10530066546037657,0.25086433414213527,0.24154577971685057,0.13878351048887325,0.20265184759148303,0.2218060238985214,0.1646335625718556,0.11761526275555921,0.15687915638251218,0.18707024414324097,0.23324012003685843,0.5296613224645089,0.16109320198430135,0.2821924027341701,0.17274342323857303,0.13681568271150837,0.15237525745441494,0.2039669374911442,0.13227585510873693,0.21626023880414338,0.09861284129065392,0.16041643367438524,0.13126284307003686,0.22821597264141924,0.03568110772061245,0.10253491583493983,0.1809269323116683,0.20628972267363674,0.11208367264610518,0.1360038748012615,0.08318873657295084,0.1230945591947164,0.1469745124014721,0.10082070776644132,0.20494257244064154,0.12999353694153493,0.13007349137778493,0.09858247667438536,0.14878068270557748,0.13120682018053062,0.33183292990780117,0.062037165575544805,0.1186949276447169,0.09337216089841689,0.19891145310267938,-0.0027672222321317866,0.3360792156790979,0.04551290593870064,0.005194371446301791,-0.06969272057055603,-0.035250776850254566,0.029789772148090046,-0.25192650659932597,-0.026004621568331842,-0.2545419937690375,0.16798636780402565,0.29058973756940526
0.14672931535457662,0.22887942901058875,0.2662811384936749,0.16158516245826646,0.20762253930340135,0.15027873294050278,0.14705604750452203,0.1853032275474717,0.1367754710302304,0.2193087279161006,0.22211781689130816,0.21188993177065873,0.11673028144296,0.16109320198430135,0.690975304049012,0.18439611623694613,0.17359668616263835,0.2368929803468982,0.16642401560505893,0.17475469703067223,0.1587687477736454,0.08508227710136883,0.027814764950562353,0.1407915331552911,0.21229217386574672,0.20114097656548235,0.059749652428179194,0.20413524222919407,0.12431457059903879,0.2507462897898084,0.17251185814534506,0.06130689776563761,0.09194906808039462,0.2602649312712264,0.16032093975825287,0.15400546603164547,0.35963759038466897,0.10518167248766802,0.1746586717985522,0.007921966904698863,0.18130061245655885,0.1782800501179026,0.20412898029115062,0.048144534106114356,0.18983210916733267,0.15331551760384676,0.24869928373963668,0.017112821012537312,0.0035944375730651477,0.09689435250675274,-0.06829117918083157,0.17182653088667146,-0.06917537911795178,-0.0924096102184444,0.0638806297000568,0.03134599768388283,-0.3814344085608407,0.16484277093889885,0.16430390325794875
0.14497233970034712,0.12701206066060095,0.10029314744743259,0.27757416524974143,0.33714805026365596,0.14865931743766406,0.23514067360275467,0.2076370768368546,0.1284620776719978,0.16035332792959084,0.20662226945934845,0.23264697248556715,0.2841194831323896,0.2821924027341701,0.18439611623694613,0.5517754373165038,0.21706578577623917,0.19903961744090018,0.20222327091551606,0.18515350097113217,0.11210780218379834,0.23819769693133272,0.13245542493912954,0.17550610789561624,0.1852739187808952,0.2001695397497501,0.03547466518848273,0.06937355017686415,0.2549054210462818,0.1514218115582236,0.11079471047980437,0.1873862808894848,0.0877430769210337,0.22056074851857238,0.2007461859194798,0.14508051292040225,0.18453760227668953,0.11845226887225999,0.17740718020940835,0.09690175865149697,0.12015838366107008,0.1247075155709323,0.2858579546017829,0.07565994461525101,0.05306991147694766,0.13941697255161847,0.19726967257475989,-0.0492338802351479,0.17921935429010827,0.06588839663596474,-0.004327652702185851,-0.06460729747542115,-0.01603187299912369,-0.06812931795716322,-0.1459976447250503,-0.015040609792341064,-0.28763834636457497,0.04065346088051463,0.306188568202592
0.09894982768909999,0.2015026165155249,0.2567361974268828,0.22795588226128322,0.17946384540470645,0.19650311079737373,0.23291867313430328,0.3510151432041771,0.18178974344350318,0.2109676638752926,0.33184354972167185,0.2780296358619234,0.3294590356202001,0.17274342323857303,0.17359668616263835,0.21706578577623917,0.9427955381601995,0.14393616089107825,0.167140576686528,0.40139754132190836,0.2694222525125597,0.3401018974986005,0.030944524521381356,0.1514493192804817,0.19004209233284625,0.1579875956496276,0.24169340412645018,0.19779964695016938,0.3430059308166418,0.05338827158705086,0.1675292664368532,0.13328672411187706,0.09863510617534496,0.18373275050623855,0.218828712326913,0.20278665174702598,0.32363233965333454,0.20974792896536168,0.4178758318009232,0.14269417871218837,0.23788334920589993,0.12963144999506684,0.31247316075544523,0.0879112620429304,0.22475428491934088,0.20284132360823,0.2034004369554312,-0.04232585122717499,0.36801428683864107,0.2981506537684901,0.017518574632803666,-0.1558055468847929,-0.00042536596297987475,-0.09312632703803714,-0.0008613596080197457,-0.07105060674636937,-0.2563742399560849,-0.05918898748676162,0.4505674100319483
0.18339289040248893,0.29720914783796615,0.23020429805064774,0.19340479568599822,0.24256850905502172,0.20517430075415433,0.18346877318826305,0.31674411894400345,0.11194766180859096,0.2363518196950371,0.20949427419970973,0.18792170697686397,0.20932389555029757,0.13681568271150837,0.2368929803468982,0.19903961744090018,0.14393616089107825,0.8852223456993275,0.18830012853822423,-0.02999531921577679,0.24517229370914165,0.35653770356736103,0.2843182038422415,0.138290296334736,0.17748523746847067,0.18354835668172495,0.047829436059854236,0.14280261656903523,0.28751959182872755,0.09529715460474128,0.2760514040544028,0.09052025701737386,0.14550260906522144,0.2591370726388753,0.18854629306058077,0.2628677777322818,0.36652188048913864,0.09846365863479443,0.2367785225251262,0.08285988152636062,0.16879437113854412,0.17107629145973655,0.48960891493584635,0.04794637568103194,0.2747020319705229,0.23932356312959177,0.46170312658439233,-0.16050897617448331,-0.18620109719515007,0.1592654398457156,0.12315617355129897,-0.028666530371632727,-0.17948209059213288,-0.12804086092541886,0.0047104093115346544,-0.03072504187945053,-0.23934084049191953,0.43690892158894284,-0.28813939538564026
0.14321821209563787,0.1549475447450744,0.19180621162792127,0.21496914306780704,0.3731213018394517,0.33882074550951563,0.1397215186505432,0.22610269537832084,0.11502190732438071,0.11834751492758745,0.14487723320397045,0.15404069362479816,0.19118336241502673,0.15237525745441494,0.16642401560505893,0.20222327091551606,0.167140576686528,0.18830012853822423,0.7069301945393037,0.1535786479794938,0.15218022990164437,0.2576631280310611,0.12738819479028698,0.11200289877585273,0.1037536496017646,0.14859697234170396,0.049030761159839516,0.08357943463266032,0.23791058927052694,0.14616448431562634,0.1368789189878196,0.14837591497912764,0.019662188489237124,0.22607230592694635,0.003420204693180893,0.21192319798978382,0.11335398313506413,0.14981834487904055,0.13685350299137902,0.036414300612717096,0.09866644029876351,0.10015973601749238,0.17141091401912484,0.03132116515368511,0.12229407504840208,0.21165800607656624,0.1510558130670099,-0.11679771775509373,-0.017398115927653984,0.07976283461474122,0.09126589400267474,0.08115598525163492,-0.11642074569952282,-0.11455816797025241,-0.07252180661606421,-0.04325800888068224,-0.20558568955662318,0.19819763270967203,0.042455878347276585
0.10454348336100427,0.28214485701869335,0.19053823146576807,0.21384208827767123,0.20740757649588115,0.29914125949135617,0.14907908200706937,0.4097532849989785,0.10628904825017733,0.14202736997674023,0.2848107287130509,0.21024264872408785,0.2682052595811517,0.2039669374911442,0.17475469703067223,0.18515350097113217,0.40139754132190836,-0.02999531921577679,0.1535786479794938,1.174219982915075,0.05303962306323675,0.27442838230107874,0.06680229733079592,0.278992872070398,0.24878975755387747,0.37527774076706316,0.40172283916536894,0.06678330940037003,0.24237518856162374,0.36780830184658764,0.12369050188118454,0.24993562551947493,0.2314500937773539,0.21836030288459618,0.08223473418471967,-0.02787365940587487,0.41845923608324603,0.4448785078114121,0.14740430797937584,0.09758211618286004,0.046226994975857194,0.07212210781236336,0.7807716462287613,0.05864722591861836,0.3269148407953241,0.1747291453006607,0.1541497269669507,0.07954496224894382,0.7466299350011849,-0.022297308194731344,-0.10233534316031073,-0.026719601462068473,0.1816029079547562,-0.10779699533275612,-0.16394343054573035,-0.07193599591406845,-0.1377868612772987,0.06419593474897833,0.2369090983698307
0.1406497907398122,0.29280505642732846,0.2896200536602766,0.13001589642072822,0.0966927283410703,0.12504747852008152,0.14632579481605168,0.1452949106430205,0.15878035654206885,0.12895521009884775,0.19253797376284582,0.1786076905121314,0.2024241397639996,0.13227585510873693,0.1587687477736454,0.11210780218379834,0.2694222525125597,0.24517229370914165,0.15218022990164437,0.05303962306323675,0.7722957255687813,0.23756109688950694,0.11862751437450605,0.12425058910200425,0.08511121555514879,-0.00900277376576631,0.008810615553158945,0.2232180765538449,0.2192538595822511,0.21439599219661817,0.20282395842986825,0.09440787805574995,0.007308413700061618,0.03259222141741366,0.33422240034843004,0.27475716813297213,0.2883799493616542,0.11363228914148166,0.4408695652838346,0.12646979341940665,0.3146321857112155,0.2298156815115612,0.12509910358450754,0.10688905575632864,0.579638771043111,0.1723897899997239,0.2799936365603187,-0.05883803090347121,-0.03343795012226425,0.1675424713246331,0.09443406348844213,-0.06501596384164642,-0.09826737557011182,-0.05336123538960392,-0.018974720491099214,-0.05769889863877267,-0.2648435611822784,-0.04212467303641218,0.3261912240205312
0.2302354716356415,0.21972428913500383,0.29545898573294477,0.17844406545817312,0.24613067501241973,0.24287619613461123,0.21930338509701505,0.25033376992998085,0.14276272712315838,0.1694041145624226,0.2462390419252161,0.21829466879975423,0.36473891918668644,0.21626023880414338,0.08508227710136883,0.23819769693133272,0.3401018974986005,0.35653770356736103,0.2576631280310611,0.27442838230107874,0.23756109688950694,1.6071556330801264,0.3700062365492656,0.3187564882871916,0.21252615675126782,0.12097243803681547,0.48524628021562,0.17680942784738204,0.6418059366495213,0.1808422902586627,0.22456466444170198,0.32155689508225593,0.34745841889263407,0.029893183262989457,0.21382173515161956,0.6113161029996261,0.12643790174676622,0.2564205182494934,0.28266678289360564,0.13323291391688827,0.28252453455087,0.28713832113508025,0.5121285602794595,0.0889045256745207,-0.00392828103852078,0.5877920474219454,0.3048956614243209,-0.6562127119813883,0.657052625757864,0.1548756342540769,-0.01233837822119021,-0.3282255931133139,-0.06275974202327589,-0.0736292782799711,-0.09096771421884209,-0.012530222704508128,-0.19558427688183638,-0.179768627474411,0.3933871188454939
0.13576855184217504,0.11529742068158798,0.08699080312526113,0.17368548463796718,0.26771808807016084,0.17019810258454524,0.1466768279360232,0.25504483368491826,0.02115327057324799,0.1267888306091607,0.11408718774798825,0.15383646416535887,0.11832019234095342,0.09861284129065392,0.027814764950562353,0.13245542493912954,0.030944524521381356,0.2843182038422415,0.12738819479028698,0.06680229733079592,0.11862751437450605,0.3700062365492656,1.3538173991622127,0.23799587731115568,0.3429189929478436,0.03091507793318213,-0.14028949556237152,-0.578143323791827,0.5215540827553438,0.33811302899587864,-0.05436771191997189,0.028414609920449842,0.0107550836937013,0.31529718629131853,0.09400249920298871,0.45922361217253765,-0.03497522099790897,0.0020290784575836495,0.2149803784673361,0.006726506547812894,0.12104687872231332,0.003988001117578735,0.3848498881648392,0.1306781334651225,-0.2330976546107936,0.24380555415939617,0.3349552602453794,-0.23734437146203338,-0.12696770176411334,-0.02170869786399732,0.02295526575354734,-0.22703547273572078,0.1342650388079613,-0.05182545209794624,-0.0031528886926436533,-0.07075871322463721,-0.2423210129861385,0.5062144081615195,-0.3265081296123844
0.05852326417223537,0.13160374152127594,0.11551867188105418,0.14744536307793954,0.18105907045986674,0.1003676043312568,0.12463263644387555,0.19379839987725475,0.07723483125995498,0.11635687119650147,0.15618620580189133,0.1544196669398658,0.19174177926390149,0.16041643367438524,0.1407915331552911,0.17550610789561624,0.1514493192804817,0.138290296334736,0.11200289877585273,0.278992872070398,0.12425058910200425,0.3187564882871916,0.23799587731115568,0.5930567762977179,0.27376271317072115,0.1852137179110764,0.06503950488829355,0.05686728678692562,0.12911286816575313,0.5936740797889399,0.14381835206929638,0.3068569385068343,0.49470253751372123,0.07599851356498954,0.23932749143192858,0.22468595274282357,0.31885664854020995,0.21625928220959495,0.19641823214504342,0.07278573830624538,0.04351671969490292,0.16327862526319348,0.3353046200316604,0.07052551032131867,0.17526716285282026,0.2168903681970483,0.38323794419778523,-0.04915763397372812,0.20773128676963093,0.04086377006496134,-0.018499316587826217,-0.17608476967026673,0.0944631501944079,-0.07913523480499458,-0.09128583133966983,-0.09505583863044137,-0.07042875340106021,0.029302325268806783,0.10887552332585866
0.15195334233435642,0.15476636403633362,0.17764515177846246,0.15925918945768303,0.12130388349274387,0.17413314869438062,0.19550138353455995,0.3085715884797625,0.0728059637846881,0.14862816634387366,0.18146205780565913,0.22123751421645693,0.1639551154101872,0.13126284307003686,0.21229217386574672,0.1852739187808952,0.19004209233284625,0.17748523746847067,0.1037536496017646,0.24878975755387747,0.08511121555514879,0.21252615675126782,0.3429189929478436,0.27376271317072115,1.0054367605316876,0.18084364027931155,0.3676131970373577,-0.08066201516810041,0.24990154582682297,0.36304357096167067,-0.0004365716537353807,0.08906809763943192,0.22192667365541038,0.34591368336431666,0.34023625295741994,0.11276442919494163,0.3822374395664842,0.15769112116961898,0.18789942990286093,0.023778896957424186,0.05751777524931935,0.15029679884443717,0.4639372699531657,0.09550559584377813,0.13213712884389295,0.2512450719523351,0.2898273510653765,-0.03673023756290802,-0.04437427105369286,-0.20691858087714884,-0.08429345933205175,0.007619626765432448,0.18092747234827333,-0.0860231306026658,0.023270531846252124,-0.001047040587182091,-0.14126281883207226,0.27175514699929587,-0.2213989168254443
0.08956747799655505,0.20485126579020288,0.14509053203262812,0.2671317694897541,0.2623187929045488,0.2752558023846686,0.27262854109774265,0.4230611054557572,0.23405481094350103,0.143719095713444,0.26275118195003033,0.25796457602580225,0.23653531419607982,0.22821597264141924,0.20114097656548235,0.2001695397497501,0.1579875956496276,0.18354835668172495,0.14859697234170396,0.37527774076706316,-0.00900277376576631,0.12097243803681547,0.03091507793318213,0.1852137179110764,0.18084364027931155,1.4249135756068414,-0.25068723758006234,-0.042013611889003384,-0.4500478220259862,0.342091751752572,0.0986944440706379,0.28306899536758773,0.05797761633818557,0.3318226275884347,0.17117043013904223,-0.20946633446580254,0.1832398416290736,0.2467055691407367,-0.43229422818304397,0.08014732871392648,-0.15236274416873796,0.1904380158312137,0.8057447615889652,-0.04870194260135681,0.5004769903793292,0.1047717537352044,0.22241715206658388,0.04163991072047248,0.13453689276640768,0.027414777136992904,0.012871431656849694,-0.18814024438153895,0.02764654143480361,-0.052006844437498416,-0.252188615465653,-0.0055655179722613,-0.1755108496398614,0.980098680762939,-0.8031809565413036
0.10743297979453427,0.028307632763744164,0.058324317654676376,-0.05446538381892975,-0.11799900180557371,0.06330980628117207,0.03332831681695458,0.2972238569304019,0.029037248342039766,0.08744142770039523,0.11765350250170083,0.1525113398093195,0.11853970483999732,0.03568110772061245,0.059749652428179194,0.03547466518848273,0.24169340412645018,0.047829436059854236,0.049030761159839516,0.40172283916536894,0.008810615553158945,0.48524628021562,-0.14028949556237152,0.06503950488829355,0.3676131970373577,-0.25068723758006234,3.290082131227669,0.6106110717593656,-0.24478315891547328,-0.35440793463960824,0.24217915165912599,0.04708056737245354,0.6846279102901668,-0.19270063170856494,0.47189884889157935,0.07644041420716233,0.35498948948299114,0.21062322892272117,0.2948100562977464,0.33440082343010735,0.33239338850503863,0.27284120891888636,0.5611200453047654,0.09549387833013151,-0.1298868705872086,0.30055654464541026,-0.1322728591803878,0.22347855699068805,1.8351555020057277,-0.16468455207708535,-0.17052380951911114,0.37825962466397167,0.0943368843101869,-0.12717341962058254,-0.00960511211758876,0.1294171578133365,0.2310714205412185,-1.2851611567716994,1.069794263903154
-0.008306941510644858,0.1477468842257472,0.21622659327925764,-0.06404433668405174,-0.11267777918406925,0.014340162974455714,-0.04523412810038496,-0.2036696389726996,0.1476966818195209,0.10000813569486859,0.056844824469774624,-0.11862223134254217,0.10097168037257,0.10253491583493983,0.20413524222919407,0.06937355017686415,0.19779964695016938,0.14280261656903523,0.08357943463266032,0.06678330940037003,0.2232180765538449,0.17680942784738204,-0.578143323791827,0.05686728678692562,-0.08066201516810041,-0.042013611889003384,0.6106110717593656,1.793376248452348,-0.14932985701857135,-0.13821510196884876,0.34735999303427395,0.05838505169254235,0.2621399880735579,-0.11898026102864946,0.14812625405325022,0.5210366291091567,0.46348097052383913,0.1353520976827334,0.06228001469116445,0.026116045517368434,0.6234636070571954,0.4511566636812296,0.1281012094981696,0.1606249532663382,0.20275787726315497,-0.0801767423111179,-0.020088446157544182,0.08343293428592131,0.07372169371129801,-0.1326305618183549,-0.05560783733577225,0.5734410540981748,-0.415142767758544,0.012181865634868354,0.08702630965597222,0.04176187903050807,-0.04467162079732825,-0.6556717587403904,0.8452283017163353
0.2665296011262214,0.41290975898826077,0.4813004017593099,0.26578958678922127,0.3193713756512934,0.3972702864491462,0.2341392741724604,0.09172111964225994,0.10502813453552957,0.2027575688783899,0.26108411283089245,0.26800364632743834,0.3677919928678307,0.1809269323116683,0.12431457059903879,0.2549054210462818,0.3430059308166418,0.28751959182872755,0.23791058927052694,0.24237518856162374,0.2192538595822511,0.6418059366495213,0.5215540827553438,0.12911286816575313,0.24990154582682297,-0.4500478220259862,-0.24478315891547328,-0.14932985701857135,3.6753247079251663,-0.45838037011879257,0.008668707461880299,0.30050297114977115,-0.13108336075598037,0.5008754657556055,-0.32493072520457494,0.9825401756057865,-0.42945566996780193,0.05003000992835678,0.4624196924130586,-0.035436082693784975,0.7445797329201261,-0.10896437578626496,-0.4912369896789979,-0.03998788056871531,-0.9015352055749583,0.26077934705253036,0.09269726902932642,-0.36662037112178814,0.7352776939754826,0.6121483083449281,-0.39462640068868055,-0.040585776417141346,-0.2920492445066293,-0.020983118558470407,-0.220604939364915,2.006330315941202e-5,-0.268677571094408,-0.18667001155798996,0.4690988882596721
0.05987036102207424,0.08490041381129991,-0.18599435735453457,0.19760253718133514,0.2579759502291753,0.0347036969925077,0.0720042880105446,0.24445097964491036,-0.009211033134678654,0.14927002376233323,0.10906694226074952,0.07875307901374697,0.10906664641214925,0.20628972267363674,0.2507462897898084,0.1514218115582236,0.05338827158705086,0.09529715460474128,0.14616448431562634,0.36780830184658764,0.21439599219661817,0.1808422902586627,0.33811302899587864,0.5936740797889399,0.36304357096167067,0.342091751752572,-0.35440793463960824,-0.13821510196884876,-0.45838037011879257,3.109798085231054,0.33508600303815267,0.14223166853884617,0.2686501794248372,-0.03638214034392192,-0.09178161970524752,0.18176540264378316,0.7439579786947033,0.31733634028749774,0.406330692137085,-0.1392364124800758,0.14850489516915516,0.05374202419056772,0.6458032205418494,0.0719430457630152,0.7703648335083145,0.250569207994062,1.3673625403552712,-0.07166602631434942,-0.16483016626911043,-0.07244625068980556,-0.03667979406003295,-0.4542232038820212,0.2537163888804667,-0.02777051872638291,0.19361878936411459,-0.2505053641278076,-0.44422207720675716,1.2469939825099974,-0.6489392059563408
0.10102188344271033,0.0999654675278647,0.13830730870864544,0.1183340976657986,0.15495524439782976,0.08308648858013094,0.13067438958093303,0.11836879070019826,0.14022269732638426,0.15056732990226995,0.14513797996571823,0.1196601875814817,0.15273025998938555,0.11208367264610518,0.17251185814534506,0.11079471047980437,0.1675292664368532,0.2760514040544028,0.1368789189878196,0.12369050188118454,0.20282395842986825,0.22456466444170198,-0.05436771191997189,0.14381835206929638,-0.0004365716537353807,0.0986944440706379,0.24217915165912599,0.34735999303427395,0.008668707461880299,0.33508600303815267,0.9016429028902999,0.1561701878352306,0.22909850892001574,0.13734797027203383,0.08088608636454814,0.43099861747830065,0.4664933853167301,0.22790461736031467,0.27224316236363616,0.031993694912856065,0.28668000375926656,0.2130965517817002,0.06723997195580189,0.0516810125501304,0.3367770679520249,0.22181206933710115,0.3279522105611586,-0.08987635446194801,-0.25123014998178167,0.2262496479586786,-0.026393431010203153,0.07007429691236382,-0.14657023832349858,-0.0888746289436429,0.09355219924904891,0.0270476375706177,-0.01786201535019456,-0.21428195604218506,0.14181303569647416
0.0845960031351224,0.08216707599902846,0.13650631170324984,0.18343238697185246,0.17623671866324472,0.19379135516113152,0.16480174019074653,0.12658561393214599,0.12413714258509552,0.08164889329610063,0.1631311169136804,0.21299042953657837,0.2093256802001505,0.1360038748012615,0.06130689776563761,0.1873862808894848,0.13328672411187706,0.09052025701737386,0.14837591497912764,0.24993562551947493,0.09440787805574995,0.32155689508225593,0.028414609920449842,0.3068569385068343,0.08906809763943192,0.28306899536758773,0.04708056737245354,0.05838505169254235,0.30050297114977115,0.14223166853884617,0.1561701878352306,0.910511673561659,0.08864703190625182,0.05974755396684526,-0.04550993988520142,0.22158879444791565,-0.16387070350625324,0.21934928331814466,0.04207336441504462,0.08762221594631157,0.018254438780144475,0.02014874939811063,0.12066142281171437,-0.012231334573840277,0.11152247714475638,0.23178780876326877,0.15129419602025723,-0.16046614326841882,0.11888792699737366,0.09588375748471917,0.05126625096511374,-0.1732982589304872,0.033294427867621545,-0.02403074839617468,-0.3214708421971401,0.020905178129775482,0.4062126709059333,-0.22834159815991012,-0.12991651592077652
0.06795217181796623,0.029443994085933747,0.004302063991664197,0.02265091775166108,0.08621596841583078,-0.11033552097733519,0.04891092573638633,0.1226861458501132,0.042585486133400095,0.0401742338479122,0.05962228515889424,0.08086445162627547,0.09881914559193168,0.08318873657295084,0.09194906808039462,0.0877430769210337,0.09863510617534496,0.14550260906522144,0.019662188489237124,0.2314500937773539,0.007308413700061618,0.34745841889263407,0.0107550836937013,0.49470253751372123,0.22192667365541038,0.05797761633818557,0.6846279102901668,0.2621399880735579,-0.13108336075598037,0.2686501794248372,0.22909850892001574,0.08864703190625182,1.7887161412477668,-0.37654722597584117,0.07998365235994626,-0.06716805168026772,0.41070187370985434,0.21644739091696968,0.06480881448764624,0.016532625584049436,-0.32047279634664455,0.14389466618314925,0.1501074921530707,0.10421274009988245,-0.0503066789737187,0.2161815354503601,0.2878351197748908,0.1438404920706805,0.665185609384937,0.11568608100495247,-0.016812051990655857,-0.08660085673695447,0.06826630491640433,-0.2535428537065561,0.061593876597551285,0.004954834735405654,-0.0320032620496663,-0.3482573689456607,0.30684080270028197
-0.03534487996840152,0.254690992134279,0.2827687324009285,0.4380872993874508,0.3470504330024954,0.39060895208932556,0.34709316790593775,0.28660190131018676,0.24644533494952,0.3074677156931903,0.20858297826223607,0.229097681749921,0.22195412748037557,0.1230945591947164,0.2602649312712264,0.22056074851857238,0.18373275050623855,0.2591370726388753,0.22607230592694635,0.21836030288459618,0.03259222141741366,0.029893183262989457,0.31529718629131853,0.07599851356498954,0.34591368336431666,0.3318226275884347,-0.19270063170856494,-0.11898026102864946,0.5008754657556055,-0.03638214034392192,0.13734797027203383,0.05974755396684526,-0.37654722597584117,1.9723068181017034,-0.20974865881769816,0.1458251751718578,0.6930542925379756,0.11408515826187049,0.11547031205303807,-0.19500933168147494,0.0955747390390982,0.19181423550500196,0.40665519725807264,0.08578353580008884,-0.20853965057273868,-0.05431965812627564,0.15666956488363554,-0.01397522247941247,-0.3237830469877305,-0.04378231843044552,-0.14459560752935982,0.04225752183198226,0.08232089342401941,-0.12067998570948266,-0.09148644275020523,0.018641840993862402,-0.45757201856237245,0.6680653872628428,-0.3225697562223003
