1.506093707192109,0.34576382161442226,0.8429230243717805,-0.021613241460380232,0.1852518753287201,0.16275688973606336,0.4357376958786232,0.24389548983620432,0.082812626831291,0.26943857297924706,0.2370069814787817,0.2719104855930723,0.15687702172172804,0.3274155742124069,0.2557261444822977,0.15008467224006358,0.13040245050027005,0.282943977164804,0.10626607226602376,0.10033324621908551,0.20503274048006745,0.3791488502755082,0.29734919603435395,-0.015528512919216734,0.3352082674403473,0.028725011549632064,0.1125562873410803,0.08117914568758614,0.16085075613610858,0.1464085035735659,0.24766121691059628,-0.049621470088500264,0.08183087618158695,-0.0811770684645933,0.20823073172451606,0.19845716009422462,0.10223451044460147,0.2606700687527062,0.26468115392404057,0.24714872073474756,0.22398028895451563,0.16624264525069962,0.24708150137378201,0.298594667240941,0.1531247784821871,0.0729216451724005,0.13881183594871194,-0.023376431010336103,0.2858837073974822,-0.12249964792405574,0.021370024646320724,-0.050734806924217946,0.028407936813699745,0.06782583603998663,0.13218170534443824,-0.037344918789990925,0.09692730370776706,0.024027411952394148,-0.1540670508822775,-0.017731275975981498
0.34576382161442226,2.074931003405339,0.4168028462397059,-0.07810474346214231,-0.061007938513045645,0.13518197914965552,0.19474777228726334,0.11793645608374798,0.10795468391762539,0.18379757412441877,0.1326037584982408,0.12529870738980675,0.06751890326526952,0.05127230702612981,0.269945207399906,-0.00012946561041913345,0.07809148454769577,0.19126359878107813,-0.0360771454803247,0.0679765522241572,0.15544308656707517,0.12043715745293947,-0.2424148035027688,0.04383287472974635,0.11595661881818627,-0.13680378825431555,0.15301486804969094,0.2867522518339246,0.0919451694391403,0.07339643648687284,0.09150339218976236,0.14809981250815094,0.027229634696108333,0.04403865513782132,0.07770383485160345,0.026687400022265613,0.10211709827654442,0.08979698058284069,0.09817481969555143,0.09406218969014435,0.1101036029668506,0.09250050975441491,0.12382648753639208,0.027300172233530613,0.12125208555478198,0.013924870031381074,0.12947859239776105,0.000974954174860267,0.21067667206623164,-0.25719904407942784,0.17066908332361014,-0.0032127851081351464,-0.017643255713012413,0.04783779694714642,-0.19731040492820565,0.007978117062571389,0.06476985817983316,0.13844754253255268,0.003617635436800582,0.16074038358283999
0.8429230243717805,0.4168028462397059,2.609367081068431,-0.03565974177916339,-0.2252330662657199,0.34923763568491883,0.228420615190765,0.4856326978560609,0.14165151493578118,0.5227374849499231,0.36078578029526726,0.3517481247326816,0.2464627048947535,0.2658251535588155,0.2974318200116595,0.08216056923890226,0.2780616365353017,0.3116729547574211,0.15417321043039278,0.24870800443016516,0.2643726852886539,0.3657335478640915,0.24768235005894967,0.16537328321465417,0.3192875912813888,0.06609679837472952,0.15871898024921546,0.1689883204719988,0.3954583015026218,0.11015459465209933,0.19779952263659734,0.10546868429028952,0.09466200953785893,0.1305242159697082,0.40796075962930656,0.15289638229561778,0.17274123885856496,0.3780538687440323,0.358657004988539,0.27876093157573606,0.2589744927132521,0.22627145897178522,0.38233256537012095,0.33813517757862205,0.27419913057376705,0.0890181188071765,0.27413759222349854,0.0015675932266177362,0.24205975261126006,-0.06725831477937763,0.0730057089519305,0.09299430402725944,-0.046218879508129015,0.0842693645671441,0.08107812633531744,-0.17573761462347018,-0.07416955539880365,-0.08025227198151946,0.20046348475725181,0.07285060319765348
-0.021613241460380232,-0.07810474346214231,-0.03565974177916339,0.8171875890681309,0.2976214799300508,0.14293464605632059,0.17222416552168876,0.1254547523420985,0.07209938434164788,0.08128936899035187,0.10972951396180336,0.13435920008622465,0.10758526348608495,0.2079141139394563,0.08997485259321175,0.1482681569821738,0.10543048525529054,0.13263460180409373,0.08333519388543727,0.07750858929735467,0.08571119144253804,0.13464993378378612,0.11241878692848246,0.14394865884830438,0.08958675769094074,0.13734225517424153,0.09627693707516576,0.020720360734368032,0.08122783792517334,-0.004982873542616783,0.07884252983026666,0.1919017737513897,0.07046234546186099,0.16916256508299624,0.03556428721008774,0.102789656200968,0.07142337445387552,0.10992556445558806,0.07913345534162533,0.017387987338140846,0.06407656886869584,0.08342727983679707,0.0917851235520531,0.09309655439585306,-0.009310949360652002,0.0574044848852562,0.07742375799728952,-0.0012031895074128072,0.013247191509211585,0.14913502788309338,-0.0676657162045838,0.027468897284306452,-0.051724999269042476,-0.12977954680944365,-0.009563157168231615,-0.0034046604711397955,-0.1449734691038906,0.06678415519046663,0.030603955985607393,-0.02889163246014336
0.1852518753287201,-0.061007938513045645,-0.2252330662657199,0.2976214799300508,1.0200668053090207,0.14172068127140316,0.12048646581027235,-0.019090599883029954,-0.040258112499016285,0.0012190917205081892,0.0798694796896755,0.0921125680917062,0.07773882947077626,0.13483278878247845,0.13117904324287796,0.17208016663953485,0.021333915838111932,0.06649954808571007,0.2719194093124074,0.08824611803588785,0.06366245445492828,0.12659275264048814,0.11794607624175077,0.10636439663669978,0.08722174958766044,0.1087140470168969,0.07504566792549999,-0.05477959296073014,0.044612481544261416,0.03755916721276012,0.10094622595024899,0.17481671955712333,0.041985522219877475,0.18611117950102884,0.04273894242913961,0.12412171637521865,0.062236716129387554,0.10049073532042627,0.06753723675869372,0.003075972506041009,0.10217500505692939,0.07775256410931354,0.03486279317716698,0.0887089158473201,-0.05281691542448109,0.05210970421488858,0.012692608951391604,-0.0016050686261534126,0.02006934492017421,0.16701262071235523,-0.13699442602057332,-0.09938253861727714,0.12253013643987365,-0.10172320770917728,0.01785679553978262,-0.033776466268221124,-0.17157996483622556,0.01772138776080618,0.10807859942821973,-0.12337368061563961
0.16275688973606336,0.13518197914965552,0.34923763568491883,0.14293464605632059,0.14172068127140316,0.5542914444004184,0.041111710848032716,0.20925063675476815,0.10793260680806499,0.06421805242116484,0.15288539297558565,0.1668206394086471,0.1142128837944342,0.15503027119342477,0.12951789448161494,0.09032225360621492,0.13001054834424522,0.0976548911611924,0.2168471154986009,0.24178791428024857,0.12251062416220468,0.18692648649208732,0.03892689092163345,0.14285852581699235,0.1355995994908688,0.11966046677244016,0.13026335707648484,0.12459118803632493,0.1093903268693834,0.024774433464392183,0.11269963798492841,0.2563465647512385,0.0023284947837628038,0.1623800152887905,0.091042742303102,0.0794849011149438,0.018595760583559575,0.20870960833860663,0.12423256293996769,0.10020842416231089,0.1268431301473322,0.10446244925593673,0.17896406309892085,0.14151128153480125,0.061111792045409154,0.00802315778061127,0.15921617631090582,-0.003704752367345608,0.20501059014828363,0.10316749311753322,-0.215940435159612,0.003671386273326693,-0.06297824361224091,0.07648446135829992,-0.03374359802109358,-0.043220330316249445,-0.004610374091175887,0.06520220804829781,0.019699345941102713,0.0829575416601469
0.4357376958786232,0.19474777228726334,0.228420615190765,0.17222416552168876,0.12048646581027235,0.041111710848032716,0.5890322456494146,0.08239813992100796,0.11821328134957146,0.1123270605897616,0.16407195419127688,0.21330627587498577,0.11969367636353169,0.01104342310595742,0.04260723792545528,0.10766639113256599,0.10596962393432653,0.17724936182687362,0.0019065566139666492,-0.03250490607177354,0.12478838409353553,0.2679930375074859,0.14205086759600047,0.07722983905928109,0.1445636347635396,0.07140144667408077,0.08902586220122717,0.06473384280394111,0.11203416973516993,0.09485288687613522,0.11452796165905903,0.0791359925187479,0.136887221781348,0.05558723754301784,0.00796923794513864,0.17078265032094286,0.04055306469055068,0.11958028167961672,0.10865696242586273,0.061429503599201886,0.04490827329443543,0.09629348393120943,0.07942781800269594,0.1397044031523545,0.007039115505928066,0.04576133978127701,0.03572779669399808,-0.023916265836813423,0.16900807879771945,-0.08142402452210476,-0.041770146629885666,-0.09688773915998296,0.049865180231569134,-0.029046718356687866,0.02172934544037896,0.05921582512734746,0.029844933458767178,0.03131799657117694,-0.1603436510110913,0.00949633784898627
0.24389548983620432,0.11793645608374798,0.4856326978560609,0.1254547523420985,-0.019090599883029954,0.20925063675476815,0.08239813992100796,0.6654740688047291,-0.02796618614606945,0.19291482587800454,0.19955902948493084,0.10398532072116075,0.17046230486171968,0.1891921185193644,0.0768564545459932,0.09854668147540806,0.15721609061264916,0.1434130963657644,0.11036933342266335,0.21421181232118156,0.09600400945695002,0.12699469791747672,0.04501030797585801,0.08483378047170348,0.1587789155198304,0.15071192156864738,0.10469695429769661,0.13169394629383216,0.13668465073457417,0.03927262615575197,0.09473186397573516,0.08554400390066456,-0.0323634758015661,0.11243666822581627,0.202423462772702,0.04721454349095941,0.06763152450641775,0.13490621348417947,0.25537968314165793,0.14195566877976154,0.09120020219535062,0.09342528449173562,0.1534816512575877,0.1423171824913151,0.1181663336281587,0.02525667916286555,0.19481179068875298,0.007311486535773726,0.20203077109047524,0.0403986810772703,-0.029937303983623337,0.02045791131360479,-0.05717184923205297,0.018703089054357306,-0.002256791880696907,-0.2465504210834791,0.1972057601643084,0.0967617400454939,0.02947923599829336,0.0533851786591563
0.082812626831291,0.10795468391762539,0.14165151493578118,0.07209938434164788,-0.040258112499016285,0.10793260680806499,0.11821328134957146,-0.02796618614606945,0.5852777380291622,0.005137576270902146,0.043251392874470954,0.052389685245350384,0.05312905018233315,0.035359421666606626,-0.004381988047715513,0.01417197206081883,0.07279745642948525,0.08864005879963067,-0.02298362595991806,-0.02394440439332324,0.07808967330627424,0.13370631934758467,0.06504774061006952,0.06466272633945969,-0.02995923147661613,0.14799666307959441,0.055705492474195734,0.052098317345261665,0.03638116306916884,0.07939999863758573,0.012787597081975964,0.05665388156385649,0.1641952635515817,-0.02977754567726095,-0.12420020324375121,0.07159631861370816,0.05741435465086508,0.0995437793851921,-0.04167942097958665,0.019997255769938434,-0.04110238410456559,0.04473502205457164,0.0850114807594701,0.04405826681213166,0.07805944255936177,0.07719195397852902,0.0751855296534967,-0.012262018456943202,-0.03691159416077594,-0.03596945499594969,0.0632594976346912,-0.00110582427548736,-0.00578735378438815,-0.002611064328429069,-0.02653320430726723,0.20343887584433057,0.07263497951213045,0.03155937962206539,-0.31108920011928765,0.11051068615746565
0.26943857297924706,0.18379757412441877,0.5227374849499231,0.08128936899035187,0.0012190917205081892,0.06421805242116484,0.1123270605897616,0.19291482587800454,0.005137576270902146,0.6736797872101421,0.09333862963576428,0.08892724671806,0.11920017314090767,0.12203557175306061,0.14133487666998643,0.1173026418666003,0.1677802274811247,0.19404924264232956,0.0320739402311558,0.034245227923440834,0.10570845490606594,0.18178932837134412,0.13971128851024464,0.08838104972357111,0.1410945320393312,0.03009719784480225,0.10915266182074389,0.0653562182343383,0.1475739252708203,0.12828921602989454,0.10838888843085294,0.10322724696450486,-0.003502242932981622,0.16507931993711863,0.2280713710813066,0.07993245144518629,0.11365438381847505,0.11328044282068075,0.23006161614432913,0.1360296441385256,0.15211711049663337,0.10725136637229296,0.12877974478793464,0.17519890662762805,0.08943985715026176,0.04431849717541218,0.1995735590997606,-0.0031949222968371436,0.2092770324801024,-0.009916078299158164,0.05353009058729406,-0.07950943797970192,-0.024611543866596315,0.04242572367498807,0.0014345292421912967,-0.06613294900698939,0.04582705253861882,-0.0358965117534458,0.028960907297861667,0.052557612829249103
0.2370069814787817,0.1326037584982408,0.36078578029526726,0.10972951396180336,0.0798694796896755,0.15288539297558565,0.16407195419127688,0.19955902948493084,0.043251392874470954,0.09333862963576428,0.34031830291950127,0.24742066915737765,0.1338814765785952,0.12234295240248529,0.18627594815706974,0.10951921978058422,0.1766080303423242,0.11982872060607909,0.06533958676045591,0.1541667372931201,0.13283214223295933,0.13863335024759768,0.08951337665171476,0.10322063483560945,0.14436702585130606,0.10071153040823033,0.12210030733999956,0.08605943106418737,0.13334533346602231,0.0135326825315675,0.1431638740121663,0.13519345069289218,0.043347519214452436,0.10854569028911541,0.18582560706513745,0.11277581251341974,0.049013624320141315,0.15376501287932393,0.14168410710179508,0.09521745041333934,0.10710571967536738,0.11822646113635514,0.13679874558428348,0.13210760891481854,0.09789256273484398,0.05305829425866212,0.09131266100495601,0.007803481793567489,0.05448266268927179,-0.03160091111345765,-0.009400575871372904,0.008958752481296977,0.05771916929307532,0.0034350628889914677,-0.012134469918659251,-0.05350222899944491,-0.0176953505276715,0.03929482373447866,-0.009466316388616558,0.03734550077588796
0.2719104855930723,0.12529870738980675,0.3517481247326816,0.13435920008622465,0.0921125680917062,0.1668206394086471,0.21330627587498577,0.10398532072116075,0.052389685245350384,0.08892724671806,0.24742066915737765,0.5640825995406946,0.11647256021939585,0.13825313061967495,0.10636046119239875,0.15672897478435016,0.17517029621876687,0.1719732237064495,0.08223960246569229,0.07015299426588316,0.11924241094142343,0.18657998626817554,0.13145575263085305,0.1036289277631635,0.19834457307466877,0.04500865210728524,0.14789262666695813,0.0991040719546119,0.16640779109547355,-0.12779293244528256,0.10694033376678966,0.20358194879614427,0.07133654310738553,0.10599989368735259,0.03337039471632891,0.18553536341011798,-0.05432232896846277,0.16259490200404098,0.05508721594280177,0.08838478923106291,0.09050849574923196,0.09841096956129596,0.10512866269847981,0.12575790572209158,0.04887683813811008,0.052715004073719304,0.03392419709434706,-0.005124543966301277,0.06727274481011511,-0.16179646143925422,0.0401031434511896,0.06508263711194184,-0.007048034821411671,0.02191784858736594,-0.019267229767529096,0.03970146884980762,-0.05735231010793334,0.047661734338624556,-0.14568478152219194,-0.00813195546836872
0.15687702172172804,0.06751890326526952,0.2464627048947535,0.10758526348608495,0.07773882947077626,0.1142128837944342,0.11969367636353169,0.17046230486171968,0.05312905018233315,0.11920017314090767,0.1338814765785952,0.11647256021939585,0.27939002232406296,0.08581896877066944,0.0052529320198448975,0.10940262554776924,0.11113642674937806,0.11085035202256335,0.07448576224895485,0.06516793014590452,0.10525081929962932,0.13806858980374653,0.09538273558832475,0.07867205798309969,0.09817643172206912,0.132872365181127,0.08948828134572716,0.06411620904916811,0.15211880424356763,0.01787567856804114,0.07033842635490763,0.043486930893216834,0.07436023111721281,0.07534683504245848,0.1453078960210689,0.07054283169663592,0.07847819062366745,0.10539437068044132,0.1517678185630874,0.07975833110480292,0.05845037425439332,0.09003294297650759,0.12472748870773591,0.1489101467607297,0.04824274227841388,0.031911577374077654,0.07994214456607954,0.0030083597239251416,0.05773327965343695,0.03394160024721419,-0.026744013729621267,-0.014784303817743587,0.013571626778427603,-0.016692260467075337,0.07043946544529812,-0.07334489643494416,-0.0962383007848613,-0.08111645509248057,0.1770736251182753,0.007305039650885026
0.3274155742124069,0.05127230702612981,0.2658251535588155,0.2079141139394563,0.13483278878247845,0.15503027119342477,0.01104342310595742,0.1891921185193644,0.035359421666606626,0.12203557175306061,0.12234295240248529,0.13825313061967495,0.08581896877066944,0.5510790661766166,0.2177404783208044,0.17359736213745816,0.14576244415966585,0.08210058043505687,0.09949221573429046,0.16973502156567002,0.0997333862894145,0.14955314940154216,0.1367230523368429,0.08640037306222172,0.1683067068872482,-0.0005889664368666705,0.10574226009891205,0.06927089104949744,0.027956474131010756,0.03559116313486659,0.1261512004404928,0.15301234889016513,-0.02724799758128204,0.10512857316310903,0.15138924625462089,0.06783607239243626,0.04825134485105316,0.17464513872550094,0.08879128481718371,0.12250937153080273,0.19037245068201084,0.1026984508414041,0.16908495030345147,0.1766098302493544,0.05095336892186538,0.02121846462384619,0.11778233915691369,0.004550650889213811,0.1413325028520749,0.048426559992709395,0.0004200214138078412,0.029989501512911593,-0.07852807994034537,0.03415865618157277,-0.044253177785195504,-0.03898789403655995,-0.06514386814664934,0.09102519548802523,0.04655163648780867,0.008602340505733328
0.2557261444822977,0.269945207399906,0.2974318200116595,0.08997485259321175,0.13117904324287796,0.12951789448161494,0.04260723792545528,0.0768564545459932,-0.004381988047715513,0.14133487666998643,0.18627594815706974,0.10636046119239875,0.0052529320198448975,0.2177404783208044,0.9275675669218929,-0.006831570258045854,0.0959948062186229,0.023945292532300082,0.08414488491369881,0.252120984518439,0.10950482425296945,0.047334623151592134,0.05904606235004626,0.14375477641056356,0.14761062798019026,-0.010929789797096657,0.10764524787334288,0.036494379279412625,0.06027667581228966,0.2141119508294042,0.16187921151646786,0.17534381454251086,0.045081615398642846,0.1594141535220672,0.16137915283358667,0.09898960508423077,0.16799923882840115,0.049798288260500645,0.1322093367721377,0.03797654825624693,0.19120138392467637,0.11078279800113425,0.08092280446711311,0.021450347193079537,0.02781204692361965,0.0899533308623388,0.12888738838305985,0.02417809768387035,0.09447233303613078,0.04056067380606375,-0.0013451844994306704,0.0718392877242003,0.0049096267666349745,-0.0692736986506566,-0.043858892031002274,-0.007437843477887141,-0.11142701809022813,0.09328131310864737,0.07500500558444732,0.05547776999981288
0.15008467224006358,-0.00012946561041913345,0.08216056923890226,0.1482681569821738,0.17208016663953485,0.09032225360621492,0.10766639113256599,0.09854668147540806,0.01417197206081883,0.1173026418666003,0.10951921978058422,0.15672897478435016,0.10940262554776924,0.17359736213745816,-0.006831570258045854,0.9015968726377664,0.19565482778245236,0.1650555430640079,0.0980175624962331,-0.01681939932115284,0.11741749829431826,0.24675838423319327,0.1573224660740865,0.14191401155290267,0.16673097784198346,0.1965118426349226,0.1922003797563382,0.19739913576147064,0.17597184406203017,-0.008356922535505098,0.0783515219585166,0.27549131937463656,-0.0073202112961004255,0.18045254379635525,0.22511976788903565,0.09803931008939958,-0.0006388612076088288,0.22267167070792473,0.13169101590204194,0.15461626704364437,0.12756935177543044,0.1479404792640047,0.27803736577273847,0.3654647377634257,0.13098327799215428,-0.018231046540099265,0.0928954496653825,-0.009156980030057622,0.04880232007822733,-0.1358567118181808,-0.007132500966201638,-0.09518063537477392,0.02908059752166878,0.05002742323657219,0.041351838525875595,-0.04269353596941148,-0.13263230571129447,0.004084178409873511,0.10252161114913429,-0.029297464303790266
0.13040245050027005,0.07809148454769577,0.2780616365353017,0.10543048525529054,0.021333915838111932,0.13001054834424522,0.10596962393432653,0.15721609061264916,0.07279745642948525,0.1677802274811247,0.1766080303423242,0.17517029621876687,0.11113642674937806,0.14576244415966585,0.0959948062186229,0.19565482778245236,0.7736776588169599,0.03129727757222065,0.02610326611678658,0.21786811055221939,0.16909949553029135,0.3099253463797815,0.11096137497435152,0.10799514345879223,0.2651315240497653,-0.054655529598363,0.16370149722825286,0.33706005063807104,0.19064634051738452,-0.018807600452550012,0.2162038936971444,0.1614459871571726,0.1640817631094467,0.11922689404917787,0.1328219816318079,0.1881884486033154,0.08430238978214646,0.3680911345423786,0.062303807797012514,0.11912232726373817,0.22404896433701268,0.1865722905455671,0.2724345343758826,0.3034922670780548,0.1286555731513503,0.03876406518426169,0.10047781499281323,0.005991557974395792,0.08294044838614546,0.1171402044669884,-0.06934968930630074,-0.026421352309483993,-0.0664678087300073,0.05419630004817243,-0.13789354608829404,-0.05248272163165864,-0.08181444238877499,0.12354852408783248,-0.03289638826107444,-0.008204112996898728
0.282943977164804,0.19126359878107813,0.3116729547574211,0.13263460180409373,0.06649954808571007,0.0976548911611924,0.17724936182687362,0.1434130963657644,0.08864005879963067,0.19404924264232956,0.11982872060607909,0.1719732237064495,0.11085035202256335,0.08210058043505687,0.023945292532300082,0.1650555430640079,0.03129727757222065,1.0054685146072162,0.0701451407535904,-0.2296658285919073,0.17746505567450868,0.1898737291106982,0.2617755357950123,0.10255433321036649,0.09546915173301242,0.42123326297164526,0.02180211447902231,0.006223914509245468,0.2259909401858101,-0.13453110760465486,-0.010853879874803267,0.03765424572670074,-0.030917468813638382,0.11613212498475978,0.15302782486124122,0.038036332834257905,0.09428536449805805,0.03672860155030072,0.14168319781251587,0.19188748425490446,0.011761592620479738,0.13016077946011723,0.32864531968583227,0.164141157405918,0.2261872250641823,0.0400569512033369,0.27068254370306427,-0.03044540003914186,0.04338484539798714,0.18778895427325587,0.2169373162362307,-0.21534980166123113,-0.34996248471900704,-0.05215348678312054,0.07949431171557475,0.013805483953708233,0.0020642759784233852,0.009831318961807436,-0.07058186158211235,-0.04082466483261192
0.10626607226602376,-0.0360771454803247,0.15417321043039278,0.08333519388543727,0.2719194093124074,0.2168471154986009,0.0019065566139666492,0.11036933342266335,-0.02298362595991806,0.0320739402311558,0.06533958676045591,0.08223960246569229,0.07448576224895485,0.09949221573429046,0.08414488491369881,0.0980175624962331,0.02610326611678658,0.0701451407535904,0.5211066611634569,0.13956399068643102,0.058204798086431975,0.10120669862726904,0.02576485898023194,0.06408852375697083,0.11106757094780516,0.03582040030164009,0.04531852079689365,0.07340595134850618,0.059820759151643435,0.009788786492309813,0.09027298040026348,0.09330484083246147,0.020846303986694282,0.09588004973066563,0.03793142094939388,0.0897646251965887,0.019106774162275502,0.11514331604979969,0.08434261137132895,0.02070432607134248,0.08380502352734778,0.05694066285755925,0.055228466754211746,0.05094149773633296,0.0014885661176474224,0.05031984948332696,0.003088567427467008,0.0011004376876409074,0.06657482587445301,0.07458646898543399,-0.007551823090235122,0.16313974906612966,-0.1056906313288584,-0.07333578265320155,0.001530802637034514,-0.050528493371277836,-0.0435678377307098,0.02942344971961781,0.0712389463142827,-0.01249358861028178
0.10033324621908551,0.0679765522241572,0.24870800443016516,0.07750858929735467,0.08824611803588785,0.24178791428024857,-0.03250490607177354,0.21421181232118156,-0.02394440439332324,0.034245227923440834,0.1541667372931201,0.07015299426588316,0.06516793014590452,0.16973502156567002,0.252120984518439,-0.01681939932115284,0.21786811055221939,-0.2296658285919073,0.13956399068643102,1.243729773065575,0.06300225816515151,-0.19056542619555517,-0.00774141270229054,0.08805264734686208,0.14300416288042986,0.3371455361229602,0.22839714006922707,0.09330186872377878,0.3065386248884128,0.07825779940702567,0.21967492264691765,0.23997719799556386,-0.08862444460292479,0.2497226759752497,0.2836796786273458,0.17424108157962168,0.01589337066684116,0.19428688730825458,0.20551926693827813,0.22194201235324812,0.19109564492192574,0.17169753005426316,0.14383794255802523,-0.09281190913656774,0.2053638444710663,0.04605489474569709,-0.04627152816481075,0.09447022256464854,-0.052764488768069454,0.014597093689221161,-0.17872084219247877,0.07344933028256775,0.16516049781766776,-0.04215215548395662,-0.025226845228143127,-0.11503439539759294,-0.015746580441573017,0.04182614372527853,0.1044941286015774,0.015456213759051698
0.20503274048006745,0.15544308656707517,0.2643726852886539,0.08571119144253804,0.06366245445492828,0.12251062416220468,0.12478838409353553,0.09600400945695002,0.07808967330627424,0.10570845490606594,0.13283214223295933,0.11924241094142343,0.10525081929962932,0.0997333862894145,0.10950482425296945,0.11741749829431826,0.16909949553029135,0.17746505567450868,0.058204798086431975,0.06300225816515151,0.43527338468802634,0.18983567669464724,0.13581567300442499,0.11511240302540031,0.13864967288108843,0.038179022286566326,0.09537789701871253,0.09700482201162863,0.09518358942686697,0.1059895765838278,0.19996505538984505,0.09680395993694665,0.14667063692690277,0.07119419691795846,0.22007943544572808,0.08209998723918667,0.23017887561891306,0.32417182340945583,0.13736061324186516,0.19563683980920368,0.23591709540399258,0.26860977934283053,0.39465469464961417,0.23742863489341753,0.33582489478979183,0.0007994105909736426,0.15525041579489937,0.041794195183511296,0.038148826323261845,0.04604164135348688,0.00223797097812682,-0.02102932013176302,-0.031973426848904245,0.014020664225498285,0.038175073952709936,-0.02384105693689134,-0.10393352056289644,-0.014306417784429759,0.11543388778303658,0.061868961732837985
0.3791488502755082,0.12043715745293947,0.3657335478640915,0.13464993378378612,0.12659275264048814,0.18692648649208732,0.2679930375074859,0.12699469791747672,0.13370631934758467,0.18178932837134412,0.13863335024759768,0.18657998626817554,0.13806858980374653,0.14955314940154216,0.047334623151592134,0.24675838423319327,0.3099253463797815,0.1898737291106982,0.10120669862726904,-0.19056542619555517,0.18983567669464724,1.663978879581078,0.22465254421148903,0.22693019585998173,0.14761959322367776,-0.1672471202549593,0.1679572537230251,0.34300488773058735,0.1484670525666122,0.23667098577404225,0.2848104832558449,0.3232436497959939,0.37940444020748026,0.13715205244561612,0.034843022021166084,0.31783864151692787,0.19312712354366457,0.6793889409447544,0.3479432666337489,0.13381553126831472,0.32795589547932297,0.20069930833100352,0.28272997795664584,0.6631332114513108,-0.17291800961466602,0.22180208432906268,0.24717618651878961,-0.2694950315606858,1.2921483745645956,-0.06216298313651473,-0.12166833110446464,-0.15402859954791032,0.007890133515936579,-0.0012183285271490003,-0.054430594200815086,0.024177705768351775,0.0144787243279127,0.02550486117117233,-0.08084234079595791,0.013210358912851472
0.29734919603435395,-0.2424148035027688,0.24768235005894967,0.11241878692848246,0.11794607624175077,0.03892689092163345,0.14205086759600047,0.04501030797585801,0.06504774061006952,0.13971128851024464,0.08951337665171476,0.13145575263085305,0.09538273558832475,0.1367230523368429,0.05904606235004626,0.1573224660740865,0.11096137497435152,0.2617755357950123,0.02576485898023194,-0.00774141270229054,0.13581567300442499,0.22465254421148903,1.425422746908371,0.07563559112122782,0.17583343640448457,0.04183348358465121,0.004818732610151995,-0.6532390184618929,0.22763024069615073,-0.008318852792999317,0.12064992231487875,-0.11110767476517051,0.0803718564920414,0.17367441253402652,0.08203804929076589,0.3347239326421887,-0.10479707578706032,0.13988600971985557,0.08193535072651484,0.15311702932359963,0.10866162630593566,0.12466832069942577,0.1066315326542205,0.4290484650998546,-0.18604686871100817,0.14260683940609625,0.0528236486303928,0.0003889525757156135,-0.0885125941883152,0.15572522307345815,0.05513554381397742,-0.09688674496581405,-0.07156943960666289,-0.037268932139399004,0.032527984536048264,-0.036134382353556004,-0.18816323298279147,-0.021012350561126738,0.07425603793398632,-0.0681783436608085
-0.015528512919216734,0.04383287472974635,0.16537328321465417,0.14394865884830438,0.10636439663669978,0.14285852581699235,0.07722983905928109,0.08483378047170348,0.06466272633945969,0.08838104972357111,0.10322063483560945,0.1036289277631635,0.07867205798309969,0.08640037306222172,0.14375477641056356,0.14191401155290267,0.10799514345879223,0.10255433321036649,0.06408852375697083,0.08805264734686208,0.11511240302540031,0.22693019585998173,0.07563559112122782,0.6638484042708637,0.08351736493729842,0.02260806160875105,0.16675906019125222,0.08186988606134461,0.0702747802897473,0.2997461415604975,0.05581214634239923,0.5414655835569362,0.2838378069256816,0.18972084853317092,0.02578920833568892,0.0936855950591904,0.11446654416509436,0.18232614089941207,0.010495412252108835,0.03995002496231816,0.13476153203696103,0.113189148872245,0.176705300692127,0.1397434766866044,-0.012640578750255241,0.03927507873708674,0.19021861684562807,0.0070263204793161865,0.1422097106791589,-0.01891596296206467,-0.08296956910129348,-0.08129778670446583,0.10347394957481382,0.010231351924635411,-0.020122841229665428,-0.046822787855947214,-0.07021311643117213,-0.08419215067401346,0.19082743799542126,0.036637044653570976
0.3352082674403473,0.11595661881818627,0.3192875912813888,0.08958675769094074,0.08722174958766044,0.1355995994908688,0.1445636347635396,0.1587789155198304,-0.02995923147661613,0.1410945320393312,0.14436702585130606,0.19834457307466877,0.09817643172206912,0.1683067068872482,0.14761062798019026,0.16673097784198346,0.2651315240497653,0.09546915173301242,0.11106757094780516,0.14300416288042986,0.13864967288108843,0.14761959322367776,0.17583343640448457,0.08351736493729842,1.094265948354305,0.018389330538573827,0.12260937739617395,0.1772691553148337,0.43296280443075413,-0.10078514867546107,0.2941506358548019,0.20654410642461882,0.014353572815431528,0.21359485301997985,0.20239525392607455,0.22182308316140914,-0.01095309045823062,0.20164095458660616,0.2565219108683285,0.11098559929648884,0.10552644957499292,0.12617215250791197,0.15616172122459335,0.2049252298583522,0.1379961220557408,0.04521940921061549,0.0430401570939964,0.015940029009441806,0.0567789464204552,-0.430803269427221,0.08464745125998618,0.20316184777984797,0.14318016938309594,-0.010717161150885338,0.007039113282157552,-0.05435061093583682,-0.038390807284758015,0.019777440048967122,0.02889242408577465,0.0048630643544331905
0.028725011549632064,-0.13680378825431555,0.06609679837472952,0.13734225517424153,0.1087140470168969,0.11966046677244016,0.07140144667408077,0.15071192156864738,0.14799666307959441,0.03009719784480225,0.10071153040823033,0.04500865210728524,0.132872365181127,-0.0005889664368666705,-0.010929789797096657,0.1965118426349226,-0.054655529598363,0.42123326297164526,0.03582040030164009,0.3371455361229602,0.038179022286566326,-0.1672471202549593,0.04183348358465121,0.02260806160875105,0.018389330538573827,2.7895074343674553,0.10288315392257313,-0.1109697888999261,0.2920653864182941,-0.22294789993772904,-0.16422069861063965,0.11139979007146236,-0.26281738900180046,0.18863900263302844,0.350530042395967,0.07664160280236208,-0.046143656172332355,-0.08992617027238171,0.1414417351771819,0.09293689737511561,-0.4188685592428965,0.1400320056492537,0.219471958242799,-0.14691592881603593,0.7513015311659131,0.04111562372848128,0.030975208627773785,-0.014746999457477306,-0.5643682409346499,0.2451898432367931,0.017500189290287134,-0.2377999637426779,-0.1105897168760269,-0.14210041496870868,0.13211472382034625,-0.05630558894274139,0.10212720996948424,-0.10037987276099017,-0.0663056259313625,-0.021402764830103303
0.1125562873410803,0.15301486804969094,0.15871898024921546,0.09627693707516576,0.07504566792549999,0.13026335707648484,0.08902586220122717,0.10469695429769661,0.055705492474195734,0.10915266182074389,0.12210030733999956,0.14789262666695813,0.08948828134572716,0.10574226009891205,0.10764524787334288,0.1922003797563382,0.16370149722825286,0.02180211447902231,0.04531852079689365,0.22839714006922707,0.09537789701871253,0.1679572537230251,0.004818732610151995,0.16675906019125222,0.12260937739617395,0.10288315392257313,0.6716598722204716,0.1687808161743127,0.039684634015240576,-0.06275215164845918,0.18284263346793198,0.5222896079004103,-0.0018025421958892897,0.1979976053026112,0.13898730910561974,0.1615736151338383,-0.029876392702263152,0.25561934189848173,0.03637664975024057,0.12910184296621208,0.1776701818858353,0.1326539123537234,0.31247421833351896,0.12908956486898593,0.12209389697689113,0.06164099603920047,0.03086659545299266,0.0049642327417639106,0.010023903932704994,-0.05967430741077113,-0.08752242503535376,0.011560259591640632,0.12156834659289853,0.01644477235949326,-0.021931264192094412,0.01541437799278784,0.014726219218152209,0.026176222710904005,-0.04504584947354909,0.04111013529831594
0.08117914568758614,0.2867522518339246,0.1689883204719988,0.020720360734368032,-0.05477959296073014,0.12459118803632493,0.06473384280394111,0.13169394629383216,0.052098317345261665,0.0653562182343383,0.08605943106418737,0.0991040719546119,0.06411620904916811,0.06927089104949744,0.036494379279412625,0.19739913576147064,0.33706005063807104,0.006223914509245468,0.07340595134850618,0.09330186872377878,0.09700482201162863,0.34300488773058735,-0.6532390184618929,0.08186988606134461,0.1772691553148337,-0.1109697888999261,0.1687808161743127,2.1978344342557783,-0.09851817705046154,0.03573753340893313,0.325209810039208,0.30230030881120534,0.12667571427347982,-0.05474946199889548,-0.1177821905012456,0.31919629107797637,0.000675305559224612,0.42584910752936406,0.1304611297652491,0.1167249418579285,0.2549714125045494,0.07749466538449604,0.3815663340538078,0.793202572387514,0.21307085127232778,-0.2778725405559516,-0.02139317208451727,0.021933307445317084,0.09320239931644066,-0.35735291571991284,-0.027318938335896478,0.399870423578545,-0.38555236480177496,0.1596697205718518,0.12720869517126623,-0.0056560414350766966,0.10072608696797915,-0.07243377585959455,0.197599684817893,0.08503245721527508
0.16085075613610858,0.0919451694391403,0.3954583015026218,0.08122783792517334,0.044612481544261416,0.1093903268693834,0.11203416973516993,0.13668465073457417,0.03638116306916884,0.1475739252708203,0.13334533346602231,0.16640779109547355,0.15211880424356763,0.027956474131010756,0.06027667581228966,0.17597184406203017,0.19064634051738452,0.2259909401858101,0.059820759151643435,0.3065386248884128,0.09518358942686697,0.1484670525666122,0.22763024069615073,0.0702747802897473,0.43296280443075413,0.2920653864182941,0.039684634015240576,-0.09851817705046154,3.0539347170465097,-0.4273449352660148,-0.5644115837596051,-0.2940121101045629,0.18258086484362507,0.4890895329940374,0.37659456548064785,0.22427310413381266,0.07644603574228276,-0.192697547755553,0.22724368358488717,-0.06956045750368617,-0.3848572615704748,0.13890596373048447,0.2945526769320706,-0.21595676871360248,0.25987578207080325,0.29973259181296275,0.06860456573543666,-0.042954975987884614,0.02767751155209546,-0.12350797878618539,0.14374229440273784,-0.003773933582924297,-0.030961231581069896,-0.15390754402246365,0.12908876831325086,0.01941579257608715,-0.15528424796277202,-0.15579621293734158,0.1019753905235271,-0.09938862706400753
0.1464085035735659,0.07339643648687284,0.11015459465209933,-0.004982873542616783,0.03755916721276012,0.024774433464392183,0.09485288687613522,0.03927262615575197,0.07939999863758573,0.12828921602989454,0.0135326825315675,-0.12779293244528256,0.01787567856804114,0.03559116313486659,0.2141119508294042,-0.008356922535505098,-0.018807600452550012,-0.13453110760465486,0.009788786492309813,0.07825779940702567,0.1059895765838278,0.23667098577404225,-0.008318852792999317,0.2997461415604975,-0.10078514867546107,-0.22294789993772904,-0.06275215164845918,0.03573753340893313,-0.4273449352660148,3.6722736119565127,0.012102612685626927,-0.4952005348550813,0.3423001278432726,-0.08913441805223014,0.8617592405660617,-0.0001142297452252132,1.0197278712166489,-0.07177878108245259,0.4967583395719128,0.2967796382481486,0.2647194054182172,0.18027002509568701,0.541997930675342,0.17126542156898947,0.37938996241829376,-0.12061802923303395,1.2555043555987593,0.04403951999175871,0.8865357258623289,-0.23957611655904326,-0.19577642536320172,-0.6229803135218778,0.42162087358018974,0.1448926929999247,0.06715522541145055,-0.003395447174585913,-0.028953774273530544,0.12396833664189252,0.06300270448755296,0.1944805635213896
0.24766121691059628,0.09150339218976236,0.19779952263659734,0.07884252983026666,0.10094622595024899,0.11269963798492841,0.11452796165905903,0.09473186397573516,0.012787597081975964,0.10838888843085294,0.1431638740121663,0.10694033376678966,0.07033842635490763,0.1261512004404928,0.16187921151646786,0.0783515219585166,0.2162038936971444,-0.010853879874803267,0.09027298040026348,0.21967492264691765,0.19996505538984505,0.2848104832558449,0.12064992231487875,0.05581214634239923,0.2941506358548019,-0.16422069861063965,0.18284263346793198,0.325209810039208,-0.5644115837596051,0.012102612685626927,1.554693027135207,0.3314570616452596,0.12293661423956552,0.037322505832631275,0.232389773397128,0.5163549158962882,0.1162132238459084,0.299113161081135,0.2786573998180383,0.09118645289319585,0.4938204330627948,0.18683309859243527,-0.12579565372123186,0.28739427309490984,-0.01904509338203546,0.0034817425465561774,-0.017760860501994276,0.030070819180268084,0.21042751948033647,0.06577141842148548,-0.14664291838782054,0.15102199164236918,0.048248380444038376,-0.060727318934433235,0.06152932820556244,-0.060848306165173935,-0.007528290117538556,0.008672417077472443,0.0017427112598009627,-0.016152591682950825
-0.049621470088500264,0.14809981250815094,0.10546868429028952,0.1919017737513897,0.17481671955712333,0.2563465647512385,0.0791359925187479,0.08554400390066456,0.05665388156385649,0.10322724696450486,0.13519345069289218,0.20358194879614427,0.043486930893216834,0.15301234889016513,0.17534381454251086,0.27549131937463656,0.1614459871571726,0.03765424572670074,0.09330484083246147,0.23997719799556386,0.09680395993694665,0.3232436497959939,-0.11110767476517051,0.5414655835569362,0.20654410642461882,0.11139979007146236,0.5222896079004103,0.30230030881120534,-0.2940121101045629,-0.4952005348550813,0.3314570616452596,2.731537649633279,-0.40929924302684906,0.6948854922375842,-0.2642371819176305,0.21568662393388702,-0.570516895299452,0.4307277596588677,-0.14422752924599908,0.06526276268816805,0.3565778678112397,0.09869983298820577,-0.01704883896046088,0.24166086177377524,-0.12541490008253964,-0.0011768645693896133,-0.08983661790665054,-0.06363366524826045,0.14248358395535385,-0.14481994687153618,-0.07571962087498053,-0.08490860839332694,0.22930668404132576,0.1477844267020798,-0.24662825025384003,0.08214536864922597,0.02195959936493972,0.04130243534586213,-0.12568448096325516,0.09965626821258128
0.08183087618158695,0.027229634696108333,0.09466200953785893,0.07046234546186099,0.041985522219877475,0.0023284947837628038,0.136887221781348,-0.0323634758015661,0.1641952635515817,-0.003502242932981622,0.043347519214452436,0.07133654310738553,0.07436023111721281,-0.02724799758128204,0.045081615398642846,-0.0073202112961004255,0.1640817631094467,-0.030917468813638382,0.020846303986694282,-0.08862444460292479,0.14667063692690277,0.37940444020748026,0.0803718564920414,0.2838378069256816,0.014353572815431528,-0.26281738900180046,-0.0018025421958892897,0.12667571427347982,0.18258086484362507,0.3423001278432726,0.12293661423956552,-0.40929924302684906,1.7800149470985394,-0.40075389604537015,-0.787106726698743,0.09504723108498289,0.6569839318932172,0.33994426509518905,-0.2732276636072864,-0.17892574580464268,-0.014724833220364015,0.08531473683836376,0.29307565105491246,0.05439783108639799,-0.1886402231343437,0.15476501856212324,0.11980897339538307,0.09542016137314076,-0.035221760478917966,0.24529361903550528,-0.09324045726284162,0.152443082832815,-0.07275600848893456,-0.2798098247996984,0.11192356045297265,0.14194963115715523,-0.24313189623940284,-0.1203923220672323,0.14037656203643775,-0.1391083306998976
