1.5474118251110363,0.36890346530911716,0.8616638929936435,-0.04273151695564859,0.1850461151245029,0.1755370787515319,0.4462474295057467,0.2785855601362534,0.10098406835632728,0.2735544217276877,0.25124573736503175,0.2796688988245658,0.13711466409659046,0.3352165622268326,0.2829110000721046,0.15148667305578883,0.13661016349204946,0.2868911701978209,0.10754319294896691,0.105665283553807,0.19559220655717083,0.38924977239446856,0.27987700217156364,-0.025099456866590784,0.33476161906274304,0.03776332839778001,0.11957272518875428,0.0794436201718274,0.15443244023709474,0.1346160689125693,0.2522059774376733,-0.03331377787997775,0.06562481881027857,-0.08622847292396696,0.1908848667947078,0.22099003107575346,0.07682450455132847,0.23423710678790383,0.2726449150231181,0.22482395467742228,0.2065833397259274,0.15902294107379708,0.21835174916282438,0.26704426819712707,0.1348557907684311,0.09831535405099555,0.143676301873357,-0.028237123655127427,0.3487005324967541,-0.1432494398700894,0.027030222196288815,-0.08584368629328748,0.0631644600724854,0.05912607722648743,-0.028553040808295852,-0.019655948995212297,0.19689816141581257,0.17146776108860604,-0.32505339498904057,0.02409615277425511
0.36890346530911716,2.0530974958007566,0.41714286955840935,-0.09335833314415502,-0.0651651873422417,0.13591093387089095,0.18427976981868718,0.15454345733098473,0.09608755813243981,0.17028377643287668,0.13769022685917626,0.12007795527306188,0.06393642502674235,0.057203785748629124,0.27016296648892224,0.0050499363419546014,0.08302743074356994,0.19934059010574381,-0.021114056253926587,0.0663994225517232,0.15610840471116016,0.10633854499178745,-0.2506323740080104,0.022626416818202703,0.11793999254820255,-0.14080082854279385,0.15338200382298822,0.2953503155386608,0.09776135720510816,0.009139466547854191,0.0960677239269539,0.13713769130470496,0.029301873761673543,0.02395056313756822,0.06525868684631567,0.029587420300685438,0.11344006282977837,0.0884728138112544,0.09644818993872567,0.08649592295105175,0.11460817076934662,0.0907173212837086,0.11101467490651959,0.010380984336249113,0.11796565364842432,0.02704257676404818,0.1030038369222407,0.005299423790120008,0.17921912521102792,-0.1579491286748494,0.18671797470602627,0.09281080228602859,-0.09607335571170923,0.011429768760246758,-0.17161717787090186,-0.0077615844544353055,0.04359945650746719,0.11917930385335003,0.03257753148702898,0.13114247903189352
0.8616638929936435,0.41714286955840935,2.606460318528356,-0.04932424678856817,-0.23965861051703205,0.36218991749336066,0.2358264913321063,0.5203365884688399,0.16084307810248458,0.5267612746133019,0.36688962793576047,0.346857049865587,0.22615287328913275,0.2505592878574372,0.2757978349952477,0.06910556148965584,0.2635817772965471,0.321732525109341,0.15337403673860558,0.23732503282582634,0.2443643160179342,0.3752237460342156,0.20987340768255155,0.14100129496379382,0.30611413808582394,0.08291611450223667,0.16080415700427544,0.17963761135539963,0.39060503404940194,0.12091823660830331,0.19255650665072802,0.09417890798920264,0.07484545219847265,0.12014060307315327,0.3878597848570409,0.17040482068148538,0.14791907786426475,0.323098044127986,0.3713951004079635,0.2534588083098024,0.21809290329601524,0.20852075367517106,0.327373168206233,0.2934344312964115,0.24928574879822885,0.11171477621082714,0.28989785934831175,-0.009232779775682631,0.3117565086508549,-0.14330403300863787,0.07301307877165376,0.04005506082816724,-0.01801562289394403,0.06505638173855106,0.03203299068640245,-0.08418013185604982,0.05543906359384029,0.006009904152723865,-0.074009736976738,0.09434407610471562
-0.04273151695564859,-0.09335833314415502,-0.04932424678856817,0.853377190667385,0.3068654618636323,0.15005000178630984,0.1511540007787993,0.12212590110307112,0.03472552578382678,0.06934653361926064,0.11016322398481361,0.13815774122105426,0.12308902565523928,0.22489279334497495,0.11026358145022844,0.17032666479663539,0.12654229451597404,0.12632305178190306,0.09151186154525101,0.07990249624936017,0.09434948231098537,0.12652454642331354,0.11465026825974897,0.14719909126459782,0.09809477706764216,0.1245308667001781,0.09878791666289005,0.02304247053490621,0.07276867495580788,-0.0003124562662924322,0.08074589053670397,0.1886838030020669,0.06482373515696409,0.17324068758172947,0.07217220242572162,0.08708091201264637,0.09138131088693405,0.13031849440848525,0.08380924941327493,0.022199174772940918,0.08914928333818516,0.09152076105644248,0.1074147071888002,0.1123181799001925,0.0002024118780553739,0.05330602028238892,0.07412527810208003,0.004952226201051086,-0.024402796967966805,0.1989015615632101,-0.0825981004593553,0.06305855321935765,-0.07348345042528935,-0.13152207472040403,-0.020338867080418283,-0.028260288026202573,-0.2915596298331993,0.17053131175179267,0.07348630952043647,-0.059774846016421856
0.1850461151245029,-0.0651651873422417,-0.23965861051703205,0.3068654618636323,1.0399659898488836,0.1493066802475638,0.10768258692973368,-0.029981008576439584,-0.06623336108102303,-0.013198993625147011,0.06916074662765802,0.09536207148884575,0.08077564401172149,0.1413773820804697,0.15071687714332221,0.18348336791655892,0.01052582871688512,0.05947410925387402,0.27270111836051913,0.09434168722646072,0.0577146782822421,0.1341021316544619,0.09140378746087467,0.10673423475005216,0.08837394667330675,0.1057442943224823,0.08511710615318079,-0.05581284433892428,0.03545064727824641,0.06877668393528738,0.10193937961531892,0.19094174393584282,0.03413423657843837,0.19422678377959332,0.051175642125016754,0.1152102108944042,0.06174724167808213,0.10229359837651417,0.07653127844680929,0.003753032432125461,0.10433189821000703,0.07513374002012675,0.036969098972585566,0.09026238157085645,-0.053812497686074594,0.055729440974535166,0.028735469379501943,-0.00273878159566874,0.0541380374528697,0.12361650485548531,-0.1587244856693193,-0.1709280147684258,0.2092396046348251,-0.10135899743438477,0.014047923430965444,0.0057214577423485916,-0.10417953096774327,0.015912630836213457,0.026579516923339666,-0.11840621900553497
0.1755370787515319,0.13591093387089095,0.36218991749336066,0.15005000178630984,0.1493066802475638,0.5711670063730343,0.027674821737199262,0.2158864459642801,0.08985681754771342,0.058439566383205674,0.15586628869610228,0.17974682910887987,0.11656638839510966,0.1647855625660829,0.15280999021478223,0.10177705925355995,0.13621784744588855,0.10635042877087944,0.22568394540690645,0.24709816088043413,0.12350022586362962,0.18357753044220737,0.028568780583726253,0.1309077942808098,0.13034865102645118,0.12544623923558076,0.1317263182815512,0.1224987953152789,0.11410639553417103,0.0022844407334633807,0.10989605515847993,0.25221758203414313,0.0009002594321410673,0.1599222407612954,0.09354335280360339,0.07953563140607081,0.030806475613283448,0.1889301762292181,0.1258449881028704,0.0864221310760543,0.1250573659911235,0.10594748042203968,0.16973654962771842,0.13439574081101435,0.04964004277625256,0.028891709554511816,0.15776862556932827,-0.0018632818137635405,0.20601862647818442,0.12817981705791945,-0.20450993837367556,-0.03158058228403904,-0.08256926848979133,0.054017187104132655,-0.05379941362412355,-0.0349907895516213,-0.010908628385638386,0.07624049903101146,0.00680003254654071,0.0861237925208957
0.4462474295057467,0.18427976981868718,0.2358264913321063,0.1511540007787993,0.10768258692973368,0.027674821737199262,0.5855742466861983,0.08004571711471978,0.11113505710608433,0.10495585144316714,0.16951273971992484,0.21315799649871872,0.11583345572449168,0.014021752664201966,0.06831853338588027,0.12399734035144548,0.1207860445698499,0.17995290637194097,-0.0010978612995737522,-0.03631251100204876,0.12689815793138423,0.25901926353813776,0.1481291344948312,0.06790462939995247,0.14259252031527492,0.06885711059535266,0.09091692258818304,0.054892436442653035,0.10889175011154113,0.062284466722327764,0.11962304619696579,0.081200530942796,0.13597562253168954,0.04245692466910768,0.010113138241136499,0.17315492222744686,0.04664589591849463,0.13232812272025282,0.104829593086159,0.061319981361525756,0.05729891183754698,0.0992021182042181,0.08828170678827665,0.14104359621176135,0.020281748262247063,0.059469331951753336,0.015324320301593069,-0.017586090721458655,0.14698016655917537,-0.011714888368793813,-0.024207001743092812,-0.05737031786759946,0.05466851297675939,-0.036703928570791626,-0.03398553881936729,0.04891638225779096,0.02893372015268634,0.08744115155091094,-0.18866541753072122,-0.0012683429485674754
0.2785855601362534,0.15454345733098473,0.5203365884688399,0.12212590110307112,-0.029981008576439584,0.2158864459642801,0.08004571711471978,0.6689073477311154,-0.01987572050661256,0.19728050235803174,0.21659464264143338,0.13603245198228692,0.1626427834376315,0.19691725244733743,0.09790461480470104,0.10599788119143025,0.17165489759019492,0.1531157064760729,0.11051641765772126,0.2039007575937112,0.10266188777000358,0.12718538408278138,0.04683775049188399,0.07204486796171483,0.16652759313026874,0.13573515983562434,0.11170289674643284,0.13905455885487833,0.13030354100579053,0.010679511761163695,0.09355920562015617,0.08666601649148283,-0.0475965444943023,0.10004530740892031,0.21333844350866832,0.0510565009190326,0.05052031593667671,0.14339567682743123,0.2458323187952575,0.13533051931552617,0.0914082297852264,0.09501516553376323,0.16607032705891536,0.13953692226936584,0.13136428468706582,0.037539989132212515,0.1854997647514233,0.007291039611989574,0.19493762816499163,0.0004553139077890199,-0.013841412171829165,0.08299450347500657,-0.09003019177225735,0.021886066383138603,-0.10747281401035871,-0.252497864056393,0.18490113875274308,0.1886624312414756,-0.016914039987115867,0.06893597745553241
0.10098406835632728,0.09608755813243981,0.16084307810248458,0.03472552578382678,-0.06623336108102303,0.08985681754771342,0.11113505710608433,-0.01987572050661256,0.6001192796759484,0.005526076061278099,0.046296893694128774,0.050929492297632946,0.038385928438823554,0.04032085623518838,0.005103205391507664,0.03338465184414216,0.09060045614907312,0.09561813649259322,-0.02638563443093578,-0.023004322506348786,0.08081058805065891,0.13253913404018322,0.07661258940957119,0.05504507761851834,-0.02410971805288414,0.14800594585211718,0.05743331005571379,0.06213585449032939,0.04179539131167969,0.04473204491848967,0.021397249414860584,0.05687146478161956,0.1613124304733127,-0.03807089235986184,-0.12324354668754325,0.07659290665667742,0.059188456876593507,0.11485553185836817,-0.04295420265046647,0.030837505881538014,-0.026986584828927223,0.049511591964888704,0.10634789799514631,0.05286922350840491,0.0982120072455587,0.07810247861633034,0.056532115540667525,-0.009178855175230788,-0.06184234280367191,-0.030092262946640365,0.08522246047531147,0.05470503767173599,-0.013319028822350957,-0.005015920044407772,-0.027810201303694382,0.189686848544061,0.05390804909299043,0.0526283102189902,-0.30473421973896486,0.0991320745532063
0.2735544217276877,0.17028377643287668,0.5267612746133019,0.06934653361926064,-0.013198993625147011,0.058439566383205674,0.10495585144316714,0.19728050235803174,0.005526076061278099,0.6991362065970446,0.10990921781373579,0.09791032782262689,0.11116157729946477,0.1343417563689645,0.14042711616145281,0.1277425413952331,0.18059043678212364,0.19485818004195213,0.02666112943861551,0.03422705551673522,0.10619025970407892,0.1806032782167555,0.13946680590577032,0.08364545101910377,0.14573734338545724,0.03160355759137336,0.11522246373343266,0.07037826149649917,0.14689602580265404,0.13400077062361745,0.11321351324447279,0.09404922606471801,-0.00904733917755583,0.16179537060281474,0.24644664457701668,0.07973568256368341,0.11626390605084656,0.10975186040157635,0.22890731017821425,0.1416610005936947,0.15768274620411168,0.11255702350421722,0.1511461063536375,0.1866150036859404,0.09750184762776956,0.05135453470162594,0.20550480665652426,-0.001986942358046615,0.19972582775281605,-0.06514938926354022,0.06701455778000143,-0.11114793258706399,0.018677900995978283,0.0424364413880126,0.009107733507277598,-0.05284281500938432,0.04421951475653322,-0.028411691662201526,0.0032215021894037936,0.05402495580133582
0.25124573736503175,0.13769022685917626,0.36688962793576047,0.11016322398481361,0.06916074662765802,0.15586628869610228,0.16951273971992484,0.21659464264143338,0.046296893694128774,0.10990921781373579,0.35209482178376356,0.25376255537054676,0.12892192939441252,0.12621383540329953,0.1885946903672943,0.11179408196490434,0.18515629250736806,0.1278839906655485,0.06407963552337906,0.15182141882092218,0.1328379270496485,0.1408218406644799,0.08747913613684484,0.09602310686189493,0.14458046020481607,0.10136474670307269,0.12408496805405672,0.0908980132016351,0.13466218989014372,0.005005371672434974,0.14493704292765622,0.1303650844300105,0.034150543734175164,0.1097116796420869,0.1957331720734763,0.11401791562647966,0.04884135716023045,0.15104246464472265,0.14910370570300063,0.09319223673824535,0.10538795013824462,0.11829672053002428,0.13537683231039316,0.12709441105554728,0.10288360032233239,0.05847732000073909,0.09585610725406149,0.007288292226905236,0.06923695779393745,-0.034126306178484264,-0.004404100128971146,0.02102892271852906,0.03700424523908923,-0.002201180070946008,-0.04888014847726969,-0.037428930412838755,0.0014567664912212344,0.07284134414003891,-0.061255085719383186,0.046041241324943125
0.2796688988245658,0.12007795527306188,0.346857049865587,0.13815774122105426,0.09536207148884575,0.17974682910887987,0.21315799649871872,0.13603245198228692,0.050929492297632946,0.09791032782262689,0.25376255537054676,0.5497476484179463,0.11289452478909637,0.14664620946325974,0.11510536808514554,0.15819041921834093,0.1849897611904209,0.17476455377618408,0.08623007450774825,0.08250596864626485,0.11554868829449277,0.18691731945864948,0.1226184986109371,0.09723146117675609,0.18559399308576527,0.05889149608442946,0.1514141712610846,0.09256362092857603,0.1619718238955657,-0.11562017054784453,0.11068270806387605,0.19923692668025153,0.0662481521351599,0.10978404630901563,0.04408222735470691,0.1899313093779481,-0.044207221266476616,0.14975604263720105,0.06984831193644328,0.0839327921830565,0.09389182939061914,0.09970455353154617,0.09917372158226714,0.11655427110959063,0.035399564743224615,0.05782520326825936,0.04877376871730458,-0.004041244051264549,0.1025689269879292,-0.07555925208515339,0.0017079375248196626,0.005510256844056565,0.0029374532080552952,0.01264921952042572,-0.062347489749544203,0.05616984289151266,-0.03775595057178251,0.09706956296850931,-0.189869628704688,0.003538021395981883
0.13711466409659046,0.06393642502674235,0.22615287328913275,0.12308902565523928,0.08077564401172149,0.11656638839510966,0.11583345572449168,0.1626427834376315,0.038385928438823554,0.11116157729946477,0.12892192939441252,0.11289452478909637,0.2940767063210381,0.08427999835228285,0.0035876813901649087,0.11265781353786594,0.11143790523629839,0.10514870823008832,0.07736951770381736,0.060019655271682786,0.10309174683427227,0.13547622023470995,0.08774106608639108,0.0826957175447882,0.09449249022379021,0.13516264398539507,0.08737757053912847,0.06701114636840241,0.1455355561205557,0.02496026470639745,0.06626654379361135,0.0377353414468351,0.07253837325667112,0.0748260833311409,0.15663488684384275,0.06296817705042447,0.08555826546617375,0.10219940247311395,0.15845080830213257,0.07267200687185596,0.052134692137890806,0.08921294900430453,0.1266624499821156,0.1500282270570972,0.04875224222002438,0.03664860217030176,0.08160961351513377,0.004526617412342266,0.057578521478780134,0.01930150876073796,-0.027110285047014557,-0.009193045294798028,0.011657734797144012,-0.02620613076798177,0.0641862843832681,-0.07240504371201678,-0.08319252604811242,-0.0942466571876341,0.17707558819384084,0.009650033387227842
0.3352165622268326,0.057203785748629124,0.2505592878574372,0.22489279334497495,0.1413773820804697,0.1647855625660829,0.014021752664201966,0.19691725244733743,0.04032085623518838,0.1343417563689645,0.12621383540329953,0.14664620946325974,0.08427999835228285,0.5632116825371094,0.22638487861940443,0.1749507467505092,0.1562044826797295,0.0813962140626391,0.09991249931762955,0.17417368423440988,0.09899966251598823,0.1530332503726568,0.1335436320268928,0.08515649637264396,0.17431552718406948,-0.00024021278738152826,0.10902552919267514,0.0746494196510521,0.02710932689404505,0.044646586083636426,0.1260642741974729,0.14997707522935458,-0.03211463292648796,0.1120444717369734,0.15742639071393183,0.07203514070465386,0.04651325184538002,0.16085154781553568,0.09037856210098008,0.11740208431727199,0.19151442951151101,0.1042066959859714,0.1635377589088627,0.17594020954859127,0.0385401362724572,0.024381210969575042,0.12892752533536672,0.003221672311185427,0.15749722904174934,0.014723886984178359,-0.009235384585359347,0.001973848346191445,-0.06361177144687609,0.035321614134238795,-0.07695888090536895,-0.028237256687275697,-0.08843313254443626,0.15482423832569242,0.014103275672769002,0.014591129735446694
0.2829110000721046,0.27016296648892224,0.2757978349952477,0.11026358145022844,0.15071687714332221,0.15280999021478223,0.06831853338588027,0.09790461480470104,0.005103205391507664,0.14042711616145281,0.1885946903672943,0.11510536808514554,0.0035876813901649087,0.22638487861940443,0.9157119455838094,-0.014296562509760552,0.10163336352026311,0.020990452293414064,0.0881368361838909,0.2577749726174434,0.10810919993223882,0.05745457896805577,0.053872243597556144,0.14037066055553316,0.15279997842929113,-0.007381243487557191,0.11121916590714255,0.035279962484530955,0.05502489915417162,0.20866002543230558,0.16230820926691278,0.18189413980566863,0.03412946678813209,0.1640925752895939,0.1647756873107606,0.10374753098667702,0.1579443954691138,0.05363614772201652,0.1376416730322514,0.03561377118321417,0.19075760688799692,0.1089077252871148,0.05748455955270393,0.011912568966413614,0.026118762926473485,0.09565742542330526,0.13251082179266283,0.020179106177858383,0.11130070996651459,0.018177208861417802,-0.01876525124359848,0.06624041066072332,0.0005047631088322307,-0.05849336045867205,-0.0799025481184192,-0.003393946400733604,-0.08230623581957563,0.1434441526350038,0.0024612803002102713,0.060279274155031974
0.15148667305578883,0.0050499363419546014,0.06910556148965584,0.17032666479663539,0.18348336791655892,0.10177705925355995,0.12399734035144548,0.10599788119143025,0.03338465184414216,0.1277425413952331,0.11179408196490434,0.15819041921834093,0.11265781353786594,0.1749507467505092,-0.014296562509760552,0.8805038621240256,0.18124087175874434,0.1467872734220415,0.09614592010273373,-0.015268652631039029,0.10742479452216719,0.2466895837888262,0.14848403939897167,0.13742002862209277,0.15552129819771582,0.2000155331965632,0.18798350323319965,0.18328315140747028,0.1640414903382787,0.002111177703033758,0.07510803013596867,0.2620300731353757,0.0008799805606658371,0.1770848341721542,0.21595929291264568,0.09909775841625008,0.008504216472590411,0.20395109205315004,0.14427551338384234,0.13212311195176904,0.11318929841201542,0.14034779007580558,0.2622864760649449,0.34937369185441425,0.1095199086924104,0.0013253351176694679,0.10184418505021928,-0.007328054327041248,0.07241244767801194,-0.18611012151398618,-0.03077081755074929,-0.11168076236080092,0.07902548952427732,0.031381746789423896,-0.01818825604616929,-0.03871061768522666,-0.09249042643637247,0.06884283007011852,0.03340204489045566,-0.015679999478395018
0.13661016349204946,0.08302743074356994,0.2635817772965471,0.12654229451597404,0.01052582871688512,0.13621784744588855,0.1207860445698499,0.17165489759019492,0.09060045614907312,0.18059043678212364,0.18515629250736806,0.1849897611904209,0.11143790523629839,0.1562044826797295,0.10163336352026311,0.18124087175874434,0.7767239005007915,0.045241612964387376,0.023603563152580383,0.21099672369543665,0.17217495947067468,0.3141522792628834,0.12453793013847891,0.10143858525547363,0.2655646173054331,-0.0434796800206398,0.1563891024469936,0.33333746476730125,0.19062897467922948,-0.019797365363475483,0.2129050208436789,0.1444636006276574,0.170545420646394,0.1179773628115266,0.13172950697680377,0.17853080080942524,0.1031387775709633,0.35306132931321277,0.06280848495068915,0.11668278366820656,0.21830198486146007,0.19001925817068152,0.2992892071066518,0.303541636223221,0.1362207837005502,0.04909638279623725,0.11446569709897605,0.007390073491749511,0.08908021456344298,0.1925975253682352,-0.04538183757429026,-0.058160858344271385,-0.1635044158649963,0.025092269550224755,-0.15298982595881946,-0.04661712775314105,-0.09067993836878424,0.14497380627527193,-0.046069617037068286,-0.002176133521304437
0.2868911701978209,0.19934059010574381,0.321732525109341,0.12632305178190306,0.05947410925387402,0.10635042877087944,0.17995290637194097,0.1531157064760729,0.09561813649259322,0.19485818004195213,0.1278839906655485,0.17476455377618408,0.10514870823008832,0.0813962140626391,0.020990452293414064,0.1467872734220415,0.045241612964387376,0.9958035977080739,0.07133431041449205,-0.2329231154035541,0.17569328365097317,0.19084825668877253,0.2646739973140369,0.10494315326199787,0.11209463970534658,0.41539964549993535,0.018137105435395918,0.002974998447060777,0.215127417788093,-0.15562586176288382,-0.006542190009262039,0.032688885952228276,-0.04255419601172739,0.10558887070556003,0.15841234455813025,0.04465982018750729,0.09300389315084412,0.02870464122654142,0.14781634837967905,0.18768593979667145,0.015029214455923482,0.12721158424361712,0.3143902555361721,0.1650938340747711,0.22303404518822464,0.05459976969636311,0.26027700703321943,-0.026462890950061723,0.05776360239010861,0.2370465633461555,0.21426348947767648,-0.20385688411768169,-0.3503737083194438,-0.01477727815284773,-0.0029794575999623923,0.011383501416376892,0.01936765383611141,0.068909484891159,-0.09822350391740864,-0.027323435829343806
0.10754319294896691,-0.021114056253926587,0.15337403673860558,0.09151186154525101,0.27270111836051913,0.22568394540690645,-0.0010978612995737522,0.11051641765772126,-0.02638563443093578,0.02666112943861551,0.06407963552337906,0.08623007450774825,0.07736951770381736,0.09991249931762955,0.0881368361838909,0.09614592010273373,0.023603563152580383,0.07133431041449205,0.5239434101411155,0.13944949323185674,0.05622002671062967,0.10389191731110571,0.013522420793123954,0.06573719374956354,0.11127075485593307,0.03247617826638104,0.049387930524197,0.07947905672049195,0.055172181609262544,0.013611586742978821,0.08980037923151939,0.10204001534713643,0.015308666977288861,0.0963889173648611,0.03541518821845552,0.09349487769594891,0.012211244615151478,0.10701009959729918,0.09003142426067108,0.016867317293138173,0.07883781597229851,0.05168712644742756,0.027501418778773715,0.03732944662875802,-0.007099531880984543,0.05305991788097993,0.005929673711810972,-0.0014530688301963221,0.08540074809320279,0.07217743437409478,-0.007199867685375219,0.15594673847765778,-0.12332254978364932,-0.0640837255889196,-0.011339624146118117,-0.03623681630200279,-0.018492462582528717,0.024640074073593747,0.04884721955093226,0.001693493415607793
0.105665283553807,0.0663994225517232,0.23732503282582634,0.07990249624936017,0.09434168722646072,0.24709816088043413,-0.03631251100204876,0.2039007575937112,-0.023004322506348786,0.03422705551673522,0.15182141882092218,0.08250596864626485,0.060019655271682786,0.17417368423440988,0.2577749726174434,-0.015268652631039029,0.21099672369543665,-0.2329231154035541,0.13944949323185674,1.2608134119374785,0.06267201698367834,-0.17089213815457593,-0.0032371620945514565,0.09496703209010576,0.14417725425728314,0.3389109223984383,0.23497135085547233,0.08619874647196142,0.32123606196228016,0.09577462905991085,0.22652934017223136,0.25706212961134534,-0.08386913542993324,0.26287242925114307,0.27619310731821556,0.1951927472761996,0.00399460824212345,0.18936683155602924,0.21558367946256304,0.21961146094031098,0.19299486516035563,0.1693868500771091,0.09342059479259412,-0.10016222980363272,0.1922451332955133,0.04944567797986514,-0.03601555115782802,0.08682685596046538,-0.023123017347175808,-0.05618082161509098,-0.1866612592565895,0.011480368691085313,0.2048400929667943,-0.020919082230976462,-0.02266670023314347,-0.08872930985508479,0.006261460577608345,0.04653851626381412,0.050076670572768496,0.02563972107708117
0.19559220655717083,0.15610840471116016,0.2443643160179342,0.09434948231098537,0.0577146782822421,0.12350022586362962,0.12689815793138423,0.10266188777000358,0.08081058805065891,0.10619025970407892,0.1328379270496485,0.11554868829449277,0.10309174683427227,0.09899966251598823,0.10810919993223882,0.10742479452216719,0.17217495947067468,0.17569328365097317,0.05622002671062967,0.06267201698367834,0.44284664808474694,0.208094857511345,0.1465670242552778,0.11640898835128559,0.13890034683597718,0.026951295425911348,0.09038801744862703,0.08712479095499866,0.08177164413072066,0.11634808297877901,0.20329695584950908,0.09418300935440144,0.14748118241824637,0.07003546982376047,0.21649674020628978,0.080689929388594,0.24340986264515294,0.3251565167130209,0.15020019728234618,0.1933473970686354,0.23936825704553483,0.271611597615219,0.4023003150952692,0.24231713800064214,0.33872179389520074,0.014199536779795584,0.1662553017193841,0.043476712910891606,0.08017671002972646,0.04525481565056132,0.009358718986392506,-0.03986726900562969,-0.014196840210759704,0.010576100207739506,-0.023932091543866076,-0.02238484834025278,-0.09417189397714111,0.05945005667507765,0.06983101521278678,0.07151828203939019
0.38924977239446856,0.10633854499178745,0.3752237460342156,0.12652454642331354,0.1341021316544619,0.18357753044220737,0.25901926353813776,0.12718538408278138,0.13253913404018322,0.1806032782167555,0.1408218406644799,0.18691731945864948,0.13547622023470995,0.1530332503726568,0.05745457896805577,0.2466895837888262,0.3141522792628834,0.19084825668877253,0.10389191731110571,-0.17089213815457593,0.208094857511345,1.7198310042484026,0.2592232953639124,0.2306413845767378,0.15074099441822394,-0.15552146019897856,0.17104336606431544,0.3381337478943563,0.15458111099865424,0.2115667881182326,0.29767468132769814,0.32454828435758726,0.4252149682729287,0.12782680992411116,-0.002575919517844636,0.31699185793380774,0.22617748991510592,0.7170230542832968,0.3456423509309138,0.14030400910476865,0.35086357073882,0.22011936025515128,0.3571786321816512,0.7037254938575892,-0.17304208602935722,0.2596816877246499,0.2388753049973043,-0.26662468584757115,1.2965224570026548,-0.12914902638599327,-0.11325092801639833,-0.1634788724199061,0.06577260455794566,-0.040062696398065964,-0.03427093159075287,0.026276310735554385,0.026385635310045,0.017280633633939987,-0.08563405573310341,-0.005135428751487857
0.27987700217156364,-0.2506323740080104,0.20987340768255155,0.11465026825974897,0.09140378746087467,0.028568780583726253,0.1481291344948312,0.04683775049188399,0.07661258940957119,0.13946680590577032,0.08747913613684484,0.1226184986109371,0.08774106608639108,0.1335436320268928,0.053872243597556144,0.14848403939897167,0.12453793013847891,0.2646739973140369,0.013522420793123954,-0.0032371620945514565,0.1465670242552778,0.2592232953639124,1.4577125809713716,0.08472480649828866,0.19330741907465188,0.04633387817683548,0.005146811681997758,-0.6470371960929538,0.22056706835904472,0.004045204513009017,0.12850910337210641,-0.11583892868501636,0.07266561378945775,0.17589107305028315,0.08416043685846725,0.336423634829163,-0.11496477848834663,0.1689878282472073,0.08095287950545456,0.17506397750392852,0.11880570681918079,0.13319660170830935,0.16242262770200283,0.4577207306315073,-0.15220234481945724,0.13837098442246668,0.06279082309720908,-0.003464888091486335,-0.0566172529541546,0.16841968262998483,0.04862592235709023,-0.08736607353081785,-0.08558626263022619,-0.0010887355812016699,-0.03432754045501579,-0.02042667457929295,-0.1335409953492879,0.06988907239534213,-0.03549082006192249,-0.05953892048799153
-0.025099456866590784,0.022626416818202703,0.14100129496379382,0.14719909126459782,0.10673423475005216,0.1309077942808098,0.06790462939995247,0.07204486796171483,0.05504507761851834,0.08364545101910377,0.09602310686189493,0.09723146117675609,0.0826957175447882,0.08515649637264396,0.14037066055553316,0.13742002862209277,0.10143858525547363,0.10494315326199787,0.06573719374956354,0.09496703209010576,0.11640898835128559,0.2306413845767378,0.08472480649828866,0.6427465028360606,0.07947861195278261,0.03730892372068795,0.16250703141854617,0.07855460844821843,0.08151330833972945,0.2976926702127259,0.05735951969109258,0.4953256983730136,0.29970222233036214,0.18907030857748167,0.044591130218738326,0.08973990731442015,0.1542090195862576,0.19467040354974197,0.03307538799873005,0.04730767830747485,0.1439936320806161,0.1197289212548866,0.19438601661595395,0.15186700604817632,0.0024619089387271074,0.04676522001514503,0.19131018473940767,0.011634734588989733,0.13358429570688038,0.009779305231912588,-0.0844474644277119,-0.06437194654568923,0.08548820772647582,-0.024624219807401742,0.03875707428265513,-0.037922052064782254,-0.058267948073758194,-0.08304686454695293,0.15204602880437088,0.0015824537152902105
0.33476161906274304,0.11793999254820255,0.30611413808582394,0.09809477706764216,0.08837394667330675,0.13034865102645118,0.14259252031527492,0.16652759313026874,-0.02410971805288414,0.14573734338545724,0.14458046020481607,0.18559399308576527,0.09449249022379021,0.17431552718406948,0.15279997842929113,0.15552129819771582,0.2655646173054331,0.11209463970534658,0.11127075485593307,0.14417725425728314,0.13890034683597718,0.15074099441822394,0.19330741907465188,0.07947861195278261,1.0788495806699088,0.029437352009174855,0.11910501267149845,0.15050704696600328,0.42844980306048297,-0.1146691736527241,0.29605889541348535,0.20275450596788724,0.014524607515658684,0.20794795660223903,0.18843752356852722,0.23027168455687363,-0.009538167392703845,0.2038050314200331,0.2601425341071316,0.12035928442003435,0.11403393629247711,0.12609748093139814,0.13958766077365417,0.18888675375349215,0.15463864649571699,0.05075745699004499,0.04812104140161139,0.014424602776499203,0.06521855771502189,-0.2701696815648215,0.12659378311929406,0.1548194498574001,0.06858199609052608,-0.017556121660103573,-0.04660015205808548,-0.04374744344559031,-0.01800006524241105,0.0737461633186141,-0.030788610574328502,0.005305441338498185
0.03776332839778001,-0.14080082854279385,0.08291611450223667,0.1245308667001781,0.1057442943224823,0.12544623923558076,0.06885711059535266,0.13573515983562434,0.14800594585211718,0.03160355759137336,0.10136474670307269,0.05889149608442946,0.13516264398539507,-0.00024021278738152826,-0.007381243487557191,0.2000155331965632,-0.0434796800206398,0.41539964549993535,0.03247617826638104,0.3389109223984383,0.026951295425911348,-0.15552146019897856,0.04633387817683548,0.03730892372068795,0.029437352009174855,2.814995461534483,0.1059824781596257,-0.09964847152981844,0.29431205717248704,-0.23797174015057276,-0.15378203841137084,0.10956488094330948,-0.2606288113999548,0.17650489448532658,0.3587401435487319,0.08118307728407012,-0.04145588495698864,-0.08411700767796937,0.16538852768838472,0.10593657803615668,-0.41333054363696686,0.136828476156176,0.21471379931529166,-0.13677963969475423,0.7603794369601361,0.051067093737651476,0.019947110708263036,-0.014123746650255056,-0.5768941899725862,0.22450004759528647,0.014398955793876993,-0.25004549670318993,-0.12280396390833499,-0.10100483706423871,0.16160719654479133,-0.04574618060062475,0.12383511558660276,-0.11599347301118482,-0.10514547332272489,-0.02533382880194398
0.11957272518875428,0.15338200382298822,0.16080415700427544,0.09878791666289005,0.08511710615318079,0.1317263182815512,0.09091692258818304,0.11170289674643284,0.05743331005571379,0.11522246373343266,0.12408496805405672,0.1514141712610846,0.08737757053912847,0.10902552919267514,0.11121916590714255,0.18798350323319965,0.1563891024469936,0.018137105435395918,0.049387930524197,0.23497135085547233,0.09038801744862703,0.17104336606431544,0.005146811681997758,0.16250703141854617,0.11910501267149845,0.1059824781596257,0.6755480251039334,0.1588108026779718,0.04218277783954852,-0.0713728540362518,0.18795144025976016,0.5335368809784167,0.011178289363937895,0.19998825247813543,0.12120594956774104,0.1696612853565918,-0.022619843240839668,0.2545055883346177,0.04861469944369946,0.12030033169158877,0.18126679615864907,0.12828070783119053,0.288145408304348,0.12030643561521015,0.11386132851420878,0.06976714293150724,0.031722104121097855,0.006179642500535008,0.019364309739228196,-0.043519736905882254,-0.08761271510212834,0.012447369913487053,0.13718055394635106,-0.005276895108108695,-0.022706232236448156,0.02284668049203969,0.020462550390094033,0.017151100065029564,-0.04708379620184394,0.0412121930995223
0.0794436201718274,0.2953503155386608,0.17963761135539963,0.02304247053490621,-0.05581284433892428,0.1224987953152789,0.054892436442653035,0.13905455885487833,0.06213585449032939,0.07037826149649917,0.0908980132016351,0.09256362092857603,0.06701114636840241,0.0746494196510521,0.035279962484530955,0.18328315140747028,0.33333746476730125,0.002974998447060777,0.07947905672049195,0.08619874647196142,0.08712479095499866,0.3381337478943563,-0.6470371960929538,0.07855460844821843,0.15050704696600328,-0.09964847152981844,0.1588108026779718,2.2241109402184795,-0.12350507285826881,0.010759072677436626,0.3226416934555648,0.29125447064493454,0.16395441527385357,-0.08463185094763717,-0.17022793174289358,0.3003859127921958,0.01893821797222117,0.41924573617767324,0.11460013606479094,0.11358181730283362,0.2539013873203621,0.07570081817548115,0.43329629424678495,0.8153128464073613,0.21832249670482254,-0.26577320485613926,-0.03314286940183609,0.0323042687592067,0.05580421007411935,-0.3559572034834047,0.02168221531631715,0.44780594308460775,-0.47435818724539197,0.13281086632277295,0.15145329135974467,-0.02134507240432024,0.11100831319430131,-0.07024040546154607,0.2123922946240883,0.07146246028839913
0.15443244023709474,0.09776135720510816,0.39060503404940194,0.07276867495580788,0.03545064727824641,0.11410639553417103,0.10889175011154113,0.13030354100579053,0.04179539131167969,0.14689602580265404,0.13466218989014372,0.1619718238955657,0.1455355561205557,0.02710932689404505,0.05502489915417162,0.1640414903382787,0.19062897467922948,0.215127417788093,0.055172181609262544,0.32123606196228016,0.08177164413072066,0.15458111099865424,0.22056706835904472,0.08151330833972945,0.42844980306048297,0.29431205717248704,0.04218277783954852,-0.12350507285826881,3.0630877796432348,-0.4225769919408741,-0.5688461256732665,-0.28951168817902295,0.15377472711069964,0.4945331205066459,0.39138961147657114,0.24636598289357423,0.03987329888781456,-0.18568428539427487,0.24332170263538755,-0.07104578887015452,-0.38282415197858943,0.12518783581007828,0.19853499331389357,-0.23523441690413108,0.2669769625769385,0.3030637472025787,0.07685495132793628,-0.04690966354863493,0.06355504912088168,-0.17895969339732354,0.1307955479637895,-0.05058674987043197,0.0036033625667506158,-0.08981671285891707,-0.006342325196712681,0.05218416446838147,-0.0708777109427034,-0.05214524146098875,-0.05013467134556209,-0.058087205317615055
0.1346160689125693,0.009139466547854191,0.12091823660830331,-0.0003124562662924322,0.06877668393528738,0.0022844407334633807,0.062284466722327764,0.010679511761163695,0.04473204491848967,0.13400077062361745,0.005005371672434974,-0.11562017054784453,0.02496026470639745,0.044646586083636426,0.20866002543230558,0.002111177703033758,-0.019797365363475483,-0.15562586176288382,0.013611586742978821,0.09577462905991085,0.11634808297877901,0.2115667881182326,0.004045204513009017,0.2976926702127259,-0.1146691736527241,-0.23797174015057276,-0.0713728540362518,0.010759072677436626,-0.4225769919408741,3.6674015138891014,0.025519076888549604,-0.49363124853576085,0.4157724703643501,-0.10738258788470648,0.8224866580987877,-0.022895007181902894,1.0721650752564897,-0.04760353508191143,0.4494497747310005,0.2870818719444081,0.29489996538533864,0.18898672854503237,0.5666850241007303,0.20670496835821098,0.37085863597008323,-0.10436655810495478,1.2333230647431246,0.06055119119899366,0.7671507362610319,-0.2446478559849829,-0.2020805081987346,-0.5733312444784758,0.4850991848195642,0.10307276572740003,0.2694116184159474,-0.05606367382350764,-0.1161758111156925,0.020934749961865867,0.16062194282076148,0.0831562849823379
0.2522059774376733,0.0960677239269539,0.19255650665072802,0.08074589053670397,0.10193937961531892,0.10989605515847993,0.11962304619696579,0.09355920562015617,0.021397249414860584,0.11321351324447279,0.14493704292765622,0.11068270806387605,0.06626654379361135,0.1260642741974729,0.16230820926691278,0.07510803013596867,0.2129050208436789,-0.006542190009262039,0.08980037923151939,0.22652934017223136,0.20329695584950908,0.29767468132769814,0.12850910337210641,0.05735951969109258,0.29605889541348535,-0.15378203841137084,0.18795144025976016,0.3226416934555648,-0.5688461256732665,0.025519076888549604,1.5655085464323175,0.3314596898922592,0.13284392706107281,0.03968140528197412,0.22232477945143528,0.5143381285311543,0.11868412132490332,0.3202450494911267,0.2806707817560358,0.10903797752356016,0.5001802536917889,0.19246092633719522,-0.09406771214635969,0.2931576994474175,-0.004879665802249612,0.008466158296520074,-0.012843620799220475,0.027658051628114577,0.2109386426486585,0.040354047480032115,-0.12329986704895302,0.1309941216023638,0.06457644566444284,-0.07603902129555326,0.07562831128928839,-0.03638168788163474,0.032956206122839976,0.005974401307281692,-0.05706035655294956,-0.017314168036954937
-0.03331377787997775,0.13713769130470496,0.09417890798920264,0.1886838030020669,0.19094174393584282,0.25221758203414313,0.081200530942796,0.08666601649148283,0.05687146478161956,0.09404922606471801,0.1303650844300105,0.19923692668025153,0.0377353414468351,0.14997707522935458,0.18189413980566863,0.2620300731353757,0.1444636006276574,0.032688885952228276,0.10204001534713643,0.25706212961134534,0.09418300935440144,0.32454828435758726,-0.11583892868501636,0.4953256983730136,0.20275450596788724,0.10956488094330948,0.5335368809784167,0.29125447064493454,-0.28951168817902295,-0.49363124853576085,0.3314596898922592,2.8139864160883086,-0.3469195236929519,0.699422159681088,-0.3586308212559971,0.20421480862079666,-0.5728198421237882,0.4629630313064601,-0.1725106449090154,0.06889334823036394,0.37164363267015116,0.09152101156730812,-0.002720480841097556,0.23958525765433872,-0.13070805335082986,-0.010456732352907836,-0.08942681045234033,-0.06067943154092118,0.1290905590395797,0.0020959060329466947,-0.07336188615314602,-0.07853523238101678,0.19295130734994792,0.09610986451024792,-0.19058708249409922,0.09484232264908043,0.00433734330233879,0.008108378739439218,-0.11400720989296051,0.07005901442956117
0.06562481881027857,0.029301873761673543,0.07484545219847265,0.06482373515696409,0.03413423657843837,0.0009002594321410673,0.13597562253168954,-0.0475965444943023,0.1613124304733127,-0.00904733917755583,0.034150543734175164,0.0662481521351599,0.07253837325667112,-0.03211463292648796,0.03412946678813209,0.0008799805606658371,0.170545420646394,-0.04255419601172739,0.015308666977288861,-0.08386913542993324,0.14748118241824637,0.4252149682729287,0.07266561378945775,0.29970222233036214,0.014524607515658684,-0.2606288113999548,0.011178289363937895,0.16395441527385357,0.15377472711069964,0.4157724703643501,0.13284392706107281,-0.3469195236929519,1.811752382644192,-0.3967230162100347,-0.8172374855905141,0.07790126503563921,0.6501706104292078,0.37825010566896433,-0.2780835587575688,-0.15412777730932117,0.004785687092727383,0.09062118622265194,0.32986237200531443,0.09303204884590081,-0.19037582258649804,0.14531488639422516,0.13547603279653514,0.09346821975177151,-0.0013338029553558253,0.1192707453258039,-0.10640065703158441,0.10734033771474774,-0.03636405427069317,-0.2408693011673213,0.13838751515887882,0.14127875682619898,-0.1623039567314197,-0.08205524918013717,0.06403911524345285,-0.1341038133523549
