0.8627992136437859,0.4194024213738603,0.6346786870411051,0.17497943230902593,0.21494132669258342,0.1991447092901596,0.21189224999244669,0.12775515713311086,0.17952362833286556,0.20761892533614926,0.1753156144084032,0.21390622359362266,0.17522442267167035,0.18134261722772985,0.1746771468872291,0.18068522567947015,0.14302323494363633,0.1974714090098659,0.22289856365446792,0.09255388498903408,0.20022561187970617,0.19464853598075776,0.0551608025626368,0.013807384569484205,0.2201746084575231,0.19943487601312135,0.14948777916345304,0.10943899739105209,0.22332117395169981,0.05204813288967717,0.15308477617815372,0.1778925079093611,0.08041668729760176,-0.06001773400784077,0.1131783852057086,0.23410519836161267,0.11098510890584092,0.06593957946672546,0.05265149391614283,-0.061024588997828436,0.1275186287695443,0.11456861534359561,0.06161699723254537,0.0006256687879234064,0.07636226515989347,0.1938248819951594,0.08244056016682733,-0.0927424930900725,-0.06466592471259813,-0.018621890135921547,-0.006789789484180528
0.4194024213738603,1.664982289124773,1.5698165926689345,0.4458004110959866,0.4568694144216221,0.6216639589889038,0.5958124859529691,0.6143157947862726,0.6277776484048286,0.6064371439562221,0.6176663713099454,0.6058020064580297,0.6263929894657614,0.6264648424574255,0.6260849693394032,0.5012450858469215,0.5355044013496226,0.7356321159507216,0.5726903655539451,0.8264362249528082,0.5549533406149941,0.5732546212844047,0.4301085392748824,0.527995261621736,0.5859683979133697,0.7516641131842645,0.5731417840193265,0.5077813538633369,0.6808806196574047,0.1370900724805198,0.5491025822377691,0.6239284862325427,0.37632491489628883,0.753623802971503,0.6033629957811685,0.5802918122976253,0.5551399915804057,0.4006773248520127,0.5273342485870711,0.061182123529975437,0.6903419447780548,0.43351975701344425,0.46342296433197605,0.03169557083952606,0.5294959816635452,0.32899709834143703,0.6281272817928077,-0.03422072691910997,0.6138041937198948,-0.06619607754589246,-0.04273012585435824
0.6346786870411051,1.5698165926689345,2.7147998127457034,0.5361344585742875,0.41272618373021835,0.7460651502213799,0.6323072443432943,0.7350146021672432,0.681754699403402,0.7486365725803314,0.7102167388316881,0.7064685538897285,0.6787000870261853,0.6856927063504056,0.611059009134715,0.5257873170271896,0.6076550037569212,0.6390075970996507,0.6612140934956379,0.48569531777993674,0.6391615357586096,0.6541554161363812,0.3904916484070464,0.48059356823127447,0.5730772827977779,0.7417793622407057,0.5698758034579734,0.444528836755191,0.6947540112107149,-0.13524950650107753,0.48440595837777767,0.6305654421053981,0.2629878552790886,0.7408866469221043,0.5649828150811608,0.6714256302153938,0.5224964035694776,0.22414925969177507,0.29637349802127566,-0.22622351943061034,0.5962056090760659,0.4681390208155866,0.3599974057067505,0.03339718955546236,0.3854742557176763,0.5582418282386672,0.613230266942479,-0.169299928602269,0.23085247385870944,-0.07021266753213454,-0.004461558757674331
0.17497943230902593,0.4458004110959866,0.5361344585742875,3.268483088121754,0.2654877928849587,0.36128183584811213,0.3511467466774132,0.4783641706713911,0.2563580496477995,0.562162023992356,0.3574801349960657,0.530832454778167,0.40498109387403913,0.4328942878377442,0.35363210728322547,0.70509879583857,0.34579049677317825,0.46303809913367533,0.23279499165284157,0.2931946721159426,0.23974864406750887,0.4516227189263223,0.47710558334272196,0.4381351227694679,0.3227664133180531,0.3756979143689953,0.4187855354584586,0.006385706308084408,0.45992371990960573,-0.001010560515375337,0.3271778754105334,0.4539033623033311,0.2407261447843111,0.443343004073107,-0.33795567826003503,0.4739714063868319,0.16034911699389293,0.17132706628899202,0.30330831357001026,0.27531147978103865,0.3297430329825526,0.20809051100796302,0.3436306601935002,0.03147817455774613,0.35798685045529566,0.23249999794085538,0.44311391169668934,-0.15409610328985876,0.1485842031446107,-0.003170742728712346,-0.03104705659032969
0.21494132669258342,0.4568694144216221,0.41272618373021835,0.2654877928849587,1.3067308568549352,0.6640629871045657,0.5384522073313275,0.4410082342572589,0.5136639769872192,0.3684440970022292,0.4656579205132744,0.5567760597475413,0.507367484985676,0.5398067400675398,0.4589823852243665,0.6406958105450844,0.45320413557442407,0.43956833474373497,0.7783429711043623,0.5311081236717983,0.4314894015804698,0.5696666940668804,0.5672642162680482,0.5088610850825404,0.41549346634315576,0.6303368041714236,0.42304506254170804,0.2876682774758755,0.6604160942831729,0.06488925164832522,0.3635375004935356,0.5782305522177076,0.2381503074622543,0.8271258035112115,0.25947801408058474,0.4119989491909699,0.4284019421222344,0.27129921543099383,0.37236650686494044,0.21972830127398077,0.5254732521387407,0.38975622281787276,0.33279969230244133,0.03472955013927151,0.3404589663479325,0.06759171427269539,0.5655573303952677,0.025259351505350972,1.041492760418944,-0.04472554277848561,0.014688412821372421
0.1991447092901596,0.6216639589889038,0.7460651502213799,0.36128183584811213,0.6640629871045657,1.0757417058233534,0.5211810462721619,0.5941521625939454,0.6454568383425588,0.4240594329572504,0.5986599902722943,0.5791035689866517,0.5744635474775112,0.6941327328970481,0.5334126013505097,0.6182482942240293,0.5710026934938863,0.46886758098592984,0.7673083248417538,0.7471489313893019,0.5419730579871075,0.6336860491792027,0.5605199704561171,0.6448698151253095,0.5386822071136146,0.7618894199618921,0.5216828040297479,0.4274012470489631,0.8086285350852697,0.14480340683046664,0.4328277800237013,0.6421964197897094,0.2446529298418827,0.8006711179284793,0.5032378079156334,0.4227008056578668,0.505537029766276,0.39635953935824414,0.4272494055799621,0.20870300801453662,0.5842135089869489,0.45103449504618237,0.44798840431747,0.03301852238587142,0.4957891192989602,0.10488059880176397,0.7417881034425332,0.05873565137629055,1.2338481968974941,0.002291815059929857,0.014761343959642832
0.21189224999244669,0.5958124859529691,0.6323072443432943,0.3511467466774132,0.5384522073313275,0.5211810462721619,0.9214257693137948,0.4080881487187635,0.628841693812856,0.4378567109932999,0.5212968524007928,0.5646072501611515,0.5295026453254853,0.5346803647557086,0.3804970752892151,0.6370312892931037,0.5376423617267023,0.5199318384192522,0.4569224708782526,0.507488197064594,0.4614333924541286,0.6296618302895466,0.751743510222227,0.6927367735922193,0.44883044015100454,0.47919282037777083,0.471214518547304,0.42215878253226213,0.618242637989596,0.3034535379011674,0.388279655849879,0.5384342994417338,0.3174054540294835,0.6359453089301674,0.4756316396991473,0.47408643655530897,0.4394563663933867,0.27766309894141517,0.3759271182621367,0.1356066118524304,0.5536239674895912,0.3962382882883284,0.3791179668455197,0.03536742966470782,0.37325183770579057,0.10544835185082325,0.5049449135929697,-0.013185653993899366,0.9609674265196391,-0.04915128657391288,0.012501910236463548
0.12775515713311086,0.6143157947862726,0.7350146021672432,0.4783641706713911,0.4410082342572589,0.5941521625939454,0.4080881487187635,1.0607589766872294,0.33417477303328724,0.5417138067234829,0.5580609899282468,0.43818767078101084,0.5890566233762036,0.6288659141978541,0.42913140423428675,0.5462422685304833,0.5399213089001471,0.5031376289875508,0.5018487064814863,0.6586888597095831,0.42967177415963115,0.46662738874544646,0.522808735889636,0.4740534572653177,0.3930526424113532,0.6774848892472827,0.5275093360602685,0.5029943464906891,0.5464705593519955,0.21976484074348324,0.3681497728934587,0.5299265657761837,0.33068949775554224,0.7808839698957712,0.6645785534421055,0.3096568311340384,0.49766933764817817,0.32576094255775995,0.535073533697393,0.16488897307682973,0.6598819686059204,0.3842802582442569,0.5048703569772812,0.03272690182591954,0.4959349252392009,0.019879559147556475,0.765381630046322,0.1590329578253003,1.229900878202673,0.05594772968872899,-0.0009699733229177655
0.17952362833286556,0.6277776484048286,0.681754699403402,0.2563580496477995,0.5136639769872192,0.6454568383425588,0.628841693812856,0.33417477303328724,1.4183193865366905,0.3215162113800547,0.4426864566791628,0.4276305075249656,0.5502007790272785,0.5436670995644151,0.3240658373531698,0.3743735750991711,0.485959771217776,0.5063283369632021,0.5550217835811474,0.6165119611482033,0.4798981313957481,0.814307636498017,0.8695721111080461,0.7716608997390078,0.4064665484580656,0.6963363091214934,0.43413449915638214,0.43977521102626044,0.7104769857493626,0.3953758408861428,0.39688050460201907,0.5665743246887766,0.41827233991991736,0.47669666197138133,0.378402909616358,0.4999959905418308,0.5766316127685082,0.365204145764256,0.2941189229889397,0.11466273907873709,0.5484170097425807,0.4069380226354291,0.4274229705060379,0.040373601433138714,0.30392058487522083,0.28871642475045617,0.5653033247816844,-0.08633581991240469,1.0090907083246103,0.04508684485245982,0.0014951003525148963
0.20761892533614926,0.6064371439562221,0.7486365725803314,0.562162023992356,0.3684440970022292,0.4240594329572504,0.4378567109932999,0.5417138067234829,0.3215162113800547,0.9467614697429331,0.4804490342852506,0.47271345681943405,0.4832250694011819,0.4834963063280551,0.42720538095235366,0.5161097659399223,0.4710174342472396,0.5312130394165886,0.34270654311978693,0.41445651973209957,0.35961284121028186,0.44292412234981976,0.5060253464697633,0.4446788487623619,0.4154585304551931,0.4872451701341075,0.4480610615461883,0.37185096367721976,0.4915686751293471,0.11742921618098051,0.3586250341630469,0.445812335319758,0.2649070357806214,0.7097343107048346,0.4495630959411878,0.36042695388449875,0.450920352822157,0.20449606640947607,0.37756006019265215,0.09739595357876503,0.5437007600483945,0.32367259592814107,0.3667092611851584,0.02510246279635746,0.3881919322521773,0.10563846983832977,0.6295450894463732,0.05121731752598656,0.8230661328957893,-0.04308905665425223,0.008144283608774634
0.1753156144084032,0.6176663713099454,0.7102167388316881,0.3574801349960657,0.4656579205132744,0.5986599902722943,0.5212968524007928,0.5580609899282468,0.4426864566791628,0.4804490342852506,0.8013714697391223,0.5309165868074841,0.5738688451361341,0.5731804204984174,0.5016245420159238,0.6078631161478196,0.5994659778008433,0.4843380846333957,0.4740905073808157,0.6035334739845251,0.4844748787811792,0.5323028958805459,0.5902447073414178,0.554474003582604,0.46184541324472156,0.5538176811371283,0.49409762250954853,0.4857301648536451,0.6194393256982266,0.21025993317862293,0.38742407884154,0.541422122234903,0.3225499264265556,0.7352857517529179,0.5955142438842689,0.38313422191918295,0.5086222352152289,0.3128562917444564,0.4548027473388307,0.16131146581317046,0.6025444351677876,0.42466417415085894,0.4189564879626464,0.021441371576847525,0.45529749492124266,0.10656179689817616,0.6779569861808239,0.06424677697005793,0.9691759877215105,-0.009369371008589911,-0.0002756964534892149
0.21390622359362266,0.6058020064580297,0.7064685538897285,0.530832454778167,0.5567760597475413,0.5791035689866517,0.5646072501611515,0.43818767078101084,0.4276305075249656,0.47271345681943405,0.5309165868074841,0.8754693117713965,0.5155437580270827,0.5554924562788973,0.5163443083864008,0.5795637773532193,0.5322465225436597,0.4354807715294419,0.5107649568296239,0.5208662921893784,0.42127221893570815,0.5081743852028916,0.5752062613120686,0.5492944987444739,0.4789841776139025,0.5079019760989579,0.50902012594886,0.36375264340980934,0.5910420128502245,0.09828849171466919,0.37891941775170473,0.558541562715112,0.2519751961670062,0.6840086167179714,0.46018431386567654,0.43820893353051316,0.3316395594960423,0.26860432222682,0.36438919330093367,0.1411632222975037,0.5052919844657175,0.3626487060392858,0.3347407195222576,0.0037437627531104107,0.4067917771659116,0.06673707840493068,0.5507782530538968,0.02092656990069621,0.9004938155228014,-0.09224390772965335,0.012247142234501704
0.17522442267167035,0.6263929894657614,0.6787000870261853,0.40498109387403913,0.507367484985676,0.5744635474775112,0.5295026453254853,0.5890566233762036,0.5502007790272785,0.4832250694011819,0.5738688451361341,0.5155437580270827,0.8241889079933697,0.5459268274055313,0.38711769392500583,0.5860990992982289,0.5261622428271812,0.522175989273432,0.5190364249927546,0.5810952003130138,0.44580707359289473,0.5965240217829462,0.6477787796382455,0.6067527775538052,0.4524488080203188,0.601979065165779,0.525595442836329,0.45899834029241937,0.6190520156359617,0.24517775160497188,0.40527223265248813,0.5947015874985335,0.3479258223825682,0.7024578993140878,0.5465767612808654,0.43677160244768526,0.43056891235832606,0.29181134611860654,0.5526528616470661,0.18769427626619362,0.6072486821191646,0.3828345347040976,0.4470750322072276,0.04235799471650538,0.4640476893272665,0.09426606546602548,0.6368804072106041,0.02658675220718242,1.0527147842901665,-0.041358286262567545,-0.002759272177968524
0.18134261722772985,0.6264648424574255,0.6856927063504056,0.4328942878377442,0.5398067400675398,0.6941327328970481,0.5346803647557086,0.6288659141978541,0.5436670995644151,0.4834963063280551,0.5731804204984174,0.5554924562788973,0.5459268274055313,1.0136428681377332,0.6911068515962553,0.6750321725279094,0.5738427797399867,0.4969526441343024,0.5641079711482855,0.7134147250999028,0.5059877383561137,0.5934048969856164,0.7792274893332308,0.6879759938917829,0.554245103107557,0.699190544174614,0.5454057017034155,0.5499853834145693,0.7316520698123276,0.31848359052495806,0.41315827177351816,0.5942552160550029,0.3834564679936001,0.7608920316069597,0.6549695707724599,0.40153210506561493,0.6261229864080301,0.38149542604414494,0.4454379635286789,0.1657660476154266,0.7038431840157702,0.45253063961409506,0.5125241591589306,0.016364184023213383,0.48851365002572905,0.08334196692514623,0.8178493466715542,0.12536819196245633,1.3825793602588485,0.04116217468966224,-0.0046210737712428195
0.1746771468872291,0.6260849693394032,0.611059009134715,0.35363210728322547,0.4589823852243665,0.5334126013505097,0.3804970752892151,0.42913140423428675,0.3240658373531698,0.42720538095235366,0.5016245420159238,0.5163443083864008,0.38711769392500583,0.6911068515962553,1.2118504510593715,0.5636031732703302,0.48123806746459225,0.5071585696018169,0.4199246462270579,0.616433787028769,0.4474685660281266,0.4216683781828728,0.9244530087508791,0.6523049496539152,0.44335992017622267,0.4916894327302199,0.4508722326259863,0.521919156707012,0.6810493472932838,0.36214604182552956,0.355346368806399,0.45610156223254233,0.3642430591721074,0.6826323524744584,0.6299564066820419,0.32458063585499924,0.6163891786923624,0.302752213217295,0.42338130175880134,0.10377336995479161,0.6355802946022,0.39977904265740694,0.41348424915725307,-0.0032540174074575565,0.4259003895329404,0.08534213632791182,0.7354430598805889,0.1650997428598575,1.17227165263738,-0.022389782643971255,-0.002499959834957582
0.18068522567947015,0.5012450858469215,0.5257873170271896,0.70509879583857,0.6406958105450844,0.6182482942240293,0.6370312892931037,0.5462422685304833,0.3743735750991711,0.5161097659399223,0.6078631161478196,0.5795637773532193,0.5860990992982289,0.6750321725279094,0.5636031732703302,2.034421982865438,0.6959251838503464,0.5837439087443153,0.5412068976905006,0.5042065944902495,0.5591988040597532,1.0029994141075487,0.7192806992436412,0.5322829781033979,0.16405191671769448,0.6183748671617452,0.705895226991607,0.7299431283013579,0.6315480050254423,0.45355360319692095,0.341181686403524,0.8813098739040732,0.41445581869691833,0.8503982899642748,1.0027963614543736,0.48343554219588536,0.5829091868414775,0.3033952176297042,0.6518836966181455,0.2559153121201024,0.8106956349436553,0.5307429422512544,0.5918073546972112,0.04492252403279759,0.46973534040053816,0.007665988516171301,0.8719256346358872,-0.020846390953919325,1.8347067598774423,-0.06535261229111118,0.03152751082481158
0.14302323494363633,0.5355044013496226,0.6076550037569212,0.34579049677317825,0.45320413557442407,0.5710026934938863,0.5376423617267023,0.5399213089001471,0.485959771217776,0.4710174342472396,0.5994659778008433,0.5322465225436597,0.5261622428271812,0.5738427797399867,0.48123806746459225,0.6959251838503464,1.0109375193887737,0.4255538612766703,0.4721154729772561,0.5779793803244091,0.5283717842338596,0.6025764376456394,0.6194681012630141,0.5867600821816141,0.5470296388331279,0.4146076254440243,0.5145266113296059,0.673582491024952,0.6217197220664552,0.366466290318876,0.3633962933393661,0.5183149176560956,0.4325180623368953,0.7461400838999487,0.771380462043465,0.34126795438697666,0.7511023376463024,0.34274179960493195,0.35756763442040607,0.12546373266082292,0.6568403127944796,0.5277857502381686,0.454653874604944,0.01759164395851897,0.4941814580188446,0.09616994688509974,0.8482601445573544,0.10653441498464776,1.1623285872432332,-0.019495120030375807,0.010824139010386027
0.1974714090098659,0.7356321159507216,0.6390075970996507,0.46303809913367533,0.43956833474373497,0.46886758098592984,0.5199318384192522,0.5031376289875508,0.5063283369632021,0.5312130394165886,0.4843380846333957,0.4354807715294419,0.522175989273432,0.4969526441343024,0.5071585696018169,0.5837439087443153,0.4255538612766703,1.3512795912402245,0.3834902386898168,0.3879567303565684,0.4459813201294301,0.5611767905314896,0.9435589042458687,0.6408850068802471,0.5290700758289347,0.6576801073837913,0.42302306162730274,0.48377526725052317,0.6160651188541463,0.21365133566220532,0.5044120069881957,0.5085302550385482,0.390109612858048,0.6887620420002291,0.5341245885382637,0.46948398747449493,0.38566869641343743,0.20417443030835788,0.5354035204044132,0.18575757276498434,0.6113634913227118,0.32887340982564567,0.49238111851089716,0.029634028213663177,0.5738671339520888,0.10720575640886948,0.6315615091555563,0.012250382493219131,0.8771509008896989,-0.03446579205914096,0.007537056552012205
0.22289856365446792,0.5726903655539451,0.6612140934956379,0.23279499165284157,0.7783429711043623,0.7673083248417538,0.4569224708782526,0.5018487064814863,0.5550217835811474,0.34270654311978693,0.4740905073808157,0.5107649568296239,0.5190364249927546,0.5641079711482855,0.4199246462270579,0.5412068976905006,0.4721154729772561,0.3834902386898168,1.5208318974455448,0.6226789520043304,0.480248178650465,0.5824698452881238,0.39145334968179507,0.45861757906273753,0.4468327691178559,0.67227065663259,0.4272875095239491,0.40789770146356324,0.692070301676935,0.21846716996753787,0.3655161725682489,0.5554654891668596,0.2797125250546676,0.6652967527870768,0.43490440899869887,0.49766503525820516,0.37775628508605935,0.32262273580709594,0.4070727053069671,0.1513747662828142,0.5399610585172581,0.39665630667263796,0.343976158411625,0.04964024811585103,0.3015865141023271,0.21119597264960757,0.4239690211620044,-0.030170306902506425,0.7629004090123668,0.013476696515099754,-0.011831472234091344
0.09255388498903408,0.8264362249528082,0.48569531777993674,0.2931946721159426,0.5311081236717983,0.7471489313893019,0.507488197064594,0.6586888597095831,0.6165119611482033,0.41445651973209957,0.6035334739845251,0.5208662921893784,0.5810952003130138,0.7134147250999028,0.616433787028769,0.5042065944902495,0.5779793803244091,0.3879567303565684,0.6226789520043304,2.142016806785546,0.31760380381211706,0.48863697066447975,0.6477512206614674,0.7786708844136003,0.5402817514686264,0.8722774430115002,0.7036141300028285,0.6835253401922147,0.8088070785807421,0.49057204368288604,0.6602479389203206,0.6612489923558698,0.4916689458475351,0.8834570365356078,0.7811234764581116,0.4010932507745768,0.7048034142733014,0.9907947645702871,0.8186461030387282,0.4540226638641656,0.9557553883451124,0.3941902981296058,0.7333882218313951,-0.020383434751447528,0.8192127066034174,0.01238039393051008,0.7173123401864043,0.284134292099372,1.3336085617433227,0.06884976543109944,-0.0226223831310993
0.20022561187970617,0.5549533406149941,0.6391615357586096,0.23974864406750887,0.4314894015804698,0.5419730579871075,0.4614333924541286,0.42967177415963115,0.4798981313957481,0.35961284121028186,0.4844748787811792,0.42127221893570815,0.44580707359289473,0.5059877383561137,0.4474685660281266,0.5591988040597532,0.5283717842338596,0.4459813201294301,0.480248178650465,0.31760380381211706,1.154629810137098,0.5150479110574719,0.44275405626651465,0.20438312450373558,0.4051930668694313,0.5673675084810633,0.3975493239665151,0.5526298751981334,0.6077362640364444,0.35194750569175437,0.22522810418577263,0.5315920343190215,0.38570093825143065,0.7422078326503817,0.7006475905970801,0.2872483755010016,0.8356486981299238,0.259151577259315,0.146388313211847,0.060045326377569104,0.6799848240595445,0.7420552796377845,0.36819483340670117,0.02374630401507807,0.40995974416187353,0.10714464683276066,0.8558425740387632,0.17146824840792288,1.1663128063352621,0.0385758788053267,-0.012257835442020713
0.19464853598075776,0.5732546212844047,0.6541554161363812,0.4516227189263223,0.5696666940668804,0.6336860491792027,0.6296618302895466,0.46662738874544646,0.814307636498017,0.44292412234981976,0.5323028958805459,0.5081743852028916,0.5965240217829462,0.5934048969856164,0.4216683781828728,1.0029994141075487,0.6025764376456394,0.5611767905314896,0.5824698452881238,0.48863697066447975,0.5150479110574719,1.218596241482737,0.8286778230526866,0.6408986664135857,0.3564315187154038,0.6707477578931078,0.5609430763973108,0.5268455698698368,0.7489835420038085,0.40672119527192796,0.36632111890693325,0.7641806061412422,0.41392675748946883,0.6874905374030943,0.5981701352949342,0.6063545113061894,0.5188487233309214,0.32078060381007073,0.48608010595723944,0.1918857797275556,0.6428850510649975,0.47260543994389936,0.5200743588293543,0.08432525167032777,0.3165195563606932,0.2937826361004109,0.7067388519587953,-0.2592277546106517,1.3758341801076996,-0.032329232767493984,0.014486947341663715
0.0551608025626368,0.4301085392748824,0.3904916484070464,0.47710558334272196,0.5672642162680482,0.5605199704561171,0.751743510222227,0.522808735889636,0.8695721111080461,0.5060253464697633,0.5902447073414178,0.5752062613120686,0.6477787796382455,0.7792274893332308,0.9244530087508791,0.7192806992436412,0.6194681012630141,0.9435589042458687,0.39145334968179507,0.6477512206614674,0.44275405626651465,0.8286778230526866,3.0218271686037594,1.569095301524964,0.5437106854168433,0.2631277851174518,0.5089756850922063,0.6718481195154841,1.1738289208696313,0.8469854593738744,0.3041909323575591,0.49808230047573654,0.5776319298452846,0.7149595940910407,0.7284759608627871,0.43562850683517607,0.8865455460160656,0.3134787842352009,0.53577961505755,0.13286601930460412,0.7896120594655094,0.42561234332611914,0.5832572675094367,-0.01434291730946676,0.5332090769276062,0.10386076069117339,1.091516807161003,0.12665702720102015,2.035278928446006,-0.0281342365837855,0.024625986302554092
0.013807384569484205,0.527995261621736,0.48059356823127447,0.4381351227694679,0.5088610850825404,0.6448698151253095,0.6927367735922193,0.4740534572653177,0.7716608997390078,0.4446788487623619,0.554474003582604,0.5492944987444739,0.6067527775538052,0.6879759938917829,0.6523049496539152,0.5322829781033979,0.5867600821816141,0.6408850068802471,0.45861757906273753,0.7786708844136003,0.20438312450373558,0.6408986664135857,1.569095301524964,2.7659507281731157,0.8671580986014288,-0.037104217429347906,0.4953118532855728,0.59893460957312,0.7831376434344999,0.8206217686988062,0.9194356266643623,0.46307568955281025,0.3869029913640334,0.11631787181666337,0.7046182640055346,0.6075909919082078,0.5526435141694122,0.39495688026595716,0.6546440131231016,0.141394134870558,0.6843199015498889,0.24776560414448784,0.3831513128950495,-0.001268201156560191,0.4933725500965335,0.051319523384921496,0.6871082090883005,0.110937074702809,1.7109135945106733,-0.1218305674109291,0.01493729202536044
0.2201746084575231,0.5859683979133697,0.5730772827977779,0.3227664133180531,0.41549346634315576,0.5386822071136146,0.44883044015100454,0.3930526424113532,0.4064665484580656,0.4154585304551931,0.46184541324472156,0.4789841776139025,0.4524488080203188,0.554245103107557,0.44335992017622267,0.16405191671769448,0.5470296388331279,0.5290700758289347,0.4468327691178559,0.5402817514686264,0.4051930668694313,0.3564315187154038,0.5437106854168433,0.8671580986014288,3.0216045824881825,0.7007876025104396,0.5024738733577809,0.4449011048582787,1.3169549180591895,0.3290476930530561,0.758867226855124,0.5067436520322598,0.32375920668589353,0.8853702789768882,0.5470150389718655,0.7573517582238264,0.4524303783328015,0.2729008850022203,0.8799162151973441,0.35954346179049096,0.6648667066788252,0.37209165069868316,0.47886285092289577,0.03333127240252728,0.8724800305797513,0.437190537262189,0.58080636677686,-0.16581577316922588,-0.5498808925556997,0.02515824364671023,-0.07228244291275197
0.19943487601312135,0.7516641131842645,0.7417793622407057,0.3756979143689953,0.6303368041714236,0.7618894199618921,0.47919282037777083,0.6774848892472827,0.6963363091214934,0.4872451701341075,0.5538176811371283,0.5079019760989579,0.601979065165779,0.699190544174614,0.4916894327302199,0.6183748671617452,0.4146076254440243,0.6576801073837913,0.67227065663259,0.8722774430115002,0.5673675084810633,0.6707477578931078,0.2631277851174518,-0.037104217429347906,0.7007876025104396,3.0950527655493474,0.6421944387910039,0.6201368752868757,0.9917079884107508,-0.4282948749907538,0.4018926072213313,1.0405192979782742,0.6104561889226634,1.1530899224663875,0.6397560607359887,0.5421816062262546,0.13885436430340886,0.4296948419572919,0.7215585619982869,0.41291950823399753,0.9498285037741023,0.47346975871448094,0.6207763533477582,-0.09498619273732117,0.6132782042536474,-0.22784111642642843,0.6190846426985017,0.22500030573997157,2.204133287669314,0.11208963357483016,-0.018569235392572696
0.14948777916345304,0.5731417840193265,0.5698758034579734,0.4187855354584586,0.42304506254170804,0.5216828040297479,0.471214518547304,0.5275093360602685,0.43413449915638214,0.4480610615461883,0.49409762250954853,0.50902012594886,0.525595442836329,0.5454057017034155,0.4508722326259863,0.705895226991607,0.5145266113296059,0.42302306162730274,0.4272875095239491,0.7036141300028285,0.3975493239665151,0.5609430763973108,0.5089756850922063,0.4953118532855728,0.5024738733577809,0.6421944387910039,1.2988322855443477,0.6041243224209806,0.41046417471354524,0.2034962157970214,0.5299761111732246,0.720695634435408,0.5563643099771663,0.7323967685530037,0.6225891165312771,0.5540244538385456,0.4035196976390188,0.3871217470177517,0.5881552608797967,0.29362279020643534,0.7758422212785295,0.3936493325913201,0.7270472276390745,-0.06348052831454518,0.6540551581940913,-0.13659660016287817,0.6075445493818048,0.1522442393388444,1.3700751245729117,0.02440380068449507,-0.0011032199643011974
0.10943899739105209,0.5077813538633369,0.444528836755191,0.006385706308084408,0.2876682774758755,0.4274012470489631,0.42215878253226213,0.5029943464906891,0.43977521102626044,0.37185096367721976,0.4857301648536451,0.36375264340980934,0.45899834029241937,0.5499853834145693,0.521919156707012,0.7299431283013579,0.673582491024952,0.48377526725052317,0.40789770146356324,0.6835253401922147,0.5526298751981334,0.5268455698698368,0.6718481195154841,0.59893460957312,0.4449011048582787,0.6201368752868757,0.6041243224209806,1.866459170054558,0.3205515903698155,0.8228048692771627,0.3489786838371759,0.5289096263174985,1.1653209236312072,0.5894496948337647,1.8259998366553487,0.10928346580797157,1.0934377497909604,0.41491877616809414,0.6403512646501086,-0.038392195613807543,0.9335216106218487,0.5359062631625605,0.6043324567003877,0.019513197921245295,0.4799748035690118,-0.21117135114102434,0.9230992566227801,0.4819314214755127,2.1235619063912647,0.0758738937241564,-0.004334415117393278
0.22332117395169981,0.6808806196574047,0.6947540112107149,0.45992371990960573,0.6604160942831729,0.8086285350852697,0.618242637989596,0.5464705593519955,0.7104769857493626,0.4915686751293471,0.6194393256982266,0.5910420128502245,0.6190520156359617,0.7316520698123276,0.6810493472932838,0.6315480050254423,0.6217197220664552,0.6160651188541463,0.692070301676935,0.8088070785807421,0.6077362640364444,0.7489835420038085,1.1738289208696313,0.7831376434344999,1.3169549180591895,0.9917079884107508,0.41046417471354524,0.3205515903698155,3.4662885459357895,0.740204173862932,0.1414163827918799,0.7666587084070862,0.19589267603385122,1.136197443701825,0.4438540396745026,0.7479717467484946,1.1432593184213014,0.25658895666343723,0.5621518093560643,0.2405740538137608,0.9122484572836546,0.5302799811013515,0.45386609282235757,-0.2691544134294017,1.0776145235007533,0.4098416371567585,1.1452584519522688,-0.08156374943296003,1.6759833263107373,-0.023877998371216465,-0.026404811433093235
0.05204813288967717,0.1370900724805198,-0.13524950650107753,-0.001010560515375337,0.06488925164832522,0.14480340683046664,0.3034535379011674,0.21976484074348324,0.3953758408861428,0.11742921618098051,0.21025993317862293,0.09828849171466919,0.24517775160497188,0.31848359052495806,0.36214604182552956,0.45355360319692095,0.366466290318876,0.21365133566220532,0.21846716996753787,0.49057204368288604,0.35194750569175437,0.40672119527192796,0.8469854593738744,0.8206217686988062,0.3290476930530561,-0.4282948749907538,0.2034962157970214,0.8228048692771627,0.740204173862932,3.0566361311863988,0.1504193025854174,0.2693900216314362,0.6343750140210358,-0.17941456305190787,1.0871511238970946,0.20721771143684314,1.3714103219998237,0.34332161844307446,0.3903339427196026,-0.2976087045555107,0.9110116058813411,0.4043874961691693,0.7761452338945672,0.31849171217690925,0.20182840577731156,0.2749276609345812,0.8692285289446519,0.3499980285574769,1.593347384796626,0.07991323503270405,-0.042759798539636275
0.15308477617815372,0.5491025822377691,0.48440595837777767,0.3271778754105334,0.3635375004935356,0.4328277800237013,0.388279655849879,0.3681497728934587,0.39688050460201907,0.3586250341630469,0.38742407884154,0.37891941775170473,0.40527223265248813,0.41315827177351816,0.355346368806399,0.341181686403524,0.3633962933393661,0.5044120069881957,0.3655161725682489,0.6602479389203206,0.22522810418577263,0.36632111890693325,0.3041909323575591,0.9194356266643623,0.758867226855124,0.4018926072213313,0.5299761111732246,0.3489786838371759,0.1414163827918799,0.1504193025854174,1.6301953156950229,0.48129922187253565,0.22066787248217384,0.2995059378464087,0.40059574447179963,0.8209120048980152,0.09218792683781113,0.38932962115921904,0.7059989290251556,0.30493897308108975,0.6779806189418535,0.21237162478323532,0.3107720323979415,0.07853095662414937,0.587881246052087,0.12684046500985313,0.28541662667192824,-0.043189564072358654,0.05431761826921488,-0.017293683449209757,-0.024088489540835145
0.1778925079093611,0.6239284862325427,0.6305654421053981,0.4539033623033311,0.5782305522177076,0.6421964197897094,0.5384342994417338,0.5299265657761837,0.5665743246887766,0.445812335319758,0.541422122234903,0.558541562715112,0.5947015874985335,0.5942552160550029,0.45610156223254233,0.8813098739040732,0.5183149176560956,0.5085302550385482,0.5554654891668596,0.6612489923558698,0.5315920343190215,0.7641806061412422,0.49808230047573654,0.46307568955281025,0.5067436520322598,1.0405192979782742,0.720695634435408,0.5289096263174985,0.7666587084070862,0.2693900216314362,0.48129922187253565,1.6574649763081128,0.4230346152556061,0.875630748811011,0.6522174996685409,0.6261041004424519,0.34346265981333207,0.35682242177794266,0.6386046884415795,0.23047598800251984,0.8577664146055141,0.4399453736590733,0.5321658695712432,0.034660285766389166,0.496206226957876,0.023964703737679754,0.7512288658058384,0.014138214266974642,1.5092455768326036,0.005489807755441859,-0.015421001583692433
0.08041668729760176,0.37632491489628883,0.2629878552790886,0.2407261447843111,0.2381503074622543,0.2446529298418827,0.3174054540294835,0.33068949775554224,0.41827233991991736,0.2649070357806214,0.3225499264265556,0.2519751961670062,0.3479258223825682,0.3834564679936001,0.3642430591721074,0.41445581869691833,0.4325180623368953,0.390109612858048,0.2797125250546676,0.4916689458475351,0.38570093825143065,0.41392675748946883,0.5776319298452846,0.3869029913640334,0.32375920668589353,0.6104561889226634,0.5563643099771663,1.1653209236312072,0.19589267603385122,0.6343750140210358,0.22066787248217384,0.4230346152556061,2.084742423794788,0.3828020080050674,0.4723068790705316,-0.019729024714598954,1.017048054571414,0.34676980237943966,0.3883545246660168,0.08045115848309073,0.5049076267744766,0.40857834595505305,0.7364982120962742,0.10861114410478238,0.48441400387051586,-0.23350740485928537,0.8387311596178745,0.5275604682981909,1.6496215651728086,0.09574206978726477,-0.036017288862355536
-0.06001773400784077,0.753623802971503,0.7408866469221043,0.443343004073107,0.8271258035112115,0.8006711179284793,0.6359453089301674,0.7808839698957712,0.47669666197138133,0.7097343107048346,0.7352857517529179,0.6840086167179714,0.7024578993140878,0.7608920316069597,0.6826323524744584,0.8503982899642748,0.7461400838999487,0.6887620420002291,0.6652967527870768,0.8834570365356078,0.7422078326503817,0.6874905374030943,0.7149595940910407,0.11631787181666337,0.8853702789768882,1.1530899224663875,0.7323967685530037,0.5894496948337647,1.136197443701825,-0.17941456305190787,0.2995059378464087,0.875630748811011,0.3828020080050674,3.086083575476053,0.8304386270481776,0.31294679595786945,0.9744323520951949,0.41963006713931583,0.8512507653189157,0.42798671002982824,1.1990962206101587,0.7505458660259972,0.8172328987820316,0.192343277496251,0.855578797676305,-0.08174973776239729,1.4028616642599812,0.27835043185698927,1.7254684172547254,-0.030961711015000795,0.007454647550536546
0.1131783852057086,0.6033629957811685,0.5649828150811608,-0.33795567826003503,0.25947801408058474,0.5032378079156334,0.4756316396991473,0.6645785534421055,0.378402909616358,0.4495630959411878,0.5955142438842689,0.46018431386567654,0.5465767612808654,0.6549695707724599,0.6299564066820419,1.0027963614543736,0.771380462043465,0.5341245885382637,0.43490440899869887,0.7811234764581116,0.7006475905970801,0.5981701352949342,0.7284759608627871,0.7046182640055346,0.5470150389718655,0.6397560607359887,0.6225891165312771,1.8259998366553487,0.4438540396745026,1.0871511238970946,0.40059574447179963,0.6522174996685409,0.4723068790705316,0.8304386270481776,3.569698347281858,0.06057522420119973,1.1064476946087,0.41565283633833505,0.9156861772260191,-0.20260068225258268,1.170730982135295,0.6728048844445531,0.5512899405389167,-0.02520092743960063,0.5654578947329412,-0.24866067184770402,1.0668595588785328,0.45957492610227874,2.6238860893007003,0.024134826431553097,0.004835806293274834
0.23410519836161267,0.5802918122976253,0.6714256302153938,0.4739714063868319,0.4119989491909699,0.4227008056578668,0.47408643655530897,0.3096568311340384,0.4999959905418308,0.36042695388449875,0.38313422191918295,0.43820893353051316,0.43677160244768526,0.40153210506561493,0.32458063585499924,0.48343554219588536,0.34126795438697666,0.46948398747449493,0.49766503525820516,0.4010932507745768,0.2872483755010016,0.6063545113061894,0.43562850683517607,0.6075909919082078,0.7573517582238264,0.5421816062262546,0.5540244538385456,0.10928346580797157,0.7479717467484946,0.20721771143684314,0.8209120048980152,0.6261041004424519,-0.019729024714598954,0.31294679595786945,0.06057522420119973,2.3278156001137775,-0.47780562880680577,0.1391961964601932,0.6089140093922696,0.5465027067545,0.6514437448554297,0.27000730266245,0.07402936316228974,-0.07488884258690245,0.5317354086747933,0.8290020279129414,-0.26500375480275734,-0.7185463340336273,-1.9779615113262023,-0.03701741366337126,-0.028265827581636697
0.11098510890584092,0.5551399915804057,0.5224964035694776,0.16034911699389293,0.4284019421222344,0.505537029766276,0.4394563663933867,0.49766933764817817,0.5766316127685082,0.450920352822157,0.5086222352152289,0.3316395594960423,0.43056891235832606,0.6261229864080301,0.6163891786923624,0.5829091868414775,0.7511023376463024,0.38566869641343743,0.37775628508605935,0.7048034142733014,0.8356486981299238,0.5188487233309214,0.8865455460160656,0.5526435141694122,0.4524303783328015,0.13885436430340886,0.4035196976390188,1.0934377497909604,1.1432593184213014,1.3714103219998237,0.09218792683781113,0.34346265981333207,1.017048054571414,0.9744323520951949,1.1064476946087,-0.47780562880680577,4.6501272237473374,0.45471765592629904,-0.4360270197940079,-0.6484394508914886,1.1422345087383332,0.9705274964555021,0.63570436197115,0.018653762329175778,0.33641187109196724,0.204386610614446,2.090713052731618,0.9052024687677718,3.9168463030385365,0.1268641430232533,-0.0614708452331338
0.06593957946672546,0.4006773248520127,0.22414925969177507,0.17132706628899202,0.27129921543099383,0.39635953935824414,0.27766309894141517,0.32576094255775995,0.365204145764256,0.20449606640947607,0.3128562917444564,0.26860432222682,0.29181134611860654,0.38149542604414494,0.302752213217295,0.3033952176297042,0.34274179960493195,0.20417443030835788,0.32262273580709594,0.9907947645702871,0.259151577259315,0.32078060381007073,0.3134787842352009,0.39495688026595716,0.2729008850022203,0.4296948419572919,0.3871217470177517,0.41491877616809414,0.25658895666343723,0.34332161844307446,0.38932962115921904,0.35682242177794266,0.34676980237943966,0.41963006713931583,0.41565283633833505,0.1391961964601932,0.45471765592629904,1.3420835293478648,0.4438173859246697,0.41556064193025977,0.5274133390958344,0.3213341339121898,0.3966861210511096,0.07954412860579853,0.3824641718814776,0.010899197950963953,0.5249051842516599,0.25239322053165875,0.5593287565696277,0.059534827880406434,-0.0223100191136337
0.05265149391614283,0.5273342485870711,0.29637349802127566,0.30330831357001026,0.37236650686494044,0.4272494055799621,0.3759271182621367,0.535073533697393,0.2941189229889397,0.37756006019265215,0.4548027473388307,0.36438919330093367,0.5526528616470661,0.4454379635286789,0.42338130175880134,0.6518836966181455,0.35756763442040607,0.5354035204044132,0.4070727053069671,0.8186461030387282,0.146388313211847,0.48608010595723944,0.53577961505755,0.6546440131231016,0.8799162151973441,0.7215585619982869,0.5881552608797967,0.6403512646501086,0.5621518093560643,0.3903339427196026,0.7059989290251556,0.6386046884415795,0.3883545246660168,0.8512507653189157,0.9156861772260191,0.6089140093922696,-0.4360270197940079,0.4438173859246697,2.6337797536428145,0.9227909357999956,0.7460198783051485,0.1393646874210152,0.6885798315855196,0.13742756571450834,0.9608262569626901,0.06177813762833156,0.43129418241155076,-0.057353953379425386,0.2934662156934201,-0.0749687808641789,-0.05663729886557924
-0.061024588997828436,0.061182123529975437,-0.22622351943061034,0.27531147978103865,0.21972830127398077,0.20870300801453662,0.1356066118524304,0.16488897307682973,0.11466273907873709,0.09739595357876503,0.16131146581317046,0.1411632222975037,0.18769427626619362,0.1657660476154266,0.10377336995479161,0.2559153121201024,0.12546373266082292,0.18575757276498434,0.1513747662828142,0.4540226638641656,0.060045326377569104,0.1918857797275556,0.13286601930460412,0.141394134870558,0.35954346179049096,0.41291950823399753,0.29362279020643534,-0.038392195613807543,0.2405740538137608,-0.2976087045555107,0.30493897308108975,0.23047598800251984,0.08045115848309073,0.42798671002982824,-0.20260068225258268,0.5465027067545,-0.6484394508914886,0.41556064193025977,0.9227909357999956,2.2662693813345163,0.02781957910187505,0.200943574807259,0.3500646170469184,-0.0084368216651465,1.6216680900555602,0.4195870396177775,0.06829504773970106,-0.2707051022452689,-1.7935184165943556,0.030442200620138454,-0.026796309433301843
