2.643059711876904,0.41054847492186286,0.827869306700874,0.19728122757272215,0.42419003923312504,0.25612370514702976,0.3339896366615048,0.15105743399873253,0.21378666331683283,0.3127890528560858,0.3145738020951421,0.3448597412231518,0.2413788753946202,0.2907581353950084,0.5014586344701936,0.3207359349094491,0.16526409835704403,0.338027736878849,0.294750840959899,0.22792302914103663,0.26529941940727925,0.3013128809655668,0.38418826313161714,0.10376427303422385,0.49827367590492605,0.3204901137272674,0.29466261174238545,0.3460703513814769,0.43663604653439897,0.34625824946180916,0.2554670305228698,0.2578670371098525,0.4238247288133621,-0.12846588550854945,0.254241903465166,0.3891135642084991,0.4876447033967566,0.20091515980605532,0.2124230321870212,0.20223835250581035,0.3700028960433256,0.25900018988903034,0.2056059216710951,0.07061407174807535,0.029658666689123238,0.5731310163667697,0.28088019348641385,0.20650019936782607,0.042371126737861343
0.41054847492186286,1.7860647691516598,1.3005543205041548,0.09372012629040766,0.03532655080578119,0.577563312779329,0.37917729849851683,0.48758075787592386,0.3628656909380033,0.4121083717026645,0.4420644875441208,0.4619379268712771,0.4159299570218686,0.3830474841698616,0.36475875276647385,0.3979653679942262,0.4621456115870668,0.5099055993923132,0.2606239572063111,0.6000803780892661,0.38270477954608473,0.3736840044528981,0.21865046497095786,0.35514813123281,0.4038506026618487,0.342171018555134,0.5200969282622019,0.3526140195895174,0.5320953559804751,0.07749393053118897,0.34627138437509253,0.3784209026423882,0.3053402406053553,0.5113496132309576,0.3828768803644687,0.4721564620507173,0.6539275061866499,0.35851214103359785,0.37953734512028353,0.21360042022376416,0.3139450094953992,0.3769107682256856,0.3635739714944015,0.03611180227887009,0.031155748080140933,0.6570929735527287,0.5065766808099695,0.2659646347522146,0.2827385816308157
0.827869306700874,1.3005543205041548,3.00979104103447,0.19203594178318825,0.04728810817219216,0.7494899889825267,0.5473974449896937,0.6109277550304322,0.5289619985030113,0.602484776479666,0.6498792838319575,0.6886293358699855,0.5581216794734469,0.5239122134485845,0.5566861634745236,0.5091258726354289,0.6384578184268932,0.5131386006399268,0.39424406688407193,0.5704113934993538,0.4699941444482091,0.5528314745832651,0.3155085936610556,0.4923520648113012,0.6093324419445196,0.5566367509414286,0.42134514943563683,0.4217100543663433,0.9060590106579899,-0.1293074881847376,0.4399205556894784,0.5125486989741026,0.324929090798903,0.6875872963012938,0.5250284546627608,0.6508450512689065,0.8326163923458267,0.44341189570813877,0.41756694146708423,0.10984837322935825,0.4837347899637037,0.4577342413435846,0.3179243512558692,0.03907853396691855,0.08211970328226083,1.015055922654354,0.667488500874216,0.18825608753442707,-0.014127241461346866
0.19728122757272215,0.09372012629040766,0.19203594178318825,1.263178971384046,0.375219100351248,0.3373074757736706,0.3432998129542595,0.34360496364430976,0.26160963170870877,0.34893084617418085,0.31420167160970963,0.3254093256647296,0.3366026525999414,0.3083414371095809,0.25782036521411694,0.3180087976276007,0.32087648933524254,0.3161624609566136,0.2763519593740809,0.27506278013063534,0.25690516620390536,0.2725330241773187,0.23619785658955936,0.268983571958535,0.2724271860804212,0.2947688784059531,0.28868093827976976,0.22924701347697335,0.27912796634407666,0.16617285231871778,0.24869299331181632,0.2912240555838756,0.23946504568169982,0.3678015192643767,0.22430672590066195,0.3145044868645852,0.38915771304640395,0.1974908078907975,0.290703277198966,0.1984782013420196,0.24917271975671376,0.25379949733802193,0.27488614091698815,0.1493703280724941,-0.08684391324318058,0.3926094630666372,0.3930959848449205,0.19370731516176873,0.24650628137446629
0.42419003923312504,0.03532655080578119,0.04728810817219216,0.375219100351248,1.6519759932779972,0.22783113790039386,0.3887839891554044,0.21945309356400217,0.29077313231141105,0.25003302011517686,0.334152967531663,0.33310148746134277,0.33107786191639305,0.3424717757850894,0.41475743378803337,0.3838814776695172,0.2670099572795688,0.24141003685975695,0.7632117178584225,0.05572011032339024,0.30375141227148766,0.36229785751344756,0.1779556610522466,0.28719329437467905,0.35788775285772295,0.26848847539101134,0.3467649828086278,0.32903319474952586,0.3545216357578088,0.34572313355418255,0.2774053258040146,0.32140381707469534,0.3661359047627865,0.38879839273234895,0.2602713899883748,0.4825062024024318,0.464957827656235,0.1481252662724593,0.3163936089011372,0.1846996199398383,0.3030488326222499,0.2933323768433271,0.3052765574252644,0.034342887555866106,-0.10902347482083229,0.55743418593407,0.26028552735126836,0.19996793170616994,0.2335563821965339
0.25612370514702976,0.577563312779329,0.7494899889825267,0.3373074757736706,0.22783113790039386,0.9756753082783187,0.4051194870561713,0.6690567535650699,0.44828148150274505,0.4383740146345908,0.5214938158907264,0.5484767480074028,0.524208085596442,0.5433159918926589,0.37494861757185854,0.5314151661948706,0.6349511812485912,0.4230954573547969,0.5413858336572938,0.5570591783016791,0.46132620059263507,0.49248299476366864,0.2719393150305691,0.44686613520103435,0.5669499145933328,0.49288136883014094,0.5419044952362793,0.37346864572693644,0.7092810559458844,0.10700547182115358,0.378366509132542,0.5031625132688947,0.36243708920859746,0.6352334963170663,0.3707831722879379,0.4065728270409352,0.7505867511740266,0.37584540157224866,0.4802143238986029,0.30275305496566096,0.36462011667687166,0.44919930867684166,0.46863779404110534,0.06782364685608695,-0.038017384164245493,0.6777043950997973,0.8137576877188915,0.21438144691892683,0.35191906519724664
0.3339896366615048,0.37917729849851683,0.5473974449896937,0.3432998129542595,0.3887839891554044,0.4051194870561713,0.91802255179634,0.5308981768848464,0.4918228591912067,0.33808024804535175,0.5231552200806703,0.5889110308111762,0.5305630176153872,0.4387200045816345,0.4031396809360011,0.46098858355430195,0.49140713950094655,0.44531673459701543,0.3526308436825956,0.43213635987066407,0.39172891684845906,0.46385878497546784,0.2921189856484639,0.40907390574203567,0.35244050085569695,0.47639497403262515,0.4579155763278657,0.31229455790679905,0.4253070047990243,0.18699588491319513,0.36254293082152933,0.45362782099143,0.33432138878954887,0.5360719842715447,0.29667173182745166,0.623145240549863,0.4773555303906243,0.2692067758568542,0.4434732085534698,0.26685831659500786,0.3055206954891464,0.3867908170034853,0.40878434105973027,0.07033213295849172,-0.14767251278952134,0.6347019137604444,0.26259095474499494,0.2959034196660028,0.6447538028977439
0.15105743399873253,0.48758075787592386,0.6109277550304322,0.34360496364430976,0.21945309356400217,0.6690567535650699,0.5308981768848464,1.154046798824358,0.27665328704972547,0.5246858402594528,0.5398780339997673,0.4302798957376938,0.6315451570770845,0.5535265143388968,0.2658997953589019,0.526556374054856,0.6961571119652448,0.47510137129797164,0.4124813646341058,0.6112806735650703,0.4313163088442175,0.4095412418911469,0.3213935039632135,0.42794027289527514,0.5118014749350116,0.5273906229269435,0.55105211061036,0.32881914246836996,0.5822669499811155,0.09264811904763956,0.37728835219461493,0.48664274628228743,0.340708781112195,0.6982483848634338,0.3748949755665799,0.3874762369767474,0.7500330231500407,0.3670628062319328,0.5316344532245372,0.32227098679294414,0.41043991874407804,0.4266284645149362,0.4730030693992779,0.08237279056141997,-0.145397317885084,0.665903507720596,0.8562469367521457,0.294863565257351,0.474609469222052
0.21378666331683283,0.3628656909380033,0.5289619985030113,0.26160963170870877,0.29077313231141105,0.44828148150274505,0.4918228591912067,0.27665328704972547,1.0722831746141603,0.2847786977320818,0.3855423783005671,0.3919968004091316,0.43962390973737847,0.3621389793469838,0.49344644647672936,0.28136353190014524,0.41115331229864194,0.3796935504650983,0.3338411582049209,0.360398476382244,0.33211096831619374,0.5788235055714119,0.22423962654594629,0.40728327184633073,0.21069996822326262,0.4833876633417703,0.4823676976726598,0.3749844398430793,0.3711922931713376,0.19863729303585495,0.3401029027334564,0.391365946733399,0.3808156919877444,0.414688194647534,0.3192542988072272,0.45265503665444046,0.45118567431795537,0.23583857957790763,0.367874404633239,0.18958689039125953,0.3037271264639948,0.3249759249976562,0.3874362369981396,0.04383752051870532,-0.2099059099251045,0.5095158345782093,0.28268722853706457,0.1606240387943481,0.8996457440644912
0.3127890528560858,0.4121083717026645,0.602484776479666,0.34893084617418085,0.25003302011517686,0.4383740146345908,0.33808024804535175,0.5246858402594528,0.2847786977320818,0.8987841330091825,0.44731972475786264,0.4075931183288248,0.4974954145394907,0.4451723489071802,0.3611418506220061,0.44997113301293334,0.5789243241099656,0.41057539760108974,0.31395652532478224,0.5293793136203129,0.3574166914257495,0.34473313880384926,0.3151181928539892,0.3576758779396266,0.432749808814788,0.3766078354410669,0.5374492018492296,0.41374466990348513,0.4451584868086778,0.24264402249362316,0.3867439100854369,0.4015631359097312,0.3771679555678586,0.5945604441966311,0.4523132241590178,0.439855542103497,0.7328171088220939,0.33239964637933445,0.42926564990650484,0.2934719240253181,0.46519441599928635,0.36382470900067065,0.39256476472699203,0.0738646370557033,-0.1683983472009441,0.6727768298817806,0.7812998241544511,0.31901855477021956,0.3661576305104962
0.3145738020951421,0.4420644875441208,0.6498792838319575,0.31420167160970963,0.334152967531663,0.5214938158907264,0.5231552200806703,0.5398780339997673,0.3855423783005671,0.44731972475786264,0.7503580695442561,0.6224162241171695,0.5503720304783078,0.47168242920919407,0.49861506212931844,0.5161265478084102,0.5976717221341996,0.4131921807894584,0.39208669531433116,0.5207422177429936,0.41779126817814644,0.4281415429362394,0.3169512928103211,0.427431807898091,0.4181452374970513,0.4967857742715628,0.5046798132667099,0.40806339161024807,0.5169637223647777,0.14310738517493124,0.4063229103173663,0.47322286346804915,0.3847754467481508,0.5919504263202154,0.43061083091760266,0.518717199550571,0.6598396071613992,0.3264096441898646,0.4576595184824591,0.3002228166765046,0.38526274549788697,0.41510937673844894,0.42005060808835565,0.028381414002070896,-0.13197024968280885,0.7047534450003007,0.5908887316985734,0.2963293540940659,0.4247452539901927
0.3448597412231518,0.4619379268712771,0.6886293358699855,0.3254093256647296,0.33310148746134277,0.5484767480074028,0.5889110308111762,0.4302798957376938,0.3919968004091316,0.4075931183288248,0.6224162241171695,0.9260152467607232,0.4779869813172531,0.496783947321337,0.466383659813309,0.5548872989075707,0.5774297434756054,0.3968991654637229,0.4029337410331296,0.48798307665897434,0.4121813125923367,0.4470578820694672,0.3086203895184011,0.4111370677054915,0.4259304355654206,0.4947230549282821,0.5124771997363373,0.33725755226497994,0.5266161714150048,0.11593309443726141,0.38659672426869196,0.5165977997718334,0.37671200951173395,0.5789073754217771,0.3213632291970265,0.6186280779827559,0.5915815086138048,0.32086566261250865,0.43733941594272363,0.29468096813911876,0.3527524152887668,0.4055073555445943,0.4168930071544727,0.03361194625854985,-0.14235358623401737,0.6945962769789368,0.5067141476348913,0.30982091659586497,0.49338065653964674
0.2413788753946202,0.4159299570218686,0.5581216794734469,0.3366026525999414,0.33107786191639305,0.524208085596442,0.5305630176153872,0.6315451570770845,0.43962390973737847,0.4974954145394907,0.5503720304783078,0.4779869813172531,0.8261745202401041,0.48853702823932693,0.26240760508237704,0.5132562985574728,0.6056120038423951,0.45752167983535486,0.3832207647228518,0.533374399967363,0.4075571150145352,0.4535564713221994,0.33121919270077627,0.42473989768251863,0.43743887218200633,0.46361408072386046,0.4522193497214482,0.39555606846190194,0.5330115802112488,0.1807758877616483,0.3851628792929099,0.48812029162447074,0.37004851599131355,0.624311553987056,0.4423811164819408,0.46040008679048217,0.6663799527554984,0.32832189822311475,0.4895636651086667,0.30538443573241786,0.40106526107294477,0.4037027394511359,0.44502441952053745,0.075715697073703,-0.19640064303955426,0.6888319957737878,0.6498656759131617,0.2841711685828327,0.5449025521269766
0.2907581353950084,0.3830474841698616,0.5239122134485845,0.3083414371095809,0.3424717757850894,0.5433159918926589,0.4387200045816345,0.5535265143388968,0.3621389793469838,0.4451723489071802,0.47168242920919407,0.496783947321337,0.48853702823932693,0.8107218252476148,0.48696121381746166,0.6527199125046044,0.5690449398162554,0.3562985265404275,0.42132479708310605,0.5210734211246085,0.42192554034418317,0.4801240547528074,0.32768868492520187,0.4259271990205749,0.5249968126431438,0.5385060154125926,0.5420313773737623,0.4568680854963351,0.5470247493157047,0.2133899516979988,0.3746828303368382,0.5739237576848377,0.4385267801434148,0.6080109002009542,0.44840239214339533,0.41761479782394667,0.7529360814645276,0.35417859150563713,0.40180752130733693,0.3030995186157966,0.46521135201196084,0.4180599272264665,0.48993432086080796,0.04200489468287499,-0.20240352006880727,0.6764941831910122,0.7426600028023765,0.30942562714762284,0.7397951802287306
0.5014586344701936,0.36475875276647385,0.5566861634745236,0.25782036521411694,0.41475743378803337,0.37494861757185854,0.4031396809360011,0.2658997953589019,0.49344644647672936,0.3611418506220061,0.49861506212931844,0.466383659813309,0.26240760508237704,0.48696121381746166,1.3219281728165992,0.5236880090983964,0.3323270813693838,0.3178683098667921,0.3843321462353096,0.3457369805156896,0.3493931002426313,0.47151377471330125,0.2684663227255902,0.4104151106268197,0.335482968608536,0.5067669640981014,0.5169123248404857,0.46933087735114964,0.45533951722070265,0.2565914777851376,0.3354787975949361,0.4299108707116705,0.4450207390196375,0.42579771412076195,0.391226054836465,0.49127654121133946,0.5501114913575028,0.23732457030861373,0.2962759624436604,0.22482882862401335,0.40510754831181556,0.3533047703590357,0.3593744762897613,-0.008197318381378294,-0.18538378850556694,0.6514620092193575,0.40129236976680177,0.24344963438812403,0.5850125387662164
0.3207359349094491,0.3979653679942262,0.5091258726354289,0.3180087976276007,0.3838814776695172,0.5314151661948706,0.46098858355430195,0.526556374054856,0.28136353190014524,0.44997113301293334,0.5161265478084102,0.5548872989075707,0.5132562985574728,0.6527199125046044,0.5236880090983964,1.1474709236095355,0.6046350371531931,0.377496940334168,0.4374120770530075,0.5783294803140181,0.40985880858959106,0.5967138379380867,0.2340156033643039,0.4447431333936257,0.45821304798523155,0.44492674271696203,0.4770641508945546,0.44143959627535434,0.5803355950740154,0.20433893111864557,0.35992126825737975,0.5833877602346867,0.3834692303718483,0.6111809540342766,0.46926803156630725,0.4541893806633379,0.7299033256440723,0.36708012523207717,0.4606733437481694,0.33050882063910364,0.4402954167670963,0.4011336696990938,0.5226808867076232,0.031042794821696085,-0.1511746606719113,0.6637892106275046,0.7053192774386253,0.16475797992565333,0.65159472076945
0.16526409835704403,0.4621456115870668,0.6384578184268932,0.32087648933524254,0.2670099572795688,0.6349511812485912,0.49140713950094655,0.6961571119652448,0.41115331229864194,0.5789243241099656,0.5976717221341996,0.5774297434756054,0.6056120038423951,0.5690449398162554,0.3323270813693838,0.6046350371531931,1.4143126856582633,0.21887924205110432,0.42847228638210877,0.8178541536228762,0.49664058672078165,0.5036506259634046,0.4575257082747744,0.4247773251133523,0.6955331057373383,0.3916488676431092,0.8213786566364728,0.6001698706365618,0.5863875185719984,0.2085524380944992,0.543825876521594,0.5061888915414817,0.5716845167587576,0.7799645739034762,0.5891810827135345,0.5363210099935555,1.1519017633847823,0.4811099513944374,0.6293594392159233,0.43359544779809456,0.5007988202463896,0.4891976160470485,0.6141535537525117,0.05281160406735923,-0.1194686257488498,0.8908480768131435,1.0693828046278342,0.3828669142006819,0.47467438134546713
0.338027736878849,0.5099055993923132,0.5131386006399268,0.3161624609566136,0.24141003685975695,0.4230954573547969,0.44531673459701543,0.47510137129797164,0.3796935504650983,0.41057539760108974,0.4131921807894584,0.3968991654637229,0.45752167983535486,0.3562985265404275,0.3178683098667921,0.377496940334168,0.21887924205110432,1.0477200280412795,0.29320928813982816,0.2784252992339223,0.3467440405724121,0.35047590728951006,0.47570178678680825,0.4318028398111301,0.33747247126018726,0.3921579929669821,0.14689448751904538,0.2653920295531446,0.453743336818927,0.1487898536482042,0.2920463627895933,0.34865100920985465,0.27489803375321903,0.45249306820832963,0.25673537899635895,0.4311370851192376,0.44146500252555754,0.20417865921791103,0.35090829980821464,0.23111999123081067,0.3010759419779539,0.347264587594925,0.3341956322271815,0.05780158744336557,-0.12716508744437222,0.5187602892246904,0.4711364374498708,0.239538032067064,0.37272341113750396
0.294750840959899,0.2606239572063111,0.39424406688407193,0.2763519593740809,0.7632117178584225,0.5413858336572938,0.3526308436825956,0.4124813646341058,0.3338411582049209,0.31395652532478224,0.39208669531433116,0.4029337410331296,0.3832207647228518,0.42132479708310605,0.3843321462353096,0.4374120770530075,0.42847228638210877,0.29320928813982816,0.7971952538711237,0.21195515797385925,0.3682108153777088,0.41584890221977283,0.16435972903653936,0.3393388609738637,0.4845118619878467,0.3283796668702754,0.42319540227954305,0.3557442899636283,0.5404494625266095,0.2720443596318161,0.31728371390344057,0.3835034741379717,0.37691782433273946,0.4504992870057321,0.3080701099532189,0.4549275521276134,0.6026079158424886,0.23008978724381293,0.38169043550155257,0.21411339834627235,0.3402581121746074,0.35311230388129267,0.35105244454302215,0.03382734132473577,-0.045329813011141834,0.628980884982714,0.49170848163839953,0.17941304924506035,0.16772047997839895
0.22792302914103663,0.6000803780892661,0.5704113934993538,0.27506278013063534,0.05572011032339024,0.5570591783016791,0.43213635987066407,0.6112806735650703,0.360398476382244,0.5293793136203129,0.5207422177429936,0.48798307665897434,0.533374399967363,0.5210734211246085,0.3457369805156896,0.5783294803140181,0.8178541536228762,0.2784252992339223,0.21195515797385925,1.6361531164356096,0.46220765093841387,0.34884628462772144,0.11323154389324888,0.4325992573719837,0.4493287317795041,0.44617444928724387,0.8026324562138752,0.5615912856334105,0.3191871428341383,0.5508581916054511,0.5820557137856276,0.5001271459783233,0.5111799816908914,0.6988257514616268,0.5658690871241356,0.6568395100355808,1.2564528926830483,0.7609873968064782,0.6220496236959416,0.548373476453771,0.43947803941206387,0.47183178738125503,0.7907640300075985,0.13875193767004007,0.19198733181138553,0.8336342723826934,0.548902578935994,0.8166769296696635,1.0963113928437365
0.26529941940727925,0.38270477954608473,0.4699941444482091,0.25690516620390536,0.30375141227148766,0.46132620059263507,0.39172891684845906,0.4313163088442175,0.33211096831619374,0.3574166914257495,0.41779126817814644,0.4121813125923367,0.4075571150145352,0.42192554034418317,0.3493931002426313,0.40985880858959106,0.49664058672078165,0.3467440405724121,0.3682108153777088,0.46220765093841387,0.8468905662003162,0.333360776526774,0.3509129898671765,0.3050852273662577,0.4119178629607774,0.34910322072714706,0.38536060990908166,0.4373488103560345,0.43278904978205746,0.2879210687696259,0.47850672075774897,0.4125717244766624,0.38362821949138004,0.5291522745907505,0.449447991763722,0.6217948257334542,0.6753181220688359,0.33383926320020285,0.47979912329150565,0.39739026692550783,0.4653960544220957,0.8286554475962238,0.5016819246043062,0.015196063635955345,0.18230840594360334,0.6020000561354744,0.7643804110395872,0.37794818220695225,0.03137658613492509
0.3013128809655668,0.3736840044528981,0.5528314745832651,0.2725330241773187,0.36229785751344756,0.49248299476366864,0.46385878497546784,0.4095412418911469,0.5788235055714119,0.34473313880384926,0.4281415429362394,0.4470578820694672,0.4535564713221994,0.4801240547528074,0.47151377471330125,0.5967138379380867,0.5036506259634046,0.35047590728951006,0.41584890221977283,0.34884628462772144,0.333360776526774,1.1182027618692858,0.17852344880133877,0.39916243360784687,0.3106403027115606,0.4011160889585697,0.5629102807398919,0.3730692279895761,0.5502109088949009,0.16669267994458892,0.32495900378972836,0.5107574146683859,0.3992217184367654,0.5229425906649865,0.34213297335161097,0.4423153179537887,0.5069985318103825,0.2712865262383579,0.4472532841673293,0.20008658984157965,0.3551461168816765,0.314655048380227,0.551748018344409,0.027886062524321326,-0.27591229680026497,0.5733516691831134,0.48797497264968276,-0.3345075899198109,0.8776543984252015
0.38418826313161714,0.21865046497095786,0.3155085936610556,0.23619785658955936,0.1779556610522466,0.2719393150305691,0.2921189856484639,0.3213935039632135,0.22423962654594629,0.3151181928539892,0.3169512928103211,0.3086203895184011,0.33121919270077627,0.32768868492520187,0.2684663227255902,0.2340156033643039,0.4575257082747744,0.47570178678680825,0.16435972903653936,0.11323154389324888,0.3509129898671765,0.17852344880133877,2.202016700904452,0.30983416229378163,0.6783645540294566,0.18632514241006454,0.30881369614599696,0.561332152676811,0.4258508934862405,0.38754123923759715,0.5444891616939774,0.2241756285140551,0.8217808176088269,0.5163680842554262,0.3067134921508622,0.6150516960879092,1.1783271050063333,0.13313124916616673,0.5906726966512114,0.5108793930558607,0.37035760118521677,0.3713051429892585,0.44333781530402305,0.10224841240527052,-0.37836054955261483,1.004244697441801,0.9762273619229443,0.786558397707848,0.32996683462423454
0.10376427303422385,0.35514813123281,0.4923520648113012,0.268983571958535,0.28719329437467905,0.44686613520103435,0.40907390574203567,0.42794027289527514,0.40728327184633073,0.3576758779396266,0.427431807898091,0.4111370677054915,0.42473989768251863,0.4259271990205749,0.4104151106268197,0.4447431333936257,0.4247773251133523,0.4318028398111301,0.3393388609738637,0.4325992573719837,0.3050852273662577,0.39916243360784687,0.30983416229378163,0.9437087263596766,0.3085315629459221,0.3793084862552732,0.39046761205691916,0.34592144166673483,0.5335010520764029,0.27303289176037493,0.3341012976234813,0.38904487018750233,0.35389890530155377,0.4547022034836135,0.3353738770849545,0.5485382455535408,0.4978676138558688,0.25531441309720176,0.3208095814695075,0.2193093761160851,0.32089832081140296,0.3035563282607074,0.32736779750033707,0.011330707638006827,-0.17945169749021342,0.5780252311790969,0.45097789296762086,0.26066871650460605,0.559255574013041
0.49827367590492605,0.4038506026618487,0.6093324419445196,0.2724271860804212,0.35788775285772295,0.5669499145933328,0.35244050085569695,0.5118014749350116,0.21069996822326262,0.432749808814788,0.4181452374970513,0.4259304355654206,0.43743887218200633,0.5249968126431438,0.335482968608536,0.45821304798523155,0.6955331057373383,0.33747247126018726,0.4845118619878467,0.4493287317795041,0.4119178629607774,0.3106403027115606,0.6783645540294566,0.3085315629459221,2.006792664498516,0.4177709759504381,0.5161776964209513,0.5137553352868841,1.4131051374156007,0.4625479571414095,0.4168590690889574,0.41593669521318993,0.4725282545281821,0.6981704768406203,0.6375639832758195,0.36990763150324335,1.2194242678720812,0.3653649540385092,0.4318725333255608,0.31947881044242366,0.6220534729242069,0.4255812231903109,0.27830483318352134,0.043054084179420575,0.0344669950432934,1.168664492977904,1.0959795515036144,0.3113057304212127,-0.12916027985460682
0.3204901137272674,0.342171018555134,0.5566367509414286,0.2947688784059531,0.26848847539101134,0.49288136883014094,0.47639497403262515,0.5273906229269435,0.4833876633417703,0.3766078354410669,0.4967857742715628,0.4947230549282821,0.46361408072386046,0.5385060154125926,0.5067669640981014,0.44492674271696203,0.3916488676431092,0.3921579929669821,0.3283796668702754,0.44617444928724387,0.34910322072714706,0.4011160889585697,0.18632514241006454,0.3793084862552732,0.4177709759504381,1.9160393041917256,0.6559276783818837,0.5278987286384406,0.4726028763517873,-0.020016034340910673,0.34497173648682267,0.5960003068722742,0.5050796248908926,0.509594072573144,0.4718042536569039,0.2964900144576401,0.8683744905384952,0.37861207626836074,-0.1776770157882799,0.2857849745445775,0.7844866509934977,0.37454445132309466,0.33399958310127853,-0.017121459597526853,-0.24577230606072817,0.844194667038702,0.49524557563717153,0.48107770204012273,1.0335403014205669
0.29466261174238545,0.5200969282622019,0.42134514943563683,0.28868093827976976,0.3467649828086278,0.5419044952362793,0.4579155763278657,0.55105211061036,0.4823676976726598,0.5374492018492296,0.5046798132667099,0.5124771997363373,0.4522193497214482,0.5420313773737623,0.5169123248404857,0.4770641508945546,0.8213786566364728,0.14689448751904538,0.42319540227954305,0.8026324562138752,0.38536060990908166,0.5629102807398919,0.30881369614599696,0.39046761205691916,0.5161776964209513,0.6559276783818837,3.301939080528484,1.0109625753407614,0.2617623376400269,0.38064695862541875,0.6567261639538277,0.5239647246361822,1.0884751741288636,0.6742514845456253,0.8646881450579222,0.9096637949104717,1.3460975121295329,0.4780905910984027,0.38467538634107257,0.5251648280153216,0.5916296879921621,0.41021594827037483,0.8185804085497246,0.001400900495491639,-0.500297327125668,1.3048018751303625,0.49932522399703033,0.7824530780727026,1.220759900265313
0.3460703513814769,0.3526140195895174,0.4217100543663433,0.22924701347697335,0.32903319474952586,0.37346864572693644,0.31229455790679905,0.32881914246836996,0.3749844398430793,0.41374466990348513,0.40806339161024807,0.33725755226497994,0.39555606846190194,0.4568680854963351,0.46933087735114964,0.44143959627535434,0.6001698706365618,0.2653920295531446,0.3557442899636283,0.5615912856334105,0.4373488103560345,0.3730692279895761,0.561332152676811,0.34592144166673483,0.5137553352868841,0.5278987286384406,1.0109625753407614,1.8880698799714992,0.24402901205672248,0.5445268826928974,0.6102931305754166,0.3960865200252422,1.1916995334052523,0.4531101207214645,1.3080189802469213,0.5034574555814358,1.4491604494935422,0.38491068280870616,0.3387154823565442,0.49553466353061376,0.5615960111094128,0.46587588189268153,0.596004784482912,-0.03855554457746879,-0.11161222585302365,1.0660377284939386,0.7730506441689121,0.6489923012467314,0.4197577158872705
0.43663604653439897,0.5320953559804751,0.9060590106579899,0.27912796634407666,0.3545216357578088,0.7092810559458844,0.4253070047990243,0.5822669499811155,0.3711922931713376,0.4451584868086778,0.5169637223647777,0.5266161714150048,0.5330115802112488,0.5470247493157047,0.45533951722070265,0.5803355950740154,0.5863875185719984,0.453743336818927,0.5404494625266095,0.3191871428341383,0.43278904978205746,0.5502109088949009,0.4258508934862405,0.5335010520764029,1.4131051374156007,0.4726028763517873,0.2617623376400269,0.24402901205672248,3.329702365525056,0.22040622156920714,0.04264378977937952,0.5164729762864044,0.16073729205900367,0.7194402531087508,0.5469008410230817,0.16369286153634108,0.7330598457817417,0.1383051594625604,0.40767153842559584,0.23389878150664922,0.6611272732013601,0.42230182021192764,-0.01888672039478255,-0.26904981453392696,0.06296816633983784,1.1249549304964532,1.2387325270810023,-0.0998605395180282,0.4061236596083038
0.34625824946180916,0.07749393053118897,-0.1293074881847376,0.16617285231871778,0.34572313355418255,0.10700547182115358,0.18699588491319513,0.09264811904763956,0.19863729303585495,0.24264402249362316,0.14310738517493124,0.11593309443726141,0.1807758877616483,0.2133899516979988,0.2565914777851376,0.20433893111864557,0.2085524380944992,0.1487898536482042,0.2720443596318161,0.5508581916054511,0.2879210687696259,0.16669267994458892,0.38754123923759715,0.27303289176037493,0.4625479571414095,-0.020016034340910673,0.38064695862541875,0.5445268826928974,0.22040622156920714,2.6260709203511134,0.5663568159400619,0.16595991401927493,0.5886501031345704,0.0017588074263368417,0.575631557541254,0.989630577618869,0.9962647752495052,0.40498421388713324,0.43962604564649344,0.34150282393142783,0.7070119653776791,0.3090604809638827,0.7676365212476982,0.23654216219938795,0.2252986291446623,0.7188472669026896,0.5108901344457187,0.6849316669354483,0.23817100666202234
0.2554670305228698,0.34627138437509253,0.4399205556894784,0.24869299331181632,0.2774053258040146,0.378366509132542,0.36254293082152933,0.37728835219461493,0.3401029027334564,0.3867439100854369,0.4063229103173663,0.38659672426869196,0.3851628792929099,0.3746828303368382,0.3354787975949361,0.35992126825737975,0.543825876521594,0.2920463627895933,0.31728371390344057,0.5820557137856276,0.47850672075774897,0.32495900378972836,0.5444891616939774,0.3341012976234813,0.4168590690889574,0.34497173648682267,0.6567261639538277,0.6102931305754166,0.04264378977937952,0.5663568159400619,1.534302704939247,0.3480522348569776,0.6619931802922447,0.5786209880934217,0.5521921897766952,1.2771929888357918,1.1436769046889235,0.503547611317968,0.4740405391482692,0.39993481744797427,0.49603092568218965,0.4837358447082177,0.5323469684273938,0.09043419475117086,0.07677182198454736,1.0764637106850472,0.6572617884111976,0.6048694140731121,-0.46053000936256266
0.2578670371098525,0.3784209026423882,0.5125486989741026,0.2912240555838756,0.32140381707469534,0.5031625132688947,0.45362782099143,0.48664274628228743,0.391365946733399,0.4015631359097312,0.47322286346804915,0.5165977997718334,0.48812029162447074,0.5739237576848377,0.4299108707116705,0.5833877602346867,0.5061888915414817,0.34865100920985465,0.3835034741379717,0.5001271459783233,0.4125717244766624,0.5107574146683859,0.2241756285140551,0.38904487018750233,0.41593669521318993,0.5960003068722742,0.5239647246361822,0.3960865200252422,0.5164729762864044,0.16595991401927493,0.3480522348569776,0.7683863614573387,0.4015025826444182,0.6053780209564608,0.3694073175298562,0.4573905842251702,0.5619348211791254,0.34820008614714276,0.36535495504045795,0.2601880746958187,0.4224830569995881,0.4085771981811202,0.4253556196484121,0.032549264910076287,-0.22907899869958684,0.6402032749846247,0.621439482618096,0.2346929968983548,0.6369175062196126
0.4238247288133621,0.3053402406053553,0.324929090798903,0.23946504568169982,0.3661359047627865,0.36243708920859746,0.33432138878954887,0.340708781112195,0.3808156919877444,0.3771679555678586,0.3847754467481508,0.37671200951173395,0.37004851599131355,0.4385267801434148,0.4450207390196375,0.3834692303718483,0.5716845167587576,0.27489803375321903,0.37691782433273946,0.5111799816908914,0.38362821949138004,0.3992217184367654,0.8217808176088269,0.35389890530155377,0.4725282545281821,0.5050796248908926,1.0884751741288636,1.1916995334052523,0.16073729205900367,0.5886501031345704,0.6619931802922447,0.4015025826444182,2.073749772659571,0.23062301144884956,0.307065672915879,0.3832911986306786,1.7572315773709737,0.3793540536639047,0.1760535732017801,0.3817056475365224,0.302272726910322,0.3943786299288992,0.584614795452603,0.0011449210818318962,-0.420736729298394,1.064838848625073,0.9163873815313899,0.8169169780092191,0.7355590954724626
-0.12846588550854945,0.5113496132309576,0.6875872963012938,0.3678015192643767,0.38879839273234895,0.6352334963170663,0.5360719842715447,0.6982483848634338,0.414688194647534,0.5945604441966311,0.5919504263202154,0.5789073754217771,0.624311553987056,0.6080109002009542,0.42579771412076195,0.6111809540342766,0.7799645739034762,0.45249306820832963,0.4504992870057321,0.6988257514616268,0.5291522745907505,0.5229425906649865,0.5163680842554262,0.4547022034836135,0.6981704768406203,0.509594072573144,0.6742514845456253,0.4531101207214645,0.7194402531087508,0.0017588074263368417,0.5786209880934217,0.6053780209564608,0.23062301144884956,2.000538964755403,0.7288864298298517,0.6234639620255502,1.17453706087629,0.45690071484820605,0.6587974646840296,0.3030875668311726,0.5260629957624293,0.5524292912470418,0.5818753077577098,0.06219076704789726,-0.2987439902580389,1.0848703907981394,1.034256450238863,0.4616682784830182,0.8024019544020458
0.254241903465166,0.3828768803644687,0.5250284546627608,0.22430672590066195,0.2602713899883748,0.3707831722879379,0.29667173182745166,0.3748949755665799,0.3192542988072272,0.4523132241590178,0.43061083091760266,0.3213632291970265,0.4423811164819408,0.44840239214339533,0.391226054836465,0.46926803156630725,0.5891810827135345,0.25673537899635895,0.3080701099532189,0.5658690871241356,0.449447991763722,0.34213297335161097,0.3067134921508622,0.3353738770849545,0.6375639832758195,0.4718042536569039,0.8646881450579222,1.3080189802469213,0.5469008410230817,0.575631557541254,0.5521921897766952,0.3694073175298562,0.307065672915879,0.7288864298298517,2.674519101411829,0.48628705668059974,1.0754010253021844,0.362370610833264,0.5043383838762079,0.6085390528540556,0.7082367051691643,0.4871107758613061,0.5042826534485757,-0.038279210267394705,0.1571017221458263,1.0543880900961649,0.794343070603568,0.3498418343262101,-0.13143314354610666
0.3891135642084991,0.4721564620507173,0.6508450512689065,0.3145044868645852,0.4825062024024318,0.4065728270409352,0.623145240549863,0.3874762369767474,0.45265503665444046,0.439855542103497,0.518717199550571,0.6186280779827559,0.46040008679048217,0.41761479782394667,0.49127654121133946,0.4541893806633379,0.5363210099935555,0.4311370851192376,0.4549275521276134,0.6568395100355808,0.6217948257334542,0.4423153179537887,0.6150516960879092,0.5485382455535408,0.36990763150324335,0.2964900144576401,0.9096637949104717,0.5034574555814358,0.16369286153634108,0.989630577618869,1.2771929888357918,0.4573905842251702,0.3832911986306786,0.6234639620255502,0.48628705668059974,4.651257534477056,0.42687377574080904,0.4320580619940562,0.6283666956428847,0.7567444525354046,0.1951160114236847,0.5719931799001923,1.051225224044954,-0.08571065898772885,0.1717038161203384,1.670450890776257,-0.5087842796205829,1.2173504695248027,-1.0980569446899293
0.4876447033967566,0.6539275061866499,0.8326163923458267,0.38915771304640395,0.464957827656235,0.7505867511740266,0.4773555303906243,0.7500330231500407,0.45118567431795537,0.7328171088220939,0.6598396071613992,0.5915815086138048,0.6663799527554984,0.7529360814645276,0.5501114913575028,0.7299033256440723,1.1519017633847823,0.44146500252555754,0.6026079158424886,1.2564528926830483,0.6753181220688359,0.5069985318103825,1.1783271050063333,0.4978676138558688,1.2194242678720812,0.8683744905384952,1.3460975121295329,1.4491604494935422,0.7330598457817417,0.9962647752495052,1.1436769046889235,0.5619348211791254,1.7572315773709737,1.17453706087629,1.0754010253021844,0.42687377574080904,5.280450024866961,1.025925724334521,0.2575785799368804,0.7503800794083569,1.2453292394434214,0.6677727812370823,1.124314448703358,0.012473251411233245,0.9693379350813295,2.4676941082910173,1.9220434897978143,1.3253391137951822,0.8467994014985859
0.20091515980605532,0.35851214103359785,0.44341189570813877,0.1974908078907975,0.1481252662724593,0.37584540157224866,0.2692067758568542,0.3670628062319328,0.23583857957790763,0.33239964637933445,0.3264096441898646,0.32086566261250865,0.32832189822311475,0.35417859150563713,0.23732457030861373,0.36708012523207717,0.4811099513944374,0.20417865921791103,0.23008978724381293,0.7609873968064782,0.33383926320020285,0.2712865262383579,0.13313124916616673,0.25531441309720176,0.3653649540385092,0.37861207626836074,0.4780905910984027,0.38491068280870616,0.1383051594625604,0.40498421388713324,0.503547611317968,0.34820008614714276,0.3793540536639047,0.45690071484820605,0.362370610833264,0.4320580619940562,1.025925724334521,0.9999897521456499,0.22216343635422758,0.3358741250197014,0.45683947568611927,0.3330244613546202,0.5295755298657928,0.19535214416861887,0.28320041939738794,0.6540013487311869,0.5591564267870117,0.5577773138133375,0.2834899083311334
0.2124230321870212,0.37953734512028353,0.41756694146708423,0.290703277198966,0.3163936089011372,0.4802143238986029,0.4434732085534698,0.5316344532245372,0.367874404633239,0.42926564990650484,0.4576595184824591,0.43733941594272363,0.4895636651086667,0.40180752130733693,0.2962759624436604,0.4606733437481694,0.6293594392159233,0.35090829980821464,0.38169043550155257,0.6220496236959416,0.47979912329150565,0.4472532841673293,0.5906726966512114,0.3208095814695075,0.4318725333255608,-0.1776770157882799,0.38467538634107257,0.3387154823565442,0.40767153842559584,0.43962604564649344,0.4740405391482692,0.36535495504045795,0.1760535732017801,0.6587974646840296,0.5043383838762079,0.6283666956428847,0.2575785799368804,0.22216343635422758,1.8942959927247052,0.4573374791421009,0.1341990003275572,0.4685906863005181,0.5940130392265868,0.15928659842526707,-0.006883966336187573,0.3880772051719551,0.6041923797168893,0.14426673713565782,0.4266379986114845
0.20223835250581035,0.21360042022376416,0.10984837322935825,0.1984782013420196,0.1846996199398383,0.30275305496566096,0.26685831659500786,0.32227098679294414,0.18958689039125953,0.2934719240253181,0.3002228166765046,0.29468096813911876,0.30538443573241786,0.3030995186157966,0.22482882862401335,0.33050882063910364,0.43359544779809456,0.23111999123081067,0.21411339834627235,0.548373476453771,0.39739026692550783,0.20008658984157965,0.5108793930558607,0.2193093761160851,0.31947881044242366,0.2857849745445775,0.5251648280153216,0.49553466353061376,0.23389878150664922,0.34150282393142783,0.39993481744797427,0.2601880746958187,0.3817056475365224,0.3030875668311726,0.6085390528540556,0.7567444525354046,0.7503800794083569,0.3358741250197014,0.4573374791421009,1.4617948053367018,0.19940893381955996,0.36891752319971455,0.7750231109238493,0.06922962413178213,0.2275172593037097,0.8834829052359998,0.3426934085059324,0.7164301023044675,0.5508704635179333
0.3700028960433256,0.3139450094953992,0.4837347899637037,0.24917271975671376,0.3030488326222499,0.36462011667687166,0.3055206954891464,0.41043991874407804,0.3037271264639948,0.46519441599928635,0.38526274549788697,0.3527524152887668,0.40106526107294477,0.46521135201196084,0.40510754831181556,0.4402954167670963,0.5007988202463896,0.3010759419779539,0.3402581121746074,0.43947803941206387,0.4653960544220957,0.3551461168816765,0.37035760118521677,0.32089832081140296,0.6220534729242069,0.7844866509934977,0.5916296879921621,0.5615960111094128,0.6611272732013601,0.7070119653776791,0.49603092568218965,0.4224830569995881,0.302272726910322,0.5260629957624293,0.7082367051691643,0.1951160114236847,1.2453292394434214,0.45683947568611927,0.1341990003275572,0.19940893381955996,2.8448974648275414,0.5346689922873279,-0.06767655616189332,0.07674564342675805,-0.7825940154025676,1.641101689263534,1.2717705978711569,0.5080595983214701,0.7237063812196679
0.25900018988903034,0.3769107682256856,0.4577342413435846,0.25379949733802193,0.2933323768433271,0.44919930867684166,0.3867908170034853,0.4266284645149362,0.3249759249976562,0.36382470900067065,0.41510937673844894,0.4055073555445943,0.4037027394511359,0.4180599272264665,0.3533047703590357,0.4011336696990938,0.4891976160470485,0.347264587594925,0.35311230388129267,0.47183178738125503,0.8286554475962238,0.314655048380227,0.3713051429892585,0.3035563282607074,0.4255812231903109,0.37454445132309466,0.41021594827037483,0.46587588189268153,0.42230182021192764,0.3090604809638827,0.4837358447082177,0.4085771981811202,0.3943786299288992,0.5524292912470418,0.4871107758613061,0.5719931799001923,0.6677727812370823,0.3330244613546202,0.4685906863005181,0.36891752319971455,0.5346689922873279,1.2036223330830091,0.41396713802241947,-0.01964443065534089,0.22616024555320502,0.5507172775416016,0.8964454323706122,0.440606553269131,-0.05037156629622785
