2.775587389925553,0.9829412345978086,0.8017617077800947,0.4815461947243756,0.7428194743869518,0.5791087154016223,0.726619368528716,0.6738107518049385,0.5209332402899682,0.6034060882564176,0.66601119116861,0.6288055537932103,0.41962066270509696,0.6552521410235338,0.5905932368172246,0.5863745728349253,0.5590207851491675,0.5790221679683843,0.5887557281376363,0.5084309839050183,0.6500448685914547,0.5386591713375836,0.2254224154315429,0.25910936308809535,0.6579342016323411,0.36164322726833525,0.6758304284436264,0.3950588846739525,0.5961837453003784,0.2921007310483519,0.6590178619986016,0.45739101582647185,0.28032546834431205,-0.4529987620205364,0.49995046659246417,0.6710496511709806,0.7982854734806167,0.8933831284709427,0.6171548231121036,0.417459684480782,0.5848552399608037,0.5549173133129196,0.6188762708365826,0.10724165690186563,0.7108737256441793,0.7204979532513256,0.4007292308369111,-0.33975902538710584,0.34068503020052016,0.23289346567701028,-0.13759144439990922,0.1266754547195282,0.06760685855993122,-0.06303352836705789,0.33788573368262276,-0.24907876118616645,0.2518067960979242,0.003482636997210001,-0.2727361241241561
0.9829412345978086,2.9879329513630775,1.1797125849877588,0.28758959438670884,0.19468161371215265,0.35169917283039975,0.4656072251657884,0.478127904078445,0.43536011351953263,0.34773404478423203,0.5196241889993475,0.41330295692338553,0.3109010245597993,0.46252084486770234,0.5271225504927621,0.27362774823557773,0.32875011015511274,0.5518161352957394,0.4946310138174114,0.5216369519258346,0.5664104569745227,0.33971389045232414,0.04861577802930904,0.2416628986363568,0.40138261487759486,0.35943522204594597,0.37332971930652364,0.4293937203112751,0.6373858133572569,0.0637828129495654,0.5043014621125955,0.39234436064089584,0.27793107280503926,0.19175702241481254,0.5388111135122322,0.4166086678003637,0.9230438630915927,0.6804629981613102,0.42337488642796584,-0.001464865572970495,0.5232669698350999,0.46752026950733777,0.5606852518999842,0.06068560722403022,0.8086466461799364,0.486153547113689,0.29851176241584787,-0.09732298781495183,0.017464510643055584,0.15211461558107445,0.0021767551326255428,0.27441269152668624,-0.08382621986023121,-0.22631293347659776,-0.507778905568485,-0.27570810349654773,-0.19918375963452906,0.48892102754470507,0.15723286201350936
0.8017617077800947,1.1797125849877588,2.1202360715529562,0.07967982157967084,-0.2799130097886355,0.37368557654980017,0.3100137501799816,0.36111913928804906,0.4977029664670328,0.30617888506361446,0.41997047161180445,0.32117139755195967,0.2479326566800365,0.39082828038079104,0.45617329340149915,0.1888753348459318,0.3676227625631611,0.4319638425044849,0.451335456549962,0.31542293730121823,0.4651708177861009,0.3680238193271928,0.16154457479909695,0.251402364505294,0.3909317314146932,0.2144642859742377,0.25441841222496514,0.4168115246283422,0.6208819351184283,-0.18233978398420603,0.42150654518813246,0.30634789456478617,0.28761908724135277,0.2683267677794299,0.6253469109305827,0.3846186274625793,0.6614496877216985,0.5117492925417206,0.42210756451332454,-0.2562276001935104,0.47706193059459173,0.37120970261755004,0.44919322169165216,0.11239808112331946,0.5286641678401689,0.557530115360018,0.17244265386143195,-0.24988130334460812,0.043750568011625864,-0.03233993362517687,-0.06513554797645485,0.20933073593887672,-0.01407189128764237,-0.30549845766251527,-0.06487435762656645,-0.13119330913949978,0.02799236633682162,-0.10232258103509452,0.06780578754331187
0.4815461947243756,0.28758959438670884,0.07967982157967084,1.081286801906333,0.7522730784961419,0.4531163527660778,0.43984608075862236,0.4474349530746227,0.27360127654657573,0.4413652298366904,0.39803564427342736,0.4722334506602648,0.2581158393510207,0.4163831762639557,0.3164994275244763,0.4485370737969142,0.37128719978971314,0.3127464719143585,0.31756985416595096,0.3291486277393864,0.33489342872447053,0.335773887884886,0.24558483572032538,0.2700220589852037,0.36861188900983555,0.29239195475588153,0.3991759702937415,0.0750076896310848,0.41640315772475067,0.17143966221314125,0.31867059781510365,0.3784815836441316,0.15309289827651892,0.330730555829211,-0.010078964199146662,0.4273297010349572,0.25031940019009014,0.45592532800054636,0.40217897225287946,0.3725470649754344,0.23950583552169044,0.2965426198957729,0.36302738409556956,0.053386129816372835,0.37397584695447994,0.3422092558524975,0.2621586545132664,0.028288332117885274,0.14495977044869707,-0.02881900460916494,0.004111448231326213,0.06278894543243912,0.0683788764958798,-0.004289886939827893,0.13072868359397904,-0.08627132815910671,-0.024884093464946418,0.07222539720938614,-0.09067309970580997
0.7428194743869518,0.19468161371215265,-0.2799130097886355,0.7522730784961419,1.4482061628100367,0.5322049272606751,0.47176031438658167,0.5118934333343463,0.2863287488310427,0.5591513586208879,0.43008534560934425,0.5346278013655642,0.32411807695594036,0.41565461427214356,0.36872804281668076,0.5477239832904349,0.3961324289828167,0.3474352189400805,0.3119190687995155,0.3747332958213597,0.33955653203656033,0.3701097956708678,0.30557649947616666,0.31107514266061276,0.40597334484621683,0.3169907040131598,0.4673995683109158,0.0421213234558216,0.42126555528292253,0.2722891131347397,0.36868108205672323,0.393774440914586,0.11660394074947618,0.22893979188402527,-0.07109262651251042,0.528490003345504,0.23523444448238381,0.522042390452206,0.4447782956777888,0.5625374880236997,0.25089273941558116,0.32450809767711736,0.30219403707330583,0.05867149836094304,0.3243409020433875,0.3587885252964064,0.3118475088358433,0.0681482062449874,0.26125696939636023,0.12011996248052609,0.022623060193803845,0.07113057178342991,0.0690632303944313,0.08024457215571743,0.18688974773580508,-0.11829130241515173,0.026396233277044556,-0.08079891896930307,0.03378794028570781
0.5791087154016223,0.35169917283039975,0.37368557654980017,0.4531163527660778,0.5322049272606751,0.913206094911618,0.15882525630579117,0.5111711462540365,0.41453340511403186,0.360718881558621,0.43243577460598637,0.4359725540379046,0.29122252741964094,0.4606838382662768,0.3760098604924508,0.41972086700623285,0.42935102830083804,0.33755436438476977,0.4097111939941951,0.450747129633819,0.4198321889652685,0.3969678679405771,0.1758475793236824,0.3017972612459643,0.4055973622592059,0.3480023652475814,0.5137581929314405,0.22002298221746813,0.4918689863150985,0.2043911670045572,0.38563220227639355,0.41700094596780934,0.09094604825357488,0.3474646619378016,0.32157902632245666,0.42315256253099065,0.40382693604726533,0.5229223334257429,0.4916234734836113,0.3447867712150361,0.323829401309102,0.36268615676534305,0.5286858405839692,0.07672089920995412,0.5769917268819678,0.3777467046065039,0.35321766653657877,0.003880358249887051,0.33678485868882696,-0.02892118763268595,-0.08881608797564434,0.07386876429889236,0.04899027427183047,-0.0014812119483544523,0.16050905573073374,-0.10703285547177194,0.06768801007816806,0.06765286316929431,-0.21310624563040273
0.726619368528716,0.4656072251657884,0.3100137501799816,0.43984608075862236,0.47176031438658167,0.15882525630579117,0.9181883341161493,0.30266495133182236,0.3425188887966543,0.4384195520980346,0.3735168506492503,0.4588956921461186,0.23115040860233782,0.27470727959315466,0.326177606671556,0.3090130976043655,0.38611899287892404,0.37363263877205855,0.33790398768794083,0.23526908687868409,0.3643781963844388,0.33954590023208814,0.33408291304085086,0.25818878566494513,0.3780526909259373,0.2379106126640115,0.3553449570584213,0.16942089635182797,0.4058972158986059,0.1764877564536672,0.3324035357262289,0.2607366837730625,0.2833461505418628,0.23377208254259102,0.11441805009800235,0.4530067097552875,0.33144121440111785,0.39403116423979234,0.41853130434369207,0.23568189581701587,0.301696559306209,0.30494712356680787,0.3044013999046822,0.058348645438733124,0.34865903376621227,0.3929281905316264,0.23164225030571564,-0.06219448475694915,0.22347936472518895,-0.22278819225113763,-0.025422325729452397,-0.011037252213086763,0.04963150597149027,-0.06471380510501601,-0.007532807993573736,0.019466744637772298,0.10958339061243726,0.09984636105410727,-0.30028997584646117
0.6738107518049385,0.478127904078445,0.36111913928804906,0.4474349530746227,0.5118934333343463,0.5111711462540365,0.30266495133182236,0.9165573726616304,0.2688472366617273,0.538089843389945,0.5169043729725878,0.3470939405050738,0.3330570293134754,0.45820992920006026,0.4046941680225523,0.4168686898519934,0.4379403664748257,0.4811433428402001,0.45493252299928,0.36835535803530584,0.3963115707433244,0.3621553746819488,0.24670598510067807,0.289641599536037,0.4531646452235396,0.38273293818811704,0.5510358080343506,0.23057663929318997,0.38915270834680904,0.26273013116014615,0.42781730510791416,0.3601344985505707,0.1165095082452571,0.358062940684757,0.4117920901093147,0.4418725093161914,0.5141134798310342,0.5268214921281152,0.549422481919037,0.26982933558455874,0.43870654559923666,0.34992373982107683,0.5500605410198147,0.08579858929623156,0.5071212883013736,0.45293007360550924,0.41222455086978355,-0.08902891880692528,0.3224418036388361,0.16270631314183528,-0.043911250438555136,0.13556356277104353,0.029436893822966322,-0.14129420092580988,0.09028005145801828,-0.2375358302546467,0.14302627694736142,0.1611572278781976,-0.13203695692677903
0.5209332402899682,0.43536011351953263,0.4977029664670328,0.27360127654657573,0.2863287488310427,0.41453340511403186,0.3425188887966543,0.2688472366617273,0.9185006676179043,0.1951633910705436,0.27828773494773296,0.3358526400083636,0.23165016926747478,0.33270791167880664,0.3323622191372578,0.1758287077287595,0.26450086225281455,0.26788898217501955,0.20128789273656408,0.35019290713278517,0.3300362896871935,0.4249530714648436,0.2821501138777772,0.26546498623321296,0.30758499631301556,0.35760759630391054,0.3112527170566223,0.1554823380002727,0.31876085161549517,0.17869736624629826,0.2715099314295003,0.3012406168237696,0.24759937420114847,0.34192027106575296,0.19888370120681598,0.37290576306454415,0.24199787912019086,0.3051754264367657,0.3746285000380226,0.1588447113622721,0.26824629343342665,0.27786754426178634,0.35166474451692475,0.06734369397269718,0.4487322374942463,0.3688982430854428,0.2525840657450288,-0.0026204775424202146,0.1268447323498141,-0.31704895397444216,0.0525070993053479,-0.04633513757068307,0.24931691121587796,-0.06395081809850048,0.044620256436623595,0.08683599860181611,0.11629119396298215,0.0607736238716292,-0.49230113154167304
0.6034060882564176,0.34773404478423203,0.30617888506361446,0.4413652298366904,0.5591513586208879,0.360718881558621,0.4384195520980346,0.538089843389945,0.1951633910705436,1.0941340933376138,0.40659785246232916,0.417908323526977,0.2970707838700218,0.3609584079313776,0.3945924515501505,0.4690054773332338,0.4827896633589693,0.4648561204377544,0.4585396309436284,0.18802074228707705,0.3722264832041504,0.35972825789852847,0.3459327095751458,0.29324916427014314,0.41025524663589324,0.2621788028819612,0.5131914924031912,0.2206817398385606,0.48135375681052844,0.22608525844347585,0.39431684318871585,0.326861117975626,0.09317137845796315,0.35446413595071635,0.3411082759728344,0.5190312752704147,0.3961969111325756,0.43713291082369454,0.5220689336800909,0.3477725963164454,0.49423922200093984,0.33398055037141355,0.40276941950710404,0.09671643436733685,0.36335099043832886,0.4540665736994144,0.35259957953308924,-0.14214607347765407,0.4130118521585787,0.14568037800963843,-0.040308138371544476,-0.05106508865250004,-0.03005825090232928,-0.0001703050815304133,0.2121175624799292,-0.027284681970227105,0.22564813768598632,-0.1898738932534012,-0.10832396146795928
0.66601119116861,0.5196241889993475,0.41997047161180445,0.39803564427342736,0.43008534560934425,0.43243577460598637,0.3735168506492503,0.5169043729725878,0.27828773494773296,0.40659785246232916,0.9053097773069793,0.414399589022308,0.28688678251062777,0.4470559266130062,0.4796181334522927,0.37022021303707414,0.37938405405479636,0.44837213714326835,0.3412152989473569,0.4417585659029038,0.40702000451728276,0.31017081698701254,0.2549574007955265,0.2829845963077631,0.4277363867148227,0.3134177226415836,0.4087144574661144,0.2237123484331275,0.4699295260769254,0.1533346142181502,0.4113856574139419,0.3736381414295515,0.15420627250920288,0.26199003138041277,0.35441932991496117,0.46018189580665747,0.42519796844420465,0.4785262708533749,0.5126429646234355,0.2389997329869504,0.3848031084709498,0.35417000624758577,0.40110912058806464,0.06914917133504693,0.47984089590606993,0.44772583601552746,0.31449595986585516,-0.04113857598312759,0.11621235402462168,0.08144892245505556,-0.004239241212826121,0.08704602710361341,0.13534860447568664,-0.0839112978994683,-0.0873191828707617,-0.13445185983408697,0.05118789627007224,0.19244086295517596,-0.1670606799623244
0.6288055537932103,0.41330295692338553,0.32117139755195967,0.4722334506602648,0.5346278013655642,0.4359725540379046,0.4588956921461186,0.3470939405050738,0.3358526400083636,0.417908323526977,0.414399589022308,0.7591960240641268,0.24969108974019832,0.4141487967007157,0.37319652475933723,0.4189259898302291,0.4078935387332121,0.32102810217875966,0.3699578277945056,0.33092081355332964,0.38938256548808,0.3516035217620987,0.22353774726093925,0.25007396528586606,0.4194558737597259,0.33495971268576347,0.4824184962157937,0.18777947786225468,0.456410326799973,0.11993594165805846,0.36500742490724636,0.3967654047003075,0.1034802052485981,0.2850907261370499,0.3191576694649507,0.46888857176098514,0.28945639863208633,0.453989536364902,0.4477418347792416,0.30899913590760375,0.40616071362836587,0.34621064944271623,0.3926791954397387,0.049154617556681726,0.536764913652347,0.37835380919339745,0.23577047713556654,-0.02838080281507826,0.32304433154117945,-0.05630337037428063,-0.027650955071315673,0.02647099023477434,0.06124663650652283,0.03458698734517029,0.03458238239237109,0.03463889008654364,-0.012040745115779477,0.11157584146665052,-0.37029232541876067
0.41962066270509696,0.3109010245597993,0.2479326566800365,0.2581158393510207,0.32411807695594036,0.29122252741964094,0.23115040860233782,0.3330570293134754,0.23165016926747478,0.2970707838700218,0.28688678251062777,0.24969108974019832,0.4345332788693544,0.251688026414474,0.2075400856911569,0.28301121423631787,0.26798694076008706,0.2870842360255677,0.25291709731261186,0.2357378216747991,0.23852144775156353,0.31492331641428645,0.15364966179384598,0.20922626977278638,0.2676662654744863,0.23761033339329235,0.2794049159984198,0.17390207324538387,0.31038884146725715,0.11605992075242115,0.2469639293677383,0.22494513146411632,0.15006447160328815,0.17256805604747077,0.22282900810713213,0.272146699818974,0.3019787743331403,0.29755124963083657,0.27861883914109137,0.19051153237356402,0.26491337104328483,0.22043691403412471,0.28158465974004016,0.06810554634138993,0.2249772067191468,0.2828595269250267,0.21586640633396867,-0.05685820770949587,0.21623640466252878,0.05015147561178597,-0.038543658350910275,-0.05520799605763976,0.020884791942051943,-0.005968498200983665,0.15361635593057044,-0.10059310205022337,0.04366748566283443,-0.14903473729991704,0.09466073380025822
0.6552521410235338,0.46252084486770234,0.39082828038079104,0.4163831762639557,0.41565461427214356,0.4606838382662768,0.27470727959315466,0.45820992920006026,0.33270791167880664,0.3609584079313776,0.4470559266130062,0.4141487967007157,0.251688026414474,0.8006198591177016,0.3475932249366059,0.44773238635888596,0.34951970394603865,0.28798188169278366,0.36214534320271924,0.4278075403932959,0.39029331792348204,0.3543707192885216,0.13839210127332413,0.28307020109317443,0.3435522126450684,0.32944043442080706,0.45137209563926567,0.2540183106254175,0.45454921191126463,0.19380607565204458,0.4079270111099031,0.634033108910245,0.0867019523316821,0.22932929084578205,0.3937757950360871,0.43748133491409086,0.43333052430646724,0.5518963004919543,0.42945465347629136,0.26718975855846966,0.44095740688798246,0.3604438673498056,0.48841526420961356,0.06851013883798272,0.5375659928873369,0.4210411952399817,0.2679801915992198,-0.04757340458501636,0.18906003904893892,0.2502005737893572,-0.02861494023974645,0.1553183027061915,0.01850038440861501,-0.061574392728208305,-0.08544570022246857,-0.030548606976775455,-0.06432396730160313,0.25914651108824055,-0.2091318880364478
0.5905932368172246,0.5271225504927621,0.45617329340149915,0.3164994275244763,0.36872804281668076,0.3760098604924508,0.326177606671556,0.4046941680225523,0.3323622191372578,0.3945924515501505,0.4796181334522927,0.37319652475933723,0.2075400856911569,0.3475932249366059,0.8258159654610819,0.26736002150589905,0.3926813345598475,0.4709445882653067,0.38747940107921675,0.3302810972480558,0.3966474259318868,0.2051964430755043,0.28987223433676734,0.2816217109233158,0.4489340254840707,0.21717631070330798,0.44034224502091945,0.3615075381496535,0.49341358676531866,0.19901788051200414,0.42648871227418195,0.3392521671704616,0.21463804020974062,0.2623135670914762,0.35431136737830116,0.46208105200557564,0.5240559259531785,0.3902110788519743,0.4841846181240776,0.17530532146827957,0.4462690411377254,0.34684898903233874,0.4494470077963758,0.08722954418694405,0.38377116784298243,0.459192091015536,0.33575637168244477,-0.13874136641297455,0.25297071141282484,0.337549066969309,-0.10006085478056977,0.3103072541918897,-0.2505271420502784,-0.09047149282587474,0.07384167306020874,-0.06619657952713798,0.06383702045502333,0.03859856752226916,-0.08506009782915538
0.5863745728349253,0.27362774823557773,0.1888753348459318,0.4485370737969142,0.5477239832904349,0.41972086700623285,0.3090130976043655,0.4168686898519934,0.1758287077287595,0.4690054773332338,0.37022021303707414,0.4189259898302291,0.28301121423631787,0.44773238635888596,0.26736002150589905,0.9321297811518571,0.4307734152399975,0.3516754239854516,0.3866374881891016,0.3068731205667729,0.3666275235692543,0.4696055538329011,0.1820472307654411,0.26731707023573525,0.43399455810648324,0.26054562616290844,0.47457591459201853,0.2682583785705029,0.4300964533263039,0.1724847522716738,0.3624000770790467,0.37020797465371075,0.06066362525204947,0.23934840804575205,0.5234959468992594,0.38997564117413713,0.37069812494466625,0.4119622923850241,0.41439205742917373,0.3344625530270162,0.43729473986068407,0.3705179263641165,0.5034292077919928,0.09094920971559393,0.4500534405727718,0.374368815845308,0.28243540609974116,-0.06712321681238632,0.21209865892184043,-0.007839538548013135,-0.04468162382428708,0.04597588548909909,0.13546258384890383,0.05848659796456405,0.23844937756990456,-0.039612766383701814,-0.022655471196320536,-0.08616471177884923,-0.04613003383748189
0.5590207851491675,0.32875011015511274,0.3676227625631611,0.37128719978971314,0.3961324289828167,0.42935102830083804,0.38611899287892404,0.4379403664748257,0.26450086225281455,0.4827896633589693,0.37938405405479636,0.4078935387332121,0.26798694076008706,0.34951970394603865,0.3926813345598475,0.4307734152399975,0.8426491913040373,0.4141314527730487,0.5021023948265009,0.30115951557561316,0.42175975616757017,0.3717925424411549,0.26565621470148915,0.2873855832297327,0.4395257925720396,0.20780607661076825,0.5281076696830762,0.3354412283728681,0.528717132379086,0.1298321887358981,0.4163351655819987,0.31220288286341197,0.29644510799815404,0.27918373837413973,0.3599955039451696,0.4544053195748279,0.5196186320554318,0.44277766188172674,0.5197812198996986,0.27408938661225574,0.4304590444213264,0.36563051015674913,0.4798258814094167,0.09275471568357033,0.4447148326283682,0.4284440786050586,0.3100864872076681,-0.10813493319448245,0.3695118922678895,-0.07197147928564757,-0.0558612199959799,-0.1618010946558602,-0.01488830128134512,-0.005365459517290981,0.19449230010807042,-0.0681750843640502,0.06649438735697287,-0.07051499028932524,-0.05424218419051601
0.5790221679683843,0.5518161352957394,0.4319638425044849,0.3127464719143585,0.3474352189400805,0.33755436438476977,0.37363263877205855,0.4811433428402001,0.26788898217501955,0.4648561204377544,0.44837213714326835,0.32102810217875966,0.2870842360255677,0.28798188169278366,0.4709445882653067,0.3516754239854516,0.4141314527730487,0.9206009653902406,0.4147368354327128,0.1382366691309076,0.42977196384769323,0.32850482088017124,0.4233108129572324,0.274046110414848,0.46061700416401935,0.2834608548435433,0.4970781524594127,0.3757492419972527,0.45965536086399145,0.16115170381494254,0.5323165037526283,0.2742572855268676,0.254572705775348,0.33540603155039833,0.4216903712972302,0.5213549276679279,0.5854209450615208,0.41727408656777326,0.48218325125536654,0.16867753903289612,0.5159498419213886,0.3474259904373599,0.5618665130976086,0.10565839103841955,0.5062597070347373,0.5037567572586751,0.507199308085713,-0.23473533863531293,0.10238601228994568,0.11153232295690316,0.03139985415220744,0.027441124518917188,-0.17229910507245508,-0.12918019378842616,0.10543250709297068,-0.18561587497623658,0.12183990434164044,0.055537700572714205,-0.07326492502626676
0.5887557281376363,0.4946310138174114,0.451335456549962,0.31756985416595096,0.3119190687995155,0.4097111939941951,0.33790398768794083,0.45493252299928,0.20128789273656408,0.4585396309436284,0.3412152989473569,0.3699578277945056,0.25291709731261186,0.36214534320271924,0.38747940107921675,0.3866374881891016,0.5021023948265009,0.4147368354327128,1.7025397184519107,0.024744109826814936,0.5110186389198049,0.3376674078685235,-0.10323149038184272,0.2763565019067006,0.2048744419186277,0.18827206676405245,0.5565607971451985,0.5213488690767013,0.2863777986155433,0.30708761571220017,0.5544525156264567,0.32767641797905067,0.4480226878808711,0.09024744678408024,0.4011069556003524,0.44846469077676226,0.9616539348560783,0.6216525274579274,0.6113421668517685,0.15829234053980643,0.47978188145275497,0.4557227214849368,0.4756733432730082,0.09283022190612186,0.500390678698926,0.37882626963249644,0.342954609476932,0.16072470014373808,0.6012101878983755,0.7181218350882047,-0.17895399519824573,-0.19362659709676863,-0.3842971402478968,-0.15690355579574056,-0.10578064863738341,-0.14774126244030766,0.10111966600803338,0.18479449025012726,-0.02005506994433655
0.5084309839050183,0.5216369519258346,0.31542293730121823,0.3291486277393864,0.3747332958213597,0.450747129633819,0.23526908687868409,0.36835535803530584,0.35019290713278517,0.18802074228707705,0.4417585659029038,0.33092081355332964,0.2357378216747991,0.4278075403932959,0.3302810972480558,0.3068731205667729,0.30115951557561316,0.1382366691309076,0.024744109826814936,1.2207866468088535,0.26939158658763707,0.24676905560032558,0.0644735101026844,0.26071316600284816,0.40291714752420493,0.2413038332824207,0.4040698129805734,0.21075439857008302,0.45432943166700296,0.24553706768620323,0.28599684746867304,0.34728403697471927,0.2259106095216373,0.22995311604925395,0.29184135407774825,0.24160898186105673,0.5573472820559459,0.45492026830880394,0.4432669169341912,0.2831712157622386,0.11327597169401653,0.26010404097200335,0.5166878657491653,0.008533537918888563,0.6948322173856462,0.26252188445493024,0.20840603286925943,0.3401920951989555,0.24327559868821105,-0.12215681070281095,-0.03834002401977896,0.2632835090970885,0.23888173401937643,-0.05996979180023581,0.015420135341653742,-0.043020481897534525,-0.028066376866216033,0.1425079925482082,-0.18337351611711344
0.6500448685914547,0.5664104569745227,0.4651708177861009,0.33489342872447053,0.33955653203656033,0.4198321889652685,0.3643781963844388,0.3963115707433244,0.3300362896871935,0.3722264832041504,0.40702000451728276,0.38938256548808,0.23852144775156353,0.39029331792348204,0.3966474259318868,0.3666275235692543,0.42175975616757017,0.42977196384769323,0.5110186389198049,0.26939158658763707,0.7328621506653804,0.35200029413940925,0.21494358167644853,0.22957964447483786,0.32078624226953584,0.1896850545711489,0.5244142740537205,0.38657704053472686,0.5070995548644697,0.20329002650024658,0.4895274833723079,0.337487721402803,0.21683083731026195,0.21392123241866087,0.48966272843927444,0.5147834760349661,0.5668808303196439,0.5995901026017793,0.5810902265462288,0.31060089212440306,0.5545616895667655,0.5494859085564677,0.6114182417501541,0.09913592337074581,0.7709245586781935,0.44829466543596075,0.3347839218688394,-0.1605788207058699,0.19306113569300545,0.19171064820468114,-0.05677520014326928,0.04439250163890745,-0.06693684801656598,-0.049566156009875795,0.018352346389997685,-0.0810872582093593,-0.019233312838224485,0.1683913138988488,-0.17732145079308437
0.5386591713375836,0.33971389045232414,0.3680238193271928,0.335773887884886,0.3701097956708678,0.3969678679405771,0.33954590023208814,0.3621553746819488,0.4249530714648436,0.35972825789852847,0.31017081698701254,0.3516035217620987,0.31492331641428645,0.3543707192885216,0.2051964430755043,0.4696055538329011,0.3717925424411549,0.32850482088017124,0.3376674078685235,0.24676905560032558,0.35200029413940925,0.8457115349338804,0.30589258426496535,0.24712644319626584,0.3616866395184929,0.27981094544394713,0.445134592807812,0.20209784730537264,0.4025240900085564,0.1307141815664427,0.2955530266153708,0.29431132543719524,0.1679810828464721,0.2729760968489758,0.3576092181161455,0.38379733361746166,0.32289578345022446,0.3509733295997983,0.40392089844443124,0.22003877716157846,0.34155269861461146,0.3289723180873713,0.4492407040757082,0.10040826532785059,0.37054813011339854,0.38146608049141584,0.25661735345954223,-0.04606518148961885,0.13149057015259272,-0.1450853754627388,-0.01270155361107303,-0.0772236172638181,0.1712961810808169,-0.0301427969054064,0.1532634381008813,-0.01957344227202275,0.02714477156162771,-0.06316215697252336,-0.15147429755695535
0.2254224154315429,0.04861577802930904,0.16154457479909695,0.24558483572032538,0.30557649947616666,0.1758475793236824,0.33408291304085086,0.24670598510067807,0.2821501138777772,0.3459327095751458,0.2549574007955265,0.22353774726093925,0.15364966179384598,0.13839210127332413,0.28987223433676734,0.1820472307654411,0.26565621470148915,0.4233108129572324,-0.10323149038184272,0.0644735101026844,0.21494358167644853,0.30589258426496535,1.2415833154380662,0.3154777699567656,0.5383744761194368,0.08060234638656336,0.23869861578057597,0.032178013817122465,0.5064680872949084,0.2680378638284181,0.1136163379064895,0.11230903733892812,0.24088564115053895,0.39594616360987595,0.07128281714323967,0.5350616802493867,0.12422775614629393,0.012074902309260649,0.490242046432669,0.1264835552880834,0.259708912457515,0.16362934235383111,0.2497274354884699,0.17228340931441619,-0.012312073151324427,0.3916254393831703,0.3290971226805509,0.012459671631726024,0.1283085913514739,-0.4000030901011179,0.031131763709061254,-0.05074820322325276,0.20007637978680926,-0.060593645406504346,0.1744491598094956,0.007344969573732135,0.11149547523017644,-0.18714806249235644,-0.05879040945135241
0.25910936308809535,0.2416628986363568,0.251402364505294,0.2700220589852037,0.31107514266061276,0.3017972612459643,0.25818878566494513,0.289641599536037,0.26546498623321296,0.29324916427014314,0.2829845963077631,0.25007396528586606,0.20922626977278638,0.28307020109317443,0.2816217109233158,0.26731707023573525,0.2873855832297327,0.274046110414848,0.2763565019067006,0.26071316600284816,0.22957964447483786,0.24712644319626584,0.3154777699567656,0.6272961636280525,0.3427666591060643,0.15710518583892996,0.3124656911970456,0.25594662572446636,0.30208807615494077,0.45708349211399885,0.3103875332915955,0.3175715088256549,0.3826675752412647,0.15856019069458155,0.19410403096647175,0.4620326057556918,0.39971777747232007,0.3203663077234297,0.331887968272262,0.13750947617172704,0.2939280406831146,0.2270224188197954,0.26106048834865825,0.09274417606789621,0.09113619845319704,0.4209817800384222,0.3516479262686904,-0.14952594808657618,0.4598042605615117,-0.015747322755533172,-0.06806209975623599,0.06526226836856985,0.053879086429389544,-0.08298403699811675,0.13632951091229628,-0.10662098196468597,0.16098209688901827,-0.17808670512413888,0.017057582480506712
0.6579342016323411,0.40138261487759486,0.3909317314146932,0.36861188900983555,0.40597334484621683,0.4055973622592059,0.3780526909259373,0.4531646452235396,0.30758499631301556,0.41025524663589324,0.4277363867148227,0.4194558737597259,0.2676662654744863,0.3435522126450684,0.4489340254840707,0.43399455810648324,0.4395257925720396,0.46061700416401935,0.2048744419186277,0.40291714752420493,0.32078624226953584,0.3616866395184929,0.5383744761194368,0.3427666591060643,1.6705280322895144,0.3943261370051421,0.5546177129186927,0.24890552477417255,0.5630577205429816,0.29377092090680323,0.39089566660849673,0.2729061632888443,0.20638251646466377,0.4173016545366095,0.40796425699424177,0.5754494945133343,0.3110546917079549,0.33995100632727,0.3508902798043162,0.13653787610407656,0.43135260667864234,0.29897337763555,0.5556765035655189,0.1138172108520701,0.38005836675943955,0.717001273109143,0.3638720589687572,-0.4011640470518762,-0.560588898244276,-0.6129285556759348,0.0072843180625059845,0.1432638746087137,0.19831434221861263,-0.036443715229960365,0.18051517217926302,-0.08905351523580189,0.05333404492888125,-0.009760083765155721,-0.13828180167321183
0.36164322726833525,0.35943522204594597,0.2144642859742377,0.29239195475588153,0.3169907040131598,0.3480023652475814,0.2379106126640115,0.38273293818811704,0.35760759630391054,0.2621788028819612,0.3134177226415836,0.33495971268576347,0.23761033339329235,0.32944043442080706,0.21717631070330798,0.26054562616290844,0.20780607661076825,0.2834608548435433,0.18827206676405245,0.2413038332824207,0.1896850545711489,0.27981094544394713,0.08060234638656336,0.15710518583892996,0.3943261370051421,1.4740458912722807,0.14379895908205106,0.14775390108419256,-0.17920137866341518,0.13223468321622658,0.29607621501812614,0.3151688830543776,0.01962486216932233,0.4051791734720923,0.30404508140662817,0.09465116915135467,0.2095041142396918,0.34385196932539397,-0.15070927959826408,0.19467990815630626,0.4519233160813067,0.25642596790325034,0.3681908136894159,0.011322671157620048,0.5835865556394736,0.1847004430377508,0.22527216987073911,0.11494678557660143,0.31340655873053824,-0.28440463045180725,-0.03442678272714238,-0.20520016171020722,0.07826312447064211,0.04336613626771592,-0.05840106133767222,-0.040805696183690135,0.031765546290696604,0.3648116739086006,-0.4984655286163375
0.6758304284436264,0.37332971930652364,0.25441841222496514,0.3991759702937415,0.4673995683109158,0.5137581929314405,0.3553449570584213,0.5510358080343506,0.3112527170566223,0.5131914924031912,0.4087144574661144,0.4824184962157937,0.2794049159984198,0.45137209563926567,0.44034224502091945,0.47457591459201853,0.5281076696830762,0.4970781524594127,0.5565607971451985,0.4040698129805734,0.5244142740537205,0.445134592807812,0.23869861578057597,0.3124656911970456,0.5546177129186927,0.14379895908205106,2.649926441227059,0.6067385399946984,0.4681495755606261,0.5541558482747315,0.7370496192380451,0.4386929359459472,0.2814713441902882,0.512081948151019,0.716331939540115,1.1706504343876158,0.8008130672741623,0.9535531705374222,0.7201653212402014,0.6065045514375225,1.0046361380761255,0.5461485334736159,1.19913595501671,0.015687081639205343,0.718678559174098,0.6274169259752136,0.4951513282453221,-0.28921142780284737,1.6097675211789004,0.39839048774214514,-0.2498269447526947,0.387336135183201,-0.08931091063876374,-0.06912346425949585,0.33378846237072907,-0.010212287108671048,0.051157115531616865,0.030503846164235696,-0.26888566448360396
0.3950588846739525,0.4293937203112751,0.4168115246283422,0.0750076896310848,0.0421213234558216,0.22002298221746813,0.16942089635182797,0.23057663929318997,0.1554823380002727,0.2206817398385606,0.2237123484331275,0.18777947786225468,0.17390207324538387,0.2540183106254175,0.3615075381496535,0.2682583785705029,0.3354412283728681,0.3757492419972527,0.5213488690767013,0.21075439857008302,0.38657704053472686,0.20209784730537264,0.032178013817122465,0.25594662572446636,0.24890552477417255,0.14775390108419256,0.6067385399946984,1.087437482310251,0.2595455576298144,0.276619317126328,0.4867251594425182,0.24762206387451538,0.5505060949701781,0.06967010962522738,0.8712172322209019,0.38360320869122067,0.7572891865622264,0.37760341224397814,0.3175243059026176,0.07338230991250988,0.598640099593849,0.40301108367599414,0.5762439766494944,0.15234383381147917,0.33973495686559985,0.42195803894350215,0.3195178590608813,-0.18840540560136776,0.5518289976740292,0.3796341929877672,-0.15232941813785952,0.39653979962398744,-0.5111438061181103,-0.06745180571327783,0.07895118902826993,-0.03840866932323261,0.008693904878124843,-0.018379684040037234,0.04042585601305178
0.5961837453003784,0.6373858133572569,0.6208819351184283,0.41640315772475067,0.42126555528292253,0.4918689863150985,0.4058972158986059,0.38915270834680904,0.31876085161549517,0.48135375681052844,0.4699295260769254,0.456410326799973,0.31038884146725715,0.45454921191126463,0.49341358676531866,0.4300964533263039,0.528717132379086,0.45965536086399145,0.2863777986155433,0.45432943166700296,0.5070995548644697,0.4025240900085564,0.5064680872949084,0.30208807615494077,0.5630577205429816,-0.17920137866341518,0.4681495755606261,0.2595455576298144,2.8215601840592774,-0.2985210761305341,0.23682768019383024,0.4800835917023802,0.22721107460359205,0.517700741293419,0.20899468568799023,0.8985840437106153,-0.09684455603021833,0.259091408361173,0.7613571491438125,0.30794968973675774,0.4063645637246496,0.3613508086875627,0.2628106765538988,-0.028431688688887333,0.35745489429241,0.524882492568092,0.12485217111495607,-0.1534108078418678,0.9003736923007731,0.25045196422396826,-0.14400899836238687,0.14994169596697782,-0.17278595315508852,0.008013173935658174,-0.10427787478211123,0.10024018739078125,-0.12639047919861318,-0.0977870932600395,0.1083557517704275
0.2921007310483519,0.0637828129495654,-0.18233978398420603,0.17143966221314125,0.2722891131347397,0.2043911670045572,0.1764877564536672,0.26273013116014615,0.17869736624629826,0.22608525844347585,0.1533346142181502,0.11993594165805846,0.11605992075242115,0.19380607565204458,0.19901788051200414,0.1724847522716738,0.1298321887358981,0.16115170381494254,0.30708761571220017,0.24553706768620323,0.20329002650024658,0.1307141815664427,0.2680378638284181,0.45708349211399885,0.29377092090680323,0.13223468321622658,0.5541558482747315,0.276619317126328,-0.2985210761305341,3.0467039493983314,0.29556923221092063,0.1841093890541947,0.16703636945373024,0.04971829390308728,0.3438272356698015,0.7460416696279393,0.9429842599226503,0.48513172998745097,0.5676161620225427,0.24464072505641374,0.779977338047457,0.22891658344413843,0.6131409453798186,0.16590173112073145,0.31313308029123255,0.7897860288884788,1.3736376434570374,-0.8005996847622733,0.4194549735418876,0.34561106279021864,-0.21127527154967551,-0.08695309862359987,0.06377973834963574,-0.0282239495648052,0.13168295688059292,-0.21443846679740555,0.33030304440630714,0.4053698967806521,-0.7270872825841799
0.6590178619986016,0.5043014621125955,0.42150654518813246,0.31867059781510365,0.36868108205672323,0.38563220227639355,0.3324035357262289,0.42781730510791416,0.2715099314295003,0.39431684318871585,0.4113856574139419,0.36500742490724636,0.2469639293677383,0.4079270111099031,0.42648871227418195,0.3624000770790467,0.4163351655819987,0.5323165037526283,0.5544525156264567,0.28599684746867304,0.4895274833723079,0.2955530266153708,0.1136163379064895,0.3103875332915955,0.39089566660849673,0.29607621501812614,0.7370496192380451,0.4867251594425182,0.23682768019383024,0.29556923221092063,1.3523790435324916,0.408825974100855,0.305228836988912,0.15831238612458445,0.4463319694647471,0.814029391907735,0.7657422117683993,0.7508046128806478,0.4882435525663479,0.2699617448605126,0.5834960941141266,0.4417305636623287,0.5453207140114806,0.09734737148693813,0.5959681971050127,0.6698737368554869,0.395891756037055,-0.2644238438522516,0.06077307755552494,0.5247363246908995,-0.08072818200161423,0.26782120046541397,-0.25378016975693746,-0.13458201802870437,0.09817107332653828,-0.15306258657913094,0.18222940226449658,-0.00039949177661184837,-0.12246315669858192
0.45739101582647185,0.39234436064089584,0.30634789456478617,0.3784815836441316,0.393774440914586,0.41700094596780934,0.2607366837730625,0.3601344985505707,0.3012406168237696,0.326861117975626,0.3736381414295515,0.3967654047003075,0.22494513146411632,0.634033108910245,0.3392521671704616,0.37020797465371075,0.31220288286341197,0.2742572855268676,0.32767641797905067,0.34728403697471927,0.337487721402803,0.29431132543719524,0.11230903733892812,0.3175715088256549,0.2729061632888443,0.3151688830543776,0.4386929359459472,0.24762206387451538,0.4800835917023802,0.1841093890541947,0.408825974100855,1.1068036931673946,0.02313895874332248,0.31204704876489736,0.3070396362356109,0.45738176095071664,0.27390708225521004,0.6144341099446705,0.37550523115898643,0.2886260381294551,0.4545816890431826,0.3209839421000484,0.39315237992003177,0.061519166035847804,0.5162501136576926,0.4573064677516959,0.24272050916689625,-0.10051530202372712,0.010787724965817922,0.2347946640716583,0.01673363667021008,0.2698548887982873,-0.19363918086846688,-0.03086467959074478,-0.19929721258134367,0.03344165960315505,-0.03784233245806033,0.2514806826198927,-0.2667720106348426
0.28032546834431205,0.27793107280503926,0.28761908724135277,0.15309289827651892,0.11660394074947618,0.09094604825357488,0.2833461505418628,0.1165095082452571,0.24759937420114847,0.09317137845796315,0.15420627250920288,0.1034802052485981,0.15006447160328815,0.0867019523316821,0.21463804020974062,0.06066362525204947,0.29644510799815404,0.254572705775348,0.4480226878808711,0.2259106095216373,0.21683083731026195,0.1679810828464721,0.24088564115053895,0.3826675752412647,0.20638251646466377,0.01962486216932233,0.2814713441902882,0.5505060949701781,0.22721107460359205,0.16703636945373024,0.305228836988912,0.02313895874332248,1.82405308678548,-0.11624568183673213,-0.4118557730427064,0.268681641646493,0.6426899737859492,0.22654170087707617,0.011137346434217842,-0.12719618332649266,-0.28918509720753055,0.21829397280393553,0.22453771747062798,0.11261037941545624,-0.344382256671299,0.3365092266756218,0.22277065507371613,0.20960264329712347,0.5552653243315634,-0.3514819390527355,-0.1396706007235308,-0.060187592778268316,0.11610692468347732,-0.305668965746758,0.13934767334512435,-0.00433059974303751,0.04793579655508142,-0.1370409974091123,0.11610252018434554
-0.4529987620205364,0.19175702241481254,0.2683267677794299,0.330730555829211,0.22893979188402527,0.3474646619378016,0.23377208254259102,0.358062940684757,0.34192027106575296,0.35446413595071635,0.26199003138041277,0.2850907261370499,0.17256805604747077,0.22932929084578205,0.2623135670914762,0.23934840804575205,0.27918373837413973,0.33540603155039833,0.09024744678408024,0.22995311604925395,0.21392123241866087,0.2729760968489758,0.39594616360987595,0.15856019069458155,0.4173016545366095,0.4051791734720923,0.512081948151019,0.06967010962522738,0.517700741293419,0.04971829390308728,0.15831238612458445,0.31204704876489736,-0.11624568183673213,1.9991711652044828,0.4302074536736461,0.300112773197299,-0.021432184743288243,-0.018515054794836477,0.45733093754090226,0.01550373725822383,0.6127585923326091,0.20543677030400795,0.5763020294693203,0.12313868981647783,0.42572620613540724,0.24833332363625044,0.31793967382040067,0.0931255289617258,0.05284482067486746,-0.7869499323393441,0.12647721318087907,-0.026427448459666273,0.19693305319153048,-0.07461879433181941,-0.27627512089567324,0.23927973904196687,-0.29569014719820846,0.245899798245014,-0.1783088108987597
