1.0062424700001174,0.13374994555321548,0.2769721594896072,-0.0018385927147713322,0.11196811385724613,0.11925485007294977,0.27341192368691536,0.11702452934980076,0.170583145410672,0.08872931149971316,0.11635564735807301,0.16072975833625627,0.07590851521246339,0.21505380264600096,0.1081063204340941,0.10121085853333359,0.12994940214710105,0.12198399020594274,0.07674249984433489,0.12189709584443252,0.12955144127199292,0.15219984077148457,0.12788267874698928,0.1164156022781497,0.18253441228975117,0.0823164974477753,0.1729064488055818,0.0766664019854257,0.18221276090052765,0.0764706866556193,0.11115857027711369,0.09028018096849093,0.11088739475652114,0.15074800873169233,0.11891614146286365,0.1419664962100324,0.16519152787612207,0.08218801085235938,0.14699294314866235,0.013937195148312551,0.1726352030772298,0.11124449212229931,0.15023152792749053,0.16855836591270124,0.1840838096462932,0.10808469440822524,0.12654313002868395,-0.012442779974053393,0.09962683209429378,-0.09939050933286357,-0.02109316332783418,-0.01027779852899779,0.09658581319698,-0.01071346739608111,-0.0170154021798957,0.0259796795357121,0.03189052163002156,0.2608793051342301,-0.34730702230431376
0.13374994555321548,1.6356107860013822,0.7190885608503571,0.15769530619442013,0.09148481639970854,0.5077906340123366,0.09245732423324203,0.24365797038143247,0.32254813330520926,0.21324204777464625,0.20850790344906212,0.33352283407401373,0.14088003779868583,0.16291131534556214,0.5341167643390736,0.07708280764468065,0.34179058186282657,0.40253290809691594,0.05057711834884358,0.4297524913001321,0.2669280005022061,0.18897938033029252,-0.02445316018694549,0.2194054134026146,0.3860907778319414,0.28474649391581836,0.33128052207560754,0.15239489540711335,0.49335802233507065,-0.09664672726034663,0.07457585876239775,0.32425073591216813,0.1363588116764455,0.39676157168370685,0.15842708262717778,0.231550000947159,0.2815940770676895,0.22898715190863342,0.19386956091240973,0.09674363497175907,0.14671613457450472,0.22128674751829053,0.4423897926962592,-0.15285666970238665,0.8594360082510981,0.3474812890473833,0.4138065432241991,-0.03641420618666882,-0.3616157956739954,-0.28368246632515093,0.3421721445635775,0.32036652806338106,-0.08910381171444545,-0.21163632581626846,-0.19013470226336018,0.08062481272964056,-0.3509061296044497,0.30661455236208257,-0.20726098373646448
0.2769721594896072,0.7190885608503571,1.9743484633350505,0.13577624405060473,-0.055981918944977484,0.5599959823595495,0.13298447885913792,0.38060954843786143,0.7151063070452435,0.37641470715620184,0.21223740547338785,0.35470532378826747,0.19629132310838665,0.15863099871117414,0.43980567195793374,0.13708325520134948,0.46439093776451484,0.39280031463168524,0.44535041476829657,0.3067866558058235,0.33803838881853904,0.46166002174451154,0.12494813221682606,0.2892311022604211,0.309224181718463,0.3426531499487432,0.3464860044360424,0.3365621377315369,0.4329160489907867,-0.2636220453396625,0.2547242860922991,0.33401384570745,0.36766936896103125,0.4584037491692328,0.2868592510001838,0.40344052277537545,0.4505631487715666,0.20906267827712416,0.3646214826408219,-0.13556703424114705,0.39754803326124993,0.28385965241208827,0.2755494055111804,0.2544638253305552,0.803918364861914,0.5132318495458402,0.44358587616699335,-0.05106119203226576,-0.3305433663626453,0.05678776841804685,0.16605723963579033,0.025247779749078027,-0.17600015346222886,-0.23597594571871577,-0.17322207414002777,0.23477276207989475,-0.144634911056679,0.030532234515349106,-0.34419462447284316
-0.0018385927147713322,0.15769530619442013,0.13577624405060473,1.1857917995018392,0.49924107297547193,0.3674117344862492,0.3734228125523015,0.3601898101262072,0.19423409834593885,0.18014628833403215,0.2629839783077089,0.34069851298468806,0.173801325763024,0.3439044746139711,0.18425940804885835,0.3512073585427773,0.25889422145991214,0.1858104936116342,0.1065824308075691,0.2894938133830779,0.20123057342084388,0.25670236021860793,0.12726192611277456,0.22145496034658635,0.2690502044431974,0.20793453799467268,0.1296776766934818,0.059209140920603205,0.21864341997216058,0.08478111730234208,0.20383287509769024,0.2647286385084745,0.15146842072522515,0.2429081941415418,-0.04396894429981937,0.245712366952185,0.24658753050925422,0.1743938785812361,0.29709638068362587,0.1007397994853683,0.21615653709303762,0.19040856650031027,0.08991231026548181,-0.026160413411095946,0.3349213733580912,0.19989811676221805,0.2728043084450404,-0.02163670076815021,-0.012560854469451729,-0.038967248901817526,0.031803950604326635,0.28317376406827066,-0.08586356401425359,-0.13386221437344634,-0.08825683485217505,-0.0030035749429067767,-0.3997272912869239,0.4967291306880893,-0.22677639961161764
0.11196811385724613,0.09148481639970854,-0.055981918944977484,0.49924107297547193,1.3710458874175457,0.08752573972519291,0.3414481010522885,0.2791148678547051,0.03562445202011863,0.2468620153991768,0.2507631381002946,0.2733742272424409,0.17986148453524464,0.15143911681408356,0.16878183650202577,0.36849689442518363,0.11564897551038715,0.1933885529174256,-0.005089017202450382,0.17774919044054974,0.09283455430591547,0.14428181447859487,0.11988120738520341,0.12452904500675446,0.10978905581091157,0.11770160275739633,-0.06674821232911715,-0.03702913296522273,0.165650793943748,0.02654856031450248,0.05694545102432903,0.19208894516107772,0.022877253505144066,0.12980980415909024,-0.08691943315407585,0.1814529264470258,0.08501575246798568,0.09857272874823231,0.24281548119563737,0.1226382669501328,0.16014799914361508,0.11780130495995503,-0.2023781145418847,0.045952251238976435,-0.025942103021524467,0.09298091394349828,0.10444403116919056,-0.013216966025364324,0.14446595156938025,-0.0621212046280514,0.017299696564312707,0.23966144805749467,0.0868382321314922,0.019934635005317294,-0.15278920780902705,-0.038261475364507504,-0.049267946536053916,0.13089162792617365,-0.006452467150552811
0.11925485007294977,0.5077906340123366,0.5599959823595495,0.3674117344862492,0.08752573972519291,1.0667406208710573,0.026591494833242954,0.3871146813095751,0.4016546170629621,0.1777562427835942,0.3916272368011772,0.440566340710304,0.18722835873513388,0.3430528606993258,0.4459604273092637,0.26157933845686027,0.4629812665292284,0.29284377433792935,0.47134927634986984,0.5378846108156764,0.36336262294813637,0.3627096008438296,-0.01635503258929655,0.3493610441163314,0.45814624404034293,0.39218064999254526,0.38296844408381353,0.2941185766958988,0.5380846329875668,-0.0044703832638081555,0.22008644283842227,0.485726282633372,0.19626260651341054,0.475635740457405,0.2815642306025812,0.1985449387496341,0.4306909498380757,0.29431901962378765,0.49923386534810704,0.1611174918767552,0.37250208892678266,0.31140179710078675,0.5059933278938795,0.0723027191742304,0.8690664448897721,0.27833695084111737,0.6658186412874804,-0.01250121503746459,0.26870946187130507,0.01055178490538773,-0.04154887779760405,0.0597000577621381,-0.20188094307676815,-0.03360723283660891,-0.1723583216635512,0.17096657296274717,-0.28509880959713285,0.4487462403085914,-0.46345844371305117
0.27341192368691536,0.09245732423324203,0.13298447885913792,0.3734228125523015,0.3414481010522885,0.026591494833242954,0.7837437384205149,0.17158340328338972,0.1946249097669509,0.1275131991492806,0.3038307930591805,0.2712244202738947,0.11394138020359397,-0.02511884219330251,-0.06606793699793753,0.27659732753284194,0.18972319121155523,0.1379111265958118,0.0463318693979718,0.12240346399166405,0.15527665990039569,0.24560003024143223,0.224671459481075,0.17255135901942548,0.1227768287526557,8.707317395901094e-5,0.14499283314712785,0.025811396518332405,0.10384824610322767,0.19816918538857856,0.1719428962053978,0.15222872722105976,0.17438586900718842,0.13713852764591794,0.006042395866047321,0.30464798913011587,0.2547508019727681,0.0906663144093773,0.2163446997012111,-0.003631556697479338,0.11747531638373505,0.14679619985458098,-0.02493733501053987,0.13807317750706138,0.058581531800572614,0.1188310595673798,-0.056841415540080424,-0.01982428521573082,0.08010412446876887,-0.09071912075224127,-0.025892206565667243,0.01229762970631667,0.11184420242168754,-0.156446135713772,-0.023950974875833204,0.025944517019293612,0.04511335648595149,0.12594147553865054,-0.3000959917414728
0.11702452934980076,0.24365797038143247,0.38060954843786143,0.3601898101262072,0.2791148678547051,0.3871146813095751,0.17158340328338972,0.7381875000007999,0.19215811442093572,0.27115259142568626,0.29380368435196874,0.1671222993032585,0.17169299962146534,0.23396945676792466,0.1341517694116659,0.27352840920055393,0.248480684253579,0.2607976403903576,0.2693127777427444,0.26397488912338185,0.19097670754568097,0.2344072956795793,0.07338036520660578,0.19493942578131493,0.23814620337407566,0.2195668799869684,0.20798790552075816,0.24082614288292403,0.23580930471962044,0.055495325407169345,0.15210163459284223,0.16937630625422292,0.1783657878758814,0.23700708321749608,0.22329189711981376,0.0880806538924759,0.2912882252416463,0.14496599050486925,0.34344078400432126,0.10694397073051361,0.22773449222710415,0.18354795085012407,0.2719562060289168,0.2710653371944156,0.33829275382401996,0.17591755552654476,0.39574688278723885,-0.006775851990859272,0.22677630573353183,0.06382077918405023,0.017214380383489828,0.1966088239193139,-0.14896879922388845,-0.054439022483709736,-0.07158436739963445,-0.004061237510569061,-0.047474235143355206,0.330348323415677,-0.23972258207886232
0.170583145410672,0.32254813330520926,0.7151063070452435,0.19423409834593885,0.03562445202011863,0.4016546170629621,0.1946249097669509,0.19215811442093572,1.1533741886848585,0.1643827729166369,0.22282144797527614,0.22733967631220264,0.1500815411725178,0.1623325449449552,0.13506698519424298,0.17867956164788,0.3449223786733349,0.26916629458937574,0.29725450987217783,0.2197435941793207,0.27195664124209523,0.5964221064216849,0.13626958738553105,0.2589811556282298,0.0852808124361405,0.2980336140210197,0.2945037926885592,0.14836956796306122,0.17051369709261993,0.0070384528407851175,0.3229492844139705,0.3824650385693071,0.24130966139116716,0.32708556322112425,0.16798768974493342,0.2916842426646131,0.25725162416777175,0.1505161724084993,0.3497550491862559,-0.013211706535570241,0.22238025781910184,0.21755469139374653,0.2172617434015441,0.07797246226554998,0.5801619217549303,0.25371993781149804,0.3573737601506691,-0.023212746244679863,0.16642240851046272,-0.10711290252335919,0.11086291455375621,0.08412332593239971,0.01003224195729827,-0.1370068753640025,-0.08534945816003037,0.3059954633415125,-0.15009344850528877,0.016567989187369913,-0.3657731012484758
0.08872931149971316,0.21324204777464625,0.37641470715620184,0.18014628833403215,0.2468620153991768,0.1777562427835942,0.1275131991492806,0.27115259142568626,0.1643827729166369,0.7683825837478324,0.11981643584063696,0.18148405084435185,0.14475851996856692,0.10120194029963511,0.17616331709953406,0.16291013490792342,0.19845723246270539,0.2951043468202782,0.19987516892228396,0.054641233532632484,0.12042334319570436,0.18536798201821664,0.13959998919291977,0.15578687917078024,0.16134529909431705,0.17346110309181104,0.1437525653746951,0.15592418637227845,0.19869594775424393,0.0705772777662229,0.07505166383960944,0.12882108644413826,0.19085141641908224,0.17672931272654907,0.1297366886719307,0.2236102899485279,0.14745945244987724,0.03859014832217395,0.21366564644873462,0.035350948709399845,0.3159104018204572,0.12106888206636282,0.05729571762109485,0.1521949090233238,0.23129928475383596,0.18915585931555345,0.26870913003687136,-0.02524132084603223,0.11906062124669439,-0.05225812474109157,0.09296788481591048,-0.04966732160912925,-0.04020542695752502,-0.02751018069139632,-0.06257588984793427,0.026869212341352956,0.049267835333975434,-0.08567146056645136,-0.04205431623667191
0.11635564735807301,0.20850790344906212,0.21223740547338785,0.2629839783077089,0.2507631381002946,0.3916272368011772,0.3038307930591805,0.29380368435196874,0.22282144797527614,0.11981643584063696,0.9491043751468531,0.3394585177354588,0.16329907166152965,0.07136531676488922,0.14697165693460612,0.39941650794251066,0.3477322603827836,0.2605801243629893,0.2209952495104297,0.39964464457865806,0.26151322602028715,0.30409760063243085,0.031793404286570286,0.26232111965486976,0.2234373539512669,0.12376559216496477,0.26801960077886156,0.14964697362427445,0.3546213343375387,0.06085297015177078,0.1760383613464169,0.34306399064801824,0.1008667257783433,0.32342690166424504,0.2942927208463492,0.18514133431926338,0.24174683229633348,0.20845738712856368,0.40349394427301505,0.14129786121594579,0.1846444064247546,0.23910003238318897,0.2577394469477397,0.16058500313811283,0.3723412035367612,0.16949147206024795,0.3112690748524941,-0.004290670897663488,0.3139948907978787,0.033143911865124345,-0.0035262618628679925,0.21762936649730952,0.14006071135551457,-0.03078598011486826,-0.12807509870748915,0.09056379083781112,-0.037284290789098284,0.25100531829903006,-0.42170149251412553
0.16072975833625627,0.33352283407401373,0.35470532378826747,0.34069851298468806,0.2733742272424409,0.440566340710304,0.2712244202738947,0.1671222993032585,0.22733967631220264,0.18148405084435185,0.3394585177354588,0.6889410504264619,0.14884880431218137,0.20046626841789258,0.3796412894294398,0.21683388013603816,0.3293993725812433,0.14492708760617598,0.1899449841663085,0.3554538567802674,0.2437988037659173,0.22842373822858597,0.07779134342741065,0.2364083859413421,0.3162909443570382,0.1977781918560952,0.2660036040387537,0.12713088284738228,0.33518191628008825,0.04351816462870256,0.15421103738760586,0.33202041837287977,0.11683750835831341,0.3091113902307848,0.1973626219642666,0.3165642489672236,0.21474793617115745,0.19997881615966495,0.32941762813676234,0.10380107835232606,0.24125178280084422,0.22016589779820764,0.16375751609838762,0.003985714794577499,0.5128822036485751,0.22906180080698935,0.30615034619141096,-0.021722504143167266,0.06375954450382317,-0.15008880254244203,0.036128026745527,0.09749198225522371,0.04375809489575166,-0.06088777588842467,-0.16426333341244115,0.12286486312557285,-0.20262355542010685,0.29114209029979593,-0.3849451988925833
0.07590851521246339,0.14088003779868583,0.19629132310838665,0.173801325763024,0.17986148453524464,0.18722835873513388,0.11394138020359397,0.17169299962146534,0.1500815411725178,0.14475851996856692,0.16329907166152965,0.14884880431218137,0.41686183584523634,0.12004316456850889,0.06131875086956663,0.16578498689300764,0.13927798662627391,0.14228573135512007,0.16134256358765203,0.1213873717844386,0.1369225722097311,0.1669732826256216,0.08643912642477102,0.1302519015053118,0.15775530935068874,0.141031552628231,0.05463664845652216,0.08590967149335241,0.2051231405987093,0.03919763741762522,0.08694463094019987,0.17043706539995016,0.08570419009406899,0.17023189973435837,0.11185094729325303,0.12782726370772687,0.12691113110249888,0.07259533604012412,0.2321059898250954,0.05366712924553189,0.17632694087871514,0.10903085281989232,0.03380219207085746,0.1286323009530738,0.14162435646645358,0.12753930025681126,0.1773337761379984,-0.011117789929303649,0.13477068213839694,0.028500047139520417,0.024414408101658985,-0.03529922852007017,-0.018157672787473617,-0.041211500497046014,-0.08845389341413663,0.023273387903873892,-0.04762633212619622,0.03610030537461365,-0.03855682520448949
0.21505380264600096,0.16291131534556214,0.15863099871117414,0.3439044746139711,0.15143911681408356,0.3430528606993258,-0.02511884219330251,0.23396945676792466,0.1623325449449552,0.10120194029963511,0.07136531676488922,0.20046626841789258,0.12004316456850889,0.7102948294782154,0.31253391172308637,0.13146735293704617,0.2044163548037772,0.12253994246474138,0.14311614152425012,0.27417975700306285,0.17661587774535678,0.14661348282994102,0.03883890318521191,0.16142643046010172,0.29343138101580946,0.34927331267300177,0.21041876128752823,0.1487157859225235,0.23661585696507298,0.02487300043622896,0.1656716076842476,0.18600679452324206,0.10782345463873196,0.2249141653333408,0.15168002121687268,0.11152310251080842,0.1632917013186653,0.14887842393470777,0.19446589047379223,0.14144777840595327,0.30672896011173395,0.1685603482142809,0.2802518574158628,0.06705016480837116,0.4527327959660565,0.14867511214181187,0.4005368112877167,-0.007553201850496088,0.14481544253931122,-0.04300815074995081,0.013539395048901972,0.14613042506185644,-0.055171348020305724,0.03873778858830978,-0.1610371663353278,0.06537042108944646,-0.33260157983707583,0.47690353589389484,-0.12831352294246937
0.1081063204340941,0.5341167643390736,0.43980567195793374,0.18425940804885835,0.16878183650202577,0.4459604273092637,-0.06606793699793753,0.1341517694116659,0.13506698519424298,0.17616331709953406,0.14697165693460612,0.3796412894294398,0.06131875086956663,0.31253391172308637,1.2888109297217643,-0.06973182773591032,0.3872089876178396,0.4398987410913726,0.13010464751667897,0.4388011343815966,0.25021340835793465,0.05368478553258979,-0.03392666490326147,0.23368866768664798,0.39024648228272457,0.5046452706002481,0.2935584193702553,0.16798855716036482,0.4788411771437281,0.04101174911691044,0.12255653108735452,0.35333643970576994,0.08724126875846176,0.40185568802386046,0.2309663756948114,0.2702531795632807,0.13383252000625548,0.22071060045294993,0.22653621801863671,0.1168006831509645,0.2982535326217793,0.22168091535925843,0.40368751202483394,-0.18367815895187004,0.832141406792065,0.3215685392544159,0.4990436262783677,-0.034119977457362935,0.11486529765707054,-0.10582428032928504,0.0415694159537675,0.23706743877129938,-0.03845012659907116,-0.015656112613766576,-0.1919632207579689,0.2602335383213254,-0.38116242204807754,0.3636616541585002,-0.4016798470802278
0.10121085853333359,0.07708280764468065,0.13708325520134948,0.3512073585427773,0.36849689442518363,0.26157933845686027,0.27659732753284194,0.27352840920055393,0.17867956164788,0.16291013490792342,0.39941650794251066,0.21683388013603816,0.16578498689300764,0.13146735293704617,-0.06973182773591032,1.0389729965563403,0.25503708590997165,0.2445956085136469,0.26287035310644524,0.12928295059569392,0.17474772565385757,0.5293949935404008,0.04543371867068367,0.17981369503714054,0.10282482158849676,0.18472654256172039,0.08226450885875462,0.18998736475957137,0.21329130161919174,0.032333003117529326,0.23146103268275697,0.2515213459114336,0.004733365527143853,0.22962113643363988,0.39699926785976164,0.08229859386531002,0.22478403440404296,0.09063199545296613,0.3510792991878559,0.1181148531017421,0.18278120971469802,0.22128160545579761,0.11259139334260841,0.25141949728573143,0.16554885552919826,0.09422147428457102,0.2572192871460673,0.0026304817703450226,0.17130228638272738,0.039825432497999434,-0.07446867642538156,0.09837282849256282,-0.027586372485755527,-0.0789050088303284,-0.040350719151632936,0.014961438796057174,-0.0730471495334379,0.2400488413747925,-0.29399565760583707
0.12994940214710105,0.34179058186282657,0.46439093776451484,0.25889422145991214,0.11564897551038715,0.4629812665292284,0.18972319121155523,0.248480684253579,0.3449223786733349,0.19845723246270539,0.3477322603827836,0.3293993725812433,0.13927798662627391,0.2044163548037772,0.3872089876178396,0.25503708590997165,0.6652778852950902,0.34724619119222594,0.33881574939238696,0.3720586345725313,0.3098492594808018,0.3594926852456709,0.03567050215652104,0.2797466505023537,0.34723237333126244,0.2859103871389029,0.26269523175167064,0.3259375620401801,0.4039422735874982,0.06839627690004114,0.2422571093266269,0.3487814013589329,0.23613242885383384,0.35956290617525793,0.31626868961132065,0.2908085972614815,0.39515093503932774,0.21416753142119677,0.3534727792957078,0.07935913676391447,0.3969562387213498,0.2972259563201532,0.2834361474717024,0.10425029962954245,0.7293007000719913,0.2760786109775435,0.4542308522497822,-0.020474443812736692,0.06318669843629275,-0.01915651084965165,0.03589807245484134,0.052498561943517916,-0.15189310018827182,-0.07844042425641973,-0.19803608677526777,0.1433390065581218,-0.18410631679325504,0.2645959572811909,-0.45132495170405457
0.12198399020594274,0.40253290809691594,0.39280031463168524,0.1858104936116342,0.1933885529174256,0.29284377433792935,0.1379111265958118,0.2607976403903576,0.26916629458937574,0.2951043468202782,0.2605801243629893,0.14492708760617598,0.14228573135512007,0.12253994246474138,0.4398987410913726,0.2445956085136469,0.34724619119222594,1.0075674045303595,0.19866317303406172,0.13016310520421756,0.21567196047066084,0.24432160139653528,0.03756009758742625,0.21512136611359672,0.20577739547431273,0.5168590471087796,0.07110274118501538,0.18707662086726728,0.35699637881077584,0.023102344073516433,0.1116068384373699,0.2487782002943446,0.16405869817204877,0.2919804995734639,0.2229814530327321,0.14182309644063046,0.19824684565422174,0.06969914685493564,0.18617660252945636,0.06717590474785987,0.330482155567046,0.16948814052586797,0.33724729066782266,-0.02861354866997212,0.7872561571067518,0.23564186896154393,0.40731680909969475,-0.02613720095097922,0.06126396764908928,-0.17193973229347295,0.16922332228663917,0.001501945084817744,-0.0464040200338768,-0.027899147767132544,-0.10156140222390019,0.14223383554671687,-0.03250956135655879,0.16640811904158828,-0.4617147948161234
0.07674249984433489,0.05057711834884358,0.44535041476829657,0.1065824308075691,-0.005089017202450382,0.47134927634986984,0.0463318693979718,0.2693127777427444,0.29725450987217783,0.19987516892228396,0.2209952495104297,0.1899449841663085,0.16134256358765203,0.14311614152425012,0.13010464751667897,0.26287035310644524,0.33881574939238696,0.19866317303406172,1.4804326517408746,0.07878468362344968,0.2951733986835369,0.3772632425412886,-0.23503381913497956,0.29435388641263893,0.3367785929308728,0.23462681801747018,0.15466884466144415,0.5428340419402438,0.12175100880883265,0.2730765763488902,0.31208616902930303,0.21035478445962025,0.561608802844795,0.12554979338204,0.20708230715301593,0.2626205941022324,0.6056524516107382,0.0887812843350844,0.5497680152437108,0.03428844546263489,0.4604999919106165,0.23813902990955926,-0.005291697128484526,0.2881880444705275,0.3409851975319019,0.2647849887273517,0.1732830331257093,0.008815369441436337,0.4197968370629877,0.8031752498864888,-0.049691168317478655,-0.29480334541002695,-0.5809516090861335,-0.19983145919106818,-0.027155276632088093,0.07957453360250129,-0.056862161867906255,0.09214030629495769,-0.1158365207683412
0.12189709584443252,0.4297524913001321,0.3067866558058235,0.2894938133830779,0.17774919044054974,0.5378846108156764,0.12240346399166405,0.26397488912338185,0.2197435941793207,0.054641233532632484,0.39964464457865806,0.3554538567802674,0.1213873717844386,0.27417975700306285,0.4388011343815966,0.12928295059569392,0.3720586345725313,0.13016310520421756,0.07878468362344968,1.0392377426474753,0.25111332346387727,0.14292696650687528,0.038549793513305876,0.31008971339010577,0.533051406264485,0.2471149102536217,0.4555610485036079,0.16458100633357897,0.5446200502124389,0.1268069140330053,0.10181063684086387,0.4393081370206872,0.052525620217994506,0.4667873191485083,0.25818844274101727,0.15326693254861165,0.46353067926850167,0.4985935798423281,0.6359715827914681,0.24425481058671308,-0.023393108826182535,0.2730002592282335,0.6507474726726136,0.07855869937823629,0.8771429432826432,0.17836407348443517,0.43896325019848004,0.0038034633143050963,0.2232909138293052,-0.15414040226541761,-0.06621703880971119,0.4134967138469167,0.07791658273894007,-0.057389993969600366,-0.12244738943663662,0.11913647721902215,-0.19653477910578157,0.3100373710291669,-0.315201902141267
0.12955144127199292,0.2669280005022061,0.33803838881853904,0.20123057342084388,0.09283455430591547,0.36336262294813637,0.15527665990039569,0.19097670754568097,0.27195664124209523,0.12042334319570436,0.26151322602028715,0.2437988037659173,0.1369225722097311,0.17661587774535678,0.25021340835793465,0.17474772565385757,0.3098492594808018,0.21567196047066084,0.2951733986835369,0.25111332346387727,0.5074249364729508,0.2263044947093133,0.25630100954793683,0.24704032209886978,0.2572729201378814,0.1911359089995265,0.3472632758617446,0.2142619630305333,0.24076877833396076,0.16383783256644072,0.3643782072005215,0.26548145268959444,0.31391828073577305,0.2611876431466657,0.2410100630778025,0.36928816614512444,0.2990416608235614,0.15539044063897905,0.42413910744335614,0.15278441516430516,0.40235966420794506,0.31690473277727826,0.34706895485950223,0.22958421854412525,0.7213474753734123,0.2726832305817087,0.39660693210048703,-0.021883851705071906,0.2114690332164047,-0.08099749207865165,0.07195594285184286,-0.0846317186119364,0.04153480239155354,-0.07841295968114954,-0.11714877214079919,0.09156001847295618,-0.16882940968087987,0.21024329909736866,-0.16921177703587184
0.15219984077148457,0.18897938033029252,0.46166002174451154,0.25670236021860793,0.14428181447859487,0.3627096008438296,0.24560003024143223,0.2344072956795793,0.5964221064216849,0.18536798201821664,0.30409760063243085,0.22842373822858597,0.1669732826256216,0.14661348282994102,0.05368478553258979,0.5293949935404008,0.3594926852456709,0.24432160139653528,0.3772632425412886,0.14292696650687528,0.2263044947093133,1.1217374850570032,0.13367251215287615,0.22682909932148496,0.09947096809883979,0.2858690364582929,0.1997035597952543,0.162916007807638,0.23557679395520978,-0.03432703984383628,0.35886155233488276,0.4444499800463223,0.08876921163636291,0.40466322373076435,0.30159091116939546,0.21459599501749824,0.2788543220154015,0.1271613094458408,0.49532055627971355,0.04765401701130022,0.19047275610428538,0.22943095463492583,0.0657592342779417,0.24009453207257156,0.29123995649384443,0.1789961568485165,0.3402659586510608,-0.010780126841616429,0.14750958356060315,0.00516712813000302,-0.022041662648284516,-0.02687554916084756,-0.047472578259265756,-0.1488274503004875,-0.08719595755342315,0.14996012560019917,-0.09890079790469697,0.12821251024741154,-0.3781726460159389
0.12788267874698928,-0.02445316018694549,0.12494813221682606,0.12726192611277456,0.11988120738520341,-0.01635503258929655,0.224671459481075,0.07338036520660578,0.13626958738553105,0.13959998919291977,0.031793404286570286,0.07779134342741065,0.08643912642477102,0.03883890318521191,-0.03392666490326147,0.04543371867068367,0.03567050215652104,0.03756009758742625,-0.23503381913497956,0.038549793513305876,0.25630100954793683,0.13367251215287615,1.620717155554223,0.19254521577584519,0.3436536655633982,-0.20643553756629202,0.3685779276891029,-0.017543388939163,0.0504399447222964,0.4037161300622576,0.4441533058567069,0.01658819596529546,0.36527493879111916,0.21769038662795467,-0.011763406857062265,0.6502908532560582,0.3430460153322915,0.04523680283421006,0.8224790088026023,-0.005218283341685583,0.463947291017889,0.1501508857286189,-0.08289456373656125,1.2632915287410134,-0.18433887210564182,0.14285213604973182,0.11494468150025243,-0.013895246849999507,0.3435025585195589,-0.519199695376588,0.08105380149758266,-0.08133339749449121,0.2910285203676933,-0.07784783275175607,-0.12373832914934761,-0.04971584936511327,0.08506361110478775,-0.06193662465096047,0.25950667846038783
0.1164156022781497,0.2194054134026146,0.2892311022604211,0.22145496034658635,0.12452904500675446,0.3493610441163314,0.17255135901942548,0.19493942578131493,0.2589811556282298,0.15578687917078024,0.26232111965486976,0.2364083859413421,0.1302519015053118,0.16142643046010172,0.23368866768664798,0.17981369503714054,0.2797466505023537,0.21512136611359672,0.29435388641263893,0.31008971339010577,0.24704032209886978,0.22682909932148496,0.19254521577584519,0.6732160613699663,0.33261632555311477,0.1042610468338045,0.38060314702903625,0.19673868603326172,0.2730666676699039,0.4635679518686309,0.18154386561167166,0.5532309119674427,0.4625594399070683,0.3704927034622175,0.1742064777775102,0.38022253913008075,0.3063817708528963,0.19035149938097434,0.29097045141738953,0.07541563402777725,0.44557530156790087,0.25038098050057095,0.3459118155097868,0.2216524456941988,0.4103170074549321,0.3115235728294796,0.3955165387505367,-0.04108153639925585,0.4545729746539787,-0.19500981232591955,0.04017028083880006,-0.10321733253804598,0.17451276700444363,-0.09120852049515686,-0.1616191316076742,0.06994696699415397,-0.054823564573975615,0.13295231894052897,-0.15257159980012375
0.18253441228975117,0.3860907778319414,0.309224181718463,0.2690502044431974,0.10978905581091157,0.45814624404034293,0.1227768287526557,0.23814620337407566,0.0852808124361405,0.16134529909431705,0.2234373539512669,0.3162909443570382,0.15775530935068874,0.29343138101580946,0.39024648228272457,0.10282482158849676,0.34723237333126244,0.20577739547431273,0.3367785929308728,0.533051406264485,0.2572729201378814,0.09947096809883979,0.3436536655633982,0.33261632555311477,1.75693661344952,0.12079543335124525,0.4212121855081535,0.2634124110308269,0.935585381817521,0.47887627913587383,-0.23731370961936576,0.2657191248516203,0.197289955927631,0.6704646859802713,0.3956505790752414,0.2488157437736401,0.38374450751048406,0.2839257008738037,0.6566214863133581,0.11119550813411316,0.34211670569544306,0.2568572793226543,0.5936893278923725,0.603598506407656,0.5494046435296157,0.3415441362320679,0.5034127819480847,-0.05586514253139482,0.1383830721359931,-0.04542789118741899,0.1021469027165411,0.2505999120130562,0.05430252835515772,-0.09367527212263352,-0.0916828578575783,0.05392872894005922,-0.33804104037839533,0.3733625123174636,-0.10332426128360031
0.0823164974477753,0.28474649391581836,0.3426531499487432,0.20793453799467268,0.11770160275739633,0.39218064999254526,8.707317395901094e-5,0.2195668799869684,0.2980336140210197,0.17346110309181104,0.12376559216496477,0.1977781918560952,0.141031552628231,0.34927331267300177,0.5046452706002481,0.18472654256172039,0.2859103871389029,0.5168590471087796,0.23462681801747018,0.2471149102536217,0.1911359089995265,0.2858690364582929,-0.20643553756629202,0.1042610468338045,0.12079543335124525,2.0119949872010148,0.3163710432825045,0.15626288586952986,0.28853638747079174,-0.3203145834860992,0.14155697217524,0.44474648503567077,-0.11513458603614846,0.503815209592927,0.3563091779720982,0.18719040632401285,-0.2171558820109781,0.11564715836963288,0.19733726659959955,0.2937271495515596,0.1784438021464546,0.2418286784484159,0.49847252649199003,-0.47591364275861125,1.1952094165217035,0.0795739318005071,0.44182773422500043,-0.0052270729303672625,0.19859422615022373,0.11843631365528262,-0.2501761162436244,-0.17754487321413018,-0.22550637897695724,-0.02631278417563491,-0.08731978158352122,0.2017641602072561,-0.22119628014403833,0.26279787591386744,-0.37950102713198297
0.1729064488055818,0.33128052207560754,0.3464860044360424,0.1296776766934818,-0.06674821232911715,0.38296844408381353,0.14499283314712785,0.20798790552075816,0.2945037926885592,0.1437525653746951,0.26801960077886156,0.2660036040387537,0.05463664845652216,0.21041876128752823,0.2935584193702553,0.08226450885875462,0.26269523175167064,0.07110274118501538,0.15466884466144415,0.4555610485036079,0.3472632758617446,0.1997035597952543,0.3685779276891029,0.38060314702903625,0.4212121855081535,0.3163710432825045,2.5935313952216617,0.261173892824642,0.44407495699526595,0.22716556104610652,0.24306735397975385,0.4492391865780728,0.34848334695273964,0.5601052159206685,0.4095892912399605,0.862444597328974,0.21625721482342997,0.20194604857863935,0.2702185428145614,0.33092391336217764,0.30331713730171717,0.41369034429978785,2.1142602313028602,-0.14306903932180898,1.0038183640873573,0.13024064091266185,0.32783789841327304,-0.02286563319547074,0.7811510562339282,-0.36626588195191856,-0.22686219551370707,0.12957926716994028,0.25991685009005444,-0.07035170997670528,0.1814124257019904,0.17197698173508078,-0.021190066430033797,0.20594278587154824,-0.29431760832421516
0.0766664019854257,0.15239489540711335,0.3365621377315369,0.059209140920603205,-0.03702913296522273,0.2941185766958988,0.025811396518332405,0.24082614288292403,0.14836956796306122,0.15592418637227845,0.14964697362427445,0.12713088284738228,0.08590967149335241,0.1487157859225235,0.16798855716036482,0.18998736475957137,0.3259375620401801,0.18707662086726728,0.5428340419402438,0.16458100633357897,0.2142619630305333,0.162916007807638,-0.017543388939163,0.19673868603326172,0.2634124110308269,0.15626288586952986,0.261173892824642,1.297371999385452,0.024623613090966973,0.13575603378918483,0.3886785039769789,-0.05806775275076096,0.584589600393902,-0.04665363162097245,0.6683985172150555,0.10070393208852517,0.5309053969320068,0.08603233469516719,0.35524688302985996,0.006294511762578564,0.415388367364618,0.22194099452604948,0.2500161349880279,1.0224699162555022,0.06629015644083174,0.040345624385191056,0.06711130902674171,0.011903076189913112,0.3069657572602742,0.6096247532371906,0.009051932692258407,0.5644671575581957,-1.3311419045588913,-0.009270499377293538,0.10707224466766492,-0.007131241289750926,0.007432479552694191,0.06392345895741004,0.172018900803339
0.18221276090052765,0.49335802233507065,0.4329160489907867,0.21864341997216058,0.165650793943748,0.5380846329875668,0.10384824610322767,0.23580930471962044,0.17051369709261993,0.19869594775424393,0.3546213343375387,0.33518191628008825,0.2051231405987093,0.23661585696507298,0.4788411771437281,0.21329130161919174,0.4039422735874982,0.35699637881077584,0.12175100880883265,0.5446200502124389,0.24076877833396076,0.23557679395520978,0.0504399447222964,0.2730666676699039,0.935585381817521,0.28853638747079174,0.44407495699526595,0.024623613090966973,2.4236930570790864,-0.2443075770689563,-0.5366939345542863,0.5943777619634145,-0.26467734178635366,0.9497241721422779,0.278194388786455,0.371107870292571,-0.25486328722914103,0.19752833238828232,0.3548039263148362,0.2738238750596992,0.3468130740640943,0.21897827938629458,0.6492581282121955,-0.3322295870113504,0.7254773849197649,0.23944716568089122,0.5855812007382849,-0.04828135447134451,0.26898311051569573,0.1582279032311216,-0.14836795346836762,0.11181744381256697,-0.14573411911052905,0.043200836746445634,-0.20862403069161511,0.1594759520749654,-0.1563457338427646,0.27362960101421835,-0.4590734785213211
0.0764706866556193,-0.09664672726034663,-0.2636220453396625,0.08478111730234208,0.02654856031450248,-0.0044703832638081555,0.19816918538857856,0.055495325407169345,0.0070384528407851175,0.0705772777662229,0.06085297015177078,0.04351816462870256,0.03919763741762522,0.02487300043622896,0.04101174911691044,0.032333003117529326,0.06839627690004114,0.023102344073516433,0.2730765763488902,0.1268069140330053,0.16383783256644072,-0.03432703984383628,0.4037161300622576,0.4635679518686309,0.47887627913587383,-0.3203145834860992,0.22716556104610652,0.13575603378918483,-0.2443075770689563,2.570821113958769,0.3478642273155397,0.21122636677101042,0.6021526788164351,-0.1786025958947234,0.13727931735113333,0.42853145812532656,0.4632914126478107,0.11577220844121143,0.15675563075821133,-0.1519114169478016,0.3709636904336431,0.1549684464545407,0.357670340038185,0.6776091883648613,0.050135922212656,0.49456841710237903,0.4239958098395558,-0.08453676902595018,1.1327920632705273,-0.26029738654569434,-0.09353080187309276,-0.2314177130258864,0.5248919189739372,-0.09408313813014778,0.020533275498700067,-0.07599330933504685,0.12028445362776313,0.015857006755421316,0.005696469256355962
0.11115857027711369,0.07457585876239775,0.2547242860922991,0.20383287509769024,0.05694545102432903,0.22008644283842227,0.1719428962053978,0.15210163459284223,0.3229492844139705,0.07505166383960944,0.1760383613464169,0.15421103738760586,0.08694463094019987,0.1656716076842476,0.12255653108735452,0.23146103268275697,0.2422571093266269,0.1116068384373699,0.31208616902930303,0.10181063684086387,0.3643782072005215,0.35886155233488276,0.4441533058567069,0.18154386561167166,-0.23731370961936576,0.14155697217524,0.24306735397975385,0.3886785039769789,-0.5366939345542863,0.3478642273155397,1.7825605143195449,0.27720370019621854,0.41928200546659733,0.07034385586355961,0.39832405825249523,0.34798498822216095,0.7683582444390348,0.14346601528486647,0.4132467953485856,-0.061830134692634715,0.18554701619971892,0.30822895167009257,0.041568973998163804,0.7755957316155486,0.09604405400146751,0.23638273525073566,0.2582245765082308,0.004571861399952325,0.007627302140359767,0.19526324366959075,-0.14957783626358903,0.11632626748222974,-0.18906478791507336,-0.18520772579805123,0.10490453293963185,0.10868482042465377,-0.30279162444373875,0.2645326710852439,0.011238167448246494
0.09028018096849093,0.32425073591216813,0.33401384570745,0.2647286385084745,0.19208894516107772,0.485726282633372,0.15222872722105976,0.16937630625422292,0.3824650385693071,0.12882108644413826,0.34306399064801824,0.33202041837287977,0.17043706539995016,0.18600679452324206,0.35333643970576994,0.2515213459114336,0.3487814013589329,0.2487782002943446,0.21035478445962025,0.4393081370206872,0.26548145268959444,0.4444499800463223,0.01658819596529546,0.5532309119674427,0.2657191248516203,0.44474648503567077,0.4492391865780728,-0.05806775275076096,0.5943777619634145,0.21122636677101042,0.27720370019621854,1.809093571285731,-0.04458891044383543,0.7957186331012831,0.19306924986533544,0.3185612725424677,-0.03783134023524923,0.24937749843136506,0.414764376666045,0.19384706213478423,0.1768234649101506,0.2848137344181519,0.461110809492464,-0.2217259220880583,0.7655976124154582,0.3097723729911167,0.6555129100383332,-0.038661705216969273,0.36601828956190013,-0.39193847941032905,0.05646149809755492,-0.13413274455083235,0.22450713564508623,-0.09092904324732011,-0.2690030264259201,0.20199311452211674,-0.15365504823170645,0.12025735952936067,-0.3033719300209447
0.11088739475652114,0.1363588116764455,0.36766936896103125,0.15146842072522515,0.022877253505144066,0.19626260651341054,0.17438586900718842,0.1783657878758814,0.24130966139116716,0.19085141641908224,0.1008667257783433,0.11683750835831341,0.08570419009406899,0.10782345463873196,0.08724126875846176,0.004733365527143853,0.23613242885383384,0.16405869817204877,0.561608802844795,0.052525620217994506,0.31391828073577305,0.08876921163636291,0.36527493879111916,0.4625594399070683,0.197289955927631,-0.11513458603614846,0.34848334695273964,0.584589600393902,-0.26467734178635366,0.6021526788164351,0.41928200546659733,-0.04458891044383543,1.9780663028594716,-0.15386277481668134,-0.23893256399575333,0.393764929410686,0.49196758538424956,0.07826073174302711,0.03898619369243538,-0.19887990287990687,0.5236334752866872,0.2701697735585069,0.2749571008185788,0.8156138287086903,-0.08208745474343751,0.4143649958322274,0.212326193731599,-0.052783495258767514,0.6903158614038393,-0.06256382518522384,0.07166638588763626,-0.18226670148638394,0.12450234633855584,-0.24545618437076183,-0.09435552346342253,-0.04142187246518342,0.05954786175254035,-0.06972436914630668,0.3161609826795401
0.15074800873169233,0.39676157168370685,0.4584037491692328,0.2429081941415418,0.12980980415909024,0.475635740457405,0.13713852764591794,0.23700708321749608,0.32708556322112425,0.17672931272654907,0.32342690166424504,0.3091113902307848,0.17023189973435837,0.2249141653333408,0.40185568802386046,0.22962113643363988,0.35956290617525793,0.2919804995734639,0.12554979338204,0.4667873191485083,0.2611876431466657,0.40466322373076435,0.21769038662795467,0.3704927034622175,0.6704646859802713,0.503815209592927,0.5601052159206685,-0.04665363162097245,0.9497241721422779,-0.1786025958947234,0.07034385586355961,0.7957186331012831,-0.15386277481668134,2.0847172842013433,0.3990081342811344,0.10553718191722929,0.3262536110500245,0.2144775368685816,0.2775089190555456,0.08004330648461823,0.18394815651753318,0.3300997828759822,0.9411142160309395,0.11572575738113228,0.6302900826298018,0.13064348396915612,0.7681982451996909,0.025577926243307902,-0.023192702468096404,-0.40193207134246184,0.010050283110011287,0.07381404488065328,0.2076948935059418,-0.14011252024680354,-0.1212683486528181,0.20073760390050632,-0.16240763230296099,0.22519177760994766,-0.3691816429470351
