0.9871097669904112,0.11833338284133825,0.26331794654397694,-0.018307459144040205,0.09719861693739756,0.10102515166778024,0.2649380322495937,0.10475736617613014,0.1668617342296639,0.08572898125438326,0.09982677413765248,0.14813371983903897,0.06494874476255422,0.20267659221557516,0.0873040738602712,0.0824382753284234,0.11280943660033586,0.1045950042945284,0.07820254414806994,0.10921246869213495,0.11914461826562221,0.1410277304949206,0.13221929649944353,0.10619315295665625,0.17639106001902807,0.06350692943792902,0.16641971505454836,0.07528308520012691,0.15374098371839312,0.07981574680131913,0.11978639542484952,0.07725841333758438,0.11258141975995138,0.13426357757631827,0.10727459966585738,0.13146694902588948,0.16408595939296777,0.07723091454343915,0.14829648171926155,0.013700820770844781,0.16366554576835143,0.10251552539898574,0.1456118920270827,0.1963200289671996,0.15240421405109944,0.10279685971759393,0.11043709751451451,-0.010696240398197615,0.09767805285569116,-0.0708017466407858,-0.016602591889445604,0.002645588481094833,0.08707651669424583,-0.01747628305476565,-0.017276742370443722,0.03749083145044346,0.04505875596874026,0.2766696195098057,-0.36098014498019404
0.11833338284133825,1.537874835615827,0.647787101114692,0.12001072864607819,0.09974387193095689,0.4785685699343304,0.05389667079233727,0.22540422915854974,0.2782660200288619,0.20979714644791303,0.18531992023939345,0.302748379214916,0.12687836038649403,0.15914435784530134,0.5052250856621735,0.04064130674322923,0.2988848764980052,0.37680239996609577,-0.004322611563040797,0.4136339181275963,0.22798822170494928,0.13940725418075764,-0.025299755201945242,0.20758122124089534,0.3265111816874282,0.2495051747700034,0.29768636874539833,0.14962281409883707,0.4818613436320623,-0.07686199113487484,-0.013051952335610373,0.30292749208148745,0.10492481295078583,0.3451767088540892,0.14861518244926442,0.17726827171438417,0.2192474317786925,0.21044186013137633,0.18796331344664474,0.09632965699966753,0.19387424214778273,0.1906264154304954,0.4422385181203681,-0.09383033070207301,0.7834229774236544,0.2945264882745837,0.3898203994772328,-0.027911287664023007,-0.27125929679270244,-0.3478082406455443,0.3200331000956274,0.32091959704285905,-0.048936379509944755,-0.0970184112681408,-0.19706903718429913,0.06552470994480465,-0.35848269339195843,0.2598335653324454,-0.07923303859168526
0.26331794654397694,0.647787101114692,1.9312409555232186,0.11416746547019412,-0.07053306943391874,0.5375083031975596,0.1050288054320235,0.3721089957496456,0.7089746204177645,0.37428232258569,0.18720701868844664,0.33775531947929427,0.18933325918776955,0.15238044052875044,0.3939349511749804,0.10073646810754207,0.41858247593305553,0.341279540246556,0.4316379760188351,0.29419756777403827,0.311917266572583,0.43548892538436323,0.14739984220355082,0.28388938798920427,0.2785362463582173,0.29118080298699595,0.3287266834763961,0.3454423786428944,0.35748880272375416,-0.2335843278019878,0.2503050827748328,0.31464620936766996,0.38326405787399154,0.4009952448184005,0.25239552971630375,0.3633436076864157,0.45382882440998407,0.19919975856921818,0.3978495161152034,-0.1612202361293807,0.4134373946390897,0.264291741372685,0.29933534190640776,0.345383432431711,0.6582363456463024,0.5158131491359529,0.4218441855974886,-0.04029456361966782,-0.26302863805520155,0.09594582545073474,0.16114636204120888,0.12920805676141703,-0.1915807173665608,-0.26327103759063997,-0.09593903059706345,0.22881081437632517,-0.16485577941800653,-0.04944350372919581,-0.2234296174157235
-0.018307459144040205,0.12001072864607819,0.11416746547019412,1.1212869904480471,0.4639321873995738,0.34350452818909,0.320259421031319,0.3269536013480931,0.17379086207899266,0.18924819517607933,0.24487094293724004,0.3150698791341477,0.16814114283839768,0.33373119047941113,0.1774784751694328,0.30929563238747604,0.23035507024126048,0.15883683703961882,0.07805070385414455,0.27656020198464865,0.1760787692073127,0.22040772552805227,0.12927088949995794,0.2182995258602286,0.21082259214166277,0.1652010132039148,0.09669931801848389,0.04939263766729287,0.20656626402497053,0.10198231895394252,0.12318134596347581,0.2374691380455649,0.14930327107363398,0.2113016080012514,-0.06104628781435022,0.20127638599272663,0.22812189044279446,0.1616169156136739,0.2919709604587034,0.08328528120816665,0.23569603413486714,0.16598320815087816,0.07868795300217507,0.013298369283260567,0.2634809519256078,0.18354821136469102,0.27029717336410214,-0.013589232560033207,0.0870871257752152,-0.02443169286276836,0.026174936213326297,0.2886075327830445,-0.06277409791794471,-0.10158259188049865,-0.09593489228112745,-0.019856152970456356,-0.40492730513465414,0.45117091065241016,-0.12369241613527056
0.09719861693739756,0.09974387193095689,-0.07053306943391874,0.4639321873995738,1.317145350856161,0.07596503335288311,0.2884150393290305,0.2378711190155351,0.02429768039961769,0.23900135907428835,0.23932709497729296,0.2688044769904397,0.1786097254018986,0.1669133310977861,0.2102073796238915,0.34453762260404747,0.10877425569898405,0.1845466377243224,-0.03684381678446985,0.17502595458927864,0.08484161982967293,0.11988205922981335,0.09585227950569852,0.11241339388123013,0.08569040171511492,0.12140168683618745,-0.08484818786128319,-0.04934708232920396,0.1737340719678362,0.008658052607091921,0.02972786778613335,0.18009935113450967,-0.004869499475884725,0.12127864679964229,-0.06916727280271434,0.1503603953209788,0.042696395218862385,0.08739195319707782,0.2096443195935958,0.12789431345319924,0.1635691617235386,0.10875312736276861,-0.1888372406509451,0.0015350762746939412,0.019987485274641698,0.08021220021962357,0.1123131978897299,-0.012761606168416326,0.14530734124024264,-0.0639277145519227,0.024955288014172905,0.2158505394931958,0.10717960308922048,0.07682671926521568,-0.15417416350919508,-0.021376499955458674,-0.07644779572403991,0.1269191185399564,-0.006406443382695871
0.10102515166778024,0.4785685699343304,0.5375083031975596,0.34350452818909,0.07596503335288311,1.018351648405062,0.03267768526093308,0.3569365310284625,0.38726732939497366,0.18414603597578283,0.3683707144188253,0.41567815556399157,0.17679147642274629,0.3096379530803934,0.3982717256347636,0.23633068286251413,0.4214190191989203,0.2575897178847354,0.46239572950239416,0.5206589977632889,0.3373550133011744,0.34491789146568635,0.012360812904482817,0.35468806233365346,0.41714987536843073,0.3485854372654372,0.36115925051203007,0.2934917019075597,0.48926412584494344,0.03796269008297641,0.19312229653717616,0.4650757593304281,0.22241052420803686,0.4436409706788542,0.24749547623564674,0.1861241737063975,0.4512298013654497,0.28794197210922584,0.5265730854715961,0.14600887445760805,0.3692260231250144,0.29679718194939525,0.4808400707570891,0.1499625858339691,0.7696130567023305,0.27278320670622863,0.6268414939872967,-0.010212482717575166,0.31762659984101654,0.04932531005453077,-0.0468045225685838,0.08335677476823625,-0.2040299960245779,-0.060186865382745224,-0.15817637677835844,0.17504160007060654,-0.3027140814144025,0.3854900111821795,-0.338535865707882
0.2649380322495937,0.05389667079233727,0.1050288054320235,0.320259421031319,0.2884150393290305,0.03267768526093308,0.7186344298401359,0.1339148645803152,0.19912512797752466,0.11191940024542811,0.28814002043517906,0.2674889187900127,0.10769729791632364,-0.009736988459120034,-0.05478363067858119,0.23285278009351332,0.17261792409132684,0.09986656968202233,0.03386664806961276,0.11419770259503734,0.146866385393046,0.22293223305168602,0.21358541690391386,0.15577768250795923,0.11476321153213484,-0.02602203228038078,0.1373789435407854,0.017684807244960705,0.0819060757784521,0.1910527007030548,0.17179479750270854,0.13829139439744495,0.1475804841002972,0.11389475566239653,0.010723249038107065,0.2703542545373775,0.22089317541610817,0.08232155655485505,0.20807070414102502,-0.014146411819477763,0.1282144206042125,0.1299497726993935,-0.006374538737390635,0.136311733135347,0.023806331897758107,0.11232716376361306,-0.046993483394071396,-0.012755125487010585,0.11550276830881541,-0.07954479715172272,-0.026600237557206724,0.05395037641834273,0.11535946304755283,-0.13313670207861944,0.033345976674856476,0.041054565370083035,0.048016732705594166,0.13986528427793013,-0.3769151620242666
0.10475736617613014,0.22540422915854974,0.3721089957496456,0.3269536013480931,0.2378711190155351,0.3569365310284625,0.1339148645803152,0.7106070013372837,0.19761676625632707,0.2815702734413876,0.27158778836231395,0.1566176813709079,0.16338503090102469,0.23468708773545907,0.12381658825927865,0.23770474349961634,0.22512551043727796,0.22547510067242565,0.2571473356501053,0.24774782096340245,0.16493988401916268,0.2139165924374502,0.06202507003838533,0.17698499361696984,0.20936599904467337,0.19526258051373108,0.1779000216934984,0.22484792859449879,0.1928342654558868,0.04219515454391203,0.1370672324768128,0.14293011395074173,0.16777537605654202,0.2013985548778432,0.20107087087728115,0.06304434351527997,0.27310864633182536,0.13662115957373652,0.3439012711924122,0.09176592886634441,0.21921822376175348,0.16216432435471087,0.2531591586586364,0.2757439403547254,0.28621730295671843,0.17608487167942816,0.37876354925219224,-0.0032296189510701862,0.22721732725052649,0.08533194731520605,0.028803402564126734,0.21779006784374058,-0.13846717396812894,-0.06489134743123398,-0.05891822515802809,-0.0003325201457316961,-0.0792678744113879,0.34721068657676957,-0.2210318846595472
0.1668617342296639,0.2782660200288619,0.7089746204177645,0.17379086207899266,0.02429768039961769,0.38726732939497366,0.19912512797752466,0.19761676625632707,1.1735874114335878,0.1775471149196939,0.20175484083015144,0.2262151043924396,0.14349624331772395,0.14565434678606765,0.08760686054000194,0.14913177845360423,0.3106943219408647,0.2180742404997298,0.2961604581712117,0.20510935687639306,0.2617486046684782,0.5921189136977943,0.17972031105669822,0.27038754614681215,0.05918267430841082,0.24850384767133563,0.29073747236262987,0.16215852986273516,0.10396115304346266,0.04283872916853157,0.32904860212998355,0.36679517876420925,0.2653834215215327,0.2900496832413576,0.1431247920847377,0.28776121604650073,0.28626831780426976,0.1441027901001952,0.3833983602927479,-0.038043874218968,0.24024558871389146,0.20927955225021327,0.20381787743579632,0.16042772810993744,0.47575100313033597,0.26126476160015855,0.33515105065066064,-0.01738211948305355,0.21174167856275455,-0.10657397613453502,0.10748557854850828,0.13582083810540346,-0.00832568303630141,-0.17054240330439477,-0.021249896332305097,0.31890445716037996,-0.1411063433362616,-0.06899790012307438,-0.31792006904183845
0.08572898125438326,0.20979714644791303,0.37428232258569,0.18924819517607933,0.23900135907428835,0.18414603597578283,0.11191940024542811,0.2815702734413876,0.1775471149196939,0.7298261191069881,0.10507122306761704,0.17866995112739362,0.14404187913787028,0.1196617961239927,0.1801527460002824,0.1564044397102021,0.19257404041384713,0.2800399027153634,0.19832302043378622,0.0660394980076026,0.12074082321504515,0.18469547660216734,0.13856673661333976,0.1501233403408861,0.16566892964675356,0.17740204531778964,0.14221316239291515,0.16448948192317642,0.1824082326800047,0.06124286545411771,0.0908390567177372,0.12397581274987318,0.1836674386059333,0.1667986437233058,0.1305513619700429,0.20568858172603427,0.15186768276641063,0.043001097653945386,0.23267843450172332,0.04000069134655671,0.31547689562760933,0.12170724313687518,0.07979438918068328,0.16590234057587705,0.23572872599703718,0.1884036208101864,0.27428853105847856,-0.023023888326056906,0.12648552404020724,-0.03063418533009282,0.09079281545397173,-0.003349627248073541,-0.06491101964599683,-0.025141945847580217,-0.040434533530003064,0.04005791836540219,0.00859437121386687,-0.06433346382085585,-0.029321244767401007
0.09982677413765248,0.18531992023939345,0.18720701868844664,0.24487094293724004,0.23932709497729296,0.3683707144188253,0.28814002043517906,0.27158778836231395,0.20175484083015144,0.10507122306761704,0.9316193702780695,0.330093222588512,0.15915918373989643,0.05901724462311212,0.13167611328856993,0.37512407587274116,0.3221890690863907,0.23625725741426443,0.20932671597116903,0.3876237359838324,0.24766488085087865,0.2843191580424385,0.037617920437875325,0.25844744642527495,0.20343645649880335,0.10286108975069037,0.24644577578349855,0.13809567951370155,0.32319638658494215,0.07279344931959547,0.17698687873189942,0.34171645687371843,0.1063311311790689,0.29912334815496405,0.2682355877131179,0.17563515513994557,0.235671812902712,0.20265551247445995,0.3984481471172976,0.13179415042654852,0.1745514864100922,0.22689998076193948,0.23261561797883207,0.17224951054960047,0.32052277591487616,0.16707909013687192,0.2892398967441633,-0.0023942562602000937,0.31411809931277357,0.02082944263798859,-0.0040082929318750364,0.20544373992125617,0.15315552264668192,-0.03573375617463875,-0.10966063170620038,0.1096815142521046,-0.04990553166165572,0.23118630136731466,-0.40735496675972294
0.14813371983903897,0.302748379214916,0.33775531947929427,0.3150698791341477,0.2688044769904397,0.41567815556399157,0.2674889187900127,0.1566176813709079,0.2262151043924396,0.17866995112739362,0.330093222588512,0.6685473829194652,0.14119670364324619,0.17418133029757574,0.35388386061760246,0.19938700327699665,0.3035880935269147,0.132361267771166,0.16890346790621147,0.3437118572614542,0.22996914251342898,0.2184704445886982,0.09418861174804635,0.23341761018349944,0.2793120156298028,0.16935551655126882,0.2541032811219074,0.12239502050464818,0.3119885070459031,0.0685273038042875,0.12996885387051213,0.3213913501780486,0.11799528752304925,0.29116187764133883,0.18504012605959666,0.2993706926863156,0.2166369224550741,0.19112911641506697,0.3374768882433723,0.09162359204726847,0.24533836277055163,0.2090821818168667,0.16015171273596934,0.03569938032650649,0.47020094953133507,0.21779725587624427,0.29485123900968524,-0.019277460342870253,0.10926458765731202,-0.14029550317018663,0.0324920759507201,0.10426750000111966,0.047882205522129385,-0.04983414897831587,-0.12490244473206137,0.14675060570302625,-0.19358268311702215,0.24837953343114408,-0.3910991785913363
0.06494874476255422,0.12687836038649403,0.18933325918776955,0.16814114283839768,0.1786097254018986,0.17679147642274629,0.10769729791632364,0.16338503090102469,0.14349624331772395,0.14404187913787028,0.15915918373989643,0.14119670364324619,0.4116467771569205,0.10927842198597543,0.05462111145817738,0.1571517479732078,0.129758321738227,0.13251621548584847,0.15708645568422588,0.11700314782065452,0.13105126731721028,0.16074967952229857,0.0902742866122685,0.12860701894609886,0.14646187267691324,0.128499978606852,0.045129336047419505,0.08361360865608525,0.19184387089451463,0.04827603974258446,0.08472765919300676,0.16785455866212567,0.08869352015060565,0.16024027569838786,0.10051836592030869,0.12350664025566943,0.13247822321570776,0.06915042098546258,0.2373597678542142,0.041595708734949804,0.17343136562816686,0.10378341379627058,0.027447743237363,0.12992345414783593,0.1060505738301594,0.13001657478913894,0.1717936310040518,-0.010005455105020657,0.150396488147813,0.04268390656316161,0.019981130175237394,-0.024187628213330384,-0.024223456567909588,-0.05208725487448853,-0.06384126786129153,0.027436036359572726,-0.06277625019922198,-0.005633508156021564,0.008540334371505474
0.20267659221557516,0.15914435784530134,0.15238044052875044,0.33373119047941113,0.1669133310977861,0.3096379530803934,-0.009736988459120034,0.23468708773545907,0.14565434678606765,0.1196617961239927,0.05901724462311212,0.17418133029757574,0.10927842198597543,0.6784181955050202,0.2849834382374089,0.12579623840308363,0.186083349385535,0.12634740337503333,0.13577035706172616,0.2667938690556231,0.15747488047027974,0.13488117031891603,0.05612431320931386,0.16915583843667156,0.25328743149115823,0.33015125879466295,0.19241080566995414,0.15051478747351302,0.2256071378796092,0.05576242447682351,0.11160613063488119,0.17101225245082688,0.12535794849038512,0.21088747482291234,0.13213918562112903,0.10157099480013707,0.18452280344461336,0.1453844436760357,0.21242030705857595,0.14061315003854408,0.31239337381697413,0.1609613852165123,0.26047000344430216,0.12322150748624659,0.4284910360517449,0.13498445923751598,0.380623574716717,-0.0076168382318448575,0.18213664630854612,-0.026177936777689315,0.010588303245561322,0.11919869947452187,-0.05064474990271062,0.04659073556997608,-0.23145546645336817,0.06215971749136448,-0.3241071065110337,0.4798577667164229,-0.04715246532745352
0.0873040738602712,0.5052250856621735,0.3939349511749804,0.1774784751694328,0.2102073796238915,0.3982717256347636,-0.05478363067858119,0.12381658825927865,0.08760686054000194,0.1801527460002824,0.13167611328856993,0.35388386061760246,0.05462111145817738,0.2849834382374089,1.2483117276634619,-0.07409038764941332,0.3452075283985806,0.43732667763265676,0.08569479526915084,0.4274550685055595,0.2287184759746369,0.023503444135598177,-0.009855055928833142,0.23556714772313345,0.34183174389476173,0.4737262503979983,0.26809969748316165,0.17062280867170496,0.4624386553032436,0.08245737497390065,0.054293711941742595,0.3378722149465393,0.09458876109538925,0.3707852393095267,0.21134177672960167,0.24998688519663131,0.1269272832191261,0.21078960649601683,0.2300574566969639,0.12763550446631153,0.31840716264156,0.21222649268503482,0.3852600226680748,-0.10956895841334671,0.7846098715170067,0.2911290907599574,0.46180191626463385,-0.03384810285751233,0.1316203457012657,-0.11300385039366186,0.03547625067537923,0.2265340735718167,-0.013034441775068201,0.03967121956351962,-0.21848465508489487,0.25720391241256346,-0.403438245994438,0.29634831718315785,-0.2361823136105855
0.0824382753284234,0.04064130674322923,0.10073646810754207,0.30929563238747604,0.34453762260404747,0.23633068286251413,0.23285278009351332,0.23770474349961634,0.14913177845360423,0.1564044397102021,0.37512407587274116,0.19938700327699665,0.1571517479732078,0.12579623840308363,-0.07409038764941332,1.001947128214584,0.2283255779944818,0.22452615402283863,0.23213445420852805,0.11394097193948724,0.15588388532072783,0.49680940778906474,0.04087371750191864,0.16184217183456556,0.07360911535935602,0.17403223242577223,0.06657327918380757,0.1851987086337407,0.19910431703001857,0.02501581841172028,0.204261833964487,0.23739128995515782,-0.02110735655184742,0.19806520417307857,0.3856208708194024,0.05651417544907259,0.19018528657891565,0.0776001616992025,0.3366307262658318,0.12122893364241841,0.19193075268441562,0.20340706045717913,0.11083006017689491,0.2505555695850209,0.1379325133082394,0.0671266317812823,0.2399980103058485,0.004878359820867479,0.1862805008779792,-0.0006408880995313843,-0.0743192814680731,0.06014272451746122,-0.026967099782308355,-0.028829475524260077,-0.017016567830294246,0.02196166480256628,-0.09236421157775904,0.19616571305902364,-0.22192273196334097
0.11280943660033586,0.2988848764980052,0.41858247593305553,0.23035507024126048,0.10877425569898405,0.4214190191989203,0.17261792409132684,0.22512551043727796,0.3106943219408647,0.19257404041384713,0.3221890690863907,0.3035880935269147,0.129758321738227,0.186083349385535,0.3452075283985806,0.2283255779944818,0.6175627302368731,0.3149479183581353,0.3183275950544088,0.35119226130683484,0.2837141481197122,0.32805936756956505,0.04965808030115769,0.27152489132814916,0.31242534454952303,0.24689473567372786,0.2370956071286867,0.3248752898817183,0.3640568359748751,0.09784514132402561,0.2138931039101201,0.3223137700019644,0.24450039483785474,0.3207945365505096,0.28756136750266575,0.2668697553998115,0.3875292968974496,0.20144452836597004,0.35642241902011645,0.07661287968265466,0.39554266114417463,0.2775055509652114,0.26028946212577353,0.16243822392774865,0.6282858993220743,0.2592566179428905,0.4150799794488701,-0.01667028554737854,0.08778799990584334,0.00783252755914463,0.034771842457060435,0.06353392316297068,-0.15496002330634653,-0.07039461583075586,-0.16523115515472706,0.12430447083160362,-0.18984697292869118,0.23014246196050644,-0.35236563070192084
0.1045950042945284,0.37680239996609577,0.341279540246556,0.15883683703961882,0.1845466377243224,0.2575897178847354,0.09986656968202233,0.22547510067242565,0.2180742404997298,0.2800399027153634,0.23625725741426443,0.132361267771166,0.13251621548584847,0.12634740337503333,0.43732667763265676,0.22452615402283863,0.3149479183581353,0.9963919187610234,0.18112387488872148,0.11870230824691444,0.19456105847024996,0.2079270400475562,0.022091825599523673,0.20387188576660212,0.18922923109698445,0.5124959438525247,0.04943185273266146,0.19457136176528977,0.332620855757581,0.018011602635647404,0.09313224718111099,0.23104470257479082,0.14667814045939656,0.2527147778609484,0.2089842268085375,0.11106130199057089,0.16236902300486142,0.05868456154410836,0.17466486874841528,0.08661745698458266,0.33793769828152037,0.1560304314276054,0.3334401899567653,-0.004424402859842014,0.763224661950967,0.2077749679317497,0.3751809932894714,-0.02469905791923984,0.04184585176129188,-0.17314402601292764,0.1774710083778789,-0.003476327684382847,-0.05461142732290903,0.021767924481276506,-0.08015033305310747,0.14699599546730452,-0.07673300910016037,0.1720284913481755,-0.3943842522713536
0.07820254414806994,-0.004322611563040797,0.4316379760188351,0.07805070385414455,-0.03684381678446985,0.46239572950239416,0.03386664806961276,0.2571473356501053,0.2961604581712117,0.19832302043378622,0.20932671597116903,0.16890346790621147,0.15708645568422588,0.13577035706172616,0.08569479526915084,0.23213445420852805,0.3183275950544088,0.18112387488872148,1.4677663903872624,0.07135320547633286,0.28709459509850976,0.35871629230044727,-0.21849319488070973,0.2949449948017599,0.32243175384637174,0.20258066274772452,0.16412438232258597,0.5394100568545632,0.0862568030369937,0.2927159526399679,0.3056463783964339,0.18720527768737139,0.571417537060308,0.10099529471809977,0.18761770672963352,0.24768853240837146,0.6227169336173465,0.08236063019617869,0.5470689484519371,0.006005063943745514,0.46737139497996066,0.2283799506719311,0.04044595999476283,0.3135157869790964,0.25039708636566343,0.2720555199350449,0.15413836862246377,0.016225900994790838,0.4461102945397683,0.8034186686917136,-0.050005953660992614,-0.2550243316027681,-0.5744473165140516,-0.24109276722605547,-0.01441047635800295,0.09135800789124544,-0.06614770827949427,0.05258540414079306,-0.04629661206295933
0.10921246869213495,0.4136339181275963,0.29419756777403827,0.27656020198464865,0.17502595458927864,0.5206589977632889,0.11419770259503734,0.24774782096340245,0.20510935687639306,0.0660394980076026,0.3876237359838324,0.3437118572614542,0.11700314782065452,0.2667938690556231,0.4274550685055595,0.11394097193948724,0.35119226130683484,0.11870230824691444,0.07135320547633286,1.028593738623863,0.22924254381837197,0.124370964840125,0.04000679931414757,0.30429846413228306,0.5054941532893695,0.23042255523717514,0.43409318260432095,0.162687041757579,0.5195427586990357,0.13517751887318744,0.0674347891269029,0.41853418830411865,0.05485074577786015,0.4342239123018251,0.24434544102639183,0.13238978372653504,0.4632173993230853,0.49526229454753845,0.6563573286724611,0.2427005194887029,0.003149364532404442,0.2616808720563415,0.6559324944499216,0.12561643189768942,0.8516995414663519,0.17588863588814796,0.41935358353929353,0.006774114092006914,0.2169168652641976,-0.1207288853417335,-0.059047080429688925,0.42448067367528075,0.0747537809970207,-0.051499052541269054,-0.1407383676082317,0.12533460736639757,-0.23427269390881605,0.291486295524237,-0.23356789487669652
0.11914461826562221,0.22798822170494928,0.311917266572583,0.1760787692073127,0.08484161982967293,0.3373550133011744,0.146866385393046,0.16493988401916268,0.2617486046684782,0.12074082321504515,0.24766488085087865,0.22996914251342898,0.13105126731721028,0.15747488047027974,0.2287184759746369,0.15588388532072783,0.2837141481197122,0.19456105847024996,0.28709459509850976,0.22924254381837197,0.47119709105580876,0.2112162081701285,0.2409034911438522,0.2455349534182776,0.21697203381029775,0.16402268476395537,0.3049600403110979,0.21146642265442603,0.2230238408452095,0.18791230328189712,0.3454603874733113,0.2643398879360997,0.3071985000755788,0.239373942813364,0.2216151903926329,0.3644396508954522,0.2903636974142319,0.14315750280150982,0.41338817377839604,0.12213253926321095,0.3854459639125801,0.2912976071550133,0.26461629085863164,0.2358510676995093,0.6046904678665889,0.25605733813851056,0.3598004820831817,-0.02053947965272324,0.23164205469044358,-0.048819643382015734,0.05406256773849012,-0.058897422293628904,0.027156210506989183,-0.075417919271864,-0.08869702899080913,0.10074570380128885,-0.16281701111670124,0.16867173159619747,-0.15174380507045662
0.1410277304949206,0.13940725418075764,0.43548892538436323,0.22040772552805227,0.11988205922981335,0.34491789146568635,0.22293223305168602,0.2139165924374502,0.5921189136977943,0.18469547660216734,0.2843191580424385,0.2184704445886982,0.16074967952229857,0.13488117031891603,0.023503444135598177,0.49680940778906474,0.32805936756956505,0.2079270400475562,0.35871629230044727,0.124370964840125,0.2112162081701285,1.0919323451676166,0.1474416698449078,0.21961633869730607,0.0724514619028941,0.2478449435056533,0.19314731973010238,0.16738763639455273,0.19575451909863964,-0.02142791374310143,0.34198346413631747,0.41749504665382586,0.08282816922751786,0.3677913756702525,0.2850331519317629,0.1958260328310279,0.2740862808787432,0.11364300689891939,0.49256467516572205,0.032398201674858434,0.2023766427955424,0.21311174233516833,0.06723494598048477,0.27175709637712886,0.20999463796398116,0.16777812289134875,0.3154690041497375,-0.005393289447891465,0.1734409702714659,-0.0022355212115150775,-0.024784802263193167,-0.010504858201112527,-0.06023970556989636,-0.14590385113132545,-0.03010070292035296,0.15627064565729085,-0.09935294870929538,0.062436003080927956,-0.32766368548573316
0.13221929649944353,-0.025299755201945242,0.14739984220355082,0.12927088949995794,0.09585227950569852,0.012360812904482817,0.21358541690391386,0.06202507003838533,0.17972031105669822,0.13856673661333976,0.037617920437875325,0.09418861174804635,0.0902742866122685,0.05612431320931386,-0.009855055928833142,0.04087371750191864,0.04965808030115769,0.022091825599523673,-0.21849319488070973,0.04000679931414757,0.2409034911438522,0.1474416698449078,1.5775399863540953,0.1789907890315395,0.33818510605768975,-0.20254797479544487,0.33281356064737583,-0.03794624577600454,0.04151106907845546,0.38440729252878,0.4583645830826956,0.015803489313663644,0.3306563721859249,0.20472527963477108,-0.004400378696824455,0.6584519789834643,0.3419545554840158,0.047611472939037704,0.853923178357047,-0.02593397613557411,0.4684827556322022,0.1347146675559504,-0.16066360963840046,1.1954121055395412,-0.18104650358512125,0.16583985753434508,0.1409718333040604,-0.013157032222337904,0.3732574150644381,-0.4425039530310869,0.07787761655067568,-0.03868799230563276,0.2767434400111688,-0.10460598583218478,-0.12201572121495037,-0.016130378027538216,0.07539245115651395,-0.014051369608055635,0.11787652913166284
0.10619315295665625,0.20758122124089534,0.28388938798920427,0.2182995258602286,0.11241339388123013,0.35468806233365346,0.15577768250795923,0.17698499361696984,0.27038754614681215,0.1501233403408861,0.25844744642527495,0.23341761018349944,0.12860701894609886,0.16915583843667156,0.23556714772313345,0.16184217183456556,0.27152489132814916,0.20387188576660212,0.2949449948017599,0.30429846413228306,0.2455349534182776,0.21961633869730607,0.1789907890315395,0.683015060654663,0.3015740801668454,0.08907534975653027,0.3514456174698837,0.18445247737427203,0.23377662225988588,0.4651329360253595,0.18613977856095462,0.5762844941958609,0.4687805396730336,0.33189367338836145,0.1275175973009754,0.34227303560389055,0.2859401788117668,0.18719297735454318,0.2883981254174531,0.05753223839708767,0.4542898479624361,0.23980625595327656,0.3429664919824929,0.2260136943304185,0.39541053748120675,0.3182980662938152,0.4031570815544174,-0.03581133320106401,0.4819228088869798,-0.16915528713801442,0.05707310348318381,-0.06447713890106348,0.16806390090515802,-0.1047658869305239,-0.19159761110214696,0.09096527990244661,-0.10169006088848939,0.1558742196797818,-0.1318276295628755
0.17639106001902807,0.3265111816874282,0.2785362463582173,0.21082259214166277,0.08569040171511492,0.41714987536843073,0.11476321153213484,0.20936599904467337,0.05918267430841082,0.16566892964675356,0.20343645649880335,0.2793120156298028,0.14646187267691324,0.25328743149115823,0.34183174389476173,0.07360911535935602,0.31242534454952303,0.18922923109698445,0.32243175384637174,0.5054941532893695,0.21697203381029775,0.0724514619028941,0.33818510605768975,0.3015740801668454,1.6834785747555936,0.08553898158053866,0.41119397305520927,0.2557370213210557,0.9008051128425024,0.5066101464711565,-0.3091410738514904,0.24373338463618846,0.2054415211474044,0.6321278240931929,0.37387055786346096,0.21926990197025314,0.37729903294492734,0.2711912217410247,0.6640034963576962,0.09073041394253578,0.3406448661512632,0.2312863397489696,0.5990569486923891,0.6561372247607181,0.4671661467503818,0.31875433866811964,0.4710093905421703,-0.04925447338259127,0.21932690449522518,-0.053809955647665324,0.08223517250030116,0.2281000104280379,0.07973223998815623,-0.08937701887934409,-0.08345147042887045,0.030087691266367636,-0.22280967143468153,0.28458481992184054,-0.07710843148193033
0.06350692943792902,0.2495051747700034,0.29118080298699595,0.1652010132039148,0.12140168683618745,0.3485854372654372,-0.02602203228038078,0.19526258051373108,0.24850384767133563,0.17740204531778964,0.10286108975069037,0.16935551655126882,0.128499978606852,0.33015125879466295,0.4737262503979983,0.17403223242577223,0.24689473567372786,0.5124959438525247,0.20258066274772452,0.23042255523717514,0.16402268476395537,0.2478449435056533,-0.20254797479544487,0.08907534975653027,0.08553898158053866,1.9779017941149126,0.3129887474610474,0.18141392932683048,0.27114777713066673,-0.32535050746823735,0.0656170316105858,0.3950246561297697,-0.1485640382156195,0.4607447729651112,0.36384992066255256,0.13553789574904712,-0.24591562954123602,0.10029817163635928,0.2072085415120156,0.3290093370946349,0.22341860746252784,0.23011640258522761,0.5535216483346923,-0.38907012650725326,1.2092169752317872,0.02779529955007947,0.41043774496080454,-0.0034166692650612228,0.20506359457741466,0.10935973221417437,-0.23862109124990585,-0.22704493023460162,-0.23674200957593663,0.0633361722861458,-0.09867220112261921,0.19442459911916612,-0.1996803659429979,0.19801010425534085,-0.25120272264282173
0.16641971505454836,0.29768636874539833,0.3287266834763961,0.09669931801848389,-0.08484818786128319,0.36115925051203007,0.1373789435407854,0.1779000216934984,0.29073747236262987,0.14221316239291515,0.24644577578349855,0.2541032811219074,0.045129336047419505,0.19241080566995414,0.26809969748316165,0.06657327918380757,0.2370956071286867,0.04943185273266146,0.16412438232258597,0.43409318260432095,0.3049600403110979,0.19314731973010238,0.33281356064737583,0.3514456174698837,0.41119397305520927,0.3129887474610474,2.5198739499349236,0.2567486861738173,0.4159354078084784,0.19903806518664052,0.2048367862760868,0.4314390331698634,0.28334577599548,0.5146928433634103,0.4061797553287533,0.8259797046635962,0.1753885448784147,0.21523361414286124,0.3208090290252077,0.32676596415792264,0.305340993928789,0.38296789109213014,2.0298718122410278,-0.06908824846770314,0.9778366249451516,0.10053866348986247,0.2951094087404769,-0.020379431637086203,0.7090721750335864,-0.3366554450275407,-0.2140820618051874,0.13011896931176775,0.22367001465248765,-0.055066102579086396,0.15570169029104983,0.18953829463935695,-0.013002978606033312,0.18390633807874734,-0.2924054924002114
0.07528308520012691,0.14962281409883707,0.3454423786428944,0.04939263766729287,-0.04934708232920396,0.2934917019075597,0.017684807244960705,0.22484792859449879,0.16215852986273516,0.16448948192317642,0.13809567951370155,0.12239502050464818,0.08361360865608525,0.15051478747351302,0.17062280867170496,0.1851987086337407,0.3248752898817183,0.19457136176528977,0.5394100568545632,0.162687041757579,0.21146642265442603,0.16738763639455273,-0.03794624577600454,0.18445247737427203,0.2557370213210557,0.18141392932683048,0.2567486861738173,1.2708427678613277,0.025921712531465697,0.1249433877773348,0.3736139472047952,-0.04640953841989793,0.5588875162263917,-0.041960204711883504,0.6811088837294976,0.07866495664146939,0.49639467594505515,0.08382568944599326,0.358447804317489,0.0008159660149106118,0.4125422835568924,0.21841650556896067,0.2742988914017846,0.9994275700198912,0.1115826021147828,0.036682327961684406,0.08385108992250397,0.011221692411121548,0.30459596898802554,0.5447010885784164,0.016662230179515087,0.5123430549081788,-1.2803473771528597,-0.004327086969320758,0.073478554276577,0.03222362535389869,-0.026733625492961738,0.03953189665064465,0.2085921398286355
0.15374098371839312,0.4818613436320623,0.35748880272375416,0.20656626402497053,0.1737340719678362,0.48926412584494344,0.0819060757784521,0.1928342654558868,0.10396115304346266,0.1824082326800047,0.32319638658494215,0.3119885070459031,0.19184387089451463,0.2256071378796092,0.4624386553032436,0.19910431703001857,0.3640568359748751,0.332620855757581,0.0862568030369937,0.5195427586990357,0.2230238408452095,0.19575451909863964,0.04151106907845546,0.23377662225988588,0.9008051128425024,0.27114777713066673,0.4159354078084784,0.025921712531465697,2.3893818327933296,-0.21432745553191224,-0.5879902528388615,0.5717863114510184,-0.2745286078204255,0.9068849235807422,0.258433015602854,0.3475474881841504,-0.2983148856542427,0.18776160648968904,0.3370877489007407,0.3022129788697651,0.3512838264523319,0.20460864611440738,0.6096649009115981,-0.3142247503229458,0.7082171877944231,0.19528747779839292,0.5307415274452509,-0.050433242362022186,0.21083680442304667,0.0868917479922073,-0.1467653187188063,0.04852726105033356,-0.12771651831644737,0.1217344802308404,-0.199713278977147,0.11615392720089908,-0.2248891088435874,0.2935500617761132,-0.33514514144554464
0.07981574680131913,-0.07686199113487484,-0.2335843278019878,0.10198231895394252,0.008658052607091921,0.03796269008297641,0.1910527007030548,0.04219515454391203,0.04283872916853157,0.06124286545411771,0.07279344931959547,0.0685273038042875,0.04827603974258446,0.05576242447682351,0.08245737497390065,0.02501581841172028,0.09784514132402561,0.018011602635647404,0.2927159526399679,0.13517751887318744,0.18791230328189712,-0.02142791374310143,0.38440729252878,0.4651329360253595,0.5066101464711565,-0.32535050746823735,0.19903806518664052,0.1249433877773348,-0.21432745553191224,2.530426058059433,0.352709012355205,0.207668516041777,0.5740062368372075,-0.1491365662977179,0.1276692873627944,0.47315230858998264,0.4918718614493882,0.12590096298629758,0.14187243770331148,-0.17957059072893133,0.37205179141272393,0.15403738493737926,0.2536217202732873,0.6081343209534544,0.029822062254723832,0.5133018203302853,0.4248498779584562,-0.08198567001491547,1.0671854504543448,-0.2264884172174315,-0.08957223295435328,-0.16191791071213008,0.48352881107096607,-0.12853438129546108,-0.045611842854017384,-0.03222610806211142,0.004778445152298952,0.11506243812932673,-0.0384242145079837
0.11978639542484952,-0.013051952335610373,0.2503050827748328,0.12318134596347581,0.02972786778613335,0.19312229653717616,0.17179479750270854,0.1370672324768128,0.32904860212998355,0.0908390567177372,0.17698687873189942,0.12996885387051213,0.08472765919300676,0.11160613063488119,0.054293711941742595,0.204261833964487,0.2138931039101201,0.09313224718111099,0.3056463783964339,0.0674347891269029,0.3454603874733113,0.34198346413631747,0.4583645830826956,0.18613977856095462,-0.3091410738514904,0.0656170316105858,0.2048367862760868,0.3736139472047952,-0.5879902528388615,0.352709012355205,1.7087674349270088,0.2215619775809402,0.39426932170854667,0.0166766987383505,0.3789829455465214,0.3414263676165149,0.815940953379609,0.1254398142107197,0.41590366576536675,-0.10328574051687514,0.19855364941677953,0.28202664953734075,-0.03720919699641688,0.8055297826637512,-0.021706333216210044,0.2221898696908199,0.22404109888662527,0.012750821784270634,0.11203559754917342,0.25235175627169126,-0.16430205166069856,0.13536138172592527,-0.19538929195315524,-0.20623512908008626,0.11699196786265412,0.12259276471924099,-0.07717006933357075,0.08030023526478854,-0.05123283607331974
0.07725841333758438,0.30292749208148745,0.31464620936766996,0.2374691380455649,0.18009935113450967,0.4650757593304281,0.13829139439744495,0.14293011395074173,0.36679517876420925,0.12397581274987318,0.34171645687371843,0.3213913501780486,0.16785455866212567,0.17101225245082688,0.3378722149465393,0.23739128995515782,0.3223137700019644,0.23104470257479082,0.18720527768737139,0.41853418830411865,0.2643398879360997,0.41749504665382586,0.015803489313663644,0.5762844941958609,0.24373338463618846,0.3950246561297697,0.4314390331698634,-0.04640953841989793,0.5717863114510184,0.207668516041777,0.2215619775809402,1.7318465509050376,-0.0719338493784583,0.7849591726600721,0.19113386122520956,0.2744702947859642,-0.04840401894070621,0.23066055290251244,0.3674126127267662,0.17414375987843678,0.19606944180688843,0.2751989461159079,0.48537878009980745,-0.17437371906221028,0.7019432223618878,0.29073863391978316,0.6254009722227397,-0.03111851936752701,0.3618304073920668,-0.3570164417256521,0.06524528409414249,-0.08297748174541576,0.21634864321230504,-0.08743385062953228,-0.26515686127797783,0.21166652810584166,-0.1346474763917609,0.061901979185509395,-0.25059738705685664
0.11258141975995138,0.10492481295078583,0.38326405787399154,0.14930327107363398,-0.004869499475884725,0.22241052420803686,0.1475804841002972,0.16777537605654202,0.2653834215215327,0.1836674386059333,0.1063311311790689,0.11799528752304925,0.08869352015060565,0.12535794849038512,0.09458876109538925,-0.02110735655184742,0.24450039483785474,0.14667814045939656,0.571417537060308,0.05485074577786015,0.3071985000755788,0.08282816922751786,0.3306563721859249,0.4687805396730336,0.2054415211474044,-0.1485640382156195,0.28334577599548,0.5588875162263917,-0.2745286078204255,0.5740062368372075,0.39426932170854667,-0.0719338493784583,1.9072131861797093,-0.17145507281533567,-0.26988052001350815,0.4048482249549636,0.4994043741313613,0.08429114345662085,0.0593407374586183,-0.24812714195160981,0.5370055390667715,0.24273776724660165,0.15634576048002743,0.754048726154029,-0.16312337034950747,0.4440855298214038,0.22253599144505742,-0.04241989402598785,0.7376078241795505,0.04606254997845759,0.07163615632537194,-0.03753422894554674,0.09714585342225339,-0.2983452101403442,-0.12466102309192899,-0.0213196729948726,0.009503199198157907,-0.027389539848306624,0.26540672158744005
0.13426357757631827,0.3451767088540892,0.4009952448184005,0.2113016080012514,0.12127864679964229,0.4436409706788542,0.11389475566239653,0.2013985548778432,0.2900496832413576,0.1667986437233058,0.29912334815496405,0.29116187764133883,0.16024027569838786,0.21088747482291234,0.3707852393095267,0.19806520417307857,0.3207945365505096,0.2527147778609484,0.10099529471809977,0.4342239123018251,0.239373942813364,0.3677913756702525,0.20472527963477108,0.33189367338836145,0.6321278240931929,0.4607447729651112,0.5146928433634103,-0.041960204711883504,0.9068849235807422,-0.1491365662977179,0.0166766987383505,0.7849591726600721,-0.17145507281533567,2.012455073735199,0.36236607874938603,0.08403867498783942,0.28628525706332447,0.20270990609915016,0.2674818220979822,0.06911973085332415,0.198194803014763,0.30327274775612445,0.8783562629913751,0.1505815965808828,0.5500872417048532,0.10280357751888321,0.7263449710858887,0.02833531967167305,-0.02297457565164395,-0.42735949293769565,0.007371477217243026,0.07615313912702862,0.20103048007487465,-0.09609126396028361,-0.11465370722506033,0.18501463754165395,-0.185364967523586,0.2131362305497796,-0.30242518989876466
