2.161721877338824,0.46708500695518107,1.3577953195891566,0.014516883490254274,0.19326282826627927,0.1578240019677471,0.2882812473812868,0.10123066674822918,0.07430982741474383,0.26776247520390495,0.05299703114796756,0.2960742018903249,0.11071087444253246,0.16092621269703442,0.2329788167201672,0.13829237427981048,0.19453035432726196,0.23533149278568127,0.15225562461708192,0.11098383560038531,0.12368235949802873,0.11668861478202139,0.22437794756834026,0.13748460586646502,0.16959634369735588,0.016087142180440314,0.20666946082647317,0.08344102170746914,0.12687483011582862,0.17221570016354457,0.11197658855903254,0.2169275644163591,0.24834340463624346,-0.028557400554668263,-0.1581685544919679,0.23379450657231005,0.19606762579592638,0.10523797218990079,0.1353630683272897,0.14747404813604056,0.19462196790050174,0.12193519388774661,0.14823227096759162,0.04507869842600064,0.021085649478638363,0.2362344252607853,0.20729372771222523,-0.08023163100525528,0.6294213224609535,0.1813052390531344,0.12500007649573802,0.14417786330508636,-0.16212673851194961,-0.032957136829493174,-0.08534885582157975,-0.09688829117108523,0.5132623765899952,0.16408121145473922,-0.4571445132198363
0.46708500695518107,2.4307380492467248,1.4259599068353523,-0.32862440806565363,0.29756875870203453,0.5053013771996929,0.18451327874878062,0.49832675406192817,0.09912286936958821,0.3909005578104016,0.2797780220394877,0.3469500055047496,0.3820933986158533,0.21869948423233943,0.2973521957053699,0.3722764103041003,0.3707681223970664,0.5373072561717199,0.28851269983550853,0.31863954668969463,0.3287927261141194,0.2838836745852417,0.3267711613621047,0.21685476991691316,0.32108764062430334,0.13432971098972346,0.35726188875315745,0.17834061239353585,0.7273762988963345,0.3810151372784569,0.19797559865094003,0.20796413750182946,0.27796276362767514,0.40166912050287507,0.022065931415568948,0.45698635460969445,0.5798917322443089,0.1506974548823298,0.3716963525017348,0.159098115132376,0.46048038980441586,0.30078581691090106,0.22658622720979663,-0.011121538856917398,0.13353808032076475,0.3449394397914018,0.3592071426456219,-0.08975585651849964,0.8333789385417557,0.17986598356413944,0.10044347755254268,0.14742563055294194,-0.1058474259140633,-0.1465527036173262,-0.09818930644446165,-0.14191870240645896,-0.32077713812710984,0.12907943636265212,0.25969838685584823
1.3577953195891566,1.4259599068353523,3.8671008269340623,-0.16858936937792224,0.29240169488057777,0.7642909433728226,0.32493284144684925,0.8399316549687812,0.17044776262904704,0.6904407067096708,0.30895695110298155,0.5700700041111785,0.6129385087414736,0.3977057455429988,0.4973000636597515,0.5847983544676174,0.7047122840404341,0.6144317398647628,0.47431972932540406,0.25695516140517566,0.4358673499167884,0.46294393631435593,0.49267805912911805,0.38811676359484565,0.5204852162558782,0.20072086163685957,0.5517127503940419,0.3234069548485914,0.6841566494479338,0.4534262677506823,0.30217293083202673,0.41611673966160984,0.4673249789780876,0.5234514194035662,0.07176107845561432,0.7468337067166284,0.6299570851321379,0.12552613006532679,0.6231259686367455,0.3078034990444151,0.6570857129219667,0.42311420387379256,0.3519999475182694,0.0526328902575693,0.018933033406329527,0.5643962929122914,0.5238388319633815,-0.19437462219499016,1.310824240393127,0.48903460455407016,0.08891084495960316,0.2673537106354043,-0.2397270310861316,-0.19918775210742412,0.1378779091633822,0.03513906697679901,-0.02356096587505077,-0.14645826235955262,-0.0917816911584508
0.014516883490254274,-0.32862440806565363,-0.16858936937792224,2.8358311053009904,0.1004923441908887,0.15099652750063647,0.0013480031373917386,0.15016903482573254,0.008011873456083087,0.047666864450639765,0.2336617884819678,0.18458615751948385,0.16416598880843639,0.180294467143877,0.12742402217304932,0.208548554538251,0.13475198036098043,0.028567435835708352,0.05250983854853438,0.14077592984399961,0.13269014690586795,0.11355131061036408,0.11304608371133909,0.1777614637632926,0.15872868513725005,0.23400106203112547,0.13466005835115152,0.14144386948866094,0.10538675975553247,0.13413345069829724,0.08002165214436505,0.1647813280047959,0.04900438035314058,0.21799895296529154,0.30104551469940666,0.10698426014474564,-0.0035509657947546966,0.09068081743493675,0.10413642528656997,0.014340595827166042,0.08446553238606631,0.13860047295409914,-0.1472311562434555,0.4851438552542298,0.25797518396549485,0.11202424687802501,0.1794660643941825,-0.04211676343361571,-0.9216112415184671,-0.10716302901678815,-0.018886632745949913,-0.06500333376035963,0.0905275697627075,0.04175050187436129,0.06781037145696235,-0.0511953614303995,-0.07361638386875664,-0.05563155511719979,0.05765171227012964
0.19326282826627927,0.29756875870203453,0.29240169488057777,0.1004923441908887,1.2372523507489803,0.5171372058747113,0.07952157294745299,0.344588009855514,0.12249854882341438,0.20086234194003458,0.2920845676074582,0.3278112569960326,0.30592114717859764,0.27345039278173755,0.2656479758950658,0.30539809992578726,0.2200972359286011,0.19846276045585332,0.4668531063036586,0.12434033387344243,0.2263187672817882,0.2516298968951388,0.19219458061710726,0.21413256878369485,0.2520373100033496,0.1790724412262476,0.17860260107810916,0.034926955884169726,0.32652979728229553,0.1198418409723134,0.15464987994308838,0.22770583437594524,0.19544950697482935,0.39542838202117925,0.09714960624238114,0.367756804264748,0.2631778313950424,0.09841567383384345,0.3728783462776574,0.14596770879583731,0.31539785431258843,0.21445617979270698,0.04275930117289016,0.041939261520060445,-0.031281177139665675,0.28751438738209883,0.19972843810560012,-0.0918563988756642,0.5583790157876468,0.2224145249502471,-0.059274995788666116,-0.2987548089245793,0.35532811777001777,-0.04913752094245061,-0.03084969329890534,-0.08706106681631792,-0.06513269090907542,0.041979131402872044,0.10120492498194117
0.1578240019677471,0.5053013771996929,0.7642909433728226,0.15099652750063647,0.5171372058747113,0.9664769239249068,-0.07354648078379576,0.6475935606809721,0.15730674426570765,0.281280447486704,0.4036855623462023,0.3453614606682611,0.3983711765586248,0.31017370783967146,0.29189780189094244,0.35100199732065873,0.369329773500429,0.28585310534132063,0.41531261680337506,0.30620761711754096,0.3159182788366332,0.31097840806706645,0.21347722279042392,0.281705432105352,0.35754191449094824,0.28733718272096825,0.29438858562373504,0.13904358485433252,0.538619127984785,0.30480153870323035,0.23036890498322268,0.28811538546903914,0.23031495166446092,0.44057838217010215,0.15238343796403833,0.3984768977823585,0.37839238435638495,0.18240654076595356,0.4474892224134207,0.20867376789718722,0.38702245276307157,0.3014393968676208,0.2898500270505249,0.020155733222446202,0.03245590409265553,0.28989932530962287,0.3166584659220841,-0.09512942988869705,0.9277151221695417,0.13273105945758068,-0.3260952007157223,-0.13619257887487587,0.15494433597552296,-0.020807844847152167,-0.00013115605891520483,-0.06381339173756617,-0.07712709186764008,0.01924944344709141,0.05875664234691131
0.2882812473812868,0.18451327874878062,0.32493284144684925,0.0013480031373917386,0.07952157294745299,-0.07354648078379576,1.4222948195235445,0.11004429770609435,0.32051666290674347,0.33211510517481957,0.39627270135726944,0.61960957358344,0.41288289017812013,0.4162157001653703,0.325071796381524,0.5141122138872336,0.42260252779723,0.3006182354076892,0.10901555836396917,0.36475964231144375,0.295681367671203,0.37493167308958475,0.26544969448159905,0.2775552204392544,0.3790693043944731,0.27473589409705396,0.40888938205801745,0.20451748778222556,0.3989668590124814,0.29553446357535684,0.2470768739958766,0.4457200554074424,0.16293363402430935,0.520005897449092,0.1343386765493384,0.4195273216674603,0.2867426134141794,0.1971922413175695,0.3000166702905803,0.35235720866967585,0.365987980476999,0.33228352398417127,0.5175134317603236,0.033787691977875046,0.32617942066288924,0.3148476740720223,0.4254643606756702,-0.12658945841912,0.6385577424727674,-0.12837405197931726,0.061504371135500155,0.19332588257782665,-0.2078989610069692,0.027328401478949917,0.09419828354333837,0.09835159769159837,0.14878622870065503,-0.04872509294524521,-0.39924889781807105
0.10123066674822918,0.49832675406192817,0.8399316549687812,0.15016903482573254,0.344588009855514,0.6475935606809721,0.11004429770609435,1.1514963784388736,0.040261152363162356,0.6313776784182372,0.5325998354699158,0.2438794030444758,0.5688803524941846,0.3930334313281392,0.2876983873324147,0.4580296514858993,0.4472202365997944,0.445402364327116,0.356924726069914,0.4035586927698462,0.3314736758288634,0.34715595265166366,0.2583451671424163,0.291393661640849,0.4547632315622666,0.3496562901425667,0.38606650734444864,0.16163977203271945,0.5833956909159631,0.3972932903346711,0.320335962658982,0.36528009188410293,0.136541181332975,0.6348778295875335,0.28592573733692667,0.43921066456933716,0.41716252336122106,0.21291719774429949,0.6139870989598629,0.2760808076194308,0.46346337765720663,0.3477507327417786,0.4399445738477196,0.05071787422618439,0.1166529496835345,0.36679899467781396,0.5615090992491348,-0.09549579669263628,0.8903003900384853,0.16033761621063117,-0.17635698950952833,-0.019141182363321275,0.11983857180532166,-0.08568658338233656,-0.010951484939017594,-0.016221742970349114,0.04976164050358434,0.039011153681472996,-0.14741264348728075
0.07430982741474383,0.09912286936958821,0.17044776262904704,0.008011873456083087,0.12249854882341438,0.15730674426570765,0.32051666290674347,0.040261152363162356,0.817830268145858,0.07887625937548955,0.15831216139838963,0.19912304368443537,0.16452472673669094,0.21538545063734707,0.174858712291431,0.03773230114199595,0.19384531092060467,0.14986490768849633,0.06046870669723889,0.21145992001634006,0.17234244394445886,0.29469927606546503,0.12831740464626293,0.19317316836309537,0.14705995837689065,0.1368965303964127,0.15698658198005064,0.10790374485195936,0.1251937887388665,0.1796551801039069,0.21138103424354887,0.21070408127911755,0.30691334814774796,0.11845043470998838,0.0052183531383876445,0.2125410517455183,0.2067117935194871,0.15307794446496578,0.10496684670259702,0.0960891225816068,0.17200392157536423,0.16300932417350017,0.21002872584632995,0.03190867399608597,0.21803554584704116,0.2275593196107936,0.2087195012879061,-0.07657043094276073,-0.050867487712650226,-0.14607112451898988,-0.02539106023448273,-0.03346653521314522,0.1514296324583487,-0.04607631952187152,0.06381715991804222,0.04609741432010337,0.19335537737071226,-0.04027837408551893,-0.30059386905825214
0.26776247520390495,0.3909005578104016,0.6904407067096708,0.047666864450639765,0.20086234194003458,0.281280447486704,0.33211510517481957,0.6313776784182372,0.07887625937548955,1.300949385694707,0.4497529317219027,0.37026696849083196,0.4673826539952937,0.409597399986884,0.3385027116412248,0.44974761005355146,0.3806431791001431,0.47888363039867343,0.21641049403144882,0.4673462508595485,0.30986788917035685,0.32769083668679355,0.2954831094460621,0.3071396952221278,0.4342106596643994,0.3329875432048735,0.4190650595004461,0.18641156622895538,0.5973381300065446,0.39367982875807805,0.35651064009327266,0.4134616670970405,0.07684031073210784,0.7839102590191888,0.32621741087314604,0.4146564799022697,0.41625608913323364,0.22552687787323053,0.5790417687285678,0.40899928067480135,0.494394011496039,0.35888005582579546,0.5407667358819701,0.0742767267701339,0.17782378471353716,0.3462860345585757,0.8134580231990971,-0.0946089149389784,0.9532597130570566,0.023316702825594334,-0.03657961543676584,-0.10097921021375639,0.015892899278642857,0.027407398169468158,0.1445395563332106,-0.0444749283505102,0.2274809076312704,-0.18665218291167568,-0.11363966466904356
0.05299703114796756,0.2797780220394877,0.30895695110298155,0.2336617884819678,0.2920845676074582,0.4036855623462023,0.39627270135726944,0.5325998354699158,0.15831216139838963,0.4497529317219027,0.7034356783066712,0.4155593247530417,0.4501268022520236,0.351116750599168,0.4030573140771236,0.4524557055915865,0.46184829349717876,0.310321058497169,0.21914377387966558,0.43930022785916206,0.32572859284443456,0.30944739196868076,0.22963989790430472,0.29815143248344933,0.4156297448468499,0.35312729148093724,0.39179085258906016,0.20631994221661387,0.5197445089997997,0.3503628845925234,0.2792455506462127,0.34526030484578735,0.15310090560395317,0.5507622949055492,0.3446177013615808,0.42744624542204646,0.3563804992849669,0.2282350356275032,0.43006324905547716,0.29119792704174907,0.42245772220331806,0.35495787876947726,0.3851523229025595,0.03968833945472821,0.3230496557904305,0.32783943956335765,0.4830892691181213,-0.11419484015266555,0.3965544252967055,-0.05525021497740787,-0.14343682393082038,-0.11200568135858534,0.1452344421930369,0.03666551713159279,0.049335061370104766,0.0002701745814778148,-0.025773986254875706,-0.029509169138135612,-0.11273590706112506
0.2960742018903249,0.3469500055047496,0.5700700041111785,0.18458615751948385,0.3278112569960326,0.3453614606682611,0.61960957358344,0.2438794030444758,0.19912304368443537,0.37026696849083196,0.4155593247530417,0.8606851496285745,0.36301509239875573,0.3776425762582187,0.3544226440841091,0.40723643151160016,0.39297233776216145,0.25234088662363063,0.24259007788486672,0.3010105741805984,0.2795284623084547,0.2983431131316464,0.27991032192897863,0.26869462450936865,0.4215038684608694,0.24254628258550842,0.4048077589479711,0.09917757344060188,0.5045501426982836,0.2679125970860265,0.1595614783114867,0.38479382238667964,0.17078694782051704,0.5086165735899589,0.08940219306443345,0.43099768340008837,0.2773160784123432,0.1698343854801001,0.34507798263410155,0.2923559238892747,0.3945182489881213,0.2973244304023253,0.320780922703358,0.03688158893483756,0.0681756771551012,0.3077329723083005,0.4046864186805797,-0.11665272666607014,0.9598157723159011,-0.04914311609801505,-0.07978769725326239,-0.04358254469158995,0.07470383526456231,0.019128267139941372,0.034552921437348005,0.009290268089421246,0.01667779224557616,-0.008428038297572925,-0.15482340018931326
0.11071087444253246,0.3820933986158533,0.6129385087414736,0.16416598880843639,0.30592114717859764,0.3983711765586248,0.41288289017812013,0.5688803524941846,0.16452472673669094,0.4673826539952937,0.4501268022520236,0.36301509239875573,0.6761727826336867,0.4295970137757278,0.26164707902404244,0.5621605992429531,0.3866428474107819,0.37078674040351023,0.28714975664710757,0.2763014118727377,0.30466779029064683,0.432930606154644,0.2797282962834551,0.29462157540457884,0.39679306374955603,0.29435296363119967,0.37567121921802105,0.18568711853843056,0.5291837492473842,0.3156716767087654,0.2473372659288081,0.3926388233940243,0.168741873281848,0.5782760447892757,0.2706171661127662,0.4519801063958294,0.32159478288044985,0.15436243471590855,0.4937478498183819,0.27011843725401236,0.39549887590269067,0.3297460817171608,0.3400649740769628,0.06671438139499751,0.06998739756514219,0.35452548093472547,0.45349372365224416,-0.12122864243308916,0.6222934645181768,0.05119172657171852,-0.0897924257678897,-0.025462263177508375,0.07170153511303663,-0.058799260942691924,0.18196819332490904,-0.012040852436335498,-0.10697786540861334,-0.2040633566227373,0.08977510642165953
0.16092621269703442,0.21869948423233943,0.3977057455429988,0.180294467143877,0.27345039278173755,0.31017370783967146,0.4162157001653703,0.3930334313281392,0.21538545063734707,0.409597399986884,0.351116750599168,0.3776425762582187,0.4295970137757278,0.6925812966184882,0.31389249929006735,0.5611961286022554,0.3389487535489108,0.24162579592318534,0.19823968599039438,0.30837986771300124,0.3120153977203373,0.3966134218546848,0.2703747677838301,0.32758460163274344,0.38606340820166135,0.3552431846534062,0.35758391491247155,0.158592310127128,0.4646613488017501,0.32246787969913066,0.21246298766832944,0.5220964754175332,0.1526320332379537,0.5548701118686952,0.3208709265288477,0.46175251840197096,0.2503487490559392,0.19131226651749939,0.3957455021154899,0.3279835796929068,0.39933850596014286,0.3533335188352888,0.32564736309743425,0.07597871419559492,0.07701322444468524,0.34454675826445635,0.458353407133633,-0.14414964428932212,0.765287780101822,-0.06837042830075003,-0.10653560387175041,-0.19260890739989048,0.2463318023686956,0.04165250088857301,0.08743572913469115,-0.05417574950222325,0.1364634462098524,-0.11678762537534851,-0.04131878497827535
0.2329788167201672,0.2973521957053699,0.4973000636597515,0.12742402217304932,0.2656479758950658,0.29189780189094244,0.325071796381524,0.2876983873324147,0.174858712291431,0.3385027116412248,0.4030573140771236,0.3544226440841091,0.26164707902404244,0.31389249929006735,0.9026555401137892,0.27118325984444464,0.43101530408299193,0.30531515946781274,0.2395843265846964,0.37990548537238283,0.31201506727415274,0.14103869432596272,0.2419106152204922,0.30101392201062505,0.38848663161375113,0.3571613656648506,0.3083127712453257,0.3217877503576288,0.4280427700888721,0.33870582754946577,0.2998774699818587,0.30568479361663947,0.24452627988554712,0.3964599117193902,0.2987554300256012,0.44661315884452074,0.36593642599545473,0.18408065415617864,0.39471089750717037,0.2290804205957507,0.4480766179806552,0.31574989655725144,0.2939528818193832,0.07105937845381988,0.2741907092173248,0.34375738605949663,0.37869737697898503,-0.11158301116700334,0.48176540126981793,0.3312497771113318,-0.06575639620032131,0.13976568388337485,-0.18612072074337518,-0.02379313918342933,0.06962970791834715,0.05092928257446941,0.05395393078826483,-0.043369050927486226,-0.203927154466398
0.13829237427981048,0.3722764103041003,0.5847983544676174,0.208548554538251,0.30539809992578726,0.35100199732065873,0.5141122138872336,0.4580296514858993,0.03773230114199595,0.44974761005355146,0.4524557055915865,0.40723643151160016,0.5621605992429531,0.5611961286022554,0.27118325984444464,1.5481398862190014,0.3712459771018729,0.38787564239302347,0.26381035377836154,0.17097263410596283,0.3723406716446466,0.6571285102769152,0.36734587035257543,0.3118220803676273,0.5492209443477306,0.27058279144369657,0.46941432821129275,0.21478744123278812,0.6727018073360266,0.43696298771029635,0.16660414835304144,0.5170966397028696,-0.03754484277741281,0.81250340716604,0.555104330595465,0.5899508544679053,0.26390982211878344,0.10899370909916034,0.5168712739678641,0.38574686210961284,0.42976924076303774,0.47430753925060354,0.5340701259002641,0.03839780522720561,0.1342530054042575,0.3699889255039815,0.5349927100464167,-0.1826859615948873,0.661462319638189,-0.45008809155815965,-0.1488574160459654,0.03429457374183935,0.17376881318647194,0.022408983938433255,0.18607521101239605,0.010534159355991236,-0.2321304864317503,-0.16279392436583812,0.1384184219703393
0.19453035432726196,0.3707681223970664,0.7047122840404341,0.13475198036098043,0.2200972359286011,0.369329773500429,0.42260252779723,0.4472202365997944,0.19384531092060467,0.3806431791001431,0.46184829349717876,0.39297233776216145,0.3866428474107819,0.3389487535489108,0.43101530408299193,0.3712459771018729,0.9109708740240967,0.28364780384664473,0.25679101109220626,0.4846822025761248,0.36167570245016567,0.2887706428998285,0.2281915629719234,0.3228638838792656,0.36978979353659264,0.27201033661754326,0.3666455009793194,0.38420480712403693,0.42249800076514726,0.3586206996130787,0.3044549090501756,0.3331545338491707,0.35808569459193584,0.40663842131544947,0.2715172116919719,0.49201435796860254,0.5960347534225211,0.256907310317921,0.4123390521922589,0.25756520438528613,0.5205494504683448,0.3984516499811104,0.2963578929972055,0.0641221092951527,0.39984735733895904,0.38887673653820953,0.5066966956320408,-0.12084259699171514,0.523095587930894,0.41399063260353725,0.0041539837198024485,0.0654802544687543,-0.22252328339730243,-0.05198236947296491,0.004408852993062663,0.013435583767003224,-0.013386773342962434,-0.0025353024285964276,-0.20955989515324816
0.23533149278568127,0.5373072561717199,0.6144317398647628,0.028567435835708352,0.19846276045585332,0.28585310534132063,0.3006182354076892,0.445402364327116,0.14986490768849633,0.47888363039867343,0.310321058497169,0.25234088662363063,0.37078674040351023,0.24162579592318534,0.30531515946781274,0.38787564239302347,0.28364780384664473,0.956192441500783,0.2273194991047292,0.17498720484512856,0.2569024314073997,0.3280021199052736,0.5437781915885189,0.21930566700332563,0.3557041056093346,0.2730649369725054,0.21757896994896214,0.1783691092121624,0.5121860049310918,0.17775130976910766,0.39766304905007194,0.28072308061040563,0.13444316973789333,0.5586108379424901,0.07382450345630985,0.4324586874581656,0.3291004979017532,0.09975286612377468,0.4695046300660064,0.1819169772402183,0.3526796444746078,0.2474108479998347,0.3586507728235172,0.09307474131970311,0.12910478107978843,0.3540722063779971,0.4661054377548435,-0.09704658398247623,0.4568849430095087,0.22056397442729925,0.17959898073560104,0.16310339169418203,-0.35132286887190767,-0.15832615373892123,0.06952534911290942,0.04651899853289051,0.028115492989777995,-0.042560875426958626,-0.15929661816530752
0.15225562461708192,0.28851269983550853,0.47431972932540406,0.05250983854853438,0.4668531063036586,0.41531261680337506,0.10901555836396917,0.356924726069914,0.06046870669723889,0.21641049403144882,0.21914377387966558,0.24259007788486672,0.28714975664710757,0.19823968599039438,0.2395843265846964,0.26381035377836154,0.25679101109220626,0.2273194991047292,0.6820600773660452,0.060672320935964856,0.21468592467060305,0.21863370017840253,0.12030813035335293,0.17884373851285446,0.19224289952546508,0.13004629335787316,0.16444787653120072,0.18786736217922875,0.25065149990685276,0.17122951504029424,0.19370918557631575,0.21380679563250102,0.2117168325305603,0.2663865559923427,0.06241147180897331,0.3312540759710255,0.2159683237295301,0.05216149720742499,0.3353526028039104,0.12413844243855018,0.2877692612815008,0.1785197235760031,0.17372223511693108,0.029308761933785055,0.03089382232552803,0.25352517865427043,0.16296411606103128,-0.06239365514763501,0.457335650682896,0.29986120608102373,0.08594949601663182,0.2557002897377756,-0.21582902980968063,-0.10894464264148632,0.014584510155261934,-0.022720943259073898,-0.016824833958797764,-0.008941615207416136,0.008512002788395374
0.11098383560038531,0.31863954668969463,0.25695516140517566,0.14077592984399961,0.12434033387344243,0.30620761711754096,0.36475964231144375,0.4035586927698462,0.21145992001634006,0.4673462508595485,0.43930022785916206,0.3010105741805984,0.2763014118727377,0.30837986771300124,0.37990548537238283,0.17097263410596283,0.4846822025761248,0.17498720484512856,0.060672320935964856,1.938070703304398,0.390206736848194,0.04245397766535501,-0.10598898469087574,0.3667920679016186,0.32137242352971873,0.5548666202421582,0.5227762479257536,0.3364077680752407,0.5314452337790249,0.6691236785909418,0.5661701142068988,0.3236238836437843,0.22894526206948926,0.5653876432464779,0.4262315945738319,0.23687649885714096,1.0538127661357246,0.8703852177225865,0.554403014260055,0.4806396911060129,0.6801531260055493,0.5967050245202737,0.922795280247296,0.01705354827200081,0.7949386048942498,0.2775139402986625,0.8298404183251781,0.04665018932753941,1.3716283959284254,0.038023402402460625,-0.3017760299049307,-0.02796907824407878,0.11439623209465564,0.016568372489767287,0.08113006790657015,-0.08108447670590312,0.24723981993410385,-0.06445145987760045,-0.1953861087700004
0.12368235949802873,0.3287927261141194,0.4358673499167884,0.13269014690586795,0.2263187672817882,0.3159182788366332,0.295681367671203,0.3314736758288634,0.17234244394445886,0.30986788917035685,0.32572859284443456,0.2795284623084547,0.30466779029064683,0.3120153977203373,0.31201506727415274,0.3723406716446466,0.36167570245016567,0.2569024314073997,0.21468592467060305,0.390206736848194,0.5945931973338774,0.2565754078788875,0.15318176061879002,0.302408899533428,0.2992462810178898,0.3090379439998848,0.2785204205102756,0.298951920616898,0.37991838998573485,0.41348195101659374,0.3429751165686559,0.30618790601989715,0.3657644283099807,0.4066287358207832,0.26021032694181395,0.5001299970844346,0.4470894816496214,0.23221148168018463,0.38346644315334566,0.32321088428888545,0.5891015845852154,0.42090160400991605,0.46249537673982183,0.03191627460160104,0.4630551304700953,0.31417845770927544,0.39102645882855075,-0.10224444806108998,0.590537949891197,0.035785231313548584,-0.07913595676250001,-0.04065523303853795,0.037046154267825294,-0.009848476637799032,0.06489613256543648,-0.013464754451755394,-0.05550460309613789,-0.03376192036944899,-0.02129602637208131
0.11668861478202139,0.2838836745852417,0.46294393631435593,0.11355131061036408,0.2516298968951388,0.31097840806706645,0.37493167308958475,0.34715595265166366,0.29469927606546503,0.32769083668679355,0.30944739196868076,0.2983431131316464,0.432930606154644,0.3966134218546848,0.14103869432596272,0.6571285102769152,0.2887706428998285,0.3280021199052736,0.21863370017840253,0.04245397766535501,0.2565754078788875,0.8437871876532579,0.4026348079565311,0.2545822235531767,0.3619511590595761,0.16212955908557655,0.276044250386205,0.09190021412689695,0.5089964754344717,0.24291518058638206,0.12497196032062863,0.37750151297277,0.11299932101714,0.5344665661776801,0.20186249874723025,0.3849775282443643,0.16567589030747407,0.06457606096714223,0.4076354066531339,0.23769128453070593,0.2606467745648039,0.26155152731687253,0.30405004400306923,0.06989324673858656,0.02437652928572409,0.2886951194415645,0.3976019039140524,-0.12650742068859125,0.4251726617551058,-0.1858873438789044,-0.06959279019569257,-0.1312566230961451,0.16644870695978045,-0.019715543058145536,0.1054323435717291,0.013162053323654103,-0.09839241842267217,-0.09719536714307081,0.005026568165220403
0.22437794756834026,0.3267711613621047,0.49267805912911805,0.11304608371133909,0.19219458061710726,0.21347722279042392,0.26544969448159905,0.2583451671424163,0.12831740464626293,0.2954831094460621,0.22963989790430472,0.27991032192897863,0.2797282962834551,0.2703747677838301,0.2419106152204922,0.36734587035257543,0.2281915629719234,0.5437781915885189,0.12030813035335293,-0.10598898469087574,0.15318176061879002,0.4026348079565311,1.464841832923499,0.39679269253234883,0.5110583910184199,-0.006416029571614414,0.1710488458288254,-0.11971145798221093,0.6569638472158601,0.3724807653627255,-0.25720700540196717,0.22736665310053567,0.08586053198014484,0.539311930288476,-0.13949686403791786,0.6447517189840215,0.10555453313619495,-0.08510071403606094,0.49524316098039817,0.07993698081128972,0.398816324150029,0.1277746847382507,0.24544074537176813,0.24477263899586413,-0.27889027763326046,0.38177826357766537,0.34555561017549047,-0.163050967245725,0.4799235862073354,0.0014603526709465243,0.05847663537933626,-0.09614600649638128,0.17295299392562788,-0.11194557151492236,-0.004592986713363925,-0.06570601311649743,-0.11586490776705083,-0.0014796197125680195,0.11536103795884244
0.13748460586646502,0.21685476991691316,0.38811676359484565,0.1777614637632926,0.21413256878369485,0.281705432105352,0.2775552204392544,0.291393661640849,0.19317316836309537,0.3071396952221278,0.29815143248344933,0.26869462450936865,0.29462157540457884,0.32758460163274344,0.30101392201062505,0.3118220803676273,0.3228638838792656,0.21930566700332563,0.17884373851285446,0.3667920679016186,0.302408899533428,0.2545822235531767,0.39679269253234883,0.7238693519786322,0.34531016410230014,0.19006539226449226,0.2551658199301275,0.30683502740512114,0.44817940909888765,0.5869075921113359,0.31886400978779683,0.3193036069744795,0.5691776467083658,0.36601280145070164,0.21201853022502654,0.5859972876278934,0.426822747007931,0.20320642280075635,0.3633835064677772,0.20020191426814476,0.4207764697898371,0.33943316277385505,0.4715153839340778,0.13353762574084452,0.05449506984624568,0.43857280773951235,0.35468642230574504,-0.19084582303335343,0.6076300811697868,-0.04466121923887842,-0.161118960217698,0.002091052068195957,0.1900942463072523,-0.06460683006186554,0.1857954388140123,-0.09368590545114462,0.11188620132897571,-0.23047650152387458,0.10702665776319834
0.16959634369735588,0.32108764062430334,0.5204852162558782,0.15872868513725005,0.2520373100033496,0.35754191449094824,0.3790693043944731,0.4547632315622666,0.14705995837689065,0.4342106596643994,0.4156297448468499,0.4215038684608694,0.39679306374955603,0.38606340820166135,0.38848663161375113,0.5492209443477306,0.36978979353659264,0.3557041056093346,0.19224289952546508,0.32137242352971873,0.2992462810178898,0.3619511590595761,0.5110583910184199,0.34531016410230014,0.9079599031723027,0.2058718647808066,0.3603511841057488,0.11788137747329389,0.7488595485496262,0.5117879957775051,0.12747308091818274,0.35575269074382876,0.08017905947786065,0.7059104775629937,0.32774785490974184,0.52826011005599,0.3285720244218389,0.16388734666751897,0.5315253593869304,0.27398679552130967,0.4340949690256495,0.3320458462204083,0.5190277469816971,0.08787277815351571,0.06889519409252372,0.4043389130742374,0.5399361369479762,-0.16786214221274037,0.8023710635187242,-0.29514729931955785,-0.20108096901037076,-0.08963516928492017,0.2724853198108662,0.004527309595941433,0.0758248145256437,0.025803766959378298,-0.007537060971329129,-0.057002907657492406,-0.09597980357838082
0.016087142180440314,0.13432971098972346,0.20072086163685957,0.23400106203112547,0.1790724412262476,0.28733718272096825,0.27473589409705396,0.3496562901425667,0.1368965303964127,0.3329875432048735,0.35312729148093724,0.24254628258550842,0.29435296363119967,0.3552431846534062,0.3571613656648506,0.27058279144369657,0.27201033661754326,0.2730649369725054,0.13004629335787316,0.5548666202421582,0.3090379439998848,0.16212955908557655,-0.006416029571614414,0.19006539226449226,0.2058718647808066,2.0356812068880195,0.4240551502538706,0.40357286138857096,0.077268122165982,-0.5004918751421304,0.35124564593706564,0.4809612175362489,-0.20148137514354753,0.6078811416036749,0.6785201425699056,-0.011921891741049219,-0.08662882502025471,0.2509114152454389,0.34267068608987233,0.5205261064028596,0.022388231511433616,0.3997917215139059,0.4146129304279887,0.08386069891176284,0.7799771312945174,-0.061762930542859966,0.33765490465479675,0.04244666334628636,0.046926059736931626,0.3471297131603756,-0.17152254704628117,0.06235066608038603,-0.6581259766299798,0.10208767182445196,0.09255353285542832,0.03211063063789193,0.04378841893835972,-0.0345512593168077,-0.177392800853567
0.20666946082647317,0.35726188875315745,0.5517127503940419,0.13466005835115152,0.17860260107810916,0.29438858562373504,0.40888938205801745,0.38606650734444864,0.15698658198005064,0.4190650595004461,0.39179085258906016,0.4048077589479711,0.37567121921802105,0.35758391491247155,0.3083127712453257,0.46941432821129275,0.3666455009793194,0.21757896994896214,0.16444787653120072,0.5227762479257536,0.2785204205102756,0.276044250386205,0.1710488458288254,0.2551658199301275,0.3603511841057488,0.4240551502538706,0.9292884952695668,0.2327345435576675,0.435633736183685,0.3207022512333447,0.2163189103436835,0.3859274659222286,0.136846162277375,0.48177767141103767,0.29970648963893454,0.37852265016308045,0.3741346468838153,0.2542706385633973,0.39220037503764493,0.3528248842842861,0.3572327751245741,0.3553672362304782,0.5486909025154043,0.03338520364088442,0.4034552029570462,0.27185361217309634,0.44953125189973514,-0.10313823145049018,0.6149394863461466,-0.04612860852121159,-0.1659321630663112,0.05920034718907013,-0.012226232445440053,0.05020998762109714,0.10241657338938678,-0.009702934874799405,0.10710197078248346,-0.09526680693751167,-0.13120141137198485
0.08344102170746914,0.17834061239353585,0.3234069548485914,0.14144386948866094,0.034926955884169726,0.13904358485433252,0.20451748778222556,0.16163977203271945,0.10790374485195936,0.18641156622895538,0.20631994221661387,0.09917757344060188,0.18568711853843056,0.158592310127128,0.3217877503576288,0.21478744123278812,0.38420480712403693,0.1783691092121624,0.18786736217922875,0.3364077680752407,0.298951920616898,0.09190021412689695,-0.11971145798221093,0.30683502740512114,0.11788137747329389,0.40357286138857096,0.2327345435576675,1.1953662834926666,-0.011301673040093692,0.30127058493994735,0.5093699620886721,0.2549026012724133,0.7049798654311471,-0.003918121767157488,0.9389737615225192,0.3549221331130576,0.4340695047347571,0.15091419809813603,0.22202591101693425,0.18217432201232722,0.2866348397931665,0.3535267836123669,0.16941112699839092,0.18721189444215947,0.3806260620249289,0.24825158721200646,0.1565560617909974,-0.1099441563727825,0.0927123032279681,0.3437766166940948,-0.059638333012033036,0.7071016997586855,-0.9149790094041368,-0.0029982510155418616,0.2506980712277091,0.019077144859635586,0.10276016185625773,-0.22712850736371923,-0.014076588041031441
0.12687483011582862,0.7273762988963345,0.6841566494479338,0.10538675975553247,0.32652979728229553,0.538619127984785,0.3989668590124814,0.5833956909159631,0.1251937887388665,0.5973381300065446,0.5197445089997997,0.5045501426982836,0.5291837492473842,0.4646613488017501,0.4280427700888721,0.6727018073360266,0.42249800076514726,0.5121860049310918,0.25065149990685276,0.5314452337790249,0.37991838998573485,0.5089964754344717,0.6569638472158601,0.44817940909888765,0.7488595485496262,0.077268122165982,0.435633736183685,-0.011301673040093692,3.27963186609603,0.8740331634783268,0.09099335761243517,0.4228856588781999,-0.3798537892686484,1.2666582530491792,0.440864372798691,0.6839621495934043,0.027871762458289377,0.09594178138664854,0.8294616447326744,0.438686592707658,0.5254973348380924,0.35211866432388694,0.27211696858613255,-0.05417136298954625,0.01259000724096964,0.4430382773579237,1.1314390014916251,-0.26262139607960394,1.5443828558766568,0.015499871883197687,-0.49084553106242773,-0.16695982656304797,0.0938343862544324,0.09518011452664824,-0.08942005243370538,-0.19341922749468926,-0.2913259583330238,0.1199484786626928,0.24496736442486747
0.17221570016354457,0.3810151372784569,0.4534262677506823,0.13413345069829724,0.1198418409723134,0.30480153870323035,0.29553446357535684,0.3972932903346711,0.1796551801039069,0.39367982875807805,0.3503628845925234,0.2679125970860265,0.3156716767087654,0.32246787969913066,0.33870582754946577,0.43696298771029635,0.3586206996130787,0.17775130976910766,0.17122951504029424,0.6691236785909418,0.41348195101659374,0.24291518058638206,0.3724807653627255,0.5869075921113359,0.5117879957775051,-0.5004918751421304,0.3207022512333447,0.30127058493994735,0.8740331634783268,3.2452480238320747,0.2694167165433141,0.22424416241069076,0.441827189031808,0.1257016901222319,0.517508320529246,0.6777289714849613,0.4503909445069222,0.3300680300149442,0.5231927357652895,0.40526055415938567,1.086494736502669,0.3943702431131729,2.1700185858511065,0.26018387510993085,0.4444635173938594,0.34730021083029167,0.4891091295452079,-0.053295896939290266,1.6562565251214816,-0.7195234973901042,-0.22684196576471718,-0.06153750024017024,0.6248850224945011,0.0550067995761205,0.019891522729191174,-0.28779492157496644,0.009619209496891714,0.031259337782893755,0.23793704213478084
0.11197658855903254,0.19797559865094003,0.30217293083202673,0.08002165214436505,0.15464987994308838,0.23036890498322268,0.2470768739958766,0.320335962658982,0.21138103424354887,0.35651064009327266,0.2792455506462127,0.1595614783114867,0.2473372659288081,0.21246298766832944,0.2998774699818587,0.16660414835304144,0.3044549090501756,0.39766304905007194,0.19370918557631575,0.5661701142068988,0.3429751165686559,0.12497196032062863,-0.25720700540196717,0.31886400978779683,0.12747308091818274,0.35124564593706564,0.2163189103436835,0.5093699620886721,0.09099335761243517,0.2694167165433141,1.3819830060988572,0.27198158760031294,0.5839328101650146,0.3219092226199261,0.329701982718713,0.3851884370726766,0.5255519903482418,0.37616381512863745,0.33258102303009746,0.23001839293028495,0.34995807391651784,0.37632900380504863,0.4260343650920239,0.0669537076769687,0.24655400822818893,0.4264181130848361,0.4339107467275807,-0.1331146459000221,0.43713504584750096,0.20528800819046888,-0.04617695221613757,0.27093841116969736,-0.2641298837337613,-0.08841143843746593,0.2603821893584542,0.12178334965088164,0.3008048916743549,-0.2668695739881295,-0.31105777465222273
0.2169275644163591,0.20796413750182946,0.41611673966160984,0.1647813280047959,0.22770583437594524,0.28811538546903914,0.4457200554074424,0.36528009188410293,0.21070408127911755,0.4134616670970405,0.34526030484578735,0.38479382238667964,0.3926388233940243,0.5220964754175332,0.30568479361663947,0.5170966397028696,0.3331545338491707,0.28072308061040563,0.21380679563250102,0.3236238836437843,0.30618790601989715,0.37750151297277,0.22736665310053567,0.3193036069744795,0.35575269074382876,0.4809612175362489,0.3859274659222286,0.2549026012724133,0.4228856588781999,0.22424416241069076,0.27198158760031294,0.6819858673940191,0.1036398576940927,0.5760862763227889,0.3065670311508381,0.38612631187059554,0.16929400527903823,0.20064089869134205,0.357668044685824,0.3742498948813064,0.31219787568981,0.3540448306148362,0.45705372242891934,0.05243587763879143,0.1890043769123079,0.3139779916207033,0.5060519408458942,-0.13000877339106082,0.704833398594409,-0.01580621681445257,-0.05643679478681028,0.19242083111890704,-0.24477584253334295,0.05293474720293712,0.15777513758168327,-0.05858248418384201,0.3665345230527055,-0.20479140601070472,-0.2022333213316835
0.24834340463624346,0.27796276362767514,0.4673249789780876,0.04900438035314058,0.19544950697482935,0.23031495166446092,0.16293363402430935,0.136541181332975,0.30691334814774796,0.07684031073210784,0.15310090560395317,0.17078694782051704,0.168741873281848,0.1526320332379537,0.24452627988554712,-0.03754484277741281,0.35808569459193584,0.13444316973789333,0.2117168325305603,0.22894526206948926,0.3657644283099807,0.11299932101714,0.08586053198014484,0.5691776467083658,0.08017905947786065,-0.20148137514354753,0.136846162277375,0.7049798654311471,-0.3798537892686484,0.441827189031808,0.5839328101650146,0.1036398576940927,2.567354429246851,-0.6280305716446828,-0.8296796783203007,0.5899233249231888,1.1494221982585935,0.22031527303077222,-0.1307077371238834,0.050955219013648335,0.4517077198672965,0.38162207346981414,0.29688804085927695,0.1607421734179529,-0.14112226986804602,0.718998671541642,-0.024755728617171784,-0.2854244297158731,0.39641651991742205,0.12904919083954908,-0.0885056114197868,-0.001905896073755882,0.30027131153850795,-0.28706887683470117,0.22122732181407403,-0.07308066621913771,0.06584781293402711,-0.20647311846350158,0.1859112283446352
-0.028557400554668263,0.40166912050287507,0.5234514194035662,0.21799895296529154,0.39542838202117925,0.44057838217010215,0.520005897449092,0.6348778295875335,0.11845043470998838,0.7839102590191888,0.5507622949055492,0.5086165735899589,0.5782760447892757,0.5548701118686952,0.3964599117193902,0.81250340716604,0.40663842131544947,0.5586108379424901,0.2663865559923427,0.5653876432464779,0.4066287358207832,0.5344665661776801,0.539311930288476,0.36601280145070164,0.7059104775629937,0.6078811416036749,0.48177767141103767,-0.003918121767157488,1.2666582530491792,0.1257016901222319,0.3219092226199261,0.5760862763227889,-0.6280305716446828,2.4682888204620475,0.8060632948953876,0.44759527186091247,0.38488550111583825,0.13452662870711776,1.005198463886601,0.4912721918571869,0.5287653908525523,0.4825699951534656,0.9499181597163335,0.03485378955596405,0.40487088227844326,0.33524866942340686,1.1972805515892748,-0.08820806393668434,1.2980340501343732,-0.34632075990527517,-0.14712529177958109,-0.23123580417167017,0.2339652129162621,0.04047803207577829,0.05811116676868855,0.018784357047303246,-0.07494984528134879,-0.08579427436985718,-0.01379373477064048
