1.0182782683062783,0.2003059220180127,0.3276673297275129,0.10211639560282916,0.24124200133467177,0.07746921333947536,0.2491144094215772,0.11942271156384894,0.07361687921720272,0.23088594337906532,0.14879530068469898,0.15989586357404267,0.17606553977786707,0.20954384057197295,0.11485222381412862,0.17604048004121312,0.12415631322397341,0.20328274764655735,0.044498154826037084,0.14230292306811587,0.13300141564425236,0.15415587668486577,0.2573527380599554,0.12745284615977073,0.1726223351417678,0.09869444943090899,0.16314749631637887,0.14028614051878513,0.22642953925549927,0.0621963631621106,0.11691967052383918,0.08923826191048695,0.15127050207037648,0.009631702844562974,0.1381397318063392,0.13247567020086887,0.14970650753246373,0.10508660501323801,0.11887871372904653,0.04487963521263113,0.1591530509272182,0.1235166647655719,0.11958085679155281,0.027015716421063162,0.29409439634912543,0.0688682671318078,0.1272918422254035,0.00696424966628339,0.279793973635695
0.2003059220180127,1.4037417423956626,0.8255812761329631,0.09347961540848079,-0.009484344780002882,0.3884326154410795,0.2526098230194579,0.32607771274646535,0.3127577742901111,0.3546507317118594,0.3183934027100136,0.2511250925982293,0.27444922652242326,0.0699997039573298,0.30151602467226984,0.14711845681553998,0.31015273119702563,0.3691099565960263,0.004546016450218321,0.376652949394721,0.27843859420536404,0.2066049019594233,0.07697932769198648,0.16172705135691073,0.21418502457163335,0.40210583366403374,0.4856998502372657,0.28676592196716766,0.41454789352476207,0.0328205037396051,0.23528885532032232,0.09012787539994262,0.17481815169392426,0.18197283162561528,0.3709716055625869,0.32850544802800624,0.30028693861714595,0.20165862580359345,0.22742810646810155,0.0816766414376513,0.3111652501497342,0.2689416749477324,0.39481798805612156,0.00792786704007883,0.8215421908224131,0.15185540703137185,0.2351064816763673,0.014946364234247049,0.18419084160647212
0.3276673297275129,0.8255812761329631,2.0067691346729144,-0.017695597432279317,-0.4453902001754612,0.42845452047555493,0.21364083732654285,0.34865709269641626,0.3385640988983176,0.5571232914393737,0.35376740513389265,0.28330506952244033,0.3158654503325467,0.09094649171577958,0.28648250825139937,0.1405697685385552,0.36898971199378844,0.3251073581338003,0.19582685178971618,0.22013856377421148,0.2574590694087836,0.2663797861609006,0.21122989615531412,0.17855699585720322,0.23452362814979363,0.4064037251338798,0.5583797712430273,0.36257890164665707,0.5155726908485612,0.04675400275420624,0.17719645209988621,-0.05268235345176727,0.12164821847038325,0.08750143063668746,0.5764816277979833,0.5175884077443252,0.06646451185898465,0.12468120055570134,0.16465970690080048,-0.251508705825151,0.5428978083054392,0.23977628966313438,0.37658965814361606,0.030584257749462863,1.0354388645615826,0.42595560320837444,0.28251493209788386,-0.02196604447296655,-0.05341072769253495
0.10211639560282916,0.09347961540848079,-0.017695597432279317,0.9652342108481204,0.726100542641444,0.36278612809099925,0.28583763075522756,0.339974149984686,0.1508084459308733,0.1540200468351269,0.30455792824993433,0.3223430431354219,0.3068041459512974,0.2411348920304999,0.18777658649435874,0.2825458874015023,0.26819278675260233,0.25848709691437727,0.024372311406193076,0.29479935350112924,0.19945102463129463,0.2194630638570574,0.2786510867410316,0.17136017373584192,0.2396977344137762,0.3178677123312309,0.1965363336285411,0.05955322659869907,0.3202459503699549,-0.13929627162018335,0.15103080417186426,0.2735161646824786,0.10332415803112478,0.5126243749114268,0.011226660210502136,0.14538078386121678,0.21397318664331616,0.16339586127264022,0.208233143860279,0.2790846010495355,0.14688368662204151,0.19916178077545374,0.22818490022404422,0.15255673207549142,0.07672055670931742,-0.009559574267184946,0.130043875426432,0.0021181891511098273,0.18689234639996724
0.24124200133467177,-0.009484344780002882,-0.4453902001754612,0.726100542641444,1.907397913020065,0.26341152209655655,0.29583394392458806,0.34530606778274625,0.18664113588614606,0.0972081218762037,0.31194351544022764,0.3722057824278806,0.3441698267339942,0.2685265106838027,0.24564875464662703,0.3699063306093185,0.25252696539487474,0.3042870613996694,-0.0068802472567562264,0.32807787706490693,0.21728007338194366,0.255485094747075,0.38358969936215515,0.18610623550336008,0.2684041896277921,0.362661364422936,0.057275081035901176,-0.0206531107381638,0.32244441569923765,-0.3945371102973118,0.18117262428481407,0.4369978219662497,0.12454993610423026,0.8991361528413553,-0.1612820416426221,0.025015287145956508,0.3409602302410844,0.1680655343228397,0.21770726651310732,0.4435810683984393,0.10010959215706923,0.2336153952755246,0.15534549455458635,0.14750076565650042,-0.374750572410174,-0.1390127484804046,0.05749814605912317,0.0007278295228248914,0.33108842408524536
0.07746921333947536,0.3884326154410795,0.42845452047555493,0.36278612809099925,0.26341152209655655,1.0399148676998637,0.08452497571084278,0.41313307149509365,0.2819905625065541,0.24202433367774323,0.45469291156837427,0.3598541635590193,0.3592724808647255,0.12486257583866825,0.3209507323513886,0.222679978927108,0.38976193131330533,0.2820249884740287,0.20045513988095037,0.47849808220235673,0.26438031023815206,0.2760224580547735,0.11980398957481316,0.2249072618404139,0.28621800497857114,0.4541564598025037,0.4217307104135,0.15216530492958413,0.5118907014234371,0.006145194349723871,0.2207584735236127,0.3850563322789199,-0.0061603844058676195,0.3466313707334971,0.27570972680986966,0.35216719274036806,0.11789626225354241,0.26827379330585444,0.27487197700597327,0.2688095894248036,0.05820022589399599,0.25225548968739675,0.3949661538743647,0.07782348477363069,0.6000012254835105,0.13906058694224047,0.331857013953695,0.012754840197955654,0.3885975395612914
0.2491144094215772,0.2526098230194579,0.21364083732654285,0.28583763075522756,0.29583394392458806,0.08452497571084278,0.6696444956258655,0.24248435827266418,0.18631531319039954,0.2213580988330056,0.24780898980393326,0.3055192308347479,0.2839745666698276,0.18866623404654967,0.1262307290511905,0.23859344155885015,0.2667124288791539,0.2746518950174325,0.02983831116850606,0.20170780809987815,0.21455448651374068,0.23604643339368547,0.3861222045483544,0.16200048707356987,0.2448776926804625,0.2603264073208994,0.2983478399469214,0.17560316051013763,0.3228164086425199,-0.05159409406636438,0.13598199027768199,0.14585535315801676,0.15838635826820324,0.39534999778747293,0.20336604138105707,0.21323392317120682,0.1758402882236738,0.1122709780341443,0.21718059464534062,0.18510653498695118,0.3135997144069707,0.2115025174321006,0.24863044829629186,0.07188128546255444,0.26898088633757194,-0.009858033480597411,0.04112559065275988,-0.0009265808032077789,0.19858688356444443
0.11942271156384894,0.32607771274646535,0.34865709269641626,0.339974149984686,0.34530606778274625,0.41313307149509365,0.24248435827266418,0.8035629635936092,0.15717916931446624,0.3274451578062708,0.4083994751020309,0.2526287770650392,0.40345728213452575,0.1942791537651168,0.23739350603456802,0.25179424627399893,0.3982497348818334,0.3658377417540126,0.13312883115685872,0.33276921553843986,0.24598568924768402,0.24411057018243587,0.32446614177345684,0.17865020177210486,0.322147142824186,0.42536355053753055,0.4236005738834988,0.23264262972923774,0.43579376187674645,0.004535252247362235,0.15504305148431327,0.04690559097737403,0.09391273208178985,0.44627675631056496,0.3887602517584736,0.23371279689980518,0.21866446283585947,0.15603743411118917,0.41431407052218594,0.19321831375202378,0.4186861702341716,0.23632291389954416,0.3957257524614623,0.06523828696995712,0.534615223056855,0.10070555707569122,0.2945396510283511,0.0018569589127649274,0.23904599267253795
0.07361687921720272,0.3127577742901111,0.3385640988983176,0.1508084459308733,0.18664113588614606,0.2819905625065541,0.18631531319039954,0.15717916931446624,0.7255443129820324,0.09222518643946724,0.06377138851232601,0.18586270552121206,0.0869433646952696,0.04456008423210709,0.25623280006691257,0.034027291584974376,0.1906691683287993,0.22156264557755473,-0.004515622359667116,0.18897722822969448,0.1598664674310959,0.2606462361994274,0.2491945369834814,0.14329848886974134,0.05017538673333954,0.3347181732034082,0.24571543069278906,0.1578557619601199,0.14930475172748453,0.062389731790779786,0.1796895692348761,0.1189760848305046,0.22436223874097103,-0.01942040118230551,0.08057507405166964,0.21977220551606017,0.0999203668634654,0.12914388744309102,-0.008263449116111718,0.06250354062024621,0.044451613880315724,0.15012249076158457,0.1473565444922561,0.02965114212403875,0.37528599665643797,0.13699243281041742,0.15276145273232097,-0.0061830552589283065,0.22117030890544162
0.23088594337906532,0.3546507317118594,0.5571232914393737,0.1540200468351269,0.0972081218762037,0.24202433367774323,0.2213580988330056,0.3274451578062708,0.09222518643946724,0.9970868800063425,0.3114351326738239,0.20977441562433638,0.3319627684987245,0.18612533949614365,0.19023480440949989,0.2443969498742319,0.31527879708295414,0.3937905891937588,0.1056065621496412,0.2816274472343857,0.24419410213266773,0.22144879500278103,0.33051760233642724,0.21154172804249366,0.29933375811759305,0.305965104404709,0.4029850564970886,0.30496293138496033,0.4724613096701334,0.09373853378384865,0.19221286826110248,0.16204362939912223,0.10196006703369806,0.6146264776537124,0.4921281633985181,0.2349548874486709,0.1906347966342736,0.1341672969220629,0.35529148885386647,0.10513833243285964,0.5978157724292841,0.2460665684341089,0.3521099247627493,0.06887643485747771,0.6494648595979836,0.09898379470416266,0.3415893520622806,0.0061320203792955665,0.2995195708888409
0.14879530068469898,0.3183934027100136,0.35376740513389265,0.30455792824993433,0.31194351544022764,0.45469291156837427,0.24780898980393326,0.4083994751020309,0.06377138851232601,0.3114351326738239,0.7733544891916876,0.3649942736910192,0.5378562921466989,0.16228475715925106,0.29663417775873546,0.2865456391073408,0.42355916888967265,0.3284538767735158,0.16576256918393642,0.4123441142535021,0.288778619336373,0.2466228288843551,0.3408710460899781,0.24058524104256565,0.3176522650089693,0.3867490859955677,0.46164168501629277,0.23813216249879557,0.5585553003454033,-0.03182551576633265,0.1761269558656686,0.2800804777013579,0.06225267595376972,0.52331699705293,0.3960195781632898,0.3211063173414533,0.16092711701423063,0.1999826735698491,0.38208366695388346,0.25096661354889765,0.41617919675029785,0.28232821987082224,0.43212534191949603,0.026190284917841603,0.48102126524721206,0.140091197697302,0.1988027324931989,-0.010650218982631854,0.01875331218726298
0.15989586357404267,0.2511250925982293,0.28330506952244033,0.3223430431354219,0.3722057824278806,0.3598541635590193,0.3055192308347479,0.2526287770650392,0.18586270552121206,0.20977441562433638,0.3649942736910192,0.668803166482471,0.252145810450871,0.16688575380098955,0.22228252141243718,0.2715719928514356,0.34275830070439334,0.23931136950778376,0.11844044040787476,0.30710147857523495,0.22491653585197693,0.2358272381224807,0.25312482541401476,0.1869798913591587,0.27360997330223374,0.3025896714737268,0.35553268518353687,0.130417976078777,0.3625214419789877,-0.021769860396099253,0.15806020628027895,0.3715227980289027,0.04370548871451054,0.41642564788390773,0.24449026406034563,0.2696368888724999,0.11405270211279614,0.18400791145701445,0.1954149820835805,0.2005961308070623,0.2999361785643751,0.2244835982760915,0.2733731395274029,0.05400836445539506,0.41718385340708475,0.007390020812301929,0.18069247386633858,0.015334370619252267,0.435986369540251
0.17606553977786707,0.27444922652242326,0.3158654503325467,0.3068041459512974,0.3441698267339942,0.3592724808647255,0.2839745666698276,0.40345728213452575,0.0869433646952696,0.3319627684987245,0.5378562921466989,0.252145810450871,0.8235106232298379,0.2615202868596984,0.11591152180784127,0.3272443883280489,0.35896370168356495,0.3066466211110266,0.18293911033540192,0.35657084926148913,0.26591274615567273,0.305894077768845,0.3669767655435617,0.2228383450508455,0.31993822076911127,0.36612000631307773,0.41662165160552345,0.2350257527407444,0.5779423441345509,-0.016210793537264706,0.1435216345663278,0.25888687928205584,0.025071813922918212,0.5483329402598142,0.43639673939989454,0.29222447017974984,0.13037722803170942,0.16681205554957493,0.4506040565613974,0.22322439552811982,0.5070684722439708,0.25768067087899443,0.4014825160249894,0.05336878003501819,0.45363485596189596,0.10597238150627925,0.19527165938605842,-0.020698188604917983,0.15302452164846808
0.20954384057197295,0.0699997039573298,0.09094649171577958,0.2411348920304999,0.2685265106838027,0.12486257583866825,0.18866623404654967,0.1942791537651168,0.04456008423210709,0.18612533949614365,0.16228475715925106,0.16688575380098955,0.2615202868596984,0.6729565573487717,0.09581145494775349,0.3266057069516055,0.15412518036202708,0.16192142279650137,0.09515337740732602,0.20884066436726456,0.17227592800994687,0.19895439332516177,0.19930113936894164,0.15349318677161836,0.18945567894611162,0.23518610015270158,0.12260500186124296,0.18874323490185538,0.2605850502371129,0.044912233299649544,0.168409674601738,0.19458324495647414,0.12287155511634933,0.3154429835299709,0.2550428061804266,0.10215389868013006,0.19798820761000188,0.11706220861753916,0.15514757643421637,0.12386886760808849,0.31063516721820367,0.17709130656985056,0.15666177017988625,0.06687588515301549,0.307800552454906,-0.029932631892560787,0.24226001891559018,0.021802222753013033,0.6112021739282795
0.11485222381412862,0.30151602467226984,0.28648250825139937,0.18777658649435874,0.24564875464662703,0.3209507323513886,0.1262307290511905,0.23739350603456802,0.25623280006691257,0.19023480440949989,0.29663417775873546,0.22228252141243718,0.11591152180784127,0.09581145494775349,0.5403046091782341,0.177737368480112,0.2958223896754618,0.26780517730783454,0.08337442926921396,0.24964638092472932,0.19789501984405897,0.18024521451857806,0.277815034165411,0.17215292384200048,0.2081875105217166,0.27225937299956066,0.28851304244753184,0.2042981677755026,0.3019983682175535,0.017875092634573174,0.16253007381708204,0.14605170641285584,0.15823833164418669,0.26231881921347056,0.2217265710326321,0.18981529356336507,0.20125640664003677,0.1289813961962226,0.16724939696733632,0.13271775799807117,0.2080229274004174,0.19705888822780396,0.2621659890378293,0.04045394683434242,0.3386319342680426,0.10613574406051421,0.18436387838068652,0.006077318705858138,0.15243428752260385
0.17604048004121312,0.14711845681553998,0.1405697685385552,0.2825458874015023,0.3699063306093185,0.222679978927108,0.23859344155885015,0.25179424627399893,0.034027291584974376,0.2443969498742319,0.2865456391073408,0.2715719928514356,0.3272443883280489,0.3266057069516055,0.177737368480112,0.6059019695804978,0.27851081151048196,0.24526771669231964,0.1426857322601574,0.2561039505122546,0.21657013161136568,0.2949406668842181,0.24344718540350832,0.18576438086185887,0.27637119364585333,0.19471726724670788,0.238520605575249,0.20970232524208804,0.3796659411061166,-0.04590003213762869,0.1677856868576185,0.2798780712827036,0.03527927189231624,0.49435200368598275,0.3851565592623486,0.13259388392474025,0.22475035695402684,0.13439378574359565,0.3472444129194602,0.22676081113242028,0.39190894957758055,0.22603271052583998,0.32119291553298984,0.0985352010174686,0.20057728458855204,0.026121884837522397,0.1947543291718891,-0.008463462617428964,0.409876528587935
0.12415631322397341,0.31015273119702563,0.36898971199378844,0.26819278675260233,0.25252696539487474,0.38976193131330533,0.2667124288791539,0.3982497348818334,0.1906691683287993,0.31527879708295414,0.42355916888967265,0.34275830070439334,0.35896370168356495,0.15412518036202708,0.2958223896754618,0.27851081151048196,0.7647276969517856,0.2695771233650064,0.14031678017577603,0.43915314400438926,0.29597163707114266,0.31964003295246035,0.32565488856903596,0.22727649888115828,0.37825005659471483,0.2125149551594227,0.4625880642233613,0.2784613009807429,0.4866106400423564,-0.007029324425519152,0.20719882717423768,0.2355674014599927,0.12924500169935663,0.4635363397417356,0.40303211716471204,0.23583016275088597,0.36531150106967714,0.2356397239038339,0.3824989357273407,0.24528331190322092,0.3849386266357141,0.29499923272327516,0.4761897206346468,0.0635878365581242,0.546098461798227,0.09264385863648114,0.24663676983754182,-0.00611906896028166,0.29748861464680953
0.20328274764655735,0.3691099565960263,0.3251073581338003,0.25848709691437727,0.3042870613996694,0.2820249884740287,0.2746518950174325,0.3658377417540126,0.22156264557755473,0.3937905891937588,0.3284538767735158,0.23931136950778376,0.3066466211110266,0.16192142279650137,0.26780517730783454,0.24526771669231964,0.2695771233650064,0.8492593314326317,-0.0026806912593423876,0.1861663921342917,0.2578170211384875,0.23471048605160136,0.5840227319075231,0.2155394419233762,0.2799442183817861,0.44788564742663545,0.27611100168543673,0.34021612428573006,0.4130356102163931,-0.06985005922413791,0.2841527436679182,0.04175639749921553,0.2903385675577285,0.4574429059240223,0.3749116611003584,0.13065680666048934,0.26975354850882405,0.09792693309251806,0.2337846526016616,0.13649064888027082,0.3866473829571264,0.24626772379082995,0.3213753672081054,0.05646656591406065,0.6586820567353624,0.02957630564439263,0.3767001018493255,0.014026008869501566,0.35445880764557436
0.044498154826037084,0.004546016450218321,0.19582685178971618,0.024372311406193076,-0.0068802472567562264,0.20045513988095037,0.02983831116850606,0.13312883115685872,-0.004515622359667116,0.1056065621496412,0.16576256918393642,0.11844044040787476,0.18293911033540192,0.09515337740732602,0.08337442926921396,0.1426857322601574,0.14031678017577603,-0.0026806912593423876,1.0211846973555652,-0.015198359587388053,0.1092871348791922,0.17263477644944908,0.0043267941837208035,0.07754770127219852,0.15624839721504244,0.013156584978496274,0.21475922441777323,0.09613524721609135,0.23051478822586544,0.0880827783746672,0.06877117892524884,0.16668440439863405,0.024785327357639407,0.14626051800461123,0.13884916268063918,0.29255631588972447,-0.04676563117655899,0.023590629945026205,0.1620252778364595,0.04932266145899509,0.20223267133609485,0.08735645772747902,0.1462686899219526,0.04708425870889296,0.015714304976725883,0.1511222061325524,0.007804217651574196,-0.022611154207710586,-0.08999478560585848
0.14230292306811587,0.376652949394721,0.22013856377421148,0.29479935350112924,0.32807787706490693,0.47849808220235673,0.20170780809987815,0.33276921553843986,0.18897722822969448,0.2816274472343857,0.4123441142535021,0.30710147857523495,0.35657084926148913,0.20884066436726456,0.24964638092472932,0.2561039505122546,0.43915314400438926,0.1861663921342917,-0.015198359587388053,1.3769352011274536,0.2872012802648533,0.2062078771493015,0.23102048677752338,0.27038373657686987,0.25767835788573823,0.24630626747761486,0.4090460672996797,0.14870918498127625,0.5738683961103457,0.26376061034243825,0.25496689778950526,0.6039708433935644,-0.0694639374111642,0.4690592675552714,0.3476314042700405,0.10947028594419482,0.485472291782854,0.6536716464734327,0.4153553658151637,0.3453751689984512,0.3279184287018154,0.3128412193746167,0.6040429391440564,-0.04066254284017693,1.2183630452746848,-0.0965202231169982,0.32558176261229116,0.04549993348712147,0.646918862428215
0.13300141564425236,0.27843859420536404,0.2574590694087836,0.19945102463129463,0.21728007338194366,0.26438031023815206,0.21455448651374068,0.24598568924768402,0.1598664674310959,0.24419410213266773,0.288778619336373,0.22491653585197693,0.26591274615567273,0.17227592800994687,0.19789501984405897,0.21657013161136568,0.29597163707114266,0.2578170211384875,0.1092871348791922,0.2872012802648533,0.479400765134477,0.22529814922366848,0.2078408692491076,0.19291130262791567,0.25346763489453317,0.3704004874054999,0.41337451918669954,0.3444592709481549,0.34997543538273074,-0.005742096354479218,0.32106866483936164,0.1857336253323732,0.30357818487660726,0.38163946546577965,0.3618931476741785,0.4360286426430341,0.27917568071887044,0.18863605306141934,0.4517455833061043,0.4113570651929555,0.314808170437867,0.4121134485408241,0.44956384311470626,0.06901281956640594,0.5565636214951943,0.11072728146939993,0.1760874888452771,0.03479253942436509,0.2171917247979858
0.15415587668486577,0.2066049019594233,0.2663797861609006,0.2194630638570574,0.255485094747075,0.2760224580547735,0.23604643339368547,0.24411057018243587,0.2606462361994274,0.22144879500278103,0.2466228288843551,0.2358272381224807,0.305894077768845,0.19895439332516177,0.18024521451857806,0.2949406668842181,0.31964003295246035,0.23471048605160136,0.17263477644944908,0.2062078771493015,0.22529814922366848,0.7514142594658623,0.30338245122795926,0.18685034294832673,0.21326016125036984,0.2506590690956462,0.29469109352000816,0.20553720223600425,0.322287214988812,-0.007920276456870415,0.19806722678896624,0.28815682564402056,0.14450771884172686,0.36131345918693136,0.2747177357609061,0.2702177724427654,0.14213093868308496,0.14895974901685416,0.3122184073179563,0.20127084106954626,0.2767100481493867,0.2208466792076055,0.267366962166115,0.10319674157917709,0.09684958780531445,0.21518174847063565,0.19730230458063655,-0.0874476284423719,0.545965508766928
0.2573527380599554,0.07697932769198648,0.21122989615531412,0.2786510867410316,0.38358969936215515,0.11980398957481316,0.3861222045483544,0.32446614177345684,0.2491945369834814,0.33051760233642724,0.3408710460899781,0.25312482541401476,0.3669767655435617,0.19930113936894164,0.277815034165411,0.24344718540350832,0.32565488856903596,0.5840227319075231,0.0043267941837208035,0.23102048677752338,0.2078408692491076,0.30338245122795926,2.0499451656199,0.3505502493997955,0.47939500036597,0.2476405558085256,0.4980705798337414,0.34235605609641123,0.7598360851555851,0.11404760091769647,-0.1137571148217462,0.08506133007147085,0.257541990289637,0.6458833822912766,0.43309633871827125,0.1372236378121382,0.11017451339523622,0.06311532384322728,0.3227658304719881,0.054861125823370493,0.7742234240909659,0.20422076446148477,0.4067712313870515,0.01914731098711485,0.4518096751704885,0.11555023714657582,0.32392796706227023,-0.029598588379782676,0.20881078109827308
0.12745284615977073,0.16172705135691073,0.17855699585720322,0.17136017373584192,0.18610623550336008,0.2249072618404139,0.16200048707356987,0.17865020177210486,0.14329848886974134,0.21154172804249366,0.24058524104256565,0.1869798913591587,0.2228383450508455,0.15349318677161836,0.17215292384200048,0.18576438086185887,0.22727649888115828,0.2155394419233762,0.07754770127219852,0.27038373657686987,0.19291130262791567,0.18685034294832673,0.3505502493997955,0.461676486626777,0.23516231351043118,0.15309242690955557,0.26697688652259216,0.25981755117512906,0.2853499888915501,0.2644053631148756,0.208494403358439,0.3678411595821429,0.26035700642129567,0.302805028558249,0.2541763538830075,0.18828647157158726,0.15263124813613158,0.15374524854622476,0.09365716974427457,0.10944065223208183,0.2239164284857459,0.19908196630203004,0.19823253371829394,0.041612562059701735,0.5018583236907878,0.05354014004553009,0.27695426004304335,0.020544420271217532,0.3795943512036563
0.1726223351417678,0.21418502457163335,0.23452362814979363,0.2396977344137762,0.2684041896277921,0.28621800497857114,0.2448776926804625,0.322147142824186,0.05017538673333954,0.29933375811759305,0.3176522650089693,0.27360997330223374,0.31993822076911127,0.18945567894611162,0.2081875105217166,0.27637119364585333,0.37825005659471483,0.2799442183817861,0.15624839721504244,0.25767835788573823,0.25346763489453317,0.21326016125036984,0.47939500036597,0.23516231351043118,1.3100680062901784,0.14448230136153525,0.431041540160376,0.24599686482010255,0.6398198619059109,0.17119220584414457,-0.09833000173104667,0.2039979098319081,0.0493859142844077,0.7750403416522598,0.4447938980701684,0.2241965883785699,0.3735359895829016,0.14368805562404055,0.7831515059388406,0.24335369488879682,0.6182925656603223,0.24922217489844123,0.4603112863180659,0.11705038413156743,0.36706984638070683,0.11088410383935461,0.2910124158627261,-9.664196327056276e-5,0.22255094803212988
0.09869444943090899,0.40210583366403374,0.4064037251338798,0.3178677123312309,0.362661364422936,0.4541564598025037,0.2603264073208994,0.42536355053753055,0.3347181732034082,0.305965104404709,0.3867490859955677,0.3025896714737268,0.36612000631307773,0.23518610015270158,0.27225937299956066,0.19471726724670788,0.2125149551594227,0.44788564742663545,0.013156584978496274,0.24630626747761486,0.3704004874054999,0.2506590690956462,0.2476405558085256,0.15309242690955557,0.14448230136153525,2.7399343134206413,0.5504544939264328,0.3849354777194805,0.3093138447903169,-0.5577901482678795,0.23323958628890817,0.15665071569637487,0.2621312641523266,0.6495553548735651,0.4495944032115826,0.6122051242087883,-0.6373272332394615,0.09064828773576558,-0.1460927406803691,0.2518561508362198,0.9665780528401924,0.3436229268118414,0.1710612323927834,0.0075297116323148955,0.8890376002062799,-0.07033967947917752,-0.002331206401283211,0.00448573935688675,-0.047848144114176164
0.16314749631637887,0.4856998502372657,0.5583797712430273,0.1965363336285411,0.057275081035901176,0.4217307104135,0.2983478399469214,0.4236005738834988,0.24571543069278906,0.4029850564970886,0.46164168501629277,0.35553268518353687,0.41662165160552345,0.12260500186124296,0.28851304244753184,0.238520605575249,0.4625880642233613,0.27611100168543673,0.21475922441777323,0.4090460672996797,0.41337451918669954,0.29469109352000816,0.4980705798337414,0.26697688652259216,0.431041540160376,0.5504544939264328,2.2142265333054985,0.5108982604953626,0.581325871877699,0.21986185350235982,0.18445655046402945,0.28305490015268936,0.23408547177631295,0.34803004096977247,0.6881718771710643,1.0825260414244864,-0.01813696652641728,0.2243227350197123,0.5034309171518576,0.27636188574505366,1.0623153703979427,0.4196578015685627,1.0773658870011436,-0.14903451383776234,1.5026878253669775,0.13050193086455533,0.1557219146165865,0.021614517600194054,-0.1882570255031765
0.14028614051878513,0.28676592196716766,0.36257890164665707,0.05955322659869907,-0.0206531107381638,0.15216530492958413,0.17560316051013763,0.23264262972923774,0.1578557619601199,0.30496293138496033,0.23813216249879557,0.130417976078777,0.2350257527407444,0.18874323490185538,0.2042981677755026,0.20970232524208804,0.2784613009807429,0.34021612428573006,0.09613524721609135,0.14870918498127625,0.3444592709481549,0.20553720223600425,0.34235605609641123,0.25981755117512906,0.24599686482010255,0.3849354777194805,0.5108982604953626,1.2811673860504622,0.1443040842542405,0.12354537072280757,0.34318866010876387,-0.16097888658661408,0.8812329107920867,0.22872503522285184,1.0531197168646815,0.08654343258893571,0.3891634381989824,0.02339425896116165,0.3053443953576539,0.21952217599273133,0.3758960903121351,0.37321765577612576,0.48797927695252974,0.07029733492600113,0.7465761964197143,0.09821287813807227,0.3258349429847017,0.05557190547301374,0.3465392419962975
0.22642953925549927,0.41454789352476207,0.5155726908485612,0.3202459503699549,0.32244441569923765,0.5118907014234371,0.3228164086425199,0.43579376187674645,0.14930475172748453,0.4724613096701334,0.5585553003454033,0.3625214419789877,0.5779423441345509,0.2605850502371129,0.3019983682175535,0.3796659411061166,0.4866106400423564,0.4130356102163931,0.23051478822586544,0.5738683961103457,0.34997543538273074,0.322287214988812,0.7598360851555851,0.2853499888915501,0.6398198619059109,0.3093138447903169,0.581325871877699,0.1443040842542405,2.35032281479683,0.011963964271480573,-0.1584392148012203,0.5113983919797065,-0.3158519541315935,0.9707860344494686,0.6001747960594007,0.7130425258100852,-0.2155335440625615,0.17971282232508934,0.41780853219305586,0.12625490623556146,1.1510307830023565,0.32481614101293077,0.5616735916905525,-0.15181880880591558,0.8919906675371623,0.20494227182325822,0.197135312656508,-0.0806469314198709,0.06374902623351934
0.0621963631621106,0.0328205037396051,0.04675400275420624,-0.13929627162018335,-0.3945371102973118,0.006145194349723871,-0.05159409406636438,0.004535252247362235,0.062389731790779786,0.09373853378384865,-0.03182551576633265,-0.021769860396099253,-0.016210793537264706,0.044912233299649544,0.017875092634573174,-0.04590003213762869,-0.007029324425519152,-0.06985005922413791,0.0880827783746672,0.26376061034243825,-0.005742096354479218,-0.007920276456870415,0.11404760091769647,0.2644053631148756,0.17119220584414457,-0.5577901482678795,0.21986185350235982,0.12354537072280757,0.011963964271480573,3.432044016833012,0.14247087025257316,0.13746575989382168,-0.04769904697637513,-0.6601958458503041,0.32834900440308284,0.7631463430012984,-0.04395784410456817,0.24572887330943372,0.17095374067688424,-0.39030121058560313,0.48094791399600767,-0.0005045615342945116,0.17907811450700062,-0.08181450253821881,1.9410114379336527,0.7542522223436872,1.234519000303035,0.07388533057208928,0.7630228495038784
0.11691967052383918,0.23528885532032232,0.17719645209988621,0.15103080417186426,0.18117262428481407,0.2207584735236127,0.13598199027768199,0.15504305148431327,0.1796895692348761,0.19221286826110248,0.1761269558656686,0.15806020628027895,0.1435216345663278,0.168409674601738,0.16253007381708204,0.1677856868576185,0.20719882717423768,0.2841527436679182,0.06877117892524884,0.25496689778950526,0.32106866483936164,0.19806722678896624,-0.1137571148217462,0.208494403358439,-0.09833000173104667,0.23323958628890817,0.18445655046402945,0.34318866010876387,-0.1584392148012203,0.14247087025257316,1.4845392306585592,0.24965397538871278,0.43434385303799455,0.15466273173199954,0.25692401898198297,0.3500280226505784,0.23576078539263576,0.219288080591999,-0.1842942865126855,0.21513412995353423,-0.16681683650708443,0.32428351240732434,0.10489600977069863,0.11453232417775756,0.7546830216015207,-0.09948948229517433,0.2504722862766794,0.08538553390053139,0.6737895811270029
0.08923826191048695,0.09012787539994262,-0.05268235345176727,0.2735161646824786,0.4369978219662497,0.3850563322789199,0.14585535315801676,0.04690559097737403,0.1189760848305046,0.16204362939912223,0.2800804777013579,0.3715227980289027,0.25888687928205584,0.19458324495647414,0.14605170641285584,0.2798780712827036,0.2355674014599927,0.04175639749921553,0.16668440439863405,0.6039708433935644,0.1857336253323732,0.28815682564402056,0.08506133007147085,0.3678411595821429,0.2039979098319081,0.15665071569637487,0.28305490015268936,-0.16097888658661408,0.5113983919797065,0.13746575989382168,0.24965397538871278,2.5277242217751605,-0.45876994457856185,0.6612151338303066,0.14484960616029224,0.30555125227938756,-0.33892879500410006,0.4601432148311008,-0.10909438293033205,0.17554084044266344,0.5283545187944757,0.1991118315480702,0.14359058588878626,-0.031892762772322815,0.5569964720207012,-0.180574287026773,0.20882622323137376,0.01248976028519377,1.020340734478296
0.15127050207037648,0.17481815169392426,0.12164821847038325,0.10332415803112478,0.12454993610423026,-0.0061603844058676195,0.15838635826820324,0.09391273208178985,0.22436223874097103,0.10196006703369806,0.06225267595376972,0.04370548871451054,0.025071813922918212,0.12287155511634933,0.15823833164418669,0.03527927189231624,0.12924500169935663,0.2903385675577285,0.024785327357639407,-0.0694639374111642,0.30357818487660726,0.14450771884172686,0.257541990289637,0.26035700642129567,0.0493859142844077,0.2621312641523266,0.23408547177631295,0.8812329107920867,-0.3158519541315935,-0.04769904697637513,0.43434385303799455,-0.45876994457856185,2.174848281719618,-0.28909530593660043,-0.3507928122088254,-0.04070496215255359,0.8839839161626702,-0.03468635193505298,-0.2724556563847716,0.4272492442951779,-1.0900683766368156,0.32246334647417596,0.13815368752933424,0.1274317395031915,0.05796540617087775,0.030691726214175166,0.1744535410555752,0.0994678936146182,0.3607020540951815
0.009631702844562974,0.18197283162561528,0.08750143063668746,0.5126243749114268,0.8991361528413553,0.3466313707334971,0.39534999778747293,0.44627675631056496,-0.01942040118230551,0.6146264776537124,0.52331699705293,0.41642564788390773,0.5483329402598142,0.3154429835299709,0.26231881921347056,0.49435200368598275,0.4635363397417356,0.4574429059240223,0.14626051800461123,0.4690592675552714,0.38163946546577965,0.36131345918693136,0.6458833822912766,0.302805028558249,0.7750403416522598,0.6495553548735651,0.34803004096977247,0.22872503522285184,0.9707860344494686,-0.6601958458503041,0.15466273173199954,0.6612151338303066,-0.28909530593660043,3.3485629840596363,0.7037490228955481,0.04958646915391274,0.3032428469173851,0.08274954900578158,0.6680917535210914,0.454592450949237,1.3270778659779077,0.4493122506420837,0.5816058904242608,0.2597152817200591,0.0019016677728652305,-0.35690532657487156,0.24554524719158563,-0.04846555687407411,0.02228550093073241
0.1381397318063392,0.3709716055625869,0.5764816277979833,0.011226660210502136,-0.1612820416426221,0.27570972680986966,0.20336604138105707,0.3887602517584736,0.08057507405166964,0.4921281633985181,0.3960195781632898,0.24449026406034563,0.43639673939989454,0.2550428061804266,0.2217265710326321,0.3851565592623486,0.40303211716471204,0.3749116611003584,0.13884916268063918,0.3476314042700405,0.3618931476741785,0.2747177357609061,0.43309633871827125,0.2541763538830075,0.4447938980701684,0.4495944032115826,0.6881718771710643,1.0531197168646815,0.6001747960594007,0.32834900440308284,0.25692401898198297,0.14484960616029224,-0.3507928122088254,0.7037490228955481,2.600863412125332,0.035383501480847165,-0.14341946529513366,0.059823280958497524,0.8236454058355949,-0.0033884210649749364,1.5811995121676714,0.40097749836327196,0.8214451360487699,0.06617866499734766,1.4165161746859702,0.11209025166282946,0.5404358360301942,0.009020811972521345,0.556455474732967
0.13247567020086887,0.32850544802800624,0.5175884077443252,0.14538078386121678,0.025015287145956508,0.35216719274036806,0.21323392317120682,0.23371279689980518,0.21977220551606017,0.2349548874486709,0.3211063173414533,0.2696368888724999,0.29222447017974984,0.10215389868013006,0.18981529356336507,0.13259388392474025,0.23583016275088597,0.13065680666048934,0.29255631588972447,0.10947028594419482,0.4360286426430341,0.2702177724427654,0.1372236378121382,0.18828647157158726,0.2241965883785699,0.6122051242087883,1.0825260414244864,0.08654343258893571,0.7130425258100852,0.7631463430012984,0.3500280226505784,0.30555125227938756,-0.04070496215255359,0.04958646915391274,0.035383501480847165,3.434307381102794,-1.1193241194440533,0.043076489757589924,0.14698929625686588,0.26633638501852125,0.5306261869800054,0.4298848233435635,0.03958199431864241,-0.2921499188683155,1.166445367050269,0.9213109901869909,-0.029777230713101767,0.03756627720126761,-0.2712463174762701
0.14970650753246373,0.30028693861714595,0.06646451185898465,0.21397318664331616,0.3409602302410844,0.11789626225354241,0.1758402882236738,0.21866446283585947,0.0999203668634654,0.1906347966342736,0.16092711701423063,0.11405270211279614,0.13037722803170942,0.19798820761000188,0.20125640664003677,0.22475035695402684,0.36531150106967714,0.26975354850882405,-0.04676563117655899,0.485472291782854,0.27917568071887044,0.14213093868308496,0.11017451339523622,0.15263124813613158,0.3735359895829016,-0.6373272332394615,-0.01813696652641728,0.3891634381989824,-0.2155335440625615,-0.04395784410456817,0.23576078539263576,-0.33892879500410006,0.8839839161626702,0.3032428469173851,-0.14341946529513366,-1.1193241194440533,3.632966208079674,0.31407014819090806,0.4705996324126622,0.21528451570077092,-0.5670000900930785,0.4057756601598397,0.6450253467750847,0.22501223421341238,-0.2920539941030238,-0.15061042461298377,0.4270596199101024,0.12003084369018718,1.0163120558545349
0.10508660501323801,0.20165862580359345,0.12468120055570134,0.16339586127264022,0.1680655343228397,0.26827379330585444,0.1122709780341443,0.15603743411118917,0.12914388744309102,0.1341672969220629,0.1999826735698491,0.18400791145701445,0.16681205554957493,0.11706220861753916,0.1289813961962226,0.13439378574359565,0.2356397239038339,0.09792693309251806,0.023590629945026205,0.6536716464734327,0.18863605306141934,0.14895974901685416,0.06311532384322728,0.15374524854622476,0.14368805562404055,0.09064828773576558,0.2243227350197123,0.02339425896116165,0.17971282232508934,0.24572887330943372,0.219288080591999,0.4601432148311008,-0.03468635193505298,0.08274954900578158,0.059823280958497524,0.043076489757589924,0.31407014819090806,0.948127131916646,0.07312816966417143,0.27453216714411993,0.12966142560980093,0.22226536481660794,0.24405820500748032,0.03491125918325409,1.121274438107307,-0.13175283743999516,0.24415293067565014,0.053413356959233285,0.3443516515910019
0.11887871372904653,0.22742810646810155,0.16465970690080048,0.208233143860279,0.21770726651310732,0.27487197700597327,0.21718059464534062,0.41431407052218594,-0.008263449116111718,0.35529148885386647,0.38208366695388346,0.1954149820835805,0.4506040565613974,0.15514757643421637,0.16724939696733632,0.3472444129194602,0.3824989357273407,0.2337846526016616,0.1620252778364595,0.4153553658151637,0.4517455833061043,0.3122184073179563,0.3227658304719881,0.09365716974427457,0.7831515059388406,-0.1460927406803691,0.5034309171518576,0.3053443953576539,0.41780853219305586,0.17095374067688424,-0.1842942865126855,-0.10909438293033205,-0.2724556563847716,0.6680917535210914,0.8236454058355949,0.14698929625686588,0.4705996324126622,0.07312816966417143,4.928200292516872,1.087274256863262,0.8104537365890787,0.16324016923970042,0.8252942011855757,0.16229736079733684,0.01947827647071296,0.5135664662353766,0.32718198586299896,-0.004401207230509275,0.37431382479408626
0.04487963521263113,0.0816766414376513,-0.251508705825151,0.2790846010495355,0.4435810683984393,0.2688095894248036,0.18510653498695118,0.19321831375202378,0.06250354062024621,0.10513833243285964,0.25096661354889765,0.2005961308070623,0.22322439552811982,0.12386886760808849,0.13271775799807117,0.22676081113242028,0.24528331190322092,0.13649064888027082,0.04932266145899509,0.3453751689984512,0.4113570651929555,0.20127084106954626,0.054861125823370493,0.10944065223208183,0.24335369488879682,0.2518561508362198,0.27636188574505366,0.21952217599273133,0.12625490623556146,-0.39030121058560313,0.21513412995353423,0.17554084044266344,0.4272492442951779,0.454592450949237,-0.0033884210649749364,0.26633638501852125,0.21528451570077092,0.27453216714411993,1.087274256863262,2.359460219432342,-0.556105539899564,0.43197795781001136,0.5424400020498537,0.01083198628747402,-0.4339517689422968,0.1281625663424823,-0.1384239905227637,0.03782852471646518,0.07198842338797967
0.1591530509272182,0.3111652501497342,0.5428978083054392,0.14688368662204151,0.10010959215706923,0.05820022589399599,0.3135997144069707,0.4186861702341716,0.044451613880315724,0.5978157724292841,0.41617919675029785,0.2999361785643751,0.5070684722439708,0.31063516721820367,0.2080229274004174,0.39190894957758055,0.3849386266357141,0.3866473829571264,0.20223267133609485,0.3279184287018154,0.314808170437867,0.2767100481493867,0.7742234240909659,0.2239164284857459,0.6182925656603223,0.9665780528401924,1.0623153703979427,0.3758960903121351,1.1510307830023565,0.48094791399600767,-0.16681683650708443,0.5283545187944757,-1.0900683766368156,1.3270778659779077,1.5811995121676714,0.5306261869800054,-0.5670000900930785,0.12966142560980093,0.8104537365890787,-0.556105539899564,4.348843292042323,0.26602086450250884,0.4972582131275445,0.33382568546353497,1.8277710091058703,0.07178328692492027,0.7492495969510586,-0.061712588011009734,0.0380377792226069
