1.6997992997993945,0.38101206070735244,1.4290192440887168,-0.026543626101449166,0.07882592124938981,0.4863519209285137,0.5610304849987054,0.32252952085294767,0.7765417101423758,0.4085034006903655,0.3703446972732258,0.4799035784626459,0.301253720069163,0.389142865276053,0.426010616779607,0.3287010367401362,0.3094508703412027,0.45383397171384593,0.3816821523603264,0.31922310295922224,0.25930629038127495,0.531065978032518,0.20295811152170903,-0.018272599887638755,0.4233529212884833,0.30800358621118207,0.383109754818827,0.29579602151761797,0.34840678009561665,0.5422310276787974,0.2327597140406424,0.2608941311798957,0.19939571607643106,0.10542413892756622,0.4268456728081907,0.3272401647450847,0.20288344093321306,0.2226340969092158,0.5578608135899976,0.36791308818531837,0.3170399798810754,0.24285936904892505,0.35424243959289153,0.06411364537427726,0.41742341696594315,0.42823865769326014,0.4696595113180283,-0.05607552595148938,0.8077370968388394,-0.19436730188157336,0.096116612117914,0.05621772739911475,0.021780389222853327,-0.07519560649166568,0.010281046677176827,-0.09424788978331083,0.8504797051350478,0.31301598366706884,-1.139442290784344
0.38101206070735244,4.292248867726462,0.9022590426097254,-0.25979695828036986,-0.050363356620183194,0.3736359289505617,0.23554686552800375,0.1950501700053314,0.13304266425358136,0.42760464586968955,0.30789261162931947,0.3440377238979739,0.2558956294587282,0.002245457867051488,0.46304930469231187,0.19527461487698305,0.349419387218796,0.40577018516560975,0.16051579161010224,0.18209414621591097,0.10947191982364757,0.13873671041163416,0.1866391787290839,-0.007690059823178023,0.4561491575330545,-0.14582206203841364,0.3691099427669443,0.2856933351539898,0.7160292563289593,0.4704437563403088,0.030308512896796872,-0.0012263468540507853,0.19406228429707892,0.35513041879669205,0.3807348006620299,0.28526102786398155,0.9053875489849283,0.12516123620145747,0.4746097769563484,0.2066033361252151,0.24931946344811698,0.09244052221228213,0.3660609587933005,-0.004243499202668998,0.456850537613092,0.3599599715277798,0.4244934083154151,-0.026441442427808666,0.2589177274286885,-0.15558988682589384,0.4042533761577744,0.25261056006451443,-0.2078359468891195,-0.3337752873917836,0.0629139612425114,-0.057781985641076034,-0.21477284432188284,-0.048043580570409854,0.10349979646774406
1.4290192440887168,0.9022590426097254,3.8507172838512544,0.10672212147876471,-0.3660889251571747,0.8785976213021858,0.6971567945644971,0.7892039601036545,1.0811633785937598,0.7925078317033597,0.6986195733165933,0.561337441312934,0.7229302784756655,0.5600807478771997,0.5875359232224276,0.5249275924027854,0.7004911178121999,0.6051956881746059,0.5297881882568488,0.626534653443359,0.4985145644925551,0.7511701600595571,0.37381061143399646,0.27369323232097353,0.6527141314671023,0.41134913851743393,0.6359114669565754,0.5375016309490099,0.9006032261800309,0.9627620145677033,0.24908007644696673,0.35773488699250644,0.28922254521070323,0.6856998875581608,0.9627912891227624,0.614344144813951,0.5982754485926712,0.3419257488386897,0.9984200235775765,0.549136555412161,0.5855721767129446,0.4498970655120934,0.7184235423506741,0.10461842454068207,0.31356662007882885,0.6518822748333025,0.7902430333067137,-0.0721622844576465,0.8116834306070816,0.06107035736277556,0.07087293347019459,0.07671398171430183,0.06201758076698333,-0.3288756696590416,0.09488217296981782,-0.04753122130544918,-0.39437376481488984,-0.14400271295565742,0.24755944656431234
-0.026543626101449166,-0.25979695828036986,0.10672212147876471,2.448294073395698,0.6751495292775539,0.5954274157656639,0.4596505426529005,0.535648657811197,0.47753769923727785,0.2307011143238561,0.44599402088262674,0.47777335429192497,0.4401809929920659,0.545512007117829,0.26844964177851366,0.48670179704510097,0.36861006069057983,0.27932384724546516,0.4652377483317367,0.35369805448774067,0.35019856148207085,0.4743923491168002,0.191821449616014,0.40988381025472587,0.2639678407205221,0.555078965561146,0.3557546752304624,0.18280316106553546,0.38741609464228416,0.015479934543606492,0.2525978796016142,0.47402831579338,0.24170562608237398,0.5179301217071357,-0.0568303097731364,0.40068459446074906,0.1614860299855894,0.21316366083301552,0.3403195380494658,0.07085666341458238,0.2867808234344761,0.335533772711288,0.2555475507096067,0.11631143682680173,0.0742513707969137,0.3968912941534579,0.3026197873441677,-0.06536296715189333,0.2667845769877965,0.18306269521861115,-0.07241129408952608,-0.11802547603052903,-0.07729256699958224,-0.10295298183105951,-0.005316810659238434,-0.08582695409679879,0.23612580472345962,0.040474540230592944,-0.23142610734447952
0.07882592124938981,-0.050363356620183194,-0.3660889251571747,0.6751495292775539,1.7188219039018637,0.21119452764482244,0.35942325997444285,0.24721778494270408,0.38121756583499783,0.2738503570986937,0.30948073153593264,0.3768102242690836,0.4058339253400166,0.3585850798287815,0.38264666240064116,0.3714548124929847,0.2478401730650614,0.24901245107926642,0.5859696622177674,0.2375535510085099,0.2908609102872117,0.37941261470582843,0.1974090247016896,0.34688137291314886,0.134087128669898,0.4439453961798406,0.18574359451246855,0.09953998272804235,0.25937744859499207,-0.10756757022381527,0.20965546380031436,0.35491974589213166,0.33763931583536455,0.3321356070790096,-0.17643380139944634,0.37313568632968247,0.1766654798705231,0.15942515243149397,0.2405789360666796,-0.005423027206947709,0.22405486739954814,0.2924429145195675,0.04282312482931398,0.05026337059612013,-0.2064419879587438,0.36077880068831364,0.20525200990584128,-0.05047829248751938,0.2129754703584299,0.3011285785277586,-0.11175337108074497,-0.18638326168331937,-0.003046416648056778,-0.11397534960128358,0.07425053066938071,-0.372834704046553,0.1172011205062417,-0.07685805553561391,0.16645197972200676
0.4863519209285137,0.3736359289505617,0.8785976213021858,0.5954274157656639,0.21119452764482244,1.2324531392490794,0.478054473447449,0.6877216088549486,0.6263546952559526,0.2890912013655183,0.574068903704797,0.58585857430463,0.47307984731578645,0.4361256757765434,0.4088501718426012,0.48414200017421366,0.47521830705990753,0.4088471599676094,0.6057201496972512,0.4932855195717189,0.3714799306787857,0.5477874451746331,0.20126311051139784,0.32878590094880233,0.4695183567352224,0.5725840168075721,0.4739947828467201,0.31769021150396876,0.6982889402393212,0.2822737017316305,0.27575773362412376,0.3928403274168409,0.0544523072260126,0.6008343459321842,0.47070842986550954,0.344291577299492,0.31668408818402194,0.29505332648196825,0.5779900388803707,0.300381077605336,0.25961009694619747,0.3450725785827768,0.4936595689351067,0.07700561720769443,0.4662048354916932,0.3967325677894771,0.4536663348757576,-0.04437197447839267,0.545416728496251,0.1375823448731893,-0.22200151429973972,0.07393076779913095,-0.16015471329873002,-0.08650555990171842,0.006543274979560394,-0.032021230246975445,0.3766799877750748,0.21483470497876678,-0.6195956874876835
0.5610304849987054,0.23554686552800375,0.6971567945644971,0.4596505426529005,0.35942325997444285,0.478054473447449,0.8045301336248645,0.34861458951004004,0.8718243931653468,0.31247817561962477,0.4287942223323174,0.5956511877165637,0.3956734363809599,0.3878056563944986,0.3049691148734256,0.421626511995716,0.3640754823912449,0.4015555673451556,0.4401289815104539,0.26628558387504003,0.2946406251184253,0.618894957349052,0.18515956132799527,0.26930478765248894,0.32552657871705787,0.44927383487483397,0.38369218934716154,0.2750039341641478,0.36549204781158706,0.20635748317443622,0.3188463672956907,0.3195387937984864,0.20233062142090927,0.42197403331711875,0.30853614394894474,0.3709991910829459,0.21601968547831898,0.18267140769338375,0.4366495519456957,0.18442394736540452,0.300559704026745,0.27234834108314054,0.3020073518290861,0.054946397831079914,0.2840533365694906,0.39075547581350595,0.3453090578351485,-0.05212472925071925,0.4945445280738838,-0.0897506382078068,-0.006807814577022651,0.05212741235025998,-0.07874352560501327,-0.11571527667681306,0.15539106595380278,0.06466449822122232,0.37926776748864227,0.010719993854048388,-0.6860977683127086
0.32252952085294767,0.1950501700053314,0.7892039601036545,0.535648657811197,0.24721778494270408,0.6877216088549486,0.34861458951004004,1.044463938567122,0.3301363732135319,0.5254692183691242,0.4378677260161428,0.23244782569981345,0.44702398883515027,0.42725311049492604,0.31318246619167267,0.3860197644894698,0.443630104948755,0.3894859895772782,0.4444249692133789,0.5273877896774558,0.3612354145487742,0.3583727361977886,0.20308714306652637,0.3185972762291225,0.39268995418047986,0.41929639679321085,0.4166120628521701,0.2590331072318295,0.568471025864981,0.5040893642489402,0.2746749937988804,0.3260179892963005,0.1431655925935039,0.5493250529576014,0.48503514711446016,0.3963991352839819,0.36937387880640127,0.2973008008657687,0.6472402976402551,0.34221346930098906,0.38227682947447533,0.33318648550753877,0.46713873123490923,0.07908153284469947,0.45931741150702493,0.4640280535144079,0.5565100610811892,-0.04438217133794599,0.5725011631033967,0.23088357328696388,-0.060583937998735425,-0.13817392985504853,0.10350804283016476,-0.1676920373577474,0.025843081655092907,-0.12974372394292483,0.41417561196907654,0.13465970434367958,-0.5033149062518316
0.7765417101423758,0.13304266425358136,1.0811633785937598,0.47753769923727785,0.38121756583499783,0.6263546952559526,0.8718243931653468,0.3301363732135319,2.0242746492769985,0.08849396617364376,0.3714964030566705,0.5208525457843952,0.41286616879447763,0.47114027612653964,0.3514005710655752,0.43138841402410927,0.43884493040870864,0.4354598184683447,0.6657680997254583,0.2033468126827816,0.35115947663840696,1.1324994841051563,0.15809702668155223,0.3210232336951694,0.26829640670513316,0.6689836771901021,0.3993872364610541,0.34929389925840626,0.3279551429607103,0.1241402138180392,0.4831981428081431,0.38655078676744226,0.24117234585207922,0.5031877111858148,0.36074940589639237,0.36905952133003267,0.06718873173242161,0.1621058725895004,0.45303955233401105,0.1594163725019485,0.30404371908139266,0.3231221581488582,0.31095853280612307,0.0825414571967022,0.12553113792372073,0.4212544210927886,0.3224682644509829,-0.048237554517515366,0.6898107328676503,-0.10581711131791467,0.080270666733122,0.02026965741764693,-0.1199680920090547,-0.1315585686055666,0.15108459942218877,0.19114659517467752,0.4026951936238025,0.06691496418320916,-0.9325890179517732
0.4085034006903655,0.42760464586968955,0.7925078317033597,0.2307011143238561,0.2738503570986937,0.2890912013655183,0.31247817561962477,0.5254692183691242,0.08849396617364376,1.2645893630544076,0.44801020575805833,0.3830991949833452,0.44066873300172743,0.35660628922209076,0.3798056417552702,0.3429450407303689,0.38083503350855835,0.4807766658031046,0.3084754828761818,0.4805901004844706,0.30830572033462483,0.2101991269773441,0.2622372496491121,0.2714332072890454,0.3466524267757385,0.1872539716636875,0.4078447658502632,0.29831957650358804,0.547907426419696,0.7026061822264718,0.23349263511298263,0.2847903089403492,0.2522624584280424,0.4702871483109215,0.5084770266228493,0.5089299175369405,0.43295112129926444,0.27407863709051045,0.6354321124081732,0.38717043075746316,0.5179592198782922,0.27959246162423834,0.3869272621965801,0.06934932595382184,0.29243563476198126,0.5391684523302772,0.6840908586329341,-0.05748776161916439,0.6332338705471436,0.059974189162483926,0.10479285836783762,-0.08933851087808792,0.19788867483776285,-0.17271160267365154,0.03181883903848613,-0.20210906872670162,0.32066031609600504,-0.08322310993302304,-0.15425648813542894
0.3703446972732258,0.30789261162931947,0.6986195733165933,0.44599402088262674,0.30948073153593264,0.574068903704797,0.4287942223323174,0.4378677260161428,0.3714964030566705,0.44801020575805833,0.8154981813437622,0.5355388452291919,0.5911817135835278,0.37280140554304747,0.383341326939484,0.43593351000037467,0.495737855671672,0.3961627557671148,0.40724644755633443,0.4720448541494432,0.3313347825488697,0.3816596496977039,0.2664127497597057,0.32432532233814165,0.38241600193069364,0.3409199610051574,0.4323951937505853,0.2885081635002793,0.5788739260913051,0.4604839871684702,0.21586419585665761,0.3144084657834541,0.1850511935600086,0.4915682202766487,0.42736141268436995,0.4252136599014968,0.35576747136555004,0.26346149944629227,0.6158453820377113,0.31755171539647437,0.38685197295285517,0.3213211210064492,0.4007181942794284,0.058869072073679224,0.28084627753594843,0.4366927402249455,0.4981752937273088,-0.050023944063534415,0.4950435430861221,0.06093551852475811,-0.012123596471462895,-0.09220742720934876,0.09951122680058958,-0.08427346596051254,-0.006236706559008777,-0.07171234084085079,0.12789551923624679,0.04690598347501771,-0.20853656963649725
0.4799035784626459,0.3440377238979739,0.561337441312934,0.47777335429192497,0.3768102242690836,0.58585857430463,0.5956511877165637,0.23244782569981345,0.5208525457843952,0.3830991949833452,0.5355388452291919,0.9299715754912435,0.4139657923471745,0.35940455361288376,0.38473718259178974,0.4583332231532723,0.38590152483191176,0.40808868480709726,0.4397374133969185,0.3123535875775888,0.29288417681782136,0.4646363926876019,0.2286139601077558,0.273176612355042,0.395690276802592,0.43358775310500847,0.4420355169737945,0.25554868151144056,0.42254283570791723,0.2629439742558545,0.23529108754266478,0.33057513517154935,0.1947890222019831,0.4343145405621532,0.30740009033003934,0.40602810573332493,0.22614073390407638,0.20055967272366598,0.4366939184959146,0.2394291805817358,0.31687798348807755,0.2826564259943401,0.34317687103350386,0.054699571024477714,0.1534709314399435,0.40132392585960364,0.38639458800429294,-0.05801108818693807,0.6108313631510984,-0.1591351785693616,0.024538097644146425,-0.005190467495129127,0.0014511105835237625,-0.07616991930827363,-0.0038865432717974605,0.02090589234760131,0.33094364247992397,0.09798727293941746,-0.49818042834585347
0.301253720069163,0.2558956294587282,0.7229302784756655,0.4401809929920659,0.4058339253400166,0.47307984731578645,0.3956734363809599,0.44702398883515027,0.41286616879447763,0.44066873300172743,0.5911817135835278,0.4139657923471745,0.9076139931808035,0.39736154665619605,0.23352681804292263,0.4468612822023494,0.4679045990225227,0.40424019878932144,0.42840246156816403,0.41205483586864167,0.3394725636689238,0.41969937833995546,0.2798351932589494,0.31200823337384304,0.3359059879843489,0.296318108778397,0.42358339027841074,0.30936096953497516,0.6082942323148728,0.46057652305829366,0.19032613821454325,0.31321863519268794,0.24192138882566014,0.49643619574650233,0.4125656530944942,0.42570549361250287,0.3917388938022293,0.22598511403379,0.6292081036228515,0.2907496561092111,0.39970744663739133,0.3206380046342501,0.39655288422421975,0.06972523431429524,0.18282193607305036,0.42650133398219087,0.4951224850552935,-0.050854992394442945,0.5052524734236045,0.2383965574650843,-0.0015031935339473363,-0.161920646875639,0.018254693591285235,-0.13227953683695878,0.048667688447264656,-0.12331784573114256,-0.06498096992960964,-0.07254402250221902,0.12269129488220636
0.389142865276053,0.002245457867051488,0.5600807478771997,0.545512007117829,0.3585850798287815,0.4361256757765434,0.3878056563944986,0.42725311049492604,0.47114027612653964,0.35660628922209076,0.37280140554304747,0.35940455361288376,0.39736154665619605,0.8050164478153737,0.3651437484453176,0.4654850924715165,0.3862705641905277,0.2838899756140747,0.39103869256694035,0.41312705972815367,0.33283851925791674,0.4622908586192575,0.13317031342348945,0.2722139035110818,0.2828448914765153,0.4693049899031613,0.39693870667697645,0.3481041876002045,0.44490990700472616,0.4063521193111378,0.24836388356044284,0.5797137522807054,0.31674424640518406,0.43356091592350987,0.29464758979777544,0.4320814370753067,0.2289995392096945,0.2467675591969572,0.35504781767606436,0.23490066058649842,0.4113567247210439,0.3247991801810164,0.3727395252135838,0.07990911683896795,-0.2674694233526729,0.47902760682227885,0.45732818167241185,-0.07514343234343285,1.0443786810281437,0.1256443049470439,0.04888440444882686,-0.1603272874103253,-0.010383396916435247,-0.06290102142199465,-0.21803537987701702,-0.1051516613057015,0.24943643978907298,0.25569469158328123,-0.2370694557299419
0.426010616779607,0.46304930469231187,0.5875359232224276,0.26844964177851366,0.38264666240064116,0.4088501718426012,0.3049691148734256,0.31318246619167267,0.3514005710655752,0.3798056417552702,0.383341326939484,0.38473718259178974,0.23352681804292263,0.3651437484453176,1.1831919574118734,0.3137714319717093,0.3423314930515641,0.3606955404007026,0.44028192640002967,0.37341417464007987,0.31215974286944004,0.3286722674588876,0.17461249085944638,0.3194610445580232,0.38686822199785115,0.32170216880938635,0.3750728706084263,0.31896464359358223,0.41786493203745356,0.4679376730908012,0.2873042712706524,0.29761214419876647,0.28824553376011225,0.3922465091602978,0.34465908021893643,0.40162602784893303,0.26642078874002123,0.19546387002462343,0.4250259227862562,0.23352669144583013,0.342515762642533,0.299832569636568,0.3660994302351773,0.06897970563286718,-0.08668035305848422,0.47590355706574483,0.4473614652976786,-0.055073643406019494,0.6880829956354169,0.012714653703985905,-0.012727205651422196,0.1662677588724912,0.031886782535247356,-0.2253021168934116,-0.005483472226697705,0.026376617750610773,0.22194335681045146,0.06021412601079141,-0.298748532314144
0.3287010367401362,0.19527461487698305,0.5249275924027854,0.48670179704510097,0.3714548124929847,0.48414200017421366,0.421626511995716,0.3860197644894698,0.43138841402410927,0.3429450407303689,0.43593351000037467,0.4583332231532723,0.4468612822023494,0.4654850924715165,0.3137714319717093,0.7488356621707444,0.4613657822508114,0.3390155554034046,0.43405807010498126,0.35050501411475943,0.34902845388533577,0.5603547193887031,0.15458886622514553,0.29638799804051086,0.3411924971091466,0.4617657302617812,0.4091459716225945,0.3578662897144169,0.45948389685610713,0.3600516998005855,0.260983762135668,0.364498505959932,0.24878760825012977,0.4508443057013047,0.4022236722724735,0.3964959382288716,0.2839589082228572,0.20686900122278049,0.4190022997802444,0.24574459399968812,0.3845141051164801,0.34515121534608184,0.3914900594949783,0.065305029062841,-0.02680729819440239,0.421768225196931,0.43831986927535566,-0.06272249261335024,0.7047121551384944,-0.006150107934787638,-0.01446120437083194,-0.11415710595416867,-0.02989097969903634,-0.07852132637420692,-0.06851617629064467,-0.03942414424392588,0.1366542061319003,0.1546984251492495,-0.233978760146381
0.3094508703412027,0.349419387218796,0.7004911178121999,0.36861006069057983,0.2478401730650614,0.47521830705990753,0.3640754823912449,0.443630104948755,0.43884493040870864,0.38083503350855835,0.495737855671672,0.38590152483191176,0.4679045990225227,0.3862705641905277,0.3423314930515641,0.4613657822508114,0.9143589642416856,0.259442527207759,0.4044482094347899,0.5449586900753333,0.3653122647997702,0.438958240453687,0.16642244399254924,0.28506232828556244,0.4209309633062413,0.37045308750198613,0.42432512093344105,0.46988438143383104,0.5231231487801473,0.5302014559535733,0.24016705966568883,0.31303269309792514,0.2986808588264053,0.4798970355647927,0.5182153929865938,0.48146023471032645,0.5217768242322379,0.3103608294526224,0.5423369279916603,0.31929091227483053,0.4670010589865007,0.370513241763821,0.43928797615514603,0.06965483315016846,0.2117025082402628,0.5192074379335605,0.5333310390131214,-0.062177918048641576,0.5756590582683202,0.22983241193924941,-0.0018547099411224232,-0.10006098931281472,0.07054879091238214,-0.07382572883436869,-0.16060412390205608,-0.12231996015529306,0.00748431529910923,0.21917546378085853,-0.22681508397919714
0.45383397171384593,0.40577018516560975,0.6051956881746059,0.27932384724546516,0.24901245107926642,0.4088471599676094,0.4015555673451556,0.3894859895772782,0.4354598184683447,0.4807766658031046,0.3961627557671148,0.40808868480709726,0.40424019878932144,0.2838899756140747,0.3606955404007026,0.3390155554034046,0.259442527207759,1.0304689141784615,0.38030160116663175,0.1133547467322169,0.2709988653207226,0.4021730232931318,0.47812948622944135,0.2541888518534862,0.33738337497974114,0.380653543275774,0.29964967412542876,0.2617563214581975,0.4449579782302631,0.2162877929422073,0.43354225186987083,0.20686291036191898,0.2792073631775023,0.40711860616151135,0.2802216849396313,0.41170205701013163,0.35982660834445646,0.09508072694912868,0.3821872390837016,0.22766520290277228,0.3403865767644712,0.21815333942182355,0.3508283830627618,0.08008360464803661,0.35460254913978606,0.4962815743259728,0.5668172539107049,-0.05298443840863678,0.317044985145619,0.2651456890208238,0.15847941438803967,0.02214361491079056,-0.162648712340485,-0.24919947180655677,0.0903900335307036,0.009045145682101838,0.4208768954214338,0.043522761604130045,-0.6116308485452123
0.3816821523603264,0.16051579161010224,0.5297881882568488,0.4652377483317367,0.5859696622177674,0.6057201496972512,0.4401289815104539,0.4444249692133789,0.6657680997254583,0.3084754828761818,0.40724644755633443,0.4397374133969185,0.42840246156816403,0.39103869256694035,0.44028192640002967,0.43405807010498126,0.4044482094347899,0.38030160116663175,1.0360131267448736,0.30423021977509523,0.3522196057769699,0.5710792305368835,0.15401690327850476,0.2960410110796317,0.3141326313210614,0.4328029937865069,0.3469781357860203,0.3116962342454246,0.3997848796955133,0.23327919542039513,0.3156780295432651,0.35971220281704547,0.25380983872032203,0.4269051553136334,0.24207234279982773,0.4139759274832646,0.20325453945086228,0.2099684707849756,0.48775534028028333,0.18820411333433235,0.32080800380702845,0.32736298051258966,0.29476675266793984,0.0766813493318733,0.12250557074637618,0.44066890353506794,0.36174126115742633,-0.04666446854676213,0.3947720465227399,0.13253506152898273,0.059182715637372575,0.0536701487334205,-0.13194158738528947,-0.15023160640700384,0.03205469192963835,-0.08895117605918071,0.2691039499246559,0.09008000304492012,-0.36588239273548623
0.31922310295922224,0.18209414621591097,0.626534653443359,0.35369805448774067,0.2375535510085099,0.4932855195717189,0.26628558387504003,0.5273877896774558,0.2033468126827816,0.4805901004844706,0.4720448541494432,0.3123535875775888,0.41205483586864167,0.41312705972815367,0.37341417464007987,0.35050501411475943,0.5449586900753333,0.1133547467322169,0.30423021977509523,1.5358805614972038,0.3882866210142968,0.20048559847636463,0.01200870348386122,0.35692630726907154,0.43385876854899863,0.3314760470391594,0.4981836392582503,0.38689639218400634,0.7164122347582926,0.9453184583873495,0.2350965442024874,0.34306415272780266,0.22005578883771837,0.5303950000290016,0.6528992603502641,0.442267930272056,0.839702306452099,0.7818004649867627,0.8246628197949324,0.5800915801868206,0.559730388418273,0.41597353082076527,0.686303605888977,0.02387426151625454,0.8695042122614558,0.5402847666493327,0.6381649761678159,-0.03872608554492465,0.8892099251754081,-0.07838795647652062,-0.1567385219270443,-0.04285544461385454,0.237073327814055,-0.15787569719165356,-0.023501070206359234,-0.22133999240597851,0.18341579880971415,0.13711062305357294,-0.17972936657193297
0.25930629038127495,0.10947191982364757,0.4985145644925551,0.35019856148207085,0.2908609102872117,0.3714799306787857,0.2946406251184253,0.3612354145487742,0.35115947663840696,0.30830572033462483,0.3313347825488697,0.29288417681782136,0.3394725636689238,0.33283851925791674,0.31215974286944004,0.34902845388533577,0.3653122647997702,0.2709988653207226,0.3522196057769699,0.3882866210142968,0.7530308148085205,0.3288975139089026,0.0559258390012519,0.3042901327617616,0.2608158664798417,0.5448369456009171,0.31760318412490757,0.3593877561062813,0.3097207375614884,0.3742425666044172,0.357682577157071,0.3014578514816186,0.34774204335297887,0.3540200414873951,0.3214976051954189,0.43276323591962007,0.26039788522922935,0.23733058145489036,0.35681621973995625,0.24931168248263144,0.46097568356022517,0.5868193836348296,0.3676678349880956,0.053511187232890105,0.03695633985106928,0.46053430920610383,0.45689453038749367,-0.060583015232605515,0.46042718407698197,0.19313474815591525,-0.027264316035871997,-0.18495751480378517,0.006911682705527683,-0.07035839730381972,0.09867113244898956,-0.07986569443062506,0.07505859688452332,-0.009820540457392599,-0.052615819129954375
0.531065978032518,0.13873671041163416,0.7511701600595571,0.4743923491168002,0.37941261470582843,0.5477874451746331,0.618894957349052,0.3583727361977886,1.1324994841051563,0.2101991269773441,0.3816596496977039,0.4646363926876019,0.41969937833995546,0.4622908586192575,0.3286722674588876,0.5603547193887031,0.438958240453687,0.4021730232931318,0.5710792305368835,0.20048559847636463,0.3288975139089026,1.1916901057522558,0.16428728344571933,0.3030287160521001,0.2923224589823636,0.5371498968459539,0.3745543978465094,0.33620619709337857,0.40917920074642694,0.1902937973378792,0.37005694411294743,0.3832025668434398,0.2570322159804169,0.4704568340860438,0.33784674407201143,0.340941631918261,0.1402088110908446,0.1526492305323384,0.4231502418222776,0.17141328644503295,0.30623215986052965,0.3175610518301592,0.3082297169033095,0.07747500880686782,-0.05825318985094657,0.39349969915758465,0.3742769623610325,-0.0531567826499202,0.7715232383110896,-0.07174640835352122,0.0385470886765664,-0.0999177526477508,-0.1223069517347962,-0.11275770840258377,0.03521442591380598,0.07785019186738708,0.28454038574787816,0.09278799311149544,-0.5652868007785625
0.20295811152170903,0.1866391787290839,0.37381061143399646,0.191821449616014,0.1974090247016896,0.20126311051139784,0.18515956132799527,0.20308714306652637,0.15809702668155223,0.2622372496491121,0.2664127497597057,0.2286139601077558,0.2798351932589494,0.13317031342348945,0.17461249085944638,0.15458886622514553,0.16642244399254924,0.47812948622944135,0.15401690327850476,0.01200870348386122,0.0559258390012519,0.16428728344571933,1.3557949301296899,0.2978131709863292,0.4295316396104199,-0.09234244354628973,0.13660548614861776,-0.11904014993102768,0.416721599612454,0.23343674913293672,-0.16205006938070202,0.08653248452891694,0.11570665908034573,0.26166066358825296,-0.08593569414279673,0.4045321817888586,0.24488231567569949,-0.012864560251205392,0.5215443526536796,0.26740185348413187,0.20343868864763676,0.046773905019773486,0.17234652091066158,0.1130957651441471,0.187548877549476,0.340330584483861,0.3648632249251906,-0.05456660832819592,0.24466791176188815,0.20100443186025177,0.07220172380610652,0.03366538957811042,0.038214738855187044,-0.14899767411424397,-0.0022705820470020877,-0.04250152367929345,0.06489141448922653,-0.04904140095344971,-0.11238324083418799
-0.018272599887638755,-0.007690059823178023,0.27369323232097353,0.40988381025472587,0.34688137291314886,0.32878590094880233,0.26930478765248894,0.3185972762291225,0.3210232336951694,0.2714332072890454,0.32432532233814165,0.273176612355042,0.31200823337384304,0.2722139035110818,0.3194610445580232,0.29638799804051086,0.28506232828556244,0.2541888518534862,0.2960410110796317,0.35692630726907154,0.3042901327617616,0.3030287160521001,0.2978131709863292,1.0102463148645269,0.2963455923262068,0.39312733811110656,0.28173350455554,0.2253365020155764,0.2957611371184411,0.2606364026367007,0.36780118726698136,0.2356989937390741,0.27895352940485585,0.23940470611902917,0.22147168680872797,0.4472180833642179,0.18111573898070046,0.20779772547584605,0.24794737475488296,0.14419625437792002,0.3438246810981489,0.28119771605464555,0.14804277281162084,0.06858016119246761,-0.013182847890753056,0.41722668331739404,0.32813389420088906,-0.06528899207745681,0.24239108896802294,0.07057292671873538,-0.1043822313961518,-0.037512940536584105,0.07836851688183402,-0.062404356041255125,0.25590914163127676,-0.005879947088537558,0.1836495592421781,-0.4846962483702572,0.13555418645651254
0.4233529212884833,0.4561491575330545,0.6527141314671023,0.2639678407205221,0.134087128669898,0.4695183567352224,0.32552657871705787,0.39268995418047986,0.26829640670513316,0.3466524267757385,0.38241600193069364,0.395690276802592,0.3359059879843489,0.2828448914765153,0.38686822199785115,0.3411924971091466,0.4209309633062413,0.33738337497974114,0.3141326313210614,0.43385876854899863,0.2608158664798417,0.2923224589823636,0.4295316396104199,0.2963455923262068,1.3025035713548034,0.1173463325391173,0.3521336031598756,0.2550447345809284,0.5898495005442167,0.593520368714583,0.01386837580837624,0.24193555244863899,0.18125448162245814,0.4926098027257147,0.4419664252725401,0.42708710300808783,0.4325309249745322,0.27244015338724215,0.6835966273474282,0.34659361179050086,0.3154117802423467,0.2453615799425041,0.43390128707298903,0.08366906604013465,0.27642088085748606,0.571918223612453,0.49853761445301165,-0.09247378260677507,0.585235288729327,-0.3514646535845025,-0.007968589746901122,0.15601878415300066,0.15555840702448795,-0.17317887458041478,0.004745864964467526,-0.05957618325391858,0.2724723384555395,0.05809411487634137,-0.3686893702892218
0.30800358621118207,-0.14582206203841364,0.41134913851743393,0.555078965561146,0.4439453961798406,0.5725840168075721,0.44927383487483397,0.41929639679321085,0.6689836771901021,0.1872539716636875,0.3409199610051574,0.43358775310500847,0.296318108778397,0.4693049899031613,0.32170216880938635,0.4617657302617812,0.37045308750198613,0.380653543275774,0.4328029937865069,0.3314760470391594,0.5448369456009171,0.5371498968459539,-0.09234244354628973,0.39312733811110656,0.1173463325391173,2.094673633158285,0.37830833719284984,0.40776941159018776,-0.07960107569710279,-0.32111054505245934,0.5866667581765275,0.46582581485653707,0.32129990928163493,0.40541781099503316,0.3440611319705674,0.3474777733861643,-0.3185206320077054,0.1896004079652174,-0.46752035976057654,0.04793741024079807,0.4545639610574007,0.5176149598776252,0.3624760152458078,0.07750023700482356,-0.5170627656827177,0.4063149257155782,0.17186267019237228,-0.03578410469930201,0.35977154343664836,0.3514733455760723,-0.24045834232003296,-0.218621396610676,-0.1153105130135603,-0.0055770286765099404,-0.06287329125298112,0.005554759599574487,0.2678855472827226,0.2184568727054208,-0.3954985228287625
0.383109754818827,0.3691099427669443,0.6359114669565754,0.3557546752304624,0.18574359451246855,0.4739947828467201,0.38369218934716154,0.4166120628521701,0.3993872364610541,0.4078447658502632,0.4323951937505853,0.4420355169737945,0.42358339027841074,0.39693870667697645,0.3750728706084263,0.4091459716225945,0.42432512093344105,0.29964967412542876,0.3469781357860203,0.4981836392582503,0.31760318412490757,0.3745543978465094,0.13660548614861776,0.28173350455554,0.3521336031598756,0.37830833719284984,1.0328619650378519,0.38393737387213817,0.4190341780497515,0.4840350361826549,0.2697466837926004,0.40580728274493,0.30811609574842697,0.4758045893782529,0.411320710075114,0.5813254706582829,0.43082701205410356,0.2902320430791336,0.4683456811248139,0.29346662506309207,0.47235532088399995,0.31139096599314864,0.6338528153769838,0.014418888612348685,0.29686938037525573,0.497631297691653,0.4306274142010897,-0.08714509094500245,0.5864048924827368,0.03136815609455288,-0.0014845546391530236,-0.03619182297174045,0.027323516568803365,-0.09696688359838941,0.021224177107394798,-0.04595655657918825,0.27581865099540387,0.09107506173818947,-0.3419833321227252
0.29579602151761797,0.2856933351539898,0.5375016309490099,0.18280316106553546,0.09953998272804235,0.31769021150396876,0.2750039341641478,0.2590331072318295,0.34929389925840626,0.29831957650358804,0.2885081635002793,0.25554868151144056,0.30936096953497516,0.3481041876002045,0.31896464359358223,0.3578662897144169,0.46988438143383104,0.2617563214581975,0.3116962342454246,0.38689639218400634,0.3593877561062813,0.33620619709337857,-0.11904014993102768,0.2253365020155764,0.2550447345809284,0.40776941159018776,0.38393737387213817,1.3887238838056346,0.3263101372734187,0.6355245849081216,0.49026583594115686,0.3500265332563546,0.6854574666322019,0.328856874732297,0.8770359568479671,0.4537408870118249,0.4289073252120293,0.21535936823870125,0.20160556602905105,0.2652407953100118,0.5269112439886382,0.3212300826571298,0.48049473331042675,0.13913398311108457,-0.4886702942706451,0.6011639577177198,0.47428975342770063,-0.0703932478569827,0.9172577305368457,0.22933380383902927,-0.08982424784292808,0.3196445355830517,-0.4186707000348082,-0.07796224843021997,0.041670409092156586,-0.05663468188682983,0.11390314115092548,0.048696205822528794,-0.0388209094776811
0.34840678009561665,0.7160292563289593,0.9006032261800309,0.38741609464228416,0.25937744859499207,0.6982889402393212,0.36549204781158706,0.568471025864981,0.3279551429607103,0.547907426419696,0.5788739260913051,0.42254283570791723,0.6082942323148728,0.44490990700472616,0.41786493203745356,0.45948389685610713,0.5231231487801473,0.4449579782302631,0.3997848796955133,0.7164122347582926,0.3097207375614884,0.40917920074642694,0.416721599612454,0.2957611371184411,0.5898495005442167,-0.07960107569710279,0.4190341780497515,0.3263101372734187,2.439509758340567,1.0338521366622038,-0.0540572703801765,0.40531785185317126,0.03324792059703769,0.9335203318964012,0.707145141415422,0.6488410375226933,0.21536257837472875,0.3083357402692474,0.9408229866350313,0.47279323230952586,0.6293628339962104,0.2573589793154356,0.4565903354859054,-0.02835054062625878,0.7939016866506404,0.5607996174833063,0.8027980347773601,-0.10854125273834106,0.7942515946560943,0.3613560229770992,-0.24837952021134663,-0.12139934873500471,-0.06510973560904193,-0.13872049810458834,-0.04896218280129939,-0.1906875277935939,-0.10325796228434372,0.1923569413211932,-0.059725359386203
0.5422310276787974,0.4704437563403088,0.9627620145677033,0.015479934543606492,-0.10756757022381527,0.2822737017316305,0.20635748317443622,0.5040893642489402,0.1241402138180392,0.7026061822264718,0.4604839871684702,0.2629439742558545,0.46057652305829366,0.4063521193111378,0.4679376730908012,0.3600516998005855,0.5302014559535733,0.2162877929422073,0.23327919542039513,0.9453184583873495,0.3742425666044172,0.1902937973378792,0.23343674913293672,0.2606364026367007,0.593520368714583,-0.32111054505245934,0.4840350361826549,0.6355245849081216,1.0338521366622038,3.0752688267981236,0.11250823604996761,0.25929331094358854,0.3021881769958169,0.5055455565980287,1.5263000790641235,0.6084380026511409,0.7172181965282327,0.5448823477637847,1.2216274745258502,0.9056745394818703,1.0199421303287206,0.4038803998712637,1.0857113884751621,0.23320323545739727,0.3885431339976994,0.7481455850077574,1.3095251772232563,-0.06200306755769376,1.8637222979170291,-0.24934529056586183,0.1104638997958069,-0.363564968488211,0.6345007738041709,-0.13651781260359128,-0.16431536106962402,-0.32780444677068094,0.11013537131234757,0.5209528317347967,-0.19489126459221062
0.2327597140406424,0.030308512896796872,0.24908007644696673,0.2525978796016142,0.20965546380031436,0.27575773362412376,0.3188463672956907,0.2746749937988804,0.4831981428081431,0.23349263511298263,0.21586419585665761,0.23529108754266478,0.19032613821454325,0.24836388356044284,0.2873042712706524,0.260983762135668,0.24016705966568883,0.43354225186987083,0.3156780295432651,0.2350965442024874,0.357682577157071,0.37005694411294743,-0.16205006938070202,0.36780118726698136,0.01386837580837624,0.5866667581765275,0.2697466837926004,0.49026583594115686,-0.0540572703801765,0.11250823604996761,1.8635709241392375,0.1261975907046735,0.44799237844714246,0.29461251809685596,0.48536488668906586,0.5096085515891369,0.24461589097786962,0.20432306048799942,-0.04103902423476548,0.0462388450265839,0.32438877242795117,0.3021097000857321,0.23848053172913017,0.10855920255163375,-0.1825963697662845,0.6885149419494805,0.39560956556837257,-0.089455820654992,0.10447699135259231,0.33637869691019734,-0.0727466141293165,0.07248569699197879,-0.16196885901675956,-0.2213007057194317,0.37129904320616675,0.10932177258762013,0.6734296690423892,-0.4216609776197728,-0.4993248801436626
0.2608941311798957,-0.0012263468540507853,0.35773488699250644,0.47402831579338,0.35491974589213166,0.3928403274168409,0.3195387937984864,0.3260179892963005,0.38655078676744226,0.2847903089403492,0.3144084657834541,0.33057513517154935,0.31321863519268794,0.5797137522807054,0.29761214419876647,0.364498505959932,0.31303269309792514,0.20686291036191898,0.35971220281704547,0.34306415272780266,0.3014578514816186,0.3832025668434398,0.08653248452891694,0.2356989937390741,0.24193555244863899,0.46582581485653707,0.40580728274493,0.3500265332563546,0.40531785185317126,0.25929331094358854,0.1261975907046735,1.0630400384814844,0.3109002682379969,0.45932849680282367,0.09202854272898202,0.43439066281325117,-0.03494647314013122,0.2273386669064597,0.24265740480259074,0.13140489381095505,0.3782688121240403,0.2889863695895017,0.30316722713129624,0.06163212301562198,-0.3828674152667873,0.4771571316894611,0.3697606621944649,-0.0946252581739999,0.8903763928242678,0.1212733075234426,0.11590684331250412,-0.025342926223219032,-0.16920433415567604,0.05385821081558496,-0.164114609345174,-0.06224724991877129,0.186030542684814,0.20550446870175942,-0.2237432712449736
0.19939571607643106,0.19406228429707892,0.28922254521070323,0.24170562608237398,0.33763931583536455,0.0544523072260126,0.20233062142090927,0.1431655925935039,0.24117234585207922,0.2522624584280424,0.1850511935600086,0.1947890222019831,0.24192138882566014,0.31674424640518406,0.28824553376011225,0.24878760825012977,0.2986808588264053,0.2792073631775023,0.25380983872032203,0.22005578883771837,0.34774204335297887,0.2570322159804169,0.11570665908034573,0.27895352940485585,0.18125448162245814,0.32129990928163493,0.30811609574842697,0.6854574666322019,0.03324792059703769,0.3021881769958169,0.44799237844714246,0.3109002682379969,1.6714460629805357,0.04070735527196656,-0.14868045646867944,0.4195965919415394,0.6789978305079678,0.11991987401871983,-0.011309715758695335,-0.020695986112495617,0.2011686495774337,0.32687625616786,0.390606649661337,0.165466649322222,-1.2198173581633647,0.7267684713161798,0.45624266792344464,-0.11997624758320742,1.1681071738966369,0.3549688638870884,-0.10975992199741733,-0.12127023474929877,0.05462508125695326,-0.256146677123793,-0.030735334024786065,-0.1310801882539188,0.005670369683593642,0.07635211904585529,0.07976099614504434
0.10542413892756622,0.35513041879669205,0.6856998875581608,0.5179301217071357,0.3321356070790096,0.6008343459321842,0.42197403331711875,0.5493250529576014,0.5031877111858148,0.4702871483109215,0.4915682202766487,0.4343145405621532,0.49643619574650233,0.43356091592350987,0.3922465091602978,0.4508443057013047,0.4798970355647927,0.40711860616151135,0.4269051553136334,0.5303950000290016,0.3540200414873951,0.4704568340860438,0.26166066358825296,0.23940470611902917,0.4926098027257147,0.40541781099503316,0.4758045893782529,0.328856874732297,0.9335203318964012,0.5055455565980287,0.29461251809685596,0.45932849680282367,0.04070735527196656,1.6241165555744446,0.7318572968959414,0.4783075410754404,0.5001914872091833,0.24550551335398285,0.5647486497616001,0.22385929839267518,0.5784712168466845,0.3254131633797332,0.7473886901213332,0.11697582059631596,0.3024810273940687,0.5290046799495817,0.6138968304173668,-0.03794650662600386,0.681710954687976,0.0485865369760662,-0.04557595963681571,-0.08693830115731656,0.11294989506618995,-0.23717144402089124,-0.049651782093074893,-0.012448425532324026,-0.15902880745263964,0.1774642868084678,-0.063346338985636
