0.802790251592808,0.2081064348665841,0.08700395394447728,0.11273284851583795,0.12828251166725715,0.07938607895030786,0.07248189506585148,0.12117552786281685,-0.002245457454651891,0.1165715651154028,0.09574616786886957,0.09450103340524751,0.0937945840913114,0.05742143247049392,0.09047948557665585,0.07100842029155507,0.05301667194887021,0.11890336452667911,0.09823912305458171,0.06061870813936582,0.059531998941256846,0.0806045698612932,0.041549424363071547,0.06285575026958651,0.14872275078140518,0.0411067661089415,0.06263362339594411,-0.004504420294809456,0.13216308885662076,0.07595552884683433,0.08859111097266353,0.037908516419081655,0.05196117689216823,-0.02276333481826537,0.024384679396354754,0.06384585448520887,0.046553280451927484,0.057734299818771054,0.07589428303227522,0.06596673944101951,0.02912625759920159,0.0443538628103944,0.046294688433536374,0.04320308824691428,0.0071437220437954325,0.0445303681198466,0.0928514720976709,-0.013274513976532079,-0.0011456073560020938
0.2081064348665841,3.201477066949782,0.6241318136475846,-0.05809237121300862,0.020346290534138906,0.16988242214899418,0.24151111402176476,0.28234021234936524,0.29459330669513234,0.2823374027677473,0.22052613840707963,0.18570715334975962,0.3379199366278235,0.05928158165910122,0.47731145660644236,0.16949273191872774,0.2417044883290577,0.32147407779710807,0.06177498699197974,0.3041607311565085,0.36009334514261077,0.07219992758755907,-0.9217494359553917,0.059090184868357834,0.1190896705702417,0.041829538591210386,0.8177598758753178,0.48016466994689244,-0.07347033859705837,0.31596843126347024,0.2607246174748566,0.41879098610685056,0.3706734775698453,0.2299667774752164,0.27437475572280756,0.38374729813088826,0.32420918479801364,0.18778842483240485,0.45189838471864147,0.29319630227110904,0.2821952855022737,0.32096306321661033,0.35107893600050116,0.18743837271653746,0.4998320795067469,-0.08756705731523243,0.23034586196887097,0.32496554224331603,0.3193889952533726
0.08700395394447728,0.6241318136475846,2.511316030895709,0.0722049270549175,-0.21334884379878596,0.27743208222783017,0.04720160100875587,0.49865034413028475,0.5734568073911412,0.3705696207455268,0.20980473651542517,0.07488636401660653,0.3401823578211497,0.12411502150772416,0.33765897279762014,0.15800695086991523,0.28525998682632975,0.3387253511467757,0.032341870352522006,0.3953247018693151,0.3086660633588467,0.3021758879990995,0.21440733101208986,0.24369964947787853,-0.02918927975406847,0.22570069025911707,0.4685625056997289,0.352513314539183,0.20881714727878997,0.4381371017948023,0.13486797826162708,0.2927736661301588,0.2927396641796175,0.5379037638220983,0.37673594494244905,0.3001185737434655,0.39712470048670045,0.12112219869872215,0.44615292962908787,0.3195898944052496,0.3729565987249478,0.317809218359246,0.4341616064526684,0.32310808063397434,0.27559698076737793,-0.03421986043101136,0.4399611745179729,0.25849633749696255,0.9809458310271354
0.11273284851583795,-0.05809237121300862,0.0722049270549175,1.1996346378327725,0.42156846122884817,0.2977027084072582,0.25472904434512816,0.3156491608614434,0.035217306360063476,0.3547407821660113,0.29107164279256703,0.34593265034636383,0.23259574624530052,0.22740018768140682,0.14952120617487089,0.26313493279456773,0.2127810399388579,0.34826887152929054,0.32383385668090503,0.21095428447261935,0.15658451950155816,0.24088136516096698,0.2995491305520111,0.23015531436899167,0.2713930549857029,0.2753944021515855,0.11620717191193564,0.04178332927280197,0.35788319971588023,0.08987052783134976,0.17862463835239029,0.24926659937131185,-0.05530055532761456,0.46442677808977273,-0.20180955446398,0.3120189170779612,0.07836891736000755,0.12195802433735262,0.16234825419383112,0.1849485270523052,0.14139957180141338,0.15296044327163016,0.23368865287721657,0.2130092291526962,0.12375303304852321,0.008374010279108404,0.2619229170539967,0.05272879992542026,0.41469806522232483
0.12828251166725715,0.020346290534138906,-0.21334884379878596,0.42156846122884817,0.8879456023004543,0.3447524624997221,0.1968094795166074,0.36268776981472983,0.03757781553662455,0.3188137825395767,0.29736247687181944,0.31773221539280205,0.2624097919698296,0.21034793472001898,0.16332814393217915,0.2600968453439852,0.19441120990747507,0.2851180297165816,0.5601368156420207,0.15446192413770143,0.12776363083480735,0.2560489040939607,0.25182392632150696,0.17370895445217444,0.31979382376875093,0.28846170320759357,0.1061969299073849,0.010166367413134286,0.29506677417169963,0.03152459165234499,0.22339677310851858,0.28763967407255076,-0.03250946335049173,0.32339032488066843,-0.12621093146432552,0.32161951286714435,0.0022235796948301165,0.11482790237097494,0.13394113097656643,0.15484773031522897,0.15384806738374487,0.1253846128047842,0.1733653183771613,0.16974301065388228,0.06834173913719611,0.08714476778694168,0.1895833744310795,-0.029005167652227763,0.08794528412415409
0.07938607895030786,0.16988242214899418,0.27743208222783017,0.2977027084072582,0.3447524624997221,0.6158267512433233,0.14987811741390017,0.42751217864510527,0.16435042749689693,0.34125593742270516,0.3243377637138778,0.2914335192898628,0.28553303643442224,0.21372564218954543,0.23340163926232,0.2287523657656593,0.26015200267420185,0.28263759335775207,0.443064452643179,0.30063550599868255,0.1919493044935803,0.24662417888175817,0.14969567174188259,0.2155324303351274,0.3501288169709124,0.3070852409345133,0.20565596832896568,0.0908271477502519,0.33296486437663336,0.16895132635041282,0.22848242486677592,0.35910150452305123,-0.0020605880554576167,0.41844844655813274,0.11095953600460226,0.29903742746491724,0.11741350183579609,0.17047693954226883,0.24126517714236315,0.19483282697186463,0.26521389285833274,0.19009811519487044,0.26468636739676327,0.21795488618006617,0.20395841945129675,0.10441730377388599,0.2690887071520644,0.026464522026860542,0.1429406300786257
0.07248189506585148,0.24151111402176476,0.04720160100875587,0.25472904434512816,0.1968094795166074,0.14987811741390017,0.7777248596383085,0.1874176715830162,0.2905543118523145,0.2892356161706354,0.2960628925625281,0.43333688984483115,0.29493007374305197,0.35701136185856674,0.028234750831070504,0.28789212414606113,0.26133871849103424,0.32247154848117565,0.13974742956023084,0.16681056337236777,0.19880919930337151,0.26024752643798055,0.3967468373486724,0.19751113839229956,0.2585734165528844,0.24346347712657468,0.260858828007074,0.14398876149389775,0.2018068638280963,0.1937452359092477,0.21443417543310084,0.15868684020422694,0.12748114887970274,0.351624321048745,0.1974963078023752,0.29601059150840275,0.1430513442790107,0.09357904073727631,0.3124495100951176,0.23166527673677295,0.13163091277087247,0.19239619309578426,0.2923324105242044,0.2902599568350894,0.12083676947231131,-0.04808705553152525,0.24509077647971908,0.15608107577459607,0.6352130919669072
0.12117552786281685,0.28234021234936524,0.49865034413028475,0.3156491608614434,0.36268776981472983,0.42751217864510527,0.1874176715830162,0.9107303770187803,0.08730011710011126,0.4430669962308864,0.39457523454658716,0.22647537481293675,0.37760516148228157,0.241450059285209,0.2635731524887526,0.2565749534659723,0.28668406250359685,0.3924753670200741,0.3705386722924601,0.3757525432591101,0.2030079349300935,0.3032634004434299,0.25227093243256893,0.22644523368348982,0.2892470934146975,0.3814485568014761,0.33338054785207233,-0.017825623384459057,0.31657141116703147,0.25971400928376287,0.20723152430599934,0.30677017569682297,0.03045521291043004,0.514427669762858,0.262463504228325,0.21329314687794568,0.22136096120910792,0.18512794888590184,0.316162493117939,0.2575770778275255,0.3223658620424377,0.21472694053224003,0.3368617349201216,0.30597255362278214,0.15068101808526,0.12613057130829552,0.3967834645210692,0.052645143455523624,0.38673335219975274
-0.002245457454651891,0.29459330669513234,0.5734568073911412,0.035217306360063476,0.03757781553662455,0.16435042749689693,0.2905543118523145,0.08730011710011126,0.6660772435797032,0.12946085049404069,0.10492768255481935,0.1414597113113167,0.22615130600488695,0.2594492952899778,0.06187303043944689,0.19748532744162878,0.1891218816323534,0.2477394025662673,0.07013111999527248,0.13148150756536992,0.18516186763062598,0.24092317677277458,0.2929437683168569,0.16086804412931266,-0.04426690467587138,0.16784601247252676,0.19344735559008053,0.2837597184888992,0.0632119875877541,0.19324757023568323,0.09834732291393537,0.11334712165076902,0.252031251783686,0.26433655680568324,0.19278185142665977,0.11029644037631532,0.2528611808112804,0.060161407574393526,0.27504205671934534,0.18485622250446546,0.1690779177645626,0.17371884271923432,0.23461781944817442,0.2479404850761477,0.07944100102079503,-0.09218780164626543,0.23485975902536335,0.1912018892431655,0.9084864778116218
0.1165715651154028,0.2823374027677473,0.3705696207455268,0.3547407821660113,0.3188137825395767,0.34125593742270516,0.2892356161706354,0.4430669962308864,0.12946085049404069,0.722777245220826,0.38050990202670104,0.3288121246170108,0.38376283533620853,0.19782026697960062,0.2244539777532613,0.2559849055760156,0.2724449994327169,0.38248230691164864,0.30651805494306633,0.25377451908236387,0.18921091112787852,0.32318580793504165,0.2860060669966648,0.2290895755089495,0.2573203540800059,0.2954953347774863,0.34843383900190883,0.1252987771255038,0.315328074812359,0.22784355106106738,0.1858396825412136,0.28871486710395516,0.04297489323223661,0.5655962832517405,0.14959090814289333,0.30067651981469956,0.18225164939999489,0.1349268033323259,0.288363776175864,0.224758792745395,0.26944342391062687,0.19706723623254838,0.3189210831053591,0.29429060078127606,0.12634440948995557,0.08896644092220662,0.3659056018263709,0.06179835192467867,0.4527246723526725
0.09574616786886957,0.22052613840707963,0.20980473651542517,0.29107164279256703,0.29736247687181944,0.3243377637138778,0.2960628925625281,0.39457523454658716,0.10492768255481935,0.38050990202670104,0.5805704115596714,0.39831311755551385,0.3494000671500568,0.2121763161771784,0.254965715381721,0.2550224124645786,0.2980434348644533,0.33633662008950493,0.28846429683537633,0.3514416976264715,0.2247663192813471,0.28240303625653584,0.30313255666809535,0.24618380744898344,0.2289462280078183,0.29121862114135977,0.2570869396892969,0.14101774221620086,0.2914774117219929,0.266528044885753,0.25803608135767725,0.2738426469689015,0.10237547349341718,0.3610491020327374,0.19496200969947436,0.3216383446522827,0.1681141273394843,0.1795482387975094,0.32603457258885365,0.27288388759401533,0.23794749613983227,0.22295010493184983,0.31350346331068774,0.2822135689623391,0.15214111545223435,0.060322065046914855,0.3298250486950036,0.0993952442217779,0.3762077175998803
0.09450103340524751,0.18570715334975962,0.07488636401660653,0.34593265034636383,0.31773221539280205,0.2914335192898628,0.43333688984483115,0.22647537481293675,0.1414597113113167,0.3288121246170108,0.39831311755551385,0.7603377360196037,0.3040008391148582,0.2705479892418239,0.13071767295153244,0.2701667880501321,0.25942273407158706,0.34945677585854884,0.2754751779581978,0.26021753155573446,0.21434103801772322,0.2454822379914953,0.3110009540014443,0.22568309851114457,0.2885906173110075,0.29878947004973017,0.2429537500979533,-0.04733100624334519,0.28294245550110814,0.18508150614661717,0.2802992964679194,0.29561103837857716,0.026156255448840777,0.3492147570960989,0.17576393864944576,0.4655768805979368,0.01915631861589654,0.1407320049941853,0.2941717427550011,0.2679805382735357,0.1521639548845371,0.21192418702410346,0.29483455145254506,0.24387973052632256,0.1581660693162942,0.023118418546055855,0.256266211163211,0.0989825683750228,0.25080237940510286
0.0937945840913114,0.3379199366278235,0.3401823578211497,0.23259574624530052,0.2624097919698296,0.28553303643442224,0.29493007374305197,0.37760516148228157,0.22615130600488695,0.38376283533620853,0.3494000671500568,0.3040008391148582,0.672700666842138,0.21081630002188406,0.1268485891185511,0.2542844664010359,0.25964473745320577,0.3668645540715807,0.24793302380118612,0.2900319506155181,0.19922975352721897,0.4056852954000016,0.2959552873750864,0.22119386309288216,0.17849470644338117,0.23992174544401862,0.2502478749112451,0.12937595302516394,0.26549770462736916,0.26184251501731026,0.18454609156978968,0.27112548279565274,0.1356955869827745,0.4205397361667233,0.20104761335893415,0.2422807183231314,0.18356339293175056,0.1513355544670105,0.3161367541898973,0.2354827798290677,0.25761750856904025,0.2015383406483127,0.29708687473180784,0.34827017681322975,0.015568686802485701,0.08780275856102815,0.3427853783160563,0.03935603930357401,0.5700037544574464
0.05742143247049392,0.05928158165910122,0.12411502150772416,0.22740018768140682,0.21034793472001898,0.21372564218954543,0.35701136185856674,0.241450059285209,0.2594492952899778,0.19782026697960062,0.2121763161771784,0.2705479892418239,0.21081630002188406,0.8411303508879998,0.1304466984132338,0.36181138804711427,0.26134397363127493,0.21785444345041446,0.18944476239841584,0.2895347583070678,0.19314022369589767,0.19182392114716065,0.34346183877763975,0.22862346018279747,0.24872370772628594,0.2303774613987206,0.16088679214009058,0.28452299546703536,0.20417741986624086,0.28913368146075324,0.2461772109747631,0.13642367409389905,0.09509867319057795,0.19094980944878243,0.24095423525579956,0.23478222250608632,0.29576585367846914,0.14555246726434906,0.2601597518754381,0.21922319870771168,0.15774387579901544,0.19288365687454792,0.2936817647300761,0.2848878645176879,0.1891267931640098,-0.10310617878328356,0.29558275603874956,0.2072209180713274,0.8121670947384874
0.09047948557665585,0.47731145660644236,0.33765897279762014,0.14952120617487089,0.16332814393217915,0.23340163926232,0.028234750831070504,0.2635731524887526,0.06187303043944689,0.2244539777532613,0.254965715381721,0.13071767295153244,0.1268485891185511,0.1304466984132338,0.7735449319527465,0.1463034880930611,0.2745422093859067,0.17395851027426806,0.18518560030927952,0.3300020921687584,0.2191924271575416,0.05977528155224758,0.24870936448166,0.20154162890783026,0.23741754436628282,0.1745128002184988,0.28999326832504413,0.4278133164187793,0.29922240819973117,0.379731784909779,0.22124112918831867,0.15955877970186075,0.15908168561993413,0.2258965005058918,0.13004437424041743,0.2863047271653861,0.2790387596110531,0.15365450053502372,0.25178147590926725,0.24646993375910514,0.2010908582981334,0.20998774973958495,0.31569421448648527,0.19201178815813733,0.29538463727728786,0.005168887043214723,0.30946770615669045,0.21618770108267668,0.3144657577344687
0.07100842029155507,0.16949273191872774,0.15800695086991523,0.26313493279456773,0.2600968453439852,0.2287523657656593,0.28789212414606113,0.2565749534659723,0.19748532744162878,0.2559849055760156,0.2550224124645786,0.2701667880501321,0.2542844664010359,0.36181138804711427,0.1463034880930611,0.6809451606342638,0.24777502472213286,0.29128599964479335,0.22255309919882887,0.2153892120451163,0.17601436412434354,0.21080855120615202,0.27138621590083767,0.22566976269202058,0.1747316790790596,0.2388149996479726,0.15391646558645583,0.20129697558334195,0.22175666950284273,0.21014600027947705,0.17682600711886495,0.18730899440606205,0.0269568672859137,0.2928853971515984,0.2777163253671102,0.22328457172001182,0.2531178293692903,0.11238501830865034,0.2323465658660668,0.18290400805922802,0.18944016609940745,0.18885275096249024,0.28470147006150137,0.23571092895452567,0.1955306587160726,-0.004943090690328179,0.2847044289927156,0.10896385284686003,0.47974296081283047
0.05301667194887021,0.2417044883290577,0.28525998682632975,0.2127810399388579,0.19441120990747507,0.26015200267420185,0.26133871849103424,0.28668406250359685,0.1891218816323534,0.2724449994327169,0.2980434348644533,0.25942273407158706,0.25964473745320577,0.26134397363127493,0.2745422093859067,0.24777502472213286,0.5720357214585857,0.23781768876016876,0.21136412780317557,0.3472039856902598,0.27856087511996624,0.29944388241586395,0.3012306609897869,0.23387709671073356,0.3508120954664026,0.2009808382076744,0.272778007686005,0.4355763657923398,0.24643735548933093,0.3339071723754491,0.2948143549157903,0.2192330223162859,0.2411337495880051,0.31469042335304664,0.19883427274357016,0.37417648242881524,0.3026371279259255,0.19075120317049327,0.39762213942253016,0.29644144652610366,0.26369817569536663,0.26899035484221523,0.3900338060597422,0.30812674240039306,0.33128186095877793,-0.025117481451460956,0.35087886807613844,0.16970125780525158,0.47841626609430515
0.11890336452667911,0.32147407779710807,0.3387253511467757,0.34826887152929054,0.2851180297165816,0.28263759335775207,0.32247154848117565,0.3924753670200741,0.2477394025662673,0.38248230691164864,0.33633662008950493,0.34945677585854884,0.3668645540715807,0.21785444345041446,0.17395851027426806,0.29128599964479335,0.23781768876016876,1.191805319745838,0.25306697988656757,0.23063659273164852,0.21161000493466017,0.23997450809025087,0.5696525190352814,0.39536652669129035,0.22463182903253306,0.3066845789503337,-0.3585627445025279,0.09136183191416232,0.4411756416176243,0.055740102429247526,0.12244414167593486,0.09916533544543396,-0.035293736051341805,0.5383760612755029,0.15946283456297822,0.08659015753150162,0.2962843256598105,0.10155059216387885,0.20911190160430806,0.16584129962195432,0.1995659710431914,0.20232374221330485,0.2654417402438886,0.15435416772375038,0.07213230905049287,0.03960428207146551,0.5718810588951628,0.04578358817960807,0.5241122254213382
0.09823912305458171,0.06177498699197974,0.032341870352522006,0.32383385668090503,0.5601368156420207,0.443064452643179,0.13974742956023084,0.3705386722924601,0.07013111999527248,0.30651805494306633,0.28846429683537633,0.2754751779581978,0.24793302380118612,0.18944476239841584,0.18518560030927952,0.22255309919882887,0.21136412780317557,0.25306697988656757,0.5794904886377575,0.20339939073360092,0.15312994096257426,0.2514124952115214,0.18498704831362034,0.18509050580981193,0.3464246455198375,0.2712914800036067,0.13881525469925685,0.044035533019862044,0.31478245674255384,0.11647474914359238,0.2146726359803819,0.31417204281812466,-0.015173803762573976,0.33226231237472603,-0.005233969045064922,0.30954638292401293,0.03938016604209758,0.13448651263121603,0.1758828466782096,0.16534194745826347,0.21048871553237525,0.14794295405767333,0.20410071365280075,0.16837113622161873,0.1370475147742843,0.10931945936739447,0.21276333555402382,-0.028152474746439882,0.024607461032376703
0.06061870813936582,0.3041607311565085,0.3953247018693151,0.21095428447261935,0.15446192413770143,0.30063550599868255,0.16681056337236777,0.3757525432591101,0.13148150756536992,0.25377451908236387,0.3514416976264715,0.26021753155573446,0.2900319506155181,0.2895347583070678,0.3300020921687584,0.2153892120451163,0.3472039856902598,0.23063659273164852,0.20339939073360092,1.450159835038269,0.3123185533843889,0.1523770372387911,0.2889993339210324,0.302498433296475,0.24388602090086556,0.16138774223360086,0.20097330141529435,0.22802537600765874,0.4154765942422953,0.7548654058709714,0.5016536088033675,0.6392903979482171,0.06596651174865747,0.44685493453999175,0.25923623555831166,0.5853456279721306,0.5084789379808635,0.6326425781591085,0.4510543351504941,0.4114888569793727,0.454016598616551,0.3469180361371019,0.5496388463099209,0.46990352456611073,0.4908488865381522,0.05205740778444447,0.488081428887254,0.32203947720010845,0.5713792043132417
0.059531998941256846,0.36009334514261077,0.3086660633588467,0.15658451950155816,0.12776363083480735,0.1919493044935803,0.19880919930337151,0.2030079349300935,0.18516186763062598,0.18921091112787852,0.2247663192813471,0.21434103801772322,0.19922975352721897,0.19314022369589767,0.2191924271575416,0.17601436412434354,0.27856087511996624,0.21161000493466017,0.15312994096257426,0.3123185533843889,0.5733768419604139,0.23989952962153657,0.22241826350835114,0.23282809503814572,0.1970832523400784,0.11539789126941931,0.2366263499279138,0.32644007695565697,0.13266680041466158,0.5287450774257527,0.37776070709811405,0.2904470362411272,0.407713910069904,0.17120401108737093,0.21664901007867438,0.5435418568435226,0.34305544960544404,0.21312728965568728,0.5185003871929822,0.4422477634898028,0.35387475623652637,0.46698669777248347,0.46917577699858604,0.33698327164557057,0.543836481305442,-0.14157019838952567,0.3853081454345679,0.3442036232688467,0.47666113113034153
0.0806045698612932,0.07219992758755907,0.3021758879990995,0.24088136516096698,0.2560489040939607,0.24662417888175817,0.26024752643798055,0.3032634004434299,0.24092317677277458,0.32318580793504165,0.28240303625653584,0.2454822379914953,0.4056852954000016,0.19182392114716065,0.05977528155224758,0.21080855120615202,0.29944388241586395,0.23997450809025087,0.2514124952115214,0.1523770372387911,0.23989952962153657,1.7600328849929425,0.6400591941888201,0.23508479098168267,-0.06682452212256612,0.1889975120677237,0.33535781764997086,0.10495587505014052,0.45928875190395624,0.29891469626734973,0.17998771739436947,0.6345339467448106,0.22002699890148963,0.47910409220132405,0.07037722888569656,0.49702095551047987,0.020249024378845595,0.19140194374300012,0.4188956141155852,0.22429129049634908,0.5864211603516382,0.21920760691819596,0.2665399889417266,0.48636272417304927,-0.18320430250178413,0.22289195091075442,0.36125321963262175,-0.6762082278883548,1.062701880176797
0.041549424363071547,-0.9217494359553917,0.21440733101208986,0.2995491305520111,0.25182392632150696,0.14969567174188259,0.3967468373486724,0.25227093243256893,0.2929437683168569,0.2860060669966648,0.30313255666809535,0.3110009540014443,0.2959552873750864,0.34346183877763975,0.24870936448166,0.27138621590083767,0.3012306609897869,0.5696525190352814,0.18498704831362034,0.2889993339210324,0.22241826350835114,0.6400591941888201,2.9186818392682614,0.37560702235063165,0.20516642413246736,0.12104773394804672,0.0761659288087885,0.2053270838920136,0.8641871789016433,0.6397172368429289,0.19856342898453472,-0.19278032549837132,0.17529761493890922,0.526044439142912,0.19840266080150082,0.28630463947830365,0.3489955062876623,0.0739393847238104,0.4152703960126081,0.4090018053726139,0.09384332764671642,0.20833762041687637,0.49002470433929596,0.5740029254342223,-0.3585509990579818,0.16852902706102715,0.7551738040747937,0.04556409314986619,1.2826057190494975
0.06285575026958651,0.059090184868357834,0.24369964947787853,0.23015531436899167,0.17370895445217444,0.2155324303351274,0.19751113839229956,0.22644523368348982,0.16086804412931266,0.2290895755089495,0.24618380744898344,0.22568309851114457,0.22119386309288216,0.22862346018279747,0.20154162890783026,0.22566976269202058,0.23387709671073356,0.39536652669129035,0.18509050580981193,0.302498433296475,0.23282809503814572,0.23508479098168267,0.37560702235063165,0.9000382657828409,0.2945070790703429,0.22136222728792407,-0.015932549537700846,0.1732081871462829,0.6543220819478491,0.469161981488432,0.11553560740553069,0.17559284413415208,0.0940267032370975,0.3064394256861751,0.13785869919018026,0.4368020651355296,0.3547243164490202,0.15153384898856145,0.2597695325168846,0.22831859618666167,0.05351908374572948,0.22567458528703344,0.3933778247255788,0.16995255689707123,0.3522949543124889,-0.11042322922127074,0.41573088966757227,0.21245875328312516,0.8235786634954789
0.14872275078140518,0.1190896705702417,-0.02918927975406847,0.2713930549857029,0.31979382376875093,0.3501288169709124,0.2585734165528844,0.2892470934146975,-0.04426690467587138,0.2573203540800059,0.2289462280078183,0.2885906173110075,0.17849470644338117,0.24872370772628594,0.23741754436628282,0.1747316790790596,0.3508120954664026,0.22463182903253306,0.3464246455198375,0.24388602090086556,0.1970832523400784,-0.06682452212256612,0.20516642413246736,0.2945070790703429,2.4599013970368913,0.39901713584356435,0.24389643741161438,0.19110759499622462,1.1012740413580577,0.35306540292926947,0.5950368102063919,0.23070799551000576,-0.1351278083109846,0.3442882490375552,0.2141859963917961,0.5840929345203888,0.21283204696273683,0.18498138621136512,0.23291359916999363,0.15478359312879258,0.15870571138353898,0.18894375679424685,0.39235400794322395,0.07755655854961294,0.6649928345644907,0.18889474862255748,0.36207892271355513,0.0447830776891994,-0.6507319084679547
0.0411067661089415,0.041829538591210386,0.22570069025911707,0.2753944021515855,0.28846170320759357,0.3070852409345133,0.24346347712657468,0.3814485568014761,0.16784601247252676,0.2954953347774863,0.29121862114135977,0.29878947004973017,0.23992174544401862,0.2303774613987206,0.1745128002184988,0.2388149996479726,0.2009808382076744,0.3066845789503337,0.2712914800036067,0.16138774223360086,0.11539789126941931,0.1889975120677237,0.12104773394804672,0.22136222728792407,0.39901713584356435,1.5769684028176991,0.4245414254742742,0.4111766608063292,0.3208798877256951,-0.2886188463536082,0.3197297036676901,0.3057512377423323,-0.23263743348528848,0.4716200681141275,0.03504873021426738,0.23138395510075435,0.02586320778017066,0.09934951788180087,-0.46649485007884467,0.0672114211029649,0.42072416509353205,0.14565935354466908,0.09380575803585084,0.1491740905769473,0.05711481951440604,0.09788913397577854,0.13656947392155547,0.07458907374655563,0.6495702335530928
0.06263362339594411,0.8177598758753178,0.4685625056997289,0.11620717191193564,0.1061969299073849,0.20565596832896568,0.260858828007074,0.33338054785207233,0.19344735559008053,0.34843383900190883,0.2570869396892969,0.2429537500979533,0.2502478749112451,0.16088679214009058,0.28999326832504413,0.15391646558645583,0.272778007686005,-0.3585627445025279,0.13881525469925685,0.20097330141529435,0.2366263499279138,0.33535781764997086,0.0761659288087885,-0.015932549537700846,0.24389643741161438,0.4245414254742742,2.419282965575491,0.6206519614086476,0.05016974949476836,0.47421334213804356,0.387757196390236,0.40667437880419227,0.3920583425316315,0.4198180444574484,0.165874846962472,0.7302168851818231,0.292607715641611,0.1591315494787932,0.37538464000085076,0.49220598891792317,0.2357352897558816,0.26101301177360114,0.598554333775832,0.5780383248726072,0.3112658443226399,0.039978939958571616,0.14588352391940718,0.4234604611059021,0.9995712312892718
-0.004504420294809456,0.48016466994689244,0.352513314539183,0.04178332927280197,0.010166367413134286,0.0908271477502519,0.14398876149389775,-0.017825623384459057,0.2837597184888992,0.1252987771255038,0.14101774221620086,-0.04733100624334519,0.12937595302516394,0.28452299546703536,0.4278133164187793,0.20129697558334195,0.4355763657923398,0.09136183191416232,0.044035533019862044,0.22802537600765874,0.32644007695565697,0.10495587505014052,0.2053270838920136,0.1732081871462829,0.19110759499622462,0.4111766608063292,0.6206519614086476,2.513856762153574,-0.11097921429824019,0.3065982860109916,0.36289369695211054,0.10985547207749789,0.7583206977301058,0.08071229803853805,0.07050592134167426,0.3609607837525668,0.5517683797645494,0.15931469687053157,0.2926900533999008,0.2984598484151798,0.3055173918572263,0.27037232824718194,0.4282794405202744,0.3761897833285754,0.5545775113802726,-0.33098670433505045,0.2711227472559253,0.5717174446894361,1.0412073317606487
0.13216308885662076,-0.07347033859705837,0.20881714727878997,0.35788319971588023,0.29506677417169963,0.33296486437663336,0.2018068638280963,0.31657141116703147,0.0632119875877541,0.315328074812359,0.2914774117219929,0.28294245550110814,0.26549770462736916,0.20417741986624086,0.29922240819973117,0.22175666950284273,0.24643735548933093,0.4411756416176243,0.31478245674255384,0.4154765942422953,0.13266680041466158,0.45928875190395624,0.8641871789016433,0.6543220819478491,1.1012740413580577,0.3208798877256951,0.05016974949476836,-0.11097921429824019,4.103867852217329,0.7570775823750069,0.08735778576585633,0.22354528484447692,-1.03219711134929,0.5961956924769414,-0.29144404615692465,0.5823396040778789,0.47445482242937986,0.016888827589649807,-0.010615373642757879,0.1552816356218378,-0.22868542888605436,0.1112099861543909,0.22650613265228237,-0.4301006951279959,0.3075443990645132,0.44919356762823015,0.867776172837901,-0.36614848245263587,1.4165900133538785
0.07595552884683433,0.31596843126347024,0.4381371017948023,0.08987052783134976,0.03152459165234499,0.16895132635041282,0.1937452359092477,0.25971400928376287,0.19324757023568323,0.22784355106106738,0.266528044885753,0.18508150614661717,0.26184251501731026,0.28913368146075324,0.379731784909779,0.21014600027947705,0.3339071723754491,0.055740102429247526,0.11647474914359238,0.7548654058709714,0.5287450774257527,0.29891469626734973,0.6397172368429289,0.469161981488432,0.35306540292926947,-0.2886188463536082,0.47421334213804356,0.3065982860109916,0.7570775823750069,3.1628508741774577,0.34517513851259035,0.49005351751949455,0.4705728769593121,0.062722015563793,0.6927403562023658,0.4980735680258434,1.0911480127096516,0.43019057062105626,1.2338293058528849,1.0453298455527362,0.7723939498971999,0.5295047369763948,1.1060142636852919,0.936729694755775,0.9476298237501041,-0.3622743718732423,1.3208870608141363,0.5497901977582734,1.6773990441271014
0.08859111097266353,0.2607246174748566,0.13486797826162708,0.17862463835239029,0.22339677310851858,0.22848242486677592,0.21443417543310084,0.20723152430599934,0.09834732291393537,0.1858396825412136,0.25803608135767725,0.2802992964679194,0.18454609156978968,0.2461772109747631,0.22124112918831867,0.17682600711886495,0.2948143549157903,0.12244414167593486,0.2146726359803819,0.5016536088033675,0.37776070709811405,0.17998771739436947,0.19856342898453472,0.11553560740553069,0.5950368102063919,0.3197297036676901,0.387757196390236,0.36289369695211054,0.08735778576585633,0.34517513851259035,1.6688899071365806,0.5067985049896853,0.08714131373550811,0.0826556426502405,0.04970611859995808,1.31269379425586,-0.05052073706895522,0.3897874558559945,0.36542712729591276,0.40073378304572066,0.24891138371345053,0.34469481244060657,0.4716263868596623,0.4684365260565923,0.6763744094510246,-0.17311740261688774,0.21425689730618158,0.2589842334821085,-0.48415380390983337
0.037908516419081655,0.41879098610685056,0.2927736661301588,0.24926659937131185,0.28763967407255076,0.35910150452305123,0.15868684020422694,0.30677017569682297,0.11334712165076902,0.28871486710395516,0.2738426469689015,0.29561103837857716,0.27112548279565274,0.13642367409389905,0.15955877970186075,0.18730899440606205,0.2192330223162859,0.09916533544543396,0.31417204281812466,0.6392903979482171,0.2904470362411272,0.6345339467448106,-0.19278032549837132,0.17559284413415208,0.23070799551000576,0.3057512377423323,0.40667437880419227,0.10985547207749789,0.22354528484447692,0.49005351751949455,0.5067985049896853,3.163218227511096,-0.10089244737463754,0.7720546632066413,0.23518893727310494,1.6422165426816564,-0.47584022507001017,0.4459096154670221,0.39562392295446985,0.24638738638141827,1.0168020361976369,0.32402641115413655,0.28075237429296407,0.3496384080135436,0.3985049765899438,0.01235811902003876,0.289168235675958,-0.1410820895911564,-0.044768438874465716
0.05196117689216823,0.3706734775698453,0.2927396641796175,-0.05530055532761456,-0.03250946335049173,-0.0020605880554576167,0.12748114887970274,0.03045521291043004,0.252031251783686,0.04297489323223661,0.10237547349341718,0.026156255448840777,0.1356955869827745,0.09509867319057795,0.15908168561993413,0.0269568672859137,0.2411337495880051,-0.035293736051341805,-0.015173803762573976,0.06596651174865747,0.407713910069904,0.22002699890148963,0.17529761493890922,0.0940267032370975,-0.1351278083109846,-0.23263743348528848,0.3920583425316315,0.7583206977301058,-1.03219711134929,0.4705728769593121,0.08714131373550811,-0.10089244737463754,3.000963862155284,-0.3498799730258577,0.28215044756191227,-0.21359377603219637,0.3132110846162965,0.17043190078916376,0.7491485503196028,0.5269105932174385,0.7086491980688759,0.33595862921532826,0.41664955805731996,0.47875149486124446,0.02863510422508021,-0.248197973000266,0.2391640266164034,0.7552769173419227,0.7538090449212704
-0.02276333481826537,0.2299667774752164,0.5379037638220983,0.46442677808977273,0.32339032488066843,0.41844844655813274,0.351624321048745,0.514427669762858,0.26433655680568324,0.5655962832517405,0.3610491020327374,0.3492147570960989,0.4205397361667233,0.19094980944878243,0.2258965005058918,0.2928853971515984,0.31469042335304664,0.5383760612755029,0.33226231237472603,0.44685493453999175,0.17120401108737093,0.47910409220132405,0.526044439142912,0.3064394256861751,0.3442882490375552,0.4716200681141275,0.4198180444574484,0.08071229803853805,0.5961956924769414,0.062722015563793,0.0826556426502405,0.7720546632066413,-0.3498799730258577,2.4941014037951574,0.14510938853079827,0.22692128738342968,0.3230097675177208,0.2119513836681014,0.3094068063807252,0.033048446304376776,0.6599677621632368,0.2236880028645459,0.6410745352668671,0.5717018483575084,0.49156955702640454,0.10286599062876414,0.5702085026129204,0.13883537932665183,1.2593470638699615
0.024384679396354754,0.27437475572280756,0.37673594494244905,-0.20180955446398,-0.12621093146432552,0.11095953600460226,0.1974963078023752,0.262463504228325,0.19278185142665977,0.14959090814289333,0.19496200969947436,0.17576393864944576,0.20104761335893415,0.24095423525579956,0.13004437424041743,0.2777163253671102,0.19883427274357016,0.15946283456297822,-0.005233969045064922,0.25923623555831166,0.21664901007867438,0.07037722888569656,0.19840266080150082,0.13785869919018026,0.2141859963917961,0.03504873021426738,0.165874846962472,0.07050592134167426,-0.29144404615692465,0.6927403562023658,0.04970611859995808,0.23518893727310494,0.28215044756191227,0.14510938853079827,3.245542918060806,-0.1889376412637582,0.519768666764703,0.0695100092847766,0.6036212681849181,-0.020657464853244004,0.6854355879196026,0.26488896034663734,0.42949949071111065,0.08735918363597105,0.4700347829017024,0.4599566217725106,0.3934801433299396,-0.02308183887231703,-1.074109833550627
0.06384585448520887,0.38374729813088826,0.3001185737434655,0.3120189170779612,0.32161951286714435,0.29903742746491724,0.29601059150840275,0.21329314687794568,0.11029644037631532,0.30067651981469956,0.3216383446522827,0.4655768805979368,0.2422807183231314,0.23478222250608632,0.2863047271653861,0.22328457172001182,0.37417648242881524,0.08659015753150162,0.30954638292401293,0.5853456279721306,0.5435418568435226,0.49702095551047987,0.28630463947830365,0.4368020651355296,0.5840929345203888,0.23138395510075435,0.7302168851818231,0.3609607837525668,0.5823396040778789,0.4980735680258434,1.31269379425586,1.6422165426816564,-0.21359377603219637,0.22692128738342968,-0.1889376412637582,4.158142246386705,-0.844860870196929,0.46558321383259,0.44699560162486945,0.7513459489062427,0.17360619381001996,0.5166274365430066,0.8226374537162758,0.37330227611585576,1.016727616801355,-0.29278729798253667,-0.0428861143577702,0.37144394985761103,-0.8299724244864471
0.046553280451927484,0.32420918479801364,0.39712470048670045,0.07836891736000755,0.0022235796948301165,0.11741350183579609,0.1430513442790107,0.22136096120910792,0.2528611808112804,0.18225164939999489,0.1681141273394843,0.01915631861589654,0.18356339293175056,0.29576585367846914,0.2790387596110531,0.2531178293692903,0.3026371279259255,0.2962843256598105,0.03938016604209758,0.5084789379808635,0.34305544960544404,0.020249024378845595,0.3489955062876623,0.3547243164490202,0.21283204696273683,0.02586320778017066,0.292607715641611,0.5517683797645494,0.47445482242937986,1.0911480127096516,-0.05052073706895522,-0.47584022507001017,0.3132110846162965,0.3230097675177208,0.519768666764703,-0.844860870196929,4.108530414651624,0.3304428002084058,0.3534823539066914,-0.15682891667624319,0.2352884602715911,0.3978411207082692,0.7722297677403278,0.28917102037823866,1.3195065721411974,0.2935250752426365,0.9735899486723992,0.7794885083698232,2.516748832133145
0.057734299818771054,0.18778842483240485,0.12112219869872215,0.12195802433735262,0.11482790237097494,0.17047693954226883,0.09357904073727631,0.18512794888590184,0.060161407574393526,0.1349268033323259,0.1795482387975094,0.1407320049941853,0.1513355544670105,0.14555246726434906,0.15365450053502372,0.11238501830865034,0.19075120317049327,0.10155059216387885,0.13448651263121603,0.6326425781591085,0.21312728965568728,0.19140194374300012,0.0739393847238104,0.15153384898856145,0.18498138621136512,0.09934951788180087,0.1591315494787932,0.15931469687053157,0.016888827589649807,0.43019057062105626,0.3897874558559945,0.4459096154670221,0.17043190078916376,0.2119513836681014,0.0695100092847766,0.46558321383259,0.3304428002084058,0.7622550199527787,0.19851145400094347,0.25204760719305597,0.32898755921211387,0.2263487038003858,0.3310050071189002,0.5159097320245956,0.2834737851805512,0.0949566715831365,0.2721573014838963,0.21529954993577297,0.04670246637116382
0.07589428303227522,0.45189838471864147,0.44615292962908787,0.16234825419383112,0.13394113097656643,0.24126517714236315,0.3124495100951176,0.316162493117939,0.27504205671934534,0.288363776175864,0.32603457258885365,0.2941717427550011,0.3161367541898973,0.2601597518754381,0.25178147590926725,0.2323465658660668,0.39762213942253016,0.20911190160430806,0.1758828466782096,0.4510543351504941,0.5185003871929822,0.4188956141155852,0.4152703960126081,0.2597695325168846,0.23291359916999363,-0.46649485007884467,0.37538464000085076,0.2926900533999008,-0.010615373642757879,1.2338293058528849,0.36542712729591276,0.39562392295446985,0.7491485503196028,0.3094068063807252,0.6036212681849181,0.44699560162486945,0.3534823539066914,0.19851145400094347,2.1896930754094077,1.0077254319068973,0.3186328269843311,0.4457565881521895,0.8561478050808385,0.6828285464918544,0.8224931738536315,-0.357623039451373,0.6189403453327872,0.36091714252736584,0.7525631667344834
0.06596673944101951,0.29319630227110904,0.3195898944052496,0.1849485270523052,0.15484773031522897,0.19483282697186463,0.23166527673677295,0.2575770778275255,0.18485622250446546,0.224758792745395,0.27288388759401533,0.2679805382735357,0.2354827798290677,0.21922319870771168,0.24646993375910514,0.18290400805922802,0.29644144652610366,0.16584129962195432,0.16534194745826347,0.4114888569793727,0.4422477634898028,0.22429129049634908,0.4090018053726139,0.22831859618666167,0.15478359312879258,0.0672114211029649,0.49220598891792317,0.2984598484151798,0.1552816356218378,1.0453298455527362,0.40073378304572066,0.24638738638141827,0.5269105932174385,0.033048446304376776,-0.020657464853244004,0.7513459489062427,-0.15682891667624319,0.25204760719305597,1.0077254319068973,2.184166801152674,0.0032329426555419948,0.42205705116868636,0.8023203198883985,0.5129671935060791,0.16004740342326465,-0.5172310922257167,0.5868313397860887,0.8756515283716226,1.9379679342290277
0.02912625759920159,0.2821952855022737,0.3729565987249478,0.14139957180141338,0.15384806738374487,0.26521389285833274,0.13163091277087247,0.3223658620424377,0.1690779177645626,0.26944342391062687,0.23794749613983227,0.1521639548845371,0.25761750856904025,0.15774387579901544,0.2010908582981334,0.18944016609940745,0.26369817569536663,0.1995659710431914,0.21048871553237525,0.454016598616551,0.35387475623652637,0.5864211603516382,0.09384332764671642,0.05351908374572948,0.15870571138353898,0.42072416509353205,0.2357352897558816,0.3055173918572263,-0.22868542888605436,0.7723939498971999,0.24891138371345053,1.0168020361976369,0.7086491980688759,0.6599677621632368,0.6854355879196026,0.17360619381001996,0.2352884602715911,0.32898755921211387,0.3186328269843311,0.0032329426555419948,3.695279210138236,0.39242512660604306,-0.2053352130094,0.5133832101997682,-0.28299068728728854,1.244276413422597,0.5612518409117894,-0.660775691416761,-0.5388321174995252
