0.8004670191040463,0.20924593587254292,0.0826280292960238,0.1112148561708597,0.12739832959677552,0.07898604136199582,0.07706388141043904,0.11863094340509006,0.0013350372598499793,0.11055787864969122,0.09477793648222224,0.09341005871524426,0.09533371493722008,0.059853279940391975,0.087749422419522,0.06726289388602948,0.05207566363744429,0.1127159767737058,0.09743464627442468,0.06477904985476778,0.06210976923858747,0.07876000571950251,0.04244715098969,0.06320733964172862,0.144531507523155,0.0366693909256758,0.06000442500348916,-0.0077685305393721356,0.12076709975759396,0.08227108373846945,0.08660107772018269,0.03781484032146228,0.053256000696883174,-0.022150752995410257,0.026579796434019476,0.06120224347230123,0.052607889249822994,0.06263358186103142,0.0821993788507209,0.07259326551021332,0.03447365985336241,0.047272625767840325,0.05853226046557412,0.053861006334215505,0.024630378534588007,0.03456250707861366,0.0919818693445391,-0.006687431331991207,0.006535065378913409
0.20924593587254292,3.2135513246478933,0.6168757104838899,-0.05713839393006167,0.024317445688206818,0.1709735955286669,0.26942336285056767,0.2733628190519623,0.30233631196793115,0.2887388477892564,0.226782474865932,0.19524701668451921,0.3390971480431907,0.05582918142155038,0.4681253764654771,0.17158183139831132,0.24106063592519889,0.31112071354614895,0.06182176250411645,0.2978121458389168,0.3499930726115874,0.06447883616328515,-0.8993133634823962,0.06222131686992765,0.1290147195356119,0.06104615829417765,0.781667301939757,0.4692766048073732,-0.03027080732448947,0.32262414496761016,0.2513062772228896,0.4247103582646245,0.3573365961825106,0.22833334501483854,0.27153786880492575,0.39382645118422593,0.32220970444765246,0.18965903979251011,0.4344895916377447,0.28439830164159713,0.26919248469605944,0.3149495990454144,0.35839313668081096,0.17860142504771367,0.5338468094665133,-0.11485969715057001,0.22907806934927447,0.32079770251106804,0.32240143860489867
0.0826280292960238,0.6168757104838899,2.4628632108433846,0.04605741267472768,-0.24470408469314753,0.2514123261794724,0.05431699415950699,0.45232185000259545,0.5698573663367054,0.39799489855837167,0.2142658024836652,0.09644989121366658,0.33569616779370975,0.1533724550170643,0.3590342559224507,0.17965088615036778,0.2975529072802462,0.3321008960911999,0.00826682387880789,0.39570345435842386,0.30249507054900193,0.2789510159165936,0.23813880982538593,0.251508135116452,-0.027878932734403693,0.22793884591825322,0.4342468540991371,0.3720795077855897,0.23027912261011,0.4516296075979483,0.1242437209171823,0.2689866227316831,0.28922292875549177,0.5248363031539206,0.4078833904603885,0.31287281420876434,0.4382428224627363,0.12768201958093148,0.4378796672769564,0.31096516008593295,0.3507770662786113,0.31396040667949077,0.448573453192551,0.3254360410839003,0.33247881524861284,-0.07004704554622036,0.4419614462239641,0.28099116127208384,1.0110861756776577
0.1112148561708597,-0.05713839393006167,0.04605741267472768,1.200512911311052,0.42501487626054063,0.2944713303362352,0.23768663627080802,0.3100789688569983,0.03615897190639496,0.33645195519867577,0.2882685265327431,0.34127892658612363,0.23548068592573038,0.2319938896506986,0.15553644411890316,0.25715011468558235,0.20871918292226468,0.3314368490467508,0.32365005248472567,0.21585796724399892,0.1510747950551469,0.22203395069648618,0.2887285153624022,0.23046954128425684,0.261532382354896,0.27241747206978134,0.10200231144017799,0.04009961669402245,0.344216043594892,0.0851364853543674,0.16851393075108662,0.2509949030025871,-0.06108940400344002,0.45981497691139134,-0.21328911340382473,0.29203859853284075,0.08113571522373571,0.1286124587428469,0.14878171410719337,0.17978928648647338,0.15264960585898693,0.14916082142776943,0.2293071238825609,0.21737764309823107,0.15233010425324078,-0.015538688674740014,0.25392672185241966,0.06091026829830999,0.42536278574240904
0.12739832959677552,0.024317445688206818,-0.24470408469314753,0.42501487626054063,0.8891225044321338,0.3392463522673813,0.18699400876158562,0.3551246307894142,0.03661097281231076,0.3005623468132704,0.2881835626435369,0.31004225581331174,0.2587743256881492,0.21898133365244102,0.16652337031793585,0.2575557596269487,0.1913429168785472,0.2752042857199447,0.5561093807482975,0.1653864924213162,0.12656286948034073,0.23547167417375015,0.237887435035133,0.17224015053405053,0.30584526636133225,0.2788018365097448,0.09264116931559314,0.009028138711405344,0.2759471574730421,0.032975321061467264,0.21338413274164403,0.2861293706028005,-0.0411248727854623,0.32157311501768465,-0.1363101851098674,0.29878762181828766,0.015465418744500331,0.12413354900624456,0.12473435480137264,0.15381642219855216,0.16724837507538218,0.12752120492304053,0.17148321252233958,0.17459953912097206,0.09763628625037529,0.06511972108168233,0.18725494020097663,-0.014805772662632643,0.10798856306304835
0.07898604136199582,0.1709735955286669,0.2514123261794724,0.2944713303362352,0.3392463522673813,0.6102069794441838,0.1403571795524072,0.41298414638235376,0.15947676353208184,0.331520115873999,0.32505638554295385,0.30052820645935285,0.28733608044344894,0.23013331680545798,0.24720902574766948,0.22920117845515028,0.26141428427630736,0.2725703514716785,0.4368821309322795,0.3145891179576867,0.19173517584096875,0.22743242875410663,0.14713516626793816,0.21665268751327077,0.34517072720578207,0.3033641831610562,0.1916699244080113,0.0934552513528734,0.33258138471088655,0.17928069413990774,0.22103901679914056,0.3550523692576293,-0.011067488364981119,0.4124176651090685,0.11144208174434486,0.2905798608575874,0.13732577217841957,0.18251601518194827,0.23461435853913698,0.19706780847169839,0.274542717897511,0.19336577242470313,0.2688335710116922,0.22244613577244673,0.24212718654239213,0.08064604913245041,0.2708839777169309,0.04069544254899118,0.16120679130075427
0.07706388141043904,0.26942336285056767,0.05431699415950699,0.23768663627080802,0.18699400876158562,0.1403571795524072,0.7453649097296754,0.15305524691876768,0.2882772345496526,0.23127810501291152,0.2639572497454948,0.4125355754243646,0.26393940866599297,0.3663427486768159,0.06910434497078076,0.27748913246556756,0.25913745435448926,0.2803981215408846,0.13611303318489912,0.1789776736832677,0.19683692600844016,0.20935055248804904,0.3691593661218918,0.1902709537103202,0.27538576580331486,0.20936023818383293,0.2261396717635138,0.1639047095661482,0.20155869798986883,0.21213277745517517,0.21311919214187358,0.15183039745613017,0.12781583613731234,0.31977949100288466,0.19289249945352094,0.29974407901223543,0.17741275699638534,0.10711843268180578,0.2887607784788644,0.21816076618192504,0.13500311809756027,0.1887909998070648,0.30413392556531144,0.2776353170301661,0.2082473618620024,-0.08546637721601343,0.23177336325330125,0.17856395547635773,0.600082668540374
0.11863094340509006,0.2733628190519623,0.45232185000259545,0.3100789688569983,0.3551246307894142,0.41298414638235376,0.15305524691876768,0.891606589247436,0.07835770324675412,0.45188386044723006,0.4013927337358049,0.24711782860920842,0.38074959227421756,0.26990704574623914,0.29424437949727583,0.2625432080343649,0.2881101854571208,0.37545697450469356,0.36122851157870683,0.39420394918183055,0.19489482294407187,0.2702175164089072,0.2506122385706346,0.22824038496575477,0.27412458717930427,0.3751817973212524,0.2986144446227565,-0.02481447588252052,0.32217569789224065,0.27492462448624966,0.1877597712061646,0.2916087169105019,0.01297114909739226,0.5083402398131132,0.2748168576613777,0.20702719697389757,0.2665356785231701,0.20148749928922327,0.30282478235036064,0.2545231849143612,0.32461723631276823,0.2126454952445149,0.34753407286668453,0.3077452432858337,0.21551923295920264,0.09165679740012785,0.401026825038177,0.07815418054868666,0.42018315413921875
0.0013350372598499793,0.30233631196793115,0.5698573663367054,0.03615897190639496,0.03661097281231076,0.15947676353208184,0.2882772345496526,0.07835770324675412,0.6685252988920941,0.13929526281974075,0.08607638337552134,0.13104132423618586,0.1934772420179914,0.25476804710633416,0.07255308362132631,0.19334238252487154,0.18623869749376398,0.2236976112381996,0.06940245852227823,0.11923571813459165,0.175990076257454,0.21136892932901175,0.2814648281889367,0.15654646072149467,-0.027247327804976233,0.16282794511104412,0.18700471606029265,0.2854049760246314,0.07046474048928601,0.1912053536826965,0.09197388256256324,0.1093507089849463,0.24548741114441835,0.2637998841327336,0.1888954215935438,0.11923335795777015,0.2660556923392307,0.0598674932194821,0.25493120155861976,0.16962814614805807,0.16032518218195435,0.1651255115828648,0.2446463646622013,0.23812966458227158,0.13336451539198618,-0.11445416105005142,0.221828046876722,0.2018890211839808,0.884767454469083
0.11055787864969122,0.2887388477892564,0.39799489855837167,0.33645195519867577,0.3005623468132704,0.331520115873999,0.23127810501291152,0.45188386044723006,0.13929526281974075,0.6975478084631087,0.34660086411054053,0.2900917848097219,0.3710960413468495,0.21831869776250465,0.2638434680649867,0.25821014128569986,0.27576174591575525,0.3765454329522093,0.29758750867355105,0.2711811254625575,0.1908750205073757,0.3038639861668389,0.29727385079122304,0.2324953185092566,0.2479770155855076,0.2847620401913791,0.3174957391771481,0.14674409710721528,0.324679884453327,0.25113387161581524,0.1702328307678281,0.27456381290808907,0.040698999281978634,0.5615292780221116,0.1601503691556037,0.2776038753495046,0.2380693519642073,0.1471260115159292,0.27673113078079437,0.2182394130085416,0.28399456705864284,0.19922584535971932,0.32851694317921654,0.2961939497966709,0.18226583254671477,0.0601970111586539,0.3819548887601472,0.0794684032744595,0.5025516696720701
0.09477793648222224,0.226782474865932,0.2142658024836652,0.2882685265327431,0.2881835626435369,0.32505638554295385,0.2639572497454948,0.4013927337358049,0.08607638337552134,0.34660086411054053,0.5808786499713742,0.4076888190966133,0.3680770539714372,0.24987407144815982,0.2972330883437621,0.263399469656838,0.30312224911216545,0.3383282398879193,0.28651839680520425,0.37334565303037165,0.22825890641923938,0.2694983065796283,0.31472313142829705,0.24860824547545432,0.23344006461905695,0.294161254768499,0.24015748274425308,0.15254421495733167,0.31132377351337864,0.29073752134425696,0.2572548295246241,0.2707789004439632,0.09147297298910684,0.34145420838531637,0.21363189135589186,0.3194267668924093,0.2004100170377777,0.1950929614447008,0.32680258375211096,0.28164855205646805,0.2435001359205881,0.22799634964909418,0.32551278647256926,0.2919114098401225,0.19589983349952808,0.0381717408762057,0.34669958554040675,0.10907839149007215,0.3914269678431872
0.09341005871524426,0.19524701668451921,0.09644989121366658,0.34127892658612363,0.31004225581331174,0.30052820645935285,0.4125355754243646,0.24711782860920842,0.13104132423618586,0.2900917848097219,0.4076888190966133,0.7812458938563573,0.33211778835727235,0.2907971615366817,0.1646915105866262,0.2572208794233797,0.2611046746842824,0.3506782306284836,0.2789751400533219,0.28556700071773133,0.2224308058859681,0.24273418193779367,0.33002824440573303,0.2267258917550093,0.2927745445678706,0.30234556171826765,0.22623195178622496,-0.05947183116975474,0.29844968115708714,0.21255802928359901,0.277912906293154,0.29427839845699527,0.02001709249981286,0.3407132579604853,0.19410746300458145,0.4641921117354426,0.04839442309057114,0.1592386021845266,0.3019273912489148,0.28137134102661543,0.1711584926801883,0.2204670742516048,0.31155182116807295,0.2586844049209433,0.2045557731549608,0.005902669936329311,0.27421661136388586,0.10335574994124383,0.2588398766793285
0.09533371493722008,0.3390971480431907,0.33569616779370975,0.23548068592573038,0.2587743256881492,0.28733608044344894,0.26393940866599297,0.38074959227421756,0.1934772420179914,0.3710960413468495,0.3680770539714372,0.33211778835727235,0.6843579606866144,0.2211941033807674,0.16750894716118936,0.25412211495320153,0.2680862972459166,0.3776770007560289,0.25204204109660433,0.3207229942005137,0.20841585030672716,0.40273804942628666,0.3188804752444936,0.23055068894098735,0.19120081250226664,0.2444266989280007,0.23497713727681657,0.13157461864569348,0.3004456773118725,0.2916441828191894,0.19209864152840928,0.28042493183282036,0.12321648763614426,0.41321170064731677,0.2150328273861946,0.26072485635738685,0.21203473690595803,0.1716124274810891,0.3199999047808863,0.2472989097802444,0.265565110401095,0.21055416741977565,0.3140314670456706,0.3575466727515971,0.06442843345179922,0.07162976248453566,0.36612063127066413,0.04557070736502071,0.5701385673380402
0.059853279940391975,0.05582918142155038,0.1533724550170643,0.2319938896506986,0.21898133365244102,0.23013331680545798,0.3663427486768159,0.26990704574623914,0.25476804710633416,0.21831869776250465,0.24987407144815982,0.2907971615366817,0.2211941033807674,0.8193526561730499,0.11882398033168626,0.3422469314050117,0.262760630546637,0.2581297635905725,0.20747799990959234,0.32404696150485957,0.20682999973282032,0.22142836963666687,0.3774202471261283,0.2370434263149629,0.26026869797386043,0.2465183572011053,0.15944218422964174,0.2636375060195007,0.2401982180546247,0.312181173615988,0.25806475867482126,0.1672788044788012,0.09021475861401983,0.22528594788056602,0.2499160400040514,0.25558806478671503,0.31422900828790457,0.1686728403044651,0.28267764118057315,0.2375096955928879,0.1873588570153662,0.2048331268860882,0.3168808431638457,0.3082260375809523,0.22552772252874237,-0.10514589442614718,0.3301844421337762,0.1965725276344843,0.8152203828447678
0.087749422419522,0.4681253764654771,0.3590342559224507,0.15553644411890316,0.16652337031793585,0.24720902574766948,0.06910434497078076,0.29424437949727583,0.07255308362132631,0.2638434680649867,0.2972330883437621,0.1646915105866262,0.16750894716118936,0.11882398033168626,0.7369003712473565,0.15269449185880557,0.27873555022366014,0.22463102544170635,0.19238741903832024,0.3355493842154966,0.2295097898986731,0.10313596338529477,0.2844875794712834,0.20807161595841883,0.23965203238124988,0.20939833919411716,0.31966248044996376,0.41300896664877323,0.31834788227161326,0.3777843423516935,0.22613891231142075,0.18163867108659099,0.15547210558624272,0.26659249712494826,0.14935611913524618,0.2888886303746502,0.2746307980691107,0.16163988605110344,0.27860434677608054,0.26558148537069526,0.2203431801253304,0.21991729852944825,0.32765832322781624,0.2257106648594318,0.28560685542612874,0.008140158554229334,0.33609477164417734,0.1972804627590195,0.34013722321158735
0.06726289388602948,0.17158183139831132,0.17965088615036778,0.25715011468558235,0.2575557596269487,0.22920117845515028,0.27748913246556756,0.2625432080343649,0.19334238252487154,0.25821014128569986,0.263399469656838,0.2572208794233797,0.25412211495320153,0.3422469314050117,0.15269449185880557,0.7309182107166345,0.27127450080865495,0.36122232942127097,0.22635885178002205,0.24535694855596815,0.19012169043116728,0.2243121891590152,0.306995128105492,0.23597519295852515,0.17456327913204997,0.2499050660138307,0.11078808663742122,0.2276533603672005,0.25998794668368447,0.2343444472592508,0.17892828568730745,0.1953456754829557,0.02294702540640302,0.3126090895642792,0.3023694369902556,0.224782303045217,0.307029110200214,0.1316402197987467,0.25302943333232336,0.1966857125909499,0.2149142477056916,0.2046875229812558,0.3100740581754915,0.24962611966521758,0.2494086263760581,-0.019839512036237628,0.33352247874571295,0.10907600997253195,0.503554266747254
0.05207566363744429,0.24106063592519889,0.2975529072802462,0.20871918292226468,0.1913429168785472,0.26141428427630736,0.25913745435448926,0.2881101854571208,0.18623869749376398,0.27576174591575525,0.30312224911216545,0.2611046746842824,0.2680862972459166,0.262760630546637,0.27873555022366014,0.27127450080865495,0.578864283188001,0.26770626724446916,0.21104407072352527,0.36094441154079976,0.28093289165131646,0.3026838825725189,0.3104374490145785,0.2353005626921702,0.35539681475870954,0.2184477012507112,0.2727929177263542,0.4565071154140061,0.28566002161919835,0.34072517369519856,0.2957924955673286,0.23953135308710455,0.23132087908544535,0.3262709943306217,0.2140466777471504,0.3800939021913268,0.3247245493711779,0.20187089090916827,0.3980338382421022,0.29696275700447766,0.2621866778337436,0.2722862775175738,0.3954163826843741,0.31862483503610545,0.36271656523564794,-0.04492528499739126,0.37109258541594564,0.17312769203099426,0.5087588483032827
0.1127159767737058,0.31112071354614895,0.3321008960911999,0.3314368490467508,0.2752042857199447,0.2725703514716785,0.2803981215408846,0.37545697450469356,0.2236976112381996,0.3765454329522093,0.3383282398879193,0.3506782306284836,0.3776770007560289,0.2581297635905725,0.22463102544170635,0.36122232942127097,0.26770626724446916,1.2379940213364566,0.24427558626510285,0.2714192846608165,0.22063119202876452,0.23873284178695753,0.600647697915891,0.40685041383976583,0.22228203812891698,0.3227340485123413,-0.38817200050984196,0.15286053677858974,0.4812512244773153,0.0858981283683954,0.13278472894968668,0.09843503383054553,-0.042599184377682786,0.5267437885688095,0.19674972486161582,0.09917631874437513,0.34230533714297834,0.11899249242855342,0.21630686011550665,0.17568443508026607,0.20303945790409603,0.217838358814728,0.2899333996826734,0.1607626774119941,0.11383930277766617,0.02131409895840409,0.6111779413903682,0.05316167367295383,0.5490060115093792
0.09743464627442468,0.06182176250411645,0.00826682387880789,0.32365005248472567,0.5561093807482975,0.4368821309322795,0.13611303318489912,0.36122851157870683,0.06940245852227823,0.29758750867355105,0.28651839680520425,0.2789751400533219,0.25204204109660433,0.20747799990959234,0.19238741903832024,0.22635885178002205,0.21104407072352527,0.24427558626510285,0.5700671805109658,0.2048373971842874,0.15073738241051143,0.2376824099641219,0.18051640475146177,0.1847336756349609,0.33697514806163403,0.27138748670601853,0.13993160057995815,0.049612422086815676,0.3050732639296957,0.11335891394256682,0.20426901966596522,0.30696880358953443,-0.02455208287172376,0.3294657134004321,-0.008536263513354491,0.2889995067740244,0.04680820627387296,0.13804066490599906,0.1650800382949083,0.16301513171129892,0.2150626147574093,0.14939972016289962,0.19859616822390297,0.17187148959930865,0.15126095482456922,0.09121139710110746,0.21020912034973455,-0.019110099861848775,0.049531107886744564
0.06477904985476778,0.2978121458389168,0.39570345435842386,0.21585796724399892,0.1653864924213162,0.3145891179576867,0.1789776736832677,0.39420394918183055,0.11923571813459165,0.2711811254625575,0.37334565303037165,0.28556700071773133,0.3207229942005137,0.32404696150485957,0.3355493842154966,0.24535694855596815,0.36094441154079976,0.2714192846608165,0.2048373971842874,1.5007659871077852,0.3235557743359749,0.14873288900291456,0.2765339920626705,0.2970107848339433,0.2115294253442683,0.19094466342874103,0.18651833589205494,0.22345312440287807,0.40338395294102286,0.7995639300235702,0.4950563005866894,0.6325054393051285,0.06386407771929749,0.4507906374202644,0.29313586488676774,0.601821464931842,0.5763150317758741,0.6747538506087472,0.512364966275337,0.4683121059727558,0.47711703265957384,0.37491530481547336,0.6351274739965969,0.5476492495406817,0.6160101666535267,0.0009231409569119529,0.520853389722738,0.3599524525879729,0.6103064264606949
0.06210976923858747,0.3499930726115874,0.30249507054900193,0.1510747950551469,0.12656286948034073,0.19173517584096875,0.19683692600844016,0.19489482294407187,0.175990076257454,0.1908750205073757,0.22825890641923938,0.2224308058859681,0.20841585030672716,0.20682999973282032,0.2295097898986731,0.19012169043116728,0.28093289165131646,0.22063119202876452,0.15073738241051143,0.3235557743359749,0.5575825848709602,0.2355909416576209,0.22446203083035712,0.2352330191619096,0.21306490176091195,0.15430425721451257,0.2378152162485925,0.3532210008694207,0.20716031307840221,0.5176927958682136,0.3801942924509784,0.3497495384137182,0.3927076378083628,0.17859360150169895,0.23621008393745113,0.5810941062620321,0.3294965862777294,0.2218161715223278,0.4877140227595189,0.41528078003703867,0.32369295972771955,0.4560056056189626,0.45807974766915216,0.325858629452743,0.573421171985033,-0.17163960172057252,0.3871648033660484,0.3406361542724958,0.4842858264519045
0.07876000571950251,0.06447883616328515,0.2789510159165936,0.22203395069648618,0.23547167417375015,0.22743242875410663,0.20935055248804904,0.2702175164089072,0.21136892932901175,0.3038639861668389,0.2694983065796283,0.24273418193779367,0.40273804942628666,0.22142836963666687,0.10313596338529477,0.2243121891590152,0.3026838825725189,0.23873284178695753,0.2376824099641219,0.14873288900291456,0.2355909416576209,1.7226694939963634,0.5976928694628678,0.23172636059164814,-0.07174384098815206,0.17287145805291804,0.3443790005962718,0.1514057175505275,0.47638128522094314,0.2709542445330594,0.1772471807372435,0.6404809622624308,0.19721068375315642,0.44963160507579797,0.07855833208857392,0.47734930172371787,0.0237923455184994,0.18296598989985138,0.37556969978291854,0.18862188308221517,0.5266266734219522,0.2061326487874755,0.2087645629488909,0.4544760185630241,-0.22283758837702294,0.21676471709325598,0.350030319545982,-0.6552358270176271,1.0980881367754003
0.04244715098969,-0.8993133634823962,0.23813880982538593,0.2887285153624022,0.237887435035133,0.14713516626793816,0.3691593661218918,0.2506122385706346,0.2814648281889367,0.29727385079122304,0.31472313142829705,0.33002824440573303,0.3188804752444936,0.3774202471261283,0.2844875794712834,0.306995128105492,0.3104374490145785,0.600647697915891,0.18051640475146177,0.2765339920626705,0.22446203083035712,0.5976928694628678,2.822557294069997,0.35102515832250286,0.1770848200597488,0.10424427406733282,0.12100139473608416,0.23787867597663875,0.7933783467668074,0.5984549787479904,0.1983237830828173,-0.19437308470088893,0.18453905847597016,0.5225118814487171,0.23601980532427047,0.25281670066319467,0.3552766579973357,0.07131275820839904,0.425686756620859,0.40461246134411355,0.0844237847172992,0.20513945963423047,0.4749090117386542,0.5929874654130716,-0.3556082054485998,0.15298658111892172,0.7435592795970208,0.06481376989242887,1.249947507253089
0.06320733964172862,0.06222131686992765,0.251508135116452,0.23046954128425684,0.17224015053405053,0.21665268751327077,0.1902709537103202,0.22824038496575477,0.15654646072149467,0.2324953185092566,0.24860824547545432,0.2267258917550093,0.23055068894098735,0.2370434263149629,0.20807161595841883,0.23597519295852515,0.2353005626921702,0.40685041383976583,0.1847336756349609,0.2970107848339433,0.2352330191619096,0.23172636059164814,0.35102515832250286,0.8920813348344651,0.28915773933802646,0.22132452343095063,0.010404397273481381,0.19196719786060393,0.6535681454463271,0.46777009942383957,0.12609821402386923,0.17515924044562786,0.09870240836319208,0.30567288117473573,0.12002417999700087,0.40868453674622857,0.34219286832576185,0.14699930307389827,0.25650535117229095,0.2308468616747519,0.05406543529173704,0.22474228225096304,0.3773203891347731,0.18474478686041232,0.33280058851261396,-0.12197552408727237,0.42015271641601687,0.21454544127228492,0.8589314957750427
0.144531507523155,0.1290147195356119,-0.027878932734403693,0.261532382354896,0.30584526636133225,0.34517072720578207,0.27538576580331486,0.27412458717930427,-0.027247327804976233,0.2479770155855076,0.23344006461905695,0.2927745445678706,0.19120081250226664,0.26026869797386043,0.23965203238124988,0.17456327913204997,0.35539681475870954,0.22228203812891698,0.33697514806163403,0.2115294253442683,0.21306490176091195,-0.07174384098815206,0.1770848200597488,0.28915773933802646,2.4680790164464077,0.3758575110994711,0.33015515475806495,0.23338264326382457,1.0345173765720268,0.3173061073004978,0.5966169640661445,0.19365796050135575,-0.11921971792571091,0.3531406723055144,0.21381831694453535,0.5219384179368108,0.20013316320766888,0.17085157679781837,0.23085338556252835,0.15055502771594245,0.17853108587486002,0.19250897501294448,0.36165151792763756,0.0862172004717012,0.6063225892622487,0.2032331241195748,0.34440461501644126,0.03472390890702073,-0.6678097238855771
0.0366693909256758,0.06104615829417765,0.22793884591825322,0.27241747206978134,0.2788018365097448,0.3033641831610562,0.20936023818383293,0.3751817973212524,0.16282794511104412,0.2847620401913791,0.294161254768499,0.30234556171826765,0.2444266989280007,0.2465183572011053,0.20939833919411716,0.2499050660138307,0.2184477012507112,0.3227340485123413,0.27138748670601853,0.19094466342874103,0.15430425721451257,0.17287145805291804,0.10424427406733282,0.22132452343095063,0.3758575110994711,1.5261941397781438,0.42663106771541415,0.42461608366489606,0.1862511087829727,-0.26178962581086374,0.32456187551734783,0.2675107140537816,-0.20226197084914743,0.4730572492642119,0.04927134117703558,0.2015809742260328,0.07724548353074809,0.1305279596393,-0.40296130275803305,0.11715876003482732,0.506601727268513,0.18009204880186572,0.16763568789586253,0.22258024440895535,0.15831085137273565,0.06920681200468187,0.15097370333708005,0.10554330743847647,0.5920002644093958
0.06000442500348916,0.781667301939757,0.4342468540991371,0.10200231144017799,0.09264116931559314,0.1916699244080113,0.2261396717635138,0.2986144446227565,0.18700471606029265,0.3174957391771481,0.24015748274425308,0.22623195178622496,0.23497713727681657,0.15944218422964174,0.31966248044996376,0.11078808663742122,0.2727929177263542,-0.38817200050984196,0.13993160057995815,0.18651833589205494,0.2378152162485925,0.3443790005962718,0.12100139473608416,0.010404397273481381,0.33015515475806495,0.42663106771541415,2.4682488083707823,0.6924895142957181,0.15479719411970522,0.46249070466614295,0.4195853290131567,0.4126947552087262,0.3783392621309173,0.3911681479761115,0.0786495143340075,0.71006852048374,0.2315944201985874,0.1472223616446539,0.3015972243571277,0.4618472065503807,0.2191748279378049,0.24073676866986735,0.51611975734234,0.5425977993946387,0.21656997474017642,0.04631107005402224,0.13672502531142575,0.3820287154726832,1.0276455206086128
-0.0077685305393721356,0.4692766048073732,0.3720795077855897,0.04009961669402245,0.009028138711405344,0.0934552513528734,0.1639047095661482,-0.02481447588252052,0.2854049760246314,0.14674409710721528,0.15254421495733167,-0.05947183116975474,0.13157461864569348,0.2636375060195007,0.41300896664877323,0.2276533603672005,0.4565071154140061,0.15286053677858974,0.049612422086815676,0.22345312440287807,0.3532210008694207,0.1514057175505275,0.23787867597663875,0.19196719786060393,0.23338264326382457,0.42461608366489606,0.6924895142957181,2.589932267852163,-0.08503773991313468,0.28752049794811785,0.3976722281967114,0.1424334052896456,0.7729039613005192,0.10828086947508445,0.0412086312654491,0.3478367885582054,0.5009699851668378,0.15630528455331544,0.3002646232452047,0.3095422718802365,0.3177556485605696,0.28155895453848095,0.4234006440751066,0.4086699770732953,0.49637092159458035,-0.32624361374261923,0.29203723996138076,0.5388122652992064,1.0385270554010435
0.12076709975759396,-0.03027080732448947,0.23027912261011,0.344216043594892,0.2759471574730421,0.33258138471088655,0.20155869798986883,0.32217569789224065,0.07046474048928601,0.324679884453327,0.31132377351337864,0.29844968115708714,0.3004456773118725,0.2401982180546247,0.31834788227161326,0.25998794668368447,0.28566002161919835,0.4812512244773153,0.3050732639296957,0.40338395294102286,0.20716031307840221,0.47638128522094314,0.7933783467668074,0.6535681454463271,1.0345173765720268,0.1862511087829727,0.15479719411970522,-0.08503773991313468,3.750266479862871,0.705536522945185,0.08703158454149987,0.0771843392085623,-0.9420554341756814,0.5974446058416554,-0.17567202293878323,0.4823931610663829,0.538797399391307,0.02566159253208464,0.152093296646914,0.26803986485243203,-0.09892168795689514,0.1719860463609507,0.2472880574195139,-0.38044033405919453,0.1410363878381279,0.5987482629051025,0.84454120558569,-0.3905234212239791,1.2120665346614508
0.08227108373846945,0.32262414496761016,0.4516296075979483,0.0851364853543674,0.032975321061467264,0.17928069413990774,0.21213277745517517,0.27492462448624966,0.1912053536826965,0.25113387161581524,0.29073752134425696,0.21255802928359901,0.2916441828191894,0.312181173615988,0.3777843423516935,0.2343444472592508,0.34072517369519856,0.0858981283683954,0.11335891394256682,0.7995639300235702,0.5176927958682136,0.2709542445330594,0.5984549787479904,0.46777009942383957,0.3173061073004978,-0.26178962581086374,0.46249070466614295,0.28752049794811785,0.705536522945185,3.1556218871044184,0.3282784884825114,0.5194076760880549,0.454836591583166,0.08710863593216542,0.7914876509560872,0.5479277739538517,1.1996450954378481,0.49125479703367253,1.2903422425324524,1.075659801903951,0.7910379911135459,0.5413464870648796,1.1804639516166113,1.0266290774623548,1.144328917914351,-0.42810362564281984,1.325402702566203,0.599848970292268,1.6593829189284082
0.08660107772018269,0.2513062772228896,0.1242437209171823,0.16851393075108662,0.21338413274164403,0.22103901679914056,0.21311919214187358,0.1877597712061646,0.09197388256256324,0.1702328307678281,0.2572548295246241,0.277912906293154,0.19209864152840928,0.25806475867482126,0.22613891231142075,0.17892828568730745,0.2957924955673286,0.13278472894968668,0.20426901966596522,0.4950563005866894,0.3801942924509784,0.1772471807372435,0.1983237830828173,0.12609821402386923,0.5966169640661445,0.32456187551734783,0.4195853290131567,0.3976722281967114,0.08703158454149987,0.3282784884825114,1.6786586347377312,0.49104656812625297,0.06724701218808075,0.08243449840908823,0.04138661478401445,1.2769656846111856,-0.0448280391489092,0.3819564304662622,0.31712138098325626,0.3534315560280959,0.2294511018964785,0.34148996874717175,0.42079376027851545,0.470826019796496,0.652529373473096,-0.17882805820218284,0.21694882109654415,0.262362115851847,-0.44594653754740937
0.03781484032146228,0.4247103582646245,0.2689866227316831,0.2509949030025871,0.2861293706028005,0.3550523692576293,0.15183039745613017,0.2916087169105019,0.1093507089849463,0.27456381290808907,0.2707789004439632,0.29427839845699527,0.28042493183282036,0.1672788044788012,0.18163867108659099,0.1953456754829557,0.23953135308710455,0.09843503383054553,0.30696880358953443,0.6325054393051285,0.3497495384137182,0.6404809622624308,-0.19437308470088893,0.17515924044562786,0.19365796050135575,0.2675107140537816,0.4126947552087262,0.1424334052896456,0.0771843392085623,0.5194076760880549,0.49104656812625297,3.052370343994551,-0.06014427795073664,0.730621502367223,0.16164711180516247,1.5243254780418036,-0.5016483258342733,0.44388782380947944,0.43809167124164533,0.31955359899505265,1.0915076233569827,0.37617179751591306,0.3269265665985971,0.40995275315607216,0.36019519502103214,0.011178491258512295,0.2980485014890962,-0.1379853985413844,-0.04357500294464875
0.053256000696883174,0.3573365961825106,0.28922292875549177,-0.06108940400344002,-0.0411248727854623,-0.011067488364981119,0.12781583613731234,0.01297114909739226,0.24548741114441835,0.040698999281978634,0.09147297298910684,0.02001709249981286,0.12321648763614426,0.09021475861401983,0.15547210558624272,0.02294702540640302,0.23132087908544535,-0.042599184377682786,-0.02455208287172376,0.06386407771929749,0.3927076378083628,0.19721068375315642,0.18453905847597016,0.09870240836319208,-0.11921971792571091,-0.20226197084914743,0.3783392621309173,0.7729039613005192,-0.9420554341756814,0.454836591583166,0.06724701218808075,-0.06014427795073664,2.9556241481812204,-0.333884244799424,0.2876798795097652,-0.17451573989027244,0.35675733901140927,0.17279739634587493,0.6888972359577935,0.469383350960875,0.5806103778173335,0.3189018812506443,0.4462344802541165,0.48577692259533445,0.13870444542441576,-0.32682141517097757,0.23420829897033696,0.8123280007827534,0.8648568959032439
-0.022150752995410257,0.22833334501483854,0.5248363031539206,0.45981497691139134,0.32157311501768465,0.4124176651090685,0.31977949100288466,0.5083402398131132,0.2637998841327336,0.5615292780221116,0.34145420838531637,0.3407132579604853,0.41321170064731677,0.22528594788056602,0.26659249712494826,0.3126090895642792,0.3262709943306217,0.5267437885688095,0.3294657134004321,0.4507906374202644,0.17859360150169895,0.44963160507579797,0.5225118814487171,0.30567288117473573,0.3531406723055144,0.4730572492642119,0.3911681479761115,0.10828086947508445,0.5974446058416554,0.08710863593216542,0.08243449840908823,0.730621502367223,-0.333884244799424,2.486918726887213,0.14030168681221364,0.21485965159039183,0.3722943850362364,0.21700732938646178,0.28488214334392786,0.006027228618245702,0.6767121035781068,0.23178171582451518,0.6551742424956915,0.5747603714238051,0.5642767464986523,0.0650098521065076,0.5755395141861315,0.15350404045657517,1.2616204014738936
0.026579796434019476,0.27153786880492575,0.4078833904603885,-0.21328911340382473,-0.1363101851098674,0.11144208174434486,0.19289249945352094,0.2748168576613777,0.1888954215935438,0.1601503691556037,0.21363189135589186,0.19410746300458145,0.2150328273861946,0.2499160400040514,0.14935611913524618,0.3023694369902556,0.2140466777471504,0.19674972486161582,-0.008536263513354491,0.29313586488676774,0.23621008393745113,0.07855833208857392,0.23601980532427047,0.12002417999700087,0.21381831694453535,0.04927134117703558,0.0786495143340075,0.0412086312654491,-0.17567202293878323,0.7914876509560872,0.04138661478401445,0.16164711180516247,0.2876798795097652,0.14030168681221364,3.3311115429355618,-0.13793071743101817,0.6766044031140738,0.09359033554288762,0.6369846256600046,-0.01362608602276609,0.6540579865796174,0.2895826797353685,0.48012446881546633,0.06508070872005996,0.5370637685476296,0.47684674646302705,0.4526946026433365,-0.01578151483011571,-1.0585317667551666
0.06120224347230123,0.39382645118422593,0.31287281420876434,0.29203859853284075,0.29878762181828766,0.2905798608575874,0.29974407901223543,0.20702719697389757,0.11923335795777015,0.2776038753495046,0.3194267668924093,0.4641921117354426,0.26072485635738685,0.25558806478671503,0.2888886303746502,0.224782303045217,0.3800939021913268,0.09917631874437513,0.2889995067740244,0.601821464931842,0.5810941062620321,0.47734930172371787,0.25281670066319467,0.40868453674622857,0.5219384179368108,0.2015809742260328,0.71006852048374,0.3478367885582054,0.4823931610663829,0.5479277739538517,1.2769656846111856,1.5243254780418036,-0.17451573989027244,0.21485965159039183,-0.13793071743101817,4.084180494798209,-0.700102889245031,0.498825881873544,0.5104631424876637,0.8038690411092321,0.22959439718430383,0.5575030995349389,0.8612923226437871,0.44576716523921195,1.09260859208771,-0.31372794878489085,-0.018235646491376125,0.4252395593160226,-0.7498826306093234
0.052607889249822994,0.32220970444765246,0.4382428224627363,0.08113571522373571,0.015465418744500331,0.13732577217841957,0.17741275699638534,0.2665356785231701,0.2660556923392307,0.2380693519642073,0.2004100170377777,0.04839442309057114,0.21203473690595803,0.31422900828790457,0.2746307980691107,0.307029110200214,0.3247245493711779,0.34230533714297834,0.04680820627387296,0.5763150317758741,0.3294965862777294,0.0237923455184994,0.3552766579973357,0.34219286832576185,0.20013316320766888,0.07724548353074809,0.2315944201985874,0.5009699851668378,0.538797399391307,1.1996450954378481,-0.0448280391489092,-0.5016483258342733,0.35675733901140927,0.3722943850362364,0.6766044031140738,-0.700102889245031,4.279609473066328,0.38474092806122245,0.4648430760133506,-0.10386416339021998,0.22104064181569524,0.4133411877660552,0.9856717677804266,0.37150746109876925,1.5769500570539023,0.2463426043003055,1.0223633614207852,0.827559446208719,2.476173848009776
0.06263358186103142,0.18965903979251011,0.12768201958093148,0.1286124587428469,0.12413354900624456,0.18251601518194827,0.10711843268180578,0.20148749928922327,0.0598674932194821,0.1471260115159292,0.1950929614447008,0.1592386021845266,0.1716124274810891,0.1686728403044651,0.16163988605110344,0.1316402197987467,0.20187089090916827,0.11899249242855342,0.13804066490599906,0.6747538506087472,0.2218161715223278,0.18296598989985138,0.07131275820839904,0.14699930307389827,0.17085157679781837,0.1305279596393,0.1472223616446539,0.15630528455331544,0.02566159253208464,0.49125479703367253,0.3819564304662622,0.44388782380947944,0.17279739634587493,0.21700732938646178,0.09359033554288762,0.498825881873544,0.38474092806122245,0.8000118469955789,0.25422467694041556,0.3092933420228872,0.3503274020627839,0.2502737669448311,0.4527920726009215,0.5881890847512858,0.4417697942687729,0.024324861696740023,0.3003897775741023,0.2518196881524954,0.07276958828542066
0.0821993788507209,0.4344895916377447,0.4378796672769564,0.14878171410719337,0.12473435480137264,0.23461435853913698,0.2887607784788644,0.30282478235036064,0.25493120155861976,0.27673113078079437,0.32680258375211096,0.3019273912489148,0.3199999047808863,0.28267764118057315,0.27860434677608054,0.25302943333232336,0.3980338382421022,0.21630686011550665,0.1650800382949083,0.512364966275337,0.4877140227595189,0.37556969978291854,0.425686756620859,0.25650535117229095,0.23085338556252835,-0.40296130275803305,0.3015972243571277,0.3002646232452047,0.152093296646914,1.2903422425324524,0.31712138098325626,0.43809167124164533,0.6888972359577935,0.28488214334392786,0.6369846256600046,0.5104631424876637,0.4648430760133506,0.25422467694041556,2.1965290582545385,1.0457099966546086,0.2612321974740135,0.43965399376238834,0.9336043341286578,0.7231832686688607,1.0452139714157485,-0.47278287046364326,0.6553376582320906,0.4331668475317914,0.913113687395631
0.07259326551021332,0.28439830164159713,0.31096516008593295,0.17978928648647338,0.15381642219855216,0.19706780847169839,0.21816076618192504,0.2545231849143612,0.16962814614805807,0.2182394130085416,0.28164855205646805,0.28137134102661543,0.2472989097802444,0.2375096955928879,0.26558148537069526,0.1966857125909499,0.29696275700447766,0.17568443508026607,0.16301513171129892,0.4683121059727558,0.41528078003703867,0.18862188308221517,0.40461246134411355,0.2308468616747519,0.15055502771594245,0.11715876003482732,0.4618472065503807,0.3095422718802365,0.26803986485243203,1.075659801903951,0.3534315560280959,0.31955359899505265,0.469383350960875,0.006027228618245702,-0.01362608602276609,0.8038690411092321,-0.10386416339021998,0.3092933420228872,1.0457099966546086,2.2683568639983016,-0.03409076274375358,0.41916440687617207,0.8898312490812444,0.5502042001649136,0.3201591434060881,-0.6190585720454326,0.6102218066798433,0.928958919452423,2.0759534769273524
0.03447365985336241,0.26919248469605944,0.3507770662786113,0.15264960585898693,0.16724837507538218,0.274542717897511,0.13500311809756027,0.32461723631276823,0.16032518218195435,0.28399456705864284,0.2435001359205881,0.1711584926801883,0.265565110401095,0.1873588570153662,0.2203431801253304,0.2149142477056916,0.2621866778337436,0.20303945790409603,0.2150626147574093,0.47711703265957384,0.32369295972771955,0.5266266734219522,0.0844237847172992,0.05406543529173704,0.17853108587486002,0.506601727268513,0.2191748279378049,0.3177556485605696,-0.09892168795689514,0.7910379911135459,0.2294511018964785,1.0915076233569827,0.5806103778173335,0.6767121035781068,0.6540579865796174,0.22959439718430383,0.22104064181569524,0.3503274020627839,0.2612321974740135,-0.03409076274375358,3.5041085823691587,0.37617331008832067,-0.014878563530849832,0.6046448167738382,0.034640790914030446,1.0336031331792974,0.5676049672050013,-0.5597929437068605,-0.4640732239535373
