1.0496487167158075,0.4461277021013842,0.21833602256370846,0.08537659668770571,0.191711988618231,0.11641390738255854,0.1954092233784999,0.16221880568148048,0.08175528716155116,0.1278623899371983,0.12135276899055922,0.13804693311208635,0.0991606217386564,0.15604749565972117,0.13491957400476057,0.15267378270311716,0.1498938228479365,0.12962347414104997,0.08153247223399147,0.10479547894762338,0.1381196682332251,0.1888197717764399,0.044572163151772815,0.01918725275035556,0.12317749357860457,0.08233146626306702,0.12775582676063632,0.15962884854791512,-0.01234321859195611,0.19319574132650794,0.1165778676069556,0.13936718191978578,0.13624689468682816,-0.11787598638549894,0.14147511194566725,0.09562253537216976,0.12421147214957518,0.1506631930821565,0.08726468031072673,0.04699851842363305,0.15356857771091284,0.09596973151780538,0.03954176420357997,0.1666758921723102,0.10561663326380717,0.06808426062771757,0.15260155922440602,0.0003360766064810125,0.052675266971469493
0.4461277021013842,2.8936051379525534,0.2976872694545638,-0.11314722824059639,0.0697527840893637,0.13930510556463696,0.15917856997164898,0.12185899746756154,0.13637182775372644,0.13801209101480957,0.14852735176426443,0.15160500518225997,0.0866684143546527,0.06269875721644386,0.26426067772558987,0.13683758609251315,0.1841273867566085,0.2020615832163475,0.007308636408035526,0.1322919419634319,0.29359748052657436,0.04697285362780074,-0.21742284737118484,-0.07507177947373363,0.13805614112060643,-0.15086305884387657,0.21530873525907634,0.18042723308203465,0.09987845516012368,0.256111273861193,0.1445583074232457,0.08422103630105585,0.07792793375674774,0.031141502189784363,0.21267527128488256,0.10957925067649348,0.18078865923962603,0.138543349055046,-0.03365161348045946,-0.018552392707586095,0.0844955570897972,0.10525990341098078,0.15097802841430824,0.05352738459126471,0.23672129090519303,0.06615681744307027,0.2139919844670426,0.004641209484595869,-0.2189913196696859
0.21833602256370846,0.2976872694545638,1.8492035239560758,0.20950399556642854,-0.11952012120094602,0.29534730843027324,0.13154923955563408,0.36256986566321786,0.3149151057973368,0.46899318998769157,0.2235930981707739,0.22758976730770608,0.17748937943506604,0.14668027811001827,0.2611918784009057,0.11415739966279556,0.287219078243638,0.28379167972819697,0.08886445823109289,0.254720714884376,0.2024371881125573,0.3399926824233581,0.31700390191400585,0.28625093971889015,0.29351670313573064,0.22164272976879548,0.1888930792510029,0.28186778399884077,0.377064715590564,0.14954768369132015,0.20415903600629973,0.1681332415498201,0.18789103497522178,0.3170506997295548,0.3219609052578524,0.25703147597036646,0.32705018097279026,0.1804801376887995,0.16178746633815655,-0.14883037781643527,0.2725177717565844,0.18115298686700756,0.19918062380365348,0.23806347934961852,0.2647266597865115,0.4180630512426883,0.2546026120353307,0.004885642604187669,0.08675251643060582
0.08537659668770571,-0.11314722824059639,0.20950399556642854,0.9636299875926825,0.2892518006123978,0.24214560566527604,0.2500975634858026,0.25099345569210013,0.1358384825240467,0.2137025970447416,0.20349803939815717,0.2597308988502043,0.1869000235124406,0.26866826186606585,0.194419438324205,0.2841824195953601,0.19691412100221306,0.2643455603392363,0.10220579340246685,0.13092191992523908,0.1410655901224752,0.3162963157266753,0.2949922412600944,0.2630360423076216,0.252279912750179,0.25300103841991656,0.17328068442258499,0.12031134197308271,0.27091297611654647,0.19248556799705704,0.19824562376471333,0.26432582978317726,0.15964679745037977,0.31012476800614214,0.020258092203157718,0.22268125422879895,0.1377689067633155,0.16972944538080628,0.29120885170006255,0.07887090256893542,0.272123583092114,0.16233952767994603,0.18200777710776245,0.33374685729527603,0.18303551939763207,0.036086638047642824,0.2546323695856541,0.003727618506456883,0.2931926759808607
0.191711988618231,0.0697527840893637,-0.11952012120094602,0.2892518006123978,0.8502859076183005,0.21102080688987707,0.21699837685423287,0.19802429167659444,0.07518482469213345,0.11453794656338058,0.16376273917483827,0.22414216856392322,0.16427991222502042,0.21998225143466166,0.17964962819242306,0.2814899198889218,0.13868549138049008,0.19282642095132949,0.2524751220954105,0.11668810481192397,0.0797259413669867,0.22673578913184403,0.18101858382521935,0.17284502205076677,0.19229463944494726,0.24199318052849567,0.1427695604609637,0.039826946840815614,0.1914867244109658,0.07388148748472832,0.17920549956360216,0.2261936599410121,0.06145613407723175,0.29860479997907946,-0.03776466022463394,0.19066873467488002,0.15885688221915678,0.16354775696811064,0.2614976863445157,0.1370049802674792,0.22393094654659643,0.16396893196071505,0.1316001342999421,0.15742257961136197,0.06115536306234882,0.09405457796063632,0.1739134910718914,0.013701204200899143,0.22487143297576706
0.11641390738255854,0.13930510556463696,0.29534730843027324,0.24214560566527604,0.21102080688987707,0.5915437966929978,0.08112675913969536,0.36070017426056095,0.16858085847680684,0.1343769077928689,0.21185574239239005,0.2231488344570859,0.1766750313427207,0.21282344568133751,0.2145096468724764,0.1884113542247555,0.222338242043802,0.21213228251113636,0.21546828471724522,0.18646107067904225,0.22520043861929812,0.2520266116371812,0.17792765870757643,0.2058471040627623,0.2497154776716322,0.17499954970071865,0.16525643125252415,0.15779848531911686,0.32508028030809105,0.22028874501563914,0.1710486155762014,0.21872433936671254,0.04056097904512657,0.2781361807913861,0.18248782406599026,0.1774443127608305,0.1817962112128932,0.1514140832800489,0.2237941994031545,0.05314482462948851,0.1798417083304391,0.1575770708150074,0.18704067822789716,0.2106183898257071,0.23159789995524938,0.10161122766813507,0.2345081660061577,0.009232862912868345,0.22366515220233085
0.1954092233784999,0.15917856997164898,0.13154923955563408,0.2500975634858026,0.21699837685423287,0.08112675913969536,0.5642162263000761,0.17923384769328354,0.19975136306642455,0.17427162291083553,0.19662486634591023,0.23333471567699518,0.16813658724988642,0.22519886437965467,0.15717279419224536,0.24966156693271999,0.20845312172990607,0.19959944627682402,0.0680300109951559,0.16433048980124781,0.1610109937760957,0.28403418370231226,0.25082056388505186,0.20888454562099118,0.20679467356813788,0.22960278486738692,0.17670022851913642,0.1693354701361219,0.16904371483245717,0.1895788384535724,0.16564366052528734,0.23373415552908522,0.15642101930866342,0.2461287244208906,0.16831333159526213,0.18578755138389091,0.1279576417251394,0.1173662004134964,0.2600631553253844,0.09828163605805576,0.2652432279498152,0.1564078372346969,0.16330870724091798,0.23956943254535254,0.19584513756270006,0.013739145632697338,0.1902401523228845,0.009741498720797808,0.36222060947297086
0.16221880568148048,0.12185899746756154,0.36256986566321786,0.25099345569210013,0.19802429167659444,0.36070017426056095,0.17923384769328354,0.6743121980376875,0.11300746684953365,0.20651740861724502,0.23161290106094423,0.12424364686992376,0.20797479367765465,0.17747235781854495,0.1595322838888884,0.15514157845871243,0.221774436148152,0.27472157080985793,0.15281816582526042,0.1653659005071561,0.2402875577742891,0.225254032198119,0.23494261086930762,0.1959353511095128,0.261931339925791,0.19620787308051257,0.1525905599541451,0.19938936120626446,0.274799440796652,0.2310955170475414,0.1848176714958177,0.18949324498410192,0.09008127937093344,0.28194772279696034,0.2529781748402284,0.16721929658995163,0.19120406190340752,0.1330319513542504,0.2836618779348751,0.062324123556198784,0.24596154491593583,0.1476111431340771,0.17827196357315211,0.2436118989266207,0.26423231600913866,0.08452586843432185,0.2642565473539284,0.014383223468593768,0.1773387867006589
0.08175528716155116,0.13637182775372644,0.3149151057973368,0.1358384825240467,0.07518482469213345,0.16858085847680684,0.19975136306642455,0.11300746684953365,0.5511113495269626,0.12378078377265987,0.1335500584834526,0.11132665180428461,0.11927189457764861,0.21510745831353262,0.19688908248396078,0.15184297988688367,0.17816120962019674,0.19762667975292175,-0.019550258066165126,0.10704538553446803,0.1340200550697195,0.25248450935538747,0.28187625511542935,0.26249950384312154,0.194848351793636,0.30267274727799864,0.1342993518858439,0.15995301331213232,0.2419585382715281,0.16044804198846802,0.16056640654750953,0.20887458320763458,0.12176340228454924,0.18671528292567205,0.17448257639546413,0.16079036570457142,0.18212770206935947,0.09288320001329634,0.16773638945260425,0.047405561843055465,0.23564191650213417,0.1397590397535201,0.14584325758431824,0.1393959193663991,0.1862664720707532,0.1234268183418713,0.18529584561945042,0.009652079568171795,0.3790645157746563
0.1278623899371983,0.13801209101480957,0.46899318998769157,0.2137025970447416,0.11453794656338058,0.1343769077928689,0.17427162291083553,0.20651740861724502,0.12378078377265987,0.8062959918388962,0.12082216882754893,0.2535235361604339,0.16657572814180416,0.1818834689452451,0.19247675431240008,0.212580370731367,0.2207823439384412,0.287598471636678,0.07249350595831285,0.19945413271298934,0.17640253622271532,0.24976585478778515,0.28905449360932134,0.2108490122150996,0.2432304553004027,0.23509257020968663,0.21286636107315185,0.21343321164274476,0.24089419607179885,0.2566894041014454,0.22083227584385293,0.2089799922077291,0.16916237032045184,0.36491726971098337,0.24223505780060126,0.21684924433372657,0.25036764536940526,0.17147395735776982,0.32274667303044796,0.11776079282651908,0.3902398768739133,0.17481534476673397,0.2442707863891628,0.25319775748060575,0.2834322662382078,0.16794091298573777,0.3519022959089673,0.022423226090844735,0.17963269372534077
0.12135276899055922,0.14852735176426443,0.2235930981707739,0.20349803939815717,0.16376273917483827,0.21185574239239005,0.19662486634591023,0.23161290106094423,0.1335500584834526,0.12082216882754893,0.5145755407677346,0.21771487577441256,0.22444838656777252,0.21676623443680562,0.3121472682100829,0.22848966875596077,0.25247027326716637,0.23226913813826142,0.0911670349912392,0.2291886075957165,0.16888888490096152,0.25709353858704903,0.2602831527091088,0.22259523215652446,0.2509586208546315,0.2618093895196683,0.1882294764349768,0.21130665090813272,0.2553923496862153,0.20063656145967917,0.18228928121533786,0.22329453722887846,0.12347690041459271,0.25708186701638835,0.24937967479484913,0.20310841807601573,0.17494321665460333,0.1197222770074207,0.263010841831288,0.11405484282685263,0.2740203149711834,0.1857970669636512,0.18025755398955187,0.13255586600173644,0.1521076767188604,0.18551275922628238,0.22585296885459685,0.014135798240502477,0.18371890068750862
0.13804693311208635,0.15160500518225997,0.22758976730770608,0.2597308988502043,0.22414216856392322,0.2231488344570859,0.23333471567699518,0.12424364686992376,0.11132665180428461,0.2535235361604339,0.21771487577441256,0.5870013001302244,0.15248719885129675,0.2729914930049892,0.22848801656380224,0.26233423719205656,0.20670812882638373,0.14390403508836141,0.13744081482190357,0.2291213672020468,0.1304032896136778,0.2581499909176791,0.1888568654648548,0.18561930673190868,0.26353258112381284,0.19824319327950626,0.24096217949220122,0.1738103731605845,0.22109912921385574,0.22466374678810902,0.16149709912255214,0.28304039405501535,0.12261037955772984,0.2954536460842568,0.23495872652370814,0.21655810561378283,0.09041209071718541,0.12384446786062094,0.24891090410078112,0.09701626955601542,0.24145092963070172,0.16621594131613246,0.18166183910570655,0.22078540471102734,0.1871426705317112,0.06342666595522004,0.2193449736562668,0.014740423024239667,0.3107662086537876
0.0991606217386564,0.0866684143546527,0.17748937943506604,0.1869000235124406,0.16427991222502042,0.1766750313427207,0.16813658724988642,0.20797479367765465,0.11927189457764861,0.16657572814180416,0.22444838656777252,0.15248719885129675,0.40572303184742786,0.17838736040872522,0.12689596207712536,0.16336120914278973,0.15291965213309144,0.18628743656301106,0.09559733618637771,0.11077107800811416,0.18609675626325495,0.18393923616937458,0.23509033635338583,0.19338054040139566,0.18792863130948909,0.22234494317576117,0.1426963875051527,0.13713709625742546,0.2173403877085669,0.1585026387949419,0.13982086002378297,0.19316554820984236,0.10045342267247838,0.22607353165012245,0.17067992606246346,0.14972936770947143,0.1166414793735859,0.08869660609292311,0.2570690736988489,0.09539608261008574,0.2290498451489184,0.12216469500383804,0.13170354794054617,0.17035716453982164,0.1197043384681643,0.11543282974715065,0.1817550563278988,0.013924480531477133,0.2010652692693235
0.15604749565972117,0.06269875721644386,0.14668027811001827,0.26866826186606585,0.21998225143466166,0.21282344568133751,0.22519886437965467,0.17747235781854495,0.21510745831353262,0.1818834689452451,0.21676623443680562,0.2729914930049892,0.17838736040872522,0.7243150639033216,0.3296346004808027,0.43828728226007974,0.2989867887026882,0.18093958143463285,0.1256286133010175,0.24357543979268922,0.07401366932278791,0.5901522591490305,0.29179402814644134,0.3507500984024496,0.319922138668569,0.4671580534991519,0.30090687337435834,0.27425670207204567,0.17128166724424915,0.3216524781696714,0.22062176308369805,0.5727719688850936,0.17812547491583025,0.3406045598149543,0.36949504031425895,0.3646900748345145,0.15028470134163618,0.17920299233262246,0.34221983529683975,0.141983656501931,0.4873108388836086,0.26893000498032105,0.20790083956058716,0.35886219261115754,0.21311183225956973,0.07398048747601256,0.2903191501448914,-0.01226881843006942,0.7722435151910194
0.13491957400476057,0.26426067772558987,0.2611918784009057,0.194419438324205,0.17964962819242306,0.2145096468724764,0.15717279419224536,0.1595322838888884,0.19688908248396078,0.19247675431240008,0.3121472682100829,0.22848801656380224,0.12689596207712536,0.3296346004808027,0.6753666713069081,0.263915409209773,0.27811676570718435,0.26401559906676775,0.11735073127881397,0.26561237069430826,0.11093772144890067,0.40698401725035743,0.2941143881507039,0.2970308238741983,0.3199836630688045,0.3313990368691958,0.23337520289370708,0.25089460457503815,0.3572540513514199,0.2785267785440279,0.21663409706421927,0.29677402577194417,0.16787489397148944,0.3127091872890696,0.2783737536921014,0.25830214341602226,0.24711241782935048,0.12339273964344673,0.30310421153965267,0.11497305511521588,0.3754159567602448,0.22730314742761584,0.21982096914051732,0.16897269870032441,0.1948914704292425,0.22814268570321877,0.27953746570055,0.003706780906882801,0.426017127084421
0.15267378270311716,0.13683758609251315,0.11415739966279556,0.2841824195953601,0.2814899198889218,0.1884113542247555,0.24966156693271999,0.15514157845871243,0.15184297988688367,0.212580370731367,0.22848966875596077,0.26233423719205656,0.16336120914278973,0.43828728226007974,0.263915409209773,0.8924292810266883,0.29085251332707984,0.16402858934479503,0.15564152703566467,0.22379121301259164,0.11511626716668316,0.43344952356298305,0.09781160045605242,0.2459125642877693,0.2927183298504672,0.31439944024034605,0.2962910185206782,0.2823764326768123,0.25347157834381867,0.37336029777444013,0.2206339923573215,0.4064420513250741,0.08413893505773473,0.3190511673883939,0.45325593922881796,0.34192070582881695,0.20263429570258656,0.1643761761840327,0.30780415631262065,0.20523803870324175,0.47453423048446225,0.29521162879477786,0.24410773282214848,0.2127813814175403,0.25178213809261585,0.14233787625908875,0.30868295703945203,-0.005670188442758751,0.41027717389662205
0.1498938228479365,0.1841273867566085,0.287219078243638,0.19691412100221306,0.13868549138049008,0.222338242043802,0.20845312172990607,0.221774436148152,0.17816120962019674,0.2207823439384412,0.25247027326716637,0.20670812882638373,0.15291965213309144,0.2989867887026882,0.27811676570718435,0.29085251332707984,0.5994982705507674,0.1897043898804795,0.12011601109024926,0.26143466944244415,0.11156528667261914,0.5616426510463839,0.28015986943971316,0.26030810550513417,0.27748533021662536,0.2311181142576744,0.242309054175274,0.46033544395332693,0.13104526053886803,0.3415218749306314,0.1968336173796675,0.2803612680609751,0.3278748364559042,0.21000964773103623,0.3628581405781481,0.27291079650105926,0.29101600635241476,0.22128401211769652,0.25188099181588636,0.09906451868332394,0.38281373807793717,0.3060048616865135,0.21934864444153426,0.2943822192728279,0.1592594306576176,0.20867077953840107,0.31378413879382705,-0.0006432930251249503,0.3850220794542088
0.12962347414104997,0.2020615832163475,0.28379167972819697,0.2643455603392363,0.19282642095132949,0.21213228251113636,0.19959944627682402,0.27472157080985793,0.19762667975292175,0.287598471636678,0.23226913813826142,0.14390403508836141,0.18628743656301106,0.18093958143463285,0.26401559906676775,0.16402858934479503,0.1897043898804795,0.7880150108083139,0.0701225169311897,-0.05825339827629184,0.2630877417918743,0.26805148612640506,0.6248266348042051,0.3256154248992296,0.3113459158131368,0.2940756084852552,0.10057511131436676,0.21740404612388634,0.41367746030645114,0.19643080947063535,0.24707656593203237,0.18605151765896227,0.2204180289739366,0.34105326955169907,0.17644469254479594,0.2043284039867877,0.20324336449967925,0.11333517620095523,0.37164807325047977,0.11991621437758952,0.32779118162199894,0.12356967253822787,0.24806968621955508,0.20139748296265989,0.3202411829364104,0.11864800045621327,0.45677190631306097,0.00369636210593331,0.17361943920216466
0.08153247223399147,0.007308636408035526,0.08886445823109289,0.10220579340246685,0.2524751220954105,0.21546828471724522,0.0680300109951559,0.15281816582526042,-0.019550258066165126,0.07249350595831285,0.0911670349912392,0.13744081482190357,0.09559733618637771,0.1256286133010175,0.11735073127881397,0.15564152703566467,0.12011601109024926,0.0701225169311897,0.6490242370849082,0.1309731599378773,0.11199444663350713,0.21490159050600618,-0.01697841780747645,0.08126101463470654,0.10484269436236944,-0.008257215599488416,0.09083622446575546,0.11982113330804943,0.07983881923387119,0.15696502748143143,0.11314522652632618,0.11624311981973404,0.12269139432336741,0.13267817262934178,0.04835609691200603,0.155321762358369,0.12507125725792553,0.16946047843108364,0.20491053026229458,0.045289140325715155,0.1445382958152378,0.10683082081608743,0.08903321448809458,0.17571768940598875,0.07818707763919189,0.11949992713558383,0.12954567679925014,0.002721819224275475,-0.04379614397386159
0.10479547894762338,0.1322919419634319,0.254720714884376,0.13092191992523908,0.11668810481192397,0.18646107067904225,0.16433048980124781,0.1653659005071561,0.10704538553446803,0.19945413271298934,0.2291886075957165,0.2291213672020468,0.11077107800811416,0.24357543979268922,0.26561237069430826,0.22379121301259164,0.26143466944244415,-0.05825339827629184,0.1309731599378773,1.9695092067107929,0.036742009526278825,0.17719019782627016,-0.07634269538653303,0.14831934378745248,0.22559751108945555,0.40005185859038306,0.47738510579217613,0.44354928271286503,0.002721873875719822,0.24765439478406487,0.26155902217969257,0.19973407175180707,0.4538468364664967,0.2662998465619373,0.3144916173173786,-0.0037829907943524436,0.5052037124244066,0.1226054351951792,0.6656819054148594,0.22121009829679075,0.35532765994436427,0.1811180823780695,0.5452006068500411,0.254602116772101,0.8151599128218585,-0.1819023243709409,0.16859310833069271,0.0904216939489869,0.83215305412801
0.1381196682332251,0.29359748052657436,0.2024371881125573,0.1410655901224752,0.0797259413669867,0.22520043861929812,0.1610109937760957,0.2402875577742891,0.1340200550697195,0.17640253622271532,0.16888888490096152,0.1304032896136778,0.18609675626325495,0.07401366932278791,0.11093772144890067,0.11511626716668316,0.11156528667261914,0.2630877417918743,0.11199444663350713,0.036742009526278825,1.849653572492526,-0.3990660648683144,0.005798025851627218,-0.21593518489809244,0.19659094881589004,-0.9436632985341952,0.010906557700015378,0.13565400511031117,0.3853646116937221,0.9215887761916338,0.14368242939254638,0.06263760541087376,-0.057110517654003365,0.2585860473169766,0.38308425628412063,-0.03118534719177667,0.45409715969543407,0.2430536030939117,-0.06818865322196144,-0.1976854778594389,0.0744256648019228,0.12377620104555209,0.3702510761963642,0.3307611081819607,1.1408698721558193,-0.32283826870137855,0.6503993232310258,0.049493182892286464,-0.9733631313371104
0.1888197717764399,0.04697285362780074,0.3399926824233581,0.3162963157266753,0.22673578913184403,0.2520266116371812,0.28403418370231226,0.225254032198119,0.25248450935538747,0.24976585478778515,0.25709353858704903,0.2581499909176791,0.18393923616937458,0.5901522591490305,0.40698401725035743,0.43344952356298305,0.5616426510463839,0.26805148612640506,0.21490159050600618,0.17719019782627016,-0.3990660648683144,2.4402377341019568,0.6466147394266996,0.5545584991424937,0.458806435586259,0.7533410114970338,0.435808893924439,0.4264750767311366,0.15015129394891458,0.25790178609692505,0.24560061329831506,0.610502672267341,0.5694013491426961,0.28991174282190957,0.24466884504428435,0.4697465608610391,0.2621258919885727,0.42739176988787136,0.5569992372329099,0.14578468102776115,0.5926515557203377,0.427665632121539,0.15855302968609228,0.892250368850869,-0.4014270956733023,0.43762855941626566,0.24440129919155726,-0.2005596804360623,2.4180306441047867
0.044572163151772815,-0.21742284737118484,0.31700390191400585,0.2949922412600944,0.18101858382521935,0.17792765870757643,0.25082056388505186,0.23494261086930762,0.28187625511542935,0.28905449360932134,0.2602831527091088,0.1888568654648548,0.23509033635338583,0.29179402814644134,0.2941143881507039,0.09781160045605242,0.28015986943971316,0.6248266348042051,-0.01697841780747645,-0.07634269538653303,0.005798025851627218,0.6466147394266996,2.2575604729561136,0.8158992951066266,0.5776776263495697,0.41816252380796304,0.08301177955031039,0.3287243869144953,1.0112517622954296,0.37075884601213616,0.0375663756607836,0.25567621532288626,0.4324820701339938,0.5193392698182924,0.24719972661798303,0.23310403633300303,0.38986540232016614,-0.112208109540497,0.766632870298111,0.09991541856307849,0.4210398381451222,0.1368351435174653,0.16311470955928078,0.30867368683834406,-0.14325369058133355,0.4204970970827636,0.5020551371309366,0.007679447935194177,1.0836766733220238
0.01918725275035556,-0.07507177947373363,0.28625093971889015,0.2630360423076216,0.17284502205076677,0.2058471040627623,0.20888454562099118,0.1959353511095128,0.26249950384312154,0.2108490122150996,0.22259523215652446,0.18561930673190868,0.19338054040139566,0.3507500984024496,0.2970308238741983,0.2459125642877693,0.26030810550513417,0.3256154248992296,0.08126101463470654,0.14831934378745248,-0.21593518489809244,0.5545584991424937,0.8158992951066266,1.3276496199168422,0.39692262486401186,0.4916533860410913,0.10631438707331134,0.24095083646806975,0.9038056436659716,0.4260397058448323,0.28413263107252723,0.3057384507820947,0.4196427017994905,0.23165771957371237,0.10312097519438934,0.5454733951839548,0.2847877232991746,0.10186591156117744,0.4783136768983793,0.13668754955819715,0.3726774587375605,0.22874045561225517,0.23335638429454053,0.15020708707347025,0.07018388747442021,0.30805747910895315,0.3583492925449505,0.007617308119221555,1.0150184355987772
0.12317749357860457,0.13805614112060643,0.29351670313573064,0.252279912750179,0.19229463944494726,0.2497154776716322,0.20679467356813788,0.261931339925791,0.194848351793636,0.2432304553004027,0.2509586208546315,0.26353258112381284,0.18792863130948909,0.319922138668569,0.3199836630688045,0.2927183298504672,0.27748533021662536,0.3113459158131368,0.10484269436236944,0.22559751108945555,0.19659094881589004,0.458806435586259,0.5776776263495697,0.39692262486401186,0.886376115663904,0.23411294628821117,0.23949956153227203,0.24583934150441003,0.9421227026268212,0.5026681402713365,0.25176736324854504,0.30470616825370717,0.17631022203318533,0.4716457260022125,0.2878746275538387,0.2990474765379104,0.3743364987328766,0.18393415593169454,0.4104002305903521,0.11107420562654026,0.4288817691156766,0.22843792283375017,0.3083629095782403,0.22498102702956477,0.2913348292129174,0.30814926379954893,0.4326537656485968,-0.006257883777652747,0.4016666914319957
0.08233146626306702,-0.15086305884387657,0.22164272976879548,0.25300103841991656,0.24199318052849567,0.17499954970071865,0.22960278486738692,0.19620787308051257,0.30267274727799864,0.23509257020968663,0.2618093895196683,0.19824319327950626,0.22234494317576117,0.4671580534991519,0.3313990368691958,0.31439944024034605,0.2311181142576744,0.2940756084852552,-0.008257215599488416,0.40005185859038306,-0.9436632985341952,0.7533410114970338,0.41816252380796304,0.4916533860410913,0.23411294628821117,2.644762432056645,0.41438362835957093,0.23374036742056165,-0.2929363243090388,-0.9179146875984849,0.3503177403452853,0.5175226119758365,0.1548123616952217,0.42251831613084156,0.2980034880400773,0.28821511104724695,-0.4373702771445211,-0.11566876935346573,0.7572567686186539,0.6690810916623633,0.8979731890285745,0.25666008700821114,0.02375290043676096,0.05751478118139325,0.13782316828548993,0.07972320401801232,-0.30436568100161976,0.007213685770213793,1.8857702786387534
0.12775582676063632,0.21530873525907634,0.1888930792510029,0.17328068442258499,0.1427695604609637,0.16525643125252415,0.17670022851913642,0.1525905599541451,0.1342993518858439,0.21286636107315185,0.1882294764349768,0.24096217949220122,0.1426963875051527,0.30090687337435834,0.23337520289370708,0.2962910185206782,0.242309054175274,0.10057511131436676,0.09083622446575546,0.47738510579217613,0.010906557700015378,0.435808893924439,0.08301177955031039,0.10631438707331134,0.23949956153227203,0.41438362835957093,0.9362752222865801,0.23818198416554665,0.01816406367754978,0.20249542989927857,0.23296420517603927,0.33072720835938074,0.2506332722966454,0.30797599585758334,0.2612675420988062,0.36671644153171973,0.15144406513897893,0.15631372793143006,0.3244016371788132,0.18949427802425098,0.36225238837100215,0.23201893121365483,0.4374423878995107,0.24699255442180365,0.3271151904587359,0.027739989775704733,0.16054720860404798,0.013355084662976264,0.6428188075922914
0.15962884854791512,0.18042723308203465,0.28186778399884077,0.12031134197308271,0.039826946840815614,0.15779848531911686,0.1693354701361219,0.19938936120626446,0.15995301331213232,0.21343321164274476,0.21130665090813272,0.1738103731605845,0.13713709625742546,0.27425670207204567,0.25089460457503815,0.2823764326768123,0.46033544395332693,0.21740404612388634,0.11982113330804943,0.44354928271286503,0.13565400511031117,0.4264750767311366,0.3287243869144953,0.24095083646806975,0.24583934150441003,0.23374036742056165,0.23818198416554665,1.5208997473653134,-0.1738182600428053,0.45084091945257626,0.1924476634385675,0.24296190959087535,0.9852219522562623,-0.035330878649550715,0.8640915034173402,0.21714819114707457,0.3031024564546283,0.08217528040515483,0.5179797422179385,0.12450139259110125,0.572020452840629,0.19659469858445572,0.033593729717566766,0.4496499225395698,0.3323649467806005,0.005393095490826925,0.3660552894315088,0.053603004217679655,0.3457454716097367
-0.01234321859195611,0.09987845516012368,0.377064715590564,0.27091297611654647,0.1914867244109658,0.32508028030809105,0.16904371483245717,0.274799440796652,0.2419585382715281,0.24089419607179885,0.2553923496862153,0.22109912921385574,0.2173403877085669,0.17128166724424915,0.3572540513514199,0.25347157834381867,0.13104526053886803,0.41367746030645114,0.07983881923387119,0.002721873875719822,0.3853646116937221,0.15015129394891458,1.0112517622954296,0.9038056436659716,0.9421227026268212,-0.2929363243090388,0.01816406367754978,-0.1738182600428053,4.494991025005372,0.8200241824871648,0.0007664921135100185,0.1778736608735689,-0.1809269845845224,0.8680180513608201,-0.23945310952194435,0.18779626027505714,0.7211621785842397,-0.3301363777397826,0.322021298834469,0.0619365504666194,0.19209195708467328,0.05102349198534279,0.11880904675903639,-1.0177585462615903,0.3243538312808765,0.8582047075437148,0.657679000503803,-0.012890270479019902,1.4230274249425348
0.19319574132650794,0.256111273861193,0.14954768369132015,0.19248556799705704,0.07388148748472832,0.22028874501563914,0.1895788384535724,0.2310955170475414,0.16044804198846802,0.2566894041014454,0.20063656145967917,0.22466374678810902,0.1585026387949419,0.3216524781696714,0.2785267785440279,0.37336029777444013,0.3415218749306314,0.19643080947063535,0.15696502748143143,0.24765439478406487,0.9215887761916338,0.25790178609692505,0.37075884601213616,0.4260397058448323,0.5026681402713365,-0.9179146875984849,0.20249542989927857,0.45084091945257626,0.8200241824871648,3.1311390077660777,0.27588448840969965,0.2854089530305385,0.22037174519260075,-0.04752017325294837,0.7505598706046662,0.2408274969405535,0.9224255179224162,0.5864895735142087,-0.02157318294700281,-0.10849711611911585,0.8253351938430433,0.40990538896873246,0.9222160064489463,1.0483193376142539,0.8555533913266828,0.08827212267578745,1.446560662000695,0.04316253717295647,-0.35295416671063096
0.1165778676069556,0.1445583074232457,0.20415903600629973,0.19824562376471333,0.17920549956360216,0.1710486155762014,0.16564366052528734,0.1848176714958177,0.16056640654750953,0.22083227584385293,0.18228928121533786,0.16149709912255214,0.13982086002378297,0.22062176308369805,0.21663409706421927,0.2206339923573215,0.1968336173796675,0.24707656593203237,0.11314522652632618,0.26155902217969257,0.14368242939254638,0.24560061329831506,0.0375663756607836,0.28413263107252723,0.25176736324854504,0.3503177403452853,0.23296420517603927,0.1924476634385675,0.0007664921135100185,0.27588448840969965,1.0200059151458385,0.25031259667160116,0.2741606044622671,0.17644609773235015,0.10548288464316645,0.6129725409370401,0.07876463030197359,0.40219375170245114,0.4833190660903808,0.23213585637322612,0.4642306191688,0.24464309530097222,0.3024094410254198,0.42085858821174227,0.504941824784667,0.02553100521087055,0.2881248643011284,0.008121793486845334,-0.2973147948960639
0.13936718191978578,0.08422103630105585,0.1681332415498201,0.26432582978317726,0.2261936599410121,0.21872433936671254,0.23373415552908522,0.18949324498410192,0.20887458320763458,0.2089799922077291,0.22329453722887846,0.28304039405501535,0.19316554820984236,0.5727719688850936,0.29677402577194417,0.4064420513250741,0.2803612680609751,0.18605151765896227,0.11624311981973404,0.19973407175180707,0.06263760541087376,0.610502672267341,0.25567621532288626,0.3057384507820947,0.30470616825370717,0.5175226119758365,0.33072720835938074,0.24296190959087535,0.1778736608735689,0.2854089530305385,0.25031259667160116,0.7941026326242083,0.1581467616836165,0.41588186504095853,0.3573673585622951,0.41282919166275295,0.06953504052565558,0.1948020840296804,0.38103665026555833,0.15172046753272841,0.5164040979056951,0.2684884912910449,0.1841605369498004,0.3810145909279922,0.2177316851317565,0.05955490510605994,0.27284152232039194,-0.02139465191993277,0.7317654142805541
0.13624689468682816,0.07792793375674774,0.18789103497522178,0.15964679745037977,0.06145613407723175,0.04056097904512657,0.15642101930866342,0.09008127937093344,0.12176340228454924,0.16916237032045184,0.12347690041459271,0.12261037955772984,0.10045342267247838,0.17812547491583025,0.16787489397148944,0.08413893505773473,0.3278748364559042,0.2204180289739366,0.12269139432336741,0.4538468364664967,-0.057110517654003365,0.5694013491426961,0.4324820701339938,0.4196427017994905,0.17631022203318533,0.1548123616952217,0.2506332722966454,0.9852219522562623,-0.1809269845845224,0.22037174519260075,0.2741606044622671,0.1581467616836165,2.5459287410945977,-0.3295615057730385,-0.20262064482613787,0.0729336464975838,0.11781196152237189,0.2459130497433244,0.6502176199970919,0.0454725117706166,0.36317353531022717,0.14885597957824265,0.06169763122299804,0.6962459441160391,0.2288582670051397,-0.2516226575244112,0.3600470421915113,0.10063077982877555,0.41045063306472906
-0.11787598638549894,0.031141502189784363,0.3170506997295548,0.31012476800614214,0.29860479997907946,0.2781361807913861,0.2461287244208906,0.28194772279696034,0.18671528292567205,0.36491726971098337,0.25708186701638835,0.2954536460842568,0.22607353165012245,0.3406045598149543,0.3127091872890696,0.3190511673883939,0.21000964773103623,0.34105326955169907,0.13267817262934178,0.2662998465619373,0.2585860473169766,0.28991174282190957,0.5193392698182924,0.23165771957371237,0.4716457260022125,0.42251831613084156,0.30797599585758334,-0.035330878649550715,0.8680180513608201,-0.04752017325294837,0.17644609773235015,0.41588186504095853,-0.3295615057730385,2.311638048377007,0.33339581898747717,0.16625653925552628,0.2002812134772569,0.0833818678566824,0.5333444529361495,-0.030119431752350375,0.5764190079150346,0.23383479538057392,0.6925806858108288,0.4300988861556083,0.4502516928749678,0.031891180560797684,0.3199572729836331,0.04317362393773675,0.7357003664801341
0.14147511194566725,0.21267527128488256,0.3219609052578524,0.020258092203157718,-0.03776466022463394,0.18248782406599026,0.16831333159526213,0.2529781748402284,0.17448257639546413,0.24223505780060126,0.24937967479484913,0.23495872652370814,0.17067992606246346,0.36949504031425895,0.2783737536921014,0.45325593922881796,0.3628581405781481,0.17644469254479594,0.04835609691200603,0.3144916173173786,0.38308425628412063,0.24466884504428435,0.24719972661798303,0.10312097519438934,0.2878746275538387,0.2980034880400773,0.2612675420988062,0.8640915034173402,-0.23945310952194435,0.7505598706046662,0.10548288464316645,0.3573673585622951,-0.20262064482613787,0.33339581898747717,2.4067706178312065,0.1726066312004342,0.2204463700016723,-0.15846138857376746,0.3312131825804689,0.12008148123134789,0.6452365018289795,0.2701866899369832,0.11127057437733909,0.37364362952173347,0.5706635189124231,0.1126772547455158,0.41503692190500885,0.03353136783811115,0.26752007890354446
0.09562253537216976,0.10957925067649348,0.25703147597036646,0.22268125422879895,0.19066873467488002,0.1774443127608305,0.18578755138389091,0.16721929658995163,0.16079036570457142,0.21684924433372657,0.20310841807601573,0.21655810561378283,0.14972936770947143,0.3646900748345145,0.25830214341602226,0.34192070582881695,0.27291079650105926,0.2043284039867877,0.155321762358369,-0.0037829907943524436,-0.03118534719177667,0.4697465608610391,0.23310403633300303,0.5454733951839548,0.2990474765379104,0.28821511104724695,0.36671644153171973,0.21714819114707457,0.18779626027505714,0.2408274969405535,0.6129725409370401,0.41282919166275295,0.0729336464975838,0.16625653925552628,0.1726066312004342,2.488580535535125,-0.4203578110588227,0.19622353212592364,0.3142913678230689,0.48675195533978344,0.6548354113921929,0.3760463999614059,0.0069987009894074996,-0.024286422908786007,0.010831493652383988,0.5001237794810743,0.15582448164826657,-0.11206763836734214,-1.068333506634096
0.12421147214957518,0.18078865923962603,0.32705018097279026,0.1377689067633155,0.15885688221915678,0.1817962112128932,0.1279576417251394,0.19120406190340752,0.18212770206935947,0.25036764536940526,0.17494321665460333,0.09041209071718541,0.1166414793735859,0.15028470134163618,0.24711241782935048,0.20263429570258656,0.29101600635241476,0.20324336449967925,0.12507125725792553,0.5052037124244066,0.45409715969543407,0.2621258919885727,0.38986540232016614,0.2847877232991746,0.3743364987328766,-0.4373702771445211,0.15144406513897893,0.3031024564546283,0.7211621785842397,0.9224255179224162,0.07876463030197359,0.06953504052565558,0.11781196152237189,0.2002812134772569,0.2204463700016723,-0.4203578110588227,3.3755818401809945,0.49716073435920066,-0.18500001919774145,-0.4021166180683713,0.30992388437885077,0.39114778456662647,0.613201168473964,-0.040631496471907474,0.24999690529287194,1.0173217989907322,0.8472412390981502,0.14673813629443058,0.7141552812163278
0.1506631930821565,0.138543349055046,0.1804801376887995,0.16972944538080628,0.16354775696811064,0.1514140832800489,0.1173662004134964,0.1330319513542504,0.09288320001329634,0.17147395735776982,0.1197222770074207,0.12384446786062094,0.08869660609292311,0.17920299233262246,0.12339273964344673,0.1643761761840327,0.22128401211769652,0.11333517620095523,0.16946047843108364,0.1226054351951792,0.2430536030939117,0.42739176988787136,-0.112208109540497,0.10186591156117744,0.18393415593169454,-0.11566876935346573,0.15631372793143006,0.08217528040515483,-0.3301363777397826,0.5864895735142087,0.40219375170245114,0.1948020840296804,0.2459130497433244,0.0833818678566824,-0.15846138857376746,0.19622353212592364,0.49716073435920066,1.9042155244644565,-0.41579924133661883,0.10679273275949776,0.24336402626937015,0.36627240249271803,0.822467859980643,0.5692498704283988,-0.023994540403970716,0.7860332951522795,0.45217377804255365,0.062200500007092895,-1.2208591817962806
0.08726468031072673,-0.03365161348045946,0.16178746633815655,0.29120885170006255,0.2614976863445157,0.2237941994031545,0.2600631553253844,0.2836618779348751,0.16773638945260425,0.32274667303044796,0.263010841831288,0.24891090410078112,0.2570690736988489,0.34221983529683975,0.30310421153965267,0.30780415631262065,0.25188099181588636,0.37164807325047977,0.20491053026229458,0.6656819054148594,-0.06818865322196144,0.5569992372329099,0.766632870298111,0.4783136768983793,0.4104002305903521,0.7572567686186539,0.3244016371788132,0.5179797422179385,0.322021298834469,-0.02157318294700281,0.4833190660903808,0.38103665026555833,0.6502176199970919,0.5333444529361495,0.3312131825804689,0.3142913678230689,-0.18500001919774145,-0.41579924133661883,4.073838243795531,1.1752747990186667,0.694762932173987,0.01509697654420706,-0.36209724421231193,0.8028560703293581,0.7852278812822074,-0.3519159834322887,0.1406970256111941,-0.03867619450023875,1.3359741411563628
0.04699851842363305,-0.018552392707586095,-0.14883037781643527,0.07887090256893542,0.1370049802674792,0.05314482462948851,0.09828163605805576,0.062324123556198784,0.047405561843055465,0.11776079282651908,0.11405484282685263,0.09701626955601542,0.09539608261008574,0.141983656501931,0.11497305511521588,0.20523803870324175,0.09906451868332394,0.11991621437758952,0.045289140325715155,0.22121009829679075,-0.1976854778594389,0.14578468102776115,0.09991541856307849,0.13668754955819715,0.11107420562654026,0.6690810916623633,0.18949427802425098,0.12450139259110125,0.0619365504666194,-0.10849711611911585,0.23213585637322612,0.15172046753272841,0.0454725117706166,-0.030119431752350375,0.12008148123134789,0.48675195533978344,-0.4021166180683713,0.10679273275949776,1.1752747990186667,2.0466928648906304,0.5244684766523554,0.20453579110900022,0.16921176546210515,-0.7049283475366577,0.123687350767366,0.718120796177161,0.07166866882566501,0.03619197563845877,-0.22494034972049248
0.15356857771091284,0.0844955570897972,0.2725177717565844,0.272123583092114,0.22393094654659643,0.1798417083304391,0.2652432279498152,0.24596154491593583,0.23564191650213417,0.3902398768739133,0.2740203149711834,0.24145092963070172,0.2290498451489184,0.4873108388836086,0.3754159567602448,0.47453423048446225,0.38281373807793717,0.32779118162199894,0.1445382958152378,0.35532765994436427,0.0744256648019228,0.5926515557203377,0.4210398381451222,0.3726774587375605,0.4288817691156766,0.8979731890285745,0.36225238837100215,0.572020452840629,0.19209195708467328,0.8253351938430433,0.4642306191688,0.5164040979056951,0.36317353531022717,0.5764190079150346,0.6452365018289795,0.6548354113921929,0.30992388437885077,0.24336402626937015,0.694762932173987,0.5244684766523554,2.7459553464833846,0.44113332092800206,-0.06974895673650144,0.6235273565732895,0.48894045103403927,0.5844070373249106,0.6555542180844227,0.03313942821897146,0.3617284270701929
