0.9261614748173183,0.15772695936974973,0.34601691635318266,0.058119203167560154,0.27420412548728756,0.08549604281192577,0.24526070824633978,0.10576978053586729,0.14702799009275075,0.2194546279097662,0.08511608314703006,0.178492681810225,0.03646300063675069,0.17313155160513316,0.14375019154231575,0.13354793180073657,0.10210208398878312,0.12372821819913749,0.022947873004973945,0.06883012773494145,0.0863109888946029,0.021495798160917644,-0.02647995661093985,0.010106585994352555,0.09188112791598183,0.18629528071868365,0.0710785225601565,0.22252200744455655,-0.017798610689908907,-0.0497870810559361,0.15140389599449294,0.11394397065378195,0.06754033667724837,-0.14033839459592115,0.014820043149383925,0.10343722003635791,-0.012125768495811182,0.06777544281888945,0.032671268259002156,0.029518148687359018,0.15914733472806405,0.08714887186390466,0.017263917416039224,0.05712796371455643,0.20759984284151578,0.16866164373221604,0.057453291128467844,0.01814375081499591,-0.03309008893561011,-0.06718965754166849,0.05509288648153084,0.16142091244487772,-0.12964089852485589,0.008846792592020548,-0.20396001800110033,0.07266062668466149,0.16905514264488727,0.3193181369053734,-0.5491473225094611
0.15772695936974973,1.2696979131707213,0.6425506429141614,0.13464512456702432,0.08201143717876289,0.28899493552514305,0.06172742199768032,0.28510490524429405,0.11311338004786609,0.21366410115428072,0.15457657493581645,0.12291941545301455,0.0768902871001554,0.1859841487333489,0.13148916770119362,0.10549626333533413,0.15990899067696857,0.28705992191813956,0.020437860006729383,0.3503168115610995,0.23412148965036975,0.08925294552611253,0.054951217097085475,0.01246218112556831,0.38134641299764593,0.3237811703036174,0.11344712864078718,0.29978545314658916,0.3040457975370237,-0.10225252334250513,0.21149344551773044,0.10504568603006442,0.12035829604636034,0.21590551717279302,0.0946099294795471,0.2566059383885943,0.11023771617124359,0.19520351303008265,0.39617553020681745,0.10463877554170306,0.2396100783694397,0.22174283272594306,0.2021153217659359,0.11630053905612882,0.6625684124406348,0.3232028577488364,0.15167274504702158,-0.013417700117879787,-0.4667706563331721,-0.23897626354697124,0.25731367950112444,0.23459799241572604,-0.17856668133743703,-0.07552369999740645,-0.32458222661192554,-0.21271874228019105,-0.345061052870395,0.3103520546832896,0.2065648568449973
0.34601691635318266,0.6425506429141614,1.5718590628512232,0.06048811785107863,-0.11315575576328961,0.09741503174045249,0.10689678018712845,0.21852424773723797,0.31622901306138257,0.2153116952226042,-0.02969918583889912,0.061415956585392374,0.01989182209462882,0.13723331445141304,0.12107526158841596,0.09283178725241367,0.20077144146008943,0.14818092898682145,0.03531021890089078,0.08294605917816765,0.16095308784040635,0.07185892199891472,-0.07225837567172341,0.051157397190246014,0.2818959952353206,0.21194642152829873,0.09939707717042154,0.3898614995633927,0.12852657022134706,-0.4873150725908283,0.26047654190310354,0.07407658911317987,0.06169518935409326,-0.005712589971392566,-0.14998166022956122,0.3676425934024361,-0.04454118120215906,0.07757382989767768,0.07745102763075981,-0.17655515375760303,0.3188934736059509,0.17195430975217543,-0.05804703221557407,0.077680586031484,0.5152210749903223,0.47370292738963393,-0.07757781096159475,-0.06708669314233885,-0.7485531559676998,-0.08118364591656947,0.17949742029128238,0.3743079425918856,-0.223433397748568,-0.2037692598315003,-0.1957742240879847,0.04343975958461581,0.09494495851973642,0.11150887569483629,-0.37737144013060037
0.058119203167560154,0.13464512456702432,0.06048811785107863,1.0890107788723782,0.518753731975328,0.4355380479982176,0.33148696290005586,0.20000654283612473,0.24221293937402416,0.20542480489820872,0.27449514674504655,0.3131603514352035,0.16332479191586013,0.30753489687791086,0.26691637568201343,0.2600361923286403,0.20113465123724453,0.2201874669853457,-0.02688244488092705,0.21084802714267128,0.20604860639246927,0.1547963880490392,0.21298958401878196,0.21266382366247494,0.27449805201182464,0.26462110458100546,0.13720634282807678,0.06395337479102971,0.315900256248995,0.005340906813900386,0.19421783900340506,0.15773755257677716,-0.019727064654901448,0.4395897836282151,0.25976539488517886,0.174952384154405,0.08083506204173015,0.0902017227769052,0.20685279457317088,0.16218097601026793,0.039119142465726627,0.1958729593352067,0.296529624438104,0.04590419703552178,0.2114177428834555,0.11014725552966106,0.16920065573912943,-0.00918736982972016,-0.10184221157885527,-0.22631417768393464,0.011129868564090388,0.1424403108363551,0.0017857448486548774,0.0713458228149175,0.21051747328587142,-0.038458532941674686,-0.2526972560744045,-0.08653379495927178,0.22195392323302682
0.27420412548728756,0.08201143717876289,-0.11315575576328961,0.518753731975328,1.1873145536303316,0.30522818220481895,0.17778861078729707,0.16798736372584114,0.1955771997144059,0.24232749243962398,0.27636061319546046,0.27322461006576565,0.1634279778369917,0.28401818852907545,0.34673533146902163,0.3262251440228761,0.15131320978804025,0.24534137578597467,0.020446433266715053,0.21830932342532242,0.19013895145086365,0.12341328747275003,0.22996720618671546,0.1906351243464612,0.18656027559601102,0.2737115180109437,0.09562481794607472,0.053341233190387645,0.2725451860836322,0.03573941279418518,0.2026708050319986,0.1995086114302648,-0.00769096686445043,0.46600499486313873,0.3285134656319766,0.154710193076677,0.11228592768624873,0.07118542967473936,0.1627342281020451,0.20144375244252072,0.03614306272553503,0.19303535660813165,0.22531186401664433,0.05448267037026696,0.22324050708856766,0.044634018914961965,0.1855420519964825,0.010821948850063268,-0.011897770161332602,-0.2130005760842793,0.040150428162646454,0.09367906808723495,-0.04400648607442712,0.19916825585829104,-0.008132354381941041,0.03504289224862611,-0.15150607256795723,0.04912837444997022,-0.05175098581895136
0.08549604281192577,0.28899493552514305,0.09741503174045249,0.4355380479982176,0.30522818220481895,0.9131996079812739,0.09096988030070803,0.3972775978086175,0.23068656495828974,0.32911473484161413,0.3573427019772781,0.316312981294867,0.1443241845953365,0.3496736209465973,0.2232627985711796,0.2297720595850932,0.26886972079401444,0.2693480925405539,0.1273750047617478,0.3358331474033673,0.21270638089987984,0.15948331153290568,0.1664136491268223,0.19014939470219547,0.35344590195576714,0.33975807945847436,0.17950051527347619,0.1483658830537385,0.39792537326824706,-0.0333847796119729,0.24662275026571456,0.1873693397153242,-0.033925714629200736,0.395081205086718,0.2972160043894653,0.1293444725654565,0.15335382085651436,0.17844885594056778,0.33041453003872734,0.20657815437964575,-0.04633082621531301,0.18962280827112754,0.3435847744218753,0.07748274139045513,0.309636208991081,0.1296389704033745,0.2060217740403357,0.0006312815283488465,0.056771397590521196,-0.1357470567995127,-0.041645861087740835,0.1313653493744643,-0.08321507114897071,0.11412153908589863,0.06634357693177524,-0.03966990363071959,-0.15477427448622588,0.10510044581463279,-0.026984186911760587
0.24526070824633978,0.06172742199768032,0.10689678018712845,0.33148696290005586,0.17778861078729707,0.09096988030070803,0.6760633353810869,0.01962062713987672,0.3330985314529448,0.1026237539597336,0.10671637887465342,0.2669325331682603,0.09613727967579852,0.0732706726461529,0.15329003942723063,0.1626277341510331,0.13837895604992262,0.11467270211765256,-0.07331186763138504,0.0031406728943682138,0.12300424309583953,0.10277655017715549,0.102981789926685,0.13429405439166803,0.1311997125842244,0.10729859415428612,0.14496557072375524,0.08407917416652423,0.09994662839910988,0.050267479435690474,0.13604516315987594,0.0974290272471002,0.055382097735959056,0.18659396985632468,0.1009236110731565,0.15093204533605695,0.043321239926864194,0.009105491496217828,-0.014362771967965659,0.036662769465773105,0.07806954688972009,0.1239414984387315,0.11852388215953373,0.03126704865413318,0.01316458337883415,0.13223536028181726,0.08222557200154133,-0.007263914208602483,0.020672442042892085,-0.13525837600300852,-0.03126994727839782,0.06243513197943386,0.0922977703426946,-0.04577041814296584,0.044024789329970185,0.07300419310279285,-0.03359135347038528,0.0009778168083272444,-0.10859992942494333
0.10576978053586729,0.28510490524429405,0.21852424773723797,0.20000654283612473,0.16798736372584114,0.3972775978086175,0.01962062713987672,0.6718100548946652,-0.002694134076075119,0.30543221978026175,0.35398339507578447,0.21082517600826836,0.15415719546682036,0.27951511486208147,0.1617567814365635,0.20856396447270875,0.28033057887129054,0.19559203183183058,0.1794296995075254,0.2975395317326501,0.14296482186898885,0.12856135597559587,0.09280757373350305,0.12411862927756541,0.2597109455324223,0.18619055464476258,0.1663804266944432,0.15039936084470182,0.2580013203917588,0.1290723046922722,0.16291734615734363,0.15507402710372134,0.07268606233423858,0.2836017311534601,0.14176513541723784,0.17114841253679608,0.21894133993820986,0.17265841876663984,0.26139588024938326,0.10798889064873868,0.1016123241347451,0.1314539284392516,0.27416137458312073,0.08738511765181042,0.2643471317736925,0.19223437783100225,0.23118088405357068,0.0005419891742901206,0.0006231326814320648,-0.047793667097716666,0.03312450520473196,-0.0017203474121600527,0.08644724024019278,0.0003103339253588552,-0.00031085785428617,-0.1360265033871419,-0.012795487097716066,0.19350373338610347,-0.0650776719454067
0.14702799009275075,0.11311338004786609,0.31622901306138257,0.24221293937402416,0.1955771997144059,0.23068656495828974,0.3330985314529448,-0.002694134076075119,0.7306342939890693,0.02378564112131388,-0.03322705597756716,0.11769980810670928,0.07193833422544414,0.15169205361474533,0.14733020512550762,0.11564675198971634,0.1341806385568781,0.061895926135657725,-0.1576223897448312,-0.012216101926980619,0.13208580879882312,0.03947606287993475,0.005222321776163109,0.1782196721935706,0.04066323292456177,0.2367308131160856,0.08278206322703455,0.14519160464929673,-0.0008473450276915304,-0.2046535503458574,0.22931172949318487,0.04246615131598568,0.028285461474486025,0.023116771726126868,0.10257790726663742,0.08273509165732652,-0.08481385299867304,-0.012205161078022267,-0.1160645706360823,0.034802372387861734,0.0013394298522878551,0.13995116022869813,0.03721717580795588,0.0011321293789423475,0.09032340269026128,0.12763869041873785,-0.02850187668029528,-0.016722944267338946,-0.23293874207346607,-0.20619447808995114,0.06587642081078,0.16468291291053178,-0.008971604772941852,0.016952662962963123,0.1476786502557617,0.1729628979996464,-0.15083434861211084,-0.16667206291606876,-0.028315312221161692
0.2194546279097662,0.21366410115428072,0.2153116952226042,0.20542480489820872,0.24232749243962398,0.32911473484161413,0.1026237539597336,0.30543221978026175,0.02378564112131388,1.0134678009513776,0.23142972362669081,0.32770310652799567,0.07146476839419727,0.21395470529533792,0.2630579562983862,0.16494851789661644,0.2542621905003126,0.3513648932768852,0.14514091669855098,0.09604103670296645,0.1354566850442437,0.18819742618040355,0.31762744566090395,0.18136419437774967,0.2391882622473266,0.10352631405832863,0.25543890793592366,0.1459459327409984,0.27295483071793497,0.2177504170737989,0.16453255003036177,0.13824580932600722,0.10459078046116248,0.4639585970077094,0.2625957383058398,0.2745492758058479,0.31894605373050844,0.05511460942292748,0.15162560495231495,0.0866168469990608,0.13763304620666894,0.12591664378769266,0.26267033337708223,0.14385614557863982,0.24484538729452676,0.24993257651583758,0.33255398855272195,-0.0267992361996514,0.11529018362726041,-0.09379931436056885,0.07062699618183788,-0.02443737563156297,-0.013111913830437505,0.09312665318470843,-0.13702473951497704,0.03839262953611484,0.15678540203381253,0.14153345716974053,-0.3328895960364042
0.08511608314703006,0.15457657493581645,-0.02969918583889912,0.27449514674504655,0.27636061319546046,0.3573427019772781,0.10671637887465342,0.35398339507578447,-0.03322705597756716,0.23142972362669081,1.0740835755074611,0.3374522339840187,0.17956810042181406,0.22930800482226593,0.34932614556615166,0.401109759395378,0.3072002669825484,0.29328480602740203,0.1677665521826786,0.384473190109316,0.26504273516741583,0.19123975883012934,0.19484285178151808,0.2250349787719576,0.1343708539475481,0.15354357715850436,0.3016779809274832,0.15661952643144506,0.2693960333336199,0.37402650533896076,0.2814130973560441,0.2126478365017429,0.21328189869500827,0.3226940776091988,0.2556454957812251,0.3082827784111099,0.27270384780578144,0.18638331169243544,0.31023881561069466,0.23241590195200906,0.10205914288742587,0.2680719891649406,0.3550487052407329,0.09900719925138765,0.48351873050446437,0.23407602083429643,0.37552847722857013,-0.011637353805976547,0.1120258810357308,-0.267424599926653,0.101868754780962,-0.21576638757619832,0.43928018773559474,0.04119756301613094,-0.06400635879126221,0.0650160752966717,-0.10470196366388879,0.17885676051063182,-0.20830926045611411
0.178492681810225,0.12291941545301455,0.061415956585392374,0.3131603514352035,0.27322461006576565,0.316312981294867,0.2669325331682603,0.21082517600826836,0.11769980810670928,0.32770310652799567,0.3374522339840187,0.7661245260978361,0.12025322355977246,0.1916287945879928,0.2613428861714415,0.24473127327055327,0.2238701411744323,0.21736728175239056,0.106228307343394,0.1899518012867417,0.15693573661292143,0.13987154937814536,0.17651828562901478,0.13064493301572008,0.18944688522771694,0.17098900799898875,0.23085612138819656,0.14791419293308794,0.23517382081030383,0.12512539434431025,0.12158377165224708,0.21103391708590652,0.04008514833032719,0.3052387600261713,0.17262920468854462,0.2367887642179302,0.08927206204133732,0.09016683341894122,0.2443459448862124,0.134462797962511,0.07750602491578333,0.14516273268660607,0.2649470312101683,0.057450037532209966,0.23274716550421135,0.13777982695820398,0.20683848900174637,0.0001804348036525318,0.27149851467846425,-0.27509532828801664,0.03643355375921419,0.13017191588121058,0.010640051548946846,0.02464878932006251,-0.005454375202129965,0.12077285296210956,-0.057179728571021535,0.14874764846448027,-0.3620748753577755
0.03646300063675069,0.0768902871001554,0.01989182209462882,0.16332479191586013,0.1634279778369917,0.1443241845953365,0.09613727967579852,0.15415719546682036,0.07193833422544414,0.07146476839419727,0.17956810042181406,0.12025322355977246,0.38730892147004026,0.10241183394249993,0.12697178198065495,0.14435754724865105,0.1699055508112606,0.12786762064791204,0.10084968852414347,0.12321216861720381,0.13232151607363557,0.25657170527999856,0.10321262258170626,0.13475765135328974,0.16057082235226344,0.1819639390056712,0.15250574640325099,0.013601825833761265,0.2115469738511636,0.10541096883938211,0.11304072974335756,0.16825756158868868,0.059686901261665516,0.23649708096018954,0.1562717078754415,0.14679343273794335,0.06132957812456906,0.07186179984398886,0.2207216257521693,0.0960114579760042,0.1126393912156201,0.12613088351267293,0.14657280875850306,0.0659783330445625,0.07024218497787343,0.13778744378153776,0.15402253072324024,-0.04301080375440645,0.11452611988792562,0.07423211756773525,-0.005138729538253527,-0.1636405769446024,0.06316018142833338,-0.009256476476028341,0.11408592770801991,-0.028322042395753744,-0.12395388831713942,-0.14694796238917743,0.19671954541488484
0.17313155160513316,0.1859841487333489,0.13723331445141304,0.30753489687791086,0.28401818852907545,0.3496736209465973,0.0732706726461529,0.27951511486208147,0.15169205361474533,0.21395470529533792,0.22930800482226593,0.1916287945879928,0.10241183394249993,0.5395626231041812,0.21310758864607304,0.2435006085616872,0.20856394456511043,0.16532225168287856,0.07862198857269338,0.29070803131294953,0.18397072227056246,0.14360907483325006,0.13843458613292822,0.15730117765224333,0.2640098830170754,0.3582441613754598,0.04157060946927308,0.1140241800315297,0.2632862117324441,0.03382723195779492,0.15180951057566427,0.1670947186216988,0.00840024639068711,0.2569295156733749,0.15236203574513993,0.18668587475195084,0.027107443313263757,0.13224086321078576,0.3288466220998181,0.16959581161873136,0.17168090161935445,0.17318823339828368,0.24002298877054853,0.07713340699658831,0.38255666514871617,0.10508638620577887,0.16999554803361128,0.01268159699099842,0.03300359379510462,-0.13633224452713943,0.06783017443346402,0.0311215116195803,-0.02440890914975119,0.06874708763276592,-0.10964871979551072,-0.0007554390825940906,-0.15512882068413847,0.22901089296045152,-0.1081448262472326
0.14375019154231575,0.13148916770119362,0.12107526158841596,0.26691637568201343,0.34673533146902163,0.2232627985711796,0.15329003942723063,0.1617567814365635,0.14733020512550762,0.2630579562983862,0.34932614556615166,0.2613428861714415,0.12697178198065495,0.21310758864607304,0.6922029165660294,0.19342427342299334,0.1570874374388137,0.20806020611042197,0.06528755469479501,0.24977473510055012,0.1845066699827068,0.042728717116164494,0.12090817582120574,0.1660615281670763,0.20721538540856058,0.22466694285842312,0.18971368125011034,0.16385739524172319,0.22492761286869753,0.0734645454390448,0.23424537670808368,0.12354760370026452,0.08559948303405719,0.3002982421034915,0.2576803410744578,0.1950797097304681,0.14803936431495615,0.069659546732859,0.12895299561645662,0.12637575796514083,0.16321603071782836,0.18049948832214946,0.21425670057502638,0.05226609860184029,0.27671126072745617,0.129203558568051,0.1754237040914168,0.029785280538954614,-0.03932165127588134,-0.21802449595515583,-0.0341850154018842,0.244564616797031,-0.06511791980229664,0.07490728503339834,0.05669875414293694,0.10770466760305701,-0.18120686408839937,-0.03182078754712576,0.004282056446881573
0.13354793180073657,0.10549626333533413,0.09283178725241367,0.2600361923286403,0.3262251440228761,0.2297720595850932,0.1626277341510331,0.20856396447270875,0.11564675198971634,0.16494851789661644,0.401109759395378,0.24473127327055327,0.14435754724865105,0.2435006085616872,0.19342427342299334,1.0866810815847805,0.19708755046823279,0.16359035585465911,0.1677368766030936,0.2100896357032847,0.18658139071893565,0.11051586559816472,-0.001029505422528122,0.09965896396680506,0.13409841169745937,0.2134589653949138,0.15987501453416902,0.3714759691594028,0.196854232249737,0.21087238610349918,0.22013172939756215,0.2454035246256207,0.08910283854945635,0.2210379676739151,0.30220627622527707,0.23275702413262808,0.07141508333753428,0.07863100130184301,0.16033862001637902,0.1600497239590735,0.2087527256327221,0.2122015538850133,0.24170488573128812,0.05949847656519118,0.2997874446293199,0.0827283875328141,0.2096341299443632,-0.028506930699197852,-0.05080050151092536,-0.4308202787729032,-0.04415368881311636,0.15664718738107908,0.037953526619982636,0.07436442535095215,0.06927586086556566,0.07864653436966339,-0.21897189229958408,0.06783631428885492,-0.1095873718826266
0.10210208398878312,0.15990899067696857,0.20077144146008943,0.20113465123724453,0.15131320978804025,0.26886972079401444,0.13837895604992262,0.28033057887129054,0.1341806385568781,0.2542621905003126,0.3072002669825484,0.2238701411744323,0.1699055508112606,0.20856394456511043,0.1570874374388137,0.19708755046823279,0.6922157659465632,0.08962199082973728,0.11578486173716862,0.25142592857234075,0.21813120509389053,0.2654137150776675,0.1030071508336544,0.18041410421374318,0.3232603974863796,-0.012846050555098737,0.266875194821337,0.1084386463603724,0.3605949977389658,0.33156036662639043,0.13894073722757455,0.15404397813793128,0.16391457060997797,0.2902863938008888,0.2088234510302985,0.30452391784722144,0.3435737252174398,0.17681599787765387,0.2726748210973934,0.12828402538389586,0.13345739471357188,0.23267012837746265,0.2511760596218621,0.07247972358211058,0.4010143351357743,0.25830588127985954,0.3082126358365482,-0.06998299699338005,-0.13791616090762848,0.21227167792320223,0.04415429625559589,-0.31032264654662844,0.18355039199622633,-0.015535345622856477,0.018835823752395075,-0.048117985263057994,-0.07172610220327601,0.023264365147183715,-0.04336234086757493
0.12372821819913749,0.28705992191813956,0.14818092898682145,0.2201874669853457,0.24534137578597467,0.2693480925405539,0.11467270211765256,0.19559203183183058,0.061895926135657725,0.3513648932768852,0.29328480602740203,0.21736728175239056,0.12786762064791204,0.16532225168287856,0.20806020611042197,0.16359035585465911,0.08962199082973728,0.8595854291071483,0.14631067352860908,0.00634638246563254,0.2617185777681264,0.30729325671122487,0.5015807076680109,0.15373797516574253,0.3882421234756391,0.43248295367313333,0.1178645467846051,0.027093450282953884,0.3375754334286638,-0.048432974221671636,0.40155209527396235,0.21355686001801577,0.1321192606542616,0.37933217295397154,0.22195074447604254,0.2968883879229644,-0.007139272238770773,0.03045456911398,0.41933428003711715,0.21355031556043014,0.2656823826637995,0.19965685400597746,0.2899637844052468,0.1399763397677186,0.60576173537349,0.27996879398135427,0.3943015384548873,-0.06453083048486276,-0.054744557359099694,0.07788869363105794,0.2996932921444118,-0.13103579042911376,-0.2233605491564798,0.012442483493809678,-0.10594311628869836,0.05832597354099702,0.00965403556831331,0.21288275416960675,-0.41008868421934797
0.022947873004973945,0.020437860006729383,0.03531021890089078,-0.02688244488092705,0.020446433266715053,0.1273750047617478,-0.07331186763138504,0.1794296995075254,-0.1576223897448312,0.14514091669855098,0.1677665521826786,0.106228307343394,0.10084968852414347,0.07862198857269338,0.06528755469479501,0.1677368766030936,0.11578486173716862,0.14631067352860908,0.9355362660311095,0.1576906926096298,0.12944155550211892,0.20332868307774046,-0.05486948780990284,0.010426457845110152,0.21075151421566746,0.05016948421208196,0.08603001659853203,0.1553677614690484,0.1675062372951775,0.17968288164035381,0.1342886280069809,0.12647707158408855,0.17057959634179767,0.11030037774566852,-0.0025222364210634955,0.18620786765257177,0.19733214706384514,0.14011952971085506,0.36105426867679,0.028497898286041223,0.20697377540870288,0.0903106729502267,0.14275255544352142,0.06319354148617845,0.21389914446321737,0.12195811864264453,0.143854634523481,0.015659241305693055,0.3648125175403851,0.3954776282123392,-0.04362673718626998,-0.23373756667708248,-0.06266539628432816,-0.11800462983690954,-0.15465454181455038,-0.009237824406803541,0.050767590284198895,0.2037433717666131,-0.14833646926324556
0.06883012773494145,0.3503168115610995,0.08294605917816765,0.21084802714267128,0.21830932342532242,0.3358331474033673,0.0031406728943682138,0.2975395317326501,-0.012216101926980619,0.09604103670296645,0.384473190109316,0.1899518012867417,0.12321216861720381,0.29070803131294953,0.24977473510055012,0.2100896357032847,0.25142592857234075,0.00634638246563254,0.1576906926096298,1.2827656787631787,0.20671551951929681,-0.03311246930034775,-0.12486171587875926,0.053177216176475084,0.2419334808147434,0.33560071622961607,0.17640622931322844,0.42260019146183214,0.3088426483646135,0.23659256916108298,0.17077185844125128,0.20597399480687323,0.10701535899025719,0.3041051050396811,0.19928943486951756,0.15624392340007273,0.5728246201906525,0.553093912642931,0.7770003269231137,0.37522523658955226,0.20311980399642457,0.20305040309388922,0.514885652739185,0.14768475474920348,0.7997694379065717,0.17470902239322555,0.19595465013994232,0.13938365270682937,0.389289240340865,-0.2231311946517363,-0.050125612393477466,0.2659968331897949,-0.0014580266695225273,-0.024984455235698387,-0.021162651564216376,-0.06513486192406787,-0.1294211190790046,0.20818286711211925,-0.04330287908697713
0.0863109888946029,0.23412148965036975,0.16095308784040635,0.20604860639246927,0.19013895145086365,0.21270638089987984,0.12300424309583953,0.14296482186898885,0.13208580879882312,0.1354566850442437,0.26504273516741583,0.15693573661292143,0.13232151607363557,0.18397072227056246,0.1845066699827068,0.18658139071893565,0.21813120509389053,0.2617185777681264,0.12944155550211892,0.20671551951929681,0.44065603008803955,0.24875716184953262,0.11744621693180342,0.1739229369211904,0.29470917828843796,0.18977937373740814,0.16861862904497785,0.22942343822348005,0.276864791279283,0.18052107527205133,0.36836951769712983,0.20484714053277725,0.2993913703934867,0.22856065721602617,0.18874527464130345,0.3449529656235018,0.07130554983637617,0.1308532324256239,0.4151360563779162,0.188888158453247,0.23157182171050267,0.40063340981694384,0.23081677232923675,0.09343296164629959,0.6476832836222646,0.23011393016326911,0.2883688381287426,-0.03310496554425127,-0.09213832421316943,-0.053382470537138633,0.1265794331597936,-0.1660434112932823,0.10168601927228013,-0.012828282768325377,-0.023721652403235892,0.007218273824164685,-0.14956109175794582,0.03083721361315849,0.006954107031326553
0.021495798160917644,0.08925294552611253,0.07185892199891472,0.1547963880490392,0.12341328747275003,0.15948331153290568,0.10277655017715549,0.12856135597559587,0.03947606287993475,0.18819742618040355,0.19123975883012934,0.13987154937814536,0.25657170527999856,0.14360907483325006,0.042728717116164494,0.11051586559816472,0.2654137150776675,0.30729325671122487,0.20332868307774046,-0.03311246930034775,0.24875716184953262,1.1512015971486178,0.6935402949606813,0.20903148034281327,0.2509662327450249,0.09183958121697311,0.2472367174033472,-0.3163797501734835,0.5606494065961067,0.27738082887140314,-0.12848881647017832,0.30235948248514555,0.10439037181386639,0.42366943127595746,0.01793870364745192,0.3932467091604659,-0.02669576577598484,0.07731967307602981,0.9319414434666254,0.1796789173717285,0.32771311475679327,0.23147186872315104,0.26847671740222717,0.21675447195343606,0.20476197502156848,0.35423649853052824,0.37107470392820296,-0.2197835679170084,0.9081049386234892,0.16112042128095505,0.082694113726255,-0.5597624628237413,0.24877142607724548,-0.0791410275083138,-0.014214544804077767,-0.004036101683340069,-0.084087581886805,-0.06878363541379022,0.00278256572991323
-0.02647995661093985,0.054951217097085475,-0.07225837567172341,0.21298958401878196,0.22996720618671546,0.1664136491268223,0.102981789926685,0.09280757373350305,0.005222321776163109,0.31762744566090395,0.19484285178151808,0.17651828562901478,0.10321262258170626,0.13843458613292822,0.12090817582120574,-0.001029505422528122,0.1030071508336544,0.5015807076680109,-0.05486948780990284,-0.12486171587875926,0.11744621693180342,0.6935402949606813,2.0683777942068255,0.39588874750322395,0.3042394483277989,-0.11173785846016013,0.16509665236520882,-1.1723950067988587,0.9513416927285355,0.2841230352850142,-0.8381996690052071,0.0058630005585567375,-0.13748663859578605,0.6049999621840465,-0.11248135666249874,0.5144616786028048,0.013726736051648009,-0.09714454122086667,1.4456711052145965,0.35160736817404914,0.426079785318331,0.09309778659462509,0.46127087791872656,0.38694633430867614,0.2138613794291457,0.3321617245020666,0.4640502158862958,-0.05206361571745092,1.1409495867879504,0.10760638799893836,0.08779434793353162,-0.6074404402432002,0.5179003118303046,-0.013184521490465357,0.06504897868515758,-0.00030765264892942517,-0.2168807715746665,-0.18638866988031483,0.24553801237368736
0.010106585994352555,0.01246218112556831,0.051157397190246014,0.21266382366247494,0.1906351243464612,0.19014939470219547,0.13429405439166803,0.12411862927756541,0.1782196721935706,0.18136419437774967,0.2250349787719576,0.13064493301572008,0.13475765135328974,0.15730117765224333,0.1660615281670763,0.09965896396680506,0.18041410421374318,0.15373797516574253,0.010426457845110152,0.053177216176475084,0.1739229369211904,0.20903148034281327,0.39588874750322395,0.7943167881159287,0.1403810956692607,-0.09998700802096001,0.15211112074421224,-0.18623027293377972,0.2498657143011452,0.2370146301327672,0.34131053851049925,0.05532816486343288,0.17472781742774146,0.2568131167238893,0.1894014343243823,0.2803642887426848,0.1737982928019959,0.04968389584114581,-0.07448037272748433,0.0796702895124933,-0.11283748028003769,0.15453467743107713,0.13670916165140073,0.009719236417790938,-0.04049188913488775,0.23113258427285951,0.22482889380677779,-0.06580510385142155,-0.04437675423095561,-0.07682698364705173,-0.00016653436206378892,-0.22944532835570788,0.3569742494960512,-0.003367622133754933,0.28493807708111824,0.06275615212209068,-0.06866803666517438,-0.5341694464430605,0.5335199303906284
0.09188112791598183,0.38134641299764593,0.2818959952353206,0.27449805201182464,0.18656027559601102,0.35344590195576714,0.1311997125842244,0.2597109455324223,0.04066323292456177,0.2391882622473266,0.1343708539475481,0.18944688522771694,0.16057082235226344,0.2640098830170754,0.20721538540856058,0.13409841169745937,0.3232603974863796,0.3882421234756391,0.21075151421566746,0.2419334808147434,0.29470917828843796,0.2509662327450249,0.3042394483277989,0.1403810956692607,2.0988448272261793,0.17412729935694926,0.17126811326254748,0.20003150312589058,1.0595844434603487,0.09483957712190301,0.3568310408098983,0.1885574541893059,-0.1445158171215648,0.6107087294540612,0.22457930427353506,0.6366525793213075,-0.17137533986700898,0.16516252400745185,0.5521328278515505,0.19614837712312935,0.5253703511617898,0.24522705840941328,0.37156309170452717,0.13329384511487108,0.6014896665523629,0.4677904599401895,0.304160451636092,-0.09766909057239034,-0.4689250240093913,-0.4649847731779779,0.3084023651941695,0.12982483448981771,0.03380499413457502,-0.07079507891628839,-0.11641967414633418,-0.1092148122313042,-0.1450743732596287,0.1949296583758311,-0.0723504721561592
0.18629528071868365,0.3237811703036174,0.21194642152829873,0.26462110458100546,0.2737115180109437,0.33975807945847436,0.10729859415428612,0.18619055464476258,0.2367308131160856,0.10352631405832863,0.15354357715850436,0.17098900799898875,0.1819639390056712,0.3582441613754598,0.22466694285842312,0.2134589653949138,-0.012846050555098737,0.43248295367313333,0.05016948421208196,0.33560071622961607,0.18977937373740814,0.09183958121697311,-0.11173785846016013,-0.09998700802096001,0.17412729935694926,1.941141611487035,0.018443840877947204,0.3852539132876471,-0.18179269745450038,-0.587331074386059,0.3960300513440412,0.38519769719499825,-0.1526208927326075,0.18930934883772516,0.06786138230073974,-0.000381613400458466,-0.6280592210384083,0.09009240254744835,0.43080485048399764,0.206841147574127,0.6469942487925792,0.14506358930630842,0.10885126699429382,0.09779839342973726,0.24850233856414108,0.045857595499479736,-0.01481608594702762,0.1092321166715998,0.5997315460354301,0.16872146740789337,0.1021172387188183,0.3143338496074941,-0.6970820899745628,-0.003972242435744045,-0.25640140346045787,0.01758122001975847,-0.19392339010224904,0.4956222119129149,-0.40121603912637765
0.0710785225601565,0.11344712864078718,0.09939707717042154,0.13720634282807678,0.09562481794607472,0.17950051527347619,0.14496557072375524,0.1663804266944432,0.08278206322703455,0.25543890793592366,0.3016779809274832,0.23085612138819656,0.15250574640325099,0.04157060946927308,0.18971368125011034,0.15987501453416902,0.266875194821337,0.1178645467846051,0.08603001659853203,0.17640622931322844,0.16861862904497785,0.2472367174033472,0.16509665236520882,0.15211112074421224,0.17126811326254748,0.018443840877947204,1.6414200556716478,0.06229682100224542,0.1477480193279102,0.32551662650567287,0.14546542717053304,0.19348403008494117,0.41931650398861625,0.3038051455168503,0.372409243110537,0.304122342970795,0.5167747110616114,0.12108868800101591,-0.034448546199622745,0.1178739117851239,0.15847664916128099,0.17204690529096667,0.3355766657124656,0.05627237452906803,-0.22494712588857158,0.5111941397239023,0.25046196812982346,-0.008827451354269432,0.48226678214759117,0.022624446358303373,-0.16335521380129114,-0.11030257153776342,0.31930302139436745,-0.02917064702687949,0.23944989908480857,0.07209973772231497,0.11890473326283472,-0.16731961594939224,-0.06960823759032336
0.22252200744455655,0.29978545314658916,0.3898614995633927,0.06395337479102971,0.053341233190387645,0.1483658830537385,0.08407917416652423,0.15039936084470182,0.14519160464929673,0.1459459327409984,0.15661952643144506,0.14791419293308794,0.013601825833761265,0.1140241800315297,0.16385739524172319,0.3714759691594028,0.1084386463603724,0.027093450282953884,0.1553677614690484,0.42260019146183214,0.22942343822348005,-0.3163797501734835,-1.1723950067988587,-0.18623027293377972,0.20003150312589058,0.3852539132876471,0.06229682100224542,3.765214710127838,-0.5844702129335507,-0.02239746785697778,0.8671527388051797,0.36266738592348174,0.4088970818662954,-0.16118184827732374,0.09084301797855236,0.4911787572540881,0.007000620718464613,0.21437247905311252,-0.47435610355299795,-0.14820962987008396,0.7965006930822738,0.29845002320068836,-0.08071006173412625,0.3144023819024116,0.3826527040750122,-0.19504434131081086,-0.10404660145995405,0.14642911357594088,-0.7009677481298675,-0.8922815316089853,0.09938500881717567,1.797504310046167,-1.3073813744522151,0.04512035293797486,-0.3672554171062954,0.07922235323271735,0.26504834290064727,0.4587202606224741,-0.6372468717738038
-0.017798610689908907,0.3040457975370237,0.12852657022134706,0.315900256248995,0.2725451860836322,0.39792537326824706,0.09994662839910988,0.2580013203917588,-0.0008473450276915304,0.27295483071793497,0.2693960333336199,0.23517382081030383,0.2115469738511636,0.2632862117324441,0.22492761286869753,0.196854232249737,0.3605949977389658,0.3375754334286638,0.1675062372951775,0.3088426483646135,0.276864791279283,0.5606494065961067,0.9513416927285355,0.2498657143011452,1.0595844434603487,-0.18179269745450038,0.1477480193279102,-0.5844702129335507,2.558179244307094,0.1861229754107381,-0.5247231989660901,0.06307866867408043,-0.47254540268687334,0.8628032351747347,0.1867122281632502,0.6904184931925933,-0.12117421140939529,0.039297727382555075,1.1868048041339063,0.28972750872156094,0.9090578338405643,0.23379109448474453,0.5253906485666698,0.16269292694545465,0.30674739060998274,0.3773594360501346,0.41389263385873065,-0.08806569582092591,0.7576984599166627,0.050811356496878825,-0.11314470421071009,-0.28017499620881287,0.23468042307445855,0.04301485199123462,0.012737748460331823,-0.07617947022245361,-0.372457620200383,0.06899289321672807,0.12105988292108567
-0.0497870810559361,-0.10225252334250513,-0.4873150725908283,0.005340906813900386,0.03573941279418518,-0.0333847796119729,0.050267479435690474,0.1290723046922722,-0.2046535503458574,0.2177504170737989,0.37402650533896076,0.12512539434431025,0.10541096883938211,0.03382723195779492,0.0734645454390448,0.21087238610349918,0.33156036662639043,-0.048432974221671636,0.17968288164035381,0.23659256916108298,0.18052107527205133,0.27738082887140314,0.2841230352850142,0.2370146301327672,0.09483957712190301,-0.587331074386059,0.32551662650567287,-0.02239746785697778,0.1861229754107381,2.9646631861517414,-0.10485517169702413,0.26247539013879395,0.6434402639962782,0.28724523294903104,0.4570826734923781,0.4268450007886288,0.9283751447545229,0.32475187612687884,0.03796141833728468,0.06732097572312137,0.35057731224503197,0.21920897927793792,0.5865870293340588,0.2755125960765355,1.073652973546666,0.7003402933355749,1.2262009630626387,-0.060384659615186326,-0.16658570328030392,0.1457211603309965,-0.03054815544852247,-1.1913910491417454,1.037678395504667,-0.0011642105176294971,-0.237745207511294,-0.16029494454753093,0.047417442498549685,0.612892731157949,-0.4156121741575337
0.15140389599449294,0.21149344551773044,0.26047654190310354,0.19421783900340506,0.2026708050319986,0.24662275026571456,0.13604516315987594,0.16291734615734363,0.22931172949318487,0.16453255003036177,0.2814130973560441,0.12158377165224708,0.11304072974335756,0.15180951057566427,0.23424537670808368,0.22013172939756215,0.13894073722757455,0.40155209527396235,0.1342886280069809,0.17077185844125128,0.36836951769712983,-0.12848881647017832,-0.8381996690052071,0.34131053851049925,0.3568310408098983,0.3960300513440412,0.14546542717053304,0.8671527388051797,-0.5247231989660901,-0.10485517169702413,2.1311722775878357,0.23216907686355565,0.47316388922423736,0.046473296861834566,0.59241614264735,0.15803666593241728,0.08838517724487771,0.17307648028878694,-1.1178278427709634,0.010235613210136465,-0.3902481672685131,0.3097165027704216,-0.017487680178338898,-0.18426063904824375,0.4449366003901871,0.24136374750388942,0.14646442031049944,-0.10113657551698228,-1.538339000919071,-0.1866643458901072,0.2552433175142487,0.24207393779518166,-0.31199079749697806,0.025144355304640428,0.106508493476504,0.12454752662260771,0.18180070178877,-0.15833783336319354,-0.13940496654590662
0.11394397065378195,0.10504568603006442,0.07407658911317987,0.15773755257677716,0.1995086114302648,0.1873693397153242,0.0974290272471002,0.15507402710372134,0.04246615131598568,0.13824580932600722,0.2126478365017429,0.21103391708590652,0.16825756158868868,0.1670947186216988,0.12354760370026452,0.2454035246256207,0.15404397813793128,0.21355686001801577,0.12647707158408855,0.20597399480687323,0.20484714053277725,0.30235948248514555,0.0058630005585567375,0.05532816486343288,0.1885574541893059,0.38519769719499825,0.19348403008494117,0.36266738592348174,0.06307866867408043,0.26247539013879395,0.23216907686355565,0.8970127418479397,0.21220803788112647,0.2678386917871955,-0.015183271217332777,0.26634734376732594,-0.009045107696182275,0.15288372849232404,0.08651839528684478,0.07816899917616184,0.19632401140188083,0.17360183700748325,0.017715550784736665,0.09492976606333009,0.26288777635104194,0.24730639902016247,0.274547083334808,-0.052269868169441694,0.058003904604660254,0.04763202244027035,0.09361283704903171,-0.02985325646471607,-0.08293544065090631,-0.004138463822750849,-0.3325829519948684,-0.038910480115166984,0.4413886766210869,0.319929486255816,-0.7260297674692379
0.06754033667724837,0.12035829604636034,0.06169518935409326,-0.019727064654901448,-0.00769096686445043,-0.033925714629200736,0.055382097735959056,0.07268606233423858,0.028285461474486025,0.10459078046116248,0.21328189869500827,0.04008514833032719,0.059686901261665516,0.00840024639068711,0.08559948303405719,0.08910283854945635,0.16391457060997797,0.1321192606542616,0.17057959634179767,0.10701535899025719,0.2993913703934867,0.10439037181386639,-0.13748663859578605,0.17472781742774146,-0.1445158171215648,-0.1526208927326075,0.41931650398861625,0.4088970818662954,-0.47254540268687334,0.6434402639962782,0.47316388922423736,0.21220803788112647,2.0187461783209995,-0.10608506801792039,0.30202482365467104,-0.13217256636399952,0.9658431484217624,0.18268731851489756,-0.7592979971739211,0.018001859884000673,-0.43466480577996175,0.2973539738782445,-0.014374280904157082,0.09396941439339997,0.6812030760909824,0.32125506623172284,0.4387539563020288,-0.010802027431976932,-0.7161410782523769,0.2589072026703012,0.04790585732316077,-0.47254010339168895,0.3083769373127452,-0.08434470566641471,-0.2162403123659343,-0.04545677437961643,0.14162682321005232,0.14188303971633395,-0.22720600460073612
-0.14033839459592115,0.21590551717279302,-0.005712589971392566,0.4395897836282151,0.46600499486313873,0.395081205086718,0.18659396985632468,0.2836017311534601,0.023116771726126868,0.4639585970077094,0.3226940776091988,0.3052387600261713,0.23649708096018954,0.2569295156733749,0.3002982421034915,0.2210379676739151,0.2902863938008888,0.37933217295397154,0.11030037774566852,0.3041051050396811,0.22856065721602617,0.42366943127595746,0.6049999621840465,0.2568131167238893,0.6107087294540612,0.18930934883772516,0.3038051455168503,-0.16118184827732374,0.8628032351747347,0.28724523294903104,0.046473296861834566,0.2678386917871955,-0.10608506801792039,1.752649077957417,0.5272248016266943,0.41718997076932024,0.4884033476248418,0.07545919361518168,0.4202959238275352,0.1383182526414704,0.1742017885125519,0.19379674999925198,0.6091956467766909,0.1891390930535786,0.3770035686774885,0.12648334515903498,0.404078474834346,-0.08344552308537657,0.05468746959084722,-0.17077253977485377,0.05019288882836238,-0.24586690171594044,0.20410618628161173,0.06703813668262969,-0.00928752358420688,-0.047680427201283924,-0.1505921962017297,0.005667182508325224,0.04730412171033203
