3.990851943469499,0.5512721281340487,0.648100131762517,0.2947687750634467,0.6276703542564074,0.4843859399608917,0.8327428115073036,0.5554078996054863,0.5222868608970168,0.6797386681527057,0.44683285619350266,0.7140957817175149,0.4080949722519714,0.875789055659479,0.5388866720951057,0.5051348077869279,0.5114070150065941,0.4689185595773569,0.43565439948447404,0.4969488631122873,0.5783735942317422,0.4890733192912096,0.332197568768742,0.6277292800865742,0.5438632987341069,0.41086822642507553,0.5271353016371254,0.34399119382214727,0.6327525919214304,0.5609679299018399,0.5867465708466373,0.7094855482398758,0.6566683155187849,0.3304670912894165,0.32307545348631606,0.688067352512098,0.38584944309869795,0.37455876209705613,0.3915585968895338,0.1628281177064769,0.4005802170056394,0.48576073158610106,0.16131604805780977,0.491295683170483,0.8855026153295134,0.4411473740805612,0.5543717519124001,-0.07446636867360859,1.8161900932167379,-0.08814263565756492,-0.02635069796063769,-0.5221382159308117,0.3720709918528431,0.16915541881297264,-0.26803998549207053,-0.0738536696217021,0.39949455339726925,-0.05369467700319564,-0.1443237707959732
0.5512721281340487,3.041570419052712,1.3147314512348485,0.27963437000377933,0.30527099040234595,0.3442683697172245,0.3532354796454732,0.337798992607669,0.2884404301028563,0.4171577264523208,0.27875601636646025,0.42920683189958064,0.24077860235436668,0.22077869923042304,0.339474495469736,0.2610939960563063,0.3633597087706684,0.5946450881627517,0.3441807473957345,0.36043325036387025,0.513732427609148,0.26001892201625787,0.2395723612092777,0.278157374926737,0.3401615989921381,0.32752853199613025,0.38251113460435465,0.26303079062650325,0.6336832482567506,0.18694588548628663,0.34862738367321916,0.22415403388716645,0.3492279778945878,0.4234559139521729,0.23359326975581904,0.5740908761277987,0.513558982386665,0.23919344999719913,0.18337554279116886,0.04391146160030052,0.29286940421272484,0.26520208714126065,0.30381764945718204,0.14425774775603264,1.2928855459242963,0.3873224559949483,0.3715734684045657,-0.03700577109360265,0.5139248153325935,-0.18171103162492602,0.4603332461220286,-0.26722899155718816,0.06277760392561589,-0.007577673571090856,-0.1359369742243544,-0.2652203164278642,-0.36788338004246246,0.5013212663230584,0.005661656926722848
0.648100131762517,1.3147314512348485,2.564975753059798,0.2297842922229174,0.2353817509511068,0.4675564135526216,0.39710073619807235,0.3825576956620219,0.44618995299280906,0.5161334247434706,0.34132068505586227,0.4395077117852544,0.29567586629897524,0.30121255895891635,0.47646828550712217,0.3792093825660172,0.46491328702444157,0.461693445738956,0.4074678134405347,0.3415964318511671,0.4671264603349649,0.3863503249335295,0.3377548875969664,0.38381903112223453,0.40002281303430764,0.33712543478378376,0.4240017578302148,0.3290779519799845,0.47950465973164774,0.04284269300545123,0.4266338206339018,0.3517133941490061,0.5082132073475726,0.5187857558854351,0.12818072878047745,0.5691728594096132,0.5335124052573724,0.267850010238637,0.2947127483941685,-0.2614075784077349,0.23917708555635822,0.3673030844634727,0.23326545244195024,0.4698722207095727,1.2018979791021023,0.602351379436623,0.3078835956132128,-0.05893197797198238,0.31769580467102887,0.018470118820611506,0.1899566756419984,-0.005502268582775057,-0.009307241742271634,-0.13988378682617236,-0.004755115307422286,-0.09295682152976001,0.02409180920172791,0.0037479224061283795,-0.06386759013358122
0.2947687750634467,0.27963437000377933,0.2297842922229174,0.6441343114225473,0.4997341980592262,0.3154033794886801,0.2922455212037113,0.24998141597184503,0.21618991894308628,0.23473801591026772,0.2178777602024556,0.27395258639736253,0.20865662782093153,0.2751391438419523,0.27649556419028964,0.2182972764715498,0.23693100692686328,0.2245985981200253,0.2836136250620957,0.2711280063251918,0.261850176085228,0.20968677638524166,0.160381393992633,0.27262795054716743,0.2274076458465967,0.27297282461021094,0.20779114073725055,0.1783660061952413,0.339421716006353,0.1988186728478591,0.23847683437233244,0.25561079288200034,0.23878759475551845,0.318325492613772,0.14699191610145465,0.26519562686771364,0.3172866301859527,0.1721321779003127,0.3252915417450291,0.03701264169728127,0.18642785125983047,0.24232593720993176,0.23081067704185929,0.27240908347659654,0.4451052002099085,0.15162145661794327,0.22150604595499893,-0.009702986728840056,0.31101733255194186,0.28523892689794317,-0.25694918538091804,-0.031912992508650234,-0.005208590096256708,-0.0028614560428829937,0.1747435636840718,-0.13162240883495518,-0.023639643451843953,0.05325319507028816,-0.027591465553305862
0.6276703542564074,0.30527099040234595,0.2353817509511068,0.4997341980592262,1.0142902551352622,0.3386953419393016,0.33586192193839726,0.2927317596695323,0.22369866735215577,0.32248063570002344,0.2577953815306395,0.3547277011524131,0.253447646238484,0.348724945451775,0.3440855984032319,0.29367993189854785,0.273217907739175,0.2563294280430354,0.4713458416150015,0.2590196912750491,0.2938737645317169,0.24459389611125767,0.16971594255377526,0.3288616165253189,0.2726106394248268,0.2872202067703336,0.22170529580525997,0.19848557819421367,0.38107812168408134,0.18873440084908272,0.30967198355875,0.320346843115362,0.30745513868501095,0.37401343863090575,0.20334763914662177,0.3162842203856427,0.3597123946931038,0.18325634385688477,0.36656307288551976,0.06642142011986947,0.19455279913563506,0.291110510153751,0.09729152704432861,0.3576038855308751,0.314660412060947,0.19187885927019918,0.2344489892021424,-0.016843181446078957,0.6686875969768729,0.3353547688709725,-0.2288100785893833,-0.2393744880186581,0.09717643509046518,0.055110686212687984,-0.07065230562440244,-0.16937090310508393,0.0392604590196153,-0.03059946715970342,0.15729786619483052
0.4843859399608917,0.3442683697172245,0.4675564135526216,0.3154033794886801,0.3386953419393016,0.6921980137278289,0.2749307740516705,0.30468746934441215,0.26380138185948043,0.25285659762994506,0.2789093609922539,0.23849032234527243,0.22893986489924562,0.3222816083390424,0.3355715656832129,0.24709516930724418,0.32583685391693806,0.24615173822616096,0.3689317155356562,0.44055345739766905,0.35485686600500926,0.2728430545803128,0.22312509948563636,0.3586768205225629,0.28469227740069064,0.3244474974321729,0.26417950875210877,0.2757621288770327,0.45210437928882197,0.28017579923462127,0.2983973143260064,0.3201328978559315,0.3231229039448509,0.3767721530610335,0.179354222364303,0.2822495959966248,0.5046889651617799,0.2620982522670938,0.4556418296366345,0.030167680114155132,0.14306388090360916,0.26803853963688173,0.31089067905690443,0.5082791096260787,0.6100049398647855,0.19150899218128536,0.3403978095325048,-0.01961923932344042,0.8902712735749394,0.46431720878696287,-0.4753749788744253,0.037831184064869634,-0.1083164389880685,0.030474476744169882,-0.024161255878010903,-0.11016804658918002,0.08151009703632556,0.10372022508754651,-0.08335253618809926
0.8327428115073036,0.3532354796454732,0.39710073619807235,0.2922455212037113,0.33586192193839726,0.2749307740516705,0.5791630344084345,0.22981870362305445,0.37392399795953674,0.3038447173594188,0.26390108072508023,0.4285618890347142,0.22875068948604185,0.30005833150065947,0.2770879623125762,0.27245243501627264,0.32620186165250553,0.27141196688276636,0.23309146814157375,0.2796733441795639,0.344883087316772,0.3149486503714208,0.21513240962093386,0.2981236789424131,0.2699468952600163,0.25979444613870595,0.26954620518944955,0.1746790143307303,0.37010540033571043,0.2237361797994478,0.276439424229935,0.29659185897563817,0.3105394333304172,0.30006588061096773,0.1237016143916122,0.3759608088845683,0.2713416048216233,0.18972370673823472,0.27813155108097787,0.07338690764420044,0.20409425778424028,0.2812620954025465,0.22503303292198665,0.2486948126446382,0.6145965004074179,0.19699705684176944,0.22383825317423567,-0.020982314173879288,0.47092966954833976,0.0507187285350104,-0.07878146856804977,-0.14277285608694623,0.10037500660247567,0.007271126202051052,-0.025765474711816783,-0.02005624324006114,-0.0220562856446933,0.2480900734208063,-0.3175430687900832
0.5554078996054863,0.337798992607669,0.3825576956620219,0.24998141597184503,0.2927317596695323,0.30468746934441215,0.22981870362305445,0.8699954000372493,0.16890837035346504,0.33776331612377236,0.34423349429412725,0.2827389958574153,0.2742586415422411,0.289224862918147,0.28638312649753167,0.28535919610063987,0.31895631142403813,0.3036484014357973,0.3123374989388571,0.332923577786725,0.20977220670967262,0.2350412583408307,0.19192941981838832,0.2513488440928269,0.36286720388997806,0.24209720371449428,0.2779638466143416,0.21840728314382374,0.2508972096186403,0.2838988453945774,0.2568438852203209,0.2670456177753975,0.2781942582737366,0.2798186080320524,0.15100695937841943,0.28081941660857995,0.3535187535659067,0.21617758760633105,0.28856551274154685,0.0477915741897687,0.21921314447816487,0.20885537825448644,0.32839934880553084,0.31211847756877176,0.3360583672724908,0.2571399866110955,0.36072248673498963,-0.006790839993557237,0.6598971292563421,-0.00031087005983534695,-0.032445447300007174,0.18855769258331667,0.004472118426387728,-0.1539488867348202,-0.07948134297027172,0.04671193872118315,0.0844854450333199,0.3023805237861739,-0.42262373758664895
0.5222868608970168,0.2884404301028563,0.44618995299280906,0.21618991894308628,0.22369866735215577,0.26380138185948043,0.37392399795953674,0.16890837035346504,0.683097930188669,0.21656033823262813,0.2362152243014816,0.2480071531802163,0.2061456162483948,0.2761550927724217,0.2838080305133727,0.12419639211449147,0.2834488954922618,0.21221467712377062,0.18847980422302646,0.28570788841188133,0.3147342747154315,0.3562925939486741,0.17507478161500284,0.25161624932218657,0.20914260405613436,0.35652748773634824,0.23713021528198108,0.15427577978128096,0.2861725520168478,0.16293854178164524,0.2552237236499416,0.2650452986067545,0.27268786550660384,0.2593725447753851,0.08882835016139884,0.325956675650932,0.24700896291899777,0.186688541342446,0.2809992179459763,0.06312158526099462,0.20840637192663541,0.26628757478310794,0.2426577105601965,0.1957045006806353,0.6564498049833959,0.27834135955576345,0.18835809020494032,-0.023433878821495353,-0.04604067889078546,0.09458258611441624,-0.10136380752343474,-0.062417198901201315,0.07418199278225314,-0.06539756365248847,0.10020585280057848,0.04750218080164546,0.010409742078233737,0.15864019506246996,-0.35570799349385274
0.6797386681527057,0.4171577264523208,0.5161334247434706,0.23473801591026772,0.32248063570002344,0.25285659762994506,0.3038447173594188,0.33776331612377236,0.21656033823262813,0.9954985800435976,0.22412457922720383,0.3242708666790523,0.20095350864572067,0.29607218583003436,0.29313377215356046,0.2592309203544856,0.28674649255073664,0.37465022297454603,0.252446382433041,0.2519930352095927,0.2924449237950665,0.2257370761994369,0.19952873193151707,0.28611140561524756,0.27479689471263424,0.22658081146876488,0.26544821176973366,0.20616566738479214,0.3332247567140085,0.2316162307492369,0.3362721545104467,0.29272767966065455,0.28987817220567635,0.4350156050178904,0.25390816791271054,0.38848022971887025,0.3359265055501248,0.18061661801719833,0.2675730406934089,0.07734179173600758,0.2223648120369324,0.24509469709226578,0.148391178750307,0.2871099272590467,0.6195949369751943,0.2523068945627913,0.32149989825430947,-0.03216079056965981,0.7705559668196958,-0.03778854419579435,0.15469927229841685,-0.337696581407549,0.15544756493393896,0.05112944006986644,-0.08975775794336142,-0.03011936034552386,0.15618932451944062,-0.043439760133379524,-0.06976653444271645
0.44683285619350266,0.27875601636646025,0.34132068505586227,0.2178777602024556,0.2577953815306395,0.2789093609922539,0.26390108072508023,0.34423349429412725,0.2362152243014816,0.22412457922720383,0.4400073153892263,0.2853674163560411,0.271825594182381,0.251203135305073,0.3636202071762074,0.23284697088007933,0.30479654735307904,0.23521317770888156,0.20840367300667512,0.29498888279683727,0.2577366834200486,0.23209331828292684,0.18021463010195538,0.23537878175801008,0.27297552804571457,0.2591072037292271,0.24541451038087608,0.19006603153249368,0.29775191664770245,0.2159117793112539,0.2332004263943108,0.23896967643891937,0.2412577499717657,0.24242910313396943,0.17168481800803945,0.2898147616864248,0.26637200737024097,0.18343448292896394,0.2644384164456352,0.07371512109167733,0.2181823134949164,0.23637659695100288,0.18998088396067658,0.27662829107192594,0.4214544779961892,0.2223751266735411,0.24700706828530525,-0.02214678178659859,0.2773461752589414,0.10421131515326042,-0.09837527922325735,-0.07466231557464675,0.031174174245124305,0.00891678332844046,-0.04177620713508687,0.027453077405015004,-0.03053565833522792,0.07155738204073019,-0.11626484693766269
0.7140957817175149,0.42920683189958064,0.4395077117852544,0.27395258639736253,0.3547277011524131,0.23849032234527243,0.4285618890347142,0.2827389958574153,0.2480071531802163,0.3242708666790523,0.2853674163560411,0.8387158643307373,0.2092306392247164,0.3052764601966788,0.25266798914702376,0.23455542668604007,0.31437785859244594,0.3589241827203233,0.24133851542639478,0.2249087800775332,0.3214533607475417,0.2436431029858325,0.22274648925415486,0.2865053524910555,0.32641271523157933,0.18386548979764605,0.29658436871020877,0.18470173745680477,0.39188255165313163,0.23431789683089488,0.27802065689326977,0.31261065561921414,0.2914147277969306,0.3116370922938461,0.19876473278786716,0.4509352253800625,0.16349571516276262,0.1586200044463131,0.20213599670812646,0.10551518668281269,0.21649271170078485,0.2155464186616461,0.14163090627242939,0.18040850549564863,0.6442212491972265,0.19482633372355782,0.29911356494052493,-0.02560142421041022,0.9807191094383578,-0.12189999749543975,0.15974433894670145,-0.3144413703607233,0.12682202713135785,0.08719538812916801,-0.1462918082259494,-0.01573179216676285,-0.046046954036943165,0.21952653561266194,-0.25398435735422586
0.4080949722519714,0.24077860235436668,0.29567586629897524,0.20865662782093153,0.253447646238484,0.22893986489924562,0.22875068948604185,0.2742586415422411,0.2061456162483948,0.20095350864572067,0.271825594182381,0.2092306392247164,0.37836021598455377,0.23124419591290166,0.19930207283665943,0.23091463543696053,0.22718031439357,0.18396663170127384,0.21927358297927005,0.21596080159686568,0.20428718103658106,0.23200087972729325,0.11508586317388105,0.20771483391821438,0.20187839375572988,0.22629971457071954,0.2201774593159984,0.16498976819245303,0.2358547804096603,0.13913683384785813,0.19484786314668842,0.224047622526599,0.2088218831087907,0.21621143978741386,0.14203309217082827,0.2540196782355022,0.1999976832602219,0.142862356538865,0.21200138243148875,0.060090503021337664,0.16591785025401945,0.1917368524263755,0.12453126740954172,0.18155157501241903,0.2789134728313041,0.18672629782294947,0.1784376484634913,-0.012154291709902443,0.2611332669362952,0.04880129037836093,-0.03528964537156308,-0.021257444915658244,0.019666251584869957,-0.04828318874493734,0.011116389032450316,-0.00985930108373735,-0.053973241110322485,-0.1403835679930619,0.14705100539489696
0.875789055659479,0.22077869923042304,0.30121255895891635,0.2751391438419523,0.348724945451775,0.3222816083390424,0.30005833150065947,0.289224862918147,0.2761550927724217,0.29607218583003436,0.251203135305073,0.3052764601966788,0.23124419591290166,0.6271951668442435,0.3927377892712916,0.2754871170447674,0.2639171164498244,0.22437325641568678,0.24444247005735054,0.36848447461296197,0.29861283331328037,0.25476384344317926,0.1980634514225911,0.3953335648817651,0.31036162974775416,0.34569590301109676,0.30819884797438296,0.23668010863548955,0.3425256863982922,0.3490372061567531,0.3403154135741597,0.4785025421527139,0.33742312905525135,0.31460765709486166,0.26830363881122343,0.3599362993101193,0.25888552221577527,0.24760024157509355,0.3156464708554347,0.09465726175424519,0.28303797670578046,0.3018503141817663,0.13224591699678215,0.3672679910369264,0.525541132732627,0.22269924731153815,0.33967362961261266,-0.03861840358398393,1.1034461809841913,0.09046737229957837,-0.08942932218661061,-0.2904624272121959,0.13911626446267744,0.12200499144896594,-0.0780476675359105,-0.06680266117734521,0.322100615226483,-0.24708404472272857,0.11453226745890602
0.5388866720951057,0.339474495469736,0.47646828550712217,0.27649556419028964,0.3440855984032319,0.3355715656832129,0.2770879623125762,0.28638312649753167,0.2838080305133727,0.29313377215356046,0.3636202071762074,0.25266798914702376,0.19930207283665943,0.3927377892712916,1.0001079383121039,0.22894303270019628,0.32083601515472904,0.25930825594939405,0.25364828192431627,0.3700174407543719,0.3309149922153786,0.20569220950696257,0.2974730461835247,0.3372765261934951,0.4033490000852504,0.3125612723544621,0.29193224314495797,0.25973362739724254,0.3691670199484631,0.39253762071232134,0.33897532700085287,0.33030967585362364,0.34254239204708403,0.34297880462980795,0.17622512788761216,0.37454016721307787,0.45615637871965176,0.23979951919430528,0.4612340345271574,0.01585149831057722,0.34749998469584736,0.32687387727327755,0.23154998696608908,0.4945286970450022,0.4311149904784464,0.3841226387769114,0.3536233255057342,-0.03535710202225459,0.5886597052317639,0.47191269860053225,-0.2713015301525666,-0.02310472577606536,-0.05714662644804378,-0.08007794146814913,0.011118131405758663,0.08418563869411554,0.11596210984947757,-0.0866241727328317,-0.09784908861880125
0.5051348077869279,0.2610939960563063,0.3792093825660172,0.2182972764715498,0.29367993189854785,0.24709516930724418,0.27245243501627264,0.28535919610063987,0.12419639211449147,0.2592309203544856,0.23284697088007933,0.23455542668604007,0.23091463543696053,0.2754871170447674,0.22894303270019628,1.3432175644112312,0.3332758726754702,0.2834174096446126,0.27934790550988137,0.13927397822666632,0.19604494054097465,0.6000100981188249,0.46970848393617176,0.320585048745053,0.4530667845764848,0.10231855582562258,0.33333906249548495,0.22655956454867765,0.2838101444314589,0.33203675998934584,0.22133114603360002,0.33644765929908377,0.29253132576036417,0.39491577845674763,0.28277180562767856,0.25767141120755493,0.250016474463375,0.14951723659936186,0.2591276259076072,0.026232326466950423,0.2716977273230793,0.38233554117991037,0.3151354263934338,0.6835992651511549,0.034170887301469575,0.15643323310834611,0.31880449205621453,-0.013330851587965592,0.6018916311951731,-0.4681396007304291,0.07456621027620523,-0.14471302648116974,0.1533195182266455,0.034136497858187044,-0.12499967449196635,-0.04381362055413328,-0.15583957720137748,-0.03794569436768729,0.3195252704757339
0.5114070150065941,0.3633597087706684,0.46491328702444157,0.23693100692686328,0.273217907739175,0.32583685391693806,0.32620186165250553,0.31895631142403813,0.2834488954922618,0.28674649255073664,0.30479654735307904,0.31437785859244594,0.22718031439357,0.2639171164498244,0.32083601515472904,0.3332758726754702,0.6061558701514429,0.254842126134528,0.269850824801253,0.34833768122853637,0.3404634417705277,0.32773947908953016,0.20856964509395942,0.30164743541734385,0.29210098466007794,0.22315320368129396,0.2659617292039834,0.30304576105863623,0.3361228177903954,0.2634674845968399,0.2983352427124549,0.26802190906773454,0.32998602340210276,0.3144399308308502,0.26141496186854574,0.34779196403189644,0.41314871327006586,0.2217600054560678,0.34089442449527163,0.09901576003877084,0.24090351276792077,0.3214405954319072,0.22965101002243316,0.4060822655620451,0.6267438304569709,0.24559747010428482,0.2944793379789836,-0.024120158182199116,0.5583204723477156,0.1769967169392112,0.004581642988773647,-0.07931996232499759,-0.03470634237163817,-0.018563075125417924,-0.18107224350264034,-0.056253712261537865,-0.04325155132471859,0.15474909564956185,-0.08421220245559898
0.4689185595773569,0.5946450881627517,0.461693445738956,0.2245985981200253,0.2563294280430354,0.24615173822616096,0.27141196688276636,0.3036484014357973,0.21221467712377062,0.37465022297454603,0.23521317770888156,0.3589241827203233,0.18396663170127384,0.22437325641568678,0.25930825594939405,0.2834174096446126,0.254842126134528,1.0802964017393801,0.25741829512482983,0.014583868084959116,0.38123073592686346,0.24756386106702263,0.4781234104364944,0.20380872131091388,0.327624198520233,0.43976213129770986,0.15540569632143206,0.14468294427769215,0.38903065169730766,0.08310081768614068,0.424045760927803,0.2504057936755898,0.24211691393002757,0.3667684777048889,0.044653156628157685,0.5837458232778906,0.08562830044343647,0.07005787301687844,0.41780272187891665,0.20698257462427255,0.3972129887510463,0.15588901305475897,0.2990736059659077,0.18494255915004518,1.1532013298909587,0.29493612143006165,0.5388652239309344,-0.030399370739839872,0.5273403808530484,0.1193151108436569,0.5696810132966021,-0.5013805797750907,-0.10073797710554107,0.0034937039358899713,-0.035015145039456144,0.0384622878537435,-0.048066367270725927,0.32744530351486506,-0.41310406693360924
0.43565439948447404,0.3441807473957345,0.4074678134405347,0.2836136250620957,0.4713458416150015,0.3689317155356562,0.23309146814157375,0.3123374989388571,0.18847980422302646,0.252446382433041,0.20840367300667512,0.24133851542639478,0.21927358297927005,0.24444247005735054,0.25364828192431627,0.27934790550988137,0.269850824801253,0.25741829512482983,0.7400102223436169,0.15302057276447428,0.25847119258665097,0.23627101127816072,0.08408738170588768,0.2753492317803435,0.21994264800804353,0.15292469606331088,0.19964909844224488,0.31860043844517444,0.21307694491993823,0.15924749328174517,0.30989367466676093,0.2895004362088359,0.31416317547383227,0.29236986398470155,0.17068124557344239,0.2349559833317006,0.15576653257484158,0.13454346677335166,0.26002733248494925,0.041509819081008134,0.11705674736365779,0.23907660009358564,0.09485313398677245,0.25973239593353525,0.3314254218364929,0.20031103872053863,0.2083177640012769,0.005882837085361909,0.5511345628522049,-0.1585517083300397,0.4287217059289463,0.2790706674145707,-0.21950252262285225,-0.08021346161274,-0.015695679339140605,-0.06729877409825309,0.11259565369590312,-0.10079699408835271,0.07369556535406499
0.4969488631122873,0.36043325036387025,0.3415964318511671,0.2711280063251918,0.2590196912750491,0.44055345739766905,0.2796733441795639,0.332923577786725,0.28570788841188133,0.2519930352095927,0.29498888279683727,0.2249087800775332,0.21596080159686568,0.36848447461296197,0.3700174407543719,0.13927397822666632,0.34833768122853637,0.014583868084959116,0.15302057276447428,1.3088583144409383,0.2519480530144157,0.20533950061753017,0.05895942585853757,0.3780512202890933,0.2993439593225748,0.4287373151592623,0.40555839366989765,0.2975251514126753,0.41742798244667473,0.4743144956158181,0.29088524026417495,0.30427863379822867,0.2910771308710933,0.3502100215783447,0.4141127785811092,0.30177283248941034,0.8869519898128402,0.6105011608059941,0.36935270642984347,0.20322849427736556,0.14635133887019094,0.4078103421186269,0.5991504443064937,0.3025659267975504,0.9774344994761588,0.1791702454850934,0.2268306813340884,-0.00081899483394551,0.9554241348283306,0.20299889603984297,-0.5998109262903948,-0.024668028269443646,0.1824949420436496,0.024061779709803364,0.08306955732943783,-0.09151837921334116,0.09873064952249246,0.14613773637960895,-0.1944271814127569
0.5783735942317422,0.513732427609148,0.4671264603349649,0.261850176085228,0.2938737645317169,0.35485686600500926,0.344883087316772,0.20977220670967262,0.3147342747154315,0.2924449237950665,0.2577366834200486,0.3214533607475417,0.20428718103658106,0.29861283331328037,0.3309149922153786,0.19604494054097465,0.3404634417705277,0.38123073592686346,0.25847119258665097,0.2519480530144157,0.7068975241116818,0.24627452856021162,0.24762156427182336,0.29277004948397706,0.25432929679479216,0.31742805619752423,0.22296225096374206,0.27678617044076204,0.46178981863264257,0.3190245885449038,0.37499690234315997,0.28081195968274125,0.3023629591857375,0.338683910596712,0.3121009543288698,0.4693226975261811,0.24598507167491704,0.17590948308775572,0.49619853417563536,0.2047743607604471,0.401599031584208,0.2746994509810177,0.2538814699221719,0.3527894934052714,1.238958356137627,0.2697953541895596,0.38349238799892704,-0.03839559521652452,0.7823557713494647,0.2327955561024498,-0.041821663552454674,-0.2261827398383177,0.02967208406023789,0.044621345178319324,-0.11198571260637685,-0.07153273220602331,-0.16673732753180598,0.25762274098772675,-0.06510389658780004
0.4890733192912096,0.26001892201625787,0.3863503249335295,0.20968677638524166,0.24459389611125767,0.2728430545803128,0.3149486503714208,0.2350412583408307,0.3562925939486741,0.2257370761994369,0.23209331828292684,0.2436431029858325,0.23200087972729325,0.25476384344317926,0.20569220950696257,0.6000100981188249,0.32773947908953016,0.24756386106702263,0.23627101127816072,0.20533950061753017,0.24627452856021162,0.6923696568684773,0.3270553364817196,0.25547986908136994,0.3054349464580819,0.22472222441530537,0.2561600875801352,0.17343076657001172,0.29979197032282473,0.20783475371024465,0.20791250640016787,0.2875480204318932,0.24295733011270518,0.3268464060230936,0.1814096149359737,0.2795776899681288,0.2098544551331195,0.15909880672342783,0.26056760571679927,0.048373341957690094,0.2179128483001118,0.3012472703100607,0.29997621411049136,0.4081434743153602,0.32514476074128273,0.18889424944429278,0.2353137507742508,-0.009795971491340736,0.2696867812148011,-0.19002331196886402,0.01888921936297829,-0.13531958031561092,0.08835077961293336,-0.017035803611288335,-0.03777605729540837,0.0019016079595258117,-0.13100724356643612,0.12936103989172007,-0.04208709984456136
0.332197568768742,0.2395723612092777,0.3377548875969664,0.160381393992633,0.16971594255377526,0.22312509948563636,0.21513240962093386,0.19192941981838832,0.17507478161500284,0.19952873193151707,0.18021463010195538,0.22274648925415486,0.11508586317388105,0.1980634514225911,0.2974730461835247,0.46970848393617176,0.20856964509395942,0.4781234104364944,0.08408738170588768,0.05895942585853757,0.24762156427182336,0.3270553364817196,1.3768171282522494,0.3369868455307073,0.5152522884008285,0.016490551143507146,0.15042045641852672,-0.05825566473728331,0.455853707988384,0.47752802905168523,0.14613185563277503,0.18710510010999137,0.2464522109341334,0.4658760073220683,-0.11743794989226687,0.6587016943411703,0.3044581808710637,0.08044031622563522,0.5432127734634586,-0.023919825232443438,0.4760279926533155,0.1270208156145699,0.3384803066352084,1.095911142582393,0.10451720330913104,0.2954291630215845,0.450186771211906,-0.009303223599515256,0.529221398671465,0.15396590496433743,-0.15306296520028526,-0.20997274044409664,0.1783374772178285,-0.025828277504488864,-0.2786463865311995,-0.02261419783685405,-0.0594986674484851,0.2011177083455062,-0.06718921128894235
0.6277292800865742,0.278157374926737,0.38381903112223453,0.27262795054716743,0.3288616165253189,0.3586768205225629,0.2981236789424131,0.2513488440928269,0.25161624932218657,0.28611140561524756,0.23537878175801008,0.2865053524910555,0.20771483391821438,0.3953335648817651,0.3372765261934951,0.320585048745053,0.30164743541734385,0.20380872131091388,0.2753492317803435,0.3780512202890933,0.29277004948397706,0.25547986908136994,0.3369868455307073,0.8460805039749509,0.31679150075036594,0.07830050304099707,0.29900164147142877,0.4755680247162614,0.35078805577618727,0.7271736187956209,0.40322661447743774,0.4200698116533057,0.7486152049269612,0.3976340197174699,0.4088162587703656,0.47223267947971587,0.6142734403239621,0.2872237719082939,0.2826014291690212,-0.031212673813935922,0.188540150376262,0.332730903003748,0.18236434307078545,0.7858331820113573,0.2663337018336635,0.3007852357805973,0.4942167254782548,-0.05224522015789237,1.338583701295598,-0.010847691549338184,-0.15195916869950776,-0.1211562182830359,0.1697745289684438,0.05090946045561013,-0.07092844687706885,-0.23132463082654617,0.3556888747658278,-0.4321222217616074,0.3811124759019363
0.5438632987341069,0.3401615989921381,0.40002281303430764,0.2274076458465967,0.2726106394248268,0.28469227740069064,0.2699468952600163,0.36286720388997806,0.20914260405613436,0.27479689471263424,0.27297552804571457,0.32641271523157933,0.20187839375572988,0.31036162974775416,0.4033490000852504,0.4530667845764848,0.29210098466007794,0.327624198520233,0.21994264800804353,0.2993439593225748,0.25432929679479216,0.3054349464580819,0.5152522884008285,0.31679150075036594,1.069760229548571,0.14498092000228724,0.2570493443091578,0.16939252479747202,0.48012193908571604,0.4420009635286165,0.25918775893786494,0.2865702811127387,0.2911143043273305,0.4105607122592697,0.21560794826798924,0.41402491061975266,0.3965352374246945,0.2097800226752852,0.3327774476590767,0.028491671852244764,0.31653758455024605,0.26002915994562353,0.33478497555748765,0.5738896493440772,0.2858181738170239,0.3409565958420526,0.3987063136396797,-0.0368693364360427,0.7310028481072222,-0.15108098289131852,-0.16762132645329472,-0.06003445878213088,0.19496180967075488,-0.033119969799798796,-0.0685604692066079,0.025295189139568335,0.05804518561430705,0.06237561818112405,-0.13962732314424217
0.41086822642507553,0.32752853199613025,0.33712543478378376,0.27297282461021094,0.2872202067703336,0.3244474974321729,0.25979444613870595,0.24209720371449428,0.35652748773634824,0.22658081146876488,0.2591072037292271,0.18386548979764605,0.22629971457071954,0.34569590301109676,0.3125612723544621,0.10231855582562258,0.22315320368129396,0.43976213129770986,0.15292469606331088,0.4287373151592623,0.31742805619752423,0.22472222441530537,0.016490551143507146,0.07830050304099707,0.14498092000228724,2.2248811028766977,0.31418944672648874,0.05540527282681801,0.08622785411278788,-0.5114083338801874,0.24020588353715833,0.38822272468639446,0.00676743684601062,0.1530069207867757,-0.04301368280802517,0.2324386199088105,-0.4797066843604321,0.17546660973158207,0.5285160483985334,0.29194077344547037,0.6220145825393707,0.45254900586026836,0.3718318269065673,-0.250830723213087,1.6464533834610706,0.06016708447614238,-0.03107537653880845,-0.008228834765280071,-0.38350764114331337,0.6683675868812475,-0.24113301581952307,-0.3403496667849047,-0.29805125612471683,0.05506160610287497,0.25650717765289033,0.01866205808678733,-0.18641720369656956,0.6727719461693709,-0.6155680741797853
0.5271353016371254,0.38251113460435465,0.4240017578302148,0.20779114073725055,0.22170529580525997,0.26417950875210877,0.26954620518944955,0.2779638466143416,0.23713021528198108,0.26544821176973366,0.24541451038087608,0.29658436871020877,0.2201774593159984,0.30819884797438296,0.29193224314495797,0.33333906249548495,0.2659617292039834,0.15540569632143206,0.19964909844224488,0.40555839366989765,0.22296225096374206,0.2561600875801352,0.15042045641852672,0.29900164147142877,0.2570493443091578,0.31418944672648874,0.8751464712176661,0.2225712889492899,0.2431824398550053,0.19877678519201977,0.26247166065325744,0.3306487044140266,0.32571811220006747,0.2519265350745265,0.19258953812516746,0.38469908882953774,0.30359436341554924,0.2415696225642143,0.1898413506417225,0.05712954079109482,0.26954991255499394,0.302279885729755,0.18347684763338348,0.1785611834076651,0.5919607769763401,0.22321177840608059,0.1898449210477673,-0.019875614118663062,0.5168515688366949,-0.056884040256718484,-0.11399720751675883,-0.014721435187753441,0.07942020277951925,0.01098872851362842,0.04583148730264278,-0.045309546031065566,0.14122020068490293,-0.08050794275913205,-0.013567404164549095
0.34399119382214727,0.26303079062650325,0.3290779519799845,0.1783660061952413,0.19848557819421367,0.2757621288770327,0.1746790143307303,0.21840728314382374,0.15427577978128096,0.20616566738479214,0.19006603153249368,0.18470173745680477,0.16498976819245303,0.23668010863548955,0.25973362739724254,0.22655956454867765,0.30304576105863623,0.14468294427769215,0.31860043844517444,0.2975251514126753,0.27678617044076204,0.17343076657001172,-0.05825566473728331,0.4755680247162614,0.16939252479747202,0.05540527282681801,0.2225712889492899,1.1978029297124833,-0.013799040468153462,0.45950272372110096,0.4526262440932566,0.2966402179520799,0.8166242454867343,0.20004351854793317,0.9940088667193883,0.27547978603378137,0.6310015446442541,0.2180586453406555,0.29228845026802597,0.067385782014904,0.1548988226498351,0.24148407956380405,0.01597893929896988,1.0093805408795526,0.18181334863675713,0.1583860514806924,0.2950920636731849,-0.03977829240772701,1.2867000232841692,0.09935885833395519,0.03780567808964991,0.4396920827360979,-0.5639292423899356,0.051499362773831846,0.06803227706752468,-0.07711165136974377,0.3134254032974071,-0.8473329969478656,0.6516261699068333
0.6327525919214304,0.6336832482567506,0.47950465973164774,0.339421716006353,0.38107812168408134,0.45210437928882197,0.37010540033571043,0.2508972096186403,0.2861725520168478,0.3332247567140085,0.29775191664770245,0.39188255165313163,0.2358547804096603,0.3425256863982922,0.3691670199484631,0.2838101444314589,0.3361228177903954,0.38903065169730766,0.21307694491993823,0.41742798244667473,0.46178981863264257,0.29979197032282473,0.455853707988384,0.35078805577618727,0.48012193908571604,0.08622785411278788,0.2431824398550053,-0.013799040468153462,2.6486082048788915,0.2912744074139317,0.1875876740923528,0.34443299247807235,0.0005628698705538964,0.8386296355614816,0.0688024796698547,0.9487320234924438,0.2595034087663665,0.15043425359463963,0.5867035518429361,0.2274243711478719,0.6563602737400774,0.1091617443218826,0.2934684336268119,-0.2408187617204164,0.794150946123843,0.38148794565815264,0.3173806454705127,-0.08838692874214252,0.5728831196997493,0.7243711543330131,-0.8770535755318928,-0.047655957767745505,-0.07883699872144113,0.11806901478800588,-0.0409011433009504,-0.22062015320101921,-0.12645527360083061,0.5585465389633407,-0.38975891550733754
0.5609679299018399,0.18694588548628663,0.04284269300545123,0.1988186728478591,0.18873440084908272,0.28017579923462127,0.2237361797994478,0.2838988453945774,0.16293854178164524,0.2316162307492369,0.2159117793112539,0.23431789683089488,0.13913683384785813,0.3490372061567531,0.39253762071232134,0.33203675998934584,0.2634674845968399,0.08310081768614068,0.15924749328174517,0.4743144956158181,0.3190245885449038,0.20783475371024465,0.47752802905168523,0.7271736187956209,0.4420009635286165,-0.5114083338801874,0.19877678519201977,0.45950272372110096,0.2912744074139317,2.867485111411707,0.26274921999668455,0.20502103160661211,0.4940046458826726,0.18196038875159729,0.8624052534914403,0.30946490869029647,0.9304064394249848,0.3870678591667406,0.3868807654903319,-0.1596678124149163,0.7807766956095277,0.3114914762199369,1.0639169707749092,1.2984005771305165,0.3304632250930091,0.4258563406187372,1.4182372729606503,-0.05628606791998756,2.3083427074618577,-0.31354239104674886,-0.15192179937655556,-0.4248449539933259,0.6305032672472203,0.11233114271248648,0.005027379596137154,-0.27762481173220643,0.00832991451896225,0.5806921544916792,-0.19259599646128822
0.5867465708466373,0.34862738367321916,0.4266338206339018,0.23847683437233244,0.30967198355875,0.2983973143260064,0.276439424229935,0.2568438852203209,0.2552237236499416,0.3362721545104467,0.2332004263943108,0.27802065689326977,0.19484786314668842,0.3403154135741597,0.33897532700085287,0.22133114603360002,0.2983352427124549,0.424045760927803,0.30989367466676093,0.29088524026417495,0.37499690234315997,0.20791250640016787,0.14613185563277503,0.40322661447743774,0.25918775893786494,0.24020588353715833,0.26247166065325744,0.4526262440932566,0.1875876740923528,0.26274921999668455,1.123538560997342,0.38488026809541603,0.4808909511841611,0.40021166608777675,0.4430231896505014,0.6133096380486875,0.32084699716126086,0.29571383517981903,0.45275786866241313,0.1779803083872233,0.16826829749122982,0.32216006003814673,0.030973665637011993,0.3508006103243311,0.8741932976347909,0.3161445055532115,0.36905624345378746,-0.039468401689507014,1.0326972504525542,0.06175340145715715,0.2355779136260202,-0.19168571272209867,-0.028572466897241088,0.018936794421346177,0.15693639154308137,0.004200151765620409,0.4292907988113643,-0.6780806414768185,0.19227937808717588
0.7094855482398758,0.22415403388716645,0.3517133941490061,0.25561079288200034,0.320346843115362,0.3201328978559315,0.29659185897563817,0.2670456177753975,0.2650452986067545,0.29272767966065455,0.23896967643891937,0.31261065561921414,0.224047622526599,0.4785025421527139,0.33030967585362364,0.33644765929908377,0.26802190906773454,0.2504057936755898,0.2895004362088359,0.30427863379822867,0.28081195968274125,0.2875480204318932,0.18710510010999137,0.4200698116533057,0.2865702811127387,0.38822272468639446,0.3306487044140266,0.2966402179520799,0.34443299247807235,0.20502103160661211,0.38488026809541603,0.6478369807854989,0.3119043116284746,0.3803139967916741,0.23230746441384303,0.3990757535651955,0.1438764343722973,0.22985938189512,0.338390900197973,0.09623244958101676,0.2657967783434247,0.31132246132362523,0.009809561413385327,0.2768893796398076,0.5143420635829868,0.1985102875005275,0.2610466826427931,-0.03459145506280555,0.9629721854301322,0.07917427187668541,0.028853628456137124,-0.04239158113679633,-0.15409961936924774,0.08823620362328943,0.0075568604877185915,-0.06787513833479059,0.5766184761840278,-0.5418383182393539,0.10389390742064239
0.6566683155187849,0.3492279778945878,0.5082132073475726,0.23878759475551845,0.30745513868501095,0.3231229039448509,0.3105394333304172,0.2781942582737366,0.27268786550660384,0.28987817220567635,0.2412577499717657,0.2914147277969306,0.2088218831087907,0.33742312905525135,0.34254239204708403,0.29253132576036417,0.32998602340210276,0.24211691393002757,0.31416317547383227,0.2910771308710933,0.3023629591857375,0.24295733011270518,0.2464522109341334,0.7486152049269612,0.2911143043273305,0.00676743684601062,0.32571811220006747,0.8166242454867343,0.0005628698705538964,0.4940046458826726,0.4808909511841611,0.3119043116284746,1.9858665243195341,0.10151390238552205,-0.013397194183649234,0.22258368148202426,0.8161140015099944,0.24101755003509137,0.007416550155381903,-0.3322813709090747,-0.3892480143151429,0.4485162894035269,0.069222271811406,1.298628614498164,-0.288089585648548,0.3384765454422817,0.45047705253534304,-0.08458990720728694,1.5712983406981882,-0.15779870041265903,0.0036043580966011613,-0.1164783953932108,0.23438161252461007,-0.05751162686712556,-0.0765648420362119,-0.07533094276023466,0.19978044377434168,-0.3652869705625584,0.3954204818227769
0.3304670912894165,0.4234559139521729,0.5187857558854351,0.318325492613772,0.37401343863090575,0.3767721530610335,0.30006588061096773,0.2798186080320524,0.2593725447753851,0.4350156050178904,0.24242910313396943,0.3116370922938461,0.21621143978741386,0.31460765709486166,0.34297880462980795,0.39491577845674763,0.3144399308308502,0.3667684777048889,0.29236986398470155,0.3502100215783447,0.338683910596712,0.3268464060230936,0.4658760073220683,0.3976340197174699,0.4105607122592697,0.1530069207867757,0.2519265350745265,0.20004351854793317,0.8386296355614816,0.18196038875159729,0.40021166608777675,0.3803139967916741,0.10151390238552205,1.6935071020123675,0.4958504367000302,0.5712828638103019,0.6507801026998932,0.18947803113052963,0.6624663399970712,0.039850267065493473,0.25248573646842515,0.2621486738652944,0.43970045316741285,0.520148786706524,0.7232366348255865,0.009800715210586716,0.283870490651434,0.01143634979173277,0.7424347800945309,0.04579262023925211,-0.1507972814278724,-0.1285977349995653,0.13533209333796145,0.005590840680117436,-0.07950266032228065,-0.09975268399057095,0.08649361721929598,-0.1069114770671942,0.07272847971306268
