1.1907308806453867,0.11569957563806343,-0.009962979824963691,0.09357512226588423,0.22729969550840165,0.06578268469545182,0.14179633046447368,0.10801066520202136,0.01958422041612806,0.09880004228961217,0.08557024409434046,0.10782439424402403,0.060784962155635426,0.06331457048477447,0.10164633876116662,0.07360435213481634,0.046765750012996876,0.10341366270977555,-0.006845299265178593,0.0648859331808458,0.0688810454027288,0.12473019757818728,0.1338111013736249,-0.19896836763402523,0.06140118270117921,0.11302745272753491,0.0868161885208702,0.0191404781201615,0.02012173308494936,0.1131594666896306,0.047378244874952555,0.05170011228170166,0.033032784615389756,-0.2336903608018258,0.011628924203690346,0.07697642167688791,-0.034640303148146576,0.05064858574178395,0.007065603220041345,0.07792966599108551,0.06636402932027816,0.04390364158381391,0.023737198310705324,0.11135639061389956,-0.016430508624001812,0.044628514715238744,0.009883107684265216,-0.020860167491053957,0.05605965029273076,-0.012477494503922248,0.0432873269239149,-0.03709239667526144,-0.008338338712244691,0.02966499635724121,0.09377382101244376,-0.014481997007157528,0.015759014916177958,-0.030463959826449612,-0.0849523058922863
0.11569957563806343,1.742923175741615,0.5659382916513427,0.083752910853065,0.13001070114535443,0.17683357947507242,0.1774532694489503,0.22618111768751029,0.20130089780192562,0.213107315003406,0.17666015476125074,0.17105491035181428,0.13746854126897468,0.0605539197915063,0.34428183214979896,0.13120644104472245,0.2311067002234529,0.37448134131480304,-0.011319269467766716,0.1941142776546338,0.25694361779916414,0.061165461694149485,-0.29486635582279375,0.15796359540954794,0.13816820288216794,0.2988316633291784,0.119776156933876,0.26774335494936785,0.25530313275584726,-0.016958568138414117,0.0019968643388025373,0.11524138926894185,0.13683000440084606,0.2293882389473575,0.198186349465745,0.10087311165766794,0.4824208483891317,0.12645040453435819,0.08366545674653329,-0.10124446914664742,0.1662760007065816,0.08954561919461643,0.103091288025187,-0.07790625055709605,0.19961792369057235,0.1775062240217398,0.1726098552263185,0.04025420948231524,0.14491082469210978,0.08997360511017512,0.21393329277598802,0.17962790672775644,-0.33074763882177194,-0.14842322191950297,-0.32276074724718185,-0.08564905299966778,-0.23410279031259643,0.27729392545958,0.08986243313258732
-0.009962979824963691,0.5659382916513427,1.8290257493412168,0.1384405935134023,0.036539102560319066,0.2385294531684671,-0.07960121488690232,0.2737035711199317,0.3622048192116732,0.26608776712467,0.1488425720884651,0.16571421057422356,0.11137868721135273,0.011719597481728279,0.29709315955348364,0.06958829618154733,0.2572078639659394,0.2433430996167496,0.29269063579560556,0.29399950614707415,0.1518112686525965,0.1538334049127485,-0.05475967093158243,0.23659324393783387,0.14244013556804336,0.2333553598835432,0.08545872950104579,0.1813522381356414,0.23290039229989012,-0.31172860287477133,0.19905158236786463,0.031024138027718903,0.08253652147424284,0.3199755292251863,0.17834238263519375,0.25733356697133514,0.4438797043318114,0.18615126529007833,0.1368133091808668,-0.48098303905893736,0.06744683293660156,0.060000386916941935,-0.07708110851546672,-0.09915223715613601,0.24062993588863088,0.51784519528157,0.16694490323364736,-0.03136061228023819,-0.0720287678128442,0.27343693441987915,0.012922212226268371,0.24489171078191468,-0.2067046457991338,-0.3219934669927098,-0.05781747751201632,-0.06983827690937985,0.42621164809083756,-0.01644179163191639,-0.4135015665297502
0.09357512226588423,0.083752910853065,0.1384405935134023,1.0816717862489946,0.31534284874948665,0.24452956538634982,0.234859622549047,0.19262671391331634,0.08994171070888385,0.17812302411769118,0.14677657551024115,0.2684676527879146,0.12933142750339302,0.20260944696812072,0.14297835393122796,0.21057806954751898,0.12114943467932607,0.20569654147121796,-0.021791189716414767,0.1274941063523247,0.1292534561616355,0.13811072715630218,0.15369292528301526,0.21402694606106729,0.14981486508574687,0.16617959722654055,0.12296788048526024,0.013080477092577094,0.22015782835864117,0.03241951043913228,0.05747791765008229,0.20896463169755083,0.1047246660066111,0.23136406547569058,-0.12882996216643022,0.16874521472919432,0.05488977297885872,0.08820315197413972,0.09144119905904355,0.04910831886193958,0.08566430249485393,0.13138256813352106,0.09973730079558252,0.08221764010843512,0.0356564961867789,0.059166379630908775,0.1911797002779897,0.022017985252576863,0.18154394975688098,0.0037369887591950117,0.03240899178681832,0.11622196246507362,-0.04986417931360387,-0.03664632022559113,0.04511394460424484,-0.09727403333460784,0.03186192339197061,-0.025754979833728583,0.05002367945874546
0.22729969550840165,0.13001070114535443,0.036539102560319066,0.31534284874948665,1.2042355034510452,0.230506502723726,0.17557839673917783,0.1702174670702226,0.1738921220954467,0.2360609858525775,0.1347886428488137,0.27315410538076795,0.13552626740198298,0.211333976196421,0.21069417801327114,0.23677201812846696,0.0731287796488909,0.1229803146147611,0.02211163950641124,0.13441826602546958,0.10099835249603553,0.11384871543635311,0.25385106966382837,0.1521809985765669,0.15845523713990298,0.1236334381654516,0.15693945399243112,-0.055366859644855375,0.24256907806828815,0.0797322110362943,0.09287360863339267,0.20663497089464525,0.06195852156212259,0.2662873595472677,-0.13989207660933584,0.1970828511611791,-0.027136203394906473,0.0922266384820408,0.03918066027947069,0.09281435812586418,0.09266404094564606,0.10252603107992352,0.13331506374589672,0.14216232176714222,0.026871978126820673,-0.03126004378215214,0.1645554287280487,0.03151332894898772,0.2061252326816225,-0.13548491606136198,0.005276427690511375,0.0336440921707696,0.12377813492157533,0.1138621671884502,-0.06440166045545154,0.04233691314626245,-0.10697280502396134,0.03429477289728798,0.022189498979143574
0.06578268469545182,0.17683357947507242,0.2385294531684671,0.24452956538634982,0.230506502723726,0.8188905648719559,-0.034057377901234,0.3638140952757931,0.2547941788381443,0.19287711876061162,0.21652540529712574,0.22911535835902108,0.1508994580868865,0.19394586189513283,0.30584975103882084,0.20283179599927087,0.23759418946095243,0.19975705363268584,0.20823563308719145,0.31332071247044047,0.18564488813655153,0.14914001755554612,-0.017196947784138657,0.254678819825482,0.20123600827497004,0.339248625573208,0.17239963679215156,0.14541857508706604,0.3186624586228532,-0.04289867168342538,0.153017709118903,0.2161963658713321,0.03216077806454496,0.3020556916305097,0.1241210844135522,0.1151205302540426,0.2068521370874003,0.15307287834486774,0.19009012571720252,0.07998228718464988,0.08447510891523896,0.16987935796325113,0.13617754736557705,0.05408663929782281,0.12786941795012,0.0934163971134396,0.37278129632750184,0.028803706450645224,0.24768059959692573,0.15208354484621728,-0.16072655081795223,0.18245868581498204,-0.18228454359145804,-0.014376407662631324,0.0007450753443721213,-0.011585922670320286,0.13250099756790698,-0.0009394157126698237,-0.12499648720891395
0.14179633046447368,0.1774532694489503,-0.07960121488690232,0.234859622549047,0.17557839673917783,-0.034057377901234,0.8874371303825598,0.11453578509698228,0.187191891354177,0.18951622537390417,0.1973376974365835,0.28672101492299945,0.16529237871084942,0.2586916877752889,-0.015412123744697746,0.22590154565479179,0.16896606984656207,0.2364877600912817,-0.09763089708023734,0.053805944400123554,0.19769935254208662,0.2847597537869342,0.33226251682477864,0.23643330472302257,0.18353925498924487,0.13437373011098425,0.1607432070092521,0.0680746292792328,0.1737809667240803,0.2681098345298587,0.16895323252556657,0.2520434921881522,0.16091074781820364,0.23560294588439587,0.08639729794464031,0.3491243098517222,0.018009098416065444,0.0673185520231547,0.12788889837425205,0.07831196259067914,0.1712777478702879,0.11190898824190153,0.16349985123833516,0.19897440800401223,0.043369582781169425,0.08983100109710253,0.05468817081212022,0.014212551950580639,0.30435038607465753,-0.19428765043793328,0.12540748227596948,-0.030186802031241782,0.15966275952841982,-0.04862459031672343,-0.08486306152859764,0.04969101893230251,-0.03921875525583574,0.08600920409666912,-0.2017841537469611
0.10801066520202136,0.22618111768751029,0.2737035711199317,0.19262671391331634,0.1702174670702226,0.3638140952757931,0.11453578509698228,0.6930449095022974,0.04815611786003747,0.17760366704379194,0.20008111593092107,0.10459524579633735,0.1684546351694547,0.17030125295808937,0.22119841330629106,0.16133144488131412,0.2687413429162535,0.2231450444583546,0.24374912976404506,0.2946963121789042,0.15583257708257497,0.16020920715451129,0.04732096869585992,0.1926857310966134,0.19231597138687154,0.25230007947538513,0.14619163921426925,0.117587976645785,0.2343208891363524,0.05320932296199035,0.17242236288559312,0.13653453722153586,0.09634783750662161,0.2736467226095524,0.1653884998327411,0.1599181869044488,0.26043514202320295,0.1373145176780932,0.2802672975350146,0.03515850787437439,0.13154911108158487,0.15110192699025124,0.1256753037347181,0.05284306056045291,0.13731759443132296,0.20231905889997637,0.31883224374117336,0.019156053700642554,0.14447034647531842,0.14511501529291004,-0.0391357876773003,0.10247089731173253,-0.004123735803754979,-0.15544904815235835,-0.12770250238797784,-0.024023203797384953,0.2044794218233706,0.1332325096428712,-0.28006394031620313
0.01958422041612806,0.20130089780192562,0.3622048192116732,0.08994171070888385,0.1738921220954467,0.2547941788381443,0.187191891354177,0.04815611786003747,0.6221754466880386,0.1387512930183815,0.16390376448445118,0.2035093786114288,0.1401614550904254,0.20812356810948587,0.12666372428613507,0.18050710733127406,0.14623555931330706,0.14729829963971108,-0.009591307378260605,0.10394522253929185,0.18319369007542466,0.17769191574238405,0.15016445163776268,0.2580424743146102,0.17608170692756675,0.20546512673761314,0.13545625424567648,0.11842020562651255,0.1870946585459918,0.0471319841885201,0.19699050955272998,0.2058846939872243,0.10172704934325473,0.22062358357476575,0.15396062352559878,0.24846202959869002,0.08448403133813565,0.08203716072110746,0.08075250337054367,-0.030009406134003495,0.11399962351895895,0.08563977821330367,0.09081116890180994,0.0999661360119291,0.05786260552285071,0.10077942336986993,0.15790664435713883,0.01319040371935104,0.2250416282418457,-0.07709559728507726,-0.028839837349624683,0.028916411409876247,0.06076908478416382,0.009995224160505205,0.05162585286814264,0.10325756806317056,0.058695578596982725,-0.09489853347825304,-0.14568129576090605
0.09880004228961217,0.213107315003406,0.26608776712467,0.17812302411769118,0.2360609858525775,0.19287711876061162,0.18951622537390417,0.17760366704379194,0.1387512930183815,0.599784275456287,0.1599349647435483,0.19280902894760857,0.12458643396945533,0.18475162506055426,0.17283667031535516,0.1537690218523003,0.1346281182036276,0.18938160350058095,0.08181754283317788,0.16168355910614537,0.10984719497687134,0.1359071707267816,0.11417240749801669,0.18326382680853676,0.15415298386564846,0.12668782391259092,0.1436521868077761,0.07597460689946901,0.2284599097716851,0.09044160445431704,0.07120276350425858,0.17123755903522525,0.08473142327852995,0.2691051755908508,0.10404857988232268,0.21300414754011365,0.1316737967359895,0.0965115869492738,0.09760566411257283,-0.015845697344045343,0.1263821427534308,0.09116526625076865,0.09087951434523629,0.08149732331666859,0.06517803580416438,0.12130236245023795,0.20717018288366842,0.01916468423176418,0.1720032869311125,-0.05867676567204302,0.012349053757942128,0.020066428530569214,0.08398902013657254,-0.017964053358530616,-0.004921483940524672,-0.048379312506572424,0.06229707557387139,-0.018087344352252604,-0.03298413307921923
0.08557024409434046,0.17666015476125074,0.1488425720884651,0.14677657551024115,0.1347886428488137,0.21652540529712574,0.1973376974365835,0.20008111593092107,0.16390376448445118,0.1599349647435483,0.472195704612628,0.22908637373659674,0.16693530414970556,0.14392483029663375,0.20301501141053088,0.1858487697921947,0.22879109945401538,0.16131926950191144,-0.02662059046268884,0.16954013591470848,0.17675245687245525,0.15363879952990392,0.12948871629315925,0.21540714962045932,0.17177895117280456,0.17075849583377545,0.16147052983712704,0.08815503763480745,0.21993864544357122,0.10679093949167144,0.13332788841205445,0.13844061519225806,0.10498917890979705,0.19098732818615097,0.15690033799706785,0.21147698543437235,0.14015595335544712,0.09460931379959778,0.15975285235622105,0.04218389589288726,0.12723791249494684,0.11478251580073488,0.10300836830789645,0.08725795954253125,0.07139380683044332,0.10824265597240165,0.21581904016400827,0.021611763584568174,0.16392448136683396,-0.006725105787254094,-0.05852549597732311,-0.02807851190206011,0.14953412367605762,-0.009664172854346304,-0.08263445620587594,0.0006020237822226629,-0.025053419092112922,0.04561311745495434,-0.11036756284938021
0.10782439424402403,0.17105491035181428,0.16571421057422356,0.2684676527879146,0.27315410538076795,0.22911535835902108,0.28672101492299945,0.10459524579633735,0.2035093786114288,0.19280902894760857,0.22908637373659674,0.6567061093447583,0.13010709547686178,0.17996838896698122,0.12013087719671282,0.21925162654366856,0.13018932544031625,0.24417899907221924,-0.017524774287010415,0.10215538511497839,0.14379045164397025,0.14035198658260042,0.14585467771520136,0.20324286440219916,0.20378175797336645,0.1996396890734816,0.1967166457940413,0.06765945760877379,0.2331024875044286,0.04671219950184697,0.0947115264262359,0.20634919920427477,0.030319554180201703,0.21977972844508123,0.13845730852429203,0.25831585224385156,0.011882419928387027,0.07283099591017332,0.01726542828171669,0.046957437154452865,0.09435606631299967,0.09274298325580257,0.09490360210748194,0.06802072712296303,0.09534846840204465,0.06381455247752557,0.146315157956084,0.026744004895580036,0.27265130703144475,-0.16907761382353076,0.03549703912795962,0.03317224510094864,0.029174477562290295,0.0782286828821959,-0.07832946051028468,-0.0026443546919055327,0.06952706125704225,0.05507152658877129,-0.18560282765472624
0.060784962155635426,0.13746854126897468,0.11137868721135273,0.12933142750339302,0.13552626740198298,0.1508994580868865,0.16529237871084942,0.1684546351694547,0.1401614550904254,0.12458643396945533,0.16693530414970556,0.13010709547686178,0.31732301842146343,0.11582688519284288,0.047465438732340014,0.13053715589346734,0.14269780631969933,0.11455869814554366,0.06093216911510639,0.09399011962807378,0.12623661762626015,0.2021010043986335,0.13519805617408137,0.14642985302261574,0.11231473224083442,0.13694533588391747,0.12444521206990942,0.07942533194499483,0.17655971991663605,0.10268130114754155,0.07728673012130849,0.11928045701296863,0.08623462908073491,0.17720313874858848,0.10651408819926875,0.16485981880412953,0.08888940352287618,0.06450556547997416,0.16540718283977068,0.03303045300085208,0.1119581409162609,0.084373404442516,0.09296024312351714,0.13573682683646898,0.0036544847342422993,0.08029132400604574,0.13107983985438695,-0.003945138951826184,0.16491691713245998,0.044084696458468124,-0.03006694991483493,-0.03162970088987498,0.034995362564964175,-0.014865230536741325,-0.025208991893260407,-0.03890021797381701,-0.07543431958330649,-0.03280688708009318,0.0827432249951481
0.06331457048477447,0.0605539197915063,0.011719597481728279,0.20260944696812072,0.211333976196421,0.19394586189513283,0.2586916877752889,0.17030125295808937,0.20812356810948587,0.18475162506055426,0.14392483029663375,0.17996838896698122,0.11582688519284288,0.7084991490822697,0.15007000343797441,0.4012785852911916,0.13559120996902566,0.04711080544068819,0.1213845294344729,0.15823113159993835,0.15794875990180177,0.14773101213047476,0.13324200623719193,0.29890334110775935,0.26334460953933764,0.17633444879238033,0.15476306952114235,0.18348142476097828,0.2125230522621332,0.26776883529541423,0.14045996219539267,0.5317171445552253,0.20859148021562682,0.19738431655580307,0.21422085233369523,0.2798522309312611,0.10402671270923847,0.1146079418085198,0.11640245975379025,0.04895487124687592,0.1884981669872155,0.18062572557366852,0.152714032895578,0.12673254931489125,0.0746210886517919,-0.0016878439251143322,0.2534198527133651,0.05423024915854494,0.3048333471408876,-0.0630733720644697,-0.04174258916252162,0.01253149459602105,0.1005397730486343,0.045916844815724424,-0.01693282308824072,-0.07424437769602263,0.19629650447902297,0.021603968936513885,0.03657768040126147
0.10164633876116662,0.34428183214979896,0.29709315955348364,0.14297835393122796,0.21069417801327114,0.30584975103882084,-0.015412123744697746,0.22119841330629106,0.12666372428613507,0.17283667031535516,0.20301501141053088,0.12013087719671282,0.047465438732340014,0.15007000343797441,0.8292049431265187,0.19846241478311913,0.24195555174143255,0.1795478499291578,0.13201091950705215,0.23985166113494064,0.16924506387855354,-0.024457608744316687,0.03460001811492155,0.26975113468401885,0.22193028830862607,0.17390208147716077,0.11378768223940568,0.18122866839195975,0.2309438220274509,0.030207111087750035,0.15070916268077642,0.14804643501032663,0.10294819926926707,0.19621930950612196,0.14622452709701098,0.16603306802637977,0.28058268829204225,0.09415476068758362,0.1544403564366894,-0.0007408389719781705,0.13517097354260568,0.12811873442132676,0.1047684040483813,-0.00871472433951654,0.16025367489148576,0.09673361408817988,0.23280470981629584,0.05768581506063742,0.06839213079125303,0.1616106313323991,-0.08864383167260456,0.17136343188968078,-0.16811239565373876,-0.0389880776252538,-0.02715786587707094,0.094264041800441,-0.02006763077685116,0.014806307369252982,-0.11183933516321327
0.07360435213481634,0.13120644104472245,0.06958829618154733,0.21057806954751898,0.23677201812846696,0.20283179599927087,0.22590154565479179,0.16133144488131412,0.18050710733127406,0.1537690218523003,0.1858487697921947,0.21925162654366856,0.13053715589346734,0.4012785852911916,0.19846241478311913,0.5400032219375281,0.23486377712705286,0.06821264664246589,0.08161489001164551,0.17619346998870822,0.16409014238997516,0.1416923235495147,0.03919841391027456,0.24405129391390204,0.24782745630570635,0.16484637126410734,0.17609573858359626,0.1835838711039093,0.21820266267360064,0.21687883065499647,0.12292126810048543,0.3228010145123305,0.12714044783228207,0.21317870451672835,0.2629147787606943,0.2183775742454322,0.15190734775292614,0.10204051191389557,0.1487073506436362,0.06695011122111942,0.174869357484151,0.1949984466802707,0.15509022265001166,0.0671515288038057,0.11405214241524665,0.036307926760926125,0.23649422648201135,0.035216816435517724,0.20548319678038823,-0.03341429350342274,-0.07000790014636847,0.0308545523070692,0.058341281524295775,0.03871323634531777,-0.05961918923436614,0.01266196885453955,0.004878187797348272,0.0586460409105933,-0.03367299367735644
0.046765750012996876,0.2311067002234529,0.2572078639659394,0.12114943467932607,0.0731287796488909,0.23759418946095243,0.16896606984656207,0.2687413429162535,0.14623555931330706,0.1346281182036276,0.22879109945401538,0.13018932544031625,0.14269780631969933,0.13559120996902566,0.24195555174143255,0.23486377712705286,0.7685316951231641,0.1843185875090477,0.0928730584453162,0.2853268387813683,0.23315200522230012,0.24036287406345577,0.06648039055243132,0.17892460288095274,0.19473475384853087,0.18004016226651484,0.16515983639378615,0.26040035595005784,0.25177552417931687,0.15348029136372185,0.1794233926373926,0.16174387173437338,0.15440179050961447,0.24763531960322174,0.23749416323892497,0.2505569299602847,0.35344617557086416,0.16732729384753803,0.14390324865557422,0.024417009095541217,0.23993190028193545,0.22134418257775487,0.13553798399899986,0.06750282374864333,0.19953942195508284,0.2051711693715768,0.3854654113389822,0.00994440772746028,0.15587593478413603,0.1010862930227228,0.10633124527736801,-0.008709540421578007,-0.15556374171982887,-0.07512104267844061,-0.3300362888180819,0.061307874040141264,-0.10156391058961912,0.2720135582959697,-0.3828831124674776
0.10341366270977555,0.37448134131480304,0.2433430996167496,0.20569654147121796,0.1229803146147611,0.19975705363268584,0.2364877600912817,0.2231450444583546,0.14729829963971108,0.18938160350058095,0.16131926950191144,0.24417899907221924,0.11455869814554366,0.04711080544068819,0.1795478499291578,0.06821264664246589,0.1843185875090477,1.143702320725596,0.0870107487055748,0.029044038006469933,0.21468396590885383,0.15972864392415326,0.18011289197987415,0.35801300544446807,0.13509633148943034,0.4127208415251072,0.01568681113711936,0.21440269277667642,0.20745091476417782,-0.07490947243611594,0.20001218310343286,0.1020648813079069,0.0942576208237191,0.1785056395870731,0.07039699167178927,0.2791390861531452,0.1936426095223748,0.04839093670174518,0.09899454181657251,0.12900765527825717,0.17024901958416924,0.09918459772406825,0.1341745064916354,0.020697774048771468,0.1631436984188344,0.21975916698085696,0.17447421640635521,0.022605157875047518,0.19548661715839866,0.06230363468723331,0.4729875769087768,0.010208318763354061,-0.4892624976726683,-0.14241107871667713,-0.10227507922917227,0.04952051163142061,0.1270795845573448,0.14213731162644025,-0.34717918255479424
-0.006845299265178593,-0.011319269467766716,0.29269063579560556,-0.021791189716414767,0.02211163950641124,0.20823563308719145,-0.09763089708023734,0.24374912976404506,-0.009591307378260605,0.08181754283317788,-0.02662059046268884,-0.017524774287010415,0.06093216911510639,0.1213845294344729,0.13201091950705215,0.08161489001164551,0.0928730584453162,0.0870107487055748,1.69839720425737,0.3475991013803299,0.06025436983410877,0.08686022700775914,-0.045402994186804706,0.053030094534419175,0.042278309047166306,0.03195357045541299,0.04717608112209229,0.10053702508769508,0.145453900502715,0.05495875233374398,0.16078277572648111,0.08585712695290458,0.093637906670551,0.09825025449476639,0.007574839069129016,0.12315975146237018,0.14875616395759375,0.1721521555951579,0.16436321144312632,-0.020450960199651185,0.15151411034113413,0.14450396382684502,0.06478251366803721,-0.03215926890783692,0.1371090267532238,0.19000777722994341,-0.08560834517197445,-0.01154831819140686,-0.28199163421874385,0.19156870931171205,0.04578562338585652,0.03777026739245137,-0.16821277357430056,-0.13246567017273822,-0.035239247901848535,0.05198383765729263,0.09522577023210754,0.06838127780588885,-0.025732020508208796
0.0648859331808458,0.1941142776546338,0.29399950614707415,0.1274941063523247,0.13441826602546958,0.31332071247044047,0.053805944400123554,0.2946963121789042,0.10394522253929185,0.16168355910614537,0.16954013591470848,0.10215538511497839,0.09399011962807378,0.15823113159993835,0.23985166113494064,0.17619346998870822,0.2853268387813683,0.029044038006469933,0.3475991013803299,1.2198134407615162,0.05157816367327596,0.0031652722256632283,0.2338686556323974,0.2600684210186163,0.16220094754156034,0.29515670605025957,0.2639944187507877,0.03070464132945571,0.35823339956024347,0.14757315606043112,0.23488368659012898,0.14623728845610445,-0.05739282800749162,0.2849114931049018,0.08653947043047278,0.25086339546790526,0.3730002330741771,0.42286087296928765,0.16324791715355036,0.10687910519271189,0.240912094611657,0.34658830641447497,0.16214732306182733,0.04864612169342623,0.223986092449817,0.22789639259175312,0.1715349676952868,0.09985301606524272,0.31805330688208183,-0.018757791194264517,0.009470062224499812,0.12466063644807965,0.056270708080072895,-0.09494603559899498,-0.0062111714404585235,0.007693181449394968,0.12918402988985164,-0.03169724024888011,-0.10129567482386624
0.0688810454027288,0.25694361779916414,0.1518112686525965,0.1292534561616355,0.10099835249603553,0.18564488813655153,0.19769935254208662,0.15583257708257497,0.18319369007542466,0.10984719497687134,0.17675245687245525,0.14379045164397025,0.12623661762626015,0.15794875990180177,0.16924506387855354,0.16409014238997516,0.23315200522230012,0.21468396590885383,0.06025436983410877,0.05157816367327596,0.5336674191867102,0.18877887519235229,0.09317463621775879,0.19031973180684367,0.15593610082600481,0.23908512698932508,0.10088876658157324,0.21492787653923318,0.1701365689491091,0.14370176510359525,0.24834345326360388,0.1709385946354108,0.2038783705083725,0.1840945285334782,0.19494677237039432,0.2569460441291577,0.17826645379186432,0.10151438641555786,0.21335534312575305,0.08086929019168558,0.29953747856755203,0.12012353776911705,0.15312449016225313,0.14404609713471347,0.11786617454351987,0.1017650512740869,0.25304916258614607,0.022748004209371217,0.136602771275024,0.09385403709442387,-0.002519824728094603,0.001061821153526964,-0.07852054436383395,-0.03790159070293482,-0.08395463489591394,0.021398744881097984,-0.10898400966505366,0.08329487524569637,-0.04689116450817203
0.12473019757818728,0.061165461694149485,0.1538334049127485,0.13811072715630218,0.11384871543635311,0.14914001755554612,0.2847597537869342,0.16020920715451129,0.17769191574238405,0.1359071707267816,0.15363879952990392,0.14035198658260042,0.2021010043986335,0.14773101213047476,-0.024457608744316687,0.1416923235495147,0.24036287406345577,0.15972864392415326,0.08686022700775914,0.0031652722256632283,0.18877887519235229,1.3573314687559783,0.2975970807825839,0.1527745245217574,0.06536611184343176,0.2629446237516784,0.18392474685083754,0.1369506998572391,0.13928277457642704,0.17587963233723236,0.16637085388741782,0.2227524131660864,0.198983403794692,0.21321495202973034,0.09678740637877346,0.272545852326458,0.04834268544409567,0.12941004455984215,0.2955862514385019,0.041578747376031636,0.18791445606314663,0.11024322676722573,0.21218169399198497,0.3751340373050005,-0.102250097424177,0.2012739293716911,0.1696445945149751,-0.28446389214344164,0.5581072850427189,0.16033581912236497,-0.0035308834417736717,-0.16858905177964595,-0.04473179674929739,-0.047104938072688285,-0.04934953629538606,-0.011098086584817589,-0.007794435363163241,0.037362062419709685,-0.16463328354414977
0.1338111013736249,-0.29486635582279375,-0.05475967093158243,0.15369292528301526,0.25385106966382837,-0.017196947784138657,0.33226251682477864,0.04732096869585992,0.15016445163776268,0.11417240749801669,0.12948871629315925,0.14585467771520136,0.13519805617408137,0.13324200623719193,0.03460001811492155,0.03919841391027456,0.06648039055243132,0.18011289197987415,-0.045402994186804706,0.2338686556323974,0.09317463621775879,0.2975970807825839,1.8071942191808412,0.25093511382444145,0.24792301434085093,-0.11206425555194365,0.172557657659153,-0.24293982985115162,0.32834767915396135,0.4131662458730406,0.3808778134855005,0.11745618681062404,0.020918208594262033,0.2937974871065708,-0.1837066444761537,0.743749839780441,-0.2131733142218567,0.08904879547147258,0.07893893762642865,0.14231787860622933,0.2552783843783964,0.0336069913723349,0.14794094714790074,0.7121740286287331,-0.17739490424938548,0.13351095639029228,0.08475294689048397,0.01510801326798999,0.19775059670920855,-0.427926384146834,0.2492657280049799,-0.2138056883500212,0.3821599114023517,0.0298659197761704,-0.007491273865800376,0.10112535985774607,-0.0684441137603665,-0.10476270529581613,-0.0657140194357888
-0.19896836763402523,0.15796359540954794,0.23659324393783387,0.21402694606106729,0.1521809985765669,0.254678819825482,0.23643330472302257,0.1926857310966134,0.2580424743146102,0.18326382680853676,0.21540714962045932,0.20324286440219916,0.14642985302261574,0.29890334110775935,0.26975113468401885,0.24405129391390204,0.17892460288095274,0.35801300544446807,0.053030094534419175,0.2600684210186163,0.19031973180684367,0.1527745245217574,0.25093511382444145,1.2859309605084848,0.3340252221966127,0.1120914475984814,0.13150275694941788,0.2104060713946173,0.28962640323820804,0.28851116994400994,0.24661095679997902,0.26898395057831775,0.22748740933545283,0.060852099838697236,0.20858002651661944,0.5521768908501455,0.26849750567914366,0.14357832841089163,0.11754568585538992,0.018948646676467198,0.19675638572809503,0.15705910907495038,0.08211087175335803,0.049608414026236815,0.04678312415076406,0.13925572124651975,0.19449937786240104,0.08720415666022585,0.5216510498126664,-0.010623360344666878,-0.048545121540988244,0.08226133488467452,0.05611618303908465,-0.05154177800416318,0.014444171941962932,0.038248469387429096,0.2533280082787869,-0.1266414084555613,-0.11303744734584659
0.06140118270117921,0.13816820288216794,0.14244013556804336,0.14981486508574687,0.15845523713990298,0.20123600827497004,0.18353925498924487,0.19231597138687154,0.17608170692756675,0.15415298386564846,0.17177895117280456,0.20378175797336645,0.11231473224083442,0.26334460953933764,0.22193028830862607,0.24782745630570635,0.19473475384853087,0.13509633148943034,0.042278309047166306,0.16220094754156034,0.15593610082600481,0.06536611184343176,0.24792301434085093,0.3340252221966127,1.0506629949081094,0.05360534229190398,0.1993885938579672,0.11263679971119878,0.4777514826462859,0.3811760459336805,0.09476685763444281,0.20979212243800396,0.13281230181952755,0.4029802675038175,0.2737140858927818,0.3416395006253825,0.23572475710197952,0.10150318983155344,0.30867208060805246,0.010793424182151642,0.18371048254971867,0.10753290572844909,0.22439807761813343,0.16882927905082695,0.2331096987130679,0.18152800326471719,0.2639191874121361,0.024810072507138146,-0.06626426798347124,-0.1762931267623436,-0.21807651068323547,-0.00973639364019152,0.31168729715768395,0.02034105496191835,-0.09781241997834045,0.09154038331601251,0.076331086255892,0.0504905930911365,-0.18687706324470071
0.11302745272753491,0.2988316633291784,0.2333553598835432,0.16617959722654055,0.1236334381654516,0.339248625573208,0.13437373011098425,0.25230007947538513,0.20546512673761314,0.12668782391259092,0.17075849583377545,0.1996396890734816,0.13694533588391747,0.17633444879238033,0.17390208147716077,0.16484637126410734,0.18004016226651484,0.4127208415251072,0.03195357045541299,0.29515670605025957,0.23908512698932508,0.2629446237516784,-0.11206425555194365,0.1120914475984814,0.05360534229190398,1.5947169219518924,0.11592634638575498,0.28760593036968907,0.0711137697404199,-0.5372185934750856,0.35896063307152587,0.22813633240183123,0.14066628156959815,0.24659352955077662,0.1707209069758885,-0.09098562344768718,-0.1566940980509646,0.1002971558889039,0.30799715637517194,0.22296088428379426,0.04482495725493508,0.3041402130906485,0.13779642566375194,-0.01958865888734308,-0.017557838068455015,-0.02611244501037956,0.1454583008969685,0.03406435750884289,0.6321107598643162,0.4762906718580761,-0.18577060825737277,0.18200459914423747,-0.5672009193935043,-0.0640939655423082,0.03184420000569389,0.002797341982606717,0.17552740173276898,0.007033163849123168,-0.19173404502446711
0.0868161885208702,0.119776156933876,0.08545872950104579,0.12296788048526024,0.15693945399243112,0.17239963679215156,0.1607432070092521,0.14619163921426925,0.13545625424567648,0.1436521868077761,0.16147052983712704,0.1967166457940413,0.12444521206990942,0.15476306952114235,0.11378768223940568,0.17609573858359626,0.16515983639378615,0.01568681113711936,0.04717608112209229,0.2639944187507877,0.10088876658157324,0.18392474685083754,0.172557657659153,0.13150275694941788,0.1993885938579672,0.11592634638575498,0.6122295733564326,0.1313274128653721,0.15782713006622168,0.18473845384654056,0.14558762534555778,0.2117525007421631,0.16156421899577675,0.20733941192019248,0.14816183798788338,0.274033222478056,0.14166763968066573,0.13279916647376772,0.13997721562819787,0.07221859579332149,0.13254866516054273,0.12480386251533315,0.2249834489226977,0.1391717170736405,0.11241871454824923,0.050414473117362975,0.1382580549277707,0.04068335795056006,0.3118932811438683,-0.07691183411000727,-0.09304494230096895,0.06824771861776796,0.0963704107725882,0.02697515982444551,-0.009155386594498962,0.03151699447050593,0.03266974419784014,0.004042293977348299,-0.09604051114592389
0.0191404781201615,0.26774335494936785,0.1813522381356414,0.013080477092577094,-0.055366859644855375,0.14541857508706604,0.0680746292792328,0.117587976645785,0.11842020562651255,0.07597460689946901,0.08815503763480745,0.06765945760877379,0.07942533194499483,0.18348142476097828,0.18122866839195975,0.1835838711039093,0.26040035595005784,0.21440269277667642,0.10053702508769508,0.03070464132945571,0.21492787653923318,0.1369506998572391,-0.24293982985115162,0.2104060713946173,0.11263679971119878,0.28760593036968907,0.1313274128653721,1.1686817874216011,-0.11743469623444183,0.19202548665872507,0.1534140432407359,0.3015081826370264,0.6128348752239909,0.07153254578778477,0.7274589611912389,0.13066041858725053,0.3721463816744321,0.09846884068757678,0.16071170432233142,-0.02705343720191419,0.18744402429961218,0.019010292351270334,0.25124543703904767,0.23175655887955207,0.20472803707588544,-0.02805739506337015,0.15698049961118696,0.09186515954334813,0.1005219433238111,0.27252464448562536,0.030447383134814526,0.673513244395352,-1.040104232582986,-0.03654581320289682,0.11062420369881396,-0.058853519018261025,0.06938297635953332,-0.028116475548638484,0.16961418726251715
0.02012173308494936,0.25530313275584726,0.23290039229989012,0.22015782835864117,0.24256907806828815,0.3186624586228532,0.1737809667240803,0.2343208891363524,0.1870946585459918,0.2284599097716851,0.21993864544357122,0.2331024875044286,0.17655971991663605,0.2125230522621332,0.2309438220274509,0.21820266267360064,0.25177552417931687,0.20745091476417782,0.145453900502715,0.35823339956024347,0.1701365689491091,0.13928277457642704,0.32834767915396135,0.28962640323820804,0.4777514826462859,0.0711137697404199,0.15782713006622168,-0.11743469623444183,1.5002925125567959,0.29262834452650366,-0.19802047931562514,0.25163563559159396,-0.24683714909362756,0.5441148552469062,0.03172467135332609,0.5875946706443025,-0.13891714683684178,0.06994690535413793,0.1648964190469954,0.0009390655855623178,0.31072711489114624,0.17840513516279694,0.007069450311974707,-0.16894187296211088,0.07570409034292498,0.2979280297504388,0.29429643214334367,-0.061558195764815464,0.3361433786486309,0.01139937290060388,-0.2007400495244786,-0.039010120743917034,0.07123530309570998,0.07985189791151456,-0.19829053533010527,-0.01930751420118333,-0.12539100473228368,0.13254016394346502,-0.05650379575177315
0.1131594666896306,-0.016958568138414117,-0.31172860287477133,0.03241951043913228,0.0797322110362943,-0.04289867168342538,0.2681098345298587,0.05320932296199035,0.0471319841885201,0.09044160445431704,0.10679093949167144,0.04671219950184697,0.10268130114754155,0.26776883529541423,0.030207111087750035,0.21687883065499647,0.15348029136372185,-0.07490947243611594,0.05495875233374398,0.14757315606043112,0.14370176510359525,0.17587963233723236,0.4131662458730406,0.28851116994400994,0.3811760459336805,-0.5372185934750856,0.18473845384654056,0.19202548665872507,0.29262834452650366,2.1475391458857276,0.002219866273771579,0.23114481312300408,0.2643880321045944,0.026355318963966447,0.4340784117374159,0.5488848545915009,0.29970007809454074,0.1855347504186525,0.1878787774033324,-0.07303020921654159,0.5336914360136081,0.12710633377850106,0.6096955777989244,0.6363154693226482,0.45180527511746954,0.14811813179717093,0.1900388442403118,0.016656911478552465,-0.21482897611866264,-0.5047599883232664,-0.004497743138273263,-0.3845433946963362,0.6300881629432048,0.13713817950879909,-0.12340006833279196,-0.10973035223666538,-0.2502362837497064,0.34026852983404077,0.08535569157575466
0.047378244874952555,0.0019968643388025373,0.19905158236786463,0.05747791765008229,0.09287360863339267,0.153017709118903,0.16895323252556657,0.17242236288559312,0.19699050955272998,0.07120276350425858,0.13332788841205445,0.0947115264262359,0.07728673012130849,0.14045996219539267,0.15070916268077642,0.12292126810048543,0.1794233926373926,0.20001218310343286,0.16078277572648111,0.23488368659012898,0.24834345326360388,0.16637085388741782,0.3808778134855005,0.24661095679997902,0.09476685763444281,0.35896063307152587,0.14558762534555778,0.1534140432407359,-0.19802047931562514,0.002219866273771579,1.7632353522007116,0.14576165284224835,0.11874311953954259,0.1515009913248297,0.17788532297852572,0.39887020978690857,0.24812020179212774,0.205943973886613,0.31564894534566684,0.11739748858532861,0.0903602965229373,0.16493380812688288,0.09053589067026123,0.2919680263920811,0.24856940964430757,0.12462168617358399,0.23201698428782466,0.06835930653239537,-0.1654192296376212,0.17061093660591745,-0.017511546058542764,0.12494989215396658,-0.10460138642085744,-0.14554886344395968,0.0680496465306845,0.2688284484517873,0.5342024328566353,-0.24899229179680105,-0.5449921428628044
0.05170011228170166,0.11524138926894185,0.031024138027718903,0.20896463169755083,0.20663497089464525,0.2161963658713321,0.2520434921881522,0.13653453722153586,0.2058846939872243,0.17123755903522525,0.13844061519225806,0.20634919920427477,0.11928045701296863,0.5317171445552253,0.14804643501032663,0.3228010145123305,0.16174387173437338,0.1020648813079069,0.08585712695290458,0.14623728845610445,0.1709385946354108,0.2227524131660864,0.11745618681062404,0.26898395057831775,0.20979212243800396,0.22813633240183123,0.2117525007421631,0.3015081826370264,0.25163563559159396,0.23114481312300408,0.14576165284224835,0.9994502888259545,0.2676146354633393,0.2447369210761607,0.143940280453083,0.3416306708812845,-0.06709094048945229,0.13064871153878832,0.08867408262767688,0.05308866565815672,0.18527091007786972,0.19397254136419945,0.16653364147983923,0.11197666177828276,0.08617152809261176,-0.003055741326983358,0.2351605067424969,0.028959902493629265,0.19724136798452616,-0.053780458877298216,0.11244869323807603,0.3302371461645935,-0.38213891804959915,0.018199156140126516,-0.006413396826339957,-0.04831967345801611,0.1610697765207644,0.02144039951594817,-0.006149741683481115
0.033032784615389756,0.13683000440084606,0.08253652147424284,0.1047246660066111,0.06195852156212259,0.03216077806454496,0.16091074781820364,0.09634783750662161,0.10172704934325473,0.08473142327852995,0.10498917890979705,0.030319554180201703,0.08623462908073491,0.20859148021562682,0.10294819926926707,0.12714044783228207,0.15440179050961447,0.0942576208237191,0.093637906670551,-0.05739282800749162,0.2038783705083725,0.198983403794692,0.020918208594262033,0.22748740933545283,0.13281230181952755,0.14066628156959815,0.16156421899577675,0.6128348752239909,-0.24683714909362756,0.2643880321045944,0.11874311953954259,0.2676146354633393,1.523833707796325,0.010987840095979428,-0.015527665109387611,-0.056216334892385374,0.3988560536437894,0.11014608561646819,0.27522383999188194,-0.08599961263828228,-0.04019581088624574,0.010942559283951736,0.3090841116238441,0.40071970133278867,-0.11224794886986646,-0.12740488458382973,0.32270957522361265,0.1606409355371758,0.18303656005308747,0.21771974888309245,-0.16547597928441002,0.13962922346113074,-0.0030363835989387997,-0.17501535130109278,0.0395849185071433,-0.11534688335620458,-0.09680591653446825,0.05595687841769391,0.22179758402687316
