2.892694551141334,0.46993768985076984,0.7625346148042067,0.09896926622717844,0.061753765135532865,0.1414706266592048,0.07375856894893075,0.10598385435402052,0.0838195224392803,0.13863702024104566,0.11501591338189067,0.12347815221526187,0.018803109002852907,0.08566227290822313,0.26264714938729555,0.012501739268821106,0.05189503522085756,0.2665812995104685,0.05299600562634084,0.21891119176476928,0.1341532476872653,0.09978977364341804,0.27619837208247716,-0.6558845605945229,0.11664589169683903,0.2011738731952561,0.10618777953584442,-0.042397326944150965,0.08774472093049702,0.10749854975408894,0.1887621053554837,0.04413850796750702,0.0591464164526038,-0.09163384031941547,0.005838991808252841,0.10511712031067184,0.08291758544028738,0.3034937440650341,0.049307543866529996,0.05795669351462488,0.08627896163081276,0.10513301458204524,0.21431816932234657,0.09683595261140257,0.3582548563042224,0.36942557210144533,0.1348023344243551,-0.12443202889433368,-0.5166367219711644,0.030292580801150697,-0.08728358234604851
0.46993768985076984,2.819539917996712,1.034010621113467,-0.10019202575816383,0.0259288431426182,0.274032880016783,0.1181636527678399,0.2589317199115483,0.15033882161279363,0.3795223817331443,0.17124218845264658,0.1804810455278594,0.08033094806675521,0.15295113367540683,0.199157751961592,0.052027656369995304,0.23699069637742545,0.4644900101021324,0.03527047886708982,0.4553651590479451,0.19160079971534882,0.1140343711986735,0.09450025663071457,0.15801622540097313,0.265693816919008,0.2275537581628371,0.1466840221245134,0.10495709310871465,0.36177665257711045,0.04968259809314827,0.12877790286291546,0.1232472880785851,0.10836889774174627,0.32991949232676054,0.12270076957883085,0.22292530844102137,0.29702199633492876,0.2421016262165738,0.1961667660706662,0.02244536588423929,0.16061811791515013,0.18999579523455484,0.14384783676202084,0.01964590427297488,0.12868355291887904,0.3031557752424097,0.2751866370967321,-0.11019326921162981,0.009463812491120636,-0.12874687854994538,-0.08024555380244065
0.7625346148042067,1.034010621113467,2.2261370110919327,0.04738441848986759,-0.1116627587656931,0.3459505629354684,0.09127679334884851,0.4258311444537786,0.27308367038257664,0.5225404266024742,0.26007873247872193,0.2455022784963385,0.11492628444938773,0.22185239905527832,0.29616822269874565,0.06100344865012292,0.3139881664865743,0.4059825365934544,0.09612918681703936,0.33179503459721077,0.24727821405812106,0.22267225714312877,0.11167952572796569,0.2486144453406723,0.4289838417459158,0.2757009591370617,0.14019691010761373,0.17873432806827336,0.4475872264301303,-0.0029363672465145116,0.06889132932995516,0.1855875559061034,0.14362850330962473,0.4124763131163518,0.21769177511605772,0.32844377542999487,0.41245104632873464,0.3448102381906623,0.2693767281494126,-0.07415971971630925,0.16195121478223826,0.25155151061418507,0.18391999174540946,0.05534371161489484,0.28958026254222086,0.5026576083148709,0.40510968997588115,-0.22198638205939894,-0.21034306893999183,-0.08543561762165464,-0.06555434821842686
0.09896926622717844,-0.10019202575816383,0.04738441848986759,2.0591820360514728,0.3500603109822286,0.29941520420841045,0.051594389493331304,0.27910563428005913,-0.08909002966398254,-0.004566517298714441,0.19187036744918332,0.2658488993955479,0.08721929701325971,0.1546718398671103,0.15324085841356105,0.2418177681377038,0.10348846136978838,0.06206149326135002,0.193436817885253,0.22892399263947974,0.10028533326489188,0.07735704569541936,0.15648383727127577,0.12161965509291862,0.1649932616097337,0.07345414938037637,0.12770876741301096,-0.027731618486191472,0.18974044341660865,0.06800809605017992,0.08551532803683015,0.15503569631520006,-0.005837826050399478,0.2792370622850215,-0.13491342133134118,0.10299666221352168,0.10940879692020482,0.20926147293946734,0.21065458480186905,0.02314729566068834,0.10073761638481635,0.08297041555577202,0.11430115487166201,0.2267817292386539,0.0029275273793911492,0.026245574913640587,0.15415870653679023,-0.002083646492680584,0.03864804760023613,-0.03734907892831076,-0.017961459395578763
0.061753765135532865,0.0259288431426182,-0.1116627587656931,0.3500603109822286,0.9433071121689736,0.370783783466619,0.20758820175249926,0.28014424908557417,0.028812503386209772,0.0909545671116677,0.13180768437284268,0.2043576249253434,0.09819143942309917,0.1438212759114502,0.1092747526296639,0.18530128930996403,0.10536989037643485,0.13384402746710333,0.3457523157691074,0.18008213676596668,0.07510633855756059,0.10981489819809918,0.09218302560578064,0.14194756130202732,0.08786626233724586,0.17618851434806335,0.10672555079285918,0.0029788308070784783,0.16800146707989375,-0.010970419733028714,0.1613206206534032,0.14383851573417983,0.05170147466494006,0.1823260671214085,-0.05502357284360645,0.0868691849640871,0.09231930821404659,0.08583536111879633,0.11478748791606017,0.03379643701966264,0.05140323422374472,0.06866793334255362,0.06412767192855323,0.054632986239313855,-0.06350411308379922,0.04829733316239183,0.14714489863249652,-0.003647707729754781,0.271959112058684,0.007176898161330369,-0.04028722223045911
0.1414706266592048,0.274032880016783,0.3459505629354684,0.29941520420841045,0.370783783466619,0.6476511065918941,0.12232551506250089,0.30315475341949427,0.12582835346911087,0.1544631220637015,0.17546175553361662,0.2297878026773458,0.08943751719850307,0.16332409172893297,0.12177281182394109,0.16176324049852478,0.1595739019461748,0.17086289627112755,0.2720997113408874,0.21786830551832878,0.09247554651493571,0.15201935867212735,0.09049502602433392,0.14970562490454495,0.14955818605257035,0.19103662422779596,0.12753857760613685,0.021114323123845754,0.2839179345205871,-0.07665308893861504,0.07024522121654406,0.17292139279248386,-0.06234284646933398,0.3017037472635843,0.0439753201594471,0.10137277171880651,0.06914310454258481,0.1354649910927871,0.15875104715432414,0.05601214842520854,-0.0031173404731324452,0.09019497820352661,0.09109735688056289,0.04776234268443463,0.015424029662345441,0.09970670237228368,0.3009379299664773,-0.07096199721066157,0.2630652601369648,-0.08876685630741428,0.022484935943315316
0.07375856894893075,0.1181636527678399,0.09127679334884851,0.051594389493331304,0.20758820175249926,0.12232551506250089,0.818800812366157,0.19659817724087034,0.2927157220977249,0.1935991673854616,0.2350026756533277,0.2685839438832254,0.1287533380437629,0.231281408194509,0.15318384656923736,0.26882958446753286,0.26512866943379076,0.16405008549017658,0.04132637274457481,0.1023120558608325,0.15823011400055326,0.2406572274623174,0.03309981795517528,0.2756878414622273,0.22775188361547824,0.2808470766214976,0.17815266460226625,0.17853454435997632,0.17413329938291633,0.15209817417190952,0.0969316293489564,0.2457052049177568,0.14594921153666904,0.22623200475912691,0.1849095655390212,0.18602171658777544,0.14065792347902303,0.1387483533715119,0.20773939624527188,0.059417694997353866,0.18147981364429255,0.16852201928079202,0.12814006810507575,0.06764466930189394,-0.1614806965243425,-0.04127412882652199,-0.0453332973146321,0.0033117740200604992,0.44093971992060904,-0.06425106935808536,0.013545448418097895
0.10598385435402052,0.2589317199115483,0.4258311444537786,0.27910563428005913,0.28014424908557417,0.30315475341949427,0.19659817724087034,0.8586384317105441,0.0653404731092268,0.20701960907176248,0.21824653009339984,0.16599449505337915,0.09807184013204295,0.24788591571977306,0.08850202041410236,0.15507053166167056,0.2228203774363158,0.27046674623574873,0.18058039477306428,0.25716496000758743,0.1646383632044651,0.1409797850554058,0.00603222874868726,0.23460233362600233,0.21893063180960123,0.29542438282017414,0.15424456442887907,0.15383437842065553,0.1824324651062546,0.06028896755802556,0.10064332365467366,0.2308159214333684,0.13959765544191077,0.25823137353782977,0.1679616134232864,0.11969846551558729,0.20852558829252266,0.18616738770255908,0.2562675382593787,0.0600606891574512,0.15254312918061114,0.15820248488754587,0.1565963101209177,0.0537535853383331,0.009977229755260922,0.12225798816197479,0.33751249759666796,0.01419410091630921,0.43522656456534153,0.033851975908329314,-0.039301333260654846
0.0838195224392803,0.15033882161279363,0.27308367038257664,-0.08909002966398254,0.028812503386209772,0.12582835346911087,0.2927157220977249,0.0653404731092268,0.6944409103950469,0.02604053399964406,0.14594481760806838,0.13647609494780724,0.05797085129078804,0.163726489056598,0.10553514241606711,0.09859659639521058,0.2042737482050241,0.08746659995853409,-0.06749896780636416,0.06780080517285417,0.1463777407213548,0.26575611684745554,0.025654597630367242,0.19177324788437455,0.10037677909897404,0.32327453722283195,0.11307621939073174,0.13657388590285613,0.08333997157573168,0.021709754131080613,0.10108616405863845,0.18615600945731,0.12556492677768744,0.17847468522812246,0.12431030841857142,0.12547106420132617,0.12919215575625312,0.14916453665527915,0.11190446505319661,0.0452531529257209,0.11065111722716167,0.1483329351657411,0.11686898383599545,0.02715983868135956,-0.06168898488830814,0.024146102591776505,0.07598041294570212,-0.04412277830776483,0.2811262587458327,-0.09493702179095125,0.03567317639479289
0.13863702024104566,0.3795223817331443,0.5225404266024742,-0.004566517298714441,0.0909545671116677,0.1544631220637015,0.1935991673854616,0.20701960907176248,0.02604053399964406,0.8181639729041102,0.13276812840569152,0.17512938167223632,0.12657789280545628,0.23008815176829703,0.28460114786413265,0.11250246643012062,0.2422025180465975,0.3505075618319614,0.07106778912217468,0.1419357323114971,0.16522001029570058,0.11266680965233603,-0.025578928201815315,0.33196059706557335,0.3351449418496335,0.18602235799906508,0.144106524564418,0.192847618328181,0.32644514852573353,0.22113520958083216,0.05258132935593782,0.21489222703092767,0.17871032570732934,0.26362369053585355,0.20404615631762538,0.14296632590327008,0.3508162552206393,0.15471965432639836,0.1686054380951571,0.015721789021073213,0.23310416769007675,0.18177119351796045,0.15371985263035218,0.049617534472283106,-0.01920522854530515,0.06661276009767378,0.26450692173307394,0.03563400723906607,0.44960568903547804,-0.04038429594211017,0.0007078297142761968
0.11501591338189067,0.17124218845264658,0.26007873247872193,0.19187036744918332,0.13180768437284268,0.17546175553361662,0.2350026756533277,0.21824653009339984,0.14594481760806838,0.13276812840569152,0.4476336211067459,0.24097968505943618,0.12877120712742823,0.1468868525467111,0.23425054731478784,0.18546039412329343,0.2452305117118484,0.17401755908871613,0.05969565735833787,0.21878739074843429,0.14299811597037881,0.15247587469903595,0.07166596229094398,0.20532243180357668,0.14647830506810527,0.22661188874113167,0.16308348216872873,0.1397328166396677,0.1692738606444126,0.10316161713193735,0.1381849234373187,0.15632597567060172,0.10109601204200139,0.18115502400441066,0.1576283710148529,0.15240297548796516,0.12643945167241805,0.13117459042087007,0.20451473400112227,0.08592085210281274,0.1383364372004443,0.14971709694361,0.13859633809895316,0.032229163966918405,-0.03392240143558676,0.07560991453003384,0.12154845847480726,-0.02118952471857756,0.26830593157171007,-0.042497282992078354,0.004120539455951393
0.12347815221526187,0.1804810455278594,0.2455022784963385,0.2658488993955479,0.2043576249253434,0.2297878026773458,0.2685839438832254,0.16599449505337915,0.13647609494780724,0.17512938167223632,0.24097968505943618,0.6574333483415004,0.10123705083887789,0.18249680846836663,0.279816221426376,0.2665325670559857,0.19175918878920684,-0.0003443129324008899,0.09549694330907571,0.19177900861705208,0.09245446311540041,0.1680398540693521,0.09051824126648488,0.16264798796069985,0.09052097597660624,0.18999987137214264,0.21067392740488736,0.11070090997980783,0.0759430989879273,0.061713037844885965,0.06592451447168333,0.208514561975362,0.04573950661979595,0.2006063940315158,0.12357208205522857,0.16714977213106422,-0.024124922390277626,0.1422011262141043,0.23138890030679754,0.0922379647404531,0.1167141726107743,0.10412884364397709,0.11852035674831973,0.06055285917115709,-0.15355508212637695,0.028148771276904933,0.12572611074602982,-0.025976588939954904,0.4749102549387189,-0.08983252877511218,0.04457595338773526
0.018803109002852907,0.08033094806675521,0.11492628444938773,0.08721929701325971,0.09819143942309917,0.08943751719850307,0.1287533380437629,0.09807184013204295,0.05797085129078804,0.12657789280545628,0.12877120712742823,0.10123705083887789,0.3190036757875842,0.10295509270589734,0.009650226210362198,0.13106505231002866,0.1261030880784008,0.09843615100900643,0.057923549821632635,0.020008522225295568,0.08716804388980676,0.14144606053531142,0.03626751312506905,0.20332553270869735,0.21815893637491682,0.07776431160686448,0.10484830112434766,0.0941366432371123,0.24796245774148343,0.13144765583513707,0.001056753479645863,0.10435405518286313,0.08501346803288089,0.12943985565206634,0.12661443833418407,0.10990829241859389,0.12534006737685796,0.0240046238092487,0.1343008129652669,0.022389754087584725,0.09885028177390336,0.09049561126045036,0.0779137517964141,0.035213098316442995,-0.0785596667482095,0.06039242019206825,0.0801736084003344,-0.031580266049794435,0.22223629174091913,-0.01404528672285907,-0.004930900092898974
0.08566227290822313,0.15295113367540683,0.22185239905527832,0.1546718398671103,0.1438212759114502,0.16332409172893297,0.231281408194509,0.24788591571977306,0.163726489056598,0.23008815176829703,0.1468868525467111,0.18249680846836663,0.10295509270589734,0.6351610493358845,0.32749104448976607,0.38038089888824245,0.23149354277602002,0.21983036165978131,0.0765314757707365,0.15590086836021175,0.1688581560036562,0.29499148563479155,0.16713369504761677,0.316746955492888,0.11141632374229238,0.25791259025446317,0.20052706687496752,0.15436317228882607,0.16406209025728624,0.1857316660391176,0.1554405276555419,0.5610729980691219,0.20757172274369295,0.21939476716433362,0.14329838969423428,0.24197717918007106,0.10758292320651229,0.24307084901538026,0.11315353875407617,0.06802637485269014,0.19119558296680209,0.1811574002115127,0.18429536191451468,0.07004324438586784,-0.12657271724665153,0.1061524890129274,0.24818064201742646,-0.0622345723318092,0.5111888778517549,-0.030882700863047678,0.007420977445619942
0.26264714938729555,0.199157751961592,0.29616822269874565,0.15324085841356105,0.1092747526296639,0.12177281182394109,0.15318384656923736,0.08850202041410236,0.10553514241606711,0.28460114786413265,0.23425054731478784,0.279816221426376,0.009650226210362198,0.32749104448976607,1.2280348110855277,0.21592994849466002,0.16467777113913565,0.3756330319113218,0.06216789657660497,0.23021097550043138,0.20027624954635376,0.14059658981271886,0.12126336652850443,0.3333405024368874,0.056144321585478864,0.2271603267884331,0.2048389633979924,0.1439637650732455,0.15489832872598622,0.23129536693703348,0.2324581132301378,0.3026759929501371,0.17972996930796065,0.1946963030174997,0.11051036695008568,0.21127739169488394,0.16119446619368233,0.2342507189690996,0.09609082124561671,0.07396278384992237,0.22428058651336052,0.19950929778691898,0.20142800651901913,0.04925840286887252,-0.07377483812020207,0.05627305764515253,0.16077533425115637,0.009655985698930773,0.4634716606677031,-0.07759641071101998,0.03498816575938838
0.012501739268821106,0.052027656369995304,0.06100344865012292,0.2418177681377038,0.18530128930996403,0.16176324049852478,0.26882958446753286,0.15507053166167056,0.09859659639521058,0.11250246643012062,0.18546039412329343,0.2665325670559857,0.13106505231002866,0.38038089888824245,0.21592994849466002,0.8817765659113923,0.2907358574807367,0.11360707615539017,0.12993518198778847,0.18680057632862954,0.16300805800980905,0.41515710646402537,0.07578656759370875,0.3338663229060505,0.11434299495709964,0.16345473303820726,0.26415174446092315,0.23771714413294304,0.25223221147813907,0.27648443649069776,0.13970971394325804,0.38316947038685073,0.14115681501611121,0.2110594842578663,0.28677957224317696,0.27395715514249475,0.12200305909276013,0.2206288498805061,0.21049029220117843,0.1397679938646758,0.23620797758532042,0.1866524830386201,0.17829134737985827,0.07753930473676501,-0.14005912868402326,0.0642755487515601,0.17279806591258412,-0.09177367259768565,0.6004212073164038,-0.07642499308333672,0.03805277308270921
0.05189503522085756,0.23699069637742545,0.3139881664865743,0.10348846136978838,0.10536989037643485,0.1595739019461748,0.26512866943379076,0.2228203774363158,0.2042737482050241,0.2422025180465975,0.2452305117118484,0.19175918878920684,0.1261030880784008,0.23149354277602002,0.16467777113913565,0.2907358574807367,0.7957611137033173,0.19638003717592328,0.06434238955255826,0.2821993993391729,0.24134649535997765,0.3021937679524884,0.05378145757303449,0.26632065690316153,0.32605331503682294,0.250613271109777,0.21956676352445426,0.32304696584493275,0.19483810946130353,0.19260755797460288,0.16989387113956747,0.23242321827873744,0.24026686401982053,0.26241713296390934,0.29006303088649327,0.26189256213174517,0.35611006280195406,0.2629546743623667,0.2976480551223636,0.1140592959001924,0.23457992689970358,0.2822506430193515,0.21087396207180012,0.06717730889961702,0.0609508303144573,0.13573265976396223,0.25564294311995145,-0.06721715326546207,0.3040379333779921,-0.1018649843248228,-0.008976269975237122
0.2665812995104685,0.4644900101021324,0.4059825365934544,0.06206149326135002,0.13384402746710333,0.17086289627112755,0.16405008549017658,0.27046674623574873,0.08746659995853409,0.3505075618319614,0.17401755908871613,-0.0003443129324008899,0.09843615100900643,0.21983036165978131,0.3756330319113218,0.11360707615539017,0.19638003717592328,1.0132018442665252,0.1003283418536023,0.022127393988727442,0.21888480750673317,0.17151210697103741,0.06850161523020071,0.3628086428931885,0.2810428551002974,0.32034910598301225,0.12699294344268794,0.14747743133299362,0.29954581741360947,0.1643639682065088,0.10097807588425355,0.18214873545744775,0.189295241391429,0.2089891958195019,0.15357994728171304,0.17833823126315104,0.25398298702460853,0.16083095713968484,0.02927098493203351,0.014349854412051126,0.22423423983496676,0.20436125240198336,0.13601160230296494,0.035968529795520086,-0.029353040951912438,0.109032950513333,0.2142913338838527,-0.0019035923476831878,0.346644860164148,-0.007796755353844609,-0.034895671561193116
0.05299600562634084,0.03527047886708982,0.09612918681703936,0.193436817885253,0.3457523157691074,0.2720997113408874,0.04132637274457481,0.18058039477306428,-0.06749896780636416,0.07106778912217468,0.05969565735833787,0.09549694330907571,0.057923549821632635,0.0765314757707365,0.06216789657660497,0.12993518198778847,0.06434238955255826,0.1003283418536023,0.698477813400388,0.19382426935156213,0.06709529685320952,0.0833347073815463,0.0192621927357636,0.037814420163558196,0.02967395012482428,0.02501841194416949,0.0742948806359913,0.006582987504453191,0.17126112765512408,-0.0023626527948653023,0.11137010110687001,0.06842372868293327,-0.010058306148938928,0.13362386141975893,-0.020861967978946676,0.12592166098612484,0.016213426245122755,0.08268862244293723,0.07420725789406994,0.018594185788465625,0.024537198163580205,0.054210189317471465,0.018712122500362992,0.016320039260373048,-0.012653240169153533,0.09072014565880474,0.02949361595120748,-0.06135118314345867,0.02221754975668471,0.016268649992136328,-0.01860914678581714
0.21891119176476928,0.4553651590479451,0.33179503459721077,0.22892399263947974,0.18008213676596668,0.21786830551832878,0.1023120558608325,0.25716496000758743,0.06780080517285417,0.1419357323114971,0.21878739074843429,0.19177900861705208,0.020008522225295568,0.15590086836021175,0.23021097550043138,0.18680057632862954,0.2821993993391729,0.022127393988727442,0.19382426935156213,1.5866771119520662,0.17820732744188889,0.00457887492312538,0.5097818271247425,0.07145933455885536,-0.09558946936428123,0.17211984977330694,0.2875919070254578,-0.06741467493011857,0.37770601218328986,0.20160581942437097,0.6228924028135959,0.16371969981062973,-0.05785705048940492,0.4783409307404832,-0.11277428463809325,0.32616501780146956,0.2569858679489265,0.4086017895758936,0.26580532739662277,0.3033448013656105,0.28721537326014174,0.22559345224370964,0.3873490318364837,0.040303670324836165,0.08880379381710427,0.3111720011153153,0.06214385522138584,-0.07562356405551163,0.021564544152251414,-0.009496939253541973,-0.07214019135698907
0.1341532476872653,0.19160079971534882,0.24727821405812106,0.10028533326489188,0.07510633855756059,0.09247554651493571,0.15823011400055326,0.1646383632044651,0.1463777407213548,0.16522001029570058,0.14299811597037881,0.09245446311540041,0.08716804388980676,0.1688581560036562,0.20027624954635376,0.16300805800980905,0.24134649535997765,0.21888480750673317,0.06709529685320952,0.17820732744188889,0.6818781290522631,0.1843065294290467,0.022931427167012124,0.21442026819621593,0.2804962708107352,0.19596859403398573,0.1745624785574604,0.2358469001324045,0.14498516901752165,0.3538449180146644,0.3400565707346831,0.18460821195959218,0.32725953911590333,0.15000076378754945,0.24940702668064105,0.25096005671369187,0.519106771266448,0.3492102689351613,0.2662782535810162,0.1863888862952296,0.2760565646962246,0.5433589274658694,0.324050193672492,0.07435616132411059,0.4121167598090217,0.09912935907724411,0.3100160317362732,0.046392367789426715,0.19729948999009095,0.044987993035146334,-0.017929260739926803
0.09978977364341804,0.1140343711986735,0.22267225714312877,0.07735704569541936,0.10981489819809918,0.15201935867212735,0.2406572274623174,0.1409797850554058,0.26575611684745554,0.11266680965233603,0.15247587469903595,0.1680398540693521,0.14144606053531142,0.29499148563479155,0.14059658981271886,0.41515710646402537,0.3021937679524884,0.17151210697103741,0.0833347073815463,0.00457887492312538,0.1843065294290467,0.8574591509371685,0.17354426441204496,0.2876575399826218,0.08754941676030664,0.15403064225878796,0.20890823617864915,0.17525065157980335,0.20210996912899606,0.18088361947848378,0.1836500731899378,0.3183568121091288,0.20744102459688207,0.19970694816995138,0.1361032629712173,0.3163088213439337,0.0829721635412174,0.26309625838317235,0.2280365746012344,0.07211379340638097,0.12689106184089755,0.1884051193157606,0.16435563725839783,0.08092048707463005,-0.09411982508310329,0.21810193732702648,0.21572316924092327,-0.28424929232820356,0.4592658653656218,-0.10302483995807567,0.03127535562722344
0.27619837208247716,0.09450025663071457,0.11167952572796569,0.15648383727127577,0.09218302560578064,0.09049502602433392,0.03309981795517528,0.00603222874868726,0.025654597630367242,-0.025578928201815315,0.07166596229094398,0.09051824126648488,0.03626751312506905,0.16713369504761677,0.12126336652850443,0.07578656759370875,0.05378145757303449,0.06850161523020071,0.0192621927357636,0.5097818271247425,0.022931427167012124,0.17354426441204496,2.3513475070076963,0.07548201331906369,-0.11442925039955576,-0.15819891451823354,0.05201559544765015,-0.6806282422252771,0.3774587931726707,0.12923094236859234,0.45856635910730087,0.07559204208222386,-0.4238237847067654,0.5537763127894587,-0.49821931055199753,0.6830724525516735,-0.3192573942040073,0.016471046938749817,0.24718117894696345,0.2410415165583145,0.08622454999699775,0.0709485325811177,0.24703109625107264,0.1981419749039661,-0.2638432136580616,0.5402611547300064,-0.10219408226034692,-0.44448905244689507,-0.7173905648261543,-0.05042622713266168,-0.05101740870169368
-0.6558845605945229,0.15801622540097313,0.2486144453406723,0.12161965509291862,0.14194756130202732,0.14970562490454495,0.2756878414622273,0.23460233362600233,0.19177324788437455,0.33196059706557335,0.20532243180357668,0.16264798796069985,0.20332553270869735,0.316746955492888,0.3333405024368874,0.3338663229060505,0.26632065690316153,0.3628086428931885,0.037814420163558196,0.07145933455885536,0.21442026819621593,0.2876575399826218,0.07548201331906369,2.2835302039100447,0.9537110600962748,0.08719202730364232,0.16859767205177018,0.29836120622683443,0.4894556359027835,0.5250443651760165,-0.19202880777556247,0.32844090331498776,0.41742667568168096,0.37090657061402227,0.2204169009116909,0.3581947317314354,0.6054518505381815,0.19594652741780405,0.39311578462479985,0.01980665355937504,0.3549552637143168,0.2487136614580612,0.22410200024584917,0.06665808985137298,-0.22840157468678518,-0.026623205155765283,0.3648224367549258,0.05502124192407392,1.3287686547021278,-0.09423753128889902,0.03210987433945742
0.11664589169683903,0.265693816919008,0.4289838417459158,0.1649932616097337,0.08786626233724586,0.14955818605257035,0.22775188361547824,0.21893063180960123,0.10037677909897404,0.3351449418496335,0.14647830506810527,0.09052097597660624,0.21815893637491682,0.11141632374229238,0.056144321585478864,0.11434299495709964,0.32605331503682294,0.2810428551002974,0.02967395012482428,-0.09558946936428123,0.2804962708107352,0.08754941676030664,-0.11442925039955576,0.9537110600962748,3.2285438150175993,-0.24499821302140562,0.2756009485774023,0.29792773390524174,1.3606310650983744,1.0219906070214608,-0.8411007825683382,0.1438509378368825,0.33877835378553217,0.6605614405681306,0.3133755579779962,0.4485973860103711,1.6034707724155322,0.3471386912079177,0.8645305866258751,-0.09960724900656276,0.49568967355293114,0.34420385036426754,0.5536612976836427,0.1532491251136864,0.5296561912123414,0.2716273231233578,0.394727403134823,-0.06801733238556534,-0.5470290090771023,-0.01765847172956093,-0.07693889333800955
0.2011738731952561,0.2275537581628371,0.2757009591370617,0.07345414938037637,0.17618851434806335,0.19103662422779596,0.2808470766214976,0.29542438282017414,0.32327453722283195,0.18602235799906508,0.22661188874113167,0.18999987137214264,0.07776431160686448,0.25791259025446317,0.2271603267884331,0.16345473303820726,0.250613271109777,0.32034910598301225,0.02501841194416949,0.17211984977330694,0.19596859403398573,0.15403064225878796,-0.15819891451823354,0.08719202730364232,-0.24499821302140562,2.1041085777401864,0.09568252454889209,0.22243671109112567,-0.24646212622430935,-0.15288987680452565,0.261409919010726,0.3000685043183534,0.2221502916476862,-0.005755409287120556,0.29514973065192673,-0.06274150431961967,-0.2500353248301729,0.29176892323512754,-1.1129530283003477,-0.03172147631465224,0.6587225146993356,0.24356672322408532,0.1377900189824381,0.02286470936138192,-0.7304541290991738,-0.2498634817095201,0.011265921103433494,0.3686264003903523,1.5921518266523171,0.06599106146747419,0.015407300199776956
0.10618777953584442,0.1466840221245134,0.14019691010761373,0.12770876741301096,0.10672555079285918,0.12753857760613685,0.17815266460226625,0.15424456442887907,0.11307621939073174,0.144106524564418,0.16308348216872873,0.21067392740488736,0.10484830112434766,0.20052706687496752,0.2048389633979924,0.26415174446092315,0.21956676352445426,0.12699294344268794,0.0742948806359913,0.2875919070254578,0.1745624785574604,0.20890823617864915,0.05201559544765015,0.16859767205177018,0.2756009485774023,0.09568252454889209,0.8372853611063722,0.2067737944994934,0.14496695504053764,0.3453338136780383,0.19376982112775687,0.27130338904450074,0.22999789182269698,0.22829143662932427,0.1848260850102356,0.3118464479312152,0.2675904638821769,0.2655603773566217,0.2601799150917793,0.12122748931048766,0.2909420430676922,0.2003163185095039,0.44585623832254667,0.034027413216920536,-0.11516090426373388,0.15407595913855687,0.14870679680646035,-0.04066569521744873,0.5265432743445047,-0.00925614515446889,0.0024866651247850533
-0.042397326944150965,0.10495709310871465,0.17873432806827336,-0.027731618486191472,0.0029788308070784783,0.021114323123845754,0.17853454435997632,0.15383437842065553,0.13657388590285613,0.192847618328181,0.1397328166396677,0.11070090997980783,0.0941366432371123,0.15436317228882607,0.1439637650732455,0.23771714413294304,0.32304696584493275,0.14747743133299362,0.006582987504453191,-0.06741467493011857,0.2358469001324045,0.17525065157980335,-0.6806282422252771,0.29836120622683443,0.29792773390524174,0.22243671109112567,0.2067737944994934,1.5888178356360019,-0.3107611741074141,0.2558115018088813,0.05365176180233604,0.2186525130528538,1.0118791767069255,-0.1875930548578935,0.9906171916311439,0.1544505660463769,0.5533142777722593,0.2590296361198467,0.14185054026014512,0.07013437074559258,0.2382128162419444,0.24863553179825784,0.07272691725860847,0.09148070239741621,-0.016116179998660215,-0.15235480892899242,0.23887749590093765,0.2023172968588782,0.7254300100911745,0.05088043805273434,0.029265879794781395
0.08774472093049702,0.36177665257711045,0.4475872264301303,0.18974044341660865,0.16800146707989375,0.2839179345205871,0.17413329938291633,0.1824324651062546,0.08333997157573168,0.32644514852573353,0.1692738606444126,0.0759430989879273,0.24796245774148343,0.16406209025728624,0.15489832872598622,0.25223221147813907,0.19483810946130353,0.29954581741360947,0.17126112765512408,0.37770601218328986,0.14498516901752165,0.20210996912899606,0.3774587931726707,0.4894556359027835,1.3606310650983744,-0.24646212622430935,0.14496695504053764,-0.3107611741074141,3.4473795973333665,0.5540452005824992,-0.324571536636853,0.1389769612425747,-0.21963498134796924,0.9745371838028082,-0.3722894291226162,0.48753041695560423,0.8339423436171728,-0.3140704271145498,0.517113895097314,-0.12908404032251386,0.6384386961034052,0.1423563442025217,-0.14936377586979543,-0.11403664857719169,-0.5120881773237963,0.1879422373116601,-0.024094944498995362,-0.20764033401192533,0.4062441045857243,-0.18344340212715804,-0.02876460151077462
0.10749854975408894,0.04968259809314827,-0.0029363672465145116,0.06800809605017992,-0.010970419733028714,-0.07665308893861504,0.15209817417190952,0.06028896755802556,0.021709754131080613,0.22113520958083216,0.10316161713193735,0.061713037844885965,0.13144765583513707,0.1857316660391176,0.23129536693703348,0.27648443649069776,0.19260755797460288,0.1643639682065088,-0.0023626527948653023,0.20160581942437097,0.3538449180146644,0.18088361947848378,0.12923094236859234,0.5250443651760165,1.0219906070214608,-0.15288987680452565,0.3453338136780383,0.2558115018088813,0.5540452005824992,2.5595155883386314,0.014003036506489314,0.23304447993085695,0.30716328738590903,0.055906227363043,0.3892770385025863,0.46281703921221684,0.9368417650765839,0.555232702174851,0.7592074699189076,0.14910836390220839,0.8570150735417292,0.41439040390500603,1.0442958687341635,0.260795366740348,0.6095199412275476,0.19185676216209555,0.5943147252862241,0.1386182084744006,0.9177153924285585,0.15454000788776684,-0.053898422525636376
0.1887621053554837,0.12877790286291546,0.06889132932995516,0.08551532803683015,0.1613206206534032,0.07024522121654406,0.0969316293489564,0.10064332365467366,0.10108616405863845,0.05258132935593782,0.1381849234373187,0.06592451447168333,0.001056753479645863,0.1554405276555419,0.2324581132301378,0.13970971394325804,0.16989387113956747,0.10097807588425355,0.11137010110687001,0.6228924028135959,0.3400565707346831,0.1836500731899378,0.45856635910730087,-0.19202880777556247,-0.8411007825683382,0.261409919010726,0.19376982112775687,0.05365176180233604,-0.324571536636853,0.014003036506489314,2.410622375981763,0.11956702628639776,0.2382189865316516,0.10672756316546388,0.023445191261588068,0.2520233063313186,-0.26611673145013376,0.3950674984642826,-0.06160560206302681,0.1328624892000316,0.1092782904862012,0.2990467159747371,0.1452427371978545,0.1684633953907937,0.024298011886144083,0.030824340456520015,-0.0016340134437991397,-0.0025406596598272738,0.07537128467680096,0.04945036635814903,-0.04222405476769116
0.04413850796750702,0.1232472880785851,0.1855875559061034,0.15503569631520006,0.14383851573417983,0.17292139279248386,0.2457052049177568,0.2308159214333684,0.18615600945731,0.21489222703092767,0.15632597567060172,0.208514561975362,0.10435405518286313,0.5610729980691219,0.3026759929501371,0.38316947038685073,0.23242321827873744,0.18214873545744775,0.06842372868293327,0.16371969981062973,0.18460821195959218,0.3183568121091288,0.07559204208222386,0.32844090331498776,0.1438509378368825,0.3000685043183534,0.27130338904450074,0.2186525130528538,0.1389769612425747,0.23304447993085695,0.11956702628639776,0.9222562063539074,0.2877237922254167,0.23885405910876775,0.16454143675506133,0.24445378861967104,0.10212890437284611,0.30980775029475943,0.09387706561496732,0.06753144481614522,0.19357488050368768,0.20242322974889757,0.24227102429463954,0.06863341206806742,-0.16653383789728377,0.05096997529097096,0.23577630161063606,-0.04117917793818299,0.6075647081393638,-0.01416352664989603,0.03748601637430207
0.0591464164526038,0.10836889774174627,0.14362850330962473,-0.005837826050399478,0.05170147466494006,-0.06234284646933398,0.14594921153666904,0.13959765544191077,0.12556492677768744,0.17871032570732934,0.10109601204200139,0.04573950661979595,0.08501346803288089,0.20757172274369295,0.17972996930796065,0.14115681501611121,0.24026686401982053,0.189295241391429,-0.010058306148938928,-0.05785705048940492,0.32725953911590333,0.20744102459688207,-0.4238237847067654,0.41742667568168096,0.33877835378553217,0.2221502916476862,0.22999789182269698,1.0118791767069255,-0.21963498134796924,0.30716328738590903,0.2382189865316516,0.2877237922254167,2.196360722172113,-0.3887774040835973,0.22555634282922354,-0.14044377405318884,1.031156922653747,0.40963308422342676,0.06384041449966982,-0.07205064123343266,-0.06333322321135992,0.3089424778853315,0.25474495205680986,0.09661389500450561,-0.012362608965960309,-0.1429069532444595,0.6270889957026959,0.30492722198614064,1.0741270670204197,0.08856360350941941,-0.06092404468091719
-0.09163384031941547,0.32991949232676054,0.4124763131163518,0.2792370622850215,0.1823260671214085,0.3017037472635843,0.22623200475912691,0.25823137353782977,0.17847468522812246,0.26362369053585355,0.18115502400441066,0.2006063940315158,0.12943985565206634,0.21939476716433362,0.1946963030174997,0.2110594842578663,0.26241713296390934,0.2089891958195019,0.13362386141975893,0.4783409307404832,0.15000076378754945,0.19970694816995138,0.5537763127894587,0.37090657061402227,0.6605614405681306,-0.005755409287120556,0.22829143662932427,-0.1875930548578935,0.9745371838028082,0.055906227363043,0.10672756316546388,0.23885405910876775,-0.3887774040835973,1.6284732663016153,-0.029845115272293866,0.4368397269159858,0.4724970228739712,0.11942871334089307,0.4248449396103206,-0.1364215116134381,0.3297326850053982,0.21132439540389883,0.21445426421493521,0.10440826751652468,-0.5659812699649494,0.0414216864963798,0.09400284041713804,-0.14320839087584566,0.0185681494195675,-0.18640577996715704,-0.013630264470412082
0.005838991808252841,0.12270076957883085,0.21769177511605772,-0.13491342133134118,-0.05502357284360645,0.0439753201594471,0.1849095655390212,0.1679616134232864,0.12431030841857142,0.20404615631762538,0.1576283710148529,0.12357208205522857,0.12661443833418407,0.14329838969423428,0.11051036695008568,0.28677957224317696,0.29006303088649327,0.15357994728171304,-0.020861967978946676,-0.11277428463809325,0.24940702668064105,0.1361032629712173,-0.49821931055199753,0.2204169009116909,0.3133755579779962,0.29514973065192673,0.1848260850102356,0.9906171916311439,-0.3722894291226162,0.3892770385025863,0.023445191261588068,0.16454143675506133,0.22555634282922354,-0.029845115272293866,2.294879992250002,0.08386634511852863,0.11694424833046307,0.02779999586787866,0.18538971854071695,0.3514949972784428,0.19743526687059634,0.3236034087770881,-0.029153089985633925,0.03847516474164315,0.17811999065868578,-0.053655697823165205,0.2417446992585967,0.16073170888340593,0.5962758254073637,0.024747145554910248,0.03961168183483696
0.10511712031067184,0.22292530844102137,0.32844377542999487,0.10299666221352168,0.0868691849640871,0.10137277171880651,0.18602171658777544,0.11969846551558729,0.12547106420132617,0.14296632590327008,0.15240297548796516,0.16714977213106422,0.10990829241859389,0.24197717918007106,0.21127739169488394,0.27395715514249475,0.26189256213174517,0.17833823126315104,0.12592166098612484,0.32616501780146956,0.25096005671369187,0.3163088213439337,0.6830724525516735,0.3581947317314354,0.4485973860103711,-0.06274150431961967,0.3118464479312152,0.1544505660463769,0.48753041695560423,0.46281703921221684,0.2520233063313186,0.24445378861967104,-0.14044377405318884,0.4368397269159858,0.08386634511852863,2.2697957493831304,-0.10169580877230733,0.05257449753076779,0.44538966830943894,0.17268477362062656,0.6445230103462256,0.29609022958471154,-0.09483876115171364,-0.05631835901129583,-0.38024966810276856,0.8872515473729288,-0.3066167407807279,-0.9594469559984936,-1.3063446468567752,-0.08237368553946936,-0.030846917911156364
0.08291758544028738,0.29702199633492876,0.41245104632873464,0.10940879692020482,0.09231930821404659,0.06914310454258481,0.14065792347902303,0.20852558829252266,0.12919215575625312,0.3508162552206393,0.12643945167241805,-0.024124922390277626,0.12534006737685796,0.10758292320651229,0.16119446619368233,0.12200305909276013,0.35611006280195406,0.25398298702460853,0.016213426245122755,0.2569858679489265,0.519106771266448,0.0829721635412174,-0.3192573942040073,0.6054518505381815,1.6034707724155322,-0.2500353248301729,0.2675904638821769,0.5533142777722593,0.8339423436171728,0.9368417650765839,-0.26611673145013376,0.10212890437284611,1.031156922653747,0.4724970228739712,0.11694424833046307,-0.10169580877230733,4.440608925570762,0.5498644096191007,0.7023263722580457,-0.0929859095041666,0.49791888939272566,0.625998718897812,1.186829701772317,0.14294099753420997,1.9544124334661883,0.12217709468840889,0.9404270348429942,0.3646584534223464,-0.34447772531453086,0.08112803091725194,-0.08626920453659423
0.3034937440650341,0.2421016262165738,0.3448102381906623,0.20926147293946734,0.08583536111879633,0.1354649910927871,0.1387483533715119,0.18616738770255908,0.14916453665527915,0.15471965432639836,0.13117459042087007,0.1422011262141043,0.0240046238092487,0.24307084901538026,0.2342507189690996,0.2206288498805061,0.2629546743623667,0.16083095713968484,0.08268862244293723,0.4086017895758936,0.3492102689351613,0.26309625838317235,0.016471046938749817,0.19594652741780405,0.3471386912079177,0.29176892323512754,0.2655603773566217,0.2590296361198467,-0.3140704271145498,0.555232702174851,0.3950674984642826,0.30980775029475943,0.40963308422342676,0.11942871334089307,0.02779999586787866,0.05257449753076779,0.5498644096191007,1.9911443164220872,0.13548190271472935,0.13372096883635776,0.17347700026166918,0.3897773845860812,1.1823594069375856,0.40402659477029307,0.9592894357294743,0.28081949814640855,0.4854164109410744,0.08664702910976131,-0.10070083770496804,0.0371966475120644,-0.030964714444346085
0.049307543866529996,0.1961667660706662,0.2693767281494126,0.21065458480186905,0.11478748791606017,0.15875104715432414,0.20773939624527188,0.2562675382593787,0.11190446505319661,0.1686054380951571,0.20451473400112227,0.23138890030679754,0.1343008129652669,0.11315353875407617,0.09609082124561671,0.21049029220117843,0.2976480551223636,0.02927098493203351,0.07420725789406994,0.26580532739662277,0.2662782535810162,0.2280365746012344,0.24718117894696345,0.39311578462479985,0.8645305866258751,-1.1129530283003477,0.2601799150917793,0.14185054026014512,0.517113895097314,0.7592074699189076,-0.06160560206302681,0.09387706561496732,0.06384041449966982,0.4248449396103206,0.18538971854071695,0.44538966830943894,0.7023263722580457,0.13548190271472935,2.134955714326053,0.31931657134566654,-0.028731877045210154,0.20028930901318306,0.37422819254432704,0.14579609850444658,0.7165348465288439,0.35344030904680745,0.4617288961197701,-0.2734450047314154,-0.2527086590512225,-0.11648231702723984,-0.037716653464042925
