2.876952951951433,0.46858718973811714,0.7485759177551329,0.11789672500820493,0.05877910160119745,0.16038963410023552,0.1163673650785028,0.10606410643587351,0.12359593463498733,0.15189927477810114,0.13373291546757723,0.14412081485834785,0.019501375894798,0.11472385728640654,0.29742286591007916,0.029372086437526604,0.06258354132889432,0.25214617802474343,0.03749947720002259,0.21632736907058633,0.13448479027896512,0.11518650919018235,0.24893666302695636,-0.6570978687869343,0.07762544371060721,0.23194184660009157,0.11476691827788833,0.001051618746065273,0.06837529656160807,0.09414702537999907,0.21875383622324582,0.07849005778188105,0.07160876696558244,-0.0946087828128412,0.04009105434817522,0.09669029556148177,0.04090868963344842,0.29062460786149863,0.027372080805015943,0.07725118840219954,0.06768301290389739,0.1102826636420196,0.20531864045603757,0.09982349264269598,0.3153509315727299,0.2994257944300287,0.10906688379684591,-0.12573772568264202,-0.4193610469530483,-0.003143463293841987,-0.039178143811076836
0.46858718973811714,2.938148868352262,1.0750689517262588,-0.0699711387342033,0.02115979416966284,0.2703767259462517,0.1353094345558147,0.26099949837144903,0.16789827073165262,0.39712186755927403,0.18719120181466706,0.1770414169235217,0.07712159989453421,0.17682267500252127,0.2257991325460041,0.030178135261932523,0.24380859328600243,0.4728016380384807,0.0199574770477673,0.522384419669812,0.19736533587913374,0.09519980379333844,0.09551578396938036,0.1135528249599754,0.2530543389314474,0.22840027427463946,0.1522275253161064,0.12755534348824132,0.2851219973081036,0.06328545763005812,0.17697310126626442,0.12267412433826216,0.12652510822683152,0.30783374414945425,0.14068237902747785,0.2479314312155756,0.3426181341987311,0.2847140206408367,0.21397332831795207,0.07062771011478838,0.15478527701538033,0.2095262307806045,0.21154345678712802,0.03397345764268924,0.2842331081116519,0.31994677881202854,0.2806086525178982,-0.15418543538914942,-0.1337429979445484,-0.13268132292043175,-0.08517228835513539
0.7485759177551329,1.0750689517262588,2.2635464293348524,0.0595868631921207,-0.11172574628563761,0.35707316881531936,0.12130807399496606,0.429242186964738,0.29952795979569313,0.5354980717507041,0.2747969714862709,0.2553160338659498,0.11543315706643928,0.23325343244792393,0.31165722423432957,0.05484093452673607,0.31916158521336824,0.4063132491126384,0.08685499226414989,0.3526317922109088,0.2473653519592489,0.22079095521817357,0.10258417192338362,0.24211181070232135,0.42491724999479635,0.28424025550235354,0.14681941586986225,0.20148522708691396,0.4027726137379495,-0.007049545008550056,0.0814968477011105,0.19275745457378807,0.14468533205156078,0.40313264360576867,0.23854774055055328,0.34391024716682894,0.4342773716408962,0.3675683378484312,0.2798754205329575,-0.04148489727191516,0.1542290359198275,0.2622968495276679,0.22084852083749038,0.06312676841887825,0.37421762201286063,0.4937021216790787,0.40176096161901087,-0.24842493120621156,-0.27193100206455634,-0.10049502398350964,-0.04889709725044409
0.11789672500820493,-0.0699711387342033,0.0595868631921207,2.10338099395425,0.3459587498216973,0.29382195553366003,0.04065674947713902,0.27500551480553065,-0.10145244424582985,-0.006583845569767522,0.20315897496976662,0.2750198836205893,0.08606371042609376,0.17323766395050094,0.16182143069215513,0.24457126855803485,0.10796081275843972,0.053082848567496614,0.1921498568077259,0.2594141237428691,0.10101139305867439,0.0713384167722808,0.16217454028188114,0.09867316486911164,0.1594776812699855,0.05621867932551365,0.1323480877280799,-0.024901190325424195,0.16750946715033851,0.07210083210113452,0.10125557715825705,0.1587747610474365,-0.0006244213617145773,0.2729225103470538,-0.13747888876341305,0.11845590932651584,0.11687043690297295,0.22300370259858773,0.21626196209283968,0.03475865725552355,0.09870553755395292,0.08672856015241405,0.12258969664866201,0.23286321841154026,0.03690146971156075,0.04251864900680857,0.15067983498944915,-0.02304094712307148,-0.031249028971678663,-0.04111253940543238,-0.025171322344309566
0.05877910160119745,0.02115979416966284,-0.11172574628563761,0.3459587498216973,0.9231415370116073,0.36473277599056914,0.175830002086308,0.26663046733955864,0.019953975393531505,0.09303391232847895,0.1311446953620972,0.2220059152549196,0.10132507737122542,0.15070855805129907,0.1359656558167872,0.1935629203533499,0.097293130857598,0.13251351572770323,0.3381698025283686,0.1704081266097499,0.06590880257648757,0.11262879033502256,0.07749159224646456,0.12956266189659169,0.06533862590575398,0.1687235308862418,0.1096546629614207,0.011794479338270344,0.15167807030606936,-0.020074097312078324,0.1537145494163115,0.15093225008804106,0.038767703925220526,0.1687091452721167,-0.03998796549024431,0.09038224985848606,0.07693788387039267,0.08181417560999542,0.10913220569998539,0.04939221584649595,0.046700212286449945,0.06355300258067625,0.058937527309197116,0.05033935629403865,-0.062447954825551086,0.023558205193804943,0.13935606180921842,-0.014267742226733174,0.278860396350427,-0.016751883775110707,-0.0131970094454851
0.16038963410023552,0.2703767259462517,0.35707316881531936,0.29382195553366003,0.36473277599056914,0.6469291314278217,0.08933261149135041,0.3016242854635436,0.10626367222216633,0.149168702815282,0.17178482694065453,0.2366373656703288,0.09509137765466619,0.15860420814958334,0.12982779510779435,0.1656554612734345,0.15485735749149462,0.17095634186699932,0.2769655630797153,0.2118200070291272,0.08905717864263638,0.15220745037002764,0.09652664500757104,0.15034878891780346,0.15644951735885304,0.17762010840628054,0.1300961426443674,0.010787647354205688,0.29825083741573183,-0.07367680087268519,0.05822393397923617,0.16999294617565208,-0.06929657270527019,0.3021123419932021,0.037117645321387456,0.10299897526833572,0.06851897322581899,0.1337721236011346,0.15917505429083023,0.04726882701189264,-0.0019456829556083611,0.084672198576892,0.08725112363395447,0.04465154736653254,0.011715285177424348,0.11662379221180257,0.3117952487378286,-0.07205950327783911,0.25150315441406706,-0.08604283300392201,0.017160285662642976
0.1163673650785028,0.1353094345558147,0.12130807399496606,0.04065674947713902,0.175830002086308,0.08933261149135041,0.7899566930042388,0.1794284193604289,0.2675373243415585,0.1867491543691189,0.22031787326104818,0.26071526549350543,0.13983274882985755,0.20894362040252779,0.1575478781433412,0.25197370921040835,0.2495422680591462,0.19000582175213762,0.028484303262820886,0.10087759282468606,0.1484417218063591,0.2268170646198163,0.03410710591223399,0.2533381412017212,0.24468319919183998,0.28224439775824317,0.1740651676999881,0.17418332447929283,0.1709152780693572,0.16399789519720295,0.0928314078894864,0.22301141335266506,0.16047098387325237,0.20897406313063357,0.18589247021020866,0.19990573417841367,0.15327882775389715,0.13562800943743827,0.21861824718157447,0.05250432818847643,0.19148986491034203,0.16149471531322987,0.11609806072187871,0.06832486649899071,-0.1356547522390996,-0.007282498490222887,-0.04428193127941098,-0.012207103765640354,0.37957444263593476,-0.054381888741247525,-0.011393661747110572
0.10606410643587351,0.26099949837144903,0.429242186964738,0.27500551480553065,0.26663046733955864,0.3016242854635436,0.1794284193604289,0.8520132104992081,0.05461868914682018,0.18736393482392605,0.2054679534723006,0.16882542541491166,0.10569124673197007,0.23817740535887252,0.10964772596497706,0.15585653260485985,0.20743273676758564,0.28606784096052335,0.17725688505910053,0.24419205473612648,0.15803793063981267,0.14054921525741232,-0.0065502954940159395,0.22126111180913513,0.20648705721462124,0.2967489151020101,0.15702035814806603,0.15846144548532118,0.16486119434774518,0.0470916500050004,0.09219828644048261,0.2251573409787656,0.12797001680154413,0.2458127502330033,0.17935499607355854,0.12370591693162862,0.19302157611493653,0.1790116149288075,0.2529456971516622,0.07379042060385606,0.14583944091137227,0.15464031321780441,0.15260474181105843,0.052237926509855,0.018285953399479908,0.10466353479454348,0.3263406305221798,0.0001208156396680124,0.4253109389965887,0.01557957249360875,-0.020275452483161316
0.12359593463498733,0.16789827073165262,0.29952795979569313,-0.10145244424582985,0.019953975393531505,0.10626367222216633,0.2675373243415585,0.05461868914682018,0.685188104722265,0.014749412643437824,0.13236212705739142,0.12101616784009014,0.0656999264312179,0.14136746621700308,0.10394714502438022,0.08415158097694553,0.19630615115448827,0.10885835896172326,-0.0703436552181267,0.06826056297148256,0.14366733846399485,0.2574369388934544,0.040577370508790546,0.18429206181687263,0.12041903006280452,0.32276255964679523,0.10505919154293412,0.1233443059093443,0.09356224687206709,0.03423260691601061,0.0998193672053331,0.1635990545452469,0.13830283458099948,0.17033028648727655,0.11171798852399425,0.13204443937169938,0.14493646352109688,0.14965726975154592,0.11726738770728293,0.031279491429377804,0.11861908142073646,0.1448195611677354,0.11493773914530686,0.028301432880090543,-0.041130518972739075,0.06692827744060116,0.08559395977051068,-0.05095659501929729,0.2265568740148457,-0.07610432808211,0.004741147141969131
0.15189927477810114,0.39712186755927403,0.5354980717507041,-0.006583845569767522,0.09303391232847895,0.149168702815282,0.1867491543691189,0.18736393482392605,0.014749412643437824,0.844258019017867,0.1399961162366334,0.1859517468004744,0.13154296178793742,0.23265159161010646,0.297335150906275,0.11118957741626534,0.24326932868358778,0.35640617622613663,0.06976099780304644,0.14705584392228407,0.16141882930352883,0.10623692544564617,-0.02275662863692702,0.32909708742953825,0.3469914801206121,0.18182942733644192,0.15272677899106216,0.19487151486027915,0.32255521264876896,0.23680129664583202,0.0524099400610454,0.21456146813252067,0.18369732396409272,0.25900070816597276,0.20741749854738892,0.15525317561636098,0.37343578158847657,0.16546367024857592,0.1767193216878142,0.020008990905408423,0.24303868120137773,0.183411795155593,0.1673925802322574,0.05171449335903078,0.018052852806756396,0.08211709273563406,0.2730824432508548,0.028070663798615083,0.41334241879579886,-0.03473091175854805,-0.007300593371824108
0.13373291546757723,0.18719120181466706,0.2747969714862709,0.20315897496976662,0.1311446953620972,0.17178482694065453,0.22031787326104818,0.2054679534723006,0.13236212705739142,0.1399961162366334,0.4600625785020333,0.2526776708527366,0.13193226260225505,0.15109841101237462,0.23619533265848916,0.18912719753661733,0.24752163559339782,0.17760253800546344,0.061634678518643134,0.23148847921921586,0.13921916416743316,0.1495254923641427,0.08162703109094945,0.1997032045629816,0.14995355529446297,0.22523303147424903,0.16606592170966156,0.13944721862742593,0.1685682053887281,0.11117965336953238,0.14521630716334183,0.15781009405098345,0.10726491188959572,0.17678028134064538,0.15686345109141356,0.16408950491998345,0.13263829221235238,0.13717375400994067,0.20942133797381177,0.08712827417928407,0.14287531515186636,0.14912667947498875,0.1391143716623075,0.034065652387715396,-0.016278227177651323,0.09299929416212367,0.12675139536722657,-0.03029636829919361,0.24063278725042478,-0.03732987894852535,-0.0049410686681767325
0.14412081485834785,0.1770414169235217,0.2553160338659498,0.2750198836205893,0.2220059152549196,0.2366373656703288,0.26071526549350543,0.16882542541491166,0.12101616784009014,0.1859517468004744,0.2526776708527366,0.6733365128175575,0.10069714037838981,0.1904821608696188,0.267606582377708,0.287101503582972,0.20325597222694516,0.0022392778633350116,0.1103058985277419,0.19541347878136286,0.09086228953648635,0.17638590040380225,0.10648643857352577,0.18246336420105727,0.11177221114371141,0.19228855820573898,0.22086581296049043,0.10509260765939303,0.1112439384365369,0.07070043431292375,0.0632849068151979,0.2206690867730826,0.055244445026301776,0.21670045971958465,0.11741583553038977,0.1827103261228783,-0.01940845399188726,0.14165827319943095,0.23919540051448912,0.07349577087666953,0.1301002398812755,0.10146043920711194,0.09221325386801991,0.05997221412186699,-0.18920453371210377,0.05441966905466253,0.13621405225102295,-0.023991124779375594,0.4885778080713572,-0.07883007034762987,0.02717715102218212
0.019501375894798,0.07712159989453421,0.11543315706643928,0.08606371042609376,0.10132507737122542,0.09509137765466619,0.13983274882985755,0.10569124673197007,0.0656999264312179,0.13154296178793742,0.13193226260225505,0.10069714037838981,0.3177604367485572,0.11107833831551987,0.005242437693662519,0.14234919867039172,0.1318531501075842,0.10462495450673187,0.060087959305833105,0.018614469375237027,0.08565075878534484,0.14935396259138925,0.034311850781006174,0.20883353896198034,0.2185494118299129,0.0870215599398034,0.10774247942955384,0.09846424159062266,0.24571604645179032,0.13324881643582268,-0.001471662135629369,0.11403728466478333,0.08260240567508279,0.1295771768389406,0.1332551874345395,0.1144373633625082,0.13387277554155724,0.033137844033753416,0.13684970869090618,0.028439848441635104,0.10307340766284219,0.09275242662626522,0.0878751561834695,0.036132117414829544,-0.06319158948799215,0.05623030598284828,0.08367643610951991,-0.03323787928103898,0.22705030053150316,-0.016472304758712968,0.0001635529026464152
0.11472385728640654,0.17682267500252127,0.23325343244792393,0.17323766395050094,0.15070855805129907,0.15860420814958334,0.20894362040252779,0.23817740535887252,0.14136746621700308,0.23265159161010646,0.15109841101237462,0.1904821608696188,0.11107833831551987,0.6450936217314076,0.33616083051397433,0.3765705184200509,0.23395096847242228,0.2245621468322732,0.08422589022204416,0.1845952461070489,0.1638414033141876,0.2837552530583274,0.17581479784456958,0.2938371774908952,0.11868722633553942,0.2436842392047385,0.20938978593065502,0.1489172223682793,0.15511122434143965,0.207749481756741,0.16413018216666475,0.5581804495709024,0.2137836292612116,0.21047886735865898,0.14294082782397435,0.2575583860160624,0.14130943914732783,0.2686155105486845,0.12692287987587372,0.07776652255174912,0.19679630723541083,0.18338311860833117,0.21907031815620562,0.07360327614432687,-0.05021716529949378,0.13996926343530763,0.2644489092859375,-0.07786030443426721,0.4282910018451221,-0.018002851751060388,-0.012292794931275944
0.29742286591007916,0.2257991325460041,0.31165722423432957,0.16182143069215513,0.1359656558167872,0.12982779510779435,0.1575478781433412,0.10964772596497706,0.10394714502438022,0.297335150906275,0.23619533265848916,0.267606582377708,0.005242437693662519,0.33616083051397433,1.2383077912327725,0.19835277733534473,0.17686237750763614,0.3867625287373786,0.07933344779640522,0.2646668856105209,0.20149960829844882,0.13021433613520644,0.12589547711791663,0.3310505889124588,0.07261460483230148,0.22250314655471393,0.20635388235500976,0.1377294808164242,0.1715800492020062,0.24564728174826242,0.24613477286175794,0.299332017704876,0.19256880508842492,0.2023304506532424,0.09708195102865631,0.219527140872546,0.20081110794684484,0.2544258044970833,0.10331346043327146,0.06525546720129441,0.23466770818432814,0.2024652856898344,0.20492298582952714,0.049870723603150424,-0.03546125589148864,0.09008302247289349,0.17924025126239482,0.010008658937214983,0.41562880644490824,-0.05842800536468856,0.007738911186702256
0.029372086437526604,0.030178135261932523,0.05484093452673607,0.24457126855803485,0.1935629203533499,0.1656554612734345,0.25197370921040835,0.15585653260485985,0.08415158097694553,0.11118957741626534,0.18912719753661733,0.287101503582972,0.14234919867039172,0.3765705184200509,0.19835277733534473,0.8789941151026358,0.28435384190590346,0.08915394931454484,0.1358237423358927,0.17669879035793096,0.1492063235252981,0.4115078553546955,0.07469366804133772,0.3399393895412858,0.12219667465951867,0.14754913359904773,0.26942595061287417,0.22042548037816798,0.2665996087620552,0.2804789650286791,0.11623197031879928,0.3817316896848977,0.12625952195965545,0.2096956569287596,0.27177477847295606,0.26659443762904605,0.12834387421724985,0.22538734750805098,0.21505695470030137,0.1284148754452278,0.23884935149402461,0.17523226346699122,0.18594699857267113,0.07412555917525145,-0.12966492002881774,0.07502094553533192,0.18665125054558732,-0.08002118011151972,0.5981838874778699,-0.06672542534244177,0.032180695903102574
0.06258354132889432,0.24380859328600243,0.31916158521336824,0.10796081275843972,0.097293130857598,0.15485735749149462,0.2495422680591462,0.20743273676758564,0.19630615115448827,0.24326932868358778,0.24752163559339782,0.20325597222694516,0.1318531501075842,0.23395096847242228,0.17686237750763614,0.28435384190590346,0.7995341722866535,0.19131588489316634,0.05992092061509776,0.28645103965853524,0.2346223875935653,0.29696323681076287,0.05203053821322631,0.2616457323484345,0.32242042947910216,0.24061068939706373,0.22113618540776764,0.32097674134772475,0.17515287838508384,0.19448155484278656,0.16542106271831347,0.2303738732074421,0.23212617584604187,0.24825201459875573,0.28438033024622805,0.2622582745715914,0.3639280983703121,0.2761984622788235,0.30058029001147824,0.1242914014781773,0.23467833044668907,0.28145209236410823,0.23208364384428587,0.06900247263954858,0.10655834324523053,0.13946373173010346,0.26336716401630383,-0.0721593792423449,0.2726638043041225,-0.10472079709085037,-0.005658002378133841
0.25214617802474343,0.4728016380384807,0.4063132491126384,0.053082848567496614,0.13251351572770323,0.17095634186699932,0.19000582175213762,0.28606784096052335,0.10885835896172326,0.35640617622613663,0.17760253800546344,0.0022392778633350116,0.10462495450673187,0.2245621468322732,0.3867625287373786,0.08915394931454484,0.19131588489316634,1.0227600552156664,0.08902141171386774,0.03098903172499786,0.21443365697963904,0.16140688300333839,0.05166268555030727,0.34609093785304185,0.2785119970142415,0.325518480056246,0.12867987577656942,0.15457364795910003,0.26216286485391255,0.16541880071162804,0.10088581380172128,0.17561301288475137,0.18626832866872658,0.19497394248132682,0.16374003915472943,0.17857953538916194,0.27854321304688295,0.1766194393332734,0.03916939130366824,0.03657382065228423,0.22201141716257436,0.20734282481905641,0.17157327721025556,0.03772752363036653,0.044813822453135574,0.10316883002023693,0.21841187589135616,-0.012106355745744788,0.3010438574598742,-0.010697841124708604,-0.031115377400764196
0.03749947720002259,0.0199574770477673,0.08685499226414989,0.1921498568077259,0.3381698025283686,0.2769655630797153,0.028484303262820886,0.17725688505910053,-0.0703436552181267,0.06976099780304644,0.061634678518643134,0.1103058985277419,0.060087959305833105,0.08422589022204416,0.07933344779640522,0.1358237423358927,0.05992092061509776,0.08902141171386774,0.7093476500352239,0.19113936029721454,0.061123321164572475,0.0882597276907176,0.013416746741973172,0.03349968894404202,0.013048568042877375,0.009881119977352028,0.07682458936372702,0.007736908952375246,0.16948601057464657,-0.009425756330949074,0.10767483053410425,0.07565493158057139,-0.02724167836196721,0.13010970436936822,-0.017995832595374364,0.12721311912926084,0.004876416148336288,0.08087092235566663,0.07116779734114954,0.0266788666153226,0.020011850693615708,0.04767058976750274,0.010314001837239354,0.011922581621347428,-0.014474073394634612,0.07233617319686415,0.025191395459620496,-0.064866156626052,0.03338736280915615,0.0019640422467160803,0.0027391587242832256
0.21632736907058633,0.522384419669812,0.3526317922109088,0.2594141237428691,0.1704081266097499,0.2118200070291272,0.10087759282468606,0.24419205473612648,0.06826056297148256,0.14705584392228407,0.23148847921921586,0.19541347878136286,0.018614469375237027,0.1845952461070489,0.2646668856105209,0.17669879035793096,0.28645103965853524,0.03098903172499786,0.19113936029721454,1.6661909138254056,0.18222680154376866,-0.00838376893451923,0.5210662959081913,0.020002727425256852,-0.1246556020130042,0.160853545309166,0.2941493981673292,-0.0467741330105913,0.3291843969172646,0.21028070054302825,0.6885494089152043,0.16789002051956695,-0.039603768306997064,0.4666400106073015,-0.10400660177047283,0.35437027913229274,0.272117221088643,0.4342863019369754,0.2704268669942435,0.3397472042706283,0.28079669872582036,0.23740191251485449,0.4127654748357441,0.04872691649460611,0.17202643179060928,0.31721457006340353,0.05278845420157593,-0.11615255270110245,-0.08202502190812672,-0.02020645164083674,-0.07155402088102984
0.13448479027896512,0.19736533587913374,0.2473653519592489,0.10101139305867439,0.06590880257648757,0.08905717864263638,0.1484417218063591,0.15803793063981267,0.14366733846399485,0.16141882930352883,0.13921916416743316,0.09086228953648635,0.08565075878534484,0.1638414033141876,0.20149960829844882,0.1492063235252981,0.2346223875935653,0.21443365697963904,0.061123321164572475,0.18222680154376866,0.6951674725899317,0.17650749406682475,0.017452526835401036,0.20148457880951084,0.26438137962403724,0.18763892459540255,0.16823208848803625,0.22698843153227508,0.10737831389920971,0.3511069339394541,0.33985440291065294,0.17160051885309524,0.3164188753939628,0.12888314938573409,0.23164362949862183,0.22488785965333163,0.5141573658257667,0.3644560154699387,0.2707886714232558,0.20802996135493568,0.2698191873284347,0.5544366511360754,0.3666162443259899,0.08203995626516301,0.47524243659495014,0.10357423376511112,0.335858858120457,0.05612833116403201,0.205013559770752,0.04323695396771941,-0.014174276416630785
0.11518650919018235,0.09519980379333844,0.22079095521817357,0.0713384167722808,0.11262879033502256,0.15220745037002764,0.2268170646198163,0.14054921525741232,0.2574369388934544,0.10623692544564617,0.1495254923641427,0.17638590040380225,0.14935396259138925,0.2837552530583274,0.13021433613520644,0.4115078553546955,0.29696323681076287,0.16140688300333839,0.0882597276907176,-0.00838376893451923,0.17650749406682475,0.8652817123784883,0.17888732129878332,0.2938357059750741,0.09540384169437312,0.1432125797462447,0.21079446038513283,0.15786296908122377,0.21403996562657587,0.1867843254835414,0.1636422617241319,0.31173522589863506,0.19275124000166835,0.19691543787691804,0.12001177079731258,0.31001078890203937,0.0890879409001412,0.27136251938720074,0.23365469113585446,0.0654898429406454,0.13097637459480924,0.18185438506433488,0.1831787065436514,0.07902096199164955,-0.07756171077509313,0.23074502024312712,0.22847331059583162,-0.27758471702677656,0.45574923061235934,-0.09486723936981514,0.02622046985913865
0.24893666302695636,0.09551578396938036,0.10258417192338362,0.16217454028188114,0.07749159224646456,0.09652664500757104,0.03410710591223399,-0.0065502954940159395,0.040577370508790546,-0.02275662863692702,0.08162703109094945,0.10648643857352577,0.034311850781006174,0.17581479784456958,0.12589547711791663,0.07469366804133772,0.05203053821322631,0.05166268555030727,0.013416746741973172,0.5210662959081913,0.017452526835401036,0.17888732129878332,2.3836295298430614,0.07176012240366382,-0.1402279210621603,-0.16410489601053513,0.053010653450446844,-0.6798427069724137,0.3662063950544151,0.1071339013001812,0.46131312666751995,0.08140354359933105,-0.44236818540564354,0.5645297255886589,-0.4973448742324553,0.6867969509565146,-0.35059111773652196,0.009090037714426341,0.23707868710326271,0.26006401509083477,0.06713792180075424,0.06910508632085713,0.25946862702406404,0.1982938049508272,-0.29073353744641856,0.5053935654890652,-0.12993587409821375,-0.4550187471646112,-0.7087739679322487,-0.07522593454705369,-0.01926617014269829
-0.6570978687869343,0.1135528249599754,0.24211181070232135,0.09867316486911164,0.12956266189659169,0.15034878891780346,0.2533381412017212,0.22126111180913513,0.18429206181687263,0.32909708742953825,0.1997032045629816,0.18246336420105727,0.20883353896198034,0.2938371774908952,0.3310505889124588,0.3399393895412858,0.2616457323484345,0.34609093785304185,0.03349968894404202,0.020002727425256852,0.20148457880951084,0.2938357059750741,0.07176012240366382,2.358209712332197,1.0001031150004858,0.049544214416954765,0.16902782920179982,0.28243661560706484,0.48719040193308116,0.5170639912241877,-0.29870418105667096,0.3172039277775539,0.3637805234177064,0.3722828697102676,0.21558837378924287,0.3703669818060412,0.6630617380347201,0.21666390218811635,0.42386299175835407,0.029936730236480785,0.3755282440570985,0.2434490381111454,0.23962450927671344,0.060906244840073474,-0.19477615536973136,-0.021932514490393636,0.3840773277698199,0.06713568568914313,1.3146062221120598,-0.10092176484031634,0.052020639085599084
0.07762544371060721,0.2530543389314474,0.42491724999479635,0.1594776812699855,0.06533862590575398,0.15644951735885304,0.24468319919183998,0.20648705721462124,0.12041903006280452,0.3469914801206121,0.14995355529446297,0.11177221114371141,0.2185494118299129,0.11868722633553942,0.07261460483230148,0.12219667465951867,0.32242042947910216,0.2785119970142415,0.013048568042877375,-0.1246556020130042,0.26438137962403724,0.09540384169437312,-0.1402279210621603,1.0001031150004858,3.2635004139784294,-0.2449484614445917,0.28120154765604544,0.3349961170616318,1.3149899802259442,0.9988640213363247,-0.8910291940117702,0.16123347715930242,0.3114136123180721,0.6502668368903872,0.3342507678663877,0.472623025759694,1.6267361205899025,0.35803202488061747,0.8675272474329648,-0.0706706680617437,0.4953115089275681,0.343290439101576,0.545764801978998,0.15515500403512633,0.5624573096105672,0.22623118145700027,0.38003134050847215,-0.08655219765208831,-0.5666281828187851,-0.05424334257080571,-0.02687007673012947
0.23194184660009157,0.22840027427463946,0.28424025550235354,0.05621867932551365,0.1687235308862418,0.17762010840628054,0.28224439775824317,0.2967489151020101,0.32276255964679523,0.18182942733644192,0.22523303147424903,0.19228855820573898,0.0870215599398034,0.2436842392047385,0.22250314655471393,0.14754913359904773,0.24061068939706373,0.325518480056246,0.009881119977352028,0.160853545309166,0.18763892459540255,0.1432125797462447,-0.16410489601053513,0.049544214416954765,-0.2449484614445917,2.1463838662235197,0.09292818232043498,0.20939403633264228,-0.2501952461437453,-0.12664237157845915,0.25236977135963734,0.2840060449065918,0.22875531233567228,-0.02321931703236477,0.30136253191335327,-0.08356411026602975,-0.23814218372471285,0.29928917757839013,-1.1332468044810595,-0.0369112460366186,0.6677568167850382,0.24101749842888176,0.20443715547596197,0.022118816468297157,-0.6991022516904228,-0.23933075434184295,0.023130457089394273,0.38297695149490174,1.6009623248617937,0.0845357956895139,-0.001468197174626706
0.11476691827788833,0.1522275253161064,0.14681941586986225,0.1323480877280799,0.1096546629614207,0.1300961426443674,0.1740651676999881,0.15702035814806603,0.10505919154293412,0.15272677899106216,0.16606592170966156,0.22086581296049043,0.10774247942955384,0.20938978593065502,0.20635388235500976,0.26942595061287417,0.22113618540776764,0.12867987577656942,0.07682458936372702,0.2941493981673292,0.16823208848803625,0.21079446038513283,0.053010653450446844,0.16902782920179982,0.28120154765604544,0.09292818232043498,0.853130417702907,0.21314322554620915,0.14822654125958426,0.35169808916653705,0.19461754584637186,0.2796240053868743,0.23703819968217194,0.23044713159489705,0.1883609496739163,0.3226850321163018,0.27890727142804117,0.27098811273318474,0.2630939374513201,0.11951261711303199,0.29466126318522207,0.1976302668347008,0.4428870664043251,0.03351079083916496,-0.11661625914086167,0.16171074989225317,0.1551999144338,-0.04449821269853022,0.5248738794577448,-0.007841964437534212,0.00045754844307621765
0.001051618746065273,0.12755534348824132,0.20148522708691396,-0.024901190325424195,0.011794479338270344,0.010787647354205688,0.17418332447929283,0.15846144548532118,0.1233443059093443,0.19487151486027915,0.13944721862742593,0.10509260765939303,0.09846424159062266,0.1489172223682793,0.1377294808164242,0.22042548037816798,0.32097674134772475,0.15457364795910003,0.007736908952375246,-0.0467741330105913,0.22698843153227508,0.15786296908122377,-0.6798427069724137,0.28243661560706484,0.3349961170616318,0.20939403633264228,0.21314322554620915,1.5949474233144192,-0.3327911466626338,0.2988548300941163,0.05221895833332522,0.20489715655663043,1.019524846411444,-0.21701795652956998,0.9894807578632124,0.18057141448432382,0.6412438982038969,0.30962607374008894,0.17230900684600176,0.08043637245117959,0.2609479785262356,0.2503754501929543,0.13177212057854906,0.09836777931808463,0.14250982571113194,-0.09827030775790377,0.2674559242204508,0.18559723463525887,0.5800017439196319,0.08112962407079018,-0.004191550027057567
0.06837529656160807,0.2851219973081036,0.4027726137379495,0.16750946715033851,0.15167807030606936,0.29825083741573183,0.1709152780693572,0.16486119434774518,0.09356224687206709,0.32255521264876896,0.1685682053887281,0.1112439384365369,0.24571604645179032,0.15511122434143965,0.1715800492020062,0.2665996087620552,0.17515287838508384,0.26216286485391255,0.16948601057464657,0.3291843969172646,0.10737831389920971,0.21403996562657587,0.3662063950544151,0.48719040193308116,1.3149899802259442,-0.2501952461437453,0.14822654125958426,-0.3327911466626338,3.4597347083470877,0.5603578355156382,-0.36519859328938714,0.15775004838647547,-0.30764129761238956,0.9483584321516755,-0.3899672065260079,0.4688715197822984,0.8316071606673425,-0.29562006147791337,0.4904616360031272,-0.10943107206503119,0.6481455433230465,0.1238662439525694,-0.07880740238487093,-0.12620633592093627,-0.41969891454726904,0.10699132470255314,-0.02492027819964619,-0.1885793005324948,0.4638512259859542,-0.20536212820839683,0.03970244354239348
0.09414702537999907,0.06328545763005812,-0.007049545008550056,0.07210083210113452,-0.020074097312078324,-0.07367680087268519,0.16399789519720295,0.0470916500050004,0.03423260691601061,0.23680129664583202,0.11117965336953238,0.07070043431292375,0.13324881643582268,0.207749481756741,0.24564728174826242,0.2804789650286791,0.19448155484278656,0.16541880071162804,-0.009425756330949074,0.21028070054302825,0.3511069339394541,0.1867843254835414,0.1071339013001812,0.5170639912241877,0.9988640213363247,-0.12664237157845915,0.35169808916653705,0.2988548300941163,0.5603578355156382,2.5857033486241887,0.04995251091710876,0.2541618172732905,0.3305856286004519,0.04882283671577611,0.4008309877484394,0.46229476953135523,0.8963763322255773,0.5375872234922104,0.7333166511940094,0.14499398167015679,0.8617983457378047,0.41353602800796774,1.0052174640016842,0.2611228469099329,0.5300751365261135,0.14457314758351672,0.5752429775440726,0.1431546277942467,1.0173142539143398,0.13802685240577733,-0.03298286050308468
0.21875383622324582,0.17697310126626442,0.0814968477011105,0.10125557715825705,0.1537145494163115,0.05822393397923617,0.0928314078894864,0.09219828644048261,0.0998193672053331,0.0524099400610454,0.14521630716334183,0.0632849068151979,-0.001471662135629369,0.16413018216666475,0.24613477286175794,0.11623197031879928,0.16542106271831347,0.10088581380172128,0.10767483053410425,0.6885494089152043,0.33985440291065294,0.1636422617241319,0.46131312666751995,-0.29870418105667096,-0.8910291940117702,0.25236977135963734,0.19461754584637186,0.05221895833332522,-0.36519859328938714,0.04995251091710876,2.5083573007193816,0.10496992849905148,0.24853852410366764,0.07584065124242712,0.03335779155865499,0.2559521397353917,-0.24584149985730835,0.43724803230681913,-0.03926618137872169,0.17630657885964643,0.11592742149879645,0.30825013933364454,0.22463493209138746,0.17703489259306873,0.17372375572062854,0.0423301551658367,0.005918191238072598,-0.0247131880841784,-0.027217047689630958,0.059802077878066226,-0.05386408722819711
0.07849005778188105,0.12267412433826216,0.19275745457378807,0.1587747610474365,0.15093225008804106,0.16999294617565208,0.22301141335266506,0.2251573409787656,0.1635990545452469,0.21456146813252067,0.15781009405098345,0.2206690867730826,0.11403728466478333,0.5581804495709024,0.299332017704876,0.3817316896848977,0.2303738732074421,0.17561301288475137,0.07565493158057139,0.16789002051956695,0.17160051885309524,0.31173522589863506,0.08140354359933105,0.3172039277775539,0.16123347715930242,0.2840060449065918,0.2796240053868743,0.20489715655663043,0.15775004838647547,0.2541618172732905,0.10496992849905148,0.924286070057254,0.28592464301567105,0.237582068799988,0.16358242978016438,0.2544092164328361,0.13444873307958838,0.32584524818905986,0.10754196763872785,0.060774324353186804,0.201041364102406,0.19508606395009814,0.2580861889419015,0.06619336737578223,-0.12399873300538898,0.08166592152931137,0.2521893988134336,-0.04373807663778634,0.5548986583361984,0.002615455308260509,0.019605195709077462
0.07160876696558244,0.12652510822683152,0.14468533205156078,-0.0006244213617145773,0.038767703925220526,-0.06929657270527019,0.16047098387325237,0.12797001680154413,0.13830283458099948,0.18369732396409272,0.10726491188959572,0.055244445026301776,0.08260240567508279,0.2137836292612116,0.19256880508842492,0.12625952195965545,0.23212617584604187,0.18626832866872658,-0.02724167836196721,-0.039603768306997064,0.3164188753939628,0.19275124000166835,-0.44236818540564354,0.3637805234177064,0.3114136123180721,0.22875531233567228,0.23703819968217194,1.019524846411444,-0.30764129761238956,0.3305856286004519,0.24853852410366764,0.28592464301567105,2.2021789726349588,-0.43835328253149164,0.24769800504473896,-0.1488154326807017,1.0823584751363635,0.4724187445748512,0.08208699266291099,-0.012827635274913844,-0.06384642189376455,0.32028646415712364,0.3891432593464571,0.10479600727437036,0.18193663275738142,-0.16247251831599863,0.6391877365579682,0.292245030976501,0.9615261172598506,0.0874016617877914,-0.04688894190835547
-0.0946087828128412,0.30783374414945425,0.40313264360576867,0.2729225103470538,0.1687091452721167,0.3021123419932021,0.20897406313063357,0.2458127502330033,0.17033028648727655,0.25900070816597276,0.17678028134064538,0.21670045971958465,0.1295771768389406,0.21047886735865898,0.2023304506532424,0.2096956569287596,0.24825201459875573,0.19497394248132682,0.13010970436936822,0.4666400106073015,0.12888314938573409,0.19691543787691804,0.5645297255886589,0.3722828697102676,0.6502668368903872,-0.02321931703236477,0.23044713159489705,-0.21701795652956998,0.9483584321516755,0.04882283671577611,0.07584065124242712,0.237582068799988,-0.43835328253149164,1.6263171426849852,-0.04568440884972445,0.42535933783395996,0.48213453351801167,0.1451507202778526,0.4284778913933031,-0.11568837326273526,0.32285712564692637,0.20216115411470195,0.28753504161979015,0.10571542451242388,-0.48000526903206236,0.02583423164258486,0.10090837308892174,-0.1425781170889337,-0.02788581130063656,-0.19638714498452434,0.010213841959131902
0.04009105434817522,0.14068237902747785,0.23854774055055328,-0.13747888876341305,-0.03998796549024431,0.037117645321387456,0.18589247021020866,0.17935499607355854,0.11171798852399425,0.20741749854738892,0.15686345109141356,0.11741583553038977,0.1332551874345395,0.14294082782397435,0.09708195102865631,0.27177477847295606,0.28438033024622805,0.16374003915472943,-0.017995832595374364,-0.10400660177047283,0.23164362949862183,0.12001177079731258,-0.4973448742324553,0.21558837378924287,0.3342507678663877,0.30136253191335327,0.1883609496739163,0.9894807578632124,-0.3899672065260079,0.4008309877484394,0.03335779155865499,0.16358242978016438,0.24769800504473896,-0.04568440884972445,2.3267671508537604,0.09129514695313966,0.13351255666611203,0.03904518387652402,0.19006169982048982,0.3454378653569198,0.2000789624207692,0.3126649440442992,-0.03792316383914141,0.03996957470090371,0.26330839113664006,-0.008967597265058531,0.26710667470016275,0.14953008961030753,0.5080062466109821,0.05373482756620501,0.0020752210037645862
0.09669029556148177,0.2479314312155756,0.34391024716682894,0.11845590932651584,0.09038224985848606,0.10299897526833572,0.19990573417841367,0.12370591693162862,0.13204443937169938,0.15525317561636098,0.16408950491998345,0.1827103261228783,0.1144373633625082,0.2575583860160624,0.219527140872546,0.26659443762904605,0.2622582745715914,0.17857953538916194,0.12721311912926084,0.35437027913229274,0.22488785965333163,0.31001078890203937,0.6867969509565146,0.3703669818060412,0.472623025759694,-0.08356411026602975,0.3226850321163018,0.18057141448432382,0.4688715197822984,0.46229476953135523,0.2559521397353917,0.2544092164328361,-0.1488154326807017,0.42535933783395996,0.09129514695313966,2.3668148393693884,-0.05967992023910673,0.07024328870782161,0.4761465160704718,0.1965412453836003,0.6781776406423512,0.28591499769663226,-0.16181822208451085,-0.05644427269652929,-0.30361040569321296,0.9139375620393378,-0.3210090923823989,-1.0187975988799376,-1.449844730259057,-0.08801051332587227,-0.028445273950551814
0.04090868963344842,0.3426181341987311,0.4342773716408962,0.11687043690297295,0.07693788387039267,0.06851897322581899,0.15327882775389715,0.19302157611493653,0.14493646352109688,0.37343578158847657,0.13263829221235238,-0.01940845399188726,0.13387277554155724,0.14130943914732783,0.20081110794684484,0.12834387421724985,0.3639280983703121,0.27854321304688295,0.004876416148336288,0.272117221088643,0.5141573658257667,0.0890879409001412,-0.35059111773652196,0.6630617380347201,1.6267361205899025,-0.23814218372471285,0.27890727142804117,0.6412438982038969,0.8316071606673425,0.8963763322255773,-0.24584149985730835,0.13444873307958838,1.0823584751363635,0.48213453351801167,0.13351255666611203,-0.05967992023910673,4.451202329941623,0.5140687112125651,0.682443940318389,-0.09850506008858231,0.5016819458994392,0.6220077379615107,1.0466612347478594,0.1399625612205,1.8427502307050545,0.08231588623339604,0.8913103067022674,0.33085425259344325,-0.3481285360882334,0.041874816342418957,-0.06341545862881143
0.29062460786149863,0.2847140206408367,0.3675683378484312,0.22300370259858773,0.08181417560999542,0.1337721236011346,0.13562800943743827,0.1790116149288075,0.14965726975154592,0.16546367024857592,0.13717375400994067,0.14165827319943095,0.033137844033753416,0.2686155105486845,0.2544258044970833,0.22538734750805098,0.2761984622788235,0.1766194393332734,0.08087092235566663,0.4342863019369754,0.3644560154699387,0.27136251938720074,0.009090037714426341,0.21666390218811635,0.35803202488061747,0.29928917757839013,0.27098811273318474,0.30962607374008894,-0.29562006147791337,0.5375872234922104,0.43724803230681913,0.32584524818905986,0.4724187445748512,0.1451507202778526,0.03904518387652402,0.07024328870782161,0.5140687112125651,1.9777358522130226,0.11928451716227975,0.11059519491061612,0.15714129370902544,0.39503015060793256,1.0900695050752505,0.40898830622273,0.8112486202360085,0.28178249217957246,0.4579410822885597,0.07214960211055695,-0.06583204736905678,0.020387712465400467,-0.037450848856770524
0.027372080805015943,0.21397332831795207,0.2798754205329575,0.21626196209283968,0.10913220569998539,0.15917505429083023,0.21861824718157447,0.2529456971516622,0.11726738770728293,0.1767193216878142,0.20942133797381177,0.23919540051448912,0.13684970869090618,0.12692287987587372,0.10331346043327146,0.21505695470030137,0.30058029001147824,0.03916939130366824,0.07116779734114954,0.2704268669942435,0.2707886714232558,0.23365469113585446,0.23707868710326271,0.42386299175835407,0.8675272474329648,-1.1332468044810595,0.2630939374513201,0.17230900684600176,0.4904616360031272,0.7333166511940094,-0.03926618137872169,0.10754196763872785,0.08208699266291099,0.4284778913933031,0.19006169982048982,0.4761465160704718,0.682443940318389,0.11928451716227975,2.1699057755676106,0.32526543509906836,-0.03292014168228173,0.2028862170221769,0.28692838402827847,0.1522187112758737,0.6855644476062168,0.34347930925232656,0.44752988302642527,-0.2987488138139933,-0.2636467887803557,-0.13943150703570292,-0.02819268225341636
