1.0895075951469324,0.36252076670676836,0.2687167819120525,0.03194997837007984,0.26260362843411306,0.20417097276210971,0.3212934174772314,0.24775841078072477,0.18148998229884225,0.19746170339887426,0.17082947726952713,0.19690606259565008,0.12424927357337441,0.25378230670004126,0.18509393390753726,0.18924755408106053,0.1502073794092894,0.18267282532960866,-0.016880241941119752,0.14404826146077324,0.16108060577833777,0.18064105960746166,0.13493326759032453,0.0868510235265932,0.17696971961990257,0.2010975188555598,0.14641168399312274,0.10011141090572905,0.17913625371463632,0.025356645595274365,0.1428713961672839,0.08555459770540312,0.12045377622559852,0.017453929072775595,0.1270717319369467,0.07042398680637925,0.1858724863804543,0.2515896688496888,0.14490958246267824,0.10797022295374173,0.15748810017125622,0.14754908167216527,0.189327240433089,-0.02752279124903287,0.18537238459112224,0.10797000894788653,0.26965946457745604,0.011835590371768736,0.2342469613692915,0.018207429790173698,-0.06494214617006461,0.05710889561489741,0.021737128715685398,-0.035478511610246816,0.13282661250716052,0.060339041452129094,-0.08405763892803972,-0.006017904569096957,-0.17324982351270132,-0.023128339881726894
0.36252076670676836,6.383579026684485,0.46124879254363027,0.16971542593179004,0.13750947427892846,0.1314456164231977,0.15846627718699968,0.4111845735883423,0.00020269791810824774,0.2034106936049854,0.08192119778544772,0.008537339360673924,0.12844467337984466,0.06777082566627846,0.11165749497340641,0.12961164829752395,0.01539305294319865,0.5143621050874961,0.25857829593390336,0.12750563504518864,0.5077101877887276,0.07900356874787444,-0.058212994913671795,-0.03476270304962335,0.2706787117703266,0.2035966790039362,0.2326514099856034,0.2104661622046701,0.5960527907226099,0.13580219353539486,0.3388490249979026,-0.09247177704083183,0.23939864896190843,0.04372649832922849,-0.02665511879929478,0.35079345932332057,0.6929635189488412,0.20343823269434008,-0.05218436939667146,0.2652710716956084,0.5112196668354112,0.36114144930056735,0.09864955231222204,0.1094852481068715,0.47878083065645505,0.33710831458599816,0.24020308193886186,0.06298964408991281,-0.3721413429506519,-0.10524087277944973,1.0058766737904499,-0.09615730862886113,-0.19433499617482686,0.08056577486094962,-1.2549482723148697,-0.1590261840522569,-0.045856319693405895,0.5072837784515349,0.9379238512360593,0.4463065098307789
0.2687167819120525,0.46124879254363027,1.5734862380879162,0.16424199693872177,-0.27071193869072235,0.2809253832253924,0.09511121490943032,0.3215031321460445,0.24011996615673406,0.34701279413299124,0.19224731708564347,0.1202808729990734,0.18177091916636057,0.16329558170689218,0.18425980050567553,0.1593215294432123,0.3037731023895797,0.23668473102284068,0.10987466824669097,0.21501987281330687,0.23347061414762166,0.22707611198245287,0.2231990447043703,0.19427518225648285,0.265069970980973,0.1791826025674895,0.181373532248963,0.2703443050298764,0.38915338306877195,-0.005706941611840474,0.19326065073967494,0.12587278157608145,0.17860123815363704,0.3018706123949193,0.3265568965253057,0.2099846785144489,0.4733540858055911,0.37908153720670484,0.2038956223132935,0.06248626895606291,0.28830915930695855,0.23176321560348878,0.20728984087011953,0.046715452243561946,0.21464256537417317,0.539284061798564,0.48663589243855543,0.030865653895292333,-0.12994294413687524,0.03485894904153744,-0.22383149671095395,0.050192335627503144,-0.03468249076707414,-0.060447119183835545,0.05189889146984735,0.032182357821477374,-0.2273731049099559,-0.21415251223163992,0.24988999073588125,0.12776796313335245
0.03194997837007984,0.16971542593179004,0.16424199693872177,1.5662898707407509,0.48532382551691855,0.35087394444445,0.39832829090099964,0.4429816775562386,0.1826934643220445,0.3124943035693571,0.21711224422496925,0.34152190580287944,0.20645731870785186,0.4729818768932742,0.2549450670338264,0.35466914298605845,0.22488709235584836,0.265339329940554,-0.021981872784895506,0.2956694545241934,0.21162932645831642,0.26519352172136795,0.3248105128877332,0.28308453677520007,0.3042005534552186,0.2852420544732454,0.2127733935705744,0.15051675449852506,0.27254225534483095,0.09588971587248026,0.20956400786846116,0.22073476783108656,0.27086802759470635,0.3187329517962698,-0.012615226427516113,0.14015021812755324,0.32046664484706117,0.3123693478584582,0.23533180752681665,0.12932842906482409,0.15885508155327036,0.20380041173155894,0.26405165117154106,-0.003117472633991689,0.10907538148338214,0.09082367951466201,0.4670516378668512,0.014453943547050438,0.24223249841611585,0.14445409037033613,-0.13083071950954253,0.38674504974741675,-0.03840849289174574,-0.12454001556987952,-0.14717423608651778,-0.03989644468545174,-0.17661097413130736,0.18669794655385144,0.051460977177627105,0.020004186508766075
0.26260362843411306,0.13750947427892846,-0.27071193869072235,0.48532382551691855,1.023553695803333,0.3684654212141928,0.31850860809265563,0.29550037801537693,0.14358056460180915,0.21362512991967839,0.2213444076673606,0.31899255396912113,0.16241877953802242,0.21097112503843485,0.28120739998377264,0.23199802704385913,0.10532108264141915,0.20584525122717698,-0.05848781334336799,0.21810200281668574,0.127882938828988,0.1711775062333169,0.22548470359535414,0.159537296746886,0.23608778978180522,0.22301716249262754,0.15947954883574747,0.0086898664351106,0.19624643694176958,-0.1121879102663176,0.14022182376349066,0.26054195289934434,0.12336453951103173,0.2508488957637882,-0.04951752289047733,0.04877948087497799,0.022445560511449168,0.15149078045845382,0.18457968854973533,0.11853025375706355,0.08835815818052643,0.1260684504879728,0.09843022880948973,-0.01357176970269386,-0.05490043560494342,-0.07140947029856638,0.2693760003708626,0.014487969065726778,0.3293879820168941,0.10573805536966902,0.058993751909298446,0.31735889103073595,0.05276539158882259,-0.09712757923018887,-0.025268873003087843,-0.08330498192478847,-0.07198448246990224,0.048722300120018436,0.020730266651062833,-0.14175784601462055
0.20417097276210971,0.1314456164231977,0.2809253832253924,0.35087394444445,0.3684654212141928,0.8017479545768788,0.17286377158499008,0.44128705827809406,0.25351459738163734,0.25071766351461533,0.30032080652998727,0.31350490701519396,0.16636170984073254,0.23992682536438772,0.2664941935481206,0.2573030833314547,0.2312979573882224,0.22655301252019444,0.011420221269095011,0.33547020222178575,0.24070853997129885,0.266694122953605,0.27936526497861686,0.22273985873679888,0.33067336579349005,0.34249631444874207,0.2542052166049374,0.2555276517085328,0.4763182918954246,-0.0930609615271568,0.16434823030708035,0.34863221153332336,0.06957275457875137,0.3909398583249678,0.26529992162971444,-0.08077849617550345,0.28204312366986917,0.36311179528814075,0.23418585979741763,0.18027897598559983,0.19139093544795716,0.2270390081577449,0.3264213711744739,0.013092170840523573,0.03232335272504487,0.1687348684246205,0.5990418611055811,0.04998299451773593,0.5816941250720501,-0.03615985710222487,-0.49867027124282814,0.2568383128217896,-0.08740136386001453,0.18136102323871212,-0.07494798109494644,0.02978035162889588,0.0020239828768190762,0.12260043337113007,-0.05706684016739754,0.2160665146953829
0.3212934174772314,0.15846627718699968,0.09511121490943032,0.39832829090099964,0.31850860809265563,0.17286377158499008,0.6020570766730259,0.24463639174982188,0.23406853531731708,0.18077664529766635,0.19327166836632256,0.3109390219312063,0.1295284382932913,0.07589631850791681,0.1334113079459054,0.15599514552192104,0.141550871457011,0.18217737696376105,-0.05549044206466234,0.11997489389314876,0.12081567740324888,0.1916370079669608,0.1715516158058727,0.14938974698473395,0.19175441876756033,0.20189178931110235,0.1649947717522088,0.036236315445659646,0.06831329426487746,0.06277472191152297,0.14061599753219006,0.1437795883709841,0.13426828690914513,0.1468559075873718,0.010439948164528099,0.1378703522438381,0.09404837946557479,0.16177058518207668,0.1783391290055846,0.054719076635336865,0.019754728914140342,0.11178734096249222,0.11309088564978398,-0.02172674207935978,0.08816651868705654,0.026390293740235934,0.14755815292694024,-0.01353543340775746,0.26452208168735186,-0.11271499916201862,-0.038332047427372486,0.1491528694011288,0.13231281777191406,-0.14800287585142438,0.06602754723393292,0.09150835143867889,-0.03549830629091643,0.07142853616407406,-0.29357375399626373,-0.018468089329516154
0.24775841078072477,0.4111845735883423,0.3215031321460445,0.4429816775562386,0.29550037801537693,0.44128705827809406,0.24463639174982188,1.0475333015282278,0.013687130632861387,0.2697983266974451,0.21391365876601712,0.057380060467774954,0.1620037915740101,0.26276835112540614,0.10276036676891434,0.20396170955155848,0.302710213401757,0.25886394137544366,0.18293019925942586,0.33340902534100425,0.19534510988228215,0.14617814052051045,0.19791380804871853,0.16647327178784072,0.2503701131205749,0.23099262331907722,0.19750812291948933,0.26751715215953237,0.28201027280325247,0.03707933059989573,0.18884673019580456,0.11926213223575009,0.19697979733963036,0.24642404719592126,0.19104160412260357,-0.020765505129973477,0.461156393710078,0.3322530756309575,0.34382221541555313,0.19455095855688756,0.21888531685188378,0.19100270857506874,0.27571211761380066,0.04394509734422874,0.2750788981914041,0.12006571942347785,0.558539807200875,0.06190404258989825,0.38899778343440927,0.147510360469549,-0.16131098165384122,0.17278408827034525,-0.09452774979604059,0.0022296754879467377,-0.17790999708822947,-0.03890079428165197,0.11763997544498452,0.1930535110076874,-0.08788590852270878,0.1434105973713006
0.18148998229884225,0.00020269791810824774,0.24011996615673406,0.1826934643220445,0.14358056460180915,0.25351459738163734,0.23406853531731708,0.013687130632861387,0.7195264726006113,0.0351940159998839,0.1575699620384889,0.24962603695821992,0.13199431378823284,0.11397909018705174,0.21783238448432338,0.13532444533424764,0.12427404489691382,0.1955483063920729,-0.2634522333506615,0.16745885130545754,0.16452080224215118,0.3544394291293456,0.2766830266294208,0.18592239547398048,0.23965695607482207,0.3321639793619131,0.18480882119096767,0.07418786020052241,0.157732997472716,0.07361871088315627,0.13166589209045107,0.23833008497110078,0.08955687181979047,0.2638377588505981,0.11605129326965181,0.07042871651102592,0.1149891224114214,0.2495819602969545,0.08925978624776053,0.08757180727821477,0.07426691466725395,0.15875649993846622,0.25654472454304583,-0.006400304048618667,0.07153199605785154,0.19657921363366984,0.3254430219714809,-0.021293029011635756,0.2065748990415664,-0.27751153894501,-0.19861806290860176,0.038244135443010856,0.14380286706090026,0.029066427466309917,0.0331814151353842,0.13738419757899709,-0.00947307729236731,0.04209051096753493,-0.26342554324501816,0.08444837027916799
0.19746170339887426,0.2034106936049854,0.34701279413299124,0.3124943035693571,0.21362512991967839,0.25071766351461533,0.18077664529766635,0.2697983266974451,0.0351940159998839,0.7666101424498405,0.2258190441243327,0.2754610115492228,0.19291759045964815,0.17986466154915492,0.2176744191005539,0.20695455949288097,0.18650224331326154,0.2737182395201616,0.041383246216439365,0.11477379782041056,0.1490932569526735,0.14792742990016633,0.2880204518983681,0.18886233621756074,0.2299180999542477,0.1523312177492375,0.18681141346114116,0.21035548408458754,0.3052871045564183,0.10846094105837963,0.15215171529324167,0.1585805369999335,0.1628723746596556,0.2497849247428501,0.23645999082394775,0.11266602744444497,0.2879286736717478,0.1401269493568931,0.1903824038812323,0.09226421612756995,0.23248060312233995,0.153058538285774,0.0935695124446264,-0.014892611786698876,-0.016335278929593224,0.20120715914228857,0.476415535554722,0.034334451946084414,0.3064716486173458,0.060003323865417034,-0.17298424258085926,0.011135156496195786,-0.0017785686307495538,0.025789046502231464,0.15855529694113996,0.08452511905856293,-0.15135953723848933,-0.1879490918350295,0.08849086418198085,0.022449180256255544
0.17082947726952713,0.08192119778544772,0.19224731708564347,0.21711224422496925,0.2213444076673606,0.30032080652998727,0.19327166836632256,0.21391365876601712,0.1575699620384889,0.2258190441243327,0.5029005325632968,0.36472619245838916,0.2083223878104623,0.13816365564041483,0.2660047652244927,0.21276412430607147,0.2553805032904965,0.19779971439746558,-0.033245225766235176,0.2416560980784576,0.20322331220532844,0.18644429422571923,0.22326122424681594,0.18313302034124362,0.28386458322705554,0.24137280318437024,0.24246423023442332,0.18002742600820082,0.29272778564184804,0.06469792211988426,0.16375640183953924,0.20840940878308348,0.10014354668753032,0.2577157149993532,0.24900735914877,0.10340523146751625,0.18909557196661425,0.23288324974907565,0.21435443943393437,0.15669119529163736,0.1921780752270717,0.20087211547709366,0.20427782558723828,0.00817135674651747,0.13970849854461437,0.15438454218889963,0.4094682868630229,0.027768589039346495,0.2342144597755023,-0.08324505205954125,-0.19717238216415536,0.07124983763140809,0.08068774314127963,0.05816640822834328,-0.032076485643845416,0.03305633602183231,-0.011240288106372535,0.014871753301051392,-0.0865947107790063,0.07975650447674096
0.19690606259565008,0.008537339360673924,0.1202808729990734,0.34152190580287944,0.31899255396912113,0.31350490701519396,0.3109390219312063,0.057380060467774954,0.24962603695821992,0.2754610115492228,0.36472619245838916,0.9338368646154269,0.1411676954635284,0.13280650677576575,0.26136636373421285,0.2691674473904705,0.13489914447151544,0.1099012821726576,-0.09638625985013917,0.1779914434441647,0.13084677047907256,0.2440382516108573,0.20150837335187716,0.19482313949499444,0.34691529849049024,0.25797296898600935,0.2998935092612902,0.10573958344813074,0.2814581628752089,0.02575163324122173,0.12786508894263704,0.25600637228555395,0.06178684208381683,0.2778232681481203,0.22492328878905274,0.041780240159082126,-0.03316467215897015,0.1545352636262233,0.18167954384983706,0.10122700115288322,0.04997438325432944,0.1311548295866874,0.17209759827279703,-0.021184242140465312,-0.15772530733037163,0.020984153210742134,0.2952021553640248,0.006583531468392522,0.7152984010317867,-0.1302177449836366,-0.3025555032475173,0.30033249759155445,0.16952659453080662,0.03397455334292651,0.08057839287015633,0.14699771393011635,-0.09368664167543421,-0.008644198573317639,-0.16760653166897652,0.04748670326536945
0.12424927357337441,0.12844467337984466,0.18177091916636057,0.20645731870785186,0.16241877953802242,0.16636170984073254,0.1295284382932913,0.1620037915740101,0.13199431378823284,0.19291759045964815,0.2083223878104623,0.1411676954635284,0.3763188671896519,0.14050120360560747,0.09075800102489633,0.17370890459605254,0.19400779911510174,0.14614516767224323,0.016390003020435858,0.14554852984926875,0.14957925134370403,0.17075503810337286,0.16007974591233365,0.13362727631945706,0.17024737776408594,0.16420142554804745,0.16119642564701006,0.1257598238083677,0.20985714175991482,0.06541623760798816,0.11567458926897449,0.11008161235565228,0.10695863228476273,0.1741896162144832,0.15977807284846574,0.09230111412480664,0.18507767187165633,0.18705432245901765,0.169674728634571,0.10870011470050424,0.16398963393705457,0.14699125873784968,0.16011408263355212,0.01312211920197851,0.11460113831778158,0.11752488423575341,0.2952658002463599,0.013218184203193914,0.13838409458153647,-0.0028803864204335677,-0.08477419176327851,-0.006658586472410438,0.03688191625210581,-0.025454699006837438,-0.047286531404436456,-0.021637642640617218,-0.06213748265925979,-0.05509651299591298,0.0946055280324992,0.0319738177847846
0.25378230670004126,0.06777082566627846,0.16329558170689218,0.4729818768932742,0.21097112503843485,0.23992682536438772,0.07589631850791681,0.26276835112540614,0.11397909018705174,0.17986466154915492,0.13816365564041483,0.13280650677576575,0.14050120360560747,0.7191522667408874,0.22926549226815207,0.3603485851337969,0.18826170687753224,0.1599889276479996,0.007967886646590955,0.2380454991469654,0.2155325252193205,0.23008045314388015,0.21416081516616714,0.17136796008039498,0.19869429822718168,0.22916385195461098,0.127824356451802,0.22059745974876618,0.3157765855375903,0.061088367713370194,0.14445334018892314,0.14603068672676303,0.1534727263820001,0.2146986593845301,0.20593249168160982,0.030748798952920126,0.33682328008715823,0.2793305155811398,0.11041815156347512,0.17658450209828647,0.30536428407063854,0.21232271857813656,0.3222987873910225,0.009219709374961927,0.09883229024046573,0.11762117172012838,0.4794323448018614,0.04284303752392211,0.3591134125850589,0.18933525991555603,-0.13143226844372213,0.10514056484668713,-0.14045492514945726,0.06935316950353906,-0.1050718858948774,0.004379211724508165,-0.14369738086556139,0.11530612647254884,0.15359711144581878,0.06414500554683852
0.18509393390753726,0.11165749497340641,0.18425980050567553,0.2549450670338264,0.28120739998377264,0.2664941935481206,0.1334113079459054,0.10276036676891434,0.21783238448432338,0.2176744191005539,0.2660047652244927,0.26136636373421285,0.09075800102489633,0.22926549226815207,0.997207381030227,0.2040546935349588,0.17619102696507888,0.3123248634357583,-0.04125466467732236,0.25594124558598114,0.22733399059767465,0.19230924930151147,0.35210808801978694,0.2121140531575706,0.3138770466304192,0.2521638089409729,0.22152536483836716,0.2628283232441185,0.39156261042754537,0.18573253999214093,0.19311945636898936,0.1588607311880206,0.23687964595759306,0.3094362533812483,0.21491599805606615,0.1222018736249552,0.34813826168525963,0.10819198590596477,0.20542917859399912,0.1188303267421699,0.2238491154946851,0.21476956381096768,0.18784104910568575,-0.009140442149768151,-0.039586524730780843,0.2119152699384645,0.4316996530473805,0.04526341207083852,0.43796327144837055,0.34387282951247994,-0.3335832867419435,0.3478493670545292,-0.1843780351112609,-0.03672887366884266,0.03993490061821716,0.14483745547240617,-0.2294106239113218,0.13199269744123848,-0.12480098485938758,-0.019597828262282905
0.18924755408106053,0.12961164829752395,0.1593215294432123,0.35466914298605845,0.23199802704385913,0.2573030833314547,0.15599514552192104,0.20396170955155848,0.13532444533424764,0.20695455949288097,0.21276412430607147,0.2691674473904705,0.17370890459605254,0.3603485851337969,0.2040546935349588,0.6486722454000567,0.2508961424083705,0.18193904728798463,0.02138300116825862,0.1997141861709028,0.23045593287900612,0.35993252309490115,0.21088255942867112,0.18780028336849922,0.27711588847545465,0.1855260425475371,0.2275584657914927,0.23914559387586867,0.34026274339416523,0.06616088185541982,0.17136824240393672,0.20219910015409065,0.09581948117739254,0.27382005208112875,0.37281600415960625,0.08755397428626328,0.27765675844109416,0.2937395410466438,0.19056411198164003,0.1991394245161742,0.301718386344406,0.24052475815619972,0.34921335815405924,0.02811271244235848,0.09880718238202542,0.1337497833271037,0.4676132408560903,0.015194224700334968,0.4059890384055627,-0.005437621092938876,-0.21470754058070382,0.1695700084025146,0.02337613553208379,0.05681943160741161,-0.03795683862731336,0.02968425539751462,-0.12873463169371877,0.053828202411541445,0.05843445642110877,0.05849483339382097
0.1502073794092894,0.01539305294319865,0.3037731023895797,0.22488709235584836,0.10532108264141915,0.2312979573882224,0.141550871457011,0.302710213401757,0.12427404489691382,0.18650224331326154,0.2553805032904965,0.13489914447151544,0.19400779911510174,0.18826170687753224,0.17619102696507888,0.2508961424083705,0.8998327160373046,0.11926971407398088,0.1069887378061833,0.2554814897418011,0.2993754113767737,0.20427807260888683,0.19646517707014183,0.18311833301148944,0.25239836270682653,0.2109771912671271,0.23812101377003322,0.36027050447738634,0.2352471270518162,0.03304502533437605,0.17471809279326714,0.15242915859859021,0.20594204353202364,0.24909280065803657,0.33447064207373034,0.13077891320162865,0.5166293245653266,0.43071056571114663,0.21244738059177495,0.20900300822916643,0.3927988708968594,0.32009427557886777,0.2803593849724581,0.001714033685518298,0.4055114540646859,0.2625867882121328,0.6468072385092398,0.053254167271353084,0.007688278433593577,0.002819946645599557,-0.060267520058237545,-0.17800239377789262,-0.05397067540441435,-0.033563699126894136,-0.1498833590272986,-0.035666101175829384,-0.09795830681819674,0.13306175945358312,-0.14358414737565517,0.022216072285538548
0.18267282532960866,0.5143621050874961,0.23668473102284068,0.265339329940554,0.20584525122717698,0.22655301252019444,0.18217737696376105,0.25886394137544366,0.1955483063920729,0.2737182395201616,0.19779971439746558,0.1099012821726576,0.14614516767224323,0.1599889276479996,0.3123248634357583,0.18193904728798463,0.11926971407398088,0.954576947162236,-0.07317290434138914,0.029647024271297763,0.2506081244037301,0.21696084847008534,0.6786353222353151,0.17030511216636487,0.32280649374488274,0.33028702747915883,0.10855956933525829,0.179482229783816,0.35889353490799575,0.13674281764392687,0.27880266434118245,0.05325084760798147,0.26476346379952737,0.2641550112505942,0.08751568253847078,0.18205314774790776,0.42430490234123497,0.17668368399306295,0.16124763074962717,0.1921042447541245,0.26358274844824536,0.2145992865906569,0.2977335294063625,-0.019275042820769042,0.25625100941555073,0.3108671938722231,0.5105783881465317,0.042603344199099884,0.01584129768083932,0.030619629939942564,0.136152397257145,-0.338937927089326,-0.15232221002051569,-0.03146983987486033,-0.08661300270286304,0.024131365930848588,-0.05491420475533847,0.14381511098908376,-0.09169242862605058,-0.012186544466210897
-0.016880241941119752,0.25857829593390336,0.10987466824669097,-0.021981872784895506,-0.05848781334336799,0.011420221269095011,-0.05549044206466234,0.18293019925942586,-0.2634522333506615,0.041383246216439365,-0.033245225766235176,-0.09638625985013917,0.016390003020435858,0.007967886646590955,-0.04125466467732236,0.02138300116825862,0.1069887378061833,-0.07317290434138914,1.2238107928680213,-0.06948209853361988,0.09765435733898584,-0.0477511682318972,-0.377213961647283,-0.011857220839471813,-0.08968305261490461,-0.20101558605336955,-0.017049535319321737,0.17083543414952942,7.76077416130326e-5,0.09308638510424075,0.18086723485211603,-0.0719041027877729,0.19099187792423938,-0.14723331019654995,-0.0008597304298302341,0.2539592657395194,0.2719594496756889,0.08988515458774782,0.198363580988789,-0.029473435487276944,0.12472894151255651,0.05924151872877323,-0.12017327172346813,0.1020591230905742,0.12920798253768923,0.08692075084117068,-0.1613382936610555,0.058852023655637846,-0.046528696682742586,0.6141944024330095,0.030950015616536816,-0.02787463072158848,-0.22831620684984563,-0.10337905545571971,-0.0968382746283506,-0.08040956510063356,-0.011868272168303537,0.08122484027032077,0.15530260971770016,0.061773995287033145
0.14404826146077324,0.12750563504518864,0.21501987281330687,0.2956694545241934,0.21810200281668574,0.33547020222178575,0.11997489389314876,0.33340902534100425,0.16745885130545754,0.11477379782041056,0.2416560980784576,0.1779914434441647,0.14554852984926875,0.2380454991469654,0.25594124558598114,0.1997141861709028,0.2554814897418011,0.029647024271297763,-0.06948209853361988,1.1211201130956405,0.12146175408972837,0.12943505885517215,0.07589640688865187,0.21101281215720907,0.24570847706970708,0.252806596358932,0.32589235459382326,0.21887151938784366,0.2262684732662021,0.19061616940869108,0.16342220819796452,0.2075425349976699,0.1874455649418083,0.3332392052119192,0.165471633835851,-0.03248184233108136,0.7036101532641447,0.46935806364956595,0.37889709861977655,0.25193983921466906,0.24718577695187915,0.18708467043530808,0.421921875192788,-0.00914717128970461,0.5619909647333085,0.009093029694950036,0.3668154159701858,0.10266289394008209,0.6210410488011023,0.017776563161018336,-0.3207075604397915,0.3634603972274527,0.0722006740791783,-0.010410430401884259,-0.1042441218204859,-0.0315884583559159,0.031011042126661108,0.07000508807871995,0.003267068468333031,0.07100955823430002
0.16108060577833777,0.5077101877887276,0.23347061414762166,0.21162932645831642,0.127882938828988,0.24070853997129885,0.12081567740324888,0.19534510988228215,0.16452080224215118,0.1490932569526735,0.20322331220532844,0.13084677047907256,0.14957925134370403,0.2155325252193205,0.22733399059767465,0.23045593287900612,0.2993754113767737,0.2506081244037301,0.09765435733898584,0.12146175408972837,0.5374747257935518,0.20936783000592776,0.17163385522125948,0.13750826339742422,0.24400652302724865,0.2627320878093513,0.17713252600578203,0.24590365485101356,0.2882323144225881,0.06658388281923062,0.24256513380867023,0.18449321333618446,0.13855958832826967,0.24289533163894583,0.30357525843841227,0.2084897385689447,0.32795887784961936,0.3704861847271654,0.12771874212771556,0.2298028878118675,0.46490015705831966,0.4280081890678445,0.2986475894878646,0.026920614550938735,0.3207927294139964,0.22574175461233686,0.5413567745115003,0.05303705413573455,0.08839480653716306,0.01804164115754985,-0.03537060581014076,-0.11742326675004187,-0.03192624796788384,0.07838482192775463,-0.14088693438610927,0.011355730505102612,-0.08176520400158145,0.10842716533033106,0.06249493532397517,0.14514536963238345
0.18064105960746166,0.07900356874787444,0.22707611198245287,0.26519352172136795,0.1711775062333169,0.266694122953605,0.1916370079669608,0.14617814052051045,0.3544394291293456,0.14792742990016633,0.18644429422571923,0.2440382516108573,0.17075503810337286,0.23008045314388015,0.19230924930151147,0.35993252309490115,0.20427807260888683,0.21696084847008534,-0.0477511682318972,0.12943505885517215,0.20936783000592776,0.6122800190471139,0.2872791078231399,0.1991028064114019,0.277842767406758,0.24207172518803738,0.2093491968657402,0.16016400450874718,0.3062874259393921,0.1013886920649354,0.1587489206880433,0.24570111711108344,0.13123131680550174,0.2896423145287784,0.2357890985616361,0.09172036859862977,0.2010604559096277,0.3162691360697763,0.17281510967207048,0.14150668990472703,0.20174997499337124,0.2095206250054752,0.3525647398244489,0.04336644835276415,0.00538520043535177,0.23102016767021977,0.44632144906523136,-0.03511054144934708,0.43212427345712406,-0.10515031295004053,-0.22870508708801718,0.06345509349483465,0.06731706518117997,0.027137302237664057,-0.01033423066875465,0.0686983573111777,-0.05420243214209403,0.030454068874741037,-0.08863334002125989,0.07205257006738726
0.13493326759032453,-0.058212994913671795,0.2231990447043703,0.3248105128877332,0.22548470359535414,0.27936526497861686,0.1715516158058727,0.19791380804871853,0.2766830266294208,0.2880204518983681,0.22326122424681594,0.20150837335187716,0.16007974591233365,0.21416081516616714,0.35210808801978694,0.21088255942867112,0.19646517707014183,0.6786353222353151,-0.377213961647283,0.07589640688865187,0.17163385522125948,0.2872791078231399,1.7188796667235513,0.4521834675383378,0.459437163292156,0.1701359637432548,0.13179357498613184,0.2836587604191788,0.5476429330271843,0.30202761167672953,-0.16462797629792134,0.1510957306708099,0.4786582087236624,0.48667273977826253,0.14710257467445445,-0.05617186179270185,0.6712652569057423,0.08054711918930474,0.4115135485292452,0.25334482454968676,0.1874823846276599,0.19967269934851595,0.2887038932615361,-0.029387112578659936,-0.033636165520776945,0.2908631002369571,0.8856973041621488,0.08577116891010912,0.5863013497722963,0.27125858691894117,-0.4524130675947833,-0.0701284629480394,0.008647757108072446,-0.030699117002631764,0.08611530902373572,0.03715427006110222,-0.14954541386983441,0.006049405128870725,0.03417814810560145,-0.031595478744620625
0.0868510235265932,-0.03476270304962335,0.19427518225648285,0.28308453677520007,0.159537296746886,0.22273985873679888,0.14938974698473395,0.16647327178784072,0.18592239547398048,0.18886233621756074,0.18313302034124362,0.19482313949499444,0.13362727631945706,0.17136796008039498,0.2121140531575706,0.18780028336849922,0.18311833301148944,0.17030511216636487,-0.011857220839471813,0.21101281215720907,0.13750826339742422,0.1991028064114019,0.4521834675383378,0.6386535761598789,0.29954377406266713,0.10158769093770366,0.19896960979677158,0.2784542220788006,0.24601799572003769,0.3734263740581501,0.20470138151795672,0.4412327205395754,0.39142083255986904,0.2423590401798113,0.1589228982752299,0.23142872464341,0.3093781100114272,0.20885000411632704,0.23425237308480334,0.10935006761743407,0.1664207876241411,0.15959482336139205,0.14901872107458633,0.03137144002341801,-0.06468278795768348,0.15646184045053468,0.45855083879771974,0.03259622736075412,0.43252468339796557,0.050275984668976044,-0.3191282609409598,0.21550150437780294,0.057214924833712474,-0.014459465138143395,0.06485098475870661,0.019148256171506544,0.013296255862853594,-0.14900833185174736,0.12694778209203436,0.053757090729684744
0.17696971961990257,0.2706787117703266,0.265069970980973,0.3042005534552186,0.23608778978180522,0.33067336579349005,0.19175441876756033,0.2503701131205749,0.23965695607482207,0.2299180999542477,0.28386458322705554,0.34691529849049024,0.17024737776408594,0.19869429822718168,0.3138770466304192,0.27711588847545465,0.25239836270682653,0.32280649374488274,-0.08968305261490461,0.24570847706970708,0.24400652302724865,0.277842767406758,0.459437163292156,0.29954377406266713,1.4391164248764676,0.26343291311329425,0.28238611931301294,0.15048972317223946,0.5760355020731904,0.1336203720316056,0.2680970022789122,0.32826279387941,0.09661764336742938,0.532008843907961,0.3769775332639761,0.27874766814500945,0.15328277060854814,0.31725694822002565,0.24583729323976777,0.1894586104470439,0.2726350055532182,0.24267250423469786,0.31114024491249215,0.04672147406229852,0.05279721227581736,0.28979317843623265,0.5669039291604429,-0.0051602262711088216,0.17121924661125357,-0.6762965838613204,-0.25293723031206544,0.07609884864934427,0.3109391196476994,0.03128607186654665,-0.030284442088739573,0.03394110199505,-0.09522401868432298,0.04655705557643846,-0.05312497728005924,0.02632223411178339
0.2010975188555598,0.2035966790039362,0.1791826025674895,0.2852420544732454,0.22301716249262754,0.34249631444874207,0.20189178931110235,0.23099262331907722,0.3321639793619131,0.1523312177492375,0.24137280318437024,0.25797296898600935,0.16420142554804745,0.22916385195461098,0.2521638089409729,0.1855260425475371,0.2109771912671271,0.33028702747915883,-0.20101558605336955,0.252806596358932,0.2627320878093513,0.24207172518803738,0.1701359637432548,0.10158769093770366,0.26343291311329425,1.4398741581596775,0.2248009622498673,0.081409982914066,0.009588649233301497,-0.10314799005673456,0.23241933278183552,0.18625404728847356,0.08208855719517406,0.2978405602855399,0.07373458750475471,-0.02289491590524317,-0.10015948498871313,0.29923500514432133,-0.2442141154679727,0.1419550998109005,0.055152236295964455,0.22735744602098598,0.4038515785719296,-0.1356254392689032,-0.08761970677305513,0.10091351114660423,0.3161882551645881,0.03701854008034654,0.35305973761757836,-0.14830497421215355,-0.24726818770112632,-0.22293070469849968,-0.08028410082755455,0.07032132203494906,-0.14679598424843282,0.005709819675345724,-0.04361132838831084,0.21288461422847332,-0.18394860192411056,0.04081469239397094
0.14641168399312274,0.2326514099856034,0.181373532248963,0.2127733935705744,0.15947954883574747,0.2542052166049374,0.1649947717522088,0.19750812291948933,0.18480882119096767,0.18681141346114116,0.24246423023442332,0.2998935092612902,0.16119642564701006,0.127824356451802,0.22152536483836716,0.2275584657914927,0.23812101377003322,0.10855956933525829,-0.017049535319321737,0.32589235459382326,0.17713252600578203,0.2093491968657402,0.13179357498613184,0.19896960979677158,0.28238611931301294,0.2248009622498673,0.714482142705946,0.20037092407815252,0.20423980785094528,0.05786412582962045,0.18249912166736104,0.4275586173928205,0.1194268760188848,0.26663505137116295,0.26636994852988866,0.17833037170329083,0.21266768038714964,0.35245139714400214,0.19383778217159411,0.17410918993749003,0.2344667486046146,0.19814507298818893,0.3508390284718882,-0.011995013482662886,0.24339136998071428,0.03491696680498273,0.3542665768625322,0.028920546092519702,0.387731772153101,-0.16454975858774593,-0.21348749375526502,0.17866165580233162,0.10719220507774616,0.03905103036154505,-0.01498857699271032,0.05294726866101736,0.04021643265911055,-0.039890779113895616,-0.06645377715488421,0.08197345762227014
0.10011141090572905,0.2104661622046701,0.2703443050298764,0.15051675449852506,0.0086898664351106,0.2555276517085328,0.036236315445659646,0.26751715215953237,0.07418786020052241,0.21035548408458754,0.18002742600820082,0.10573958344813074,0.1257598238083677,0.22059745974876618,0.2628283232441185,0.23914559387586867,0.36027050447738634,0.179482229783816,0.17083543414952942,0.21887151938784366,0.24590365485101356,0.16016400450874718,0.2836587604191788,0.2784542220788006,0.15048972317223946,0.081409982914066,0.20037092407815252,1.5734322969352144,0.2720271752902171,0.09595042983477514,0.20875450389816924,0.0691603003577511,0.6391814614478172,0.1324763184891088,0.8580703039698827,-0.025297969943122386,0.7945300387194487,0.10392854929756785,0.2009162197366854,0.2501274734746868,0.41387290489421963,0.26530183829184834,0.2233420843628432,0.08645647440913622,-0.06417795813091674,0.1821354189478518,0.5414380536840648,0.1356298847550199,0.646084414994857,0.959768506934486,-0.5652163066698522,0.8234468558464105,-0.8298978729393945,0.14786621117282808,0.13734898506297552,0.06930498360664994,-0.035764607340230466,-0.08304756341867808,0.34706816232629206,0.2167430795491292
0.17913625371463632,0.5960527907226099,0.38915338306877195,0.27254225534483095,0.19624643694176958,0.4763182918954246,0.06831329426487746,0.28201027280325247,0.157732997472716,0.3052871045564183,0.29272778564184804,0.2814581628752089,0.20985714175991482,0.3157765855375903,0.39156261042754537,0.34026274339416523,0.2352471270518162,0.35889353490799575,7.76077416130326e-5,0.2262684732662021,0.2882323144225881,0.3062874259393921,0.5476429330271843,0.24601799572003769,0.5760355020731904,0.009588649233301497,0.20423980785094528,0.2720271752902171,2.6027518574282147,-0.050406928098739257,0.04798248825358967,0.24656854820662735,-0.003588332156598991,0.5075117217283317,0.6510876062761642,0.06560918609498725,-0.007859074430282286,-0.42827136326868054,0.39225562102425615,0.2453627077324251,0.5479625398276389,0.2537408870121307,0.061275424722129095,-0.08236711254985672,-0.5990588667930515,0.6392876400059017,0.8649737768800115,-0.01831606497899713,0.7933738796474137,0.5166351477884872,-0.8939785358723874,-0.27224675536714027,-0.08961456968196793,0.3025872418187197,0.010842395201873061,0.012370673712411512,-0.3486444249393303,0.10004934615075126,0.18507521708259053,-0.007148241812978102
0.025356645595274365,0.13580219353539486,-0.005706941611840474,0.09588971587248026,-0.1121879102663176,-0.0930609615271568,0.06277472191152297,0.03707933059989573,0.07361871088315627,0.10846094105837963,0.06469792211988426,0.02575163324122173,0.06541623760798816,0.061088367713370194,0.18573253999214093,0.06616088185541982,0.03304502533437605,0.13674281764392687,0.09308638510424075,0.19061616940869108,0.06658388281923062,0.1013886920649354,0.30202761167672953,0.3734263740581501,0.1336203720316056,-0.10314799005673456,0.05786412582962045,0.09595042983477514,-0.050406928098739257,2.5535621624691727,0.19279613743635673,-0.08793120514687819,0.5589489569684252,-0.1783592051332588,-0.08658331898237832,0.41222972613529374,0.6731606002903565,0.33434889560117814,0.3506096941422736,0.07921913984266721,0.1382602727857165,0.06672272413134783,0.38851225754200447,0.16122581364339647,0.415848790081774,0.23477582198912283,0.3530066804413394,0.051587362964996004,0.6202202737112666,-0.22356385358774755,-0.2850097764828557,-0.2901401001915306,0.23316139228080618,0.0061384076785955715,-0.05380053165389266,-0.20779011849116086,-0.027945984192438614,0.39186883196238076,-0.07932683137405803,-0.016738771720225643
0.1428713961672839,0.3388490249979026,0.19326065073967494,0.20956400786846116,0.14022182376349066,0.16434823030708035,0.14061599753219006,0.18884673019580456,0.13166589209045107,0.15215171529324167,0.16375640183953924,0.12786508894263704,0.11567458926897449,0.14445334018892314,0.19311945636898936,0.17136824240393672,0.17471809279326714,0.27880266434118245,0.18086723485211603,0.16342220819796452,0.24256513380867023,0.1587489206880433,-0.16462797629792134,0.20470138151795672,0.2680970022789122,0.23241933278183552,0.18249912166736104,0.20875450389816924,0.04798248825358967,0.19279613743635673,1.0581031068107993,0.18679384586775455,0.23802992991168617,0.07710044765915475,0.12043015259357095,0.5431264458552892,0.15656328364825012,0.3813534173385607,0.08882415318413057,0.0869682069926796,0.31429023820548135,0.20702878786694726,0.09214614401372709,0.03258121442556103,0.20046255955029424,0.17749610877466923,0.2685585278111294,0.00834234603635983,-0.12824583852667656,-0.009592153547766982,0.00732016509673439,0.17644453615138087,-0.1058463757241512,-0.04210288188679538,-0.0679952664401464,0.0007852194036322657,0.07970293185540876,-0.023759040020571453,-0.026235329109280208,0.03752805271965428
0.08555459770540312,-0.09247177704083183,0.12587278157608145,0.22073476783108656,0.26054195289934434,0.34863221153332336,0.1437795883709841,0.11926213223575009,0.23833008497110078,0.1585805369999335,0.20840940878308348,0.25600637228555395,0.11008161235565228,0.14603068672676303,0.1588607311880206,0.20219910015409065,0.15242915859859021,0.05325084760798147,-0.0719041027877729,0.2075425349976699,0.18449321333618446,0.24570111711108344,0.1510957306708099,0.4412327205395754,0.32826279387941,0.18625404728847356,0.4275586173928205,0.0691603003577511,0.24656854820662735,-0.08793120514687819,0.18679384586775455,2.3381738184822027,-0.2832321937570977,0.6857157874858646,0.3781701261721451,0.5330580432931482,-0.35835420372379634,0.5001849333773616,0.1660236612844105,0.15872051698277348,0.4147690167212827,0.22191166661099868,0.11481393791102931,0.03552013565515614,-0.01609353586653423,0.0848382804558089,0.583578718181246,-0.015126328929426888,0.17750039423382094,-0.3956205122416072,0.10602699962358507,0.11572148256770895,0.1625814846437376,0.1992601429397773,0.04405440762188263,0.22791764166878772,0.07602116198805496,-0.25876068857834117,-0.09392724654730505,0.19476373128833285
0.12045377622559852,0.23939864896190843,0.17860123815363704,0.27086802759470635,0.12336453951103173,0.06957275457875137,0.13426828690914513,0.19697979733963036,0.08955687181979047,0.1628723746596556,0.10014354668753032,0.06178684208381683,0.10695863228476273,0.1534727263820001,0.23687964595759306,0.09581948117739254,0.20594204353202364,0.26476346379952737,0.19099187792423938,0.1874455649418083,0.13855958832826967,0.13123131680550174,0.4786582087236624,0.39142083255986904,0.09661764336742938,0.08208855719517406,0.1194268760188848,0.6391814614478172,-0.003588332156598991,0.5589489569684252,0.23802992991168617,-0.2832321937570977,1.5565861160776917,-0.23815802765394536,-0.3407478840331294,-0.06707047633001043,1.0119564075377705,0.08950301698137979,0.23275712415336416,-0.020773953379798756,-0.027983803354321542,0.14479729222261625,0.17214418968003964,0.0567017872332583,-0.10529771820752551,0.05868992543287727,0.45915721407558324,0.09038807195944729,0.5955068722961679,0.9170723635574407,-0.5582573453190499,0.38767573323487253,-0.24499210014608247,-0.3038193771485244,0.03814390927750073,-0.1410291632762525,-0.1338522804751824,0.0803465920818859,0.2593166005752502,-0.10565728449217147
