0.4919007653672936,0.14546076619500622,0.209753605615285,0.07446555148457593,0.11592059526711658,0.0909831654972103,0.07676621789967389,0.05801589478250209,0.03893768582959043,0.11361413664975421,0.0583792876666393,0.07701055265053752,0.03779809584345096,0.05611335739787497,0.12656703681749798,0.05704044740443848,0.05816934581826295,0.09056613017588279,0.08092559496540087,0.04336165515834774,0.07641523091538877,0.06775175782637909,0.03580442103144556,0.03128074075386916,0.22833095832252956,0.03330119787922731,0.08545667839855473,0.06885156000254747,0.059771449521746005,0.07545797363303318,0.09355524598787307,0.053942070567011016,0.06919675109871985,-0.034953534756013684,0.020408963187567804,0.08065691011210219,0.0822944634976007,0.1163956959818028,0.02710944055978144,-0.004770175620522686,0.08184127066279526,0.0482721902409913,0.08492435019194253,0.08679941401277119,0.08503012700216257,0.059821809091896404,0.09191490355135022,-0.00350125256084943,-0.14028523612194835,0.030317098819890406,-0.014661647691615879
0.14546076619500622,2.081933709674868,0.6991785531580678,0.08768176083274676,0.02295143419353871,0.2551237026218154,0.2363433909894929,0.21333090945765748,0.24532166087448112,0.34068653978552477,0.1998926254296676,0.24123452768818615,0.10971597835612287,0.16398546667828012,0.35428885915918334,0.17272497594205005,0.2762134220008469,0.3993424332483168,0.0433893157439415,0.3587230001275893,0.16347480511466422,0.20689393378963303,-0.13371434153102113,0.1822196646543484,0.2103964089800566,0.1593276576511949,0.303167021785767,0.2302022960724493,0.26480737398087384,0.13062989103965894,0.1653434000424169,0.16562288753607257,0.16563127855587487,0.24223331171914575,0.20118245851447464,0.17606212968506,0.6062775239030889,0.2426521983284394,-0.12141135897683669,0.04206153546317156,0.10258033556353359,0.23484558424109006,0.270098198522164,-0.04143252946555537,0.3168389517283079,0.25883869914073615,0.26941618831864417,-0.019526115189560152,0.01711041512062408,-0.04752566808785833,-0.018936529485784
0.209753605615285,0.6991785531580678,1.7453922473779697,0.030115045961962347,-0.2827912160693903,0.24175834448092065,0.2128199835994665,0.27797814952393235,0.28534377404701394,0.3793398053850445,0.1480833486700499,0.17315709487581177,0.09000775813239455,0.12308845698335236,0.2849108647431958,0.062253047016337965,0.30582289693511977,0.2334058375971384,0.03193624856946212,0.23463607904694744,0.17386208646296833,0.215630765962489,-0.007025936095522807,0.16550245921451637,0.3561432726468586,0.12106285814202225,0.2708412771025551,0.24503671646958092,0.19364545738435118,0.11102970717621947,0.19572387964152005,0.11743097383278721,0.16353789823160964,0.17522554930587128,0.1864386719054308,0.2774187612873839,0.4027643531623422,0.29650230044001835,-0.16860494014055552,-0.09644213605281181,0.17982133085676374,0.2677658713809321,0.23978444955176278,0.0911217658852968,0.3121693572243406,0.35739799543050393,0.22821458513634402,-0.03168095895573844,-0.3846798637665544,0.020788495904555677,-0.047619074603468974
0.07446555148457593,0.08768176083274676,0.030115045961962347,0.9233833377828796,0.5232226776835631,0.3731142574512168,0.29210479745979123,0.24302292890128255,0.1608561362162323,0.12108463402431721,0.19298959726576656,0.24891626724176905,0.11945688474800344,0.2363630287590049,0.12943817176753084,0.2544309331803286,0.19895702723407324,0.20359642146343715,0.2656524195687872,0.20557974863964049,0.1959476417664991,0.20726190501456807,0.10213430581679656,0.161868675601573,0.16457306552976533,0.210831320178146,0.09445668573237548,0.1153589951918278,0.2256028417746651,0.047357669507411264,0.18611280823682447,0.2295580091215056,0.07894653244107551,0.3499829419339788,-0.05006508107047477,0.14104622162551864,0.2061147437622349,0.18893374803347687,0.3314383614862636,0.05346286986746668,0.15190840491914484,0.14746965853367602,0.13590451190318675,0.19704426328312138,0.18806226383843017,0.0718319315719727,0.19453051735757948,0.005653357830498379,0.16636609263580185,0.007103519564147366,-0.05876393269792764
0.11592059526711658,0.02295143419353871,-0.2827912160693903,0.5232226776835631,1.0525639821070953,0.33066069822412214,0.2616045719838582,0.2008162427711722,0.15445836863753978,0.0868881537564744,0.19655144026462687,0.2698637706647895,0.12897498908422894,0.24839613867259475,0.1923738793954486,0.28944960947887,0.1413262260998605,0.19445455175485682,0.3751165835299847,0.17219414950761122,0.1779817265404382,0.2095324912442537,0.12499378267418601,0.17028520791097654,0.07258830105446296,0.2461681851759162,0.014268733527198015,0.0588692867005362,0.23193623032026983,-0.032023914312891054,0.17292320007174108,0.24716266944883955,0.06905137119257336,0.41559734026729706,-0.06640479176999965,0.09979442043149835,0.19287033832050207,0.11916245110137036,0.4316782265020201,0.10553097665215655,0.12583563301546682,0.15654341031904448,0.04479204164350211,0.18188639734137407,0.17535951794976487,-0.0022963859187410014,0.15294033973361956,0.014752459727276662,0.32824199023459527,-0.043322944114603155,-0.015163952173033955
0.0909831654972103,0.2551237026218154,0.24175834448092065,0.3731142574512168,0.33066069822412214,0.8030815047655959,0.2746382242971708,0.31294632809376416,0.1813345810332309,0.1880403187071247,0.27332106827184366,0.24558092588497227,0.1350704747301164,0.2569327500069371,0.25045767775908234,0.2596648448054033,0.3075136111576127,0.274650718566923,0.38066224839931984,0.3633496589201596,0.27444303238497597,0.2588154642151989,0.04987109275655573,0.25495024938753086,0.28743454059856577,0.3028649571505505,0.1700140475028952,0.24181276769438403,0.320005339840335,0.06115942428697901,0.23786695781108613,0.2635615708849084,0.006931067162553525,0.3892062278699655,0.06432468736654372,0.14206298389540653,0.29199895763971545,0.2542037337709885,0.4325701359888767,0.13121015757714846,0.18008889220055907,0.26920330039419227,0.2100400049539646,0.25919286889583776,0.38788045072169586,0.01661419232332856,0.2805703259462325,0.015718174462995824,0.24109995152350375,-0.002740454102333407,-0.0004512701144531626
0.07676621789967389,0.2363433909894929,0.2128199835994665,0.29210479745979123,0.2616045719838582,0.2746382242971708,0.5901102895767769,0.24937412427323324,0.3438478308666775,0.22852450493470752,0.24591807384212389,0.37032744561483477,0.13074660885546321,0.26647745189136174,0.09690800094040497,0.26185496752581805,0.2997022361342916,0.3005768579074839,0.11714665098513011,0.21637187508867806,0.224218877458664,0.2959033944916023,0.1499214499091801,0.21931488242384162,0.14032660983099743,0.19982468982958532,0.19483841693635068,0.13609983435992073,0.20860906249734915,0.15842726222537515,0.211126709213511,0.2644621717390742,0.1565839360345534,0.29966292003517303,0.12348388617634531,0.2254159925275888,0.2672254829018277,0.22130993551498326,0.21532477709735104,0.10851028097412496,0.1710052267731912,0.28448411576332805,0.16513171203041008,0.17207370539669864,0.23154348435420097,0.07663782448856747,0.25610026998491553,-0.00676297252730586,0.1617089646070655,-0.0612071968465203,0.010248375989718903
0.05801589478250209,0.21333090945765748,0.27797814952393235,0.24302292890128255,0.2008162427711722,0.31294632809376416,0.24937412427323324,1.1929174142558523,0.11105523424811976,0.20489673818766949,0.24060300399889217,0.16048161956209386,0.12808038760767745,0.1930012955465978,0.18212673134402432,0.16956840743921295,0.27088657006488026,0.4217274027961598,0.21162092887520095,0.3592979782469982,0.2458336336227997,0.16202013107530772,0.1810200467662642,0.18185077574874411,0.13486893885104523,0.2626249666369524,0.31855442960490243,-0.002857705081605473,0.22810704630282566,0.2747658318517904,0.19528581638643489,0.18538689644300435,0.1429262374383299,0.32363850470870287,0.3128869571245559,0.10617544147721888,0.4455603874690374,0.2872764039369014,0.2860323578794476,0.1989783919021788,0.21002019767346666,0.23875486425125397,0.4065427335722422,0.16283719374571703,0.26512654564820665,0.0779611077497508,0.4492335761097244,0.0453199607113714,0.39319966183938926,0.04921153639480124,-0.016816399437325408
0.03893768582959043,0.24532166087448112,0.28534377404701394,0.1608561362162323,0.15445836863753978,0.1813345810332309,0.3438478308666775,0.11105523424811976,0.710423021186717,0.21143749425029465,0.18662377828761909,0.24615865698603237,0.12663623100619129,0.2845847945101908,0.012245102093795082,0.22305886968886743,0.2494147880179294,0.24145654296264818,0.02088522112703677,0.17680680473062507,0.16026723639045543,0.40367366625096085,0.11625487941359026,0.18785470965208767,-0.022033687575336216,0.16628903010837734,0.17792113609628402,0.17472989128913197,0.06402663561414319,0.18904689129074517,0.16681853550003503,0.27223765938197164,0.24914492732281113,0.10952737676790421,0.09695005102602983,0.19643638093456958,0.3071249196446677,0.24890227163753756,0.09516201271453899,0.07618912883028134,0.1238412323098834,0.20317681487033548,0.15823755165187675,0.17321403286350187,0.1546453920456641,0.10901114449995118,0.23313881130892566,-0.02519238573959519,0.18098689689403052,-0.04173237207570152,0.011255806259927907
0.11361413664975421,0.34068653978552477,0.3793398053850445,0.12108463402431721,0.0868881537564744,0.1880403187071247,0.22852450493470752,0.20489673818766949,0.21143749425029465,1.0599148430782037,0.19574842903577405,0.3471257133725793,0.12092548888205881,0.2197381828820458,0.3487795262785783,0.1459082777898569,0.31356416391699393,0.2687951989870498,0.08217957689887895,0.22332649794305992,0.13462996422190515,0.18614132185146634,0.128053026642519,0.21441180566930132,0.2817545720098445,0.15777119754732233,0.34116773828789365,0.17022801886942224,0.28188619542625426,0.22009941536145644,0.24068273430829304,0.21418677460877023,0.1152650808112887,0.49746140776826636,0.2785479446705033,0.33227822630199766,0.3556572914391064,0.20058459487462885,0.016586053954520952,0.09429355003369817,0.22448586975894158,0.20972727802815674,0.26569480874433515,0.073203357126359,0.10635888023834644,0.2604238245650142,0.34461795779897786,-0.005310111261316473,0.049882684546230925,-0.04697825087266823,0.005145759940774552
0.0583792876666393,0.1998926254296676,0.1480833486700499,0.19298959726576656,0.19655144026462687,0.27332106827184366,0.24591807384212389,0.24060300399889217,0.18662377828761909,0.19574842903577405,0.5510892033300416,0.3156778398400127,0.18429500716205913,0.19338911609067644,0.2723674781562289,0.2435373318580516,0.31937330604747377,0.23218840100830437,0.16600518582193147,0.2669779594174144,0.18480531761122068,0.22651475679492677,0.07252893271870671,0.2276784655331669,0.16894949961529465,0.23526848507631395,0.1908476959264774,0.19220856590278823,0.21087850413747888,0.11457419846206447,0.19571824610030455,0.20049198454423175,0.1608330473241895,0.25344314048460953,0.2241962466818201,0.19102908373782818,0.22826607309365962,0.17048538910935115,0.20893832863603407,0.15239996079375967,0.14675616978637632,0.23602200146769375,0.16267991931450904,0.13335019798358472,0.14508761291088562,0.06740274913310765,0.22969139210623388,0.006462102356927687,0.276450152990597,-0.04142221554840467,0.01939215290756075
0.07701055265053752,0.24123452768818615,0.17315709487581177,0.24891626724176905,0.2698637706647895,0.24558092588497227,0.37032744561483477,0.16048161956209386,0.24615865698603237,0.3471257133725793,0.3156778398400127,0.7323774167638037,0.11491903470791275,0.3310369450674428,0.24871168314129377,0.3149952476160734,0.32663101300860936,0.2414774688017318,0.1680684635548129,0.22694110788629562,0.19554429364819406,0.2683602753305684,0.13817195016065517,0.23116163051462488,0.15485039601806075,0.24275743300666627,0.23302090701241485,0.09598308647700377,0.23651682542329924,0.08713390942304719,0.24282999539135086,0.32234145404105213,0.19267229950807896,0.32354154401033697,0.2213534205623339,0.2716539302397376,0.20035919302287017,0.1699794771500466,0.22344088697853579,0.1732176097561391,0.10835796126645726,0.27646854425847167,0.1375227614458255,0.08754097173679576,0.19667902519852729,0.07511067472229341,0.23995813381669115,-0.010740613872575824,0.17251194137635184,-0.12137511380117035,0.02750192387182525
0.03779809584345096,0.10971597835612287,0.09000775813239455,0.11945688474800344,0.12897498908422894,0.1350704747301164,0.13074660885546321,0.12808038760767745,0.12663623100619129,0.12092548888205881,0.18429500716205913,0.11491903470791275,0.36004303318648473,0.1442269128069355,0.008867609428138109,0.18097571094731518,0.12572868817834304,0.15140909785279208,0.08781336217888859,0.11836952504634489,0.10343762720802994,0.15697317848789694,0.0878560171718914,0.11313763906346493,0.10886453796686221,0.10978574999923131,0.06834082182470914,0.10200333458266414,0.15160013663789965,0.11937488831880638,0.09934782919506556,0.14334150821576228,0.101295828489019,0.17003818307418614,0.14455187560133337,0.10359536449875,0.10706658018428922,0.10821521483146462,0.13372597267367645,0.052185234280168746,0.12311914560027097,0.06330099853885182,0.10017256046584472,0.1592332411525306,-0.0551735857071378,0.1053114272457334,0.16088332506883227,0.000596736850677456,0.18070858732090353,0.00784127512745621,-0.019743879668521466
0.05611335739787497,0.16398546667828012,0.12308845698335236,0.2363630287590049,0.24839613867259475,0.2569327500069371,0.26647745189136174,0.1930012955465978,0.2845847945101908,0.2197381828820458,0.19338911609067644,0.3310369450674428,0.1442269128069355,0.8118199540549773,0.172039843470755,0.5746985737573382,0.32496618266927196,0.07496067235769999,0.233631944149572,0.30570545511193675,0.23347109601462476,0.4639218008727366,0.08231936050201938,0.20372236860414292,0.1512994559903108,0.33114444431168427,0.29202382556508205,0.397602582519738,0.2158182389566806,0.3245533521930399,0.29938000824442634,0.7010942863053803,0.24568607526662262,0.3549599308261017,0.19926063044925976,0.3588721656367989,0.24291727009038427,0.37538472752818486,0.300151270883199,0.13280716086353933,0.3336630814745798,0.19976986657137,0.25694001457159094,0.31873100944641947,0.24095327069539038,0.13190341899658065,0.30621203700496014,-0.017331877777147564,0.2563941106364817,-0.001462480294998512,-0.025581452128905814
0.12656703681749798,0.35428885915918334,0.2849108647431958,0.12943817176753084,0.1923738793954486,0.25045767775908234,0.09690800094040497,0.18212673134402432,0.012245102093795082,0.3487795262785783,0.2723674781562289,0.24871168314129377,0.008867609428138109,0.172039843470755,1.3319429982895394,0.11580494178314624,0.28708244400152083,0.10789115980940298,0.22277838295938732,0.26917544195828413,0.16420717843580562,0.12573859921031535,-0.0006981453940167148,0.2432830600352236,0.20853115473365963,0.276205806885978,0.27403965038978156,0.28978045538949976,0.21179190238135165,0.20739782184570746,0.20418363596406,0.1746262665220963,0.1549250108358041,0.31446692116318853,0.24430077118411705,0.2508930778098362,0.28238598274662197,0.10822496213559821,0.1352759751623972,0.14921731184848966,0.16771363447597057,0.31248934738288137,0.1945546350469942,0.05252802694209233,0.32265056629857025,0.03934840769546924,0.21221542100347693,0.019177529756780377,0.23511143751476046,-0.07078017722621524,0.050601069669498074
0.05704044740443848,0.17272497594205005,0.062253047016337965,0.2544309331803286,0.28944960947887,0.2596648448054033,0.26185496752581805,0.16956840743921295,0.22305886968886743,0.1459082777898569,0.2435373318580516,0.3149952476160734,0.18097571094731518,0.5746985737573382,0.11580494178314624,1.0966835353104873,0.2731147110031574,0.21315824091923735,0.26612862968434436,0.3131257989829183,0.18693329265824513,0.5470604562175527,0.04170029291116613,0.23578419026385875,-0.03367814146366037,0.2619294360363352,0.14327441207676908,0.3218497590186144,0.23750741341389014,0.271395291643388,0.21028140372625212,0.5344673367817421,0.18412958339836555,0.3236062630866807,0.3544906392601963,0.20715861349037265,0.28491446949458665,0.28601502431042936,0.37336234308589955,0.17938304788334378,0.2608719141315594,0.17595270047515657,0.1880772209619979,0.32563652426626116,0.18955087940441998,0.048106768842718514,0.28820894110770245,-0.023455229440320944,0.5188306935312348,-0.038808616497426285,-0.008099878783066445
0.05816934581826295,0.2762134220008469,0.30582289693511977,0.19895702723407324,0.1413262260998605,0.3075136111576127,0.2997022361342916,0.27088657006488026,0.2494147880179294,0.31356416391699393,0.31937330604747377,0.32663101300860936,0.12572868817834304,0.32496618266927196,0.28708244400152083,0.2731147110031574,0.8698266265476869,0.12566891260606683,0.20234865866501656,0.3831360482153274,0.2700849471924102,0.34486985193872816,0.03282472055698174,0.2513454645515569,0.5368931008560438,0.19638273792517214,0.40272021408995806,0.5255259290124713,0.199418597702484,0.3280463095432458,0.3579180196169986,0.3054206111967792,0.30767024917975416,0.33539113455528397,0.2885259594546796,0.4178346416605053,0.4630884670563427,0.39745203139383317,0.14519512075259738,0.11616163962154732,0.3288374116598638,0.5087307966687027,0.33138682422541094,0.26132805552505806,0.4650998910582778,0.15794438692497179,0.4037288305689899,-0.016216761280736455,-0.23397296287592384,-0.05647965664477051,-0.008516253376996824
0.09056613017588279,0.3993424332483168,0.2334058375971384,0.20359642146343715,0.19445455175485682,0.274650718566923,0.3005768579074839,0.4217274027961598,0.24145654296264818,0.2687951989870498,0.23218840100830437,0.2414774688017318,0.15140909785279208,0.07496067235769999,0.10789115980940298,0.21315824091923735,0.12566891260606683,1.1435370883559917,0.08409874368004333,0.1842269765628009,0.22705846494901,0.13788302591208018,0.3070992263546364,0.29094187587306614,0.1199921998792239,0.14919513652120556,0.004555189882923395,-0.11867131473946194,0.33133684835364396,0.0796231225508701,0.16150383596079199,0.09128159688791801,0.04218724916070734,0.3029684240634017,0.1922872831624898,0.05689921911056111,0.44110513794536965,0.17315840730740087,0.32931434424507045,0.1471497757366335,0.18474497954118876,0.2527402112994685,0.24959732378935423,0.13780270961070376,0.2046325035047278,0.06606153513974601,0.5488944842438126,0.01698180213878941,0.15533190460286478,-0.09861863712262303,0.018263940700903977
0.08092559496540087,0.0433893157439415,0.03193624856946212,0.2656524195687872,0.3751165835299847,0.38066224839931984,0.11714665098513011,0.21162092887520095,0.02088522112703677,0.08217957689887895,0.16600518582193147,0.1680684635548129,0.08781336217888859,0.233631944149572,0.22277838295938732,0.26612862968434436,0.20234865866501656,0.08409874368004333,0.8895256152070263,0.13896591783276033,0.23690250959732187,0.21272248191419457,-0.03523941601287695,0.13058234111698402,0.21930189964369567,0.1944244012861167,0.14615998013203188,0.2766888750721043,0.13622639250763094,0.1446835229487733,0.21402558550371095,0.21695585080072832,0.1605094411528961,0.2423393599923475,0.06700918594681539,0.12026762448313066,0.24128995140206727,0.21721403613372955,0.5191519808068148,0.09810779855924597,0.23739051269674902,0.19899926163954754,0.14447557459281052,0.28853247097871193,0.3637843785319618,-0.04298628630397603,0.15322494985783744,0.039148401972234494,0.245845939107737,0.007496204441530127,-0.027559776823995664
0.04336165515834774,0.3587230001275893,0.23463607904694744,0.20557974863964049,0.17219414950761122,0.3633496589201596,0.21637187508867806,0.3592979782469982,0.17680680473062507,0.22332649794305992,0.2669779594174144,0.22694110788629562,0.11836952504634489,0.30570545511193675,0.26917544195828413,0.3131257989829183,0.3831360482153274,0.1842269765628009,0.13896591783276033,1.2942370050602394,0.11839533515090517,0.19178725263868496,-0.053377486517304264,0.3054168324400937,0.2957866672516896,0.3803207610993199,0.16138992692807214,0.19402118198367996,0.3723230863122339,0.22650429737091393,0.21195646369096371,0.2927261943169942,0.04440051038592382,0.3977556741324808,0.22084121425680228,0.11887262703548264,0.671787047008518,0.2544392129727818,0.49369936265693354,0.27943283165741223,0.1845830796078311,0.3774835806428462,0.26778140964603997,0.032976094587292344,0.5030605117387614,0.20469657873500757,0.21566610518696652,0.041585578901946384,0.4189019228913043,-0.015935912037673965,0.0002080221724403883
0.07641523091538877,0.16347480511466422,0.17386208646296833,0.1959476417664991,0.1779817265404382,0.27444303238497597,0.224218877458664,0.2458336336227997,0.16026723639045543,0.13462996422190515,0.18480531761122068,0.19554429364819406,0.10343762720802994,0.23347109601462476,0.16420717843580562,0.18693329265824513,0.2700849471924102,0.22705846494901,0.23690250959732187,0.11839533515090517,0.8044059988919972,0.16984707902215976,0.2954656545961747,0.10147386249379459,0.06403051155383485,0.1648679559606787,0.20453485391562537,0.3053829898685594,0.1930533659011987,0.3779538798525016,0.3549772873411444,0.23322580034179377,0.20608532473959715,0.2930015203354104,0.32997207320532396,0.37317245970479895,0.28713100104574946,0.33763451498207375,0.7208368297695007,0.2549814006568037,0.49804613850357693,0.42193941636011606,0.26330436930146556,0.4794598000877569,0.7421235920981994,-0.010820182363590298,0.42647865601328694,0.03073925930858799,-0.08965234617701096,0.03246738735918502,-0.030331637690896078
0.06775175782637909,0.20689393378963303,0.215630765962489,0.20726190501456807,0.2095324912442537,0.2588154642151989,0.2959033944916023,0.16202013107530772,0.40367366625096085,0.18614132185146634,0.22651475679492677,0.2683602753305684,0.15697317848789694,0.4639218008727366,0.12573859921031535,0.5470604562175527,0.34486985193872816,0.13788302591208018,0.21272248191419457,0.19178725263868496,0.16984707902215976,1.2035047719268654,0.06482804515304055,0.20860459238117524,-0.07979196156037664,0.24109603201615773,0.3239874386898607,0.3526959098033882,0.04454819800399548,0.24637366919506948,0.21246781314941804,0.44929455835378457,0.3553943083442197,0.204598924075183,0.25804621109333653,0.27810539206493234,0.32740051586129676,0.38355513062619245,0.18347745338377947,0.1132511260070148,0.18642994123311918,0.257004311778274,0.23248947163222342,0.34260518231280207,0.1565601872497014,0.1246273103585072,0.24471909534589237,-0.11278744062500247,0.48129869624207694,-0.050858043329702854,-0.002848178641828169
0.03580442103144556,-0.13371434153102113,-0.007025936095522807,0.10213430581679656,0.12499378267418601,0.04987109275655573,0.1499214499091801,0.1810200467662642,0.11625487941359026,0.128053026642519,0.07252893271870671,0.13817195016065517,0.0878560171718914,0.08231936050201938,-0.0006981453940167148,0.04170029291116613,0.03282472055698174,0.3070992263546364,-0.03523941601287695,-0.053377486517304264,0.2954656545961747,0.06482804515304055,1.700887539203777,0.11350640500479511,0.11878210344889188,-0.09681337774876075,0.08876721216743153,-0.4712546869332853,0.38113852951306026,0.4152821126962803,0.3733791221670352,0.06309278607372845,0.14205826494726087,0.331476794716968,0.22729207504625107,0.5599826950016654,0.024085509454738183,0.03486574102227851,1.2706653897374183,0.2918233573473478,0.4474298812916961,-0.012726236115183975,0.06276191408046976,0.8182533301827399,-0.14855581546509505,0.1283261418763947,0.4789157198015542,0.06636065689112808,0.28240280317579197,-0.007446636193534182,-0.013764650627951505
0.03128074075386916,0.1822196646543484,0.16550245921451637,0.161868675601573,0.17028520791097654,0.25495024938753086,0.21931488242384162,0.18185077574874411,0.18785470965208767,0.21441180566930132,0.2276784655331669,0.23116163051462488,0.11313763906346493,0.20372236860414292,0.2432830600352236,0.23578419026385875,0.2513454645515569,0.29094187587306614,0.13058234111698402,0.3054168324400937,0.10147386249379459,0.20860459238117524,0.11350640500479511,0.8475035439763486,0.42365367836837947,0.19901341315675738,0.05215849741430162,0.11339725809002467,0.24459052620115931,0.2230289812055001,0.1684050093626996,0.19791049273765873,0.1863615541643778,0.22906217955259117,0.30637082267590665,0.19042525957478448,0.22936943073896948,0.12851412028032091,0.08494419322304975,0.1328486261666473,0.0959673703732524,0.19413466630529028,0.05729371120602955,0.0817946651141067,0.07597188343735088,0.03266910474370896,0.26780380913520335,-0.002799142901686019,0.46050382005692464,-0.14014294113537049,0.03892596199288337
0.22833095832252956,0.2103964089800566,0.3561432726468586,0.16457306552976533,0.07258830105446296,0.28743454059856577,0.14032660983099743,0.13486893885104523,-0.022033687575336216,0.2817545720098445,0.16894949961529465,0.15485039601806075,0.10886453796686221,0.1512994559903108,0.20853115473365963,-0.03367814146366037,0.5368931008560438,0.1199921998792239,0.21930189964369567,0.2957866672516896,0.06403051155383485,-0.07979196156037664,0.11878210344889188,0.42365367836837947,3.984231397601962,0.4614808884574736,0.6276503970779465,0.4729688471619582,0.5275110687897457,0.3510102963620754,0.5825582114822577,0.12509431312559544,0.1670858663077405,0.4158839246537371,0.24967498680968633,0.6283056818838965,-0.06539672378388126,0.5588593774900168,-0.6662607999132517,-0.2251481860934904,0.43841957525395825,0.39154363487043103,0.5420216864936871,0.2687437848909827,0.342484258339013,0.5135514474966782,0.38423645192622774,-0.08312999488361096,-2.4489526123903644,0.12669665506641578,-0.11389566130952171
0.03330119787922731,0.1593276576511949,0.12106285814202225,0.210831320178146,0.2461681851759162,0.3028649571505505,0.19982468982958532,0.2626249666369524,0.16628903010837734,0.15777119754732233,0.23526848507631395,0.24275743300666627,0.10978574999923131,0.33114444431168427,0.276205806885978,0.2619294360363352,0.19638273792517214,0.14919513652120556,0.1944244012861167,0.3803207610993199,0.1648679559606787,0.24109603201615773,-0.09681337774876075,0.19901341315675738,0.4614808884574736,1.6078646280895295,0.06278786157635473,0.27321012260637617,0.24543404803259414,-0.42669498849949944,0.23655540474264966,0.3409705901635023,0.12531275439375686,0.3048048924468724,0.27484080957993684,0.23340855069017355,-0.3320008930710425,0.010201333373049038,0.4295157115935089,0.3435422335404076,0.09677922585063496,0.3243177764573894,-0.07280202752624076,-0.036455829489345185,0.42745334381619626,-0.18415045657242937,-0.1250115539245536,0.009686022622819956,0.8617028347565809,-0.08306822685649962,0.01232257431565569
0.08545667839855473,0.303167021785767,0.2708412771025551,0.09445668573237548,0.014268733527198015,0.1700140475028952,0.19483841693635068,0.31855442960490243,0.17792113609628402,0.34116773828789365,0.1908476959264774,0.23302090701241485,0.06834082182470914,0.29202382556508205,0.27403965038978156,0.14327441207676908,0.40272021408995806,0.004555189882923395,0.14615998013203188,0.16138992692807214,0.20453485391562537,0.3239874386898607,0.08876721216743153,0.05215849741430162,0.6276503970779465,0.06278786157635473,2.3836498223104496,0.6761195684442105,-0.06125835383673643,0.4211094255433992,0.6233249393109292,0.29345290159203896,0.4765267210681593,0.3763819921428082,0.5385272446472531,0.9774115207221662,0.4603611095054681,0.5547357131680687,-0.26638769642132637,0.36354455902446636,0.33326187628120624,0.21829287390087634,1.5770094888242314,-0.07628986295682992,0.10590860353084867,0.40432958027010163,0.1756808905448184,0.0027633447761939013,0.5171802040507685,0.17056095404020294,-0.036445760014255965
0.06885156000254747,0.2302022960724493,0.24503671646958092,0.1153589951918278,0.0588692867005362,0.24181276769438403,0.13609983435992073,-0.002857705081605473,0.17472989128913197,0.17022801886942224,0.19220856590278823,0.09598308647700377,0.10200333458266414,0.397602582519738,0.28978045538949976,0.3218497590186144,0.5255259290124713,-0.11867131473946194,0.2766888750721043,0.19402118198367996,0.3053829898685594,0.3526959098033882,-0.4712546869332853,0.11339725809002467,0.4729688471619582,0.27321012260637617,0.6761195684442105,2.071595085959447,-0.29356186638166526,0.5303669528041375,0.4610681514793589,0.3965197709452924,0.4337997481959708,0.1891976958738458,0.2629922216991158,0.8180479698068237,0.157570989834293,0.5094380925786057,-0.03095887975194931,-0.024554039503441902,0.6337067765990095,0.08742163865201186,0.5540253278854975,0.7090592000456135,0.5155675452834683,0.03463625018725009,0.1109404908599895,-0.007420395340589015,-0.22249950724180495,0.14838594138263225,-0.05288367302341404
0.059771449521746005,0.26480737398087384,0.19364545738435118,0.2256028417746651,0.23193623032026983,0.320005339840335,0.20860906249734915,0.22810704630282566,0.06402663561414319,0.28188619542625426,0.21087850413747888,0.23651682542329924,0.15160013663789965,0.2158182389566806,0.21179190238135165,0.23750741341389014,0.199418597702484,0.33133684835364396,0.13622639250763094,0.3723230863122339,0.1930533659011987,0.04454819800399548,0.38113852951306026,0.24459052620115931,0.5275110687897457,0.24543404803259414,-0.06125835383673643,-0.29356186638166526,2.099459077453097,0.08152104786513067,0.07561789406050702,0.21667636855263764,-0.3282188035523646,0.77206281861749,0.2139905917078139,0.41010091350850264,-0.349302872632461,-0.2897485141591425,0.5441175299142424,0.2591392536009284,0.3669025386470247,0.06370665746057973,-0.04651015855771639,-0.2970840829914115,-0.16829638642943673,0.5048502650822795,0.28281563865177933,-0.03427658881393264,0.6308878978569387,-0.0692130269680646,-0.014759170308686478
0.07545797363303318,0.13062989103965894,0.11102970717621947,0.047357669507411264,-0.032023914312891054,0.06115942428697901,0.15842726222537515,0.2747658318517904,0.18904689129074517,0.22009941536145644,0.11457419846206447,0.08713390942304719,0.11937488831880638,0.3245533521930399,0.20739782184570746,0.271395291643388,0.3280463095432458,0.0796231225508701,0.1446835229487733,0.22650429737091393,0.3779538798525016,0.24637366919506948,0.4152821126962803,0.2230289812055001,0.3510102963620754,-0.42669498849949944,0.4211094255433992,0.5303669528041375,0.08152104786513067,3.2163522974327865,0.3297322545954152,0.31290044448705584,0.42886212552640046,0.17384787035883653,0.78670346869627,0.3770903635902148,0.963729656075585,0.9958473578071599,-0.04726105953697863,-0.07261611527255558,1.0120534550898355,0.335669822364393,1.0518423796091823,1.0155031727464225,0.44055514537197926,0.22753687072377998,1.427284149573789,0.10080795585540042,-0.1289283527324571,0.1055585312992577,-0.057405390452824556
0.09355524598787307,0.1653434000424169,0.19572387964152005,0.18611280823682447,0.17292320007174108,0.23786695781108613,0.211126709213511,0.19528581638643489,0.16681853550003503,0.24068273430829304,0.19571824610030455,0.24282999539135086,0.09934782919506556,0.29938000824442634,0.20418363596406,0.21028140372625212,0.3579180196169986,0.16150383596079199,0.21402558550371095,0.21195646369096371,0.3549772873411444,0.21246781314941804,0.3733791221670352,0.1684050093626996,0.5825582114822577,0.23655540474264966,0.6233249393109292,0.4610681514793589,0.07561789406050702,0.3297322545954152,1.056465655601394,0.28702970531283445,0.23335674950039573,0.36202543695459793,0.27917252070050735,0.8873602391256282,0.2909265059909898,0.48388728408237586,0.6372167136462777,0.22824290495826816,0.5293299469878237,0.285799614497196,0.39067101925801817,0.43184427365620603,0.4375479929873383,0.2392130083354136,0.36452088587087333,-0.004117357568006678,-0.41345076195006003,0.03760241996806924,-0.04382726020273267
0.053942070567011016,0.16562288753607257,0.11743097383278721,0.2295580091215056,0.24716266944883955,0.2635615708849084,0.2644621717390742,0.18538689644300435,0.27223765938197164,0.21418677460877023,0.20049198454423175,0.32234145404105213,0.14334150821576228,0.7010942863053803,0.1746262665220963,0.5344673367817421,0.3054206111967792,0.09128159688791801,0.21695585080072832,0.2927261943169942,0.23322580034179377,0.44929455835378457,0.06309278607372845,0.19791049273765873,0.12509431312559544,0.3409705901635023,0.29345290159203896,0.3965197709452924,0.21667636855263764,0.31290044448705584,0.28702970531283445,0.7902751433396815,0.238227804614116,0.36020452617095305,0.1581756290326106,0.3556750682153882,0.2031004826540518,0.37997275840078476,0.2686395485228108,0.13012047260377888,0.31702896282642634,0.20881452961105806,0.2525259653226611,0.2920708569332022,0.23301140381834537,0.12020602798813601,0.3023060264536813,-0.017771280580728483,0.23882561289268314,-0.0025774998287238196,-0.010232559806825157
0.06919675109871985,0.16563127855587487,0.16353789823160964,0.07894653244107551,0.06905137119257336,0.006931067162553525,0.1565839360345534,0.1429262374383299,0.24914492732281113,0.1152650808112887,0.1608330473241895,0.19267229950807896,0.101295828489019,0.24568607526662262,0.1549250108358041,0.18412958339836555,0.30767024917975416,0.04218724916070734,0.1605094411528961,0.04440051038592382,0.20608532473959715,0.3553943083442197,0.14205826494726087,0.1863615541643778,0.1670858663077405,0.12531275439375686,0.4765267210681593,0.4337997481959708,-0.3282188035523646,0.42886212552640046,0.23335674950039573,0.238227804614116,1.9229325092105962,-0.20525413884404534,0.35053445222640506,0.16986623948948534,0.9130304017859748,0.48856523075486785,-0.3580158929983331,0.1481688913539954,-0.2576512024200005,0.16843437100178496,0.415198585408777,0.3885348273007273,0.28228825782191475,-0.018151543024142475,0.39282311038726186,-0.007281864445544917,0.20234138979372657,-0.05184850268632779,-0.03992116405767029
-0.034953534756013684,0.24223331171914575,0.17522554930587128,0.3499829419339788,0.41559734026729706,0.3892062278699655,0.29966292003517303,0.32363850470870287,0.10952737676790421,0.49746140776826636,0.25344314048460953,0.32354154401033697,0.17003818307418614,0.3549599308261017,0.31446692116318853,0.3236062630866807,0.33539113455528397,0.3029684240634017,0.2423393599923475,0.3977556741324808,0.2930015203354104,0.204598924075183,0.331476794716968,0.22906217955259117,0.4158839246537371,0.3048048924468724,0.3763819921428082,0.1891976958738458,0.77206281861749,0.17384787035883653,0.36202543695459793,0.36020452617095305,-0.20525413884404534,1.8531732815729327,0.37868917329933804,0.4203782631379618,0.48643812945366083,0.23708792012761848,0.35115653361811183,0.127045081768335,0.4936413912676896,0.32429666426963266,0.4239778597869817,0.28369205618513593,0.2594211908566638,0.45267022792654465,0.41110839330060334,0.019568152701642614,0.327260581234644,0.06103299475790803,-0.05979873730612432
0.020408963187567804,0.20118245851447464,0.1864386719054308,-0.05006508107047477,-0.06640479176999965,0.06432468736654372,0.12348388617634531,0.3128869571245559,0.09695005102602983,0.2785479446705033,0.2241962466818201,0.2213534205623339,0.14455187560133337,0.19926063044925976,0.24430077118411705,0.3544906392601963,0.2885259594546796,0.1922872831624898,0.06700918594681539,0.22084121425680228,0.32997207320532396,0.25804621109333653,0.22729207504625107,0.30637082267590665,0.24967498680968633,0.27484080957993684,0.5385272446472531,0.2629922216991158,0.2139905917078139,0.78670346869627,0.27917252070050735,0.1581756290326106,0.35053445222640506,0.37868917329933804,3.2270096117844504,0.30324819600861985,0.280181942281789,0.19381082771791305,0.17759964426966346,0.9117764944419403,0.06652325449365888,0.24900020427055064,0.5922382114379237,0.3346121039585619,0.4565424438963267,-0.0458111323845524,0.466105843295997,0.03390151765172165,0.8640100627068587,-0.0879490509608265,0.012133179337995494
0.08065691011210219,0.17606212968506,0.2774187612873839,0.14104622162551864,0.09979442043149835,0.14206298389540653,0.2254159925275888,0.10617544147721888,0.19643638093456958,0.33227822630199766,0.19102908373782818,0.2716539302397376,0.10359536449875,0.3588721656367989,0.2508930778098362,0.20715861349037265,0.4178346416605053,0.05689921911056111,0.12026762448313066,0.11887262703548264,0.37317245970479895,0.27810539206493234,0.5599826950016654,0.19042525957478448,0.6283056818838965,0.23340855069017355,0.9774115207221662,0.8180479698068237,0.41010091350850264,0.3770903635902148,0.8873602391256282,0.3556750682153882,0.16986623948948534,0.4203782631379618,0.30324819600861985,2.8179263038883495,-0.4991460254155397,0.04793235088579958,0.33356121328927807,0.5139675965121223,0.6016750158030587,0.18822977660336093,0.1373125570730268,-0.3400458130253761,-0.13450858095127036,0.9510769247661208,0.09747542045681716,-0.19338755349259545,-1.427789275703185,0.04148751432246242,-0.051589703887518115
0.0822944634976007,0.6062775239030889,0.4027643531623422,0.2061147437622349,0.19287033832050207,0.29199895763971545,0.2672254829018277,0.4455603874690374,0.3071249196446677,0.3556572914391064,0.22826607309365962,0.20035919302287017,0.10706658018428922,0.24291727009038427,0.28238598274662197,0.28491446949458665,0.4630884670563427,0.44110513794536965,0.24128995140206727,0.671787047008518,0.28713100104574946,0.32740051586129676,0.024085509454738183,0.22936943073896948,-0.06539672378388126,-0.3320008930710425,0.4603611095054681,0.157570989834293,-0.349302872632461,0.963729656075585,0.2909265059909898,0.2031004826540518,0.9130304017859748,0.48643812945366083,0.280181942281789,-0.4991460254155397,4.934369613224962,1.337894607312698,-0.9214798013523118,-0.1622789189719662,0.027656036842871722,0.5645397220395337,1.3318829150032543,0.4414138596696576,1.8251062175656059,0.7586517287460107,0.9531927698492738,0.10459993416431645,0.1248418110603102,0.038005429641251226,-0.028979988499253834
0.1163956959818028,0.2426521983284394,0.29650230044001835,0.18893374803347687,0.11916245110137036,0.2542037337709885,0.22130993551498326,0.2872764039369014,0.24890227163753756,0.20058459487462885,0.17048538910935115,0.1699794771500466,0.10821521483146462,0.37538472752818486,0.10822496213559821,0.28601502431042936,0.39745203139383317,0.17315840730740087,0.21721403613372955,0.2544392129727818,0.33763451498207375,0.38355513062619245,0.03486574102227851,0.12851412028032091,0.5588593774900168,0.010201333373049038,0.5547357131680687,0.5094380925786057,-0.2897485141591425,0.9958473578071599,0.48388728408237586,0.37997275840078476,0.48856523075486785,0.23708792012761848,0.19381082771791305,0.04793235088579958,1.337894607312698,2.319805134561067,-0.764536514699276,-0.12404201731968688,0.5037779942166449,0.6417968104068683,1.4035671537097527,0.8497220230546277,0.9174137374180807,0.35356209339987027,0.8201928160574241,0.0914862490924993,-0.8401614037853609,0.15188024080891,-0.08837262100592659
0.02710944055978144,-0.12141135897683669,-0.16860494014055552,0.3314383614862636,0.4316782265020201,0.4325701359888767,0.21532477709735104,0.2860323578794476,0.09516201271453899,0.016586053954520952,0.20893832863603407,0.22344088697853579,0.13372597267367645,0.300151270883199,0.1352759751623972,0.37336234308589955,0.14519512075259738,0.32931434424507045,0.5191519808068148,0.49369936265693354,0.7208368297695007,0.18347745338377947,1.2706653897374183,0.08494419322304975,-0.6662607999132517,0.4295157115935089,-0.26638769642132637,-0.03095887975194931,0.5441175299142424,-0.04726105953697863,0.6372167136462777,0.2686395485228108,-0.3580158929983331,0.35115653361811183,0.17759964426966346,0.33356121328927807,-0.9214798013523118,-0.764536514699276,6.739523379660406,1.2823621449578304,0.8821909651426052,-0.08136277617030768,-0.7197624521346752,1.6376425714322644,0.8619732156277987,-0.935159791160886,0.2046907088922114,0.1276246521243103,2.5599447076508466,-0.13606027217610261,-0.005154098139891469
