0.9602342936843831,0.3354928813131959,0.21190638248346888,0.07718049737223259,0.17476527049761273,0.11225680323995368,0.17815577051090076,0.14522035539439387,0.07778003131815787,0.12135090913871432,0.11650715531047563,0.13115932905278985,0.09692956291549895,0.14681293532473735,0.13724033968571453,0.14026285569699956,0.1445868055748105,0.13199993667078694,0.07113948633042659,0.09652485347349304,0.12964080756514862,0.18382185640071452,0.05800248300789316,0.0347548661913962,0.11173313160479413,0.08369090265825276,0.11421640793807415,0.1506889736052893,-0.026418497763644487,0.18696702136806365,0.12070526633879669,0.13659026445485686,0.12961258506341622,-0.11623485900311575,0.16131454291443986,0.09483169831925023,0.11894827341091756,0.13785872396422916,0.10126171165325286,0.04242543248341851,0.1550717969937533,0.09436759730617583,0.03172594224975922,0.15167555077577596,0.1279249632651811,0.10084637402731411,0.1667402938588972,0.0009125609456364892,0.03704536265584915,0.05815527289020563,-0.013679295224212514,-0.05455985422506512,-0.013029193655966912,0.004604674391328068,0.1330008722466488,-0.02466943374264835,0.0649987898603542,-0.12819524217101874,-0.056629742911241676
0.3354928813131959,2.8985897788545625,0.2720826897171836,-0.09835008363570595,0.07175232865958237,0.13322046868241677,0.11080184603708584,0.09591944155477282,0.10842340495605438,0.15859419982287623,0.124807253121639,0.1344234902163236,0.0650911543670258,0.0925208846991072,0.2757646532201482,0.1279482371335712,0.18743322893705774,0.15360060036010334,0.03290385618910986,0.09582353341915269,0.22794846758146348,0.07738635425025668,-0.27375162987517737,-0.12152280576115977,0.11463553256847991,-0.0672695584603671,0.19510516877639744,0.11735120744647774,0.10688173735378041,0.17406819158263814,0.10414476121494101,0.1257999348923718,0.007142132844271202,0.11782781079671344,0.09872759917727589,0.1287626506378155,0.08644469953925982,0.1376740914249106,-0.05736702310647126,-0.018091241946166688,0.11865837651937322,0.07871377828939362,0.06516127835099739,0.18970197293039093,0.22767298138084632,-0.06152424744362201,0.1144153795782291,0.0005041268778142457,-0.06582313561482167,-0.10470555015589583,0.11764052884646722,0.09752487355902605,-0.17097552149486767,0.008630663009680111,-0.6036378448116713,-0.01752899310295321,-0.038981011377856,0.28396320274477804,0.18686167925983213
0.21190638248346888,0.2720826897171836,1.7978067346568334,0.23816811928193998,-0.09995651409816626,0.29711059168249593,0.11900719452950634,0.35450106383936253,0.2950962450629004,0.42510631027977636,0.2089755983742771,0.18738642270469696,0.20046080459209642,0.12524756114377175,0.2711706977045085,0.0886615466686708,0.3334827042685087,0.2786864552090785,0.1400042540755057,0.21977307015321645,0.18190861686767829,0.40441770931441556,0.34256865515711105,0.3225654983577911,0.2594647215069948,0.17670306973256697,0.1477965822761463,0.28713898403934895,0.38366753141214577,0.15328465989379447,0.20733746421540014,0.13642533608874033,0.30427400274140204,0.2748332570537664,0.21583943500625313,0.25619718101101235,0.4170269207639933,0.2016431826035822,0.129544525035203,-0.2801322421594698,0.19404874205903302,0.1623772313470324,0.1354077583582225,0.23848593988030814,0.18041466845476953,0.4715306401598312,0.27064984415207055,-0.006019967454419447,0.14660500625997852,0.1411938223054474,0.023556672868517956,0.1369166303134441,-0.08966410237698155,-0.2063891897160493,-0.001857945737389666,-0.13632223629467727,-0.038002019293103796,-0.026625647324401654,-0.006286264992911357
0.07718049737223259,-0.09835008363570595,0.23816811928193998,0.9222066610199273,0.3083662364343296,0.2745998203058319,0.24355913530892617,0.28878188169105157,0.11884841174066131,0.1757047333453246,0.20686065842058698,0.2447192048189597,0.19320263421923928,0.24591827688119436,0.20166886219723731,0.2543484670275754,0.2225013217816209,0.2596825153417166,0.116068224545343,0.13843446365611367,0.14125786614557634,0.3447862314229821,0.3165011717423956,0.26919802947358584,0.25220963390871465,0.2257064752746002,0.15853918104538392,0.11607629537327048,0.3231063003149603,0.2019780147959662,0.1792593283495994,0.2229124019611346,0.23657859157940062,0.3115565022004164,-0.01735464158209902,0.18140392389805216,0.19930605019545022,0.19441535950551325,0.2667066297285024,-0.03569392940639317,0.1713872106891358,0.15107696706624402,0.20939258804639865,0.3273047616247635,0.1082119378335889,0.004353399677405793,0.26025330444326045,-0.0014422893677572205,0.37239917316339594,0.19992190537220766,-0.1837878251069159,0.014515048447682113,0.010899664304962312,-0.0910537830016068,-0.08021421923026588,-0.05907629703219149,-0.14172735013243423,0.15470321092655456,0.0022423071404163914
0.17476527049761273,0.07175232865958237,-0.09995651409816626,0.3083662364343296,0.8346645352957888,0.2522917091152505,0.20555046961998835,0.2564521785556383,0.05098332145824397,0.08412566699555753,0.17388165291976299,0.2050887115978117,0.16600245814857395,0.22853636667767582,0.18694150867357132,0.2744568369367586,0.16796315603585488,0.20304773101757415,0.24679746530623548,0.12732152724113632,0.09009097840381602,0.2644032017251764,0.21096515181321462,0.1795393747486478,0.19603389889545736,0.2421978496414554,0.13475359298516204,0.044691996287906204,0.2284978726269666,0.10664979925402009,0.16232184584067091,0.21758033278826916,0.10409305306469654,0.3129195376832373,-0.025109582487622826,0.17230842196846566,0.18271309883612,0.1735976301676165,0.26761593597534267,0.07512485755094624,0.195965508456379,0.16467471637940592,0.13351424384088112,0.20604985925020136,0.041434231985574624,0.03636663463215252,0.18891856104892524,0.011657736279270487,0.3031488398968611,0.22629704266255687,-0.13815593322646852,-0.12206062984524678,0.01415074423235636,-0.0028190176956835685,-0.0863578901899132,-0.08466212915298227,-0.07549328819206491,0.04913686906649461,0.11977357997439174
0.11225680323995368,0.13322046868241677,0.29711059168249593,0.2745998203058319,0.2522917091152505,0.6280237803111166,0.08312514307402079,0.41383642343643967,0.14397298177671808,0.1272758510106943,0.2268699426645056,0.2162065182569779,0.18083095385792666,0.23288389239772184,0.2543125823833183,0.20466789891341639,0.2621797265639098,0.2223927785198614,0.20526835455319092,0.22880241662611542,0.2233900472511582,0.31520453557118555,0.21569853910280123,0.23657557070102514,0.28604695919514894,0.16744558495181774,0.18472384941996609,0.2063503073668279,0.38353132928504957,0.28168124247256016,0.17506326324444366,0.23127304550973635,0.12180264181655857,0.31003258611599127,0.20467077404099185,0.14104597698504767,0.24131131589011418,0.21005766958690908,0.26310115598222983,-0.048037753978624274,0.10758911393971353,0.16982837711442644,0.2558233571793516,0.26234450111227675,0.15511568637795192,0.022719292199501213,0.28124537057240945,0.008523256875322155,0.39557354282355855,0.27295899903967036,-0.4255444534262761,0.09074222852015705,-0.057544162248292716,0.01444776816803226,-0.059054477415037,-0.12569124921901867,-0.03076573933784933,0.1099243018803196,0.02397215780457297
0.17815577051090076,0.11080184603708584,0.11900719452950634,0.24355913530892617,0.20555046961998835,0.08312514307402079,0.530714876843814,0.16869656364024951,0.18232483080100764,0.1456172681334342,0.18360172718720985,0.2328858515290023,0.15847188352218874,0.18152723545254223,0.1355242213569842,0.2073075864467777,0.19161509633484794,0.20527322272065554,0.053010535216195274,0.13508176631440277,0.1715672366900967,0.26380307206110326,0.24643626234031416,0.19052604806381157,0.20276255660138015,0.17481246071148193,0.1547796462559705,0.12588793460516773,0.18276975802444115,0.18291819108875024,0.15590627805235105,0.18517602229878682,0.15414929286159862,0.22163089081668363,0.13267509783155115,0.16101737332196375,0.10799931477829675,0.10887408591696819,0.205774512353834,0.04582185292203516,0.19989623361255213,0.12683012465847113,0.15737646323403512,0.20719587921807203,0.1757642691689958,0.017949292668066632,0.20059053756890802,0.0044728276545310175,0.31043711460252216,0.006684093939730901,-0.0576138510455837,-0.06267796583685187,0.04627330290166313,-0.006894030272870468,-0.021010367086450158,0.0658841778431495,-0.03595858981126152,0.080080816508761,-0.1738762186600395
0.14522035539439387,0.09591944155477282,0.35450106383936253,0.28878188169105157,0.2564521785556383,0.41383642343643967,0.16869656364024951,0.7298313992447811,0.06436089924763305,0.157797596474728,0.2266777459377483,0.07516124171340352,0.23339617401376367,0.18828893766359883,0.17922543780572658,0.16820762777464252,0.2733711801719072,0.3200223763626061,0.20389646993171612,0.17972008195498984,0.25893907691142,0.2995404090265525,0.2898729576868105,0.20641938668880544,0.2564968010935694,0.19676647954136306,0.1417911278225497,0.2368276830616353,0.3163018763348598,0.2985614730893398,0.17110232927373428,0.18405441385250362,0.20806901423632676,0.29171164536865224,0.21676563913518698,0.14436937362555707,0.2904512835694592,0.18844094297496186,0.2944395839531829,-0.02137751133031691,0.20712900218786154,0.17002702964670913,0.2355582835302083,0.3017319613845622,0.2452795961388804,0.06646719250595529,0.3289348965836137,0.01400808194577394,0.29854444722966356,0.3137997442618376,-0.1290233161992107,-0.04368429645115384,-0.03846956075274849,-0.0877558283558025,-0.06762264512795015,-0.21975195258359123,-0.022903044857803943,0.19712849553664483,0.03916129600453655
0.07778003131815787,0.10842340495605438,0.2950962450629004,0.11884841174066131,0.05098332145824397,0.14397298177671808,0.18232483080100764,0.06436089924763305,0.527152460193901,0.13679325708657727,0.11865867006116855,0.13040188585965226,0.11289632485356424,0.17422241014848247,0.16413784240522686,0.10930755958640807,0.14913070856020436,0.1699661965735674,-0.06202601564594754,0.07723950118977663,0.1401243230308998,0.2096266383202145,0.2544562074437221,0.24789366330522586,0.18410487614346552,0.21876066139682745,0.11586651046272009,0.08720208252001284,0.21017560112665998,0.16462569601918461,0.157632491748298,0.15898638757392122,0.08914201377731941,0.15672899553173508,0.16085817063778102,0.1491347519914576,0.13353916444748662,0.07261841726263991,0.10561522865277682,0.012601384666024994,0.1968362333468073,0.11069789428606527,0.10336115888255226,0.11986069479125329,0.15129269895975417,0.13750562137492275,0.17930874587018192,0.008069176769834562,0.2761844473189805,-0.05420111425671432,-0.0585490665814431,-0.16821556341567234,0.139394761085381,0.04495493188004613,0.005577041738987905,0.07922196351190292,0.015605362396381604,-0.07496897698429944,-0.09231137344911812
0.12135090913871432,0.15859419982287623,0.42510631027977636,0.1757047333453246,0.08412566699555753,0.1272758510106943,0.1456172681334342,0.157797596474728,0.13679325708657727,0.7526912144038364,0.11032667763062048,0.25271697268498167,0.13876255375289048,0.20380720848807352,0.188376568962534,0.20395525483609828,0.2045553990992092,0.23988874699276777,0.03246253926432221,0.17843682928876076,0.15189916421031083,0.22941398228893708,0.23369951146005455,0.18609930011612197,0.22724171296469434,0.2160402241021435,0.20721113339872557,0.19704254855758507,0.199854766636307,0.24336750674386462,0.20643703106750833,0.23903006758388676,0.10512414959405725,0.33142589808105966,0.27243993797589255,0.22282182561689426,0.17946688243810044,0.1563396068468521,0.2880043217672056,0.1113128477579767,0.3718790012743609,0.1568884348621545,0.17532214682448913,0.25173289843829416,0.27116680120923226,0.15935174450668843,0.319759187284042,0.022435413611439605,0.19451883574771253,0.025706204815824467,-0.0850209010778948,-0.0258272771568574,-0.03116184602832489,0.09163307263141503,-0.04223558599618536,-0.015664322451739945,0.17430726879848848,-0.047752178912001335,-0.10711663501061175
0.11650715531047563,0.124807253121639,0.2089755983742771,0.20686065842058698,0.17388165291976299,0.2268699426645056,0.18360172718720985,0.2266777459377483,0.11865867006116855,0.11032667763062048,0.492161701846826,0.23137945917689498,0.20830360366855039,0.22800275100076783,0.29319941478760747,0.22397546624685025,0.25900781601383766,0.2100528795424974,0.06833351798447564,0.22754858062853905,0.1735653689205155,0.271067373902764,0.2535244848010653,0.2165193855691494,0.25530683099350404,0.22892272509771266,0.18657353127732434,0.18642449628049376,0.263885114953694,0.2379061836959311,0.16686928372579987,0.22542769914556954,0.12159124967509381,0.2554649145452359,0.258513917638365,0.19397588843189684,0.14975760645905756,0.1293921949752581,0.22890843482078244,0.05779613690533502,0.2401051064778325,0.1768697293396033,0.17183453999427148,0.1615061913573407,0.1379863637746987,0.15813017670166007,0.2370381419417166,0.01396859365762029,0.2248955629435542,0.07830281343663552,-0.1492305473776788,-0.07970225695746207,0.04774789583861824,0.05957199035145852,-0.035224057037802826,-0.05005940881277222,-0.0027707710481664665,0.056621830469898174,-0.061204815896032154
0.13115932905278985,0.1344234902163236,0.18738642270469696,0.2447192048189597,0.2050887115978117,0.2162065182569779,0.2328858515290023,0.07516124171340352,0.13040188585965226,0.25271697268498167,0.23137945917689498,0.6005373828717194,0.11140173252470584,0.30516872758490926,0.2253899745455694,0.27155443569491755,0.192292827157675,0.09030050718632344,0.06691806470908891,0.2379730150158094,0.1217163370789642,0.25468574763587176,0.1514150096120929,0.1867946480560703,0.2905315263571602,0.16144480768302058,0.2574306418887839,0.13201321879472536,0.21846858498955266,0.2595288574675058,0.16190001481098007,0.30010872355385665,0.07476676108821144,0.29112246956481447,0.26663801625763317,0.2156650166379689,0.03630493942313423,0.1376359122530204,0.20299816265360343,0.06282233013288686,0.20319560732688935,0.15890118615148263,0.19315627638250651,0.20659856449456518,0.1451878179500586,0.04672223069042497,0.21421881594151831,0.012789094725869676,0.3249299603906294,-0.07497436119371302,-0.24673431250101263,-0.020624046522006362,0.11492599527872925,0.10784955324591707,-0.042401061007985456,0.060877017899257105,0.04454889009660987,0.06478315675982121,-0.18998752011626732
0.09692956291549895,0.0650911543670258,0.20046080459209642,0.19320263421923928,0.16600245814857395,0.18083095385792666,0.15847188352218874,0.23339617401376367,0.11289632485356424,0.13876255375289048,0.20830360366855039,0.11140173252470584,0.37284805379582325,0.16885611486148,0.11980615049121221,0.15116435559789126,0.17196839683171367,0.17892871638676508,0.10112338390893831,0.10385528041676591,0.17259493270339094,0.21019272902098568,0.24679788913103365,0.2048222780314424,0.1691027933111318,0.19237727001578783,0.12005846144025606,0.13695185526411482,0.21357586602240386,0.16687538439566185,0.1298154209805214,0.16453870556161881,0.14859800931537448,0.20389114156593777,0.1391101252025432,0.133092912320263,0.16293972271470603,0.09559222310990091,0.23279110721147978,0.028637216156630552,0.19203747722531814,0.11762075432090568,0.11091647400185109,0.18283016167332375,0.07779773186981928,0.10549926616332854,0.18270691648534237,0.009772819231515177,0.2292637243716523,0.11893952491097617,-0.03333266821412065,-0.028899320658203647,0.017249450876156345,-0.06250497323026101,0.0010970360140176343,-0.06979053172844353,-0.06485905844255707,-0.042120115553650396,0.11773349513443437
0.14681293532473735,0.0925208846991072,0.12524756114377175,0.24591827688119436,0.22853636667767582,0.23288389239772184,0.18152723545254223,0.18828893766359883,0.17422241014848247,0.20380720848807352,0.22800275100076783,0.30516872758490926,0.16885611486148,0.7107984463178114,0.3423549509142155,0.402153491340388,0.282600486544899,0.17086384046884665,0.07118634643296345,0.21641302766275883,0.06989415890939944,0.5653207061744273,0.2589496770265015,0.3296638099226055,0.3216373395017102,0.4571954616462508,0.3031100185241476,0.21743486689796365,0.13404728150929213,0.3459335259354208,0.22397571530195967,0.5879986361206534,0.1081780816714807,0.34206268194240463,0.40417794448875793,0.37724582798263373,0.058916020266509765,0.1757100098275565,0.30423016846561296,0.14290847436056775,0.4952844598619669,0.2619859181806714,0.16685967603144702,0.3913314067505096,0.20032390328064711,0.09339827000404871,0.2937417117321497,-0.0062442068406317235,0.7408809591635288,0.08317256070433807,-0.1482387533747086,-0.2836610313454543,0.09818434046636557,0.141506554416843,-0.10580448325179816,-0.04092961748450493,0.22436405547720906,0.0174831176540736,-0.1530970316106064
0.13724033968571453,0.2757646532201482,0.2711706977045085,0.20166886219723731,0.18694150867357132,0.2543125823833183,0.1355242213569842,0.17922543780572658,0.16413784240522686,0.188376568962534,0.29319941478760747,0.2253899745455694,0.11980615049121221,0.3423549509142155,0.7451640226500715,0.2663966737278265,0.2936720243217922,0.24954527446636257,0.10335939991593149,0.2619719823877981,0.06006315197733708,0.4582041768615754,0.28682462336158643,0.3311302188515695,0.33274911342581204,0.3405988598123441,0.24818476991515503,0.2971478869047003,0.37134084685660124,0.2535823276419845,0.23276850914059402,0.3297406148103824,0.1762302981257793,0.3253862034362087,0.2971971636696564,0.242389595767695,0.24525514735788842,0.1433735605933557,0.33521612489126,0.04324248343813912,0.307342347096608,0.21715616614503447,0.21527094089628465,0.18611550599829765,0.07994693372822181,0.1836007118794157,0.26926621827715447,-0.0024874874658467436,0.5864524568529906,0.24972909644014152,-0.34609546129175195,0.16817751764316755,-0.1793268304759121,0.02803440456043677,-0.022273109178434277,-0.01713297247058346,0.03273791745533233,-0.01520729943393241,-0.049713010784801843
0.14026285569699956,0.1279482371335712,0.0886615466686708,0.2543484670275754,0.2744568369367586,0.20466789891341639,0.2073075864467777,0.16820762777464252,0.10930755958640807,0.20395525483609828,0.22397546624685025,0.27155443569491755,0.15116435559789126,0.402153491340388,0.2663966737278265,0.8228002718969325,0.270067886653659,0.1571430907346285,0.11621864118761242,0.22943990892793653,0.13748201304239327,0.4050722504722142,0.09093909008481911,0.22339197971870836,0.3156405844536876,0.2808647429741038,0.28680423676070155,0.24518598038157532,0.2769444921035152,0.4132036012370882,0.20168813224511842,0.3877017397748201,0.04057813404597434,0.32621058187420826,0.48100073815241945,0.32154608325744,0.14453018632183764,0.1597214722357942,0.28415133782535185,0.19188133175784458,0.4532676165652148,0.28031338507743253,0.24772230415824747,0.23008206043399834,0.25894886511430126,0.1251081550114126,0.31773103392900176,-0.0008155395357935172,0.36340854719722504,-0.09891868878567744,-0.1480797074893769,-0.12874684282208163,0.0961952470982201,0.13973750404159757,-0.018903835648787226,-0.026334237757107425,0.02663556442766509,0.05126210168184842,-0.05487299994601774
0.1445868055748105,0.18743322893705774,0.3334827042685087,0.2225013217816209,0.16796315603585488,0.2621797265639098,0.19161509633484794,0.2733711801719072,0.14913070856020436,0.2045553990992092,0.25900781601383766,0.192292827157675,0.17196839683171367,0.282600486544899,0.2936720243217922,0.270067886653659,0.6247541758767943,0.2457422335953153,0.13220273088605203,0.22100047924048044,0.12069645731946474,0.6156465070362396,0.3322924053980603,0.27537383942863436,0.2690053771552378,0.25646732980965337,0.21425885251511576,0.44439161922887227,0.18641243250729134,0.33045276815461405,0.1936583363374726,0.2794117541422437,0.3659077118801,0.23302105470324214,0.3333580248978971,0.2798737108169872,0.2806811440959838,0.2184318575850212,0.229818334369536,-0.011661467048007055,0.34222635920132805,0.28009687128365013,0.1596533549271125,0.3446390919865858,0.1480353681629782,0.20274890327400025,0.340106495283331,-0.007548858812151489,0.47646866774701563,0.31157019910455136,-0.10033435160431478,-0.12667550935447364,-0.10717215539293523,-0.019796986063340166,-0.12631027820610297,-0.09980277892335059,-0.010964468114435997,0.09827166855057332,-0.0980021304254303
0.13199993667078694,0.15360060036010334,0.2786864552090785,0.2596825153417166,0.20304773101757415,0.2223927785198614,0.20527322272065554,0.3200223763626061,0.1699661965735674,0.23988874699276777,0.2100528795424974,0.09030050718632344,0.17892871638676508,0.17086384046884665,0.24954527446636257,0.1571430907346285,0.2457422335953153,0.847226674679504,0.10582392721950938,-0.09466502595756165,0.2500175544061954,0.357426005468311,0.6432009102234322,0.28830706005542406,0.24724314168714798,0.37942678076159014,0.0772904141584451,0.25692468182504397,0.3351301365451423,0.16447964407593046,0.240811046517549,0.1941882989316486,0.2745486437814096,0.305879487327505,0.15265531439394575,0.21234547409941892,0.16883093367274704,0.11188920963670201,0.3263398829057119,0.10679033757889031,0.35640687911574787,0.13571151083757896,0.26543633199263633,0.23952147111592792,0.3964457900576651,0.16827639160866317,0.47839617904366394,-0.001960618596845496,0.2395208883799042,0.45254177628166337,0.1344111952816052,-0.3319157976854129,-0.21742650914242656,-0.03240931225573177,-0.014400679418374165,-0.06399125733009847,0.06457571484517946,0.2984750965952117,-0.37997848871363465
0.07113948633042659,0.03290385618910986,0.1400042540755057,0.116068224545343,0.24679746530623548,0.20526835455319092,0.053010535216195274,0.20389646993171612,-0.06202601564594754,0.03246253926432221,0.06833351798447564,0.06691806470908891,0.10112338390893831,0.07118634643296345,0.10335939991593149,0.11621864118761242,0.13220273088605203,0.10582392721950938,0.681456355584743,0.09180599508401184,0.07470913766162515,0.22197655883256173,-0.0034548014543320845,0.06701429273816652,0.05596067752148509,0.030588984979214636,0.05305727096549747,0.15875050124197596,0.08015921456002938,0.06163105485299409,0.09857873512341665,0.09260959262137476,0.18126946775500588,0.11333554282401938,-0.04925904895881992,0.1408626511578318,0.18146306755787772,0.15906474924331945,0.20794922877162886,0.012440029333508282,0.1027100879732752,0.08358758481078288,0.054507921345517414,0.15354576543112108,0.06752205078763626,0.14304110505789816,0.09868542863269514,-0.00405985753571222,-0.015614761776857316,0.061591734632495176,0.22093801220967277,0.2569679528901054,-0.24009153011739567,-0.1975945018390767,-0.04142280305453582,-0.0886687803684206,-0.01730323261979114,0.0811106316411587,0.028043724265919414
0.09652485347349304,0.09582353341915269,0.21977307015321645,0.13843446365611367,0.12732152724113632,0.22880241662611542,0.13508176631440277,0.17972008195498984,0.07723950118977663,0.17843682928876076,0.22754858062853905,0.2379730150158094,0.10385528041676591,0.21641302766275883,0.2619719823877981,0.22943990892793653,0.22100047924048044,-0.09466502595756165,0.09180599508401184,1.8641489112224372,0.07295917763436958,0.1282995256400068,-0.09337159795806012,0.1326024747533707,0.2768132034765125,0.3255977438439303,0.47480858957255173,0.4149122656013638,0.1058533989716183,0.3018528686101761,0.2278381397546691,0.19475421869025783,0.39962875927756764,0.286641156367154,0.35119722773170625,-0.07156777882094116,0.5124227006557308,0.18430330639767636,0.6832725725758826,0.16346410294579064,0.21985023762583403,0.17600212797057038,0.6298378919476625,0.23058627984954627,0.7113913784314667,-0.2779857362783955,0.1854140502904447,0.0883837985425698,0.8450805651507295,-0.0973180762412656,-0.4869846906625706,0.34316021100721533,0.0651099643807367,0.06760998514170712,0.04481794346557344,-0.044635400882438774,-0.06322637648989186,0.049543147739389726,0.05035587110137966
0.12964080756514862,0.22794846758146348,0.18190861686767829,0.14125786614557634,0.09009097840381602,0.2233900472511582,0.1715672366900967,0.25893907691142,0.1401243230308998,0.15189916421031083,0.1735653689205155,0.1217163370789642,0.17259493270339094,0.06989415890939944,0.06006315197733708,0.13748201304239327,0.12069645731946474,0.2500175544061954,0.07470913766162515,0.07295917763436958,1.8150740642183696,-0.3793442627952766,0.019094787282348556,-0.2483653898839931,0.2410665863728693,-0.8886025790465882,0.0067135245648041525,0.05454966482944767,0.4895236802667297,0.9959274249897794,0.08003201906142275,0.043007583338368446,-0.07040671634891073,0.2846113210324523,0.3915460660225983,-0.020447606991574885,0.38454592267544346,0.23410326345575863,-0.16559338262807521,-0.2454362796878969,0.08686517718000625,0.12143758881454243,0.3889115480735063,0.34498368116097144,1.2578168605236573,-0.3343070919325203,0.6783561075197829,0.04873851334895474,-0.9512672180412803,-0.3439373870613801,0.035040151187787444,-0.10934813169332952,0.2705806957758983,0.12436270310758415,-0.0518934015747567,-0.07342449609094535,-0.13829143881332495,0.2841070341131387,-0.18587063082700842
0.18382185640071452,0.07738635425025668,0.40441770931441556,0.3447862314229821,0.2644032017251764,0.31520453557118555,0.26380307206110326,0.2995404090265525,0.2096266383202145,0.22941398228893708,0.271067373902764,0.25468574763587176,0.21019272902098568,0.5653207061744273,0.4582041768615754,0.4050722504722142,0.6156465070362396,0.357426005468311,0.22197655883256173,0.1282995256400068,-0.3793442627952766,2.406520861831999,0.699186615735236,0.6030239937890617,0.45925442405926203,0.7465312565449428,0.4013392365449836,0.4535155770305741,0.22989123018718055,0.2467577787941347,0.277618385440578,0.6064216099990797,0.649553527526077,0.3213191263282457,0.25654885101271063,0.51276206837089,0.297031536577824,0.3992513257026138,0.5148306870600033,0.002402328681543502,0.5178949833642494,0.4005714114119204,0.06667065589937439,0.8731470786228731,-0.4974904857885051,0.5054465422843089,0.2937769985180115,-0.19588992115410062,2.4136237607171385,0.37360096694036454,-0.1622519220783373,-0.32238125275007873,-0.1320754317088708,-0.06545194346353486,-0.12413050367928359,-0.08114483096905932,0.06809726031714768,0.10862191786255937,-0.18709934034811349
0.05800248300789316,-0.27375162987517737,0.34256865515711105,0.3165011717423956,0.21096515181321462,0.21569853910280123,0.24643626234031416,0.2898729576868105,0.2544562074437221,0.23369951146005455,0.2535244848010653,0.1514150096120929,0.24679788913103365,0.2589496770265015,0.28682462336158643,0.09093909008481911,0.3322924053980603,0.6432009102234322,-0.0034548014543320845,-0.09337159795806012,0.019094787282348556,0.699186615735236,2.1587587917207443,0.8506246593970823,0.5166339198295097,0.3273394178908082,0.05983140395805868,0.3704024385346423,0.9328027788251089,0.37278100518658774,0.07608638833025225,0.20108465204887546,0.5384547630243302,0.45599728581778226,0.21962448659576486,0.20887977682961878,0.4311193769092532,-0.09903795695238413,0.6457783471433451,-0.058006644188020415,0.32136683146398465,0.1312179418978047,0.12540448071318833,0.3019336721676708,-0.3039349877355115,0.4331075520956453,0.521499146142028,0.00022551642093366698,1.0709393305975925,0.5523103583044021,-0.2139586007845579,-0.22175207594732815,-0.03626696817424923,-0.05892221483077714,0.09111364099503413,-0.06256303032143679,-0.1100297734507022,-0.04653962785287046,0.04098527778898676
0.0347548661913962,-0.12152280576115977,0.3225654983577911,0.26919802947358584,0.1795393747486478,0.23657557070102514,0.19052604806381157,0.20641938668880544,0.24789366330522586,0.18609930011612197,0.2165193855691494,0.1867946480560703,0.2048222780314424,0.3296638099226055,0.3311302188515695,0.22339197971870836,0.27537383942863436,0.28830706005542406,0.06701429273816652,0.1326024747533707,-0.2483653898839931,0.6030239937890617,0.8506246593970823,1.4071375030280968,0.4085804988203652,0.3249197242109064,0.11723291861543722,0.32323360679941066,0.9125087346025674,0.3915853766501583,0.3314134087821207,0.27959540707582164,0.5208006106252231,0.19310095462897126,0.13775037927803113,0.5159408180149392,0.3661046994127362,0.043047462556716196,0.42086113984926693,-0.06350498568765009,0.20593911623833233,0.1865803619729975,0.03683293752578934,0.08206568196179312,-0.32728348761415743,0.32836451299678704,0.3342844394918216,-0.007292839366705108,1.118925202874289,0.2730937510950743,-0.3944095337214025,0.07135558313412821,0.04227687356568707,-0.0800364771743011,0.14242070808847893,-5.8657442135622064e-5,0.08904252417110711,-0.502866262290034,0.29804336465635634
0.11173313160479413,0.11463553256847991,0.2594647215069948,0.25220963390871465,0.19603389889545736,0.28604695919514894,0.20276255660138015,0.2564968010935694,0.18410487614346552,0.22724171296469434,0.25530683099350404,0.2905315263571602,0.1691027933111318,0.3216373395017102,0.33274911342581204,0.3156405844536876,0.2690053771552378,0.24724314168714798,0.05596067752148509,0.2768132034765125,0.2410665863728693,0.45925442405926203,0.5166339198295097,0.4085804988203652,0.9100239898604954,0.11344619410402947,0.2650798670286781,0.20560654522711258,0.9716047773830186,0.6174039173749462,0.2455815817554087,0.3002778852021362,0.15710251550035345,0.4831392947931181,0.3422958322103039,0.27374568630304297,0.35370406557596257,0.2249858510894698,0.3517947304742959,0.015865321391929744,0.33296046793257944,0.22075312760287283,0.3521039558625266,0.24641899762975164,0.21950452737449802,0.278237836963192,0.46560767194838076,-0.0027655907633486643,0.4201683563160109,-0.3244727918530516,-0.3899280399512596,0.13020500610112254,0.20481499931191613,0.1271709244494043,-0.03485490248083675,-0.02872634432777782,-0.011373038048817705,0.10971919679769725,-0.12477021178627701
0.08369090265825276,-0.0672695584603671,0.17670306973256697,0.2257064752746002,0.2421978496414554,0.16744558495181774,0.17481246071148193,0.19676647954136306,0.21876066139682745,0.2160402241021435,0.22892272509771266,0.16144480768302058,0.19237727001578783,0.4571954616462508,0.3405988598123441,0.2808647429741038,0.25646732980965337,0.37942678076159014,0.030588984979214636,0.3255977438439303,-0.8886025790465882,0.7465312565449428,0.3273394178908082,0.3249197242109064,0.11344619410402947,2.5750475613180708,0.3665024622855335,0.20445144540212182,-0.5039533333550885,-0.9040092953003721,0.32789173878619193,0.5317388824070879,0.08897955602209213,0.36975128035491106,0.24537385906633652,0.25018718449892363,-0.5034576368998293,-0.04252573867289601,0.7773621036639263,0.7751831571491506,0.9683041934790145,0.27092110964164645,0.14520162637794765,0.22208734266721714,0.3657649684850695,0.09161404211993548,-0.2591977309842501,0.014264535794331165,1.7068221703943498,0.5440770239456404,0.22796059617815811,-0.5133822308501358,-0.3265813577656238,0.020847614543237306,-0.13856573348626466,-0.03652950187514972,0.16154679701879437,0.2876491137914472,-0.35717876175787394
0.11421640793807415,0.19510516877639744,0.1477965822761463,0.15853918104538392,0.13475359298516204,0.18472384941996609,0.1547796462559705,0.1417911278225497,0.11586651046272009,0.20721113339872557,0.18657353127732434,0.2574306418887839,0.12005846144025606,0.3031100185241476,0.24818476991515503,0.28680423676070155,0.21425885251511576,0.0772904141584451,0.05305727096549747,0.47480858957255173,0.0067135245648041525,0.4013392365449836,0.05983140395805868,0.11723291861543722,0.2650798670286781,0.3665024622855335,0.8892430069469605,0.24101164880006415,0.04183288697004262,0.22763201441291275,0.23063339490735,0.3461090661918612,0.21441246032843658,0.2983655227545295,0.2948833081207088,0.3173942389750155,0.1293056088189901,0.1811899047256696,0.3244633715690742,0.16987724314356334,0.2881060985764544,0.22358095477287135,0.4692571455100303,0.22230703487875103,0.2504816661626629,-5.300778872873453e-5,0.16801563815017595,0.01510971968354077,0.6752923827467933,0.007112077597471999,-0.3132446315382741,0.09961415135231752,0.023626787820550943,0.07668488827318945,-0.007897353268598455,0.0018778586222816293,0.13873401883967887,0.08706525228198184,-0.17485502979350856
0.1506889736052893,0.11735120744647774,0.28713898403934895,0.11607629537327048,0.044691996287906204,0.2063503073668279,0.12588793460516773,0.2368276830616353,0.08720208252001284,0.19704254855758507,0.18642449628049376,0.13201321879472536,0.13695185526411482,0.21743486689796365,0.2971478869047003,0.24518598038157532,0.44439161922887227,0.25692468182504397,0.15875050124197596,0.4149122656013638,0.05454966482944767,0.4535155770305741,0.3704024385346423,0.32323360679941066,0.20560654522711258,0.20445144540212182,0.24101164880006415,1.6360038072350966,-0.2069384857140687,0.3192711046395642,0.23343469410639753,0.2449979472321783,1.0256409873380181,-0.005214499392796125,0.8287120614473773,0.14191220963751672,0.33560222572265114,0.06599172161921626,0.5287419609646504,0.020581755107524257,0.41134769542590033,0.18380307525408504,0.08456660713057751,0.38473647183601595,0.04351532244989719,-0.059846105818195355,0.3336108916492667,0.045421450826324095,0.5282251144743395,0.6023048575599049,-0.437978031271732,0.44227482905994847,-0.513950903373447,-0.04951629661364232,0.2621235437514684,-0.081237463855629,0.09501948813227386,-0.1609303412919265,0.1389798182412039
-0.026418497763644487,0.10688173735378041,0.38366753141214577,0.3231063003149603,0.2284978726269666,0.38353132928504957,0.18276975802444115,0.3163018763348598,0.21017560112665998,0.199854766636307,0.263885114953694,0.21846858498955266,0.21357586602240386,0.13404728150929213,0.37134084685660124,0.2769444921035152,0.18641243250729134,0.3351301365451423,0.08015921456002938,0.1058533989716183,0.4895236802667297,0.22989123018718055,0.9328027788251089,0.9125087346025674,0.9716047773830186,-0.5039533333550885,0.04183288697004262,-0.2069384857140687,4.178508012916713,0.997570829063585,0.028150910336279027,0.08495548855144708,-0.10539971115132174,0.8295114794377676,-0.2706180145860606,0.12735483808317768,0.7550340235788139,-0.14051555588155837,0.2132388763222392,-0.1324504179849825,0.05875784734007912,0.06022404825824205,0.2931252773546599,-0.8238769447039097,0.16457419465704096,0.8338030729579834,0.7168396270952634,-0.008006421614330454,1.192084122548926,-0.3858278269398462,-0.48634158435961156,0.452148524337708,0.18950549133638178,0.06799859978825942,-0.1487099530095871,-0.11353092006258218,-0.41508149193329674,0.41598591327520335,-0.03333618126468816
0.18696702136806365,0.17406819158263814,0.15328465989379447,0.2019780147959662,0.10664979925402009,0.28168124247256016,0.18291819108875024,0.2985614730893398,0.16462569601918461,0.24336750674386462,0.2379061836959311,0.2595288574675058,0.16687538439566185,0.3459335259354208,0.2535823276419845,0.4132036012370882,0.33045276815461405,0.16447964407593046,0.06163105485299409,0.3018528686101761,0.9959274249897794,0.2467577787941347,0.37278100518658774,0.3915853766501583,0.6174039173749462,-0.9040092953003721,0.22763201441291275,0.3192711046395642,0.997570829063585,3.0928620439687404,0.20502819040944587,0.28689639202805384,0.18413296937909798,0.04776566194239888,0.8716543047451321,0.2786588686560434,0.8831912749681257,0.5786165447587053,-0.09951603489766836,-0.20948071390576645,0.7095837027760481,0.4042254096396805,0.8571981674332314,0.96621150353163,0.8750018266049581,0.1211000736593515,1.451387968791224,0.047609242208259815,-0.2932942233075302,-0.540407116540182,-0.3129713117756432,-0.2456117189834679,0.5757822579437432,0.21563486905305085,-0.016331760939742892,-0.18456996081598415,-0.016719383152017576,0.3287616256053905,-0.24500924374461527
0.12070526633879669,0.10414476121494101,0.20733746421540014,0.1792593283495994,0.16232184584067091,0.17506326324444366,0.15590627805235105,0.17110232927373428,0.157632491748298,0.20643703106750833,0.16686928372579987,0.16190001481098007,0.1298154209805214,0.22397571530195967,0.23276850914059402,0.20168813224511842,0.1936583363374726,0.240811046517549,0.09857873512341665,0.2278381397546691,0.08003201906142275,0.277618385440578,0.07608638833025225,0.3314134087821207,0.2455815817554087,0.32789173878619193,0.23063339490735,0.23343469410639753,0.028150910336279027,0.20502819040944587,0.9564132430676614,0.2737455796231917,0.28971931158415853,0.1569162755670152,0.162288754321124,0.597296591160078,0.11278263652782698,0.3317033902220399,0.47295780588135555,0.1587957150971709,0.3724566664987179,0.21145794085318634,0.15903375009285697,0.3429178962994723,0.32947743198288953,0.06113846256504198,0.2605555286438177,-0.001180303459365755,-0.11202486762547102,0.17357625381257613,-0.14877678663524385,-0.021856283979446427,-0.047081668989747,-0.03683515209764113,0.06170268648064526,0.030158410024929947,0.22955957036808966,-0.24157740453023585,-0.05814610560485668
0.13659026445485686,0.1257999348923718,0.13642533608874033,0.2229124019611346,0.21758033278826916,0.23127304550973635,0.18517602229878682,0.18405441385250362,0.15898638757392122,0.23903006758388676,0.22542769914556954,0.30010872355385665,0.16453870556161881,0.5879986361206534,0.3297406148103824,0.3877017397748201,0.2794117541422437,0.1941882989316486,0.09260959262137476,0.19475421869025783,0.043007583338368446,0.6064216099990797,0.20108465204887546,0.27959540707582164,0.3002778852021362,0.5317388824070879,0.3461090661918612,0.2449979472321783,0.08495548855144708,0.28689639202805384,0.2737455796231917,0.8321839830859202,0.07331232321045596,0.39678561240820404,0.40451162852336886,0.43525355996264553,-0.029027501329946002,0.20731980551194823,0.3891555606662475,0.20079316399441308,0.5568228621647127,0.2661190479018207,0.1453575198409007,0.4308373641135802,0.2590749272580611,0.10025552765704848,0.2835200151955743,-0.014601431585259688,0.7386967190830095,0.06251083015478853,-0.11073289598097803,-0.09448641082560565,-0.09223672755888009,0.14373407833154903,-0.10318188232105462,-0.05672317276171545,0.4228402511436316,-0.025999246293756873,-0.284034095524727
0.12961258506341622,0.007142132844271202,0.30427400274140204,0.23657859157940062,0.10409305306469654,0.12180264181655857,0.15414929286159862,0.20806901423632676,0.08914201377731941,0.10512414959405725,0.12159124967509381,0.07476676108821144,0.14859800931537448,0.1081780816714807,0.1762302981257793,0.04057813404597434,0.3659077118801,0.2745486437814096,0.18126946775500588,0.39962875927756764,-0.07040671634891073,0.649553527526077,0.5384547630243302,0.5208006106252231,0.15710251550035345,0.08897955602209213,0.21441246032843658,1.0256409873380181,-0.10539971115132174,0.18413296937909798,0.28971931158415853,0.07331232321045596,2.566989397477384,-0.32014229808745165,-0.27959528250770443,0.02976022857122428,0.3732720538839833,0.28104037251689884,0.5568048197098128,-0.20195003129044795,0.11207629249072948,0.14369001307173365,0.12351699896114518,0.5607392790245509,-0.12579236746784117,-0.16096290633789628,0.37801783481349926,0.07606787061163545,0.5929040915497926,0.5884248964663737,-0.34965368994191826,0.15422288934055162,-0.10643352444434086,-0.333283627399254,0.11160124182005542,-0.1243597565466392,-0.18123221442726722,0.18890840831768735,0.021525358271855796
-0.11623485900311575,0.11782781079671344,0.2748332570537664,0.3115565022004164,0.3129195376832373,0.31003258611599127,0.22163089081668363,0.29171164536865224,0.15672899553173508,0.33142589808105966,0.2554649145452359,0.29112246956481447,0.20389114156593777,0.34206268194240463,0.3253862034362087,0.32621058187420826,0.23302105470324214,0.305879487327505,0.11333554282401938,0.286641156367154,0.2846113210324523,0.3213191263282457,0.45599728581778226,0.19310095462897126,0.4831392947931181,0.36975128035491106,0.2983655227545295,-0.005214499392796125,0.8295114794377676,0.04776566194239888,0.1569162755670152,0.39678561240820404,-0.32014229808745165,2.1425120632718673,0.3017784194596135,0.16557382700651746,0.17522807429255766,0.1339609656477296,0.46637099125574466,-0.06878099731927766,0.5371200271588562,0.2313590819087259,0.6769601608802518,0.49126133694692203,0.429210676688309,-0.05347063218553141,0.320612287497089,0.03679449120631976,0.7246807502460089,-0.07150610229923955,-0.2134017149789778,0.007717779215192903,0.017425518799467608,0.1145804084888979,-0.21770141737426954,-0.04344071067866637,-0.11436650856334585,0.20507520226432407,0.043007524141524256
