1.5997726393529863,0.14907285757536592,0.8626979801724336,0.13963564225009992,0.4218962926274817,0.1116881113051416,0.25733208466333446,0.23321836130322654,0.3334692380080365,0.22155981151373175,0.173329899292931,0.22761975318556307,0.1683098539436738,0.13752989272035188,0.24243301647734541,0.12045442172530559,0.08385482840573344,0.3495642910804508,0.24876210657791323,0.1531948999654181,0.12251717912301344,0.25107323321647523,0.37046452382663403,-0.019869119404984318,0.19608783506104116,0.1439501154099771,0.07502257866568206,-0.11413478650981472,0.24256141169910142,0.28572923559385444,0.2461665826656137,0.058032120735828883,0.14422119719183005,-0.34205915713439433,0.23322163541204544,0.3018097388204323,0.07540571603722643,0.11285410440507455,0.35545331647975215,-0.021226514884989615,0.11099385910684505,0.0674899031884875,0.08928045996149188,0.018460630249188634,0.2762011204164381,0.32758964989763406,0.1014973021180064,-0.2011719112021894,-0.0691430105112224,0.012352559271911688,0.02179291546025332,0.12078901173267295,-0.08812279825617333,-0.05387319110942717,0.030229374730683607,-0.03983322496235553,0.25579543266257976,0.16602586377776252,-0.6371369679348341
0.14907285757536592,2.3029988712329508,0.037342328737127874,-0.9024596579941855,-0.20836616820034695,0.4275310457264183,0.03071496320695532,0.0414291062876085,0.17262753278994644,0.09169920307933319,0.02446326569944999,0.03035028040784274,0.03120606115585505,0.006988177834921581,0.03204529056648652,-0.0024542304478447747,-0.06066008042866003,0.3902135541499125,0.0015138842839741342,-0.05698651368931705,0.15858417979468298,0.09060525559666141,-0.13922130168449168,0.02194288112626226,0.03207897889864761,0.09588911266383253,0.2239398320743531,0.33145355255993536,0.09034879259200602,0.0678408477192498,0.028709562466786097,0.026406987391505925,-0.03446774506420246,0.04696497651610334,0.26626004639995915,0.013795805537881664,0.26129194191749205,-0.02669873370232404,0.06469439758499236,0.08795728960852661,0.07480096636792752,0.09159063690073418,0.2112306845861578,-0.025668226838552057,0.28405366630826756,0.059444554640245735,0.113979030103419,0.018602613915759375,0.19510765072784822,-0.4087071680388003,0.35761473307056146,0.444848119787862,-0.2687559760714471,-0.041130576928819294,-0.38941661300536384,0.004936970231525384,0.07545122034205884,0.3348352354134125,-0.12373920695582485
0.8626979801724336,0.037342328737127874,2.0988855589333855,0.5484908340450265,0.13271493699408551,0.4452694841982902,0.157354667661354,0.520114694322916,0.6332109833484187,0.4157595226573894,0.34725424998011023,0.32807510595002853,0.31155866814812455,0.2994696441083706,0.3327254116968237,0.23292368445269418,0.3834519250770499,0.390256670980958,0.42755672816447104,0.47329668706781786,0.2590486510398878,0.4176169218967231,0.2761323918880567,0.2631510934792162,0.2884807204220724,0.34675387977023703,0.1441766680141976,0.11591772538573689,0.5304605224879825,0.1511156523497206,0.2697588640860972,0.21137862031322252,0.0634873913414488,0.16765251365578168,0.418332842850095,0.5174272363547444,0.29835270760976107,0.27389820599380216,0.49802208687267774,-0.12545850336333567,0.2913580946347845,0.22568342135883074,0.15805958026736502,0.021550091740458143,0.49684301329800373,0.4958791589261019,0.34456850405114237,-0.2764966730964265,-0.11747971403828442,0.1125077145720108,-0.02898566864735294,0.16859327458538362,-0.09893504582164751,-0.11642209760978725,0.009750335887451876,-0.07118787314925407,-0.002742668265896709,0.06422482835363043,-0.2760264306107742
0.13963564225009992,-0.9024596579941855,0.5484908340450265,2.9893926476794195,0.1894820364243232,0.6832619130589511,0.009300498752688144,0.41629766185236966,0.020335056156772714,0.035941863047978584,0.3034738928395436,0.4161174825627244,0.22664482060121457,0.32374725544519456,0.12153996830736855,0.3990524696759615,0.34545796566426323,0.02248060569237129,0.40569001424344986,0.48512222328391186,0.12182892264835202,0.18044666654153965,0.03121119000770609,0.20887547567410378,0.19375163239763263,0.317975772354137,-0.027304702503958136,0.1385901302239423,0.4543145458931122,-0.15468802199286671,-0.12349744182996988,0.4426400988113141,-0.031370515018059174,0.28613901379766926,-0.5341330141072159,0.172874280571578,0.02272948264420248,0.24568377236036315,0.13887757616132596,0.15152045996646513,0.08843412048345774,0.10505253896753285,0.2396633072050064,0.10587768044683797,0.04991841956079408,0.17128684726626897,0.19858411447590413,-0.09664250511663806,-0.04122472657563776,0.19600088715129355,-0.0507990547311595,-0.06392300653387588,-0.1088141464587172,-0.019987322289744015,-0.23106321592916745,-0.05557169565507222,-0.2519553709137987,0.356156837142575,0.06704477666885497
0.4218962926274817,-0.20836616820034695,0.13271493699408551,0.1894820364243232,1.434365769889299,0.03241236574267588,0.1729111161383472,0.3901905587377591,0.1797978294071643,0.11851730515955114,0.14479876088531415,0.1660107910479829,0.202482879588087,0.25503144636561176,0.22439390198053055,0.26767595723970233,0.20072463940221472,0.14123795905548395,0.4656222658848819,0.20059475382239395,0.13280791066031256,0.21077806736563284,0.10014442678791344,0.06356686592779687,0.17425034062639744,0.20537635045272007,-0.008562916217740683,-0.06015089933439875,0.2987808924601827,-0.002229213397820042,0.02938802823527599,0.1889210590847237,0.04101848835283572,0.2991623885693152,-0.14500315746387565,0.20217320041081183,0.16413254459645182,0.11380136763133049,0.17612306628178312,0.057136920177049376,0.17024241382726413,0.12791084346849008,-0.011151612122057316,0.014878283590003288,-0.11735808188704265,0.16543134314207433,0.16525160158104632,-0.06414068821396643,0.2876187318278699,0.22865857810613258,-0.08994622701808012,-0.34567059407811,0.1349382604896315,-0.003817899046444646,-0.022024268280106084,0.0008385519239147455,-0.08824138606128772,0.09649294845833868,-0.018627681882757804
0.1116881113051416,0.4275310457264183,0.4452694841982902,0.6832619130589511,0.03241236574267588,1.2393918369076111,-0.044409432931252525,0.41815528412901,0.34833697420241405,0.1357927066954034,0.27010900559717455,0.2616653492203818,0.25431009504961666,0.36276442618958415,0.18251065040506598,0.3353817038600754,0.37713017704899493,0.19043154431277726,0.6346462628029513,0.5056918258103231,0.2766222328579103,0.3114550775436892,-0.030448383431089274,0.2284313246591377,0.19404736798718575,0.45460165944946573,0.19932544800854324,0.19036691068233527,0.6026437038935878,-0.07387482785894295,0.07806355122290852,0.37950762251194164,-0.07612235609577518,0.4114010010718787,0.03291563058407149,0.13024418343156874,0.28630171743242727,0.2688535557265474,0.1949751414318012,0.17623114092392908,0.18820248410319848,0.2170124224684169,0.3199370845710476,0.04129563311783585,0.2009053228672965,0.2087825215741367,0.43820128876362935,-0.04117853243840421,0.41843293383311414,0.2603081727489221,-0.10037232803462709,0.04912536982499104,-0.17362341835160097,-0.048355498809177604,-0.27256541816871205,0.03925034745477151,-0.1611568427726737,0.3423993924013346,-0.055430379309527336
0.25733208466333446,0.03071496320695532,0.157354667661354,0.009300498752688144,0.1729111161383472,-0.044409432931252525,1.005927475858452,0.05343548279853292,0.3562594975286919,0.23336971006873997,0.22705687831637245,0.3136035850031219,0.25308574834816083,0.152413421459558,0.20022336332791782,0.21456706841711734,0.21039265284261435,0.28632960494480264,0.035092939545470145,0.07748399825216606,0.20077121378906082,0.2940839665705281,0.12730404373683432,0.2813431701108878,0.20404459020362903,0.1909139276525519,0.11364707821248285,0.03374121207689906,0.19676459456504847,0.24023587857899342,0.2074904552181053,0.03883997386901101,0.19536138627402122,0.3165151902031729,0.2181703763854066,0.28764336981349226,0.2620210727062121,0.06500691274717973,0.2862072073358083,0.004418892508791109,0.17507200159374822,0.16310090043076036,0.06516696925624443,0.023101600741576817,-0.07599574784489026,0.2658054677178108,0.1097955654984144,-0.05358589166918454,0.2616381308372528,0.0913178156777288,-0.09589644116027617,0.0020215098357088774,0.10960719124312258,-0.1692961398508741,0.17947011387354392,0.007591154917818868,-0.024383867499009913,-0.21794899844492108,0.11379250461702888
0.23321836130322654,0.0414291062876085,0.520114694322916,0.41629766185236966,0.3901905587377591,0.41815528412901,0.05343548279853292,0.9632133048947015,0.03856208088261974,0.18884740983908757,0.20199779008559232,0.05526153272329533,0.2554802852597181,0.30372684480442796,0.20823862874213553,0.2510651018562915,0.36776682136176714,0.09693901862269098,0.37837117229527417,0.4322866753185627,0.1799982785619282,0.13992265749331664,-0.1087190052815276,0.11401441183990382,0.23529957816598898,0.27482224547407375,0.1000215685223832,0.1825027368555,0.32800847630139196,0.03146255034421078,0.02993294432812585,0.22075419947748978,-0.06486886035250755,0.4074840427174162,0.221573175299814,0.08743882750240041,0.35280606828535915,0.22189672329471194,0.36497621641505895,0.06949187285679183,0.2318288488221601,0.1781065903196889,0.18181262507464124,0.028098705875482757,0.2454421770152086,0.1627041036892814,0.3959248957782155,0.0028198131813687087,0.3338399025767673,0.16089600995190298,-0.09599889528767097,0.00454016555504927,-0.03289145549569293,0.0032764519815076825,-0.38765958576941884,-0.03673706884004793,-0.0819476915944974,0.4900316441319793,-0.2182976847142175
0.3334692380080365,0.17262753278994644,0.6332109833484187,0.020335056156772714,0.1797978294071643,0.34833697420241405,0.3562594975286919,0.03856208088261974,0.9963309099390031,0.17718190112290097,0.20792517973682415,0.2345354854159103,0.284049129275343,0.280603211345354,0.13895943758482088,0.19618073412353995,0.24461494694005476,0.3130934164091637,0.27849612321215006,0.165160149547221,0.2150892075398359,0.5255454864422539,0.23457398162513224,0.27188963677652045,0.15060088481592054,0.2452767054417955,0.16084361669749841,0.03789298558005065,0.3757208402724026,0.15728921703971716,0.3403558985068336,0.12014763518599454,0.1461209655001382,0.17973452161680412,0.21170478422357353,0.36595265211487393,0.19974329618392447,0.12399119552678257,0.34352236661430946,-0.008987942788837362,0.15288824688460814,0.15536181749278843,0.05981237358755738,0.02029305429273559,0.09810619593903988,0.34026850800813724,0.21846248769864962,-0.22905778317106504,0.1789231617107139,0.06512205821603892,-0.06496513676550204,0.0005096622342257655,-0.03662670094891217,-0.05646284153280216,0.30854657631939064,0.1676347299794004,0.05291021607046325,-0.3286130863535699,-0.1822987763971531
0.22155981151373175,0.09169920307933319,0.4157595226573894,0.035941863047978584,0.11851730515955114,0.1357927066954034,0.23336971006873997,0.18884740983908757,0.17718190112290097,0.5786244441174453,0.14217878779643942,0.14996502494064387,0.15800783121495177,0.2080885377753791,0.26298694469822564,0.18195554801430458,0.2758446796087763,0.176842092847108,0.07858709132250583,0.2238411791437688,0.1735934168100578,0.17729337787437657,0.03418189904679175,0.16087212748576404,0.18652220702665928,0.16250980685021452,0.19439178446808258,0.07829045569373076,0.2044375937544506,0.2021041070061275,0.13642083497189444,0.11080348657540667,0.05170760491485153,0.30328893395359835,0.28592581366335856,0.19858619234551203,0.32475354816649477,0.1177127594074282,0.28298038571084616,0.08096963669379381,0.2657338517303763,0.17421895579901164,0.23716573882315659,0.015879611908443968,0.1711778891271605,0.21815333675304505,0.3334771439867458,-0.05550763612554079,0.2591266341413284,0.02891926717286599,-0.07159270079189956,-0.06732410332642798,0.08053805849741356,0.010327088341498643,0.01808467780956666,-0.11984044615184981,-0.02610510431507298,-0.04091369050749375,0.12954140153604213
0.173329899292931,0.02446326569944999,0.34725424998011023,0.3034738928395436,0.14479876088531415,0.27010900559717455,0.22705687831637245,0.20199779008559232,0.20792517973682415,0.14217878779643942,0.5935994533605532,0.3127149433029798,0.2542681722956337,0.22602032758640764,0.2771917764555959,0.27279785212363505,0.2819024977867842,0.18532679129546553,0.16632473549125978,0.30010255292393984,0.19791742119869232,0.22028589053667785,0.056262414120739006,0.23032311539883205,0.21901476289085214,0.25606866429851155,0.16004643944580565,0.049906581339566825,0.31454654049847014,0.10832755585853157,0.11546397942595653,0.1971253695673636,0.06674490889432372,0.27608385559975046,0.211750968724871,0.2181636632032511,0.23602892295742553,0.1680843625628078,0.2956231411673254,0.05530863549178768,0.16234040431537075,0.17659255671558688,0.15513718763396714,0.011850148704435574,0.14890695439449864,0.24165254135114714,0.2504283574209422,-0.06137891682962487,0.07457482485193899,0.021742236899016155,-0.10919013543551766,-0.06553376491367144,0.19502674710611267,-0.07753646662235275,0.05864901121677055,0.04229964447487801,-0.11112795497599061,-0.05717095652956391,-0.016952802028768886
0.22761975318556307,0.03035028040784274,0.32807510595002853,0.4161174825627244,0.1660107910479829,0.2616653492203818,0.3136035850031219,0.05526153272329533,0.2345354854159103,0.14996502494064387,0.3127149433029798,0.7279527439352025,0.2049161170007841,0.2142400081722348,0.07078684143371032,0.282721197190105,0.1688589093279217,0.3423386294116026,0.1828325756391171,0.13267475529029443,0.18049324797424832,0.250585567169912,0.19430899247342076,0.19387197172250314,0.24493281170095166,0.28897990152996417,0.08980323807147267,-0.00675722651654087,0.27611591639976635,0.07796870492966175,0.11938076938231759,0.12361156957488194,0.16314519260399807,0.1964510660220312,0.2522974799245662,0.17960940373102008,0.24781854151869864,0.08744709994148324,0.2376228399456662,0.06322684386362917,0.05776734805500038,0.157252738128698,0.17091020379413321,0.023010563152828917,0.06612884237955986,0.21238351427265603,0.21633282477949028,-0.05230739267785335,0.2616195944475925,0.1266479402251948,-0.07648015840553006,0.08895694764746963,-0.17515747844072568,-0.09391725400196856,0.03447927889379134,-0.06981130003504733,-0.10211618803891993,0.008039972985445315,0.0689543499106684
0.1683098539436738,0.03120606115585505,0.31155866814812455,0.22664482060121457,0.202482879588087,0.25431009504961666,0.25308574834816083,0.2554802852597181,0.284049129275343,0.15800783121495177,0.2542681722956337,0.2049161170007841,0.37779398352128934,0.22546108408489926,0.14187542207504317,0.24896355319482655,0.26245036340983224,0.1863383886951895,0.20264232824039974,0.23699248821548674,0.15591432983682377,0.2673014891517165,0.06338446689462265,0.18809115994525666,0.17490974988472083,0.19569286818551984,0.10748389709179025,0.0573300708054924,0.3224700652310338,0.10954321889600421,0.12502245181451557,0.14281719126352344,0.0705033674305329,0.2572004016966541,0.18095471941895866,0.18814065925859175,0.22816605065244777,0.1325687793131486,0.28266912289898805,0.04844553590533922,0.1625009838772969,0.14405302899689282,0.11814735723634329,0.023253138433961592,0.08177659472143015,0.2131023397675826,0.23613283008086217,-0.07797569166564787,0.20747008038541306,0.1383587859155553,-0.06746108459690277,-0.07975938702352155,0.013584577547746012,-0.04709555580023548,0.056162670260315725,0.03653360060454664,-0.07817131490513908,-0.07466630372091941,0.021125291924758167
0.13752989272035188,0.006988177834921581,0.2994696441083706,0.32374725544519456,0.25503144636561176,0.36276442618958415,0.152413421459558,0.30372684480442796,0.280603211345354,0.2080885377753791,0.22602032758640764,0.2142400081722348,0.22546108408489926,0.6740752587972064,0.2678288638962551,0.4219194199032562,0.39142128238693746,0.08550871401526501,0.27609022332810584,0.3191176624655947,0.2588703714984216,0.3065884225485596,0.035657279585837885,0.14851027429921582,0.20412584235342077,0.3377921429686396,0.12994144877695812,0.06966147427015931,0.4072969129458752,0.12862247161217624,0.1292209941255144,0.17845677157550402,0.0346841033036587,0.329121094477636,0.25968357481163995,0.1924090752660482,0.32085031277072334,0.17590691834410485,0.2142909084025398,0.09579399937068617,0.27350462787765356,0.22345921432639868,0.19147936434112445,0.021972900348747052,0.08881266522332495,0.20791365860591393,0.38640549304343436,-0.07519899479376434,0.5065740445868808,0.1080292340182269,-0.14728683577589333,-0.11798199726964567,0.0636688332546685,0.0358255853161626,-0.1712743775261188,-0.010549019525891204,-0.22023635523787014,0.2387854105879106,0.01842298686991416
0.24243301647734541,0.03204529056648652,0.3327254116968237,0.12153996830736855,0.22439390198053055,0.18251065040506598,0.20022336332791782,0.20823862874213553,0.13895943758482088,0.26298694469822564,0.2771917764555959,0.07078684143371032,0.14187542207504317,0.2678288638962551,1.1410112129816012,0.19602997226014754,0.27802718827131456,-0.006564345472298423,0.1916085905976076,0.27162335686752803,0.2122586031922837,0.11380842013984176,-0.18068930357097443,0.22234540320000531,0.25390956046109514,0.21975352398480405,0.23328808793861872,0.19178148184331784,0.2964497391671877,0.2228670212717735,0.04523505969787227,0.17463438362834965,0.04171503182624327,0.2624972531669351,0.23232629407187486,0.1841846698513882,0.21244737989988963,0.1406834614946847,0.2714423493785133,0.07680893858572507,0.23502785992796751,0.18834477742480812,0.194574626334148,-0.004781982531048027,0.1221278955766856,0.1749013198281505,0.24965080627032324,-0.0543064026466155,0.16924995881405444,-0.1565604673971871,-0.249306461638291,0.018261105415316038,0.33725476540408217,0.06789707743579546,0.05274043304967336,0.1123206874037449,-0.16310166397920708,-0.043221290645658654,0.008341413257620387
0.12045442172530559,-0.0024542304478447747,0.23292368445269418,0.3990524696759615,0.26767595723970233,0.3353817038600754,0.21456706841711734,0.2510651018562915,0.19618073412353995,0.18195554801430458,0.27279785212363505,0.282721197190105,0.24896355319482655,0.4219194199032562,0.19602997226014754,0.6890232608580172,0.3599356790683221,0.17337715597736889,0.26371006833878485,0.2450923893829447,0.25252491309734865,0.37300853001513834,-0.03823594750467328,0.17910442148291958,0.22462521108270078,0.2910854481884396,0.09783706215503345,0.1826235826909811,0.40946160373482066,0.1795012415436663,0.10012186771398303,0.19073698494125496,0.07624386075040458,0.32086818761100494,0.3196248995974021,0.1939814357083735,0.2932511345594783,0.14303189876551667,0.2659504306536897,0.09569504166478303,0.2286762475114533,0.2312068817299184,0.21673262995506193,0.021109864866419758,0.076021227311773,0.22503412611712675,0.34197791177830994,-0.08196199125493933,0.4013387070916652,0.041940517148124294,-0.1707372094104577,0.02244013994674632,-0.007501726548388464,-0.031409889798412916,-0.12523789313511532,-0.019583429875796,-0.21954960535024426,0.16820425010713932,0.06124403998060811
0.08385482840573344,-0.06066008042866003,0.3834519250770499,0.34545796566426323,0.20072463940221472,0.37713017704899493,0.21039265284261435,0.36776682136176714,0.24461494694005476,0.2758446796087763,0.2819024977867842,0.1688589093279217,0.26245036340983224,0.39142128238693746,0.27802718827131456,0.3599356790683221,0.9897063140361496,-0.006723398479351661,0.30069476864790073,0.4150173166796901,0.26659608856389777,0.28335733745021124,-0.00339194939407237,0.15641642077274392,0.24642012779342642,0.27515688626789414,0.24462522798265235,0.10184988026354619,0.43605784291818017,0.0988127536815458,0.12496936515934967,0.23760985488197658,0.16290346291274113,0.4328816415330649,0.20310397132676675,0.18705029721325164,0.4712288168978616,0.2291635644678378,0.28024209093311914,0.11532088536536561,0.3063658203889214,0.24369797450320735,0.24966478173772336,0.017088402746186976,0.1414601762383681,0.2786664018574952,0.5282124032199775,-0.028379979014552043,0.421142194881567,0.46638157213230547,-0.09629219872733857,-0.1840178126263014,-0.01045655646059886,-0.051521505075881,-0.10401395102167708,-0.01232832276681157,-0.20606871612838001,0.13875527889604045,0.051339085885447125
0.3495642910804508,0.3902135541499125,0.390256670980958,0.02248060569237129,0.14123795905548395,0.19043154431277726,0.28632960494480264,0.09693901862269098,0.3130934164091637,0.176842092847108,0.18532679129546553,0.3423386294116026,0.1863383886951895,0.08550871401526501,-0.006564345472298423,0.17337715597736889,-0.006723398479351661,1.1957297252554584,0.19122085148588983,-0.11273099353902231,0.16455574973381717,0.2812599071652421,0.2716859949346305,0.2874606262469572,0.14541348124085224,0.2860165054591078,-0.20228379064219595,0.02389915541232592,0.1891158762848157,0.06361947132377017,0.21935389062174168,-0.07459022003441783,0.1091391007629268,0.03549369511531618,0.17926785849741003,0.12522953765277103,0.26110819297925425,-0.046145448520041196,0.14676152845992513,0.0015568860596576338,0.011320218983918844,0.08531921349167115,0.20287721199733733,0.024562706812648067,0.26617345121001046,0.1884021234468549,0.1269093697232266,-0.07683394499706052,0.013033328368492487,-0.03641694240570793,0.30641260782379365,0.247151342220415,-0.45203991407366406,-0.1649450041874495,0.031440616750860906,-0.0006568578313749621,0.13366570612696255,0.008578142067017326,-0.21954157952044498
0.24876210657791323,0.0015138842839741342,0.42755672816447104,0.40569001424344986,0.4656222658848819,0.6346462628029513,0.035092939545470145,0.37837117229527417,0.27849612321215006,0.07858709132250583,0.16632473549125978,0.1828325756391171,0.20264232824039974,0.27609022332810584,0.1916085905976076,0.26371006833878485,0.30069476864790073,0.19122085148588983,1.2142569402782701,0.3292064142715136,0.1797860132042564,0.25238751074864313,0.054497847648095274,0.11734246603737038,0.11612888982037994,0.2685634207608999,0.04698285710408656,0.28664966842703243,0.37645737861613393,-0.022348387397603045,0.12617916190260073,0.23616454094577216,-0.02255561919729959,0.1860744689116462,-0.08301348460552316,0.2846405922295832,0.020494068434076113,0.18597556264350393,0.14548929425039633,0.08147977144047977,0.21018283632101692,0.13227587399000598,0.05830967981551884,0.021715143783494307,0.16307893117611566,0.23686115114614795,0.08609903633560685,-0.10960301610253789,-0.020111167611649484,0.15722553525326113,0.250736001411125,0.31352507056502726,-0.44572663600318957,-0.08184200686241758,-0.14696513869187278,0.0791349843917403,-0.0161331239062975,0.2469012932503053,-0.222886973617973
0.1531948999654181,-0.05698651368931705,0.47329668706781786,0.48512222328391186,0.20059475382239395,0.5056918258103231,0.07748399825216606,0.4322866753185627,0.165160149547221,0.2238411791437688,0.30010255292393984,0.13267475529029443,0.23699248821548674,0.3191176624655947,0.27162335686752803,0.2450923893829447,0.4150173166796901,-0.11273099353902231,0.3292064142715136,1.23946046693591,0.18861219055642242,0.10031568229222944,-0.09312915400746342,0.18754965562598958,0.15171179506807667,0.43011760405271365,0.2945653234166034,0.2275612835482456,0.4826324388387945,0.16190495466129542,0.1623007965125225,0.4995590355196544,-0.13180404323168904,0.47340107771156825,0.04468325352726446,0.3303579630524495,0.36102001462368594,0.6080606393347044,0.281866322987045,0.16516275939560843,0.4392136202407146,0.2716686838029062,0.29890360157599627,0.008590231968365107,0.4170479615706524,0.30827117515561486,0.3217142826775,-0.04383429449633797,0.19974469596241268,0.11970388038506234,-0.13884847764919833,-0.11688876487972201,0.2718063913021288,-0.0418503615200822,-0.06085572818206782,0.02870389269724758,-0.12324566318590224,0.09213466297222202,-0.0031626270553425104
0.12251717912301344,0.15858417979468298,0.2590486510398878,0.12182892264835202,0.13280791066031256,0.2766222328579103,0.20077121378906082,0.1799982785619282,0.2150892075398359,0.1735934168100578,0.19791742119869232,0.18049324797424832,0.15591432983682377,0.2588703714984216,0.2122586031922837,0.25252491309734865,0.26659608856389777,0.16455574973381717,0.1797860132042564,0.18861219055642242,0.5648698981031917,0.23266369767108272,-0.03226066929916521,0.16247533947362633,0.14696728506269457,0.43622572985730623,0.19324286287909795,0.2251618284321574,0.19423037977738453,0.1760342003984202,0.24656744482079956,0.12425055729617884,0.17556750075333133,0.310589076717804,0.34034699588956346,0.27612297068888364,0.38663864716355356,0.1195360974990179,0.13548840692192854,0.11203488446484977,0.3713138371617338,0.3299524952852046,0.266764680091381,0.013154043706957516,0.09853473494566008,0.27800005087022783,0.34465501468021253,-0.030540236095575338,0.3307545820451812,0.1869040555585294,-0.16285119150912494,-0.053167527650394654,-0.02009482448826363,-0.041548534136136954,-0.07904802783763631,-0.012259875258745114,-0.13591128413414277,0.10012759134562699,0.03307157795655934
0.25107323321647523,0.09060525559666141,0.4176169218967231,0.18044666654153965,0.21077806736563284,0.3114550775436892,0.2940839665705281,0.13992265749331664,0.5255454864422539,0.17729337787437657,0.22028589053667785,0.250585567169912,0.2673014891517165,0.3065884225485596,0.11380842013984176,0.37300853001513834,0.28335733745021124,0.2812599071652421,0.25238751074864313,0.10031568229222944,0.23266369767108272,0.7164021729880836,0.24940320520582848,0.19331468127480259,0.16905543857082717,0.21933373990164873,0.1585583154320485,0.016350422057243536,0.42388112294736824,0.20757126371581452,0.27266047699202667,0.19976650015814687,0.12804332421101886,0.24741969899176494,0.2520486529892289,0.38313213821280295,0.1930033858583088,0.09320625734889056,0.3490846136856988,0.04452379634217464,0.1932550666124766,0.18210350923503682,0.1354646755691895,0.03139221758457915,0.019460942829975035,0.3654848611812027,0.2972909700461741,-0.28120731493977796,0.3273846151397436,0.11357745150984883,-0.08722197555230456,-0.10640545299563627,-0.012116318929431397,-0.039227228418906586,0.10033283913710477,0.04954990860255668,-0.06335768857706654,-0.09313161905464908,-0.07446367025485776
0.37046452382663403,-0.13922130168449168,0.2761323918880567,0.03121119000770609,0.10014442678791344,-0.030448383431089274,0.12730404373683432,-0.1087190052815276,0.23457398162513224,0.03418189904679175,0.056262414120739006,0.19430899247342076,0.06338446689462265,0.035657279585837885,-0.18068930357097443,-0.03823594750467328,-0.00339194939407237,0.2716859949346305,0.054497847648095274,-0.09312915400746342,-0.03226066929916521,0.24940320520582848,2.3573888062207633,0.13451548819218348,0.2937519998096907,-0.247885551410064,0.2404107511973067,-1.4806419007874052,0.43114702805994803,0.30925969973458844,0.33996921549982195,-0.41367959536227666,-0.06890214434770273,-0.06901019010514196,0.09043059865646426,0.7206146647221167,-0.12370834754063262,-0.06085473497583722,0.3123644534346367,-0.03379482874156927,0.13331268612192818,-0.04845463716285818,0.04170182525120367,0.13466582659982673,-0.1282000452890759,0.39494130990785536,0.060032588128309285,-0.40261438220569584,-0.23455395009164717,0.05067315971990508,0.1496028767066179,-0.030844210161080805,-0.06506954923528493,-0.02527052666359974,0.3757216860112502,-0.04934242077740984,-0.0746727235212563,-0.35439381522497887,0.1580150315563856
-0.019869119404984318,0.02194288112626226,0.2631510934792162,0.20887547567410378,0.06356686592779687,0.2284313246591377,0.2813431701108878,0.11401441183990382,0.27188963677652045,0.16087212748576404,0.23032311539883205,0.19387197172250314,0.18809115994525666,0.14851027429921582,0.22234540320000531,0.17910442148291958,0.15641642077274392,0.2874606262469572,0.11734246603737038,0.18754965562598958,0.16247533947362633,0.19331468127480259,0.13451548819218348,0.9516365835986814,0.218718530615315,0.10692738566896211,0.16599788546638974,0.005960977507463601,0.20795487816610686,0.24289995081357624,0.16243333678960073,-0.03569083810484382,0.19525216201376175,0.00040012831502581194,0.08899260389692586,0.18495623924082893,0.3205702061562382,0.08935101583653593,0.31797772647811207,0.09934252943007739,0.09488742251312286,0.13481633686848282,0.43355957534315037,0.028683383447978716,0.21069099168900068,0.18690754059323927,0.156808253483008,-0.03345910010457253,0.23028046423273626,0.024554721098685256,-0.10179724194254629,0.057017687493869776,0.045650933390433884,-0.09369374232494232,0.39139414320593613,0.04789563759584587,-0.04458578500842304,-0.5044151997489187,0.3738012659691076
0.19608783506104116,0.03207897889864761,0.2884807204220724,0.19375163239763263,0.17425034062639744,0.19404736798718575,0.20404459020362903,0.23529957816598898,0.15060088481592054,0.18652220702665928,0.21901476289085214,0.24493281170095166,0.17490974988472083,0.20412584235342077,0.25390956046109514,0.22462521108270078,0.24642012779342642,0.14541348124085224,0.11612888982037994,0.15171179506807667,0.14696728506269457,0.16905543857082717,0.2937519998096907,0.218718530615315,0.7543703618531137,0.06791678223638357,0.20878174811329966,-0.16157316245712103,0.5214922898934623,0.2974175673918598,-0.13306740707888584,0.15787861421594893,0.09219385436274764,0.3324935793921068,0.2673954302407148,0.18356314205798005,0.29903252770253735,0.0946923870631302,0.447816705120673,0.050429139359104536,0.16887768682476456,0.141366129555067,0.25836002399267977,0.03552057056698434,0.09952794398428497,0.2653456309067217,0.3372021975993369,-0.08469302663986542,0.21879647324038276,-0.012801272742813336,-0.18336820904826295,-0.07596447652983807,0.14803486271870897,-0.016515310563353928,-0.0012272349918989874,-0.011256572621482455,-0.08331050759708063,0.012991266394214551,0.0195123112255792
0.1439501154099771,0.09588911266383253,0.34675387977023703,0.317975772354137,0.20537635045272007,0.45460165944946573,0.1909139276525519,0.27482224547407375,0.2452767054417955,0.16250980685021452,0.25606866429851155,0.28897990152996417,0.19569286818551984,0.3377921429686396,0.21975352398480405,0.2910854481884396,0.27515688626789414,0.2860165054591078,0.2685634207608999,0.43011760405271365,0.43622572985730623,0.21933373990164873,-0.247885551410064,0.10692738566896211,0.06791678223638357,1.5884712862933403,0.1798664614047747,0.3351303488495776,0.2436577439387956,-0.21231634085482678,0.1733484751867504,0.5082291231307812,0.24095291362876406,0.46156837664851696,0.3444668269557405,0.06191501092909422,0.0790978242853823,0.23487453722199034,-0.44853111264135415,0.1906064870537863,0.09284856468237385,0.3600161616440004,0.37265533105706916,0.005501159020402849,-0.06659357822428019,0.22400854543731114,0.3211216070889338,0.03673945264273363,0.29368919891863776,0.6142007294899814,-0.3279850279740494,-0.10266607809625951,-0.31779943174209946,-0.08230182594737974,-0.0750016665158791,-0.07204325957848604,-0.18934011045977392,0.148380244163937,0.0732468463333798
0.07502257866568206,0.2239398320743531,0.1441766680141976,-0.027304702503958136,-0.008562916217740683,0.19932544800854324,0.11364707821248285,0.1000215685223832,0.16084361669749841,0.19439178446808258,0.16004643944580565,0.08980323807147267,0.10748389709179025,0.12994144877695812,0.23328808793861872,0.09783706215503345,0.24462522798265235,-0.20228379064219595,0.04698285710408656,0.2945653234166034,0.19324286287909795,0.1585583154320485,0.2404107511973067,0.16599788546638974,0.20878174811329966,0.1798664614047747,1.4330716293713521,0.05860025753583372,0.14343250081203954,0.24924931457364696,0.13520778301146658,0.266120342492895,0.2134524848506669,0.2960799480076256,0.3184336675831157,0.5026910190441485,0.2832930675382835,0.15195645666610721,0.2491467631052239,0.24546335500262895,0.29933231162521623,0.23705299002985844,0.6488069063034521,-0.021878257811902602,0.14614678200556966,0.38580349252788615,0.21472714023677544,-0.1719259073777145,0.14728041616427812,0.04541467272114088,-0.23491699930553625,-0.04314673511080875,0.2190077396399236,0.05478585173604551,0.15555018353031036,0.012707469359656352,-0.06445600467137481,-0.19276261362874791,0.1262719846677855
-0.11413478650981472,0.33145355255993536,0.11591772538573689,0.1385901302239423,-0.06015089933439875,0.19036691068233527,0.03374121207689906,0.1825027368555,0.03789298558005065,0.07829045569373076,0.049906581339566825,-0.00675722651654087,0.0573300708054924,0.06966147427015931,0.19178148184331784,0.1826235826909811,0.10184988026354619,0.02389915541232592,0.28664966842703243,0.2275612835482456,0.2251618284321574,0.016350422057243536,-1.4806419007874052,0.005960977507463601,-0.16157316245712103,0.3351303488495776,0.05860025753583372,3.0960305471755585,-0.46403078142529935,0.13580602481969523,0.10133563492340762,0.46863089522640433,0.0449856712233765,0.10126062174522742,-0.024223126658219477,0.5908742733318704,0.06422273515481368,0.13656370092397133,0.011412214670679974,0.10398123202956236,0.35099451035786133,0.24622477557412809,0.25791533217582724,0.1452764716161751,0.3415061660012246,0.18543062263669943,-0.31371094255585724,-0.12855457079609295,-0.39634652172026186,-0.7008520779958941,0.1669022868296798,1.2633785583283876,-1.011060869735801,0.07208166814080455,-0.5366516534438787,0.10423113922190115,0.22690409966390412,0.5117821147061012,-0.4082485389807023
0.24256141169910142,0.09034879259200602,0.5304605224879825,0.4543145458931122,0.2987808924601827,0.6026437038935878,0.19676459456504847,0.32800847630139196,0.3757208402724026,0.2044375937544506,0.31454654049847014,0.27611591639976635,0.3224700652310338,0.4072969129458752,0.2964497391671877,0.40946160373482066,0.43605784291818017,0.1891158762848157,0.37645737861613393,0.4826324388387945,0.19423037977738453,0.42388112294736824,0.43114702805994803,0.20795487816610686,0.5214922898934623,0.2436577439387956,0.14343250081203954,-0.46403078142529935,3.067180942306244,0.4854470320516764,-0.3385400765103131,0.49688678668516884,0.008992023995449013,0.38188498248497377,-0.04580423200305633,0.4588202687649767,-0.8883451307433371,0.19862923103280108,-0.03874241301665593,0.08264990569635326,0.2616305948413869,0.06008770390891409,-0.07995576731929613,-0.134531765495244,-0.34539366806321353,0.4012912286839024,0.5580209105958245,-0.2753840019099191,0.7848850092357534,0.581427723070164,-0.46695453292991923,-0.4863587060086873,0.1216730223972031,0.00849294052285443,0.03341628987896511,0.009471708617691936,-0.3293554029360214,0.03602840526479161,0.2516197633912641
0.28572923559385444,0.0678408477192498,0.1511156523497206,-0.15468802199286671,-0.002229213397820042,-0.07387482785894295,0.24023587857899342,0.03146255034421078,0.15728921703971716,0.2021041070061275,0.10832755585853157,0.07796870492966175,0.10954321889600421,0.12862247161217624,0.2228670212717735,0.1795012415436663,0.0988127536815458,0.06361947132377017,-0.022348387397603045,0.16190495466129542,0.1760342003984202,0.20757126371581452,0.30925969973458844,0.24289995081357624,0.2974175673918598,-0.21231634085482678,0.24924931457364696,0.13580602481969523,0.4854470320516764,2.2724781951668755,0.4626388169696261,0.07645134924088877,0.21793137648012148,-0.16705523355086638,0.6395163797695268,0.6302105653263612,0.14311743173429028,0.0835114629662233,0.3934688508975151,-0.03406685852543666,0.5055555449743833,0.18969271777122065,0.6416652500462388,0.10937522637495928,0.4238051191882134,0.5229573935097979,0.2579751703162553,-0.29585791157234503,-0.17978637450162857,-0.18165402163999797,-0.19904039728478723,-0.049910178476310685,0.23957475500987982,0.031749362443087015,-0.02947822453267549,-0.024980040214180856,-0.0029308725457841485,0.23641772381637374,-0.07750662697335167
0.2461665826656137,0.028709562466786097,0.2697588640860972,-0.12349744182996988,0.02938802823527599,0.07806355122290852,0.2074904552181053,0.02993294432812585,0.3403558985068336,0.13642083497189444,0.11546397942595653,0.11938076938231759,0.12502245181451557,0.1292209941255144,0.04523505969787227,0.10012186771398303,0.12496936515934967,0.21935389062174168,0.12617916190260073,0.1623007965125225,0.24656744482079956,0.27266047699202667,0.33996921549982195,0.16243333678960073,-0.13306740707888584,0.1733484751867504,0.13520778301146658,0.10133563492340762,-0.3385400765103131,0.4626388169696261,1.843243527471413,-0.6185731607587506,0.27322533211084327,-0.042789627143391865,0.6138609299502473,0.39326942465797665,0.7926955580847421,0.1319364949053454,0.24664329909003138,-0.1527485653544251,0.20384356660757214,0.24458604433534847,0.21399266454433202,0.09434751364910092,0.4200332639996697,0.40096217933775885,0.24956132062050795,-0.18073363471330062,-0.3586556434420775,0.21872407417005116,-0.20511982906916865,0.3014016089707433,-0.2678132101033707,-0.063472819055298,0.49078228449987493,0.0840182061669534,0.40492504424714276,-0.4152310909444896,-0.305277992433573
0.058032120735828883,0.026406987391505925,0.21137862031322252,0.4426400988113141,0.1889210590847237,0.37950762251194164,0.03883997386901101,0.22075419947748978,0.12014763518599454,0.11080348657540667,0.1971253695673636,0.12361156957488194,0.14281719126352344,0.17845677157550402,0.17463438362834965,0.19073698494125496,0.23760985488197658,-0.07459022003441783,0.23616454094577216,0.4995590355196544,0.12425055729617884,0.19976650015814687,-0.41367959536227666,-0.03569083810484382,0.15787861421594893,0.5082291231307812,0.266120342492895,0.46863089522640433,0.49688678668516884,0.07645134924088877,-0.6185731607587506,2.722621110829502,0.09314843138443701,0.4320354914432192,-0.1941012292427595,0.16858026391428174,-0.7023526419631719,0.30534134553611475,-0.39618717307947826,0.24415880602946102,0.14985754107054244,0.16311867960168894,0.33549953773956037,0.005014789674671057,-0.05399846963085954,0.516510009074516,0.3585707381572428,-0.22989059977602128,-0.33804112441703527,-0.025269823954495244,0.22505435017262201,-0.38711510916675096,0.24018658827860967,0.03254478886570052,-0.23066268447835653,-0.021723653169844828,-0.1955964377304976,0.19182295794208606,-0.20216618485009405
0.14422119719183005,-0.03446774506420246,0.0634873913414488,-0.031370515018059174,0.04101848835283572,-0.07612235609577518,0.19536138627402122,-0.06486886035250755,0.1461209655001382,0.05170760491485153,0.06674490889432372,0.16314519260399807,0.0705033674305329,0.0346841033036587,0.04171503182624327,0.07624386075040458,0.16290346291274113,0.1091391007629268,-0.02255561919729959,-0.13180404323168904,0.17556750075333133,0.12804332421101886,-0.06890214434770273,0.19525216201376175,0.09219385436274764,0.24095291362876406,0.2134524848506669,0.0449856712233765,0.008992023995449013,0.21793137648012148,0.27322533211084327,0.09314843138443701,1.9831483222243917,-0.2798834218067257,0.07746476013840842,-0.3444334427581528,0.39451624971188826,-0.023849886146054596,-0.16237711716603173,0.005290369609525822,-0.31862480718663694,0.12720048102293907,0.4062623381233727,0.0460008271844821,-0.5015943440765357,0.26622285416256136,0.40298003187472003,0.22060439284803834,0.393634635902619,0.41742803643148746,-0.37219429853159586,0.07248662253936669,-0.1931398361551,-0.1655910028625426,0.250755414872055,0.007586198966362764,0.0051180197321235715,-0.24609410529539807,-0.03701103807798342
-0.34205915713439433,0.04696497651610334,0.16765251365578168,0.28613901379766926,0.2991623885693152,0.4114010010718787,0.3165151902031729,0.4074840427174162,0.17973452161680412,0.30328893395359835,0.27608385559975046,0.1964510660220312,0.2572004016966541,0.329121094477636,0.2624972531669351,0.32086818761100494,0.4328816415330649,0.03549369511531618,0.1860744689116462,0.47340107771156825,0.310589076717804,0.24741969899176494,-0.06901019010514196,0.00040012831502581194,0.3324935793921068,0.46156837664851696,0.2960799480076256,0.10126062174522742,0.38188498248497377,-0.16705523355086638,-0.042789627143391865,0.4320354914432192,-0.2798834218067257,2.0215210485211546,0.24406361992868475,0.15331491451983753,0.5892365559921184,0.21317649764091018,0.06451122345034531,0.11587052063122419,0.4997485200961598,0.3893207987189759,0.6222743109499502,0.10458498545029532,-0.11509275578128969,0.21404024244933909,0.6248711130961883,0.06080694170798208,0.41294999290078316,0.08771487294328141,-0.12416089758140415,-0.47194063239000295,0.4632226582606141,-0.03559138738867902,-0.2180877029196672,-0.008687147654953858,-0.4372003355494488,0.1635662761625699,0.4722917995048078
