2.5532255243438833,1.5837344038206667,-0.06337659726383146,0.031261321314978725,-0.10868328643327005,0.05978124497860487,0.22870256394404984,0.31364405548695906,0.10150453155177101,0.17601267742774926,0.23212158987749176,0.16018542978077718,0.1435560081208425,0.18965994088312513,0.1961987332721763,0.1329656251814087,0.2127479795762771,0.16621033364627638,0.21744353587922913,0.12813270340899652,0.14656357162525596,0.15124979898965357,0.213351564675832,-0.08607238648498686,0.2045323055506807,0.07221834384701455,0.42413622910554233,0.07341763951036274,0.19696841221911196,0.2647790621006244,0.3020725252818276,0.33029597003396177,0.19877820599234686,0.1654856521911106,0.23319185064019632,0.14407671472305306,0.3149320480950353,0.09998325392640735,0.30074422994157113,0.20622322501909301,0.020480130964405575,0.19034795043513764,-0.657586595370874,0.01223499415567954,0.2693285407906668,0.5845794064765791,0.029470496392264168,0.6140598634885259,0.5948869676778075,-0.08038289746607981,-0.04192318953016623,-0.06571356085987042,0.004732324952874974,0.034729372589220486,-0.06943382221303669,0.24371615763652182,-0.14238460696295777,0.5539418580121862,-0.08362763791131195
1.5837344038206667,4.95039277900515,0.680915262129027,0.5828926491802097,0.2878461827181327,-0.07455316600836312,0.10512415044290173,0.38014700740605517,0.2682064841911284,0.2986925570521272,0.27215629938990377,0.2485347242374664,0.34836895058433726,0.40766435035293513,0.3612784784195078,0.23103019320358303,0.3833247774615312,0.4173411898464775,0.33823015844547577,0.34537565855805125,0.36555280160431597,0.2897198480866042,0.3436073592937174,0.09934690771456013,0.2510052924444721,0.15949279198732727,0.26845938175162454,0.30018037690759736,0.19496533207891228,0.3295260952824714,0.36657506662617045,0.4234827876076765,0.32016946190483075,0.3520466801747283,0.23524161622721435,0.2432615297877899,0.3502175543100542,0.23691311196288495,0.23958682982420948,0.2998292111767691,0.052348560848642346,0.30751231194070816,-0.17290647753830182,0.2876541998418232,0.2414176638909165,0.5805321750844158,0.055295920915864154,0.5973782299086087,0.7223891666834398,0.09523718147862406,-0.3032523345223822,-0.061921197426792925,-0.016579025077619904,0.023261502449173025,0.25052044185486866,0.23070105307491195,-0.12598767320984428,0.45727873168811894,0.4301800245563863
-0.06337659726383146,0.680915262129027,2.1609894230462237,0.678604500298963,0.43234517589319776,0.1325485078280532,0.27678156507155055,0.25420859966828113,0.24928335274777358,0.24601117786981547,0.2062585522931728,0.20933089761351442,0.27674274242360386,0.26597660669841605,0.1501901369034725,0.24918677327096672,0.24219460929568884,0.29423556294539027,0.24357186092204508,0.30845847549461924,0.27515193990569203,0.2511326742580894,0.19612706551843961,0.28838437640006065,0.21904614694550173,0.15318957111403753,0.1676904820367068,0.3145893222609289,0.1635309230037525,0.1596055123437436,0.17483869850716427,0.14281730277469548,0.1864522304334183,0.25805086432323987,0.09904191818822292,0.16916832193473488,0.17017795645865835,0.18232471390957883,0.0397704967390027,0.1856290215182003,0.06022035904444619,0.18783255214987507,0.14443383447998343,0.3151521729964753,0.08419123079765241,0.28479755630231957,0.04405282280913872,0.39926530532250804,0.33165311764779265,0.0066333922715944545,-0.2287900574253994,0.03143605741925457,0.020427767224291477,-0.10889785456968921,-0.18250305906273417,-0.10073647272630869,0.21460012452914304,-0.054615862872444576,-0.06609374198725994
0.031261321314978725,0.5828926491802097,0.678604500298963,1.5972262129701846,0.4818355031714833,0.24412811095065126,0.3065534799538338,0.26642276913602925,0.32414814134779796,0.3172759910453346,0.22436209805213816,0.31054712642752336,0.28299012280398256,0.3253634092628486,0.2619675581642145,0.27932682401155673,0.3115762169363484,0.3284553522428248,0.2909116045691619,0.36444601154608797,0.36350510302081995,0.26773373179615273,0.2293755041969911,0.21207966060908048,0.18968188822079315,0.15149586178905597,0.10135967477416434,0.30805033727373077,0.1536076732545421,0.12929213399970968,0.18897237087350172,0.20346961102263017,0.1956527937737107,0.23960447640898988,0.1205978281831672,0.17518196806798908,0.17902676151075617,0.16830479239256307,0.06440996157552907,0.19019108525981013,0.06586875576333004,0.19197201122127758,0.2104513110762707,0.3009140517171841,0.06425028142937199,0.20846725816826006,0.04751847416729839,0.23582374346614352,0.2818241652545213,0.08490303073737365,-0.18930457890002667,-0.11702856237584792,-0.07579814328983743,-0.03538575129256918,-0.08908233542657192,-0.031530922610076756,0.17242532183552298,0.018551960511626577,0.025313134167986966
-0.10868328643327005,0.2878461827181327,0.43234517589319776,0.4818355031714833,1.2420315124842138,0.14807613363283292,0.2673762729803046,0.12413002827314355,0.34409680768359746,0.24846485754724948,0.2923800796893575,0.21755056727310235,0.22258567340010255,0.24565470811237833,0.2085254365335663,0.2248511919121508,0.20342666906617674,0.21024452062426072,0.18979684796922552,0.2218345806274233,0.19090917367003843,0.18694753972104364,0.18428389437855036,0.18097586167106955,0.13527446024786216,0.1449946515869542,0.08182563724062275,0.19900418900850733,0.11921127777784654,0.10297487690878342,0.16763605670250528,0.16355312327472965,0.14974440306242573,0.17999062411903205,0.09396622287688226,0.13296400038940293,0.15327421394943236,0.12822479447097368,0.052332256179075415,0.1436340928779044,0.04397482537389887,0.1386083082483718,0.21566057551175502,0.20654708921222908,0.044675544704945704,0.16559780216700848,0.03758956382776279,0.1589013896148234,0.18688211584628495,0.18659557739697083,-0.09435413690261904,-0.06155707911960794,0.0028102102607854168,0.05090663640695904,0.24003461039351526,-0.11011012730984598,0.20966517799270445,-0.13126532810020908,-0.007239730506513765
0.05978124497860487,-0.07455316600836312,0.1325485078280532,0.24412811095065126,0.14807613363283292,1.4480266668507096,0.4246731903235266,0.14110138664574945,0.1697792238210065,0.4585051954215854,0.2935903640827541,0.2301757147056701,0.24481268963720998,0.27448869837714285,0.22799019589754355,0.27181338773519653,0.22049412576848434,0.2604438309270194,0.3012684137928348,0.26030603237336525,0.22302607310397765,0.20565251797110792,0.14444897915021324,0.19640611251545664,0.24853529495384072,0.2187362303994807,0.32254720346685123,0.2412718889789199,0.2122552708018154,0.22128513478004158,0.17225751246076573,0.132752141332171,0.1853942933969909,0.1472341781797828,0.1675243927225302,0.16356178233344298,0.18785251249790588,0.193208618557993,0.07925740738843443,0.18963207770902504,0.07586926348539204,0.16772453266016837,0.2692121636314613,0.24451826611498192,0.11940554014544401,0.11457366420947947,0.04776897115589684,0.19115102133886197,0.2239037271701725,-0.009073306591199915,0.08485121205508939,0.06901511385064447,-0.132009667331197,-0.031698162628748354,-0.05188752029557519,0.07449379963672272,0.10851262732007168,-0.2355849200522504,0.05825717794063545
0.22870256394404984,0.10512415044290173,0.27678156507155055,0.3065534799538338,0.2673762729803046,0.4246731903235266,1.2532016387004028,0.3024259446726394,0.2575428905863038,0.31202703664262355,0.331172690024475,0.29225084542967367,0.22240373701350452,0.2685893740307336,0.2670419456313067,0.3272482200375622,0.24264124318461017,0.21815734630718717,0.2806854832992721,0.23919679071501493,0.10879512439528437,0.1905839018674939,0.1929250399217409,0.18922031411777462,0.22015723745599516,0.20036658979523556,0.17470053176160064,0.23943522324081384,0.1776227173531191,0.22585666596327506,0.2129188995535659,0.2131571008437632,0.18488853593864027,0.15553292744923222,0.154692858982414,0.14537083807428083,0.2170953412390444,0.14847112468531282,0.10139081931966722,0.1667994940394571,0.04989333157890477,0.1545719811754579,0.16310426078441714,0.21862701978893945,0.13106558887917139,0.31063410323743024,0.044538369277310495,0.2890671979450571,0.2671054748459814,0.05709916088688455,0.259755483667628,0.07743790182014441,0.00867047498569299,0.06235349635275979,0.3449509842546482,0.0034209653406949998,0.13385263031695122,0.02967638065178067,0.02070171143349753
0.31364405548695906,0.38014700740605517,0.25420859966828113,0.26642276913602925,0.12413002827314355,0.14110138664574945,0.3024259446726394,0.8893403981797308,0.4564915922303008,0.21349071586355328,0.3634277718656943,0.2677928862519447,0.3453725031683322,0.32738678837855983,0.25152528399659047,0.31963972642118227,0.35578511248413525,0.32009554412970825,0.2980387574337311,0.2874323876132756,0.33988107374739696,0.2438476337293787,0.24824765776549815,0.13407567532108747,0.23059890197192873,0.16550265372256776,0.2090766298572937,0.2426188335808443,0.21027730218913993,0.20869544434888346,0.24726895234699287,0.27899174253092157,0.2323904440357482,0.2281671975583531,0.17597044464443387,0.2026349466546546,0.2228577803016789,0.19499139102226665,0.12424583081318645,0.20948148317108334,0.07616476241270355,0.19902036685732255,0.14771598699625357,0.28381636587872355,0.13736539642963558,0.24546387880159073,0.05558928628425375,0.277151758272409,0.3047895986548092,-0.1196491565023438,-0.026844899026727757,-0.08447604204333926,0.006633977606719248,0.11781348337599123,0.17809474082585902,0.0003206216794316554,-0.12412470167296809,0.22456417332947534,-0.030704089701214618
0.10150453155177101,0.2682064841911284,0.24928335274777358,0.32414814134779796,0.34409680768359746,0.1697792238210065,0.2575428905863038,0.4564915922303008,0.8360586334163345,0.228410035925535,0.23968699558811102,0.2265883864228162,0.31293069350102615,0.2568219276379134,0.2054160473662234,0.27344760523549055,0.29813379082008473,0.32913168498215006,0.21838532392762383,0.2635115397583528,0.35627461621698464,0.23024509641610344,0.2048039598373171,0.12242328185997826,0.20592902300457622,0.14464421125384952,0.22010072371879338,0.23225776810328447,0.18023849037886136,0.16492532029008158,0.24698961040598652,0.2788712212010662,0.22575315949473124,0.20701882948456013,0.17133677502970598,0.17770981972178213,0.20994385885714742,0.1717005869691517,0.07439609568426314,0.19097699208030933,0.07445791015328806,0.1732543174231603,0.20282351769317505,0.28406838680274266,0.060430722850759094,0.17170228995255768,0.05099238129655637,0.22714525674311017,0.2503562461757245,0.03940507111879044,-0.00048708084892382157,-0.06407011467212714,-0.012572996628397172,0.04040228064087888,0.25375177840323265,-0.03985754763494641,-0.015205109654107974,0.05015395392390702,-0.031618711130047876
0.17601267742774926,0.2986925570521272,0.24601117786981547,0.3172759910453346,0.24846485754724948,0.4585051954215854,0.31202703664262355,0.21349071586355328,0.228410035925535,0.6204898665996552,0.2935977149475554,0.29698160893862885,0.26556505768230687,0.2765275238737996,0.24260298971383645,0.28358867272152166,0.25965180598585896,0.2586676872190935,0.29921370463079755,0.25653722956628905,0.27587993035942027,0.2067677420962827,0.1883702148328897,0.1644258122019766,0.20901842478456983,0.17642013520966,0.1989389839227349,0.22404457974343056,0.2043896106101917,0.18779651136479067,0.1953575670084919,0.2003325363341003,0.20362512881276393,0.21590576779736206,0.16189413576490358,0.1665197691309374,0.18281989474943885,0.18789055482353997,0.08529660341318018,0.19070334790950993,0.07855464240012396,0.17449364281227225,0.21191683306378087,0.21472513262404025,0.10465542855325591,0.14946284978428928,0.05020314147271665,0.19076940333743825,0.24334112970787647,-0.1346786764120678,0.05272199808688142,-0.0011616307675297035,-0.06530081993065552,0.05699060376681285,0.006557270405927014,0.07515490914525126,-0.06280589417145896,-0.06068212331180433,0.020740260669108626
0.23212158987749176,0.27215629938990377,0.2062585522931728,0.22436209805213816,0.2923800796893575,0.2935903640827541,0.331172690024475,0.3634277718656943,0.23968699558811102,0.2935977149475554,0.8543374220759967,0.35315920285531643,0.3349107335675857,0.35623809371906356,0.3266270778741573,0.368328532761647,0.31028396338578035,0.2607824430334676,0.2670042969200012,0.2631628859549711,0.2702021253196597,0.25699476624467604,0.24228263462026703,0.2496871882612702,0.2475372346268924,0.24523884189745312,0.24404731658296755,0.22806087091594776,0.24105411432582652,0.23963134771309444,0.2417442650342165,0.22883887853046603,0.2080295197171397,0.21912462768018834,0.16875506116541883,0.20102902301424766,0.2362708344414005,0.19626082903642442,0.1147050431500039,0.2309366703849741,0.0693506668807293,0.21091324243169005,0.17535020345903038,0.23075732657065223,0.11721545589744757,0.2648009890905832,0.05632371931494849,0.2569163282501066,0.3068535359676818,0.0014643880758394168,0.060765311362371406,-0.11502219180045326,0.09250088659292484,0.06559171092707554,-0.04264530898799015,-0.03623867822123671,0.13286460573926803,0.07995141276123563,-0.002581061977812115
0.16018542978077718,0.2485347242374664,0.20933089761351442,0.31054712642752336,0.21755056727310235,0.2301757147056701,0.29225084542967367,0.2677928862519447,0.2265883864228162,0.29698160893862885,0.35315920285531643,0.7401281948665702,0.26798723646028594,0.2880423031497198,0.3033776281526745,0.30942759870152636,0.26668303279055666,0.29253900727860527,0.2824426918235493,0.2683792447303479,0.32785068149815055,0.2101074894579718,0.15034480284411705,0.1882259799008481,0.19366417240298175,0.17395046238598594,0.1565751997699874,0.23448581588964057,0.21522222265154117,0.14483155362640163,0.20946229028460686,0.19048485237818893,0.19163567505127035,0.21507184555105002,0.17587863008532204,0.15670466599202562,0.1766407266591924,0.1596733403179275,0.06447916098821609,0.1922448469597704,0.07177255011302709,0.1947080551491666,0.14767273702032468,0.23099990543013427,0.0466480048072504,0.16790808724699138,0.04595867005248158,0.28856997953398433,0.2832103846677842,0.05687567192526643,-0.0633243099231166,-0.007423066480520283,0.012918811374399715,-0.05777477499851328,-0.03906261442490426,0.022993265135162203,0.012095158663984931,-0.0504661136999873,0.018690882838709923
0.1435560081208425,0.34836895058433726,0.27674274242360386,0.28299012280398256,0.22258567340010255,0.24481268963720998,0.22240373701350452,0.3453725031683322,0.31293069350102615,0.26556505768230687,0.3349107335675857,0.26798723646028594,0.5019976172209842,0.3429759968716309,0.29735137483180435,0.3427749067753277,0.34728868201084145,0.311510117410311,0.2908496678573282,0.2992713910581093,0.40574760322406367,0.2667287594678182,0.2056514857292814,0.18317213610101443,0.24771574119290465,0.21268527424628053,0.25171018818602364,0.2582922938033242,0.2346106956124072,0.22507548105315212,0.24226533707552117,0.28543719181236143,0.25243075177376295,0.25810701167552846,0.19044566644137365,0.21405964954162,0.23846307690087956,0.2183419620385037,0.12848689058704924,0.22929945681378838,0.0899954687623791,0.20676130179009705,0.1951672483152235,0.27393168882273045,0.141866451645357,0.2021066506440842,0.06011240913070267,0.2585094656306234,0.29966348268072557,-0.033980172606166814,-0.042054299153331275,0.007106894288003331,0.09137064348622627,0.021206621293865392,0.05041347308986753,0.036125699213274326,-0.004221300987516753,0.03340417429363779,0.037832680076995404
0.18965994088312513,0.40766435035293513,0.26597660669841605,0.3253634092628486,0.24565470811237833,0.27448869837714285,0.2685893740307336,0.32738678837855983,0.2568219276379134,0.2765275238737996,0.35623809371906356,0.2880423031497198,0.3429759968716309,0.6457781291312766,0.356463496836616,0.3401377551177957,0.3197047965916221,0.3217888697918853,0.31269583271487333,0.3177966880785854,0.3704588773849238,0.2463434944592206,0.22811728189715277,0.17565228641425462,0.25012416078896466,0.1965098340206797,0.23778579746621004,0.2787580618193919,0.21004636404772284,0.2275252805165595,0.2555256279467369,0.26501163460400823,0.24596198371385203,0.2472736423511478,0.17961499490779118,0.19708320817699626,0.23080301827469937,0.20497566217267515,0.12258104875368488,0.23040821875974155,0.07994446741263726,0.21843853516856676,0.1631059595624872,0.2587281858424878,0.14505293099086305,0.2742344989222724,0.057300883861966585,0.2838045803207747,0.3322574605651727,-4.0112521452308957e-5,-0.13369573088108594,-0.027547680992556216,-0.15071515480165043,0.0390011963216659,0.004371532941577124,0.06077935274200559,0.03682061819534225,-0.04817048295122833,0.018753231206313184
0.1961987332721763,0.3612784784195078,0.1501901369034725,0.2619675581642145,0.2085254365335663,0.22799019589754355,0.2670419456313067,0.25152528399659047,0.2054160473662234,0.24260298971383645,0.3266270778741573,0.3033776281526745,0.29735137483180435,0.356463496836616,0.7823660282233466,0.35378172747282743,0.3087921323504462,0.2839907528037073,0.2748902256623782,0.270157009986076,0.3134274988083845,0.21996046027010116,0.24503914230295495,0.21247530398414316,0.2508948081081954,0.20732261019643303,0.259336654821702,0.26797483533940564,0.21498977979764888,0.22212751604190656,0.23969639117496877,0.23627904017204143,0.23010461975330784,0.24322444055333545,0.19079593001198292,0.17721741693624427,0.2252727432956748,0.19747976887871826,0.07815808067787314,0.21960233228194118,0.08944896118104348,0.1953509398980487,0.17680693343744058,0.2697984567119031,0.11620981391845327,0.24533958654326965,0.06195393283559694,0.3344975994259144,0.3246424855938638,-0.01492386419373991,0.1504870732464857,-0.014004028820296976,0.02589108987616137,-0.04518895514567702,0.05130873897449271,0.09535435729050028,-0.05868123480805403,-0.03877601532090449,0.020170212778853887
0.1329656251814087,0.23103019320358303,0.24918677327096672,0.27932682401155673,0.2248511919121508,0.27181338773519653,0.3272482200375622,0.31963972642118227,0.27344760523549055,0.28358867272152166,0.368328532761647,0.30942759870152636,0.3427749067753277,0.3401377551177957,0.35378172747282743,0.6525404412146173,0.29714036274621625,0.2549212816555252,0.2882613882537,0.2574913844455942,0.33303075201967397,0.23344303163175278,0.21803889052642692,0.26514320487310045,0.27090353240667914,0.25234038778921747,0.257828997945662,0.23553337525947812,0.2237177538083361,0.21758802875966196,0.2286614470556587,0.2431067752998513,0.2258201448108832,0.21750835638530466,0.18494344673582405,0.20658283467028196,0.2288311559937217,0.19361019308478944,0.13786108928555874,0.21636691024381105,0.07438948385389695,0.20422006545727098,0.19049983188249595,0.3052336570921566,0.18197501243124356,0.24463065484014895,0.05889182162676637,0.27804669303330487,0.28298713541598225,-0.033048748975202234,-0.043370994421707706,-0.02905427492234278,-0.048405902648057365,0.051882257212389746,0.07679875623209886,-0.004618065593243841,0.07210432319748285,-0.047249592002491334,-0.03139066121932749
0.2127479795762771,0.3833247774615312,0.24219460929568884,0.3115762169363484,0.20342666906617674,0.22049412576848434,0.24264124318461017,0.35578511248413525,0.29813379082008473,0.25965180598585896,0.31028396338578035,0.26668303279055666,0.34728868201084145,0.3197047965916221,0.3087921323504462,0.29714036274621625,0.6177390993651947,0.3340761908728158,0.335748961677001,0.3170349961685795,0.40477379261520735,0.3049865494081236,0.27595952269121776,0.14995463960222072,0.26974731022503173,0.17421940637903863,0.20595968493889896,0.2589110843784439,0.27641400705447056,0.22333263079603025,0.2463534159021587,0.3040208498226172,0.26885328971358063,0.2525373301897704,0.19413077403687634,0.2243504175582585,0.2337019587402664,0.22778535413436607,0.11846688641198136,0.2374518160640994,0.09871110927377667,0.22431939466983442,0.16291229929761739,0.25376469165724463,0.15769981942769387,0.27258397352292013,0.06434825293944643,0.32291215501539716,0.3493914080152261,-0.06862015931443605,-0.045731147825240716,-0.17680836172898418,-0.08714893485120724,0.005773295301726049,-0.009577072571735266,0.035808465513876626,-0.07113307685162956,0.10826300066072739,0.020954687199087187
0.16621033364627638,0.4173411898464775,0.29423556294539027,0.3284553522428248,0.21024452062426072,0.2604438309270194,0.21815734630718717,0.32009554412970825,0.32913168498215006,0.2586676872190935,0.2607824430334676,0.29253900727860527,0.311510117410311,0.3217888697918853,0.2839907528037073,0.2549212816555252,0.3340761908728158,0.6571211088692636,0.2922643717320029,0.3552890684030594,0.3806842857739801,0.3485301374419672,0.2678859831730264,0.2650766605911721,0.2403885525905394,0.22255877247675443,0.17011088750692843,0.3437055501845301,0.21901057170347954,0.23262124119277738,0.23658487454153942,0.27226825674179966,0.24348301257835547,0.25962599086752747,0.16090123413177135,0.18995848057584727,0.2359119241834853,0.2084453476235932,0.09541930975697421,0.2284950473993601,0.08006128098534346,0.21999495202464403,0.18248188934893572,0.3117156346222732,0.1517539650051125,0.31105332086788223,0.060510992215900346,0.2876967110176281,0.32512410614017695,-0.02410163572223185,-0.11539334074249341,-0.0452872399799938,-0.053959787413155574,-0.010175586029228856,0.08658521884573728,0.05706129714972187,0.04552530134069013,0.0017319663824242296,-0.0018978591195632022
0.21744353587922913,0.33823015844547577,0.24357186092204508,0.2909116045691619,0.18979684796922552,0.3012684137928348,0.2806854832992721,0.2980387574337311,0.21838532392762383,0.29921370463079755,0.2670042969200012,0.2824426918235493,0.2908496678573282,0.31269583271487333,0.2748902256623782,0.2882613882537,0.335748961677001,0.2922643717320029,0.9239962299568908,0.3934480395450677,0.3064110592933264,0.30354627873198187,0.28914614869119487,0.1984206376643681,0.3007175639001386,0.2236179196617835,0.2576249717873729,0.30840801115600236,0.25637014965407645,0.2304677900400179,0.3140015043581629,0.29243072553719185,0.28003809017262005,0.2911708344551912,0.22722395321187863,0.25718437316155307,0.2841014608282317,0.2738804749640961,0.2125914490039188,0.27253708054261316,0.13565440192373363,0.24292327516898055,0.26806031131955094,0.24375216208922273,0.20566786709967952,0.18590988409498546,0.0707657351283451,0.19575391914485332,0.27193543758394095,-0.05331990280351596,-0.0193432525635129,-0.0385764882886695,-0.08767918549429617,0.055336101936604695,0.22852343333108546,0.08685926821888613,-0.058249417916124424,-0.04842845765535411,-0.004300722263691156
0.12813270340899652,0.34537565855805125,0.30845847549461924,0.36444601154608797,0.2218345806274233,0.26030603237336525,0.23919679071501493,0.2874323876132756,0.2635115397583528,0.25653722956628905,0.2631628859549711,0.2683792447303479,0.2992713910581093,0.3177966880785854,0.270157009986076,0.2574913844455942,0.3170349961685795,0.3552890684030594,0.3934480395450677,0.71681204626839,0.4145786871851983,0.28621407978297725,0.27192923897914917,0.2511167638896553,0.21560525333886582,0.1834224739533327,0.23860414480380698,0.5173684692489209,0.20743261219373837,0.16213796877148556,0.31025239315086467,0.3189960017556209,0.29015833917047873,0.27569034502118306,0.15913272256634337,0.2423203900634615,0.251496534204648,0.2603668185153553,0.15499158643571528,0.2764764921070455,0.09749254021919256,0.2927920022658666,0.24017297180787536,0.38809187677045587,0.2080738517679286,0.30427041834366597,0.0718908342958673,0.2676823391288078,0.36652226725166837,-0.10510848094020299,-0.2029405803753329,-0.10584096020832327,-0.049816620223556464,-0.006089360891072465,0.14237914933175386,0.0634498733296767,0.009583771295460721,-0.05440104237018633,-0.008679419925463974
0.14656357162525596,0.36555280160431597,0.27515193990569203,0.36350510302081995,0.19090917367003843,0.22302607310397765,0.10879512439528437,0.33988107374739696,0.35627461621698464,0.27587993035942027,0.2702021253196597,0.32785068149815055,0.40574760322406367,0.3704588773849238,0.3134274988083845,0.33303075201967397,0.40477379261520735,0.3806842857739801,0.3064110592933264,0.4145786871851983,1.6522525300131772,0.2692605654222907,0.22792943765730206,-0.0009039506441277844,0.27065941770424984,-0.06031096382582582,0.4150860787924794,0.33575507567328045,0.3859221206861906,0.19971434452418324,0.31526137386652703,0.4462114404205171,0.3491763619241305,0.39177245518587367,0.20426405676792259,0.2771056847144048,0.3009238282988261,0.3158953155792352,0.1244424633097845,0.3210335076264583,0.1381961016043175,0.2923450814490752,0.2304213214094552,0.4677849412489116,0.14668616488588215,0.19892559921392866,0.08432901080850227,0.340738236047469,0.39693956130923624,-0.0754877302943053,-0.1423706373997899,-0.06441731307607701,-0.04365035594717865,0.03849019133781156,0.10791986225978979,0.09869934725976764,-0.11300278536547802,-0.06020050990933906,-0.015223984791066163
0.15124979898965357,0.2897198480866042,0.2511326742580894,0.26773373179615273,0.18694753972104364,0.20565251797110792,0.1905839018674939,0.2438476337293787,0.23024509641610344,0.2067677420962827,0.25699476624467604,0.2101074894579718,0.2667287594678182,0.2463434944592206,0.21996046027010116,0.23344303163175278,0.3049865494081236,0.3485301374419672,0.30354627873198187,0.28621407978297725,0.2692605654222907,0.8296988922619325,0.2727999991378333,0.28047718160495655,0.3970548638257602,0.23784897059570145,0.29368308499646273,0.25376038331160483,0.2759096761837578,0.41267101433657166,0.32583748641189225,0.3112621255872283,0.25151945784996,0.18611888071891192,0.1678079109428881,0.21710129598798472,0.27492047709362655,0.23792101108380145,0.1397500932935978,0.2521985034068859,0.08982780062870772,0.2508923485464608,0.18132720380524908,0.300324600875655,0.19199592324956952,0.42536122670693555,0.06987612625895635,0.3501649867271022,0.40784633062845244,-0.08787316141144123,-0.11037589757827299,-0.07956195573320475,0.2026037487398028,-0.018553540366029908,-0.10432478986290442,0.016771571213258202,0.08404705962710007,0.0505564731689192,-0.04951438311385098
0.213351564675832,0.3436073592937174,0.19612706551843961,0.2293755041969911,0.18428389437855036,0.14444897915021324,0.1929250399217409,0.24824765776549815,0.2048039598373171,0.1883702148328897,0.24228263462026703,0.15034480284411705,0.2056514857292814,0.22811728189715277,0.24503914230295495,0.21803889052642692,0.27595952269121776,0.2678859831730264,0.28914614869119487,0.27192923897914917,0.22792943765730206,0.2727999991378333,0.958529886014878,0.39383541579174663,0.16208807503347136,0.22678049652680599,-0.05426988519430427,0.2731870305850433,0.061040062217773895,0.1589497289965856,0.2442337809892531,0.2235204936148042,0.2204667838596692,0.29762787954595427,0.07971722271792923,0.19547049211684686,0.16939853312188222,0.2037206670881045,0.028057151163235323,0.21826682976616132,0.06536978717081493,0.26486279826339604,0.28115508869128053,0.38332821539273604,-0.002005345209165586,0.4133375178930704,0.06346932936465442,0.147911697943589,0.2937934122238053,-0.03217794093235214,0.012606981190868036,-0.03764726344946404,-0.0834553799623914,0.04179639661381593,0.2348082904912463,0.11005297350307154,-0.059660677524296046,0.2520611093900016,-0.11235500324115884
-0.08607238648498686,0.09934690771456013,0.28838437640006065,0.21207966060908048,0.18097586167106955,0.19640611251545664,0.18922031411777462,0.13407567532108747,0.12242328185997826,0.1644258122019766,0.2496871882612702,0.1882259799008481,0.18317213610101443,0.17565228641425462,0.21247530398414316,0.26514320487310045,0.14995463960222072,0.2650766605911721,0.1984206376643681,0.2511167638896553,-0.0009039506441277844,0.28047718160495655,0.39383541579174663,1.7000408692114133,0.3788104167111589,0.727026469479745,-0.077798449920076,0.3012131279821651,0.0122267912112736,0.2986231701974861,0.2314450805493551,0.1462151235134799,0.19865139324883221,0.25632398615513974,0.007717666500342435,0.15432938015889525,0.18939625109587546,0.15674067073899375,-0.08354340645328431,0.22430546383637648,-0.06322115390129487,0.22034167956123663,0.20313223115304627,0.4022317094488384,0.13191076650852443,0.333013121392928,0.03985443325096545,0.15195508044693168,0.23136552617932823,0.02075443063048107,-0.06701088108024766,-0.07349091361489941,-0.0664472592616944,-0.047291623343575215,-0.05374839802546261,-0.15457963661844484,0.14966738157281723,-0.026616946970387797,-0.03207559904704654
0.2045323055506807,0.2510052924444721,0.21904614694550173,0.18968188822079315,0.13527446024786216,0.24853529495384072,0.22015723745599516,0.23059890197192873,0.20592902300457622,0.20901842478456983,0.2475372346268924,0.19366417240298175,0.24771574119290465,0.25012416078896466,0.2508948081081954,0.27090353240667914,0.26974731022503173,0.2403885525905394,0.3007175639001386,0.21560525333886582,0.27065941770424984,0.3970548638257602,0.16208807503347136,0.3788104167111589,0.8012298010128123,0.2724491448376556,0.6193689573722148,0.17088475212163476,0.3183493221076231,0.5358940485632343,0.37643900719134193,0.36607285035739534,0.31819011894272975,0.14466163435112805,0.24011319469013198,0.28134090705408393,0.3487369346194991,0.2680163698417254,0.17122596198012097,0.30097006129428877,0.08044577621821083,0.2868710154804018,0.17159092994105124,0.3914907604828386,0.3278717278711991,0.4159452474030915,0.07466671105333103,0.47908693236685157,0.496962366861309,-0.005675712409960798,-0.009988467021252142,-0.07047498789022971,-0.11404319619598723,-0.0381709348601706,-0.0811921338500922,-0.03269169283171023,-0.019729108267827422,-0.025954373018621694,0.01620179870888993
0.07221834384701455,0.15949279198732727,0.15318957111403753,0.15149586178905597,0.1449946515869542,0.2187362303994807,0.20036658979523556,0.16550265372256776,0.14464421125384952,0.17642013520966,0.24523884189745312,0.17395046238598594,0.21268527424628053,0.1965098340206797,0.20732261019643303,0.25234038778921747,0.17421940637903863,0.22255877247675443,0.2236179196617835,0.1834224739533327,-0.06031096382582582,0.23784897059570145,0.22678049652680599,0.727026469479745,0.2724491448376556,0.9341126125279184,0.15960876139030175,0.15096875923110034,0.10434323769253002,0.32773146769995065,0.24168451836011903,0.16287662815964588,0.24672347935074912,0.3048758677746786,0.29069778464773915,0.20795902611205985,0.27771642161031157,0.2142132435728203,0.1453996298959639,0.21093831179435288,0.06634531303152341,0.15745958205498695,0.19364385312572116,0.22182923176899183,0.2537706088528494,0.18530770131919921,0.058506154308484215,0.14288398693990986,0.12244940225775672,0.05429066877091628,-0.04244519195924173,-0.004867157025719153,-0.06859703853880078,-0.007273720936907686,0.11629587164139259,0.0019315110233702275,0.10474661534679952,0.015276116360151804,-0.0293266559595348
0.42413622910554233,0.26845938175162454,0.1676904820367068,0.10135967477416434,0.08182563724062275,0.32254720346685123,0.17470053176160064,0.2090766298572937,0.22010072371879338,0.1989389839227349,0.24404731658296755,0.1565751997699874,0.25171018818602364,0.23778579746621004,0.259336654821702,0.257828997945662,0.20595968493889896,0.17011088750692843,0.2576249717873729,0.23860414480380698,0.4150860787924794,0.29368308499646273,-0.05426988519430427,-0.077798449920076,0.6193689573722148,0.15960876139030175,2.4240087161215107,0.21980158654562695,0.9111252806378008,0.5366486107773603,0.3626688572798508,0.32011032090608876,0.28128606455771793,-0.07210633953435056,0.27354110360628625,0.39269038071324075,0.4252726801188944,0.29688534882904083,0.2761057206948006,0.36847503404458914,0.21901364643096857,0.2568771895702992,0.24542024661872844,0.08504280941056848,0.4007459403109175,0.2205954226108372,0.10465190513205096,0.47361284840150397,0.508028973377679,-0.1782564156317623,-0.0736738663912584,-0.011774257706710756,-0.027305255655948567,-0.03529158461033399,-0.19024485847137215,-0.20635526347080074,0.09039358495569422,-0.0243592396617111,0.015353340309100884
0.07341763951036274,0.30018037690759736,0.3145893222609289,0.30805033727373077,0.19900418900850733,0.2412718889789199,0.23943522324081384,0.2426188335808443,0.23225776810328447,0.22404457974343056,0.22806087091594776,0.23448581588964057,0.2582922938033242,0.2787580618193919,0.26797483533940564,0.23553337525947812,0.2589110843784439,0.3437055501845301,0.30840801115600236,0.5173684692489209,0.33575507567328045,0.25376038331160483,0.2731870305850433,0.3012131279821651,0.17088475212163476,0.15096875923110034,0.21980158654562695,0.9325958782901912,0.16910484543692308,0.04572666025952312,0.2537248240267687,0.2853678097847602,0.2594582828766596,0.2250047887597096,0.07885593447463007,0.19384532355507803,0.19381831077491643,0.22563491567235813,0.08444910645294067,0.25320917786690683,0.07316704144712399,0.2951770720597808,0.2930868627944123,0.4124817949906747,0.11212966476828588,0.2787024792682057,0.06687708816711738,0.20528413810949442,0.3577306068055618,-0.12773100893732933,-0.18370224923307146,-0.05493747205650495,-0.0036777015286482205,-0.026354130981506744,0.11302295132814276,0.08949332191968962,0.03450618083708931,-0.05405724737224126,-0.022512068478423408
0.19696841221911196,0.19496533207891228,0.1635309230037525,0.1536076732545421,0.11921127777784654,0.2122552708018154,0.1776227173531191,0.21027730218913993,0.18023849037886136,0.2043896106101917,0.24105411432582652,0.21522222265154117,0.2346106956124072,0.21004636404772284,0.21498977979764888,0.2237177538083361,0.27641400705447056,0.21901057170347954,0.25637014965407645,0.20743261219373837,0.3859221206861906,0.2759096761837578,0.061040062217773895,0.0122267912112736,0.3183493221076231,0.10434323769253002,0.9111252806378008,0.16910484543692308,1.6149607998110913,0.5369036543843076,0.16456992801664444,0.3231921504057736,0.21430840972872248,-0.19617722689293937,0.15082139069398415,0.26711006759996536,0.2101567262742491,0.1489611366502082,0.1501349354666248,0.23545895282021911,0.18563711702073496,0.1435562569923604,0.1892573793794645,-0.22532892239900193,0.23853402385777503,0.37602595283267554,0.09218027199991159,0.6275514247172278,0.5513457692065848,-0.06755765421850407,-0.027102056848588556,0.003559423565436572,-0.05920954317960311,-0.08920765730883637,-0.18973245476353984,-0.032790492902344454,-0.021406825904841054,0.05623820839434796,0.0036486828723305896
0.2647790621006244,0.3295260952824714,0.1596055123437436,0.12929213399970968,0.10297487690878342,0.22128513478004158,0.22585666596327506,0.20869544434888346,0.16492532029008158,0.18779651136479067,0.23963134771309444,0.14483155362640163,0.22507548105315212,0.2275252805165595,0.22212751604190656,0.21758802875966196,0.22333263079603025,0.23262124119277738,0.2304677900400179,0.16213796877148556,0.19971434452418324,0.41267101433657166,0.1589497289965856,0.2986231701974861,0.5358940485632343,0.32773146769995065,0.5366486107773603,0.04572666025952312,0.5369036543843076,2.1914464359884436,0.3658761025130942,0.5364950898898794,0.45240292692704226,0.2776145031302074,0.3355355659904791,0.42791053324644385,0.5413074046586677,0.4626832747776098,0.3129464441852017,0.49226523768222114,0.09322714974855094,0.5581594751535801,0.14797709398486547,0.035065190225379385,0.41892892504651796,0.5600392149536421,0.08058041225606247,0.4866467191304899,0.9137480982863909,-0.03597554333702382,-0.06402871690758115,-0.0014443864517021843,-0.1042314267941548,0.015446755840060286,-0.20886576253963815,-0.08253397024526897,-0.12033407479526963,-0.05184088116826475,0.09143568001731069
0.3020725252818276,0.36657506662617045,0.17483869850716427,0.18897237087350172,0.16763605670250528,0.17225751246076573,0.2129188995535659,0.24726895234699287,0.24698961040598652,0.1953575670084919,0.2417442650342165,0.20946229028460686,0.24226533707552117,0.2555256279467369,0.23969639117496877,0.2286614470556587,0.2463534159021587,0.23658487454153942,0.3140015043581629,0.31025239315086467,0.31526137386652703,0.32583748641189225,0.2442337809892531,0.2314450805493551,0.37643900719134193,0.24168451836011903,0.3626688572798508,0.2537248240267687,0.16456992801664444,0.3658761025130942,1.4938653866166474,0.8398655844941726,0.6719074880880364,0.24958187377483546,0.3446843826374398,0.46543799044006007,0.6120617042235903,0.5094613052233365,0.28662467103648415,0.5018587120354414,0.17397126235320923,0.4213059885441782,0.11057917940218458,0.3309123636583069,0.5671156935158211,0.504435471876146,0.15380277344324722,0.7366127990119753,0.7147976075101383,0.00043442555366879,-0.19762714591286318,-0.2239479129888251,0.0703431319839942,-0.07276457421676863,0.14996410826605913,-0.030186384868981883,-0.05250381604731371,-0.03510475284878909,0.06370916999826992
0.33029597003396177,0.4234827876076765,0.14281730277469548,0.20346961102263017,0.16355312327472965,0.132752141332171,0.2131571008437632,0.27899174253092157,0.2788712212010662,0.2003325363341003,0.22883887853046603,0.19048485237818893,0.28543719181236143,0.26501163460400823,0.23627904017204143,0.2431067752998513,0.3040208498226172,0.27226825674179966,0.29243072553719185,0.3189960017556209,0.4462114404205171,0.3112621255872283,0.2235204936148042,0.1462151235134799,0.36607285035739534,0.16287662815964588,0.32011032090608876,0.2853678097847602,0.3231921504057736,0.5364950898898794,0.8398655844941726,1.8132193789306195,0.8952871582685306,0.3693494834232088,0.3284421563790653,0.5591337507559978,0.4848365224308859,0.40605974786071664,0.18432881259822384,0.4596685651098325,0.18468004095554139,0.4234929376764208,0.09784634796429363,0.19166091297596033,0.4773345189487974,0.4554744518143308,0.11085449940516082,0.8310854562824177,0.7552985634964396,0.0028392323402887244,-0.20232851195482762,-0.070519754058981,0.07156879664028887,-0.06022706968816961,0.05296602418978025,0.014038477962264744,-0.04342645763212966,0.008421071891239322,0.09851980724159712
0.19877820599234686,0.32016946190483075,0.1864522304334183,0.1956527937737107,0.14974440306242573,0.1853942933969909,0.18488853593864027,0.2323904440357482,0.22575315949473124,0.20362512881276393,0.2080295197171397,0.19163567505127035,0.25243075177376295,0.24596198371385203,0.23010461975330784,0.2258201448108832,0.26885328971358063,0.24348301257835547,0.28003809017262005,0.29015833917047873,0.3491763619241305,0.25151945784996,0.2204667838596692,0.19865139324883221,0.31819011894272975,0.24672347935074912,0.28128606455771793,0.2594582828766596,0.21430840972872248,0.45240292692704226,0.6719074880880364,0.8952871582685306,1.026588934225807,0.47918840361240395,0.39632490591964836,0.5294371583587545,0.4836561960578417,0.6278417867686253,0.15441613111666894,0.48498191388022555,0.1910448780779237,0.4389410283188174,0.22619184537844247,0.261787988815158,0.3458656210340678,0.2778019223143349,0.09960564409422185,0.5452492226059307,0.6334358072700689,-0.05010215614714917,-0.054375958146257695,0.04140922942377341,-0.11478701514898196,-0.07235894592034395,-0.054825081023146365,-0.010223150135329,-0.06959513465046245,0.014587149789416476,0.07552261542610032
0.1654856521911106,0.3520466801747283,0.25805086432323987,0.23960447640898988,0.17999062411903205,0.1472341781797828,0.15553292744923222,0.2281671975583531,0.20701882948456013,0.21590576779736206,0.21912462768018834,0.21507184555105002,0.25810701167552846,0.2472736423511478,0.24322444055333545,0.21750835638530466,0.2525373301897704,0.25962599086752747,0.2911708344551912,0.27569034502118306,0.39177245518587367,0.18611888071891192,0.29762787954595427,0.25632398615513974,0.14466163435112805,0.3048758677746786,-0.07210633953435056,0.2250047887597096,-0.19617722689293937,0.2776145031302074,0.24958187377483546,0.3693494834232088,0.47918840361240395,1.494703815828559,0.42323272753153046,0.33918360386686996,0.4208305744980009,0.49625887277629194,0.14948880369934578,0.3876476809836046,0.24769839917874611,0.24543504774785285,0.09114424199958562,0.2938872645587257,0.021504639738002804,-0.12625438076700946,0.12249230600721045,-0.02818878170089313,0.10110654429500018,-0.013319248798951076,-0.1021294694452851,0.06715568330990296,0.05961007473126885,0.09820682428923994,0.31389101558789856,0.033723168368353255,-0.056310069382322185,-0.0735532338138729,0.028500244469342247
