2.835928760477888,1.627414322140732,-0.09193448453671711,0.00864645826064908,-0.14301833635219777,0.07849046191591481,0.2219914497792931,0.32613401720520424,0.09673730638973474,0.19237227698688183,0.2789341930057726,0.2175268154433929,0.15610548964921245,0.20994718588529726,0.2028572412301901,0.15013678226069774,0.22669862719656259,0.15295593964022802,0.22720912146037128,0.1105655625898095,0.15926771724173833,0.12073246955658444,0.16949190504295777,-0.1588175016337009,0.2003112128468153,0.022267743118159745,0.4614022247951458,0.04081620894499481,0.21042086629325943,0.2822875458200336,0.2944769344279824,0.3386664740719172,0.18982017562666317,0.13922377523859827,0.24687047602386403,0.16276422183056038,0.28958281929446716,0.0804857470919911,0.34366813340699487,0.23459883121827202,0.03969060169068521,0.22900014918002734,-0.7158352101407118,-0.04057796930107799,0.302067325307527,0.6402153446134081,0.03577242705691706,0.631708191401303,0.6707751209266384,-0.092598996082204,0.03681411020983811,-0.029371523125373066,-0.029205832192329056,0.11354661599522223,-0.7242517858448256,0.16231759938873389,-0.2242516707231309,0.5093480451122623,-0.013475279711821279
1.627414322140732,5.398916805015225,0.7189382007117529,0.5890391662131949,0.28696684757526303,-0.11630680033800476,0.045189898462785615,0.4160100540999439,0.32122592628823615,0.3403298969542927,0.3087602779704127,0.32518879802207684,0.3834471322568077,0.43022187644940546,0.41623314907964665,0.2567845028169597,0.4001728292916849,0.43729350905762815,0.3480363371955166,0.3427634380929768,0.41709625194185873,0.2984133590910178,0.3478414588085129,0.12367444115564942,0.26562450068472016,0.14841415191484933,0.29733816741361224,0.2934124005293814,0.19613474564675096,0.3544592066257637,0.36850211962771184,0.4490604853568693,0.3390390417401838,0.36707624193864063,0.24549294899495147,0.23621916627072415,0.32004182767762446,0.22882497332408172,0.20104630478814045,0.32270194319830314,0.054516360275976415,0.3449489164700232,-0.1580019641503612,0.3307414045466553,0.20351343516464215,0.5756096953569229,0.05787309432170307,0.6299288405647799,0.795878279614453,0.08158272894654486,-0.09079566534898022,0.005520506594353785,-0.03390197756645055,0.054390959703922166,0.00042558220671501016,0.05380768406083522,-0.2612239931709773,0.16059264146748473,0.3096042418290322
-0.09193448453671711,0.7189382007117529,2.369277311026872,0.7219206533238771,0.42928924754041403,0.09414988544970332,0.24306880184817456,0.30475940105290633,0.27262316823348265,0.2892522682228295,0.2835080628950206,0.2725333793823881,0.34609002517853454,0.32743919946924094,0.2003963836452634,0.31033807993946366,0.3047778517473616,0.3484228620777608,0.30317947574681103,0.36164051058397584,0.3535171367974278,0.297170305780689,0.24983911028195405,0.3264287771015477,0.2696901540125366,0.1885982433155275,0.21245546497073603,0.3647179964887194,0.21061143916016037,0.19962311632062082,0.20690432286449434,0.16207203235981768,0.2439440028427288,0.32462736849985235,0.13884246748093887,0.1958214152758598,0.21320289873311338,0.2376439394505799,0.03396433559692291,0.22138756422664854,0.06494772511325791,0.21960034595556913,0.22539159834707903,0.3735463985390579,0.08933231400334496,0.2946413172319199,0.04991665324454736,0.4398734944718887,0.37832220292977853,0.01557110347072706,-0.1926603313855521,0.06129003157868521,0.02795963209474354,-0.0525665848236102,0.053460949760599986,-0.07858581021969459,0.18339130319642477,-0.051576967759665526,-0.10348014905457767
0.00864645826064908,0.5890391662131949,0.7219206533238771,1.7683784035636156,0.5026889382918855,0.2538638923749801,0.3036628414245276,0.3030737753710569,0.3561294924900541,0.3618232136776811,0.2737699396726576,0.36200774128121554,0.32987969817790513,0.361743313248918,0.3042288243115589,0.31501601137759827,0.3546981728309594,0.36941240086327837,0.3336037473848308,0.412372580310792,0.41913110551904137,0.30483071353634184,0.26789287398116285,0.22753646572312386,0.22502446069353577,0.16477814139956998,0.13202852388678382,0.34740259673051077,0.188648673780344,0.16021736987631882,0.2088517130300888,0.22146728301418198,0.23945714407822408,0.28773896234058444,0.14403581996215553,0.19282081200420234,0.19603178915806538,0.20199564703855305,0.04379145703200159,0.21196939287212024,0.06441407443478427,0.21212542105435492,0.2871484295117264,0.33095190808936414,0.05557233716783328,0.18189445560772746,0.04893529558475798,0.2403043955167561,0.31944547506829046,0.15690704682862033,-0.1166597700369639,-0.06790621487074872,-0.029561935425003003,-0.042714712911203434,0.023714850620574046,-0.04178683481746943,0.10905558233318609,-0.0787276420602198,0.006957078633880275
-0.14301833635219777,0.28696684757526303,0.42928924754041403,0.5026889382918855,1.3627122956701416,0.12881104080025263,0.2326282674734764,0.14406466723280337,0.39069812796144754,0.2909659325585372,0.35032087081695285,0.26958153181705874,0.2786367366980058,0.28626177924548213,0.278864251562803,0.2662835525906977,0.24643050746463122,0.26319394294385645,0.21783650952897668,0.26573264598613044,0.24105961433354947,0.23211641978882583,0.23256021548055256,0.21726887485623542,0.16033461207300306,0.1727215452305785,0.0881691861598147,0.24310610213966144,0.14469543643413094,0.11737265618634403,0.18542535144821934,0.19897572420237433,0.18660553865933652,0.21993423811568777,0.10632972748010897,0.15252508073977372,0.1687805704619596,0.1646536720289029,0.043285936243753695,0.17069620691964393,0.05145093088424929,0.16877403822256276,0.2865933088693008,0.2710265478401554,0.032749561661909246,0.16516629026109433,0.04413920343673775,0.17698654434835637,0.2348904853272463,0.16521103839192847,-0.0384941802328853,-0.05474283599220825,0.08618333375783026,-0.015980684588266788,0.17353513386755612,-0.063239250911478,0.2248322814899571,-0.12837138796433578,-0.03394851231687151
0.07849046191591481,-0.11630680033800476,0.09414988544970332,0.2538638923749801,0.12881104080025263,1.6022262292972762,0.40722438753137585,0.16320120506655475,0.17170598266120313,0.5190348707332851,0.3805826039608252,0.2782921322001107,0.3072926275482462,0.3353896036527291,0.2743584653383745,0.33697050317408095,0.28435229904849646,0.31904601246171377,0.3736444492844092,0.327709744627103,0.284999783513886,0.2566145142242025,0.19736731999179488,0.22967218859315391,0.30174240410888825,0.2600731166459673,0.38880353983940213,0.2936740819497011,0.26083786386125457,0.2768521337198031,0.21110046586869788,0.16824020425280908,0.22695899262528668,0.21391897687965586,0.19736245191920862,0.21997707505310402,0.2371537217137562,0.25611630349071013,0.11494536361337289,0.23074086249567424,0.081973606410406,0.20108235209311093,0.34427771144293584,0.27992886080212054,0.16878770819070726,0.10560786352981476,0.05827982628848233,0.1991841076517022,0.2646448713065304,-0.05335434891315575,0.01666996694029772,0.03017060880748688,-0.06814482150165624,0.045214537991531585,0.07143592892802142,0.024998417079258862,0.08992118601568241,-0.31232035683257914,0.09301570949055689
0.2219914497792931,0.045189898462785615,0.24306880184817456,0.3036628414245276,0.2326282674734764,0.40722438753137585,1.2414329742243322,0.329558868865242,0.26120610120848764,0.3551526747337617,0.4071510955418599,0.3488552181409416,0.28558650797933227,0.3492743479864052,0.35042531881759703,0.4121876500546093,0.3386020103740755,0.2986519159297472,0.3584862025729068,0.32523720223115377,0.18200754161936356,0.2544797053468889,0.2730326769513977,0.24212093609287566,0.27896152005457137,0.24750965570761727,0.21559120429417708,0.3128980149474223,0.2339151764583342,0.279125109538539,0.24450998766177756,0.2699590889415537,0.23757805475064628,0.22286352645383595,0.18066081606571885,0.19613804449112385,0.250649605191699,0.2066041089459213,0.13405640126773508,0.21875309326956985,0.06423188788390274,0.20727268222832665,0.22238711779472664,0.28948507299589993,0.18690118642078452,0.35376322136109495,0.058545423870636944,0.33767107564447024,0.34285610233791797,-0.0770475792082175,0.17367446415518986,0.05317311149086346,-0.02056564154115069,0.03548182483162909,0.1942582966583154,0.0049832797427004395,0.10580993176728679,-0.05910018963522983,-0.0794447414588575
0.32613401720520424,0.4160100540999439,0.30475940105290633,0.3030737753710569,0.14406466723280337,0.16320120506655475,0.329558868865242,0.9841071495334304,0.5036435208242585,0.2271656534611206,0.38589070532337344,0.2752301911582984,0.37238954649573663,0.3573977116114263,0.2753528233438289,0.3567965923892822,0.4050722856488329,0.36230863988792544,0.33772963177719967,0.3240262975379349,0.36612283503553905,0.2687665374626132,0.2986733230015268,0.15874523583475159,0.2649926462420226,0.1874156009620737,0.24133834829577558,0.26796460952108386,0.24668502746894075,0.23491909708852848,0.25927325798514916,0.3082571558862653,0.26579363669608935,0.25519897434842104,0.2004210473238285,0.21093956758781557,0.24458721328421196,0.2013935894680311,0.11266019093558358,0.2286863393829027,0.08392722126317279,0.20984096825393792,0.14534853262246464,0.2931694489529838,0.13274766774241956,0.27316998433882356,0.06045468583494083,0.327739194363614,0.3408682741375691,0.016682184990848625,0.04067967814726207,-0.05380647494353159,-0.0582320669597,0.02401714279721194,0.15076077806601482,-0.04708515506813957,-0.09447425573246321,0.2057503905669108,-0.08429629865022338
0.09673730638973474,0.32122592628823615,0.27262316823348265,0.3561294924900541,0.39069812796144754,0.17170598266120313,0.26120610120848764,0.5036435208242585,0.9224151075967068,0.24919909934558282,0.2761536360496314,0.25870365330145345,0.3625938297354917,0.3028589715103051,0.250350206682591,0.32260490484439336,0.3418550418146709,0.379904917225928,0.24331309388842562,0.30110833819906363,0.39930768751358653,0.26156131703395574,0.24727648102164657,0.15260748924714457,0.23214948815860878,0.17156388746070914,0.2462903129299202,0.2646189909861841,0.2062501262133048,0.18513863220672575,0.2610405881088102,0.31645364999573655,0.2586213173222155,0.24445875610099801,0.18783376315725575,0.19173961492042413,0.23065015465509636,0.19085823331713495,0.0754133588696564,0.21235643255925304,0.0788215008391109,0.19365953503835362,0.2180143240272767,0.3214942091816301,0.049116130776925684,0.18241139793477587,0.05513946032203391,0.26924648829037406,0.29233992915286866,0.06296928542313007,0.016496996627676643,-0.039770386258846345,0.01664644670536416,0.014771005260879426,0.18538544025612164,-0.06170727097904744,0.03838831135510547,0.059888087971833225,-0.031920544291560535
0.19237227698688183,0.3403298969542927,0.2892522682228295,0.3618232136776811,0.2909659325585372,0.5190348707332851,0.3551526747337617,0.2271656534611206,0.24919909934558282,0.7032533461639431,0.3397245385759024,0.3452004988954842,0.2977479054663656,0.31387182430101407,0.2684979944484707,0.3307431154093058,0.2861376245036064,0.2897650826695462,0.35122607874541484,0.2959694763086032,0.30216476805609044,0.22698438150352604,0.2247150101564066,0.1873737964015416,0.23734851165502371,0.20731981510920242,0.23547680723408368,0.25616156163980713,0.23692011782627806,0.20397630515205328,0.22086675473574566,0.22138728166547128,0.23139829453896146,0.2608382190531162,0.19114686196664218,0.19401511180892705,0.22451116134794905,0.21445897047030815,0.09509488578357918,0.21385033759460303,0.08825056504047635,0.18156279202386236,0.2408856912049469,0.22001575701129622,0.11636136085531251,0.14701145423607676,0.05772374248211608,0.20328303990465152,0.2501709569846737,-0.08097695422415736,0.0590833217839001,0.007683961062896459,-0.071158507272854,0.021110257878622012,0.1346234499357988,0.030028773818400686,-0.02456391264571279,-0.11083534614217669,-0.035098089066549036
0.2789341930057726,0.3087602779704127,0.2835080628950206,0.2737699396726576,0.35032087081695285,0.3805826039608252,0.4071510955418599,0.38589070532337344,0.2761536360496314,0.3397245385759024,0.9101287416780439,0.3703447149378869,0.35299752339687285,0.3797611869905893,0.32957310288768704,0.39934164413352835,0.3360108162607304,0.2843176352438995,0.29584160844652957,0.29816535720452725,0.28047919904987806,0.2634001763372539,0.25925086524792074,0.2657951952530018,0.2785362342485337,0.2652922410839988,0.2929075404262344,0.2594428876833145,0.280072204139138,0.2837102646231692,0.26396059970450836,0.25021783272212494,0.24249561424236907,0.2420292846976915,0.19402215993101513,0.21675821414247973,0.259498473014961,0.2304562944342648,0.12098031789527819,0.25882986273272474,0.07370655770108243,0.23830692102420736,0.16771399090268146,0.21007886305877366,0.15583221320745708,0.3115857032886938,0.06100594480864649,0.30835122608341287,0.36690916383296696,-0.0601015121710176,0.030533155687766295,-0.09315276544982252,0.049992648690574244,0.024327099830177907,-0.04456703807400459,-0.047826889648362084,0.13050127620536311,-0.018534355141725047,-0.07481294474955788
0.2175268154433929,0.32518879802207684,0.2725333793823881,0.36200774128121554,0.26958153181705874,0.2782921322001107,0.3488552181409416,0.2752301911582984,0.25870365330145345,0.3452004988954842,0.3703447149378869,0.8316923933051331,0.29576204979740217,0.33004246570595636,0.3229262766576799,0.349770078826501,0.2803096686417556,0.31398346834596985,0.3154411318167895,0.2904954381285551,0.35027411919423973,0.20516249180428575,0.15536764298700262,0.1896168001695724,0.20724791182732918,0.18985505072896094,0.19353856432075317,0.255587667685083,0.24050738564031662,0.1624118043898253,0.2207119742052486,0.19720870331495463,0.21426102215196907,0.24844814461022163,0.20144561846867598,0.1754675543057437,0.20242130587310153,0.18947615949547242,0.08001298460745461,0.20854840360781626,0.07325519383409215,0.20731070859154946,0.14506562200581363,0.21275730087597378,0.04732725939913568,0.17530327107246016,0.04659976815415941,0.3151277323406766,0.30933835109399554,-0.059272565173385215,-0.11086410395408966,0.029235902108461383,-0.0018700556678244752,0.031223142839260202,-0.04885811319821044,0.007993647931000736,0.05520785927526629,-0.05902150407156884,-0.00991510630537809
0.15610548964921245,0.3834471322568077,0.34609002517853454,0.32987969817790513,0.2786367366980058,0.3072926275482462,0.28558650797933227,0.37238954649573663,0.3625938297354917,0.2977479054663656,0.35299752339687285,0.29576204979740217,0.5474495536352715,0.371382688265655,0.3124649912669862,0.377576283757743,0.37192765966338487,0.34063620261465555,0.3181864087866886,0.3280530138836203,0.43980042733309876,0.28417348976886686,0.2131918791020161,0.21450777280677988,0.2775799506790583,0.23975166110186907,0.301086973139443,0.2843666836543018,0.2658477676309179,0.2616662341288182,0.26783363089156426,0.3160557455525466,0.28698475817262115,0.28497904269714197,0.21528784518185579,0.2324556007428954,0.2674197925558091,0.24464759338069628,0.1303410918025918,0.25276720309001327,0.09186040175166776,0.22604623572138965,0.18502654480159275,0.2744161030223389,0.1562129462984694,0.2301038563277256,0.06331040452360077,0.30581415951282853,0.34733780037033984,-0.058428939168734616,-0.07064634353918872,0.023415224885211555,0.05260993173009603,0.015608428869023383,0.02448721352768658,-0.01594236537166179,0.05334473197319459,-0.03611871238187353,0.005894738670994792
0.20994718588529726,0.43022187644940546,0.32743919946924094,0.361743313248918,0.28626177924548213,0.3353896036527291,0.3492743479864052,0.3573977116114263,0.3028589715103051,0.31387182430101407,0.3797611869905893,0.33004246570595636,0.371382688265655,0.7073882037561539,0.38967827919134973,0.3700761662817875,0.33952825047496277,0.3488743123764103,0.3602359292479702,0.34902818054152523,0.4006620482382992,0.2605849861510291,0.24052389513570058,0.18729407974316625,0.28091471674536295,0.2186481599256628,0.29968332365664047,0.3064235022054838,0.25119710656707406,0.25941371422690246,0.2840566311683354,0.2869122260865494,0.2861012084829008,0.2820071746377652,0.2166014507649295,0.219463629698061,0.2701922906662956,0.23363904910189393,0.12754484222350168,0.2579751005595585,0.0891868177528008,0.23368696063957484,0.17517980618192058,0.23994633478004543,0.14949476745857126,0.286619178234163,0.06253472938318448,0.3165271242332845,0.3734827784787394,0.010584451160182294,-0.11138428459251383,0.03734354075732968,-0.1836018241300319,0.03314158737639445,0.01703878025088702,0.011703636166338625,0.06776880154112377,-0.09964612108178621,-0.032429866242855925
0.2028572412301901,0.41623314907964665,0.2003963836452634,0.3042288243115589,0.278864251562803,0.2743584653383745,0.35042531881759703,0.2753528233438289,0.250350206682591,0.2684979944484707,0.32957310288768704,0.3229262766576799,0.3124649912669862,0.38967827919134973,0.9065900249461898,0.39962903344602935,0.3388895172178036,0.3139293441224028,0.31431287160732063,0.3060806574310719,0.3439215888549137,0.22605013267233323,0.269569637793747,0.24917559296201996,0.27794778412529186,0.237911802185395,0.3105882506229741,0.3060348903067697,0.23567453639108607,0.24051974309153062,0.2732401383863549,0.2638241402474431,0.2582259483036828,0.28343204918732445,0.21279809104411884,0.20302127219358615,0.26605008134771196,0.21225344823876097,0.101331413241473,0.24171302677249246,0.09187018688722248,0.20445437934542887,0.17215675854853854,0.27445530754030395,0.1380432298672626,0.25719193537039814,0.06623485283667584,0.3663348048333307,0.3361942756780509,-0.018556046028835115,0.13932121705512324,-0.04243414452322414,-0.03612410783043776,-0.019008648239952002,0.1476033085988571,0.03063628979937588,-0.008570199019534111,-0.12429335959960014,-0.04946755080624311
0.15013678226069774,0.2567845028169597,0.31033807993946366,0.31501601137759827,0.2662835525906977,0.33697050317408095,0.4121876500546093,0.3567965923892822,0.32260490484439336,0.3307431154093058,0.39934164413352835,0.349770078826501,0.377576283757743,0.3700761662817875,0.39962903344602935,0.7426546493929858,0.3284528713104952,0.2810837730680074,0.33156574025385177,0.28828433526804526,0.35950011133318005,0.2463915235925052,0.23992860523321494,0.2967015948719123,0.3070195140656961,0.2933975277721476,0.313984286450217,0.2666356310952894,0.2640793262141085,0.24773964459915987,0.25222944317299745,0.2655925760516556,0.2633480871323795,0.25229816045773523,0.22507391536446011,0.22806692465957737,0.26954883675430447,0.22513962100016768,0.1487301223513466,0.24501348880585688,0.08547406899208264,0.2218079670088557,0.20667209905161385,0.31341656114274297,0.1949113382566261,0.2593242712377156,0.06605727203050017,0.3190115966252165,0.3180103801811828,-0.05292308911101039,-0.06192521525913067,0.015790573535782833,-0.10811092568162681,0.04044856838275567,0.1104755394717941,-0.012117381597801192,0.11610047087433076,-0.0919378359277187,-0.09797644268776326
0.22669862719656259,0.4001728292916849,0.3047778517473616,0.3546981728309594,0.24643050746463122,0.28435229904849646,0.3386020103740755,0.4050722856488329,0.3418550418146709,0.2861376245036064,0.3360108162607304,0.2803096686417556,0.37192765966338487,0.33952825047496277,0.3388895172178036,0.3284528713104952,0.6868799603408966,0.35136889778544284,0.36143205465360356,0.3356536302298412,0.42178361073064125,0.3211993719389809,0.29951167635693826,0.16352252170197903,0.30469446785313953,0.1942005321951341,0.2584046238359218,0.26888608570091477,0.32204318600234905,0.259492348876316,0.2618720266530261,0.32308455225746585,0.3063047326592961,0.2747027524886318,0.22707064931746454,0.23120781996173576,0.2600182718259266,0.23512966343971065,0.10455453091950134,0.2512276986590443,0.09727511975153656,0.22622565845516926,0.1565130314662963,0.22575256803219906,0.1442161492336268,0.2879433977419914,0.0640157700249566,0.37210106623534134,0.38832756441811433,0.02112859816581327,0.03911654670162555,-0.14794735414125348,-0.15498733182255828,0.014732277578559745,0.025557995880287242,-0.03474407079108915,-0.050476646448865306,0.08493192161382848,0.017540204453383387
0.15295593964022802,0.43729350905762815,0.3484228620777608,0.36941240086327837,0.26319394294385645,0.31904601246171377,0.2986519159297472,0.36230863988792544,0.379904917225928,0.2897650826695462,0.2843176352438995,0.31398346834596985,0.34063620261465555,0.3488743123764103,0.3139293441224028,0.2810837730680074,0.35136889778544284,0.7368031823978406,0.32981561302341283,0.3927231637437536,0.4110206972775261,0.3989402522403822,0.28316477829767134,0.31791446072743773,0.27196707577149837,0.2590648136795993,0.20743724591014115,0.38075063584116153,0.24538927870093066,0.2678704251778393,0.26992839978926814,0.3060123269733782,0.2750181347332066,0.296282069611818,0.18305659881461703,0.20842931985285093,0.2715206808784985,0.22482589738772524,0.10481904337344243,0.2531917275753284,0.08064227822292744,0.23410134211566958,0.1922135169928809,0.31580336952978477,0.1535181796575911,0.3144167575596015,0.06404055726105766,0.30931869542391394,0.35268889392901953,0.10371888352866547,-0.10342079401449494,-0.030127904995062328,-0.009205780846712084,-0.014996086826166845,0.10263420637486613,-0.0008210011806484877,0.09391082119226289,-0.07764908510461718,-0.04279913401465716
0.22720912146037128,0.3480363371955166,0.30317947574681103,0.3336037473848308,0.21783650952897668,0.3736444492844092,0.3584862025729068,0.33772963177719967,0.24331309388842562,0.35122607874541484,0.29584160844652957,0.3154411318167895,0.3181864087866886,0.3602359292479702,0.31431287160732063,0.33156574025385177,0.36143205465360356,0.32981561302341283,1.0758810568321102,0.45240603002416907,0.3470216337623047,0.35250431300760493,0.31188870389851414,0.22919403382276582,0.34900583022852816,0.2597704685732461,0.3226360576769221,0.349999419508495,0.31067275600792427,0.2659892036961734,0.3668281106128886,0.3297117005358146,0.3246976664480891,0.32486010918832936,0.2720986371311375,0.29643461440763647,0.33004589891681224,0.3034123679147282,0.22131279475484156,0.30656380918291326,0.15232698287339208,0.2567026709359647,0.29633300897241316,0.23391355581567072,0.21252280984894648,0.19003347166958423,0.0775757506363498,0.21139201954849596,0.3037650675739589,0.00723820993875016,-0.004855810927436004,-0.02652265814144704,-0.18036562792079702,0.009262851775607903,0.13029798330815304,0.07791225246601279,-0.028297903961637963,-0.12663988143542118,-0.09031032175194212
0.1105655625898095,0.3427634380929768,0.36164051058397584,0.412372580310792,0.26573264598613044,0.327709744627103,0.32523720223115377,0.3240262975379349,0.30110833819906363,0.2959694763086032,0.29816535720452725,0.2904954381285551,0.3280530138836203,0.34902818054152523,0.3060806574310719,0.28828433526804526,0.3356536302298412,0.3927231637437536,0.45240603002416907,0.7923738616636826,0.4472625911928819,0.32210271395683454,0.2859206810501634,0.2886666594314161,0.2474025440706548,0.21240553220507388,0.2863845299733969,0.566330651796276,0.2385040298920155,0.18885510252241752,0.3438571750548754,0.34310245308356674,0.32586517353233696,0.3112464293092499,0.1941717933278337,0.2657438374880944,0.28513385021823917,0.27556733139649975,0.150422892012295,0.30016044683810295,0.10129932751752033,0.3029944668835163,0.27196686411768917,0.3803598235997352,0.19535953972577316,0.27941721200036745,0.07473828266153182,0.26487005590479196,0.3814961271600836,0.09833440792760335,-0.08588974357208894,-0.07541361635957373,-0.08512541242487694,-0.011152349190951876,0.13481734329831432,0.020947261266807186,0.037906016841014946,-0.14287872576006103,-0.06112745270828771
0.15926771724173833,0.41709625194185873,0.3535171367974278,0.41913110551904137,0.24105961433354947,0.284999783513886,0.18200754161936356,0.36612283503553905,0.39930768751358653,0.30216476805609044,0.28047919904987806,0.35027411919423973,0.43980042733309876,0.4006620482382992,0.3439215888549137,0.35950011133318005,0.42178361073064125,0.4110206972775261,0.3470216337623047,0.4472625911928819,1.8633284972461046,0.2961447411382015,0.22013925791273306,0.0029772164436536143,0.30002570428021863,-0.07557161884652877,0.4795889068781001,0.3583662488780147,0.43308534827283124,0.2317537111607979,0.35089208965957586,0.4990311563298692,0.39706800001509246,0.4312827907339247,0.24002483293950375,0.31259403355414106,0.34492874486612085,0.3411786384119965,0.12916538586149198,0.3543507555947018,0.1524150087424866,0.3107638118847724,0.2264089911190815,0.47958897781537385,0.14434511800534358,0.19049865058420104,0.0904391766278248,0.36915925708979547,0.43223874772325993,0.010444065409449331,-0.04108059225022477,0.0027751860487041455,-0.10705483151293263,0.023469697302286967,0.06374398369555605,0.037474021334182664,-0.06201957110435912,-0.1238166262224282,-0.020776685482234634
0.12073246955658444,0.2984133590910178,0.297170305780689,0.30483071353634184,0.23211641978882583,0.2566145142242025,0.2544797053468889,0.2687665374626132,0.26156131703395574,0.22698438150352604,0.2634001763372539,0.20516249180428575,0.28417348976886686,0.2605849861510291,0.22605013267233323,0.2463915235925052,0.3211993719389809,0.3989402522403822,0.35250431300760493,0.32210271395683454,0.2961447411382015,0.9580068334225842,0.29493921260992956,0.36323955721645473,0.46120154331776475,0.29240698552408806,0.34288243132624036,0.28892088110339414,0.30711305985666804,0.48164427407523885,0.38318814382196636,0.35704236852500704,0.29265794324382727,0.22093307372124654,0.20531654610016406,0.24135620544181471,0.33184430902091283,0.2696605592062204,0.1490908447877767,0.2899473162881896,0.09767054312562838,0.27653232661053345,0.19943486095160368,0.33446201431101974,0.214989178760516,0.4406097731033103,0.07814309718184173,0.37992328722062074,0.434769807733483,0.011256756078670022,-0.09517936750233114,-0.05135481792595612,0.17943419848062753,-0.060147515528418107,0.027939047743585292,-0.008480552325177505,0.13953136035997776,-0.018603596259347585,-0.05889313945306981
0.16949190504295777,0.3478414588085129,0.24983911028195405,0.26789287398116285,0.23256021548055256,0.19736731999179488,0.2730326769513977,0.2986733230015268,0.24727648102164657,0.2247150101564066,0.25925086524792074,0.15536764298700262,0.2131918791020161,0.24052389513570058,0.269569637793747,0.23992860523321494,0.29951167635693826,0.28316477829767134,0.31188870389851414,0.2859206810501634,0.22013925791273306,0.29493921260992956,1.0459410128879534,0.4434950884748164,0.17681613992470852,0.24130815620874024,-0.04915688645602166,0.286472938280501,0.06300120047091665,0.18448877811310818,0.26102837989419675,0.23845841939337672,0.2382787697553964,0.325809878287562,0.07946413434979982,0.20175792520672553,0.16711802194156952,0.20496472791471923,-0.0008010895990879151,0.22801983930893058,0.0600498648864439,0.2793360894657321,0.28589042692553257,0.3827154059012936,-0.03324100831731125,0.39753945067868884,0.06182330026820935,0.149130515867212,0.3152197971990354,0.02406102449879049,0.08236645384111425,-0.03783544864283037,-0.11426824256197333,0.019680474782090285,0.2813570962616292,-0.016476672202769962,-0.1419541714440028,0.1459534660195584,-0.1362575585504683
-0.1588175016337009,0.12367444115564942,0.3264287771015477,0.22753646572312386,0.21726887485623542,0.22967218859315391,0.24212093609287566,0.15874523583475159,0.15260748924714457,0.1873737964015416,0.2657951952530018,0.1896168001695724,0.21450777280677988,0.18729407974316625,0.24917559296201996,0.2967015948719123,0.16352252170197903,0.31791446072743773,0.22919403382276582,0.2886666594314161,0.0029772164436536143,0.36323955721645473,0.4434950884748164,1.9734493719848463,0.4433164809704417,0.8611321630242471,-0.06984470492198323,0.3536978692446036,0.015967842563965013,0.35768431053526584,0.27698034229776747,0.18898593088524804,0.2435723482147491,0.324392382658881,0.02757179686230613,0.15997673144421204,0.2507175613091942,0.19170239847741596,-0.07666273579082836,0.26205137323960376,-0.07606096255591667,0.24644437078326534,0.23921525904206142,0.49012900111752533,0.12963760717293257,0.3280777788886237,0.04660701372874336,0.1892588752783802,0.24103257052516242,0.05272151535694591,-0.05750308012720466,-0.04710473522854216,0.04056001882252619,-0.014574565646168092,0.35827225710456123,-0.1360424322787569,0.2269732728808604,-0.11996583303163066,-0.06991998681765807
0.2003112128468153,0.26562450068472016,0.2696901540125366,0.22502446069353577,0.16033461207300306,0.30174240410888825,0.27896152005457137,0.2649926462420226,0.23214948815860878,0.23734851165502371,0.2785362342485337,0.20724791182732918,0.2775799506790583,0.28091471674536295,0.27794778412529186,0.3070195140656961,0.30469446785313953,0.27196707577149837,0.34900583022852816,0.2474025440706548,0.30002570428021863,0.46120154331776475,0.17681613992470852,0.4433164809704417,0.9133140993170555,0.3274258009701913,0.7302420377572186,0.19758134152937035,0.37355811763170693,0.6131163971038213,0.42991530377812015,0.40954742583155207,0.3657046980470048,0.18490591650779553,0.2895160324778411,0.31258188976216716,0.41802390216337215,0.30440256210642413,0.20113690615532392,0.3440872925989438,0.08876195001382471,0.31211180349525286,0.2017041653363476,0.425841696514417,0.34915083395358426,0.43904603672145404,0.0824814117308316,0.5297396761173842,0.5379261790539785,0.027583150576979774,-0.0156771271793008,-0.055823074879341086,-0.12702431157270952,-0.01798491705547203,0.09659030167427951,-0.03997458961170776,0.035186796014830775,-0.08023959928994928,-0.005484959194442603
0.022267743118159745,0.14841415191484933,0.1885982433155275,0.16477814139956998,0.1727215452305785,0.2600731166459673,0.24750965570761727,0.1874156009620737,0.17156388746070914,0.20731981510920242,0.2652922410839988,0.18985505072896094,0.23975166110186907,0.2186481599256628,0.237911802185395,0.2933975277721476,0.1942005321951341,0.2590648136795993,0.2597704685732461,0.21240553220507388,-0.07557161884652877,0.29240698552408806,0.24130815620874024,0.8611321630242471,0.3274258009701913,1.0835937839151726,0.22164508180285244,0.17848339549938966,0.14109357482268262,0.400053779349693,0.29937753692208635,0.20888590992518702,0.31309685773374524,0.3641026240919645,0.35068940039842117,0.23483041638229013,0.3416740900125788,0.26025340609682723,0.16668080296493407,0.25142193849408695,0.0674397320686113,0.18116874891005738,0.19457478228075137,0.23336090600457207,0.29452393374342545,0.20716235779050188,0.06696581905590722,0.2091219716804889,0.17004556482988387,0.02249956841325272,-0.07482883661448154,-0.005398968339100474,-0.04794159726924853,0.007425810661765269,0.25186333699423885,-0.05335889625345513,0.1575025060814937,-0.09998111600627958,-0.08930223556651347
0.4614022247951458,0.29733816741361224,0.21245546497073603,0.13202852388678382,0.0881691861598147,0.38880353983940213,0.21559120429417708,0.24133834829577558,0.2462903129299202,0.23547680723408368,0.2929075404262344,0.19353856432075317,0.301086973139443,0.29968332365664047,0.3105882506229741,0.313984286450217,0.2584046238359218,0.20743724591014115,0.3226360576769221,0.2863845299733969,0.4795889068781001,0.34288243132624036,-0.04915688645602166,-0.06984470492198323,0.7302420377572186,0.22164508180285244,2.7734517948603186,0.2656845594300953,1.0635533694331765,0.6162774620294893,0.43357612246234883,0.3568740738952751,0.3351013514766003,-0.05609128956038354,0.3562795965331773,0.42381713961036377,0.5135746769402517,0.3368605887675563,0.2994503921554468,0.42187926087996097,0.24617000155571972,0.2778777563559529,0.2912135247164371,0.09772319410287858,0.4346252785417732,0.26404537542391815,0.11907027866746014,0.572442070290427,0.5704240546184409,-0.059033759756887065,-0.0968135228664625,-0.0002596623950509994,-0.11894694559511244,-0.04530549293955798,0.03422518775540771,-0.0997530509682581,0.1584254313722468,-0.07168482770311041,-0.02237057962326534
0.04081620894499481,0.2934124005293814,0.3647179964887194,0.34740259673051077,0.24310610213966144,0.2936740819497011,0.3128980149474223,0.26796460952108386,0.2646189909861841,0.25616156163980713,0.2594428876833145,0.255587667685083,0.2843666836543018,0.3064235022054838,0.3060348903067697,0.2666356310952894,0.26888608570091477,0.38075063584116153,0.349999419508495,0.566330651796276,0.3583662488780147,0.28892088110339414,0.286472938280501,0.3536978692446036,0.19758134152937035,0.17848339549938966,0.2656845594300953,1.0364027362368438,0.1899266478509504,0.057932724682487495,0.28144955013858225,0.30485096852640375,0.2890719959089264,0.2662224514203648,0.10047845148480833,0.21729927767922813,0.22396695789080304,0.24312134139784136,0.07231406773678194,0.27369589042560943,0.06947358423273468,0.305271680074218,0.325947656022698,0.4114700016362991,0.09152917020813352,0.24039812037465225,0.06779816647622106,0.1881271635754996,0.3697507918537746,0.058951128569891355,-0.1005497529847546,-0.015496972568083195,0.004441772450540261,-0.03514352025247087,0.11638057188766365,0.031005390704190543,0.07270386877739311,-0.1461942039148388,-0.066229275487277
0.21042086629325943,0.19613474564675096,0.21061143916016037,0.188648673780344,0.14469543643413094,0.26083786386125457,0.2339151764583342,0.24668502746894075,0.2062501262133048,0.23692011782627806,0.280072204139138,0.24050738564031662,0.2658477676309179,0.25119710656707406,0.23567453639108607,0.2640793262141085,0.32204318600234905,0.24538927870093066,0.31067275600792427,0.2385040298920155,0.43308534827283124,0.30711305985666804,0.06300120047091665,0.015967842563965013,0.37355811763170693,0.14109357482268262,1.0635533694331765,0.1899266478509504,1.8353051646803034,0.611992722202481,0.1991321733053475,0.34998699401148226,0.24735397656728716,-0.1837260320958892,0.20951185268287292,0.30169829656477243,0.2712264204285771,0.1675992614198086,0.19513786335079936,0.26978039704150747,0.20066962944861547,0.14349811508608704,0.1889667819733312,-0.29393077248285343,0.2656307286426319,0.41474935388775613,0.09973505960958332,0.711932592951754,0.6016447526588408,-0.013439651311267288,-0.04670567191727491,0.011889898939573089,-0.12809514491381532,-0.045760989523974165,-0.07204498715083603,-0.0317778615164792,0.029374889070187638,0.029602374625668757,-0.0030510024163009583
0.2822875458200336,0.3544592066257637,0.19962311632062082,0.16021736987631882,0.11737265618634403,0.2768521337198031,0.279125109538539,0.23491909708852848,0.18513863220672575,0.20397630515205328,0.2837102646231692,0.1624118043898253,0.2616662341288182,0.25941371422690246,0.24051974309153062,0.24773964459915987,0.259492348876316,0.2678704251778393,0.2659892036961734,0.18885510252241752,0.2317537111607979,0.48164427407523885,0.18448877811310818,0.35768431053526584,0.6131163971038213,0.400053779349693,0.6162774620294893,0.057932724682487495,0.611992722202481,2.4840134234494835,0.4251689953652095,0.6154345313330807,0.5173583927923743,0.33707201915517876,0.4100798138481525,0.47923910441357886,0.6404697818385652,0.5252581863578921,0.37008068345392287,0.5665216622706866,0.11419136088156952,0.6343011481401989,0.18003120791900895,0.0814522176296536,0.46718318292795996,0.6641463125437478,0.09733979915981326,0.581754760685877,1.0224775773774164,-0.03216330858255242,-0.09429845161861138,-0.0030889451753688003,-0.10172577544929595,0.05024322627102836,0.03296305250984549,-0.06298885522608312,-0.043362014334996604,-0.088672463943945,0.09905868831331366
0.2944769344279824,0.36850211962771184,0.20690432286449434,0.2088517130300888,0.18542535144821934,0.21110046586869788,0.24450998766177756,0.25927325798514916,0.2610405881088102,0.22086675473574566,0.26396059970450836,0.2207119742052486,0.26783363089156426,0.2840566311683354,0.2732401383863549,0.25222944317299745,0.2618720266530261,0.26992839978926814,0.3668281106128886,0.3438571750548754,0.35089208965957586,0.38318814382196636,0.26102837989419675,0.27698034229776747,0.42991530377812015,0.29937753692208635,0.43357612246234883,0.28144955013858225,0.1991321733053475,0.4251689953652095,1.704090465921693,0.9612282020811547,0.7507226212799998,0.29076687317241656,0.4239759358411278,0.5199570035561496,0.7078745696788662,0.5649348749331035,0.34819367062384354,0.5789757850222473,0.20285360548332557,0.47106955198147094,0.11954339934075944,0.3531041023929754,0.6233092618533932,0.5542216926912655,0.17631153199371438,0.8377203819754159,0.7989022446855588,0.11269454433561418,-0.15080930761236946,-0.17531055308458576,0.0545651901070232,-0.03816746705745476,0.14658678691122212,-0.006119878136129607,-0.023556127997613373,-0.11846595881419675,-0.0023682684244073597
0.3386664740719172,0.4490604853568693,0.16207203235981768,0.22146728301418198,0.19897572420237433,0.16824020425280908,0.2699590889415537,0.3082571558862653,0.31645364999573655,0.22138728166547128,0.25021783272212494,0.19720870331495463,0.3160557455525466,0.2869122260865494,0.2638241402474431,0.2655925760516556,0.32308455225746585,0.3060123269733782,0.3297117005358146,0.34310245308356674,0.4990311563298692,0.35704236852500704,0.23845841939337672,0.18898593088524804,0.40954742583155207,0.20888590992518702,0.3568740738952751,0.30485096852640375,0.34998699401148226,0.6154345313330807,0.9612282020811547,2.0623309320162493,0.995924907428414,0.4386070293290651,0.40124427503865784,0.6233188144107851,0.5585878595883057,0.43530095409512537,0.24868267063289412,0.5251721246933633,0.21131458551031418,0.47457711575489736,0.07635412371711739,0.22288160307533172,0.5346165461529082,0.5089531902344222,0.1293033057067075,0.9585753427514312,0.8446824737552411,0.07597647470743372,-0.12490218564039184,-0.01900940396001379,0.06462895019162154,0.001985079258055339,0.06704777812430623,-0.008900925784074327,-0.018564759261542947,-0.048947664246360156,0.08946615785179544
0.18982017562666317,0.3390390417401838,0.2439440028427288,0.23945714407822408,0.18660553865933652,0.22695899262528668,0.23757805475064628,0.26579363669608935,0.2586213173222155,0.23139829453896146,0.24249561424236907,0.21426102215196907,0.28698475817262115,0.2861012084829008,0.2582259483036828,0.2633480871323795,0.3063047326592961,0.2750181347332066,0.3246976664480891,0.32586517353233696,0.39706800001509246,0.29265794324382727,0.2382787697553964,0.2435723482147491,0.3657046980470048,0.31309685773374524,0.3351013514766003,0.2890719959089264,0.24735397656728716,0.5173583927923743,0.7507226212799998,0.995924907428414,1.1938636904259006,0.6091488023619607,0.4968503889539806,0.5951108762910836,0.570367978610284,0.7094811738683118,0.17028709624304333,0.5453755588100498,0.20521035537348323,0.4727927405122394,0.2354553258449024,0.2784256598803771,0.3584898578083135,0.2838212335568516,0.10655742142051843,0.6178146548554672,0.6915673512843146,0.010128450974995238,-0.03827665892889892,0.07541070412014435,-0.16301385985630612,-0.04221929869519345,0.03980215070121056,-0.03998255433838862,0.015339237239298737,-0.04690790466895311,0.06517165185252206
0.13922377523859827,0.36707624193864063,0.32462736849985235,0.28773896234058444,0.21993423811568777,0.21391897687965586,0.22286352645383595,0.25519897434842104,0.24445875610099801,0.2608382190531162,0.2420292846976915,0.24844814461022163,0.28497904269714197,0.2820071746377652,0.28343204918732445,0.25229816045773523,0.2747027524886318,0.296282069611818,0.32486010918832936,0.3112464293092499,0.4312827907339247,0.22093307372124654,0.325809878287562,0.324392382658881,0.18490591650779553,0.3641026240919645,-0.05609128956038354,0.2662224514203648,-0.1837260320958892,0.33707201915517876,0.29076687317241656,0.4386070293290651,0.6091488023619607,1.6347341172479048,0.48406021207749916,0.3811277524835811,0.470261900616617,0.5673895178834414,0.11738122525362694,0.4440610906712426,0.2843086206011089,0.2870760484579079,0.12574856698771153,0.3435656693778988,0.0220883089405171,-0.10517718138179473,0.13854372638282803,0.015945307840180948,0.14615751447019174,0.012096170947602687,-0.07171682821723889,0.08661956184953279,-0.024453379011214565,-0.0036620086106403235,0.2461263198847158,0.01843585920668747,-0.03634906795480741,-0.16755917071173398,-0.041637898437043824
