0.9467479881105367,0.5440007039796129,0.11156586359689256,-0.12161230059050177,0.28131650248513357,0.0865193009906027,0.19405906708860987,0.21402079786592848,0.11048033428666634,0.08838937406108414,0.11794689346290359,0.16370691432267367,0.08256222358861173,0.16240679995596122,0.1769724997460459,0.12285652932631144,0.09353760660757575,0.1539054955012463,0.15267346112560853,0.06031591011321347,0.10941786868808208,0.10059712804967073,0.09302664211445245,-0.03022525694735119,0.11901862689392094,0.03593445876763892,0.1293293509343587,-0.13203256173565409,0.1918634019781536,0.14359553696827368,0.11795984579637442,0.12557262678344247,0.11048051098517439,-0.1827687012081644,0.18257652686905154,0.09918760475456663,0.16405645513626996,0.06527277822137711,0.09151041343656685,0.06864992822992726,0.15641010482946782,0.10537921530601753,0.11705200554407715,0.08508065502387265,0.0885067273342861,0.23140359180380093,0.12785922661066648,0.1087481535637526,0.072350996087267,0.09980459019502151,-0.01817200161877533,-0.047966972132683604,-0.06379158250453468,0.0456304382124192,0.04168158408389224,-0.01597211266117887,-0.01922014696807033,0.060651009343352685,-0.17391941703818187
0.5440007039796129,5.3614025909380105,0.2886172109080371,0.04864064844777365,0.4515174315974487,-0.20596080659422963,0.19096388305964604,0.05961005301279086,0.19877653002739148,0.05105459826087931,0.14654124942045632,0.3180043438683863,0.14175532704185906,0.18213988597478814,0.6171168282436116,0.1596450316748929,0.10232832284520707,0.4574779746329769,0.188663617594301,-0.02562988222177839,0.11493202174289358,-0.025870905881782497,-0.4129715935218902,-0.1243256399973778,0.14924409097546773,-0.3296949938355894,0.3450858119681295,0.5766847837324433,-0.010075960341639321,0.20705310559290235,0.19232876441266694,0.09468641275885636,0.36586354364223855,0.09845431107766658,0.04736637425475426,0.3288830712153373,0.3840118532443089,0.04000304526938046,-0.052871001647519095,-0.0756994878088173,0.28018492294660957,0.10173487441332753,0.08496094430425391,0.5072676534445153,-0.5000741558960542,0.3284880386772613,0.0632982811732321,0.4277626174845562,0.04835334672528957,-0.38346313937268073,0.12897695507812593,0.019835078352741856,0.13215695586952986,0.0010004262982449615,-1.0173882415089022,-0.005231078304563898,-0.2405440061294024,0.5022233058162046,0.6472180597652111
0.11156586359689256,0.2886172109080371,1.8504944876473646,0.48769183493638824,-0.1629509061966251,0.2849088276719312,0.19522701264915626,0.20904990348040484,0.2727905140679295,0.35745231577023945,0.22550425330660112,0.20064219395576405,0.13712465637680757,0.1922328326783453,0.2789535961627965,0.14658376290403285,0.3217990359030919,0.24146935169994962,0.15321548828930534,0.2421494315324126,0.25774301403867395,0.26976411588782345,0.15314722545443113,0.17931871109712208,0.300384232329875,0.11903794958174393,0.1574490006488002,0.4512839039898289,0.2680617231829068,-0.29135646118231223,0.2981682495195206,0.203557503383364,0.2149220766223807,0.5125831142264414,0.1004451062380383,0.4751918715579646,0.17729613107310802,0.2157144557899292,0.15405432580387501,-0.4006768365309557,0.4809683186045276,0.2424532902200995,0.2544788403493341,0.6973219453946702,0.06238487701992383,0.7565728682109422,0.10032849576355105,0.16939806617151992,-0.7205316991264114,-0.1796081941796772,0.18689226949439464,0.10901658094191177,0.06339441761450514,-0.12645570186247984,0.048786094877691845,-0.036955801514249084,0.022462962854145802,-0.12636584074956922,-0.045208521944918964
-0.12161230059050177,0.04864064844777365,0.48769183493638824,2.3761288841948938,0.10099574799534135,0.47707428702534965,0.46862071561936397,0.1928304993748052,0.17519401046754546,0.3886530319113207,0.300561421056627,0.5345351367243006,0.16081585619258174,0.4207500143888787,0.2932013687122647,0.3776949783301285,0.2707151456133458,0.30626410308098184,0.2382904352346867,0.2726320171187953,0.3220761159633507,0.32039495337560836,0.22773711582646852,0.29166435256735723,0.3537140874206419,0.313335920705169,0.2726601793965478,0.4671489480150798,0.15352186575714272,0.17921623385417154,0.3179461718679213,0.3866147161665331,0.34480588251815236,0.6865042370407773,0.0033921784591864237,0.409789490747327,0.257706611045261,0.1778822787629681,0.3786762292745197,-0.07862616483660154,0.3413743126216369,0.3122546289103896,0.3615383009750101,0.7023496467549485,-0.35072378511119157,0.4641377255797264,0.2863640342815714,0.35902079525816666,0.4279049053273952,0.07664002914562203,-0.13652082614489558,0.061368397974684984,0.015467245263424443,-0.2065594271418372,-0.2690257245458776,0.0014809843329905037,0.0788801475227435,0.26870288094238665,-0.1678935056039596
0.28131650248513357,0.4515174315974487,-0.1629509061966251,0.10099574799534135,1.251245894355223,-0.08216807781226225,0.1517991682323895,0.34081356449074623,0.11183915828822726,0.07601813132313924,0.12195824489944056,0.17603450155000716,0.12770383412087938,0.15120780110518608,0.20110208291481615,0.23098863372358863,0.14089489272576905,0.17218014947292837,0.421534065851645,0.14099538526232877,0.13811921015344428,0.16725419561453111,0.2730274791391927,0.14715007585860282,0.09105839436680456,0.10212776970813402,0.12701010630735485,-0.009354919842653395,0.08706685193276908,0.2696185691494589,0.1667898625464481,0.11803213330520339,0.22130495570801206,0.14429823386059373,-0.017796493511571282,0.20242702970411428,0.2915406149372164,0.10384290710617797,0.21673190713850046,0.09191853057602792,0.13242367271487196,0.14513329605648925,0.08001057177720988,0.08184016726967934,-0.24760653438911728,0.17507080019225435,0.17125337541734936,0.19198811195229132,0.48191016769804007,0.4640641780596849,-0.21567138916732584,-0.18480520963768357,-0.011215462165780848,-0.04835433190859089,-0.12739947171675486,-0.005663252189489263,-0.18095079544134607,0.10817297323473121,0.17614420999283778
0.0865193009906027,-0.20596080659422963,0.2849088276719312,0.47707428702534965,-0.08216807781226225,1.1279218263244701,0.3023185632462992,0.01793549517590512,0.18687897182305271,0.26096416219520663,0.20625773676809553,0.2449834325445216,0.09826058954033406,0.24670672553926304,0.17021571446173198,0.26318179350072296,0.1502023038564539,0.1580703643905886,0.34973070807677403,0.28230785867353125,0.20247368198357832,0.25648143549092234,0.1019131387219715,0.18535815159733376,0.2642087711639868,0.33159255822325956,0.19935074214937842,0.2615112883976473,0.3612185733080652,-0.047373288613790414,0.17331419366374906,0.23977162089501125,-0.07904513741454021,0.4427725428449541,0.22814059645192974,0.16401713693986067,0.037896956919391774,0.17830737571407007,0.30412439385976037,0.0871674931806548,0.09672353399343062,0.18865019277670936,0.28921059003372207,0.237965094466691,0.007671508965865542,0.17696867669693986,0.17566306695670061,0.10869122867758488,0.34012709311806644,0.24602502367374898,-0.3342573950803577,-0.23052557144453392,0.016336366138803928,0.07630968677370113,0.0061471438734741046,0.0455520787356612,0.00924143079119701,0.13515675242565367,-0.23027216105503787
0.19405906708860987,0.19096388305964604,0.19522701264915626,0.46862071561936397,0.1517991682323895,0.3023185632462992,0.45735833774280615,0.07335887368343405,0.20706549619831133,0.1802624026800327,0.17892526563493202,0.362250621603714,0.10862034152428625,0.16044087298071927,0.13088440512461583,0.20114568578091818,0.16607231350790075,0.15857588307425063,0.17279251200756704,0.1314077076045091,0.14773312321684218,0.18035483821851947,0.14646828313445975,0.13296205771676697,0.2080291028092122,0.13308729197114885,0.17479357114975927,0.09104585318404686,0.17200852509157064,0.09894696839988333,0.17592579914454465,0.16999176339837155,0.11812123520159165,0.27320983390341186,0.14232384412809354,0.23377476311150971,0.12627745493691564,0.0970998476160096,0.14928877576836114,0.03745290182335077,0.11399738842512985,0.14555331433305235,0.13628970642104538,0.19582790199778574,-0.022074416036621927,0.228911136806115,0.12670866291815813,0.11957761436778444,0.1523842698072682,-0.0056614057429964825,-0.10069875567649925,-0.032315191810126966,0.0331919618536004,-0.027118213461941588,-0.04506325825504342,0.0637391538669836,-0.00520473073133627,0.08776552100593066,-0.20218267730202252
0.21402079786592848,0.05961005301279086,0.20904990348040484,0.1928304993748052,0.34081356449074623,0.01793549517590512,0.07335887368343405,1.0450210942956208,0.02316389750507843,0.12142776365562863,0.22055116702234803,0.029185674275885903,0.14848127227233265,0.24940745945343093,0.06776247482096874,0.17387783673645585,0.25132040462150396,0.20501598377392752,0.18585965428145612,0.2849453670785561,0.24037656486031886,0.20623562606499324,0.17115288847052773,0.16080905271878965,0.22113923510221872,0.26766029622639914,0.1494756917488285,-0.06962857109172152,0.1969529883306626,0.29604248886737183,0.21255872604960274,0.22074559262435806,0.23837796815810597,0.27761218690504696,0.25007509705586445,0.2137994601690028,0.2978321322445723,0.16195180816866392,0.3931699273883331,0.10850886590601957,0.31096647478584194,0.22714389268692195,0.2766690882817732,0.30546710100158475,0.1168125273561527,0.3968752421828671,0.32660799044329597,0.2630840564232754,0.30788632955037604,0.15299084153988604,0.01153122468113053,-0.01434992978107883,-0.04886841932814512,-0.06277595203032675,-0.07886068772138109,-0.1674931792619991,0.06143594247147138,0.26213560665579777,-0.1277302940484972
0.11048033428666634,0.19877653002739148,0.2727905140679295,0.17519401046754546,0.11183915828822726,0.18687897182305271,0.20706549619831133,0.02316389750507843,0.574345611597119,0.14629676067785716,0.1657681460507094,0.1054236234182295,0.10338965858287243,0.1292912610472027,0.10438090360385702,0.11329171356708913,0.1930486056835542,0.14485601010668434,0.14040293198936438,0.11971520707334164,0.12424209067454028,0.1389922220194217,0.13758541615027814,0.14566926884773068,0.10785128782449316,0.0831399393551369,0.11682450501887023,0.25902327180167856,0.11427428019336218,0.05025539854382902,0.1395593169599357,0.10304711713043443,0.106497279840953,0.21592901224525538,0.049317472364694775,0.22987654969074936,0.09442097120160509,0.07994098992182035,0.07983039192660132,0.009026463641561368,0.16623010610533617,0.11945088883831492,0.06553357539008116,0.11870880980014654,0.10489606310402008,0.2207865541627755,0.10095607424937389,0.06447158223579758,-0.07859289613269005,-0.1511088134513637,0.07939758228362093,-0.05003549197212272,0.19191113174581215,-0.012830902184058197,-0.018324381700826,0.1171522634965756,0.003930212651376044,-0.026399138728048173,-0.14623854368699626
0.08838937406108414,0.05105459826087931,0.35745231577023945,0.3886530319113207,0.07601813132313924,0.26096416219520663,0.1802624026800327,0.12142776365562863,0.14629676067785716,0.6492712882155998,0.14573754659508278,0.1419006431338762,0.11132870264173333,0.1685576256005882,0.2025143868685291,0.15868785608792285,0.19753687998550493,0.1922647980570253,0.13255566190728132,0.2278974165384295,0.1585196134216171,0.15147336894794006,0.14201939292759275,0.1557967168886085,0.17745619976478597,0.11931514812550102,0.1676177169561727,0.30894083581363124,0.13525049537191164,0.09452912734356511,0.18685257644475697,0.15660751230946546,0.05520494477970582,0.38217458399248977,0.14657219945281888,0.2572789606083061,0.1050522684203894,0.13722235159461424,0.1923971239460353,-0.0016590382039450946,0.2918308737311678,0.14671003168180502,0.1398547374292494,0.2705397249749769,0.06950771437157026,0.2652943904390554,0.17782712387776137,0.1628024006443309,0.049873514244071944,-0.04545937618326611,-0.038050109065465666,-0.09515948392670164,0.1330081763859752,0.04509292959400693,0.051834937898020496,0.09706636092236312,0.015568193954290828,-0.14926654979271037,-0.009783068200565199
0.11794689346290359,0.14654124942045632,0.22550425330660112,0.300561421056627,0.12195824489944056,0.20625773676809553,0.17892526563493202,0.22055116702234803,0.1657681460507094,0.14573754659508278,0.4129668542900213,0.20181268347733597,0.1466443239679969,0.17091355336307823,0.20337857744258125,0.1747014607612359,0.31237550277071585,0.17347595620093947,0.1401527354712674,0.21877831212381998,0.16726922824031562,0.13665242904112554,0.20777834226272712,0.17288172618056047,0.18522326217450968,0.15075195313377387,0.15900394465829765,0.22022093105227306,0.19037132713859045,0.09265163948368194,0.1839067267235164,0.1397027167112796,0.15421016396364595,0.23662027932795204,0.16774595856034988,0.22916371107670128,0.21204453035508122,0.12594639057295592,0.16617664246698832,0.07793643186652602,0.19093226256607146,0.16625877892424618,0.1548805216959043,0.14001081254743986,0.06432614812333518,0.2832055385197536,0.1747826466947793,0.1786564806590541,0.08471745204419731,-0.0046424416194689455,-0.018104250949592757,-0.016884078835929347,0.11234190052103178,-0.010350009099272292,-0.06578784338052203,0.011524352107076223,-0.043559396506825075,0.07150496104320798,-0.06228439813533785
0.16370691432267367,0.3180043438683863,0.20064219395576405,0.5345351367243006,0.17603450155000716,0.2449834325445216,0.362250621603714,0.029185674275885903,0.1054236234182295,0.1419006431338762,0.20181268347733597,0.8901830532244683,0.11730936915071852,0.18060295829068018,0.24486922120157958,0.23614604253448576,0.19571096857972264,0.14535124250095804,0.19583897382263402,0.11420978489332194,0.14603099063854114,0.10777547374599421,0.15937795372254732,0.14186906720385345,0.2948614571203922,0.1345645347948958,0.25063270658639114,-0.07342087578472395,0.18564320545477137,0.08345455712221485,0.2231113348212057,0.2155466943863534,0.20502393311803283,0.24869623425689674,0.232595081103891,0.26118046241172377,0.2340136264921916,0.0976210108695714,0.020828084676134558,0.05486053805037657,0.017658249799458535,0.15064600984965812,0.19040501877864607,0.16398351845843753,-0.12721396822239478,0.292334123483369,0.12878474002670995,0.23941755986740992,0.22516957369431528,-0.13745182640288522,-0.05962084243234144,0.11869381338205162,0.031781256875482757,-0.07726154217512989,-0.1186973130360544,0.07609616384798239,-0.0625965541165622,0.1457152786130869,-0.19031956264944208
0.08256222358861173,0.14175532704185906,0.13712465637680757,0.16081585619258174,0.12770383412087938,0.09826058954033406,0.10862034152428625,0.14848127227233265,0.10338965858287243,0.11132870264173333,0.1466443239679969,0.11730936915071852,0.24269877603978637,0.10528157053986847,0.061000814375911164,0.11921778201719235,0.1463337691130584,0.11728405905199465,0.10658119813906934,0.08400863792227926,0.10588737293141245,0.15808996740623782,0.12922666259874974,0.09394320056500984,0.11601431773896877,0.08106251622743946,0.09560226976621165,0.0973036376763936,0.12764944712798076,0.06806945768511166,0.10685462395669784,0.10205920198260052,0.11891822447910753,0.15643340746563583,0.12265003669615925,0.11005121441692432,0.1191635227028362,0.056436296569977104,0.16349039853097505,0.024754893430371853,0.13954824493257867,0.10447086126775405,0.11046205550104389,0.17366421356445888,-0.02231813568096776,0.14992351779849447,0.11196077976337294,0.0616843551635998,0.12008781317330704,0.03487472021580325,-0.03416310257783623,0.025904747669909925,-0.0013497408761812349,-0.030302296317683393,-0.02841954545027112,-0.02104879478495171,-0.057837685813981014,-0.027638837229221887,0.10574238230187553
0.16240679995596122,0.18213988597478814,0.1922328326783453,0.4207500143888787,0.15120780110518608,0.24670672553926304,0.16044087298071927,0.24940745945343093,0.1292912610472027,0.1685576256005882,0.17091355336307823,0.18060295829068018,0.10528157053986847,0.4130552814492858,0.23450661656721733,0.23352888164078403,0.16440494390744678,0.18627198430525518,0.17275541523294324,0.18525358852885893,0.19429972299859355,0.18707903888220911,0.15596648324834533,0.15512655326934807,0.19305861705482727,0.19750550133925354,0.17715437765405906,0.21812238075848875,0.1866504094817315,0.1560183855508591,0.18015221157471456,0.2814013957884731,0.1893524439141715,0.22732661989071815,0.12335325363765218,0.21531591281684503,0.18813630050880562,0.11359564108151113,0.190887586085604,0.0546449278448978,0.24158254185780223,0.19137433648983818,0.22701733046768113,0.23379485203139969,-0.04571334826852724,0.29733955686628627,0.21383765539631355,0.2013475666473563,0.2920687991980123,0.10331078535811945,-0.051953505857577756,-0.030390985836238917,-0.026279053644953303,-0.023957110282639565,-0.12892195264758174,-0.016232239218082013,0.010043490974223359,0.17516982616979726,-0.1138943526801867
0.1769724997460459,0.6171168282436116,0.2789535961627965,0.2932013687122647,0.20110208291481615,0.17021571446173198,0.13088440512461583,0.06776247482096874,0.10438090360385702,0.2025143868685291,0.20337857744258125,0.24486922120157958,0.061000814375911164,0.23450661656721733,0.9457287303160598,0.09298678394672351,0.08780268290577338,0.2918168394595586,0.20740415787514338,0.12656463396279108,0.1981136945742921,0.07404664064276029,0.26877564149865946,0.17952360226458872,0.24728667128116052,0.08484167693383848,0.16533096142653614,0.4311827702612794,0.22370622042242014,0.07417718535925429,0.19164313599423824,0.14489034989260485,0.24485664756873593,0.23737165009665798,0.05706452383306092,0.24113388580270806,0.21734541309761174,0.03604659096728686,0.16224950762354695,-0.026343238090108304,0.28405435034757837,0.18711187943307736,0.1607348161637676,0.24975420890634248,-0.18203318640735458,0.3109531702093546,0.17021620885385308,0.3124400870613682,0.24465980489942193,0.02887718085493615,0.02378581299235289,0.05930798986963917,-0.0010486142589357168,-0.09059495751277606,-0.14600690884402792,0.11186709629680178,-0.15969926940339083,0.10659171394670844,0.011652164355815457
0.12285652932631144,0.1596450316748929,0.14658376290403285,0.3776949783301285,0.23098863372358863,0.26318179350072296,0.20114568578091818,0.17387783673645585,0.11329171356708913,0.15868785608792285,0.1747014607612359,0.23614604253448576,0.11921778201719235,0.23352888164078403,0.09298678394672351,0.7132533105213764,0.269811734266526,0.14631906311866197,0.21323679825255226,0.22453077347430803,0.2511862217232891,0.1943818062104693,0.06160959341753814,0.20982866527965022,0.25350767863326384,0.22547413952251963,0.24787383557834955,0.25802087254968137,0.27714601208549716,0.21341496381819955,0.21634012618061116,0.2259963629557382,0.16929390070724532,0.25563161067086515,0.3353806774183289,0.19800285105657184,0.31302084248268996,0.1186792320684694,0.23568920069187066,0.16339241243744285,0.2660185921960639,0.26469970641136564,0.3266557731091732,0.18188126310651978,0.12457905776399279,0.2556102141786173,0.2365289832340413,0.1878856695839639,0.31370795222648235,0.0069710381146069885,-0.05323469302161767,-0.08025925410336475,-0.07902420707654031,0.011436052628932816,-0.08708875858431965,0.05578371823841523,-0.12231346281033247,0.12883752847961133,-0.044709653693875404
0.09353760660757575,0.10232832284520707,0.3217990359030919,0.2707151456133458,0.14089489272576905,0.1502023038564539,0.16607231350790075,0.25132040462150396,0.1930486056835542,0.19753687998550493,0.31237550277071585,0.19571096857972264,0.1463337691130584,0.16440494390744678,0.08780268290577338,0.269811734266526,1.0692532433534574,0.08147387017081427,0.12500941656404027,0.3664855049136151,0.20425596006739144,0.196454723510556,0.2750691964066005,0.23470000114509648,0.2924879732802669,0.14387631712236196,0.23369667013182407,0.3352891138021042,0.2375548092589701,0.16301328693831943,0.278683985822017,0.1419816667399181,0.29759408291477935,0.29508700273270944,0.2687469011339623,0.2988862487976774,0.5350657483771273,0.2337569143125278,0.07481540886536155,0.08117999572090509,0.27355941451770727,0.2097881949792482,0.2044156274821706,0.1222229556818678,0.04744290327189595,0.42830799242163986,0.25689519451151926,0.19910683158425618,0.085182522420893,0.15295623835257996,-0.21317716170326348,0.13009478671891536,0.23276796904016306,0.03150775232339049,-0.025964783105020057,-0.0049897152452889875,-0.07559364155982613,-0.004976968283212914,0.02394176383616813
0.1539054955012463,0.4574779746329769,0.24146935169994962,0.30626410308098184,0.17218014947292837,0.1580703643905886,0.15857588307425063,0.20501598377392752,0.14485601010668434,0.1922647980570253,0.17347595620093947,0.14535124250095804,0.11728405905199465,0.18627198430525518,0.2918168394595586,0.14631906311866197,0.08147387017081427,0.8505567569306127,0.18296644275310484,-0.005779345586014496,0.2110906874349398,0.28881966755017396,0.3932203149997435,0.18958254280717052,0.1829172920220984,0.3202119416078884,0.06354798931966137,0.3751513351834551,0.19719250820815074,-0.047246219177361735,0.12187491776248766,0.1753577956392039,0.2564836644858027,0.2614768253699171,0.10218362915654422,0.03867608281670324,0.09502950356192788,-0.0062650396468230335,0.2533002357174316,0.05792511187338675,0.28990986625292986,0.1906971157625375,0.2930121120793456,0.21722564671427763,0.1291957166283844,0.21257953810939934,0.3273452726804121,0.03811954243560185,0.2608338950477807,0.0879492894530268,0.07754723620733445,0.02235066393924388,-0.06828526007768101,-0.056509327960916865,-0.12245034486042483,0.055181263738119365,0.005265028687207192,0.2493456489744433,-0.29355335292885537
0.15267346112560853,0.188663617594301,0.15321548828930534,0.2382904352346867,0.421534065851645,0.34973070807677403,0.17279251200756704,0.18585965428145612,0.14040293198936438,0.13255566190728132,0.1401527354712674,0.19583897382263402,0.10658119813906934,0.17275541523294324,0.20740415787514338,0.21323679825255226,0.12500941656404027,0.18296644275310484,0.5780731203465682,0.13250616901473394,0.17037518160321605,0.2209405046672238,0.15830202628678447,0.1460047957733884,0.21262337303212434,0.13186937478309885,0.13420295083674066,0.12440259529306436,0.23775025733341087,0.13640859169613065,0.17475798014223443,0.1763430172160719,0.1495749593001013,0.24199975926290535,0.0851230299898991,0.21028709892901706,0.15046333005681922,0.10712537373732366,0.1979249945230064,0.032792579129247434,0.17265865953497225,0.16721610382395669,0.1969712644065978,0.22962367649748197,-0.051022800245071546,0.247681947187639,0.15741529493604614,0.11549693727248468,0.21210415258372375,0.005473318851215901,0.05385676790367948,0.1561150726250552,-0.12370379457920426,-0.09561364327298374,-0.0836814803895481,0.024139956248628986,-0.06475454285625316,0.14596483076597583,-0.06553372489911724
0.06031591011321347,-0.02562988222177839,0.2421494315324126,0.2726320171187953,0.14099538526232877,0.28230785867353125,0.1314077076045091,0.2849453670785561,0.11971520707334164,0.2278974165384295,0.21877831212381998,0.11420978489332194,0.08400863792227926,0.18525358852885893,0.12656463396279108,0.22453077347430803,0.3664855049136151,-0.005779345586014496,0.13250616901473394,1.168892294130802,0.24781267244899297,-0.0794584271521141,0.057638433714739444,0.23698832654743496,0.15794884807515,0.41783106815143356,0.32827169529058714,0.40077482116152113,0.1864378548157586,0.23589825122369645,0.3402794845253019,0.21277731734103017,0.06982076732896741,0.42320405709112874,0.23448991120758655,0.4203664053707192,0.46148006176982936,0.5576921875189769,0.33263769619310873,0.3115102125466316,0.3135213023401681,0.26372647079547296,0.31264469325215044,-0.08710747942498495,0.588893389137295,0.34518675871030124,0.22385334897189418,0.49382795963663983,0.18296230024813293,0.07277116243117311,-0.1664987875573216,-0.10634572568458284,0.1209909212347708,0.011508372243606397,-0.002813240953804637,-0.02493879137328256,0.02141434898444126,0.017328209967039234,-0.040468732636545705
0.10941786868808208,0.11493202174289358,0.25774301403867395,0.3220761159633507,0.13811921015344428,0.20247368198357832,0.14773312321684218,0.24037656486031886,0.12424209067454028,0.1585196134216171,0.16726922824031562,0.14603099063854114,0.10588737293141245,0.19429972299859355,0.1981136945742921,0.2511862217232891,0.20425596006739144,0.2110906874349398,0.17037518160321605,0.24781267244899297,0.6092825437445121,0.21612070574922695,0.05636090673580986,0.27176166841510424,0.2640544131947896,0.4606541231144528,0.21600864146174348,0.4710513993939466,0.24497984395525368,0.22361461852009185,0.3421291815542239,0.230171283540279,0.5006884107098415,0.23925878941304068,0.2610772399616308,0.3372287693555186,0.5495184891062008,0.1685623926576927,0.36832204717796574,0.14987661152433543,0.5118887257539124,0.5434194164485687,0.3626789707700271,0.30649263383436315,0.1558458060907712,0.4584519855728596,0.31855137944394263,0.47731746131247005,0.4197037834795355,0.058057502484731016,-0.04003303395058646,0.02918237486310942,-0.03055708138905908,-0.07599658015404091,-0.06694146867937614,-0.0014076080852716165,-0.12406036589696652,0.1152783905389147,-0.029253409994367565
0.10059712804967073,-0.025870905881782497,0.26976411588782345,0.32039495337560836,0.16725419561453111,0.25648143549092234,0.18035483821851947,0.20623562606499324,0.1389922220194217,0.15147336894794006,0.13665242904112554,0.10777547374599421,0.15808996740623782,0.18707903888220911,0.07404664064276029,0.1943818062104693,0.196454723510556,0.28881966755017396,0.2209405046672238,-0.0794584271521141,0.21612070574922695,1.3522320087531694,0.42731368117779966,0.1507392712582831,0.18540207040099901,0.0714473652878716,0.09539380222217503,-0.07831836109219284,0.581221577879148,0.1382578430832853,0.16938858767243403,0.3037552204129295,0.14669832386851991,0.37311722301785166,0.10853986145057665,0.1563815032459581,-0.1315932335905746,0.02582557262847276,0.5023187574361682,-0.03280517533668094,0.36815717464064324,0.2033573517575215,0.22616640838471286,0.5301996686186959,0.03751218203878601,0.23330518182234902,0.2711209283625225,-0.879685740763922,0.2047973454274435,0.11774564235987219,0.04016512115290425,-0.18360132892456413,-0.21204158467281117,-0.04366300209795319,-0.015559921638585899,0.01658958893878866,-0.025806392296711778,0.03233595011221141,-0.11679681790734649
0.09302664211445245,-0.4129715935218902,0.15314722545443113,0.22773711582646852,0.2730274791391927,0.1019131387219715,0.14646828313445975,0.17115288847052773,0.13758541615027814,0.14201939292759275,0.20777834226272712,0.15937795372254732,0.12922666259874974,0.15596648324834533,0.26877564149865946,0.06160959341753814,0.2750691964066005,0.3932203149997435,0.15830202628678447,0.057638433714739444,0.05636090673580986,0.42731368117779966,1.6773687690321915,0.18638620416084942,0.2654525318661524,-0.12056512955540297,0.04825797849139085,-0.04659382369006142,0.4887502618249463,0.15795960963005765,0.15824674947124795,0.11008117642573866,0.19976028233849877,0.35410481061220345,0.06924740288794155,0.21452667768512623,0.054299079402330475,-0.04906003527929473,0.2687853201911324,0.03955959491202574,0.29052555523028245,0.059784751812981436,0.024961384204018056,0.1866707265439954,0.020969319266518658,0.306934261552869,0.31111973359228134,-0.16892395184480413,0.11027854707278775,0.4973380673888426,0.01989166229872691,-0.08971673957760794,-0.11157675987921836,-0.055461771892413546,0.0822392373170059,0.02562764297052683,-0.029150187362719095,-0.06490130542562438,-0.09374852046337469
-0.03022525694735119,-0.1243256399973778,0.17931871109712208,0.29166435256735723,0.14715007585860282,0.18535815159733376,0.13296205771676697,0.16080905271878965,0.14566926884773068,0.1557967168886085,0.17288172618056047,0.14186906720385345,0.09394320056500984,0.15512655326934807,0.17952360226458872,0.20982866527965022,0.23470000114509648,0.18958254280717052,0.1460047957733884,0.23698832654743496,0.27176166841510424,0.1507392712582831,0.18638620416084942,0.8384686900470786,0.29963053030166503,0.23905347922768574,0.13484713727496722,0.3554889767626883,0.39091377499991475,0.3059570380480143,0.2287543053620071,0.17152873273802655,0.3711330306149208,0.04134452341537301,0.12879334725124306,0.3224209669313757,0.4433131968852363,0.14498328973841254,0.11569322691243761,0.05529672418996169,0.24019635336600823,0.25252735143906097,0.09727766437007841,0.07649772299352785,-0.08188074698679394,0.40594029945823407,0.24239988765526999,0.35686681409540827,0.5353322370056232,-0.03025604917732034,-0.09925262574331599,0.07748142369886492,0.09780935352262521,-0.048485813016925804,0.04281934526661858,0.06701017418813024,0.0005830848344919196,-0.18098729712958492,0.11589195004737789
0.11901862689392094,0.14924409097546773,0.300384232329875,0.3537140874206419,0.09105839436680456,0.2642087711639868,0.2080291028092122,0.22113923510221872,0.10785128782449316,0.17745619976478597,0.18522326217450968,0.2948614571203922,0.11601431773896877,0.19305861705482727,0.24728667128116052,0.25350767863326384,0.2924879732802669,0.1829172920220984,0.21262337303212434,0.15794884807515,0.2640544131947896,0.18540207040099901,0.2654525318661524,0.29963053030166503,1.0293107679071056,0.07854209593323551,0.21995185287792293,-0.012200881833272496,0.6678642998207289,0.3836812014271682,0.3370623958481295,0.17455306502252552,0.26302133103532477,0.4321684806965341,0.45306087692714153,0.32923367237888845,0.4481039778544492,0.14129758012356786,0.286869146282938,0.0462962824288717,0.365190533534924,0.25045498839875163,0.32412953240352893,0.4759328633538548,0.057165503226553796,0.5902905523138399,0.3394298756114958,0.3048466567805783,0.05586788616966053,-0.5355710681909264,0.05952797400742442,0.15853619620593426,0.21731336141284155,-0.035437000908569063,-0.05613850218727627,0.03986119985997022,-0.07314198096750472,0.08840721918225573,-0.10400634963443091
0.03593445876763892,-0.3296949938355894,0.11903794958174393,0.313335920705169,0.10212776970813402,0.33159255822325956,0.13308729197114885,0.26766029622639914,0.0831399393551369,0.11931514812550102,0.15075195313377387,0.1345645347948958,0.08106251622743946,0.19750550133925354,0.08484167693383848,0.22547413952251963,0.14387631712236196,0.3202119416078884,0.13186937478309885,0.41783106815143356,0.4606541231144528,0.0714473652878716,-0.12056512955540297,0.23905347922768574,0.07854209593323551,2.2952903803620304,0.24408901016920606,0.6886138739366897,-0.4057036883911363,-0.47398992358546604,0.25083643276891876,0.33847512517754175,0.2842579398358771,0.328479799633904,0.2706386969548092,0.097096018692586,0.3353353393593681,0.2649922963954052,0.3085855906678078,0.48398951470167284,0.06794323950921963,0.44914581922889646,0.25290843787889067,-0.31698131843476024,0.30048668299262576,0.03504056235550562,0.11592984504086895,0.5251444049823932,1.0153857322778375,0.28985777409142977,-0.3226721805682196,0.10595712003524176,-0.057051147813563054,-0.06455354936502188,-0.13520008689751878,-0.009810866363268743,-0.14645543528568902,0.28839747979927605,-0.21522187099745363
0.1293293509343587,0.3450858119681295,0.1574490006488002,0.2726601793965478,0.12701010630735485,0.19935074214937842,0.17479357114975927,0.1494756917488285,0.11682450501887023,0.1676177169561727,0.15900394465829765,0.25063270658639114,0.09560226976621165,0.17715437765405906,0.16533096142653614,0.24787383557834955,0.23369667013182407,0.06354798931966137,0.13420295083674066,0.32827169529058714,0.21600864146174348,0.09539380222217503,0.04825797849139085,0.13484713727496722,0.21995185287792293,0.24408901016920606,0.7002655786254671,0.3691844091783946,0.04903165809553634,0.22238405088351962,0.30821594834085647,0.22340167907880143,0.27712777969213404,0.2558986972155443,0.242324626866529,0.45416647764416646,0.36774204670921123,0.20453547064627559,0.12268695314017417,0.16829416931342722,0.19668336436955702,0.2282431973301338,0.408032819094504,0.011579995281033133,0.16147214486370962,0.3297632152076827,0.16361530107485836,0.36703630283922845,0.295256391788369,-0.007142505419969357,-0.12382761446675018,0.051740895210223146,0.020351642231933545,-0.02596653537469313,-0.08166786165948123,0.06943319135416204,0.011604193433105677,0.10733579995994749,-0.16581269723844078
-0.13203256173565409,0.5766847837324433,0.4512839039898289,0.4671489480150798,-0.009354919842653395,0.2615112883976473,0.09104585318404686,-0.06962857109172152,0.25902327180167856,0.30894083581363124,0.22022093105227306,-0.07342087578472395,0.0973036376763936,0.21812238075848875,0.4311827702612794,0.25802087254968137,0.3352891138021042,0.3751513351834551,0.12440259529306436,0.40077482116152113,0.4710513993939466,-0.07831836109219284,-0.04659382369006142,0.3554889767626883,-0.012200881833272496,0.6886138739366897,0.3691844091783946,4.188004305548994,-0.6754088912435525,-0.21867752176665492,0.3600633778552106,0.21489866956058104,0.8786437557950478,0.5245584764240168,-0.18914732402982015,0.35836012541503676,0.5315934696624126,0.22314372045201422,0.2488516806265651,-0.0359344278031233,0.7630523470402156,0.4848290743942869,0.27406759270568615,0.32512260781148045,-0.4493310244360059,0.2718462443938417,0.1487819893844106,1.0686934155330359,0.8662636378442965,0.038371398222952116,-0.266948378733659,0.30492594703657666,0.21661111400792088,-0.13026845688839192,-0.22282165098152748,0.17331428894064366,-0.0992493443289593,0.15763372873277734,0.19242366566985603
0.1918634019781536,-0.010075960341639321,0.2680617231829068,0.15352186575714272,0.08706685193276908,0.3612185733080652,0.17200852509157064,0.1969529883306626,0.11427428019336218,0.13525049537191164,0.19037132713859045,0.18564320545477137,0.12764944712798076,0.1866504094817315,0.22370622042242014,0.27714601208549716,0.2375548092589701,0.19719250820815074,0.23775025733341087,0.1864378548157586,0.24497984395525368,0.581221577879148,0.4887502618249463,0.39091377499991475,0.6678642998207289,-0.4057036883911363,0.04903165809553634,-0.6754088912435525,3.079807951594957,0.21737079720797317,0.07226156534254696,0.20140815627916542,-0.2736882181115372,0.06071260197502554,0.35721972179223416,0.12913881666211846,-0.02339397012793728,-0.048791124923504584,0.02723339963572823,0.1370108622083534,0.6953030165710193,0.19583131934099746,0.03906521521379604,-0.3016366344055276,0.9245571403269649,0.38515270299310317,0.3867762887933181,-0.7981805526693454,-0.19549013598123832,-0.33258541986239115,0.19170959679943345,-0.1532692078411217,-0.07042023100610857,0.2242374985112605,0.18090841772833333,-0.013073058755490623,-0.05944402058589965,-0.10931551236031559,-0.025785910093249653
0.14359553696827368,0.20705310559290235,-0.29135646118231223,0.17921623385417154,0.2696185691494589,-0.047373288613790414,0.09894696839988333,0.29604248886737183,0.05025539854382902,0.09452912734356511,0.09265163948368194,0.08345455712221485,0.06806945768511166,0.1560183855508591,0.07417718535925429,0.21341496381819955,0.16301328693831943,-0.047246219177361735,0.13640859169613065,0.23589825122369645,0.22361461852009185,0.1382578430832853,0.15795960963005765,0.3059570380480143,0.3836812014271682,-0.47398992358546604,0.22238405088351962,-0.21867752176665492,0.21737079720797317,2.6985527128967206,0.4827878580126912,0.16253942438922933,0.6682119435635848,0.12127448388081745,0.474191308269689,0.7353709069236922,1.1572752888623548,0.24453953160167685,0.23362367138639592,-0.16896806772057846,0.7873052758410951,0.23350999563567182,0.5554397749236026,1.035972943867066,-0.36912457968770496,1.349694977226415,0.9118690662803745,1.0412465391276575,0.8469162232815908,-0.1437027803253104,0.04449973395578631,0.002475826257584064,-0.005912980952356646,-0.039470793605156256,-0.21530855452627018,-0.09235702090119259,0.03949347845932893,0.5455507549155042,-0.35750241259514376
0.11795984579637442,0.19232876441266694,0.2981682495195206,0.3179461718679213,0.1667898625464481,0.17331419366374906,0.17592579914454465,0.21255872604960274,0.1395593169599357,0.18685257644475697,0.1839067267235164,0.2231113348212057,0.10685462395669784,0.18015221157471456,0.19164313599423824,0.21634012618061116,0.278683985822017,0.12187491776248766,0.17475798014223443,0.3402794845253019,0.3421291815542239,0.16938858767243403,0.15824674947124795,0.2287543053620071,0.3370623958481295,0.25083643276891876,0.30821594834085647,0.3600633778552106,0.07226156534254696,0.4827878580126912,0.7749622257070495,0.19207912619455364,0.4486853184048142,0.3242278032414978,0.3248009221263148,0.8037711945170863,0.8083533733681731,0.29671165798588567,0.33844046437903674,0.11475025406284178,0.4733647100147006,0.32218822067147557,0.2373274218427047,0.4518793870496192,-0.14264951681899551,0.7719336617011245,0.29738826521829487,0.6995961251794209,0.3112422053053852,0.036742146982810864,-0.04016284945303931,0.04532844029846209,0.023974616663407382,-0.10212152006094358,-0.10616404800512548,0.04881994081649418,-0.01665888326506267,0.05583918174285104,-0.12037150700080858
0.12557262678344247,0.09468641275885636,0.203557503383364,0.3866147161665331,0.11803213330520339,0.23977162089501125,0.16999176339837155,0.22074559262435806,0.10304711713043443,0.15660751230946546,0.1397027167112796,0.2155466943863534,0.10205920198260052,0.2814013957884731,0.14489034989260485,0.2259963629557382,0.1419816667399181,0.1753577956392039,0.1763430172160719,0.21277731734103017,0.230171283540279,0.3037552204129295,0.11008117642573866,0.17152873273802655,0.17455306502252552,0.33847512517754175,0.22340167907880143,0.21489866956058104,0.20140815627916542,0.16253942438922933,0.19207912619455364,0.6283034726927312,0.20570009690661717,0.21064424448316008,0.07156551179057882,0.2827820098381658,0.05430206455105906,0.1441800750901375,0.18304639659872934,0.08606090093105909,0.24581313657565598,0.23528775194885876,0.19952337103265758,0.17360793603426813,0.04593916551666014,0.3357040378879644,0.21224390883977945,0.12276338744203148,0.32121609108273447,0.1549693929605602,-0.05040925408871231,0.11477534200596255,-0.26694183801412175,0.009175339065307276,-0.10631228313018282,-0.055562134109647714,0.19850961700445025,0.11261706084650394,-0.26187023029535106
0.11048051098517439,0.36586354364223855,0.2149220766223807,0.34480588251815236,0.22130495570801206,-0.07904513741454021,0.11812123520159165,0.23837796815810597,0.106497279840953,0.05520494477970582,0.15421016396364595,0.20502393311803283,0.11891822447910753,0.1893524439141715,0.24485664756873593,0.16929390070724532,0.29759408291477935,0.2564836644858027,0.1495749593001013,0.06982076732896741,0.5006884107098415,0.14669832386851991,0.19976028233849877,0.3711330306149208,0.26302133103532477,0.2842579398358771,0.27712777969213404,0.8786437557950478,-0.2736882181115372,0.6682119435635848,0.4486853184048142,0.20570009690661717,2.2567686709017165,0.06283408417820963,0.15371336786337322,0.15449288537942,1.8681749778187313,0.12491874990953751,0.06985079068574346,-0.09698618762132111,0.31726557746253203,0.5408303453897185,0.4686346670428383,0.6862337793947092,-0.580894667724813,0.8581281447656031,0.6057755813563719,1.1586920152216351,1.2114590317458631,0.3169356612083425,-0.1559850804122101,0.49112649263904107,-0.10207522039310994,-0.4426270776391656,-0.2675898165528701,-0.11123705387943958,-0.10851026985942983,0.3221237790239839,-0.0952286186402857
-0.1827687012081644,0.09845431107766658,0.5125831142264414,0.6865042370407773,0.14429823386059373,0.4427725428449541,0.27320983390341186,0.27761218690504696,0.21592901224525538,0.38217458399248977,0.23662027932795204,0.24869623425689674,0.15643340746563583,0.22732661989071815,0.23737165009665798,0.25563161067086515,0.29508700273270944,0.2614768253699171,0.24199975926290535,0.42320405709112874,0.23925878941304068,0.37311722301785166,0.35410481061220345,0.04134452341537301,0.4321684806965341,0.328479799633904,0.2558986972155443,0.5245584764240168,0.06071260197502554,0.12127448388081745,0.3242278032414978,0.21064424448316008,0.06283408417820963,1.688875846081436,0.39973909457885626,0.4192610281074461,0.04684065943991137,0.1922829135424712,0.5502814343390943,-0.025670573787284413,0.5009077004596798,0.23955364185017647,0.43769034703615406,0.8292423189100713,0.049138651789180816,0.33062928285801246,0.33711956961720824,0.18993773255928315,0.04359812713801434,-0.29913859030738327,-0.016013472872247535,-0.20450519585360705,0.32585067685038827,-0.038908024089325415,-0.17138799992524908,0.05755372198637603,-0.1418190791821833,0.20994377117436483,-0.02631237762780614
