1.6344442617807546,0.2831075654843932,0.303355789493595,0.46177132589049097,0.4098498621673306,0.3728427019310444,0.19108388940553206,0.22448517475722718,0.14663542456174203,0.2837794492474331,0.19992442075038616,0.2945120858331667,0.3140800606306994,0.20354661089593615,0.2504057472821603,0.13148871117410998,0.13920844558049042,0.19587913126989548,0.12074163561413621,0.14352188095381796,0.2507164633063786,0.17503610181641788,0.24104293187329137,0.13207362763223984,0.24021063434808002,0.05433777290935,0.1886916357808349,0.12815541564679256,0.2070876080593825,0.174675273951014,0.2007422843773035,0.14201166923596703,0.22091094086396496,0.2702624117893571,0.11929867437958488,0.2053297204457925,0.2333192416010634,0.19362048210938274,0.2164810273420252,0.15403715353792044,0.19108267799888903,0.16169793704036697,0.16775787364277597,0.16408281830231533,0.13921062250055907,0.2939416208833771,0.16779245490630007,0.12753141496941783,0.1458309832137294,-0.25020608174853876,0.13126466905589074,0.003963140456732547,0.06387916734738956,0.042726172836983,0.16001465774132495,-0.03721560815097166,-0.020492782274353003,0.03615869007560401,0.14016374415973415
0.2831075654843932,1.1198448369049465,-0.05149395834486982,0.33897666139531263,0.20796606213146504,0.1920057570254736,0.1624177621255887,0.16941578326293638,0.23449855137888878,0.22083238562727492,0.20258554955239114,0.17900025694184335,0.2048972478533252,0.17505011088840877,0.22823141237679745,0.13683330665446716,0.2737847059622195,0.18142830372471044,0.2119396057417944,0.19710751744026703,0.10317603026840161,0.15220042143439186,0.1816572064784537,0.18629539007116772,0.2320006090220607,0.14924575003438112,0.18127970702783763,0.2616729336679343,0.2198126005020562,0.19951196508309005,0.20243957533630896,0.23528757350591623,0.25344430234553306,0.31156737807566287,0.1868210612536564,0.24565425549551598,0.24018597206060832,0.20511853856918616,0.19923364752685194,0.118196430077728,0.22342292114157772,0.16296731117707527,0.19600323912463172,0.15476450259066335,0.1567261071323652,0.19298344532843065,0.15460136294317545,0.12695203754067552,0.13463524568895552,-0.058881389252276574,-0.03043849250568021,-0.08831661522437345,0.055184207547418734,0.1775382710080713,-0.2679093423527206,-0.017633348391563875,-0.06823326838780006,-0.010074611253048291,0.1479606388137604
0.303355789493595,-0.05149395834486982,1.7751706564589311,0.15065364989223767,0.40058226363930777,0.387651396829024,0.336996511619371,0.5118351995749786,0.371125221122765,0.3567767864384338,0.3751431360614024,0.3648768751375002,0.3070105998421084,0.3491387690621708,0.24296945020083963,0.2082822256274917,0.17548871088677473,0.36525749712922123,0.2942452427476406,0.3341321783393886,0.3086455371890704,0.2786342273116667,0.32164109555805104,0.2350395303477182,0.3002490081423976,0.21813496519542422,0.3225181810822474,0.4285259745139482,0.38205243516238674,0.317056380018952,0.39725015410031383,0.25014441998305026,0.3600755709346647,0.42867759756497764,0.3325882371168118,0.3274061023352277,0.3194481552537376,0.30007536303061433,0.30402538839469584,0.1378912349783709,0.3288865744153219,0.22001209572375593,0.32589700301604996,0.13797842507954963,0.2188535909126517,0.2650148397942533,0.35833075512538476,0.2590265759211502,0.15432799740849204,-0.019239169213019856,-0.3028468425665626,-0.36277969865725135,0.05206430470857302,-0.08741947063505999,-0.14033059556385868,-0.12681818387697158,-0.08769495257627112,0.054760459876645295,0.061218959748829696
0.46177132589049097,0.33897666139531263,0.15065364989223767,0.8707265059086687,0.216680315769503,0.24616460392849743,0.17835441911310582,0.11808837395002544,0.1727910620947095,0.26079527450247214,0.17373608773333463,0.19128331360796524,0.26361346109534495,0.18566510300535508,0.16613468922372246,0.1233168867287919,0.07670064776488501,0.10941117922801982,0.18597273333887762,0.2001478570589885,0.11061001221122391,0.15044562825003033,0.24417881886495071,0.1631731191521916,0.2687648806561976,-0.058088640866566475,0.1613725655967226,0.16619452579756738,0.16560238352297604,0.18288121416838282,0.13291522846525855,0.16285763134204953,0.19544435898799886,0.3068093088260413,0.1417180637303126,0.20900068589623175,0.16737962816542057,0.16874325408121696,0.16960061182491643,0.08803361444491586,0.18307020579851985,0.12594048513289166,0.1160603372599305,0.13674690922190355,0.11792336496132708,0.2018142168671556,0.1552911020924727,0.0869084057446272,0.12220605301381733,-0.07859366062088012,0.04114776894790133,-0.0341246463067563,-0.059456270353223976,0.029738054812564797,-0.19433560041857267,-0.020966902643777412,-0.0653271472072557,-0.14712303143704084,0.08641712654686805
0.4098498621673306,0.20796606213146504,0.40058226363930777,0.216680315769503,0.9996989111352406,0.36962439458730123,0.3308027837061581,0.5112508999536244,0.37919180354042964,0.30516481863971967,0.37526708151340143,0.31225200830968713,0.2960866449811257,0.343672167730509,0.3626862360000768,0.33272244265058415,0.341130182838983,0.34097667060254117,0.37749958457204386,0.3539338337328315,0.32636497912996765,0.3320433621684136,0.4004142997624821,0.33120888108943947,0.3272931487105965,0.3001876328673549,0.3525505108792724,0.29849709457408546,0.36458106351584285,0.4036487700079294,0.3613541997387483,0.36319302996847647,0.4011310354581404,0.38964443004634003,0.28303859680928656,0.29283772939724767,0.3446358777204421,0.318137649961455,0.3157897324255872,0.25110690871049673,0.33325830328058015,0.2671092038201752,0.29915689087123803,0.23778131496733634,0.23795426935964137,0.4165198799828092,0.2686664869896891,0.23738967599913938,0.23522664803147875,0.1541307541918639,0.043327772408418584,-0.14175603309619125,-0.0961868879155497,-0.05895944728879964,-0.23997807968860885,0.009262227311326369,-0.2397497699294292,0.23395915644656823,0.16931229157910332
0.3728427019310444,0.1920057570254736,0.387651396829024,0.24616460392849743,0.36962439458730123,0.6607500153453228,0.30551809714909595,0.40089942119022,0.39988927127454144,0.3018469991771901,0.3894423279566268,0.4918606219875418,0.4011249946074322,0.3775369916006179,0.31196134006853043,0.355952168250038,0.3102595424891515,0.2983569552828239,0.2883545154860183,0.3004481074970535,0.2678061062315086,0.3155605052009475,0.3389248017653646,0.21997866601858912,0.33821218664417935,0.2274213080646632,0.3637491883974773,0.38441780830123323,0.34943625301047865,0.3436714562744604,0.3480394535053839,0.30921770987373587,0.39558554110469013,0.3752391544221336,0.30655808161439474,0.24576570301387457,0.2809654546086794,0.27799533935872506,0.2797270373670165,0.18891246923285557,0.2887276829423652,0.21890443611178542,0.3132005164436315,0.1872397507214046,0.2083282459024223,0.3456770409661039,0.3137382884653959,0.21678498373835262,0.18687253785467217,-0.09528481979467171,0.04860829256388352,-0.034450959455296803,-0.04198100996983227,-0.04131067160750272,-0.024611477787323324,-0.02584295333160552,-0.24623398619375922,0.12665342917987268,0.1031801861417616
0.19108388940553206,0.1624177621255887,0.336996511619371,0.17835441911310582,0.3308027837061581,0.30551809714909595,0.6021254305419358,0.3256887544830191,0.3548342128851258,0.34395330427887283,0.38512116886712694,0.2579153252220195,0.3273345319250521,0.3263670475828234,0.3033441016605484,0.30470473716909174,0.30393244875923386,0.27699026226733486,0.35664243677518176,0.3918701754970191,0.15225615856755045,0.377794374592437,0.35043577895675015,0.21216450621317537,0.2766639495380319,0.253225183645476,0.3212252701165739,0.3106448827149687,0.31629884046715867,0.35663054596538285,0.3329274205837001,0.25911833604738616,0.3465653007642049,0.3694704573949145,0.25522673830339726,0.2793741245889506,0.2703467861368931,0.24784505017631733,0.2578010521020321,0.1654022740878066,0.3030746550779206,0.18135854240003205,0.28699447265927325,0.15097946334592752,0.18582494902825206,0.2646911039221257,0.26128931466485117,0.1794320555270913,0.1514420174238698,0.033068677296354945,0.03148886792298795,-0.1338466025348166,-0.03241963052864325,0.05172330339551742,-0.20728884751011561,0.028645761040840063,-0.25769440884741723,0.12485956520351918,0.1530013120686679
0.22448517475722718,0.16941578326293638,0.5118351995749786,0.11808837395002544,0.5112508999536244,0.40089942119022,0.3256887544830191,0.919188372165816,0.3758598814782304,0.30994146827501534,0.4306511080822182,0.34979708845779756,0.31873896742933955,0.4121016827253894,0.32828356288061744,0.3785364143613418,0.3572991122401072,0.37439627847725315,0.417992429663359,0.4171325320563206,0.33327814557812047,0.45021372704932444,0.3926432647681861,0.3333470402719078,0.3140910811147452,0.3213581626589291,0.3828426987001411,0.37653241973801876,0.4403132024734879,0.42711336196248145,0.42594066140016235,0.33068603350489306,0.45499093144521696,0.4398763287517996,0.3523810425677166,0.3488749727881845,0.3949026648252638,0.37488263980689607,0.34270816442613444,0.2559874666741125,0.41764612691054404,0.3333820333633883,0.36958204664044986,0.2581288598276367,0.2675344884910179,0.2580739033756078,0.3427228212587514,0.44935754918511595,0.2624463693358304,0.21246079185274488,-0.14128058555248774,-0.14186211082234285,-0.024216900896179876,-0.15552094185849094,-0.28521237992909043,-0.043719010310622725,-0.2891411200445367,0.21432889226324306,0.1945922769663295
0.14663542456174203,0.23449855137888878,0.371125221122765,0.1727910620947095,0.37919180354042964,0.39988927127454144,0.3548342128851258,0.3758598814782304,0.8051387367160845,0.30213636560498486,0.4559938744354575,0.42452541784230946,0.3816565578623871,0.410470000336992,0.41502590787253074,0.42854158822632804,0.44867887753553104,0.4691597225650989,0.4171745426016277,0.39948997532004077,0.2938994983794192,0.3296787146081716,0.40002388293643426,0.26954650814075837,0.372707956876,0.3112956572726921,0.354496501650238,0.42388160998711305,0.33265698827294105,0.36947265861186257,0.3478367918787892,0.3268186063336277,0.3890465022413766,0.4034140522726072,0.3149717414267703,0.2670289574829611,0.27571597247598656,0.27363599325990495,0.2546566847841021,0.15916375633199636,0.27877971575037197,0.2051941474810779,0.2946939717584827,0.15668264579541905,0.1822397654322464,0.20836679530810237,0.24074311822161307,0.1542826729008007,0.1516451943880669,0.12341840131439652,-0.006995909767262041,-0.10477037939496561,-0.009085435327921566,0.11570462723729322,-0.14954415625019407,0.013666660803063493,-0.22768943662444024,0.1419655601817384,0.09200723904201209
0.2837794492474331,0.22083238562727492,0.3567767864384338,0.26079527450247214,0.30516481863971967,0.3018469991771901,0.34395330427887283,0.30994146827501534,0.30213636560498486,1.0476381858910992,0.39732130692430206,0.3746988852900401,0.3246725102665479,0.3757950916165049,0.3104624245101136,0.2830058624575898,0.32328009498413074,0.269336014539277,0.24506067705069404,0.2887862733870665,0.2444038607287363,0.2891959801676795,0.2986564731812439,0.25055180655840975,0.30378122278688907,0.2670655977739502,0.3338914624198158,0.3488911747869693,0.3259296922293228,0.34594729773695326,0.34562268696147164,0.25770176044012244,0.3561243885136589,0.3857276326637092,0.324146015021411,0.29293322706453373,0.26717759515680467,0.2666716657943558,0.2398598307728802,0.16311090838146747,0.28479505317246895,0.20190359664563629,0.26560203207321736,0.14843407241851314,0.19328454489324579,0.216885450789083,0.25251044320730726,0.23037837129383978,0.14578654160754667,0.2461585764021466,-0.017278631564262126,0.039966881164934166,0.052919932343334516,0.030861743464660106,-0.1514772738198307,-0.05016553617651471,-0.053050539113289615,0.06547714210934458,0.13138350314143904
0.19992442075038616,0.20258554955239114,0.3751431360614024,0.17373608773333463,0.37526708151340143,0.3894423279566268,0.38512116886712694,0.4306511080822182,0.4559938744354575,0.39732130692430206,0.6927266455202421,0.42953732332858247,0.38459753749062375,0.4385499708433438,0.4159307571797605,0.44045575597980496,0.41789368923185627,0.44616295387272703,0.40851901037134447,0.42689935164513026,0.3285117098899416,0.37293968036836334,0.2969630628745773,0.33101799505989915,0.3646875157077919,0.34295052250811725,0.3712076932866853,0.4225162408962849,0.3941747812862256,0.42312412995744564,0.3862197849635041,0.33593129204659106,0.43655169011467865,0.4462616540255186,0.3742811313217168,0.3333274753051186,0.33540523784964665,0.3223657336500335,0.2881076260122517,0.2109483838673779,0.349261414651809,0.2610039642182048,0.3323958674896284,0.2058992180876016,0.23408255454894947,0.31222920263472653,0.3088809092152892,0.2629417501510432,0.20693067946723281,0.16937565810627309,-0.0584661125185365,-0.08751825842525777,-0.06872661306647254,0.007923808227142207,-0.21836977206664293,-0.006216819138693104,-0.18327551939681028,0.16537884892929475,0.15104408636715927
0.2945120858331667,0.17900025694184335,0.3648768751375002,0.19128331360796524,0.31225200830968713,0.4918606219875418,0.2579153252220195,0.34979708845779756,0.42452541784230946,0.3746988852900401,0.42953732332858247,0.8666138851388938,0.4390019206843589,0.44774139015379577,0.34651521017818854,0.48030859945505616,0.35261122424693797,0.34114909819194766,0.31697076533841745,0.34003003108729846,0.3768598480678099,0.3067443332377848,0.3890759076678759,0.30446703000493097,0.34013465833313905,0.23686104307586256,0.39859972387629494,0.4204916049290466,0.3592774657154653,0.3456113921371636,0.3994748686307593,0.3016920275275736,0.3901833032620847,0.39982538188101996,0.34701277113221846,0.31163555839664503,0.28978026078831903,0.2908725569168799,0.24777833805365423,0.17812014611649774,0.2822480492202834,0.20862724790418447,0.297770282697816,0.14178125884988108,0.19279344411362623,0.2507606515870978,0.24990797252246547,0.2327767048894444,0.14885398667647506,0.02671124740005963,-0.004581422167673601,-0.004709872413613205,0.10036885931433785,0.12671449293727546,-0.08022129822804358,-0.044794088888422505,-0.14972685170992736,0.10420275171994772,-0.02156765960991671
0.3140800606306994,0.2048972478533252,0.3070105998421084,0.26361346109534495,0.2960866449811257,0.4011249946074322,0.3273345319250521,0.31873896742933955,0.3816565578623871,0.3246725102665479,0.38459753749062375,0.4390019206843589,0.6325882195241781,0.4451431581215622,0.37183959314140624,0.38079275483215197,0.35436490999751324,0.35436301347608745,0.38038467126038145,0.37361929211902795,0.2892588271891415,0.32931925497450126,0.32605785490538025,0.27813107412740273,0.34818094648888587,0.1785316780333034,0.33448173052686647,0.3544647298805177,0.33438909016218205,0.3585479455615701,0.32546300647087406,0.2901468876281134,0.38387058072061037,0.37535511019230294,0.3053582798385411,0.2874859622295711,0.26679650845856795,0.266661847852266,0.2483857696085188,0.1608308778478225,0.2734568187222412,0.2016378779701053,0.28736084690645824,0.15200006711400535,0.18946992019462053,0.2609369393016876,0.25777027551569587,0.2143494050045785,0.15280240935727832,0.02435220149762701,0.0384121945705881,-0.049003545622014505,-0.022633703676639954,0.06190614821063978,-0.10508619854727663,-0.061384305670078715,-0.259663939072962,0.11824494000224267,0.0853116125469828
0.20354661089593615,0.17505011088840877,0.3491387690621708,0.18566510300535508,0.343672167730509,0.3775369916006179,0.3263670475828234,0.4121016827253894,0.410470000336992,0.3757950916165049,0.4385499708433438,0.44774139015379577,0.4451431581215622,0.7733582896491884,0.4422881860726689,0.42296298114777525,0.38848471383568395,0.41866443781325036,0.429826643411165,0.41678791100971124,0.32087143411313374,0.3483002416420943,0.2845082079341556,0.3488374794028709,0.4080570866975165,0.2809178886181088,0.36150682401557344,0.42487802757326343,0.39697875559885054,0.43170071938689814,0.4038675834298929,0.3470103541000695,0.4367603955017972,0.41396920531777504,0.38778094296343774,0.33534031004823805,0.3080649887892819,0.31910737166306324,0.2848575704219667,0.19766844446687754,0.3281162080366591,0.24988136822041745,0.3163220317555776,0.18911212001773373,0.22824759242892256,0.24888260815037797,0.29208324372809774,0.28650162419336644,0.18834120352727263,0.19387018196878486,-0.005869499000602326,-0.0638721217514755,-0.04923255177556269,0.02546288089210439,-0.07766205555823853,-0.04718077933155679,-0.260928754079349,0.21150590784639206,0.055120543529465944
0.2504057472821603,0.22823141237679745,0.24296945020083963,0.16613468922372246,0.3626862360000768,0.31196134006853043,0.3033441016605484,0.32828356288061744,0.41502590787253074,0.3104624245101136,0.4159307571797605,0.34651521017818854,0.37183959314140624,0.4422881860726689,0.8045305065180665,0.44836663765643864,0.5596653631228454,0.4468923723809689,0.4894301579714094,0.4369277309922521,0.3279898435640194,0.3401500764364877,0.3188987958120228,0.3611838960416283,0.4741543626552647,0.3208763156917667,0.3589254688981748,0.26759501332659347,0.352665019505367,0.42405223436992007,0.382037761718385,0.33379018751703654,0.42590168464547407,0.36993882209582984,0.3718046516202522,0.3128839767797453,0.2791148690124596,0.29279391814074207,0.26129737867570024,0.20742292085347808,0.3122982554055484,0.2514895028296646,0.28293494466945235,0.20162417587338194,0.20570993665275822,0.30204431339342164,0.22528026115751526,0.26580548515086366,0.20007190741452638,0.16303339560772898,0.050229482586051866,-0.03096184495171584,-0.07090718314323992,0.053913487884111724,-0.20344467849667103,0.07687274810735051,-0.1499362987688818,0.1782187914774553,0.07539467275921331
0.13148871117410998,0.13683330665446716,0.2082822256274917,0.1233168867287919,0.33272244265058415,0.355952168250038,0.30470473716909174,0.3785364143613418,0.42854158822632804,0.2830058624575898,0.44045575597980496,0.48030859945505616,0.38079275483215197,0.42296298114777525,0.44836663765643864,1.223943026919222,0.600160080739679,0.4382968220237858,0.5249433942451984,0.5012728651875861,0.29162620255141536,0.4059030992566333,0.34175014378486274,0.3866346912373409,0.3610360128845783,0.4216722124571283,0.4113121180918298,0.3815780001780582,0.41452871942830677,0.4713297138064554,0.4098711162035791,0.3878206090014589,0.4454187583207506,0.37173803831990987,0.38197729983112877,0.34327794972780595,0.3263341432048943,0.3250716314168541,0.27269868255733837,0.2538372933854386,0.29526310377475834,0.27507960683410737,0.2924063604074317,0.2232726702367539,0.22621485237515315,0.2734018261951349,0.25300980057428535,0.35556467419654575,0.2274542877266925,0.18221310790111075,0.04975490518436453,-0.023462896049249234,-0.06759141632179032,0.11141244489637198,-0.34014826965545836,0.17733128710189264,-0.17851898217232826,0.21631704606134014,0.13158828025444855
0.13920844558049042,0.2737847059622195,0.17548871088677473,0.07670064776488501,0.341130182838983,0.3102595424891515,0.30393244875923386,0.3572991122401072,0.44867887753553104,0.32328009498413074,0.41789368923185627,0.35261122424693797,0.35436490999751324,0.38848471383568395,0.5596653631228454,0.600160080739679,1.1998895230220252,0.4322300597140377,0.5198724019733894,0.4489869038077293,0.3238867795404865,0.3722300497903265,0.22224048168574345,0.454934375865791,0.2824388228221939,0.45597170174147855,0.34552910446895235,0.332429803350357,0.35359732693813084,0.4355754658810193,0.39715774884509275,0.33944192294740416,0.4169374007294785,0.3692326685027441,0.35282827309208215,0.33590546396957194,0.3062246835880567,0.310798805129229,0.2593108281128558,0.1707047585042428,0.26964861931025913,0.2967169772045715,0.3258123640780655,0.23021289113492452,0.20597387265245812,0.2093619843017704,0.14896249616762944,0.32411555585593343,0.2233029804456898,0.17847834287365624,-0.040974619005588235,0.012954394224523083,-0.08823385824780729,-0.00617154931078713,-0.3391695756777227,0.04838066610770105,-0.19056903563346247,0.28282786670417115,0.144987931946349
0.19587913126989548,0.18142830372471044,0.36525749712922123,0.10941117922801982,0.34097667060254117,0.2983569552828239,0.27699026226733486,0.37439627847725315,0.4691597225650989,0.269336014539277,0.44616295387272703,0.34114909819194766,0.35436301347608745,0.41866443781325036,0.4468923723809689,0.4382968220237858,0.4322300597140377,1.5308723052853388,0.6369079862318134,0.5657572961190659,0.49183147335221616,0.3227873307425323,0.3796521489337273,0.3465286980155437,0.3504044816125762,0.4950142914057943,0.27952779042239967,0.6006826416534918,0.3791196962715402,0.4746562347205295,0.24629617905411508,0.46387761884490963,0.46925850820701337,0.48559225566956377,0.3800479165147982,0.4261418752985826,0.38561347311940575,0.3092210792143894,0.24521629246595844,0.19897500988117797,0.2836651484726257,0.1890782075686785,0.2974687734293098,0.10410153822751142,0.225492415592073,0.18532866350631041,0.31262510109722597,0.3057139929983108,0.12443716876729892,0.09199450820449537,0.022156006793066004,-0.1343638966134005,-0.08734336814839787,0.041416033410964156,-0.020370282248358684,-0.18987618233453415,-0.2331944439399502,0.12242706755470081,0.09117012279132782
0.12074163561413621,0.2119396057417944,0.2942452427476406,0.18597273333887762,0.37749958457204386,0.2883545154860183,0.35664243677518176,0.417992429663359,0.4171745426016277,0.24506067705069404,0.40851901037134447,0.31697076533841745,0.38038467126038145,0.429826643411165,0.4894301579714094,0.5249433942451984,0.5198724019733894,0.6369079862318134,1.5293234472922115,1.0725164260575788,0.22828334408290912,0.5018977931491984,0.5069740686855869,0.6478016441353164,0.5020875090652345,0.3499732923418092,0.5224219336438923,0.5618136156619985,0.5065033062807935,0.7421801052144625,0.4790540036376259,0.5176865790161665,0.5817080701984751,0.5186968148558332,0.4826709541035165,0.5282120466417973,0.38304149694783,0.3880324265344591,0.28872326096177414,0.3309922097367279,0.40075876474600153,0.3273815759775322,0.359837510211639,0.2858816506850957,0.24242502643293676,0.28641191959149753,0.23565108974734938,0.36803925010458016,0.3071133595210123,0.3706609691084344,-0.0012555775659932387,-0.031232175943384947,-0.1807538086947945,0.05988705153349586,-0.3049544466818412,-0.07141681227262679,-0.2134081893927887,0.1939745805051411,0.03636371437078026
0.14352188095381796,0.19710751744026703,0.3341321783393886,0.2001478570589885,0.3539338337328315,0.3004481074970535,0.3918701754970191,0.4171325320563206,0.39948997532004077,0.2887862733870665,0.42689935164513026,0.34003003108729846,0.37361929211902795,0.41678791100971124,0.4369277309922521,0.5012728651875861,0.4489869038077293,0.5657572961190659,1.0725164260575788,1.2905468981347168,0.19736985988210376,0.48269044645076037,0.5545631853604658,0.6356935560793513,0.4334387865030381,0.2864777345337086,0.5256356215061269,0.5205862436910541,0.48366083692715817,0.7083170858143056,0.3972548527339228,0.45880488548368836,0.5400909597629805,0.471773565753971,0.4259458991737888,0.4681180404473631,0.3547242868994194,0.3703745975926791,0.27724185452476574,0.3083340906380159,0.3825653829511809,0.32572790194896767,0.3321269044810605,0.28120207775747114,0.20509944775811415,0.27758230432840914,0.22432673400367328,0.3524546951592493,0.29222847746541697,0.3513662608295049,-0.03354229770473938,-0.03595926535693862,-0.14022825121118687,0.014717424310592434,-0.2785855557909818,-0.037444096445584364,-0.2092946873537883,0.1566849310087936,0.07565541336304987
0.2507164633063786,0.10317603026840161,0.3086455371890704,0.11061001221122391,0.32636497912996765,0.2678061062315086,0.15225615856755045,0.33327814557812047,0.2938994983794192,0.2444038607287363,0.3285117098899416,0.3768598480678099,0.2892588271891415,0.32087143411313374,0.3279898435640194,0.29162620255141536,0.3238867795404865,0.49183147335221616,0.22828334408290912,0.19736985988210376,1.8754401911545417,0.3956510284052431,0.7197442125276305,0.6375840536114475,0.3120761231379962,0.49193824730372326,0.4237091984934347,0.6771076069459872,0.4769190650319751,0.2335041468043085,0.18049420380001946,0.2590861863341364,0.5368313834266402,0.5239997721537543,0.4555076865054528,0.377243125505046,0.4410163552336769,0.38785036601095313,0.23378777830257155,0.24754185997653574,0.3890126628505554,0.34923254763253725,0.36442247255321714,0.21895375835613617,0.26395224205623463,0.18424605261594554,0.1360275080651119,0.3613874404886314,0.20661080579882987,-0.039031219012784425,-0.07726501345481963,-0.059322403243310326,0.08716938779830251,0.06032471235264078,-0.052070354611052944,-0.0015600552160862807,-0.19763050628176132,0.2300398901889849,0.10532158772040037
0.17503610181641788,0.15220042143439186,0.2786342273116667,0.15044562825003033,0.3320433621684136,0.3155605052009475,0.377794374592437,0.45021372704932444,0.3296787146081716,0.2891959801676795,0.37293968036836334,0.3067443332377848,0.32931925497450126,0.3483002416420943,0.3401500764364877,0.4059030992566333,0.3722300497903265,0.3227873307425323,0.5018977931491984,0.48269044645076037,0.3956510284052431,0.8207892595930099,0.47551587738924844,0.36074035462175374,0.3297038878519009,0.28434497889414606,0.44520784872847197,0.3946133443653916,0.4215330922002662,0.42283437936911933,0.41267905766810903,0.3744680581598207,0.45814690596828433,0.4448847447377977,0.3417559608204552,0.3812641768559598,0.3866688427825458,0.35339602545294885,0.3184896227297171,0.27275034303397705,0.3928786184740898,0.3241633739185462,0.34459328947014545,0.25531308380397144,0.24696142511007005,0.3241111007271118,0.3056929213674108,0.3051865002508429,0.24514361224629372,0.15296505231669486,0.07325594793010068,0.14811971935615365,-0.10192288963666181,0.004910245725683432,-0.18539100833339747,-6.891362162895223e-5,-0.21570683453121234,0.15792116144321,0.12963700833923242
0.24104293187329137,0.1816572064784537,0.32164109555805104,0.24417881886495071,0.4004142997624821,0.3389248017653646,0.35043577895675015,0.3926432647681861,0.40002388293643426,0.2986564731812439,0.2969630628745773,0.3890759076678759,0.32605785490538025,0.2845082079341556,0.3188987958120228,0.34175014378486274,0.22224048168574345,0.3796521489337273,0.5069740686855869,0.5545631853604658,0.7197442125276305,0.47551587738924844,2.8542766119067275,0.4380684978565467,0.35871864605402004,0.2546593562403851,0.8819189602320021,0.40702324271719587,0.35592841352558696,0.36834325702532966,0.2669036602303817,0.2989893797984242,0.40831272218078773,0.33125787591912376,-0.08856833064095787,0.20883116495206935,0.30028434772142487,0.25861024008621747,0.20910420856635675,0.1995653203627409,0.3792515469647934,0.2756839754413483,0.29649400647249013,0.22734421636038546,0.03446432003606336,0.3346906586295791,0.02822316923542026,0.20505267116896347,0.22284248860649616,0.2201981797885838,0.22369714550347555,0.0672374929461693,0.10209973753949496,-0.08953564636555196,-0.07758695981226217,-0.019101104925980723,-0.04153707210589915,0.1495624592915716,-0.032896952816789775
0.13207362763223984,0.18629539007116772,0.2350395303477182,0.1631731191521916,0.33120888108943947,0.21997866601858912,0.21216450621317537,0.3333470402719078,0.26954650814075837,0.25055180655840975,0.33101799505989915,0.30446703000493097,0.27813107412740273,0.3488374794028709,0.3611838960416283,0.3866346912373409,0.454934375865791,0.3465286980155437,0.6478016441353164,0.6356935560793513,0.6375840536114475,0.36074035462175374,0.4380684978565467,1.6095895123490176,0.35275593851768217,0.42874916368331156,0.4644111758063784,0.778706648284966,0.6043630262002256,0.5444911153486196,0.5478483019569952,0.45029854349161025,0.563584402085735,0.5386019008437477,0.5782631348072438,0.7161203538882193,0.4932200340035106,0.5272300116598807,0.3642699512254142,0.3736614479000173,0.4483907618006269,0.5098529361327179,0.41685826170812196,0.39649523902578626,0.3239857390889039,0.18240051555119435,-0.26903769480576406,0.5254575876532067,0.377351550040865,0.5093954555875039,-0.22563831022460556,0.05818066939524986,-0.14190496952372117,0.04392265305926293,-0.2916861653167902,-0.0035233151355756978,-0.12469735970513246,0.23926552354420097,0.030772277971337164
0.24021063434808002,0.2320006090220607,0.3002490081423976,0.2687648806561976,0.3272931487105965,0.33821218664417935,0.2766639495380319,0.3140910811147452,0.372707956876,0.30378122278688907,0.3646875157077919,0.34013465833313905,0.34818094648888587,0.4080570866975165,0.4741543626552647,0.3610360128845783,0.2824388228221939,0.3504044816125762,0.5020875090652345,0.4334387865030381,0.3120761231379962,0.3297038878519009,0.35871864605402004,0.35275593851768217,0.9525546308280327,0.24635383323612067,0.4679833933389844,0.4564064335060952,0.46710410732966623,0.5011147124807422,0.42676608132322214,0.4254777983214539,0.5778201931253444,0.4857494969405198,0.532933169429922,0.35157900430936806,0.26618460325156357,0.3253860102699184,0.2982867647218455,0.234188970928927,0.3569462743991628,0.24586508954187725,0.3107876867755705,0.19603327008404547,0.2358269534618245,0.5108996660353117,0.36355905421937,0.185830851670863,0.19914491003739393,0.14632745870907493,0.03098426682379527,-0.0554583520891367,-0.06562069509501267,0.10958299305844994,-0.28121071139983694,-0.028180460259959128,-0.19038527195791283,0.17157492491559137,0.0959005149913489
0.05433777290935,0.14924575003438112,0.21813496519542422,-0.058088640866566475,0.3001876328673549,0.2274213080646632,0.253225183645476,0.3213581626589291,0.3112956572726921,0.2670655977739502,0.34295052250811725,0.23686104307586256,0.1785316780333034,0.2809178886181088,0.3208763156917667,0.4216722124571283,0.45597170174147855,0.4950142914057943,0.3499732923418092,0.2864777345337086,0.49193824730372326,0.28434497889414606,0.2546593562403851,0.42874916368331156,0.24635383323612067,1.8603640850067087,0.402883730925579,0.7727781814451091,0.5706402153660218,0.4568632533144697,0.730035824654419,0.6679364487933942,0.591180460418691,0.6631770642528951,0.5738001223936015,0.5087685090384215,0.4898338542879921,0.3897046692537743,0.341480887952923,0.34934586272303986,0.3982573229523752,0.3054203913497554,0.5621609396765735,0.21773452518112826,0.40721606949022937,0.09013191874680786,0.29151913888667175,0.5135646786316868,0.21352852906006028,0.2026177277611024,-0.1007664969004855,-0.025079121273633227,-0.031554244782794984,0.08672947358573078,-0.14498781033957403,0.012796989717371013,-0.1431806235424646,0.32661461446444573,0.23558298776191472
0.1886916357808349,0.18127970702783763,0.3225181810822474,0.1613725655967226,0.3525505108792724,0.3637491883974773,0.3212252701165739,0.3828426987001411,0.354496501650238,0.3338914624198158,0.3712076932866853,0.39859972387629494,0.33448173052686647,0.36150682401557344,0.3589254688981748,0.4113121180918298,0.34552910446895235,0.27952779042239967,0.5224219336438923,0.5256356215061269,0.4237091984934347,0.44520784872847197,0.8819189602320021,0.4644111758063784,0.4679833933389844,0.402883730925579,1.362648474798921,0.5470033172264934,0.6045963586709922,0.46252167883378237,0.618143262848186,0.49323614756503703,0.7036911594048927,0.5019003988096756,0.539844094835198,0.32777008967633153,0.30437430573910945,0.4042840280267743,0.28369404519195435,0.26001482378687946,0.36544972850307195,0.34211838425495195,0.5159483140750366,0.2250362628620769,0.2164963553086625,0.34660631988558793,0.41916068223165076,0.35152730449484754,0.2277701815956096,0.269438349707652,-0.03098614221791463,0.07416498468973443,0.01285712853871583,0.05188374515526751,-0.1228206258806221,0.012264606136082355,-0.17152525442722236,0.22375028792674195,0.04572872150846169
0.12815541564679256,0.2616729336679343,0.4285259745139482,0.16619452579756738,0.29849709457408546,0.38441780830123323,0.3106448827149687,0.37653241973801876,0.42388160998711305,0.3488911747869693,0.4225162408962849,0.4204916049290466,0.3544647298805177,0.42487802757326343,0.26759501332659347,0.3815780001780582,0.332429803350357,0.6006826416534918,0.5618136156619985,0.5205862436910541,0.6771076069459872,0.3946133443653916,0.40702324271719587,0.778706648284966,0.4564064335060952,0.7727781814451091,0.5470033172264934,3.597046207010945,0.9942053853619579,0.6617700321272891,0.6742491152089405,0.9974612868165807,0.9497066181983083,0.9006278417353566,1.0926821557422826,0.726337591660999,0.7514332403110955,0.7769019316101733,0.627388927401976,0.3794304973866449,1.1760318405337573,0.5581046489388828,0.7051480193818673,0.37381949020851224,0.6336974357429868,0.19623973703494876,1.0899085529342092,0.5802751575309817,0.35616216236824594,0.06074016725578714,-0.32365059679196223,-0.08333429639467703,0.06482684982911836,-0.04643161602593087,-0.2523687976899358,-0.054139829119939864,-0.21220874151975333,0.3030064821344226,0.20431704227907366
0.2070876080593825,0.2198126005020562,0.38205243516238674,0.16560238352297604,0.36458106351584285,0.34943625301047865,0.31629884046715867,0.4403132024734879,0.33265698827294105,0.3259296922293228,0.3941747812862256,0.3592774657154653,0.33438909016218205,0.39697875559885054,0.352665019505367,0.41452871942830677,0.35359732693813084,0.3791196962715402,0.5065033062807935,0.48366083692715817,0.4769190650319751,0.4215330922002662,0.35592841352558696,0.6043630262002256,0.46710410732966623,0.5706402153660218,0.6045963586709922,0.9942053853619579,1.5907448022927022,0.5127334989135566,1.0049116331153125,0.7294765648915935,0.9802479713357252,1.033574675011751,0.829099637208822,0.8732848532832305,0.9107540777058126,0.6767622152192027,0.48076189363023425,0.5398534836110855,0.7419687620275748,0.5196223962844148,0.659787979347323,0.374811976083846,0.5725879455981069,0.35189561074158965,0.6491531240971986,0.5404857212741737,0.3532701599176661,0.1183400687974101,-0.19773081558005828,-0.11581764830915918,0.0375715204241432,0.05232893973262873,-0.15368157840045138,0.013775139804721132,-0.36596850417682997,0.400476347683456,0.2761187218483024
0.174675273951014,0.19951196508309005,0.317056380018952,0.18288121416838282,0.4036487700079294,0.3436714562744604,0.35663054596538285,0.42711336196248145,0.36947265861186257,0.34594729773695326,0.42312412995744564,0.3456113921371636,0.3585479455615701,0.43170071938689814,0.42405223436992007,0.4713297138064554,0.4355754658810193,0.4746562347205295,0.7421801052144625,0.7083170858143056,0.2335041468043085,0.42283437936911933,0.36834325702532966,0.5444911153486196,0.5011147124807422,0.4568632533144697,0.46252167883378237,0.6617700321272891,0.5127334989135566,1.5134431777841306,0.6598843750360757,0.4753930384037901,0.6683047649688604,0.547265221317532,0.6726141900360694,0.7336880385162348,0.41939647657433227,0.419371672553122,0.319213197662925,0.35143515380473883,0.41221356969046824,0.34353201400059047,0.41093724734439957,0.3061328494658618,0.4070263305067206,0.31963525884832455,0.5365054781999281,0.40305555900781787,0.3124817133898316,0.4674925584451671,0.044211522999991364,-0.009274928332999094,-0.31840467766954567,0.0414981288431572,-0.28341088347924126,-0.06906296591948148,-0.216489100731986,0.21045896651300322,0.10103434897108601
0.2007422843773035,0.20243957533630896,0.39725015410031383,0.13291522846525855,0.3613541997387483,0.3480394535053839,0.3329274205837001,0.42594066140016235,0.3478367918787892,0.34562268696147164,0.3862197849635041,0.3994748686307593,0.32546300647087406,0.4038675834298929,0.382037761718385,0.4098711162035791,0.39715774884509275,0.24629617905411508,0.4790540036376259,0.3972548527339228,0.18049420380001946,0.41267905766810903,0.2669036602303817,0.5478483019569952,0.42676608132322214,0.730035824654419,0.618143262848186,0.6742491152089405,1.0049116331153125,0.6598843750360757,2.4251743904304153,0.6933707234957422,0.7227882454021887,0.7551276167737643,0.8469762711434089,0.8124072617675192,0.6363694772787986,0.7447620610287907,0.614359857349786,0.7315124683838674,0.7005570150050311,0.5344742392230548,0.6779572462099464,0.35143019748744186,0.6181290732649222,0.3017865328404225,0.6503220535706112,0.5886103763555143,0.32501761992006106,0.35021870308888203,-0.1093358788600469,-0.005380462051499029,0.019309517670211114,0.14053143521014166,-0.19442767070234787,-0.02488795224800565,-0.1441891696523508,0.2269739892736699,0.0012900322514042075
0.14201166923596703,0.23528757350591623,0.25014441998305026,0.16285763134204953,0.36319302996847647,0.30921770987373587,0.25911833604738616,0.33068603350489306,0.3268186063336277,0.25770176044012244,0.33593129204659106,0.3016920275275736,0.2901468876281134,0.3470103541000695,0.33379018751703654,0.3878206090014589,0.33944192294740416,0.46387761884490963,0.5176865790161665,0.45880488548368836,0.2590861863341364,0.3744680581598207,0.2989893797984242,0.45029854349161025,0.4254777983214539,0.6679364487933942,0.49323614756503703,0.9974612868165807,0.7294765648915935,0.4753930384037901,0.6933707234957422,2.212951850090857,0.7596901050571906,0.6674637783897635,0.6534987685661343,0.3913255294298546,0.6671088256593584,0.5433189006676773,0.5502428255395404,0.345286207822229,0.3892428093287301,0.25018707169005516,0.6994249015667173,0.20789391321534018,0.5014117418647601,0.23955157102749342,1.0080180006986628,0.4917731758913919,0.22910371094953708,0.15574275508777,-0.11190596058410483,-0.12146367107011789,-0.029033342542777008,0.1626635376598143,-0.1888487269639905,-0.05724044120875997,-0.1909653721566942,0.308814238206082,0.20423986031119182
0.22091094086396496,0.25344430234553306,0.3600755709346647,0.19544435898799886,0.4011310354581404,0.39558554110469013,0.3465653007642049,0.45499093144521696,0.3890465022413766,0.3561243885136589,0.43655169011467865,0.3901833032620847,0.38387058072061037,0.4367603955017972,0.42590168464547407,0.4454187583207506,0.4169374007294785,0.46925850820701337,0.5817080701984751,0.5400909597629805,0.5368313834266402,0.45814690596828433,0.40831272218078773,0.563584402085735,0.5778201931253444,0.591180460418691,0.7036911594048927,0.9497066181983083,0.9802479713357252,0.6683047649688604,0.7227882454021887,0.7596901050571906,1.4203892424915798,0.9971638324409591,0.8211818302546221,0.6948281806454731,0.7698520465864082,0.5322874999101522,0.41156959101958424,0.34801097968104006,0.5723519239342482,0.3835205190646054,0.649932109514061,0.27823823046406365,0.47375972777739894,0.3447410360024698,0.6801795575720561,0.560283195836571,0.27815189285555897,0.23041972796521482,-0.07334320667430454,0.0012570360487731897,-0.04602180380259241,0.07676250880378074,-0.43439120230649586,-0.14846049765737962,-0.363594683191875,0.3904188157295569,0.45762084927784547
0.2702624117893571,0.31156737807566287,0.42867759756497764,0.3068093088260413,0.38964443004634003,0.3752391544221336,0.3694704573949145,0.4398763287517996,0.4034140522726072,0.3857276326637092,0.4462616540255186,0.39982538188101996,0.37535511019230294,0.41396920531777504,0.36993882209582984,0.37173803831990987,0.3692326685027441,0.48559225566956377,0.5186968148558332,0.471773565753971,0.5239997721537543,0.4448847447377977,0.33125787591912376,0.5386019008437477,0.4857494969405198,0.6631770642528951,0.5019003988096756,0.9006278417353566,1.033574675011751,0.547265221317532,0.7551276167737643,0.6674637783897635,0.9971638324409591,2.0993536862221216,0.7494783719624342,0.9493482658873419,1.2243446685289738,0.722574908372818,0.4668152954039402,0.31720829220926733,0.7701319685941668,0.45643245389195325,0.7564160149137903,0.3066741450467448,0.6284525426528769,0.31925246338542884,0.7632711165378027,0.5881586963124633,0.2963608863637213,-0.07240268142263802,-0.2642525379848285,-0.1547718728913832,0.02974369503875708,0.15830188665001277,-0.37457790483117126,-0.09489011801026503,-0.21965396484926208,0.24660761786518962,0.21538150878084994
