0.7458532025385542,0.2294645019355067,0.2293190472938328,0.054443132350754646,0.09299610246950445,0.0801355851752818,0.19459703996149463,0.13524697052643483,0.11545129658139479,0.09253248296520979,0.09452661120330276,0.09516840041185351,0.04759677975111879,0.13005213582798145,0.1257204760072168,0.08957538612490783,0.019530790881456175,0.11146745761812911,0.05628295824193508,0.07294508484688692,0.07720543060963592,0.0788719434482676,0.09361756435609268,0.061990613055482334,0.12337045385953989,0.012564861961013985,0.0606946661184938,-0.027915790901513457,0.2059559670523403,0.09015839943937971,0.07510139486929131,0.03726992337232727,0.06288451515318878,0.10035265937343038,0.10163913506935174,0.05799310998573743,0.08121307686191405,0.05828957984037694,0.15942066234897384,0.045537352816839655,0.03712439285078591,0.037758979955720084,0.0689247152454686,0.05714222210067354,0.049599158459509074,0.06518223917513268,0.10190588250978508,-0.0299475307354792,0.14708466674290438,-0.04142570150492065,0.006680862800213606,-0.010176365389307608,0.04096691759559109,-0.04939992177201388,0.08343419874685407,0.03737916752852756,-0.07659566222451232,-0.002975758840572932,-0.02431643666851362
0.2294645019355067,4.733160291842692,0.15640307788246988,-0.08857199293928732,0.13472857973050434,0.28570976580420626,0.06585998498858527,0.13647104398010176,0.11003894960910035,0.11090342039276231,0.14162740605759472,0.14728610558783378,0.06837975607796376,0.060864394365289856,0.17406843292939173,0.08177802996235362,0.1595190160106091,0.40931647169400553,-0.1692617503081858,0.4357281722710081,0.20022530097603325,-0.0029317921306080516,-0.10729053110164996,-0.09117036905743735,0.018431524431240964,-0.125032144751747,0.2706297106339545,0.3250991438822122,0.20068082199303972,-0.019426333345022917,0.1952639954613072,0.1228769485281917,0.23799878436530306,0.03997752320923953,-0.10954621192310122,0.16467687252036534,0.017848513492245262,0.22731963369264346,0.1856946255901775,0.20087499714859783,-0.0597800033805676,-0.06325633610006293,0.02639122557195525,0.07270900547664311,0.08168449597432101,0.11573233476424748,0.1703912995251966,-0.16299230484433813,0.24770203546988293,-0.4872381952689555,0.24648372576165337,0.37048231978529766,-0.12877722777855738,-0.05154476415906004,-0.7907749508999838,-0.029816223822106507,0.02097835276739843,0.07864438307265875,0.5609441390142392
0.2293190472938328,0.15640307788246988,2.0232861183263733,0.034230844942592493,-0.3998209402823848,0.3135922164704736,-0.09219229709187178,0.3144791501040679,0.4369379346525503,0.41518136642513825,0.24285714493696353,0.17108452152424752,0.13057211430919596,0.2068576183650127,0.3658080747501008,0.13721242632625885,0.24959792751836607,0.08947331138912261,0.2910042643292028,0.38616764995759884,0.12338621857383658,0.3730229793705647,0.16138075392471,0.34941037276916037,0.3283884081886227,0.06049148631302074,0.17386346866927777,0.12285954515537972,0.6133842641902985,0.5497071758472202,0.24621329953035215,0.06554123237189043,0.2721665872544549,0.22233246395705464,0.5644813133411004,0.27156809402081533,0.3958973999484192,0.2256121209986208,0.5143569666988239,0.22909127183413644,0.18693929910623616,0.2759458141497724,0.2958802517120657,0.1646504636885158,0.32293960082409195,0.2801280110796241,0.3332153871414539,-0.09602332162730565,0.3784188021964001,0.1262623340374359,-0.02527372518726865,-0.1579129797923598,-0.06029826975700678,-0.16123884702320151,0.04896575186928278,-0.012199030467125362,-0.3220772306738231,-0.2459055444325317,0.3555600388741519
0.054443132350754646,-0.08857199293928732,0.034230844942592493,1.3270438245391478,0.6584985760068098,0.36103491944485006,0.3953114076981606,0.4009475008837346,0.1398727758256138,0.1663287404099145,0.2039784475651403,0.2450586479282168,0.11308981175689813,0.3448915903611551,0.22964337382007882,0.26244262445420574,0.15151961729521937,0.23904848270699164,-0.01450702520332832,0.19277472870130258,0.11018899761924174,0.013757143468187908,0.22290926308310233,0.13547894810360153,0.16408529693669077,0.14061957812271822,0.1085453640004764,-0.008551130221842835,0.052854892205971546,0.20925663680710124,0.16014709924649803,0.026873801398051258,0.03482575140669096,0.19334440423484758,0.237203463464936,0.10091167577906741,0.15982624376464336,0.12999282902913067,0.33631347848372783,0.13026789986153814,0.09813982223282718,0.11757073371318592,0.19429210022021212,0.2224043412444299,0.13154074481224853,0.10010369391038844,0.22095688815109774,-0.021485751430424232,0.07025644348822566,-0.09092691114438904,-0.042211207611623745,0.048264284586961165,0.11768623407437855,-0.1082254387975735,-0.05347972614178795,-0.12345805818487424,-0.4925968641841058,0.6768565414576456,-0.14353042404121974
0.09299610246950445,0.13472857973050434,-0.3998209402823848,0.6584985760068098,1.2157011626114835,0.3223571211101392,0.3489353649113758,0.3747973547614773,0.08920148775778586,0.09946397055963532,0.18396388764058322,0.1969075567260976,0.09963876171519213,0.22263387260713413,0.1375587850385094,0.18126072805909182,0.08731433344597142,0.24180400766179486,-0.09304704546374976,0.07023560601031531,0.13667850842557777,-0.09402231478373238,0.1625856357451102,0.02076596826711171,0.06301260480437959,0.20359672026790085,0.06410850791200778,-0.07433587112622442,-0.037111964141624446,-0.02224120235653215,0.10786833740175615,0.09600123575203275,-0.08458917766744842,0.14379312155057433,0.07742641147162535,0.07687311537441609,0.0378713248265124,0.05920947496526593,0.16628593013187032,0.12634980746257854,0.07096209788707512,0.09480882840352693,0.012213189808084144,0.12397752367326677,0.06683519349437088,0.03998666883456113,0.10321736513510302,-0.01678673936479893,0.035026048183812615,-0.33534560919943784,0.14669141630801164,-0.017556999837714905,0.3523659784285736,0.059180201264199477,-0.17452867038870018,-0.09395913264387978,-0.14627324795821056,0.38481734884361724,-0.04054706535882327
0.0801355851752818,0.28570976580420626,0.3135922164704736,0.36103491944485006,0.3223571211101392,0.8687401023090392,-0.07024622692251761,0.46372666845277677,0.2785617877008771,0.12208222121505284,0.1846587699498145,0.20250252793369103,0.10569803641916219,0.33397663703878666,0.1654727503141734,0.2197751364719194,0.18034944808532885,0.14895801092120733,0.004767134990489965,0.20897510851415724,0.10118636375599856,0.10742085180168738,0.12503414317463485,0.0937996664815707,0.13871716408033374,0.18724886747274144,0.14500123590650357,0.0865609713675728,0.2597764739608201,0.17753947026019104,0.11200968943733655,0.10943387989381152,-0.027321599750022612,0.19758062334802465,0.2742447622342183,0.012834006720831452,0.08697544255959287,0.11585445564081819,0.30074204814399075,0.16418531140767223,-0.02731382759606313,0.08580531323377309,0.2119353188036158,0.21849915405421155,0.04688988496429962,-0.003953304836478162,0.17075184980339309,-0.019346537356769406,0.3708248039510529,0.031056076770854132,-0.29225561871998956,0.00694782478926913,-0.15089199251567978,0.10199286940708478,-0.15223641470019122,-0.06326062555094744,-0.1909459649097003,0.598529673685452,-0.253366040149409
0.19459703996149463,0.06585998498858527,-0.09219229709187178,0.3953114076981606,0.3489353649113758,-0.07024622692251761,0.9163386361459666,0.19331972595294766,0.17615965075522044,0.1268583259305636,0.18681320699007986,0.22424566339062307,0.0893334039940469,0.04883150020612423,0.17002087754336848,0.1439459450100753,0.06866689903085074,0.235480394877149,0.07212810311450484,0.08535264496765872,0.1285337026183797,0.08978289376774269,0.15561071134977345,0.07795459090515885,0.1047786705441927,0.12479501307195438,0.09298077507330679,-0.07926100454195197,0.028967330905643216,0.07355898682977921,0.11527961588590449,0.08510446234599436,0.13751644800846213,0.10576874527091622,-0.03024417147172364,0.14896622209139868,0.09795941563050395,0.07380638474666162,0.20930090801155754,0.03088225563081192,0.06796296331674972,0.03471407392811241,-0.0020155347276807774,0.0601281752836135,0.051285552165241936,0.11121378166047453,0.15168518890618898,-0.04011131990465818,0.18386978106062668,0.008083355731389099,0.07920924945286809,0.0006324235510242222,0.14002366622389273,-0.21084926542500565,0.013698659145204834,0.12923222286334443,-0.08070142195170427,0.05774259598850468,-0.1635189054929666
0.13524697052643483,0.13647104398010176,0.3144791501040679,0.4009475008837346,0.3747973547614773,0.46372666845277677,0.19331972595294766,0.8847094400935792,0.11890681294520715,0.2105757075558017,0.19462556445613383,0.03112650105436949,0.10852485197620645,0.31632800968556873,0.16059309908991715,0.17977678249394866,0.16578434552689048,0.22413170597411064,0.05821390505504136,0.20103107992390198,0.19989864954952027,0.1503521934855497,0.19534827324662865,0.05541305566594807,0.044960128924263695,0.21674255373980597,0.11993787894390659,-0.03498328293322745,0.13463329997434395,0.4229224787035007,0.11925259139363316,0.10594751711068943,0.10283011623936932,0.09154393598963094,0.19665913364770074,0.08483909880806206,0.17757168847286103,0.12082591817741303,0.4294585767070179,0.23693099858235533,0.07836224519112506,0.09954707359605662,0.17063527053931915,0.20645542259032007,0.14290858660149366,0.07538616668829155,0.3161697379980988,-0.03188843694389366,0.4382716650174154,0.1776119033858585,-0.08217095732467596,-0.20615903971511154,0.04278774289039705,-0.02530555547165785,-0.17058062741414493,-0.15351372889961826,-0.15572103690806155,0.6898055810683619,-0.25624403168796844
0.11545129658139479,0.11003894960910035,0.4369379346525503,0.1398727758256138,0.08920148775778586,0.2785617877008771,0.17615965075522044,0.11890681294520715,0.6511254328107319,0.05541944412710427,0.17048786980554018,0.21126296118155588,0.08387532055145461,0.16882951372056892,0.22551761112896482,0.15289484178850185,0.11382243674721101,0.12710757513199283,0.04499316650461744,0.19247596340107612,0.06392061178518813,0.04039338939500699,0.06188711594826112,0.11819925161171718,0.07854052755558046,0.1643159060119075,0.10987466056351806,0.061947213800423194,0.18108660276668698,0.11994119860591133,0.15094988647981505,0.05090389009749397,0.06653886646340806,0.14558279708953525,0.2116288657147005,0.12433922331953774,0.1393928781575111,0.11963752365668495,0.2281646132541923,0.07733157409883164,0.031672287693206715,0.09387916713451128,0.11462752486823381,0.054951395277249,0.16627723855620996,0.10620808201055776,0.13082838055576304,-0.05990655781206201,0.27950438326702237,-0.20194499345351344,-0.015581198541488105,0.08309191146684804,0.08624760334761,-0.004532712999076275,0.04521635960591854,0.19778708428845995,-0.17877586635500503,-0.07727401735112836,-0.054618482557968105
0.09253248296520979,0.11090342039276231,0.41518136642513825,0.1663287404099145,0.09946397055963532,0.12208222121505284,0.1268583259305636,0.2105757075558017,0.05541944412710427,0.5626209297750152,0.08576268908829297,0.0869582524793394,0.09650576502130878,0.10102765870491782,0.12920147658999595,0.09260616848422715,0.11550822329108247,0.1809580179310917,0.08030554423824762,0.05189974545535895,-0.010297615132311559,0.15681823210422358,0.17812005523395613,0.13999440399165275,0.12078819598785108,0.025583427768976357,0.08194800683850069,-0.008726007244539266,0.20509129009701596,0.23358217587030858,0.12644289760281,0.04948320270258576,0.07972431949594508,0.08198048489231034,0.24814497464129393,0.1507797687142064,0.1413995136846708,0.051665427021622565,0.25464082278128863,0.10259305699742777,0.1465114848446706,0.11394261588750394,0.08327570730491113,0.12412153038296264,0.06103220117934544,0.1187877494072958,0.20526538676133782,-0.06063357250062115,0.12989639775007236,0.02558691857835094,0.017512843131755385,-0.13355173937403733,0.059905571982655816,0.030893452522851753,0.06555000070225264,-0.03768084433464447,-0.08028178135579962,-0.21472443071552302,0.21162723742670594
0.09452661120330276,0.14162740605759472,0.24285714493696353,0.2039784475651403,0.18396388764058322,0.1846587699498145,0.18681320699007986,0.19462556445613383,0.17048786980554018,0.08576268908829297,0.38703953750219505,0.21465925307899764,0.11970557497336559,0.16125198206980668,0.2811464834578472,0.16630658155095004,0.18065411612300894,0.12452041804427902,-0.014288704807545216,0.27284835528295076,0.15291083578742987,0.04062054512777915,0.06369057074228934,0.11718915888672654,0.08686323555941236,0.12922960008128864,0.14278782428293876,0.09474153412587917,0.12279798005730057,0.1193524461777385,0.1724611775926112,0.09250884755373101,0.04481918037120299,0.12982492551256875,0.23250392813952056,0.12792523011824722,0.13791498887456557,0.1519995997538181,0.24544071699385211,0.15278076042137864,0.10578173539559217,0.1332873790950059,0.15044582843654325,0.10624050574503,0.18410532467918725,0.10392135955460954,0.12578011335579328,-0.0365928293814204,0.2136948371600245,-0.14722914414761618,-0.014909619781513008,0.07707412496440293,0.09903891780113613,-0.005084135714805335,-0.07775638147724857,0.01692768369353791,-0.11770672603487019,0.20837463651540353,-0.11704890461027921
0.09516840041185351,0.14728610558783378,0.17108452152424752,0.2450586479282168,0.1969075567260976,0.20250252793369103,0.22424566339062307,0.03112650105436949,0.21126296118155588,0.0869582524793394,0.21465925307899764,0.5952423510235965,0.08665153958244266,0.1539870886293837,0.15352223890616037,0.23022631375711614,0.11182829110840786,0.17642004559102703,0.01236805825057103,0.13358650585287435,0.020964938622931657,0.03747864892968852,0.128417072113605,0.1263263524754663,0.17601098804581009,0.13711460104443,0.16245653243823294,-0.04095878360279562,0.19084984763362617,-0.05002194799524783,0.10266624770984777,0.12417386236953055,0.07226270151085698,0.162222204205575,0.10588532505798803,0.06525932694248594,-0.016628738004900216,0.09291783842664907,0.15808631220878488,0.060302026750121376,-0.012775780611442697,0.044558929983416234,0.14032865124858906,0.054835085926281286,0.010711234145251936,0.07244631948490624,0.0684419497089964,-0.01690837465240515,0.33706834720735424,-0.2397815259096712,-0.03426018149606634,0.10015112697889537,0.10539454747428971,-0.032055113627342716,-0.05045318412334091,0.11255711085122105,-0.1477244424758535,0.10607363661797756,-0.11132217357857281
0.04759677975111879,0.06837975607796376,0.13057211430919596,0.11308981175689813,0.09963876171519213,0.10569803641916219,0.0893334039940469,0.10852485197620645,0.08387532055145461,0.09650576502130878,0.11970557497336559,0.08665153958244266,0.2794069378227125,0.09564593628088265,0.010605437525230138,0.11189042469287125,0.13783051099203766,0.08344236923460542,0.06872742918428063,0.11059876774587878,0.06516358982209905,0.20123846880661153,0.08241092891908967,0.09714586216004044,0.08463814276442677,0.030311429671374346,0.10515455799461003,0.05983250771902601,0.13586721420955794,0.09223785690538877,0.09410927110286053,0.10616281063054346,0.05756470019595382,0.08637396119691321,0.16848887152963657,0.0697546416471596,0.0988494509235652,0.06551737340796777,0.1945752179589452,0.0897939699618596,0.08010975591311532,0.0882317322665603,0.11818635706848178,0.14349210335525753,0.052111903123743884,0.06293948045521781,0.08874248273702075,-0.013321397509946839,0.15662317539602102,0.08066985362910789,0.006666278859382874,-0.11732766710917387,-0.03156779726628876,-0.0028828084572093135,-0.056309893722617015,-0.02005737896312817,-0.007293348711489929,0.033521145571026395,0.003537498084353492
0.13005213582798145,0.060864394365289856,0.2068576183650127,0.3448915903611551,0.22263387260713413,0.33397663703878666,0.04883150020612423,0.31632800968556873,0.16882951372056892,0.10102765870491782,0.16125198206980668,0.1539870886293837,0.09564593628088265,0.6108142113953576,0.28074159616703814,0.32561260495010824,0.14536836544286447,0.05165859335168095,0.030762864940087117,0.2523140290648364,0.05304979351587043,-0.032661412289024416,0.04972644815795545,0.12058394353449021,0.09692159368649274,0.10617403109024734,0.13687882473055552,0.13878098561315075,0.19580525359165799,0.23851123175075814,0.1464575998914072,0.028570083833306826,0.06384588110530087,0.14759200475620649,0.2774868315418788,0.05324235655934211,0.16790876157841206,0.14786608710206753,0.24849372815236306,0.13882011001603706,0.1361535965459812,0.11799538892678403,0.25959788653289384,0.16972843273937416,0.060329413294654015,0.05364844867347597,0.14979154738835815,0.010067010770854602,0.5114783105712094,-0.09069875746043511,-0.12408763807987302,0.06599293113345144,0.009344686291021564,0.005259665899714035,-0.0885809872095773,0.003931033239855498,-0.31216011366591273,0.5844639347815492,-0.19878830721070084
0.1257204760072168,0.17406843292939173,0.3658080747501008,0.22964337382007882,0.1375587850385094,0.1654727503141734,0.17002087754336848,0.16059309908991715,0.22551761112896482,0.12920147658999595,0.2811464834578472,0.15352223890616037,0.010605437525230138,0.28074159616703814,0.9314719044264009,0.23556326901586266,0.2325971544855066,0.047360859076502344,0.08812028139761618,0.4456555249701622,0.21887853622542594,-0.11457387312280468,-0.012324292259498063,0.20513544445066165,0.08136410507476446,0.09643608298803712,0.1804525636333949,0.31285665879521724,0.17744326865207538,0.3245436492769406,0.2616767401285665,0.005088052942147626,0.16628311484947245,0.17233030416753845,0.27858660088046344,0.20548225686261842,0.3767056434258887,0.2548291712668588,0.3116903773055525,0.14864663198909095,0.24896932710618247,0.23346127562940647,0.31393032406199667,0.1340385282867492,0.2730755175551105,0.1876008280157816,0.2002655345038051,-0.038611150503815764,0.49379829677207665,-0.04211141284739842,-0.14432007026003527,0.37384758345485114,-0.07776485374797397,-0.10814650778275334,-0.037386100790160956,0.13396445806932364,-0.33285274312632784,0.20897652715233853,0.03287263800255374
0.08957538612490783,0.08177802996235362,0.13721242632625885,0.26244262445420574,0.18126072805909182,0.2197751364719194,0.1439459450100753,0.17977678249394866,0.15289484178850185,0.09260616848422715,0.16630658155095004,0.23022631375711614,0.11189042469287125,0.32561260495010824,0.23556326901586266,0.612479733779332,0.22631036505137356,0.037219793137995255,0.04584613409033159,0.27389096517547873,0.08055719367133998,0.09704911243457442,0.06524706305624291,0.17125960909583293,0.09833565931416723,0.048893063883057135,0.20098745139492075,0.15103315814286775,0.2725050213672703,0.12281585438530741,0.15686060762042955,0.10397693140624803,0.0747437480078975,0.19788222511530373,0.2466467185376041,0.09181956422437822,0.1753745758126866,0.16712873395549424,0.26246981931254987,0.1186157048490041,0.13615059997611215,0.13257268144192172,0.2764556013368321,0.16667450549657983,0.09357162470241849,0.06801657855824886,0.0903737738099902,0.004417353749395597,0.4689641733326926,-0.24069326134214453,-0.09182814396099699,0.09091811609721602,0.0757580848558544,-0.04258526660416807,-0.06238619618681557,0.069722482055605,-0.24094784204631983,0.39337441204699086,-0.19862006412848587
0.019530790881456175,0.1595190160106091,0.24959792751836607,0.15151961729521937,0.08731433344597142,0.18034944808532885,0.06866689903085074,0.16578434552689048,0.11382243674721101,0.11550822329108247,0.18065411612300894,0.11182829110840786,0.13783051099203766,0.14536836544286447,0.2325971544855066,0.22631036505137356,0.8223438833749641,-0.008222673710995306,0.0714786667294995,0.3899161898861077,0.13968128740913566,0.3503171721146529,-0.05268906892747625,0.17121281315946799,0.33394351550979967,0.2136008413373454,0.21687729646632786,0.3609989433412506,0.2112445536377729,-0.026199162940235932,0.20297498289408689,0.15124145822708404,0.0928466445277276,0.21260509947432205,0.20699393441381334,0.2064164036289051,0.28510832748030907,0.24368744011142368,0.08300017584092197,0.06555743204620108,0.2539038007368671,0.2670939402760257,0.2513576743081073,0.1682192448947208,0.180624848212467,0.13155721838323875,-0.0106123357863374,-0.012108926891939225,0.06974859243746655,0.09223235390789547,-0.07971790632319718,0.04933072089247661,-0.012612934486142388,-0.005704302192908287,-0.1935056498524373,0.0002942570819966198,-0.10053101673557875,0.13501861262358725,-0.0872652353307592
0.11146745761812911,0.40931647169400553,0.08947331138912261,0.23904848270699164,0.24180400766179486,0.14895801092120733,0.235480394877149,0.22413170597411064,0.12710757513199283,0.1809580179310917,0.12452041804427902,0.17642004559102703,0.08344236923460542,0.05165859335168095,0.047360859076502344,0.037219793137995255,-0.008222673710995306,1.0347613389832648,-0.02626366635458609,-0.10797724484455663,0.02113044276813034,0.06039102222677786,0.43658600372516343,0.0009938571492708343,-0.005446751909443084,0.03965610597550037,0.008547282347370812,-0.07803256964260603,-0.06802395798350691,0.07476179056096188,0.24661815177500201,0.013079521132679791,0.06982992208377263,0.04083997632020009,0.1181482335301181,0.14610497796368013,0.10767003644170352,0.020713854040301426,0.3455141558609438,0.14230375818000643,0.08418575492187999,0.027645117434847887,0.36893294911643487,0.23880813314778995,0.29007276707073737,0.24851560808682002,0.5084898907234473,-0.12261267111767529,-0.1634461770823292,-0.000843507664012926,0.15949234517022493,-0.03343738501420469,0.03131209105027085,0.003729905935264786,-0.05047617042844389,0.0047183209879530855,-0.017243947924371037,0.25728501801021897,-0.18175718582216258
0.05628295824193508,-0.1692617503081858,0.2910042643292028,-0.01450702520332832,-0.09304704546374976,0.004767134990489965,0.07212810311450484,0.05821390505504136,0.04499316650461744,0.08030554423824762,-0.014288704807545216,0.01236805825057103,0.06872742918428063,0.030762864940087117,0.08812028139761618,0.04584613409033159,0.0714786667294995,-0.02626366635458609,0.8016753765886017,-0.0595732408054828,0.19006936859675036,0.2000297877012819,-0.09128145459255783,0.11748960991266906,0.2661101964640751,-0.016901594036650897,0.028505339996641798,0.14765184858604166,0.16654669852732779,0.1676645159609285,0.06305395959267682,0.05922296735288441,0.19268024602853065,0.0770417132737543,0.06035248552373361,0.018426873910387387,0.3350373028166855,0.017141699129101715,0.17240032807912725,-0.02444626020345954,0.09839072428754443,0.1045846343397336,0.04141493244517082,0.08937261539959661,0.13078027996565536,0.04535511108881005,0.08656504786708866,0.1198008584388708,-0.01843611074272775,0.5130921084340332,0.019240287842355194,-0.13843819843123434,-0.31024083565625965,-0.17287160359611425,0.11250238433495421,0.005824296795895349,-0.051828562391167496,-0.0729530215317153,0.037757605631237076
0.07294508484688692,0.4357281722710081,0.38616764995759884,0.19277472870130258,0.07023560601031531,0.20897510851415724,0.08535264496765872,0.20103107992390198,0.19247596340107612,0.05189974545535895,0.27284835528295076,0.13358650585287435,0.11059876774587878,0.2523140290648364,0.4456555249701622,0.27389096517547873,0.3899161898861077,-0.10797724484455663,-0.0595732408054828,1.544221447376878,-0.033953625443356145,0.0069471582620102765,-0.2388672989446498,0.26804912914692974,0.15617737333678156,0.003780925513074777,0.4263368159357071,0.4491063272827559,0.12589044901128557,0.5904941682284108,0.3905913626385556,0.08025209699750947,0.5775500070547576,0.1431707374208176,0.12276331707341409,0.022177213430731074,0.9796310626472781,0.6967023921247524,0.6018503275321704,0.27563610772525005,0.1271272606202803,0.20834697968035634,0.7220991177376885,0.21281079995712415,0.6802256487562276,0.1764378553802585,0.28296450142537816,0.1246837957400336,0.9935659692045432,-0.15014243810322025,-0.17446894445061797,0.2650537076961732,0.010066512817079203,-0.10357649434520744,-0.1475822480743177,0.003653534826656958,-0.213657120835903,0.30984196041575357,-0.0006144109396408873
0.07720543060963592,0.20022530097603325,0.12338621857383658,0.11018899761924174,0.13667850842557777,0.10118636375599856,0.1285337026183797,0.19989864954952027,0.06392061178518813,-0.010297615132311559,0.15291083578742987,0.020964938622931657,0.06516358982209905,0.05304979351587043,0.21887853622542594,0.08055719367133998,0.13968128740913566,0.02113044276813034,0.19006936859675036,-0.033953625443356145,1.1184087190471812,0.17859106357054458,0.04327881378714534,0.0847835081759489,0.13981485260889132,0.2739666648096755,0.05317985970034536,0.14780844239835889,0.12169441042741963,-0.06101598571911395,0.05016327031248126,0.2696122791953775,-0.08896898251059229,0.22612668677841946,0.11520969548616294,0.17033189901337722,-0.12011798557734112,0.0736750754540736,-0.11752724771969845,0.15880875547949927,0.20482248389129717,0.21743820366995997,0.019632415276222264,0.034033277362012226,0.12832794705483933,0.052976423809015225,-0.026684104354211428,-0.0190879700859301,-0.004276674173589946,0.13849214178571712,-0.03485315063068742,0.10203473309877298,-0.1241499942321695,-0.05993086653331347,-0.2181639893925196,-0.03662367036457772,0.038783543058143265,-0.010912515627035541,0.18005492009166973
0.0788719434482676,-0.0029317921306080516,0.3730229793705647,0.013757143468187908,-0.09402231478373238,0.10742085180168738,0.08978289376774269,0.1503521934855497,0.04039338939500699,0.15681823210422358,0.04062054512777915,0.03747864892968852,0.20123846880661153,-0.032661412289024416,-0.11457387312280468,0.09704911243457442,0.3503171721146529,0.06039102222677786,0.2000297877012819,0.0069471582620102765,0.17859106357054458,2.2617133502677467,0.3252391150733834,0.2930713225510622,0.21867408825191614,0.1971641728333764,0.2065109751665444,0.02009223060264309,0.2240473447596333,0.016084662007276256,0.008985087160027924,0.4412937692400654,0.17153977057321823,0.16695184003701302,-0.053875487194943075,0.09500897370054645,0.09574254513042983,0.027444233339048083,0.08361651342130032,-0.042702622494618904,0.07231587726749591,0.23071174987043316,0.3205359436383901,0.2813081493354359,-0.10941830704877158,0.08143624379763911,0.035484815988331586,0.028312838728873694,-0.017567037670381595,0.19343142707662475,-0.010255534588143331,-0.5733903142224247,-0.20797375799913995,-0.1423138612894845,-0.14414075865649642,-0.02020222558842334,0.07583244479675535,-0.19851056031476125,0.13699423686932877
0.09361756435609268,-0.10729053110164996,0.16138075392471,0.22290926308310233,0.1625856357451102,0.12503414317463485,0.15561071134977345,0.19534827324662865,0.06188711594826112,0.17812005523395613,0.06369057074228934,0.128417072113605,0.08241092891908967,0.04972644815795545,-0.012324292259498063,0.06524706305624291,-0.05268906892747625,0.43658600372516343,-0.09128145459255783,-0.2388672989446498,0.04327881378714534,0.3252391150733834,1.1927430544962168,0.4248037047477707,0.32068478135483275,-0.23204033898050597,-0.0073499242855609515,-0.5595717160630564,0.33296279392868533,0.19670576673598505,0.0034083859542197283,0.006784723819492159,0.08487015206541772,0.280585182575857,0.07346992518983744,0.23899873680637926,0.08872375496064976,-0.05196803227441169,0.5500263374592402,0.1042071253268462,0.04584500125146017,0.062010165114121156,0.09100829755156623,0.524977323248991,-0.11618548454603829,0.145573418569004,0.29669952826773627,-0.07023599890503239,0.1293190487984856,0.17091348479312127,0.09947667340395135,-0.2679642290891547,-0.06062609092587926,-0.08557494183365907,-0.1403543133083125,-0.03347262839622347,-0.05984285649400174,-0.05310506566656703,0.19282715218794066
0.061990613055482334,-0.09117036905743735,0.34941037276916037,0.13547894810360153,0.02076596826711171,0.0937996664815707,0.07795459090515885,0.05541305566594807,0.11819925161171718,0.13999440399165275,0.11718915888672654,0.1263263524754663,0.09714586216004044,0.12058394353449021,0.20513544445066165,0.17125960909583293,0.17121281315946799,0.0009938571492708343,0.11748960991266906,0.26804912914692974,0.0847835081759489,0.2930713225510622,0.4248037047477707,1.1172199244999277,0.5453283737697616,-0.1242731048311139,0.13551630194788017,0.027253188694264262,0.126972382932262,0.24813557797677657,0.31512669247716624,0.09384342826145958,0.14761916220827312,0.09953081734766972,0.08378563149029959,0.3782454767237732,0.033930953683295594,0.1671351107018762,0.35075187870885677,0.12055842678826373,0.1771721890627342,0.1452098982646675,0.05670673325848055,0.22334949645384308,-0.030766079318050303,0.24306149057676193,0.1266416033030157,-0.19627638058700933,0.45488272129623897,0.0134474281786713,-0.002855613379159981,-0.02593569016342721,-0.06039554920561555,-0.11374821862946272,-0.09819225763791452,0.0665651170983178,-0.0986813731541152,-0.3980704057586015,0.4619673628013815
0.12337045385953989,0.018431524431240964,0.3283884081886227,0.16408529693669077,0.06301260480437959,0.13871716408033374,0.1047786705441927,0.044960128924263695,0.07854052755558046,0.12078819598785108,0.08686323555941236,0.17601098804581009,0.08463814276442677,0.09692159368649274,0.08136410507476446,0.09833565931416723,0.33394351550979967,-0.005446751909443084,0.2661101964640751,0.15617737333678156,0.13981485260889132,0.21867408825191614,0.32068478135483275,0.5453283737697616,1.921962146009342,0.19845096980877383,0.19021727675900021,0.04290186613990992,0.7945275143447605,0.017632751665323514,0.09240689661400182,0.10977233001269261,0.025525279811828415,0.6138125635680571,0.2545468018731258,0.3174544927603699,0.2007607986340292,0.11938913030745553,0.016235584357953407,-0.066757441085729,0.26839997424955025,0.24649515109955059,0.14312407866067953,0.22383272477827157,0.023740363010889817,0.29425258729671566,0.013538982478034759,-0.18516275623230033,-0.44134868589837395,-0.19418211826481172,0.17288912772027915,-0.05667468688278006,0.025322662987939747,-0.21301095176273876,0.04539096701162831,0.004170000049994261,-0.10325947203320497,-0.2018239105008425,0.14847509726926078
0.012564861961013985,-0.125032144751747,0.06049148631302074,0.14061957812271822,0.20359672026790085,0.18724886747274144,0.12479501307195438,0.21674255373980597,0.1643159060119075,0.025583427768976357,0.12922960008128864,0.13711460104443,0.030311429671374346,0.10617403109024734,0.09643608298803712,0.048893063883057135,0.2136008413373454,0.03965610597550037,-0.016901594036650897,0.003780925513074777,0.2739666648096755,0.1971641728333764,-0.23204033898050597,-0.1242731048311139,0.19845096980877383,1.745494405974341,0.0924092640332487,0.14626968929057607,-0.21154183683444033,0.025637501631880878,-0.0069989809058525355,0.4181762919191308,0.0458561153458823,0.1938466912014713,0.10051455533986985,0.10394487433436866,-0.13806535149705115,0.0567876486290824,-0.7172946989865824,0.048069687914809596,0.39103399002346584,0.21420791599997538,0.2814287273124285,-0.30212541213221605,-0.2631299967227208,0.060611939681491124,-0.0066462753677380805,0.1311108631077827,0.4519671828208098,0.0016887704852601906,-0.09188146048420226,-0.09010698927858485,0.1564347632426973,0.028750212957411984,-0.1384392653929556,0.006326745095668106,0.06478824976811369,0.12904398730887218,-0.0810405137141855
0.0606946661184938,0.2706297106339545,0.17386346866927777,0.1085453640004764,0.06410850791200778,0.14500123590650357,0.09298077507330679,0.11993787894390659,0.10987466056351806,0.08194800683850069,0.14278782428293876,0.16245653243823294,0.10515455799461003,0.13687882473055552,0.1804525636333949,0.20098745139492075,0.21687729646632786,0.008547282347370812,0.028505339996641798,0.4263368159357071,0.05317985970034536,0.2065109751665444,-0.0073499242855609515,0.13551630194788017,0.19021727675900021,0.0924092640332487,0.5348871956668152,0.22979109422345625,0.09678170802256592,0.2029410184544855,0.1896170474240833,0.17977205321343412,0.2449498866934974,0.11165625303893048,0.16787879112092652,0.14293272592817508,0.2489142259442959,0.2314103344233459,0.19399052547956522,0.1399950115353237,0.14659473157769803,0.16795628748174785,0.4501545511833616,0.11626970903338883,0.1487341393893081,0.1056931050789807,0.1117570928170793,-0.0015563296782379798,0.5254161334097952,-0.07183860573076477,-0.09894155966848499,0.030572543489778666,0.04314893622255207,-0.041730668783348024,-0.07672413701076439,0.020819342661264624,-0.022784901508983862,0.1473236385921076,-0.07038720346141543
-0.027915790901513457,0.3250991438822122,0.12285954515537972,-0.008551130221842835,-0.07433587112622442,0.0865609713675728,-0.07926100454195197,-0.03498328293322745,0.061947213800423194,-0.008726007244539266,0.09474153412587917,-0.04095878360279562,0.05983250771902601,0.13878098561315075,0.31285665879521724,0.15103315814286775,0.3609989433412506,-0.07803256964260603,0.14765184858604166,0.4491063272827559,0.14780844239835889,0.02009223060264309,-0.5595717160630564,0.027253188694264262,0.04290186613990992,0.14626968929057607,0.22979109422345625,1.5552754420456862,-0.337236942395535,-0.05192292445804633,0.3460894432700389,0.08650755683096209,0.057816990279486356,0.08064993692505054,0.09351389886788246,0.38082683057577704,0.2371993868837577,0.28750663945741123,-0.02500637914884031,-0.049368436611994644,0.542726759959619,0.21547252417532553,0.32262513755038075,0.43757944070383076,0.08338792148293007,0.03056769791195383,-0.1030880522174763,-0.0773841274315048,0.020115812886713394,-0.45941292687011437,-0.13042404635543403,0.8542690879843086,-0.48371917642593365,0.04807922123099666,-0.06879466603858823,0.026927068861076833,-0.012217472731493269,0.1741537568516559,0.05241864496286979
0.2059559670523403,0.20068082199303972,0.6133842641902985,0.052854892205971546,-0.037111964141624446,0.2597764739608201,0.028967330905643216,0.13463329997434395,0.18108660276668698,0.20509129009701596,0.12279798005730057,0.19084984763362617,0.13586721420955794,0.19580525359165799,0.17744326865207538,0.2725050213672703,0.2112445536377729,-0.06802395798350691,0.16654669852732779,0.12589044901128557,0.12169441042741963,0.2240473447596333,0.33296279392868533,0.126972382932262,0.7945275143447605,-0.21154183683444033,0.09678170802256592,-0.337236942395535,3.9680947439145453,-0.12384312178790623,-0.04065977699922608,0.14916825500249498,0.3991417424347146,0.7614118461391969,0.12216869702387288,0.4139235215979373,0.2440058663006136,-0.00630460207064088,0.26417146750626264,0.07497613657677497,0.16806914426328703,0.17029148284227583,-0.07283901084442831,-0.30058190644428145,-0.2351591040335455,0.3964127326804369,-0.07048600711767569,-0.26187901096739896,0.9211860852936692,0.0012857366151365764,0.19249171979817672,-0.1439959506962768,-0.1890692372491503,-0.09437947751413535,0.1069206376738695,0.15554149516366925,-0.11322817601140538,-0.20521985639787987,-0.0432657109060423
0.09015839943937971,-0.019426333345022917,0.5497071758472202,0.20925663680710124,-0.02224120235653215,0.17753947026019104,0.07355898682977921,0.4229224787035007,0.11994119860591133,0.23358217587030858,0.1193524461777385,-0.05002194799524783,0.09223785690538877,0.23851123175075814,0.3245436492769406,0.12281585438530741,-0.026199162940235932,0.07476179056096188,0.1676645159609285,0.5904941682284108,-0.06101598571911395,0.016084662007276256,0.19670576673598505,0.24813557797677657,0.017632751665323514,0.025637501631880878,0.2029410184544855,-0.05192292445804633,-0.12384312178790623,3.5515186204923612,0.2203986570034659,-0.008997681363470124,0.8061848548573863,-0.5371388872019465,0.667699984710491,0.44210503780607013,0.6836434367891352,0.3433062904150835,0.9495068120124244,0.6483141222127268,0.2111965780280122,0.24707680979730967,0.6302386838122092,0.18896240669968534,0.6587053011108441,0.574217771421021,1.7229358236368706,-0.442880334565456,1.291522946326899,0.24847281159412182,-0.06844702881157813,-1.4781745130206536,0.6700641031071415,-0.07128235076386384,-0.03688537175137464,-0.3148977680874924,-0.4482011293626254,0.7453001620767518,0.09668894100351706
0.07510139486929131,0.1952639954613072,0.24621329953035215,0.16014709924649803,0.10786833740175615,0.11200968943733655,0.11527961588590449,0.11925259139363316,0.15094988647981505,0.12644289760281,0.1724611775926112,0.10266624770984777,0.09410927110286053,0.1464575998914072,0.2616767401285665,0.15686060762042955,0.20297498289408689,0.24661815177500201,0.06305395959267682,0.3905913626385556,0.05016327031248126,0.008985087160027924,0.0034083859542197283,0.31512669247716624,0.09240689661400182,-0.0069989809058525355,0.1896170474240833,0.3460894432700389,-0.04065977699922608,0.2203986570034659,0.8648721976075415,0.055652116401822396,0.14424462816731526,0.004288339539956869,0.2736072913268373,0.39718660945696854,0.3079342391955734,0.28950376485092466,0.3730026330299185,0.16501240039291554,0.31566981632612773,0.2188526220613571,0.21977377980334903,0.18308736953966886,0.40152922040304734,0.30524444737233775,0.23255933084464184,-0.18485602911329016,0.02016499003718168,0.0070619980209439305,-0.006624230918462734,0.0636782719079365,0.03635920057728551,-0.03834543348691031,0.03044899784869462,0.0300624802625026,-0.10166741653897672,0.05034513797650265,-0.0010506186979311744
0.03726992337232727,0.1228769485281917,0.06554123237189043,0.026873801398051258,0.09600123575203275,0.10943387989381152,0.08510446234599436,0.10594751711068943,0.05090389009749397,0.04948320270258576,0.09250884755373101,0.12417386236953055,0.10616281063054346,0.028570083833306826,0.005088052942147626,0.10397693140624803,0.15124145822708404,0.013079521132679791,0.05922296735288441,0.08025209699750947,0.2696122791953775,0.4412937692400654,0.006784723819492159,0.09384342826145958,0.10977233001269261,0.4181762919191308,0.17977205321343412,0.08650755683096209,0.14916825500249498,-0.008997681363470124,0.055652116401822396,0.8049372959357524,0.15666701526403093,0.1554125114382804,-0.19953438113526348,0.10899860511482948,-0.10446954913819759,0.11683550999879158,-0.1371864702040109,0.004731893984319088,0.08478029027116184,0.05320632553829682,0.05848396385666933,0.04622972042830267,-0.11630821020783719,0.0553057076093383,-0.010584261785519408,-0.0013006391744285974,0.22659415970240834,0.14735521040874938,-0.014229805647695264,-0.11391475599081557,-0.04229577178838225,-0.0028204280125766453,-0.2404196796743592,-0.05207977222473944,0.4469362579383097,-0.12781700284316988,-0.0974867217689841
0.06288451515318878,0.23799878436530306,0.2721665872544549,0.03482575140669096,-0.08458917766744842,-0.027321599750022612,0.13751644800846213,0.10283011623936932,0.06653886646340806,0.07972431949594508,0.04481918037120299,0.07226270151085698,0.05756470019595382,0.06384588110530087,0.16628311484947245,0.0747437480078975,0.0928466445277276,0.06982992208377263,0.19268024602853065,0.5775500070547576,-0.08896898251059229,0.17153977057321823,0.08487015206541772,0.14761916220827312,0.025525279811828415,0.0458561153458823,0.2449498866934974,0.057816990279486356,0.3991417424347146,0.8061848548573863,0.14424462816731526,0.15666701526403093,1.949859716687642,-0.4147395746926298,-0.6158671556543139,0.12083024320048619,0.5047537981612621,0.3690236321233027,0.2555649714433875,0.028753293764015656,-0.39702216174200256,0.027050160623988014,0.44229770570354004,0.05228926556385259,-0.024579468530589274,0.36981505001196774,0.4973378706017622,-0.22332828002967836,1.193488350574397,0.8230770344889548,0.018261109715942782,-0.30845577573250543,-0.37185774062940746,-0.3099014633577311,-0.22987636172208384,0.010652919425738898,-0.05032144428030839,-0.012130821991694742,0.31015387871228856
