1.015815820539504,0.41985218357589615,0.7050262724388665,0.09254958769880214,0.053401597967753796,0.21857841903071573,0.2927888172206809,0.1171145611312194,0.26336981625933015,0.20074847444484442,0.22280014613547688,0.26293444485814776,0.19923555997850925,0.20791031657099682,0.21706279837010722,0.19422671916741832,0.11833608838250395,0.24607971160255718,0.10620896218797621,0.08096019188734876,0.23257834504804373,0.21927490581991715,0.17207221140208717,0.14443511359299824,0.3623560091784325,0.19787480548083455,0.18096640429218536,0.12070026025534451,0.3626462683788818,-0.12209973466600138,0.19991063302439152,0.23915209076016292,0.07010990547353788,0.320235060438026,0.22447038375910863,0.257801290730839,0.02417522548595049,0.0579969021088924,0.14661092836678472,0.08924993637049142,0.23768027018860552,0.14252617415316982,0.1239449250385723,0.046677938480398175,0.39034382165608666,0.12626828610763838,0.09094134778584954,-0.024124666569529853,0.03695856312554775,-0.12056447751560574,-0.016829205634409827,-0.029146497319834912,0.05923478978947034,0.028557352823663142,0.06458401286218589,-0.05982781408071637,0.10741429183139037,-0.11814104593055448,-0.0002980196668580791
0.41985218357589615,1.7366620799664392,1.4094286246392709,0.12586951056314946,0.019936132378398495,0.4842741739449302,0.31555158189724186,0.4408287709705756,0.43488302499021775,0.4364439857270645,0.43285709397010047,0.38411993051579657,0.3728399719977235,0.2547518320052224,0.3932118068942889,0.28336005014881227,0.42016642920354996,0.573722718956511,0.232618894649142,0.5142645799995791,0.4773367122617441,0.3453144961276878,0.21449945075745555,0.19069402058681714,0.6387281576145181,0.4775118373411884,0.6123574579978233,0.4508242337453698,0.6843042968237998,-0.17160289673887189,0.4500234571106981,0.40219245029433065,0.28705814750555153,0.6769974028620133,0.5130706256362665,0.4510597220099182,0.40222904334295506,0.2571890655575111,0.3248734732378827,0.2446150942196067,0.5703589065777273,0.3665704193221219,0.551521834328906,0.048595039421251374,1.168203931989068,0.24488761952749868,0.2937884273884439,0.009140423716185574,-0.04471784689133456,-0.048411368061432924,0.07320409291394478,0.1318363232525278,-0.10832357193998068,-0.030661852430083326,0.08603489862474999,-0.06842054483068441,0.10268435652417486,-0.012403381554805202,-0.17869086209142546
0.7050262724388665,1.4094286246392709,2.684465701726609,0.19611014502993115,-0.08938782115288009,0.7064667243808155,0.49402210731939894,0.6457931712916753,0.7010637619473167,0.7135003010785977,0.6587816332879226,0.5838815597783281,0.5697192058369026,0.39602043267512727,0.5952498456078994,0.3994169555507885,0.5365552204712679,0.6454871456932801,0.3676107493058191,0.4105198240435877,0.5997186413361482,0.5065843787383566,0.290713074897381,0.32129944543200256,0.7507692663836849,0.6501640689837509,0.705071312675786,0.4852889578155561,0.8822334785544353,-0.5558614645055185,0.5513198216763022,0.5537672927412343,0.2083213727501819,1.0531886813368105,0.6728253539674237,0.6434243121381782,0.2622526548347072,0.21148573743863538,0.42904754910813653,0.1644944915857214,0.6997292316691335,0.4364589205255099,0.55059875911295,0.1344420627858597,1.3696783855020822,0.4819352593996071,0.23670477978377677,-0.037569898090240056,-0.28590035160369304,-0.05138930135456668,0.01585521604672518,0.2737953982670801,-0.15744561113554448,-0.04612561146929324,0.09105468225436747,0.006810383083728881,0.13079257457124066,-0.09073445465746055,-0.26267042723197115
0.09254958769880214,0.12586951056314946,0.19611014502993115,1.418670612644176,0.5872952190839096,0.40801602187610936,0.4978717853214129,0.3919908318684086,0.23225931451025347,0.18755262796087152,0.30575935741343924,0.3751369463785995,0.38603945225024255,0.3989067537280998,0.2990924030069037,0.42638980282211514,0.31055269553844395,0.2344014029679485,0.33303023225473727,0.21006285860141247,0.28297555390375123,0.3060861987970757,0.19367052187878736,0.2464804846632942,0.18907856230304756,0.34833378646260676,0.21779459053141442,0.15197119413510699,0.30728461386415673,0.08558862155086439,0.2276873707686317,0.29156233101011625,0.18318880647627275,0.20481789356735325,0.016549136619201998,0.3404215912925646,0.1804819651232023,0.1361249746253682,0.2970410577829413,0.15754387909130915,0.2231596798407719,0.23750441684105603,0.044747143416687556,0.06569676133355111,0.3541754074141595,-0.0006681535640277934,0.22238137239081734,-0.013993819917107955,0.09975733890249382,0.1086754571689663,-0.07147085153080537,-0.006140175049494479,-0.043736647085857096,-0.005335836066169253,0.05390176167178683,0.16252357972630238,-0.20446587337689834,0.11061739394134819,-0.18593280416052066
0.053401597967753796,0.019936132378398495,-0.08938782115288009,0.5872952190839096,1.39784274402382,0.3398988270554258,0.38801859003407174,0.25254043657852004,0.11952566641129594,0.08714963807638276,0.22870527854077558,0.32713483784589154,0.32756483760261124,0.2928170332036107,0.28214817200828396,0.39973169831417044,0.23406666016632022,0.16461348917676294,0.5095147701960826,0.17800764727021115,0.18993545630273648,0.25085895836696626,0.15942006899149727,0.22609691790509634,0.02446856227211488,0.2533831984001066,0.12006964816320835,0.08052479770902608,0.160532501907713,0.23743135751352928,0.19573696469829927,0.23584660238099361,0.2345196289735068,-0.08231366425281282,-0.10746326021628148,0.2908758590165273,0.3379351897839014,0.14980803726468656,0.2880385942423999,0.12780980946425627,0.10153379734053239,0.2381667569267509,-0.22662435815822146,0.04754687368141617,0.04620409603058812,-0.05746215568193674,0.2182437766151739,0.011801289053241347,0.2674903922815307,0.28038845342972485,-0.13373187821868152,-0.24373781148429807,0.10006147384722186,0.005986530448137747,0.04657438526087413,0.0645421543200147,-0.20057873587170816,0.01699876210398385,0.05404667866035611
0.21857841903071573,0.4842741739449302,0.7064667243808155,0.40801602187610936,0.3398988270554258,0.9660316284972988,0.2845341766527019,0.39660686246007176,0.33979622548699123,0.12463816251862038,0.38582540983257974,0.41532574633293096,0.38205495987213123,0.2920527243954158,0.3573656156651976,0.3273466957619503,0.361950084259906,0.3211852395430767,0.5033927989779505,0.38324546897704537,0.34225446122681247,0.31668874735796537,0.16347523143078083,0.22313968225765438,0.36012426224909355,0.43278897713020503,0.27388966342288906,0.2839969657432238,0.5595566059711607,-0.10545973788196464,0.27416436322438015,0.36682621540282623,0.06926418508872786,0.44976495455678095,0.33891290851317063,0.2284180182712242,0.2913836592571257,0.2056313304140468,0.36984249538443525,0.20769210223967524,0.1680395446237276,0.2623695184808992,0.4012875597959846,0.07966101500785766,0.6847663285735605,0.14181375116662076,0.2731030024370992,0.013994263347146515,0.2577829383339986,0.30122081574933424,-0.2511532771374771,0.18299229571830355,-0.22430944648724663,-0.04417328993380232,0.13171126251816992,-0.015138502277245348,0.034563056322598325,-0.04364401806091569,-0.15817811273170776
0.2927888172206809,0.31555158189724186,0.49402210731939894,0.4978717853214129,0.38801859003407174,0.2845341766527019,0.9350688334299053,0.29990920325169856,0.3589589246011407,0.2844238931654342,0.39670023721576314,0.49003908145897046,0.43258700552214935,0.3366598539407724,0.330723265503346,0.43215165123083826,0.36284862691437303,0.2992712508559162,0.2105479539276781,0.12090844713449266,0.319899886697514,0.37191168639644606,0.22643444636337376,0.2134439343370871,0.31223825565084923,0.3871951963080333,0.27639271671115934,0.212258464487402,0.3764416634080771,0.025681464598117116,0.2632539589573081,0.38165233891588357,0.18909625322515347,0.34170387485210657,0.29227122752140455,0.41941044333266764,0.05276463029697296,0.09507074335743337,0.29674589885063646,0.16309120429316576,0.29682011856811763,0.2811443004990255,-0.025249585856736402,0.04877216678935285,0.42814895961300564,0.09191538897185947,0.12274259592138294,-0.030306370738911972,0.22958164766374964,-0.030863439162642437,-0.03472063432222329,-0.06278127537579054,0.08944122024616691,0.0013405046705765266,0.1344447661374956,0.013822420030209217,-0.048941797657573054,0.02732132415196571,-0.2464015661985057
0.1171145611312194,0.4408287709705756,0.6457931712916753,0.3919908318684086,0.25254043657852004,0.39660686246007176,0.29990920325169856,0.8906212881751409,0.2111630406618441,0.34087512563040856,0.3441272420175473,0.15329430200383726,0.4464028705567947,0.3412426027810015,0.28509500806500593,0.31053728098754796,0.43372184956278265,0.29319401241927884,0.2976048852383122,0.3988905159756576,0.3074349526138179,0.282746138344538,0.13603953671367794,0.18463856407372253,0.25533458593095804,0.39862238046008475,0.3568928055734029,0.28357690483141623,0.40047898609952914,0.012349620041526852,0.2636395423692367,0.2655296816328395,0.153476989559553,0.47436004093307116,0.37276343543396573,0.18622791836677377,0.3252595722109531,0.19741122755885082,0.4445827850415072,0.1865231517263737,0.39841355228366143,0.26305078726613945,0.40654753475173183,0.06115554279974877,0.6733626311239708,0.07545712644790777,0.30993061721524956,0.025720595859072194,0.28894642280120875,0.15783147749456203,-0.04454898870301739,0.1720629030526497,-0.14232220658421343,-0.0680407757047212,-0.0011207156653159692,0.03417598835204818,-0.08826746729421839,0.0950923880119682,-0.11078697754236193
0.26336981625933015,0.43488302499021775,0.7010637619473167,0.23225931451025347,0.11952566641129594,0.33979622548699123,0.3589589246011407,0.2111630406618441,1.2516303180234245,0.1829806989022407,0.28566030688914795,0.3200088219115015,0.3174036933605355,0.25660155822255276,0.44711330761768175,0.17808105484707426,0.2650565328690032,0.273014342368197,0.16813879089790543,0.31203284286942357,0.31930134580888464,0.5021410688636271,0.2239945251085233,0.28203773279041966,0.3770328149873967,0.5323106027435244,0.3777459402445873,0.33973190199520487,0.310386762785883,-0.018909497250033387,0.31270994169156296,0.39052718851163554,0.3327551286533546,0.6106255673242983,0.3477942248963746,0.3395940643059329,0.252243538592186,0.1798366071585139,0.26585689882274083,0.14675562813919396,0.2876540323046132,0.31495950514103943,0.3060455474969556,0.06119648924766147,0.6085320727456044,0.2445390386805836,0.1770860650599517,-0.03186290422685091,0.2038957108099552,-0.1814464032621563,-0.08027945679354663,0.2234632934104589,0.12900031783400867,-0.16834235323338892,0.23100884979505953,0.02550555696433008,0.12179265205689405,-0.31263222479524777,-0.08271932404729189
0.20074847444484442,0.4364439857270645,0.7135003010785977,0.18755262796087152,0.08714963807638276,0.12463816251862038,0.2844238931654342,0.34087512563040856,0.1829806989022407,0.8577141212613676,0.24410978377121687,0.24646943330170837,0.3231810670501359,0.28998174538129484,0.28134622105019896,0.27000220627189325,0.3177832489236941,0.37081780296873507,0.05984787275153204,0.170887115697313,0.22806102835731545,0.24835409427333408,0.2510952400761488,0.21199800174334918,0.320726481369463,0.27435958142917033,0.40229834493754146,0.2836556815715745,0.38588175380375656,0.06350207494974985,0.2865494624744651,0.25314180291952054,0.18172591922665665,0.4384300709640136,0.3636115845361481,0.35109737441812644,0.21777455849745014,0.10271140806572888,0.24465375701607217,0.14766732219194909,0.5183996099603966,0.2348880438079271,0.224324290279318,0.049390446932992556,0.49406665972064234,0.06893502213508317,0.3076717727987607,-0.0017272774279449728,0.11356383209027379,0.0681987411125722,0.0322134963552186,-0.09963712822933962,-0.0551455437594418,0.058617051819460975,-0.019585691323322968,0.0847583734355643,0.005682875323235955,-0.1161956061874363,0.02096856577026566
0.22280014613547688,0.43285709397010047,0.6587816332879226,0.30575935741343924,0.22870527854077558,0.38582540983257974,0.39670023721576314,0.3441272420175473,0.28566030688914795,0.24410978377121687,0.6230831719689899,0.3949689668536628,0.3645058378916707,0.26977208597775965,0.4419594448298947,0.3593493296535517,0.4362411490681571,0.2872008686183511,0.21275567631754286,0.3496224367336785,0.3510387144138662,0.2942393412111495,0.18144594913510265,0.24014704754239186,0.3861108058282498,0.3896374734897559,0.3043966439343667,0.3130325387324233,0.4670637428574355,-0.01256850160431658,0.3004192405124793,0.33759143288198407,0.18001554514648577,0.4048036000003208,0.4063887299611353,0.30531384099990877,0.21242799456086975,0.18363544657223355,0.32874620319496817,0.21237262900989526,0.3753790511859918,0.31338777474539936,0.24120037921107448,0.05913384361540714,0.6495043100000013,0.11174635744111602,0.22743798250439967,0.0005731482475032369,0.08203786777070016,0.05796183365332413,-0.0899311481807085,0.020313550596618313,-0.025098496673450554,0.020341861604212908,0.060023510828377286,0.02056550491949878,-0.02268189084360907,-0.02457644328521378,-0.11452494809737096
0.26293444485814776,0.38411993051579657,0.5838815597783281,0.3751369463785995,0.32713483784589154,0.41532574633293096,0.49003908145897046,0.15329430200383726,0.3200088219115015,0.24646943330170837,0.3949689668536628,0.6951650888985696,0.34122519311226407,0.2565289683583245,0.334401405269788,0.3553624507085413,0.2754105151872872,0.3378313089108419,0.23722895779733716,0.1496042396675477,0.29070231724873297,0.30382802203078074,0.2443568754135438,0.2194973036182056,0.3614154432487528,0.38309185711180216,0.24884391881382217,0.15839948531133843,0.42069103619405174,-0.06710061097446794,0.277198612348749,0.3986867690923925,0.1334335987013949,0.37942743941172113,0.261801435950565,0.44495547450009,0.007778527694811471,0.10392510443686645,0.2541470976625033,0.16620349470216117,0.25877568259098654,0.24152970264722515,0.08991236632199237,0.05057460732139013,0.44467945394866326,0.09802168296371831,0.17373285230947652,-0.014593807323599292,0.14454190683766371,-0.04223209278958102,-0.05338112261540325,-0.05211482293656268,0.07486924705561439,-0.008407365392184275,0.12824044721251016,-0.015480824129267885,0.024999707737860317,-0.08978600173183857,-0.11225448135520162
0.19923555997850925,0.3728399719977235,0.5697192058369026,0.38603945225024255,0.32756483760261124,0.38205495987213123,0.43258700552214935,0.4464028705567947,0.3174036933605355,0.3231810670501359,0.3645058378916707,0.34122519311226407,0.6659809096300041,0.3401121193801525,0.30604688477022707,0.3976269384353388,0.3927906217531563,0.31706883382717604,0.29706189864578963,0.23715072864006898,0.33984330026138493,0.38295755288400607,0.21906793846681685,0.2454620999172208,0.3006035021545809,0.3692065457347155,0.2826780232093858,0.30122987516116495,0.445579878447534,0.048898921423020644,0.2706892959107592,0.3837880665324874,0.2033318435184417,0.45097640531509636,0.34963242455835464,0.28243973882231455,0.21078130590441074,0.1382284317924352,0.3939613982712284,0.17194119179811218,0.3534675031580209,0.2809611187103733,0.24454928218620975,0.07290341222104989,0.4637337340820266,0.13278756382912776,0.2740036343520078,-0.002727032676605265,0.3544461631915405,0.1599311569743776,-0.05289904369820784,0.09677930491375603,-0.08750833172906258,-0.09561964583903651,0.1134042332172694,0.04149941876482963,-0.045350155136590395,-0.08580341689859915,-0.08958858996444058
0.20791031657099682,0.2547518320052224,0.39602043267512727,0.3989067537280998,0.2928170332036107,0.2920527243954158,0.3366598539407724,0.3412426027810015,0.25660155822255276,0.28998174538129484,0.26977208597775965,0.2565289683583245,0.3401121193801525,0.6668562986226173,0.33254475652951326,0.46876819661376384,0.33667220527037583,0.20712815786623823,0.24452258888309558,0.2504604675026873,0.27017403517914973,0.3367660531881712,0.1795961280909494,0.23482480821460375,0.2773830319391019,0.34900507691964394,0.2511537643576014,0.31948173320843376,0.352303250791578,0.1748160134162956,0.23366356488101062,0.3119680879075194,0.19547790903437592,0.2732432083104737,0.3377492228188506,0.26544138542335144,0.24647572853548427,0.14595721876427298,0.23338403181440004,0.18815038233151274,0.40045198287410294,0.284353321111463,0.19954039265057388,0.0641346283925404,0.42274721568620927,-0.018247363961554134,0.2969268021029292,0.004815268503636599,0.4125241207489654,0.06944409176010324,-0.03413458461602918,-0.04175850952900468,-0.10822628728520702,0.06460454150386265,-0.05524945711327525,0.02652121233812082,-0.04661069246953472,-0.030713540093106506,0.09449195511339467
0.21706279837010722,0.3932118068942889,0.5952498456078994,0.2990924030069037,0.28214817200828396,0.3573656156651976,0.330723265503346,0.28509500806500593,0.44711330761768175,0.28134622105019896,0.4419594448298947,0.334401405269788,0.30604688477022707,0.33254475652951326,0.9266659133889608,0.33758858083101906,0.49494108960581934,0.25003579039309076,0.2715228596403668,0.4080014116754671,0.3692739465049091,0.2848309580581014,0.12031633320103935,0.2794119561860833,0.33494010842384403,0.4102875863263166,0.30203080982035935,0.4735523434130096,0.4408570126447564,0.0937549258818113,0.34006338278158765,0.32129634575896493,0.27967159525630875,0.37559514493336515,0.42855494937661276,0.3108537212471345,0.404294696191793,0.20531585952561876,0.29911638604868485,0.21721968719930734,0.42644159069654236,0.369525835810835,0.23921404558694803,0.05013809735933946,0.7414881656734256,0.11026576561401447,0.26085948816231147,0.014933794240589127,0.09662217382327004,0.46098242827522357,-0.17109894264654402,0.12346121374772184,-0.2472092690887322,0.008993839398698283,0.13241884472871568,0.05926317459545284,-0.03171228831052642,-0.15165187594620003,-0.0780406127301322
0.19422671916741832,0.28336005014881227,0.3994169555507885,0.42638980282211514,0.39973169831417044,0.3273466957619503,0.43215165123083826,0.31053728098754796,0.17808105484707426,0.27000220627189325,0.3593493296535517,0.3553624507085413,0.3976269384353388,0.46876819661376384,0.33758858083101906,0.792933132194734,0.44027703305922067,0.19233200043184825,0.29592616310436276,0.3039718483668915,0.2881705865255802,0.40753121379592955,0.1136235809041209,0.24357868585253192,0.2838369044244397,0.3154479892739164,0.27850901511749104,0.3217957229282495,0.4178101235868763,0.26430570851559054,0.2780289376443308,0.37923568266429786,0.18759403260956628,0.31395726968551674,0.46557646611898545,0.3362433830903065,0.2184094799038241,0.17076663157058034,0.33411556854042596,0.21853465545782208,0.4276427202270635,0.36192678156863245,0.23699228214894036,0.08352728955296539,0.46792347054755684,0.02699726605405025,0.3102760643240416,-0.003308860658589575,0.4036727734978613,-0.14613606888598832,-0.050917630931929865,-0.045400874759777915,0.08311977492972024,0.03339445743042167,0.018945383890944918,0.017677648856519956,-0.11197190018162374,-0.017600778896546796,0.030064378107829522
0.11833608838250395,0.42016642920354996,0.5365552204712679,0.31055269553844395,0.23406666016632022,0.361950084259906,0.36284862691437303,0.43372184956278265,0.2650565328690032,0.3177832489236941,0.4362411490681571,0.2754105151872872,0.3927906217531563,0.33667220527037583,0.49494108960581934,0.44027703305922067,1.2626498467109293,0.17086086380131596,0.32253378910786173,0.6647201844738921,0.399560218723878,0.35740717171362435,0.050901546493452125,0.285706144404991,0.632210947578236,0.3241981236381069,0.4002547244585563,0.7391883379122559,0.5551057124208847,0.26432942005778237,0.4084816707487618,0.3233950678807703,0.42458328263273115,0.5222697936764235,0.6346055710619954,0.33716011320236267,0.6476769895109714,0.338119679835496,0.39188468193074855,0.30776729518776785,0.5600166909632477,0.5389775709136309,0.5356728840473604,0.05376100372500033,1.0694120982868476,0.14579530187260992,0.4019108905266485,0.04424033756340869,0.17184422793463605,0.5588978920507961,-0.01912661042491361,0.18302232483732372,-0.40684658194211204,-0.10477819854842918,-0.016404755307995716,0.028057030687849677,-0.07755193810496011,-0.039484312200823095,-0.09320013281822483
0.24607971160255718,0.573722718956511,0.6454871456932801,0.2344014029679485,0.16461348917676294,0.3211852395430767,0.2992712508559162,0.29319401241927884,0.273014342368197,0.37081780296873507,0.2872008686183511,0.3378313089108419,0.31706883382717604,0.20712815786623823,0.25003579039309076,0.19233200043184825,0.17086086380131596,1.0177162559923827,0.13247350532778207,-0.05206796481194834,0.40904746939865494,0.27217825730196765,0.7508807851828656,0.29676057682880447,0.42957396334089765,0.3783562940397588,-0.11065078924911251,0.292387134731829,0.5919430010696607,-0.19664756458454963,0.3209227446320556,0.2519911334519721,0.15979342400633442,0.5990029463999063,0.23878892932694085,0.26504078076256016,0.2213611484333727,-0.019117401391194288,0.2827246747561661,0.2140165515946305,0.3926702377153999,0.16514224833950913,0.38793186678680547,0.06479801198796482,0.6212391242414388,0.19306136858491132,0.4319959887456093,-0.010667222705508439,0.034331545417205046,0.5191730716222651,0.022346087012784253,-0.0051087699264061965,-0.3670869493766381,-0.06969822110285313,0.2082674829817265,0.13398046614170453,-0.11752508656085338,-0.16357839658925113,-0.08993699739632016
0.10620896218797621,0.232618894649142,0.3676107493058191,0.33303023225473727,0.5095147701960826,0.5033927989779505,0.2105479539276781,0.2976048852383122,0.16813879089790543,0.05984787275153204,0.21275567631754286,0.23722895779733716,0.29706189864578963,0.24452258888309558,0.2715228596403668,0.29592616310436276,0.32253378910786173,0.13247350532778207,0.8830437958952166,0.20010703356031612,0.2708184679705945,0.24319368970921176,-0.03462286921693245,0.1565000893305248,0.07211024262669836,0.18869469540353753,0.10081076629536108,0.24947384093768257,0.23323629750752478,0.0789681708923932,0.20867094490861499,0.22292205585643327,0.1591906701465602,0.19828325395552204,0.08834461425885026,0.25337614997075275,0.2686571037558656,0.14725394880224127,0.37097313099465934,0.08223215059577718,0.09546606849431785,0.21888103961786937,-0.006324487158317088,0.07563682876436857,0.3205881884260915,0.08027680086581229,0.12403886127974091,0.025860159896236447,0.169795420988087,0.2605926350968532,0.07482682493042594,0.3502521500281499,-0.2930441055434436,-0.15176945483223167,-0.01927041068999199,0.02557589510211591,-0.08413729134318523,0.08037481499929047,-0.0598801791524256
0.08096019188734876,0.5142645799995791,0.4105198240435877,0.21006285860141247,0.17800764727021115,0.38324546897704537,0.12090844713449266,0.3988905159756576,0.31203284286942357,0.170887115697313,0.3496224367336785,0.1496042396675477,0.23715072864006898,0.2504604675026873,0.4080014116754671,0.3039718483668915,0.6647201844738921,-0.05206796481194834,0.20010703356031612,1.5176189361718613,0.20234972392840245,0.27515410706748755,-0.18570247145494712,0.2615053285522835,0.6592547624544348,0.41753250293408417,0.6027239311974634,0.5307835222998146,0.4581248977304527,0.4881538427630969,0.43656706423291014,0.2782572620304678,0.4476988114308757,0.4476075133198044,0.5774878037359589,0.17088677044986988,0.9432224764795661,0.702008419133156,0.43057271297861327,0.42083368201822596,0.4655865611679744,0.5405870242583003,0.9104404818862312,-0.013150648232371102,1.2600670901918674,0.042103404500961415,0.2768619663251701,0.1292495800704786,0.561795259988965,-0.1887922653554436,-0.18102296759220207,0.01280854579819694,0.23554709929820525,-0.04472053043481967,0.08534255308410424,-0.006229775019495561,0.08602795155722855,-0.16124534904489032,-0.0013807942672815353
0.23257834504804373,0.4773367122617441,0.5997186413361482,0.28297555390375123,0.18993545630273648,0.34225446122681247,0.319899886697514,0.3074349526138179,0.31930134580888464,0.22806102835731545,0.3510387144138662,0.29070231724873297,0.33984330026138493,0.27017403517914973,0.3692739465049091,0.2881705865255802,0.399560218723878,0.40904746939865494,0.2708184679705945,0.20234972392840245,1.0557556459915802,0.3158690126001391,0.34102375586238287,0.2130672399110817,0.4323716759309297,0.28747004084914834,0.1627894286955701,0.4125229865782529,0.4958028513804984,-0.02289350017961651,0.26587824260351084,0.3721674177912758,0.23862456299535478,0.5268290444258489,0.37051221043325866,0.27416057632521357,0.25094729367948176,0.12042259279518536,0.2751651053102213,0.3447190788173306,0.45971914131532826,0.3383074709565289,0.27003162861906765,0.07654668245109161,1.2165437069603116,0.015581216549164823,0.2905048668320065,-0.012550873343434053,0.06266657634173063,0.23676579161963696,-0.026868739591292684,0.14304062930709016,-0.22403691381130542,-0.003366412481290179,0.06687123437424182,0.04360047643518149,-0.08491941528461684,-0.003376972484111076,-0.12378593814307767
0.21927490581991715,0.3453144961276878,0.5065843787383566,0.3060861987970757,0.25085895836696626,0.31668874735796537,0.37191168639644606,0.282746138344538,0.5021410688636271,0.24835409427333408,0.2942393412111495,0.30382802203078074,0.38295755288400607,0.3367660531881712,0.2848309580581014,0.40753121379592955,0.35740717171362435,0.27217825730196765,0.24319368970921176,0.27515410706748755,0.3158690126001391,0.820886522890534,0.2925158500466081,0.2632194046063018,0.4273815108456749,0.34219195912717404,0.27075659572993227,0.3077390160548013,0.37774610207484516,0.16557825028668363,0.2497873550593241,0.41996485723545407,0.31468218054358604,0.49723984383031095,0.3433521335019534,0.28058288665090275,0.27241724097821457,0.17583081155582558,0.3143239021351945,0.18971427502652835,0.3166014516347728,0.3471812773556728,0.2903775261369921,0.1135752495362423,0.3503477437494989,0.2299475824991399,0.2840379271646958,-0.07550694646905165,0.7411633019963402,-0.15335734868719136,-0.044004857719046685,0.0548126648314113,0.09621831521741492,-0.10584792294871108,0.12971937456610347,0.024284265704369323,-0.0016647348871470671,-0.1491164898482273,-0.0422279196233492
0.17207221140208717,0.21449945075745555,0.290713074897381,0.19367052187878736,0.15942006899149727,0.16347523143078083,0.22643444636337376,0.13603953671367794,0.2239945251085233,0.2510952400761488,0.18144594913510265,0.2443568754135438,0.21906793846681685,0.1795961280909494,0.12031633320103935,0.1136235809041209,0.050901546493452125,0.7508807851828656,-0.03462286921693245,-0.18570247145494712,0.34102375586238287,0.2925158500466081,1.6644790142262054,0.5246072263861309,0.43850940455644444,0.04466973271653273,0.0855428382183125,0.2011075710021927,0.6084860584381502,-0.00834859953459793,-0.04307869616544435,0.06477092273306415,0.30202686551676255,0.5880596846870983,0.11585628275159006,0.10093684393312255,0.3354424964985932,-0.1061284849821812,0.372261877028062,0.26087938241401576,0.231610612372276,0.11719349988504243,0.30181702569795726,0.06021340194470769,0.20026858405319878,0.10937998332928996,0.43841178780760587,0.006311336403661574,0.2836947578386965,0.3608197897519462,-0.2045448205701919,0.010319192822171157,-0.060925279611146285,-0.04121797716945493,0.24423621980996252,0.2690529105441598,-0.39822904565042005,-0.3621920770543765,0.3141988028276605
0.14443511359299824,0.19069402058681714,0.32129944543200256,0.2464804846632942,0.22609691790509634,0.22313968225765438,0.2134439343370871,0.18463856407372253,0.28203773279041966,0.21199800174334918,0.24014704754239186,0.2194973036182056,0.2454620999172208,0.23482480821460375,0.2794119561860833,0.24357868585253192,0.285706144404991,0.29676057682880447,0.1565000893305248,0.2615053285522835,0.2130672399110817,0.2632194046063018,0.5246072263861309,0.8152414541685328,0.418540941801092,0.1726219002130906,0.3131509053988714,0.28922245403079666,0.4110990248804432,0.15985996710479758,0.36457871096732886,0.1141229491180753,0.27090323541972394,0.33526374226432426,0.23510699858964054,0.40725046976746104,0.31223988961153387,0.1429852373458607,0.2827599251588859,0.18730693767844098,0.3446315902132391,0.2593699598853457,0.3222792226403872,0.07019212351860638,0.3505723647604434,0.0208136616324797,0.2810565028337158,0.004746676519860017,-0.060903712561014484,0.07428092270364442,-0.12895962277778428,0.10143630897973752,0.02926034140437523,-0.072125858660403,0.23314238982185095,0.3589656234864255,-0.3585393916562415,-0.6624004531364864,0.5135541440531596
0.3623560091784325,0.6387281576145181,0.7507692663836849,0.18907856230304756,0.02446856227211488,0.36012426224909355,0.31223825565084923,0.25533458593095804,0.3770328149873967,0.320726481369463,0.3861108058282498,0.3614154432487528,0.3006035021545809,0.2773830319391019,0.33494010842384403,0.2838369044244397,0.632210947578236,0.42957396334089765,0.07211024262669836,0.6592547624544348,0.4323716759309297,0.4273815108456749,0.43850940455644444,0.418540941801092,2.7417533714167104,0.4728602323623269,0.38592911059753393,0.4504418824992684,1.0319856827702012,0.09997512392090632,0.5886234859870627,0.3772087764449181,0.202400401513419,1.0345456339950192,0.7870895867363733,0.631543913941622,0.09113968788777026,0.3162260167329792,0.28519008344792013,0.4267627914880898,0.7389349099676533,0.45066418546736137,0.9842881380102448,0.06311606228838888,1.323487320712648,0.15756025573814342,0.35922045097146654,-0.017648101688680508,0.04322757045075234,-0.4176638417878839,0.06890652034451825,-0.11883918569383427,0.14850506928006035,0.06957820674939635,0.13531736733823135,0.0624440441658751,-0.03616690839052116,-0.2677106471957997,0.04379165357408617
0.19787480548083455,0.4775118373411884,0.6501640689837509,0.34833378646260676,0.2533831984001066,0.43278897713020503,0.3871951963080333,0.39862238046008475,0.5323106027435244,0.27435958142917033,0.3896374734897559,0.38309185711180216,0.3692065457347155,0.34900507691964394,0.4102875863263166,0.3154479892739164,0.3241981236381069,0.3783562940397588,0.18869469540353753,0.41753250293408417,0.28747004084914834,0.34219195912717404,0.04466973271653273,0.1726219002130906,0.4728602323623269,1.512298488618704,0.5558417880635268,0.5056200205422291,0.24546833301775745,-0.13915388653306887,0.40630719105351626,0.5633168253453792,0.4044749234720456,0.5114997101266313,0.46130770380403807,0.443852057585165,0.0005729510001475311,0.2090864550725923,-0.1988659337679842,0.2561111333617603,0.5675731650992877,0.4265179841474089,0.5411921421415783,-0.025113614566448336,1.0035097263593635,-0.0048422945316334695,0.17181937239759087,0.015101203303559544,0.07289738443370108,0.31836126769083123,-0.11387980619173411,-0.14674442951391453,-0.2677530892244169,0.05368991127781946,0.11077339200030925,-0.06485997293612476,0.11431036377295455,0.027478324068353908,-0.2061925386964495
0.18096640429218536,0.6123574579978233,0.705071312675786,0.21779459053141442,0.12006964816320835,0.27388966342288906,0.27639271671115934,0.3568928055734029,0.3777459402445873,0.40229834493754146,0.3043966439343667,0.24884391881382217,0.2826780232093858,0.2511537643576014,0.30203080982035935,0.27850901511749104,0.4002547244585563,-0.11065078924911251,0.10081076629536108,0.6027239311974634,0.1627894286955701,0.27075659572993227,0.0855428382183125,0.3131509053988714,0.38592911059753393,0.5558417880635268,1.688004300985582,0.4529844067176757,0.18970624380668058,0.1929517302674896,0.3321815823073628,0.292999710975524,0.5007840527764478,0.3262230485049381,0.5419586010776597,0.49598501622908275,0.3444191174055851,0.2926371183507062,0.1446343465027355,0.2918111501496055,0.6755363708451605,0.4526301107463462,0.8940197608498598,0.020541193422233043,1.1450302263089123,-0.0483399186310498,0.15132589712619307,0.0788560257755765,0.06499189372030775,-0.38171248499330357,-0.1421878906090728,-0.01848192629608019,0.3004752388018921,0.08605703994475172,0.10862376151919734,0.09623500843439473,0.023564145479907393,-0.20219549847799792,0.03115890372539119
0.12070026025534451,0.4508242337453698,0.4852889578155561,0.15197119413510699,0.08052479770902608,0.2839969657432238,0.212258464487402,0.28357690483141623,0.33973190199520487,0.2836556815715745,0.3130325387324233,0.15839948531133843,0.30122987516116495,0.31948173320843376,0.4735523434130096,0.3217957229282495,0.7391883379122559,0.292387134731829,0.24947384093768257,0.5307835222998146,0.4125229865782529,0.3077390160548013,0.2011075710021927,0.28922245403079666,0.4504418824992684,0.5056200205422291,0.4529844067176757,1.5687319647369231,0.35432624087505143,0.39046321296746184,0.36869351559862157,0.3147349321178553,0.8261709383763,0.4735692849217256,0.9514321381874467,0.15973810649287187,0.7285496056137802,0.2669684031139776,0.21410945612463314,0.3501457560019082,0.6629579492420299,0.5436032473775333,0.660330478454742,0.04440322285292977,1.0609172561012215,0.06843697237639808,0.44933828651886626,0.09221218407835466,0.34001863766683527,0.9367995869387349,-0.1914013400882011,0.5346061387386593,-0.9000184282779002,-0.09371086812055425,0.16073851820617815,0.012173901887076566,-0.0029339158402934638,-0.24653443780130588,0.09436121254751068
0.3626462683788818,0.6843042968237998,0.8822334785544353,0.30728461386415673,0.160532501907713,0.5595566059711607,0.3764416634080771,0.40047898609952914,0.310386762785883,0.38588175380375656,0.4670637428574355,0.42069103619405174,0.445579878447534,0.352303250791578,0.4408570126447564,0.4178101235868763,0.5551057124208847,0.5919430010696607,0.23323629750752478,0.4581248977304527,0.4958028513804984,0.37774610207484516,0.6084860584381502,0.4110990248804432,1.0319856827702012,0.24546833301775745,0.18970624380668058,0.35432624087505143,2.6601236812991464,0.023123197518081763,0.3514957783465085,0.4068079950845467,0.026106762730123283,1.1136088601249614,0.7284483075089093,0.6416270481965618,-0.06991235333834142,0.14775358629065552,0.6686463541702479,0.3283464503440197,0.9452859259758805,0.3027587345590488,0.8051941525756402,0.006841127181817965,1.0183512517995323,0.4369220075894059,0.4617698421310742,-0.023597140303573974,0.20539832659520207,0.4458313219182046,-0.22230443609700917,0.009967301044568952,-0.23275282467775568,0.00467968284782039,0.10694539190008015,0.04711614057468269,-0.17520512727401616,-0.07181594299435647,0.016422969759885605
-0.12209973466600138,-0.17160289673887189,-0.5558614645055185,0.08558862155086439,0.23743135751352928,-0.10545973788196464,0.025681464598117116,0.012349620041526852,-0.018909497250033387,0.06350207494974985,-0.01256850160431658,-0.06710061097446794,0.048898921423020644,0.1748160134162956,0.0937549258818113,0.26430570851559054,0.26432942005778237,-0.19664756458454963,0.0789681708923932,0.4881538427630969,-0.02289350017961651,0.16557825028668363,-0.00834859953459793,0.15985996710479758,0.09997512392090632,-0.13915388653306887,0.1929517302674896,0.39046321296746184,0.023123197518081763,3.6989677854694323,0.13782082093505554,0.14989255600443743,0.4106704268884092,-0.3410663772069897,0.5722991286570123,0.5254048665640042,0.5470193209377893,0.3244921332736203,0.6516306828754,0.11311239806491331,0.8060065376687878,0.31205470533608215,0.4081812817733265,0.07259008659453471,-0.09182276471094797,-0.025477321865415455,1.5049521304013052,0.10269525637835634,0.9045149488941682,-0.33027362358259776,0.04322753423179786,-0.5196776904373314,0.48777067089107623,0.03337801297756813,0.19142521810075044,0.010900525419116408,0.07915585376479492,0.07590282953882362,-0.29309762267940365
0.19991063302439152,0.4500234571106981,0.5513198216763022,0.2276873707686317,0.19573696469829927,0.27416436322438015,0.2632539589573081,0.2636395423692367,0.31270994169156296,0.2865494624744651,0.3004192405124793,0.277198612348749,0.2706892959107592,0.23366356488101062,0.34006338278158765,0.2780289376443308,0.4084816707487618,0.3209227446320556,0.20867094490861499,0.43656706423291014,0.26587824260351084,0.2497873550593241,-0.04307869616544435,0.36457871096732886,0.5886234859870627,0.40630719105351626,0.3321815823073628,0.36869351559862157,0.3514957783465085,0.13782082093505554,1.0240986638588692,0.3073981108858776,0.20872495947983394,0.3673998034032656,0.400246876461363,0.816579700281741,0.14976800167681012,0.26989873533412917,0.32661392396699873,0.2297197326966696,0.6428027611315336,0.3438701253720489,0.3262095107918887,0.09954391326805284,0.8676315411333807,0.05466231384581154,0.2888836441602072,0.010036514871339651,-0.30429236052686276,0.011551614155757724,0.060013377393686486,0.01186414003939093,-0.047694868380367,-0.05074243651210648,0.15757969264447425,0.10247378499824843,0.03233198647138659,-0.31276016237776794,0.00015244376309063253
0.23915209076016292,0.40219245029433065,0.5537672927412343,0.29156233101011625,0.23584660238099361,0.36682621540282623,0.38165233891588357,0.2655296816328395,0.39052718851163554,0.25314180291952054,0.33759143288198407,0.3986867690923925,0.3837880665324874,0.3119680879075194,0.32129634575896493,0.37923568266429786,0.3233950678807703,0.2519911334519721,0.22292205585643327,0.2782572620304678,0.3721674177912758,0.41996485723545407,0.06477092273306415,0.1141229491180753,0.3772087764449181,0.5633168253453792,0.292999710975524,0.3147349321178553,0.4068079950845467,0.14989255600443743,0.3073981108858776,1.0278292318772828,0.2821588065877452,0.3745676987764578,0.30445644755274676,0.3951412554409296,-0.025732166098169067,0.19518885913894574,0.18497147385627857,0.19210336132532083,0.38025934572337694,0.3078941082303217,0.13153644533139153,0.018779623046072662,0.6065320887811759,0.14247944540922935,0.2900088807443019,-0.006807359161146144,0.576715143942732,0.07681571296654624,-0.023292573727169922,-0.007011553058604432,-0.07981804509286251,0.004392337353187938,0.14890528659646365,-0.2913891617308146,0.9505947338813872,-0.4632808318718667,-0.3607885673814845
0.07010990547353788,0.28705814750555153,0.2083213727501819,0.18318880647627275,0.2345196289735068,0.06926418508872786,0.18909625322515347,0.153476989559553,0.3327551286533546,0.18172591922665665,0.18001554514648577,0.1334335987013949,0.2033318435184417,0.19547790903437592,0.27967159525630875,0.18759403260956628,0.42458328263273115,0.15979342400633442,0.1591906701465602,0.4476988114308757,0.23862456299535478,0.31468218054358604,0.30202686551676255,0.27090323541972394,0.202400401513419,0.4044749234720456,0.5007840527764478,0.8261709383763,0.026106762730123283,0.4106704268884092,0.20872495947983394,0.2821588065877452,1.8520180906545216,-0.05983506237632707,-0.11144991537495917,0.0802836134805122,0.793131742404117,0.2529810855456989,-0.04622977361626036,0.2177998683823011,0.01973493046186854,0.458386892957245,0.3694229252183546,0.07270767669688309,0.5804893343197891,-0.0910295956277443,0.4099074351630781,0.113451886472462,0.3154320278097676,0.33616861164369743,-0.18281090188261367,0.068427295399532,-0.06813859054460851,-0.14433879504976743,0.20727380608132256,-0.033351929077788854,-0.004948626204714154,-0.165418338270318,0.080722454890623
0.320235060438026,0.6769974028620133,1.0531886813368105,0.20481789356735325,-0.08231366425281282,0.44976495455678095,0.34170387485210657,0.47436004093307116,0.6106255673242983,0.4384300709640136,0.4048036000003208,0.37942743941172113,0.45097640531509636,0.2732432083104737,0.37559514493336515,0.31395726968551674,0.5222697936764235,0.5990029463999063,0.19828325395552204,0.4476075133198044,0.5268290444258489,0.49723984383031095,0.5880596846870983,0.33526374226432426,1.0345456339950192,0.5114997101266313,0.3262230485049381,0.4735692849217256,1.1136088601249614,-0.3410663772069897,0.3673998034032656,0.3745676987764578,-0.05983506237632707,4.151367302562964,1.3732591655265625,0.29303380857238404,0.4265308031656739,0.14496621268856996,0.5230706863890656,0.077749880162835,0.8225605818733325,0.5093406309092513,1.305045254372491,0.15439973839981222,1.4223645696428309,0.4306092355170303,0.30710834052404257,0.057730644002361955,0.9120557746763258,-0.43801616469898563,0.1612516841072851,0.47332283953704896,0.1697303857402441,-0.42310895275182736,-0.04785220177292192,0.12412957801017274,-0.3187461304009207,0.0016797531332479678,0.12437189867699451
