0.31742119087111403,0.05502011231215734,0.20793656583267822,-0.0009698651165384555,0.056631023284647405,0.027383988714404114,0.03834646497202544,-0.0017539570628171135,0.02629914227591442,0.04105433414996092,0.03975196949731523,0.04212858579024412,0.025387332409802708,0.004120015344444241,0.032846872456411304,0.020397594879985034,0.029733428248749305,0.04098671140248318,0.028579657314670426,0.012309196551314946,0.026030594750479984,0.021242101483403934,0.011515240522627625,-0.001754875174058565,0.011560884053002147,0.03217233621156618,0.017059459483365572,0.01376974609805812,0.011729459173429671,0.015882593208198167,0.028525113927030464,0.002122384021974691,0.022220938215789448,-0.04911229047911985,0.0018968282067214728,0.03865768954633969,0.021021729990056182,0.03434727130487635,0.01883370236350323,-0.02303540902130914,0.018742909878502127,0.017419572667997877,0.007609946459373843,-0.003972183178824357,0.031150194012311356,0.044818328623501644,0.025627952783923266,-0.005682256221913415,-0.024431944130774222,0.03073271600370941,0.012680103661503246,-0.023309708123608382,0.0077462659419584605,-0.01596593834730972,0.020955302211742695,0.004634975385792008,-0.028931989051135507,0.04687756866801373,-0.07422674098331646
0.05502011231215734,2.3772274953660153,0.22835839559474205,-0.48661450739333517,0.12916082541916216,0.2805596707125018,0.2874935137682304,0.06858842563698211,0.2890201678851887,0.14127705159298098,0.18615602986790294,0.1985846647525156,0.17639555342057445,0.21878487391826265,0.3655713107413888,0.1251141428137792,0.23073376043404945,0.25171421514219516,0.008025208271230974,0.2978617566601257,0.170726242342918,0.18215176005619008,-0.273682867137715,0.017092726273214908,0.10696639249604863,0.14608567829515343,0.3036105821084885,0.20919597542025548,0.26407095893857635,0.006287684889721252,0.22992620105771372,0.23314677262697536,0.005506738013184103,0.21690339188252586,0.27312688747808234,0.2156778221142958,0.2917965908484283,0.13112658063977387,0.11981334607521552,-0.06289016743920653,0.12640703601256206,0.13638578078673197,0.09986963477245517,-0.3416705549849596,0.33678045960096065,0.05745320881354004,0.11426706624563959,-0.0800557265121255,-0.08351012952025577,0.025982586611772388,0.08521289516770267,0.06964344162065987,-0.15445508609284833,-0.07341228882693725,-0.3548074670165072,0.11297481385622699,-0.3323296305195412,0.3752992288196063,-0.03354095106936751
0.20793656583267822,0.22835839559474205,2.3867806479157445,0.37213423583486177,0.04456168003762675,0.3796793048223863,0.1736128826964263,0.606359433832361,0.4184535105811906,0.3858225597289625,0.45832462686492675,0.2302053621992425,0.40613669919437506,0.22464946055262192,0.14856508988130115,0.14573589747577448,0.3350762231022385,0.34844164413178136,0.3151267165477704,0.28726849562640433,0.2784228959676302,0.3128384842966945,0.27405983567238085,0.27215571718193743,0.24280255741188017,0.31124806014995293,0.1856243574485651,0.2705818819709346,0.33618419524031457,0.04750942694417774,0.31342450601587596,0.2258247538269331,0.25792604748435244,0.4324558240974311,0.23720102106686872,0.48723955026347127,0.6600456157317063,0.12800421021005848,0.326648485790409,-0.42203703318540153,0.2072278597439976,0.23468372039310628,0.21112934902289224,0.18821304637314754,0.22647348920582408,0.5000427362446682,0.23932397348980372,0.0509439500934354,-0.2635266477154297,0.26908508856077074,0.029435742487759185,0.29438024860419976,-0.028866216375009364,-0.3425135418539647,-0.33959508511749303,-0.12885643906693192,-0.1618523060268671,0.40790370625534783,-0.07262371404609883
-0.0009698651165384555,-0.48661450739333517,0.37213423583486177,2.3043488503748146,0.18088951710499204,0.4129186394070162,0.1592329132961688,0.46494760004654634,0.062142837131565286,0.11941857321829448,0.3555786249058988,0.3037539306440217,0.30912314863791635,0.30560957093010127,0.14682078335164866,0.3347078960111919,0.2527726490914976,0.28124269206902464,0.23386538636138754,0.24114633441372602,0.2784654705709999,0.2625392851387216,0.4188495709669721,0.3269071995477522,0.31169476690433146,0.17381179429671031,0.12488141428858197,0.20873030659581257,0.04750207877276759,0.3169057183110638,0.22421590884703604,0.3063701461083605,0.3443595353802356,0.435090066496914,-0.18724978608250137,0.1041200137356896,0.432600652470364,0.37970277238178485,0.3823429763738026,0.07538308209052316,0.1920173706688373,0.23779286721840354,0.4339264351069983,1.0482304957587154,-0.027392606152576517,0.19047559087413296,0.3386329132667191,0.26437809395864786,0.32708246303704225,0.24525883422886965,-0.07913509949099624,0.21708667142280766,-0.18052207191454683,-0.1335175307771927,0.034518247237994855,-0.07032437437376954,-0.3472571963716016,0.6262385611761759,-0.16413213560095366
0.056631023284647405,0.12916082541916216,0.04456168003762675,0.18088951710499204,1.3063922401075714,0.4405872979729324,0.21914205079264054,0.2679292267423069,0.2197426191809463,0.1064450520435407,0.17814172453998725,0.326643355712585,0.28806108787712237,0.3179172817141395,0.2766075008560667,0.37724531360870234,0.18573341139116473,0.21585876980426463,0.4660893934090019,0.28657676380308567,0.2687227741923834,0.30233270459173894,0.2622000810911779,0.2576605537923616,0.25986736435085384,0.22612207916462113,0.21788933102262026,0.013995897179065485,0.30139420651491167,0.32043160424901557,0.22494527879008916,0.27146159699885286,0.18150907577344716,0.4610490906626465,0.044965668881035536,0.2645259903495846,0.2925124571111139,0.30490537945293616,0.2520192005804611,0.1822098426144109,0.19257857765819794,0.3029743475503121,0.295630563451442,0.33523407809850087,0.08871042767268272,0.18838398051650326,0.2983908125271964,0.1626552951146585,0.38347128782335826,0.05174474553249122,-0.0787918845147691,-0.4450500010973871,0.3241663096801848,-4.056364091875145e-5,-0.028886582743640008,0.056351493116613964,-0.5439642399394685,0.7327962220932933,-0.2572268598356721
0.027383988714404114,0.2805596707125018,0.3796793048223863,0.4129186394070162,0.4405872979729324,0.9004224615272252,0.22620626585704598,0.37000010038484976,0.32617852949604215,0.11534536140091114,0.31259439423787405,0.3467606961830913,0.35280384644984325,0.4115965404905476,0.2465136890471949,0.3524222277658352,0.33757854218194555,0.20763150883431836,0.4501729031393032,0.40696124226166164,0.3440507060624946,0.3936112877991919,0.14082646729480966,0.3049502321953592,0.3477316140700166,0.3197725342652642,0.2750764597619285,0.2356246446104266,0.4362582330389755,0.3178156687754798,0.29818851829326043,0.3989089161190131,0.16485604329703957,0.46214815857996844,0.21131387507409724,0.2567636193066397,0.4831996611910875,0.3892376197438622,0.3884594627538643,0.08557584087162358,0.15149406691352432,0.3173292515729863,0.3997966268341096,0.335739414724114,0.3064270385434194,0.21314498090979808,0.32196766515115754,0.1210430162611161,0.3609600178720383,0.2272867571405593,-0.29665546764200534,-0.03689608729402826,-0.045561941674872417,-0.09779972649811185,-0.13359318592415217,0.01963180206421428,-0.6079081139945447,0.9421196904708208,-0.3343657595666674
0.03834646497202544,0.2874935137682304,0.1736128826964263,0.1592329132961688,0.21914205079264054,0.22620626585704598,1.0773075189472576,0.21529054446333856,0.45293460261660123,0.20540913993784043,0.3482741770683362,0.38769962226526605,0.36764950289438314,0.2995658549309915,-0.005745966636241061,0.3144200064954789,0.3398413441844731,0.3209510101051799,0.09960632819522827,0.2498386804872313,0.3123209494959112,0.39570023356032563,0.36154962482974684,0.3056580476306376,0.2885824980777039,0.28291635434764,0.2599972005930548,0.1660048002969303,0.18514045603024532,0.3084886822159986,0.2696951638731749,0.27089791439466654,0.2797570725562827,0.41445189485672423,0.22156461450928383,0.28653882265721214,0.341701534170022,0.35709215167625147,0.3369994047333487,0.08134500437486909,0.20422636992816356,0.27933275958481,0.39116452193990875,0.3330104691914056,0.2777997944729129,0.16996930530486967,0.30110922897336595,0.10733661938603925,0.35827900897738757,0.01614778169128299,-0.07694853952862918,-0.18452704276094722,0.21063916156620643,-0.06245355725789367,0.11490509472440202,0.03290953994713296,-0.44142279004800866,0.7457011894102702,-0.6537614877083213
-0.0017539570628171135,0.06858842563698211,0.606359433832361,0.46494760004654634,0.2679292267423069,0.37000010038484976,0.21529054446333856,0.9794280215538863,0.21176938142880405,0.23016655047978987,0.34981784808052435,0.09910192776699249,0.48371875084609733,0.3356026880231935,-0.013778270239542848,0.23076335871780834,0.24454100450425492,0.24741532799974622,0.28947431821821673,0.29419450331997754,0.24820859370744172,0.2806082786660359,0.27649514706044787,0.3380856577117962,0.2517449594380279,0.2674320669449917,0.21408647165100056,0.22741989817633143,0.22440334311011256,0.2515947545505603,0.24850536794726383,0.2995290234841924,0.22951206277214198,0.3981635343230231,0.2442210816431945,0.24635844526525683,0.46542274626126995,0.31131848901388437,0.3477510699376848,-0.0634706958611235,0.20546581255331747,0.21150344389516085,0.32596337093711386,0.35689584584361733,0.09109562922341898,0.21243763799139237,0.29951866216157375,0.1626881529995681,0.33626914578577666,0.11899740342720712,-0.09328535111490278,0.17521587002522185,0.050344269492201256,-0.17816045588570034,-0.2052612534300551,-0.20300190329327905,-0.19775010689285386,0.6092275607678013,-0.07224406048427835
0.02629914227591442,0.2890201678851887,0.4184535105811906,0.062142837131565286,0.2197426191809463,0.32617852949604215,0.45293460261660123,0.21176938142880405,0.8938872988482929,0.12716599258248884,0.1911082768166432,0.22149928538020863,0.359452247055453,0.21703630280551806,-0.0571003609499412,0.14051508351927913,0.22484447007291514,0.30507087710128955,0.1812992813136481,0.18219267663399727,0.27463614428488425,0.4522918693284801,0.3041935194938086,0.2098191941902182,0.1472652481469697,0.343004143072342,0.21087019963279585,0.1356886302151525,0.20757026093391362,0.18483970033834177,0.23879892461532873,0.22490179945843242,0.2647144494519943,0.27228719160893844,0.06566842883915862,0.2944106914071569,0.32302780822513233,0.3335550500399398,0.2624618419710174,0.0612552229178947,0.12395557385513152,0.22638518927948298,0.36599214538838537,0.2301198057209535,0.2618941346683238,0.2143401325675702,0.24668388658804344,0.02017348609907583,0.1683542860275112,0.046775374348864786,-0.006654315231407128,0.00895200825963626,0.09968509135807188,-0.11305089887954971,0.10084418229076864,0.14061590970721569,-0.3501171452721701,0.2728781028305333,-0.27873000949355664
0.04105433414996092,0.14127705159298098,0.3858225597289625,0.11941857321829448,0.1064450520435407,0.11534536140091114,0.20540913993784043,0.23016655047978987,0.12716599258248884,0.747646430250952,0.17134426250368945,0.11669371878346142,0.23252384006007853,0.138749758249118,0.22553146860775652,0.17397684333606062,0.21934720238698568,0.29617531823342724,0.11082814440890296,0.08965634741823383,0.15566079383268389,0.2012036920605558,0.313982752200162,0.20595155575753218,0.25133733463040275,0.09259394531938189,0.16045455379732598,0.15287094782802113,0.136610978135424,0.28245307551991106,0.18575098622025954,0.12521991058518608,0.17482593828064522,0.3995676433217678,0.22851594639618028,0.21524997681745062,0.3297076511244463,0.15578918052230634,0.2132948504393176,0.004985297526446561,0.27428739117619955,0.14978104814255075,0.19371605095264635,0.3333859289530704,0.01692001070729529,0.19551876875228155,0.3258655737729598,0.07472750745876676,0.12272568087215227,-0.009295204286249525,0.056585056665054624,-0.07206303803909786,0.0940713465729347,-0.024094794898686954,-0.1410994457054267,-0.028714971789605352,-0.14930877505535922,0.22449796446356687,-0.0024488797327030035
0.03975196949731523,0.18615602986790294,0.45832462686492675,0.3555786249058988,0.17814172453998725,0.31259439423787405,0.3482741770683362,0.34981784808052435,0.1911082768166432,0.17134426250368945,0.6934855855591957,0.2916401199877471,0.31064638788012316,0.27077564780324537,0.20708745805613843,0.26435810721963837,0.3313658884719822,0.26369779013319267,0.17776671782143152,0.3614617644967769,0.2605437563648065,0.24551063308468346,0.21634068828979572,0.2579659512108082,0.2112254926863225,0.30881832700205375,0.1949154401703697,0.22832559363184318,0.29129118561401734,0.22979841280749333,0.26575872916091015,0.2510909359816679,0.19086841467190624,0.3161598859876447,0.2547468408897903,0.31585900604701245,0.42837737077423876,0.2666472388603965,0.2876974623098515,-0.016211367537774957,0.22267668052046669,0.24642568875128812,0.2385862086272424,0.1268873237689382,0.22041434659323794,0.2225872105910278,0.2666617096483067,0.1220535952898368,0.18746712108894645,0.09964618287627083,-0.030743995798464967,0.08520170510108611,0.023752171850896234,-0.12770366671712213,-0.1674774121812151,-0.03411061325368755,-0.33239350580253574,0.5972328056604863,-0.24645843221853245
0.04212858579024412,0.1985846647525156,0.2302053621992425,0.3037539306440217,0.326643355712585,0.3467606961830913,0.38769962226526605,0.09910192776699249,0.22149928538020863,0.11669371878346142,0.2916401199877471,0.7257342799677517,0.20325234645808057,0.2857983438733848,0.2870243494960375,0.319772298535403,0.3486070815417183,0.2957858010008239,0.22116781124423002,0.2717103210253252,0.27557029895881685,0.2852506300346158,0.2433440812400417,0.25425306926051894,0.29238614363740195,0.2433120907102247,0.21586124573692875,0.21200427962287194,0.23230264992596858,0.3119663263569087,0.27297656098539164,0.27009777273765484,0.2099749216548467,0.35830747808068925,0.29882224364740234,0.23269927468357357,0.35706874568393204,0.26965720020554995,0.31123437359016165,0.0678863241369735,0.23789043224366985,0.2639146304591037,0.29224665403382033,0.2731851192019303,0.2830708897642838,0.1823523307663218,0.326863489257789,0.1275676475660749,0.31687671115223054,0.050072216943871935,-0.050882496214305364,-0.18578943831758504,0.0757595327006261,-0.018915300249166413,-0.03202351194831725,0.07393751781206713,-0.4837590402352568,0.6801072224291096,-0.47010172992162524
0.025387332409802708,0.17639555342057445,0.40613669919437506,0.30912314863791635,0.28806108787712237,0.35280384644984325,0.36764950289438314,0.48371875084609733,0.359452247055453,0.23252384006007853,0.31064638788012316,0.20325234645808057,0.7174394459007046,0.26292181699067857,-0.036584390464774276,0.24904686301060375,0.24676855613193982,0.2951065694883213,0.2550752667809891,0.23650222083307085,0.2754732380363516,0.3397964200536116,0.3187697247375461,0.28076734655823943,0.2554108226687901,0.3130537350266558,0.24282692406486925,0.19455583688086078,0.22740576902416534,0.2485429688575125,0.24738890223339538,0.24693872132699216,0.27446013630820254,0.35902880880973226,0.16332300642125724,0.2944011821418518,0.3869176866155093,0.3294577776808164,0.2857352479117736,0.023008245857713633,0.19206731576093464,0.23248513097924242,0.3410896367745609,0.3411520603650557,0.10949304380981228,0.21045622204156092,0.2913082527818612,0.13863211614999696,0.3223064940745894,0.06598160882484559,-0.04880888883960091,0.011359266783417614,0.07540445480965187,-0.11404974391680846,-0.01028928276717934,-0.027372968250624432,-0.2917654539839659,0.41973981750772466,-0.18505310815912973
0.004120015344444241,0.21878487391826265,0.22464946055262192,0.30560957093010127,0.3179172817141395,0.4115965404905476,0.2995658549309915,0.3356026880231935,0.21703630280551806,0.138749758249118,0.27077564780324537,0.2857983438733848,0.26292181699067857,0.6945784998179082,0.3188556868687431,0.36408860202401416,0.2721133451238493,0.1543965513889028,0.26862155356659767,0.4037631878267804,0.271312852558733,0.3261579764874247,0.2139125426799641,0.375578140168965,0.33638950605978485,0.2365074660363664,0.2796233168639474,0.16405759061965844,0.3792254385320585,0.4468966999078146,0.27502458892378445,0.5740192803479277,0.1628173737351192,0.421140978465317,0.2704981901000224,0.2521840942207049,0.4138364607103472,0.34183185991663234,0.3101296489370972,0.008902543818022345,0.3303791558392222,0.2724125451754899,0.39529179216981825,0.2921656269192174,0.1654388632205683,0.18251448777825705,0.3445756805193049,0.12066636948507395,0.4447754522183901,0.018189094646078173,-0.08476787123160823,-0.15424404854266424,0.17349355330676652,-0.07309903506916224,-0.3229962056339661,0.0009926036034450757,-0.5754696051040186,0.9637581647542223,-0.201592783967708
0.032846872456411304,0.3655713107413888,0.14856508988130115,0.14682078335164866,0.2766075008560667,0.2465136890471949,-0.005745966636241061,-0.013778270239542848,-0.0571003609499412,0.22553146860775652,0.20708745805613843,0.2870243494960375,-0.036584390464774276,0.3188556868687431,1.2145645165594028,0.20764204774874132,0.2655668304795705,0.18864513745227246,0.1823991650192717,0.35121678938312073,0.20917967761004835,0.11949051351737722,0.17120743388238702,0.23327968357451043,0.3802922038878621,0.08667733549884452,0.1397607128509142,0.2114276565599152,0.43295458010784726,0.4779388768240161,0.20651149635139845,0.28791943337309817,0.09042710773802268,0.4008424777160499,0.3008637226308921,0.15194006701790747,0.44633870643559204,0.08231989930304384,0.2012430462975942,-0.024396083940188083,0.4196205813468228,0.2317895682382187,0.14960557553658468,0.18725019808857826,0.07655441981606978,0.22991397459008298,0.35358476206659933,0.0898088430877242,0.2564115764570688,0.04642532361187044,0.023212238968291683,-0.0597540711873346,-0.0723436769839975,0.019727054642432018,-0.16723275584368802,0.07783342895819964,-0.754880465494161,1.0764523425489703,-0.3312476487262743
0.020397594879985034,0.1251141428137792,0.14573589747577448,0.3347078960111919,0.37724531360870234,0.3524222277658352,0.3144200064954789,0.23076335871780834,0.14051508351927913,0.17397684333606062,0.26435810721963837,0.319772298535403,0.24904686301060375,0.36408860202401416,0.20764204774874132,0.9203589421356645,0.3270888949698011,0.15680731186720628,0.241137332662047,0.24880261415559096,0.2571564850014194,0.4356687805548652,0.1425305324174574,0.2758237323023604,0.1846845936049619,0.20038047295122202,0.25051005244354674,0.2153277615397712,0.289705986575383,0.43097993928965384,0.22651395114882183,0.31242388778348656,0.13251061822795443,0.39550092585637797,0.41431018630440475,0.18942297540293887,0.3136659998554486,0.23959402753149675,0.24590094043955107,0.07786758160326201,0.30332684328976467,0.3083177207320467,0.3419164483431913,0.28286744984839973,0.15034825403870652,0.11741081647277139,0.3299167636350307,0.02890618910113957,0.448893268990722,-0.17095114429028394,-0.13148845656940955,-0.27995001896914906,0.15850852188322762,0.0632921978676525,-0.1425515018138283,-0.022144079975903515,-0.5266295495014807,0.759424398556752,-0.20093663779539528
0.029733428248749305,0.23073376043404945,0.3350762231022385,0.2527726490914976,0.18573341139116473,0.33757854218194555,0.3398413441844731,0.24454100450425492,0.22484447007291514,0.21934720238698568,0.3313658884719822,0.3486070815417183,0.24676855613193982,0.2721133451238493,0.2655668304795705,0.3270888949698011,0.7647037423848382,0.22058241389688862,0.22210551424359137,0.379179911389954,0.29774980184736555,0.31432130321178686,0.14845637474241014,0.3213149032816979,0.3512384712168657,0.25268796859261256,0.23355409321411827,0.46071924167047396,0.23423717876641606,0.36881161405034124,0.3414958801350306,0.2650421896417554,0.3344106123493949,0.3541962035818134,0.3874579958766276,0.3187840591874912,0.6208249311479176,0.3625426377613648,0.38857468985196675,-0.027910141160246336,0.29647062838917454,0.3481054919326225,0.30839035067292664,0.2563117368665878,0.37737348566260903,0.20591691080749494,0.3502962962047119,0.1570287000738236,0.22878764117139422,0.34601493770714126,-0.07830056316276855,0.04860571910126458,-0.18538435976442566,-0.1167378253635968,-0.3488414560123911,0.016789445057157015,-0.3597221342499828,0.606572795943577,-0.2419392905397969
0.04098671140248318,0.25171421514219516,0.34844164413178136,0.28124269206902464,0.21585876980426463,0.20763150883431836,0.3209510101051799,0.24741532799974622,0.30507087710128955,0.29617531823342724,0.26369779013319267,0.2957858010008239,0.2951065694883213,0.1543965513889028,0.18864513745227246,0.15680731186720628,0.22058241389688862,0.9805149093069849,0.14092741598140612,0.031141906713565606,0.3213567681229155,0.32147772710715655,0.6332997334071231,0.19633941963769216,0.296810337215143,0.42462518749966277,0.02557792191345289,0.14403827367150768,0.13735568953369745,0.18050203371380769,0.3097004261802726,0.12663915941251735,0.2439048853599032,0.34477048316927034,0.049956405761308734,0.25166038427690884,0.5187651726567385,0.2561551987411083,0.2742165527667424,0.11864235287018196,0.278247083010298,0.21331999612603275,0.49365773209137953,0.3974217898365206,0.44077783709136287,0.2935194978288869,0.5213134643031545,0.09273552957208202,-0.013661111495086352,0.2808108487129515,0.17880201997921633,-0.20253005491124695,-0.05443554311444529,-0.09950530990511376,0.1130846755241843,0.03612251078142683,-0.30845420102483034,0.4045608345962978,-0.3287271705224629
0.028579657314670426,0.008025208271230974,0.3151267165477704,0.23386538636138754,0.4660893934090019,0.4501729031393032,0.09960632819522827,0.28947431821821673,0.1812992813136481,0.11082814440890296,0.17776671782143152,0.22116781124423002,0.2550752667809891,0.26862155356659767,0.1823991650192717,0.241137332662047,0.22210551424359137,0.14092741598140612,0.889611805729294,0.19523995221844886,0.2643003220862988,0.2724676417540157,0.12785006646659,0.2801648613301042,0.3983713102648597,0.16235680392567525,0.170222386832334,0.26905230363725546,0.3128175588151852,0.3667451144851438,0.25639474009500024,0.2776227235690967,0.25301724165056905,0.3288151455105581,0.11364784726367735,0.22484221905623372,0.4463581760731862,0.34190581414300575,0.2939760987528067,0.011759945304094242,0.20717720007408869,0.2474198771212351,0.27031041051133836,0.3470113120024182,0.08239814604119099,0.23166370976429163,0.2737643800730475,0.1819375015244697,0.3232339679968902,0.13296636926005376,0.000586302600194882,0.30254486935751773,-0.21100593072136734,-0.12556811475561216,-0.07331299634507504,0.0042070639040107565,-0.38452113719741843,0.6726238322493686,-0.2326022301640808
0.012309196551314946,0.2978617566601257,0.28726849562640433,0.24114633441372602,0.28657676380308567,0.40696124226166164,0.2498386804872313,0.29419450331997754,0.18219267663399727,0.08965634741823383,0.3614617644967769,0.2717103210253252,0.23650222083307085,0.4037631878267804,0.35121678938312073,0.24880261415559096,0.379179911389954,0.031141906713565606,0.19523995221844886,1.140263701198309,0.19503681274255702,0.20067193323322077,0.1058319274288789,0.3861475772227579,0.21919343384331771,0.19985816746624122,0.33675809774347054,0.3207203480457584,0.3993151599759494,0.459338854480595,0.31725460263203314,0.40746051290656937,0.24252217572953744,0.43349391854610075,0.34053768226662484,0.26387229575343185,0.6027943071526216,0.4934555212898768,0.41542324698730215,0.061008306045767846,0.2720401227317195,0.2411165897868525,0.45502527530555037,0.112443358357552,0.43157684071388863,0.14025613831685538,0.28239336516125535,0.2651146749870828,0.5415840795314167,0.04889922440757525,-0.1979353677840667,0.07063510639630145,0.013928378702199453,-0.08839304903125618,-0.2206652690980576,-0.0053721415634927164,-0.4715741483392617,0.8153866171410306,-0.2675523805086704
0.026030594750479984,0.170726242342918,0.2784228959676302,0.2784654705709999,0.2687227741923834,0.3440507060624946,0.3123209494959112,0.24820859370744172,0.27463614428488425,0.15566079383268389,0.2605437563648065,0.27557029895881685,0.2754732380363516,0.271312852558733,0.20917967761004835,0.2571564850014194,0.29774980184736555,0.3213567681229155,0.2643003220862988,0.19503681274255702,0.6829388377961733,0.3165326120429898,0.35321580680677245,0.31329473252902434,0.33153979432016817,0.26231252762968704,0.1996582323792805,0.19965786570839225,0.29091752306381546,0.48051232336317884,0.32341926306249735,0.22042503224441945,0.296909074921681,0.29477456954899345,0.18740781103706275,0.34826942877391504,0.5475845564234325,0.3644818012495493,0.3720490573773453,0.22888147108120582,0.30844520838758793,0.4440480292616831,0.4238788449339016,0.3545110231921341,0.6075528623615631,0.2569817908339793,0.43489612989573745,0.18482824070958795,0.19993622966709826,0.1028510632711734,-0.012643460494903239,-0.16688947655511863,0.13652557962295808,-0.08085261245948194,0.005862104474252045,-0.01613857127196141,-0.48469767630822636,0.8285069526586021,-0.40047805543652126
0.021242101483403934,0.18215176005619008,0.3128384842966945,0.2625392851387216,0.30233270459173894,0.3936112877991919,0.39570023356032563,0.2806082786660359,0.4522918693284801,0.2012036920605558,0.24551063308468346,0.2852506300346158,0.3397964200536116,0.3261579764874247,0.11949051351737722,0.4356687805548652,0.31432130321178686,0.32147772710715655,0.2724676417540157,0.20067193323322077,0.3165326120429898,1.002216350254568,0.34573967930601235,0.3194948262030619,0.19477983358082843,0.3124950340155447,0.23908911911687986,0.1775904573165084,0.39512871172055264,0.42505576676287915,0.2942443143749664,0.33179775520187277,0.2682679610460429,0.4507015969910811,0.18934566883376366,0.3230570645611966,0.4119522663597684,0.44011929811091904,0.32960646008160865,0.05625208008955443,0.2733063419063255,0.32690426106217846,0.5527638774134941,0.41767430486857415,0.1600295653049337,0.30133079925575995,0.3998545407782845,-0.20134005433519547,0.4290420710534169,-0.03771451755510589,-0.09309187943108524,-0.2036997398166638,0.12032197601661014,-0.07539040563162362,0.0009358698765398222,0.03268833731851543,-0.46426092330408286,0.6009170908774312,-0.2892761672557866
0.011515240522627625,-0.273682867137715,0.27405983567238085,0.4188495709669721,0.2622000810911779,0.14082646729480966,0.36154962482974684,0.27649514706044787,0.3041935194938086,0.313982752200162,0.21634068828979572,0.2433440812400417,0.3187697247375461,0.2139125426799641,0.17120743388238702,0.1425305324174574,0.14845637474241014,0.6332997334071231,0.12785006646659,0.1058319274288789,0.35321580680677245,0.34573967930601235,1.568523080178674,0.5089099181316868,0.4714667021445193,0.15618623603748,0.13532463389729027,0.03339308193041188,0.31337329652158646,0.6177471249876242,0.17800897682616254,0.17916364059848286,0.41946511467437764,0.45474706572425894,0.04822377858827701,0.36533207566791936,0.4047977533728445,0.2278019557633263,0.3993038713619211,0.1614134059386913,0.37083164835267185,0.22908292802159605,0.47693412289101184,0.8568523930680986,0.00403045046760728,0.35081650271262155,0.5978420954190038,0.26895352214909984,0.44165409295840025,0.004529466182398628,0.13069264052794052,-0.21647885422315277,0.2964532737764696,-0.03130619021916453,0.18453102024210047,-0.08069229454744258,-0.3699166271139569,0.6916492448996968,-0.4066205475798245
-0.001754875174058565,0.017092726273214908,0.27215571718193743,0.3269071995477522,0.2576605537923616,0.3049502321953592,0.3056580476306376,0.3380856577117962,0.2098191941902182,0.20595155575753218,0.2579659512108082,0.25425306926051894,0.28076734655823943,0.375578140168965,0.23327968357451043,0.2758237323023604,0.3213149032816979,0.19633941963769216,0.2801648613301042,0.3861475772227579,0.31329473252902434,0.3194948262030619,0.5089099181316868,0.9002423655758138,0.5454634583084622,0.04392432022910328,0.3058693183400542,0.37377669252780016,0.2879892308068703,0.8367679479619093,0.39512818577202724,0.41208470762378235,0.5465767150621502,0.3972036415616601,0.38001395244630326,0.36783760275470695,0.6910597859997805,0.5255762651778323,0.42395972091830675,0.02402215179766601,0.42247969806067065,0.3117569931009038,0.436398175093906,0.5924879857551728,0.03792727259663737,0.28641168941405437,0.5336937781798852,0.2962193522846093,0.7075049146883735,-0.0424906785397693,-0.06380604722967763,0.0561786361031767,0.15158563916643672,-0.08730902917030138,-0.10007861379664891,-0.18241158198432927,-0.4002738721127245,0.9915168318761093,-0.34751616042304495
0.011560884053002147,0.10696639249604863,0.24280255741188017,0.31169476690433146,0.25986736435085384,0.3477316140700166,0.2885824980777039,0.2517449594380279,0.1472652481469697,0.25133733463040275,0.2112254926863225,0.29238614363740195,0.2554108226687901,0.33638950605978485,0.3802922038878621,0.1846845936049619,0.3512384712168657,0.296810337215143,0.3983713102648597,0.21919343384331771,0.33153979432016817,0.19477983358082843,0.4714667021445193,0.5454634583084622,2.2651840126004843,0.28592146630833815,0.2429126749250592,0.29885621301684784,0.7107902914054792,0.81868179549708,0.44231575640648935,0.31986640980386605,0.41923482520464755,0.6861050180590348,0.521590336776564,0.3171846453630553,0.9347945761356242,0.7418586162041985,0.22322697776011105,-0.1217228996908238,0.47081850915023565,0.3529662902539717,0.44326831220076,0.7667688159075381,0.2513924017905111,0.4957356230733166,0.5991481100577217,0.12207262773627857,-0.3071227196453121,-0.5207748374241558,0.26096509751169017,0.04835079763630349,0.3201864688969887,0.008033467086370871,-0.12825136736327786,0.05813868615871686,-0.43451834277052825,0.6610479990301159,-0.25283686859875115
0.03217233621156618,0.14608567829515343,0.31124806014995293,0.17381179429671031,0.22612207916462113,0.3197725342652642,0.28291635434764,0.2674320669449917,0.343004143072342,0.09259394531938189,0.30881832700205375,0.2433120907102247,0.3130537350266558,0.2365074660363664,0.08667733549884452,0.20038047295122202,0.25268796859261256,0.42462518749966277,0.16235680392567525,0.19985816746624122,0.26231252762968704,0.3124950340155447,0.15618623603748,0.04392432022910328,0.28592146630833815,1.6330866470428878,0.1786589706504652,0.14886440468599965,0.24397895938070893,-0.14958777689332484,0.24094506005058727,0.1923156878203216,0.1495193133366961,0.27517449699629354,0.16440040606000592,0.2861090726989299,0.4405046209945604,0.39771836953992384,-0.19836930001149794,0.22396239687661124,0.31952633593006496,0.3499245065704988,0.5088025538696149,-0.12422766624218498,0.6941634963767529,0.15866611689983848,0.14955643724618153,0.07763068176427633,0.18625711485227883,-0.04501550487882934,0.13260267804501774,-0.21573003225883536,0.0004166793313394282,-0.026448648420947244,0.02697814123071772,0.0865548593108757,-0.2913487601657193,0.22381923537860623,-0.12866703529564086
0.017059459483365572,0.3036105821084885,0.1856243574485651,0.12488141428858197,0.21788933102262026,0.2750764597619285,0.2599972005930548,0.21408647165100056,0.21087019963279585,0.16045455379732598,0.1949154401703697,0.21586124573692875,0.24282692406486925,0.2796233168639474,0.1397607128509142,0.25051005244354674,0.23355409321411827,0.02557792191345289,0.170222386832334,0.33675809774347054,0.1996582323792805,0.23908911911687986,0.13532463389729027,0.3058693183400542,0.2429126749250592,0.1786589706504652,0.8225293493762783,0.2112467732901123,0.06301335745171253,0.3223487528698646,0.27769798295367626,0.3009334983379553,0.2854515289580818,0.2916109723371908,0.22772380385654353,0.2980728013209732,0.320305973638341,0.4054507365945996,0.2071828145328341,0.16828728880249924,0.25463783829294445,0.24972983793446676,0.42984327004705186,0.12153801732577527,0.18548770289037658,0.10352534301867126,0.2118163442474072,0.2406857686937179,0.6136459827031058,-0.1390920790140849,-0.09709534680586042,0.021965308869578218,0.14146257657820227,-0.028506526003806286,-0.005396504866287805,0.0034576323123813417,-0.33137641212449115,0.5230080557296297,-0.20969188637127403
0.01376974609805812,0.20919597542025548,0.2705818819709346,0.20873030659581257,0.013995897179065485,0.2356246446104266,0.1660048002969303,0.22741989817633143,0.1356886302151525,0.15287094782802113,0.22832559363184318,0.21200427962287194,0.19455583688086078,0.16405759061965844,0.2114276565599152,0.2153277615397712,0.46071924167047396,0.14403827367150768,0.26905230363725546,0.3207203480457584,0.19965786570839225,0.1775904573165084,0.03339308193041188,0.37377669252780016,0.29885621301684784,0.14886440468599965,0.2112467732901123,1.1919759348900658,0.020315353905385004,0.4783126503309755,0.3638985751635024,0.2326650412664873,0.6097551840817718,0.17906563368376446,0.6077973829750192,0.11112665715247555,0.753954740681781,0.3560941997069113,0.3885814178989628,-0.12487125861676227,0.3601447848796613,0.22631782383674842,0.23392958606891437,0.4521050970234293,0.000433513156266597,0.046560726425826066,0.31604778969957203,0.30614549874755126,0.620716684687599,0.35222060780988595,-0.09106740035764858,0.8849180830173003,-0.9704007950834963,-0.10633022734285225,0.01358693429163385,-0.03422433899651843,-0.2614986422226058,0.36270888545162633,0.002150695075900883
0.011729459173429671,0.26407095893857635,0.33618419524031457,0.04750207877276759,0.30139420651491167,0.4362582330389755,0.18514045603024532,0.22440334311011256,0.20757026093391362,0.136610978135424,0.29129118561401734,0.23230264992596858,0.22740576902416534,0.3792254385320585,0.43295458010784726,0.289705986575383,0.23423717876641606,0.13735568953369745,0.3128175588151852,0.3993151599759494,0.29091752306381546,0.39512871172055264,0.31337329652158646,0.2879892308068703,0.7107902914054792,0.24397895938070893,0.06301335745171253,0.020315353905385004,2.580488627682994,0.4452371768334833,0.14871053734521647,0.37658147777332,0.005853374185047182,0.505928661698687,0.31902762080323105,0.7793628155253464,0.5549915705231617,-0.25276486663483066,0.19414761166273972,0.1027126457382919,0.3219078568415954,0.21429328382682777,-0.2924753741842162,-0.5263550054996288,0.3747987293493509,0.6047224099956775,0.3168450522167656,-0.293318798483036,0.0038744994056279253,-0.07946470014321068,-0.005288082368300773,-0.13026040288564233,0.16405690556514924,-0.06073545268800602,-0.3554000552207762,0.019870217439677915,-0.5390273853484339,0.6885894217128751,-0.05930681401372344
0.015882593208198167,0.006287684889721252,0.04750942694417774,0.3169057183110638,0.32043160424901557,0.3178156687754798,0.3084886822159986,0.2515947545505603,0.18483970033834177,0.28245307551991106,0.22979841280749333,0.3119663263569087,0.2485429688575125,0.4468966999078146,0.4779388768240161,0.43097993928965384,0.36881161405034124,0.18050203371380769,0.3667451144851438,0.459338854480595,0.48051232336317884,0.42505576676287915,0.6177471249876242,0.8367679479619093,0.81868179549708,-0.14958777689332484,0.3223487528698646,0.4783126503309755,0.4452371768334833,2.6670403186529215,0.4919650052220562,0.37455185194302204,0.6103685373216517,0.20476367882016996,0.8505079057529183,0.23002824103871602,1.055426465961876,0.7406908655767427,0.5762322919242324,-0.2151717061466256,1.0500537500444744,0.4749856149043973,0.9442760827031033,1.1514635228976413,-0.11004238971017352,0.3345417187923214,1.2810430723484416,0.3192855641183015,1.5681407490505688,-0.4120637143793939,-0.025343365715967237,-0.31532768215562934,0.555714548614373,0.11210821885241685,0.15476804062448757,-0.10829527767814867,-0.8084999140697003,1.9447915580348312,-1.0806240944395011
0.028525113927030464,0.22992620105771372,0.31342450601587596,0.22421590884703604,0.22494527879008916,0.29818851829326043,0.2696951638731749,0.24850536794726383,0.23879892461532873,0.18575098622025954,0.26575872916091015,0.27297656098539164,0.24738890223339538,0.27502458892378445,0.20651149635139845,0.22651395114882183,0.3414958801350306,0.3097004261802726,0.25639474009500024,0.31725460263203314,0.32341926306249735,0.2942443143749664,0.17800897682616254,0.39512818577202724,0.44231575640648935,0.24094506005058727,0.27769798295367626,0.3638985751635024,0.14871053734521647,0.4919650052220562,0.7932964897874856,0.27373651005039884,0.3387089794574054,0.3011037835149706,0.31946445887604996,0.608623446012263,0.8477937512210365,0.5416798418704342,0.35553375678700444,0.04441000899425575,0.42640192935640314,0.30982218170213627,0.3348530704673852,0.3390218598010612,0.4004026613788266,0.3656803437479353,0.4036074128346034,0.18252018656595712,-0.05889214274486969,0.1576170041010171,-0.05486646889090486,0.0882347568092302,-0.0018569139931608387,-0.14715880944323423,-0.093399226870995,0.01119290941470122,-0.3103571050265421,0.4764691922250018,-0.18664629255294424
0.002122384021974691,0.23314677262697536,0.2258247538269331,0.3063701461083605,0.27146159699885286,0.3989089161190131,0.27089791439466654,0.2995290234841924,0.22490179945843242,0.12521991058518608,0.2510909359816679,0.27009777273765484,0.24693872132699216,0.5740192803479277,0.28791943337309817,0.31242388778348656,0.2650421896417554,0.12663915941251735,0.2776227235690967,0.40746051290656937,0.22042503224441945,0.33179775520187277,0.17916364059848286,0.41208470762378235,0.31986640980386605,0.1923156878203216,0.3009334983379553,0.2326650412664873,0.37658147777332,0.37455185194302204,0.27373651005039884,0.8901459067428426,0.11739883708804158,0.3904374812454799,0.17981444871725655,0.269129585951614,0.2814852915750676,0.34974699632988493,0.33609567528196227,-0.0051096639037747065,0.33686216285215376,0.22862452452516027,0.32062522006542693,0.2613645819130987,0.11414576508562416,0.15334984285957112,0.29559965361218027,0.0919339306396179,0.46088006680367644,0.06900904130007433,-0.051726689633831056,0.20322342137735921,-0.24443186098576528,-0.07344927967669267,-0.3322644596453694,0.02264000722772496,-0.4750540292709335,0.7750288099322943,-0.15153009200802117
0.022220938215789448,0.005506738013184103,0.25792604748435244,0.3443595353802356,0.18150907577344716,0.16485604329703957,0.2797570725562827,0.22951206277214198,0.2647144494519943,0.17482593828064522,0.19086841467190624,0.2099749216548467,0.27446013630820254,0.1628173737351192,0.09042710773802268,0.13251061822795443,0.3344106123493949,0.2439048853599032,0.25301724165056905,0.24252217572953744,0.296909074921681,0.2682679610460429,0.41946511467437764,0.5465767150621502,0.41923482520464755,0.1495193133366961,0.2854515289580818,0.6097551840817718,0.005853374185047182,0.6103685373216517,0.3387089794574054,0.11739883708804158,1.5294615269882912,0.20882345212863904,-0.09479641012946008,0.21574469758470044,0.705830032797048,0.5820796020691852,0.2552857992057262,-0.06277172865243735,0.061909687555608044,0.3478523522568776,0.5184191546894746,0.7862394315999113,-0.2453300450673733,0.18671899804963,0.4608303472991549,0.5366424587805314,0.8336019976584462,0.12485194010809841,0.016496831202581226,0.1178489677619612,0.04260629813750247,-0.20219059789601485,0.24077825061722002,-0.026287622181748304,-0.28347314826132564,0.3749986783903107,-0.149322047227883
-0.04911229047911985,0.21690339188252586,0.4324558240974311,0.435090066496914,0.4610490906626465,0.46214815857996844,0.41445189485672423,0.3981635343230231,0.27228719160893844,0.3995676433217678,0.3161598859876447,0.35830747808068925,0.35902880880973226,0.421140978465317,0.4008424777160499,0.39550092585637797,0.3541962035818134,0.34477048316927034,0.3288151455105581,0.43349391854610075,0.29477456954899345,0.4507015969910811,0.45474706572425894,0.3972036415616601,0.6861050180590348,0.27517449699629354,0.2916109723371908,0.17906563368376446,0.505928661698687,0.20476367882016996,0.3011037835149706,0.3904374812454799,0.20882345212863904,1.8797584518373058,0.46851090248984645,0.20148438562437554,0.8982709643369602,0.31757482846219615,0.28524757027114,-0.1304354836182235,0.3587583113792531,0.36056823702134544,0.518266975663644,0.738343105538628,0.004413779617479742,0.24629026706207371,0.40148604200227306,0.2028610004256374,0.2852947793938663,-0.24734864626653466,-0.08352655750510528,-0.02091945347600445,0.2571460298524752,-0.06618820913208122,-0.2222788000707086,0.03442216058943722,-0.6302109826493242,0.6976173657600389,-0.002897904104418258
