0.7556141292185613,0.1687484103525376,0.2154418146532131,0.05544036362712307,0.004787294188263371,0.07328627400906076,0.06187714176804389,0.0454165529297157,0.09611048802172217,0.07449791387406961,0.06251392190402764,0.07843748681122094,0.04137345994654336,0.07650456971953974,0.10104465040507393,0.06700825497266388,0.03044998809820254,0.10326854759246709,0.07273170940298737,0.05112521991414799,0.07097672496648037,0.08134243664188513,0.07628934578263423,0.03140819166428273,0.08639509158758478,0.06328899263215063,0.10260349357282765,0.010180799514077212,0.14305018288345395,-0.01666702710631343,0.06308188020113518,0.0739309988037285,0.009399438747628434,0.0980864960214445,0.09491987269191544,0.06749470153456841,0.014458779872538999,0.029874336815603513,0.05164717581863277,0.02609022004857815,0.080573100204742,0.06251205429494212,0.10895342061082158,0.02277843500253882,0.10790321018770249,0.10377527419864971,0.04438882690693537,-0.01992635631827733,0.0008827200140942427,-0.07152614607257633,0.01066029717901588,0.0003301010345307487,0.04318381052639442,0.011826661388300554,0.11550172778501598,0.0005595332017287916,0.0797590605263457,-0.004540737708983263,-0.18333946693653724
0.1687484103525376,2.5462970798708104,0.918880477349718,0.20731660497534474,0.19986515925969284,0.1200914102249988,0.6280411137760332,0.2910840856519713,0.4626893190329653,0.5068263866206296,0.3873320657555143,0.3789588743786311,0.25177972346672556,0.3436662039724059,0.6443470716966669,0.3325334692932728,0.4513298221873396,0.6410444205122235,0.41466261124350307,0.47265081203491494,0.4863182924264163,0.3784838509369018,0.189053937117796,0.3162421651520799,0.32246182823013664,0.5813833469744268,0.6841618135423849,0.6082665009234685,0.6414786339544313,0.08256239168822514,0.3772878242492512,0.29598348538606917,0.4814030083547444,0.38254665274511457,0.3616914207255328,0.4042109828035493,0.6694093732718376,0.2710139015764454,0.12206253598646091,0.10520561772856138,0.6036045135160419,0.4482172468481046,0.5244802223168444,0.1513885714587887,0.37228510603950915,0.4821381894239661,0.28331935808386516,-0.04345225120168871,0.09685221543921253,-0.12129456445070923,-0.06478058539660518,0.179226493294717,0.09588560811801684,-0.05085129910896817,-0.48066515389424125,-0.05375366694511171,-0.37946873824625604,0.6225092778861264,0.1877827830855589
0.2154418146532131,0.918880477349718,2.2226616170060502,0.15090829196081276,-0.2988406803412464,0.5832386308071161,0.2613769121619077,0.4667106931827631,0.695224509775142,0.4776528862092444,0.42030021707574533,0.3608883830716717,0.26446079341119233,0.351225712957204,0.44750447524566345,0.320900900632756,0.472163276768703,0.4434483326729586,0.5295153657233519,0.391242682229519,0.38807640246882635,0.4810227777734857,0.31862303250884133,0.3245836543958642,0.32939107912037646,0.5448004258616299,0.7065653468413331,0.5602758459558217,0.581328563701675,-0.33167579502381733,0.33738209194497215,0.3615262417801308,0.34922054158921595,0.47619051992119243,0.461199271429239,0.36701258096655126,0.3199709881387172,0.22838268457481392,0.15088963694087537,-0.040357105245849796,0.4665055404173146,0.36680454179701977,0.6020620002164436,0.24098462858552366,0.5226838739355858,0.5324124334247584,0.05870899848400145,-0.06605028297141358,-0.2245382281433695,-0.02996657486192064,-0.01220428907847522,0.08121473198801991,0.07212091225862212,-0.07626977386875276,0.08214891528334209,0.06324871363982411,0.061962433106179514,-0.2586514698468862,-0.010866574210523994
0.05544036362712307,0.20731660497534474,0.15090829196081276,1.012273028426619,0.5461275794570016,0.34993510301207803,0.27283207612814436,0.2808614701524139,0.18861162279770252,0.24315901029172954,0.25689597202670655,0.33976432960156355,0.19683383262612597,0.2714995279108657,0.3151223133807262,0.3111280942347791,0.311703866974252,0.31884171548207396,0.1780993067992625,0.2997484441307336,0.21633212761293616,0.24036175906792656,0.31797042167855677,0.2219764243727156,0.2740289212692562,0.33227341142025096,0.19408309071527255,0.3801903661342483,0.38579270030022433,0.0268985094719009,0.2059294349882278,0.2652225428611524,0.20667713508806965,0.30645952115229014,0.018420042672364943,0.25135266904686765,0.24741937821793694,0.17191414606505726,0.19682933922688553,0.07878268386649616,0.21754611131627738,0.21236124638867052,0.16878414608219436,0.08049459894454436,0.017514438346651534,0.2535984676566841,0.17248219140281737,-0.03194292562154693,0.23163466350525064,0.03504831709103716,-0.11000636301417645,0.15045277889754002,0.0009142190574699485,-0.05444137557817595,-0.05461387746776802,0.06335561190182795,-0.13042306158433584,0.20358214469584646,-0.10650681372453666
0.004787294188263371,0.19986515925969284,-0.2988406803412464,0.5461275794570016,1.4799044870918165,0.18586860744249062,0.4098972993676914,0.29098783956444413,0.11755877643721445,0.3394154925499929,0.2832651510074167,0.35985728034045944,0.24699053632043025,0.3398956264308444,0.388491232202691,0.38818245133657076,0.33884269407675716,0.37858776102307423,0.18251735504939703,0.35657594923011915,0.2488739321065969,0.24237593720210085,0.4752079288709815,0.3137403213970414,0.3143113124136441,0.3190311394090046,0.056798805013699986,0.38786672100945113,0.44335652188126706,0.14461210359550422,0.2109445498334488,0.3182540048693566,0.2652571517199448,0.3752840348647888,-0.0008593235208862743,0.24282226111634528,0.33372939063037244,0.2094702753723676,0.27476492027650273,0.16281238977418722,0.2691074978071563,0.25083112432483157,0.06790158997611934,0.058346863184550506,-0.1635492409016769,0.2880121661402067,0.24549924151555846,-0.022012104462086554,0.6578677300347081,0.028251080962190662,-0.13031403565148855,0.08033362203640153,0.11168161293688324,-0.053329761678788605,-0.14368896139762755,-0.08349233502773276,-0.07720570770263037,0.22617253933361323,0.08429404575898163
0.07328627400906076,0.1200914102249988,0.5832386308071161,0.34993510301207803,0.18586860744249062,1.2794900857191254,-0.20891859598035298,0.5910415860975836,0.4525648731335082,0.05747092835376504,0.38693806940036424,0.30928685456943444,0.2481332605246521,0.3173429278619336,0.39969892892099657,0.2778438936011639,0.4053533234009444,0.24766595985450454,0.2661711501797651,0.4541220876224694,0.2920455400057045,0.3302015601283965,0.13914244406471227,0.23527966065707043,0.31806506100546234,0.453008747647805,0.33236622455469417,0.5347775086474106,0.4759884004806269,-0.02556670638689457,0.22691809685054928,0.34026878361819424,0.019204526767619988,0.42993887781033385,0.3342751938167457,0.17778286690185388,0.20775237800854368,0.25461808465182756,0.32788154854935575,0.14391047839465565,0.14747333383400718,0.27241740329320846,0.32640210217342,0.18539071686741995,0.22715521645091402,0.25299756656353123,0.1494650050849435,-0.01438229648340711,0.478562367267662,0.04229648950035908,-0.12204414917842289,0.15502467899356667,0.002864992005215727,-0.08823850296172975,0.009589867821411106,-0.015785751307509092,0.1262777837378417,0.10135870150790972,-0.20519388180387008
0.06187714176804389,0.6280411137760332,0.2613769121619077,0.27283207612814436,0.4098972993676914,-0.20891859598035298,1.1947400604946934,0.01603413394585919,0.30253653161828326,0.4800192005982977,0.3436146159599037,0.44404803333472564,0.22004471763944072,0.3101166664101918,0.22125265881786796,0.3684053406926669,0.3490749718129498,0.38506147066881397,0.2943105089823323,0.3600462723872815,0.3166394474673751,0.35972404081787296,0.5644655307932614,0.38455518934419836,0.32201827029105745,0.40459040379042444,0.35501056923980406,0.32328502061823194,0.4564102250784883,0.12248569272771515,0.2652597762554085,0.33679065014575404,0.4859978898199765,0.3299170193423446,0.22804436026451122,0.2600318399579944,0.40626212959553115,0.2025604257826287,0.16205605814481122,0.12331096427835761,0.4130003605330664,0.31759793474935216,0.36320788458112585,0.09532780538508838,0.11381424470451039,0.37150193762153266,0.19229892992236533,-0.02159976015852519,0.5095863412778892,0.08148175588058906,-0.1247086927832749,0.058439300251050395,-0.001576400158732492,-0.012129261815559346,-0.14745668801227826,0.060828298934107315,-0.13911424450047896,0.213512559963076,-0.07672354450003364
0.0454165529297157,0.2910840856519713,0.4667106931827631,0.2808614701524139,0.29098783956444413,0.5910415860975836,0.01603413394585919,0.9100646286658585,0.20914942748661577,0.2834444731546913,0.36357950816946843,0.20840203650690078,0.23431981891696016,0.27892791458859073,0.3632371877209331,0.2783061128968313,0.44394319325630355,0.3273944542895901,0.2800946360497455,0.41709555982141217,0.2811200514501031,0.24782636395462815,0.28493309102618936,0.2861917095707263,0.3388014307693561,0.37420817938215023,0.3405564213817716,0.5499855372092901,0.37983330832342577,0.14053696940429503,0.23819555588151484,0.27561330518851235,0.21801736471001068,0.35519285471062534,0.37701051072022085,0.17345738509763525,0.3550416249319124,0.2313926325117321,0.4031330065878981,0.1736387223861664,0.27024210528066633,0.2776063856565123,0.33129183527777606,0.16470884763885077,0.20664289897997687,0.2972412590033987,0.22430226391644467,-0.0031172153929212875,0.6275250142309814,0.06765398656314109,-0.12311581868145952,0.1073724681230677,0.14009644104031505,-0.12007547002648794,-0.08987712162463746,-0.12376233051601812,0.14096527183014892,0.23110582346661693,-0.12051567522322601
0.09611048802172217,0.4626893190329653,0.695224509775142,0.18861162279770252,0.11755877643721445,0.4525648731335082,0.30253653161828326,0.20914942748661577,0.9674261750529071,0.2072230969427899,0.3269477796055471,0.2807919410144024,0.24521986215196787,0.41278622506969104,0.20009185974742943,0.3144577017768833,0.41221062368442135,0.33760855477535895,0.44366905328788747,0.4057089812274107,0.35186215720858255,0.5567904297576455,0.45820108049156305,0.3782948876241357,0.2638365269684559,0.5070743971847175,0.47722678042505995,0.47749124077831673,0.45049695078999924,-0.03905436258938184,0.2745132886922916,0.3745640922837015,0.46359031924381405,0.41362755985018274,0.232642968224237,0.30313705017667947,0.27917501343897094,0.2336231961464926,0.14655361925616184,0.08440879898736829,0.32482358046918913,0.331680815024507,0.4994959294120953,0.11286801014806958,0.26381566035042964,0.39902399049595083,0.1668537740461194,-0.017519227324276854,0.12893233511721558,-0.043288043288740835,-0.005419842134570944,0.0031621431901684566,0.29602237396308384,-0.20208916423543893,-0.009283055547297645,0.11047766142267519,0.031383278929275484,0.030881562770563507,-0.2004803895876644
0.07449791387406961,0.5068263866206296,0.4776528862092444,0.24315901029172954,0.3394154925499929,0.05747092835376504,0.4800192005982977,0.2834444731546913,0.2072230969427899,1.11562002232393,0.22946328378841127,0.2998197214737753,0.17093600168768971,0.3008142708581925,0.43684785257247777,0.3386220056543849,0.46902751090754874,0.420474346938024,0.30879382814411904,0.29845578780553156,0.24676362136832777,0.2807556298349685,0.513382103336395,0.33197094556157697,0.355096449634531,0.2744703999600194,0.39589184498428653,0.4543137438090122,0.4593075306317415,0.1762347467772971,0.2572353218623091,0.27002225016721404,0.3162644462076997,0.36703495297211536,0.2806470395849744,0.308936549447109,0.3276613850755253,0.16991047170904747,0.18976576202346898,0.10733639445065433,0.45848696887333423,0.2684364353297284,0.3179745979310637,0.12155030206667353,0.1605593984709255,0.3785211080409919,0.24814360508840025,-0.048262100662395405,0.37035107754030283,-0.03798445814486149,-0.09158018796333608,-0.15299273865608973,0.29089115882111016,0.05725337998626396,-0.12463387071794298,-0.03706460156204737,0.09199271117528245,0.08662278493885374,-0.054758804832809316
0.06251392190402764,0.3873320657555143,0.42030021707574533,0.25689597202670655,0.2832651510074167,0.38693806940036424,0.3436146159599037,0.36357950816946843,0.3269477796055471,0.22946328378841127,0.6577880382025891,0.3710165668387996,0.21690101841180878,0.2750328427357325,0.34041336270303346,0.2819661237021331,0.4077562306679289,0.31705743211986936,0.24841581065328833,0.4700307541525833,0.31739391037944714,0.28810903619000433,0.34098101862282193,0.3016220624027862,0.29023153250622186,0.3944370383498355,0.3408634085613217,0.44408614442225797,0.4190463356181765,0.04379582627526233,0.2602798827126307,0.2701070232534717,0.2916012183610006,0.3559762589737728,0.3514361948082687,0.22383632440745108,0.3166523092769561,0.24957597086194294,0.2760068442106421,0.16224758338236203,0.2823500971599057,0.31086189892622346,0.34774597387434447,0.13179950244911448,0.2649103611007052,0.3285669810397032,0.18992707642376835,-0.009028100409304197,0.2702424302831585,-0.0768301088573233,-0.05796987989685535,0.06005745896144323,0.2233654823209257,-0.09532022826239883,-0.0624841233531294,-0.01127839284882689,-0.018050847472904464,0.17484693937824727,-0.13405878687173098
0.07843748681122094,0.3789588743786311,0.3608883830716717,0.33976432960156355,0.35985728034045944,0.30928685456943444,0.44404803333472564,0.20840203650690078,0.2807919410144024,0.2998197214737753,0.3710165668387996,0.6542669024962416,0.2091672665325252,0.307271340258978,0.31139929958100915,0.3154355272472956,0.36114999930172376,0.2562537785557695,0.25699592057510906,0.37661313567961163,0.2554271064478826,0.2771406956068419,0.31659948012077005,0.2797919310462002,0.32341833000401227,0.3529413351289871,0.2979706074088458,0.3239959858031126,0.4214932954067309,0.028662305395975557,0.23240490998616725,0.30491581011234625,0.28243464667916596,0.34290918716571567,0.2769156243497304,0.2313836448148173,0.2501956029153649,0.21193185084657126,0.2265746884441436,0.12203887720849037,0.25673252924825163,0.2626345400143826,0.2669549204482658,0.11045815850201106,0.1607285582175201,0.31565154873344164,0.12007454749801506,-0.015115586559161277,0.47947574482856686,-0.020526401049988176,-0.05156024454265966,0.03186219483252841,0.1057729326099098,-0.07770307411594132,-0.05911478232724754,0.07158371705837441,-0.1048852358114104,0.16117866526369676,-0.20684967896902728
0.04137345994654336,0.25177972346672556,0.26446079341119233,0.19683383262612597,0.24699053632043025,0.2481332605246521,0.22004471763944072,0.23431981891696016,0.24521986215196787,0.17093600168768971,0.21690101841180878,0.2091672665325252,0.38887235227834466,0.25695852412055065,0.11098998477392866,0.23940386749634213,0.24527679479473422,0.18523914513655268,0.22997326017752284,0.20904110096902884,0.18508121385843618,0.26304097957825434,0.21036605851324228,0.2394370445292737,0.1812768028521648,0.21751276804648445,0.21582761013815566,0.26219640052212384,0.31227134086042185,0.04558806088401799,0.16344170242834094,0.2393477508165018,0.24198569927378666,0.25449779932926686,0.1923092271353498,0.15233514080557345,0.21465193879830732,0.12258566684007356,0.19734236604563243,0.08368608666544627,0.19460158030172967,0.188484123623442,0.22631529229157138,0.09988583674674559,0.09386078394471341,0.22382229113939922,0.11801929464383994,-0.007056873172504956,0.3023711943625713,0.14598705205399773,-0.02990399405457919,-0.05866092368907915,0.030402048844090753,-0.07674715116635156,-0.007283099306576771,-0.023959751138067933,0.008415490393799269,-0.028061772212975924,0.037749620392315504
0.07650456971953974,0.3436662039724059,0.351225712957204,0.2714995279108657,0.3398956264308444,0.3173429278619336,0.3101166664101918,0.27892791458859073,0.41278622506969104,0.3008142708581925,0.2750328427357325,0.307271340258978,0.25695852412055065,0.8334588961033581,0.29485591907089803,0.4369761476353407,0.37498541391562107,0.256168821351176,0.2789064094180657,0.45788847200855914,0.3374996424247297,0.3964054581264511,0.39785941782930745,0.4101132932248406,0.3339156253039988,0.4260110758519171,0.2668388341740252,0.3482147428028313,0.5477212119420887,0.10928968917190629,0.22847836893251705,0.5752102398287586,0.29142879046266346,0.5433171982262134,0.2751927373436929,0.25874235583381583,0.18836814833732018,0.2743648360538763,0.10835629018480408,0.13829810771424228,0.41077240441795404,0.3340349105134704,0.4418911705559303,0.08735274991376815,0.14979284788612032,0.3665839523584912,0.15224232606959692,-0.02424073973180833,0.6259869162350098,-0.21225530604347045,-0.08332053150301542,-0.2796826277499323,0.6859554899432039,-0.08664431195320571,-0.13391142529039077,-0.01379226865303439,0.16571961736132737,0.016340954431382095,-0.037832749527215916
0.10104465040507393,0.6443470716966669,0.44750447524566345,0.3151223133807262,0.388491232202691,0.39969892892099657,0.22125265881786796,0.3632371877209331,0.20009185974742943,0.43684785257247777,0.34041336270303346,0.31139929958100915,0.11098998477392866,0.29485591907089803,1.1182255216368084,0.2244995587915294,0.4019698318415503,0.4578407431002973,0.2013444785825376,0.47697971818175927,0.3336396972385334,0.17144756102484285,0.5293145140987309,0.34532474264314106,0.4489325807820104,0.2928829276429285,0.2934360087734398,0.5593406652595067,0.518356131585701,0.32061575573308326,0.2774002522882061,0.2154061401714275,0.2949870741108024,0.4247499740770026,0.22496411349630285,0.3542684315330508,0.4230712025016875,0.25274011650175443,0.26044795176957464,0.11881000853816688,0.4075309165045345,0.3195471299829536,0.2633634021271236,0.10891300651019878,0.10718400130456422,0.39618739972341066,0.3611709714151785,-0.05572875385550891,0.37942500422656017,-0.2273800193173257,-0.19691171430093116,0.17252815905149052,0.3719657470923011,-0.05615489501656043,-0.14174191242907458,-0.019332355360234126,-0.05125379907204352,0.2942421301867045,-0.04209819683689222
0.06700825497266388,0.3325334692932728,0.320900900632756,0.3111280942347791,0.38818245133657076,0.2778438936011639,0.3684053406926669,0.2783061128968313,0.3144577017768833,0.3386220056543849,0.2819661237021331,0.3154355272472956,0.23940386749634213,0.4369761476353407,0.2244995587915294,0.6632502095184359,0.36910848181452727,0.28475305684611946,0.3501449886435359,0.31264187824905376,0.2930356751449329,0.4149404361770038,0.36059728168990823,0.3027513274982581,0.31585954686434625,0.2928170567075891,0.2616800132341451,0.3978965589982033,0.4781655368580074,0.0785646267499451,0.21072783479657517,0.37252492925812214,0.2561370323320399,0.3902017700383005,0.34319278448574914,0.20118204698519063,0.24410830401480366,0.1875115906307038,0.21299558444895525,0.152750980248421,0.347453148725808,0.2950025837574168,0.34442032204710316,0.12743388403857414,0.17284145101391607,0.29346331807760595,0.16736228014268062,-0.013348400830251232,0.43410462500023267,-0.0688198704192014,-0.08308457814602879,-0.03278618516578806,0.158796024551282,-0.03568110766837265,-0.08477662524551904,-0.004983693919659538,0.0020942036737411733,0.10429690514872106,-0.0514287604232889
0.03044998809820254,0.4513298221873396,0.472163276768703,0.311703866974252,0.33884269407675716,0.4053533234009444,0.3490749718129498,0.44394319325630355,0.41221062368442135,0.46902751090754874,0.4077562306679289,0.36114999930172376,0.24527679479473422,0.37498541391562107,0.4019698318415503,0.36910848181452727,1.029593644898027,0.3515861521739701,0.30134356777805277,0.639090166304575,0.3520397278030378,0.3905936031017514,0.4074577709297727,0.34759981399704465,0.4595557613122743,0.39162577786136854,0.3418051688880679,1.153091499768573,0.5327389583641581,0.05336813106801504,0.29689200995864723,0.28753502485772287,0.5576901345232912,0.31672098763075174,0.27798999589666057,0.15880552456419988,0.6313950329279189,0.3495017832346674,0.29145740112589474,0.1380545344557705,0.4045753522994145,0.36675863169157247,0.3754862042036063,0.12326031230868421,0.2239227826575391,0.36816694078340345,0.21365701483328398,0.01680631024433494,0.6399486644917501,0.15326417905354006,-0.2587702464402106,-0.008791241494477159,0.3430728570761555,-0.11124303758499834,-0.18086726168379313,-0.007330343960378679,-0.04818651135286512,0.2670769697761191,-0.053198002587526286
0.10326854759246709,0.6410444205122235,0.4434483326729586,0.31884171548207396,0.37858776102307423,0.24766595985450454,0.38506147066881397,0.3273944542895901,0.33760855477535895,0.420474346938024,0.31705743211986936,0.2562537785557695,0.18523914513655268,0.256168821351176,0.4578407431002973,0.28475305684611946,0.3515861521739701,0.9290209037837018,0.2943184206311471,0.22163204154680088,0.3637033339682283,0.3377890229253108,0.6194985401604484,0.28818063724413506,0.34247392602040233,0.44694646209374334,0.1782249908132274,0.5099875428707854,0.49725618001498084,0.0856903872034092,0.32854787289867254,0.22018336882615544,0.30459543732291383,0.43258247206267336,0.22753256916409673,0.320018877095563,0.43681157262336934,0.14770546953230088,0.15580182710396884,0.1327185439446989,0.4892912161340535,0.319937292186449,0.39962459830640773,0.05086439055610578,0.23010626407586418,0.38718400189470975,0.4670072335361625,-0.042951468058666196,0.03203110761763289,-0.04216351183573921,-0.04995372431895831,0.11346986970753366,0.15762101067950116,-0.07882484813053582,-0.1692761667789812,-0.030473833127131002,-0.09628534737054109,0.364399426769154,-0.08286051381189721
0.07273170940298737,0.41466261124350307,0.5295153657233519,0.1780993067992625,0.18251735504939703,0.2661711501797651,0.2943105089823323,0.2800946360497455,0.44366905328788747,0.30879382814411904,0.24841581065328833,0.25699592057510906,0.22997326017752284,0.2789064094180657,0.2013444785825376,0.3501449886435359,0.30134356777805277,0.2943184206311471,1.4898406036665348,0.2950793712570581,0.3235450486011555,0.4335851815937588,0.22699719863998338,0.3236870090861717,0.26541122001509176,0.18316338973823343,0.1995352219600801,0.3771196007598258,0.408336962541698,0.49264099508952963,0.3193202971345814,0.24855495290497973,0.4037410153605735,0.2946585736536445,0.1360095706331305,0.47187181386466476,0.4344178449650471,0.20294276843932735,0.3308254812123877,0.051566197567810536,0.4549293890299764,0.2684868516828459,0.1830843802821563,0.09173047958378737,0.14844545628466946,0.42808742943695427,0.40801342426982695,-0.0772109427712243,0.21990255584663373,0.6942651206251792,-0.09257042699282228,-0.22304192368825182,-0.2461836303022834,-0.1491299122192757,-0.03254665073916955,-0.023668229972045127,-0.004704764571238025,0.11432336335194648,-0.11710433721007663
0.05112521991414799,0.47265081203491494,0.391242682229519,0.2997484441307336,0.35657594923011915,0.4541220876224694,0.3600462723872815,0.41709555982141217,0.4057089812274107,0.29845578780553156,0.4700307541525833,0.37661313567961163,0.20904110096902884,0.45788847200855914,0.47697971818175927,0.31264187824905376,0.639090166304575,0.22163204154680088,0.2950793712570581,1.3584463057350553,0.3774372427501926,0.36210956794830995,0.5443085947773912,0.4651653162288866,0.4770259668559821,0.41724584419743804,0.36170363365277364,0.9216917287700687,0.6741861513160748,0.30264982228201937,0.2542390043704572,0.38051687752913455,0.4864405520867955,0.36834323275735403,0.35840270361285326,0.06051158755020105,0.6730297015682913,0.6399780033712617,0.30089106794343407,0.25396679378163967,0.33422496980439226,0.40336803701660007,0.7260276283329414,0.15054839906840128,0.41118724924589983,0.418808717212476,0.22391047876640735,0.015293995635453717,1.0393864053424229,-0.16932135363674553,-0.23274298370946409,0.11009514333233221,0.3931393226929526,-0.1301651712731655,-0.10431229614066394,-0.051286889802648276,0.05459080087206434,0.21525631356606145,-0.06611825657535528
0.07097672496648037,0.4863182924264163,0.38807640246882635,0.21633212761293616,0.2488739321065969,0.2920455400057045,0.3166394474673751,0.2811200514501031,0.35186215720858255,0.24676362136832777,0.31739391037944714,0.2554271064478826,0.18508121385843618,0.3374996424247297,0.3336396972385334,0.2930356751449329,0.3520397278030378,0.3637033339682283,0.3235450486011555,0.3774372427501926,0.6446329680559849,0.32550848576146135,0.38701850273466193,0.32922665976177595,0.3141268837385762,0.3867041009005836,0.3016752096571373,0.36068963573682844,0.4252234708242829,0.18465917864146045,0.2933831368729129,0.2961815996276675,0.3338804178850199,0.46131254347107,0.4624389453488448,0.2501801059174324,0.4871945910364454,0.24180695127509302,0.17894149495899628,0.19707256269915913,0.4704016870731749,0.5121126861796088,0.4027677286859394,0.1019863557953916,0.3386562049958638,0.3532808577540406,0.2914725064807666,0.004037173817236766,0.39260232150112234,0.022653597335400805,-0.09947829126763337,-0.02722549631024085,0.18150515898144629,-0.07311571753895679,-0.0919334151524937,-0.038762579180165596,-0.005385178976738487,0.13384782734000839,0.003270932638086831
0.08134243664188513,0.3784838509369018,0.4810227777734857,0.24036175906792656,0.24237593720210085,0.3302015601283965,0.35972404081787296,0.24782636395462815,0.5567904297576455,0.2807556298349685,0.28810903619000433,0.2771406956068419,0.26304097957825434,0.3964054581264511,0.17144756102484285,0.4149404361770038,0.3905936031017514,0.3377890229253108,0.4335851815937588,0.36210956794830995,0.32550848576146135,0.8787391206456573,0.5170235865627051,0.34585816008604836,0.3119619594070641,0.3421521139884896,0.33312802265807373,0.33777056721449444,0.518008236812349,0.0010715942168842006,0.21127215763755028,0.36363974027265095,0.37014309595838535,0.4169983166615332,0.3203987690214084,0.16279054197921394,0.28952302620152304,0.2097205763072236,0.17778548433805755,0.1310093272789869,0.3218138816758149,0.31135586731714665,0.5442581671245805,0.11743466729994553,0.24251062483310903,0.3333821734299482,0.17082830477740946,0.0024651595583823076,0.351529295318174,0.006097464070744969,-0.03702458716320353,-0.0837421162147151,0.16751053980433908,-0.12710632006340408,-0.07518302979211768,0.04068233514821144,-0.03125970134277076,0.10884146035829466,-0.09700944963436255
0.07628934578263423,0.189053937117796,0.31862303250884133,0.31797042167855677,0.4752079288709815,0.13914244406471227,0.5644655307932614,0.28493309102618936,0.45820108049156305,0.513382103336395,0.34098101862282193,0.31659948012077005,0.21036605851324228,0.39785941782930745,0.5293145140987309,0.36059728168990823,0.4074577709297727,0.6194985401604484,0.22699719863998338,0.5443085947773912,0.38701850273466193,0.5170235865627051,2.0675624733772318,0.7610424553104215,0.6429515804544236,0.155031995643656,0.29621181196429885,0.4316924800998634,0.8774059959330056,0.41271363190766786,0.1949829827998635,0.2902724829311281,0.7574629798730047,0.6545572564198844,0.274400637065288,0.34401183429388665,0.5268792187340244,0.26487381878491295,0.39034529709310756,0.19466349085438037,0.4583479005035695,0.38578559152726655,0.5261444363309088,0.14530892948433308,0.0545350930664166,0.5691688917788146,0.5005124618207695,-0.0315882772364236,0.6891719868664854,-0.04535936798650906,-0.15964600522667977,-0.24772810416040966,0.7929256404479171,-0.19759138375703433,-0.0754144605967721,-0.0662340068617018,-0.033266013002992284,0.1670864698660756,0.04199395996164876
0.03140819166428273,0.3162421651520799,0.3245836543958642,0.2219764243727156,0.3137403213970414,0.23527966065707043,0.38455518934419836,0.2861917095707263,0.3782948876241357,0.33197094556157697,0.3016220624027862,0.2797919310462002,0.2394370445292737,0.4101132932248406,0.34532474264314106,0.3027513274982581,0.34759981399704465,0.28818063724413506,0.3236870090861717,0.4651653162288866,0.32922665976177595,0.34585816008604836,0.7610424553104215,1.1034947186984105,0.3845466622809456,0.18292179926810834,0.3792937481025979,0.3929853523509286,0.6000493981280723,0.6600003201882638,0.3683914611391341,0.3666412705327348,0.9079298377267593,0.5298639991255549,0.212982520226889,0.5376186475900397,0.6010010356465577,0.2853662282795591,0.41712728048961223,0.09252713560118031,0.35461619191721916,0.3507676543163863,0.2972910432947933,0.13324232876768086,0.08299570924329712,0.47523106756834227,0.48860384365796256,-0.04510776154802695,0.703309284437732,0.13044492497553786,-0.20318047417244098,-0.12818018371380419,0.45704022838798364,-0.24023992334233166,-0.05125492552160052,-0.17053599816780574,0.13496986281893442,-0.03823151270992234,0.1501799709567177
0.08639509158758478,0.32246182823013664,0.32939107912037646,0.2740289212692562,0.3143113124136441,0.31806506100546234,0.32201827029105745,0.3388014307693561,0.2638365269684559,0.355096449634531,0.29023153250622186,0.32341833000401227,0.1812768028521648,0.3339156253039988,0.4489325807820104,0.31585954686434625,0.4595557613122743,0.34247392602040233,0.26541122001509176,0.4770259668559821,0.3141268837385762,0.3119619594070641,0.6429515804544236,0.3845466622809456,1.0009257550518231,0.1720396629399519,0.20572265630756328,0.5322108667434743,0.6524345787408437,0.29498366290302475,0.2169450149175569,0.27502047913408423,0.3749529992365925,0.4845138305865105,0.32926456961937106,0.20646836294115928,0.441764005636039,0.2644380411307393,0.3639530558521788,0.17405836688400356,0.34509292879366354,0.3096098664697952,0.33025514129129274,0.12003542416539992,0.2116954175067248,0.4087978351704635,0.2965427498757327,-0.023330762020249696,0.6707912611793726,-0.27246894922623693,-0.0949326942541813,0.07185709306983087,0.37445321378838703,-0.09403206308071378,-0.05584386370235813,0.031060947443759725,0.05573254381905715,0.0924914060498947,-0.12081442553405435
0.06328899263215063,0.5813833469744268,0.5448004258616299,0.33227341142025096,0.3190311394090046,0.453008747647805,0.40459040379042444,0.37420817938215023,0.5070743971847175,0.2744703999600194,0.3944370383498355,0.3529413351289871,0.21751276804648445,0.4260110758519171,0.2928829276429285,0.2928170567075891,0.39162577786136854,0.44694646209374334,0.18316338973823343,0.41724584419743804,0.3867041009005836,0.3421521139884896,0.155031995643656,0.18292179926810834,0.1720396629399519,1.7181990737385537,0.4994999075317114,0.3464289939735796,-0.01895143592778469,-0.1829135296591476,0.2348624515717415,0.43716189391686355,0.16920661989076743,0.28368028037227355,0.36018404842095536,0.18065433533251593,0.08672627555681897,0.22293718394652687,-0.630981668113773,0.014708082990501789,0.5116821645667752,0.3876948836357929,0.6756802764862099,0.02524007218089444,0.1727219344500974,0.3185451846596463,0.01804955232422239,-0.011332974026862607,-0.02670986966017397,-0.1463120686167782,-0.1703563388325976,0.2508121633221884,0.036491719245806756,0.002501385159780695,-0.17627179014315947,0.05805205023999183,-0.15345797224429875,0.39809772871325816,-0.208101290497981
0.10260349357282765,0.6841618135423849,0.7065653468413331,0.19408309071527255,0.056798805013699986,0.33236622455469417,0.35501056923980406,0.3405564213817716,0.47722678042505995,0.39589184498428653,0.3408634085613217,0.2979706074088458,0.21582761013815566,0.2668388341740252,0.2934360087734398,0.2616800132341451,0.3418051688880679,0.1782249908132274,0.1995352219600801,0.36170363365277364,0.3016752096571373,0.33312802265807373,0.29621181196429885,0.3792937481025979,0.20572265630756328,0.4994999075317114,2.379095896200875,0.010627225510250391,0.23396471022528362,-0.19699207165731675,0.30658840335925297,0.30396552737513777,0.6794848060183302,0.14943911583389927,0.4460620932193555,0.5437869362847771,0.20623516862182442,0.1494423782462557,0.03302749591905125,0.04230278033955711,0.25940909256395667,0.34805560594246204,1.0301174941776174,0.2921910466412494,0.44287325527835586,0.39534544108602654,-0.08606832157359626,-0.02538692056643515,-0.22112208745410375,-0.02131142882107135,-0.1092338814414271,0.1237058407149366,0.16277849131898553,-0.13363934717413412,-0.03078722356057467,0.06273359327265451,0.11198979489554524,0.15459093775333357,-0.23680305796936998
0.010180799514077212,0.6082665009234685,0.5602758459558217,0.3801903661342483,0.38786672100945113,0.5347775086474106,0.32328502061823194,0.5499855372092901,0.47749124077831673,0.4543137438090122,0.44408614442225797,0.3239959858031126,0.26219640052212384,0.3482147428028313,0.5593406652595067,0.3978965589982033,1.153091499768573,0.5099875428707854,0.3771196007598258,0.9216917287700687,0.36068963573682844,0.33777056721449444,0.4316924800998634,0.3929853523509286,0.5322108667434743,0.3464289939735796,0.010627225510250391,5.641130187739076,-0.014771538623354475,0.19223810265493102,0.42439938022206986,0.26571358264626566,1.151193358895287,-0.170482663608658,-0.06205705914296851,-0.16766333020559987,1.5042678538913232,0.499908725790838,0.34732194305512726,-0.05698408824885279,0.7341907800870345,0.3709550345254294,0.07628581525686128,0.06341723405364087,-0.4134752947668614,0.20717393560407327,0.3258154297680913,0.14925655773945978,1.5086554943936443,-0.11379077277464676,-0.7762419307599996,1.1287080458500154,0.11701441918513152,-0.2449715272394566,0.28497878379525887,-0.05783342460638998,0.10695714207156753,-0.16920576233629672,0.5385557930619257
0.14305018288345395,0.6414786339544313,0.581328563701675,0.38579270030022433,0.44335652188126706,0.4759884004806269,0.4564102250784883,0.37983330832342577,0.45049695078999924,0.4593075306317415,0.4190463356181765,0.4214932954067309,0.31227134086042185,0.5477212119420887,0.518356131585701,0.4781655368580074,0.5327389583641581,0.49725618001498084,0.408336962541698,0.6741861513160748,0.4252234708242829,0.518008236812349,0.8774059959330056,0.6000493981280723,0.6524345787408437,-0.01895143592778469,0.23396471022528362,-0.014771538623354475,3.351680686470882,-0.11342565480166579,0.23854739336823777,0.5167730335231016,0.3459743190282255,1.073996054319717,0.31201061011215886,0.705409717409195,-0.09320289025762343,0.31988474235479386,0.6176611499283357,0.3229274207528888,0.587832698880345,0.3880107656411018,0.23412179127833038,0.031347940855674945,0.33268749859381486,0.7457500300061145,0.15666331013042314,-0.20656440692558048,0.7972992012094936,0.34152756728563416,-0.13260432504903666,-0.41012280624039543,0.22504942085508697,-0.022044810700244038,-0.3224832548083348,0.016939755874793905,-0.1355176879276637,0.3909691716647014,-0.11230175450522895
-0.01666702710631343,0.08256239168822514,-0.33167579502381733,0.0268985094719009,0.14461210359550422,-0.02556670638689457,0.12248569272771515,0.14053696940429503,-0.03905436258938184,0.1762347467772971,0.04379582627526233,0.028662305395975557,0.04558806088401799,0.10928968917190629,0.32061575573308326,0.0785646267499451,0.05336813106801504,0.0856903872034092,0.49264099508952963,0.30264982228201937,0.18465917864146045,0.0010715942168842006,0.41271363190766786,0.6600003201882638,0.29498366290302475,-0.1829135296591476,-0.19699207165731675,0.19223810265493102,-0.11342565480166579,3.6025827231621217,0.3938436139422274,-0.03925760859383404,0.4975058279480591,-0.10517072188748809,-0.03398929142268144,1.1791416837628719,0.897581385143054,0.24300745770059298,0.8173937255079269,0.054712457226455756,0.6795319626984463,0.19854773814110366,-0.18715959634906235,0.1761152366238175,-0.058477122590998826,0.3878621008690635,1.6380750773891097,-0.2513612152179564,0.7842018066224486,0.366317743109212,-0.3801562210302444,-0.5054686067835761,0.5176683138294089,-0.043402354724911565,-0.03327098599634825,-0.3683501161621554,-0.09657585591795838,0.6393736223510769,-0.15310074466040366
0.06308188020113518,0.3772878242492512,0.33738209194497215,0.2059294349882278,0.2109445498334488,0.22691809685054928,0.2652597762554085,0.23819555588151484,0.2745132886922916,0.2572353218623091,0.2602798827126307,0.23240490998616725,0.16344170242834094,0.22847836893251705,0.2774002522882061,0.21072783479657517,0.29689200995864723,0.32854787289867254,0.3193202971345814,0.2542390043704572,0.2933831368729129,0.21127215763755028,0.1949829827998635,0.3683914611391341,0.2169450149175569,0.2348624515717415,0.30658840335925297,0.42439938022206986,0.23854739336823777,0.3938436139422274,0.8707829464844722,0.22415404218314905,0.43172942729161223,0.3800145194750671,0.11083546699006941,0.6946972279456948,0.5396047207188572,0.22681980553650297,0.33619343084573655,0.05451600104628113,0.45414925542909235,0.2923434248225117,0.080633185164807,0.11424642864666451,0.11567291847378454,0.4106154320113834,0.3780661919326115,-0.08669382810874882,0.18804299042929462,0.1524601940775648,-0.14952375911569202,0.18447157388676255,-0.036113382137424814,-0.10706216506727662,0.0013146534414380745,0.018343983934725965,0.04916117949063803,0.03514875074357702,-0.08553200885263745
0.0739309988037285,0.29598348538606917,0.3615262417801308,0.2652225428611524,0.3182540048693566,0.34026878361819424,0.33679065014575404,0.27561330518851235,0.3745640922837015,0.27002225016721404,0.2701070232534717,0.30491581011234625,0.2393477508165018,0.5752102398287586,0.2154061401714275,0.37252492925812214,0.28753502485772287,0.22018336882615544,0.24855495290497973,0.38051687752913455,0.2961815996276675,0.36363974027265095,0.2902724829311281,0.3666412705327348,0.27502047913408423,0.43716189391686355,0.30396552737513777,0.26571358264626566,0.5167730335231016,-0.03925760859383404,0.22415404218314905,0.7305857773730035,0.1687184334251711,0.47754757506234063,0.2856179095183917,0.1846775489312357,0.09098140579091149,0.23937207444518807,0.09431170959331285,0.1506621932823587,0.34363559973219454,0.29007072030474035,0.396326684987613,0.07855327439036794,0.18817543841271955,0.31924548030227445,0.05473885615945269,-0.024582910123963526,0.6122023182078666,-0.06501978046207615,-0.017673184529180597,0.3344631983476696,-0.24906939667185438,-0.01468085639121404,-0.0698664874726283,-0.012506767873701244,0.35294755758775376,-0.19564739601640105,-0.08230845840798534
0.009399438747628434,0.4814030083547444,0.34922054158921595,0.20667713508806965,0.2652571517199448,0.019204526767619988,0.4859978898199765,0.21801736471001068,0.46359031924381405,0.3162644462076997,0.2916012183610006,0.28243464667916596,0.24198569927378666,0.29142879046266346,0.2949870741108024,0.2561370323320399,0.5576901345232912,0.30459543732291383,0.4037410153605735,0.4864405520867955,0.3338804178850199,0.37014309595838535,0.7574629798730047,0.9079298377267593,0.3749529992365925,0.16920661989076743,0.6794848060183302,1.151193358895287,0.3459743190282255,0.4975058279480591,0.43172942729161223,0.1687184334251711,2.3765700204488023,-0.1861420999587584,-0.2566856964072609,0.35498794796193767,1.1373494413164633,0.3051415492110849,0.3113524200236463,-0.08770223083794253,0.043012400506810475,0.36810562562918214,0.2636979833766423,0.056086463000513426,-0.19297352026477188,0.46936918176915743,0.48648209782884805,0.05186146881434647,0.8452683616789013,0.45701067129994566,-0.4620228070735948,-0.0606134388179032,0.6035730691197984,-0.4940241570477285,-0.024612681470296875,-0.0026544838507524243,-0.18156783943871066,0.14602031794485393,0.18747065281643457
0.0980864960214445,0.38254665274511457,0.47619051992119243,0.30645952115229014,0.3752840348647888,0.42993887781033385,0.3299170193423446,0.35519285471062534,0.41362755985018274,0.36703495297211536,0.3559762589737728,0.34290918716571567,0.25449779932926686,0.5433171982262134,0.4247499740770026,0.3902017700383005,0.31672098763075174,0.43258247206267336,0.2946585736536445,0.36834323275735403,0.46131254347107,0.4169983166615332,0.6545572564198844,0.5298639991255549,0.4845138305865105,0.28368028037227355,0.14943911583389927,-0.170482663608658,1.073996054319717,-0.10517072188748809,0.3800145194750671,0.47754757506234063,-0.1861420999587584,2.8191348690940563,0.3995561202850239,0.3879694249330332,0.3984751145417438,0.21319039439717125,0.44755497148546197,0.10883076960960676,0.7886033126049248,0.4378521994421289,0.3839654634443165,0.18740663851365583,0.26440850015999057,0.48040036159147326,0.3116944305759327,0.023999177314281358,1.1420042314327792,-0.39847902372983396,0.11738469774686959,-0.6365475189296593,1.0342197084742533,-0.15288503293724653,-0.20804731948376237,0.04955825005282278,-0.05183337365729058,0.19362671227157235,-0.062253388579963216
