0.7624276769451099,0.13007930645913462,0.07384231890584023,-0.023793469557528417,0.1231745716317369,0.10649014949817473,0.18317265618024914,0.11882993996328035,0.11919135171596879,0.09033638704475823,0.10139400689623429,0.12288704115493856,0.049927918145391485,0.14737687046420336,0.1108820318010421,0.12262376343070774,0.09922991338400158,0.07570659349015521,0.05365058812427982,0.11878916187969471,0.09507285267589694,0.07059282075928167,0.08223226594602391,0.09383864654444835,0.09629061866774483,0.11920858761312328,0.08831467258421347,0.06550235045722404,0.10545739168145625,0.05611876237592624,0.0859224071417872,0.12605863133122516,0.08877482779587224,0.09143557569272567,0.0630486155942363,0.049241078661072996,0.11082088436441896,0.06625208390934982,0.09123930305083756,0.02532750269535403,0.10681370456986018,0.1197723442098366,0.1175107862033846,0.0033202809725876815,0.04886328394431024,0.11462757363792887,0.061828354741125774,0.07040120389509083,0.20468877183742207,-0.009937914092383954,-0.057646123608795195,0.025963424836096427,0.026145555611228197,0.0020668980399679722,0.10141012018623329,0.005661093248475656,-0.008547316453539561,-0.021026871764108796,-0.08445802075139705
0.13007930645913462,2.094034854728404,0.6968791109798177,0.025445252091002686,0.2977283732023834,0.3476170072114699,0.10189312147585654,0.27922114537773607,0.16311783684532943,0.22221844442817965,0.22542425545308087,0.22136857118345404,0.09132441302988105,0.13075570727190672,0.24307091085099733,0.18155549396185955,0.22284551186472415,0.2579078972552489,0.004807745557716322,0.3457338746612567,0.3541219367941847,0.11688634340781572,0.1651732868187011,0.11513640446496846,0.16548297439004583,0.27058822658295956,0.15703298717377512,0.12845641726831672,0.3546533820910645,-0.20594172043948394,0.13651722034617017,0.11857538859691143,0.11286299730896952,0.33791340109674434,0.12227153879651738,0.18321134944710704,0.41894157349383593,0.20654281004902356,0.037914455019367466,0.178921957627965,0.3803561021147241,0.23262747351798682,0.13155510071670806,0.07284350372228163,0.07802979977934205,0.33246816729493517,0.01983375232000433,0.2705088646526519,0.11974560894300387,-0.2174760523610909,0.2716663232820193,0.03101642331058169,0.020996222568976708,-0.051159389557680936,-0.4159851527527107,-0.15254328354587426,-0.38762624986297917,0.2862808666606627,0.5759400830997878
0.07384231890584023,0.6968791109798177,2.342659484853568,0.3676143085436721,0.22809026282399492,0.3547262587516474,0.23287577218997024,0.3579448199776369,0.5073046036981074,0.3412790181476959,0.32593514032271453,0.3765659874896058,0.20358423508930137,0.17804778000841942,0.4116681732331624,0.246590117790095,0.429517869881878,0.3287011017661189,0.3049637741232172,0.3145433588010296,0.38715408837250515,0.3607473344917773,0.13707963787847882,0.18769038910536762,0.32683764201462223,0.37574684046498147,0.25089374304904316,0.2668762499611765,0.3554420313381385,-0.6121271183180167,0.33067655924355727,0.21788417743893973,0.2940239766363503,0.6027269394806432,0.16020022106677814,0.3370194693776227,0.4821051246691179,0.3054755883263346,0.15648565375202922,-0.21048036299277773,0.40963750030375823,0.3472368631225963,0.396394964675917,0.06627103539966049,0.5603818839814143,0.8014619233562974,-0.10274347513633288,0.10784234310510799,0.031134703029195757,0.1385251950159838,0.09519309467857087,0.25188855195774523,-0.11251456130180117,-0.23383290929377037,0.05610288575411074,0.22663894013390823,0.28295803168158523,0.10940292454578668,-0.8550779989505399
-0.023793469557528417,0.025445252091002686,0.3676143085436721,1.9753779175910267,0.5382635208327492,0.3723460759997241,0.46038899953682905,0.3683322618033837,0.2534167373199351,0.4289151971664939,0.33556769418194343,0.45493106881662243,0.22386362352502442,0.4961053734674476,0.43652511897295715,0.4098709657023412,0.3282790033547198,0.3555232695645233,0.12244174429463411,0.3632260688591651,0.2904707318598497,0.24025815368515566,0.31835379346247056,0.418705377020838,0.36872288039618073,0.4053953455377117,0.3018298521998807,0.28545417712593774,0.3518983253182977,0.09628563833771378,0.32123311973252816,0.49059854977821454,0.3231059114279639,0.4504412481046311,0.20285353459192543,0.30909121137931045,0.383080081341549,0.23576044885166728,0.27088871746693144,0.1010007705764937,0.24339054969085683,0.34898444959692215,0.2588775603601858,0.018384700066315807,0.07223966554805279,0.3953764766609387,0.28222047382637555,0.013417667914174956,0.44235671358983764,0.060144244857067146,-0.23660661580626438,0.501040721152332,-0.1368541305945014,-0.24721460954205365,-0.019169861655711624,0.043859082477519656,0.13311301799070643,0.160318464080026,-0.3751174951233804
0.1231745716317369,0.2977283732023834,0.22809026282399492,0.5382635208327492,2.0119831395506123,0.2065255165427059,0.2811264777122022,0.2865001303371861,0.19198715158791343,0.3669127189408051,0.2707242014548601,0.3318556259244663,0.15317685708661702,0.2857724965252033,0.46103765704836547,0.3294282584265625,0.13788318958225562,0.15380573579859463,0.023665142807583032,0.26724540898724886,0.15063253476553165,0.08849884243236658,0.2136470020399725,0.21662613039994597,0.11240209195887679,0.3008088066782203,0.19842037977770485,0.19072136029352452,0.23557603667254978,-0.09997397379246159,0.1467440889445568,0.2942867013065724,0.10554744941992007,0.14993182250509415,0.2075377030924599,0.149641481233098,0.19663954583074988,0.17644721413907796,0.08349742851407277,0.17468103707509278,0.18599478798095054,0.2509641568517373,0.09813766605575612,0.03228266306768428,-0.14787953812515134,0.1762795527175347,0.010652671386607656,0.23373551794932076,0.4104526499189404,-0.18544761440678076,-0.20113022557692115,0.3436159861080035,-0.05568318383811115,0.103114350944885,-0.054381478503732004,-0.06793188183403666,-0.12816567906809725,0.03523796567981823,0.36977650937839596
0.10649014949817473,0.3476170072114699,0.3547262587516474,0.3723460759997241,0.2065255165427059,1.0131254418464999,0.14220745976686597,0.46291048609918944,0.35503586002318704,0.2049263355571094,0.346835138378358,0.3298762270646196,0.17478547307199785,0.3256339857186476,0.28433920508302213,0.32216220604926205,0.3048846170008961,0.3022892629265878,0.24332400396520296,0.3829691137852134,0.3762726238756157,0.32250412845542364,0.20747924240827956,0.2690812039030359,0.31452730085625386,0.38504303075139035,0.2547470032519599,0.20410550094307986,0.354509492079938,0.052274403725627284,0.26447872998933064,0.31880906297223544,0.22891110708559262,0.3757080302028457,0.15666944273044792,0.1674558742850903,0.4021280792908195,0.2289006122827934,0.2619294686710849,0.14486098151008578,0.35064899096280516,0.3184582197850148,0.36530639161614564,0.04629155258869969,0.12435503351749684,0.37785802634837085,0.3367336757019442,0.23159075295116158,0.3601230155733829,0.03226557528783371,-0.2942485027555338,0.23848933159347835,-0.03689225789804321,-0.055433988638618745,-0.10554935470223653,0.01803712700124854,0.08624523922931786,0.22589294442375668,-0.27412208877535704
0.18317265618024914,0.10189312147585654,0.23287577218997024,0.46038899953682905,0.2811264777122022,0.14220745976686597,0.594623415690911,0.1602244351633385,0.2582055707864652,0.2224199930164078,0.2515502074258846,0.3531874023625557,0.13279356595898784,0.15957468845318834,0.2048503779846802,0.22022337290158328,0.21035643935357715,0.18006597606942712,0.10171728363947681,0.16612952844637519,0.22282929911363156,0.20507839513844178,0.10136252328448495,0.1465524520057603,0.16663523179583514,0.28182446630717684,0.1811673845065886,0.1286071510444111,0.18738706282723733,-0.01076982772635431,0.1840439319998486,0.1944000349774023,0.14289672099761816,0.21102448117846445,0.08344665726839585,0.17777704464052027,0.1354149140267912,0.11353256015673437,0.16302415810292384,0.011307557902385983,0.10948135616128683,0.19503178437136365,0.09916015546627996,0.002263108649420308,0.001124498805951515,0.19063178349829074,0.026132731085134774,-0.029426443172696642,0.36145445918072455,0.0049494263658565575,-0.1698521569489515,0.20986268359946392,-0.07619391971140183,-0.10167814919351993,0.02501793506447781,0.12035706873933964,-0.01740292167842584,0.07831167485115831,-0.3035959969926421
0.11882993996328035,0.27922114537773607,0.3579448199776369,0.3683322618033837,0.2865001303371861,0.46291048609918944,0.1602244351633385,0.918277404646176,0.1356429734836748,0.2922983034283176,0.329036532557727,0.23120642603218014,0.16924881411074455,0.29942400840407984,0.27513777094251324,0.2822713147812012,0.31666685645813925,0.30047189541857117,0.2236263349255898,0.35258098121564746,0.23962632326229147,0.26008987458897065,0.18754103275809494,0.22935372213431834,0.27030519128573777,0.3594387844445786,0.2251049463285243,0.16013638460953813,0.2808957406681652,0.07708343798671355,0.2554963120093219,0.25476687589633384,0.22307554997443788,0.32169055353045556,0.13489176944803857,0.20921247088585396,0.3945233728200158,0.20922721865277175,0.31087323809388767,0.13546188750178317,0.2660105496999834,0.2924505673416083,0.24017439191516599,0.043354906482173536,0.09540664522341484,0.33385617332565365,0.3127455734036995,0.11318506106944516,0.31951202487921876,0.0926690240567458,-0.12994215985556404,0.14674352436489316,0.03032488606146121,-0.195023059967213,-0.18037020523860336,0.03605162257939753,0.05521171778809791,0.33394329129546046,-0.3288645466089299
0.11919135171596879,0.16311783684532943,0.5073046036981074,0.2534167373199351,0.19198715158791343,0.35503586002318704,0.2582055707864652,0.1356429734836748,0.8308711954825568,0.08194506953899157,0.22224584846857018,0.22812269271330718,0.11036469764479061,0.19180791943920558,0.1686396504927432,0.20268576843865552,0.2510277770047954,0.1780940367899562,0.1883922905345292,0.1810164101389541,0.3344467434529935,0.18949527170009625,0.07974548708560868,0.1520116495118726,0.1684434085397621,0.3592551812731627,0.16721059978767933,0.2089197940279346,0.18400920425751713,-0.11138752090799468,0.215428643038226,0.21446007868336547,0.18474618936701592,0.31561715915884836,0.17584161144749744,0.1643211579188237,0.19288147321769064,0.13719590814751875,0.17120096246566233,-0.006830540854334233,0.23143318220576292,0.21997882268634492,0.16216021879382994,0.0052580492914728,0.07441853990731356,0.2184909570816287,0.050440362949152905,0.04053316352354275,0.36521394787366385,0.05972204629664607,-0.10948581982447,0.23917964542115733,-0.0745897101265139,-0.10770148222723068,0.11205202978095685,0.22180893337510485,0.009687058410633432,-0.17260835987846193,-0.20609614559528716
0.09033638704475823,0.22221844442817965,0.3412790181476959,0.4289151971664939,0.3669127189408051,0.2049263355571094,0.2224199930164078,0.2922983034283176,0.08194506953899157,0.7137426810115965,0.24995861489488652,0.2562646002687585,0.160045507640105,0.22096821400063876,0.3799090546747238,0.2161377559821626,0.2312005063101835,0.24467548145232698,0.15883195347708381,0.2081960253571585,0.15521202070799864,0.20865300677134405,0.24384774810480375,0.21158629743152305,0.2569344151560654,0.2168685206982693,0.18307930043331955,0.1998865314337375,0.3148582715040077,0.022923557592280843,0.18827571180700456,0.22821274417729762,0.16060215387106946,0.3226035357796846,0.2310263905338516,0.1739509839004813,0.2719827942467805,0.13271572848331176,0.1877629574181573,0.07673265452418533,0.22768432008656184,0.2299352896257615,0.16685693508896662,0.029819760733900347,0.057720843722626994,0.28519199539988105,0.15400157123782476,0.15910012232124957,0.1403326107362671,0.028583848812417628,-0.05818741340471986,0.04766628397337718,-0.02153932048238611,-0.029682275774786056,0.07363112776851297,0.04829503593374436,-0.02050929874023509,-0.18807172577397188,0.1093919510286589
0.10139400689623429,0.22542425545308087,0.32593514032271453,0.33556769418194343,0.2707242014548601,0.346835138378358,0.2515502074258846,0.329036532557727,0.22224584846857018,0.24995861489488652,0.5733414242144583,0.32751007350821026,0.18447369698303073,0.2048643846306568,0.289067098206371,0.2578035092486244,0.3284258252208381,0.25399365787804357,0.09476942692824969,0.34160467157100355,0.2713043717580906,0.21496752780657685,0.18164978559405892,0.1897008650816649,0.20874473256999607,0.3392865564900402,0.2344521201795326,0.20115696931579607,0.2893634609492737,-0.03578181861733801,0.2315910248876255,0.2084005757865916,0.16922240136145242,0.25516460784578554,0.23191192821634266,0.18532800950955916,0.2674925170922628,0.1915875208251176,0.23963381962823732,0.16626174227130397,0.2641315345220021,0.28114044337023275,0.21712705650242167,0.02823795918894048,0.14772026467534624,0.328391314964641,0.15453615837375,0.16097218610520866,0.3103846943327063,0.03934960037509352,-0.0697058724014632,0.09979533007043595,0.02035382849348529,-0.06742595601681417,-0.11931068332417039,0.0239615472279072,0.05762971409766082,0.18382008507972988,-0.2813894985303241
0.12288704115493856,0.22136857118345404,0.3765659874896058,0.45493106881662243,0.3318556259244663,0.3298762270646196,0.3531874023625557,0.23120642603218014,0.22812269271330718,0.2562646002687585,0.32751007350821026,0.6670012198482417,0.16037904274996181,0.23150924856111563,0.320282651413955,0.3093616257826367,0.27365822669838114,0.21036462603011943,0.13196770680477046,0.26355941186911247,0.24765514390507404,0.18858446629499456,0.11304728765440386,0.16024510302680833,0.2168937408942188,0.36305506300572543,0.27412568245418717,0.10773574051581679,0.22158638250778923,-0.08573684908943233,0.21955377889587224,0.2539249615606313,0.15657937794463297,0.29704753164768044,0.06127609013847145,0.1808934306292907,0.15494573496932804,0.1626841898825541,0.1719098813291227,0.05005868990355805,0.1804370128008802,0.26090872265792525,0.22505600917359977,0.024303717837462834,0.09339057733074896,0.2443874355308193,0.06714197652842577,0.11189096370007665,0.39270169800247384,-0.11188385327388764,-0.08740294394463717,0.17540946713174851,-0.015855108566774467,-0.03168367443903928,-0.10578007771443078,0.08545320121109957,3.7301313574108466e-5,0.15418044403134612,-0.3231698837876802
0.049927918145391485,0.09132441302988105,0.20358423508930137,0.22386362352502442,0.15317685708661702,0.17478547307199785,0.13279356595898784,0.16924881411074455,0.11036469764479061,0.160045507640105,0.18447369698303073,0.16037904274996181,0.4165601106131727,0.13299350120129716,0.09093053126632585,0.15440897591723052,0.18426428216782284,0.18148014341588445,0.17742598483004907,0.12161735735715865,0.17246087201507254,0.30740194788147124,0.14296342140776594,0.15957169803939933,0.16756650117833277,0.17021651589139605,0.16515876074309238,0.16270031457669984,0.27810438843936897,0.05731535811423193,0.14403046204104852,0.14518554455153798,0.13854949843250744,0.16965224593420217,0.18691689504548784,0.1196513963365294,0.16997502707771986,0.08350915243454161,0.16292065487457164,0.10799469318886451,0.1851429299974952,0.15833669647752163,0.21383826363539987,0.04377489011152999,0.0955497021927381,0.2877980515982298,0.13489071950834772,0.11720257727965377,0.1928279675579774,0.11652283957068384,-0.04152315575679586,-0.05929936394625614,-0.028590683141269915,-0.022336634800970926,-0.030926768685610142,-0.03103190660840971,0.14368351456779913,0.0757031797402342,-0.20235842554011824
0.14737687046420336,0.13075570727190672,0.17804778000841942,0.4961053734674476,0.2857724965252033,0.3256339857186476,0.15957468845318834,0.29942400840407984,0.19180791943920558,0.22096821400063876,0.2048643846306568,0.23150924856111563,0.13299350120129716,0.5862259621964457,0.3194249539814188,0.37504126504603014,0.24977697261894313,0.17628325424616564,0.16489032464682876,0.35034622283761996,0.1736221721600115,0.11792664697299801,0.22290357497776883,0.34945527941358523,0.3272113708229448,0.256734776690843,0.2306245019164868,0.2248514293872016,0.3079294587124078,0.19785342039151096,0.2342398907107049,0.48157808052727147,0.24930871208521466,0.25803784417936215,0.21564459380089343,0.19371067602136802,0.4027479554958661,0.20333042984045013,0.19840226454187948,0.14534822138666123,0.307365133450556,0.3223322032769993,0.2694879401519261,0.03611166749175422,0.08250652539975202,0.3060245498455842,0.24918030372551792,0.18184101424800292,0.417121534250771,0.022997433810783313,-0.14279152832427006,0.1224828314199841,0.026071280110665004,-0.04002343849490151,-0.019174148101513633,-0.04413163198141084,0.05552105793533914,0.03576099904846735,0.023718793325898047
0.1108820318010421,0.24307091085099733,0.4116681732331624,0.43652511897295715,0.46103765704836547,0.28433920508302213,0.2048503779846802,0.27513777094251324,0.1686396504927432,0.3799090546747238,0.289067098206371,0.320282651413955,0.09093053126632585,0.3194249539814188,1.164852757255415,0.27259220519496785,0.20650941985248963,0.29028573602196683,0.17093893885286937,0.35336273934467743,0.278490220224752,0.03903681236940412,0.16025351858596446,0.2387376618012347,0.36679558294226977,0.2922868540864855,0.23342746810838705,0.26290679563790326,0.3313646511974261,0.10773178229183752,0.265308962616075,0.31617935724967244,0.1965569928627296,0.33779753912179705,0.27570107005696765,0.26370695551395307,0.3423961356843679,0.17476637317206942,0.1843357199277763,0.08396123947249089,0.3402769838411069,0.2772618725906179,0.17532036083511396,0.02113364917879065,0.08278375035276701,0.34629364240447064,0.19036922928785108,0.1383412105470193,0.15911206621825727,-0.06491048138784243,-0.14006516588824558,0.23939926671607228,-0.042847864421323885,-0.0019522098169105788,0.09495182006262369,0.12462337628346487,-0.0738510340027685,-0.08259370059539721,0.0027046973444858893
0.12262376343070774,0.18155549396185955,0.246590117790095,0.4098709657023412,0.3294282584265625,0.32216220604926205,0.22022337290158328,0.2822713147812012,0.20268576843865552,0.2161377559821626,0.2578035092486244,0.3093616257826367,0.15440897591723052,0.37504126504603014,0.27259220519496785,0.7513123019659814,0.30579978642752803,0.19423425563410543,0.18591556022781278,0.3170646456111967,0.22883841798623195,0.167446444460386,0.16069901768949804,0.2558909846298682,0.30221508018178334,0.27188285221607866,0.29427872616629697,0.24270854607606726,0.37823142579798474,0.08170058346993829,0.22440688389608002,0.332215419227946,0.15351009845528243,0.25018870143218663,0.33629427417941654,0.1728567405869013,0.31960106115514914,0.17026696147963802,0.211576477794348,0.1871623767090001,0.2838753607633141,0.3843662352836471,0.31695702888390753,0.02960380177042679,0.1296475919169442,0.27991506691578333,0.19641152938335832,0.18463219844353193,0.3911893095832402,-0.13522423342874082,-0.22562044516601823,0.20541503007640038,0.0381754709502213,0.003361208557559537,-0.009722344218143483,-0.01495203069753132,0.011979236599296698,0.08873594246770358,-0.053469312472587176
0.09922991338400158,0.22284551186472415,0.429517869881878,0.3282790033547198,0.13788318958225562,0.3048846170008961,0.21035643935357715,0.31666685645813925,0.2510277770047954,0.2312005063101835,0.3284258252208381,0.27365822669838114,0.18426428216782284,0.24977697261894313,0.20650941985248963,0.30579978642752803,0.8263175736780037,0.15925434889913048,0.18369036735521121,0.5179266666106549,0.2430728436690279,0.24177281411965149,0.17645651739124577,0.2769430874623438,0.3062001064652982,0.3248530734977706,0.2761376280908029,0.4499415091584167,0.27902562182618407,0.014842940971993887,0.3030504321170313,0.2604765525174464,0.396998139880511,0.30956218237901956,0.3296545302484193,0.16066360327922416,0.6035937101171102,0.2954423608216915,0.28964803146687085,0.14988419995395644,0.37740289078780065,0.4949304999348884,0.37336120225173636,0.03328042636814437,0.37642402143956033,0.422982067561216,0.16930875949205748,0.28387678063081756,0.4013504966786929,0.390675853783109,-0.06953660261621386,0.06545539741683017,-0.19400983971308444,-0.11579978019376938,-0.1978089146554793,0.049482799711620035,0.0051960925868713755,0.11088380703375657,-0.28844831637561946
0.07570659349015521,0.2579078972552489,0.3287011017661189,0.3555232695645233,0.15380573579859463,0.3022892629265878,0.18006597606942712,0.30047189541857117,0.1780940367899562,0.24467548145232698,0.25399365787804357,0.21036462603011943,0.18148014341588445,0.17628325424616564,0.29028573602196683,0.19423425563410543,0.15925434889913048,0.9991012764221803,0.2415707631754396,0.04037464910680476,0.42787934213358986,0.28393129519800087,0.4808660251723716,0.18096526053697387,0.3571415542217288,0.2875338846266527,0.15878641398396565,0.2667368768218266,0.3563585677644255,0.008898991151161948,0.34391130714694385,0.18310756393882777,0.22321001806952695,0.2623125586430253,0.24404094502143583,0.3977218851645397,0.4243474899393062,0.05731456111412262,0.2091921022894642,0.22155547465141354,0.4259517842862752,0.17695246239585288,0.054457866959533086,0.0030759368757496868,0.04469195359015829,0.5319862106006861,0.4969580458536082,0.09388890171062783,-0.12843770208498967,0.2940678303211636,0.31428344184692003,-0.33464849370873473,-0.14102573056306741,-0.14797566813388227,0.03244164665201861,0.07150120573094212,0.17883620995960092,0.16675963215583828,-0.38658048244537874
0.05365058812427982,0.004807745557716322,0.3049637741232172,0.12244174429463411,0.023665142807583032,0.24332400396520296,0.10171728363947681,0.2236263349255898,0.1883922905345292,0.15883195347708381,0.09476942692824969,0.13196770680477046,0.17742598483004907,0.16489032464682876,0.17093893885286937,0.18591556022781278,0.18369036735521121,0.2415707631754396,0.9467242409522916,-0.002664496083021923,0.2696688398064271,0.29765272116378383,-0.06176671287647937,0.16293320001890121,0.2666116122875249,0.027656403936290014,0.11150482258412556,0.2010198189680825,0.18457164479554483,0.23924413816337534,0.2619531004026075,0.16889657378578563,0.3054580651497149,0.12766880230343872,0.09497909976537755,0.19358249300203245,0.42691700429799684,0.09117442783014093,0.30012083614299917,-0.0013024379663778107,0.3141772350563138,0.13155389086861546,0.16650415753653772,0.029355242866726482,0.2581574347093008,0.35481593352982277,0.22932998389056472,0.17175742374395847,-0.21183234021411293,0.4146670080545778,-0.08947965074655986,-0.19278755019386848,-0.04800906923084433,-0.11472554384276429,0.07211196469391257,0.07851204067107584,0.11023431254966438,-0.035784996947484,-0.2515437235222861
0.11878916187969471,0.3457338746612567,0.3145433588010296,0.3632260688591651,0.26724540898724886,0.3829691137852134,0.16612952844637519,0.35258098121564746,0.1810164101389541,0.2081960253571585,0.34160467157100355,0.26355941186911247,0.12161735735715865,0.35034622283761996,0.35336273934467743,0.3170646456111967,0.5179266666106549,0.04037464910680476,-0.002664496083021923,1.1861985794604775,0.019116245949307168,0.03028957012390992,0.21810742906542732,0.44203448628538533,0.3282759099780445,0.3460975355237311,0.3789804240799099,0.38471788915985144,0.3099658252828784,0.25160250269449025,0.33692336636625353,0.3774087632823212,0.44901073111645645,0.4197379087711991,0.28365886127487056,0.1251861861925627,0.9183707238191401,0.5442900336228989,0.3147194202150385,0.25299220828423485,0.3902543361409135,0.5988350182792681,0.5139450728434953,0.04801822754428578,0.24718604073946843,0.4946763061567785,0.17780749904782767,0.5900774787851144,0.9279745645069115,0.040452529985533274,-0.29372245275115566,0.33261700848549997,0.011484088185928543,-0.07843391889759238,-0.059933845179991584,-0.1086693566995038,-0.0010582399245205943,-0.001052095717262076,0.17942789948156265
0.09507285267589694,0.3541219367941847,0.38715408837250515,0.2904707318598497,0.15063253476553165,0.3762726238756157,0.22282929911363156,0.23962632326229147,0.3344467434529935,0.15521202070799864,0.2713043717580906,0.24765514390507404,0.17246087201507254,0.1736221721600115,0.278490220224752,0.22883841798623195,0.2430728436690279,0.42787934213358986,0.2696688398064271,0.019116245949307168,1.0007928073551184,0.24597303368321258,0.16482921653472546,0.036239333927867885,0.22501425893219362,0.30760806029129395,0.1297374815218254,0.22703897777015206,0.32017310933714443,-0.11142847484492446,0.2450420486327031,0.13531783939299807,0.04764103893162841,0.20460230375268373,0.3500560556770114,0.3151262266571214,0.11279129595210478,0.07032217048009151,0.198272955829719,0.22196366150451374,0.551665235384434,0.18249863927114268,0.013745484234742736,0.028356548969331145,0.06307612746398315,0.3853411195528738,0.1874361250772972,0.011992423014805065,0.07444221268107583,0.0879226575642401,0.05887211797625,0.0021682013647115516,-0.057872593447131616,-0.07570183919327789,-0.07209270548488739,0.09975183476992108,0.003924663788380564,0.1473299192562326,-0.26092818934945616
0.07059282075928167,0.11688634340781572,0.3607473344917773,0.24025815368515566,0.08849884243236658,0.32250412845542364,0.20507839513844178,0.26008987458897065,0.18949527170009625,0.20865300677134405,0.21496752780657685,0.18858446629499456,0.30740194788147124,0.11792664697299801,0.03903681236940412,0.167446444460386,0.24177281411965149,0.28393129519800087,0.29765272116378383,0.03028957012390992,0.24597303368321258,1.7421764079326845,0.3090581314639727,0.1332572823437785,0.0748021341044839,0.24341136552205614,0.19730306724098903,0.13056569100260784,0.3072524202250442,-0.10690279696583137,0.13290548251770287,0.18305080210837996,0.19145629457739857,0.4357229682912302,0.11321262297390859,-0.15238443302790086,0.13745833217817566,0.08716786577350964,0.25659897534373743,0.01217905362266248,0.10973270089161376,0.1653767768995162,0.7632809874831059,0.08518469952839833,0.2465432012760754,0.27595512706400677,0.11632652796813442,0.3517520723586754,0.21258261328110659,-0.014990729865395742,-0.060997678368677706,-0.0700715519794105,-0.06455495235333057,-0.12084848223987459,-0.06272536416346083,0.05792120586620304,0.08275816025256735,0.14733259457673673,-0.3981674448547938
0.08223226594602391,0.1651732868187011,0.13707963787847882,0.31835379346247056,0.2136470020399725,0.20747924240827956,0.10136252328448495,0.18754103275809494,0.07974548708560868,0.24384774810480375,0.18164978559405892,0.11304728765440386,0.14296342140776594,0.22290357497776883,0.16025351858596446,0.16069901768949804,0.17645651739124577,0.4808660251723716,-0.06176671287647937,0.21810742906542732,0.16482921653472546,0.3090581314639727,1.5688150359797426,0.5226509369561886,0.3618033433935603,0.06569938738236988,0.11941670431990586,0.3178487363660717,0.35139001117480295,0.19953147916704475,0.13354803958259456,0.18820316051183447,0.5995683191832162,0.5245215260845774,0.15967902197029685,0.03666539447568764,0.7161216829473558,0.08101220806519177,0.38598439755072445,0.2706752329989143,0.31754101840961263,0.2579736755736922,0.2729970663949937,0.06282377068814513,-0.10969702580901161,0.5290978014493856,0.39671235803956345,0.7234896098740217,0.45892056650630936,0.2636113749821445,-0.12380768362902896,-0.041905226092938966,0.0964375029533113,-0.10944830950420549,0.045483741932326856,-0.1449557143965945,-0.025806139137159838,0.022389918191989752,0.29472192163637834
0.09383864654444835,0.11513640446496846,0.18769038910536762,0.418705377020838,0.21662613039994597,0.2690812039030359,0.1465524520057603,0.22935372213431834,0.1520116495118726,0.21158629743152305,0.1897008650816649,0.16024510302680833,0.15957169803939933,0.34945527941358523,0.2387376618012347,0.2558909846298682,0.2769430874623438,0.18096526053697387,0.16293320001890121,0.44203448628538533,0.036239333927867885,0.1332572823437785,0.5226509369561886,0.9214825779180663,0.27821669803730176,0.11485459426438603,0.21595895169726578,0.3700516556153312,0.2729070694224268,0.5361980297808281,0.3186322348369368,0.419661349374411,0.6936301667448116,0.3751566737292157,0.13289221099574025,0.3486048513095113,0.7114732585708416,0.27040059797381516,0.30863630371147616,0.1318390657570417,0.380524180480719,0.3449034411969516,0.2550526014779711,0.043567229969469684,0.04698859691953947,0.45536362199906893,0.38998465649272507,0.14627509062012653,0.5801766421697764,0.19141232077888007,-0.296271620284612,0.1749058927895718,0.06585020790228746,-0.1249372143016471,0.07010304891060638,-0.19086876001850006,0.1035743563983947,-0.06396716583777469,0.20308042322687087
0.09629061866774483,0.16548297439004583,0.32683764201462223,0.36872288039618073,0.11240209195887679,0.31452730085625386,0.16663523179583514,0.27030519128573777,0.1684434085397621,0.2569344151560654,0.20874473256999607,0.2168937408942188,0.16756650117833277,0.3272113708229448,0.36679558294226977,0.30221508018178334,0.3062001064652982,0.3571415542217288,0.2666116122875249,0.3282759099780445,0.22501425893219362,0.0748021341044839,0.3618033433935603,0.27821669803730176,1.4747720885433808,0.1729794010112015,0.2454604939099663,0.23084990299564168,0.8518995279485313,0.2827817940220715,0.31637356921498483,0.3357492263823762,0.18456536970123558,0.5318972518851767,0.37618810721217766,0.33303633487759066,0.3537712213513857,0.21135565421972316,0.31359641992574044,0.12159254544007637,0.3034121248836559,0.30507919286491125,0.2406322299330472,0.07347799004545892,0.3863501167513892,0.5338932929456474,0.39118463124298003,-0.11740363425807734,-0.3488408260599284,-0.14824291422321562,0.02754913771617454,0.025148160152478498,0.10670399904340439,-0.04570665890506715,-0.016427698261025372,0.22194621944522752,0.07910777825305451,0.13348063509360872,-0.4676736867275389
0.11920858761312328,0.27058822658295956,0.37574684046498147,0.4053953455377117,0.3008088066782203,0.38504303075139035,0.28182446630717684,0.3594387844445786,0.3592551812731627,0.2168685206982693,0.3392865564900402,0.36305506300572543,0.17021651589139605,0.256734776690843,0.2922868540864855,0.27188285221607866,0.3248530734977706,0.2875338846266527,0.027656403936290014,0.3460975355237311,0.30760806029129395,0.24341136552205614,0.06569938738236988,0.11485459426438603,0.1729794010112015,1.2499720748955545,0.23215018826807926,0.23217651814265775,0.07320818501790458,-0.14821228559826122,0.2202872472500634,0.26188260819666626,0.14947018632718587,0.37571433076112953,0.17162372841470486,-0.004425389849734173,0.2381037397311483,0.21374731090435786,-0.23382772760092055,0.04364173942383597,0.15593354331284173,0.36243860513875303,0.3642586955667283,-0.02991483580538935,-0.05709275426635798,0.24273859195500558,0.082588031302019,0.3506593782456219,0.7338145219114284,0.04935683806244681,-0.10640708333455329,0.20834165897459497,-0.25462588037242334,-0.050188256468193505,-0.07634713960947846,0.06559319666369232,0.02971579290846907,0.17918573401131047,-0.2852078129891644
0.08831467258421347,0.15703298717377512,0.25089374304904316,0.3018298521998807,0.19842037977770485,0.2547470032519599,0.1811673845065886,0.2251049463285243,0.16721059978767933,0.18307930043331955,0.2344521201795326,0.27412568245418717,0.16515876074309238,0.2306245019164868,0.23342746810838705,0.29427872616629697,0.2761376280908029,0.15878641398396565,0.11150482258412556,0.3789804240799099,0.1297374815218254,0.19730306724098903,0.11941670431990586,0.21595895169726578,0.2454604939099663,0.23215018826807926,0.5199049187468766,0.2250792124480443,0.25788437685024745,0.0692903252792135,0.23565380650645176,0.30631147271162706,0.22720743317303957,0.25679748418091347,0.1896655524085775,0.2219250395937929,0.3206469187199586,0.20359176800988116,0.18379765377483565,0.10828250367959669,0.19608796530561004,0.2988813306152034,0.4072239330724295,0.04283823759099231,0.1457199148049431,0.24630336701650843,0.1264159859977082,0.13354132991674567,0.4433335719637363,-0.03548496410002152,-0.17558560428107975,0.21013697243529963,-0.03424347195058539,-0.024078427014176014,-0.013997970913740759,0.00859745697523491,0.055610885979640735,0.028281430938900575,-0.09891419252382494
0.06550235045722404,0.12845641726831672,0.2668762499611765,0.28545417712593774,0.19072136029352452,0.20410550094307986,0.1286071510444111,0.16013638460953813,0.2089197940279346,0.1998865314337375,0.20115696931579607,0.10773574051581679,0.16270031457669984,0.2248514293872016,0.26290679563790326,0.24270854607606726,0.4499415091584167,0.2667368768218266,0.2010198189680825,0.38471788915985144,0.22703897777015206,0.13056569100260784,0.3178487363660717,0.3700516556153312,0.23084990299564168,0.23217651814265775,0.2250792124480443,1.1984257185987153,0.10061711279041338,0.14467447097551514,0.32996821459540365,0.22735350405337534,0.652925382586873,0.19381982688979177,0.9848098531798856,0.15070894367024198,0.927564271671926,0.24384879420947309,0.1815435284938447,0.33480510554835313,0.4242685189511311,0.28933488672385876,0.3625668816711777,0.036469482773513986,0.3239251045386478,0.42174372345123096,0.27029584879535345,0.4231786546672072,0.19527597920839887,0.5604511273090512,-0.3257804099764721,0.6424877949479797,-0.6588938647334212,-0.06375050947954504,0.335214346405853,-0.10391229628152265,0.0995985408848239,-0.31208181274728625,0.37247790465512154
0.10545739168145625,0.3546533820910645,0.3554420313381385,0.3518983253182977,0.23557603667254978,0.354509492079938,0.18738706282723733,0.2808957406681652,0.18400920425751713,0.3148582715040077,0.2893634609492737,0.22158638250778923,0.27810438843936897,0.3079294587124078,0.3313646511974261,0.37823142579798474,0.27902562182618407,0.3563585677644255,0.18457164479554483,0.3099658252828784,0.32017310933714443,0.3072524202250442,0.35139001117480295,0.2729070694224268,0.8518995279485313,0.07320818501790458,0.25788437685024745,0.10061711279041338,2.1743134096047667,-0.009335215828726262,0.09432136474118198,0.3985109676567865,-0.0707494783110828,0.5317205733301646,0.34883336587152053,0.2648203730584268,-0.24785239254386587,0.08937451358891484,0.39238799343240005,0.22408530673335955,0.37252272542249126,0.2884983055839145,0.2240715907655199,0.022899136204985633,0.17092248174001187,0.47006451376431735,0.2203519665026985,-0.11659219618898851,0.5475368085013043,-0.09823287132130927,-0.1749262308240333,0.02901412547381253,0.002070889899674551,0.10819552200279232,-0.1407720114460787,0.08192705395506808,-0.10974270826896365,0.23878980072595424,-0.16302226804574174
0.05611876237592624,-0.20594172043948394,-0.6121271183180167,0.09628563833771378,-0.09997397379246159,0.052274403725627284,-0.01076982772635431,0.07708343798671355,-0.11138752090799468,0.022923557592280843,-0.03578181861733801,-0.08573684908943233,0.05731535811423193,0.19785342039151096,0.10773178229183752,0.08170058346993829,0.014842940971993887,0.008898991151161948,0.23924413816337534,0.25160250269449025,-0.11142847484492446,-0.10690279696583137,0.19953147916704475,0.5361980297808281,0.2827817940220715,-0.14821228559826122,0.0692903252792135,0.14467447097551514,-0.009335215828726262,2.5759598202758207,0.33324048919616184,0.1876390827538398,0.4760054125310846,-0.21109026108128207,0.06830778483309803,0.5331646219797715,0.7470970292617037,0.1630152319646778,0.4643413768908336,0.03061258534320368,0.38103846721956325,0.06139923790559738,0.0222384258803924,0.10550876424578176,0.09838895942482381,0.29560555536026983,1.1627342309812847,-0.36536979375241213,-0.46049719918024107,0.15186175987262002,-0.4090938733682232,-0.39829825842168404,0.36014259969082335,0.007915754489385326,0.20775586787636396,-0.3477762914009394,0.07692747565437938,-0.1158595571069988,0.1919774465576654
0.0859224071417872,0.13651722034617017,0.33067655924355727,0.32123311973252816,0.1467440889445568,0.26447872998933064,0.1840439319998486,0.2554963120093219,0.215428643038226,0.18827571180700456,0.2315910248876255,0.21955377889587224,0.14403046204104852,0.2342398907107049,0.265308962616075,0.22440688389608002,0.3030504321170313,0.34391130714694385,0.2619531004026075,0.33692336636625353,0.2450420486327031,0.13290548251770287,0.13354803958259456,0.3186322348369368,0.31637356921498483,0.2202872472500634,0.23565380650645176,0.32996821459540365,0.09432136474118198,0.33324048919616184,0.8819119663919879,0.28308737744860574,0.3633544458870862,0.14326665485358295,0.27208341751559684,0.7093290166467681,0.7501406213011015,0.2884975237173478,0.2960589988049842,0.15018347978474234,0.5452823542457889,0.3081341389283294,0.04015737394053344,0.03803227624962908,0.23439678610800196,0.5999736257583717,0.3830951491480607,-0.0808480610131236,-0.2024433345210379,0.29385975644415857,-0.11160968272102652,-0.020865964881549296,-0.013422258256603347,-0.14982250607647438,0.04680854913730896,0.09316608188019179,0.19703353587805858,-0.0006640247582874649,-0.3313868191589518
0.12605863133122516,0.11857538859691143,0.21788417743893973,0.49059854977821454,0.2942867013065724,0.31880906297223544,0.1944000349774023,0.25476687589633384,0.21446007868336547,0.22821274417729762,0.2084005757865916,0.2539249615606313,0.14518554455153798,0.48157808052727147,0.31617935724967244,0.332215419227946,0.2604765525174464,0.18310756393882777,0.16889657378578563,0.3774087632823212,0.13531783939299807,0.18305080210837996,0.18820316051183447,0.419661349374411,0.3357492263823762,0.26188260819666626,0.30631147271162706,0.22735350405337534,0.3985109676567865,0.1876390827538398,0.28308737744860574,0.981724905396216,0.22262670620466835,0.28231639177164,0.11982857010113449,0.29207700976951684,0.3094411749542936,0.23575855937521323,0.20304328488670023,0.0781732537389473,0.2325834131553616,0.353734197098383,0.26305587102535666,0.02768436044377223,0.11757525946830535,0.2988517540999273,0.2173530825846816,0.08425076458904776,0.2736553519174309,0.028212958585263487,-0.16243320690757113,0.3619696541363663,-0.2155708123718909,-0.046410292670833714,-0.019231572950315863,0.04477436818000865,0.07459763032183529,0.0214661776912608,-0.10837878100348451
0.08877482779587224,0.11286299730896952,0.2940239766363503,0.3231059114279639,0.10554744941992007,0.22891110708559262,0.14289672099761816,0.22307554997443788,0.18474618936701592,0.16060215387106946,0.16922240136145242,0.15657937794463297,0.13854949843250744,0.24930871208521466,0.1965569928627296,0.15351009845528243,0.396998139880511,0.22321001806952695,0.3054580651497149,0.44901073111645645,0.04764103893162841,0.19145629457739857,0.5995683191832162,0.6936301667448116,0.18456536970123558,0.14947018632718587,0.22720743317303957,0.652925382586873,-0.0707494783110828,0.4760054125310846,0.3633544458870862,0.22262670620466835,2.031491935841617,0.2953251770045011,-0.5665067720950518,0.03913116224899028,1.132945058155064,0.3233375811374012,0.25527097749995,-0.13736975004793822,0.4412453826609139,0.4159815394210865,0.539366363550436,0.00887180394986316,0.012048718298606856,0.4439170348953017,0.37747545691697176,0.19308064506344294,0.8399879847066353,0.7236716836607523,-0.34136397388143846,0.18327381599075837,-0.05423698870508241,-0.32133236347085053,0.16758786860688765,-0.17581443191392715,0.014597671217579117,-0.11557386264318933,0.28715075319454725
0.09143557569272567,0.33791340109674434,0.6027269394806432,0.4504412481046311,0.14993182250509415,0.3757080302028457,0.21102448117846445,0.32169055353045556,0.31561715915884836,0.3226035357796846,0.25516460784578554,0.29704753164768044,0.16965224593420217,0.25803784417936215,0.33779753912179705,0.25018870143218663,0.30956218237901956,0.2623125586430253,0.12766880230343872,0.4197379087711991,0.20460230375268373,0.4357229682912302,0.5245215260845774,0.3751566737292157,0.5318972518851767,0.37571433076112953,0.25679748418091347,0.19381982688979177,0.5317205733301646,-0.21109026108128207,0.14326665485358295,0.28231639177164,0.2953251770045011,2.417870325936665,0.2550169697629965,-0.20295365974814522,0.34898405313320613,0.2290484282830607,0.25772353287727967,-0.09877178646195253,0.1607899146982546,0.2887207927995468,0.7490200534725272,0.1403899786569125,0.5618488550250673,0.29346006916611583,0.19131668777879335,0.6354134018512075,0.3649707060296665,-0.47972021838425793,0.10381770864621326,0.3129859472228542,0.03284319452109797,-0.10906618578796638,-0.10141265629324066,0.11171459176530893,-0.32882422810952067,0.05109954854764025,0.12895328810872767
