0.6074935063766334,0.11041991672667016,0.2860409317728755,0.06892535070042999,0.04943782631626536,0.06496929830028686,0.06630640210908804,0.06268342958527735,0.08445582339447763,0.06621504324318638,0.051649621437473765,0.07460537141927659,0.02972969231844304,0.03060234601395287,0.05141381741503809,0.032707090292930306,0.046398056552849266,0.07214857603126668,0.05016356849136953,0.027647701665652676,0.05645654006340665,0.04872414269956483,-0.004448856601691089,0.021321848216852318,0.0895170234778476,0.04475469027730781,0.07991648371433778,0.008167994323285188,0.05174014734447635,0.028699198297344977,0.0990713149084454,0.0539306285177937,0.02279458346989848,-0.09871267031065045,0.02031160422572934,0.12949591552649373,-0.012214857602586376,0.042185107097580256,0.06537991850628573,0.007531057690151318,0.011130126782170024,0.048109829516577475,0.045425250349549105,-0.0001881690277049514,0.11698890808034053,0.1332371713848798,0.0131852709181978,-0.10648062088196335,-0.08706306473606576,-0.05542666656496203,0.025474728949410004,0.0731463241426447,-0.030634972975015096,0.01047354370108223,0.09305066039742457,-0.013912157532493233,0.17463258456719735,0.025980199831081484,-0.26528816052081616,0.04320990479637892
0.11041991672667016,1.8308560137357992,0.6415877126606105,-0.01274286852469068,-0.038837986616276736,0.2879328154710335,0.1458511375763653,0.22775587732282038,0.2613556909160199,0.19457547347410653,0.1646343446289935,0.16646326653381344,0.13536258548351277,0.14833125463249752,0.270511349638027,0.11590669039064024,0.20110075842595632,0.22605111084133642,0.0010494661711836144,0.3528932057389195,0.18964215366213935,0.15509362246784691,-0.001919027954179876,0.09502108730594148,0.2441720106888074,0.3035874897918494,0.29410692906104446,0.3117399822836811,0.22517559521087707,-0.04846635157506529,0.27154011175003856,0.1643525283386677,0.04388447537383692,0.28385420098180747,0.05864264788559291,0.14897636020431487,0.28511443943846315,0.22998751537857992,0.22509439136074175,0.028167788186694187,0.17146701900923905,0.18480849832644938,0.25558394246616517,0.007176055232196186,0.4057782016290118,0.10486302775074349,0.12091959144454105,0.01712441135995927,-0.1302938187756409,-0.33691677570094186,0.21254484878024232,0.33637317145686735,-0.04204894982512936,-0.19079239785871435,-0.36343145557483153,-0.1422140222335976,-0.35239540478778697,0.34259278744064997,0.28779147070221767,-0.0015487275743510953
0.2860409317728755,0.6415877126606105,1.8538220168057826,0.13382646365270162,-0.3962357355680345,0.3380927515189312,0.05515699761332014,0.39176611489564556,0.45047304304845076,0.37114542432728226,0.23457316349967755,0.17633595445769798,0.17575050230855319,0.15677210495030208,0.27423597728111393,0.12316379603428368,0.2546035011150168,0.19113997604161762,0.28639742042870403,0.2756681346687256,0.207133667245422,0.27335547124096155,0.11112626808244296,0.16590943505934078,0.26241743353929736,0.3054283732711085,0.22699537744375214,0.1894539176322649,0.30789701027491234,-0.19818324645207022,0.21635846562721495,0.19835071174088909,0.11250106567360516,0.35246980402109174,0.18890612847077595,0.28354343255020836,0.29464855354203073,0.22995202899864345,0.3297276344103443,-0.14064567860691898,0.14506556994622447,0.19502758986390795,0.15855081953835728,0.01493713274716176,0.3150388684284111,0.43483404897669303,0.2440481377225293,-0.15007410259005732,-0.31702100545694434,0.0015764529013848581,-0.033629104893949754,0.2787844532781867,0.015989441701074556,-0.15282943476540872,0.07410958513277809,-0.04002164790670696,-0.03066682528838127,-0.18410338105322038,0.0937360761664539,0.15506035068787533
0.06892535070042999,-0.01274286852469068,0.13382646365270162,1.5464161730523134,0.6286786590783354,0.2783186685252239,0.27006431930451597,0.1805166163642824,0.050288426678504625,0.2300860011726997,0.1368131653620959,0.29727070645337184,0.11549270958908286,0.20324555183314627,0.17299332307007728,0.2271719029328213,0.2042011770251476,0.2549294329975023,-0.018571007262937186,0.14955940653749103,0.12736528371275013,0.15585172177721188,0.21739508016201575,0.14018166335133386,0.19586234659513618,0.2590689249054045,0.10632952234414844,0.1343800145009701,0.16533987483959228,-0.14566060659836313,0.1810143259340054,0.22112840987849086,0.1121935652277989,0.20010489899190248,-0.2254576621645336,0.06847446923785577,0.08757397922896006,0.11258474237801341,0.1325550147725809,0.05086518996310909,0.08944661087975389,0.13321770026355187,0.08669357081585742,0.004882768312390567,0.07181416066748018,-0.013885136217851852,0.1069310810073684,0.0372784796561775,0.11139920825080145,0.006390271506140039,0.005075446175149233,0.29726966209354977,-0.28409978228864213,-0.1612638343185118,-0.1095311353579128,-0.0359183668816071,-0.208811124319774,0.2233600709897563,0.015183719125695801,-0.10111716651823048
0.04943782631626536,-0.038837986616276736,-0.3962357355680345,0.6286786590783354,1.6094035549040597,0.14865918454778007,0.3043582504309421,0.21196769378925762,-0.04975332029419625,0.1530265337703184,0.1307009906459263,0.25531166792278165,0.11492033002159725,0.23115542775055617,0.15542341836090842,0.24961561787480308,0.14843169698783729,0.20322594633498794,-0.061512033920851236,0.13975938785915112,0.09287382273483522,0.11037325867304398,0.19597090001944667,0.12204742469592983,0.16555116591548533,0.24588243775061394,0.06816528954012317,0.016246390288380298,0.1585562712564914,-0.05043135848777612,0.143624030954684,0.2092156899057417,0.032009018056428716,0.14404221419639432,-0.1741707474795816,-0.019325730885332324,0.11500220053339401,0.07183408091615219,0.06718190267259025,0.18672512171479425,0.16452095585492285,0.11343254494968798,0.04314095988184525,0.00476205529276091,0.03015954216880709,-0.20051936969292525,0.06281382359795118,0.1490343820361725,0.35765354748335476,0.0412136024028944,-0.05398560780059301,0.01413269572358656,-0.27572439682780525,0.03267503467038612,-0.13270932420975462,-0.03312526236924949,-0.22593918433951496,0.22073394475793956,0.10191257996512774,-0.23026134939893408
0.06496929830028686,0.2879328154710335,0.3380927515189312,0.2783186685252239,0.14865918454778007,0.7502798016729829,0.09277154256128743,0.39948963810951765,0.3036149236008771,0.1750281037460913,0.2066549951288127,0.19279234760599628,0.15144706805845048,0.2952412408865077,0.2320224976343964,0.23894107592150673,0.27551493685588085,0.20223303450890373,0.21899133266558699,0.3843172498789194,0.24226201978320563,0.2848057932185876,0.1985614407942618,0.20843667841397412,0.22047652525044764,0.36020132535877414,0.279153582181113,0.26192589522811627,0.2909493339371638,-0.08319296190488455,0.1965880442500609,0.33742415259943553,0.09065609670399007,0.35166923326305655,0.07144906806827554,0.0112183963240973,0.356110297110011,0.24959356040750583,0.34532634480564,0.13699630155236334,0.17094903194480027,0.23424912754628832,0.3140660270667218,0.010615330737940114,0.3837046071420196,-0.017149023736070884,0.4357728239038839,0.12944770202020953,0.4931709648855009,0.061070347711723434,-0.22842477378642118,0.2327915780888158,-0.1343585131027677,0.011595435442048989,-0.0707372185541132,0.02463588782996716,0.05088597132907542,0.13278905071357924,-0.132909309556131,0.08976356592400377
0.06630640210908804,0.1458511375763653,0.05515699761332014,0.27006431930451597,0.3043582504309421,0.09277154256128743,0.8131502205880917,0.1443564736921108,0.29039573877339014,0.1515426330607074,0.17673826414377988,0.3250939013848437,0.18013129877890494,0.21164666159063536,0.07912712343014701,0.22488179940983116,0.2502447103909047,0.25536397539594646,0.047340226491685886,0.1586269456860317,0.2223165374931752,0.28364753444149354,0.301244387008487,0.23484957459179395,0.21217821665334652,0.21516417600091212,0.248662039140209,0.1861198054667713,0.20281395477303205,0.11079410903479985,0.20616151544006323,0.27430841967397174,0.23301157176402265,0.19579054646075955,0.0019080992470790054,0.1843643118465145,0.1643985343826,0.14166492778321657,0.22338580348050116,0.08499092492830994,0.1420193022308593,0.21443451489982704,0.2078945027070341,0.006050479624332447,0.13524351987835545,0.01336453944316621,0.08672316010326755,0.008990431013292964,0.45611556645215007,-0.029303248454290602,-0.06489043473762865,0.2223532637487917,-0.17127394152532238,-0.09456747057841951,-0.014389919258645746,0.06974752145423442,0.05788838659705577,0.026681173040020163,-0.14059652309936305,0.07155893374290119
0.06268342958527735,0.22775587732282038,0.39176611489564556,0.1805166163642824,0.21196769378925762,0.39948963810951765,0.1443564736921108,0.8957826209421091,0.07381392133157468,0.1972817790517246,0.18853434348081483,0.055230815346799654,0.15690167199152036,0.28162809904112956,0.21547108036564136,0.20449430911588323,0.23657346396006965,0.16646655243452807,0.22538879179180565,0.3465006558233629,0.1882430148394607,0.1883062444398988,0.14694305519381584,0.16699713870619826,0.16289595917895106,0.30779313306568173,0.23517250964550113,-0.09484139858508611,0.2607606345499935,0.009877694051925958,0.16700641195060914,0.25940349662571577,0.08135421820624228,0.3176923812807001,0.19205253278222723,0.028326042734521557,0.3174684785699333,0.20646220023437098,0.4021906700444426,0.10669975265361846,0.13877839467809758,0.1821798673112866,0.24472992316982414,0.006810152862437901,0.31380573048611454,0.04788440107676823,0.41501454906051927,0.07378167835852226,0.5028683503856708,0.12025620682729772,-0.16092651860237359,0.04540994650317903,0.1125761673950766,-0.06549129712671069,-0.06177458430588716,-0.06942832561130786,0.19769520715833702,0.1643094394882784,-0.1880735769470709,0.09036145336835107
0.08445582339447763,0.2613556909160199,0.45047304304845076,0.050288426678504625,-0.04975332029419625,0.3036149236008771,0.29039573877339014,0.07381392133157468,0.9686795061965452,0.06684551575036166,0.1101895734732345,0.15960501281922332,0.18016072030493635,0.25581468261222867,-0.007756517828516924,0.1670643804230342,0.17020111327205048,0.17797534405004975,0.016782920361421972,0.14680063412678787,0.22900694430916596,0.4805171828700861,0.3329166222107084,0.2392730997348119,0.13095594262623972,0.34025603274073735,0.2648376237291312,0.36295205031230887,0.22766443627481012,0.026431966424850267,0.11415820459935892,0.3278577620089387,0.2106824162008322,0.3110347943018128,0.11112371280696766,0.10783247906271141,0.2332306621261156,0.15633162867881914,0.21500875566116637,0.040501387088988754,0.16455563871225828,0.2254140460362251,0.2682170614964564,0.011230138659830686,0.1622502704128841,0.06374224721790092,0.2643297661566607,0.04207040886426961,0.552841918649272,-0.054460641192954455,-0.2096945423370642,0.1812550467764228,-0.048615779278581406,-0.0023839232346384806,0.056801868532700986,0.1535713265740398,0.006728124762969122,-0.10164044036572283,-0.10635679006056324,0.1475991648361908
0.06621504324318638,0.19457547347410653,0.37114542432728226,0.2300860011726997,0.1530265337703184,0.1750281037460913,0.1515426330607074,0.1972817790517246,0.06684551575036166,0.5833855154868866,0.17524481877180437,0.17921757330853658,0.1501253446458034,0.15516289539665304,0.2810895451164959,0.1601077961615466,0.2078257773491125,0.1713526083268473,0.060643908447049415,0.15999969860439792,0.10192998700157055,0.13529809280285035,0.21012664214529253,0.14684561770059415,0.23648674946619672,0.14612597576579725,0.17434445241261304,0.1697256893270498,0.24515195771541012,0.05635966935292037,0.10187129127697682,0.1667862957192052,0.06956018904752474,0.23339308061044906,0.1378136781913793,0.13980625529721455,0.20675107547319255,0.10875229702204947,0.20224402386216966,0.07546332106456025,0.20086639484947577,0.10844692089095198,0.08419359741595835,0.012636754078734682,0.0828569100787889,0.11008212508404151,0.1874404584041311,-0.0007387751509519455,0.18336420688312516,-0.02348731281931996,-0.06935376306025637,0.10812146623333245,-0.04746848352565427,0.013499950748387446,0.07700323258310857,0.022613699251072195,-0.11916081549567546,-0.07662999839796068,0.10805826743576011,0.005467558121783293
0.051649621437473765,0.1646343446289935,0.23457316349967755,0.1368131653620959,0.1307009906459263,0.2066549951288127,0.17673826414377988,0.18853434348081483,0.1101895734732345,0.17524481877180437,0.583139274604173,0.2541504522779069,0.1915985530179946,0.14277236337205615,0.24261616955845297,0.19462797034656934,0.23577035786058198,0.16613914757152182,-0.028564822830578974,0.24839900114788818,0.1735400471860956,0.15920036096833207,0.23801028141547034,0.17374949517322352,0.22386626074888108,0.21396092784510712,0.2162011623426451,0.15532447865850324,0.277124556113886,0.04898377403920825,0.1058995671647938,0.159389736944336,0.10305410346858157,0.26970819462102724,0.1775592736992673,0.06127528654512297,0.1953535936530793,0.14558644093481876,0.24815815459601437,0.11018302054595294,0.174488073247688,0.1759279892267096,0.17143434074084535,0.00563697374977927,0.1440897597860026,0.05694266430607758,0.2601091163390482,0.0674846761337181,0.39647274606044985,-0.07730991628749521,-0.18461370968592075,-0.02242930608696806,0.19076248924982436,0.07121027133241807,-0.0431106351875046,-0.016786508825865274,0.027583094986847655,0.0162250907578015,-0.04398285217271284,0.07932649341921322
0.07460537141927659,0.16646326653381344,0.17633595445769798,0.29727070645337184,0.25531166792278165,0.19279234760599628,0.3250939013848437,0.055230815346799654,0.15960501281922332,0.17921757330853658,0.2541504522779069,0.6583022039165862,0.14920616885698784,0.19608712382597732,0.14527624637315334,0.2393923678313018,0.21362148114082938,0.2922206597087583,0.01449188287790957,0.14419859577736935,0.1795114192602769,0.20020417275474492,0.2400628517937611,0.15940426517260903,0.331439403132238,0.24873735161291688,0.2241467694577507,-0.005113930185286662,0.264395460486452,-0.03291759010676021,0.212008474084823,0.27101775631944264,0.08403380275113467,0.16776599817188032,0.04211502951586151,0.2782879162706704,-0.039909166998911665,0.1294693501762028,0.1898438732668376,0.12116415267136359,0.1003622741928211,0.16695257093527938,0.13509609433718106,0.005087351948129768,0.2188970354852712,0.10402873097859035,0.08042633986591277,-0.08675434225523034,0.05796342715212845,-0.3471007158803526,0.0837952723570001,0.3236629252459495,-0.28082847134211386,0.004775393098158314,-0.019772982824162424,0.03267319093979983,0.014970602858584916,0.014491091087917591,-0.1966978289533906,0.03978085961221032
0.02972969231844304,0.13536258548351277,0.17575050230855319,0.11549270958908286,0.11492033002159725,0.15144706805845048,0.18013129877890494,0.15690167199152036,0.18016072030493635,0.1501253446458034,0.1915985530179946,0.14920616885698784,0.36935344150645794,0.1531437652704597,0.05241942469435295,0.15483240121090996,0.1493061963546203,0.13632664552015192,0.019572587719335503,0.1259436565393762,0.13878358051110004,0.20389852050630816,0.23084750892504263,0.1567901308282325,0.15155754681428132,0.21003569849404174,0.16236044224016302,0.12813879690035118,0.22623592610313756,0.04685248904459938,0.06935659042895755,0.1542588053422503,0.13083847702383342,0.21721325784239356,0.1395445918171234,0.0638511396131757,0.14626112164319227,0.08773729135302437,0.22628838284524486,0.07447959366272806,0.13603537381313527,0.13829159057011395,0.13927391428355065,0.011488132647438493,0.05273297186116534,0.048759515430752534,0.19588459028095265,0.03908225607302387,0.36960960367251766,0.08630105542718806,-0.12515195549468613,-0.0390334303850416,0.07695972906411437,-0.03851347843123103,-0.009475774417591589,-0.013017898262018806,-0.002197960510271477,-0.05214189178688868,0.05981889260953927,0.04499508883124568
0.03060234601395287,0.14833125463249752,0.15677210495030208,0.20324555183314627,0.23115542775055617,0.2952412408865077,0.21164666159063536,0.28162809904112956,0.25581468261222867,0.15516289539665304,0.14277236337205615,0.19608712382597732,0.1531437652704597,0.653236735005956,0.20290986044244264,0.3769599666090793,0.2350357652186687,0.1498436360593039,0.07572966018795453,0.2685289235720748,0.18071550268966632,0.2854147496286776,0.28183054080028114,0.28519324947122615,0.24205426062788832,0.27973373890475267,0.19435950445923883,0.3227303191996558,0.2536235774933782,-0.00608031735701425,0.16589090924752115,0.6172610344156523,0.15543873851829085,0.24673319590782722,0.07168523071800209,0.08102276869961116,0.24228303170551485,0.20578037430839394,0.15407386217458735,0.15944441514452654,0.25647940129487623,0.19604195161488028,0.22298709149862875,0.009368423735197404,0.15600718533108407,-0.0250112219147381,0.276881668012597,0.11210017925593062,0.6606417170579822,0.004762243746991333,-0.12192801695317072,0.16022602869230865,-0.055132947145454796,0.031266145366347135,-0.06042318474272338,0.02970589480535988,-0.021002786584460236,0.09338831571799368,-0.029468100678154197,0.005428194411487814
0.05141381741503809,0.270511349638027,0.27423597728111393,0.17299332307007728,0.15542341836090842,0.2320224976343964,0.07912712343014701,0.21547108036564136,-0.007756517828516924,0.2810895451164959,0.24261616955845297,0.14527624637315334,0.05241942469435295,0.20290986044244264,1.0492192933802804,0.18985093328842023,0.2729975890551976,0.12439116948129061,0.07769094639026008,0.4155461042730071,0.14276137317966311,0.019793148716614577,0.24927393367616396,0.2036350854781462,0.18524364103465527,0.11363733248835052,0.19849850790860035,0.4716396701051147,0.1612037525851857,0.08374582597443027,0.08195394804740633,0.14970219203806284,0.13840072280997864,0.31921797936768304,0.1720251535684269,0.03952503933086576,0.534786869844389,0.22551814374560392,0.31497182441944016,0.11937660337436559,0.27662175890381585,0.1678785240283875,0.1812644959720904,0.010739500073925158,0.17873979914396612,0.021143156679907054,0.27553513853564554,0.1649331985845038,0.4159308869251817,-0.18483099816756038,-0.20981919382516578,0.27337669194034975,0.22745596741094304,-0.07782879269368782,-0.021145183172179952,0.05025368079232941,-0.2112077442275252,0.08858811324015647,0.14800038722221648,-0.07943288599999264
0.032707090292930306,0.11590669039064024,0.12316379603428368,0.2271719029328213,0.24961561787480308,0.23894107592150673,0.22488179940983116,0.20449430911588323,0.1670643804230342,0.1601077961615466,0.19462797034656934,0.2393923678313018,0.15483240121090996,0.3769599666090793,0.18985093328842023,0.5697746722087333,0.28636656537332683,0.1855189212100907,0.09344305909461553,0.21654238402559536,0.16661429621640417,0.31617750361318264,0.24096769822040756,0.21764021752176346,0.16298092284877247,0.20270833412418618,0.21513674814684386,0.2445423260092627,0.2311552809936257,0.019896211459580586,0.1691709096047441,0.35378035882659636,0.1323834933567761,0.2556827781082392,0.18854989388251667,0.051377452957004306,0.29920046609531104,0.1699701216879063,0.23399358677901091,0.1689763475707277,0.21775785476843254,0.18036919937240242,0.2484248540585283,0.01573429325841002,0.18877591810504546,-0.04092480547994858,0.25292136561517825,0.12886482086918397,0.5295622784725297,-0.06229312389603761,-0.15021471409480375,0.16541376701916355,-0.05943509021993819,-0.03476428438243542,-0.01077758949118669,0.07102245630896421,-0.087091793853558,0.10543099789759812,-0.08834903202520449,-0.04669136367716254
0.046398056552849266,0.20110075842595632,0.2546035011150168,0.2042011770251476,0.14843169698783729,0.27551493685588085,0.2502447103909047,0.23657346396006965,0.17020111327205048,0.2078257773491125,0.23577035786058198,0.21362148114082938,0.1493061963546203,0.2350357652186687,0.2729975890551976,0.28636656537332683,0.7296981866284528,0.16748631523808513,0.14903668590273625,0.3450878075579755,0.1761452183554535,0.24390685700654727,0.14693305737488058,0.2172280175643399,0.32485263694222627,0.09316177350757185,0.2564500140593311,0.3398567699126554,0.27192735581356786,0.037783071435899734,0.24606665766800165,0.22880658256537195,0.21009176824570658,0.31509952551547615,0.15222654825404752,0.060759748921313736,0.49648145551967804,0.23524642662733233,0.2017896435547454,0.1283810852926964,0.25365773768658467,0.17571121302006631,0.28122704831453543,0.010926396526113654,0.2198803535550468,0.07053953195779708,0.33407143267385053,0.13172404062416715,0.4432119038557361,0.31106982901770786,-0.07730742506393928,0.11336205095069532,-0.12565533090237194,-0.10565436075500224,-0.0016310541865867886,0.01903967452586889,-0.05958395397247168,0.04837762643545063,0.00374057229431554,-0.01991155486511367
0.07214857603126668,0.22605111084133642,0.19113997604161762,0.2549294329975023,0.20322594633498794,0.20223303450890373,0.25536397539594646,0.16646655243452807,0.17797534405004975,0.1713526083268473,0.16613914757152182,0.2922206597087583,0.13632664552015192,0.1498436360593039,0.12439116948129061,0.1855189212100907,0.16748631523808513,0.8982778511226637,0.09679877394142962,0.07412066221778207,0.23358604779849848,0.2511243964590697,0.516520542391731,0.1369333343908386,0.4415858844611203,0.46152924271570916,0.15934709950945347,0.4711146288525613,0.19078590179490026,-0.10793391955162362,0.46858589418727636,0.1603561366731351,0.17347201368980372,0.284726814224502,0.11879415194033019,0.13078846963697796,0.24241987708034698,0.09765989001419577,0.30654976373209186,0.177875088564139,0.21899285478903638,0.2121296612053061,0.31020874502945495,-0.003233127779833146,0.31205499261495356,0.05688617662156247,0.19590758770360556,0.0745506790159395,0.24699738055016662,0.2447879485845613,0.11095190522451369,0.17937632483777566,-0.43816956597029766,-0.18863002130813078,0.0071647841066645596,0.057768715539245126,-0.00045749108617737353,0.10264801699423208,-0.21284016600348496,-0.08958710046920451
0.05016356849136953,0.0010494661711836144,0.28639742042870403,-0.018571007262937186,-0.061512033920851236,0.21899133266558699,0.047340226491685886,0.22538879179180565,0.016782920361421972,0.060643908447049415,-0.028564822830578974,0.01449188287790957,0.019572587719335503,0.07572966018795453,0.07769094639026008,0.09344305909461553,0.14903668590273625,0.09679877394142962,1.4040519273337402,0.18830416597607139,0.15390377210884504,0.11063145588030388,-0.3798613662894609,0.02592220184553445,0.04196484875438453,0.02334169829985842,0.06799836580628046,0.07306781233025089,-0.07974358973430201,-0.1170847725064578,0.420864752307536,0.06355361366666688,0.12403705977584782,-0.020353717337020984,0.02374643915304049,0.05574870945655777,0.39441365051108657,0.13774962406916907,0.33869952519000884,-0.009400841176521759,0.041582418432357826,0.11911349342210756,0.15018355669349284,-0.004071497091609516,0.38920707682152494,-0.008256692663859722,-0.02054710906423913,0.11223391318208144,-0.05853856113278087,0.7024270757443608,0.06935234097598496,-0.007773792121839261,-0.3490739429354665,-0.17463137975327342,0.029313980971753188,-0.002207145398026008,0.1226195468596496,0.034746049586177136,-0.12455269632019,0.08882959494112234
0.027647701665652676,0.3528932057389195,0.2756681346687256,0.14955940653749103,0.13975938785915112,0.3843172498789194,0.1586269456860317,0.3465006558233629,0.14680063412678787,0.15999969860439792,0.24839900114788818,0.14419859577736935,0.1259436565393762,0.2685289235720748,0.4155461042730071,0.21654238402559536,0.3450878075579755,0.07412066221778207,0.18830416597607139,1.0850966131756026,0.15506636319122413,0.10407536388543279,0.31067281543636255,0.26838523632022115,0.1760617938108177,0.3470857980809215,0.4024364626871858,0.39141421535935617,0.36702313647060025,0.1401284110723626,0.0500389274180585,0.23877856596922,0.15140301378114718,0.4533998406866884,0.274414431524669,0.01790695967349919,0.8552038449520821,0.5524672101316334,0.6911354465942144,0.31652278037290715,0.31324035134611866,0.18473457391639125,0.4170781832677966,-0.010395603872692191,0.6948484741716519,-0.062025998177524376,0.39581052260152383,0.2653118915461586,0.7360033623145658,-0.01794000378482279,-0.31398010603686627,0.22075206506207234,0.12789942317262612,-0.09820356027152057,-0.05304167780197019,-0.00568028971802833,-0.04971508023038663,0.053764410949765966,0.05293217194236014,3.249401868691254e-5
0.05645654006340665,0.18964215366213935,0.207133667245422,0.12736528371275013,0.09287382273483522,0.24226201978320563,0.2223165374931752,0.1882430148394607,0.22900694430916596,0.10192998700157055,0.1735400471860956,0.1795114192602769,0.13878358051110004,0.18071550268966632,0.14276137317966311,0.16661429621640417,0.1761452183554535,0.23358604779849848,0.15390377210884504,0.15506636319122413,0.5035768509072853,0.2044126516943563,0.24664861119582565,0.1916774181894118,0.18064733467274882,0.1690228938337193,0.2221635768713958,0.31044180069502675,0.13207399308094755,0.10538585140278045,0.20975852277572127,0.24702414296380526,0.19404892091260212,0.17871001011303136,0.16168493208315696,0.07680643649327631,0.2860366350096471,0.1624288272973459,0.31756151800019816,0.11877462184717143,0.18912851168806571,0.4362994828574751,0.3739082371027879,-0.0014054454478635825,0.4455802927897518,0.0258328778865655,0.285381302689977,0.1037643928830658,0.33455852272445435,0.020429419238353834,-0.10446217347443632,0.21516373063545147,-0.10870440547715061,0.02218949445208391,0.0044050741619395635,0.010725565951960099,0.05567563747600642,0.030100587562624716,-0.10604203682330374,0.16068070717318259
0.04872414269956483,0.15509362246784691,0.27335547124096155,0.15585172177721188,0.11037325867304398,0.2848057932185876,0.28364753444149354,0.1883062444398988,0.4805171828700861,0.13529809280285035,0.15920036096833207,0.20020417275474492,0.20389852050630816,0.2854147496286776,0.019793148716614577,0.31617750361318264,0.24390685700654727,0.2511243964590697,0.11063145588030388,0.10407536388543279,0.2044126516943563,0.8234671181954829,0.3331819896905375,0.19933452033489296,0.10215470384000855,0.29316001313350554,0.2111288045965777,0.22166238438829156,0.2601787934803589,0.014415437035433357,0.14853030646159604,0.31733019744551344,0.13549297613258582,0.34006692561566665,0.2179609204091177,0.02648769265621067,0.26425038763528985,0.1376236029911143,0.37210685835812485,0.11473711251408573,0.18139904560665665,0.20931629512588146,0.26445517605207514,0.02219402260461829,0.18618883089207972,-0.019549091303539552,0.3050061829713108,0.10076211039824949,0.6360501232514117,0.05608120032338345,-0.19984175358527728,0.042262519213799456,-0.10494881201095757,-0.04538038586364917,0.012738723024476858,0.08230265698806732,-0.012034597535779075,0.004571429188927652,-0.11366223204816353,0.04447245613764344
-0.004448856601691089,-0.001919027954179876,0.11112626808244296,0.21739508016201575,0.19597090001944667,0.1985614407942618,0.301244387008487,0.14694305519381584,0.3329166222107084,0.21012664214529253,0.23801028141547034,0.2400628517937611,0.23084750892504263,0.28183054080028114,0.24927393367616396,0.24096769822040756,0.14693305737488058,0.516520542391731,-0.3798613662894609,0.31067281543636255,0.24664861119582565,0.3331819896905375,1.8918342830761974,0.5247924303688779,0.3034289046688138,0.2164159191228181,0.3571566759894498,0.48011384086597686,0.6190308426159685,0.42442932085525803,-0.6127789414384363,0.26610337960776487,0.48188376650275416,0.5577352339583032,0.3008455361728489,0.11302041797316234,0.7739245884977967,0.21340971147280233,0.6745048520677833,0.3280757049835661,0.4385415316033565,0.25741561551338316,0.3063145788948581,0.006326661960073093,-0.023853649841820628,0.16838334650793507,0.6291110258582879,0.18599947205074296,1.3473426819079577,0.030158787165611146,-0.4807483400212689,0.12080071105575506,0.25479237452121223,-0.00580271202234325,0.09142032045590245,0.13240122596095555,-0.10341801942697465,-0.11943948975309922,0.07030213470410177,0.030694077539974482
0.021321848216852318,0.09502108730594148,0.16590943505934078,0.14018166335133386,0.12204742469592983,0.20843667841397412,0.23484957459179395,0.16699713870619826,0.2392730997348119,0.14684561770059415,0.17374949517322352,0.15940426517260903,0.1567901308282325,0.28519324947122615,0.2036350854781462,0.21764021752176346,0.2172280175643399,0.1369333343908386,0.02592220184553445,0.26838523632022115,0.1916774181894118,0.19933452033489296,0.5247924303688779,0.6665943692354588,0.2791182327730047,0.09421593061480836,0.339767289263461,0.35827775993414473,0.2568115597664547,0.4408833834731499,0.21962781812659954,0.3637132598374376,0.4085959709982658,0.17433213118753588,0.26875414588870244,0.2890095836497165,0.3433639886554457,0.220036594835248,0.22544925706336252,0.12402091794552828,0.2992178398840283,0.20465769910054685,0.24322593377363902,0.03084205344314049,0.02471624408780705,0.20150808133555673,0.3281992612278342,-0.024479581152684383,0.718087906643568,6.475310218709953e-5,-0.28675070950602144,0.2193061394691992,0.0855364373903993,0.021332242378999274,0.040460789482422876,0.002534768388069709,0.08354970807574294,-0.11452714260541476,0.017388194910998807,0.14913747037076056
0.0895170234778476,0.2441720106888074,0.26241743353929736,0.19586234659513618,0.16555116591548533,0.22047652525044764,0.21217821665334652,0.16289595917895106,0.13095594262623972,0.23648674946619672,0.22386626074888108,0.331439403132238,0.15155754681428132,0.24205426062788832,0.18524364103465527,0.16298092284877247,0.32485263694222627,0.4415858844611203,0.04196484875438453,0.1760617938108177,0.18064733467274882,0.10215470384000855,0.3034289046688138,0.2791182327730047,3.2031727536660752,0.2217394576405996,0.2179251247524291,0.12330637501430775,1.0684491231744504,0.06387982966957179,0.5158383826181254,0.3577542992371207,0.03545243261587179,0.8343095257842853,0.37097326143151277,0.6386604694959274,-0.30157117231459496,0.150920155037629,0.5967281280464634,0.2035928121495912,0.2733523826700452,0.15457291383728247,-0.01142216588617964,0.05163383452922043,0.03848496001032481,0.38168841189125524,0.30607785555114864,-0.4358334087137939,0.3793224799615239,-0.6266674090355475,0.14189514642885004,0.08486532726039332,-0.06682260565689667,0.07628334381091798,0.003453570525462795,0.025213415660538977,0.09931677735579783,-0.019352104293341412,-0.14667841269438933,0.10554977731259572
0.04475469027730781,0.3035874897918494,0.3054283732711085,0.2590689249054045,0.24588243775061394,0.36020132535877414,0.21516417600091212,0.30779313306568173,0.34025603274073735,0.14612597576579725,0.21396092784510712,0.24873735161291688,0.21003569849404174,0.27973373890475267,0.11363733248835052,0.20270833412418618,0.09316177350757185,0.46152924271570916,0.02334169829985842,0.3470857980809215,0.1690228938337193,0.29316001313350554,0.2164159191228181,0.09421593061480836,0.2217394576405996,1.8587373249352215,0.2546146807731074,0.6257498234102794,0.14634754897826882,-0.7242223858160501,0.36495209629295605,0.2735296979237749,0.058959713288165905,0.3689605186730231,0.11342849535729811,-0.0552405590611324,-0.05705611229335755,0.18504033271070072,0.32706457866280275,0.1846366330147378,0.16147777558184193,0.23022846972174466,0.40826614681346934,-0.0554195357838578,0.6025967038657103,-0.3696874381579977,0.006001883021383534,0.23581130616324808,0.20445923611007272,0.5395905781596776,-0.32112012205694185,0.09780009118667722,-0.5057603750806858,-0.1725042426022319,-0.08045214666035232,0.00042947759658858257,-0.06126817607785841,0.05979930387938725,0.003675135945357317,-0.1632070230468462
0.07991648371433778,0.29410692906104446,0.22699537744375214,0.10632952234414844,0.06816528954012317,0.279153582181113,0.248662039140209,0.23517250964550113,0.2648376237291312,0.17434445241261304,0.2162011623426451,0.2241467694577507,0.16236044224016302,0.19435950445923883,0.19849850790860035,0.21513674814684386,0.2564500140593311,0.15934709950945347,0.06799836580628046,0.4024364626871858,0.2221635768713958,0.2111288045965777,0.3571566759894498,0.339767289263461,0.2179251247524291,0.2546146807731074,1.7404045465139548,0.7119853419720417,0.15635474465947174,0.5959318466964437,0.1763781190800499,0.2411763778121243,0.37766860526475204,0.1934002669965411,0.3172495748576979,0.6959727112233408,0.4662943596151656,0.3313242722996552,0.2775873120319561,0.18340538445018748,0.45261714236205774,0.25847739273736464,0.9130608468080893,-0.00407739554945629,0.6747063763908434,0.09872930458989874,0.18224787329327863,-0.14775142335653835,0.4274997822193664,-0.14261336841105843,-0.3475376050717693,0.24590732610144403,0.13585771687663012,0.02464425225860357,-0.028929981631652484,0.12587904220125506,0.18388656944657913,0.06244008819993013,-0.29834688950468974,0.16556648997657172
0.008167994323285188,0.3117399822836811,0.1894539176322649,0.1343800145009701,0.016246390288380298,0.26192589522811627,0.1861198054667713,-0.09484139858508611,0.36295205031230887,0.1697256893270498,0.15532447865850324,-0.005113930185286662,0.12813879690035118,0.3227303191996558,0.4716396701051147,0.2445423260092627,0.3398567699126554,0.4711146288525613,0.07306781233025089,0.39141421535935617,0.31044180069502675,0.22166238438829156,0.48011384086597686,0.35827775993414473,0.12330637501430775,0.6257498234102794,0.7119853419720417,2.79215494309651,-0.2876840036156906,-0.07999530600130934,0.3872919053955077,0.3434749593258316,0.49416871271731,0.38232612775218594,0.1842425834019749,0.0028248523626718,0.9047567894910357,0.3026937682761459,0.18256211426391833,0.17044207734717748,0.6427601712310457,0.3730053856783996,0.7128161525667076,-0.03375467483863641,0.43220874021438943,-0.2232192672440831,0.25132284183197423,0.4663712482270689,0.8050021338676197,0.4956547247582107,-0.4274355577980018,0.520987753639451,-0.3064399350672477,-0.1686691159189477,-0.029124472667458094,0.1425998185742741,-0.20347211344815533,0.07739511251965417,0.17417854869878116,-0.054474151051109705
0.05174014734447635,0.22517559521087707,0.30789701027491234,0.16533987483959228,0.1585562712564914,0.2909493339371638,0.20281395477303205,0.2607606345499935,0.22766443627481012,0.24515195771541012,0.277124556113886,0.264395460486452,0.22623592610313756,0.2536235774933782,0.1612037525851857,0.2311552809936257,0.27192735581356786,0.19078590179490026,-0.07974358973430201,0.36702313647060025,0.13207399308094755,0.2601787934803589,0.6190308426159685,0.2568115597664547,1.0684491231744504,0.14634754897826882,0.15635474465947174,-0.2876840036156906,2.2254930788835057,0.31970159337350784,-0.218344779545728,0.29706708236575297,0.07768083820038578,0.6810900799192873,0.3869036008592323,0.4932393287822998,-0.23345652286303703,0.10936067311913163,0.4682579460400897,0.19948608912844018,0.29609436864856775,0.10316135104107897,-0.04006966405689893,-0.01642930750060743,-0.2118012451002589,0.507059559356239,0.4319076244225942,-0.35856616979901856,0.7263167316477154,-0.03711861082117899,-0.2959079894114678,-0.11556175184062342,0.05966686565367533,0.11703609779296625,-0.02558275961441541,0.06901318143474135,-0.043221255736856375,-0.035911087268749066,-0.011079039749073673,0.05097154866186915
0.028699198297344977,-0.04846635157506529,-0.19818324645207022,-0.14566060659836313,-0.05043135848777612,-0.08319296190488455,0.11079410903479985,0.009877694051925958,0.026431966424850267,0.05635966935292037,0.04898377403920825,-0.03291759010676021,0.04685248904459938,-0.00608031735701425,0.08374582597443027,0.019896211459580586,0.037783071435899734,-0.10793391955162362,-0.1170847725064578,0.1401284110723626,0.10538585140278045,0.014415437035433357,0.42442932085525803,0.4408833834731499,0.06387982966957179,-0.7242223858160501,0.5959318466964437,-0.07999530600130934,0.31970159337350784,2.937346979467355,-0.13618673453548247,-0.06665514223348654,0.3495237176007454,-0.26543237197418873,0.8788509671727204,0.7879415830348098,0.8231169209377277,0.21529505996954143,0.22772005054588326,0.2050281064355136,0.567719828923983,0.10879560406184424,0.8107322170258151,0.18372654018654194,0.20785900543160712,0.8626425009936927,0.5272975696533249,-0.5364004355218768,0.8686853416994971,-0.23978494821358579,-0.35708659651695396,-0.32915596339105097,0.7264643115699388,0.15340541333237534,0.04561618379615489,0.030439854039005152,0.15825469840301712,0.06493629457246738,-0.28117047050575306,0.20080520602106336
0.0990713149084454,0.27154011175003856,0.21635846562721495,0.1810143259340054,0.143624030954684,0.1965880442500609,0.20616151544006323,0.16700641195060914,0.11415820459935892,0.10187129127697682,0.1058995671647938,0.212008474084823,0.06935659042895755,0.16589090924752115,0.08195394804740633,0.1691709096047441,0.24606665766800165,0.46858589418727636,0.420864752307536,0.0500389274180585,0.20975852277572127,0.14853030646159604,-0.6127789414384363,0.21962781812659954,0.5158383826181254,0.36495209629295605,0.1763781190800499,0.3872919053955077,-0.218344779545728,-0.13618673453548247,1.6190021606005336,0.26503233432265577,0.10678848219675989,-0.05687469767979268,0.0922153547049765,0.29569924406474435,-0.2725533119595898,0.11855084828025252,-0.10101140373566263,0.018485759392054234,0.09607146349548587,0.1943022911842733,0.2412663983144133,0.02708919098760519,0.34217091241345593,0.01183058667343047,-0.10462965334121178,-0.07497507299172695,-0.2569217629206965,0.20112336638614706,0.2439698649196134,0.3080642821075463,-0.568306756570122,-0.15410546095285543,-0.03493589964793211,-0.05939793108265587,0.1861848172473726,0.09657560098108389,-0.2680897789226482,0.030695053397569273
0.0539306285177937,0.1643525283386677,0.19835071174088909,0.22112840987849086,0.2092156899057417,0.33742415259943553,0.27430841967397174,0.25940349662571577,0.3278577620089387,0.1667862957192052,0.159389736944336,0.27101775631944264,0.1542588053422503,0.6172610344156523,0.14970219203806284,0.35378035882659636,0.22880658256537195,0.1603561366731351,0.06355361366666688,0.23877856596922,0.24702414296380526,0.31733019744551344,0.26610337960776487,0.3637132598374376,0.3577542992371207,0.2735296979237749,0.2411763778121243,0.3434749593258316,0.29706708236575297,-0.06665514223348654,0.26503233432265577,1.096003220696441,0.1395642536354819,0.12877120964753697,-0.06591285716820552,0.16182954860868026,-0.04984926126839758,0.23028899308072895,0.06827873902056389,0.13307708836894888,0.17874398744649708,0.2496861218662617,0.19212579833206758,-0.0020848017078907623,0.2020765621329591,-0.013590718156274311,0.2242493174825621,-0.009384862915435435,0.7360881500786077,-0.2132270247695563,-0.048195448817242026,0.6459569524822749,-0.5235114867539306,0.30086515820418,-0.03592388687537942,0.040412581717395125,0.22738976816989476,-0.028726481503401076,-0.15588158250157338,0.3620422048994551
0.02279458346989848,0.04388447537383692,0.11250106567360516,0.1121935652277989,0.032009018056428716,0.09065609670399007,0.23301157176402265,0.08135421820624228,0.2106824162008322,0.06956018904752474,0.10305410346858157,0.08403380275113467,0.13083847702383342,0.15543873851829085,0.13840072280997864,0.1323834933567761,0.21009176824570658,0.17347201368980372,0.12403705977584782,0.15140301378114718,0.19404892091260212,0.13549297613258582,0.48188376650275416,0.4085959709982658,0.03545243261587179,0.058959713288165905,0.37766860526475204,0.49416871271731,0.07768083820038578,0.3495237176007454,0.10678848219675989,0.1395642536354819,1.563532728854527,0.05535329629066663,-0.21665337829027934,-0.03132424584557852,0.6414120444336079,0.1778103139615855,-0.2270137969010027,-0.08481011414833227,0.0928006965341363,0.22865445969083414,0.5137244966215258,0.03320938938897397,-0.51003953395218,0.2068746765693164,0.4956682205177663,0.23812837052172636,1.194434788388214,0.38331742779241224,-0.3947374197807937,0.15525564571651435,0.17819805469093072,-0.2471503585024708,0.05861097719304452,0.0980602093018506,0.06813493128666949,-0.09908471207282114,-0.021116629768958194,0.061544782781874065
