0.5053950726769046,0.18875299230979264,0.32521999857956363,0.05664581649079351,0.18397656697774217,0.10178932100235476,0.11602443041933973,0.08851066378302272,0.09019216303289089,0.09324612950059108,0.08438067878414203,0.10545387097617812,0.05337109415917004,0.11000950168487443,0.13780752696233825,0.09994308047849079,0.06474394453093583,0.09979630926172985,0.07109271798559641,0.07173006732216156,0.10841048088387945,0.09651623405994761,0.06982782565205611,-0.038357138695156195,0.11431075687444087,0.17068386201558963,0.07733338996481466,0.0473243079625067,0.12110801407580535,0.030543130376185845,0.09089786891895493,0.10828506328544947,0.07615060414991325,0.03669022670350198,0.027359102519766733,0.12009737140368355,0.05774548444298241,0.05541999853476215,0.07855712852967596,0.01823084650992238,0.07192906215003814,0.0943892067287943,0.07343674691280705,0.005423327418585813,0.052950657103123314,0.17423117046037478,0.1222279074566957,0.01802017370380107,0.06868557945062868
0.18875299230979264,1.726247584868683,0.8658553077241141,0.09588732910580033,-0.025959499604188606,0.411840317252264,0.2060909682761106,0.3835302212384584,0.21873177874626612,0.30721402122531566,0.22679515500772174,0.2009251927948388,0.1032512261019997,0.13740418290373327,0.2537581603210231,0.143942027124614,0.22374763497529596,0.45083592110352405,0.019890830688494062,0.4253382446787668,0.23182126417682616,0.17593674161159,0.12111681270382112,0.36546765886043353,0.21377295895394394,0.15868544314388938,0.19669420421131417,0.21261213924189837,0.2648985326764279,0.12761187936925386,0.19588140360122627,0.15894127563813323,0.18487668238856672,0.3782153260065445,0.206025855330701,0.1567896877678856,0.25465561006426546,0.20090962535545653,0.25400043058158017,0.10907814905567606,0.1941948960394063,0.20425526947465839,0.3171499192963999,0.011311029770929272,0.3513488099151426,0.4901623984125917,0.39046542126510314,0.10828758803892569,0.2853703142703324
0.32521999857956363,0.8658553077241141,1.9803346581677275,0.020805220339683697,-0.43252102001889614,0.37853572986049866,0.1536280379793663,0.40184946188165704,0.29237374907954405,0.34225608877390756,0.21667361876012986,0.20130923460952732,0.12062630793669427,0.18222557153268962,0.20039393315425358,0.17041449316189994,0.2675270058558984,0.26691029438334213,0.2889401608916668,0.24510751160958627,0.23647399121843998,0.25696006156054324,0.1663606430084455,0.21839009824436112,0.2473814439762292,0.2501856031540182,0.19111195052397945,0.24689445620838735,0.3762426738480955,-0.042481143656911004,0.13819267780916236,0.19539048048821497,0.20241635036829467,0.44876479542079306,0.2386732820056672,0.3173484522323379,0.21094025427355578,0.14351582141043864,0.11663063308041498,-0.04265203526253711,0.1308168043795468,0.20132762136410198,0.2504505076959135,0.001408790909454928,0.3217321195855636,0.7385814118979821,0.35111470400757155,0.0449145581817637,0.0008085985993212161
0.05664581649079351,0.09588732910580033,0.020805220339683697,1.307058829850681,0.6577604916188,0.4134095510486083,0.386360892960223,0.46130544017235403,0.22212480918705454,0.18701186045085774,0.3013838479916188,0.32866853480085023,0.2121441439277782,0.3179607965472378,0.25734709605896544,0.31055198786293203,0.2745150514902774,0.30563733117882813,0.09624885210279797,0.27880252458155313,0.26050802870499673,0.2523189371827202,0.22099149162229254,0.48272862826890484,0.2838989982041177,0.22967962318899052,0.224816655084768,0.13582467304711404,0.2535944020916669,0.17479292558730922,0.23690304703678627,0.3064951709409584,0.19915262233391928,0.36835168016220915,0.03407119186218833,0.18539102956689962,0.17454998759838655,0.13810340451490058,0.3031563842839839,0.14550967272273577,0.23465432750531123,0.2737118593155012,0.2750012004001154,0.055073185473720976,0.11383781962592589,0.24106935999061055,0.4740036470362472,0.04562597866797582,0.2581896928062356
0.18397656697774217,-0.025959499604188606,-0.43252102001889614,0.6577604916188,2.0538842735958514,0.18348256848153216,0.30589113834875997,0.2982516874453056,0.057237112601007514,0.18986126703055822,0.19887496004872535,0.2835686288567933,0.1404204429842122,0.20050147684711117,0.22551054725061145,0.22399360115721584,0.11546067240885176,0.261113321607939,-0.08472027130591721,0.18209175638427114,0.14355462749405834,0.1359159631522185,0.3345204333671704,0.3628099142564665,0.2009369847494409,0.16899903372416078,0.14878550857092573,-0.0439376086846401,0.11708734093700514,0.13656584207393746,0.28176024288099216,0.2020090749516315,0.12373374759989168,0.11341124814405641,-0.2023871980067657,0.14578995429767988,0.16742573986083611,0.07915456890490756,0.19559669820680714,0.07055985162980215,0.22337854900922044,0.20008810191090431,0.0984168373976098,0.0332844953762767,-0.1793624080678898,0.06767657411855867,0.3576817073593328,0.05824848588480061,0.31550497866995736
0.10178932100235476,0.411840317252264,0.37853572986049866,0.4134095510486083,0.18348256848153216,1.1899696178344108,0.19720181584284685,0.48304604769477905,0.474944949598347,0.14663442112591393,0.3667100777976214,0.3381228630672265,0.21543773534941055,0.3031036587590685,0.25662144882916177,0.281101524723676,0.321161138656337,0.3564609082176037,0.45768996633954834,0.5491614275357769,0.34445504120987636,0.36818317734942285,0.35870093304678147,0.5201674792563282,0.36061196827256115,0.3312947366590397,0.2834494279598877,0.20183861255598934,0.45671439575529477,0.12119796842324887,0.27545664527420527,0.3106731981705801,0.23135169751328075,0.5711031993257355,0.11878623565843188,0.09823071476059896,0.27006836712493804,0.2742311871442186,0.46174990237018526,0.21765242040285104,0.2642864512430865,0.3252966084944586,0.4104536214846574,0.037486783596342006,0.31449985526688934,0.4493285748143426,0.6342055165482962,0.09782684612690398,0.6843699714190099
0.11602443041933973,0.2060909682761106,0.1536280379793663,0.386360892960223,0.30589113834875997,0.19720181584284685,0.6533316609436131,0.2792168745043816,0.2970853523225863,0.13225887216217108,0.2520925966349201,0.2948001232149472,0.17790131242140134,0.19699007608518418,0.25405791164376035,0.23520103548376767,0.24900674139385334,0.33135029774239594,0.007232537043842967,0.17300444024352118,0.2356671199157064,0.2428595866459935,0.11211926878904001,0.48227199473177484,0.21362270396785363,0.13681683450855253,0.19546801128050348,0.18050778640438364,0.15004538631347406,0.2523156330446335,0.19208136604940676,0.22241950524790174,0.21740740108059806,0.24603612404712466,0.13565445069878193,0.2492783126456566,0.13275820624157617,0.08084773252875417,0.22388067448066531,0.12208183814081609,0.2207563546301261,0.21952543495735222,0.24423458079877086,0.03657222488516909,0.09076587874060557,0.2848053334477627,0.14083752525786766,0.058587346289413436,0.37186377649344143
0.08851066378302272,0.3835302212384584,0.40184946188165704,0.46130544017235403,0.2982516874453056,0.48304604769477905,0.2792168745043816,1.1808871055156578,0.08057901917573908,0.23199558360453254,0.35266598701829804,0.1567407738311265,0.18962866804191528,0.18630957262782918,0.151829209246812,0.1773485624370206,0.2923298488327293,0.4475508765254292,0.12877635770143822,0.37706133621001486,0.2174502540126865,0.20315334594331982,0.2220202282554775,0.41878366795705885,0.31241311784360065,0.24297621903929442,0.19054469260627172,0.22989153627296477,0.31381097748002273,0.11163999310498235,0.14570189719291252,0.2070249940505942,0.17882101388230892,0.45591642684424855,0.23000315582663886,0.01374520327799081,0.2048269279390683,0.18119537560546486,0.41648532418533224,0.19556613853488014,0.12662075381178794,0.224795545452283,0.33073730076546465,0.04718476941997763,0.3072662011829326,0.43827470625059894,0.66682700311459,0.09361952964201002,0.32271182102673124
0.09019216303289089,0.21873177874626612,0.29237374907954405,0.22212480918705454,0.057237112601007514,0.474944949598347,0.2970853523225863,0.08057901917573908,1.22744204497255,0.00851906226470087,0.226673126650778,0.2570112412041604,0.22351844912428415,0.29843571573380284,0.14840428785483692,0.2688248892126724,0.38581981368725965,0.20081888776938153,0.48104288747390184,0.3788455693175789,0.399510391618412,0.5390296498383951,0.31652660414630823,0.40911811095767153,0.17071698294723348,0.4278456090968929,0.2803363571726435,0.33107767090842716,0.2938054569268968,0.33017974456229143,0.3182517333037806,0.32793773539545934,0.40687344015312477,0.43361619964392584,0.2448108904831674,0.36816838002745456,0.33663413346117554,0.21808689073267934,0.29618580192880317,0.16673870069418187,0.3906422288754058,0.36243657005321,0.41687595438149777,0.04614162813771103,0.19526314975164027,0.47231601877772167,0.36096564953162924,0.020548392223593913,0.4805064342231831
0.09324612950059108,0.30721402122531566,0.34225608877390756,0.18701186045085774,0.18986126703055822,0.14663442112591393,0.13225887216217108,0.23199558360453254,0.00851906226470087,1.1524837677044308,0.25058197176718544,0.33096404701600995,0.11992747470467914,0.29391993846134146,0.35975693553841526,0.2775154572657727,0.2695076928444834,0.38053661760249524,0.01714891380076706,0.0038277805368743686,0.15206703606339173,0.19293624157826597,0.4346127908665519,0.4177269409896861,0.2786380196357655,0.1880479144812657,0.19864018129023558,0.24445763107195517,0.29935458983700375,0.21032865351297858,0.14723535254595913,0.26182967296702775,0.20997590578350264,0.33409803244813174,0.27317181589055356,0.2086574632705562,0.2507050586931699,0.013665089095160787,0.09387428575642207,0.09027982131817466,0.2138680222618401,0.17250423206477533,0.20379541257091816,0.020941629321757298,0.0538071986871277,0.34258798634080767,0.710866872230043,0.04538254392564289,0.16484102110238627
0.08438067878414203,0.22679515500772174,0.21667361876012986,0.3013838479916188,0.19887496004872535,0.3667100777976214,0.2520925966349201,0.35266598701829804,0.226673126650778,0.25058197176718544,0.4768143046973261,0.31800215867452,0.22308759250015758,0.2607309559287054,0.31036475133566543,0.2919313373896102,0.3837871906079863,0.2943103281535721,0.1828925991908749,0.32829670785902415,0.2647100371576444,0.23913937048932843,0.16445408855776442,0.37901887492135194,0.2597467375028984,0.20526155748455938,0.25937056776202494,0.30109162223104824,0.2552837471365791,0.24604370178214358,0.2421767678482666,0.26395898608665685,0.24969008216453945,0.30512373925988123,0.2817382780246126,0.20265995165541953,0.24378024711927912,0.1681826679907093,0.2820827009741336,0.19402838506316303,0.22050883944090377,0.2755396699655195,0.2818108116881326,0.015756930258817296,0.22350503668482094,0.37149467912041034,0.4934727549550552,0.07442578066833769,0.25004990846765945
0.10545387097617812,0.2009251927948388,0.20130923460952732,0.32866853480085023,0.2835686288567933,0.3381228630672265,0.2948001232149472,0.1567407738311265,0.2570112412041604,0.33096404701600995,0.31800215867452,0.6470582001296119,0.1768561525147534,0.30408209770934086,0.32542227368975984,0.3500299843891779,0.35674942217852584,0.2444564020416793,0.18988235326391745,0.22171671077058147,0.25683837378459035,0.25253133774589853,0.18854657683451959,0.36731529282190073,0.29498838281949324,0.20663759422845104,0.2892538620420927,0.2516015322677167,0.24000920457884223,0.21609951963318882,0.23140253788918155,0.3103586456031442,0.24015168788343655,0.280024228305391,0.21527054977189455,0.2608733684768584,0.14951242566155803,0.12169300806634661,0.22511340675787295,0.16688811184672328,0.21258050406113985,0.2691842925350315,0.2395377339587872,0.010756055774603934,0.12937130204728176,0.2988199146836446,0.43000941459498354,0.07172219391320077,0.42868747465475737
0.05337109415917004,0.1032512261019997,0.12062630793669427,0.2121441439277782,0.1404204429842122,0.21543773534941055,0.17790131242140134,0.18962866804191528,0.22351844912428415,0.11992747470467914,0.22308759250015758,0.1768561525147534,0.4331587621529161,0.22261064466987895,0.14168895768289472,0.23955005696744444,0.1963963310508196,0.1739264240594065,0.20233512377255125,0.15395434390757262,0.1722648440303338,0.25736239337736944,0.0513961105112634,0.30324006158297306,0.15808201043988335,0.20485468242403515,0.20033369327699954,0.1793629775734106,0.20821693065874322,0.16019823167491073,0.11190768555970597,0.23176619417510003,0.12998482670352357,0.2137843304280749,0.2118250701904889,0.15206748863641334,0.09058456818496916,0.07634324035435844,0.26050180463346306,0.1520313701080583,0.1176506711397218,0.18026869745678623,0.1989483899500558,0.03236125014624096,0.12668497364780898,0.27052489879472885,0.25640740449040705,0.017362861581602995,0.3309681437165921
0.11000950168487443,0.13740418290373327,0.18222557153268962,0.3179607965472378,0.20050147684711117,0.3031036587590685,0.19699007608518418,0.18630957262782918,0.29843571573380284,0.29391993846134146,0.2607309559287054,0.30408209770934086,0.22261064466987895,0.6029040705047216,0.2720798991156882,0.45283692287559235,0.31631458869567014,0.19474715101572576,0.2868136154990538,0.18943023602772144,0.3069619756263858,0.34718461420930996,0.23195867682555368,0.2877965991661606,0.27992249622503446,0.47086448760711064,0.24961265183984843,0.26347153103284277,0.3128675231160205,0.2078845661918134,0.22151598313176507,0.4909353284407645,0.23324320836621182,0.27379886731810227,0.27370260051520845,0.24483366458640438,0.1747922162721288,0.11839297200730735,0.271084079871607,0.19660845128777227,0.24450770459173968,0.32366462338050295,0.2692652105476086,0.014571978516483772,0.17303640289775601,0.29897660952902666,0.6144744274537463,0.039115227027135685,0.5001972987304701
0.13780752696233825,0.2537581603210231,0.20039393315425358,0.25734709605896544,0.22551054725061145,0.25662144882916177,0.25405791164376035,0.151829209246812,0.14840428785483692,0.35975693553841526,0.31036475133566543,0.32542227368975984,0.14168895768289472,0.2720798991156882,1.435319147681569,0.28712284244694836,0.2077813933294212,0.458505545636448,0.20152882397599725,0.29018852400581324,0.2693435199076462,0.023641823346307104,-0.21201839766112035,0.4523770026085725,0.31865439707301796,0.33070868817721316,0.2270241671475262,0.20678266838079262,0.22964187260703547,0.12977845984738864,0.22454951792308542,0.24519927520515955,0.13850033933776001,0.2612310240406187,0.22433637248181704,0.2064940497190192,0.2367703897213999,0.11054663699777678,0.2324307005456269,0.1750538681477985,0.2342134035785472,0.24450011147377895,0.2074213625673727,-0.02140557062712265,0.24195103620800948,0.1304678993249536,0.19901810853893234,0.13843687612482158,0.3294336307864756
0.09994308047849079,0.143942027124614,0.17041449316189994,0.31055198786293203,0.22399360115721584,0.281101524723676,0.23520103548376767,0.1773485624370206,0.2688248892126724,0.2775154572657727,0.2919313373896102,0.3500299843891779,0.23955005696744444,0.45283692287559235,0.28712284244694836,0.6248276152480199,0.4135446649030206,0.177929215314233,0.23444269497613218,0.20788391249077418,0.3039238355442885,0.35950648470234486,0.1533418193467802,0.3073603884842343,0.29497981541351403,0.3174970938104237,0.2951225376455761,0.32982300505626233,0.3162844401147131,0.300723662154684,0.22416288535996243,0.41062338176880103,0.2492438893749689,0.2818837624888504,0.3511912492046099,0.2701362430127099,0.25466416719220114,0.12684160871145705,0.28730945664547825,0.22544459370084677,0.2492280795173594,0.34636256656816355,0.2801199408293774,0.011145430398214485,0.21129749941525733,0.315750944518471,0.5972165992278013,0.031058100412985776,0.4182985222563522
0.06474394453093583,0.22374763497529596,0.2675270058558984,0.2745150514902774,0.11546067240885176,0.321161138656337,0.24900674139385334,0.2923298488327293,0.38581981368725965,0.2695076928444834,0.3837871906079863,0.35674942217852584,0.1963963310508196,0.31631458869567014,0.2077813933294212,0.4135446649030206,1.0450316780445688,0.1687296010584533,0.21541699761025607,0.44719175524120336,0.3994117523204485,0.34920980725327,0.3791333366014967,0.32682715613520136,0.37788466170453744,0.12085253193925231,0.3580997528129825,0.7293816193543518,0.3268621298927755,0.5806167772451084,0.37957273781723727,0.3176209846810994,0.5997115181912857,0.3700651842769859,0.585383431589633,0.3310327753032735,0.6553089065522357,0.25720781041405744,0.21437716378353497,0.2351267045591709,0.41284460118843425,0.4606583939595096,0.41359055004198264,0.012652330133736709,0.28742640570653993,0.5558417290976381,0.9468641698395139,0.12112832623093782,0.159089619123031
0.09979630926172985,0.45083592110352405,0.26691029438334213,0.30563733117882813,0.261113321607939,0.3564609082176037,0.33135029774239594,0.4475508765254292,0.20081888776938153,0.38053661760249524,0.2943103281535721,0.2444564020416793,0.1739264240594065,0.19474715101572576,0.458505545636448,0.177929215314233,0.1687296010584533,1.2117256961509606,0.050240903747403295,0.12790255877172585,0.2353802639955483,0.19730010057003575,0.17638894166176922,0.7598332822654165,0.2817334288542083,0.25185620083306043,0.2019934517761739,0.20274890650646368,0.1901935678024791,0.12081350250818625,0.20380543961708908,0.20062078385975643,0.19912851400372192,0.35584906244871556,0.20438080018463883,0.1299305808867104,0.12333313856283294,0.0579468977751199,0.31527885262530314,0.18190384625486009,0.15566598694166336,0.16153823177138493,0.36590112781693107,0.01988124575446087,0.3620265568503456,0.2510952284590621,0.3838923014438858,0.07158172319986437,0.41220655128134015
0.07109271798559641,0.019890830688494062,0.2889401608916668,0.09624885210279797,-0.08472027130591721,0.45768996633954834,0.007232537043842967,0.12877635770143822,0.48104288747390184,0.01714891380076706,0.1828925991908749,0.18988235326391745,0.20233512377255125,0.2868136154990538,0.20152882397599725,0.23444269497613218,0.21541699761025607,0.050240903747403295,2.151698916585748,0.3683599223201991,0.3034148424922601,0.31497610842934387,0.011169028679939687,0.009092567209295748,0.2143213788890158,0.19318244032478396,0.23081700863105475,0.27323334212791933,0.21874820174707768,0.37277754743469416,0.24501510410377905,0.21633193395879793,0.3246389329626227,0.18995146512606204,0.1577577508110829,0.567700644056876,0.20911693445725413,0.2313101723085993,0.17616913151589994,0.04621221067512951,0.39988927270450036,0.235318898090207,0.27860172366847236,0.04142867439861951,0.13273701860636133,0.24251659194991282,-0.26483784780302244,0.018095163141638664,0.028580839845318288
0.07173006732216156,0.4253382446787668,0.24510751160958627,0.27880252458155313,0.18209175638427114,0.5491614275357769,0.17300444024352118,0.37706133621001486,0.3788455693175789,0.0038277805368743686,0.32829670785902415,0.22171671077058147,0.15395434390757262,0.18943023602772144,0.29018852400581324,0.20788391249077418,0.44719175524120336,0.12790255877172585,0.3683599223201991,1.2969959323786255,0.2407398984580908,0.20971678758411838,0.32054780784714204,0.3370051228637871,0.26625667761328387,0.11129947058283514,0.3383312762296821,0.36850934765729587,0.3751379673601982,0.5456242528659089,0.44729736951364985,0.19181765130081516,0.26077051048228306,0.5009668351629357,0.351091702924471,0.2239444129743456,0.5339636211648782,0.5582524690441582,0.48211052205296234,0.2857742805950566,0.45941763320817286,0.35110184357293794,0.5604535283897708,0.053166316464706015,0.5339718445751008,0.6751632692301491,0.42972949891687245,0.24451677833211324,0.5088164120384562
0.10841048088387945,0.23182126417682616,0.23647399121843998,0.26050802870499673,0.14355462749405834,0.34445504120987636,0.2356671199157064,0.2174502540126865,0.399510391618412,0.15206703606339173,0.2647100371576444,0.25683837378459035,0.1722648440303338,0.3069619756263858,0.2693435199076462,0.3039238355442885,0.3994117523204485,0.2353802639955483,0.3034148424922601,0.2407398984580908,0.600167597514953,0.3292653923550499,0.2602329931804272,0.20849982583825663,0.2624742490162299,0.32057832706261224,0.25669201284455234,0.3516676478735131,0.26054015621503246,0.3704244985594892,0.32419311208120577,0.3175326388335752,0.4373999691547535,0.272516336086392,0.26358472298321145,0.37552991139038044,0.3437186169683227,0.15857380973761961,0.36033722566716603,0.2134279905337066,0.4331101658453739,0.426590437991359,0.3568854942921298,0.011682606710746314,0.229117875684247,0.3720830616583472,0.6026683864816338,0.09428874613205218,0.33438966091693767
0.09651623405994761,0.17593674161159,0.25696006156054324,0.2523189371827202,0.1359159631522185,0.36818317734942285,0.2428595866459935,0.20315334594331982,0.5390296498383951,0.19293624157826597,0.23913937048932843,0.25253133774589853,0.25736239337736944,0.34718461420930996,0.023641823346307104,0.35950648470234486,0.34920980725327,0.19730010057003575,0.31497610842934387,0.20971678758411838,0.3292653923550499,0.7837763979402237,0.5248121859519279,0.33261700839576974,0.2321589907151452,0.31571250636340703,0.2820707490697298,0.28696007920037564,0.4047652941838944,0.3327685487662613,0.2515706200742014,0.36649541333774693,0.3366259166009365,0.39653535179565413,0.24490852324008552,0.3926309000928678,0.17829460087059265,0.1521294187861865,0.409967509864225,0.1940661264921834,0.2945924795445822,0.32146339772849775,0.3676750349239239,0.05933719632897624,0.1320924060550781,0.5276186802005236,0.5757888532441149,-0.11384822283612911,0.58451234003393
0.06982782565205611,0.12111681270382112,0.1663606430084455,0.22099149162229254,0.3345204333671704,0.35870093304678147,0.11211926878904001,0.2220202282554775,0.31652660414630823,0.4346127908665519,0.16445408855776442,0.18854657683451959,0.0513961105112634,0.23195867682555368,-0.21201839766112035,0.1533418193467802,0.3791333366014967,0.17638894166176922,0.011169028679939687,0.32054780784714204,0.2602329931804272,0.5248121859519279,3.107356169246462,0.5300988373879769,0.5258186072765361,-0.09105892875664752,0.1969732690387898,0.3816047323264738,0.8224192047311765,0.8105411267667653,0.3338026101710237,0.21144113007905674,0.4888088231575601,0.6582865857716352,0.3038398489017114,0.35890321737075875,0.42695884833664965,0.049187626400273965,0.3155858901381504,0.04766769196771114,0.5494900647769658,0.2543212168949291,0.507749021497182,0.16690348930323132,-0.2558640529999466,1.1029123713411813,1.377410293312577,0.08708409773019933,0.32429817067400857
-0.038357138695156195,0.36546765886043353,0.21839009824436112,0.48272862826890484,0.3628099142564665,0.5201674792563282,0.48227199473177484,0.41878366795705885,0.40911811095767153,0.4177269409896861,0.37901887492135194,0.36731529282190073,0.30324006158297306,0.2877965991661606,0.4523770026085725,0.3073603884842343,0.32682715613520136,0.7598332822654165,0.009092567209295748,0.3370051228637871,0.20849982583825663,0.33261700839576974,0.5300988373879769,2.6184088047936918,0.3701664162971262,-0.7511529157600958,0.27617103592100134,0.3840433632131964,-0.03567560494218824,0.8502558452384601,0.4724428256539645,0.2407263105834081,0.39448840305074406,0.23177035540765567,0.3722887630247438,0.19191287908510785,0.4100484551957939,0.15105542556568075,0.3545944671276759,0.17195381256539324,0.5244145053871377,0.1712782890149131,0.4065608014440744,0.06465517687216525,0.08124825368542948,0.6143303539997101,0.6026227342082785,0.1960274808891944,0.9146705296954395
0.11431075687444087,0.21377295895394394,0.2473814439762292,0.2838989982041177,0.2009369847494409,0.36061196827256115,0.21362270396785363,0.31241311784360065,0.17071698294723348,0.2786380196357655,0.2597467375028984,0.29498838281949324,0.15808201043988335,0.27992249622503446,0.31865439707301796,0.29497981541351403,0.37788466170453744,0.2817334288542083,0.2143213788890158,0.26625667761328387,0.2624742490162299,0.2321589907151452,0.5258186072765361,0.3701664162971262,0.951560840104239,0.287673795814397,0.2551184196168951,0.30023388923026106,0.5431669482206295,0.28155620206727044,0.3011329648712027,0.26839906743680586,0.23347298254781418,0.45150937833200905,0.2961478772498551,0.3107645967880448,0.2482427429414952,0.1416157610008417,0.35731933149553646,0.17340594201827905,0.23496888271082397,0.2667626079183524,0.31540975232956625,0.057870727853285,0.22513772017949218,0.392455853292046,0.6288515986671442,0.05811958954019283,0.10027954931312975
0.17068386201558963,0.15868544314388938,0.2501856031540182,0.22967962318899052,0.16899903372416078,0.3312947366590397,0.13681683450855253,0.24297621903929442,0.4278456090968929,0.1880479144812657,0.20526155748455938,0.20663759422845104,0.20485468242403515,0.47086448760711064,0.33070868817721316,0.3174970938104237,0.12085253193925231,0.25185620083306043,0.19318244032478396,0.11129947058283514,0.32057832706261224,0.31571250636340703,-0.09105892875664752,-0.7511529157600958,0.287673795814397,2.5934532956559684,0.15435743468548724,0.03647371420397376,0.6966860230342671,-0.9384611753483089,-0.05728044734071958,0.5299303672502046,-0.15470683755974826,0.5435180703477448,0.22830318773547292,0.04946925484318612,-0.4467538999933345,0.03908329135947245,0.4787269389745946,0.4466237891997912,-0.2162552091772476,0.4080086484186936,0.19694172901467935,-0.056712996172329236,0.5003158977053737,0.014776430935125852,0.34815534262295683,-0.021124127016999155,0.9205873571906881
0.07733338996481466,0.19669420421131417,0.19111195052397945,0.224816655084768,0.14878550857092573,0.2834494279598877,0.19546801128050348,0.19054469260627172,0.2803363571726435,0.19864018129023558,0.25937056776202494,0.2892538620420927,0.20033369327699954,0.24961265183984843,0.2270241671475262,0.2951225376455761,0.3580997528129825,0.2019934517761739,0.23081700863105475,0.3383312762296821,0.25669201284455234,0.2820707490697298,0.1969732690387898,0.27617103592100134,0.2551184196168951,0.15435743468548724,0.7644763272061308,0.3231853677531881,0.18637460199659872,0.33128920329562034,0.35568666435412216,0.26864566061598977,0.2962691824056134,0.33527014660683147,0.31033708678409466,0.3720890320597581,0.25000475778348014,0.17177830680093423,0.2880314886500545,0.2409372145752675,0.3284190968575413,0.2685635012578539,0.4047558063252379,-0.0021409245087837215,0.19427366255737558,0.5461648651890849,0.41369545707023764,0.10750113761489612,0.3628464363417246
0.0473243079625067,0.21261213924189837,0.24689445620838735,0.13582467304711404,-0.0439376086846401,0.20183861255598934,0.18050778640438364,0.22989153627296477,0.33107767090842716,0.24445763107195517,0.30109162223104824,0.2516015322677167,0.1793629775734106,0.26347153103284277,0.20678266838079262,0.32982300505626233,0.7293816193543518,0.20274890650646368,0.27323334212791933,0.36850934765729587,0.3516676478735131,0.28696007920037564,0.3816047323264738,0.3840433632131964,0.30023388923026106,0.03647371420397376,0.3231853677531881,1.7202703973102047,0.12770902694262115,0.8521072279312033,0.3465761297929985,0.2572285621347601,1.1464528763826007,0.20312737343888518,1.2780086569096483,0.31130514481542304,0.9254224938294946,0.22852707077173418,0.028813946687129277,0.28147414338508664,0.4597035832419447,0.3420689766565888,0.39761555983086366,0.016963278342483908,0.21449040297756797,0.6734328967975062,0.7700035201270459,0.23616708403870718,0.14608506585872288
0.12110801407580535,0.2648985326764279,0.3762426738480955,0.2535944020916669,0.11708734093700514,0.45671439575529477,0.15004538631347406,0.31381097748002273,0.2938054569268968,0.29935458983700375,0.2552837471365791,0.24000920457884223,0.20821693065874322,0.3128675231160205,0.22964187260703547,0.3162844401147131,0.3268621298927755,0.1901935678024791,0.21874820174707768,0.3751379673601982,0.26054015621503246,0.4047652941838944,0.8224192047311765,-0.03567560494218824,0.5431669482206295,0.6966860230342671,0.18637460199659872,0.12770902694262115,2.782405064540298,0.2504599202839223,-0.4931067699612402,0.321625781942153,-0.016231125034257412,1.0690323776643618,0.20319665054081107,0.21802719769536846,0.6803322073895983,0.039122134411979696,0.09051768910068807,0.20254270111267883,-0.21067115940991094,0.29689231946088934,0.19360082967809988,-0.08706678434275567,0.40801615527644935,0.545051316845404,0.9230386855920939,-0.043480044844904656,0.7326155455232992
0.030543130376185845,0.12761187936925386,-0.042481143656911004,0.17479292558730922,0.13656584207393746,0.12119796842324887,0.2523156330446335,0.11163999310498235,0.33017974456229143,0.21032865351297858,0.24604370178214358,0.21609951963318882,0.16019823167491073,0.2078845661918134,0.12977845984738864,0.300723662154684,0.5806167772451084,0.12081350250818625,0.37277754743469416,0.5456242528659089,0.3704244985594892,0.3327685487662613,0.8105411267667653,0.8502558452384601,0.28155620206727044,-0.9384611753483089,0.33128920329562034,0.8521072279312033,0.2504599202839223,3.305547691776252,0.4696773581858985,0.17078255387788396,0.8645374367814702,-0.14191584289264472,0.9550739977252404,0.7254373739564998,1.5396898224513216,0.35162842578446063,0.03610010622460176,-0.03148002832253567,1.6471057157422035,0.3575300881293894,1.1419059795717315,0.27601942160746445,0.2588889475647926,1.0908549716040346,1.0225311132148682,0.3968326298301302,0.32541766323147253
0.09089786891895493,0.19588140360122627,0.13819267780916236,0.23690304703678627,0.28176024288099216,0.27545664527420527,0.19208136604940676,0.14570189719291252,0.3182517333037806,0.14723535254595913,0.2421767678482666,0.23140253788918155,0.11190768555970597,0.22151598313176507,0.22454951792308542,0.22416288535996243,0.37957273781723727,0.20380543961708908,0.24501510410377905,0.44729736951364985,0.32419311208120577,0.2515706200742014,0.3338026101710237,0.4724428256539645,0.3011329648712027,-0.05728044734071958,0.35568666435412216,0.3465761297929985,-0.4931067699612402,0.4696773581858985,1.8804869148170875,0.21720456290739207,0.3878084776781963,0.08482006058263362,0.20749478696926543,0.9206531139736978,0.21740616966195628,0.27104626833804385,0.2527966297338996,0.06032477044083028,0.8331205019170734,0.26674066274784697,0.34562894119210125,0.10953285938976247,-0.00659265743434152,0.3577161272976272,0.467836235640271,0.07619951623994935,-0.42216540912017003
0.10828506328544947,0.15894127563813323,0.19539048048821497,0.3064951709409584,0.2020090749516315,0.3106731981705801,0.22241950524790174,0.2070249940505942,0.32793773539545934,0.26182967296702775,0.26395898608665685,0.3103586456031442,0.23176619417510003,0.4909353284407645,0.24519927520515955,0.41062338176880103,0.3176209846810994,0.20062078385975643,0.21633193395879793,0.19181765130081516,0.3175326388335752,0.36649541333774693,0.21144113007905674,0.2407263105834081,0.26839906743680586,0.5299303672502046,0.26864566061598977,0.2572285621347601,0.321625781942153,0.17078255387788396,0.21720456290739207,0.5779718204215707,0.23794664138435115,0.3010385038127303,0.26043118524862785,0.2565594337656857,0.13629226871420197,0.11693625679937773,0.2767187296922694,0.20256641419335003,0.22648000313255048,0.334444659394651,0.27021168063512646,0.013632354239457642,0.18143306530848785,0.30992255460717727,0.5981953796906779,0.027693270378874896,0.48102721023219186
0.07615060414991325,0.18487668238856672,0.20241635036829467,0.19915262233391928,0.12373374759989168,0.23135169751328075,0.21740740108059806,0.17882101388230892,0.40687344015312477,0.20997590578350264,0.24969008216453945,0.24015168788343655,0.12998482670352357,0.23324320836621182,0.13850033933776001,0.2492438893749689,0.5997115181912857,0.19912851400372192,0.3246389329626227,0.26077051048228306,0.4373999691547535,0.3366259166009365,0.4888088231575601,0.39448840305074406,0.23347298254781418,-0.15470683755974826,0.2962691824056134,1.1464528763826007,-0.016231125034257412,0.8645374367814702,0.3878084776781963,0.23794664138435115,2.4333223208128576,0.00936581736069619,0.16868439099496665,0.3681234906867846,1.4197093920093458,0.23201677392450756,-0.35474637689257266,-0.15488106206882665,0.7081288412667318,0.4601880674235134,0.45926890688515387,-0.04634213885890162,-0.3638288697846293,0.42216670409228263,0.7437387812435442,0.3366766886380395,0.15796643826312534
0.03669022670350198,0.3782153260065445,0.44876479542079306,0.36835168016220915,0.11341124814405641,0.5711031993257355,0.24603612404712466,0.45591642684424855,0.43361619964392584,0.33409803244813174,0.30512373925988123,0.280024228305391,0.2137843304280749,0.27379886731810227,0.2612310240406187,0.2818837624888504,0.3700651842769859,0.35584906244871556,0.18995146512606204,0.5009668351629357,0.272516336086392,0.39653535179565413,0.6582865857716352,0.23177035540765567,0.45150937833200905,0.5435180703477448,0.33527014660683147,0.20312737343888518,1.0690323776643618,-0.14191584289264472,0.08482006058263362,0.3010385038127303,0.00936581736069619,2.2493403672166674,0.3601824929521099,0.1610470825032243,0.5239522991306763,0.12255056360356359,0.24446646796378496,0.12913833093427152,0.40245047572566317,0.31715527629712975,0.5969697724319639,0.15669142296227753,0.300580654944111,0.266243350529903,0.6811296195512563,-0.007984281939825949,0.4177976508528404
0.027359102519766733,0.206025855330701,0.2386732820056672,0.03407119186218833,-0.2023871980067657,0.11878623565843188,0.13565445069878193,0.23000315582663886,0.2448108904831674,0.27317181589055356,0.2817382780246126,0.21527054977189455,0.2118250701904889,0.27370260051520845,0.22433637248181704,0.3511912492046099,0.585383431589633,0.20438080018463883,0.1577577508110829,0.351091702924471,0.26358472298321145,0.24490852324008552,0.3038398489017114,0.3722887630247438,0.2961478772498551,0.22830318773547292,0.31033708678409466,1.2780086569096483,0.20319665054081107,0.9550739977252404,0.20749478696926543,0.26043118524862785,0.16868439099496665,0.3601824929521099,2.6618807061007614,0.1627877258400597,0.5788175481170071,0.17372876774528076,0.2436421589372828,0.7205300701207493,0.11347452723584919,0.2509195021244404,0.3843953751209042,0.06875842238061487,0.8604331062334613,0.9118638564464417,0.7223731383783244,0.15342957807950483,0.1733741581131556
0.12009737140368355,0.1567896877678856,0.3173484522323379,0.18539102956689962,0.14578995429767988,0.09823071476059896,0.2492783126456566,0.01374520327799081,0.36816838002745456,0.2086574632705562,0.20265995165541953,0.2608733684768584,0.15206748863641334,0.24483366458640438,0.2064940497190192,0.2701362430127099,0.3310327753032735,0.1299305808867104,0.567700644056876,0.2239444129743456,0.37552991139038044,0.3926309000928678,0.35890321737075875,0.19191287908510785,0.3107645967880448,0.04946925484318612,0.3720890320597581,0.31130514481542304,0.21802719769536846,0.7254373739564998,0.9206531139736978,0.2565594337656857,0.3681234906867846,0.1610470825032243,0.1627877258400597,3.164972287998963,-0.6005818101273219,0.11949238537703143,0.2180682874245981,0.1819614564817297,0.9726465570804573,0.22263036649640122,0.30236113546830706,-0.007011772928031371,-0.29336738147757035,0.629770722693422,-0.3636232067943174,-0.08812963828850241,-1.2715670519231226
0.05774548444298241,0.25465561006426546,0.21094025427355578,0.17454998759838655,0.16742573986083611,0.27006836712493804,0.13275820624157617,0.2048269279390683,0.33663413346117554,0.2507050586931699,0.24378024711927912,0.14951242566155803,0.09058456818496916,0.1747922162721288,0.2367703897213999,0.25466416719220114,0.6553089065522357,0.12333313856283294,0.20911693445725413,0.5339636211648782,0.3437186169683227,0.17829460087059265,0.42695884833664965,0.4100484551957939,0.2482427429414952,-0.4467538999933345,0.25000475778348014,0.9254224938294946,0.6803322073895983,1.5396898224513216,0.21740616966195628,0.13629226871420197,1.4197093920093458,0.5239522991306763,0.5788175481170071,-0.6005818101273219,6.980650390249735,0.39405308723988536,-1.5909510759820071,-0.6884808572268544,1.285566189789548,0.44003026482459867,0.7439778344555598,0.0008163784327201983,-0.0887427223613578,0.699781108148052,1.2344292715108756,0.5063108394920279,0.37889269188880753
0.05541999853476215,0.20090962535545653,0.14351582141043864,0.13810340451490058,0.07915456890490756,0.2742311871442186,0.08084773252875417,0.18119537560546486,0.21808689073267934,0.013665089095160787,0.1681826679907093,0.12169300806634661,0.07634324035435844,0.11839297200730735,0.11054663699777678,0.12684160871145705,0.25720781041405744,0.0579468977751199,0.2313101723085993,0.5582524690441582,0.15857380973761961,0.1521294187861865,0.049187626400273965,0.15105542556568075,0.1416157610008417,0.03908329135947245,0.17177830680093423,0.22852707077173418,0.039122134411979696,0.35162842578446063,0.27104626833804385,0.11693625679937773,0.23201677392450756,0.12255056360356359,0.17372876774528076,0.11949238537703143,0.39405308723988536,0.7823205870994302,0.1269293962908554,0.09868585861718679,0.19385667902777662,0.21399125724699095,0.31174641489584454,0.12395668287070037,0.23159533697478107,0.4168604479896451,0.36416334443475146,0.1750423260452228,0.05754570570614974
0.07855712852967596,0.25400043058158017,0.11663063308041498,0.3031563842839839,0.19559669820680714,0.46174990237018526,0.22388067448066531,0.41648532418533224,0.29618580192880317,0.09387428575642207,0.2820827009741336,0.22511340675787295,0.26050180463346306,0.271084079871607,0.2324307005456269,0.28730945664547825,0.21437716378353497,0.31527885262530314,0.17616913151589994,0.48211052205296234,0.36033722566716603,0.409967509864225,0.3155858901381504,0.3545944671276759,0.35731933149553646,0.4787269389745946,0.2880314886500545,0.028813946687129277,0.09051768910068807,0.03610010622460176,0.2527966297338996,0.2767187296922694,-0.35474637689257266,0.24446646796378496,0.2436421589372828,0.2180682874245981,-1.5909510759820071,0.1269293962908554,3.769040503201848,1.232980039099259,-0.17835495401118368,0.30070919985311273,0.5333506897411774,0.19959993918078492,1.3785398593616147,0.44194978734956036,0.5648956643952875,0.08358916399609718,1.4278793767316673
0.01823084650992238,0.10907814905567606,-0.04265203526253711,0.14550967272273577,0.07055985162980215,0.21765242040285104,0.12208183814081609,0.19556613853488014,0.16673870069418187,0.09027982131817466,0.19402838506316303,0.16688811184672328,0.1520313701080583,0.19660845128777227,0.1750538681477985,0.22544459370084677,0.2351267045591709,0.18190384625486009,0.04621221067512951,0.2857742805950566,0.2134279905337066,0.1940661264921834,0.04766769196771114,0.17195381256539324,0.17340594201827905,0.4466237891997912,0.2409372145752675,0.28147414338508664,0.20254270111267883,-0.03148002832253567,0.06032477044083028,0.20256641419335003,-0.15488106206882665,0.12913833093427152,0.7205300701207493,0.1819614564817297,-0.6884808572268544,0.09868585861718679,1.232980039099259,1.7071722983736854,-0.33940410819272454,0.23431972634527123,0.25277797815931485,-0.1902052953448289,1.2631987523687715,0.6891146080447148,0.36885838778169344,0.06745300348088483,0.47774868832498435
0.07192906215003814,0.1941948960394063,0.1308168043795468,0.23465432750531123,0.22337854900922044,0.2642864512430865,0.2207563546301261,0.12662075381178794,0.3906422288754058,0.2138680222618401,0.22050883944090377,0.21258050406113985,0.1176506711397218,0.24450770459173968,0.2342134035785472,0.2492280795173594,0.41284460118843425,0.15566598694166336,0.39988927270450036,0.45941763320817286,0.4331101658453739,0.2945924795445822,0.5494900647769658,0.5244145053871377,0.23496888271082397,-0.2162552091772476,0.3284190968575413,0.4597035832419447,-0.21067115940991094,1.6471057157422035,0.8331205019170734,0.22648000313255048,0.7081288412667318,0.40245047572566317,0.11347452723584919,0.9726465570804573,1.285566189789548,0.19385667902777662,-0.17835495401118368,-0.33940410819272454,3.741633078507639,0.28499681966240803,0.5105031348326469,0.19354415716499893,-1.3756051579698139,1.089348067540151,0.6438209045744643,0.48081619301206285,0.567610107831762
