0.6557893667794056,0.34499222284498926,0.549563215119724,0.11592732019066607,0.17749095888107366,0.18220682820392406,0.20075474092907183,0.15774358485566958,0.15673781132938222,0.14205071349492054,0.160138323097933,0.17996020706036875,0.14698231249348814,0.16610386222678072,0.13159244937399614,0.149822973589925,0.14959714395883092,0.17947733134303714,0.12265386079334004,0.15345842390655154,0.14709605799714598,0.16046306225497514,0.11657219555734404,0.09969997272640449,0.14988892629891407,0.13396352803944495,0.15501503172881093,0.10922793950003842,0.1598336544945458,0.11260903906468901,0.13882396388625592,0.16368744851080982,0.09996336229588249,0.08222740415184315,0.11755994013906307,0.127702352476781,0.174938083933033,0.10997298314928629,0.12492382768113351,0.06967306677624088,0.12548712053783892,0.13695238777776939,0.1870575307654433,0.11132183505093614,0.15790127651805033,0.12731675600631273,0.15230665188377454,-0.0022401053083863386,0.1543977238003777,-0.05391380409568793,0.015275557131621431,0.019539638418938087,0.01628934013014652,0.013597921750552158,0.009077070480521272,0.0173735602414898,0.01954013482939824,0.13399015189109673,-0.2078084604154939,0.03905941927067214
0.34499222284498926,8.486068809963502,0.8723193925414986,0.19588348585873874,-0.02917203109585964,0.32427722262169323,0.23451697600668217,0.14863732753288394,0.22305611487540888,0.293027556865509,0.31592636876605024,0.3302234911255294,0.3500400110791711,0.22455701057112215,0.21215625049113562,0.23880495733816023,0.415824535506434,0.6828113802368004,0.1639043403199708,0.4173433461636638,0.44509551405699027,0.24850587503027405,0.03455786747922057,0.11594335061952571,0.32463857342315483,0.1217628827083789,0.6515641140615878,0.37528974813206045,0.8333548042784016,0.23599835794188143,0.37773499837280905,0.4022167189377845,0.2304105412323617,0.34099712759111256,0.34871522059843396,0.4122747620982564,1.168196135486634,0.2606364343417074,0.02711466345270559,-0.3012115531381754,0.29710475743087256,0.36553029152441857,0.39686761707019885,-0.01114251489852314,0.556596377638947,0.28748235817475837,0.4046224092119219,0.015638712091296036,0.5844091028719912,-0.657439961127637,0.4504013369490479,0.2501792778757102,-0.017932793395638545,0.15668413641710263,-0.8291876480960236,-0.2938482015922535,-0.28735535820561753,0.15389976354702092,0.9871835052222528,0.5509267663927033
0.549563215119724,0.8723193925414986,5.730225277649298,0.5282922207374648,0.745974090765031,0.8989718189381114,0.48090481858833073,1.3050641049794678,0.7429829096910745,1.0902729003763614,0.8736986786759738,0.8082307256246479,0.980616907246565,0.6079695731945124,0.6148804050728897,0.6959496409670155,0.7828876870058367,0.7556908597581233,1.2397571500203817,0.6367483629969876,0.7672955067823113,0.7644781747532986,0.608418589827786,0.6148140405056359,0.7103374203088493,0.5230795624699213,0.7043919430285943,0.5201746398333305,0.9582859884065978,0.4092235651903392,0.6452479022124612,0.6337481385448672,0.3737914470646714,1.0031793210709559,0.8256574535333112,0.7420958691406778,0.7450205812923568,0.41587735636073475,1.134841039565544,0.4129007974148844,0.7545254351425437,0.6750494424765727,0.7229316078120458,0.6375024474952463,0.3828989946050369,0.5838121049211991,0.7354226646399513,-0.024396647742400093,0.14466111489645903,-0.10792200055560316,0.018640410707296117,0.044664794938930684,0.1480485402392885,0.039222365443039024,-0.09049113039189906,0.2931809246640981,-0.4400194778142088,-0.2868834805432197,0.27899073843701017,0.13581563870496716
0.11592732019066607,0.19588348585873874,0.5282922207374648,1.056078011794498,0.7082716449515901,0.4591047338136722,0.38778296889030295,0.336489751713421,0.30094619828223884,0.2722979014578388,0.3257266860088042,0.395072002272689,0.35253513655645496,0.35609080526711195,0.3083353961274052,0.4026708510530849,0.3129682797738028,0.2549734091587185,0.275659741904474,0.32230173747062607,0.2935857694660403,0.3558335199988731,0.19907139931744042,0.21936077348106484,0.217256867285399,0.2601639129310843,0.28113894452799076,0.14747500481279316,0.36128934259020157,0.09654040749026947,0.2486527198123617,0.3591852174352794,0.20891475292056666,0.4105137595619508,-0.016873422643690208,0.3376856064379756,0.4241662843038425,0.2123357442901596,0.2754554397447636,0.08780031080511326,0.16356111008220228,0.2797297816420288,0.3190419231843366,0.1758259991655059,0.17421609366735183,0.23056314181173515,0.24010363956867684,-0.004214288155362069,0.2025339597346396,0.17573898941557067,-0.05847653243643434,0.033465641546724795,-0.11716416909432634,-0.1509485188260044,-0.08762864137748384,0.09348953870576361,-0.3915965713458135,0.2834380732462058,-0.0281133786874446,0.05572366799313135
0.17749095888107366,-0.02917203109585964,0.745974090765031,0.7082716449515901,1.6479797674084586,0.4154806546191855,0.335471818387571,0.3421044031916481,0.16508896981982443,0.320908760356704,0.3393112136758928,0.4679001988244237,0.3690189908886727,0.32879672676813215,0.2740523292589499,0.4595470612072837,0.2733379861628033,0.261374763228424,0.31228246921164815,0.2718345320296363,0.20044857191259635,0.31335795097589714,0.19725477492187385,0.19423778289196295,0.19133653625419292,0.27028286344905134,0.28471641738758136,0.05196640784870484,0.30658883366389333,-0.02470823532506825,0.23837492295815838,0.23815183503818468,0.2041173996168815,0.34331675403315315,-0.09111650017188143,0.3353028473128075,0.29993499461026346,0.1623741934726489,0.3192940473937672,0.21885141085353532,0.20708261957149657,0.23659595358832397,0.16225472189280118,0.17005839538512307,-0.0630627172789418,0.18441366976832194,0.156467907656638,0.00025261825217400425,0.018758852519959283,-0.031441970629703865,0.05448364814830422,-0.038064483991682094,0.007200851695484639,-0.13706481608111276,-0.16800325740270292,0.2064222212810679,-0.29135286931053583,0.2450630213222684,-0.17483834810638155,-0.29938661170681635
0.18220682820392406,0.32427722262169323,0.8989718189381114,0.4591047338136722,0.4154806546191855,1.1285712735507667,0.3317477423906178,0.20680202089510574,0.3571378388042664,0.30893809170181086,0.39152743950568875,0.3443408317578181,0.34522860023211055,0.344403539231253,0.2979907591189347,0.3558800516769047,0.3650843566704104,0.28426662773592815,0.33908989100117465,0.5231044404836926,0.41568312282295916,0.38640804157027736,0.26367656174524834,0.3432930457931847,0.38929537748356446,0.27337919008629363,0.33889877604895124,0.29825829857467556,0.5425254336738932,0.24768477008664194,0.3171211334542843,0.5204467376150637,0.09573800376451029,0.5194079105136541,0.12247675113483379,0.38250936109535716,0.4786050785759747,0.32557192468046026,0.29915278601181605,0.1881233889706428,0.12025399027956052,0.3557396609320845,0.4787320396025716,0.26908412565132267,0.48936945116495933,0.26063133547857376,0.4835061598603253,-0.0056874135431211024,0.404130978277018,0.09507097704308268,-0.14411212676299653,0.11283295281493186,-0.257900422231812,0.180022000291105,-0.032068395072528594,0.12113630149520987,-0.11190981449208136,0.03160179136939143,-0.013356527639730064,0.4289160666919305
0.20075474092907183,0.23451697600668217,0.48090481858833073,0.38778296889030295,0.335471818387571,0.3317477423906178,0.6214857652810061,0.1460501920033377,0.41497225648123814,0.19936687530897443,0.30897327702347427,0.3740567958871535,0.29427292339036665,0.19053741855627326,0.24357546175697592,0.295721591741185,0.3153790200275007,0.21957937080787815,0.24139901120965956,0.24775882813989822,0.29630123087917554,0.36846252660722467,0.13748659159127216,0.23568204844498403,0.2373344016786592,0.17673118175207725,0.2588934150728442,0.207398348518952,0.2658128986220383,0.16392763581851452,0.2824975623852939,0.27254700315818986,0.22299037473906747,0.3089079353738907,0.09102598501836887,0.32475492180222804,0.35038781442408873,0.1799164803400366,0.1640128798659347,0.033185600973915,0.09870392390871816,0.26873238067837063,0.2493226365051506,0.1439970221834823,0.24976150748032466,0.2549790443953596,0.15592128148369125,-0.015793802782589496,0.3763270552318223,0.1396588048046072,-0.01321669138574878,-0.08388061632757901,-0.07231157052639418,-0.07785091259757274,-0.020360568138167043,0.12820605456384943,-0.059941830903515125,0.043571843282529096,-0.175526181960888,0.21626610240150912
0.15774358485566958,0.14863732753288394,1.3050641049794678,0.336489751713421,0.3421044031916481,0.20680202089510574,0.1460501920033377,1.2746741068163248,0.21824911913368475,0.3590108721340803,0.3711466088952308,0.23353686139294136,0.5431070316252263,0.3314618340588575,0.24770877376365677,0.3287173071440499,0.31988297016289274,0.35831631132096703,0.5615401630472985,0.3724913484540661,0.34767212124323255,0.2927590766961202,0.21936257071888304,0.18316776036301596,0.2930501968489156,0.34614934916131285,0.30636443265159274,0.19164616747198096,0.4054529924561591,0.113703680945356,0.2866783984166947,0.29247958233444077,0.09379737869022564,0.499747835629881,0.44935085549976567,0.23839270797801118,0.3699781203780189,0.19992240631386315,0.8399684382836253,0.19336856458829865,0.38275861483690937,0.2857854952138329,0.4039971013602132,0.2593826098495628,0.2621330143724893,0.29619026851258135,0.3556926810366257,0.003492363384129687,0.23019174077689208,0.17628815159381522,-0.05752889590506922,0.11329583762655548,-0.041180446034378676,-0.19513700498285413,-0.12662458415112476,0.010656018024230916,-0.11785451492402263,0.23962280659886476,-0.11414743007648287,0.03579840878054453
0.15673781132938222,0.22305611487540888,0.7429829096910745,0.30094619828223884,0.16508896981982443,0.3571378388042664,0.41497225648123814,0.21824911913368475,1.1740121140718243,0.10988870136347546,0.3091408818774877,0.3086040617515986,0.4222959503008061,0.2173309348890895,0.38099572448832547,0.23077591298296318,0.36596055583342796,0.21538422127127935,0.6078450915830753,0.2948442826550532,0.4011046582807865,0.6712977237366013,0.12312318631579673,0.33397390644865915,0.27822592416595904,0.23825909891506533,0.3015982169170471,0.2919172123674594,0.28241427475705916,0.29287642491028487,0.3977071650606299,0.3395401465019668,0.3203953892486632,0.4476865440369779,0.20160044035977126,0.37862035426861024,0.44021713680672836,0.2358593861710564,0.3246236126321607,0.018193039225605015,0.1491892511445154,0.3359913109041364,0.29570553314199705,0.21249620738974637,0.2648367858578428,0.34773923783645855,0.21992602034077482,-0.04188101294206926,0.7952058779547305,0.12786761969965743,0.0673963624724501,-0.2150399681154665,0.07213613387141415,-0.08814868377148719,0.0022635064493673803,0.16147008441138352,-0.002754367982521447,-0.07195006501192017,-0.12084548915282221,0.40364050672940877
0.14205071349492054,0.293027556865509,1.0902729003763614,0.2722979014578388,0.320908760356704,0.30893809170181086,0.19936687530897443,0.3590108721340803,0.10988870136347546,0.8555279299074751,0.2880543850832205,0.2459619323863721,0.30307209217162756,0.2373406554223781,0.21978211717239404,0.31126563841416277,0.28148585615980704,0.34017213553059966,0.2276954301697198,0.14725933304436534,0.2485012694193916,0.23807740423465437,0.2926095315359349,0.25743042322883847,0.266388740444032,0.14935184588743153,0.2563689330462428,0.23214470383217564,0.34870140850369463,0.2671781050398464,0.2510576247668957,0.28083194362583436,0.1290080579674124,0.35430577645898176,0.28166021228688504,0.3085600841740778,0.27223179315796847,0.10701533655364387,0.2945493587088126,0.13946424335706586,0.314333349615089,0.2408098371911878,0.1968038086655453,0.24869955043495406,0.05052124579084494,0.18264172340987458,0.3883539705270185,-0.014548262115535499,0.0196657195303544,0.04389018458391186,0.04914845916498191,-0.04255018831956398,-0.08980148584444278,0.09863828360607585,0.035370989200702134,0.10078465158661287,-0.13288654319459456,-0.2767327021274214,0.24707453162822393,0.07984721555054
0.160138323097933,0.31592636876605024,0.8736986786759738,0.3257266860088042,0.3393112136758928,0.39152743950568875,0.30897327702347427,0.3711466088952308,0.3091408818774877,0.2880543850832205,0.5932650309957838,0.40626042148241825,0.37734551752590184,0.2553426835628552,0.3195609030287157,0.32064335258082377,0.3811332804941043,0.3039273337464478,0.21355644711329214,0.36319770013589153,0.31892524204557865,0.32227956444786593,0.21446997831024617,0.2509587831470985,0.24904525081075157,0.25688497500295954,0.29060129776233384,0.24417338667342053,0.3594836807625859,0.14438059339637904,0.29812264134758354,0.30877793708297846,0.1513335340911181,0.3867203782915927,0.3267091449563188,0.3269378718504434,0.3155716687320858,0.22325963669189317,0.33622148460957624,0.08005786244588785,0.23495231803650957,0.29580761153011986,0.31066378063308264,0.21071345214642365,0.2227747871142644,0.2648198842872998,0.2908497126202127,-0.005256622989509426,0.20286707407274998,-0.11871150649971261,0.013709217085971778,0.07758989255364573,0.04215640063635442,-0.004091248347782265,-0.11314376053238827,0.08601738216237331,-0.11311183328174958,0.09914940940591994,-0.11083950782863712,0.15933237687096083
0.17996020706036875,0.3302234911255294,0.8082307256246479,0.395072002272689,0.4679001988244237,0.3443408317578181,0.3740567958871535,0.23353686139294136,0.3086040617515986,0.2459619323863721,0.40626042148241825,0.7776618340459317,0.32875921360513183,0.26979653839000767,0.3163667595911078,0.38537933823955156,0.3772271957752767,0.27264700027370653,0.2749111041191763,0.27695069474030476,0.26711002608693224,0.34467949482883037,0.1755785903207028,0.20940859374487267,0.23499451544439112,0.24368703327127825,0.33225087361433236,0.1776568365421679,0.3073575893704832,0.024361664873299858,0.2614182409934488,0.286847725919607,0.1763973011199486,0.3444308812327952,0.2628957776115875,0.3298974966298021,0.26649787915734147,0.1901279310122063,0.18048855015825,0.05728480184306173,0.17614940868582846,0.2745265172517289,0.29128720437505834,0.14833926131681205,0.17420032160599475,0.24886325880681243,0.17869624232797066,-0.0039547015722824555,0.20809326858749302,-0.2715157132166771,-0.056572752561235354,0.20981484083626525,0.10467215831691265,-0.06813394050723028,-0.13633335446808922,0.16457166772047968,-0.14205810768197713,0.1980225010847362,-0.31434516018220887,0.03342803220210391
0.14698231249348814,0.3500400110791711,0.980616907246565,0.35253513655645496,0.3690189908886727,0.34522860023211055,0.29427292339036665,0.5431070316252263,0.4222959503008061,0.30307209217162756,0.37734551752590184,0.32875921360513183,0.9289124985500028,0.27948185850650065,0.1874922180507027,0.35417883190548416,0.37598343333515644,0.2444970594121196,0.6109686568591339,0.34536668451043756,0.39866311097805956,0.4098577457078501,0.19520514831581579,0.280930744594087,0.30676730507158173,0.3354767502174074,0.3510874949748978,0.28740288277910964,0.4481808030308431,0.12853203758510465,0.29488902747853946,0.301582524506208,0.17073681667388868,0.46046498465680563,0.41970064279034797,0.3203612925924352,0.3420469744079283,0.19710376111245986,0.7083583537035821,0.1730307069424818,0.3555584986711054,0.3272847398931414,0.3095653480908253,0.35211513661442917,0.13070360972931058,0.3051226194095692,0.20370235677543,-0.014454167014979308,0.2964079186982445,0.1384868909303418,-0.060120382719029454,-0.0363031815786214,-0.018247272459839696,-0.03862935339057156,-0.05156990600840548,0.012466995339013286,-0.19310730721769864,-0.16005653586739335,0.3044530354175252,0.1270367893056976
0.16610386222678072,0.22455701057112215,0.6079695731945124,0.35609080526711195,0.32879672676813215,0.344403539231253,0.19053741855627326,0.3314618340588575,0.2173309348890895,0.2373406554223781,0.2553426835628552,0.26979653839000767,0.27948185850650065,0.5340255324223585,0.29984641556531993,0.3202091721372501,0.2643841766164588,0.1968835680417502,0.25417416582242763,0.3101740645888876,0.2267429753044072,0.27508723184971356,0.13879041598930367,0.19481474857832204,0.22825541888466705,0.24640038822779842,0.2568907399666962,0.1717811738882439,0.3280320862682033,0.10605217042648131,0.2178784173558135,0.4927923383683157,0.08416798150209548,0.37292984163468934,0.20575342991486584,0.21946711830520862,0.3132680154980933,0.20267715879409803,0.22371541341392667,0.06483152419905941,0.2545972518269399,0.23109992471923602,0.2917358669536443,0.1564709511182661,0.12630732904323366,0.18320747962262576,0.22875512147833157,0.00419274174700915,0.387367455894427,0.044488769619806266,-0.03354520931268082,0.08672951518524044,-0.04965068771284756,-0.028524570160744365,-0.12043489058442838,0.09971768148028276,-0.20814864046713002,0.15139695153376823,-0.014209149958520295,0.06804216415467984
0.13159244937399614,0.21215625049113562,0.6148804050728897,0.3083353961274052,0.2740523292589499,0.2979907591189347,0.24357546175697592,0.24770877376365677,0.38099572448832547,0.21978211717239404,0.3195609030287157,0.3163667595911078,0.1874922180507027,0.29984641556531993,0.9958750842449936,0.27073051136142223,0.3579476035769016,0.2758150022514227,0.30286705409738596,0.34209707074768353,0.27476113087972626,0.3144842470275707,0.09237810552292226,0.20198407085289244,0.2329413385280025,0.22595097449959584,0.2246251174459318,0.3158079274740115,0.3529157389589,0.12197982862973607,0.3187663410542495,0.343897141139221,0.17115253887417187,0.37932410234131053,0.19338578698343364,0.20778005236307498,0.4845736785707438,0.2156285629196861,0.2909173322685262,0.06551317230811704,0.23863856285074123,0.2730253258309585,0.35711271443152764,0.13461139857622123,0.25918439901245693,0.2415462367664349,0.2026986275189522,-0.005993550783353974,0.349706322041049,0.4103785720911626,-0.17545317516602005,0.3046121313430237,-0.4219580833551515,-0.1488621931404109,-0.06529428962827788,0.20454228212822778,-0.2662802441280988,0.18980067167471187,-0.13823467075519333,0.09503678286494484
0.149822973589925,0.23880495733816023,0.6959496409670155,0.4026708510530849,0.4595470612072837,0.3558800516769047,0.295721591741185,0.3287173071440499,0.23077591298296318,0.31126563841416277,0.32064335258082377,0.38537933823955156,0.35417883190548416,0.3202091721372501,0.27073051136142223,0.7654551319633588,0.38028778555414194,0.2997161698076584,0.26848655930191717,0.21272762532215075,0.28094876934006435,0.4848585448117671,0.247507563364967,0.22750166736351635,0.21652185469044397,0.2537667958117161,0.315766770087087,0.23223866633604803,0.35757616414127585,0.08048226988545222,0.260598000357707,0.33098346321100824,0.10695129574403496,0.4113935064276971,0.3604932153597335,0.2998143549725632,0.28524034408397286,0.17420898218326722,0.3154385113254296,0.10281810627281317,0.30133389746650213,0.2981849434923827,0.3550136553067576,0.28865044282363056,0.14960198740885,0.23096319397053286,0.26421572446782166,-0.05058695612538696,0.24418148602736292,-0.10405559418257206,0.0272543918233998,-0.0418903482362184,0.01226554902653516,-0.026785582797445116,-0.10569563986081583,0.13563376959086132,-0.22074202551294775,0.15407363908721833,-0.11319758822647569,0.0595762781244292
0.14959714395883092,0.415824535506434,0.7828876870058367,0.3129682797738028,0.2733379861628033,0.3650843566704104,0.3153790200275007,0.31988297016289274,0.36596055583342796,0.28148585615980704,0.3811332804941043,0.3772271957752767,0.37598343333515644,0.2643841766164588,0.3579476035769016,0.38028778555414194,0.7172529026236637,0.2875495284310775,0.28387243934267004,0.3786134719010416,0.3499758068695065,0.4030972527967029,0.12995701333512324,0.2557347448056704,0.30729572641501807,0.2803887341762599,0.3037585808234334,0.45252674060778547,0.37069620047301544,0.12906541023637605,0.34939361271098995,0.3283514376054016,0.24555314381994398,0.3665155208788316,0.4458164859830425,0.3449107242840516,0.4969967397287253,0.2654925872537285,0.19478606106834093,0.029307397000612998,0.2848817515181277,0.3940231154274072,0.3894156527513801,0.23165390575406997,0.40381995430993955,0.2949562730860849,0.30058814045720167,-0.007332176838295108,0.2246732626386939,0.08400149623611547,-0.05073685841970006,0.1470093920139637,-0.0929251763268159,-0.007967354380916544,-0.22192873248587608,0.1052529995670223,-0.15772575619878332,0.12030781268397833,-0.17340596912943196,0.1783854267994119
0.17947733134303714,0.6828113802368004,0.7556908597581233,0.2549734091587185,0.261374763228424,0.28426662773592815,0.21957937080787815,0.35831631132096703,0.21538422127127935,0.34017213553059966,0.3039273337464478,0.27264700027370653,0.2444970594121196,0.1968835680417502,0.2758150022514227,0.2997161698076584,0.2875495284310775,0.8469406234871332,0.09721533902624772,0.14279534878288994,0.29269695336178797,0.2764782370502207,0.49596891788485215,0.16461040769627713,0.21892138589110785,0.38568901269271677,0.16004946688179808,0.19951408812924246,0.2993846052891072,-0.005829743834541824,0.3633939164054213,0.2207062055449764,0.14452967290184415,0.3319365857406037,0.22587122116357314,0.272384850550875,0.37482440202255957,0.13687982794192144,0.28808090815794746,0.06395009319929482,0.2515100330977894,0.23630544744498105,0.37554155916483306,0.3034161308325077,0.3763108162863227,0.24278449204221889,0.43287418648601694,-0.008820062911438702,0.07665467963213109,0.06174714715561868,0.08506414833384336,0.11200800796829782,-0.12018569848086287,-0.0654895458766736,-0.0691612647646544,0.06282690339160962,-0.009720866503486723,0.22493666977456628,-0.32927677873539535,0.12980601766839303
0.12265386079334004,0.1639043403199708,1.2397571500203817,0.275659741904474,0.31228246921164815,0.33908989100117465,0.24139901120965956,0.5615401630472985,0.6078450915830753,0.2276954301697198,0.21355644711329214,0.2749111041191763,0.6109686568591339,0.25417416582242763,0.30286705409738596,0.26848655930191717,0.28387243934267004,0.09721533902624772,2.123415565780194,0.25548537795368004,0.4303241865506237,0.4744757924645572,-0.11729150308048829,0.24110494515207836,0.4492681326274258,0.13379972131580534,0.31475031898227507,0.20360186088029017,0.47852064688723156,0.23093041611425294,0.3718832585956624,0.1404091758555711,0.36703056939586903,0.4154285777614456,0.196721905390908,0.3451246886716015,0.5110746581481328,0.20468345812897398,0.96645022437132,0.32131315063415916,0.268186904609153,0.3282007973536698,0.3267279687491713,0.20783707484114397,0.305726070064682,0.4617645319612871,0.005210220193522065,-0.008471928633082751,0.05851952769171371,0.6192645096364902,-0.3374745743117988,-0.1967149270143316,0.20367090927077336,-0.29340900533443853,-0.05737776485160693,0.13183028819330414,-0.13398518863398112,-0.02392896324222535,0.0674637500252458,0.02998831571838488
0.15345842390655154,0.4173433461636638,0.6367483629969876,0.32230173747062607,0.2718345320296363,0.5231044404836926,0.24775882813989822,0.3724913484540661,0.2948442826550532,0.14725933304436534,0.36319770013589153,0.27695069474030476,0.34536668451043756,0.3101740645888876,0.34209707074768353,0.21272762532215075,0.3786134719010416,0.14279534878288994,0.25548537795368004,1.4297881079024621,0.30137349380279704,0.23005725373866132,0.04251300607866731,0.20481990427019642,0.3768879530896831,0.3866843187714281,0.34823025138254277,0.2824077381049013,0.5383912172479158,0.10440057028582847,0.314271997742509,0.36024253194215483,0.03972752492624462,0.5294593430559912,0.39047759581912894,0.06720017334005232,0.7317476949252024,0.6723575638513418,0.6796716303777895,0.23106073485371187,0.26063279150904706,0.3420195206320509,0.7511942297049942,0.12050003460928775,0.7106322831904084,0.29223893609295737,0.04358507889389259,0.0859261758726037,0.7527493208581592,-0.017964389129036123,-0.08956156210170381,0.24416775859282613,-0.13423956119536132,-0.11848419440710346,-0.14005269191437184,0.04801084983009219,-0.18831842329176357,0.23025100419431704,-0.03654012658011311,0.11907292285422236
0.14709605799714598,0.44509551405699027,0.7672955067823113,0.2935857694660403,0.20044857191259635,0.41568312282295916,0.29630123087917554,0.34767212124323255,0.4011046582807865,0.2485012694193916,0.31892524204557865,0.26711002608693224,0.39866311097805956,0.2267429753044072,0.27476113087972626,0.28094876934006435,0.3499758068695065,0.29269695336178797,0.4303241865506237,0.30137349380279704,0.6269276988438363,0.34822977793954824,0.24021308810772657,0.2756477350985898,0.35775978828631316,0.16705634479744122,0.28030202843654445,0.28931902606510657,0.4525463201276841,0.2854961585608703,0.3544766374138451,0.33528843445297235,0.22271116635641422,0.40214124620872205,0.2802800521964856,0.40564604475058746,0.5009766884725193,0.2582866012508458,0.4157891551457661,0.18250693092910342,0.2731175662114547,0.43859791372566304,0.4814728929264761,0.29086705416740893,0.6154270875237379,0.3251834822542258,0.3582270634263818,-0.0015003907915241122,0.18922590283463134,0.1860346888106822,-0.05264414284833169,-0.031276400630852144,-0.07692051445829637,0.016328481497694867,0.06602696086974255,0.03787328406308824,-0.09628918724986221,-0.08228119634280273,0.08571685677824972,0.3879734951067137
0.16046306225497514,0.24850587503027405,0.7644781747532986,0.3558335199988731,0.31335795097589714,0.38640804157027736,0.36846252660722467,0.2927590766961202,0.6712977237366013,0.23807740423465437,0.32227956444786593,0.34467949482883037,0.4098577457078501,0.27508723184971356,0.3144842470275707,0.4848585448117671,0.4030972527967029,0.2764782370502207,0.4744757924645572,0.23005725373866132,0.34822977793954824,0.7994558340417643,0.20779918499810388,0.28655739177360234,0.2650269008486247,0.2552889925618886,0.3105890582813619,0.27715482162928756,0.3459157701401401,0.17896051093080392,0.3352357244612318,0.35283987031227226,0.21646159343756427,0.45922980764114013,0.30517547151297686,0.3501821933326069,0.3666552542155972,0.2112225185886336,0.3604075947666292,0.07012408671724402,0.24783525943506038,0.3277928466190959,0.31114229890297007,0.2998020193940163,0.1739083580692651,0.31022067017540095,0.253728767779003,-0.0922992451125976,0.678520977107713,0.034551868996423915,0.047978134828799444,-0.18664543380080684,0.03272546098382311,-0.04332051487353368,-0.07197772245985856,0.14123702627522738,-0.09675276152125122,0.032028062386112575,-0.11665014975847786,0.24299594898755547
0.11657219555734404,0.03455786747922057,0.608418589827786,0.19907139931744042,0.19725477492187385,0.26367656174524834,0.13748659159127216,0.21936257071888304,0.12312318631579673,0.2926095315359349,0.21446997831024617,0.1755785903207028,0.19520514831581579,0.13879041598930367,0.09237810552292226,0.247507563364967,0.12995701333512324,0.49596891788485215,-0.11729150308048829,0.04251300607866731,0.24021308810772657,0.20779918499810388,1.364786700718832,0.31276367931963944,0.4094390277410474,0.07098827517257575,0.12718444385227795,-0.0068376922767415865,0.4069592912011304,0.20810985782867752,-0.072774725953827,0.1884666129401008,0.1254750421890243,0.35905273227762535,0.06764897749117973,0.37408079721040577,0.07595440640247635,0.0539292075283547,0.3404959693509019,0.07383417454027198,0.2616895239870935,0.15565765741489868,0.20952237658593512,0.5363760617512129,-0.1362104464563251,0.2140090261742652,0.4164382738896324,0.022972083633534028,0.08888592567663543,-0.18571034386541435,0.1362777033627456,0.08683338242252632,0.005561292945854772,0.011841980754559948,0.021412114922123637,0.019024296533163943,-0.11338295710463889,-0.19836342885099134,0.22272868146722907,0.15305076218408006
0.09969997272640449,0.11594335061952571,0.6148140405056359,0.21936077348106484,0.19423778289196295,0.3432930457931847,0.23568204844498403,0.18316776036301596,0.33397390644865915,0.25743042322883847,0.2509587831470985,0.20940859374487267,0.280930744594087,0.19481474857832204,0.20198407085289244,0.22750166736351635,0.2557347448056704,0.16461040769627713,0.24110494515207836,0.20481990427019642,0.2756477350985898,0.28655739177360234,0.31276367931963944,0.5074425939802119,0.28159057480710586,0.05290059160265106,0.22893939331037957,0.24613089042773495,0.2708114011835218,0.44057969468339264,0.2815373052686772,0.3236534927890868,0.32130883022067663,0.29268191756292805,0.15385435117966795,0.40335774275315645,0.293878783799827,0.14898634574198336,0.15405379160714874,-0.005053845398492941,0.11757409218436647,0.23956123174423918,0.13007749988271083,0.2011276924262187,0.0321993064293854,0.23094426482028482,0.3663771227490849,-0.0037865626777683395,0.17991763136127067,0.003211544733658682,0.017707054345612257,-0.005366609625864634,-0.018370430872468885,0.036408214047612616,0.10753305795266532,0.10862810724760612,0.007911236665305655,-0.5144850749587221,0.30798207287611257,0.30809691695661534
0.14988892629891407,0.32463857342315483,0.7103374203088493,0.217256867285399,0.19133653625419292,0.38929537748356446,0.2373344016786592,0.2930501968489156,0.27822592416595904,0.266388740444032,0.24904525081075157,0.23499451544439112,0.30676730507158173,0.22825541888466705,0.2329413385280025,0.21652185469044397,0.30729572641501807,0.21892138589110785,0.4492681326274258,0.3768879530896831,0.35775978828631316,0.2650269008486247,0.4094390277410474,0.28159057480710586,1.9909263288893062,-0.13962156547120722,0.25357506475331243,0.20178805800061095,0.972757249653889,0.7012245739648091,0.11522791095690112,0.2579486086088822,0.07058371385017927,0.7178122313412576,0.4557004496300382,0.19708653185090538,0.6204725674012378,0.24271203982591247,0.8622580698410096,0.23679998711663264,0.41421857425677755,0.31452134527336,0.5668145565230704,0.38627934556258425,0.25937741473968956,0.48599154204294065,0.46868563204660224,-0.05487220041165088,0.34119671260666445,-0.13679391940287683,0.013092485999233114,-0.030640811532538854,0.05318226901570576,-0.09134071669681751,0.019724070252325993,0.27026110489298794,-0.13554658579059214,-0.10230527831102297,-0.042271922318343445,0.111490356192703
0.13396352803944495,0.1217628827083789,0.5230795624699213,0.2601639129310843,0.27028286344905134,0.27337919008629363,0.17673118175207725,0.34614934916131285,0.23825909891506533,0.14935184588743153,0.25688497500295954,0.24368703327127825,0.3354767502174074,0.24640038822779842,0.22595097449959584,0.2537667958117161,0.2803887341762599,0.38568901269271677,0.13379972131580534,0.3866843187714281,0.16705634479744122,0.2552889925618886,0.07098827517257575,0.05290059160265106,-0.13962156547120722,1.6012704187590394,0.2550375645037552,0.2500088308504272,-0.037239002481285734,-0.6866965822953734,0.25578874216348574,0.2575483421957482,-0.0629720427941669,0.2693504493493117,0.39146962582598865,-0.08269040373905144,0.044351871640761334,0.2296245408467549,0.23944364900082366,0.24855600438981584,0.24187323366646338,0.22105958531299377,0.38497879011584907,0.22221601824204792,0.7081035191083493,0.06229864044610361,-0.19474644966000385,0.0161104074248692,0.21239780154514543,0.35550756319751625,-0.1823961611020194,0.08796552133046588,-0.2386424214737344,0.009747448924582932,-0.1375699342587666,-0.04412558467260663,-0.08233021008379622,0.38723531817180884,-0.2621697488199964,0.01588212023840324
0.15501503172881093,0.6515641140615878,0.7043919430285943,0.28113894452799076,0.28471641738758136,0.33889877604895124,0.2588934150728442,0.30636443265159274,0.3015982169170471,0.2563689330462428,0.29060129776233384,0.33225087361433236,0.3510874949748978,0.2568907399666962,0.2246251174459318,0.315766770087087,0.3037585808234334,0.16004946688179808,0.31475031898227507,0.34823025138254277,0.28030202843654445,0.3105890582813619,0.12718444385227795,0.22893939331037957,0.25357506475331243,0.2550375645037552,0.8729186495695298,0.27402913890760255,0.31076782182813906,0.19432742921996382,0.26831824504483254,0.3424013981132466,0.21439187438516494,0.3565396477147062,0.28247558442589943,0.4534254567424527,0.327243406701337,0.21438331638462424,0.2354401686494116,0.1062170110601119,0.24545531924700137,0.3004793008378632,0.45174908032052413,0.035109437129778105,0.18448024059858914,0.30894325323071936,0.21099158694809433,-0.010969144917344483,0.1816874719899259,-0.07969276543757907,-0.01846270098954224,0.09795543067449013,-0.017992066555903994,-0.009869621749463127,-0.03588006701604065,0.1336019258338918,-0.07672865655673584,0.04720261329592372,-0.07778530541160064,0.15456943390532998
0.10922793950003842,0.37528974813206045,0.5201746398333305,0.14747500481279316,0.05196640784870484,0.29825829857467556,0.207398348518952,0.19164616747198096,0.2919172123674594,0.23214470383217564,0.24417338667342053,0.1776568365421679,0.28740288277910964,0.1717811738882439,0.3158079274740115,0.23223866633604803,0.45252674060778547,0.19951408812924246,0.20360186088029017,0.2824077381049013,0.28931902606510657,0.27715482162928756,-0.0068376922767415865,0.24613089042773495,0.20178805800061095,0.2500088308504272,0.27402913890760255,1.1083143674516391,0.12175481466810624,0.22187076204449657,0.36310917495815936,0.3340371173600053,0.3881119881642576,0.17735511953727529,0.569008697037959,0.10735541449290456,0.37381154835786884,0.21941336214984453,0.10607003478641437,0.030368597536155145,0.2648968174693928,0.249055790786651,0.4080164140165637,0.3853145035364891,0.2729794850118178,0.1402360754173668,0.2389526394478223,0.01427042742369276,0.31032038689642355,0.1960021543015938,0.016409826512878492,0.38566735852405826,-0.6412187821483772,0.13624094654099606,0.17006930600986978,0.013274548608198196,0.0024598684559111734,-0.2256355043962017,0.2652303069527517,0.34563013534564946
0.1598336544945458,0.8333548042784016,0.9582859884065978,0.36128934259020157,0.30658883366389333,0.5425254336738932,0.2658128986220383,0.4054529924561591,0.28241427475705916,0.34870140850369463,0.3594836807625859,0.3073575893704832,0.4481808030308431,0.3280320862682033,0.3529157389589,0.35757616414127585,0.37069620047301544,0.2993846052891072,0.47852064688723156,0.5383912172479158,0.4525463201276841,0.3459157701401401,0.4069592912011304,0.2708114011835218,0.972757249653889,-0.037239002481285734,0.31076782182813906,0.12175481466810624,2.506610641230223,0.13874256217526534,0.13214811842652818,0.36988799554919555,-0.2228300941403337,0.90141984231867,0.48228384226205856,0.41183498291292303,0.29278042264070897,0.2011094944243232,0.6682825335381706,0.2835428482771718,0.5820792051219947,0.38769167383442393,0.6528775241965694,0.1388599669210951,0.3854672750383591,0.497749999778601,0.27737564111238827,-0.08797394373098999,0.6597953334286157,0.24399918764015166,-0.3339302559699573,0.09800914207037736,-0.16182881011257028,0.019581756802987342,-0.19467529652385254,0.1713126473553114,-0.46325403876385973,0.20582205458910022,0.19025256005444707,0.03139183424804883
0.11260903906468901,0.23599835794188143,0.4092235651903392,0.09654040749026947,-0.02470823532506825,0.24768477008664194,0.16392763581851452,0.113703680945356,0.29287642491028487,0.2671781050398464,0.14438059339637904,0.024361664873299858,0.12853203758510465,0.10605217042648131,0.12197982862973607,0.08048226988545222,0.12906541023637605,-0.005829743834541824,0.23093041611425294,0.10440057028582847,0.2854961585608703,0.17896051093080392,0.20810985782867752,0.44057969468339264,0.7012245739648091,-0.6866965822953734,0.19432742921996382,0.22187076204449657,0.13874256217526534,3.6288855376730957,0.2877536961327579,0.2174629651847869,0.3318125991254097,0.0611031701208209,0.2760420367171895,0.7103345514793387,0.7056306656854479,0.10941071947530207,0.1632967081856446,0.31858965206894235,0.3714166576031802,0.2691739966862859,0.49638934649726896,0.06883081357732265,-0.2452272583463027,0.1457024136411049,1.7539574947785166,-0.009878877126989151,0.08845533479640223,0.09597256558801995,0.20841238492019123,-0.7781019751497472,0.20478251097715244,0.17965671939410527,0.3399473272154973,-0.00023826521564656596,-0.04518800233588009,-0.2241725451041585,0.22389549570306516,0.47342655624933866
0.13882396388625592,0.37773499837280905,0.6452479022124612,0.2486527198123617,0.23837492295815838,0.3171211334542843,0.2824975623852939,0.2866783984166947,0.3977071650606299,0.2510576247668957,0.29812264134758354,0.2614182409934488,0.29488902747853946,0.2178784173558135,0.3187663410542495,0.260598000357707,0.34939361271098995,0.3633939164054213,0.3718832585956624,0.314271997742509,0.3544766374138451,0.3352357244612318,-0.072774725953827,0.2815373052686772,0.11522791095690112,0.25578874216348574,0.26831824504483254,0.36310917495815936,0.13214811842652818,0.2877536961327579,0.9177254151450827,0.282613739659933,0.3263214013543302,0.30527590888487127,0.27810532698553303,0.4729051977267656,0.5721169202562827,0.2624371143808132,0.2183946331671102,0.010725113395663273,0.16190373146179438,0.3250035138406968,0.283374268270185,0.18301830225418125,0.44765077826334093,0.32261522571632756,0.3537017457872279,-0.008325502589688628,0.017594051709030688,0.3001536508370519,-0.036498178927618245,-0.04798612017498789,-0.08767371743214024,-0.1062564917195738,0.07417755747239023,0.15415510467035026,0.07981613628310257,-0.11996205730215866,-0.20493843883912552,0.2309874251231344
0.16368744851080982,0.4022167189377845,0.6337481385448672,0.3591852174352794,0.23815183503818468,0.5204467376150637,0.27254700315818986,0.29247958233444077,0.3395401465019668,0.28083194362583436,0.30877793708297846,0.286847725919607,0.301582524506208,0.4927923383683157,0.343897141139221,0.33098346321100824,0.3283514376054016,0.2207062055449764,0.1404091758555711,0.36024253194215483,0.33528843445297235,0.35283987031227226,0.1884666129401008,0.3236534927890868,0.2579486086088822,0.2575483421957482,0.3424013981132466,0.3340371173600053,0.36988799554919555,0.2174629651847869,0.282613739659933,1.0595791160835664,0.009348609226067417,0.5010496423473889,0.17418285828514052,0.33580775210777475,0.280825046502977,0.25280149186843875,0.10126069905849702,-0.036008871492243515,0.15678145747000927,0.29922020827932305,0.28148086956146867,0.09222402452935158,0.30169033019919267,0.2354906759097944,0.3380656642452169,-0.0148910185711169,0.8430369186060542,-0.11556421946190323,0.05393588873428748,0.4880477428824185,-0.5105828168431278,0.26053313112719884,-0.049711782333120534,0.09239790036498559,-0.018480176841842964,-0.09682725995339402,0.07450081361794905,0.6206412562950062
0.09996336229588249,0.2304105412323617,0.3737914470646714,0.20891475292056666,0.2041173996168815,0.09573800376451029,0.22299037473906747,0.09379737869022564,0.3203953892486632,0.1290080579674124,0.1513335340911181,0.1763973011199486,0.17073681667388868,0.08416798150209548,0.17115253887417187,0.10695129574403496,0.24555314381994398,0.14452967290184415,0.36703056939586903,0.03972752492624462,0.22271116635641422,0.21646159343756427,0.1254750421890243,0.32130883022067663,0.07058371385017927,-0.0629720427941669,0.21439187438516494,0.3881119881642576,-0.2228300941403337,0.3318125991254097,0.3263214013543302,0.009348609226067417,1.7088265731979042,-0.3036035773189528,-0.4729736041544381,0.12257456716180119,0.6032607572650169,0.1145632214796787,-0.16025408425370102,-0.07014427346594407,-0.2763604584080746,0.17779308779821418,0.022806684203473416,0.15763863682589774,-0.23563073175382476,0.21919661049887523,0.3168910075894895,0.09386754246563415,-0.08568864327345767,0.25596988000900567,-0.0525478483859124,-0.008097508302310272,0.1459962460460085,-0.33888531496539276,0.13689658489731668,0.02546663891167317,-0.0197282016781046,-0.21982042699034265,0.0646089388205402,0.06322818201020307
