0.6521850741561155,0.3407671439796158,0.5317549275600832,0.1121531683932087,0.16579753068203507,0.18253762561042905,0.20410003292639506,0.15785299079488233,0.17041104549723515,0.13124629530278395,0.16370993641347809,0.1811258890157522,0.14537911194667474,0.16760707846432216,0.1291427130029484,0.15114984797534622,0.15625392291008153,0.17097377927710064,0.11934297780103209,0.1520430282843074,0.14700329327074202,0.1679930182313478,0.10168891634399937,0.09082657440979812,0.1414246998703161,0.12745126592908815,0.15258481522094805,0.09842135913128851,0.1478029859006738,0.09743481745736318,0.13672080612858792,0.17333249970118994,0.09225612533305576,0.08578585131263516,0.12431318064748241,0.13261754010951476,0.1655200165513203,0.10798302329998119,0.11850526120300384,0.03839787596517072,0.10877179384912815,0.13095107805469725,0.15751706781023894,0.09351905980495091,0.1567550910330319,0.13001035926036134,0.1456862193682188,-0.004326202649376973,0.18300001318033424,-0.13755045410903635,0.004570191260832824,0.04354426507629878,0.07203399937391965,0.017390474264839365,-0.04009854372152377,0.011917022453345267,0.01848380648564447,0.15604996346367506,-0.215381093533169,0.07666598512798045
0.3407671439796158,7.723932748502241,0.6724834371423223,0.1287769989140973,-0.04178309469681965,0.18386146837134512,0.1730893681289386,0.08959361718604089,0.15252679744557474,0.1910594661271109,0.2711535760182514,0.36095780215624657,0.30201814443492464,0.21206098812688118,0.19470961954182886,0.23342017899431763,0.3350280002569519,0.6772437927680828,0.16131482001103156,0.3270851514469619,0.372282880984858,0.2045749851078951,0.022022683388233967,0.05404412305955967,0.2827143296114875,0.0619839185172712,0.6349219854023216,0.3136666476191735,0.7635942990695846,0.11696100293274643,0.32239695941681573,0.28244928458601115,0.2163282300732032,0.27897252718878424,0.37053199523259606,0.3447423323952237,0.9963963673939007,0.20691972195595634,-0.02941286255902036,-0.30194775501610116,0.2605218049832209,0.3022046590921657,0.3022994156102871,-0.11169934899044465,0.34273696164536527,0.25269200918198553,0.3120448138752162,0.005896511839733365,0.2828203763311793,-0.8187964158292323,0.33172540803985007,0.5313958584564642,0.13632872951090816,-0.039334767543689225,-0.5534402466388215,-0.224083697576179,-0.32293298687831923,0.10279313913013233,0.8403621546171935,0.2574510748118234
0.5317549275600832,0.6724834371423223,5.72690917486559,0.5178202194452821,0.7350919111494804,0.8719226885974858,0.426424543798772,1.2813465275120006,0.6736209969605089,1.060026720703003,0.8598319590823814,0.816476223799897,0.9984070059490837,0.605294812057507,0.583524133551094,0.7094582737800145,0.7559049391088254,0.7487469785083521,1.2010824767380368,0.6188280082851141,0.7390610123810751,0.7385643144649628,0.6082037319153117,0.6116654069288716,0.6816687264008163,0.5322788030968958,0.6855418641059575,0.48099710050191424,0.919444302774874,0.37702660146956424,0.6222940343081629,0.6124198600818915,0.34050565251438686,0.9765868796394345,0.9046186681907622,0.7500986989127745,0.6546084657146033,0.40511583980065097,1.1321043978442265,0.3755942471589011,0.7383627333940308,0.650213964689,0.6715773910279854,0.6335899922147271,0.39158335600834016,0.5562445176094316,0.7357813287920102,-0.037641138572322284,-0.013376933503202302,-0.4808654871824007,-0.030370396458915254,0.1813886399409443,0.3465740749291663,0.06592631025758514,0.019183923697222743,0.21754011802176318,-0.5161981195875128,-0.41441753154305405,0.39929081439948083,0.12840235557248905
0.1121531683932087,0.1287769989140973,0.5178202194452821,1.0846249434759432,0.7199640241872621,0.47115504675732967,0.38637770149097483,0.3167802432934419,0.262103521477557,0.2769396616658665,0.3342471378305494,0.4134949356571265,0.3483971986772162,0.36999158002544735,0.3184130906286263,0.4107827555218879,0.3276404178982121,0.26784926950430143,0.2420156733769322,0.3016768203582043,0.28061633720269596,0.3383540781287207,0.22225623400622124,0.21517830624816806,0.18717130963220482,0.2753319795804639,0.27424597885151897,0.1559712080179009,0.38593323767190607,0.07792660003599618,0.22691022157304283,0.36862123746748005,0.1872681460233151,0.4108416958940907,-0.03940408781143794,0.331058928081028,0.4249925682299046,0.20502502667192848,0.21911254626545956,0.09838832763262396,0.18818563654118667,0.2802990847161342,0.33201258318256105,0.1838150431806325,0.12494049867314357,0.21575710030236772,0.21797331615752422,0.017282372803172776,0.0915367122060047,0.33070641313003096,-0.0362292261541476,0.0738283083966394,-0.2461066015384798,-0.1608624251951675,-0.08827527539314428,0.09815450516954294,-0.5153287782057673,0.2966206894522356,0.050522741431400606,-0.04175560753726033
0.16579753068203507,-0.04178309469681965,0.7350919111494804,0.7199640241872621,1.6289550786855058,0.37796251710073786,0.32280960716371476,0.3212976138881157,0.1069221644853237,0.310839541466273,0.3299462824104444,0.4619091341092194,0.3752802098874078,0.3251292335812941,0.2767098167521192,0.4447923848788819,0.26071921347587196,0.2655804263441997,0.25719912792813693,0.2511200808698339,0.1759979762693472,0.2740565062280439,0.23070915427484076,0.1901286763109111,0.1721773512207668,0.2788413435986219,0.2652131850381852,0.03872549778203342,0.30547592022598585,-0.02878552545998245,0.20829621115000088,0.22027046554572866,0.18784950150305438,0.3388056497866995,-0.09320581363190882,0.327656248695568,0.27514029290573744,0.15616910226515815,0.31242063770919826,0.23649848350749508,0.23294955123729205,0.2296071634735423,0.16395497419487123,0.19349280184701956,-0.11180579261385692,0.15526518239537504,0.13979362272827917,0.009630073659588236,-0.08574526975677749,-0.01647546851594857,0.05051716822052248,0.06552864840060339,-0.0021544722468701464,-0.15894047056528351,-0.1633201579167505,0.1612968180525504,-0.3766157837068068,0.21450967103292873,-0.020672533068145912,-0.3719419926936123
0.18253762561042905,0.18386146837134512,0.8719226885974858,0.47115504675732967,0.37796251710073786,1.1421038366675906,0.3439208012492926,0.1820355171996697,0.35996144968106963,0.30184294500819703,0.4029501209785454,0.35653905442961414,0.3461681886872774,0.349119390126507,0.3110142145495267,0.3755012624055815,0.3890163825885752,0.27696710607960134,0.3396557082794345,0.49813606241549807,0.4232960083027026,0.3979315051999353,0.22609133724275068,0.3280703883466294,0.35435530999348724,0.27849247362537366,0.3275553020449693,0.32961373426715823,0.5373395431050533,0.21603831978142674,0.3243732371147921,0.543452011463013,0.07527052746792484,0.5168857233351044,0.09386531644112958,0.3874515212228166,0.49797725845292556,0.3137052024434889,0.23869035880305967,0.16274399938029516,0.11472117466040051,0.35718638894455196,0.4556443478884382,0.2816667463736994,0.5091525336298313,0.27721247843943925,0.462191252100235,-0.004058478100833326,0.3850313544242316,0.3332674531594975,-0.11685797842562246,-0.05611255229745131,-0.4042024956578597,0.19663523028180624,-0.0169543177719757,0.09217431915440531,-0.1594368724060281,-0.018344987160923837,0.05610625585307803,0.4574832383983815
0.20410003292639506,0.1730893681289386,0.426424543798772,0.38637770149097483,0.32280960716371476,0.3439208012492926,0.6320224327976378,0.13473007047976063,0.40287670150090243,0.20154521180165075,0.31756888096157476,0.3786164778536259,0.28150428136150124,0.19615215891466625,0.2411061081946669,0.29869942726521376,0.3372266636681024,0.21356634721855974,0.21013241249784875,0.234190454489544,0.2823469516732518,0.36111883324691146,0.12360842907100089,0.21272208090305486,0.20151819491363382,0.1910507895948212,0.24611739092173274,0.20068211760575694,0.25819704237672814,0.0931146925254651,0.26880806878397256,0.28967005949257135,0.1826079577540007,0.29922967243430754,0.09669133808071866,0.33193141641945884,0.32468248662208893,0.17359895092714983,0.1296142126960676,0.009739703927504307,0.08902814064759744,0.26000527372771165,0.20784002075454844,0.12410064570168496,0.24138839849742647,0.25465159452271807,0.11141144116594981,-0.00040840819441295055,0.32837670846412376,0.12795893790794105,-0.005959260567394592,-0.04526188300314501,-0.0662063910587623,-0.05042368732460388,-0.07427553742169468,0.11496989154979764,-0.10686345499996075,0.07071416827602864,-0.1683405812598723,0.2020907787661743
0.15785299079488233,0.08959361718604089,1.2813465275120006,0.3167802432934419,0.3212976138881157,0.1820355171996697,0.13473007047976063,1.237924738446598,0.19468587664637468,0.3571332153294169,0.37284675806302997,0.23737883009281618,0.520580657226492,0.32078942189621285,0.2195052300729221,0.3229065553617722,0.3248476688666248,0.3479282968394647,0.5155835399683499,0.3391256402550902,0.3187696778883464,0.27521632416774366,0.2259316568881166,0.1734421745662577,0.25323147625134323,0.3272901236874211,0.2973566001082727,0.16738130113251984,0.37466990272883965,0.06569171135107786,0.26143921873293313,0.27897331049449536,0.06853106647378192,0.4710430414963621,0.48112435545414567,0.22747527174542606,0.29661259220148867,0.18101381920172926,0.7801874900857929,0.15996158582936035,0.3795075037170904,0.2663258692985259,0.3462796056000587,0.23420471137444443,0.19859296842159582,0.27375808740475516,0.31339402937687977,0.014319006994422333,0.1283218522609694,-0.06151620363576036,-0.06823004682027253,0.30721889065710584,0.06950041154293134,-0.1744490332505359,-0.1435270905041729,0.01765474207312795,-0.16231943107488717,0.2339284564306873,-0.10972429088153926,-0.02068858426306188
0.17041104549723515,0.15252679744557474,0.6736209969605089,0.262103521477557,0.1069221644853237,0.35996144968106963,0.40287670150090243,0.19468587664637468,1.157003626720083,0.12174163772341445,0.3065825168281491,0.299435592308253,0.3626695722438225,0.2194965926791301,0.37383484120378946,0.24224162611302902,0.38404504760586755,0.2035169373448984,0.5450077640089793,0.2798617579433353,0.3805296028407309,0.6685712472319614,0.08681050815102172,0.29754111666898786,0.23394326569658658,0.24935014684513088,0.282967823704617,0.28973188364357116,0.25124512972977997,0.1889017990592399,0.38461121815836447,0.38397498344008163,0.26108424841003347,0.4187499365850847,0.22109990075346173,0.3713490021795278,0.40238547939088753,0.2292696544582109,0.27009467964065775,-0.05286944015979361,0.09860360616207718,0.3164054150986968,0.24047511505157132,0.1524469255411753,0.3012451747845679,0.34925238932544056,0.16566284045490284,-0.029006827617120097,0.7815134256365026,-0.07358393258539571,0.012349379272715056,-0.018473408615285854,0.07893861589408065,-0.03675558247877306,-0.04913772841239272,0.13594627742885734,0.0007460316418879526,-0.036185334883304804,-0.18303025798658068,0.45413892297062325
0.13124629530278395,0.1910594661271109,1.060026720703003,0.2769396616658665,0.310839541466273,0.30184294500819703,0.20154521180165075,0.3571332153294169,0.12174163772341445,0.8254639766410407,0.28735302015511743,0.26474634706388983,0.32255123491619087,0.2426711159616252,0.22634553417675132,0.3240839479057862,0.28407004109347145,0.3367849926110449,0.2665394410339326,0.15623652481483596,0.24580698628015085,0.2501830659845003,0.2796443303613603,0.2558242909762727,0.28186280010192427,0.17790305801488013,0.2603833143899362,0.22788229021609696,0.35311028780342424,0.25968875243607076,0.2600747253373008,0.2692799434062183,0.13606793616705462,0.3606867025979255,0.29952860291268585,0.315377952621249,0.2666339551373489,0.11528200826575871,0.31984758273960295,0.14461480529434856,0.3200817203598693,0.24360436966463786,0.2254563750839999,0.262774936110179,0.07320663443769662,0.20004590598053884,0.3759300929528638,-0.020933950577517325,-0.008167026324869433,0.08217524079216464,0.03216459522759889,-0.123423469846411,-0.04388017962368536,0.06985213576602942,0.05846018770094398,0.10666651433036935,-0.1595306891476435,-0.24995045337569444,0.20405727401292295,0.07007280772053691
0.16370993641347809,0.2711535760182514,0.8598319590823814,0.3342471378305494,0.3299462824104444,0.4029501209785454,0.31756888096157476,0.37284675806302997,0.3065825168281491,0.28735302015511743,0.6018573779535976,0.4138655599644692,0.3894060008264901,0.26117179096068616,0.3209433496634878,0.33339323586021846,0.39308489545741093,0.30251429887939735,0.2026245617168108,0.36055857826025905,0.3225938942467911,0.32693574212879806,0.2106432254471041,0.24454536293826273,0.23203039125406474,0.25836525087149925,0.28660055860379186,0.24021736406731298,0.3534810503187858,0.10161675775350862,0.2940981570886278,0.3222892001198807,0.12190567224717822,0.3933102506400824,0.35453861802653264,0.3337200776453644,0.3076232629845075,0.22267992159031386,0.33104351751351446,0.04875861736094983,0.23024974243163013,0.2943332265702518,0.27963124036905335,0.20551860383430628,0.2344933341930961,0.2702660201276695,0.2751832475401297,-0.003545204039533857,0.16547329028460223,-0.19585029965388784,-0.0032195379374499854,0.12966206614262174,0.07001188334003978,0.0004135376495559868,-0.11239607091807348,0.06489560541234315,-0.15465618195305147,0.048764171892117826,-0.04476848401246033,0.18108145923091376
0.1811258890157522,0.36095780215624657,0.816476223799897,0.4134949356571265,0.4619091341092194,0.35653905442961414,0.3786164778536259,0.23737883009281618,0.299435592308253,0.26474634706388983,0.4138655599644692,0.7734175867346696,0.3584972498411674,0.2800165558533155,0.3231406148602252,0.38995946317093094,0.3886130584138686,0.2710690931146317,0.2576602971184754,0.27027113460832514,0.2767622380189143,0.3444193492769528,0.18041907512055894,0.20805261094253524,0.21605616972356878,0.25028788893414167,0.3236778182698758,0.1718465278058405,0.31391906803208103,0.017202496234778143,0.25310261689376623,0.30325083997976465,0.1433891021169434,0.3559274902432915,0.28606943739550583,0.3549567260153365,0.2822784176660095,0.18669017972371477,0.16496541309337195,0.031933071475300265,0.1932552879133903,0.27915356148880316,0.24710985890016865,0.15645486123249877,0.17720216701879868,0.24873942916898803,0.18593361329179295,0.0005713529656384371,0.1746401985072921,-0.16563663859689623,0.009603120754412095,0.021047529947228482,0.11189223940600615,-0.04321968703906239,-0.14173475899417196,0.1150359935936438,-0.22800682591072674,0.12034778939614421,-0.1411235634499289,0.07330473791791549
0.14537911194667474,0.30201814443492464,0.9984070059490837,0.3483971986772162,0.3752802098874078,0.3461681886872774,0.28150428136150124,0.520580657226492,0.3626695722438225,0.32255123491619087,0.3894060008264901,0.3584972498411674,0.92341530378831,0.2855802836050858,0.19581674400275625,0.37283136186353516,0.38179309909354076,0.2581220038810979,0.5609552422215331,0.3351618551630651,0.38349879694810723,0.3886713206145465,0.22002076023624784,0.29010588037719853,0.2788164977618497,0.32995270353077416,0.34488587430884665,0.2678619930368249,0.4337473647165811,0.10357370619035959,0.2806803797052812,0.3003682024046204,0.14698261996895828,0.44994266854853404,0.47886138026183755,0.3441774880862887,0.2814759391705329,0.19141041502032557,0.6741748871218436,0.14271838661060993,0.34908897255201343,0.31822259703316186,0.2635862398557244,0.3458546257688091,0.11303661577296503,0.2988652133999803,0.21086898486378974,-0.011256871859837612,0.18180981960273296,-0.17504594257453673,-0.0743050860672487,0.10673955913954175,0.14095647508646825,0.005250538308133417,-0.012125868491441318,-0.018919332515265175,-0.21106494697101397,-0.2592033446657343,0.3687789616953814,0.11456559603384235
0.16760707846432216,0.21206098812688118,0.605294812057507,0.36999158002544735,0.3251292335812941,0.349119390126507,0.19615215891466625,0.32078942189621285,0.2194965926791301,0.2426711159616252,0.26117179096068616,0.2800165558533155,0.2855802836050858,0.5348888624243097,0.2922928473271039,0.325026594819328,0.2690577981468346,0.19947790813639385,0.24777847251134155,0.3041295979192899,0.22814305994784334,0.2784219241369805,0.1390197734032675,0.19117313341286737,0.23016941575119418,0.24574566706443612,0.25796181005460805,0.1674915611618515,0.33626759921485766,0.11673013227277075,0.21602408663318431,0.49024181642525083,0.08186409402243587,0.3770401703799342,0.21110752171331287,0.2065425638054015,0.31612513015519356,0.20211717300250048,0.21073299864118233,0.05779822592858104,0.26000831863019497,0.23282478930349298,0.29278653173456176,0.16423551065768174,0.12034960704044718,0.1767225094713157,0.2326270966246326,0.0058893619550858525,0.35655584615965735,0.02897436417590877,-0.03245896002848919,0.05495728598922372,-0.02773830771351874,-0.020697345706107456,-0.10689541592935455,0.10107063880405175,-0.26262251871433107,0.1363957679617338,0.02458869558715144,0.06155663239066172
0.1291427130029484,0.19470961954182886,0.583524133551094,0.3184130906286263,0.2767098167521192,0.3110142145495267,0.2411061081946669,0.2195052300729221,0.37383484120378946,0.22634553417675132,0.3209433496634878,0.3231406148602252,0.19581674400275625,0.2922928473271039,0.9346227950290525,0.25177961132207904,0.3838957865108735,0.2729587416707549,0.33887751467280375,0.29796147745358054,0.2622658445726941,0.3072197620634013,0.08044785969844113,0.18619333205012562,0.21069769320836254,0.24770050168574934,0.20932725879353842,0.3299824454941808,0.36280950650888166,0.11142768460240503,0.3156447382188471,0.3171593142153243,0.15444586957218778,0.34785350659329445,0.15408917734885225,0.24107713919286894,0.516680021041913,0.1941078584858319,0.2174469704091849,0.08983338415380696,0.28933231483054994,0.2728747346134971,0.3208188969859866,0.15454060673363837,0.24574336957250473,0.25980646642786154,0.1891657754306339,0.007721445440047353,0.21758064152920703,1.0952481887391126,-0.0072716999893281545,-0.25232428911115246,-0.605420843556127,-0.13203873657713522,-0.10671030476369614,0.2007906172029039,-0.3216977978167709,0.2307332625872015,-0.13834324163680464,0.023275995183095213
0.15114984797534622,0.23342017899431763,0.7094582737800145,0.4107827555218879,0.4447923848788819,0.3755012624055815,0.29869942726521376,0.3229065553617722,0.24224162611302902,0.3240839479057862,0.33339323586021846,0.38995946317093094,0.37283136186353516,0.325026594819328,0.25177961132207904,0.7684432570220141,0.3898031390775485,0.2960019722779274,0.2470217275591271,0.2099609060210694,0.2906693817992611,0.4934205383260449,0.25369058316041926,0.23654886065745093,0.20348292641369878,0.25041882483108585,0.31011050435191184,0.23447854322787756,0.3467260659475188,0.061054665833047174,0.2589604030232773,0.34599864535122016,0.09254287935143517,0.40997829092261395,0.3891516230064316,0.3059306365639665,0.2931528513609779,0.1721031043126814,0.30901422966164477,0.07153623467719988,0.2984749986655198,0.30209869229839353,0.3277044634921538,0.3079572908639028,0.15627785330055374,0.24019019217532483,0.2611855231114864,-0.04459339189406639,0.2411710547338091,-0.21921880084153997,-0.0003093603087874736,-0.004896279126793515,0.0606032227576395,0.004311851331287189,-0.1040733729555426,0.09007096707509638,-0.2392526516095581,0.052647618902840795,0.015153393590426929,0.10174045378205035
0.15625392291008153,0.3350280002569519,0.7559049391088254,0.3276404178982121,0.26071921347587196,0.3890163825885752,0.3372266636681024,0.3248476688666248,0.38404504760586755,0.28407004109347145,0.39308489545741093,0.3886130584138686,0.38179309909354076,0.2690577981468346,0.3838957865108735,0.3898031390775485,0.7404287222658132,0.2924503618241991,0.29060253565317995,0.3669420702213416,0.3603462597779942,0.41636779579507316,0.11802324692562279,0.23768388474655802,0.2867533305106241,0.2781105200695651,0.2977729348419328,0.47438720815698904,0.36817912857059926,0.06830177543665567,0.3502612995410496,0.3468306322170504,0.196573246977138,0.3749094238259938,0.46162601693696426,0.3542812699062856,0.5105927297396796,0.2599341671450853,0.18344595337903719,0.009230531970185597,0.29621247153273106,0.3940812318069803,0.3523427267016063,0.22836281515348383,0.4347819173079015,0.3125037532360105,0.2780850282359484,-0.007130587288387382,0.20053891148186026,0.25033420483336505,-0.027110777886545482,0.10925178332627844,-0.22078358757461045,-0.007934078993920122,-0.231933905842363,0.10060272612935439,-0.20557480659508293,0.09490305058400596,-0.13903512356104547,0.1994692712482992
0.17097377927710064,0.6772437927680828,0.7487469785083521,0.26784926950430143,0.2655804263441997,0.27696710607960134,0.21356634721855974,0.3479282968394647,0.2035169373448984,0.3367849926110449,0.30251429887939735,0.2710690931146317,0.2581220038810979,0.19947790813639385,0.2729587416707549,0.2960019722779274,0.2924503618241991,0.8204086432016482,0.09823234994727029,0.12965486122271683,0.28795385786791877,0.2683161042303366,0.49812988555222887,0.16755309391247403,0.19297642282338986,0.3617234082738194,0.1530357290814661,0.200152448034137,0.3005116593394686,-0.037301032639762144,0.34290581305655093,0.21455781294875934,0.1363840006647203,0.3357476284368807,0.23766712203148985,0.28040525310209513,0.3712247314702731,0.1261019823548899,0.2766560513019466,0.03935585010636364,0.2581685876994447,0.2327287511631935,0.33129421244453494,0.29406651653999927,0.3076096740485373,0.23036261939499691,0.3968228061481914,0.002670936969387049,-0.0072633953230010215,0.0491319834132612,0.061175515646409044,0.1934175022324889,-0.11236185969959621,-0.0822760687621589,-0.06072124385092734,0.03891451855424789,-0.11008028012906809,0.11970746758466703,-0.12762648562629453,0.09268251811999613
0.11934297780103209,0.16131482001103156,1.2010824767380368,0.2420156733769322,0.25719912792813693,0.3396557082794345,0.21013241249784875,0.5155835399683499,0.5450077640089793,0.2665394410339326,0.2026245617168108,0.2576602971184754,0.5609552422215331,0.24777847251134155,0.33887751467280375,0.2470217275591271,0.29060253565317995,0.09823234994727029,2.010117344906721,0.22027330366967737,0.41069599312993693,0.437358171910269,-0.1198445065361918,0.24748744758999314,0.3962889594292544,0.13340996844430014,0.2987677189095051,0.26554550081628003,0.4569312996106397,0.23524811115672736,0.3641912138998798,0.20696379533052536,0.3247443016430786,0.36337421532851766,0.17889014510367598,0.3669084107696113,0.4817823668865297,0.18121842830091886,0.827898989622457,0.2838618333582198,0.2552660836536873,0.31477352523320073,0.25968129515492894,0.16179863566565553,0.3015205708688441,0.428537336153721,0.016593436628129125,0.00465480106880094,0.03619156002430431,0.7890013157614844,-0.21103968362346853,-0.2540168767337623,-0.06494518784238858,-0.15826595751529796,-0.016169601042754778,0.11036835777381472,-0.1473969082087962,-0.08641094942630916,0.13141997453635162,0.10413920185108935
0.1520430282843074,0.3270851514469619,0.6188280082851141,0.3016768203582043,0.2511200808698339,0.49813606241549807,0.234190454489544,0.3391256402550902,0.2798617579433353,0.15623652481483596,0.36055857826025905,0.27027113460832514,0.3351618551630651,0.3041295979192899,0.29796147745358054,0.2099609060210694,0.3669420702213416,0.12965486122271683,0.22027330366967737,1.3674460696693345,0.2856626115063621,0.2231258222591188,0.05407454129377652,0.21909958156343198,0.35888860975528425,0.3410261111718093,0.3416568239778005,0.2747602257123221,0.5103521798969884,0.11260334111325564,0.30366580907775415,0.34541524941714064,0.035968448374155276,0.5094646680407656,0.3988372274298594,0.09480634051089123,0.6571815895920862,0.6326402629507377,0.5997087919480452,0.20112083600113181,0.25429403832643654,0.3278467541154901,0.6590902048975921,0.10008416872401213,0.596923840595755,0.2828441017408411,0.039439967138096735,0.08620161042728651,0.6368847624016294,-0.2265094804589684,-0.07423512303491187,0.2459346503342237,0.013888314363793092,-0.059762805876746344,-0.0677863171590871,0.05113570555398701,-0.21288703470703477,0.13063076108722807,0.028006436788759553,0.09293695114836449
0.14700329327074202,0.372282880984858,0.7390610123810751,0.28061633720269596,0.1759979762693472,0.4232960083027026,0.2823469516732518,0.3187696778883464,0.3805296028407309,0.24580698628015085,0.3225938942467911,0.2767622380189143,0.38349879694810723,0.22814305994784334,0.2622658445726941,0.2906693817992611,0.3603462597779942,0.28795385786791877,0.41069599312993693,0.2856626115063621,0.6267854697218148,0.34618787377019067,0.2244372665834645,0.25990473128192404,0.3180918377731379,0.1443218881573753,0.26536886751705385,0.28040089328869044,0.43058096207752866,0.2657586832725769,0.34296805633296346,0.3365235106997563,0.19470132298541473,0.38020949012193694,0.29715995162527364,0.3875343604972525,0.4941460652827383,0.24675904919771058,0.3429206602164276,0.14787269787389865,0.2707307117682176,0.4331907670175645,0.4740797214924277,0.2988965635703956,0.62706133506181,0.3185254258105504,0.3501152278827884,0.013080652975789616,0.18294945750065678,0.1211350960048538,-0.04683536318758852,-0.11277857862863366,-0.005587996656684973,0.0757475526730449,0.034905393317570144,0.014383374964216,-0.13339864707036966,-0.07489629621666254,0.1225314352420836,0.40854873417064663
0.1679930182313478,0.2045749851078951,0.7385643144649628,0.3383540781287207,0.2740565062280439,0.3979315051999353,0.36111883324691146,0.27521632416774366,0.6685712472319614,0.2501830659845003,0.32693574212879806,0.3444193492769528,0.3886713206145465,0.2784219241369805,0.3072197620634013,0.4934205383260449,0.41636779579507316,0.2683161042303366,0.437358171910269,0.2231258222591188,0.34618787377019067,0.800881617954397,0.19163528698381738,0.2739238192030996,0.23980246291235355,0.2570707994592458,0.2984071761686936,0.2791297565975019,0.3243816989440029,0.11881609590800554,0.33050655727958683,0.3825893791509986,0.18152915302040712,0.442338812118355,0.3257990985667869,0.349953585506008,0.35842557438411865,0.207614506707412,0.33070249602710095,0.0210747669499678,0.22416639066662064,0.32194376085552895,0.27114870250451567,0.28419042104072223,0.19866362722282294,0.3231317658791269,0.22601948471664954,-0.08191887007330997,0.6656932396310492,-0.1002109676388866,0.00968502742757935,-0.1024720847012582,0.05857615731238028,-0.003058877102994244,-0.08734864257609351,0.10809652295488731,-0.10504557337100766,-0.01243716253795748,-0.0781645355613726,0.29591215572632285
0.10168891634399937,0.022022683388233967,0.6082037319153117,0.22225623400622124,0.23070915427484076,0.22609133724275068,0.12360842907100089,0.2259316568881166,0.08681050815102172,0.2796443303613603,0.2106432254471041,0.18041907512055894,0.22002076023624784,0.1390197734032675,0.08044785969844113,0.25369058316041926,0.11802324692562279,0.49812988555222887,-0.1198445065361918,0.05407454129377652,0.2244372665834645,0.19163528698381738,1.3851237076666911,0.30964795062591366,0.3816982804164392,0.0880365082498785,0.11879323260850339,-0.026260850358577944,0.41260416971672587,0.17536483496950603,-0.09459695162564093,0.13989447164026259,0.14033678322234008,0.3581893733673888,0.075267439232477,0.34414693368244237,0.07426723176259173,0.055889870965564276,0.39106739942143537,0.08935383209302208,0.27619809317850635,0.1518021445455044,0.23136599679864114,0.5440057802635383,-0.18090769540890944,0.19070242459836423,0.37872631031027687,0.035968712133070194,-0.023999880494161817,-0.3255647462372169,0.06705884629914684,0.32261805194281545,0.0501848616008356,-0.06544559107081656,0.07185348514680914,-0.031723584370420874,-0.20487052329021077,-0.22885657707635335,0.3546815681551229,0.011787652292300685
0.09082657440979812,0.05404412305955967,0.6116654069288716,0.21517830624816806,0.1901286763109111,0.3280703883466294,0.21272208090305486,0.1734421745662577,0.29754111666898786,0.2558242909762727,0.24454536293826273,0.20805261094253524,0.29010588037719853,0.19117313341286737,0.18619333205012562,0.23654886065745093,0.23768388474655802,0.16755309391247403,0.24748744758999314,0.21909958156343198,0.25990473128192404,0.2739238192030996,0.30964795062591366,0.4858860273837854,0.2720201474284765,0.09948235028645516,0.21882334755251218,0.24205318316111193,0.27469668694983984,0.3969809376455592,0.2698399517686923,0.28680713267198543,0.30833870472491537,0.27809859981337426,0.1776208289534403,0.3862891645868812,0.30264701145541556,0.16307852215293064,0.20779276571581556,0.03301606970945666,0.13860112052597265,0.24266356272956527,0.18586303516558547,0.22644295076619775,0.060045673778412766,0.22742517566504278,0.3317362773174339,0.006433827806219049,0.07245216685794882,0.016151542381643593,-0.005380325031143091,-0.05262228202120993,0.003748354117422656,0.015355842839435002,0.19719241924577366,0.06547180375900198,-0.05153502112943138,-0.5212273125613552,0.3645795166271252,0.2349650795655086
0.1414246998703161,0.2827143296114875,0.6816687264008163,0.18717130963220482,0.1721773512207668,0.35435530999348724,0.20151819491363382,0.25323147625134323,0.23394326569658658,0.28186280010192427,0.23203039125406474,0.21605616972356878,0.2788164977618497,0.23016941575119418,0.21069769320836254,0.20348292641369878,0.2867533305106241,0.19297642282338986,0.3962889594292544,0.35888860975528425,0.3180918377731379,0.23980246291235355,0.3816982804164392,0.2720201474284765,1.9809617942161761,-0.1205182710134446,0.23590891333437683,0.1979018241934839,0.9454597112685422,0.6613211526215339,0.11351706557055974,0.2595701679122257,0.06043187552792137,0.6736818966808119,0.43681689843363725,0.1812617666146451,0.5640036608667102,0.22118691460130727,0.8287244623639725,0.24023013854043143,0.4113453460847914,0.2941808543747682,0.5423668485569962,0.3735820326577529,0.2300638526451765,0.4561293136563038,0.42492778556542693,-0.05178238900153116,0.2542554882022635,-0.28781793370041986,0.008307916693503132,-0.03107888781172798,0.11039082409952633,-0.015232904479040738,0.04959020396096623,0.3164320980751356,-0.18116572333008285,-0.11374513329930415,-0.06348941971916969,0.07705421443740657
0.12745126592908815,0.0619839185172712,0.5322788030968958,0.2753319795804639,0.2788413435986219,0.27849247362537366,0.1910507895948212,0.3272901236874211,0.24935014684513088,0.17790305801488013,0.25836525087149925,0.25028788893414167,0.32995270353077416,0.24574566706443612,0.24770050168574934,0.25041882483108585,0.2781105200695651,0.3617234082738194,0.13340996844430014,0.3410261111718093,0.1443218881573753,0.2570707994592458,0.0880365082498785,0.09948235028645516,-0.1205182710134446,1.5612663810308829,0.26755188384889433,0.2950325354101795,-0.00632299048663189,-0.6355457351023883,0.26502273756284084,0.2704149469727942,-0.0227118242072419,0.2917089129957984,0.36564866241438637,-0.007644631624845495,0.002203569398938103,0.18135731257526955,0.17386655140945081,0.20850882912837726,0.20086435972737254,0.20697444024135483,0.26462669147487666,0.15159911098167483,0.5320407087389193,0.07307118183640299,-0.18300791135437103,0.005031613769868036,0.125192775915073,0.45857769794766895,-0.14378722225000545,0.1274611254899823,-0.37530315996847874,-0.00981405465121592,0.009499609405809848,3.2066279067149605e-5,-0.13157266033897233,0.20146272628318557,-0.16526793594963826,-0.022154722367392472
0.15258481522094805,0.6349219854023216,0.6855418641059575,0.27424597885151897,0.2652131850381852,0.3275553020449693,0.24611739092173274,0.2973566001082727,0.282967823704617,0.2603833143899362,0.28660055860379186,0.3236778182698758,0.34488587430884665,0.25796181005460805,0.20932725879353842,0.31011050435191184,0.2977729348419328,0.1530357290814661,0.2987677189095051,0.3416568239778005,0.26536886751705385,0.2984071761686936,0.11879323260850339,0.21882334755251218,0.23590891333437683,0.26755188384889433,0.8513173614509593,0.2620520280895932,0.29874644214488993,0.1590185655115626,0.2601753109007566,0.3451399173493996,0.1990063650552667,0.34641226733020114,0.2764176212153247,0.45356798055175723,0.31584440281414006,0.21409843815247556,0.2398297301770749,0.08961334195010215,0.2382306642132689,0.29058087110685005,0.42551544158288523,0.035516369970818244,0.19306983352708093,0.2997246612507133,0.18800637056169375,-0.0030708831128961936,0.13387758649821088,-0.1305733845478495,-0.01920072811188931,0.11697970384377526,0.015474654087666283,-0.004602689221378946,-0.03434924657608102,0.11250488963017898,-0.11027395074811226,0.003958469585472015,-0.00372394219523108,0.16095863801835064
0.09842135913128851,0.3136666476191735,0.48099710050191424,0.1559712080179009,0.03872549778203342,0.32961373426715823,0.20068211760575694,0.16738130113251984,0.28973188364357116,0.22788229021609696,0.24021736406731298,0.1718465278058405,0.2678619930368249,0.1674915611618515,0.3299824454941808,0.23447854322787756,0.47438720815698904,0.200152448034137,0.26554550081628003,0.2747602257123221,0.28040089328869044,0.2791297565975019,-0.026260850358577944,0.24205318316111193,0.1979018241934839,0.2950325354101795,0.2620520280895932,1.1899945186200906,0.14522551730009212,0.17101229259624603,0.37411998890838205,0.33251193503191817,0.4209948498290234,0.1364054031630799,0.5114115226921315,0.09909375665945312,0.47414133775186706,0.21864190750085052,0.10105777196787118,0.057337656131007136,0.28237845725333804,0.25571375522457357,0.45926356260974666,0.419545556550793,0.3209691425910677,0.16302396149601842,0.19618924741721738,0.02512816201694169,0.25276322826506814,0.7866127522096518,0.022679427253662725,0.2233027596758646,-1.0337055969913436,0.10932438195417582,0.20372627073921112,0.037361064699975785,-0.02349590263728796,-0.21343886509838306,0.2505991847132639,0.2860347806029578
0.1478029859006738,0.7635942990695846,0.919444302774874,0.38593323767190607,0.30547592022598585,0.5373395431050533,0.25819704237672814,0.37466990272883965,0.25124512972977997,0.35311028780342424,0.3534810503187858,0.31391906803208103,0.4337473647165811,0.33626759921485766,0.36280950650888166,0.3467260659475188,0.36817912857059926,0.3005116593394686,0.4569312996106397,0.5103521798969884,0.43058096207752866,0.3243816989440029,0.41260416971672587,0.27469668694983984,0.9454597112685422,-0.00632299048663189,0.29874644214488993,0.14522551730009212,2.5263756335089385,0.14920499643784343,0.11954811400476512,0.38152207246755104,-0.2234719157833333,0.9105081969923607,0.4189372946633916,0.4364336378737582,0.2786139655565711,0.17779947276454552,0.5772376897520756,0.26660456458340664,0.5563758255092482,0.3731672466047885,0.6067424296829862,0.13136263524766073,0.3571447290580403,0.476174439256558,0.2703331877873534,-0.07829103781195969,0.5870804102631053,0.5243458722638944,-0.25633783053848613,0.0026565080079440687,-0.36907128451649684,0.010502630430634029,-0.15268613815526633,0.14657599776872143,-0.5244080356617655,0.1690268861043374,0.2710260542131959,-0.02474287428746517
0.09743481745736318,0.11696100293274643,0.37702660146956424,0.07792660003599618,-0.02878552545998245,0.21603831978142674,0.0931146925254651,0.06569171135107786,0.1889017990592399,0.25968875243607076,0.10161675775350862,0.017202496234778143,0.10357370619035959,0.11673013227277075,0.11142768460240503,0.061054665833047174,0.06830177543665567,-0.037301032639762144,0.23524811115672736,0.11260334111325564,0.2657586832725769,0.11881609590800554,0.17536483496950603,0.3969809376455592,0.6613211526215339,-0.6355457351023883,0.1590185655115626,0.17101229259624603,0.14920499643784343,3.621297687704154,0.23484643494496243,0.18252290150510103,0.3432023554654437,-0.011560473311990092,0.2085589397059678,0.6266640751498829,0.6766047007423097,0.1299305033025371,0.13149862703874135,0.4335771942195995,0.4140917070755617,0.2710936942733831,0.6319527393292929,0.15897201912724224,-0.16901898570647841,0.10702725624454996,1.7211794675427434,0.011026553204058088,-0.05803874745272407,0.2716396919021559,0.17499264505826984,-1.1309956681209101,0.32482986438244604,0.20455362939316543,0.4913418917733165,-0.05170879617628111,-0.13127527872289876,-0.18610124934958394,0.27513291565426706,0.37808210047711693
0.13672080612858792,0.32239695941681573,0.6222940343081629,0.22691022157304283,0.20829621115000088,0.3243732371147921,0.26880806878397256,0.26143921873293313,0.38461121815836447,0.2600747253373008,0.2940981570886278,0.25310261689376623,0.2806803797052812,0.21602408663318431,0.3156447382188471,0.2589604030232773,0.3502612995410496,0.34290581305655093,0.3641912138998798,0.30366580907775415,0.34296805633296346,0.33050655727958683,-0.09459695162564093,0.2698399517686923,0.11351706557055974,0.26502273756284084,0.2601753109007566,0.37411998890838205,0.11954811400476512,0.23484643494496243,0.9082740653917732,0.29393543124333005,0.2854171373612495,0.28558187694540005,0.29262566254018546,0.4891273367335138,0.5582104037355424,0.2628437781778741,0.211309193424389,0.015614201357788621,0.17534313492428233,0.3250543082204148,0.2792295617585352,0.17759270074053188,0.45202036710245985,0.3330461131608119,0.3154036410778622,0.0003224067836606445,-0.052604286481263245,0.38339107653627885,-0.011555267829767476,-0.19016497055727086,-0.10062744628179021,-0.061251403052628106,0.10083951524451219,0.16593247206707024,0.047405392979280106,-0.16481212469402592,-0.17153550371457238,0.25432020434222274
0.17333249970118994,0.28244928458601115,0.6124198600818915,0.36862123746748005,0.22027046554572866,0.543452011463013,0.28967005949257135,0.27897331049449536,0.38397498344008163,0.2692799434062183,0.3222892001198807,0.30325083997976465,0.3003682024046204,0.49024181642525083,0.3171593142153243,0.34599864535122016,0.3468306322170504,0.21455781294875934,0.20696379533052536,0.34541524941714064,0.3365235106997563,0.3825893791509986,0.13989447164026259,0.28680713267198543,0.2595701679122257,0.2704149469727942,0.3451399173493996,0.33251193503191817,0.38152207246755104,0.18252290150510103,0.29393543124333005,1.0484194770272652,0.0161440056715914,0.5111686154465154,0.13248594102844852,0.3045064658799243,0.3026842384119073,0.25333682385568135,0.10599414740307742,-0.04864814223507241,0.13815807189982546,0.2921441217453778,0.26891335015066886,0.09370951033054234,0.3255484336327331,0.2558403811548525,0.30870398371562674,-0.018613923270757775,0.8308688014552215,0.06684800209402568,0.04436001200607421,0.3296114724356194,-0.556614905857952,0.23048771773531507,-0.06347924450011402,0.10403807341877473,-0.05124801382126961,-0.08329031811499316,0.0323778703126115,0.6163189646285657
0.09225612533305576,0.2163282300732032,0.34050565251438686,0.1872681460233151,0.18784950150305438,0.07527052746792484,0.1826079577540007,0.06853106647378192,0.26108424841003347,0.13606793616705462,0.12190567224717822,0.1433891021169434,0.14698261996895828,0.08186409402243587,0.15444586957218778,0.09254287935143517,0.196573246977138,0.1363840006647203,0.3247443016430786,0.035968448374155276,0.19470132298541473,0.18152915302040712,0.14033678322234008,0.30833870472491537,0.06043187552792137,-0.0227118242072419,0.1990063650552667,0.4209948498290234,-0.2234719157833333,0.3432023554654437,0.2854171373612495,0.0161440056715914,1.7250640126010839,-0.3655805716564253,-0.4493911753861981,0.08074844642702912,0.5927257647180321,0.12035453513062097,-0.16127902241962097,-0.006661044496786605,-0.2536384053983237,0.18740830001702052,0.13214461157227866,0.16181558804140075,-0.26037231338698613,0.17961400153009882,0.294799034427401,0.12348348153003015,-0.21306504168191207,0.29845663458909194,-0.024357071063738585,-0.02698283504249751,0.043188154210999787,-0.3117991739961477,0.3240141794207756,0.016883057600267745,-0.07883125772145935,-0.24665726247630376,0.14001625251455335,-0.016734588773043617
