0.3593817760147261,0.1508400197795998,0.06105301453627383,0.04223154960532643,0.0787378322307795,0.057860299716651194,0.1197712182435872,0.08930283462569891,0.04590804561681058,0.04520651479896275,0.062425405602145705,0.05373416895494965,0.06074952610775583,0.06445417634347547,0.05210535508522843,0.051261600433807494,0.05943673705797666,0.06558154696549799,0.02062917130505581,0.05507720713541509,0.05736740513980604,0.08150377903159547,0.04886149752334705,0.031089994384700184,0.05938397006259706,0.06180243587250759,0.05288393009059594,0.024766771204929955,0.0456760489519588,0.044506973600617034,0.051891314173204216,0.05257326918038429,0.0455058936836707,-0.0008371002360223896,0.02855453363336062,0.053169675739166686,0.0615087210059511,0.07358224009747825,0.04055164952712889,0.04358635843221724,0.06765967821469218,0.05116114225468121,0.049868922734320434,0.06351689559994445,0.020085145682576487,0.07881449692572086,0.06982470403870708,-0.0011267566745219886,0.04000797357451153,-0.004724308807418631,0.009906372498385989,-0.026693514678838078,0.018635562123449682,-0.003724908939548439,0.012135780366882128,-0.004266169538358703,-0.00833082430822266,0.0035850703203977076,0.005509236953744151
0.1508400197795998,7.090741008001166,0.38299407152145143,0.23783689012759326,0.2780744899200435,-0.03841580724188693,0.5654411521080451,0.41920982161762727,0.20504735413975403,0.3648450076715681,0.30046790778557086,0.13258721004802929,0.42059032541812136,-0.054484148654274464,0.609878835342461,0.3513979443926708,0.26690488068379076,0.5556038749186111,0.41219344683442577,0.22535739981322142,0.505959396950798,0.4198924628084796,-0.22517284213878686,0.21659298950530137,0.2165539729805603,-0.032526802986558294,0.520410891940718,0.5730094694964336,0.7824660175901466,0.4117060710642763,0.45969834717936553,0.07806810251694288,0.5616999179209904,0.28139480121618116,0.4915755501038588,0.628913397717654,0.9709871957160217,0.22324398382527572,0.043092115789571686,0.06408635256595029,0.467284762787323,0.3505152337353019,0.08405784188937421,-0.07967477048302214,0.24639047451157134,0.6509428268559728,0.37464096355529675,-0.23531715593746336,-0.2532068062686808,-0.29716946997598953,0.4728601999981671,0.0825603448342389,-0.09851225444238845,-0.18517466157533266,-0.09539871798680397,0.00853590321519754,-0.5205095598006249,-0.03371980115661379,0.23354474271246584
0.06105301453627383,0.38299407152145143,1.936099913844984,0.42983932254866264,-0.3068394502879217,0.34173997238712434,0.19305928836606723,0.39332894767386883,0.4076989361123002,0.40004750648620907,0.3608175575980025,0.28521706234454053,0.3497332074979943,0.2330462160934935,0.2977955539616136,0.23271782183848255,0.37495911747616933,0.34399045499402575,0.3223334866077165,0.39948110927036856,0.3432033752743889,0.5520384118039237,0.17038773607503666,0.306065952563839,0.2963920406346369,0.3814946206213299,0.2811628806239907,0.33597523419737907,0.5379013593345316,0.042205220335557875,0.3907470530243396,0.27765831710426175,0.34494431475107,0.5021929652435797,0.3559577052731001,0.44449438330244295,0.5841238501834496,0.6754674992417046,0.36886197163530016,-0.15463799808762527,0.31847697112729717,0.3308067375896472,0.2590153984507849,0.388915102885436,0.3698277103582465,0.6236095884870605,0.5530612750838699,-0.16942388489179291,-0.22001514220577223,0.24691126988217574,-0.24791272829687455,0.08629132880662264,-0.07015837705640947,-0.11283269298091841,-0.2095708153537057,-0.05549432345259947,-0.1514047153169283,0.12987690570547542,-0.19334014533618815
0.04223154960532643,0.23783689012759326,0.42983932254866264,2.1421007843974484,0.29824088809671134,0.2829810636307531,0.6236264780769671,0.4143554704503881,0.28470734999358155,0.37306873795193674,0.35357165386581757,0.4129549534299551,0.38160129990274205,0.40191081600124223,0.1919356728398413,0.358036322550747,0.3711179321662016,0.41867856901362216,0.06041559500586516,0.382314291681923,0.3619964645409707,0.4017312293102583,0.3601148732639493,0.34805450332077603,0.33101103554853195,0.4152430949989883,0.2883946442388084,0.19831220727177656,0.2937343114856516,0.2638971552355495,0.3569674656236454,0.32520794650964185,0.33695687217558173,0.47646385658731555,0.23509582360498177,0.38055875769164277,0.42481017236626223,0.5311377896211182,0.39532909896007556,0.15984097633212516,0.3710330261258578,0.34907731399492065,0.274168147166398,0.5887803970758037,0.17437597286468193,0.5740712259721384,0.5421788558644479,-0.054528342089052446,-0.30238319773425165,0.15891503963920128,-0.13656162694562582,0.02084319127174957,0.1421507179536867,-0.23941487846347215,-0.12409300116644445,-0.012167944329497766,-0.15042774235749518,0.20181101240752783,-0.28367555206858547
0.0787378322307795,0.2780744899200435,-0.3068394502879217,0.29824088809671134,1.5881083574949526,0.7695597564991824,0.2576377142180944,0.23619124084273152,0.22037585996425169,0.19463454392923163,0.19789657380028536,0.16822430677673958,0.31935575526618104,0.14540141601035544,0.1546704286336093,0.2020686510116027,0.25367727410954455,0.24426151793732176,-0.016066119298126062,0.2395079846393025,0.21477298165583739,0.20988315074960132,0.2650397134872308,0.21965312390335986,0.15737544712484275,0.33498202797639015,0.17653540216710548,0.13263102914626695,0.2159603649016538,-0.0024202223343383275,0.14154761333058904,0.19431146952335154,0.1513556468339867,0.3912035434875838,0.0911795427364058,0.059165166785990826,0.09167757019170548,0.28829990431355995,0.22859619415674867,0.24112323054359533,0.05408248375103006,0.20288155661565846,0.1473426978911411,0.33046458849311733,-0.1397527214458751,0.10613095012475304,0.2831014627339923,0.05714241066948271,0.3600441236781013,-0.07594227362996829,0.1911630428903601,0.06059742434497451,-0.05690936260847192,-0.041219854820657396,0.12385937674587132,-0.11649042499161233,-0.21126557679864486,-0.1779791645260515,0.5176214668561858
0.057860299716651194,-0.03841580724188693,0.34173997238712434,0.2829810636307531,0.7695597564991824,1.0203211530158531,0.07314983736708694,0.3504767227874034,0.3202941736537881,0.21706380088577107,0.25159315487788403,0.2074481585996758,0.3197972367550247,0.22325978813667133,0.17212180692529433,0.21437961434601105,0.329947655230043,0.2416587891704342,0.10422564839369457,0.32938046995814424,0.2602500203594224,0.36445776303453653,0.2203312491155295,0.2474580127444369,0.23461632877499475,0.46606253195654884,0.23568660185632145,0.20321147837964257,0.345834081696491,-0.07771370669693992,0.21574023697682027,0.2919684212772406,0.13985141715462768,0.4660417118297119,0.21036932452726517,0.07560611694262724,0.25645715731776875,0.45394778154218446,0.3126099935681669,0.14456603897218406,0.037167239791390194,0.2584461348924135,0.24732117302574777,0.3923255488896728,0.11326559074839553,0.19051360498912726,0.4280098824175878,0.004967108365960178,0.4672514680490299,0.0894958182478051,-0.22495446829575805,0.16220727720874953,-0.125856952808269,0.0211574155687877,0.019934231826129422,-0.06378935592848606,-0.08827081116337494,-0.0009364278888763047,0.10337519278792187
0.1197712182435872,0.5654411521080451,0.19305928836606723,0.6236264780769671,0.2576377142180944,0.07314983736708694,0.9315971133494018,0.23716197153946422,0.12345353213982085,0.24150764378336587,0.23171680840287323,0.21847832031622597,0.23864366601497755,0.051042146155795956,0.12470039462121854,0.1768515086156893,0.2768625265465403,0.2834403271839658,0.14171916128043813,0.16216496685856036,0.22221523287553283,0.32333905716259975,0.19672200372937587,0.19257162083231308,0.19905280439383283,0.15701252101456872,0.18640622819638591,0.11317074361422305,0.18006597935958465,0.20292069354062098,0.2146677280013218,0.12348857809252645,0.24238725425979935,0.28534048308769067,0.10622028087680983,0.2657549009170451,0.27383467954077034,0.25236980241504614,0.25160226525053697,0.09201878819995106,0.21895867242628406,0.1841771516735878,0.16351174421148984,0.2648420458534798,-0.008882134431096209,0.33344124391492985,0.24011449245973,-0.07395737238199142,-0.051256339794987435,0.08436625236067878,0.0067573289684425214,-0.0873884323651362,0.0735489013133013,-0.13944483476516042,-0.01641674760737041,0.030667870423232445,-0.12257017460215844,0.07040990251655312,-0.05734019562196715
0.08930283462569891,0.41920982161762727,0.39332894767386883,0.4143554704503881,0.23619124084273152,0.3504767227874034,0.23716197153946422,1.1547036210754236,0.04194748606187546,0.1822643669379026,0.35974414615854006,0.19051552912934883,0.2888354054489738,0.22773393643143383,0.2362961641325717,0.1894073203411628,0.3401076724034107,0.36104174195157596,0.15648987528149055,0.35830693845408046,0.2610303881663673,0.2703116340632779,0.20090020011671575,0.20844286785657587,0.3113100700832414,0.5330871041165487,0.30187048925107923,-0.022767952248590115,0.3174388869716407,0.035820667689535304,0.24236474408811876,0.25860871910871247,0.14394496243029728,0.41037133047423396,0.17254409764886738,0.1785337352506763,0.27569190579675285,0.33223573991220995,0.390423764872855,0.09909043432196105,0.22928394000515984,0.2624785237648767,0.21447355365236187,0.18829562016753085,-0.010378309642383616,0.33371813872249373,0.47402122097502397,0.031045343049350693,0.38271189642537595,0.15222541841930884,-0.0945982733389274,-0.09095726190774998,0.09973621290566591,-0.08055765934108063,-0.10474334077911988,-0.08944785415334315,0.004798249833346667,0.1877978104366907,-0.0660913527068581
0.04590804561681058,0.20504735413975403,0.4076989361123002,0.28470734999358155,0.22037585996425169,0.3202941736537881,0.12345353213982085,0.04194748606187546,0.8105348456548007,0.16570533102638685,0.1296894825196125,0.19991954651064256,0.2489312371094459,0.26922328320271094,-0.00032681400659714333,0.26691459662119094,0.20297600613874975,0.22074088810351772,-0.008758691040700985,0.22693702701727322,0.22240442305379554,0.3576617815984938,0.17759356964192408,0.21054296243787698,0.1598864972412544,0.21131404585722288,0.1771709562897117,0.1911306203943787,0.18251010748231977,0.13871276158016677,0.2409110645837993,0.21902373665374708,0.1885690212288761,0.31380544347110206,0.21797053429958807,0.25659917615900774,0.26611590604880975,0.3274917950644947,0.16794245326889154,0.10782994962772194,0.13605880485580865,0.22468648935542385,0.2096816679002562,0.271486597098477,0.17281339485837022,0.3334321817467765,0.29502696235916864,-0.14289455886907418,-0.23554367089261818,-0.1762668932715113,0.04312445428354,-0.03545679649444755,0.12277034153669755,-0.040491428293121745,0.1455874004645076,0.1572435445619448,-0.1217200401320868,-0.2056380417333562,-0.09044548549963351
0.04520651479896275,0.3648450076715681,0.40004750648620907,0.37306873795193674,0.19463454392923163,0.21706380088577107,0.24150764378336587,0.1822643669379026,0.16570533102638685,0.6286097082092594,0.1824970804670116,0.18958709738083096,0.23324107405032565,0.1144391914710167,0.2086084244931405,0.1611015370977966,0.2358192550159503,0.2886485203198001,0.04104688642952308,0.30351668037986246,0.20831450229032691,0.24541560508493473,0.1506791042753552,0.1959902864396757,0.1785152715653633,0.18348034587693737,0.23737912669951985,0.22950774622643683,0.30853485251060364,0.1767089947540609,0.245313852907812,0.17219211605901644,0.18939357012451255,0.32185093482974164,0.26299708403813393,0.2504857455876008,0.3000921068917679,0.28784470308992,0.24456821856728944,0.09705277380270728,0.28674628144728004,0.21202039246479146,0.1356668466581918,0.23287851792215492,0.05092058142522149,0.3493030788376185,0.42794749309038604,-0.01859017667768311,0.17337617425932808,0.012771893570532699,0.0267336160495758,-0.011510002606653429,-0.06005530832964664,-0.006050315173364431,0.015194231206919534,0.009849293643246037,-0.02258869823923618,-0.025615045397905108,-0.11236165668223531
0.062425405602145705,0.30046790778557086,0.3608175575980025,0.35357165386581757,0.19789657380028536,0.25159315487788403,0.23171680840287323,0.35974414615854006,0.1296894825196125,0.1824970804670116,0.48306241486714124,0.25568038748858507,0.3351121234347109,0.19890992898248186,0.24341125140154246,0.20627263758724096,0.27338485000321644,0.2524046426902802,0.08281082494613427,0.2942902291984286,0.23132948629842157,0.24703900519386768,0.16639980000985347,0.2112259121146717,0.21152040564995309,0.2918707299627446,0.24362576132529154,0.14945296542797054,0.3170460368614267,0.09383304483643878,0.22215914226752947,0.21425001864675736,0.181351269147388,0.3031100901691293,0.2145388619242428,0.24565596112711496,0.25646373248252546,0.27627962620145585,0.24161276735452408,0.09581208075843127,0.19334512173975135,0.23290120300668335,0.1672657272169974,0.17652812637192336,0.0869110851722382,0.33890515383129316,0.33009222070750044,-0.05157660109915187,-0.03492739721964417,0.01580069413369802,-0.03445276623433654,-0.008828236538940428,0.04125460531929905,-0.034835020297397365,-0.06579104227724446,-0.0353269907687575,-0.08126355246795008,0.09743257790968217,-0.06670701018309912
0.05373416895494965,0.13258721004802929,0.28521706234454053,0.4129549534299551,0.16822430677673958,0.2074481585996758,0.21847832031622597,0.19051552912934883,0.19991954651064256,0.18958709738083096,0.25568038748858507,0.6823789416613878,0.20844858184833281,0.2787962325601963,0.10295094493434029,0.24116148461666995,0.21603558769354345,0.21301406730934566,0.07792014016914968,0.2221693215851944,0.19223846124798002,0.16777390136034745,0.15105771815108449,0.16506126871671287,0.23909196397024152,0.3273577644435793,0.25437606428484166,-0.016500031001268477,0.10519240835441747,0.0024392241823927557,0.2123904116319756,0.2667453381398918,0.1290495875810586,0.26176325715260274,0.1044905292814019,0.100153743163357,0.22835904877215304,0.2887992052606453,0.1604898765246821,0.08655766341537952,0.1306095908681076,0.2063558867833938,0.15299820165173256,0.16627418128374336,0.06301607889877613,0.23007031197962685,0.3567689542379115,0.05005722911550658,0.416033361215277,-0.07195671238741841,-0.059261218747388995,-0.022071581208220694,0.13394285508255468,-0.07354358964219597,-0.005899233983099518,0.038149379765197305,-0.025150261937287793,0.07138511025638289,-0.20161681510478605
0.06074952610775583,0.42059032541812136,0.3497332074979943,0.38160129990274205,0.31935575526618104,0.3197972367550247,0.23864366601497755,0.2888354054489738,0.2489312371094459,0.23324107405032565,0.3351121234347109,0.20844858184833281,0.6493710538830478,0.18318962606556816,0.1460961586396534,0.25356489902671775,0.273422156281602,0.30539232042661435,0.15726560397586892,0.2625678290469597,0.258062772221877,0.3919479803130424,0.19328693823330192,0.24780068006925784,0.2041205059894473,0.25610999067905255,0.2606319478906667,0.2216881651777785,0.4638145694608626,0.1491618939218331,0.2461289103507505,0.24190687305622366,0.2175999896590756,0.3640101580737132,0.2972777118180559,0.3101552780155285,0.2921690976553402,0.27989544402825633,0.3110316663085025,0.10412339711926255,0.21306360760416335,0.25023670570847806,0.19207427598922083,0.2528655908572068,0.06009843774851251,0.38399078458959063,0.35972327173518576,-0.10508742442384413,0.04249663634681903,0.0732648815906194,-0.022648848683096103,-0.03888005815188981,-0.00040909045830576495,-0.04703767449825801,-0.003559868935309391,-0.06099228274270174,-0.13979803542352048,0.025810397650659074,0.024249446508161153
0.06445417634347547,-0.054484148654274464,0.2330462160934935,0.40191081600124223,0.14540141601035544,0.22325978813667133,0.051042146155795956,0.22773393643143383,0.26922328320271094,0.1144391914710167,0.19890992898248186,0.2787962325601963,0.18318962606556816,0.5992264450621321,0.11149090736924487,0.30783735507605425,0.18761357725782393,0.11970800554036906,0.10491590277514456,0.19317287815450912,0.18854897034744358,0.2527332885659752,0.13115691494160076,0.19559602609075216,0.18795517173550363,0.2653927373080133,0.1540590601792305,0.10123901515218199,0.14500866745267427,0.10458925056047738,0.1902421554704571,0.33627109698684854,0.1155074310489646,0.22452864029688557,0.18094402990289216,0.1536229708456752,0.22480255620853776,0.2751595605192173,0.1560470093565873,0.090161501164744,0.15741591161587223,0.21315137841070042,0.206334548794105,0.21653258851486393,0.11036924190967642,0.23260015305416312,0.341856481164382,-0.0041859641583073,0.31605055133290383,-0.004775198932738899,-0.04020039690066209,-0.11679446602461047,0.16065638596733225,-0.009636747235979124,-0.1008836156770597,0.02264718341437239,0.04725347930263528,0.12697249638098232,-0.2130910609940681
0.05210535508522843,0.609878835342461,0.2977955539616136,0.1919356728398413,0.1546704286336093,0.17212180692529433,0.12470039462121854,0.2362961641325717,-0.00032681400659714333,0.2086084244931405,0.24341125140154246,0.10295094493434029,0.1460961586396534,0.11149090736924487,0.7917279889877857,0.07678402495778898,0.19776972864574036,0.1472904855908507,0.18229599820741402,0.1445999840656818,0.17997498938444914,0.12764499004859348,0.11058182497298424,0.1650020154005009,0.20913223899391997,0.19667595430202406,0.18435331757132253,0.2906961475729809,0.28171501064128246,0.09394059992921257,0.15519328346282324,0.10620456237611861,0.22162550790415922,0.21159425146353522,0.15370450079415668,0.19392095997256883,0.228857182475346,0.15931976633185674,0.1556345203275461,0.013826576441520263,0.18639665695116756,0.14728697273679695,0.10947070606661964,0.1393171362421705,-0.013272347995951107,0.2476692366148605,0.22587844890760309,-0.008079698757675105,0.005245892646891762,0.1198433468477399,-0.11572993688173153,0.315492930824033,-0.2727477952629231,-0.0606930380382851,-0.07294871485308699,0.04715538874447912,-0.15006468748701304,0.04824767650009392,0.02595506684131627
0.051261600433807494,0.3513979443926708,0.23271782183848255,0.358036322550747,0.2020686510116027,0.21437961434601105,0.1768515086156893,0.1894073203411628,0.26691459662119094,0.1611015370977966,0.20627263758724096,0.24116148461666995,0.25356489902671775,0.30783735507605425,0.07678402495778898,0.8044541592737783,0.2404608907725453,0.20915183622051653,0.23925377362050387,0.24389803445604338,0.24185663824614131,0.3823568676084638,0.10393937396890957,0.22252148918262593,0.259920052115831,0.17290633688863027,0.2351530697638908,0.20414654863836051,0.28867580453416997,0.2551907856470228,0.25885740353876424,0.26652910899054477,0.1487556997295416,0.34975472809772,0.4063270842350088,0.22795907173581248,0.4039103275282239,0.3121316531963416,0.27453108444101637,0.15209000153185823,0.21618873143584735,0.32442654312764757,0.2726892673635468,0.2643899588268936,0.19753704553883797,0.3210820103283449,0.3801361951568509,-0.06380318235614978,0.15947578961401396,-0.1840242254745466,-0.06070351635120879,-0.09876847566983675,0.20395084526306384,-0.033972196492996425,0.013246803632240985,0.029067657946278507,-0.16387478570500716,0.04325248787054933,-0.05866452986112441
0.05943673705797666,0.26690488068379076,0.37495911747616933,0.3711179321662016,0.25367727410954455,0.329947655230043,0.2768625265465403,0.3401076724034107,0.20297600613874975,0.2358192550159503,0.27338485000321644,0.21603558769354345,0.273422156281602,0.18761357725782393,0.19776972864574036,0.2404608907725453,0.6303488927849068,0.2583486866992346,0.19437617415424338,0.24869930157712375,0.26300631375029015,0.5255045046577559,0.2167682681887578,0.2322913067380262,0.2489167636506287,0.21650571887690598,0.2614405437402463,0.23373875736453545,0.3062049024367238,0.118908483333721,0.2633566077392977,0.21848059488229515,0.26729428333769356,0.3208154702890529,0.20683608434460382,0.2718712246055166,0.4182566576311377,0.38077168591791893,0.2690031534097519,0.12531682729189433,0.18922555204162914,0.24091435528614713,0.2612595598733943,0.29806632880926426,0.17621658505492624,0.3642410476719696,0.45651194765094705,-0.11643708882627159,0.15198442860163291,0.2005820965702701,-0.018776023745393042,-0.07828635362798693,-0.07062678787041989,-0.055266012796889995,-0.000699376076567205,-0.019740676756742338,-0.1117671650710368,0.04902903792762009,-0.058840798776827345
0.06558154696549799,0.5556038749186111,0.34399045499402575,0.41867856901362216,0.24426151793732176,0.2416587891704342,0.2834403271839658,0.36104174195157596,0.22074088810351772,0.2886485203198001,0.2524046426902802,0.21301406730934566,0.30539232042661435,0.11970800554036906,0.1472904855908507,0.20915183622051653,0.2583486866992346,0.8655336293176141,0.04399944278711681,0.21038825961392688,0.2659945241383577,0.35535469323991126,0.379356917160587,0.21847448128520428,0.23092080505472581,0.32536152131180796,0.20848081781025787,0.2672202584361015,0.3214987834068683,0.0688930962272338,0.29713647545996036,0.20970501841785089,0.22856698160933883,0.3949971069588763,0.191232539944179,0.37187462896654994,0.23302842815941233,0.3051422354419218,0.28641819362684684,0.14157337337393763,0.27741940207350085,0.23714506102989663,0.21385191784655638,0.273234144011274,0.005332967057813001,0.4149573037752074,0.37978921877349864,-0.09055433674115074,0.01753705394307934,0.0535729382363797,0.3264383017232836,0.0448041347566421,-0.3272956730038376,-0.10236084576073196,-0.024937651411929752,0.007490589091636502,-0.059821741973077415,0.09783023872682524,-0.15609775097621692
0.02062917130505581,0.41219344683442577,0.3223334866077165,0.06041559500586516,-0.016066119298126062,0.10422564839369457,0.14171916128043813,0.15648987528149055,-0.008758691040700985,0.04104688642952308,0.08281082494613427,0.07792014016914968,0.15726560397586892,0.10491590277514456,0.18229599820741402,0.23925377362050387,0.19437617415424338,0.04399944278711681,1.364281516603557,-0.29486935508052886,0.16418359796129578,0.47756630010330875,-0.12772524813779693,0.12398579171237512,0.19268309209672638,-0.03591668737470832,0.10962852958812616,0.18039064170809957,0.16025031402597434,0.23104112937732038,0.17777562599207403,0.08588893175024108,0.30028543970579025,0.09180761086828904,0.11737480739982356,0.11321774308495777,0.39226041067744877,0.2843944614093419,0.41134115840741287,-0.1369453236709905,0.08023878073719717,0.059616189365753615,0.22890866880894878,0.18671430338162112,0.06289180026070257,0.15844748140597636,0.12948535289329088,-0.029550009318168206,0.23879887034602149,0.49459043919521295,-0.29660444018693494,-0.12317128462739868,0.02063166108226677,-0.1587319298493663,-0.17056834716666697,0.0480179749738854,-0.12898973624949037,0.18952963377190268,-0.047856593936033164
0.05507720713541509,0.22535739981322142,0.39948110927036856,0.382314291681923,0.2395079846393025,0.32938046995814424,0.16216496685856036,0.35830693845408046,0.22693702701727322,0.30351668037986246,0.2942902291984286,0.2221693215851944,0.2625678290469597,0.19317287815450912,0.1445999840656818,0.24389803445604338,0.24869930157712375,0.21038825961392688,-0.29486935508052886,1.5446375877253304,0.3230369804651446,-0.0772313549952575,-0.059507043090793875,0.23469034164917763,0.16208365347522877,0.5066845021383923,0.3787050685429025,0.23424078008353733,0.3317966153323222,0.29432538424260435,0.42494986150691283,0.22050960408779213,0.1851674113932092,0.48429133362381555,0.4783809418873441,0.23999678040706593,0.6929252706099416,0.43423447062642656,0.5401633121234024,0.32649762278666894,0.6277122659501122,0.5398556792903179,0.1666871073223902,0.06299530756979023,0.18717614762786644,0.5332731077498717,0.5416194963066958,0.2766671979692657,0.5086849811636802,-0.1891887461201398,-0.08737381139128783,-0.0621976913601842,0.2593524761137195,-0.07443218221453846,0.06274828138043949,-0.07536116816585595,-0.0704986185112267,-0.08614602814921216,0.047093561795136324
0.05736740513980604,0.505959396950798,0.3432033752743889,0.3619964645409707,0.21477298165583739,0.2602500203594224,0.22221523287553283,0.2610303881663673,0.22240442305379554,0.20831450229032691,0.23132948629842157,0.19223846124798002,0.258062772221877,0.18854897034744358,0.17997498938444914,0.24185663824614131,0.26300631375029015,0.2659945241383577,0.16418359796129578,0.3230369804651446,0.5595253258071727,0.29532171811326563,0.1327870176060241,0.22745057827811302,0.1788608824767281,0.3936061812886033,0.2271874643537703,0.3101658871045874,0.28143649455494507,0.18340028231244251,0.33810520709013386,0.22943404246553753,0.30971914885910246,0.29701703560958276,0.2463000148937355,0.36784109892058403,0.37897697480355974,0.4300314718150651,0.32047484439359214,0.20149078337052573,0.44824293155778927,0.35789357222817003,0.24487019824063397,0.30365590926318997,0.1065514712726483,0.4485916699578708,0.43066000095847595,-0.0071867926595223595,0.05023771470969005,0.1272955063853861,-0.08040148474174241,0.03657273212199895,-0.03419107362195346,-0.08547581118218822,0.02620706636769184,-0.0022160757858396035,-0.19651041465893013,0.003863244927805269,0.030316060765430045
0.08150377903159547,0.4198924628084796,0.5520384118039237,0.4017312293102583,0.20988315074960132,0.36445776303453653,0.32333905716259975,0.2703116340632779,0.3576617815984938,0.24541560508493473,0.24703900519386768,0.16777390136034745,0.3919479803130424,0.2527332885659752,0.12764499004859348,0.3823568676084638,0.5255045046577559,0.35535469323991126,0.47756630010330875,-0.0772313549952575,0.29532171811326563,2.1083146360509235,0.2575778429964335,0.28573485412741817,0.2079188704742067,0.09450420130481606,0.3241245420366204,0.29655852029738095,0.4983892050502264,0.19115320796558682,0.34733646026769527,0.40084666948718034,0.4255796688347916,0.37001280813998294,0.15949767768072667,0.5654169740104971,0.3771484922524703,0.5427016635448051,0.43231820653991815,0.1010766207073086,-0.029536915515429116,0.23656704539029533,0.5626405311291559,0.4162728844734829,0.21333248363301008,0.5028550704539982,0.4392396939365218,-0.7518201635383202,0.3686158102248902,0.17066840881901282,-0.0847991587365852,-0.43293608640945985,0.046949061035236064,-0.027979769600953486,-0.05869396111484517,0.09140068337482304,-0.1856919830935831,0.11341262173801832,-0.24036227831513796
0.04886149752334705,-0.22517284213878686,0.17038773607503666,0.3601148732639493,0.2650397134872308,0.2203312491155295,0.19672200372937587,0.20090020011671575,0.17759356964192408,0.1506791042753552,0.16639980000985347,0.15105771815108449,0.19328693823330192,0.13115691494160076,0.11058182497298424,0.10393937396890957,0.2167682681887578,0.379356917160587,-0.12772524813779693,-0.059507043090793875,0.1327870176060241,0.2575778429964335,1.141335685520931,0.24522300059064217,0.31926580182563535,0.08658727899805922,0.015454097742101049,-0.05570583769585619,0.18786255553555434,0.1083133801276333,0.05833219122542429,0.1086729444203843,0.1861786588640369,0.32622475303207693,-0.09619925130137208,0.25302186751294337,-0.03304088017425396,0.21238374674968022,0.3272626202417725,0.14788311264712237,0.14725296816525366,0.0718228075086996,0.2041287092621216,0.6578644767979774,-0.18305308536866075,0.2683761412635188,0.3303516261104675,0.003922199321511542,-0.10681664945592402,0.08398218077419657,0.06627392457836787,0.1622349160945766,-0.11862938142390954,-0.09089594648431507,0.03628330557513307,-0.03359687022238133,-0.09055097231723029,-0.01275803974899876,0.10941602156748072
0.031089994384700184,0.21659298950530137,0.306065952563839,0.34805450332077603,0.21965312390335986,0.2474580127444369,0.19257162083231308,0.20844286785657587,0.21054296243787698,0.1959902864396757,0.2112259121146717,0.16506126871671287,0.24780068006925784,0.19559602609075216,0.1650020154005009,0.22252148918262593,0.2322913067380262,0.21847448128520428,0.12398579171237512,0.23469034164917763,0.22745057827811302,0.28573485412741817,0.24522300059064217,0.5508181836789787,0.2359693857915173,0.18474669854801007,0.2106957121691842,0.2446095507155337,0.19614569192485634,0.357938496861371,0.22719002244270964,0.25872781570509024,0.4159421819718678,0.21887549389744357,0.1564841572314405,0.2772992278146232,0.367375041922875,0.3499034693255929,0.10922360211498107,0.07305539259726823,0.20468732461102176,0.23892871661447412,0.1860101187976814,0.3297517239925566,0.05091159226398818,0.3743449520414202,0.35039584073203955,-0.05942899277464963,0.03560199832926589,0.009572884002949856,-0.046403823266142945,0.05984246112292813,0.022997179447665973,-0.05967627692969691,0.043074926413256324,-0.06089725298289362,-0.017423952111101836,-0.11001904959143347,0.0771860860515522
0.05938397006259706,0.2165539729805603,0.2963920406346369,0.33101103554853195,0.15737544712484275,0.23461632877499475,0.19905280439383283,0.3113100700832414,0.1598864972412544,0.1785152715653633,0.21152040564995309,0.23909196397024152,0.2041205059894473,0.18795517173550363,0.20913223899391997,0.259920052115831,0.2489167636506287,0.23092080505472581,0.19268309209672638,0.16208365347522877,0.1788608824767281,0.2079188704742067,0.31926580182563535,0.2359693857915173,1.0500539626531105,0.14830785363902546,0.19908317974631184,0.08303019503911141,0.2577724321086578,0.24326528472252365,0.19426316441045732,0.1857856405896452,0.16320146808952737,0.44344944584239415,0.26612888174514376,0.1281938717604546,0.30556597492741966,0.3832716765717359,0.2704012168456705,0.07800125702512252,0.11759972973790132,0.18806005666132522,0.2567136012306447,0.3651129464086376,0.06637781220921114,0.3953335380957596,0.4126570018333251,-0.035174038527945095,0.031151586704398354,-0.24527985546526923,-0.1399738559605717,0.1271629571179263,0.14945955980848935,-0.06745300107375544,0.012514307551404242,0.04535380986370398,-0.013925465861901534,0.015965688886197794,-0.12340432012601214
0.06180243587250759,-0.032526802986558294,0.3814946206213299,0.4152430949989883,0.33498202797639015,0.46606253195654884,0.15701252101456872,0.5330871041165487,0.21131404585722288,0.18348034587693737,0.2918707299627446,0.3273577644435793,0.25610999067905255,0.2653927373080133,0.19667595430202406,0.17290633688863027,0.21650571887690598,0.32536152131180796,-0.03591668737470832,0.5066845021383923,0.3936061812886033,0.09450420130481606,0.08658727899805922,0.18474669854801007,0.14830785363902546,2.3992411879408677,0.29631520236435216,0.3681968485587816,-0.0035062597735998633,-0.45936847372724515,0.24314313561071363,0.44624645122397677,0.0685422079205173,0.4834651021104373,0.20841395511476787,0.09433523471041988,-0.09399012007755889,0.4710738697171264,0.2670534495219067,0.2058937085024007,0.3984373495174082,0.4973924206376371,0.19567201662822672,0.22739886767854695,-0.1756102844056956,0.2169829108335533,0.3419111740101119,0.24678680729675753,0.5019036894322801,0.4120481993910061,-0.13916819113197226,0.2079148881449155,-0.5804427765393955,-0.009960218247897352,-0.18590489227360626,-0.010955483634678867,-0.1832553612264228,0.24258729031187803,-0.03710110664901741
0.05288393009059594,0.520410891940718,0.2811628806239907,0.2883946442388084,0.17653540216710548,0.23568660185632145,0.18640622819638591,0.30187048925107923,0.1771709562897117,0.23737912669951985,0.24362576132529154,0.25437606428484166,0.2606319478906667,0.1540590601792305,0.18435331757132253,0.2351530697638908,0.2614405437402463,0.20848081781025787,0.10962852958812616,0.3787050685429025,0.2271874643537703,0.3241245420366204,0.015454097742101049,0.2106957121691842,0.19908317974631184,0.29631520236435216,0.8301233044288214,0.29859113364077994,0.24271010109473976,0.12812733682619015,0.3289096174242223,0.24953378143038654,0.29026498971569314,0.290880706603347,0.2969181455191651,0.2627086755067657,0.4361618147720011,0.3752138026906031,0.18251283641432228,0.14811307503694532,0.28185437381950684,0.27882946447410556,0.21489709332898232,0.11547688830301595,0.06275836097504427,0.4340876298715513,0.3643669863120607,-0.04875449930299747,0.15661738889414337,-0.0433103123175058,-0.08531874744547528,0.06612408488746796,-0.0067438125021641445,-0.021430091234789457,0.05045807630859419,0.014104934916176065,-0.015847437556875347,-0.02146414031823724,-0.07744615684465418
0.024766771204929955,0.5730094694964336,0.33597523419737907,0.19831220727177656,0.13263102914626695,0.20321147837964257,0.11317074361422305,-0.022767952248590115,0.1911306203943787,0.22950774622643683,0.14945296542797054,-0.016500031001268477,0.2216881651777785,0.10123901515218199,0.2906961475729809,0.20414654863836051,0.23373875736453545,0.2672202584361015,0.18039064170809957,0.23424078008353733,0.3101658871045874,0.29655852029738095,-0.05570583769585619,0.2446095507155337,0.08303019503911141,0.3681968485587816,0.29859113364077994,1.3066928182679234,0.2610703165169549,0.26267182221258517,0.3383614203617208,0.18222565202199073,0.4885421250395833,0.22871098931009223,0.5037175988852997,0.40693563153971457,0.4405663535178542,0.43740254734323647,0.02385732626634074,0.12958980973824824,0.42216080465006317,0.2983793292311036,0.2274747938272844,0.4349504605399862,0.13496300799682626,0.4022882311783114,0.24026325098823567,-0.050005048783296244,-0.16232083421714388,0.0765983862112574,0.0880964609409797,0.6767826098964717,-0.9094839741301146,0.0648803029772707,-0.04055708357755378,0.028559540899934694,-0.167517566283054,-0.011455050021095241,0.04372389758571454
0.0456760489519588,0.7824660175901466,0.5379013593345316,0.2937343114856516,0.2159603649016538,0.345834081696491,0.18006597935958465,0.3174388869716407,0.18251010748231977,0.30853485251060364,0.3170460368614267,0.10519240835441747,0.4638145694608626,0.14500866745267427,0.28171501064128246,0.28867580453416997,0.3062049024367238,0.3214987834068683,0.16025031402597434,0.3317966153323222,0.28143649455494507,0.4983892050502264,0.18786255553555434,0.19614569192485634,0.2577724321086578,-0.0035062597735998633,0.24271010109473976,0.2610703165169549,2.0849261784707065,0.027600852482861798,0.2041248527787949,0.17693700701497134,0.09634648909423804,0.576591952332274,0.451906899900693,0.7332309418643529,0.2555169908583308,-0.3054894886829791,0.44706916551513787,0.013618596240102383,0.27677599229225625,0.23123942874449138,-0.09469905976149724,-0.21084315192993713,-0.07139044241363005,0.5775685807573208,0.4016110159567814,-0.45780155488706364,0.16386283629505638,0.2646099792292363,-0.3434006886327731,-0.007214977126128067,-0.06568222301189199,-0.013107487930142804,-0.086109431503696,-0.11148081943952093,-0.26922135409571796,0.04479026218060421,0.14350132621508147
0.044506973600617034,0.4117060710642763,0.042205220335557875,0.2638971552355495,-0.0024202223343383275,-0.07771370669693992,0.20292069354062098,0.035820667689535304,0.13871276158016677,0.1767089947540609,0.09383304483643878,0.0024392241823927557,0.1491618939218331,0.10458925056047738,0.09394059992921257,0.2551907856470228,0.118908483333721,0.0688930962272338,0.23104112937732038,0.29432538424260435,0.18340028231244251,0.19115320796558682,0.1083133801276333,0.357938496861371,0.24326528472252365,-0.45936847372724515,0.12812733682619015,0.26267182221258517,0.027600852482861798,2.429281793965809,0.3299777459700528,-0.037768007066407754,0.4756478726336024,-0.014370215489426295,0.5761663301345562,0.5178247748495893,0.5559819779866387,0.5275492625663912,0.32192861199100853,-0.00418393098942477,0.6664449548717426,0.19513715681416396,0.5744100478785001,0.5809275048542073,0.13271679567023575,0.5815181597891448,0.32266581621341495,0.041986374117232966,-0.04839655676428548,-0.3410757232547582,0.02133100103345859,-0.5919593686989407,0.7635903157254653,-0.055908650398911304,-0.08371577576153137,-0.04385181243562539,-0.22606245361878444,0.18803816699487103,-0.002663283566258496
0.051891314173204216,0.45969834717936553,0.3907470530243396,0.3569674656236454,0.14154761333058904,0.21574023697682027,0.2146677280013218,0.24236474408811876,0.2409110645837993,0.245313852907812,0.22215914226752947,0.2123904116319756,0.2461289103507505,0.1902421554704571,0.15519328346282324,0.25885740353876424,0.2633566077392977,0.29713647545996036,0.17777562599207403,0.42494986150691283,0.33810520709013386,0.34733646026769527,0.05833219122542429,0.22719002244270964,0.19426316441045732,0.24314313561071363,0.3289096174242223,0.3383614203617208,0.2041248527787949,0.3299777459700528,0.8298625631312582,0.23357520106340987,0.3504664774765654,0.3260275397094603,0.384723983164346,0.5147851609539634,0.660036975473135,0.520646519492435,0.40193503739587166,0.12346815780825228,0.5103380706090492,0.32566993472988315,0.22009342646992025,0.2812970910135324,0.15462268916475097,0.5873458028653037,0.48412256430328626,-0.06006899689644951,0.14496514442217284,0.10133735572846993,-0.0845086846866638,-0.07810390291930087,0.0999815459244825,-0.12862915725457114,0.021492910485889794,0.046451624917703285,-0.03716881581165575,-0.04453563054210805,-0.15230610014664517
0.05257326918038429,0.07806810251694288,0.27765831710426175,0.32520794650964185,0.19431146952335154,0.2919684212772406,0.12348857809252645,0.25860871910871247,0.21902373665374708,0.17219211605901644,0.21425001864675736,0.2667453381398918,0.24190687305622366,0.33627109698684854,0.10620456237611861,0.26652910899054477,0.21848059488229515,0.20970501841785089,0.08588893175024108,0.22050960408779213,0.22943404246553753,0.40084666948718034,0.1086729444203843,0.25872781570509024,0.1857856405896452,0.44624645122397677,0.24953378143038654,0.18222565202199073,0.17693700701497134,-0.037768007066407754,0.23357520106340987,0.6806778780500037,0.08803433327072291,0.24012327306981873,0.13877128729014282,0.19402949137525147,0.1726964930191696,0.3156085653954655,0.12290468417183895,0.1298756853466174,0.15161370391393136,0.264679144618499,0.1563726935384816,0.14092491714681704,0.11327029216899843,0.3149256306764234,0.4157960016010023,-0.06917506230178842,0.44581972686494176,0.02645155881397682,-0.02150659082765781,0.12484481050253236,-0.17968527742060192,0.015216510052904926,-0.024557374596591068,-0.010680238105005884,0.3285639471387809,-0.04262331343570812,-0.3404730965109497
0.0455058936836707,0.5616999179209904,0.34494431475107,0.33695687217558173,0.1513556468339867,0.13985141715462768,0.24238725425979935,0.14394496243029728,0.1885690212288761,0.18939357012451255,0.181351269147388,0.1290495875810586,0.2175999896590756,0.1155074310489646,0.22162550790415922,0.1487556997295416,0.26729428333769356,0.22856698160933883,0.30028543970579025,0.1851674113932092,0.30971914885910246,0.4255796688347916,0.1861786588640369,0.4159421819718678,0.16320146808952737,0.0685422079205173,0.29026498971569314,0.4885421250395833,0.09634648909423804,0.4756478726336024,0.3504664774765654,0.08803433327072291,1.2885734042699322,0.016016953098988367,-0.1475299900905745,0.3228548760936924,0.886233243888674,0.5766852207130749,-0.05737609014810746,0.03601312029887363,0.18974770793152232,0.2966400143203002,0.2655327723701087,0.44331048380998644,0.09102107996040666,0.5079058062483596,0.4109322944254826,-0.11771079174674443,-0.16037432455037057,0.2737858911928809,-0.09583206461481471,0.13818284251298754,-0.04060441372147872,-0.2139051750669751,0.018521650599484164,-0.04366132069810544,-0.2600668943499171,-0.011579631481507053,0.1831910946633221
-0.0008371002360223896,0.28139480121618116,0.5021929652435797,0.47646385658731555,0.3912035434875838,0.4660417118297119,0.28534048308769067,0.41037133047423396,0.31380544347110206,0.32185093482974164,0.3031100901691293,0.26176325715260274,0.3640101580737132,0.22452864029688557,0.21159425146353522,0.34975472809772,0.3208154702890529,0.3949971069588763,0.09180761086828904,0.48429133362381555,0.29701703560958276,0.37001280813998294,0.32622475303207693,0.21887549389744357,0.44344944584239415,0.4834651021104373,0.290880706603347,0.22871098931009223,0.576591952332274,-0.014370215489426295,0.3260275397094603,0.24012327306981873,0.016016953098988367,1.7182120070474562,0.6586893218261198,0.20414859414988168,0.3216099143378602,0.3922037230102893,0.7468004256262419,-0.013210665600735517,0.21429994495604987,0.34637250425233157,0.3372108982736263,0.464311259562135,-0.34855530099825976,0.30224227384203756,0.6335715483767035,-0.00881146260995153,0.6719848821878075,-0.15865530908552627,-0.011596189425167498,-0.11212121393834869,0.11590450910801026,-0.017600333266110754,-0.10523680094036672,0.005996289214870324,-0.24931764622666117,0.08791170260659384,0.14054024697735776
