2.184874338598318,0.2718712903243064,1.9981908231669656,0.2635245035467093,0.09447826580076507,0.1809975106485736,0.06893969795365905,0.11771288862603231,0.2959516362484559,0.24714677180469843,0.09778715840088151,0.10832066690650095,0.15997495824971636,0.21820693279752376,0.1808987303519968,0.10252780196044949,0.11982219217454933,0.2255947855483524,0.16003553316158187,0.14439783883732982,0.21059418084460904,0.20786362796698402,0.14430594998820948,0.1790552724513429,0.27973093572848545,0.1296843032580675,0.14815105091520253,0.21778937575629617,0.2204399374658934,0.33058275846498425,0.20553500734977917,0.170787024165514,0.2195485214123205,0.0930830506035555,0.12636948237605572,0.24530099263412886,0.2053404703492281,0.25004232979399565,0.19828948612190328,0.1333928982219434,0.2145389117249613,0.14177022410305806,0.24929792296540867,0.20608727777322333,0.027852177696964596,0.11033608054217386,0.2949588859589716,0.09788848307720831,0.4158899461748366,0.21099641089581633,-0.08975644256692585
0.2718712903243064,7.9861691002175625,0.659998723264489,0.6633151738856805,0.9324787132982121,0.5582859919345406,1.1677587445881097,0.8748999421037932,0.933571709617371,0.9254027545830914,0.9292445822653755,0.9689184414280477,0.9793256754624714,0.9051465532133476,1.2856785983893242,0.6165334808863415,0.7624147259363159,0.9173414940851522,0.6980891918702743,0.6281733908806091,1.0910932962130035,0.7851455225369867,-0.27101716609678694,0.510358120738243,0.5397616193345173,1.149230557405397,0.7182760055932256,0.8691427154245116,0.7594379708219318,0.7840103003824165,0.6899288579492604,0.8436766742065879,0.7278972033759993,0.6662274360768904,0.9099273264354643,0.6991632984033386,1.2146482565353784,0.7917363538410002,0.6624328691094639,0.7740199259090992,0.6721514018850365,0.8189850642206441,0.6891674033428833,0.6095871630694176,0.888322916491317,0.1012276957123677,0.8057169294652318,0.38628595138620064,1.5234116098342758,-0.17610582112481518,0.02460133627510395
1.9981908231669656,0.659998723264489,4.751878708092518,0.5500924463634078,0.041140118684170744,0.6573132374310918,0.39465929478782025,0.8897122673467747,0.9346680517625878,0.7363347895629925,0.5103793445407694,0.43656434505942865,0.5881180758333631,0.5967469260768724,0.40641995322731267,0.390511241685594,0.5111740453745299,0.5967672107566647,0.4062656734087274,0.5775779245083392,0.5380435435837171,0.6679430977781192,0.45112534037749735,0.4968951576818582,0.5841013631608187,0.5596751816117725,0.47763843530945016,0.6159087510427,0.6610008101274975,0.7741586056087278,0.4912407186873054,0.5080789429753705,0.524746736148003,0.49811836837212564,0.5678657584956633,0.7597963962519851,0.48932967015208423,0.3637812304434593,0.7057237692506173,0.6419184708545386,0.4702944159334088,0.4848919361019778,0.5230907427077819,0.48727387047778914,0.2955057365186455,0.15318142223860748,0.8100893280572704,0.22110547763503755,1.196996326983135,0.13041692454352044,-0.12037625842339884
0.2635245035467093,0.6633151738856805,0.5500924463634078,1.6328759408955922,0.8301057511581754,0.6047303277104018,0.5348288397790365,0.5787794110927849,0.2728483247703608,0.5281033725143448,0.5591872731434773,0.5685840448517191,0.5214778000692613,0.49864044567925403,0.487522556206616,0.5302255915007914,0.5123025281043615,0.5335783996769174,0.6077555041213202,0.44819626991750683,0.49282237887278485,0.4365009866236434,0.39645003409883334,0.3822184873420615,0.5340484217039134,0.3829280642328099,0.42793156411276384,0.42632657105584626,0.4319270099896397,0.46431162325619507,0.5090175995761752,0.4693508107376334,0.4288541423058297,0.5721573266893119,0.4117424911548974,0.6179284332330831,0.5570403315749736,0.5825835106846778,0.5926880278647882,0.6138518905124785,0.3348896456564838,0.43901720795921906,0.45326376202875246,0.6527080886011212,0.40246687286959576,0.17960687121442553,0.5685393920556392,0.2473928406148064,0.38057376315791097,-0.022220411335521245,-0.10202460393956095
0.09447826580076507,0.9324787132982121,0.041140118684170744,0.8301057511581754,1.680900921238953,0.6552295588018404,0.5526601079637564,0.638343563188287,0.34845613570396494,0.5350724822704243,0.6130985112742285,0.6294430603625266,0.5914100162149665,0.5598957353787216,0.6087641038466235,0.6548796091777878,0.5582662553861458,0.5994174295784593,0.9324503716495656,0.4570202378823163,0.5452371336842486,0.5438608733432997,0.4516283722982928,0.42293026546528,0.47685157318685517,0.5244188825379813,0.46352043076379384,0.39534160780694283,0.44797030972726576,0.2749912922537784,0.5684815101927887,0.5541237589801826,0.4849423546139369,0.6662557723201554,0.31184419601305796,0.6723984532469857,0.6804457699237952,0.6630414011086976,0.5214175157791899,0.6707941374917344,0.2633362477120514,0.5348099418398753,0.4533159714838648,0.6267972581818374,0.4229201299028804,0.18689965389874155,0.5039853999531346,0.29823833542128364,0.6011261206569257,-0.030306271875217883,-0.0720297730528368
0.1809975106485736,0.5582859919345406,0.6573132374310918,0.6047303277104018,0.6552295588018404,1.108122955565309,0.516613573221559,0.7422054692112906,0.5504704966631349,0.6099185475413073,0.634955077688462,0.5951734770988769,0.5983288021029824,0.61592028216034,0.5019858785982837,0.5841033781020244,0.6141060907809687,0.5754258906277384,0.7547578031239454,0.6188687514041993,0.5355568716566115,0.6136021049122,0.4247554250130841,0.47537615872489414,0.589414202863186,0.5740364776309612,0.5055938459232641,0.5155710056203469,0.5765749315004877,0.5122360508142568,0.5414847298966705,0.5909025177104578,0.44066982386719167,0.6815682926052198,0.4758898693145373,0.611273410557194,0.5567150829038281,0.6659334576477757,0.6385263195705064,0.9251803887773645,0.26438192338872313,0.5315890870666351,0.5991154700979984,0.6644084659623184,0.4878756090825515,0.08939922632045647,0.6951019570666612,0.28371114675280207,0.8095621709241609,-0.032191033160920465,-0.0017072191654328777
0.06893969795365905,1.1677587445881097,0.39465929478782025,0.5348288397790365,0.5526601079637564,0.516613573221559,1.0064841636231727,0.6160312857905178,0.5823449390153721,0.5768401690400393,0.6216210287041116,0.6504718145197598,0.5958551240466147,0.6060897127993499,0.4055103978318673,0.6195014789921585,0.606032960991579,0.5018026913920461,0.4565070633364684,0.41035723460007234,0.5405170854264735,0.6350500785295651,0.43912439938134173,0.4339297366341808,0.5215057677197992,0.555104651188385,0.4821445179918771,0.4773425315829389,0.4973632350416183,0.48452437577814517,0.46741684873911465,0.5753326540058914,0.4345945040365638,0.5649929344520195,0.4765762849007463,0.5990515030212459,0.42982439416294144,0.5036563220044805,0.6185803527823347,0.7217770122193329,0.36421594997211126,0.5024685463020996,0.3637878498790548,0.6028716472146783,0.3262464761317904,0.08214845747267223,0.48340194988446256,0.20005974681075414,0.8359652181749774,-0.14339648407165578,0.01549783284435263
0.11771288862603231,0.8748999421037932,0.8897122673467747,0.5787794110927849,0.638343563188287,0.7422054692112906,0.6160312857905178,1.3241981490907233,0.4636914766490253,0.6747911196547113,0.6958618849648358,0.5617909338167885,0.6755316393780774,0.6122190562864928,0.45917538010583225,0.610892145538294,0.6114330722556585,0.64975728733415,0.6285617263412642,0.6058039649149314,0.512160969466191,0.6095427098230122,0.44442550736271685,0.44823315218796217,0.5487162919939258,0.6276945513314347,0.5261894592175812,0.5573559341812246,0.5689982109658097,0.5949455613322252,0.5174599447621636,0.5667135974647979,0.47444635887436026,0.6623763256617332,0.5467305608263512,0.6064383424423969,0.5207059315338738,0.6035158474651757,0.7190651158312987,0.8975588033747044,0.3915236672070913,0.5286419764462174,0.5883163673310454,0.6219130917650045,0.32873834276330716,0.09972696822137259,0.750408522371618,0.3038110908893836,0.9638472712819116,0.002568413319486475,-0.007758395724148289
0.2959516362484559,0.933571709617371,0.9346680517625878,0.2728483247703608,0.34845613570396494,0.5504704966631349,0.5823449390153721,0.4636914766490253,1.1278656465812336,0.4374968672054276,0.4386732358205661,0.4096057950313704,0.5204012766470947,0.5183159194405292,0.1698310843089215,0.41151483625096597,0.46281012018849593,0.36374802332272693,0.3670567562304275,0.3962569849319798,0.459561588631072,0.7055935047334289,0.32474936283582745,0.3907647563362747,0.3688172295367086,0.6305936399998144,0.3802273745021675,0.4251292470288663,0.4008183847694761,0.39645784750644375,0.3884846330752283,0.49187464381471624,0.36693220432896395,0.43830754944631223,0.43401285162683706,0.4329201072769992,0.3976785601743614,0.46521668483233924,0.4512446154952871,0.5166331818765459,0.2935562869703175,0.42513059584099816,0.3440421315386717,0.4951572774939068,0.3025394338508304,0.0560863611507096,0.4231999428857499,0.10360996296812448,1.0426999857335453,-0.07128999559411256,0.017382214532188495
0.24714677180469843,0.9254027545830914,0.7363347895629925,0.5281033725143448,0.5350724822704243,0.6099185475413073,0.5768401690400393,0.6747911196547113,0.4374968672054276,1.158549898502519,0.6176467639475522,0.642438013449379,0.5829209295904015,0.5537422462938658,0.5912316414627696,0.5595617335149365,0.5896626909882986,0.6216893256291893,0.5195559996865564,0.5566301941236536,0.5132776824250985,0.5470809323896255,0.49240661173850064,0.4998409982855122,0.591004297456891,0.484632144333695,0.5062428152119642,0.5859073194406497,0.5947097113161239,0.7820085968638946,0.563998424230199,0.5377949172170654,0.5414652304757904,0.6905830208496982,0.6194235541421821,0.6624024130058954,0.6180548139201393,0.6290772451031089,0.7541694907629526,1.0497431501920151,0.5206119821461539,0.5112816957030266,0.5824074190229701,0.7018443792983653,0.3144812529223638,0.06624986867612784,0.822559830337991,0.3696052608348263,0.9175299243226891,-0.08749194305405229,0.02438806570018045
0.09778715840088151,0.9292445822653755,0.5103793445407694,0.5591872731434773,0.6130985112742285,0.634955077688462,0.6216210287041116,0.6958618849648358,0.4386732358205661,0.6176467639475522,0.9121134736887027,0.7057934182300527,0.6714807413993603,0.5681792907374815,0.5642364359974189,0.5948791198249486,0.6416200217507271,0.5779938702843646,0.5465526596248218,0.5468164932278132,0.5510487902203848,0.5632790326585733,0.4579678967372636,0.4667903230247872,0.5587555649811222,0.5563029369261774,0.5215295463378575,0.5526882145335098,0.5569968367884843,0.6167543215049593,0.5401536114981189,0.5563827093810118,0.47190132340747526,0.599364916368913,0.6101715436632595,0.6248279300689813,0.47028967140910316,0.5726262309970936,0.7006704667238295,0.8197377128199014,0.40480612075453737,0.5292572342334992,0.5116718648019756,0.6023922340116598,0.27127696846236554,0.09828163877331057,0.6694291716973017,0.2965145643827616,0.7941300961351924,-0.08086168728102813,0.005686339291276615
0.10832066690650095,0.9689184414280477,0.43656434505942865,0.5685840448517191,0.6294430603625266,0.5951734770988769,0.6504718145197598,0.5617909338167885,0.4096057950313704,0.642438013449379,0.7057934182300527,0.9442146857971248,0.6143307104008556,0.5842812232115944,0.5580180806518812,0.6258270049183314,0.6315253630416349,0.4863124492117671,0.5352133702782729,0.48669476354344987,0.5270708814900077,0.5570608596790435,0.43582824946049203,0.4559341853616322,0.5349933445135852,0.4838908572347732,0.5432614018129696,0.5140833303884638,0.499793877300922,0.5889418787454899,0.5057714003550382,0.5812334153838256,0.48211778399921207,0.5789677112991732,0.4776362167409411,0.659676771306345,0.39879970530149544,0.5441121751782834,0.7084973427980473,0.916622576368402,0.4018672079551031,0.5197643552190856,0.4540877550369379,0.6297948009200057,0.27203857031082274,0.03685368367166088,0.626398649872735,0.31513070690249184,0.8205759464517277,-0.12994191594841772,0.021906907078078294
0.15997495824971636,0.9793256754624714,0.5881180758333631,0.5214778000692613,0.5914100162149665,0.5983288021029824,0.5958551240466147,0.6755316393780774,0.5204012766470947,0.5829209295904015,0.6714807413993603,0.6143307104008556,0.9135297281476058,0.5394121180207827,0.42534074772646246,0.6229002512039601,0.6122867605741386,0.5838931862129398,0.5136095142162805,0.5238267192617112,0.5428993494685718,0.6265482485531095,0.4367879620982246,0.45910516131587187,0.5602103422371478,0.5593446546793746,0.5375916092087624,0.563488196662788,0.5911977722060454,0.6369445759563519,0.5079084997164109,0.5433754995843724,0.4621860805761427,0.6112994585142977,0.6342763807274625,0.594883065060073,0.4776814313939746,0.5483691090460894,0.6540180635050216,0.7337966101098404,0.41761155179016995,0.5167289310467965,0.5573134757877068,0.619379066427892,0.21056627473767497,0.1257573751750882,0.6597088230852955,0.25808527864727765,0.9153238075179632,-0.039482644233092105,-0.002628637077379161
0.21820693279752376,0.9051465532133476,0.5967469260768724,0.49864044567925403,0.5598957353787216,0.61592028216034,0.6060897127993499,0.6122190562864928,0.5183159194405292,0.5537422462938658,0.5681792907374815,0.5842812232115944,0.5394121180207827,0.8764234177483212,0.553936569703625,0.5908049498054283,0.5719331999431789,0.5264442867161778,0.5259838435328448,0.5452007868591181,0.5583180574675127,0.6014178854829344,0.4021179995978315,0.454535517631382,0.6012039175766956,0.5912738171691905,0.5141312469029226,0.5092389225093352,0.5093394576165842,0.6041463533494151,0.5268908938243985,0.7158334886528116,0.4474966682109039,0.5870679286006674,0.4777699696185601,0.6236575832126098,0.5025608960616424,0.6068349029576955,0.5772756419746445,0.6886126076604965,0.43369481131276866,0.539711710164452,0.5689710432417784,0.5853381102377039,0.35512087345053267,0.07140537355348113,0.6529736867644506,0.31369181774917093,1.0620915039112488,-0.0013839196849985416,-0.007329950474178973
0.1808987303519968,1.2856785983893242,0.40641995322731267,0.487522556206616,0.6087641038466235,0.5019858785982837,0.4055103978318673,0.45917538010583225,0.1698310843089215,0.5912316414627696,0.5642364359974189,0.5580180806518812,0.42534074772646246,0.553936569703625,1.265436331154342,0.39539201183934797,0.5233365666360476,0.6188862030488389,0.5489699600544012,0.40052041928224164,0.48554625000064006,0.318543819934309,0.44911254644013143,0.38103091608492107,0.5813084070144557,0.4614345891455452,0.4173007818578464,0.422446764683248,0.5310733533572343,0.5946450021330917,0.46063564584175065,0.4784095810729179,0.44593552144153176,0.49566766592916034,0.3996607159869582,0.5960574902215345,0.5307570256704212,0.3709265673904459,0.5009620382095238,0.6855422888832626,0.36252036768426327,0.44815649188752466,0.502974062887087,0.4394130689353448,0.2733947373830293,0.020829399776804685,0.6527858325369902,0.39329430817761846,0.758375676228062,-0.03994067835217705,0.020701771165823054
0.10252780196044949,0.6165334808863415,0.390511241685594,0.5302255915007914,0.6548796091777878,0.5841033781020244,0.6195014789921585,0.610892145538294,0.41151483625096597,0.5595617335149365,0.5948791198249486,0.6258270049183314,0.6229002512039601,0.5908049498054283,0.39539201183934797,1.1244982929267466,0.6149539298394395,0.5833972753433108,0.5874452860179118,0.3509123095255303,0.4986470247369013,0.7676784704271057,0.498996182437651,0.46723328360721866,0.5272291032243436,0.45033629701865424,0.5564280566290626,0.4974321884763958,0.5260790975959558,0.5454092408646541,0.48424725911611843,0.6112751823301006,0.4242342633607338,0.6238771348668212,0.48312222435524405,0.6244228286946562,0.40643806039614777,0.5058923453456807,0.6553479923753155,0.8121371490893529,0.36618407448520723,0.5596093112923085,0.4888520603187479,0.6607935925164344,0.2919539053429295,0.052025143815770065,0.6408270319051368,0.13275832745688024,0.840707950530865,-0.04470314001065189,0.002873033615188357
0.11982219217454933,0.7624147259363159,0.5111740453745299,0.5123025281043615,0.5582662553861458,0.6141060907809687,0.606032960991579,0.6114330722556585,0.46281012018849593,0.5896626909882986,0.6416200217507271,0.6315253630416349,0.6122867605741386,0.5719331999431789,0.5233365666360476,0.6149539298394395,0.9460693523629363,0.576317253476167,0.5395306418988629,0.45922042484541725,0.555991534200468,0.6281332883224873,0.44123787723339597,0.4478444047344583,0.6167189493315695,0.5480213937900177,0.4969396883670473,0.6764005259165045,0.5265044563495312,0.6160001489401027,0.5326315928946369,0.5477149610315751,0.51502880886105,0.5745658195545574,0.6147704684363463,0.6313875469086357,0.5006167031530572,0.5832516298691262,0.6702284805455431,0.7914134807275026,0.41884795632480964,0.54244556304624,0.5029484895500937,0.6381539465387602,0.31840600559137483,0.07644686343833758,0.694387299498499,0.24165376923977477,0.7753212513275222,-0.061983656194058295,0.0017125806093668714
0.2255947855483524,0.9173414940851522,0.5967672107566647,0.5335783996769174,0.5994174295784593,0.5754258906277384,0.5018026913920461,0.64975728733415,0.36374802332272693,0.6216893256291893,0.5779938702843646,0.4863124492117671,0.5838931862129398,0.5264442867161778,0.6188862030488389,0.5833972753433108,0.576317253476167,1.2920759452054327,0.5539771127455192,0.25756626047067693,0.5451575309039027,0.5044872765193278,0.5982435661523232,0.3993331690677472,0.6053234984366205,0.6106474095768667,0.4537892438833551,0.5007425520626502,0.5738973834798197,0.47961359765526607,0.5470999197893652,0.48518684597569467,0.5372831968947482,0.5581125369388672,0.4408728039817582,0.7063220241238274,0.5281748549531577,0.456146625895198,0.49363737131966173,0.6311244116264227,0.3143362482025621,0.45827384120595865,0.6581371324928426,0.5024628004201169,0.33227976371370477,0.09077950164992413,0.8625237664371295,0.26069652140097144,0.656686139119281,0.014136961515041062,-0.015590999847207795
0.16003553316158187,0.6980891918702743,0.4062656734087274,0.6077555041213202,0.9324503716495656,0.7547578031239454,0.4565070633364684,0.6285617263412642,0.3670567562304275,0.5195559996865564,0.5465526596248218,0.5352133702782729,0.5136095142162805,0.5259838435328448,0.5489699600544012,0.5874452860179118,0.5395306418988629,0.5539771127455192,1.0561264467647806,0.4313853793311922,0.5067411215436773,0.5361179674318094,0.37421969910419045,0.3997952515970734,0.4776756390664736,0.45545897940599994,0.43220399081458083,0.42598935291020446,0.4562990887163892,0.39084674472251685,0.499916359551902,0.5021784918317344,0.44818614824783637,0.5795052999187779,0.3414704523232628,0.6104090297535588,0.5605426572023836,0.6091956299514989,0.5385231430390263,0.722486170895201,0.2394907276484025,0.48338260141712913,0.47946316447972837,0.573709635260316,0.43488783181553464,0.1355954431169196,0.5346001277849413,0.25436688912787325,0.5466999246284214,-0.012643893947970934,-0.04681651355481123
0.14439783883732982,0.6281733908806091,0.5775779245083392,0.44819626991750683,0.4570202378823163,0.6188687514041993,0.41035723460007234,0.6058039649149314,0.3962569849319798,0.5566301941236536,0.5468164932278132,0.48669476354344987,0.5238267192617112,0.5452007868591181,0.40052041928224164,0.3509123095255303,0.45922042484541725,0.25756626047067693,0.4313853793311922,1.756827173530016,0.4788296400938738,0.3257439937960446,0.0652711213577944,0.40851974669212837,0.5984564353629039,0.45996952359163207,0.5586629970879391,0.641827038004405,0.5912901233267975,0.871415991646313,0.6503848490622387,0.49094913928535366,0.46094471723636155,0.6905986300695294,0.7744575895641636,0.4633169571709844,1.0659166168995424,0.9497646871664903,0.6847238710253619,0.9276698149619814,0.5872315620957361,0.6288722912484676,0.895055924963175,0.48066657403769997,0.8666331732284801,0.404904973171008,0.5269927223187305,0.5905187954822876,0.9520090048388336,-0.0035037859942470178,-0.016546564204068307
0.21059418084460904,1.0910932962130035,0.5380435435837171,0.49282237887278485,0.5452371336842486,0.5355568716566115,0.5405170854264735,0.512160969466191,0.459561588631072,0.5132776824250985,0.5510487902203848,0.5270708814900077,0.5428993494685718,0.5583180574675127,0.48554625000064006,0.4986470247369013,0.555991534200468,0.5451575309039027,0.5067411215436773,0.4788296400938738,1.0449543715014082,0.4940893802267375,0.3410385874071614,0.358535586950656,0.5578821929402658,0.5111104300416054,0.4391730320391891,0.5387486218756068,0.47709678463740246,0.664113285543303,0.519778212001812,0.5452713865831582,0.426351272747341,0.5416824782252074,0.6201337689112804,0.5311748128715053,0.5322865155797659,0.6108057788529943,0.6439915068566099,0.6592556338196189,0.5321000707280914,0.5994443880433546,0.5425502360614219,0.661957783081551,0.6964854422631016,0.07884700761260924,0.6546606558693117,0.2910338208069355,0.6595143509539996,-0.018807142654133704,-0.028327106924521405
0.20786362796698402,0.7851455225369867,0.6679430977781192,0.4365009866236434,0.5438608733432997,0.6136021049122,0.6350500785295651,0.6095427098230122,0.7055935047334289,0.5470809323896255,0.5632790326585733,0.5570608596790435,0.6265482485531095,0.6014178854829344,0.318543819934309,0.7676784704271057,0.6281332883224873,0.5044872765193278,0.5361179674318094,0.3257439937960446,0.4940893802267375,1.2555221121641131,0.4389887169149645,0.4567606213673875,0.48145216897861925,0.5666469778962242,0.4988766283751627,0.4974634401746432,0.5086315351445493,0.4799360440469139,0.4597489224193808,0.6262187579557523,0.44094644790651866,0.5969019876960304,0.49076553561534386,0.56682036533695,0.39012374650893306,0.5787950015153173,0.5879212893699606,0.667275372607415,0.3524439086494314,0.5151966868976006,0.36797407448893404,0.6710808043926649,0.24203643615837409,0.14207583577154745,0.5769649120711503,-0.21208753044362372,1.00290905159665,-0.054932934752874474,-0.0017091386468516434
0.14430594998820948,-0.27101716609678694,0.45112534037749735,0.39645003409883334,0.4516283722982928,0.4247554250130841,0.43912439938134173,0.44442550736271685,0.32474936283582745,0.49240661173850064,0.4579678967372636,0.43582824946049203,0.4367879620982246,0.4021179995978315,0.44911254644013143,0.498996182437651,0.44123787723339597,0.5982435661523232,0.37421969910419045,0.0652711213577944,0.3410385874071614,0.4389887169149645,1.8753837130041358,0.4505120310954487,0.7275798771404426,0.2840201940922503,0.2898372325755803,0.14222056396611785,0.7257713248643823,0.5260584628530438,0.24279838859097824,0.3514009805237565,0.3761270476741584,0.5515245814263836,0.11900951627018251,0.7593310106439309,0.08350190784879542,0.08418409145853448,0.5700582811916219,0.7058232939760773,0.27487697089696367,0.29480480655538455,0.3422229948023643,0.6618749080251862,-0.2872829832391383,0.07640608148465022,0.6322676782546405,0.33931854545820855,0.8134495917444644,-0.05574982813901197,0.02963010266032968
0.1790552724513429,0.510358120738243,0.4968951576818582,0.3822184873420615,0.42293026546528,0.47537615872489414,0.4339297366341808,0.44823315218796217,0.3907647563362747,0.4998409982855122,0.4667903230247872,0.4559341853616322,0.45910516131587187,0.454535517631382,0.38103091608492107,0.46723328360721866,0.4478444047344583,0.3993331690677472,0.3997952515970734,0.40851974669212837,0.358535586950656,0.4567606213673875,0.4505120310954487,0.784269157907325,0.40695119313742234,0.2723444719706791,0.38743471369745053,0.46666583350175445,0.4302171642966742,0.6189229159757534,0.45764561888730626,0.4710585035239574,0.5155577305006275,0.502360707439889,0.43452414363869474,0.5170983446783531,0.41582745368789986,0.442334792407198,0.5761819667828495,0.7132806254561576,0.3149154026751415,0.3884941886412739,0.38668136862149055,0.5192125816579164,0.11435724706616111,-0.006001947712206324,0.5809367756465507,0.2946819438644521,0.906609707534145,-0.0806435472914673,0.015941716953341345
0.27973093572848545,0.5397616193345173,0.5841013631608187,0.5340484217039134,0.47685157318685517,0.589414202863186,0.5215057677197992,0.5487162919939258,0.3688172295367086,0.591004297456891,0.5587555649811222,0.5349933445135852,0.5602103422371478,0.6012039175766956,0.5813084070144557,0.5272291032243436,0.6167189493315695,0.6053234984366205,0.4776756390664736,0.5984564353629039,0.5578821929402658,0.48145216897861925,0.7275798771404426,0.40695119313742234,2.236000908466676,0.43763084086129267,0.49628498087622647,0.6196692994480207,1.1116637992562257,1.0480438622185344,0.5880343869945013,0.5317560362779741,0.48939685566237145,0.7646938835567284,0.7446369624582393,0.8797251970146751,0.7105556346420026,0.8016352291934903,0.763513423716153,0.587830448095702,0.6299990631178254,0.5051560797020053,0.7530213581928236,0.7492527603842233,0.37903475491356625,0.41902844435234377,0.8617091333338296,0.25302188330243713,0.04343593708350396,-0.021040243264010158,-0.047205082160421206
0.1296843032580675,1.149230557405397,0.5596751816117725,0.3829280642328099,0.5244188825379813,0.5740364776309612,0.555104651188385,0.6276945513314347,0.6305936399998144,0.484632144333695,0.5563029369261774,0.4838908572347732,0.5593446546793746,0.5912738171691905,0.4614345891455452,0.45033629701865424,0.5480213937900177,0.6106474095768667,0.45545897940599994,0.45996952359163207,0.5111104300416054,0.5666469778962242,0.2840201940922503,0.2723444719706791,0.43763084086129267,1.8001733364786165,0.41836218945559694,0.38013815745004376,0.4260184423985452,0.03285814841472447,0.3277502649530901,0.5690961522245407,0.45871080808212267,0.44744116586046545,0.27706403840295285,0.531169708815167,0.21454434882553933,0.5222640793609559,-0.16119619603513238,0.5390125674215994,0.242148351300526,0.6216765104509265,0.6648385246457684,0.3036197120323212,0.4799764832183712,0.03311284538416165,0.33862082075277933,0.3165606456874923,1.2793383186433283,0.0362009353610439,0.0405111836529264
0.14815105091520253,0.7182760055932256,0.47763843530945016,0.42793156411276384,0.46352043076379384,0.5055938459232641,0.4821445179918771,0.5261894592175812,0.3802273745021675,0.5062428152119642,0.5215295463378575,0.5432614018129696,0.5375916092087624,0.5141312469029226,0.4173007818578464,0.5564280566290626,0.4969396883670473,0.4537892438833551,0.43220399081458083,0.5586629970879391,0.4391730320391891,0.4988766283751627,0.2898372325755803,0.38743471369745053,0.49628498087622647,0.41836218945559694,0.8517437406108075,0.49281082166822743,0.432001228205374,0.5499251628916119,0.5244295819726439,0.5510240436548459,0.47225622544914775,0.547798049100166,0.45558242614138694,0.6411222678237994,0.4770515281198994,0.5803570177459857,0.5553242991875723,0.8097156365479881,0.3942261789165003,0.4774496611093374,0.5894761172251187,0.49144107677351734,0.2536595413923088,0.15472000176915285,0.5417863538248251,0.3472172768042652,0.8409753801145363,-0.013944046911638964,-0.0030374325114841724
0.21778937575629617,0.8691427154245116,0.6159087510427,0.42632657105584626,0.39534160780694283,0.5155710056203469,0.4773425315829389,0.5573559341812246,0.4251292470288663,0.5859073194406497,0.5526882145335098,0.5140833303884638,0.563488196662788,0.5092389225093352,0.422446764683248,0.4974321884763958,0.6764005259165045,0.5007425520626502,0.42598935291020446,0.641827038004405,0.5387486218756068,0.4974634401746432,0.14222056396611785,0.46666583350175445,0.6196692994480207,0.38013815745004376,0.49281082166822743,1.8890330922468848,0.31876247503054256,1.2289380969190755,0.7081958252927288,0.46291886852724046,0.9005342855153335,0.416392393503863,1.4074443455233265,0.6209336041313982,0.7108367822112467,0.7403045065303283,0.8271162329327388,0.7324026881005735,0.7754243569813088,0.5117027298429027,0.5582194536450036,0.7786823743473802,0.0954081967514777,0.004382730513911295,0.8945813449010722,0.43139726585349625,0.8217861479402845,0.006066080733878405,-0.0009934013923208033
0.2204399374658934,0.7594379708219318,0.6610008101274975,0.4319270099896397,0.44797030972726576,0.5765749315004877,0.4973632350416183,0.5689982109658097,0.4008183847694761,0.5947097113161239,0.5569968367884843,0.499793877300922,0.5911977722060454,0.5093394576165842,0.5310733533572343,0.5260790975959558,0.5265044563495312,0.5738973834798197,0.4562990887163892,0.5912901233267975,0.47709678463740246,0.5086315351445493,0.7257713248643823,0.4302171642966742,1.1116637992562257,0.4260184423985452,0.432001228205374,0.31876247503054256,2.403335273473268,0.7017513108731209,0.218888463934766,0.5052686516470875,0.2437254438903248,0.9944887473469962,0.366659873983081,0.9685163685827693,0.38971247937716624,0.2230391827300141,0.6171608672923841,0.5615893173942657,0.4303483048460774,0.43486155120594644,0.5801168624616628,0.1252301617958051,0.14080736246185335,0.49576467314834655,0.6673708042444357,0.1451149254045779,0.9322041980134308,-0.06631625884298209,0.017589628145937307
0.33058275846498425,0.7840103003824165,0.7741586056087278,0.46431162325619507,0.2749912922537784,0.5122360508142568,0.48452437577814517,0.5949455613322252,0.39645784750644375,0.7820085968638946,0.6167543215049593,0.5889418787454899,0.6369445759563519,0.6041463533494151,0.5946450021330917,0.5454092408646541,0.6160001489401027,0.47961359765526607,0.39084674472251685,0.871415991646313,0.664113285543303,0.4799360440469139,0.5260584628530438,0.6189229159757534,1.0480438622185344,0.03285814841472447,0.5499251628916119,1.2289380969190755,0.7017513108731209,3.694528641693928,0.7941421695839946,0.5536772505662496,0.5796641295355625,0.23943278967850415,1.8977159144976727,0.8675682499360006,0.8294482984836018,1.076450211757087,1.6151324229476354,1.0560435471601308,1.6308749752288416,0.5360933040888263,1.3188199743971138,1.1938418758249725,-0.007336899775277123,0.010653371178518976,1.9749989809418864,0.6316081736781641,0.9556994750711041,-0.0301686328256776,-0.000861926481610141
0.20553500734977917,0.6899288579492604,0.4912407186873054,0.5090175995761752,0.5684815101927887,0.5414847298966705,0.46741684873911465,0.5174599447621636,0.3884846330752283,0.563998424230199,0.5401536114981189,0.5057714003550382,0.5079084997164109,0.5268908938243985,0.46063564584175065,0.48424725911611843,0.5326315928946369,0.5470999197893652,0.499916359551902,0.6503848490622387,0.519778212001812,0.4597489224193808,0.24279838859097824,0.45764561888730626,0.5880343869945013,0.3277502649530901,0.5244295819726439,0.7081958252927288,0.218888463934766,0.7941421695839946,1.3730786663631243,0.5372490207446593,0.6129310504568372,0.4848668545922842,0.6977402001080611,0.9142600735192867,0.7382437285907366,0.8769993740945163,0.7465838943283195,0.7568486871166024,0.5588397948220482,0.4961777076320766,0.5200071764426775,0.8164749293005181,0.4808895095012765,0.08377849963449144,0.7288042904677683,0.4326011810797594,0.4067512056228423,-0.021170516456647893,-0.04683873258634974
0.170787024165514,0.8436766742065879,0.5080789429753705,0.4693508107376334,0.5541237589801826,0.5909025177104578,0.5753326540058914,0.5667135974647979,0.49187464381471624,0.5377949172170654,0.5563827093810118,0.5812334153838256,0.5433754995843724,0.7158334886528116,0.4784095810729179,0.6112751823301006,0.5477149610315751,0.48518684597569467,0.5021784918317344,0.49094913928535366,0.5452713865831582,0.6262187579557523,0.3514009805237565,0.4710585035239574,0.5317560362779741,0.5690961522245407,0.5510240436548459,0.46291886852724046,0.5052686516470875,0.5536772505662496,0.5372490207446593,1.0133173953883798,0.3735094406162825,0.6187498090934518,0.382614261252994,0.6469555617112532,0.3721712162862746,0.6048152016533267,0.5629777208203192,0.6203622103473483,0.46181646375640123,0.5472868696360776,0.515564793211076,0.5583578962972672,0.3083708002395627,0.05713166208894645,0.6089613251874642,0.2713228788617694,0.9910645062822562,-0.031744032357340995,0.010200634295610978
0.2195485214123205,0.7278972033759993,0.524746736148003,0.4288541423058297,0.4849423546139369,0.44066982386719167,0.4345945040365638,0.47444635887436026,0.36693220432896395,0.5414652304757904,0.47190132340747526,0.48211778399921207,0.4621860805761427,0.4474966682109039,0.44593552144153176,0.4242342633607338,0.51502880886105,0.5372831968947482,0.44818614824783637,0.46094471723636155,0.426351272747341,0.44094644790651866,0.3761270476741584,0.5155577305006275,0.48939685566237145,0.45871080808212267,0.47225622544914775,0.9005342855153335,0.2437254438903248,0.5796641295355625,0.6129310504568372,0.3735094406162825,1.9051619376644262,0.20921086542388953,0.04502110978056495,0.7111337290768458,0.7100674981210082,0.7659249909042293,0.4294540511464965,0.9585987435737015,0.14755420665976188,0.5712550752665673,0.5324676586867103,0.6497743716323384,0.018791061669850354,-0.15948571206193468,0.7004477851776681,0.6255995515506094,0.987774716513803,-0.025359105033237617,-0.022646915015548757
0.0930830506035555,0.6662274360768904,0.49811836837212564,0.5721573266893119,0.6662557723201554,0.6815682926052198,0.5649929344520195,0.6623763256617332,0.43830754944631223,0.6905830208496982,0.599364916368913,0.5789677112991732,0.6112994585142977,0.5870679286006674,0.49566766592916034,0.6238771348668212,0.5745658195545574,0.5581125369388672,0.5795052999187779,0.6905986300695294,0.5416824782252074,0.5969019876960304,0.5515245814263836,0.502360707439889,0.7646938835567284,0.44744116586046545,0.547798049100166,0.416392393503863,0.9944887473469962,0.23943278967850415,0.4848668545922842,0.6187498090934518,0.20921086542388953,2.43345220522947,0.7211605659257316,0.4858932644154042,0.8929855409724797,0.6236667111958847,0.7094067950894,0.7309334879069741,0.25470394889497183,0.5505269841761429,0.8021443764318148,0.7147247371485871,0.6861669752227668,0.19203963733618315,0.5005523220045945,0.2846462093540498,1.1184676828640272,0.0045908114502313385,-0.010855443823310145
0.12636948237605572,0.9099273264354643,0.5678657584956633,0.4117424911548974,0.31184419601305796,0.4758898693145373,0.4765762849007463,0.5467305608263512,0.43401285162683706,0.6194235541421821,0.6101715436632595,0.4776362167409411,0.6342763807274625,0.4777699696185601,0.3996607159869582,0.48312222435524405,0.6147704684363463,0.4408728039817582,0.3414704523232628,0.7744575895641636,0.6201337689112804,0.49076553561534386,0.11900951627018251,0.43452414363869474,0.7446369624582393,0.27706403840295285,0.45558242614138694,1.4074443455233265,0.366659873983081,1.8977159144976727,0.6977402001080611,0.382614261252994,0.04502110978056495,0.7211605659257316,3.9159589168529654,-0.06865074884762432,0.8790764981326411,0.6383238292566041,1.1882054981609649,0.5493726598155704,0.786462872311673,0.4166438290292343,0.7457379382232033,0.6323889631705955,0.3712702839860051,0.17704959431674447,1.1030414310814936,0.05818942912791169,0.6392057843792325,-0.12487318492966636,-0.01592945215445057
0.24530099263412886,0.6991632984033386,0.7597963962519851,0.6179284332330831,0.6723984532469857,0.611273410557194,0.5990515030212459,0.6064383424423969,0.4329201072769992,0.6624024130058954,0.6248279300689813,0.659676771306345,0.594883065060073,0.6236575832126098,0.5960574902215345,0.6244228286946562,0.6313875469086357,0.7063220241238274,0.6104090297535588,0.4633169571709844,0.5311748128715053,0.56682036533695,0.7593310106439309,0.5170983446783531,0.8797251970146751,0.531169708815167,0.6411222678237994,0.6209336041313982,0.9685163685827693,0.8675682499360006,0.9142600735192867,0.6469555617112532,0.7111337290768458,0.4858932644154042,-0.06865074884762432,3.1831071534723696,0.26442805214161436,0.6874947860132615,0.6065431613849664,1.0948879820616142,0.5743060216883976,0.5345375809046877,0.3152009147289148,0.657486073286173,0.22729631860508195,0.40268064868796843,0.7869140831644529,0.6792562643930564,-0.02693033130047942,-0.09037868091218333,-0.057245370132092493
0.2053404703492281,1.2146482565353784,0.48932967015208423,0.5570403315749736,0.6804457699237952,0.5567150829038281,0.42982439416294144,0.5207059315338738,0.3976785601743614,0.6180548139201393,0.47028967140910316,0.39879970530149544,0.4776814313939746,0.5025608960616424,0.5307570256704212,0.40643806039614777,0.5006167031530572,0.5281748549531577,0.5605426572023836,1.0659166168995424,0.5322865155797659,0.39012374650893306,0.08350190784879542,0.41582745368789986,0.7105556346420026,0.21454434882553933,0.4770515281198994,0.7108367822112467,0.38971247937716624,0.8294482984836018,0.7382437285907366,0.3721712162862746,0.7100674981210082,0.8929855409724797,0.8790764981326411,0.26442805214161436,3.828022937783236,1.0908417972878999,0.43864011773821054,0.3153513660189905,0.46869724116675626,0.5347223280757929,0.8582830286752403,0.8076080076894321,1.7197364159934747,0.6205730466078854,0.7323603561773411,0.6479187975047471,1.356102569843644,-0.0586671333454597,-0.10165475063010493
0.25004232979399565,0.7917363538410002,0.3637812304434593,0.5825835106846778,0.6630414011086976,0.6659334576477757,0.5036563220044805,0.6035158474651757,0.46521668483233924,0.6290772451031089,0.5726262309970936,0.5441121751782834,0.5483691090460894,0.6068349029576955,0.3709265673904459,0.5058923453456807,0.5832516298691262,0.456146625895198,0.6091956299514989,0.9497646871664903,0.6108057788529943,0.5787950015153173,0.08418409145853448,0.442334792407198,0.8016352291934903,0.5222640793609559,0.5803570177459857,0.7403045065303283,0.2230391827300141,1.076450211757087,0.8769993740945163,0.6048152016533267,0.7659249909042293,0.6236667111958847,0.6383238292566041,0.6874947860132615,1.0908417972878999,2.397715206331281,0.6792171759100639,0.9320285638092084,0.7243296585208627,0.660661652353902,1.2622214163543672,1.299289931683605,0.6156770671808389,0.5028867451876686,0.81999908858457,0.5879493141397605,-0.02476339762267767,0.05973309913491342,-0.06745744196954984
0.19828948612190328,0.6624328691094639,0.7057237692506173,0.5926880278647882,0.5214175157791899,0.6385263195705064,0.6185803527823347,0.7190651158312987,0.4512446154952871,0.7541694907629526,0.7006704667238295,0.7084973427980473,0.6540180635050216,0.5772756419746445,0.5009620382095238,0.6553479923753155,0.6702284805455431,0.49363737131966173,0.5385231430390263,0.6847238710253619,0.6439915068566099,0.5879212893699606,0.5700582811916219,0.5761819667828495,0.763513423716153,-0.16119619603513238,0.5553242991875723,0.8271162329327388,0.6171608672923841,1.6151324229476354,0.7465838943283195,0.5629777208203192,0.4294540511464965,0.7094067950894,1.1882054981609649,0.6065431613849664,0.43864011773821054,0.6792171759100639,2.3009371451966714,1.6232397664101994,0.7837167491628118,0.4962303682902718,0.6501083731127971,1.1041101188963138,0.43958259596521754,-0.116746679036254,1.1044014003560607,0.4171576751996016,0.9033718486131003,-0.12907398132972042,-0.026686484198660758
0.1333928982219434,0.7740199259090992,0.6419184708545386,0.6138518905124785,0.6707941374917344,0.9251803887773645,0.7217770122193329,0.8975588033747044,0.5166331818765459,1.0497431501920151,0.8197377128199014,0.916622576368402,0.7337966101098404,0.6886126076604965,0.6855422888832626,0.8121371490893529,0.7914134807275026,0.6311244116264227,0.722486170895201,0.9276698149619814,0.6592556338196189,0.667275372607415,0.7058232939760773,0.7132806254561576,0.587830448095702,0.5390125674215994,0.8097156365479881,0.7324026881005735,0.5615893173942657,1.0560435471601308,0.7568486871166024,0.6203622103473483,0.9585987435737015,0.7309334879069741,0.5493726598155704,1.0948879820616142,0.3153513660189905,0.9320285638092084,1.6232397664101994,7.93215343431841,-0.4007243000667315,0.768270386937575,0.7857082440462855,1.4491560717065204,1.290155072793261,-0.43658921244455573,0.9269024927964667,0.9059536095867008,2.0835579705642817,-0.11433702925134329,0.17035432358740285
