2.393531210164375,0.25549775562039734,0.5452389207366223,0.07596886286291557,0.01924204502720918,0.10644628659632167,0.09703031806339533,0.07925586510799527,0.0880354417787268,0.09363013389891765,0.10028908916275558,0.11450533805812094,0.011234960297787545,0.059801858925808846,0.2268782898498167,-0.012899515269374507,0.030932570359905966,0.16895918612343563,0.03542572362225947,0.1441924432783342,0.06751747786047203,0.06305167648947688,0.19495487481009188,-0.533909296888646,0.04085283750611592,0.21999516974537173,0.07710333907182843,-0.027986298572000842,0.021182623410143913,0.09024649789602497,0.21119310662455215,0.045624772399714575,-0.00485070743028069,-0.12369393003320707,0.03251151704368388,0.03640938946701169,-0.022273350069801794,0.2169359111998466,-0.028836404388129785,0.05213191700954048,0.058940379583865846,0.04884466083227769,0.1287481296674832,0.068444703354872,0.2337506266951347,0.18365633495604197,0.05756123590923852,-0.049449713442033354,-0.22845229398951186,-0.02762956462737812,-0.12131416674422732,0.3046133840869989,0.056386532458718455,-0.023782628319456215,-0.14031445691821884,0.04804295641091671,0.29181282165526284,0.5107735357577692,-0.8141862049286421
0.25549775562039734,2.3848082543814706,0.8381019692472986,-0.07797552145128421,0.04741911016368544,0.24014361804523118,0.05746173744727017,0.24935861068822537,0.11667511793087576,0.3200079083981454,0.14433197763185304,0.1349467958450257,0.07560757649502621,0.15322129296431125,0.22825622182401445,0.1022869217191509,0.23027777058442905,0.4220851772022151,0.07324502067040224,0.3553561269419557,0.21557020200756463,0.11076243388005526,0.02483325408149491,0.14654067067531315,0.20807823941116982,0.2160579162762483,0.14931664043941673,0.16936262343542682,0.3627586994634051,0.13355494731184409,-0.032118481310362886,0.17501443287751126,0.15783501293099525,0.25708722116359745,0.10252152897449557,0.13693395011376452,0.3316688596299552,0.2878024035727058,0.13530603870350516,0.026925496130568105,0.16476413467103104,0.20830968327175595,0.1956826319286308,-0.00018058346898393201,0.16203503032965283,0.19569480945030196,0.25478414910153974,0.0002421651699986741,0.14263032387105837,0.03963984175759938,0.04133159443897975,0.22579942510041248,-0.1595293019674767,-0.10434417502644668,-0.019053323840229862,-0.1883921058770112,-0.44911164069268456,-0.016789060113141473,0.5338974920290788
0.5452389207366223,0.8381019692472986,1.8836111803229738,0.011420168257124195,-0.09087918807296028,0.2622988188390783,0.12680268598538827,0.3511045489350606,0.27325633825123696,0.4635702402515776,0.2260338779907193,0.23432455103300195,0.11719609893526485,0.1765320341898989,0.3365992886910913,0.07577480509006347,0.26924108437846167,0.36101938298666253,0.06983283867442888,0.2468314181570076,0.24006721275984272,0.21133611118915074,0.1095775131292645,0.26283821521315776,0.3599422523933291,0.21578629544378924,0.14737610685335498,0.13331182476563752,0.37789638435542,-0.029137278044347487,0.037329918453803665,0.16483314331182208,0.1540809321497985,0.3295656558547898,0.16382616726449223,0.2686870652913751,0.4623076161136213,0.34712624038883666,0.247494561008764,-0.04740152677826183,0.13873882226211387,0.24059692016200776,0.1493841070617877,0.022239979454052122,0.3558917311214775,0.47798369140070796,0.3917645768725505,-0.14351634565239518,-0.14202968167737887,0.06236045967614979,-0.10398077413690586,0.30187675560587957,0.031418519525089804,-0.20288886255591884,0.12430017714802456,0.04878756174642595,-0.19695746590083985,-0.22866075839319996,0.16720631139948686
0.07596886286291557,-0.07797552145128421,0.011420168257124195,1.7281736028770172,0.29313522048149465,0.2875422698489625,0.013522983220239895,0.25406001381071125,-0.09763757439466134,-0.028934857679315206,0.15206980014031612,0.20885085692611735,0.06510198707469708,0.128201438969834,0.10447845719016087,0.20021782198036195,0.08313986456861405,0.032214179195997616,0.17537738647137183,0.20263363933139114,0.07932431813354565,0.058481284442393824,0.11161512382669199,0.08125821965293101,0.10710356318261761,0.032902649895032034,0.09882605384285956,0.017706667034190302,0.15067874511215043,0.06564604094101655,0.06227764724991444,0.14797883196657022,-0.0032838529563219087,0.215047037106517,-0.13526057009378203,0.06528561164002689,0.1020513030107344,0.16511717136295564,0.1830390912098511,0.016438468096375076,0.06110742239772646,0.062011869149136666,0.09686859411502982,0.1970855963444731,0.005610956909163727,0.01786530093509396,0.1266550007913991,0.0077585554889743474,0.027932763690570992,0.18284898526698848,-0.11201991766125635,-0.015555998732183888,-0.1743457713786748,-0.02497214119461011,-0.14056543120640633,-0.04791007186527655,0.022236751531267945,0.10323977018155525,0.013190619798785871
0.01924204502720918,0.04741911016368544,-0.09087918807296028,0.29313522048149465,0.7879346649777745,0.2882247146917708,0.14137685923461007,0.23232217231918778,0.012150661259722287,0.07868884891914964,0.10421912168207713,0.16721594842955628,0.08773020714984768,0.13521182000089363,0.11954403352106889,0.17117738012782446,0.09415329424463208,0.12076477433826992,0.29210245594435447,0.1232942137002425,0.07994631499030988,0.10096931504156538,0.06774304494890325,0.14007877960600282,0.1036737287093937,0.12196668126481343,0.08958033628858032,-0.027390560879852834,0.1713238503739763,0.04308129254665115,0.044390066745327895,0.1235316254414203,0.045750487147132805,0.15109445976654018,-0.07080385184953114,0.08796682022222069,0.13020797538140655,0.098997248129145,0.11216288455744527,0.04592446382600913,0.07078621901940306,0.0744702579024588,0.05359286780947779,0.04177790056752773,-0.02126990730137021,0.04508019984880084,0.14195034577043983,0.006689395771916976,0.21989918059829072,0.13948977672593824,0.21806762516647643,-0.32388970501766456,0.07348874676925105,-0.05173203270694019,-0.09071934674305056,-0.0645315636218232,-0.13929021621009066,0.07914515695534124,0.15080746833314732
0.10644628659632167,0.24014361804523118,0.2622988188390783,0.2875422698489625,0.2882247146917708,0.6732472672269824,0.07850465595426569,0.3038358089054362,0.09418903507150454,0.10769410166339521,0.15740570131286782,0.1963284384758862,0.06980160028005519,0.1605304796766695,0.09326625916968848,0.17096499161204773,0.1605499698000328,0.1350406147463027,0.19798912994601836,0.2340471078430219,0.09213394913483912,0.14884820397744541,0.0659535879643045,0.06929059661003051,0.03144962229864527,0.1379464808812973,0.11286343943487138,0.08052768956442279,0.2409353513298846,-0.0372577144509736,0.09831498467773528,0.17647190558453169,-0.026258284379758596,0.2695635897311538,0.0884467192641865,0.029597081524222482,0.053340119038743514,0.09528851137336022,0.1870407159427267,-0.004214088020426943,-0.09562408451504312,0.07453110289963583,0.17784253713406345,0.06951019861924931,0.030997618219639093,0.11291880085769682,0.33334375932139315,-0.07799331809721395,0.25683365348175663,0.33403913657329537,-0.8420324056145495,0.21847162309856236,-0.1837610472289421,0.04643053390830611,-0.047331677660536337,-0.04090740947674637,-0.13896505687474467,0.0992631608050814,0.05919334256479274
0.09703031806339533,0.05746173744727017,0.12680268598538827,0.013522983220239895,0.14137685923461007,0.07850465595426569,0.7227417467563365,0.13083252565739986,0.2738368168828612,0.18372811932784813,0.19996337746199022,0.26135450529362225,0.11702749864889433,0.18930693994415804,0.19575377190692128,0.23718018491248583,0.21044242657455076,0.1574055164327104,0.007804025856496258,0.07455427270965602,0.1441571956932404,0.223284331657386,0.07531101513340424,0.24033229899696387,0.1922083522000849,0.2302844433491485,0.1642296025057445,0.1172242137232309,0.11502015222790236,0.12110124433016972,0.11472114658022337,0.20264738737140156,0.10663723036058523,0.18471899558637295,0.15311244218516326,0.18411659653316742,0.16935869097398684,0.13324326206659695,0.1945691428181483,0.05136365291334822,0.16234118275483178,0.15233841479328605,0.15212800947439628,0.051811013504060636,-0.03422121778357201,0.05142689824272251,0.009541697324033585,-0.020855704654063348,0.328147665493957,0.029530044087971285,-0.07949143445700901,0.03417497980742469,0.02096181636851871,-0.05418196563391892,0.07002390297519907,0.18705451882558216,-0.09237439645170513,0.05524946550780658,-0.27216033008987256
0.07925586510799527,0.24935861068822537,0.3511045489350606,0.25406001381071125,0.23232217231918778,0.3038358089054362,0.13083252565739986,0.725198363404384,0.04062753637617389,0.14850698316138133,0.1750617732407929,0.1344173693563526,0.08622031444479235,0.20126180477601066,0.08563485374896604,0.14233363692770964,0.19689014881537079,0.23326853567094843,0.15430196368944268,0.21095933244519038,0.13377614973274154,0.12163148136308115,-0.016324217618492873,0.17153485946038718,0.14985322722896127,0.21561045576839613,0.1251183206275613,0.13293229886697672,0.1808746433954855,0.05899396298427166,0.04013172933583838,0.19701286983971705,0.11111530210456438,0.2140486244416608,0.13329011897693174,0.0680818421130222,0.1918794431429086,0.1681576344109377,0.2378298073626244,0.03808605231267713,0.08465033813508405,0.1249530641661894,0.13597001711499876,0.04686036262082814,0.05075820369147484,0.09501170666891552,0.3070880028907857,0.015183784902992988,0.34707701446727973,0.15653337068995957,-0.2549408056340183,0.13922258677501861,-0.06752057375673273,-0.05137933838821453,-0.07871878163608155,-0.10282895313613016,-0.06188732208583586,0.09516964684302866,0.07236707052610207
0.0880354417787268,0.11667511793087576,0.27325633825123696,-0.09763757439466134,0.012150661259722287,0.09418903507150454,0.2738368168828612,0.04062753637617389,0.5919862531225586,0.03993263726977032,0.12614523680525463,0.13256737084909717,0.05711575867267781,0.1288453447186232,0.13049912604595437,0.09316835387960194,0.16848479977816974,0.09792274210664602,-0.07411519198907567,0.06181395306336761,0.14146865477120918,0.23741577156788393,0.06164711572761775,0.1590776902655531,0.08923517387810562,0.272683858717912,0.10914549746929278,0.09380902663320141,0.060941827482870005,0.01470497377570568,0.11480814236444585,0.1471472026423998,0.11049371835489527,0.15243878873118483,0.10463777619687832,0.123803641359917,0.1450230338261932,0.1385896340289291,0.10576584960321089,0.02441168475765164,0.09894999928061461,0.13877216277041296,0.142199167917382,0.020172683943572453,0.01465164575701709,0.10408178769668722,0.10553721690776677,-0.054201986058300705,0.19123234684044416,0.00746915453764418,-0.11356029109547174,0.048280244069122916,0.0124680476250245,-0.023484702577993344,0.11620590338835515,0.12226873941440493,-0.13251602575695565,-0.05460524673107576,-0.09764855951416206
0.09363013389891765,0.3200079083981454,0.4635702402515776,-0.028934857679315206,0.07868884891914964,0.10769410166339521,0.18372811932784813,0.14850698316138133,0.03993263726977032,0.6987822367713387,0.11731947487100819,0.17006484426947585,0.11253986598255261,0.20080808062780378,0.293845719450978,0.12087655443305849,0.2030605729667595,0.31102562405648787,0.04993279023335067,0.10239425646908605,0.1558996051682939,0.11175483742326292,-0.00038555123852197754,0.291614248130112,0.2814915727680149,0.15427378892214816,0.1356301272058196,0.14159919423675604,0.2683759803767107,0.18779243364656914,0.027428355314157295,0.18399544783446292,0.15930965318921367,0.22055696400885794,0.17727596539052676,0.13786173916721867,0.33587355902260135,0.15990243340742258,0.15065287956754567,0.021942825716789526,0.20973039010375463,0.17105870339690135,0.16213439266062485,0.032369916945414044,0.049880846646039936,0.0941856927556366,0.25180118301547305,0.02532520743118608,0.3597003142320673,-0.033656110832326225,0.026172706389471743,0.0070256300868866564,0.06820544688968506,-0.033053437432374835,0.10579305036791908,0.06653179114043611,-0.18896084108406735,-0.130809568195497,0.15010050879112752
0.10028908916275558,0.14433197763185304,0.2260338779907193,0.15206980014031612,0.10421912168207713,0.15740570131286782,0.19996337746199022,0.1750617732407929,0.12614523680525463,0.11731947487100819,0.3727907192494172,0.20939296810691338,0.10649749334968658,0.12878906740292556,0.21547439400147936,0.17068465536300564,0.21391506650514228,0.15622825844034136,0.044044744559175,0.1854784302361956,0.12445041447016916,0.1389363810729319,0.0765371932015058,0.15727226882407042,0.10060275594994124,0.19327110369436784,0.14253489229659186,0.1077287390234133,0.14195437360809388,0.08813251707337937,0.12138157087719267,0.1380018526806439,0.07377003106264308,0.15147096295708712,0.13865272003610915,0.13244424877216546,0.11023997164323579,0.1252106072900465,0.17138593490943682,0.06467216487404967,0.11174760845781823,0.1288826888330406,0.12965743685230274,0.027171004541481355,0.01615335846464675,0.08244311077689777,0.12192788703440727,-0.027557062575397754,0.2125683033638952,0.045386816197964676,-0.13999751494003815,0.0845388732532195,-0.002307287284167735,0.004972932644198181,-0.00512499380450232,0.029084836875924225,-0.09118546648641906,0.009756924935207648,-0.01614538718527177
0.11450533805812094,0.1349467958450257,0.23432455103300195,0.20885085692611735,0.16721594842955628,0.1963284384758862,0.26135450529362225,0.1344173693563526,0.13256737084909717,0.17006484426947585,0.20939296810691338,0.5615506454500754,0.08693064838050585,0.16172196386886756,0.2564314748286024,0.24284545319042367,0.16244723723725263,0.02163355237985766,0.06679673376196031,0.17048931305848566,0.09491616795517105,0.16206639362691302,0.1145408750385386,0.14596959704369006,0.08280427736435622,0.1700135235795308,0.1881636990870979,0.09142898892075933,0.05679209718480484,0.05281742391027091,0.09509505321877575,0.18324433681349064,0.04970016131573551,0.18254187761100005,0.11801374228942711,0.17122067004647648,0.005658611771813139,0.1163218689388648,0.20463170014165716,0.06242931941484824,0.10572227359317742,0.10097572938559106,0.12547148136969807,0.054600716734160795,-0.10323186365359312,0.09672741642428524,0.13749488074489405,-0.05004300993424064,0.36730135434724687,-0.002986351274400251,-0.11460573796804825,-0.010842235769652141,-0.007162806977362183,0.00926395297940183,0.05260093428917562,0.13114489377664867,-0.10896516540481017,-0.025863129710192296,-0.0784868040616331
0.011234960297787545,0.07560757649502621,0.11719609893526485,0.06510198707469708,0.08773020714984768,0.06980160028005519,0.11702749864889433,0.08622031444479235,0.05711575867267781,0.11253986598255261,0.10649749334968658,0.08693064838050585,0.2657284837138375,0.07683322217679377,0.017398291625186506,0.11041297453334405,0.10674646227697708,0.09437394834507024,0.045577066380111164,0.011845633388577585,0.08020773739434206,0.12364306423893837,0.03814974854606507,0.17209235246559718,0.1967058792602965,0.05429868219224162,0.08999138327244859,0.05512725582963977,0.2088032556516236,0.11380708482302915,-0.01738968993819449,0.07474886335973191,0.07452697114468404,0.10686267444071612,0.09056275814815352,0.09633508764570164,0.15409654830349714,0.04298435803128283,0.1321185305940118,0.020990429721582545,0.08459539446653261,0.08373051838434481,0.08043007765819395,0.02611939152665827,0.0009992640043320672,0.0915157228169563,0.09978840509042389,-0.026437263315794008,0.14705846346401275,0.03719359018374589,0.014331019909437272,-0.04263846126235422,0.0283379481493294,-0.053792790364225775,0.03449577170327305,-0.0024169676567172005,-0.05134167624400512,-0.02326769519187239,0.009999053033221857
0.059801858925808846,0.15322129296431125,0.1765320341898989,0.128201438969834,0.13521182000089363,0.1605304796766695,0.18930693994415804,0.20126180477601066,0.1288453447186232,0.20080808062780378,0.12878906740292556,0.16172196386886756,0.07683322217679377,0.5741633426686117,0.3202868913270457,0.3638026633635876,0.21067459658056495,0.21016471363046857,0.07440451565644116,0.14602954960117623,0.16921806083238305,0.26225329259958413,0.1601852421350915,0.2682646717775972,0.07454164549911664,0.22367082207490746,0.17862629913065206,0.11948594885120449,0.14056734934079826,0.2280965473388018,0.09739338234151064,0.4971135478680712,0.17737277493471967,0.1965864346472731,0.1539385031985641,0.2057563876154493,0.12245058086279735,0.2472804805623677,0.10751242882707435,0.0786368969183918,0.16916619774794261,0.18043447486741487,0.2502366929358712,0.07006701095913566,-0.018897889126560024,0.09798079831223795,0.2594550162267073,-0.052807173384574704,0.459276974127489,-0.05030321792542577,-0.12759252019078884,0.031241443157447202,0.08832519051274432,0.034164126483755865,-0.15645088932860474,0.03964982605326229,-0.24811691269062203,0.08675177917280191,0.24934582439727732
0.2268782898498167,0.22825622182401445,0.3365992886910913,0.10447845719016087,0.11954403352106889,0.09326625916968848,0.19575377190692128,0.08563485374896604,0.13049912604595437,0.293845719450978,0.21547439400147936,0.2564314748286024,0.017398291625186506,0.3202868913270457,1.1042193425823508,0.21581630966082618,0.1695901525306359,0.3781515451635668,0.057535750335562956,0.21729660392656713,0.2282512323309423,0.14537215453663088,0.17139018432571052,0.32767320053324217,0.08952913233861717,0.2153938318430577,0.2020465806687685,0.08531460730972658,0.15997127991101828,0.2659947294867548,0.182967462799558,0.27433280195586995,0.20959193478909277,0.19292969910173993,0.09704158778932231,0.19033915821965364,0.2681398077507442,0.2885130008495278,0.12261679786715719,0.06183045437917305,0.22183791206964984,0.22119621378781235,0.2729325893255341,0.038712908896296194,0.09145770417011757,0.15153352670859715,0.24243088001537683,0.030819517885808664,0.41740080120830003,-0.08785351576579203,-0.1706498099803411,0.32392138829114697,0.14734942530199815,-0.10664601014130995,-0.00875413071884943,0.13331166587242704,-0.3722182497692171,0.0695049021794675,0.13298262791724783
-0.012899515269374507,0.1022869217191509,0.07577480509006347,0.20021782198036195,0.17117738012782446,0.17096499161204773,0.23718018491248583,0.14233363692770964,0.09316835387960194,0.12087655443305849,0.17068465536300564,0.24284545319042367,0.11041297453334405,0.3638026633635876,0.21581630966082618,0.7706069428455644,0.26053897040610063,0.12282152597819591,0.10673654616240594,0.1736274614494654,0.1699296223996327,0.3673300339013085,0.0714940029699428,0.27100120877176664,0.08804482143466445,0.15713309052253027,0.23640226410249907,0.21456813129195057,0.22251108361790323,0.2837421416240341,0.0767986968513957,0.359943874022765,0.1550508533490326,0.20290234091725554,0.262104946458211,0.22577203000609292,0.13887717029556837,0.2244394017354071,0.1923891557294954,0.10696711490557756,0.19619858897631134,0.18672700336958453,0.27116130119495596,0.07509218381697298,-0.045092046330495704,0.10182552475863874,0.2137589987210582,-0.08186324655807099,0.5082964648822326,-0.09771023942090924,-0.13335533231363605,0.026596760797015295,-0.004446009701097091,0.029089203630894542,-0.002012714122554584,0.03297582498146102,-0.3469635108849572,-0.017179240030670596,0.29668684892875813
0.030932570359905966,0.23027777058442905,0.26924108437846167,0.08313986456861405,0.09415329424463208,0.1605499698000328,0.21044242657455076,0.19689014881537079,0.16848479977816974,0.2030605729667595,0.21391506650514228,0.16244723723725263,0.10674646227697708,0.21067459658056495,0.1695901525306359,0.26053897040610063,0.6802966723270852,0.18540083207723748,0.058999383808123806,0.24577725417407142,0.21902303653329672,0.25702374898972496,0.04532212498543652,0.1765417900279999,0.21561119931412148,0.22050959382509464,0.1950794615998611,0.2633763419249261,0.1736915531046403,0.17789317715875233,0.11619483909315866,0.21884170673387054,0.1890126906248332,0.20329776893762352,0.2303843356814296,0.19070750165031003,0.3164382701675111,0.28113421034782315,0.2479739097494933,0.08607129702341784,0.18881631196725782,0.24723125526926737,0.2218348278662928,0.053625413382898425,0.17097294869933832,0.1203816020138921,0.25246834122811723,-0.033844236427302395,0.2515263494686791,0.17416993708941977,-0.23526474462442823,0.23617547126750885,-0.07120612872453258,-0.013583410243905454,-0.04747733909127302,-0.042381579835904265,-0.22902731771592572,0.03178592882699776,0.10350748642795261
0.16895918612343563,0.4220851772022151,0.36101938298666253,0.032214179195997616,0.12076477433826992,0.1350406147463027,0.1574055164327104,0.23326853567094843,0.09792274210664602,0.31102562405648787,0.15622825844034136,0.02163355237985766,0.09437394834507024,0.21016471363046857,0.3781515451635668,0.12282152597819591,0.18540083207723748,0.8617321977585344,0.09375612586459786,0.007959900492675987,0.21183340495724823,0.15724490685622816,0.05039030472789223,0.32033823695019153,0.23856062085190044,0.26584836098253545,0.12469517068352266,0.12944958142391427,0.2678276037223583,0.1817902431572431,0.010551189139615736,0.184353218031541,0.18364124802524992,0.17348152853470164,0.11747365586756323,0.12854087140848178,0.30106109335986003,0.20692936165428008,0.046885776888035954,0.028010943209786383,0.20226675176668654,0.1999473893050126,0.18406387973161276,0.01915223650230788,0.09121243792022544,0.10371117007803163,0.2307710492980581,0.03826740116996155,0.32815985867904096,-0.023461673236265246,0.009714076283523691,0.21358356385329041,-0.025164735435404754,-0.1068686692487025,-0.023596494829053405,-0.028651832279213484,-0.2512884726660931,0.029742466713996375,0.2144674045213066
0.03542572362225947,0.07324502067040224,0.06983283867442888,0.17537738647137183,0.29210245594435447,0.19798912994601836,0.007804025856496258,0.15430196368944268,-0.07411519198907567,0.04993279023335067,0.044044744559175,0.06679673376196031,0.045577066380111164,0.07440451565644116,0.057535750335562956,0.10673654616240594,0.058999383808123806,0.09375612586459786,0.617566135121246,0.1615317151834248,0.057194577585760804,0.054419779490532436,-0.0024190667559832054,0.018373375453239114,0.03457922174847602,0.013767603425780636,0.06405499923885816,0.06434614339625491,0.16083934863735808,0.0414626529909553,0.03796652964635906,0.09862256991085606,-0.002934209422363828,0.09118166265958233,-0.05220042679165818,0.09893096835290226,0.05391384743223406,0.11132612715010988,0.04777061508167997,0.03766861389740648,0.061944606493502544,0.04870873064295118,0.0248186198405442,0.006674499579468671,0.041531456308474206,0.02136786917953868,-0.010842039327892673,-0.015145727380815563,0.021539266342110168,0.041366542191997716,0.2954035469828574,0.08917095459701734,-0.24032221481766078,-0.027026428867334248,-0.13758231588357736,-0.06394922244221797,-0.055404211110241616,0.13380407860788385,0.09680584512162181
0.1441924432783342,0.3553561269419557,0.2468314181570076,0.20263363933139114,0.1232942137002425,0.2340471078430219,0.07455427270965602,0.21095933244519038,0.06181395306336761,0.10239425646908605,0.1854784302361956,0.17048931305848566,0.011845633388577585,0.14602954960117623,0.21729660392656713,0.1736274614494654,0.24577725417407142,0.007959900492675987,0.1615317151834248,1.3038845810764224,0.13804959836504,0.016803201734200773,0.4000154925731612,0.032826565673875256,-0.1718729062303296,0.12949763294825584,0.24421320892437562,0.000778226012064213,0.30816682656098887,0.13648212877771787,0.5387818831434841,0.17789415622968172,-0.053926379938768365,0.3753530332377581,-0.08280710311591688,0.22905498618992876,0.19486009905270074,0.347846341434374,0.2175675744589833,0.24226182700356813,0.1901552546323298,0.17311512084366623,0.30150509554333615,0.03161088934369058,0.08843427023071443,0.18811291116049506,0.045232609097039925,-0.03878880021787449,0.09870597875462055,0.2107000793977605,-0.40696640203612416,0.41457659531129326,-0.15069812843139546,-0.040338278995370555,-0.06909435383853862,-0.03277387629081135,-0.030023976178543705,0.026095227738821853,0.036355198605133414
0.06751747786047203,0.21557020200756463,0.24006721275984272,0.07932431813354565,0.07994631499030988,0.09213394913483912,0.1441571956932404,0.13377614973274154,0.14146865477120918,0.1558996051682939,0.12445041447016916,0.09491616795517105,0.08020773739434206,0.16921806083238305,0.2282512323309423,0.1699296223996327,0.21902303653329672,0.21183340495724823,0.057194577585760804,0.13804959836504,0.5806809369763909,0.17965221565346645,0.03468656117133944,0.22936452737264096,0.23688027425994732,0.1640213259569219,0.15244888507542206,0.17195927757255727,0.16030975267778935,0.30031112029222157,0.20873182434924079,0.16741750084671222,0.30091355771221184,0.15009008090939666,0.1698902948101015,0.17852530359462515,0.4522730211722017,0.316016577886613,0.2444139672746892,0.1441391754480473,0.2244125744103286,0.46102579383350173,0.29856092085564884,0.060695945004687724,0.3417734832247656,0.1065533028520095,0.33115535774247473,0.06833350887375027,0.31564408217528495,0.019022032016689446,-0.05181556395142751,0.0651586202157647,0.04847775173583793,-0.07773183244496394,0.002969170941129251,0.002980747194335466,-0.26717890235730324,0.033078608454065836,0.20833401903759785
0.06305167648947688,0.11076243388005526,0.21133611118915074,0.058481284442393824,0.10096931504156538,0.14884820397744541,0.223284331657386,0.12163148136308115,0.23741577156788393,0.11175483742326292,0.1389363810729319,0.16206639362691302,0.12364306423893837,0.26225329259958413,0.14537215453663088,0.3673300339013085,0.25702374898972496,0.15724490685622816,0.054419779490532436,0.016803201734200773,0.17965221565346645,0.7270487543138958,0.16401942515467088,0.23261860791208208,0.0717478645577596,0.1325668245299855,0.18597597332572316,0.12854378970596783,0.16655023055887605,0.16591388429340975,0.13898904988519437,0.27333121766966634,0.18494285309937641,0.1806983566911512,0.10846443857013437,0.2675034425044845,0.10519036938357755,0.23857377090615306,0.21196880282578476,0.05070343953118421,0.10190840028805394,0.17847916972577824,0.222276237831535,0.07507075400392944,-0.005918745124494205,0.2637290835192477,0.24400275508778702,-0.2489471936944188,0.3489084073291319,0.014947177293158784,-0.10562202803297913,-0.11771408837171089,0.011829879226621213,-0.007021181139419659,0.04091422036544387,0.06224789896703409,-0.2288784425591028,-0.06810289988032787,0.11759289250731778
0.19495487481009188,0.02483325408149491,0.1095775131292645,0.11161512382669199,0.06774304494890325,0.0659535879643045,0.07531101513340424,-0.016324217618492873,0.06164711572761775,-0.00038555123852197754,0.0765371932015058,0.1145408750385386,0.03814974854606507,0.1601852421350915,0.17139018432571052,0.0714940029699428,0.04532212498543652,0.05039030472789223,-0.0024190667559832054,0.4000154925731612,0.03468656117133944,0.16401942515467088,1.9636284366070627,0.10158627598156512,-0.11769966044538466,-0.13845025579605022,0.05638360581749873,-0.6014772224162163,0.27838839238705193,0.07912427080772112,0.3915791260074233,0.07126395702879501,-0.3693779686807771,0.44767316820617176,-0.425246753143739,0.5631743926178692,-0.2224231387803674,0.03907567418235087,0.20913742075462766,0.21035042006831364,0.06536508227408881,0.07076251079397361,0.18968284454948603,0.15689081272023037,-0.1482796699044216,0.46967157161589945,-0.0526273750364315,-0.34877853415276566,-0.5487173270322473,0.1810603661105716,-0.1612796224530488,0.12515421074921443,0.0984590976015767,-0.0982489892718155,-0.09757491571290504,0.115622771898091,-0.06688612946984746,0.023687756423218815,-0.07862503421279494
-0.533909296888646,0.14654067067531315,0.26283821521315776,0.08125821965293101,0.14007877960600282,0.06929059661003051,0.24033229899696387,0.17153485946038718,0.1590776902655531,0.291614248130112,0.15727226882407042,0.14596959704369006,0.17209235246559718,0.2682646717775972,0.32767320053324217,0.27100120877176664,0.1765417900279999,0.32033823695019153,0.018373375453239114,0.032826565673875256,0.22936452737264096,0.23261860791208208,0.10158627598156512,1.9224852993307378,0.8780961178431262,0.012337916423035925,0.14037253239764264,0.16434240572069636,0.29807037664842545,0.5111193567981618,-0.26504456151218575,0.22951620943527692,0.365221667829103,0.27404962738505023,0.14791733203731264,0.3239813786318161,0.7073633340856218,0.2505691675445666,0.3885030830262974,0.08046045358849577,0.3337875850370536,0.26409532911993777,0.36806763248438856,0.06489874010986565,0.08276293204318011,0.16144847809183427,0.4392635715086723,0.04351441329593484,0.9131425250995651,-0.17992344786614128,0.22793474703205352,-0.35794122931844635,0.26080096095902505,-0.12012053298492878,0.05023245985245275,0.09310475562048205,-0.231278168001694,-0.10945012588602865,0.3110388709624531
0.04085283750611592,0.20807823941116982,0.3599422523933291,0.10710356318261761,0.1036737287093937,0.03144962229864527,0.1922083522000849,0.14985322722896127,0.08923517387810562,0.2814915727680149,0.10060275594994124,0.08280427736435622,0.1967058792602965,0.07454164549911664,0.08952913233861717,0.08804482143466445,0.21561119931412148,0.23856062085190044,0.03457922174847602,-0.1718729062303296,0.23688027425994732,0.0717478645577596,-0.11769966044538466,0.8780961178431262,2.7686804674893883,-0.21442232843284273,0.22171099619462434,0.18565574495296325,1.0657402013478645,0.9035845502042854,-0.878024101721076,0.09004529316773374,0.2918497234277128,0.49145401096124675,0.1985517092779377,0.41692724746045035,1.4604685861189741,0.33556439064404703,0.6899826172561339,-0.028492654933437136,0.4763989408913869,0.30533445358852257,0.47861222972937706,0.10232752096893719,0.5336137991205043,0.2939133661136315,0.36118758311014204,-0.03453971300998468,-0.5293149412699455,-0.2470754475856503,0.7127422055863254,-0.6302424526468159,0.27517064989482964,-0.17595440583418423,0.08240430647206147,-0.051039875464417,-0.13613862224305234,0.054952892255176,0.07032682522673167
0.21999516974537173,0.2160579162762483,0.21578629544378924,0.032902649895032034,0.12196668126481343,0.1379464808812973,0.2302844433491485,0.21561045576839613,0.272683858717912,0.15427378892214816,0.19327110369436784,0.1700135235795308,0.05429868219224162,0.22367082207490746,0.2153938318430577,0.15713309052253027,0.22050959382509464,0.26584836098253545,0.013767603425780636,0.12949763294825584,0.1640213259569219,0.1325668245299855,-0.13845025579605022,0.012337916423035925,-0.21442232843284273,1.7666937903763356,0.074840657780577,0.14614411311450334,-0.21536238663630294,-0.04129287014322773,0.1725561300546104,0.2462125657421667,0.12723554157576505,-0.0012423077470135543,0.289791217290249,-0.06813939978903827,-0.2576298462212982,0.2713694488352162,-0.9629049358815088,-0.010073550928499412,0.5541776097058869,0.2121691152277251,0.2679185694477125,0.0217632105440315,-0.5283987580836207,-0.23364401783770192,0.02255982285430549,0.2915087446575823,1.3036070414534973,-0.4870606668653132,0.14195328872229487,0.053817649075510995,0.13663740900605928,0.1093616390290367,-0.03652257755051799,0.01184034832807549,-0.11754055080655604,0.2365749780891634,-0.16860108986808997
0.07710333907182843,0.14931664043941673,0.14737610685335498,0.09882605384285956,0.08958033628858032,0.11286343943487138,0.1642296025057445,0.1251183206275613,0.10914549746929278,0.1356301272058196,0.14253489229659186,0.1881636990870979,0.08999138327244859,0.17862629913065206,0.2020465806687685,0.23640226410249907,0.1950794615998611,0.12469517068352266,0.06405499923885816,0.24421320892437562,0.15244888507542206,0.18597597332572316,0.05638360581749873,0.14037253239764264,0.22171099619462434,0.074840657780577,0.6981586954554502,0.19141395630306363,0.1336718790134992,0.284872104227309,0.1522240749241906,0.2429688661572605,0.20478305859388976,0.1977379619690179,0.15450178590893052,0.2647031295432614,0.27589458580491283,0.25403649216894114,0.2370697550274904,0.09587422814962009,0.24363480380087654,0.1751974793907822,0.39154917833553243,0.023110823882448357,-0.03048985255823884,0.1408398838089809,0.14802061729003843,-0.03255127286026838,0.4229857753353068,0.05851591824251753,-0.08409095478950933,0.16580652629617726,-0.07028178850400056,-0.029971833663702614,0.06470433759610895,0.02686158719752325,-0.1441322369394877,-0.06044190649509703,0.1201298970666553
-0.027986298572000842,0.16936262343542682,0.13331182476563752,0.017706667034190302,-0.027390560879852834,0.08052768956442279,0.1172242137232309,0.13293229886697672,0.09380902663320141,0.14159919423675604,0.1077287390234133,0.09142898892075933,0.05512725582963977,0.11948594885120449,0.08531460730972658,0.21456813129195057,0.2633763419249261,0.12944958142391427,0.06434614339625491,0.000778226012064213,0.17195927757255727,0.12854378970596783,-0.6014772224162163,0.16434240572069636,0.18565574495296325,0.14614411311450334,0.19141395630306363,1.5335141999173052,-0.25291915892481315,0.23438894291659687,0.046588842157570816,0.27871760092220016,0.8266066804192629,-0.17962502580022285,0.8066660416712392,0.08453302768057688,0.5239282009232816,0.2727999667231101,0.1608809454902328,0.08593559979911228,0.196935146690501,0.19683496914642318,0.268037097673355,0.0832086104539073,0.15134070965219446,-0.2415623986253551,0.14275335031327885,0.1728819468451982,0.5404055111842793,0.12418250541847149,-0.038456012083595385,0.5377660406926519,-0.8546356224864202,0.09709150735966161,0.154573329017833,-0.02029393254187616,-0.11659798789993277,-0.07589683398513153,0.31707678273048395
0.021182623410143913,0.3627586994634051,0.37789638435542,0.15067874511215043,0.1713238503739763,0.2409353513298846,0.11502015222790236,0.1808746433954855,0.060941827482870005,0.2683759803767107,0.14195437360809388,0.05679209718480484,0.2088032556516236,0.14056734934079826,0.15997127991101828,0.22251108361790323,0.1736915531046403,0.2678276037223583,0.16083934863735808,0.30816682656098887,0.16030975267778935,0.16655023055887605,0.27838839238705193,0.29807037664842545,1.0657402013478645,-0.21536238663630294,0.1336718790134992,-0.25291915892481315,2.7838766485262085,0.564578093590649,-0.3615703754572875,0.1368165013137707,-0.16739740180311843,0.7375643211716623,-0.3336764804670602,0.36556112329325335,0.8539834088179896,-0.10468071222977945,0.43996690640013464,-0.08166878080471898,0.5314961650700023,0.16354889382694968,0.08932728488777107,-0.09689028933122126,-0.01233401228249303,0.21041385494267786,0.10139064488159147,-0.1310133457221465,0.19761527390270514,0.18845767505656486,0.048591859573377146,-0.09430520418331217,-0.07521662801603164,-0.09604564984817507,0.008012713233931023,-0.14482403926490048,-0.39493016025403993,-0.06573773889643861,0.4144411652327758
0.09024649789602497,0.13355494731184409,-0.029137278044347487,0.06564604094101655,0.04308129254665115,-0.0372577144509736,0.12110124433016972,0.05899396298427166,0.01470497377570568,0.18779243364656914,0.08813251707337937,0.05281742391027091,0.11380708482302915,0.2280965473388018,0.2659947294867548,0.2837421416240341,0.17789317715875233,0.1817902431572431,0.0414626529909553,0.13648212877771787,0.30031112029222157,0.16591388429340975,0.07912427080772112,0.5111193567981618,0.9035845502042854,-0.04129287014322773,0.284872104227309,0.23438894291659687,0.564578093590649,2.267382602566561,-0.1408394561230813,0.24474763266424904,0.3318963537560841,0.08773689762966569,0.32836367613877837,0.3491284396091994,0.7551589369863928,0.4726902156074388,0.5851682697272786,0.09575496975874934,0.7383838293930877,0.34854079778692565,0.9229161710621234,0.2097482665458737,0.3373781607163862,0.05333816734761962,0.5052415935578707,0.1767162659668405,1.0310751589147646,-0.2378352390988887,0.11989280068514682,-0.02957756694733755,0.23059968464468725,-0.041975740145549646,-0.17307711210533508,-0.1132619719924807,-0.3191734788323743,0.6952526892715886,-0.04874084606211067
0.21119310662455215,-0.032118481310362886,0.037329918453803665,0.06227764724991444,0.044390066745327895,0.09831498467773528,0.11472114658022337,0.04013172933583838,0.11480814236444585,0.027428355314157295,0.12138157087719267,0.09509505321877575,-0.01738968993819449,0.09739338234151064,0.182967462799558,0.0767986968513957,0.11619483909315866,0.010551189139615736,0.03796652964635906,0.5387818831434841,0.20873182434924079,0.13898904988519437,0.3915791260074233,-0.26504456151218575,-0.878024101721076,0.1725561300546104,0.1522240749241906,0.046588842157570816,-0.3615703754572875,-0.1408394561230813,2.186689951441094,0.08469225962416299,0.10182955507776395,0.03785762387170531,0.040852845604222456,0.13666717475990076,-0.3141308607664563,0.2893009100242389,-0.022186556769695113,0.12625629906942423,-0.0062142309310009615,0.18421104242249203,0.11341273073525963,0.14062080416036957,0.1262257321912064,-0.038562717205923844,-0.023469727497899773,-0.01363766926061616,0.09227743186663984,0.26783122281919924,-0.6876786799511442,0.6671314037027415,-0.16161313726205273,0.009235151351172595,0.055923142469739825,0.18068480865992353,0.37512249734861347,-0.1829181511040395,-0.3636766993199275
0.045624772399714575,0.17501443287751126,0.16483314331182208,0.14797883196657022,0.1235316254414203,0.17647190558453169,0.20264738737140156,0.19701286983971705,0.1471472026423998,0.18399544783446292,0.1380018526806439,0.18324433681349064,0.07474886335973191,0.4971135478680712,0.27433280195586995,0.359943874022765,0.21884170673387054,0.184353218031541,0.09862256991085606,0.17789415622968172,0.16741750084671222,0.27333121766966634,0.07126395702879501,0.22951620943527692,0.09004529316773374,0.2462125657421667,0.2429688661572605,0.27871760092220016,0.1368165013137707,0.24474763266424904,0.08469225962416299,0.829845073235888,0.24048541369960807,0.21610102786996704,0.15527366842772564,0.2082461137512552,0.13734955227947496,0.313021768594543,0.10321132057041142,0.07450434143248116,0.18255230088067384,0.18669817124836835,0.3171422495894574,0.06765331739684041,-0.017065177754635057,0.02067489288922072,0.2006719764965519,-0.03811571545406931,0.48175266493113444,0.007737462135361459,-0.015141000306660162,0.27051701315831966,-0.3582720201597207,0.061441112577794534,-0.13362694161578356,0.04379693239562644,-0.23247302677311177,0.07790762199206448,0.24190655380194326
-0.00485070743028069,0.15783501293099525,0.1540809321497985,-0.0032838529563219087,0.045750487147132805,-0.026258284379758596,0.10663723036058523,0.11111530210456438,0.11049371835489527,0.15930965318921367,0.07377003106264308,0.04970016131573551,0.07452697114468404,0.17737277493471967,0.20959193478909277,0.1550508533490326,0.1890126906248332,0.18364124802524992,-0.002934209422363828,-0.053926379938768365,0.30091355771221184,0.18494285309937641,-0.3693779686807771,0.365221667829103,0.2918497234277128,0.12723554157576505,0.20478305859388976,0.8266066804192629,-0.16739740180311843,0.3318963537560841,0.10182955507776395,0.24048541369960807,1.8477028262660058,-0.31289141848463403,0.19987671450141922,-0.16952039070466032,0.9972953248634318,0.4255639363342889,0.13753294229443375,-0.006316213005683564,-0.08283572546201311,0.29727084972810947,0.4535723232080472,0.08184584578790596,0.2194020942109876,-0.07771788791672136,0.6228152911478505,0.27923130621423525,0.8402866523930778,-0.14806377875866664,-0.07384371142629956,0.11346792107182893,0.05716769977035871,-0.15524931176939835,0.14709319869727544,-0.07303922352944836,-0.2634338691984721,-0.13447450088457596,0.5051756718096253
