0.6234475102261908,0.22938396786829274,0.46535449510020677,0.05162791699877335,0.08046862453631157,0.12251955985649104,0.11655252234574723,0.0870828660135927,0.10453517196746664,0.07564015427925214,0.09314900392425404,0.1149936440262436,0.06405489900244404,0.11401000027145493,0.1204312206280346,0.0996568002549044,0.08798365545316084,0.09685440532268974,-0.01022876090098983,0.08627276918665755,0.09258702370179574,0.11005120443843151,0.13811651956519153,0.07562408655639134,0.12754653303139876,0.10644824067664836,0.09237217158439641,0.03561241083433107,0.0954151064120057,0.10891847161944972,0.07615884248808417,0.09973517079685949,0.08716947178338816,-0.02241506822201276,0.08513103229065372,0.12707684708216205,0.07662843586108671,0.05246453594862032,0.08135037941272509,0.10510568896951177,0.058694236859835464,0.0939712562412233,0.06704490383280219,0.009942670803039495,0.07994644217309686,0.10461187830003649,0.10793963746491116,-0.005153691737397688,0.09643496529356708
0.22938396786829274,1.4242915144187291,1.6062903656330045,0.04881620625428701,0.0845542968906272,0.4105434643261295,0.1598736958007474,0.3172419209887695,0.26593522358473465,0.1982587602850754,0.24112012627488244,0.19307745943114948,0.13727128853082918,0.1474234271891602,0.2514230675587938,0.15205970435054122,0.2575828450145097,0.2621306393376792,-0.0956323670137898,0.3756105258776943,0.224518615940156,0.19342702773771955,0.08293535983496012,0.18702712251997308,0.18998799507562128,0.2979828477248801,0.250640225656713,0.18403163864236002,0.4141091511193689,0.19534669381733033,0.15747739598221136,0.16035723141555197,0.1399892093002828,0.2611692960881062,0.2861530365423309,0.2539264893421223,0.43619099784703125,0.17847976089417605,0.19278665341585213,0.29146637212522175,0.1092224143461951,0.25031035660331896,0.2848358155178631,-0.011492622936247521,0.283403536399695,0.21216008456175012,0.23533477105346687,-0.012876974043569654,0.24079038789094614
0.46535449510020677,1.6062903656330045,4.6139056936881335,0.018259791926336585,-0.12085801086811312,0.6386273962995376,0.2185644684478557,0.5145608415006614,0.41150423772046946,0.23380868724442094,0.3359571420097038,0.3347126065311779,0.22858358248875146,0.26099802594801375,0.4009658775131033,0.26657577996604703,0.3788431093074663,0.2310605853703379,-0.02834157652580714,0.15364660729948118,0.327185573227266,0.35307184499414596,0.2492178778198522,0.2933970274541333,0.34083993547328306,0.3035950824226226,0.35172897521499685,0.16329177057340927,0.5365810925697692,0.2998535742663544,0.18562194552143593,0.24492186234478505,0.2223121071402454,0.34683520908736337,0.4263617621900877,0.5181370508395706,0.3517332924394628,0.04365754942463528,0.330015987262577,0.36326373437602383,0.07113825235425605,0.3990227249430314,0.18794063022690666,0.016667401257573516,0.17102243968270348,0.33033807630030204,0.2728813052957514,-0.15875645493718624,0.14959911161379263
0.05162791699877335,0.04881620625428701,0.018259791926336585,0.7302825382613328,0.5893121101307495,0.36702844224444126,0.2115915130787579,0.26476092446574145,0.1447881855187286,0.2462634791391067,0.23127511359268912,0.28394759447052315,0.16484651065902886,0.24255345525958688,0.21273132001462977,0.2467847525561122,0.2065239587774692,0.20246991096518205,0.09886449566139127,0.17248513423829323,0.18818562105053466,0.17225299282649012,0.16623956414860686,0.17608046461766677,0.20530462450757392,0.22899693532774656,0.18659409892427575,0.10429497536559253,0.1989692358694859,0.03783740208387048,0.1852196863215783,0.24704765189718783,0.13605898890885368,0.2249960148807736,-0.01307015953221522,0.299242738376697,0.1477767736433561,0.10585521371912274,0.1816415137522302,0.15695413795968596,0.09757519905662204,0.19107569944894293,0.04005186791469046,0.04150992395743442,-0.0017625919607483621,0.16896005075229287,0.15476468468235327,0.04203271387326374,0.12235604430627543
0.08046862453631157,0.0845542968906272,-0.12085801086811312,0.5893121101307495,1.4442400196938388,0.5577126202519084,0.1968448154478699,0.3498640628748259,0.14138609347895617,0.3184668024260842,0.30317539956115097,0.37413113531670705,0.21758235382088492,0.29031290169574203,0.33452635996863733,0.3235230607581418,0.2502442566645185,0.22805157574558496,0.21333468142073658,0.27190659011976254,0.2413576977441817,0.18627511448869097,0.18701579942731367,0.218426169786495,0.2679300965901483,0.2598399872880783,0.232826425445481,0.122532635973471,0.24927938383446713,-0.0281946086269923,0.27329850266639194,0.3131861839906252,0.18785176390178518,0.3016942925688132,-0.1282957053056558,0.4126165878031181,0.24216848817318617,0.16007721554181928,0.23363659748880714,0.1610861756537288,0.16918855646072517,0.24683624477984195,-0.05431776257149305,0.037412939765805474,-0.02350286360291042,0.21751159513171642,0.15257049116380117,0.0982406463645014,0.10974416199034717
0.12251955985649104,0.4105434643261295,0.6386273962995376,0.36702844224444126,0.5577126202519084,0.8134484458419563,0.14403826471241027,0.4711544148213844,0.25633273191656947,0.292606145748137,0.34128680843302717,0.3333920235745798,0.2172698723792895,0.2787200349019023,0.3246430503007909,0.28875240042749095,0.325317093686056,0.2226981847967546,0.2608706775824806,0.380717598220873,0.29972037573987637,0.2500447414897218,0.11261415681757535,0.2584990826820392,0.2851041032205327,0.31335460637244433,0.2841510412669465,0.1796166992861815,0.3225260970738034,0.1280891279646814,0.2749896323687948,0.2928048511414761,0.21105471303738,0.3367750925554087,0.1364153771489595,0.3514471596173302,0.366370203677316,0.2088454434769742,0.3090865722338007,0.2731272758631516,0.15996088691351534,0.31250203356879414,0.2003157812309432,0.025717724992670832,0.17290431505014806,0.2684739657958466,0.206767420076821,0.07639482339195111,0.26965164158170685
0.11655252234574723,0.1598736958007474,0.2185644684478557,0.2115915130787579,0.1968448154478699,0.14403826471241027,0.5312449066474404,0.11056708645588671,0.28740917705962343,0.1335086140020832,0.1938715298301621,0.32649927429606307,0.14470202552253522,0.19739155970731026,0.10076431388062701,0.22473688220485957,0.2122059986275286,0.18073046900894277,0.12490591582017861,0.15696277280004822,0.1860566829952073,0.23830917794285447,0.17548477666524143,0.16600847489147008,0.16902554425254773,0.2499139133837131,0.18623499895626722,0.09040487552649973,0.11687567742095895,0.08452521296050923,0.17255233788745591,0.2077205107646119,0.16912957323163114,0.14537176458509096,0.13853961664952025,0.22783920969880891,0.17116533478483584,0.0987968809505513,0.177430814251106,0.21641851724366332,0.02816218158253527,0.1946367067615452,0.10728995802715112,0.024743403816549246,0.118454017144041,0.11860439573122254,0.12860822614293968,0.022974244853954526,0.2799712947716813
0.0870828660135927,0.3172419209887695,0.5145608415006614,0.26476092446574145,0.3498640628748259,0.4711544148213844,0.11056708645588671,0.8796357462828829,0.1018380156556721,0.33591552881899917,0.3561009315331604,0.13130137580006745,0.24744624499238277,0.24526793087650922,0.31855639157606147,0.22839305387281508,0.2838524376725614,0.2519387589862506,0.16499677020560027,0.32152137382226165,0.2551475820145476,0.1697299158901265,0.09467239576816647,0.21657615155538992,0.2831471597579915,0.3168279397225628,0.2522197773299202,0.09661325548276166,0.32156226080497147,0.21368594917788272,0.22677390972351086,0.22367559120840302,0.13403950534871992,0.28969064216268303,0.345714728367469,0.24414201269147753,0.26123381697433995,0.16647008377713773,0.3380936351355217,0.31115521219285286,0.09559915123886778,0.27461634290832326,0.25142138991695273,0.021415764730021724,0.20282834913080297,0.17006407071745594,0.2742398054446865,0.08919668518587524,0.3190401533089095
0.10453517196746664,0.26593522358473465,0.41150423772046946,0.1447881855187286,0.14138609347895617,0.25633273191656947,0.28740917705962343,0.1018380156556721,0.9629733638315017,0.020920970381332428,0.13098410634815735,0.16252684182934377,0.10688455942947143,0.1904199362276591,0.045797752591630166,0.1278111633995697,0.2412681587571002,0.1464888247864457,0.03157941317371172,0.22350035576258634,0.22481667913927575,0.3954284572264129,0.15897983039203836,0.1877052290893971,0.11098408950663712,0.3982128960123833,0.1812444784032079,0.20414879670815,0.1455752399803248,0.09183840824487782,0.27262763389328454,0.22134538098898457,0.1768716938016504,0.2852802414925294,0.170347460125392,0.2676863914484551,0.1457747221442649,0.128373920502462,0.16970729290063946,0.2101898800966241,0.0029574419957819837,0.22399662187504282,0.16938891309271328,0.04636209607880704,0.042736586723056434,0.3301560486147899,0.11581972375824855,-0.06051731943063092,0.4343320146112708
0.07564015427925214,0.1982587602850754,0.23380868724442094,0.2462634791391067,0.3184668024260842,0.292606145748137,0.1335086140020832,0.33591552881899917,0.020920970381332428,0.6612071148132549,0.26772706602400814,0.2611902917528375,0.2269300051699901,0.23599017806596034,0.3330003859326545,0.23008748998658493,0.25512091576552653,0.2991406920999961,0.1886145709536088,0.267338511967545,0.20794059674889478,0.14755349839620208,0.1189219342927768,0.22380426409848597,0.22741741046866154,0.17401450888857692,0.2310682095409419,0.18940518183461674,0.37797763949853463,0.28171407032313744,0.12985326989287127,0.22020964482295366,0.14034626801226174,0.2832888386713351,0.28501148795182296,0.29026860961090445,0.25987140158780836,0.13954054555419884,0.31955862432505117,0.29079151454775853,0.1959507427873287,0.21852838263516733,0.20386804812026413,0.03992754702895573,0.039692995378775596,0.22407974755289772,0.37972694067453966,0.08910516100346554,0.28433544037569614
0.09314900392425404,0.24112012627488244,0.3359571420097038,0.23127511359268912,0.30317539956115097,0.34128680843302717,0.1938715298301621,0.3561009315331604,0.13098410634815735,0.26772706602400814,0.6147127538310238,0.2778518730736536,0.24979991624083667,0.2408148985479154,0.39486511678777475,0.2737801440267622,0.29270280133920407,0.22837216316062445,0.15594297207773464,0.25034036121277853,0.23010323108579234,0.18804411972028837,0.19238545064683654,0.2307254106057658,0.2604951825256016,0.23459044310376162,0.2512643934320459,0.18724685189003024,0.3306822949227314,0.18095548787584725,0.24982730300317618,0.24588405623270226,0.16110364659630563,0.25200095647351617,0.2725992967487626,0.36760705902845797,0.21082267154154674,0.13387109419367424,0.307605054507039,0.27169155164700937,0.08076396686478855,0.2512704926006555,0.10134655854933305,0.030594683777519102,0.11180449411388492,0.21256228531649,0.24586294682275672,0.06552340814626904,0.13642417747711255
0.1149936440262436,0.19307745943114948,0.3347126065311779,0.28394759447052315,0.37413113531670705,0.3333920235745798,0.32649927429606307,0.13130137580006745,0.16252684182934377,0.2611902917528375,0.2778518730736536,0.8382845726529065,0.16661145777747302,0.23542423898031384,0.18928824772762728,0.28573448464921075,0.20936329260713024,0.2910138735060878,0.2730124270193716,0.15327990096912908,0.21764456246012415,0.18385661358127575,0.18913593028256873,0.20602482052141638,0.28474431629917324,0.34548353653201314,0.2867574380291751,-0.01575118099617634,0.13922105784180505,0.030327847246079072,0.15073406556963925,0.27803693275312835,0.19142806479625094,0.23329691279235018,0.23601674084545532,0.19604714198947643,0.18726368164286167,0.10565271326351067,0.2331920026626969,0.2946968550017146,-0.04841473527434014,0.23498705976541626,0.21490823069341353,0.00891334627127947,0.14803740090879366,0.1600593210888012,0.21741891584820142,0.10219987987028263,0.38283324843256217
0.06405489900244404,0.13727128853082918,0.22858358248875146,0.16484651065902886,0.21758235382088492,0.2172698723792895,0.14470202552253522,0.24744624499238277,0.10688455942947143,0.2269300051699901,0.24979991624083667,0.16661145777747302,0.43796614409033224,0.1900397457195323,0.14687577768523888,0.21962484101601207,0.18401600721957675,0.17425554640277013,0.1521793769272236,0.07823930005394737,0.1443162730893502,0.22387136316167844,0.1292595813587363,0.17181154116479444,0.16117905327016316,0.16047127634390684,0.19829022949987746,0.11833383236587378,0.2857745766124586,0.13927957808353594,0.07435378124799391,0.20241614724641316,0.10427245307848734,0.16410222038535824,0.22007305301686322,0.2399979643750966,0.05472002169275604,0.043020661036191336,0.21813823092867296,0.20048019185884192,0.03195868892099384,0.15661495945861242,0.08567788159758784,0.03608897360992777,-0.006242167399047859,0.1476230993861421,0.18170527535738654,-0.019049336301151753,0.20707669063196732
0.11401000027145493,0.1474234271891602,0.26099802594801375,0.24255345525958688,0.29031290169574203,0.2787200349019023,0.19739155970731026,0.24526793087650922,0.1904199362276591,0.23599017806596034,0.2408148985479154,0.23542423898031384,0.1900397457195323,0.6013614915211003,0.19051589610912312,0.3999609622877774,0.23345535772670323,0.18639219049925934,0.13243236292040164,0.07734083681637213,0.19273661309427723,0.256304484882882,0.18720641163753146,0.23008478747317584,0.24685169132042567,0.3109467541504243,0.22379739122507025,0.1903979220785802,0.25037437322332906,0.10522347306560982,0.1435640652265331,0.4557486804843127,0.1175844912600496,0.16548157404852096,0.17374035483217232,0.32241458912479815,0.02040509129717865,0.06817919926413199,0.15910791692678444,0.18302557199582425,0.05413402707468356,0.19648964533690336,0.08711254251892872,0.03960456677249966,-0.031115372073149686,0.23635552757128525,0.21651913147072524,-0.008439121169962599,0.35199270955090334
0.1204312206280346,0.2514230675587938,0.4009658775131033,0.21273132001462977,0.33452635996863733,0.3246430503007909,0.10076431388062701,0.31855639157606147,0.045797752591630166,0.3330003859326545,0.39486511678777475,0.18928824772762728,0.14687577768523888,0.19051589610912312,1.206397578213344,0.17394117569835396,0.2180140842596938,-0.025673399613120745,0.08829284424219025,0.2960460158966106,0.1961706477719197,-0.045160276625985714,0.2577843911103927,0.20835500127297965,0.3464669867833243,-0.011248655684498026,0.2197421974220083,0.17275455806679077,0.33731466739416355,0.3000740962980854,0.2412008710548521,0.17076213840596968,0.15612438311976848,0.23711922696231377,0.10288511393500355,0.4366713712842911,0.25448889936587227,0.13050969033650553,0.3391146244353397,0.1794181472927131,0.21762412972992481,0.21925935006794023,-0.04827850030073062,0.04055652950663486,0.02352094714283061,0.20134887955476963,0.18194532108252076,0.18659851085412318,-0.00044026943510393766
0.0996568002549044,0.15205970435054122,0.26657577996604703,0.2467847525561122,0.3235230607581418,0.28875240042749095,0.22473688220485957,0.22839305387281508,0.1278111633995697,0.23008748998658493,0.2737801440267622,0.28573448464921075,0.21962484101601207,0.3999609622877774,0.17394117569835396,0.7358598612803661,0.2896100953951232,0.15663540288444186,0.18790883214216944,0.14060020176385843,0.20505660139524784,0.32254037712162886,0.14077588403024938,0.23601724496129003,0.2811702942798719,0.2584459749562887,0.2847967881297415,0.2051109965352169,0.2655740976321442,0.14158777267864311,0.1663126610388859,0.3643688154631551,0.14311433122655423,0.19298405824951192,0.32136441815682054,0.2997603016494684,0.10861377512683561,0.09078100644687925,0.22557223695710082,0.2658210644974968,0.03477594206857129,0.22718241273965728,0.16467547335779387,0.032528839887665285,0.06075735159289777,0.2371324149833675,0.21785988798289974,-0.054213942863014494,0.2902489929149289
0.08798365545316084,0.2575828450145097,0.3788431093074663,0.2065239587774692,0.2502442566645185,0.325317093686056,0.2122059986275286,0.2838524376725614,0.2412681587571002,0.25512091576552653,0.29270280133920407,0.20936329260713024,0.18401600721957675,0.23345535772670323,0.2180140842596938,0.2896100953951232,0.558887169836248,0.2513306198813325,0.14342450951399394,0.29533251426473794,0.25749431104177467,0.3291433726254714,0.14839031448553722,0.2177916769945171,0.2355923941490479,0.2671270907507689,0.2483742999740863,0.4316541180240503,0.2905811502302899,0.2003769250658881,0.29300446225635773,0.2362365017120522,0.19136108781374,0.2508505057050421,0.26103158983088115,0.411493116913832,0.33301124163220214,0.16813146312857438,0.26596451365747686,0.2622794259403773,0.14908377870050935,0.3041975641403881,0.17180308939856168,0.05155514109297362,0.1948106515469596,0.2791669550855871,0.27116893829442124,-0.020264550849537006,0.14017330995605798
0.09685440532268974,0.2621306393376792,0.2310605853703379,0.20246991096518205,0.22805157574558496,0.2226981847967546,0.18073046900894277,0.2519387589862506,0.1464888247864457,0.2991406920999961,0.22837216316062445,0.2910138735060878,0.17425554640277013,0.18639219049925934,-0.025673399613120745,0.15663540288444186,0.2513306198813325,1.1219449949711238,0.11241236741863474,-0.11294762170508503,0.20305183062253507,0.2564015180788711,0.22099942891660837,0.19537414078990872,0.17400778881085852,0.5147599427979666,0.12388037415010067,0.3013518083437463,0.36397441037718664,-0.03680784805769043,0.08997157298297218,0.21173197254037077,0.10723998173329001,0.2803927419794209,0.29716787636371167,0.25085133114846386,0.10925259407520402,-0.02180041000948618,0.08167868662418591,0.2046223373383343,-0.10882347015130237,0.18199375006978433,0.3712086262113507,0.05604751800799695,0.018319361311870744,0.1688398173887987,0.4943566616821019,-0.07530097326467124,0.059961672462001805
-0.01022876090098983,-0.0956323670137898,-0.02834157652580714,0.09886449566139127,0.21333468142073658,0.2608706775824806,0.12490591582017861,0.16499677020560027,0.03157941317371172,0.1886145709536088,0.15594297207773464,0.2730124270193716,0.1521793769272236,0.13243236292040164,0.08829284424219025,0.18790883214216944,0.14342450951399394,0.11241236741863474,1.4212134638203604,0.1407345368469267,0.13682472868964712,0.10375799665957088,-0.34112419949869416,0.11817649858890242,0.12592020722731498,-0.010193701791479754,0.12481582204601852,0.21330619931710068,-0.03614388357633542,0.03401187309335529,0.08586922590022569,0.09846319753061886,0.2318571303988218,0.06884639212905028,-0.03614520639505858,0.015080655287807604,0.4487333602290943,0.11109587521259973,0.2530426811473401,-0.05759849718372692,0.20538615347574973,0.10933841560847901,0.13071635360470713,0.021764256708811592,0.16824012305284874,0.07731110047606525,0.08588922123846862,0.1894436006488835,0.07599780574761608
0.08627276918665755,0.3756105258776943,0.15364660729948118,0.17248513423829323,0.27190659011976254,0.380717598220873,0.15696277280004822,0.32152137382226165,0.22350035576258634,0.267338511967545,0.25034036121277853,0.15327990096912908,0.07823930005394737,0.07734083681637213,0.2960460158966106,0.14060020176385843,0.29533251426473794,-0.11294762170508503,0.1407345368469267,1.7999166396267583,0.28143766795454184,0.038475560323099935,-0.24026018030358084,0.20340407103506586,0.11231318315709662,0.3559836592689242,0.35254013190557715,0.29261705930123894,0.2161377035356794,0.49416048677692076,0.27589619782615454,0.09335004904975178,0.22663172943658882,0.33562837229293935,0.41517338453222563,-0.1068224006103699,1.2178731401233038,0.8628226259943542,0.38285331767775727,0.5690348976779523,0.5254929425260717,0.2929182841622747,0.9794517938320114,-0.09689718361843588,1.0420800492171527,0.24916564536750838,0.26923043609256847,0.47588141628138086,1.0093105844481842
0.09258702370179574,0.224518615940156,0.327185573227266,0.18818562105053466,0.2413576977441817,0.29972037573987637,0.1860566829952073,0.2551475820145476,0.22481667913927575,0.20794059674889478,0.23010323108579234,0.21764456246012415,0.1443162730893502,0.19273661309427723,0.1961706477719197,0.20505660139524784,0.25749431104177467,0.20305183062253507,0.13682472868964712,0.28143766795454184,0.49394688680082965,0.21682287811783726,0.14401514278148456,0.1934735195018781,0.1833756909167836,0.24611119592793032,0.2109382586235883,0.14254963279276645,0.13667362223360927,0.28611520704999427,0.5933477079692319,0.20101391979585145,0.3013077539449038,0.135926097331768,0.2697963465091018,0.4567380201302609,0.35380913093829464,0.18242088642727503,0.3278004170250457,0.2870675258274488,0.29241575201187336,0.4521661140013421,0.23141472624259093,0.05230820457202097,0.3309071149533024,0.29778059529581513,0.2978143972241096,0.06989228325227326,0.05419209167421825
0.11005120443843151,0.19342702773771955,0.35307184499414596,0.17225299282649012,0.18627511448869097,0.2500447414897218,0.23830917794285447,0.1697299158901265,0.3954284572264129,0.14755349839620208,0.18804411972028837,0.18385661358127575,0.22387136316167844,0.256304484882882,-0.045160276625985714,0.32254037712162886,0.3291433726254714,0.2564015180788711,0.10375799665957088,0.038475560323099935,0.21682287811783726,0.875876765724344,0.24728477684812467,0.21529706029634227,0.1563325493966577,0.2617385660167373,0.2047017808135139,0.22410366500695814,0.24946679014703754,0.17353487625259523,0.23235327756259133,0.2856607940355248,0.20995797705502275,0.1576426665066466,0.27656811076300974,0.3826688576370824,0.06659355195375821,0.049296935005906393,0.20782076593082677,0.21231412782996545,0.05174185666356573,0.24280542741053365,0.02656742932256834,0.07490513178378685,-0.05180356601206647,0.3837896184919964,0.23103581187635386,-0.380335401035879,0.3445530164892834
0.13811651956519153,0.08293535983496012,0.2492178778198522,0.16623956414860686,0.18701579942731367,0.11261415681757535,0.17548477666524143,0.09467239576816647,0.15897983039203836,0.1189219342927768,0.19238545064683654,0.18913593028256873,0.1292595813587363,0.18720641163753146,0.2577843911103927,0.14077588403024938,0.14839031448553722,0.22099942891660837,-0.34112419949869416,-0.24026018030358084,0.14401514278148456,0.24728477684812467,1.5600907551007825,0.20584730095004278,0.3898531176770197,-0.12449375001228243,0.08286183740288082,-0.24221241558368015,0.340686387763334,0.3435127807418921,0.23487194553742755,0.16053274699755046,0.17151732076242554,0.22842221893619033,0.05997271188976443,0.7711737365280799,0.037925544366751066,-0.11876290578768602,0.36239627726028056,0.171435021534514,0.0518360215252964,0.19991882535284325,-0.34263631989723276,0.16411804852216524,-0.27808624251846753,0.22205658697996908,0.2977263587614901,0.033632334732487355,-0.239257492608497
0.07562408655639134,0.18702712251997308,0.2933970274541333,0.17608046461766677,0.218426169786495,0.2584990826820392,0.16600847489147008,0.21657615155538992,0.1877052290893971,0.22380426409848597,0.2307254106057658,0.20602482052141638,0.17181154116479444,0.23008478747317584,0.20835500127297965,0.23601724496129003,0.2177916769945171,0.19537414078990872,0.11817649858890242,0.20340407103506586,0.1934735195018781,0.21529706029634227,0.20584730095004278,0.459993432932923,0.19351260334745812,0.12595812112369345,0.19124676080110617,0.12538833815442638,0.27400891717245224,0.46218439003584394,-0.033457266319823036,0.25131226635209347,0.36734024834287304,0.157950038853438,0.37615291763708397,0.24187156383765623,0.2754838322897516,0.10598131320316954,0.21717105918238808,0.2876348475440206,0.0844568347704282,0.22516202424626683,0.21402268430311633,0.03464564421634036,0.032642516190163944,0.24492655983784856,0.33267563698763913,0.05136197349177381,0.4558388195943921
0.12754653303139876,0.18998799507562128,0.34083993547328306,0.20530462450757392,0.2679300965901483,0.2851041032205327,0.16902554425254773,0.2831471597579915,0.11098408950663712,0.22741741046866154,0.2604951825256016,0.28474431629917324,0.16117905327016316,0.24685169132042567,0.3464669867833243,0.2811702942798719,0.2355923941490479,0.17400778881085852,0.12592020722731498,0.11231318315709662,0.1833756909167836,0.1563325493966577,0.3898531176770197,0.19351260334745812,0.9548763608179379,0.1462040169659144,0.21978931587846015,0.08291300388870183,0.43775157048570984,0.15378772576693267,0.27755750377548377,0.23575411392013462,0.08640393459355449,0.2887641521383613,0.1701031400350567,0.4528544977463387,0.057931752173890405,0.06751250148229967,0.24959019431782334,0.16949577800615961,0.05012235211007444,0.20518356812623276,0.007621692211316078,0.05787323631173402,-0.029269867458602432,0.283993071328275,0.22029812360834683,-0.018216060438097034,-0.14310390254238545
0.10644824067664836,0.2979828477248801,0.3035950824226226,0.22899693532774656,0.2598399872880783,0.31335460637244433,0.2499139133837131,0.3168279397225628,0.3982128960123833,0.17401450888857692,0.23459044310376162,0.34548353653201314,0.16047127634390684,0.3109467541504243,-0.011248655684498026,0.2584459749562887,0.2671270907507689,0.5147599427979666,-0.010193701791479754,0.3559836592689242,0.24611119592793032,0.2617385660167373,-0.12449375001228243,0.12595812112369345,0.1462040169659144,2.0716068309417492,0.2722543814646873,0.3355976722563432,-0.47903629214624377,-0.5346527302957983,0.31851085927685957,0.40016102804729425,0.04862393952652823,0.2986542220370437,0.49304590305930085,-0.15193850552607735,-0.31836592111100487,0.20474807676952692,-0.43206710946495697,0.3696940163496859,-0.48739063211078415,0.23100206119641492,0.8070476710290634,-0.018502353939303624,0.23357536991960057,0.19635430516201363,0.023676148744019788,0.16326357433130764,1.0422965813100413
0.09237217158439641,0.250640225656713,0.35172897521499685,0.18659409892427575,0.232826425445481,0.2841510412669465,0.18623499895626722,0.2522197773299202,0.1812444784032079,0.2310682095409419,0.2512643934320459,0.2867574380291751,0.19829022949987746,0.22379739122507025,0.2197421974220083,0.2847967881297415,0.2483742999740863,0.12388037415010067,0.12481582204601852,0.35254013190557715,0.2109382586235883,0.2047017808135139,0.08286183740288082,0.19124676080110617,0.21978931587846015,0.2722543814646873,0.8786072162918129,0.2510411676630839,0.14153689552634727,0.10455127317514783,0.27454636702292706,0.2584917617159755,0.2209812621018329,0.23782804834108956,0.23735986019623148,0.38347789822195105,0.3214042704575486,0.21529912834849385,0.19219924094263677,0.32422051416564523,0.11076326398956851,0.22747404528038262,0.40863572950490684,-0.06057636144456028,0.2177003180515955,0.30889468551891414,0.1586316951993331,0.08729856560545064,0.319420843701339
0.03561241083433107,0.18403163864236002,0.16329177057340927,0.10429497536559253,0.122532635973471,0.1796166992861815,0.09040487552649973,0.09661325548276166,0.20414879670815,0.18940518183461674,0.18724685189003024,-0.01575118099617634,0.11833383236587378,0.1903979220785802,0.17275455806679077,0.2051109965352169,0.4316541180240503,0.3013518083437463,0.21330619931710068,0.29261705930123894,0.14254963279276645,0.22410366500695814,-0.24221241558368015,0.12538833815442638,0.08291300388870183,0.3355976722563432,0.2510411676630839,1.9207197877597424,0.3462098795933337,-0.0041015969394901245,0.3446957271811785,0.20970669206144035,0.0457221765176398,0.23222586845618892,-0.012774969616052149,0.740632057752038,0.06493948272149798,0.16096810850943769,0.11726569808412167,0.1038845390575906,0.2517223439853327,0.02465755943588899,0.050075920571862914,0.13690101781892336,-0.21080315926254917,0.33872795516132054,0.141470164770261,-0.01347934438107733,-0.16641083609597726
0.0954151064120057,0.4141091511193689,0.5365810925697692,0.1989692358694859,0.24927938383446713,0.3225260970738034,0.11687567742095895,0.32156226080497147,0.1455752399803248,0.37797763949853463,0.3306822949227314,0.13922105784180505,0.2857745766124586,0.25037437322332906,0.33731466739416355,0.2655740976321442,0.2905811502302899,0.36397441037718664,-0.03614388357633542,0.2161377035356794,0.13667362223360927,0.24946679014703754,0.340686387763334,0.27400891717245224,0.43775157048570984,-0.47903629214624377,0.14153689552634727,0.3462098795933337,3.749431813908071,0.484957436816719,-0.5242258514578573,0.3003097491449726,-0.5230876288488863,0.8836971392791576,0.35093604401418865,0.923874893512657,-0.9107717266916716,-0.010500293480254809,0.8214723340203626,0.48417978058408784,0.09245367380794814,0.07445524998194325,-0.05005848984249937,0.012797673408796555,-0.8456721052472317,0.3335513125385806,0.536897760716287,-0.18922087474924967,0.29572707168041285
0.10891847161944972,0.19534669381733033,0.2998535742663544,0.03783740208387048,-0.0281946086269923,0.1280891279646814,0.08452521296050923,0.21368594917788272,0.09183840824487782,0.28171407032313744,0.18095548787584725,0.030327847246079072,0.13927957808353594,0.10522347306560982,0.3000740962980854,0.14158777267864311,0.2003769250658881,-0.03680784805769043,0.03401187309335529,0.49416048677692076,0.28611520704999427,0.17353487625259523,0.3435127807418921,0.46218439003584394,0.15378772576693267,-0.5346527302957983,0.10455127317514783,-0.0041015969394901245,0.484957436816719,3.405755620592002,0.13787421905641714,0.007814683622454388,0.40309589739062235,-0.37289165336214763,0.8787257296066353,0.4342542676480076,0.6389346732467753,0.24683514108027657,0.8231367878855158,0.5613145552414528,0.8618333539622458,0.376585882118191,1.087132400039287,0.1328388362784725,0.43635783808396483,0.5196494743430454,1.4826907250977845,0.2742730835115552,1.2742013996088315
0.07615884248808417,0.15747739598221136,0.18562194552143593,0.1852196863215783,0.27329850266639194,0.2749896323687948,0.17255233788745591,0.22677390972351086,0.27262763389328454,0.12985326989287127,0.24982730300317618,0.15073406556963925,0.07435378124799391,0.1435640652265331,0.2412008710548521,0.1663126610388859,0.29300446225635773,0.08997157298297218,0.08586922590022569,0.27589619782615454,0.5933477079692319,0.23235327756259133,0.23487194553742755,-0.033457266319823036,0.27755750377548377,0.31851085927685957,0.27454636702292706,0.3446957271811785,-0.5242258514578573,0.13787421905641714,4.221864553527291,0.14780579964735466,0.5399957637198559,0.2017175556404919,0.0854299137598288,1.512612608723631,0.41159701661103815,0.24894938991206433,0.1580544445546162,-0.0796220473293381,0.17864080613511565,0.5252992620416838,-1.2074281384037193,0.19236538853089793,0.48902966506339185,0.5465117568157254,0.25314971590303736,-0.04409297591515227,-1.245058021383856
0.09973517079685949,0.16035723141555197,0.24492186234478505,0.24704765189718783,0.3131861839906252,0.2928048511414761,0.2077205107646119,0.22367559120840302,0.22134538098898457,0.22020964482295366,0.24588405623270226,0.27803693275312835,0.20241614724641316,0.4557486804843127,0.17076213840596968,0.3643688154631551,0.2362365017120522,0.21173197254037077,0.09846319753061886,0.09335004904975178,0.20101391979585145,0.2856607940355248,0.16053274699755046,0.25131226635209347,0.23575411392013462,0.40016102804729425,0.2584917617159755,0.20970669206144035,0.3003097491449726,0.007814683622454388,0.14780579964735466,0.6849809503039792,0.07134115259518885,0.19005697302195276,0.09035763633791015,0.36905178954269224,-0.1325414991725859,0.08656847431175682,0.12685540241526963,0.18033082175369533,0.004761174273285931,0.1913936034605626,0.06772982523406279,0.02655952001965108,-0.07610301008217465,0.27431259648214606,0.17917777201609722,-0.027012620966105703,0.3710717296370199
0.08716947178338816,0.1399892093002828,0.2223121071402454,0.13605898890885368,0.18785176390178518,0.21105471303738,0.16912957323163114,0.13403950534871992,0.1768716938016504,0.14034626801226174,0.16110364659630563,0.19142806479625094,0.10427245307848734,0.1175844912600496,0.15612438311976848,0.14311433122655423,0.19136108781374,0.10723998173329001,0.2318571303988218,0.22663172943658882,0.3013077539449038,0.20995797705502275,0.17151732076242554,0.36734024834287304,0.08640393459355449,0.04862393952652823,0.2209812621018329,0.0457221765176398,-0.5230876288488863,0.40309589739062235,0.5399957637198559,0.07134115259518885,1.7349320138599396,-0.4651464940125823,-0.0470347593366334,0.07225237240205182,0.8620787464830029,0.12435707337070517,-0.13506836676736672,0.13013408432260756,0.18739551388978865,0.32542241577757913,-0.13187919359195377,0.025055512935242028,-0.04287342042444914,0.3965733707448971,0.26043271187032013,0.13756325753757792,0.40788966977760344
-0.02241506822201276,0.2611692960881062,0.34683520908736337,0.2249960148807736,0.3016942925688132,0.3367750925554087,0.14537176458509096,0.28969064216268303,0.2852802414925294,0.2832888386713351,0.25200095647351617,0.23329691279235018,0.16410222038535824,0.16548157404852096,0.23711922696231377,0.19298405824951192,0.2508505057050421,0.2803927419794209,0.06884639212905028,0.33562837229293935,0.135926097331768,0.1576426665066466,0.22842221893619033,0.157950038853438,0.2887641521383613,0.2986542220370437,0.23782804834108956,0.23222586845618892,0.8836971392791576,-0.37289165336214763,0.2017175556404919,0.19005697302195276,-0.4651464940125823,2.3073187121462047,0.3864850521393139,0.2726805953442839,0.49814376890750106,0.13784119554503005,0.4539638693122575,0.23194106386806976,-0.18555875211063041,0.19867290435503746,0.4676540150111487,0.18536215248920115,-0.5147562899547822,0.02772145465388893,0.05702171720519137,0.08090969276743114,0.4911829244581107
0.08513103229065372,0.2861530365423309,0.4263617621900877,-0.01307015953221522,-0.1282957053056558,0.1364153771489595,0.13853961664952025,0.345714728367469,0.170347460125392,0.28501148795182296,0.2725992967487626,0.23601674084545532,0.22007305301686322,0.17374035483217232,0.10288511393500355,0.32136441815682054,0.26103158983088115,0.29716787636371167,-0.03614520639505858,0.41517338453222563,0.2697963465091018,0.27656811076300974,0.05997271188976443,0.37615291763708397,0.1701031400350567,0.49304590305930085,0.23735986019623148,-0.012774969616052149,0.35093604401418865,0.8787257296066353,0.0854299137598288,0.09035763633791015,-0.0470347593366334,0.3864850521393139,3.8880875213872885,-0.6455801698388135,0.0893019257407835,0.16273956908638554,0.6587443906496239,1.4335533330949042,-0.776274956242588,0.44854992836071034,1.2758537759928024,0.05704984553440499,1.124976077670459,0.06302442874240281,0.6869908114925805,0.09173221881555106,1.5445858198901568
0.12707684708216205,0.2539264893421223,0.5181370508395706,0.299242738376697,0.4126165878031181,0.3514471596173302,0.22783920969880891,0.24414201269147753,0.2676863914484551,0.29026860961090445,0.36760705902845797,0.19604714198947643,0.2399979643750966,0.32241458912479815,0.4366713712842911,0.2997603016494684,0.411493116913832,0.25085133114846386,0.015080655287807604,-0.1068224006103699,0.4567380201302609,0.3826688576370824,0.7711737365280799,0.24187156383765623,0.4528544977463387,-0.15193850552607735,0.38347789822195105,0.740632057752038,0.923874893512657,0.4342542676480076,1.512612608723631,0.36905178954269224,0.07225237240205182,0.2726805953442839,-0.6455801698388135,4.136052163483335,-0.22625697440968592,0.00020352329565740345,0.42329406783762036,-0.004023051045922766,0.8064108094143615,0.3977458321518181,-2.4428227089498358,0.045312262881808237,-0.5091594323051819,0.9217430704631585,0.21037460593881852,-0.25011696857893956,-3.072252169229401
0.07662843586108671,0.43619099784703125,0.3517332924394628,0.1477767736433561,0.24216848817318617,0.366370203677316,0.17116533478483584,0.26123381697433995,0.1457747221442649,0.25987140158780836,0.21082267154154674,0.18726368164286167,0.05472002169275604,0.02040509129717865,0.25448889936587227,0.10861377512683561,0.33301124163220214,0.10925259407520402,0.4487333602290943,1.2178731401233038,0.35380913093829464,0.06659355195375821,0.037925544366751066,0.2754838322897516,0.057931752173890405,-0.31836592111100487,0.3214042704575486,0.06493948272149798,-0.9107717266916716,0.6389346732467753,0.41159701661103815,-0.1325414991725859,0.8620787464830029,0.49814376890750106,0.0893019257407835,-0.22625697440968592,4.648621575044905,0.7419252741413999,0.22142998382911294,0.0024227182214125276,1.10485308671347,0.5284902665615154,0.6357395562961355,0.003569970366889803,2.1830461919546216,-0.0018614688530379936,0.35344332293601544,0.286379172422722,-0.2488794783681003
0.05246453594862032,0.17847976089417605,0.04365754942463528,0.10585521371912274,0.16007721554181928,0.2088454434769742,0.0987968809505513,0.16647008377713773,0.128373920502462,0.13954054555419884,0.13387109419367424,0.10565271326351067,0.043020661036191336,0.06817919926413199,0.13050969033650553,0.09078100644687925,0.16813146312857438,-0.02180041000948618,0.11109587521259973,0.8628226259943542,0.18242088642727503,0.049296935005906393,-0.11876290578768602,0.10598131320316954,0.06751250148229967,0.20474807676952692,0.21529912834849385,0.16096810850943769,-0.010500293480254809,0.24683514108027657,0.24894938991206433,0.08656847431175682,0.12435707337070517,0.13784119554503005,0.16273956908638554,0.00020352329565740345,0.7419252741413999,0.8344481577342413,0.15714988216552472,0.2596944612225983,0.26741701838168497,0.19321509561046207,0.43675685689495336,-0.015157547437775972,0.9698541708872679,0.09566303415171291,0.17731680987926918,0.25144975914238504,0.2937944168018478
0.08135037941272509,0.19278665341585213,0.330015987262577,0.1816415137522302,0.23363659748880714,0.3090865722338007,0.177430814251106,0.3380936351355217,0.16970729290063946,0.31955862432505117,0.307605054507039,0.2331920026626969,0.21813823092867296,0.15910791692678444,0.3391146244353397,0.22557223695710082,0.26596451365747686,0.08167868662418591,0.2530426811473401,0.38285331767775727,0.3278004170250457,0.20782076593082677,0.36239627726028056,0.21717105918238808,0.24959019431782334,-0.43206710946495697,0.19219924094263677,0.11726569808412167,0.8214723340203626,0.8231367878855158,0.1580544445546162,0.12685540241526963,-0.13506836676736672,0.4539638693122575,0.6587443906496239,0.42329406783762036,0.22142998382911294,0.15714988216552472,2.2066144919907957,0.7686023814906235,0.18647879328400233,0.28493356383383267,-0.00849519878925099,0.14627246805502706,0.4220939983513491,0.13339962823424317,0.5142258127741537,0.02855915430826312,0.7494008289651423
0.10510568896951177,0.29146637212522175,0.36326373437602383,0.15695413795968596,0.1610861756537288,0.2731272758631516,0.21641851724366332,0.31115521219285286,0.2101898800966241,0.29079151454775853,0.27169155164700937,0.2946968550017146,0.20048019185884192,0.18302557199582425,0.1794181472927131,0.2658210644974968,0.2622794259403773,0.2046223373383343,-0.05759849718372692,0.5690348976779523,0.2870675258274488,0.21231412782996545,0.171435021534514,0.2876348475440206,0.16949577800615961,0.3696940163496859,0.32422051416564523,0.1038845390575906,0.48417978058408784,0.5613145552414528,-0.0796220473293381,0.18033082175369533,0.13013408432260756,0.23194106386806976,1.4335533330949042,-0.004023051045922766,0.0024227182214125276,0.2596944612225983,0.7686023814906235,2.133946992265477,-0.6068896623129527,0.3226467286803943,0.7003748293103337,-0.09611317258714433,0.5387548062532501,-0.034746327127473005,0.44084550400153655,0.2097242403414574,1.4026572360126828
0.058694236859835464,0.1092224143461951,0.07113825235425605,0.09757519905662204,0.16918855646072517,0.15996088691351534,0.02816218158253527,0.09559915123886778,0.0029574419957819837,0.1959507427873287,0.08076396686478855,-0.04841473527434014,0.03195868892099384,0.05413402707468356,0.21762412972992481,0.03477594206857129,0.14908377870050935,-0.10882347015130237,0.20538615347574973,0.5254929425260717,0.29241575201187336,0.05174185666356573,0.0518360215252964,0.0844568347704282,0.05012235211007444,-0.48739063211078415,0.11076326398956851,0.2517223439853327,0.09245367380794814,0.8618333539622458,0.17864080613511565,0.004761174273285931,0.18739551388978865,-0.18555875211063041,-0.776274956242588,0.8064108094143615,1.10485308671347,0.26741701838168497,0.18647879328400233,-0.6068896623129527,3.5249375914172485,0.21704130219935944,-0.592241096007648,0.18489924920230175,-1.0952024903543724,0.6350030811109949,0.3863744980523574,0.12661465717439546,-0.38101720351727575
