0.9896987307785766,0.2320216395545897,0.3823594473575349,-0.24113030943886934,0.20529258989534968,0.008222580300588766,0.20790728013016996,0.018459625279698567,0.051368354449228035,0.05848144591093142,0.06744830688851024,0.10745419625415246,0.042100010412608024,0.04906766894064908,0.0677561414993599,0.08909929960574062,0.04069259203121779,0.1063306268808402,0.07318080674008408,0.004095515790912569,0.04993744626151192,0.04036550529751246,0.012267598351588681,0.053474281557590105,0.044307536353522387,0.008509476225397463,0.05698333987663965,-0.01548610662496232,0.017163874670564808,-0.022234617575390202,0.11458505328714419,0.08301667400210604,0.04124278740866586,-0.07602905077766889,-0.07855973860507871,0.11083317986543142,0.13921511899698888,0.03964992679737148,-0.03454877156360992,-0.07768899922664005,0.04585099255804105,0.039648353037572664,-0.04388338093254416,-0.009255617053601232,0.03536025191387582,0.13976940141307231,0.09293664366576679,-0.00797705903762126,-0.12002065303298949,-0.022903527987198018,-0.011144161846139955,-0.12017530407450075,0.16803010271971977,-0.006717239517768731,0.06909274729838716,-0.025366932672891095,0.11837833549541849,0.08230348020824284,-0.29467031376822533
0.2320216395545897,2.350548550088251,0.27939436067109696,-0.6098084530538787,-0.07380116984202291,0.09917348581731474,0.05637844861206564,0.029014387437329942,0.027353579133228802,0.14504097149597225,0.06332705968328362,0.08407956058535655,0.013584999628381942,-0.06093645775257857,0.07153376204294738,0.09438779490173194,0.09716408858382257,0.45712172539002877,0.05600482820765589,-0.10354398724293272,0.09494222677638174,-0.03228829664181626,-0.18241316948427563,-0.01341922516159319,0.03895508392583483,-0.025129736970844762,0.07880307902660562,0.20693050974900676,0.13974496360046765,0.04456570027179111,0.016160815202425526,0.038374498315240944,-0.019093526420153297,-0.004969999376522531,-0.046077729156018606,0.1442127341135686,0.418452258327605,0.007904026582142086,-0.011020451216714406,-0.03590462119855541,0.1003998616464311,0.050138086075964754,0.028498486752068855,0.006428807641652444,0.24491224163878147,0.15306720791332787,-0.031904887776810414,0.0016292379172298855,-0.2358470519238101,-0.011200244225252797,0.28668423948360866,0.20729449267957928,-0.23755455892947983,-0.0832936791625879,-0.44874861409630085,-0.046023868961175676,-0.07660677091260369,0.2987761911086791,0.12271038162727156
0.3823594473575349,0.27939436067109696,2.1024100033369066,-0.109320772253039,0.1587779325718356,0.15714318585808046,0.1947663392870322,0.12725932523685815,0.15558033627835566,0.13208169762550742,0.08168882407385152,0.21191075257333122,0.10812210441879648,0.014346644881479907,0.18662753113531375,0.24718261153971177,0.0879396035711768,0.20834440128820414,0.16700067027653073,0.21131412769195562,0.15884422265820047,0.12668327817511288,0.12578951713051154,0.06409372402468635,0.1525100541094531,0.29712514426522785,0.17387631029689157,0.1904289634957663,0.15641597985467912,-0.43382035948979736,0.20201989586407973,0.09360641000376276,0.281661053114514,0.48656714687164576,-0.28203831183053424,0.4420731348854284,0.19350891259165479,0.16302283186539945,0.13091117734770175,-0.4367996382544707,0.18697142057717991,0.15779455944343554,-0.04179108973245624,0.10175626302647447,0.3399475514535199,0.5415285639013602,0.17844832668215463,0.007146573344827897,-0.4739629572888325,0.07981591137464916,0.09833018836454227,0.01649657749686565,0.028290937032636163,-0.18318786800455872,0.038161900535369934,0.05228643689171386,-0.12727348763760205,-0.1257289612574581,-0.010746860182124576
-0.24113030943886934,-0.6098084530538787,-0.109320772253039,2.627965081947789,0.2719512523190881,0.3582673252501591,0.34958711156675787,0.5008771075088145,0.09296247114370906,0.17969111903399543,0.31884516349498965,0.31239708721429726,0.24349989896727442,0.4549000703454359,0.16118274042123965,0.2922260825747085,0.3110969634190362,0.040851155571980644,0.257031748926107,0.3648022784911082,0.21344430051312446,0.3211538962887349,0.4048648921836636,0.2543979615826042,0.3509878982068734,0.3007817903140739,0.2217627865500488,-0.009717748774696023,0.40735096636664436,0.25429816714848896,0.050619736727950296,0.26596342937094575,0.14179099944569074,0.4510281679306068,0.2874143635720472,0.1981655706457644,0.10051681546773274,0.1794697229254009,0.28245534926986043,0.22149640907885543,0.2783682605096828,0.2190801596554102,0.277393824323843,0.0631535529966688,0.16138259706371286,0.317586349533665,0.512670225579265,0.03770887264175565,0.23236723364645373,0.11136033585299959,-0.041204114450047964,-0.07328357877107632,-0.10610707164282618,-0.02941736932966985,-0.05250105548853785,-0.026814591419161517,-0.1038702058035091,0.07933820852982562,0.11529036538885709
0.20529258989534968,-0.07380116984202291,0.1587779325718356,0.2719512523190881,1.1737971642074536,0.07694143604794114,0.2039355072208402,0.1821379556055453,-0.016055505834283623,0.12949822952679707,0.10018848092622702,0.09835218577606954,0.12593376339605838,0.08755517862918127,0.15661475155748633,0.14053331374919018,0.09755176974447327,0.06246658087872453,0.47778447482533015,0.07878281212854454,0.0673813369397149,0.11486051034395986,0.24128034285574268,0.05446352769251826,0.1125080179755117,0.13577046285453429,0.0570692740729817,-0.004314420317590059,0.17602483165493618,-0.22248865024725759,0.05645267701141382,0.13500002074477285,0.09299139617104536,0.2829655746949358,-0.08053807993573703,0.06885188818133266,0.17751093744941462,0.07085219683483439,0.1733199684558427,0.005715727965566542,0.055780713109878546,0.07430959614896533,-0.027489551294444532,-0.042700779450660704,-0.09197473710378222,0.033990709132402167,0.26738249146965193,-0.008101985004040684,-0.08071417367287467,0.26091532183274146,-0.13562014327613908,-0.2773429874948691,0.07267885846403421,-0.042756966337097954,0.034630787173853095,-0.1631131349419232,0.03680226452209258,0.030342444828810447,0.03776270434712102
0.008222580300588766,0.09917348581731474,0.15714318585808046,0.3582673252501591,0.07694143604794114,0.6716133596571222,0.05747873037226485,0.40784427933698797,0.10503389758619136,0.1849605686462809,0.26875515731812005,0.2649230488529123,0.17877324127590538,0.21886318325481052,0.16512066378605958,0.21038293107105932,0.26095133163269263,0.1770460628782186,0.28272254817119424,0.3608159653107011,0.1802215972173606,0.28040502506041615,0.31662691075024413,0.16198977467027487,0.2740986553737198,0.28800414975721994,0.20418788118057662,0.019397924823696844,0.4315195484973157,0.1167234919683312,0.08755520586329063,0.2409403453298989,-0.02013076463190529,0.3145812322111878,0.12795463988540198,0.22045188326308038,0.20085619832236032,0.20256315069295353,0.28305858314790683,0.12907736503941147,0.1582403545813959,0.17764755082406306,0.17550259152047984,0.04162814541424317,0.15035802437222962,0.2783089409413092,0.3025153969141362,0.001276583243267028,0.2105076684891137,0.16327425741020157,-0.09575392385531034,-0.2080855426813873,0.042915192518701725,-0.03676168725234333,-0.04256528742006355,-0.017021433696023835,-0.050593257905842196,0.07648847062184853,-0.019490144426630985
0.20790728013016996,0.05637844861206564,0.1947663392870322,0.34958711156675787,0.2039355072208402,0.05747873037226485,0.6892126798456913,0.15914452178634797,0.10522456601840723,-0.020720435719568484,0.19022048141941666,0.2611338606952288,0.1380491757322196,0.12395911856828844,0.1187823264622536,0.18860888679056464,0.14572066576330725,0.13757146683744437,0.10868242256670116,0.13676925084032868,0.1194317903404225,0.21814427122893482,0.22660241705860254,0.12675228182790824,0.18285347590151768,0.1419180061367244,0.13800609589155438,-0.035356826552731924,0.1787397835039761,0.055303721960285414,0.04953314708858334,0.13091872413136588,0.09269233867219305,0.18686316234453643,0.020453403449468756,0.1846377570031757,0.11676430302296176,0.08221078105489567,0.03579663062748188,0.029380702563484157,0.14398530149639668,0.10801329088663039,0.10551073834736197,0.012095709393350827,0.06403151997479398,0.21670577779926647,0.15761027682461157,0.009123951283332904,0.12490883401451812,-0.025031773010040392,0.010079851525140933,-0.02361394097022423,0.019844659109557693,-0.006328772369609662,-0.004516360600151871,0.07546316361873134,-0.04559843623773368,0.08662262783598557,-0.19814895161796287
0.018459625279698567,0.029014387437329942,0.12725932523685815,0.5008771075088145,0.1821379556055453,0.40784427933698797,0.15914452178634797,0.7819766863171247,-0.03202878109683407,0.19509725533053637,0.27856605610172214,0.14837293336291554,0.23567032085565243,0.29309359422209547,0.14009830788087435,0.2833063081830503,0.335667423833046,0.1773751432591129,0.2600638567755232,0.30543886554238103,0.19480625990285028,0.3260496027509159,0.33334290076231,0.14920404833562573,0.32854693838472027,0.27450198935269865,0.2054660527645384,-0.04678469269461412,0.3876800391550292,0.19316871977811503,0.0769089838982518,0.1856753114880031,0.09614108941102167,0.2955423880174813,0.16677391175814962,0.24393790130894968,0.263192860520267,0.1789316124513753,0.33099211429180936,0.14204393186644898,0.20396495454940164,0.1844534632491301,0.21896593014347573,0.06672214962770714,0.14938466827998353,0.3378145927088875,0.37785764461582455,-0.004775532048776373,0.2815105754897421,0.21983070325312326,-0.026686032720198292,-0.09967888067588225,-0.020540942376157344,-0.096453799521968,-0.11414600419570067,0.0016973794534060021,-0.04231733495500611,0.17737940962117701,-0.032610950432399845
0.051368354449228035,0.027353579133228802,0.15558033627835566,0.09296247114370906,-0.016055505834283623,0.10503389758619136,0.10522456601840723,-0.03202878109683407,0.49673147131082884,0.08227708872073604,0.10735699439302315,0.17966674567335614,0.06647761749134279,0.15492584909139573,0.1601361543059907,0.11671977859531293,0.07895271467697718,0.15186850879485603,-0.030642749837661482,0.1527593813593392,0.12300486755329906,0.07928605300304156,0.11251554396607945,0.14924410874961,0.11701568839352472,0.19175439176059997,0.11139652027788084,0.17835165091624308,0.04965188527545652,0.16570626608585562,0.1249708912002116,0.08343050156587417,0.2048798227006523,0.03539495993688765,0.11012254953476998,0.07680737203032988,0.17467042702045485,0.0804282954400164,0.08776062096714124,0.026645506254182463,0.13770569470774977,0.12998490583947656,0.1596096045179456,0.0185622141865821,0.19436455415289333,0.2022318669100707,0.2349655118505566,0.06474954144400928,0.25738597092358495,-0.04589427801939377,-0.08069056451288598,-0.1997078560752284,0.2053900953136446,0.01065507363643598,0.05553057796788176,0.13244225930774814,-0.09221131752460347,-0.04039792662057194,-0.06315387669913076
0.05848144591093142,0.14504097149597225,0.13208169762550742,0.17969111903399543,0.12949822952679707,0.1849605686462809,-0.020720435719568484,0.19509725533053637,0.08227708872073604,0.7705493303292279,0.17691820450021117,0.2309005624533349,0.1803484684636701,0.19987308814950147,0.22228274612946045,0.2034671739204074,0.2504660931589921,0.3896145763398787,0.11778707413662788,0.4871748207018728,0.23677429080784804,0.1963726184066972,0.2721114860031065,0.20259499801073586,0.25881430800462696,0.32638939196030486,0.21780165799189097,0.2468456820067782,0.3834044113731412,0.17095731191708002,0.18507980228736862,0.22604844625485407,0.21428194015757993,0.6399151133019219,0.37364958934637804,0.1956172617632674,0.2501098767530708,0.2596472997934,0.5530141330694979,0.2727577407745534,0.4416301621162562,0.241358717326906,0.28950759179179564,0.01620261574822017,0.4375148639111011,0.42388105066357173,0.8183129506169777,0.0874469667299024,0.2745418154867128,0.13166427189848826,0.009155416584273688,-0.1113888697828137,0.0506494975438562,-0.09672728003018312,-0.06795894404388433,-0.05542519467911485,-0.05910319535470659,0.09729904089050359,-0.00827418305950652
0.06744830688851024,0.06332705968328362,0.08168882407385152,0.31884516349498965,0.10018848092622702,0.26875515731812005,0.19022048141941666,0.27856605610172214,0.10735699439302315,0.17691820450021117,0.49086187451592167,0.2972708183198201,0.1875484090797509,0.23454545547318592,0.2865981660463453,0.19198152690488096,0.27823098008952424,0.2145084657942164,0.111307252196083,0.30394874636229463,0.17439056271403713,0.19051354566674963,0.2614435739392845,0.19705669638106418,0.2603683561363191,0.27191997175163346,0.18887354633979875,0.11489806059186737,0.34781459208700044,0.16989329615995383,0.1076665380995169,0.21520970427021008,0.1349413035892136,0.3068599603536505,0.21119685924301074,0.20063008739234028,0.09714387038796844,0.1538302794877125,0.2516892668360978,0.13831304560762603,0.21630647577530476,0.17625418237712265,0.16102084131561087,0.023680370734487064,0.1919270850225816,0.3085977729435361,0.38218514915959423,0.04868586857092638,0.13737317563333967,-0.008867033128304678,-0.06584135528693424,-0.20254533610133132,0.20150756233711611,-0.004315322383825599,-0.051867461013746625,0.03944657055217563,-0.05738477737608349,0.1041625949173486,-0.09551040672892636
0.10745419625415246,0.08407956058535655,0.21191075257333122,0.31239708721429726,0.09835218577606954,0.2649230488529123,0.2611338606952288,0.14837293336291554,0.17966674567335614,0.2309005624533349,0.2972708183198201,0.589766593924198,0.10658715073456201,0.20363052475955498,0.24139329270143034,0.21623910259516224,0.20882651560444127,0.26997767415858814,0.10019184382569832,0.33631004559356203,0.1677204263636512,0.17426041604188053,0.3038634024408897,0.21575005625263174,0.30421816308670535,0.28822535893033885,0.2220660890886518,-0.040077383049601914,0.3959064431690352,0.10221338434895347,0.05186451779209018,0.2412652885931034,0.11594130522743665,0.45808506920698366,0.21519644399335416,0.17836164774440588,0.07140423087131557,0.17724973206920605,0.26682192495049917,0.14905838464967977,0.2500651566971904,0.17452913673317597,0.1908430446310648,0.007486114612053082,0.3029406165843793,0.30935968664046615,0.46730549311074354,0.08000150913552798,0.19184771794606478,-0.012000614101434257,-0.018482318772950444,-0.2233574984941802,0.135900764161372,0.0033993469706505735,-0.034527230209546816,0.058538954309478065,-0.11897382438143332,0.06780909052573045,-0.1449111505272295
0.042100010412608024,0.013584999628381942,0.10812210441879648,0.24349989896727442,0.12593376339605838,0.17877324127590538,0.1380491757322196,0.23567032085565243,0.06647761749134279,0.1803484684636701,0.1875484090797509,0.10658715073456201,0.33077690627038275,0.12029722615553722,0.10444629919940072,0.13815783927644135,0.1765884203599466,0.14268602640563816,0.11193827214109253,0.20602444819982524,0.14126289065793698,0.28990202380971186,0.15053816148472654,0.13027812186776494,0.1425576258409623,0.2167985888421677,0.14883929784586544,0.07925047250309154,0.24332117387456606,0.09901157726664228,0.06262465969219733,0.17211975928350692,0.12093253273916439,0.2506508844724278,0.15839396479853113,0.1849020019042239,0.05222064632173534,0.0977885965874356,0.2399331666511397,0.10576896453850165,0.18927376482091543,0.12839916696656453,0.09633694054983329,0.041991984367066866,0.1262434582810928,0.23974921192966878,0.2400628051119346,0.015054548937451671,0.22521648100933775,0.06677056167843276,-0.020641718895365528,-0.09856335466172346,0.017514851382276604,-0.030269786460320417,-0.0284556364616901,-0.0028020665242639927,-0.05767146855524987,0.058890429459847494,-0.026714549373605154
0.04906766894064908,-0.06093645775257857,0.014346644881479907,0.4549000703454359,0.08755517862918127,0.21886318325481052,0.12395911856828844,0.29309359422209547,0.15492584909139573,0.19987308814950147,0.23454545547318592,0.20363052475955498,0.12029722615553722,0.600364625471916,0.17171168043031657,0.2798647754971389,0.28491975241336653,0.11822770749210332,0.1245782542968976,0.21655029829386307,0.14626904789621806,0.17163192672663394,0.26341504493022794,0.15438390829848442,0.26436075365490835,0.1861642994356784,0.15626992423773095,0.1530623028579245,0.2649253248902386,0.2995966972590658,0.08938948839192312,0.19039497127356544,0.1517753600680301,0.17007879273716545,0.24027499371765806,0.15728266604182117,0.16178962580007816,0.11555526181198904,0.13431956484466304,0.12726316143789784,0.2715451713448746,0.16853149001491421,0.14859200729483105,0.05255126283111969,0.11945985594089545,0.298270444907418,0.4325083289720447,0.04909043590666523,0.3515417658931531,-0.06568915950696153,-0.06851591904018786,-0.17181986080467038,0.2295029038517425,0.027427976802761093,-0.12285865478990331,-0.00037977484806201085,-0.06378411222447637,0.12849055744182528,0.10404746125077685
0.0677561414993599,0.07153376204294738,0.18662753113531375,0.16118274042123965,0.15661475155748633,0.16512066378605958,0.1187823264622536,0.14009830788087435,0.1601361543059907,0.22228274612946045,0.2865981660463453,0.24139329270143034,0.10444629919940072,0.17171168043031657,0.6860367141720753,0.12252970709398925,0.14379683480238611,0.23472202885126517,0.13252178061030295,0.2613552604585854,0.1913513785900013,-0.0253698402187148,0.22710824353914386,0.1439112756583451,0.29187950024290765,0.3015593472931883,0.15962101969693093,0.28322521950251656,0.2855060700596039,0.25309145769063585,0.12590309109195683,0.12226448018245904,0.22507812996562765,0.2687659950711532,0.18046097001598807,0.17393758685129995,0.14623223952762412,0.14613309441304684,0.30369346459474017,0.08165685174194799,0.27082014770464996,0.22287341808740818,0.17512161201145318,0.01617933866947186,0.38277593399205123,0.3085866073012554,0.4673003699441173,0.07385359465614247,-0.047998267584379514,0.16285993695984866,-0.06706395214052635,-0.09961223567895339,-0.052302115623683545,-0.010414618659804524,-0.05474125879527063,0.11009474251190925,-0.1322914463631169,0.0747165821238809,-0.03960411798753761
0.08909929960574062,0.09438779490173194,0.24718261153971177,0.2922260825747085,0.14053331374919018,0.21038293107105932,0.18860888679056464,0.2833063081830503,0.11671977859531293,0.2034671739204074,0.19198152690488096,0.21623910259516224,0.13815783927644135,0.2798647754971389,0.12252970709398925,0.5973449936580357,0.2804461666077607,0.19674675707198908,0.15627798550117442,0.1886694333244099,0.1615269202542531,0.20157012295116497,0.2762465297420929,0.18699922360716745,0.31317655016184864,0.15662691069385212,0.24081848413628892,0.19491849515974768,0.28630683224038206,0.28846960337827554,0.08677452785797014,0.22742740348752782,0.132380505337898,0.2505842930478091,0.21809201597379488,0.17396992556788157,0.18935243176002775,0.14813787291148342,0.26260649184726576,0.11763981271761788,0.3045946299243628,0.17519420798316643,0.23296022449100193,0.07659994682356298,0.15639276599879995,0.30296912469042786,0.4771848538075858,0.03731801117315307,0.17424226425470696,0.04022894691075503,-0.03229093553961823,-0.09615694799904073,0.08444228161567222,-0.03204748292436336,-0.06520687087818394,0.000537829892326457,-0.08110814329237966,0.09728971916561183,0.026922774675626426
0.04069259203121779,0.09716408858382257,0.0879396035711768,0.3110969634190362,0.09755176974447327,0.26095133163269263,0.14572066576330725,0.335667423833046,0.07895271467697718,0.2504660931589921,0.27823098008952424,0.20882651560444127,0.1765884203599466,0.28491975241336653,0.14379683480238611,0.2804461666077607,1.0012168830867696,0.1296784602578711,0.14279594050286895,0.21207058194924022,0.16746801062332017,0.23437014102612577,0.25620064781035573,0.1924483177968246,0.26830494500247265,0.10209706167125673,0.10976836401997302,0.3068145636716038,0.3309996727790368,0.09512191662021985,0.14339411260755847,0.19396523512334685,0.37362124922474144,0.2546131320240018,0.11790056265069399,0.137402998052992,0.36468502677123577,0.1955195105506203,-0.010688350129225921,0.02252532441699487,0.20401054661335905,0.12575708191883622,0.13416049937397614,0.03095964958195093,0.11477851804076093,0.36876664623199024,0.5482895928806278,0.02142022327166626,0.06937070752418747,-0.13619597226067676,-0.06746201895562,-0.15289073806667905,0.26803735449444527,-0.004856329388969219,-0.08228043559823671,-0.09797043016077993,-0.05871538963419527,0.09157796314941517,0.18985354939405447
0.1063306268808402,0.45712172539002877,0.20834440128820414,0.040851155571980644,0.06246658087872453,0.1770460628782186,0.13757146683744437,0.1773751432591129,0.15186850879485603,0.3896145763398787,0.2145084657942164,0.26997767415858814,0.14268602640563816,0.11822770749210332,0.23472202885126517,0.19674675707198908,0.1296784602578711,1.1279208120140334,0.08498921084245901,0.08882342299190517,0.27123763936240464,0.30117810387704147,0.618523106166056,0.2302027596904019,0.28573776101520715,0.5825015436168487,0.06688605996421852,0.3536103784360021,0.37272151002528037,0.06610050355843025,0.2679319023458634,0.22397932203723173,0.12475197815233027,0.47129126566112717,0.36927975086213866,0.21104586917028084,0.31835913399213417,0.08539422006176108,0.43702585294048824,0.20440759313867382,0.3181899973360988,0.23258237654454975,0.233574918539956,-0.012481138678177111,0.42968418893208143,0.4192202231394697,0.5311061599708133,0.0032605092530409155,0.23982594199446325,0.14684516613191986,0.08203361328251771,-0.11950888323591187,-0.11379164683561784,-0.10680469869412818,-0.24760247314043324,0.1379365206796671,-0.09299405552396953,0.28766591669405245,-0.20562488338150992
0.07318080674008408,0.05600482820765589,0.16700067027653073,0.257031748926107,0.47778447482533015,0.28272254817119424,0.10868242256670116,0.2600638567755232,-0.030642749837661482,0.11778707413662788,0.111307252196083,0.10019184382569832,0.11193827214109253,0.1245782542968976,0.13252178061030295,0.15627798550117442,0.14279594050286895,0.08498921084245901,0.5914883891912707,0.16163451252207622,0.0991539281700354,0.129211825741664,0.13907245190000894,0.05000855285157565,0.11384992157159292,0.1392076956471552,0.09591208098921236,0.15849926830011218,0.24053402994299844,-0.0549897342838135,0.06940570598596785,0.13245449878223245,0.006105898170119974,0.28612234513011453,0.019769145172070037,0.14011549425225442,-0.04866133579167486,0.11103493743598257,0.1254295780164685,0.08082253196820083,0.10921461330404296,0.08100661015979174,0.09774188384553475,0.012058090611654866,0.15494247214447418,0.1745618226210593,0.17405392938725073,-0.015832560042582537,-0.08272324309696409,0.06474232234608543,0.193984153490444,0.5622144842324773,-0.5489113962057313,-0.07775832108835479,-0.06663395155757838,-0.06255095533124652,-2.495015354172262e-5,0.11017405835123827,-0.011256290189161439
0.004095515790912569,-0.10354398724293272,0.21131412769195562,0.3648022784911082,0.07878281212854454,0.3608159653107011,0.13676925084032868,0.30543886554238103,0.1527593813593392,0.4871748207018728,0.30394874636229463,0.33631004559356203,0.20602444819982524,0.21655029829386307,0.2613552604585854,0.1886694333244099,0.21207058194924022,0.08882342299190517,0.16163451252207622,2.5202706708887526,0.22954515202732137,0.11145558908095966,-0.006567755792484283,0.2242373066040255,0.275750948684016,0.6601306537206957,0.5447070280835555,0.0675557954995361,0.5420133480497064,0.19020306276516677,0.31197172739169554,0.322677447239838,0.06578993314016028,0.7050031753585364,0.37594045200625814,0.19786553982791327,0.7941071488728426,1.1019848179196974,0.5756707448848065,0.5662420870090495,0.7349588076117337,0.4076106911840721,0.6770702055274873,-0.19618118820426578,0.9254590352089901,0.6300389206004005,0.95600537873497,0.2852612496132997,0.9403887901387123,0.15731180789701626,-0.1698150619430472,0.041703449512956015,0.17828964133089698,-0.09841255463470042,0.05748892437135331,0.019928133299514126,-0.047533347488950814,0.10545131245259731,-0.21106423312908662
0.04993744626151192,0.09494222677638174,0.15884422265820047,0.21344430051312446,0.0673813369397149,0.1802215972173606,0.1194317903404225,0.19480625990285028,0.12300486755329906,0.23677429080784804,0.17439056271403713,0.1677204263636512,0.14126289065793698,0.14626904789621806,0.1913513785900013,0.1615269202542531,0.16746801062332017,0.27123763936240464,0.0991539281700354,0.22954515202732137,0.5099049035595046,0.24057677392707844,0.22357488158160843,0.2036368063693797,0.18896711161264354,0.28741817634219086,0.15404552763177196,0.35268829383088607,0.22845581389293498,0.34207832413508915,0.37651696572479576,0.22366372789385813,0.2680839583454514,0.25606953849235575,0.3480279437905271,0.3179044369925024,0.2754247401091167,0.1712088809307613,0.3178208356667524,0.1663739373277924,0.44837886149877465,0.3825457270833421,0.16217900220330236,0.05526117489284319,0.5697375936319243,0.4395593916385717,0.6054667827847957,0.07605286457551125,-0.02253936146954927,0.11516875881900587,0.03829022862055708,-0.1336142935904498,-0.10583356641525993,-0.03718209092550045,-0.0804219081806072,0.03139337876353706,-0.1169806691286262,0.062172569923522804,0.021797550874312066
0.04036550529751246,-0.03228829664181626,0.12668327817511288,0.3211538962887349,0.11486051034395986,0.28040502506041615,0.21814427122893482,0.3260496027509159,0.07928605300304156,0.1963726184066972,0.19051354566674963,0.17426041604188053,0.28990202380971186,0.17163192672663394,-0.0253698402187148,0.20157012295116497,0.23437014102612577,0.30117810387704147,0.129211825741664,0.11145558908095966,0.24057677392707844,1.2601466500830434,0.8500919562133767,0.2117512301476681,0.28728473716186276,0.21050663929432029,0.17986943329844948,-0.012757685631284061,0.3841522407479937,0.24898679346184702,0.17131848769145186,0.3096098368391593,0.1398921867386952,0.3829814535413348,0.3328116426347835,0.4054065108186825,0.083337371811747,0.1018338216983639,0.3630024938661107,0.14770619295893533,0.27676826568760965,0.2009690772878487,0.08347211422698614,0.14758845933351467,-0.1270542467176581,0.5532694027165785,0.43725963260489425,-0.22434975833311968,0.697514399458406,0.13785043482484405,0.005819491495665995,-0.25448591582862423,0.020629383768185117,-0.09482517203586284,-0.02307267099385805,-0.009020205204949817,-0.1190943017030429,-0.025835549268683165,0.07656090956851072
0.012267598351588681,-0.18241316948427563,0.12578951713051154,0.4048648921836636,0.24128034285574268,0.31662691075024413,0.22660241705860254,0.33334290076231,0.11251554396607945,0.2721114860031065,0.2614435739392845,0.3038634024408897,0.15053816148472654,0.26341504493022794,0.22710824353914386,0.2762465297420929,0.25620064781035573,0.618523106166056,0.13907245190000894,-0.006567755792484283,0.22357488158160843,0.8500919562133767,2.6417988983301735,0.23670732723240145,0.6907617538747755,0.07704634494993841,0.1772192026508498,-0.13234358379289315,0.8337082972177862,0.3135645836192573,0.2841934211769777,0.17371695161302467,0.21391122867235862,0.8566434400203498,0.3879028183685749,0.47092248129104936,0.17799856811536466,0.0024144272219719116,0.5389690410167909,0.16128281804450814,0.3146340535888856,0.21372208885412677,0.10367815976354089,0.0815791786573734,-0.4259786046979582,0.6850414064301329,1.0451282898167913,-0.16025264428200672,0.18723851769811284,0.22097100155176605,-0.10179380283571413,-0.556294838009158,0.2570331076368418,-0.11196707686900034,0.06709842916930782,-0.007775341350916497,-0.26994424986224225,-0.1405889278454694,0.299434414570269
0.053474281557590105,-0.01341922516159319,0.06409372402468635,0.2543979615826042,0.05446352769251826,0.16198977467027487,0.12675228182790824,0.14920404833562573,0.14924410874961,0.20259499801073586,0.19705669638106418,0.21575005625263174,0.13027812186776494,0.15438390829848442,0.1439112756583451,0.18699922360716745,0.1924483177968246,0.2302027596904019,0.05000855285157565,0.2242373066040255,0.2036368063693797,0.2117512301476681,0.23670732723240145,0.6799957999765561,0.259426525802796,0.06146414159869316,0.1647426424396935,0.2945858153347351,0.15978424542271882,0.4643045073276671,0.197442442141699,0.30327513003007767,0.4043232959831811,0.10786929020664084,0.2638336456725903,0.13412701372617813,0.34089589544157123,0.14844330975483458,0.20060074786420612,0.08873304691660605,0.2816371732224982,0.20602361970188696,0.2256346942474816,0.07395175703121658,0.17971414617252163,0.43292326088042793,0.5035331712106778,0.09642079681292792,0.2687938838888637,0.019387132721097166,-0.06034342970493012,-0.1811689350274205,0.1459084670535488,-0.05457125471102457,0.08377804691727345,-0.015396789281182073,-0.005715135477758442,-0.2584993651294294,0.21887072640065144
0.044307536353522387,0.03895508392583483,0.1525100541094531,0.3509878982068734,0.1125080179755117,0.2740986553737198,0.18285347590151768,0.32854693838472027,0.11701568839352472,0.25881430800462696,0.2603683561363191,0.30421816308670535,0.1425576258409623,0.26436075365490835,0.29187950024290765,0.31317655016184864,0.26830494500247265,0.28573776101520715,0.11384992157159292,0.275750948684016,0.18896711161264354,0.28728473716186276,0.6907617538747755,0.259426525802796,1.0800007672966843,0.18884792098403566,0.2213526819783335,-0.04889037655767445,0.6785887864865405,0.447534731132789,-0.16654270317957015,0.17570766149928546,0.23837106371464292,0.6458425724953396,0.40201656312103795,0.19078624650630913,0.20797422531753185,0.1693959652290808,0.47520553196726484,0.13863618671829636,0.28414164582945495,0.20987592653785142,0.3668194890083008,0.1262458556591024,0.20062833953982442,0.5306579723892487,0.6034952034693857,0.049779998253513855,0.21144375249514008,0.036324088432743463,-0.058853667818920416,-0.3325842925801799,0.19700625142523737,-0.02912596320862347,-0.01708590933031102,0.013109857804113449,-0.1476498767142091,0.0289479661314187,0.07507599246021104
0.008509476225397463,-0.025129736970844762,0.29712514426522785,0.3007817903140739,0.13577046285453429,0.28800414975721994,0.1419180061367244,0.27450198935269865,0.19175439176059997,0.32638939196030486,0.27191997175163346,0.28822535893033885,0.2167985888421677,0.1861642994356784,0.3015593472931883,0.15662691069385212,0.10209706167125673,0.5825015436168487,0.1392076956471552,0.6601306537206957,0.28741817634219086,0.21050663929432029,0.07704634494993841,0.06146414159869316,0.18884792098403566,1.8641620696693684,0.24910552050306603,0.49822944893146454,0.32623939872055135,-0.34102006236867005,0.1607954188200928,0.286279304471336,0.1858499859760522,0.6006657898168135,0.55953065037128,0.07227145765919911,-0.21383456218967356,0.31819151081453406,0.6588972794607793,0.4460799994658315,0.38200077129969917,0.33017771889951,0.5575065825662847,-0.1301284663073675,1.238146037231835,0.2718657189277999,0.3874294304082954,0.14472854046253236,0.7700857277326728,0.19325583409154412,-0.11218307841765639,-0.10486219766870417,-0.21447209206992396,-0.034484277617023995,-0.07555710976140469,0.10857071103867359,-0.29040097286090766,0.22721391003782274,-0.09547318709108174
0.05698333987663965,0.07880307902660562,0.17387631029689157,0.2217627865500488,0.0570692740729817,0.20418788118057662,0.13800609589155438,0.2054660527645384,0.11139652027788084,0.21780165799189097,0.18887354633979875,0.2220660890886518,0.14883929784586544,0.15626992423773095,0.15962101969693093,0.24081848413628892,0.10976836401997302,0.06688605996421852,0.09591208098921236,0.5447070280835555,0.15404552763177196,0.17986943329844948,0.1772192026508498,0.1647426424396935,0.2213526819783335,0.24910552050306603,0.4901457713558587,0.15020432823407043,0.24252008735209335,0.19638510794510383,0.14590734824630885,0.27112383141983964,0.07566867009328389,0.3163545112026691,0.20408621794060822,0.2660833418472668,0.1809101148278117,0.26830209151719525,0.3026135530303246,0.20470081114533017,0.3409180000554231,0.1907904445037443,0.30495303530035284,-0.02056525595369251,0.36289343162992865,0.3053424285628291,0.38776822432189456,0.07127629076561971,0.29369700115092257,0.056612471474594785,-0.045754294083691055,-0.05050890092451645,0.06432726458951549,-0.042390057156531574,-0.009246043280088712,0.025791355047292252,0.02657643412716953,0.05861467911217099,-0.1459240750154193
-0.01548610662496232,0.20693050974900676,0.1904289634957663,-0.009717748774696023,-0.004314420317590059,0.019397924823696844,-0.035356826552731924,-0.04678469269461412,0.17835165091624308,0.2468456820067782,0.11489806059186737,-0.040077383049601914,0.07925047250309154,0.1530623028579245,0.28322521950251656,0.19491849515974768,0.3068145636716038,0.3536103784360021,0.15849926830011218,0.0675557954995361,0.35268829383088607,-0.012757685631284061,-0.13234358379289315,0.2945858153347351,-0.04889037655767445,0.49822944893146454,0.15020432823407043,3.8962708181600596,-0.5567981574568494,0.28015602050050026,0.5249600534949397,0.22276676334287934,0.6542127439664346,0.16839045255134144,0.3523686530838731,0.08169985850130089,0.41579789086643987,0.09099650723458556,0.22479088549832868,0.05759858020332754,0.8397295449111027,0.34516916197931174,0.2717537988453143,0.06281310054919984,0.7442887086756222,0.3120020265673023,0.29615381961853154,0.20143234656359477,0.12153917972858025,-0.33607078226461656,-0.09144236795425277,0.9154954903405251,-0.3049854341975582,-0.06275124694992393,-0.1133002146813267,0.0432888413535079,-0.0733714580980105,0.01155987300281675,0.212599237971594
0.017163874670564808,0.13974496360046765,0.15641597985467912,0.40735096636664436,0.17602483165493618,0.4315195484973157,0.1787397835039761,0.3876800391550292,0.04965188527545652,0.3834044113731412,0.34781459208700044,0.3959064431690352,0.24332117387456606,0.2649253248902386,0.2855060700596039,0.28630683224038206,0.3309996727790368,0.37272151002528037,0.24053402994299844,0.5420133480497064,0.22845581389293498,0.3841522407479937,0.8337082972177862,0.15978424542271882,0.6785887864865405,0.32623939872055135,0.24252008735209335,-0.5567981574568494,2.663774697072396,0.26723913904390806,-0.6535911983587466,0.27252657214907733,-0.027066486068755554,1.2274485879322865,0.07191668978796273,0.7701877611780799,-0.8112038333737329,0.1924241434397781,0.48789712505256394,0.300224649102259,0.37652304810976583,0.13961081101358747,0.1596549602858671,-0.2271941512961808,0.08808133660248031,0.6503545646475323,0.6267806716361748,-0.06939495550890863,0.5029093725889486,0.13321498444244642,-0.008879302898773747,-0.18655353432044333,-0.3479300961978511,0.12324452416799701,-0.20333706757834474,0.0017025470505530034,-0.21934942323209827,0.23370911401256825,-0.03700609892691468
-0.022234617575390202,0.04456570027179111,-0.43382035948979736,0.25429816714848896,-0.22248865024725759,0.1167234919683312,0.055303721960285414,0.19316871977811503,0.16570626608585562,0.17095731191708002,0.16989329615995383,0.10221338434895347,0.09901157726664228,0.2995966972590658,0.25309145769063585,0.28846960337827554,0.09512191662021985,0.06610050355843025,-0.0549897342838135,0.19020306276516677,0.34207832413508915,0.24898679346184702,0.3135645836192573,0.4643045073276671,0.447534731132789,-0.34102006236867005,0.19638510794510383,0.28015602050050026,0.26723913904390806,2.4471528013717943,0.11347133505348272,0.2515965037269668,0.07057973097967637,-0.5078251101763102,0.9837454391307154,0.5322288942962065,0.36064366189867947,0.15605682830892764,0.023088354770534197,0.1689930951020095,0.8391967392124167,0.3951167012832589,0.6163758779776933,0.40502378676977197,0.5772525533333326,1.0391404275623528,0.49035615273289235,0.05814718041958783,-0.0321520735479951,-0.19146970495998702,0.058032827277566014,-0.23903219744927473,0.022878429367302628,0.21471278491289952,-0.04345197290196667,-0.10647628558250366,-0.09098649066623968,0.0936329251737273,0.11783315124779223
0.11458505328714419,0.016160815202425526,0.20201989586407973,0.050619736727950296,0.05645267701141382,0.08755520586329063,0.04953314708858334,0.0769089838982518,0.1249708912002116,0.18507980228736862,0.1076665380995169,0.05186451779209018,0.06262465969219733,0.08938948839192312,0.12590309109195683,0.08677452785797014,0.14339411260755847,0.2679319023458634,0.06940570598596785,0.31197172739169554,0.37651696572479576,0.17131848769145186,0.2841934211769777,0.197442442141699,-0.16654270317957015,0.1607954188200928,0.14590734824630885,0.5249600534949397,-0.6535911983587466,0.11347133505348272,2.2064520837899,0.3359252206588923,0.05840154568148866,-0.25869514721608833,0.24701223433594593,0.4178989242703252,1.2023628312829044,0.2464518694757159,0.1456929397048533,0.09007134059425811,0.4554890382239808,0.38654702681071773,-0.167838069183123,0.08511281918115925,0.1897516300363569,0.46868124026538893,0.9050525919052935,0.03735874046102946,-0.670379068413566,0.45977880753885986,-0.11311235883401169,0.19031786020670755,-0.35313441667944356,-0.1638289817047629,0.18232816787983291,0.041733203177506534,0.41732617956452034,-0.37862368015788794,-0.0859920910283197
0.08301667400210604,0.038374498315240944,0.09360641000376276,0.26596342937094575,0.13500002074477285,0.2409403453298989,0.13091872413136588,0.1856753114880031,0.08343050156587417,0.22604844625485407,0.21520970427021008,0.2412652885931034,0.17211975928350692,0.19039497127356544,0.12226448018245904,0.22742740348752782,0.19396523512334685,0.22397932203723173,0.13245449878223245,0.322677447239838,0.22366372789385813,0.3096098368391593,0.17371695161302467,0.30327513003007767,0.17570766149928546,0.286279304471336,0.27112383141983964,0.22276676334287934,0.27252657214907733,0.2515965037269668,0.3359252206588923,0.8304805919787079,-0.10922214928253718,0.24764707614278722,0.2950880472683859,0.3702029944202157,0.1763278996980596,0.19341944028352856,0.2798854929865307,0.21820780869331957,0.41979735348436387,0.23571342164717288,0.04688131661486738,-0.005359755829359694,0.23629502519200093,0.4550706752938798,0.5142127863444422,0.00034350082536868144,0.17777255022081165,0.038822804628111766,-0.0013674734273708229,-0.19208617125422361,0.06256687378340667,-0.028279856124187,-0.05544518934991442,-0.04576708917503269,0.40913879254845753,-0.19661714096749822,-0.15770271811807735
0.04124278740866586,-0.019093526420153297,0.281661053114514,0.14179099944569074,0.09299139617104536,-0.02013076463190529,0.09269233867219305,0.09614108941102167,0.2048798227006523,0.21428194015757993,0.1349413035892136,0.11594130522743665,0.12093253273916439,0.1517753600680301,0.22507812996562765,0.132380505337898,0.37362124922474144,0.12475197815233027,0.006105898170119974,0.06578993314016028,0.2680839583454514,0.1398921867386952,0.21391122867235862,0.4043232959831811,0.23837106371464292,0.1858499859760522,0.07566867009328389,0.6542127439664346,-0.027066486068755554,0.07057973097967637,0.05840154568148866,-0.10922214928253718,2.061179591523012,0.1332423995228789,-0.19509304288591206,-0.32662691578938663,0.4290865565898734,0.11554078451046775,0.10046383421258487,-0.1637704081150672,-0.04047920760728379,0.21025034901920273,0.4940188476723408,0.13224079065241134,0.2613742626228928,0.3366014135086551,0.8533808491000943,0.32766612078333973,0.4233334612990052,0.07553601102303026,-0.17490642030303608,-0.022661096223677967,0.18201268385586863,-0.19091089994357682,0.07766053154668966,0.05420931340873309,-0.46873517626819194,-0.06423524362182112,0.533599077164558
-0.07602905077766889,-0.004969999376522531,0.48656714687164576,0.4510281679306068,0.2829655746949358,0.3145812322111878,0.18686316234453643,0.2955423880174813,0.03539495993688765,0.6399151133019219,0.3068599603536505,0.45808506920698366,0.2506508844724278,0.17007879273716545,0.2687659950711532,0.2505842930478091,0.2546131320240018,0.47129126566112717,0.28612234513011453,0.7050031753585364,0.25606953849235575,0.3829814535413348,0.8566434400203498,0.10786929020664084,0.6458425724953396,0.6006657898168135,0.3163545112026691,0.16839045255134144,1.2274485879322865,-0.5078251101763102,-0.25869514721608833,0.24764707614278722,0.1332423995228789,3.1220685814391347,0.4953976441177698,0.2649703200271324,-0.3770767257041873,0.28408241677744606,1.043766720728141,0.2294110317907439,0.633684307092452,0.24813553879472616,0.6744820875643848,0.1585192360059612,0.37277705197971694,0.35711754590233835,0.9137494504163702,0.16792863510209521,0.6655420688750303,-0.1260737527383972,0.050510267354628206,0.25371630060965733,0.022578250543223464,-0.1270481820992754,-0.14002337200456413,0.0859569547903526,-0.3697181763931365,0.2260635119395174,-0.05850779894762574
