1.4954584673837499,0.557772452362761,0.7349156864364812,0.06700101499440554,0.15469326794107538,0.10280880075064393,0.435007850736386,0.053896405501998444,0.3356915966470595,0.181396085835229,0.1675534076546443,0.27706287016222775,0.09425209480803459,0.3304331545371684,0.15434056646104982,0.2309470964825664,0.18990910259489194,0.1803327460129123,0.2252379370878282,0.1540063003002633,0.235452936782981,0.2857674895153036,0.14425733264319507,0.19063745887471867,0.21973083693361073,0.15211392401223925,0.16595816394739865,0.08316168279398932,0.19062579484418318,0.16726300074404946,0.23087341723038507,0.19529748366751692,0.19745426984236475,0.09255005964647131,0.15239779259158773,0.26988819463369723,0.29712606825541144,0.3099574930414464,0.23302166373671765,0.06158351833705997,0.2809059784913276,0.2011690419367268,0.23892923747197467,0.20087717361229632,0.11521887938640894,0.4321031450645735,0.2612023066972855,0.0631922349314605,0.1504011202703757,-0.17433571371825893,-0.12455167625216135,-0.1669065477007696,0.4545910776576834,-0.06193494498810276,-0.11913883756131882,0.06112779535856368,0.06206252079899342,0.5173715204895182,-0.6196627995367243
0.557772452362761,2.959242704377943,1.0866331664978677,0.2044760243757152,0.04598132015130982,0.2230766849677953,0.20905159896720665,0.24761005366478447,0.35076268849931214,0.28146789100899267,0.2642394321228121,0.30901622125956835,0.21979251862930252,0.35169290211959026,0.36234214791477254,0.2730043359603702,0.2907636672004734,0.4087488085228377,0.24259485982544937,0.5010294618173013,0.38032471689225994,0.30500690948910975,0.024490447230903854,0.19583387238605082,0.25260339426804235,0.44528487549837464,0.268578390249921,0.20736286115790595,0.44077393101371054,0.24845726190979006,0.2878785112439827,0.1935121280218414,0.23477032921676852,0.20247614764800265,0.2829195979328221,0.2998492962062313,0.5789884269963184,0.48208147219538944,0.1064135729180872,0.07093884048690317,0.4295944807737524,0.3526771478214856,0.3466778344395526,0.17810368707156418,0.3836589026473773,0.663940138863604,0.4473120246250437,0.1544459888690758,0.2704029798332259,-0.34238412709786226,0.11653834074589664,-0.08846026678376465,0.3225073396577608,-0.07322275390404498,-0.4547865554545233,-0.20280269056482864,-0.418703119744053,0.5461249990313571,0.2052373207298417
0.7349156864364812,1.0866331664978677,2.0926639458247784,0.03242410290344877,-0.2815837639981825,0.324034525953534,0.18294059620520092,0.36076135842197843,0.47294605500661835,0.3214062120291359,0.16678915315761184,0.3162192521698928,0.2224154924632665,0.2954221384596,0.3784148260352328,0.30344642909586866,0.29954660116789344,0.3290768556719305,0.51875765985091,0.3170486282175661,0.33607736596428434,0.4119890213854814,0.20872190282031167,0.25535696477775366,0.2949275880690971,0.31101510998326604,0.25748963528291735,0.22059951455518284,0.4134263984236345,0.1607475068271465,0.309223024781316,0.21784191729767943,0.2821166344558397,0.1846628900732412,0.35118829598077045,0.44929793694674336,0.5291549235245537,0.523218460712919,0.18916358521914833,-0.030692085990525468,0.42011966465272554,0.3450964198605073,0.3641077424543104,0.2247559363576258,0.3410563663668161,0.9277307947158291,0.41452037376920575,0.09070799259598629,-0.05976616138617388,0.017794215398737354,-0.08193519078469214,-0.0237516967027699,0.14858045072123277,-0.12048875124669602,-0.09297017983128263,0.03931641047927861,-0.22299665248891798,0.1445394184709399,0.012104058298742816
0.06700101499440554,0.2044760243757152,0.03242410290344877,1.0141501539453597,0.7036734043504118,0.24183128527365957,0.337709838771505,0.190096289627211,0.08805799350983687,0.20996240369531674,0.21892771249315804,0.2490705663578515,0.15794693925312847,0.29674040022770054,0.13826960107569336,0.2567249334712906,0.23761186174406554,0.2140195305331192,0.07042323358867636,0.18268561842071449,0.20896320702173707,0.17959100581594603,0.20527595920687572,0.21524684802158142,0.2174929815314388,0.22746674047810525,0.15310179613843444,0.11636778534018663,0.21793254745971105,0.1988376673253481,0.1748161385535656,0.16109165731063638,0.23127081331001378,0.25973800850952944,0.06398836026966775,0.15383183399448844,0.26383340624572743,0.26505492079670023,0.24823620631666057,0.05534500180014329,0.16850905206563385,0.1623308023588695,0.22932600492854455,0.30469903877911925,0.009090245207943702,0.057950124769917996,0.28711141333238827,0.08415254384600335,0.09721062341684338,0.0769197003294597,-0.15345785260316508,0.0029555177437189713,0.08764984080461166,-0.036586298472169286,-0.19836311713422577,-0.16085150035210158,-0.2499462259474625,0.3347021465668575,0.09007611457307398
0.15469326794107538,0.04598132015130982,-0.2815837639981825,0.7036734043504118,1.8403355741912282,0.0296030637453933,0.30365835150493536,0.2644238475739185,0.171660091243307,0.20478367632901684,0.23895644535698013,0.1708806351556602,0.15540809115011386,0.17260957650554642,0.14723888995182083,0.17730775562502848,0.1660796156716283,0.17501519326845277,-0.058655377573215865,0.12791890261997013,0.1652745196527151,0.1568539458901081,0.20972654214490624,0.1431436735238166,0.1612609164761005,0.21976174608225038,0.10012949362490194,0.06862195647444697,0.13294052131640086,0.04646402458719939,0.10918589016868907,0.1481020512775632,0.09805436197524729,0.290844216963334,0.07847508095154854,0.11838035511790103,0.09155462816813735,0.0849182244604774,0.22247011426472008,0.12961839205823145,0.11668792139615786,0.13073303081100646,0.17446333417356918,0.17415685058300598,-0.17164040412552886,0.05710474408985456,0.18441022509806299,0.057760086675911926,0.1682627426023174,-0.10322850265829871,-0.05735181908653469,0.002990826372900268,0.11932036461072672,0.05332906640212382,-0.1875037964945323,-0.024879770699617023,-0.0454193891540224,0.32140694240030665,-0.14626467635792503
0.10280880075064393,0.2230766849677953,0.324034525953534,0.24183128527365957,0.0296030637453933,1.085566370006996,0.10779605136910579,0.3369842521091485,0.20486935494292124,0.20031343854822958,0.2478471499927083,0.33694669965412677,0.17109513921457511,0.19108517931947694,0.2527393007486696,0.26125047172685995,0.3402250613774667,0.24634350791041845,0.36112001311515834,0.3782543727936736,0.2702407303731394,0.2622111041395972,0.1918531012068103,0.25835513243720565,0.27322535398980113,0.3999864303047764,0.24684588645003502,0.21681324267619048,0.4033216414575586,0.08782178928950188,0.253661254809788,0.2512809185801064,0.16078046214647823,0.3131018563978623,0.020041685851324032,0.14092903558317194,0.28394383281288144,0.39380576881767515,0.21651081525847526,0.09949518383085051,0.16436201157598548,0.19753226545768135,0.3811545457877998,0.2857247392723222,0.17443394911156887,0.22451337751063058,0.2869109357058442,0.08894277001266798,0.27222887475115193,0.2509514381975691,-0.17516819651549592,0.15978498465408628,-0.22903804613813003,-0.048901563474109115,-0.34628225602199025,0.025212349862907834,-0.16949239007380398,0.3768133478184875,-0.09070891405705937
0.435007850736386,0.20905159896720665,0.18294059620520092,0.337709838771505,0.30365835150493536,0.10779605136910579,0.647270847779813,0.04004229727677576,0.22051967482533827,0.0980547917281591,0.20092183032469557,0.34161141878910795,0.11090267913843382,0.1628803839377557,0.11675870945898385,0.23930852365753946,0.25218775623992556,0.15516201085753412,0.11284733477102976,0.15079862404855482,0.20390259877146846,0.23260816763328276,0.18097243885729264,0.2258700547246892,0.19035657852899351,0.19853965050200503,0.1551786849953657,0.10915077280578693,0.1637519997158916,0.11483000752752671,0.19185399518969623,0.18807193093885796,0.20159664731603383,0.21262062322238975,0.057022378286721846,0.23209673818191842,0.23020072663163588,0.20004940913936023,0.28052652198198375,0.07503332840921438,0.19488551912339003,0.15275402738928903,0.18654928199189807,0.19162897799947357,-0.01716028686483878,0.20463165791808077,0.15273815924881434,0.06098751683294693,0.08671195847934844,0.02764261144854667,-0.1417865139269804,-0.06946716409569859,0.2233211791151243,-0.07867078119315382,-0.061839504025211864,0.08547959010921247,-0.025498483085529565,0.3238469864358849,-0.4822825814286726
0.053896405501998444,0.24761005366478447,0.36076135842197843,0.190096289627211,0.2644238475739185,0.3369842521091485,0.04004229727677576,1.1389318725431097,-0.14952523701752038,0.3009532153404656,0.2664596331589321,0.015143479116490794,0.18187585283882557,0.12240740219676452,0.17588945680726753,0.18964831118673484,0.16442569237982413,0.29251705091882785,0.21542695700273087,0.3060552012328218,0.12579472116211574,0.0638404475751163,0.23089562343356504,0.16725781992927227,0.2540511274078254,0.3551666675274554,0.16614359813968813,-0.003182051854622564,0.22345757609059178,0.22501453425327092,0.144495714415772,0.0947172098043085,0.1788053546242675,0.22165361294642938,0.01893422726668526,0.03388847291699712,0.23383045375527003,0.2567572432174723,0.20071960778774203,0.13249428392400625,0.1055535206253092,0.10756631867582703,0.43186010040220785,0.05768125949677953,0.05006042206828294,0.5386827391590824,0.33539219847934626,0.1073567287542056,-0.0992200113536226,0.08404740405259603,-0.015146041740751919,0.08967689593133886,-0.01878364002581779,-0.07864449174381921,-0.4159150299354846,-0.016997486592514634,0.005943337339839213,0.8008209406115893,-0.5263833476434829
0.3356915966470595,0.35076268849931214,0.47294605500661835,0.08805799350983687,0.171660091243307,0.20486935494292124,0.22051967482533827,-0.14952523701752038,0.9252601941229709,0.06521919653896271,0.11589808020078639,0.3307702152311556,0.143932112022956,0.17758304852282533,0.19042471593870483,0.17603981309160566,0.23545140584257174,0.11357794599343639,0.2079550237164866,0.1282847424705933,0.2206543359507518,0.4969465766720173,0.1806761932257136,0.22503015566940449,0.09430023391371502,0.26078593370966485,0.17890514749999367,0.18753933274175502,0.07785971110079128,0.14958903982940266,0.2144881327322853,0.21363424260711356,0.1629197258710604,0.10204995220057438,0.13682990298433012,0.3011110545980128,0.17248474945684167,0.2749291877214786,0.1440535013087928,0.06791278541974198,0.19248916405617628,0.18957458961404927,0.25790028567596873,0.20344611169558974,0.13707045671978965,0.35690608439713334,0.18145227768407093,-0.011708538372181962,0.4514613861905403,-0.2519707747341295,0.03214600596128643,-0.056635804231355516,0.23108311130879805,-0.03504583125878527,-0.00969312608863502,0.17207179659158378,-0.0608354043669543,0.025997493722008307,-0.1959823936949694
0.181396085835229,0.28146789100899267,0.3214062120291359,0.20996240369531674,0.20478367632901684,0.20031343854822958,0.0980547917281591,0.3009532153404656,0.06521919653896271,0.4919158684667906,0.08654998982364619,0.10190954835752247,0.14741047912376484,0.1867860637207795,0.17005276624590743,0.18947163315440205,0.16269309001909005,0.22633243499781092,0.21680463945323578,0.13715577161953055,0.11405515250613724,0.15154346140082886,0.19284733585975924,0.15793397704578113,0.1951792711299341,0.11113031568931828,0.13406781827539466,0.08733014538593172,0.18980644828042514,0.24163142843378965,0.14848854062974529,0.11168916136211733,0.14782790473257149,0.18480054762449738,0.1463831521891347,0.20171880005502438,0.25055132000070957,0.20210205548723184,0.17830916605897554,0.06087249132323626,0.1839338683189466,0.1328245218517883,0.20614894469052045,0.18444522741774133,0.041456664509616444,0.22992683692945434,0.32123893097752904,0.038173429202810076,-0.05736214574975896,-0.005162285085672901,-0.03600106436233389,-0.042658198428951445,0.08060032059962613,-0.0048602817363916405,0.0031512679827814844,-0.042622492359606856,-0.08416502858689207,0.10099461531689802,0.02202494649950298
0.1675534076546443,0.2642394321228121,0.16678915315761184,0.21892771249315804,0.23895644535698013,0.2478471499927083,0.20092183032469557,0.2664596331589321,0.11589808020078639,0.08654998982364619,0.6206174679787392,0.2853484163289401,0.1479711423268352,0.1583224956596719,0.24745115453925903,0.17494628273803142,0.20836013015112156,0.1807823417262925,0.13062508850978582,0.3431739977038417,0.1967997475227779,0.1460103302477551,0.10448484687015397,0.18311338984520487,0.18780607138232144,0.28615320153830015,0.20555663286282608,0.04995032478306328,0.26694139133926587,0.052127320844473544,0.20165849809637645,0.2075925377774477,0.029402408073929423,0.2282811201800844,0.1583995442573559,0.2571595774056497,0.14280164292935052,0.17451732619341856,0.1863372652215562,0.1042274919349623,0.16885496157604088,0.17037004040085524,0.08471186973992187,0.10129985166665585,0.07497393082846783,0.18190307810731593,0.19109801529457057,0.0482378798482825,-0.08125550423666085,-0.09096567707619152,-0.025212324614195543,-0.061993714112174914,0.15720973029581206,-0.026097916674691978,-0.17145541731256186,0.0042921532946999606,-0.10823205991742703,0.30413616885773814,-0.21654019475988448
0.27706287016222775,0.30901622125956835,0.3162192521698928,0.2490705663578515,0.1708806351556602,0.33694669965412677,0.34161141878910795,0.015143479116490794,0.3307702152311556,0.10190954835752247,0.2853484163289401,0.6868734508041041,0.13937475353671505,0.1774613731115327,0.28710041479750736,0.2794585169750675,0.33008614751190885,0.20584453105977496,0.26344990540142155,0.2729600123644751,0.2583897473804862,0.3003900952724818,0.19807002341043903,0.26897481519766125,0.24872141451584312,0.28462245063097064,0.25944620037744565,0.07402486836905016,0.3275594210022152,0.08140626557400181,0.2442402634786046,0.29449326697964495,0.1240558548352882,0.2880462388381788,0.1462183451436669,0.31015964932396267,0.24295591701857458,0.255760395791509,0.2727283107510332,0.08800050943838142,0.22414318391095703,0.20923198270217466,0.09909535687037437,0.21518651242867043,0.15571412096684842,0.16920008327482233,0.2653509958517116,0.06577189790830797,0.1991167134185816,0.10013407433499542,-0.09134418601093829,-0.09138204812867311,0.025793287096105545,-0.03936561324014138,-0.14902298374289263,0.11296448537626225,-0.16583621898527826,0.17643311771206024,-0.2810347609412615
0.09425209480803459,0.21979251862930252,0.2224154924632665,0.15794693925312847,0.15540809115011386,0.17109513921457511,0.11090267913843382,0.18187585283882557,0.143932112022956,0.14741047912376484,0.1479711423268352,0.13937475353671505,0.26335805856490985,0.11236467119102561,0.10970719228806769,0.16101994681419324,0.15332059356853586,0.149353860567221,0.1437181887324911,0.1347144629715362,0.11332421464900107,0.16960935272135494,0.11981687445142901,0.1260401170320876,0.13288443869365554,0.14776607141766987,0.12813497952425906,0.07581620538639812,0.18343704373196937,0.10666234080316785,0.11581328103505374,0.13079142213952477,0.09581204077806739,0.151976713295595,0.13540243335290567,0.125554154960134,0.16194904843742136,0.15879319012292029,0.12070716190319591,0.04909920502116401,0.13119291416580123,0.11260001102973388,0.1363691671896465,0.15320016611215495,0.07518356097555588,0.1469138096155543,0.17962502328017887,0.049828246204416775,0.05231647072909874,0.08690148467449801,-0.003949474305662042,-0.0436096749719244,-0.06930909090532011,0.007567860732506231,-0.04934864138715776,-0.028667598276216618,-0.11550156944651495,-0.02464064357056819,0.13209360114697788
0.3304331545371684,0.35169290211959026,0.2954221384596,0.29674040022770054,0.17260957650554642,0.19108517931947694,0.1628803839377557,0.12240740219676452,0.17758304852282533,0.1867860637207795,0.1583224956596719,0.1774613731115327,0.11236467119102561,0.6229149043058332,0.12326713644729281,0.2872686136289492,0.1731218704235543,0.17481474191619806,0.1969276149117456,0.17510668107848557,0.20485026434737041,0.22724860568656516,0.12689749773790956,0.12521217543414548,0.18709351220814308,0.15009620590811718,0.16372153855467958,0.12065302138088854,0.1846108371650379,0.24748998779963058,0.1793807821130636,0.13479605279435458,0.2001130438021135,0.11399935290714981,0.10942622202377503,0.18827457634260766,0.3136238451964265,0.3119537043951712,0.17605971366658676,0.062062366091659625,0.26443482945270336,0.1912173930149924,0.207350081848635,0.2999936619816481,0.10123017535014964,0.11084015348162894,0.33440621864764236,0.08118315354044774,0.5124663599874514,-0.10585613810121965,-0.0999522353840601,-0.1136335202737479,0.2821862349864028,-0.03143664971060078,-0.32954142273483505,-0.059638516270043386,-0.26196890597066563,0.35695825216020266,0.23882646216236117
0.15434056646104982,0.36234214791477254,0.3784148260352328,0.13826960107569336,0.14723888995182083,0.2527393007486696,0.11675870945898385,0.17588945680726753,0.19042471593870483,0.17005276624590743,0.24745115453925903,0.28710041479750736,0.10970719228806769,0.12326713644729281,0.836718824028079,0.11202649315925697,0.22100651393457102,0.2535678058475335,0.225764330314663,0.2793820571318098,0.2525335359269896,0.12575786594008306,0.22093200360142545,0.13717258493603604,0.2881058581960326,0.16103927743299187,0.2156279147728056,0.17187048803403904,0.35493374059902877,0.17333853373755465,0.2091662412216729,0.126907475570995,0.16859645959887865,0.17047258418900235,0.21300886578888256,0.36977663211000955,0.3195049911322581,0.2646898490562101,0.22924990466925638,0.060931585133782724,0.31433309967535533,0.2835601352045134,0.0335864738710289,0.17503689499326666,-0.02072509563510049,0.2785547403699767,0.3130686252329428,0.029010112561378566,-0.18134364406896003,0.23267497575675467,-0.1864238913558084,0.16782058050969972,-0.15633228481550482,-0.01862097837794382,-0.08899191672782707,0.10769802627833683,-0.21598671877451037,0.18989503791442836,-0.01822785799652183
0.2309470964825664,0.2730043359603702,0.30344642909586866,0.2567249334712906,0.17730775562502848,0.26125047172685995,0.23930852365753946,0.18964831118673484,0.17603981309160566,0.18947163315440205,0.17494628273803142,0.2794585169750675,0.16101994681419324,0.2872686136289492,0.11202649315925697,0.5862849001634904,0.2711035836658801,0.23455136788619885,0.3173484101743393,0.19875233637690687,0.23160422145474308,0.3477729506973571,0.1784817690930262,0.23713210990527941,0.23725892517004163,0.16987825963877567,0.25843506651476705,0.2092491804534248,0.24637205943034374,0.27755047366304364,0.22862111450085862,0.24574050843628176,0.22324983024697323,0.2232590351480002,0.17596997192931257,0.27171279601896164,0.2954366902100271,0.32438677936274385,0.2961317625039463,0.09439627245590408,0.32459708410890703,0.19329670305270003,0.31071386349641916,0.34471460533809956,0.15606917182972724,0.16791177677518726,0.3578788204303102,0.0409840004819612,0.29756389268245775,-0.11981283689389827,-0.09971468271455095,-0.08083798918107768,0.2164985565990844,-0.047305522652411135,-0.21870358482241764,0.005872024199616618,-0.1912839751603474,0.21271575865870818,0.07947513907235985
0.18990910259489194,0.2907636672004734,0.29954660116789344,0.23761186174406554,0.1660796156716283,0.3402250613774667,0.25218775623992556,0.16442569237982413,0.23545140584257174,0.16269309001909005,0.20836013015112156,0.33008614751190885,0.15332059356853586,0.1731218704235543,0.22100651393457102,0.2711035836658801,0.58749433359374,0.28632182025588715,0.2814415527303547,0.23864407799216142,0.3191949289579355,0.300753055968633,0.1395599856016427,0.20603195870221674,0.2533073063150527,0.23915536249875388,0.20117802365181875,0.34465190152958214,0.28734962965785515,0.06895186480142595,0.2834992511612588,0.2269304649976192,0.19129314699426844,0.2566516925243222,0.196864644609298,0.3694342079705837,0.3729330112105309,0.31965733475131475,0.2941899594305118,0.1025155142103516,0.3326167453751883,0.25239367397475865,0.1690627388121848,0.3027579384813771,0.1963379114854979,0.16301302017792357,0.29179060429380343,0.058536934198486164,0.16774929332207156,0.1335051258590917,-0.11136806529126297,0.022511314022417628,0.04422274426539332,-0.03795543825397735,-0.21660864463080978,0.008658514591714458,-0.13711669430958837,0.23339385815805078,-0.03792173705025929
0.1803327460129123,0.4087488085228377,0.3290768556719305,0.2140195305331192,0.17501519326845277,0.24634350791041845,0.15516201085753412,0.29251705091882785,0.11357794599343639,0.22633243499781092,0.1807823417262925,0.20584453105977496,0.149353860567221,0.17481474191619806,0.2535678058475335,0.23455136788619885,0.28632182025588715,1.126784180670526,0.23111813613620272,0.12388976485963105,0.3701510074684675,0.21513586782488034,0.39861011333080054,0.11084197350618097,0.29618078173066625,0.28097242774777187,0.1735996620641922,0.18885206810096866,0.3388552547345623,-0.09163030528543564,0.3685703249579106,0.171968925338264,0.17714616362217947,0.28420473811903446,0.20780839429776293,0.41268673791345073,0.3842326287382274,0.30233556857241095,0.12565367271190356,0.15282263890503528,0.359122100899698,0.28644833315451046,0.19701617987882888,0.21230891464768636,0.164104399493504,0.32245772333391987,0.48123828175089983,0.05463475674362404,-0.1177148616394909,-0.12095000843922724,0.2236183781008252,0.1993913904116905,-0.1079677775906426,-0.08819163184341573,-0.10280986665123444,0.029187599994413404,-0.12176467859115818,0.16179738690154624,-0.013899836530451699
0.2252379370878282,0.24259485982544937,0.51875765985091,0.07042323358867636,-0.058655377573215865,0.36112001311515834,0.11284733477102976,0.21542695700273087,0.2079550237164866,0.21680463945323578,0.13062508850978582,0.26344990540142155,0.1437181887324911,0.1969276149117456,0.225764330314663,0.3173484101743393,0.2814415527303547,0.23111813613620272,1.8713606758720298,0.22048335786090079,0.32571882947562464,0.30490589551029,-0.03446594073176561,0.23097280513083926,0.1957296453064159,0.19871412006751643,0.22949619371166163,0.3477584045789317,0.31824745106433344,0.2838665534186862,0.2799439711240743,0.22089777264367294,0.3117452405026054,0.18840809794180383,0.06614384955424266,0.3905681473964177,0.38756620099608824,0.3515602709984001,0.21966294675640957,0.05990229953985288,0.3520139642086199,0.2440247008795058,0.19576414778037426,0.06905429431578093,0.15351212026722771,0.41044688130581247,0.23150796089500797,0.01923735899754832,-0.13753392974867248,0.9173361306608632,-0.0635116437774259,-0.12431733838740619,-0.5022697664295622,-0.16448137676038743,-0.11894724676054065,0.07343913208053848,-0.11498072571672807,0.16890363864398503,-0.02079489390492679
0.1540063003002633,0.5010294618173013,0.3170486282175661,0.18268561842071449,0.12791890261997013,0.3782543727936736,0.15079862404855482,0.3060552012328218,0.1282847424705933,0.13715577161953055,0.3431739977038417,0.2729600123644751,0.1347144629715362,0.17510668107848557,0.2793820571318098,0.19875233637690687,0.23864407799216142,0.12388976485963105,0.22048335786090079,1.254611570534967,0.03535171344662214,0.13507803680533975,0.15309335320982942,0.2544068863776674,0.1956899091463866,0.3855488517180347,0.3242549408183736,0.03490243148439705,0.4294671437050058,0.302926391605766,0.28137447896935114,0.2324574660835407,0.09805407767582427,0.3196396117170627,0.04889043240581937,0.24983272468490572,0.38632013140084653,0.3214975155265545,0.19814101920073462,0.19186344954832232,0.3515325067317532,0.1555715414297022,0.2887953999890271,0.07802445991450303,0.05341663728534512,0.5323754672743759,0.23970442908558418,0.14083573352808632,0.2352667652840667,-0.23340464913969156,-0.04461909066085586,-0.1528655272153554,0.33341254729712566,-0.07146857565961147,-0.273760782786712,0.025759938852903414,-0.09868943831843575,0.3420839817910467,-0.1763668631693176
0.235452936782981,0.38032471689225994,0.33607736596428434,0.20896320702173707,0.1652745196527151,0.2702407303731394,0.20390259877146846,0.12579472116211574,0.2206543359507518,0.11405515250613724,0.1967997475227779,0.2583897473804862,0.11332421464900107,0.20485026434737041,0.2525335359269896,0.23160422145474308,0.3191949289579355,0.3701510074684675,0.32571882947562464,0.03535171344662214,0.8793413626831509,0.24583879222192467,0.09524248923669137,0.14048851464212292,0.22904279413014098,0.2926898274846243,0.16665814852778035,0.36062275403285987,0.2553931154454462,0.0820921557308664,0.30174061392149376,0.24386004005443665,0.14591161035825972,0.2488757807164428,0.4776529399939174,0.4565603778758591,0.43669601476371095,0.3506123989824939,0.22839059532784894,0.17883906549588946,0.652901940025919,0.5661017099555998,0.12472035938979498,0.2846460030739158,0.1505042396139004,0.18717971320886467,0.408011823598338,0.1255920818287149,-0.05079754708645718,0.18770217345982743,-0.10792944015743036,-0.07617199737007317,0.044457674114829794,-0.032761484973594025,-0.051487249740457784,0.00762259640482471,-0.15133100994049162,0.1532425412660421,0.05215973625860502
0.2857674895153036,0.30500690948910975,0.4119890213854814,0.17959100581594603,0.1568539458901081,0.2622111041395972,0.23260816763328276,0.0638404475751163,0.4969465766720173,0.15154346140082886,0.1460103302477551,0.3003900952724818,0.16960935272135494,0.22724860568656516,0.12575786594008306,0.3477729506973571,0.300753055968633,0.21513586782488034,0.30490589551029,0.13507803680533975,0.24583879222192467,0.6291133242383387,0.21690113504434747,0.25775702267452405,0.17147005351524236,0.23740270986189507,0.22493954738129623,0.1967237581246544,0.18889542014843425,0.21161930962237127,0.23772093140499018,0.2690628745303381,0.23257341833620995,0.1903514153540222,0.15611369423438617,0.3207269839181214,0.24743513057417074,0.35129602941233695,0.22583344389359342,0.07570647826878125,0.25431322843614745,0.20654672310994354,0.3242428126041864,0.31277227906070426,0.16201125967278343,0.31538283231990905,0.298242333908564,-0.02780351126539208,0.6195766475932396,-0.11659653465851558,-0.05447387290973061,-0.13743874266424996,0.22654263494164548,-0.046679817172302136,-0.13675067429041782,0.0683236972739679,-0.1197011508477068,0.12977320876193219,-0.05472037757304535
0.14425733264319507,0.024490447230903854,0.20872190282031167,0.20527595920687572,0.20972654214490624,0.1918531012068103,0.18097243885729264,0.23089562343356504,0.1806761932257136,0.19284733585975924,0.10448484687015397,0.19807002341043903,0.11981687445142901,0.12689749773790956,0.22093200360142545,0.1784817690930262,0.1395599856016427,0.39861011333080054,-0.03446594073176561,0.15309335320982942,0.09524248923669137,0.21690113504434747,1.2661995153184111,0.2771006253862368,0.3412073278734542,-0.0006512834138972264,0.053000748716918344,-0.39440674895880157,0.415220832013549,0.2999654294970576,0.059509885080587244,0.11032519188235697,0.16596241373074344,0.3332604700068081,0.07356371207943323,0.4400115194822391,0.1881568010873946,0.19871514558184683,0.3354567079951789,0.11597041472975984,0.17495823550329123,0.12720907265414672,0.09489339526511399,0.4687408486712098,-0.12634390293303402,0.3126713442380093,0.4136106227444618,0.03327951318412693,-0.23615530112120547,0.062032911338725884,0.08875973173372961,-0.07853680647303883,0.03318837589276913,-0.02805111468305188,-0.1628530765241234,0.04122266175126546,-0.09199546922622996,0.24189097543989863,-0.20627302718061463
0.19063745887471867,0.19583387238605082,0.25535696477775366,0.21524684802158142,0.1431436735238166,0.25835513243720565,0.2258700547246892,0.16725781992927227,0.22503015566940449,0.15793397704578113,0.18311338984520487,0.26897481519766125,0.1260401170320876,0.12521217543414548,0.13717258493603604,0.23713210990527941,0.20603195870221674,0.11084197350618097,0.23097280513083926,0.2544068863776674,0.14048851464212292,0.25775702267452405,0.2771006253862368,0.8069916723239299,0.2799718617755546,0.23573026472902864,0.2045498314270346,0.14547584562722948,0.11108169410066927,0.7105593343430228,0.36720308500766097,0.3492001653748575,0.6261864271699459,0.20252332054358568,-0.030081102848568138,0.2954080137208509,0.3715365922350013,0.3994727151320796,0.3113598941243061,0.0023927128725956493,0.10551603415774337,0.12471267079642342,0.31630966960596874,0.31614072442007096,0.041200662174223315,0.22076841075692705,0.42364593739944467,0.10315121717941496,-0.08051315100890363,0.17487498946796076,-0.1896012432044979,-0.1579070214594008,0.1928149405261178,-0.09841535345993488,-0.1809506813549803,-0.0015147225207715396,0.023284194132766528,0.2350752174613226,-0.2567578675939925
0.21973083693361073,0.25260339426804235,0.2949275880690971,0.2174929815314388,0.1612609164761005,0.27322535398980113,0.19035657852899351,0.2540511274078254,0.09430023391371502,0.1951792711299341,0.18780607138232144,0.24872141451584312,0.13288443869365554,0.18709351220814308,0.2881058581960326,0.23725892517004163,0.2533073063150527,0.29618078173066625,0.1957296453064159,0.1956899091463866,0.22904279413014098,0.17147005351524236,0.3412073278734542,0.2799718617755546,1.131836110803868,0.11738603872674606,0.2178811968759298,0.07715972655759862,0.4786148851053316,0.37264284534287134,0.23448725921607672,0.18573035713949915,0.26924089423295516,0.37250660038996986,0.24600570304891167,0.27436024270296894,0.46248113369720734,0.3166422004712374,0.3737907935105101,0.08306936301032425,0.2668242225715504,0.23074265297525248,0.25123090680070076,0.3109755758179934,0.09854651013016476,0.30595479870678727,0.41928120499918325,0.058749068415425904,-0.39636716288225105,0.02207450248968626,-0.04568612590415186,-0.047114632003241105,0.007711095989497174,-0.048767594755355,-0.1268552907083403,-0.0009133217991095503,-0.10737656460915156,0.2450099240527577,-0.11358858398960088
0.15211392401223925,0.44528487549837464,0.31101510998326604,0.22746674047810525,0.21976174608225038,0.3999864303047764,0.19853965050200503,0.3551666675274554,0.26078593370966485,0.11113031568931828,0.28615320153830015,0.28462245063097064,0.14776607141766987,0.15009620590811718,0.16103927743299187,0.16987825963877567,0.23915536249875388,0.28097242774777187,0.19871412006751643,0.3855488517180347,0.2926898274846243,0.23740270986189507,-0.0006512834138972264,0.23573026472902864,0.11738603872674606,1.6938524840497844,0.20137409104030746,0.0694746390423181,0.048990513571887655,0.024926563214129144,0.309911840107746,0.3639433519805645,0.11809281518030325,0.2744690684181726,0.004296971916842792,0.1928010874005247,-0.18935300566777083,0.38542950354293515,-0.7617295895914667,0.020562191169756387,-0.021836286952626384,0.21427337294845392,0.5511309391626976,-0.1468865740626228,0.10038942218925652,0.4710511912067653,0.20819144804996953,0.10656438638029912,0.43975399812631705,0.06362158216904483,-0.28292767246706674,-0.04658748342955923,0.18610413901595727,-0.014013716789314012,-0.3364733156883807,-0.028625409819676605,-0.13678253995712916,0.5459831658881907,-0.327201059896128
0.16595816394739865,0.268578390249921,0.25748963528291735,0.15310179613843444,0.10012949362490194,0.24684588645003502,0.1551786849953657,0.16614359813968813,0.17890514749999367,0.13406781827539466,0.20555663286282608,0.25944620037744565,0.12813497952425906,0.16372153855467958,0.2156279147728056,0.25843506651476705,0.20117802365181875,0.1735996620641922,0.22949619371166163,0.3242549408183736,0.16665814852778035,0.22493954738129623,0.053000748716918344,0.2045498314270346,0.2178811968759298,0.20137409104030746,0.810172937941143,0.24846976867433582,0.18185658714505534,0.1649364770480179,0.2957426373404666,0.22769701082968494,0.2579266830943255,0.16356205137314117,0.17505009787702164,0.32229729785146377,0.3064711179465546,0.32460195608210196,0.17543976466568506,0.11320919247595827,0.2928844776886552,0.20128047269004137,0.40166283581931134,0.16303134455590518,0.11969130345218902,0.2700970021236487,0.2287226819285282,0.09220550854013448,0.13440169180090453,0.03882773401281458,-0.14458311579883915,0.02282174162300853,0.06133508413063808,-0.05254795888719672,-0.1039740041438098,0.04959587413572042,-0.07494228612089017,0.10716464833015363,-0.03309112336525721
0.08316168279398932,0.20736286115790595,0.22059951455518284,0.11636778534018663,0.06862195647444697,0.21681324267619048,0.10915077280578693,-0.003182051854622564,0.18753933274175502,0.08733014538593172,0.04995032478306328,0.07402486836905016,0.07581620538639812,0.12065302138088854,0.17187048803403904,0.2092491804534248,0.34465190152958214,0.18885206810096866,0.3477584045789317,0.03490243148439705,0.36062275403285987,0.1967237581246544,-0.39440674895880157,0.14547584562722948,0.07715972655759862,0.0694746390423181,0.24846976867433582,2.097692917571441,-0.09397957181980465,-0.18415251799845653,0.45460926847979394,0.19174509709642026,0.4548043193374277,0.022123962248072473,0.06363986305520189,0.7996843191148809,0.3512817241378703,0.3387054201572561,0.1901751779031827,-0.03334220608640944,0.655202094139843,0.253532213456441,-0.03445650557227305,0.7024696816598932,-0.2034760763820567,-0.6925206133676153,-0.041030278970765,0.061088265124589855,-0.16498540638375747,-0.0490909052073673,-0.07677385942139944,1.0299877628336263,-0.8825895812508346,-0.027898106065390844,0.25080928274341224,0.10593178641513433,-0.023296718930720665,-0.17866171804167208,0.2976190700748887
0.19062579484418318,0.44077393101371054,0.4134263984236345,0.21793254745971105,0.13294052131640086,0.4033216414575586,0.1637519997158916,0.22345757609059178,0.07785971110079128,0.18980644828042514,0.26694139133926587,0.3275594210022152,0.18343704373196937,0.1846108371650379,0.35493374059902877,0.24637205943034374,0.28734962965785515,0.3388552547345623,0.31824745106433344,0.4294671437050058,0.2553931154454462,0.18889542014843425,0.415220832013549,0.11108169410066927,0.4786148851053316,0.048990513571887655,0.18185658714505534,-0.09397957181980465,2.1058865583448885,-0.04765601765251623,-0.010963465928241411,0.17610144292087543,-0.20555180341318213,0.689997365967729,0.24351725795163875,0.5526231546507178,0.3502739209863814,-0.11554142746910637,0.35978880456808054,0.07212595780839257,0.4979959742132709,0.2412902455955704,-0.21389052905024333,-0.06108631171695299,-0.39478255057752754,0.27060171933751087,0.3270112596321985,-0.03599432635590845,0.2635650088605902,0.7039049083867918,-0.37699480074216124,-0.00013471246122860568,-0.4203437331321203,0.03639794971681929,-0.15136837440187362,-0.018784453824166956,-0.27222337139796743,0.2340551553537699,0.025890608391446978
0.16726300074404946,0.24845726190979006,0.1607475068271465,0.1988376673253481,0.04646402458719939,0.08782178928950188,0.11483000752752671,0.22501453425327092,0.14958903982940266,0.24163142843378965,0.052127320844473544,0.08140626557400181,0.10666234080316785,0.24748998779963058,0.17333853373755465,0.27755047366304364,0.06895186480142595,-0.09163030528543564,0.2838665534186862,0.302926391605766,0.0820921557308664,0.21161930962237127,0.2999654294970576,0.7105593343430228,0.37264284534287134,0.024926563214129144,0.1649364770480179,-0.18415251799845653,-0.04765601765251623,3.0273715879197223,0.2893913872424087,0.12289076650252952,0.7635730775370075,0.07310633147048212,0.20966436847604292,-0.08754151547525967,0.7303222328470815,0.7334388408965885,0.7230796648288291,0.08598691854310422,0.11403771239909033,0.1222446843711198,0.8756962090329611,0.5467785603148313,0.6471143078356755,0.7601146175861909,1.1495407890673615,0.18224869443773078,-0.44947922017224146,0.2013281747885249,-0.2643794590722561,-0.9374347919393334,0.819908599822679,-0.06118131447568304,-0.28910199873908154,-0.1756167001575615,-0.19698847267531655,0.5964918938546968,-0.17976434646082498
0.23087341723038507,0.2878785112439827,0.309223024781316,0.1748161385535656,0.10918589016868907,0.253661254809788,0.19185399518969623,0.144495714415772,0.2144881327322853,0.14848854062974529,0.20165849809637645,0.2442402634786046,0.11581328103505374,0.1793807821130636,0.2091662412216729,0.22862111450085862,0.2834992511612588,0.3685703249579106,0.2799439711240743,0.28137447896935114,0.30174061392149376,0.23772093140499018,0.059509885080587244,0.36720308500766097,0.23448725921607672,0.309911840107746,0.2957426373404666,0.45460926847979394,-0.010963465928241411,0.2893913872424087,1.189869629007562,0.28064385352328436,0.46044715380294327,0.18406315464904935,0.1121909556466351,0.5912478065146649,0.5214144636162569,0.5080931694436045,0.2323306132054253,0.05284240063034881,0.3862365152745992,0.29090381154749156,0.27689123855799314,0.3245912602419765,0.1485249058974862,0.15017243374203507,0.42279741810565646,0.09537682932501268,-0.41454830736258585,0.16191989949420943,-0.16990896824082363,-0.008045580147083078,0.14529236322587144,-0.14665827384762728,-0.026923913120269215,0.0670721620525684,-0.003535448422213152,0.06984703097374631,-0.09959360475376842
0.19529748366751692,0.1935121280218414,0.21784191729767943,0.16109165731063638,0.1481020512775632,0.2512809185801064,0.18807193093885796,0.0947172098043085,0.21363424260711356,0.11168916136211733,0.2075925377774477,0.29449326697964495,0.13079142213952477,0.13479605279435458,0.126907475570995,0.24574050843628176,0.2269304649976192,0.171968925338264,0.22089777264367294,0.2324574660835407,0.24386004005443665,0.2690628745303381,0.11032519188235697,0.3492001653748575,0.18573035713949915,0.3639433519805645,0.22769701082968494,0.19174509709642026,0.17610144292087543,0.12289076650252952,0.28064385352328436,0.6516015426526119,0.0794940578268807,0.32439395001865,0.04721648277242445,0.3946670121893822,0.06770143738831502,0.26116850984070084,0.09308692698777239,0.05944896638925803,0.24858123122468623,0.1747106100791038,0.13441372296421997,0.14644045704282688,-0.03366408216655186,0.15774703046354072,0.24514532974270398,0.027149608609385898,0.100351637160879,0.010434313733759634,-0.09448180900580908,-0.06302520996548013,0.16487411535519017,-0.02853333064030058,-0.1701997329148562,0.00878181183814222,0.18658692656582881,0.054812793064726625,-0.2253262117940158
0.19745426984236475,0.23477032921676852,0.2821166344558397,0.23127081331001378,0.09805436197524729,0.16078046214647823,0.20159664731603383,0.1788053546242675,0.1629197258710604,0.14782790473257149,0.029402408073929423,0.1240558548352882,0.09581204077806739,0.2001130438021135,0.16859645959887865,0.22324983024697323,0.19129314699426844,0.17714616362217947,0.3117452405026054,0.09805407767582427,0.14591161035825972,0.23257341833620995,0.16596241373074344,0.6261864271699459,0.26924089423295516,0.11809281518030325,0.2579266830943255,0.4548043193374277,-0.20555180341318213,0.7635730775370075,0.46044715380294327,0.0794940578268807,1.7506995543555424,-0.15689250584852824,-0.15218250267421018,0.13137792472196716,0.8932100684446609,0.6648039039551976,0.39692594646373724,-0.1226651960637276,0.05095762214909724,0.14001097340607052,0.5427804135404336,0.5458813776042628,0.023861827801095362,-0.02040320251642765,0.5108381908251926,0.19730286970945818,-0.4140932504743878,0.5067860111112683,-0.3941784512002376,0.07421807146587905,-0.06367046825342665,-0.19706621656061785,-0.01892512210380942,-0.04572939779274611,-0.1946172989323017,0.25153751273412944,0.020123177850406074
0.09255005964647131,0.20247614764800265,0.1846628900732412,0.25973800850952944,0.290844216963334,0.3131018563978623,0.21262062322238975,0.22165361294642938,0.10204995220057438,0.18480054762449738,0.2282811201800844,0.2880462388381788,0.151976713295595,0.11399935290714981,0.17047258418900235,0.2232590351480002,0.2566516925243222,0.28420473811903446,0.18840809794180383,0.3196396117170627,0.2488757807164428,0.1903514153540222,0.3332604700068081,0.20252332054358568,0.37250660038996986,0.2744690684181726,0.16356205137314117,0.022123962248072473,0.689997365967729,0.07310633147048212,0.18406315464904935,0.32439395001865,-0.15689250584852824,1.4686434753414708,0.15121060776865244,0.3306200528413111,0.46733203500347736,0.13082873815648538,0.20528692832532405,-0.10356529407217607,0.21267117318441844,0.23516777178078085,0.06703294291235534,0.251496410348881,-0.4491875477082696,-0.0758997433406367,0.28993362763418407,0.01634581006338345,0.06670356491593193,0.19801058879606162,-0.25493651753000857,-0.11562855850062591,0.14500628736862364,-0.02635868505495717,-0.12023356663017667,0.009440724122279597,-0.06157560949764838,0.18019523029756543,-0.14716690561827445
