1.752416916738791,-0.05039529178537493,-0.05978869977229209,-0.06446329241670833,-0.05955521994766733,-0.03062223248092719,0.03990942279773211,0.036374982007873834,0.02490307504905606,0.01675927419144854,0.01921406175519189,0.019533093211177518,0.020420203313890016,0.018599492268575896,0.01619333800691414,0.010813335146259144,0.006753552974706366,0.004727699595530117,0.005271090152054428,0.01348905054523232,0.016605286139893375,0.014514483377976098,0.010426838319891473,0.006215755867052599,0.003609872891969643,0.001547127967769092,6.573839835324496e-5,-0.0010508983135552891,-0.001663328465403132,-0.0020397565293050917,-0.0016925884998577937,-0.0016616601614534896,-0.001055577274717999,-0.00019062954561348494,0.00027922376612984646,9.152482046030096e-5,0.00020660464335590427,0.0007707552263273203,0.0021624943628290663,0.0045018152699974326,0.007873876912338304,0.013070150194811477,0.020668580684602544,0.0166783823650454,0.012881972396682472,0.009615463412993986,0.007127979529805188,0.005245461059044475,0.0038616305321266665,-0.0010492135136141026,-0.007647376350030614,-0.0020675273761690217,-0.004783725130774991,0.0020651141303731405,-0.0110840974900696,0.0037473519493544313,-0.006583125923001398,0.0002616794820862317,0.0008803462103222061
-0.05039529178537493,1.728145879265832,-0.0798449453445819,-0.09069600744309828,-0.08856160310442507,-0.05564066201320411,0.040111037778596204,0.05047037012234178,0.03854889665874122,0.025244818898691065,0.026825531482029458,0.02666268015664932,0.02833829064229053,0.025896099449056555,0.022974946313310672,0.01580740155508839,0.010229534051651985,0.007322272461448312,0.008194633139100087,0.019148438557019636,0.023813887350918054,0.021534029685532446,0.016218279929109947,0.010524286041569264,0.006666392435144208,0.0034693281436285065,0.0010093342987696197,-0.0009020363686866726,-0.00202390655689267,-0.002682728348486903,-0.0022815766280894273,-0.002245771508860636,-0.0015169727089392082,-0.0004978563658302225,7.157727266774641e-5,-0.00010236368560531568,0.00011939720946534669,0.0008843149578542843,0.0026874413422345337,0.005671211043685685,0.009925061837315827,0.016402197351377365,0.025723097373783935,0.020193644317377465,0.015352111351132684,0.01135087678990127,0.008363349851090017,0.006135770716272794,0.004509723195100492,-0.001353817946263409,-0.010247364304909369,-0.0019242018036646977,-0.005567561349231446,0.0026510440328382403,-0.012937856745329443,0.004605582911277286,-0.007347790234737526,-0.0011809189480907398,0.0014956398294278617
-0.05978869977229209,-0.0798449453445819,1.6865077816726992,-0.1300183105406682,-0.12799511740934472,-0.09437893572830786,0.026497729697377903,0.0661379044821809,0.05875073793733327,0.03920502282366327,0.03816489606054055,0.036824284269166216,0.039506531140687695,0.03611523668597538,0.03250233818515582,0.023327952881612563,0.015700816520478528,0.011632579634883605,0.012717730633500426,0.027079503980243537,0.033930821401308854,0.03172341495384596,0.024994238251101877,0.01741264760971756,0.011742106965918205,0.0068175725761917185,0.002799710426491566,-0.000392343778924336,-0.0023456463953870623,-0.003420052265523001,-0.0030030393137748302,-0.0029543759116493254,-0.0022349184938897466,-0.0013158327320594262,-0.0007280708105913875,-0.0008045605235102161,-0.0002706573092969146,0.0008918546204978729,0.003293576953450624,0.007125207014946939,0.012458621660225228,0.02037624109938892,0.031461079629753363,0.02356672816307748,0.01747470755022722,0.012733235048783728,0.009299594941487889,0.006794244941952306,0.004987735567511522,-0.002637147118033742,-0.012995366956897382,-0.00441294963405586,-0.0052686645151718,0.005217959490358828,-0.014620821717276198,0.005096608086928021,-0.008539430397617875,-0.0017416066760911591,0.0018991272927779326
-0.06446329241670833,-0.09069600744309828,-0.1300183105406682,1.6209813488649796,-0.18211746176308974,-0.16094192406319785,-0.0191357626033919,0.07690878168833196,0.08613014144745869,0.06191125968394452,0.05439495512112347,0.04942726500373513,0.0529826730670985,0.049142089150183074,0.045344996012257714,0.03456320394614128,0.024620095967725495,0.01876425465979148,0.019348175386244573,0.03740086125815766,0.04697930765644844,0.04526067545696037,0.037138388839510476,0.02742125359449374,0.019313094605147112,0.011956671022696286,0.005651958544307016,0.0005597332351578495,-0.0026599909353892883,-0.004388930574726533,-0.003961149196247322,-0.003899911584343006,-0.003221321980351836,-0.0024484173381755974,-0.0018873472487089082,-0.0017917715351149503,-0.000883722421842136,0.0007541721455207521,0.003823448884207395,0.00854122192921217,0.014940294683389886,0.024117402506604064,0.03648979263925926,0.025563782261322412,0.01820042271251333,0.012938736988626862,0.009311512623162233,0.006758262366523981,0.004949652330789452,-0.003370848932266588,-0.01389831598911533,-0.007115369975454593,-0.003840295260875659,0.006623462641735399,-0.015899950036417615,0.005062433054948242,-0.009469693869079256,-0.0006632723001368861,0.001510798478361893
-0.05955521994766733,-0.08856160310442507,-0.12799511740934472,-0.18211746176308974,1.5409042752124917,-0.27343153311983115,-0.12545673185600836,0.06230207464844668,0.11233673647648093,0.09566053191275704,0.07718605525709384,0.063725508534313,0.06649234563095775,0.06493730866137308,0.06275080480659415,0.051865913737399696,0.03981381089329923,0.030636440646919085,0.028033231909760814,0.04943415643603203,0.06151408786463188,0.0604970348826119,0.05129361397262695,0.0396305656712203,0.028702558802702425,0.01830376225702655,0.009006529604159215,0.0013540961155662308,-0.0036746923541630663,-0.006432771003149897,-0.0056894023360851784,-0.005387551196758725,-0.004139012244269376,-0.002706443617732109,-0.0020159699813399414,-0.0018224855079488338,-0.0010606777112118309,0.0006621667779194099,0.004103875112331993,0.009381189470284844,0.016564468236576684,0.026634393224069578,0.0400445693064096,0.025673085888006923,0.016978034518281792,0.011473646782198735,0.007993851651461301,0.005706115549218355,0.004129740856022004,0.0008403014197621549,-0.008503154235613406,-0.002333852377742414,-0.0039438649867254575,-0.002184392029572637,-0.013860542019654424,0.0036544042450816928,-0.010034615445250982,-2.892414257667926e-5,0.001643903527971459
-0.03062223248092719,-0.05564066201320411,-0.09437893572830786,-0.16094192406319785,-0.27343153311983115,1.4169300964128821,-0.35433622510216006,-0.0532527947150832,0.08851125047769466,0.13031142754303887,0.10837201860121368,0.08800565738445877,0.08440577263144747,0.08885759078148875,0.08700117309971865,0.07923039027944483,0.06602925253354965,0.052681017686711004,0.04065496976594429,0.06227137360221588,0.07383758288527063,0.07321295710373513,0.0642635710526136,0.05218778967591736,0.0390235620023656,0.025688367042927575,0.013214980739742714,0.0027298901031894487,-0.004191323539225932,-0.00797061614283049,-0.007169288499501656,-0.0069450118212440294,-0.006010603247405208,-0.005122783416390368,-0.004894145120599303,-0.004552558602068092,-0.0034940970726188947,-0.0010250758539586229,0.003356895658622439,0.00975926242847493,0.01817200527062323,0.029010348244574612,0.04243527551595749,0.022369106477788208,0.012379726177119669,0.007240770170337897,0.0045643507183023195,0.0031039205098045957,0.002196560766639936,0.0011399054694346729,0.006552193635720492,-0.00877726693263704,-0.0023120326960098933,-0.005182133824927887,-0.004320158405215076,0.00015145789012511402,-0.010128895740397511,-0.0008347257182118825,0.0030665529702066153
0.03990942279773211,0.040111037778596204,0.026497729697377903,-0.0191357626033919,-0.12545673185600836,-0.35433622510216006,1.0308657181788572,-0.41380752316402175,-0.12936895205759696,0.09253788045956847,0.13100455013947299,0.13575748973524843,0.10860700406295334,0.1271129864456105,0.12040978699117057,0.11870638541243535,0.10515995663575467,0.0863916870000322,0.05449700375138248,0.07066224961409483,0.07574689829861823,0.07497226565349492,0.06940824423063409,0.060458078132041376,0.04697862847587805,0.03153628541312342,0.01627571999971931,0.003090741100338165,-0.005218547298329683,-0.009595533905809629,-0.00874858017746251,-0.009302842301463136,-0.010209820902468327,-0.011730360302289865,-0.013027038844970746,-0.012683437824279855,-0.010773138550391163,-0.006159214859304267,0.0007375139178442149,0.010273020118352188,0.022283181992873175,0.035856200789337836,0.05086899666852706,0.018754738723436897,0.005965403082041774,0.0011176487671908475,-0.000394039777589058,-0.0006361175407697363,-0.0005440508546618308,-0.009100846835515217,0.0411890203112632,-0.030332729999944,0.00321893155146344,-0.0007099986379069277,0.016822778412256576,-0.006004272973295642,-0.01086669519901773,-0.0040873945989191455,0.0077235433907263664
0.036374982007873834,0.05047037012234178,0.0661379044821809,0.07690878168833196,0.06230207464844668,-0.0532527947150832,-0.41380752316402175,1.3118282783449278,-0.32089493130191615,-0.1290945872997612,0.014408305492827135,0.08187113092857826,0.12113983444985789,0.10631443653349522,0.08760259371233821,0.08052402949794607,0.0739557632868291,0.06697693255976055,0.05447354997734626,0.06437898975197356,0.06228227102060584,0.0520368066482817,0.03921466878596939,0.02861350257266267,0.020163242050479847,0.013230795023294824,0.007271023754058644,0.0020012911510724524,-0.0016092980968889696,-0.004081236655735906,-0.0038946953497364487,-0.004361079152538103,-0.004642190840642295,-0.005752553482468416,-0.006664507608502462,-0.006545648404449181,-0.005493189312791566,-0.0032610394275244775,0.0002028140059893577,0.004978680959087557,0.010944263274883128,0.01813739889699513,0.026836897137383922,0.014281344460478563,0.008243539447068635,0.005075769684119689,0.0033686043771273136,0.002411327034262063,0.0017768259269657753,0.0017466091723703156,0.012512157808178149,-0.011760831393733602,-0.002184402069401958,-0.0015999874392186794,0.005167098236080291,-0.003987240883975531,-0.004074903972780348,-0.003835904570503622,0.014088712669605319
0.02490307504905606,0.03854889665874122,0.05875073793733327,0.08613014144745869,0.11233673647648093,0.08851125047769466,-0.12936895205759696,-0.32089493130191615,1.3736498798510228,-0.33302432901838286,-0.14243103363690304,0.058765572554781625,0.1058263160538553,0.08616153340083127,0.0633549699114705,0.06575663232624485,0.06514500043762875,0.06290989506900684,0.05418762396768997,0.06408881725532581,0.06028523222961695,0.048287082841930326,0.033850849667505206,0.02229786518286711,0.01435541495501666,0.008823812712313145,0.004694290052501947,0.0012458387893210918,-0.0009883536335386623,-0.0027262071054580564,-0.0029258882704423297,-0.0034047826252904144,-0.0036303408737924318,-0.0042371697043616,-0.004695720468192175,-0.004580834864578062,-0.003839657345763206,-0.002205331534848057,0.00046264382290856735,0.004293349562547029,0.00915358430214383,0.015508049656053775,0.02371050349326137,0.015404565627143036,0.010541764344113292,0.007340271962128238,0.005240972810792309,0.003832756048246091,0.002819517565321772,0.00310697657726554,0.0005302115477589039,0.0009181174550432359,-0.0027119665998945296,-0.003706918622029143,-0.01349507937854721,-0.0009578817121361168,0.01130848397939737,0.016830011896659513,-0.008148303429652507
0.01675927419144854,0.025244818898691065,0.03920502282366327,0.06191125968394452,0.09566053191275704,0.13031142754303887,0.09253788045956847,-0.1290945872997612,-0.33302432901838286,1.3126722044065438,-0.27645086590622686,-0.08111626816544229,0.04401204523497855,0.05087595356883643,0.05980466354890432,0.0676570966986148,0.06918132392059888,0.06449222144431398,0.05460163207280872,0.06710108369764205,0.06768086553818148,0.057810373068217964,0.043345974294473365,0.03055332234548724,0.02065574355674056,0.012884237876170625,0.006710826720799782,0.0017493806141951798,-0.001287672138459759,-0.0034808381092985346,-0.003758131224281863,-0.004894740605754704,-0.005316865330774085,-0.005468359912739693,-0.005573845648870334,-0.005363431736377718,-0.004461283682305454,-0.00249854587341934,0.000865599134690417,0.005718738740628168,0.012027999778591383,0.02021518922279124,0.03051514906180192,0.018093619610983668,0.011607210823395211,0.007746051440606736,0.005391181613863808,0.003876965086765435,0.002822984573097276,-0.002799765747816154,0.0020367507650827193,0.006809607239880931,-0.0055496920315584175,-0.0018608694089347314,-0.03072724672207036,0.003929052111720207,0.02112321951678158,0.032502490107329585,-0.024534121634173522
0.01921406175519189,0.026825531482029458,0.03816489606054055,0.05439495512112347,0.07718605525709384,0.10837201860121368,0.13100455013947299,0.014408305492827135,-0.14243103363690304,-0.27645086590622686,1.4285110620665509,-0.2974136227866195,-0.14991263086271303,-0.013882977519226276,0.05190421725412597,0.0791301108851844,0.07905437510743145,0.07195569407971197,0.05759845014558059,0.06941006932633542,0.06806299783388388,0.058283575236868175,0.044861368439186027,0.03297218467457245,0.02330621217974015,0.015214205940308326,0.008239896828583167,0.002218180042702246,-0.0018628800362357628,-0.004225360341177835,-0.0037522023419149873,-0.003262104278046403,-0.003486894939400606,-0.0053174153670667275,-0.006609206403738714,-0.006255057989376476,-0.0048414498119182525,-0.002538071733917934,0.0009024497389433115,0.005642772153796887,0.011647334144516805,0.019206878006772555,0.028485322061178896,0.01566307097164722,0.009402971187056795,0.0059600823401142295,0.004002195832409122,0.0028330872563258063,0.0020507800224542124,-0.016540546527693063,0.006192638554397429,0.011946673194651482,0.004003601488616511,-0.001370685364480402,-0.012565253726227911,-0.003994548787673462,0.012139922075316336,0.00905589311651903,0.0033128632529159166
0.019533093211177518,0.02666268015664932,0.036824284269166216,0.04942726500373513,0.063725508534313,0.08800565738445877,0.13575748973524843,0.08187113092857826,0.058765572554781625,-0.08111626816544229,-0.2974136227866195,1.321830017095683,-0.37153675409812,-0.13447181793415017,0.03310130609540928,0.0909309453134221,0.09080235696957817,0.07573528409170932,0.05727779116252143,0.06680204547813309,0.0670857916018938,0.05959272350116341,0.04811966755654534,0.037262125262182005,0.027491802195890428,0.018519315739787167,0.010332325000891993,0.0031504208968929615,-0.0017726726623222772,-0.004557974934398066,-0.004125539965738346,-0.003808045470127916,-0.004498472626742905,-0.006928057478652094,-0.008442348394377696,-0.007807037364431328,-0.005786113046387859,-0.002842705098729491,0.0012172221412421707,0.006634187956112597,0.013398259963398218,0.021621166374439133,0.031421125468892766,0.015677638071387157,0.008563140566664356,0.00500875083625449,0.003177227005109808,0.0021862849521720115,0.0015704028264728208,-0.021576291274757138,0.012317209325794613,0.0024625195579715455,0.009336288450549492,0.003105606902380743,0.0004991322375081684,-0.0060491620660452165,-0.0031661016137472966,-0.0006377140914385293,0.018451166100233576
0.020420203313890016,0.02833829064229053,0.039506531140687695,0.0529826730670985,0.06649234563095775,0.08440577263144747,0.10860700406295334,0.12113983444985789,0.1058263160538553,0.04401204523497855,-0.14991263086271303,-0.37153675409812,1.3496177100327877,-0.26331151616525145,-0.06844419010328119,0.048596831313342456,0.07721762538455632,0.07052822601734486,0.050304310833481004,0.051286612311396,0.05008421648540546,0.046348456596316874,0.03963971579606208,0.032343738347077815,0.024830729805092353,0.017351059601520093,0.010194362469410495,0.003908219011259302,-0.0003267434409421787,-0.003011950937669932,-0.003941620540670712,-0.005803825126161774,-0.007726416808091564,-0.009024221047477144,-0.009346021439282983,-0.00819018376662221,-0.005921410074068383,-0.002582295813028876,0.0017177911581130556,0.007246556305633613,0.014022992078966198,0.021988833002515328,0.031321976136656854,0.015063061387764544,0.007931512909648912,0.004513106589668011,0.0028384235127777283,0.001935416046342851,0.001381733051892017,-0.00475202019959223,0.015469063424589834,-0.018881056348263647,0.016867285633786207,0.0007633886122911915,0.0035234566195964513,-0.0024001570816366063,-0.0201497809806813,0.021458558805107667,6.317405385027584e-5
0.018599492268575896,0.025896099449056555,0.03611523668597538,0.049142089150183074,0.06493730866137308,0.08885759078148875,0.1271129864456105,0.10631443653349522,0.08616153340083127,0.05087595356883643,-0.013882977519226276,-0.13447181793415017,-0.26331151616525145,1.4796733430114917,-0.21679521583788344,-0.08241789533287482,0.004416929524498042,0.035039452188647846,0.03448372600366353,0.030689584489609414,0.03129234951117164,0.03232261035785576,0.030318693534615766,0.026476585932984138,0.021346289296123748,0.015561941356986922,0.009694947278013838,0.00447312454463751,0.0009956743652086127,-0.0018128344255812548,-0.004112018263583036,-0.007869476495934304,-0.010454010267868815,-0.01022348634466336,-0.009296923385438449,-0.008000602910802344,-0.006005901943519714,-0.002684976095392751,0.0016555541944623929,0.0072867705944437144,0.01417297045765195,0.02227103741977049,0.03189712676832709,0.015227583252554787,0.007890621019331537,0.004413884888886864,0.0027495299974029117,0.0018452577732495752,0.001297649796328328,0.01923669344012423,0.009172382814421617,-0.02750615135895706,0.007846361195645376,-0.0017322382465743856,-0.0006550084892350963,0.003206655270767572,-0.030192011266240507,0.03883756153498202,-0.011870203532590884
0.01619333800691414,0.022974946313310672,0.03250233818515582,0.045344996012257714,0.06275080480659415,0.08700117309971865,0.12040978699117057,0.08760259371233821,0.0633549699114705,0.05980466354890432,0.05190421725412597,0.03310130609540928,-0.06844419010328119,-0.21679521583788344,1.5200957477721606,-0.20854346932025422,-0.10383437266953795,-0.028356096150288338,0.005629747677639749,0.008183022359928927,0.01443824848867248,0.020438532796002752,0.021961618758085413,0.020676036740643743,0.017521121539745693,0.013441561321144897,0.008953296773248565,0.004588828812889715,0.0014525206254611875,-0.001203417763779055,-0.0034214446490080427,-0.0069341775915115296,-0.009297208486885193,-0.009363328663958786,-0.00874107990310726,-0.0076514714936844475,-0.005918289143548472,-0.002919977716687513,0.0009991977681998328,0.006038894127494184,0.012121453386167292,0.019228079729995698,0.027603758970816548,0.01370821396801414,0.0074203427930071945,0.004342617278272152,0.002783951180812277,0.001915214446430852,0.0013578430085130334,0.020704271469217137,-0.004668822652401488,-0.004207944089000668,0.000601275843680435,-0.0036434420240809423,-0.0007298770925819237,0.0036533784575698306,-0.01827628568276841,0.026606712880225647,-0.012529237086380296
0.010813335146259144,0.01580740155508839,0.023327952881612563,0.03456320394614128,0.051865913737399696,0.07923039027944483,0.11870638541243535,0.08052402949794607,0.06575663232624485,0.0676570966986148,0.0791301108851844,0.0909309453134221,0.048596831313342456,-0.08241789533287482,-0.20854346932025422,1.5393639083352553,-0.19692587660030988,-0.11204784325721394,-0.037795260191940586,-0.023004339698023832,-0.005964989271200059,0.00755990365874693,0.014218650482071344,0.01640650956999588,0.015496765914228697,0.012676080235609134,0.008813435096369374,0.0044826901583332685,0.0011507123158926698,-0.0013287507766094788,-0.002449254477764397,-0.0046028985345081385,-0.006697968673153153,-0.008690131569018242,-0.009673002484332905,-0.009047672486507239,-0.00725664101378329,-0.00416582866617252,-7.022392198885327e-5,0.005228844920000971,0.011647364645679434,0.019203039600549778,0.028033743040178586,0.014775120214597278,0.0085499170251033,0.005314443367622804,0.0035228221251444826,0.0025032676831728165,0.0018113969352796442,0.009918841654711899,-0.015105619213761558,0.022077339495307952,-0.00561953918220758,-0.0009167415550903275,-0.00023573065200428698,0.002164360351657561,0.011177274038162799,-0.007799335815709474,-0.006480838012641053
0.006753552974706366,0.010229534051651985,0.015700816520478528,0.024620095967725495,0.03981381089329923,0.06602925253354965,0.10515995663575467,0.0739557632868291,0.06514500043762875,0.06918132392059888,0.07905437510743145,0.09080235696957817,0.07721762538455632,0.004416929524498042,-0.10383437266953795,-0.19692587660030988,1.5845357031852434,-0.15397420971085615,-0.07412162613466766,-0.05796359327682019,-0.03349721781829732,-0.011568518975260152,0.0026207588393079694,0.01010285898095053,0.012390079912770401,0.011220822410127297,0.008099512393690434,0.003968204976266812,0.0005537592961375209,-0.0016490859185907597,-0.0015521951392926045,-0.002968789257695195,-0.004647290966374665,-0.007441751938957123,-0.009226592135823936,-0.008881873199320687,-0.007192835934280799,-0.0043131169531321,-0.00046725335934162947,0.004463150187402561,0.01049874871989761,0.017637450009777598,0.025994271467976462,0.014077386147269017,0.008342326169325162,0.005297656687545192,0.0035471497213562116,0.002545918757312063,0.0018497797205783313,0.0030091936095837653,-0.017510924453165353,0.033287047287570544,-0.00562454382346929,-0.0004466178549875431,0.0009290297536650077,0.0011793648089483259,0.025244448878656973,-0.026038761226374763,-0.0017223885168967544
0.004727699595530117,0.007322272461448312,0.011632579634883605,0.01876425465979148,0.030636440646919085,0.052681017686711004,0.0863916870000322,0.06697693255976055,0.06290989506900684,0.06449222144431398,0.07195569407971197,0.07573528409170932,0.07052822601734486,0.035039452188647846,-0.028356096150288338,-0.11204784325721394,-0.15397420971085615,1.648028421113,-0.09396806530613443,-0.09185592457433205,-0.06749482126859851,-0.03844826252351392,-0.01418676156680791,0.001244821305399649,0.00837342176428355,0.009389908272602571,0.0069625828463779765,0.002997646051786687,-0.0004552701200201166,-0.002538768517561124,-0.0014219099058389777,-0.0025989986274928007,-0.003815181742919117,-0.0063149912329830155,-0.008050755445460876,-0.007763149440173233,-0.006189115762524202,-0.003600592511967059,-0.00010262568775164009,0.004385066279038347,0.009985424657593075,0.016690987179364146,0.024710045455788383,0.012919970069471891,0.007348396990359818,0.004504973402647248,0.002939401789513232,0.0020698936112434466,0.0014892350037665504,-0.0016847594391664858,-0.010803209618423243,0.02429917610646334,-0.00227254579418658,0.0011237789989237232,-0.0005781803860164281,3.821863345474017e-5,0.01930113386499477,-0.02047742572643284,0.004619560409019754
0.005271090152054428,0.008194633139100087,0.012717730633500426,0.019348175386244573,0.028033231909760814,0.04065496976594429,0.05449700375138248,0.05447354997734626,0.05418762396768997,0.05460163207280872,0.05759845014558059,0.05727779116252143,0.050304310833481004,0.03448372600366353,0.005629747677639749,-0.037795260191940586,-0.07412162613466766,-0.09396806530613443,1.699243307903466,-0.1086542583061494,-0.09470629460038082,-0.06395026251963694,-0.030992689379575885,-0.008094701044634379,0.0035774351128494103,0.006734422582089455,0.005229731448036711,0.0018362453893253565,-0.0012720226420178111,-0.003061161300840708,-0.0017608952898857835,-0.002550449081730802,-0.003115857312769703,-0.004606100887498004,-0.005694635349613302,-0.005426962021050595,-0.0042051718618744925,-0.0022400173466554326,0.0005275468889371687,0.00412735502886099,0.008706571994989773,0.014350017036642727,0.021194871551519823,0.01081061068491582,0.005946515377460531,0.0035378709511408625,0.0022670536511209833,0.0015593181637219744,0.0011102444189376374,-0.0049689537386390405,0.0003075192038299248,0.009407335026581094,-0.0017415478509738046,0.002052159692242926,-0.0012744077427833836,-0.0017363469436479132,0.006201285092216612,-0.005026963476299991,0.009407405972216164
0.01348905054523232,0.019148438557019636,0.027079503980243537,0.03740086125815766,0.04943415643603203,0.06227137360221588,0.07066224961409483,0.06437898975197356,0.06408881725532581,0.06710108369764205,0.06941006932633542,0.06680204547813309,0.051286612311396,0.030689584489609414,0.008183022359928927,-0.023004339698023832,-0.05796359327682019,-0.09185592457433205,-0.1086542583061494,1.6420919720026124,-0.14736559074757616,-0.11057370668423905,-0.06265933377643186,-0.02626356237180771,-0.005325707633034349,0.0030170435648280533,0.004070933842274769,0.001959499617717145,-0.0005234252751554344,-0.0020692884801163636,-0.0010661680963324237,-0.0024024990285492955,-0.0032867510837090346,-0.004815145077384029,-0.005872380039459021,-0.005547121341298927,-0.004262679751823359,-0.0023287145799647004,0.0003662750392343049,0.0038064182946657595,0.008168485463772425,0.013651164991873728,0.020447564917348577,0.011159792819922855,0.006633816048823371,0.004218029786360331,0.0028442072487776335,0.0020071745162631143,0.0014467390225992144,-0.0023846501297902127,-0.0001985235609764684,0.007598492505949384,0.002996279793119324,2.5220902595768125e-5,-0.005468709749417819,-0.0011565087401013993,0.0008555930999992971,0.0025575877342943194,0.016018233407505682
0.016605286139893375,0.023813887350918054,0.033930821401308854,0.04697930765644844,0.06151408786463188,0.07383758288527063,0.07574689829861823,0.06228227102060584,0.06028523222961695,0.06768086553818148,0.06806299783388388,0.0670857916018938,0.05008421648540546,0.03129234951117164,0.01443824848867248,-0.005964989271200059,-0.03349721781829732,-0.06749482126859851,-0.09470629460038082,-0.14736559074757616,1.6322039123400076,-0.13417460445844284,-0.08823065288281848,-0.048937177506175863,-0.022647975646308802,-0.00829429075718936,-0.001610824989892816,0.0011593142549544068,0.002048050014538684,0.002338240441953418,0.0023003904000774445,0.0009511174734882187,-6.707311731091795e-5,-0.0010579722104226469,-0.0016933435643134403,-0.0017522878988335132,-0.0013562968803148198,-0.000987988936806998,-0.0005742168515378398,-0.00017599441582717823,0.0002568686574505305,0.001070461331467422,0.0021951256084966056,0.003820108760947764,0.003906215083430685,0.003375274937389262,0.0027124367769051933,0.0020939802484940175,0.0015827137757768934,-0.00011618284920305226,0.0002830184096016079,0.004474638775151974,0.004631662546540124,-0.00091617568033927,-0.007808817626826446,0.0010829894885219017,-0.002076297236880421,0.003753439605599559,0.017862356332115713
0.014514483377976098,0.021534029685532446,0.03172341495384596,0.04526067545696037,0.0604970348826119,0.07321295710373513,0.07497226565349492,0.0520368066482817,0.048287082841930326,0.057810373068217964,0.058283575236868175,0.05959272350116341,0.046348456596316874,0.03232261035785576,0.020438532796002752,0.00755990365874693,-0.011568518975260152,-0.03844826252351392,-0.06395026251963694,-0.11057370668423905,-0.13417460445844284,1.666582798694596,-0.09694468081174802,-0.0667875267203088,-0.04188285611396124,-0.023563510757741737,-0.010575988382261406,-0.0011504890751913783,0.004567376532328348,0.007602611317205204,0.006944369860497593,0.0064000050390504905,0.005880612104489227,0.005933506127056498,0.005929033470142804,0.005319912919692196,0.004298162196002649,0.0020511971059425497,-0.0012935137200512203,-0.005920801268340135,-0.011843409940239642,-0.018529079227162668,-0.026423130605747,-0.008046037514756339,-0.0008208463300274861,0.0016502443318008647,0.0021818158877980665,0.00197542320184477,0.0016016332103629559,0.0020392313373589397,0.0010599520295533063,0.0017560773165793222,0.00402499710898295,-0.0008928005259315533,-0.008379471813156328,0.0035594043035071504,-0.003165179299030634,0.0007523853249138906,0.01633009959990697
0.010426838319891473,0.016218279929109947,0.024994238251101877,0.037138388839510476,0.05129361397262695,0.0642635710526136,0.06940824423063409,0.03921466878596939,0.033850849667505206,0.043345974294473365,0.044861368439186027,0.04811966755654534,0.03963971579606208,0.030318693534615766,0.021961618758085413,0.014218650482071344,0.0026207588393079694,-0.01418676156680791,-0.030992689379575885,-0.06265933377643186,-0.08823065288281848,-0.09694468081174802,1.7042145904663712,-0.07341572439812866,-0.05511957672220357,-0.03655868830451205,-0.0195369019672114,-0.00476073082329159,0.005210328964145157,0.011048826383591356,0.010765563234081782,0.011901522171950878,0.012472346809385517,0.013725321829273225,0.014234917340636975,0.013021312284342649,0.010458859467358216,0.005419571006072741,-0.001748154502289888,-0.011358092129221013,-0.02331690832431797,-0.03708255849194901,-0.05334474926976693,-0.02004602748759954,-0.006302829098589816,-0.0009161964515009518,0.0009082104608949121,0.0012651400359344645,0.0011666637347075425,0.00409835125138282,0.0011141960684381894,0.0003514873848863674,0.0029086530629153923,-0.0006464660108161307,-0.005493785444482362,0.00399751805752406,-0.002535155700905935,-0.0035511245337713046,0.01311448279599175
0.006215755867052599,0.010524286041569264,0.01741264760971756,0.02742125359449374,0.0396305656712203,0.05218778967591736,0.060458078132041376,0.02861350257266267,0.02229786518286711,0.03055332234548724,0.03297218467457245,0.037262125262182005,0.032343738347077815,0.026476585932984138,0.020676036740643743,0.01640650956999588,0.01010285898095053,0.001244821305399649,-0.008094701044634379,-0.02626356237180771,-0.048937177506175863,-0.0667875267203088,-0.07341572439812866,1.7218790288839638,-0.06025561221031112,-0.04437774717801933,-0.026667707729724533,-0.00944245075551565,0.003108391068921031,0.011295138910402897,0.012452066207941509,0.015664470881929606,0.01767431369824083,0.020149653121682206,0.021091476735012986,0.019508711159296727,0.015835833408449747,0.00862202660107582,-0.0012200963724930212,-0.014093678443219489,-0.0295859384275592,-0.047122923144283964,-0.06743786303445384,-0.026140736945389726,-0.00900579838942033,-0.002167867644041828,0.00029644508494860246,0.0009105445867840219,0.0009394487690178587,0.006190167789131193,0.00010263011405280546,-0.0005237173576144532,0.002209106558433166,-0.0003617520204836511,-0.0014428822875643245,0.00278564345930284,-0.0011461868096473424,-0.007343363047784842,0.01124292430239502
0.003609872891969643,0.006666392435144208,0.011742106965918205,0.019313094605147112,0.028702558802702425,0.0390235620023656,0.04697862847587805,0.020163242050479847,0.01435541495501666,0.02065574355674056,0.02330621217974015,0.027491802195890428,0.024830729805092353,0.021346289296123748,0.017521121539745693,0.015496765914228697,0.012390079912770401,0.00837342176428355,0.0035774351128494103,-0.005325707633034349,-0.022647975646308802,-0.04188285611396124,-0.05511957672220357,-0.06025561221031112,1.7365371298739556,-0.045320425099192777,-0.03044969213880592,-0.0143373546077377,-0.001422516940521124,0.008189190381541785,0.011582810587315499,0.016856531128200007,0.02039761492101935,0.023889904436444172,0.025085187438589392,0.023320018494801423,0.01903793302259003,0.010614969699634907,-0.00031085308479575444,-0.014089619764146398,-0.029937120663471737,-0.04733875323722275,-0.06686157729893928,-0.0263490135420865,-0.00959060423088039,-0.002880375884716079,-0.00036302791634814345,0.0003459889590359306,0.0004846533170785319,0.008202449436833027,-0.0016519182354760424,-0.001049398142262776,0.0017746296760072547,8.952578394895584e-5,0.0032342566080345637,0.0008725259495116163,0.00043748333636236153,-0.009626212289487329,0.009396344727255307
0.001547127967769092,0.0034693281436285065,0.0068175725761917185,0.011956671022696286,0.01830376225702655,0.025688367042927575,0.03153628541312342,0.013230795023294824,0.008823812712313145,0.012884237876170625,0.015214205940308326,0.018519315739787167,0.017351059601520093,0.015561941356986922,0.013441561321144897,0.012676080235609134,0.011220822410127297,0.009389908272602571,0.006734422582089455,0.0030170435648280533,-0.00829429075718936,-0.023563510757741737,-0.03655868830451205,-0.04437774717801933,-0.045320425099192777,1.752536104144693,-0.030785398005816422,-0.018790576316756066,-0.00774861835250189,0.0021688548915444294,0.00844897360828037,0.015988330990283472,0.02129749048565618,0.02521473746629149,0.026203069717894895,0.02436884809083236,0.02001078433168807,0.011428529926501705,0.0010234333206581452,-0.011416061537336354,-0.024769061028800558,-0.038604145139218,-0.05312533167790901,-0.020620351290366466,-0.007477365695421534,-0.0023693556998219917,-0.00045119848420603425,7.416918364612942e-5,0.0001923250896959838,0.010003809024582574,-0.0037958796589012706,-0.0015086461537753852,0.0013643918342129426,0.00069055898642284,0.006650511566543368,-0.000320768431311172,0.001127462467047608,-0.010180853680291382,0.007280697454117964
6.573839835324496e-5,0.0010093342987696197,0.002799710426491566,0.005651958544307016,0.009006529604159215,0.013214980739742714,0.01627571999971931,0.007271023754058644,0.004694290052501947,0.006710826720799782,0.008239896828583167,0.010332325000891993,0.010194362469410495,0.009694947278013838,0.008953296773248565,0.008813435096369374,0.008099512393690434,0.0069625828463779765,0.005229731448036711,0.004070933842274769,-0.001610824989892816,-0.010575988382261406,-0.0195369019672114,-0.026667707729724533,-0.03044969213880592,-0.030785398005816422,1.7652340860285667,-0.021727134397419842,-0.01502195994976018,-0.006350046157076309,0.0034769623382783993,0.014637246366315065,0.022535869675671987,0.024975765301361908,0.024374615743656822,0.022453801039241446,0.018672814531612836,0.011161795204401111,0.0027179310035295584,-0.006786783857097259,-0.01617270811825609,-0.025111631686457875,-0.033433519121089154,-0.0123193088794049,-0.004216221671339145,-0.0013192530547989796,-0.00026650072652456824,-5.031615324478028e-5,-1.432335647924861e-5,0.010742002856338355,-0.005380958081817738,-0.001762265602382244,0.0009608705672584809,0.0012852381023108306,0.008527412046101175,0.00017252880721344054,0.000341202521873119,-0.009708475411254185,0.004530006474278067
-0.0010508983135552891,-0.0009020363686866726,-0.000392343778924336,0.0005597332351578495,0.0013540961155662308,0.0027298901031894487,0.003090741100338165,0.0020012911510724524,0.0012458387893210918,0.0017493806141951798,0.002218180042702246,0.0031504208968929615,0.003908219011259302,0.00447312454463751,0.004588828812889715,0.0044826901583332685,0.003968204976266812,0.002997646051786687,0.0018362453893253565,0.001959499617717145,0.0011593142549544068,-0.0011504890751913783,-0.00476073082329159,-0.00944245075551565,-0.0143373546077377,-0.018790576316756066,-0.021727134397419842,1.7694054476225969,-0.023740999491159553,-0.018081181798729223,-0.0031208217781882033,0.015122024107266593,0.027425727645060658,0.024423785706634782,0.019011161302492044,0.01635215173621175,0.01359481363059564,0.008597645779456688,0.003680417659227932,-0.0012984388234152711,-0.0055535547564979915,-0.00902267285989073,-0.011056616012454699,-0.002939326854315066,-0.000489320903183803,-6.226124743548681e-6,8.949382952698109e-5,-3.718972304547545e-5,-0.00011273970036812591,0.009772616880075177,-0.005757197288189445,-0.0016208990011175965,0.0007639574078971206,0.0017517259280412465,0.0089225216802925,0.0027293088240599546,-0.0031164595076444246,-0.007294710783764415,0.0006978617770347393
-0.001663328465403132,-0.00202390655689267,-0.0023456463953870623,-0.0026599909353892883,-0.0036746923541630663,-0.004191323539225932,-0.005218547298329683,-0.0016092980968889696,-0.0009883536335386623,-0.001287672138459759,-0.0018628800362357628,-0.0017726726623222772,-0.0003267434409421787,0.0009956743652086127,0.0014525206254611875,0.0011507123158926698,0.0005537592961375209,-0.0004552701200201166,-0.0012720226420178111,-0.0005234252751554344,0.002048050014538684,0.004567376532328348,0.005210328964145157,0.003108391068921031,-0.001422516940521124,-0.00774861835250189,-0.01502195994976018,-0.023740999491159553,1.7603087472439551,-0.031201782874389964,-0.010439572858065923,0.017463839317350596,0.035973855005735675,0.025182019188779877,0.012923578927709223,0.009052425860438057,0.007254787243227539,0.005208499645294755,0.004167061926039694,0.0036018462444923067,0.003638429393291759,0.00399248316117963,0.005793028326958292,0.0037014014063685746,0.001881454128033756,0.0006971724170732797,0.0001935433817059251,-0.0001259272393408879,-0.00024739702622238245,0.006956950269519112,-0.0047245799924922225,-0.0014085076521770275,0.000577845083134447,0.0022982791229544408,0.008636511770911693,0.006792485905006029,-0.008079504547028552,-0.004778174527551558,-0.003290488288156682
-0.0020397565293050917,-0.002682728348486903,-0.003420052265523001,-0.004388930574726533,-0.006432771003149897,-0.00797061614283049,-0.009595533905809629,-0.004081236655735906,-0.0027262071054580564,-0.0034808381092985346,-0.004225360341177835,-0.004557974934398066,-0.003011950937669932,-0.0018128344255812548,-0.001203417763779055,-0.0013287507766094788,-0.0016490859185907597,-0.002538768517561124,-0.003061161300840708,-0.0020692884801163636,0.002338240441953418,0.007602611317205204,0.011048826383591356,0.011295138910402897,0.008189190381541785,0.0021688548915444294,-0.006350046157076309,-0.018081181798729223,-0.031201782874389964,1.757811781581392,-0.016883596575324566,0.008623256885550332,0.02794129644636434,0.018363058232093395,0.007113551224851789,0.003201665695419263,0.0013969575621152986,0.0018534451542414755,0.004350605377939257,0.008029954488868094,0.011905892937905841,0.015374628672174945,0.01983151493327764,0.009188515700813719,0.003956580342385786,0.0014985465075688187,0.0005100208364029658,2.073714901635641e-5,-0.00017353412716620257,0.0034063710952398807,-0.002989296870548805,-0.001126404157098707,0.0007333167290966615,0.0027850577568835546,0.006386020021008172,0.007524949544558435,-0.008644388809084129,-0.002618402302023189,-0.004429255157523662
-0.0016925884998577937,-0.0022815766280894273,-0.0030030393137748302,-0.003961149196247322,-0.0056894023360851784,-0.007169288499501656,-0.00874858017746251,-0.0038946953497364487,-0.0029258882704423297,-0.003758131224281863,-0.0037522023419149873,-0.004125539965738346,-0.003941620540670712,-0.004112018263583036,-0.0034214446490080427,-0.002449254477764397,-0.0015521951392926045,-0.0014219099058389777,-0.0017608952898857835,-0.0010661680963324237,0.0023003904000774445,0.006944369860497593,0.010765563234081782,0.012452066207941509,0.011582810587315499,0.00844897360828037,0.0034769623382783993,-0.0031208217781882033,-0.010439572858065923,-0.016883596575324566,1.775165818319367,-0.0178324087998264,-0.010318831116320086,-0.001657577187242315,0.004077759947992583,0.003909015073025853,0.0016216763831311955,0.0026791565712937686,0.005961413394593343,0.010765691014022055,0.01513243243323872,0.018349361534579504,0.021408877204900503,0.0086640842640448,0.003411329213795548,0.0012009534936036166,0.00036632208260758845,-1.2954649563919151e-5,-0.00015297328692035495,-5.444870154666478e-5,-0.0006176842031550108,-0.0004868046785786002,0.001141461961648468,0.0016399081149128223,0.002696531270607653,0.0006393676796125637,0.001204258346417923,-0.0034201946539926895,-0.000314901921150321
