0.5604418622926072,0.12227113818132698,0.08808081756274337,0.06162942242310304,0.06463470370589917,0.050922068150268056,0.049034160258194195,0.06462823063927538,0.02037454202226731,0.04331779716034106,0.03546842536489551,0.05420614920653265,0.022437778699293535,0.028937034128459615,0.06874356410975838,0.03369464751298479,-0.0009499674684478409,0.05639671297078214,0.032497752011271426,0.0310459294995586,0.05628691416968454,0.031301464264190504,0.006225158868802492,-0.03813955866876228,0.0651201471978066,-0.007776691553268836,0.03292984451189516,0.031048047808936174,0.06550285938013245,0.16332235038297888,0.04112545573249289,-0.03137176286949525,0.06091041227562849,-0.11207257549429375,0.04251736463813617,0.03139332177347112,0.0299627790329008,0.05750888193802821,0.04423554671258071,0.06183169631637536,0.08784259825516764,0.037991293989520385,0.06509063200084725,0.04119268920830108,0.027508680931334902,0.06274769845582973,0.04572735491596064,0.02029126592357164,-0.02263539689919522,-0.03883796661652692,-0.031057857145349164,-0.05011417361860059,0.06050942179319437,0.019530290687742625,0.046246680234159315,-0.03124298020479898,-0.001577133191889531,0.0627520433186443,-0.023010531018527517
0.12227113818132698,2.094000246263907,0.8669019433149168,0.0906919003843937,0.04881697429256961,0.10616743914278001,0.16321794313658075,0.1206772072217297,0.13958345261679736,0.26387943022030275,0.11555476554139268,0.19014250193691246,0.0858198055167353,0.10718919265021272,0.40641683091987885,0.06213690329346796,0.1673582588438582,0.22123159745211185,0.08400883150036398,0.3109493979114659,0.20865207632545055,0.07414212577857628,-0.15983468455282038,0.06521580720705346,0.10947152173898526,0.10554325534038375,0.11040418537529807,0.26283615677978434,0.3661568649496956,0.2854012567208427,0.13214042284404773,-0.028635731397949418,0.16810489220188526,0.2012723903492496,0.2856122140528687,0.12781605298473964,0.4685217774288688,0.21838655024661602,0.06373605580766743,0.14576745271631747,0.0397612859370263,0.22923102900311992,0.14382226039288362,0.0492282354613839,0.36708397704723633,0.1430856866321584,0.28357424453257074,-0.10365452992668103,-0.031798461041833946,-0.0499328449172039,0.06835988962730587,-0.01578946632336842,-0.014757168055480515,-0.00552418884109797,-0.032947153309704304,-0.0424151857637797,-0.6172711064396834,0.5308443497886968,-0.01992649070488345
0.08808081756274337,0.8669019433149168,2.304635725261361,-0.05172495104189101,-0.1949145167730122,0.2401317932244175,0.16940503529266182,0.14209068972621022,0.19384088878061184,0.2976747066126565,0.07613378317747893,0.22100445104680363,0.05729623795307345,0.1339776693495725,0.3403562502403075,0.016435967154253314,0.30148102312105646,0.09038123995133715,0.028042512515221236,0.21040176640146757,0.17231438299662535,0.18720755538032532,0.03322332079095298,0.2687300312847618,0.19205105480043896,-0.0014725224012679624,0.04815876465164232,0.19093549135813087,0.49159995921230965,0.24652395678162184,0.16345618980986176,-0.09199000235807954,0.12280117730249993,0.18385520278929657,0.30355069536489837,0.18055468924011933,0.2789602675224938,0.2549984199995962,0.037246476748471785,0.18370313344709202,-0.010719228226820017,0.1835679995124472,0.07546014422510869,0.1170952621216267,0.24813526116517676,0.14338927310808175,0.3466560252602572,-0.2022343120391407,-0.057612137556471495,-0.09424931754891575,0.024004841470313884,-0.005901251587287612,0.023182564818718977,0.018796646775416846,0.04781535104471866,0.12100501762697201,-0.19730542729662318,-0.04352635363700929,-0.03729451988644171
0.06162942242310304,0.0906919003843937,-0.05172495104189101,0.5230459261760159,0.35500279126830336,0.1765394549879009,0.15188685239072558,0.15545553400436438,0.030858298400339233,0.11187478231581005,0.11853946347730195,0.15614595547321955,0.08779877787340118,0.11494979493667525,0.1003662711974527,0.14158822345007605,0.1075086826988557,0.10755581906305137,0.16574856214948736,0.06111090530313132,0.0845186454828199,0.11006165801847707,0.08038125057366526,0.10034013999852803,0.08499930617518295,0.09469454289044642,0.06779876956596327,0.03941979747046544,0.10393744313683018,0.05765127140084097,0.06510591435268946,0.09677687443253331,0.07398949907875886,0.13574620442945082,0.006551695083935953,0.07921820474489623,0.12423494338304471,0.09792088907617563,0.11264753030831852,0.052600103786949425,0.04968205200184,0.07651429298390214,0.04305635667493525,0.12839836664097465,0.00656780214431228,0.022861367107969818,0.13699740498138405,-0.008740562550377884,0.004360230635588409,0.09880591176401296,-0.06357492994646977,-0.02180601060471758,-0.0025502760972476433,-0.018393174979495625,0.1827822854560811,-0.0064780433902255985,-0.362367266754815,0.1897180201403814,0.03362629750851733
0.06463470370589917,0.04881697429256961,-0.1949145167730122,0.35500279126830336,0.77296049211418,0.13655378118225628,0.14906729502020977,0.20407213770725768,-0.03071923295998474,0.17978690837726957,0.12633862561599649,0.19781539190562092,0.09334939543336496,0.11720920029245395,0.09599754201208575,0.15149844986733965,0.07487244580222828,0.11638668720725227,0.28966475367562927,0.061942403444302636,0.0827233619059994,0.08966749816541021,0.04543267741766421,0.09076623708496628,0.07776363918261744,0.12844725975745247,0.07346852944255924,0.03769683710059045,0.044093689590816755,-0.010406596460115889,0.07998208025032737,0.16572193190350584,0.05136327511206827,0.17380021465862938,0.04737682424189783,0.11004799270835373,0.13207288224987282,0.0613763120645791,0.1427096915371453,0.04652536553256463,0.05557362369004595,0.08564811048742935,-0.025905429729866036,0.10088284901633636,-0.0018621419438258663,0.05871903728502054,0.11888007452602879,-0.004666148815536981,0.06312262754024181,0.1505543522200217,-0.03841305393636439,-0.09709778560127387,0.04157076262584383,-0.016525641061423495,-0.0204789026298475,-0.06489597703883586,-0.07927626359681568,0.058652094001087084,0.08284721861335205
0.050922068150268056,0.10616743914278001,0.2401317932244175,0.1765394549879009,0.13655378118225628,0.5603094769094408,0.12156941577284681,0.27207708672728165,0.019718632761476444,0.03410139134991913,0.16609142777787878,0.13934408184869734,0.0995013497355181,0.13652602557190335,0.1687353449491475,0.14936345957764852,0.22035874710752643,0.09091714395740154,0.24217779293664038,0.20989920494619124,0.14965481325557448,0.13737415567285863,-8.721649365564238e-5,0.14486550234248002,0.1188877958585814,0.11244579227802058,0.1012751371177328,0.08625731050090779,0.18326587705004185,0.030651849612991194,0.11591957784652673,0.14531529046921213,0.06753405977424357,0.1927484702975669,0.01948465950199648,0.07362199099870462,0.20141580199523046,0.17863019696863353,0.15118785137236665,0.05853875832944982,0.08720276574542192,0.12091505877425292,0.1340103813465767,0.04888855458802593,0.10738729174009833,0.08315635721713675,0.12232438511672263,0.021367859398957887,0.07100394179598978,0.12481493291683937,-0.14289701353479708,0.05992861929655462,-0.07706556481637938,-0.0205466982897859,0.03521960651930538,0.03526827282265621,-0.1325826218960227,0.11767097509767696,-0.06018674303374702
0.049034160258194195,0.16321794313658075,0.16940503529266182,0.15188685239072558,0.14906729502020977,0.12156941577284681,0.4606564319966958,0.046360618788296205,0.17270508708908722,0.12680430399531922,0.11538665971343488,0.3067042324060846,0.07887448638310116,0.19796455265853546,0.04778730721512086,0.17610527422090747,0.13746427742902137,0.0980082632605351,0.06001222781725359,0.04941489957665504,0.13489564408741786,0.18789574241834012,0.1322015233770508,0.15081513698214474,0.11213312902313807,0.09326710034779578,0.09169660729961727,0.034026682536102665,0.09687974526788118,0.04134319013651504,0.08481465402246424,0.09913379461244134,0.07757771718364982,0.13411175167466965,0.021512341571181332,0.16392749335852091,0.09676229099781046,0.1073941593169275,0.019763738547076342,0.10292144782946305,-0.00162476222486294,0.11694858858365913,0.025951867488011985,0.09879885990522534,0.07798875160496606,0.034899475836041305,0.12320249849097534,-0.11831242951321538,0.015294192611781882,-0.019334905602573567,-0.026166204299224213,-0.05561007631117982,0.03459201391553169,0.017864644986774612,0.045478768798363545,0.05871239506679277,-0.09166478357218523,0.08810171642101135,-0.15147994722687408
0.06462823063927538,0.1206772072217297,0.14209068972621022,0.15545553400436438,0.20407213770725768,0.27207708672728165,0.046360618788296205,0.849643576060432,-0.08104373914436186,0.21774037797657564,0.22509701560595516,0.07144069290827448,0.1368079059195308,0.15110976925777572,0.11062051392732031,0.1290150468933294,0.2690613896878106,0.13125095191455477,0.23105086684498963,0.23018700715138246,0.07104706436962388,0.0584853698710568,0.011776663121869634,0.11801698173362948,0.14501780011284593,0.1281654012909017,0.08751679748575426,0.07378819904198725,0.17798119947059485,0.057814137351409584,0.12447911709289868,0.035988091823462534,0.04966642015250249,0.18826624775876583,0.02795006127045031,0.05227323967297769,0.24544776792192083,0.08772350726027262,0.2624103598059603,0.07243549008010883,0.09809978614939809,0.06287604019317544,0.1400929133560757,0.04251222017469789,0.04011220477733382,0.07392301598169092,0.2561539821317863,0.04703823495750582,0.11266944924617121,0.14460640180862175,-0.026113862112320415,0.12685366671235954,-0.08146727872980841,-0.11388711338051649,-0.022838918735353163,0.055156685499456605,-0.04752814100955106,0.1782362661119764,-0.1278590225858201
0.02037454202226731,0.13958345261679736,0.19384088878061184,0.030858298400339233,-0.03071923295998474,0.019718632761476444,0.17270508708908722,-0.08104373914436186,0.5638641540993964,0.09659051923508152,0.05389432458605437,0.06956443873674897,0.06371251018604522,0.10194322299568588,-0.03430494171437083,0.0750987613623961,0.031878780694033104,0.06945477014477265,-0.11436203072222256,0.01563875130747083,0.05501934380340397,0.25873150954827184,0.1604873394220248,0.12506960196394684,0.03917006114719963,0.16622886961586286,0.06601014588389477,-0.015084994356698226,0.05161819965421193,0.0349922016782392,0.07378212961097388,0.10297267541208269,0.05170676774338222,0.08686705596382373,0.00772700409145609,0.11475675143808849,0.05169539972293714,0.07451538853204423,0.03238728559469085,0.0732060036641394,0.005528173553761795,0.06240814286478899,0.04705388066838792,0.1079199915138169,0.01989280803389769,-0.0075525984430092254,0.12416320766523996,-0.10017412008451433,0.04303140916559573,-0.004957862934569867,-0.0727460005661126,-0.08652253128328409,0.06613177223234866,0.006904088922694755,0.015033274777527523,0.05881030232362135,-0.0649689320966328,-0.007493287760003744,-0.02967614651913454
0.04331779716034106,0.26387943022030275,0.2976747066126565,0.11187478231581005,0.17978690837726957,0.03410139134991913,0.12680430399531922,0.21774037797657564,0.09659051923508152,1.310815431369138,0.12643570449020677,0.28151304808784416,0.055037243970436196,0.20267746333429248,0.14875886341566727,0.16856726620784518,0.12132593536435898,0.18100904511042906,0.05526113908150712,0.12007640698130208,0.0748580417843486,0.14861951007509158,0.09280771147354541,0.19860981359510257,0.1477227961987734,0.1504361764121045,0.12763810154484323,0.0784902605221289,0.26448600829023505,0.21015478078509764,0.15469528244643618,0.05709542690030363,-0.09740101631844984,0.1851294149084114,0.2773231328082563,0.16812676247333724,0.17496922520877775,-0.0063298582119938685,0.10242238249680319,0.21233623024321124,0.10617870426048605,0.10669539506775351,0.017273716032578424,0.11351809903246006,0.0605500935007765,0.040801757153003666,0.5176809747413602,-0.04212011359840923,0.018900892157004977,-0.05683537892696944,0.01513867217655773,-0.22566701619566024,0.04895351827876665,0.11742520219223197,-0.04335992807798362,0.0365603618448898,-0.005934390987592646,-0.10640007202234958,0.14643945699205507
0.03546842536489551,0.11555476554139268,0.07613378317747893,0.11853946347730195,0.12633862561599649,0.16609142777787878,0.11538665971343488,0.22509701560595516,0.05389432458605437,0.12643570449020677,0.376670092483883,0.13870026637184224,0.14497245873642323,0.16626193176910506,0.17191356957622408,0.15078637156270078,0.26729359305079314,0.12161764785601734,0.1034818356375049,0.12649110302742547,0.1277581784233337,0.11063144020927755,0.09405846361841781,0.14314177770261383,0.14613597251070662,0.10354571092872802,0.12567983137653443,0.058542957515983866,0.1982336115215935,0.07479231705527148,0.1052864565765889,0.11533409392286728,0.06424348438578828,0.1752360083919971,0.06910974756919248,0.14723423821720197,0.1536148622858667,0.08471035343507415,0.11888862204145156,0.11689174320153846,0.06769990427241945,0.11317172591499898,0.0627483596389787,0.08142084247627267,0.021583500014070122,0.05990335009978401,0.24531659591309457,-0.06116697677793152,0.03593990700670405,0.04835932599238997,-0.03502042415938777,-0.007758983860577833,0.007047248167691609,-0.013986994922761575,0.02136895477990538,0.04367987808889611,-0.1354272204079914,0.01995581325998045,0.03901672181928713
0.05420614920653265,0.19014250193691246,0.22100445104680363,0.15614595547321955,0.19781539190562092,0.13934408184869734,0.3067042324060846,0.07144069290827448,0.06956443873674897,0.28151304808784416,0.13870026637184224,0.7366389059394927,0.06811106977342342,0.20355517907267442,0.10405211131057512,0.16027343547155612,0.15446786288196812,0.08482276414227553,0.10176096251125262,0.0886399729267518,0.12657717267402233,0.10796644156610054,0.08427569729792572,0.13518961951141908,0.16728361189915888,0.0642342851486219,0.15661633108794965,0.06221652679296093,0.11345845709042368,0.06342993680612616,0.09030936041005712,0.1405256924380075,0.09980083673998665,0.14770372913895125,0.08233987761117245,0.17586107042220195,0.08417061079479157,0.13098506190036263,-0.024147460564963075,0.1433353776716815,0.00265667120126321,0.12606123060704874,0.04679451616219846,0.08551991604612426,0.0721309061174108,0.0728242559716997,0.19940018295005657,-0.10857357004851634,-0.026884649396670048,-0.09378429524320295,-0.014896665928331151,-0.0751667405743451,0.09355517908782673,0.05230418006343565,0.02846377500319947,0.05084050392330601,-0.05766335898458083,0.05149650363088973,-0.08248945781310078
0.022437778699293535,0.0858198055167353,0.05729623795307345,0.08779877787340118,0.09334939543336496,0.0995013497355181,0.07887448638310116,0.1368079059195308,0.06371251018604522,0.055037243970436196,0.14497245873642323,0.06811106977342342,0.26718330899289416,0.11080829041833729,0.022820990243166986,0.10668473192721116,0.11596330970937146,0.09151255239980008,0.04807647440683743,0.0814896929674508,0.07326905175307935,0.10300219903727753,0.08337391731095287,0.11414930784466772,0.08610778337656047,0.09981224772282038,0.08142350519614433,0.044978659470101774,0.156984112512827,0.045964194037603844,0.07040391409745839,0.07818456965546018,0.05296917705397301,0.10842222466158366,0.07906747591017306,0.09589064124912525,0.08912780603617179,0.040883868135286175,0.1269130355781484,0.09311794674444379,0.03703128096621781,0.06306882115028353,0.028367529850698316,0.10420493063950455,-0.02557006215990878,0.010751240102906522,0.14339360083220198,-0.05206974828846105,0.057109642865992315,0.06866930089627303,-0.04174579661144614,-0.048047838505307375,0.0008360102426134687,-0.006392943322477251,0.04200265362530707,0.0192139674772916,-0.11548824202788645,-0.1278167241599434,0.17241036865392922
0.028937034128459615,0.10718919265021272,0.1339776693495725,0.11494979493667525,0.11720920029245395,0.13652602557190335,0.19796455265853546,0.15110976925777572,0.10194322299568588,0.20267746333429248,0.16626193176910506,0.20355517907267442,0.11080829041833729,0.7326424426096532,0.17197063172983926,0.24075429843749477,0.23829639714891301,0.04112059732233428,0.07005725121504408,0.08924874180540353,0.18602449212420927,0.14958003545888798,0.1553726449660757,0.1865528417817857,0.180584274910697,0.16255351870017,0.05514391594697076,0.06063392493033677,0.1610214622455879,0.09721099279664998,0.07560712704698412,0.042400244103353635,0.013415717502965737,0.17292300058211363,0.10422671283707086,0.12601248594564907,0.14621269063674708,0.1168070265046055,-0.00516418835017696,0.20909775054819502,0.06631101138908786,0.16347257558969136,0.06290989551911533,0.15924443819129802,0.09331588005460084,0.01854496649248122,0.30735540241440534,-0.05063635001180528,-0.0453629771609715,-0.06487012696181453,0.02849167395395801,-0.09959708404276225,0.006857513298678917,0.08891637727003936,-0.04580266835621224,0.06376727366897604,-0.17500312889728545,0.047356176409853165,0.16935887725201407
0.06874356410975838,0.40641683091987885,0.3403562502403075,0.1003662711974527,0.09599754201208575,0.1687353449491475,0.04778730721512086,0.11062051392732031,-0.03430494171437083,0.14875886341566727,0.17191356957622408,0.10405211131057512,0.022820990243166986,0.17197063172983926,0.9207170695229612,0.059131554849507106,0.2796688445941475,0.15581083024065534,0.14180672141508507,0.12133663734510933,0.12508671817479325,0.021185321260745626,0.1585382180627682,0.18270408490898085,0.244457546420668,0.051790848954500944,0.10504038649113896,0.10685946268900258,0.24528607124778765,0.24163650894821612,0.13369417779956258,0.07307083192185436,0.08703771997940646,0.192191383551854,0.094448587906102,0.21059484424804711,0.18406221113912058,0.11625768457228615,0.11665134112014626,0.11511321968990482,0.13492047318739023,0.13967855977811328,0.08343994579184812,0.1295615827364096,0.006512262599511082,0.19532001477224764,0.24429676754108165,-0.0729811101941808,-0.07614680242496429,-0.04477513816532264,0.008223967720008609,0.10696520164317354,-0.015506136599460018,-0.026152145194999216,0.0807725540397871,0.16547702699522054,-0.3818868057401893,0.17346024961236428,-0.0850144372011686
0.03369464751298479,0.06213690329346796,0.016435967154253314,0.14158822345007605,0.15149844986733965,0.14936345957764852,0.17610527422090747,0.1290150468933294,0.0750987613623961,0.16856726620784518,0.15078637156270078,0.16027343547155612,0.10668473192721116,0.24075429843749477,0.059131554849507106,0.8335639915049958,0.13291983381112438,0.1623254894015768,0.11738744085618501,0.0708255404936945,0.08236212516963126,0.3797482360196792,0.06445411668912315,0.16430284924300936,0.14115082820789182,0.14775613556599076,0.14138291784626045,0.101401748622138,0.2362427126250324,0.05514313411894398,0.12764672805829674,0.1647484894685299,0.017449997101693232,0.17116552859575337,0.1695214652425026,0.1311843252576794,0.10156175986011036,0.11494177441521033,0.17618728525549707,0.13566396701002437,0.02613095964030201,0.0903335559306938,0.0793418088100587,0.11809871436299468,0.053254168783092,0.003170998969205625,0.23795982200717133,-0.1041248033559264,0.016961804540726877,-0.13428569424325526,-0.10909384011224925,0.0462089932963422,0.039186675661207655,0.020937300159661554,0.05685815244457696,0.0813187135895346,-0.199952623034251,-0.027097448858652742,0.10286331599236545
-0.0009499674684478409,0.1673582588438582,0.30148102312105646,0.1075086826988557,0.07487244580222828,0.22035874710752643,0.13746427742902137,0.2690613896878106,0.031878780694033104,0.12132593536435898,0.26729359305079314,0.15446786288196812,0.11596330970937146,0.23829639714891301,0.2796688445941475,0.13291983381112438,1.0420548111511663,0.08913107839209776,0.16949617342744722,0.11321445940375224,0.23806118658075776,0.12575044842862895,0.09916743618850526,0.16818730857024292,0.24759527523582045,-0.08479454397135155,0.15284322511259224,0.14826391358558094,0.3302931830488477,0.12078313631281637,0.14338561568824412,0.04607004775841062,0.20241513887531293,0.22795178364286423,0.027103092828205395,0.22696795183300178,0.34702723461305507,0.19159911497254814,-0.020278821380500026,0.15715119242940917,0.05009112847439945,0.2004449758872978,0.08980477429620609,0.10837869468489104,0.1426597011623514,0.10192734672707861,0.5519739884981781,-0.16710601061590508,-0.11966267850719313,0.2057085200060237,0.12253738348375677,-0.03616896073442118,-0.1223917653529899,-0.042940016320056625,0.09711879871544983,0.05913838601951255,-0.19935550172523658,0.055626612553558066,-0.03466307266167117
0.05639671297078214,0.22123159745211185,0.09038123995133715,0.10755581906305137,0.11638668720725227,0.09091714395740154,0.0980082632605351,0.13125095191455477,0.06945477014477265,0.18100904511042906,0.12161764785601734,0.08482276414227553,0.09151255239980008,0.04112059732233428,0.15581083024065534,0.1623254894015768,0.08913107839209776,0.7487430419634904,0.10835708227492424,-0.08931709832928027,0.11912864559183522,0.15080953769955696,0.26257015130070493,0.1105623450067624,0.1283299110403759,0.15820131210410612,0.09544447668058015,0.08654193982145154,0.15983190863087013,0.0721462020825805,0.16126290327401058,0.05721417999055508,0.05626365276309856,0.13058080868997277,0.06299207233358552,0.23042483478206946,0.19636946206516934,0.05312014720853285,0.1413669858004506,0.07495755123847594,-0.016122174546791237,0.09049645806879028,0.0780691870695544,0.18327570909510751,0.13876951305120794,0.046780925532819505,0.19669988958191353,-0.19402748733360844,0.03876934532314824,0.14058869907243982,0.14537748007174553,-0.08090952233337916,-0.1686932224436875,-0.06203719836044593,-0.038428482848294684,-0.05180182401199993,-0.13400023628892405,0.13605102865165786,9.85253436093189e-5
0.032497752011271426,0.08400883150036398,0.028042512515221236,0.16574856214948736,0.28966475367562927,0.24217779293664038,0.06001222781725359,0.23105086684498963,-0.11436203072222256,0.05526113908150712,0.1034818356375049,0.10176096251125262,0.04807647440683743,0.07005725121504408,0.14180672141508507,0.11738744085618501,0.16949617342744722,0.10835708227492424,0.591094929702258,0.05320592279190316,0.10691421480875511,0.0651956667972126,-0.05691475971573469,0.059836639055238956,0.061829329512162925,0.006969670020399337,0.04453542304699682,0.18193551356630333,0.028361191026498866,0.0020470280904033907,0.0737063250267935,0.06359997512965102,0.10528052393139893,0.10583844994197336,0.009480576354578048,0.04855898917494178,0.15318172696778176,0.10267188717602305,0.141114464209636,0.044119607249681066,0.046612443315554725,0.07803109773853056,0.032480924963685445,0.05531342969138907,0.10142277395684464,0.11123655829229236,0.034273070429338824,0.0629541602208993,-0.013977922984057329,0.08182523835860574,0.18864434858617354,0.2713228584341044,-0.2567301995744682,-0.09547685026990817,-0.04020520137960704,-0.0278927573482157,-0.07033770578012523,0.14020528788747685,-0.025194051416507005
0.0310459294995586,0.3109493979114659,0.21040176640146757,0.06111090530313132,0.061942403444302636,0.20989920494619124,0.04941489957665504,0.23018700715138246,0.01563875130747083,0.12007640698130208,0.12649110302742547,0.0886399729267518,0.0814896929674508,0.08924874180540353,0.12133663734510933,0.0708255404936945,0.11321445940375224,-0.08931709832928027,0.05320592279190316,1.4281117493891289,0.0018093194146092766,-0.1738173901183867,-0.43127907085532635,0.045728559330617605,0.05493817078485582,0.20600634510470886,0.22245598445012055,0.16522152469096194,0.18577364362861848,0.223802801616394,0.334687196824197,0.2036140310938016,0.2025128144150095,0.2400630207222347,0.13745172405297404,0.008289685582212037,0.6455950329499566,0.44195868798449645,0.5109603641934479,0.25400931442198993,0.42094053476312066,0.10736703406138592,0.44455025808396414,-0.21081604081453442,0.3357560981138914,0.38613303691116835,0.16129180422038916,0.3218870965452086,0.19356296447814508,0.01058902341609222,-0.22413033788635256,-0.01583924155543813,0.2273736541241891,-0.061671856484372164,0.03707126096875747,0.001798837456205364,-0.03219634940380563,0.11707813624445543,-0.09221513747742889
0.05628691416968454,0.20865207632545055,0.17231438299662535,0.0845186454828199,0.0827233619059994,0.14965481325557448,0.13489564408741786,0.07104706436962388,0.05501934380340397,0.0748580417843486,0.1277581784233337,0.12657717267402233,0.07326905175307935,0.18602449212420927,0.12508671817479325,0.08236212516963126,0.23806118658075776,0.11912864559183522,0.10691421480875511,0.0018093194146092766,0.6816616151644633,0.022394158372445766,0.09160080003378993,0.0316862378457103,0.11399275042783408,-0.054596978546755943,0.10976772585213147,0.20784360675161465,0.004760314468286095,0.2248720951599212,0.08841270150859891,-0.04300205259373615,0.1451282528217254,0.16886278857368828,0.23836977451971428,0.22772173650817468,0.3534286588886499,0.23442183421357052,-0.20443847986133967,0.23139348861063605,0.06537245272306032,0.47944792528384106,0.09579458483283834,0.1228420357247869,0.5088608730551991,0.005674239977446366,0.3628895312209212,-0.16196833325765495,-0.21630583742303341,-0.021234000376670278,0.09389024563539979,-0.04629627264227923,-0.06036046183431397,0.0692262622487902,-0.04072347236161389,-0.07736779101301888,-0.06646843170360417,0.06182389159111175,0.03022354504809749
0.031301464264190504,0.07414212577857628,0.18720755538032532,0.11006165801847707,0.08966749816541021,0.13737415567285863,0.18789574241834012,0.0584853698710568,0.25873150954827184,0.14861951007509158,0.11063144020927755,0.10796644156610054,0.10300219903727753,0.14958003545888798,0.021185321260745626,0.3797482360196792,0.12575044842862895,0.15080953769955696,0.0651956667972126,-0.1738173901183867,0.022394158372445766,0.9826264020664032,0.1805898713489744,0.12377357805654916,0.05985813948693663,0.15939624696028457,0.1165095712257852,-0.0010069339247991444,0.2016301183620198,-0.05049826046684695,0.08305194437272716,0.32653548940755694,-0.020374653016896567,0.19254288470920466,0.029824605346244416,0.11893870914940875,-0.05268649321699537,0.042253122474461766,0.1969563685970962,0.03970383695723458,-0.03671767910820939,0.02779122356488092,-0.016098049916332995,0.17124283549809696,-0.08659697661909291,-0.05203783828583349,0.23040442523701174,-0.132683026390603,0.006480918892728246,-0.022198714658459146,-0.07163105002768912,-0.02377661775126175,-0.006164796368806484,-0.03507458010093454,0.03339969527426542,0.0761794509005486,-0.1514597385238904,-0.044627653763588904,0.04074543777549597
0.006225158868802492,-0.15983468455282038,0.03322332079095298,0.08038125057366526,0.04543267741766421,-8.721649365564238e-5,0.1322015233770508,0.011776663121869634,0.1604873394220248,0.09280771147354541,0.09405846361841781,0.08427569729792572,0.08337391731095287,0.1553726449660757,0.1585382180627682,0.06445411668912315,0.09916743618850526,0.26257015130070493,-0.05691475971573469,-0.43127907085532635,0.09160080003378993,0.1805898713489744,1.4292605068649444,0.3517956230148459,0.3600913358383038,-0.00218158347103895,0.021569677512101107,-0.395628821488746,0.15987840519522833,0.2182448418285344,-0.04664198284817676,0.08094468027701916,0.03537868602820491,0.10575759709562228,-0.3430269957273302,0.4708274716310791,-0.20241131067528537,0.03496980896896319,0.13947504239004793,0.23968415661865408,0.12491176518741988,0.018193547506681968,-0.019754290146593943,0.673483334411384,-0.49998562268835134,0.026392421002754,0.3508717469927804,-0.19517614213020493,-0.04696181972203796,-0.11579487052195162,0.08151402314701327,-0.11060454888617724,0.11183752787205345,0.004968199561557189,0.13557403345159572,0.08324202983690497,-0.18607423852319785,-0.16077272266535295,0.16893407229506682
-0.03813955866876228,0.06521580720705346,0.2687300312847618,0.10034013999852803,0.09076623708496628,0.14486550234248002,0.15081513698214474,0.11801698173362948,0.12506960196394684,0.19860981359510257,0.14314177770261383,0.13518961951141908,0.11414930784466772,0.1865528417817857,0.18270408490898085,0.16430284924300936,0.16818730857024292,0.1105623450067624,0.059836639055238956,0.045728559330617605,0.0316862378457103,0.12377357805654916,0.3517956230148459,0.7775298533536626,0.18964878584764808,0.04098907330854201,0.0715289864371235,0.019225300873632972,0.15721891871699079,0.18047779982231962,0.20237192117673247,0.07006315283241177,0.1601390454285608,-0.040968431232934865,-0.0242057345094954,0.325635735702978,0.023335600368330597,0.07689934634700436,0.1316043140307608,0.15279868320151754,0.09772761827505763,0.04860510880779069,-0.028900269401193394,0.2034043381536094,-0.14330646015763593,0.04793067518133016,0.17094433429059702,-0.20915928088619518,0.058261952443174565,-0.022905457594343214,-0.04930807129566223,0.006584312547974563,0.07180198829391195,-0.020589959573828698,0.11747987184153794,0.14848000921447652,-0.061339118697342127,-0.4855730346556864,0.3134382755316763
0.0651201471978066,0.10947152173898526,0.19205105480043896,0.08499930617518295,0.07776363918261744,0.1188877958585814,0.11213312902313807,0.14501780011284593,0.03917006114719963,0.1477227961987734,0.14613597251070662,0.16728361189915888,0.08610778337656047,0.180584274910697,0.244457546420668,0.14115082820789182,0.24759527523582045,0.1283299110403759,0.061829329512162925,0.05493817078485582,0.11399275042783408,0.05985813948693663,0.3600913358383038,0.18964878584764808,0.8851116600519017,0.08231223376964629,0.12662720476317374,0.004650032400768658,0.40408768877197226,0.22404990492871654,0.04076006190497041,0.1411677488346812,0.06218411108881279,0.2714853333945501,0.06391803318421742,0.26166288515595204,0.16392367917575676,0.10308503699108058,0.15743524898921268,0.17081226796023086,0.07156882324161272,0.12053559137016784,0.0856040383522534,0.22074287009782764,-0.030383895788305377,0.09493609509787192,0.3218220974192371,-0.1929038123758612,-0.03476412208643059,-0.08427404900718204,-0.058401074698780614,0.012349888228162204,0.044874283834466046,0.008338089940717068,0.07209954787162641,0.11894837445692096,-0.11601437443553606,-0.08080817706935077,0.016349755943149937
-0.007776691553268836,0.10554325534038375,-0.0014725224012679624,0.09469454289044642,0.12844725975745247,0.11244579227802058,0.09326710034779578,0.1281654012909017,0.16622886961586286,0.1504361764121045,0.10354571092872802,0.0642342851486219,0.09981224772282038,0.16255351870017,0.051790848954500944,0.14775613556599076,-0.08479454397135155,0.15820131210410612,0.006969670020399337,0.20600634510470886,-0.054596978546755943,0.15939624696028457,-0.00218158347103895,0.04098907330854201,0.08231223376964629,1.4916474834533207,0.10927865770985701,0.05438150417491406,-0.014762340079590304,-0.4502163001024746,0.11602245146695646,0.2640417754978085,-0.16604627537902508,0.2463763286604133,0.19857261964852993,0.03154795196228576,-0.07539925490982631,0.05470353003505372,0.2518784187029237,0.1617121849814815,-0.1032357328077405,0.05497339897783125,0.13163468742339535,0.04012568439697628,0.31016808155235276,-0.055015023429516044,0.018592706152531925,-0.034516195795008205,0.3627231376089118,0.19423533457338676,-0.24331927808980497,-0.11354956434731373,-0.09555072833130307,0.02335766239332368,-0.014991192367379617,0.042172647105832566,-0.005019698089145862,0.13304806829954957,-0.1674113156336154
0.03292984451189516,0.11040418537529807,0.04815876465164232,0.06779876956596327,0.07346852944255924,0.1012751371177328,0.09169660729961727,0.08751679748575426,0.06601014588389477,0.12763810154484323,0.12567983137653443,0.15661633108794965,0.08142350519614433,0.05514391594697076,0.10504038649113896,0.14138291784626045,0.15284322511259224,0.09544447668058015,0.04453542304699682,0.22245598445012055,0.10976772585213147,0.1165095712257852,0.021569677512101107,0.0715289864371235,0.12662720476317374,0.10927865770985701,0.6337814751709042,0.13479180511552488,0.10066030780016946,0.12376595096159267,0.17939194335629952,0.3405768528637584,0.13634712759102058,0.1857948051465207,0.1499242170493674,0.29441578619430725,0.213611566048118,0.268478876009623,0.09196044543182048,0.18267757126041087,0.141223455574246,0.1619743930645404,0.31715518914028096,0.005882795895500367,0.20236002322789867,0.1435074307900199,0.2373707200543898,-0.1281621409849789,0.04332912692483878,0.025328690955796016,-0.1447968996794816,0.020998853113990884,0.05387678099891028,0.02678126061757069,0.008488359229510868,0.001136041824127626,-0.008307317503525742,-0.02555789453558432,-0.0025954402161228515
0.031048047808936174,0.26283615677978434,0.19093549135813087,0.03941979747046544,0.03769683710059045,0.08625731050090779,0.034026682536102665,0.07378819904198725,-0.015084994356698226,0.0784902605221289,0.058542957515983866,0.06221652679296093,0.044978659470101774,0.06063392493033677,0.10685946268900258,0.101401748622138,0.14826391358558094,0.08654193982145154,0.18193551356630333,0.16522152469096194,0.20784360675161465,-0.0010069339247991444,-0.395628821488746,0.019225300873632972,0.004650032400768658,0.05438150417491406,0.13479180511552488,1.3108787128177952,-0.1602505173791058,0.15184392769484517,0.3109464247288767,-0.11193373948711306,0.5826569129025498,0.016953596938310177,0.5835091580742106,0.3141014817869629,0.4533235851867263,0.36428574215846116,-0.034362710950241473,0.2712205746134503,-0.06724318475979701,0.32297492958597007,0.013329786208780461,0.41504308505795023,0.44383317546985906,-0.07852064221227018,0.06782877669236038,-0.3574591970228046,0.026795850563369483,-0.06493159944491812,0.03538479381096441,0.43333431835100195,-0.5971768663399855,0.07704170472536431,-0.206680236483237,-0.06540479353739562,-0.03695766631071002,-0.027706546137109118,0.13426933431224453
0.06550285938013245,0.3661568649496956,0.49159995921230965,0.10393744313683018,0.044093689590816755,0.18326587705004185,0.09687974526788118,0.17798119947059485,0.05161819965421193,0.26448600829023505,0.1982336115215935,0.11345845709042368,0.156984112512827,0.1610214622455879,0.24528607124778765,0.2362427126250324,0.3302931830488477,0.15983190863087013,0.028361191026498866,0.18577364362861848,0.004760314468286095,0.2016301183620198,0.15987840519522833,0.15721891871699079,0.40408768877197226,-0.014762340079590304,0.10066030780016946,-0.1602505173791058,2.5357880319495187,0.18827055711706636,-0.07854827830418758,0.05404572041938041,-0.15257163412418387,0.31000359228691365,-0.1262528978094677,0.2976457338877691,-0.16644556667847873,-0.36257302698963306,0.19165548423534304,0.0764826586167146,-0.28836805212641203,-0.044155693471772915,-0.24023322017019,-0.31429220818014547,-0.1580364332841501,-0.0833842740801812,0.7311473132564278,-0.48754292497495083,0.4546284818821065,0.28918433774271013,-0.23741626194627896,-0.025657777153497752,-0.20090057080620147,0.048807836685090894,0.32326155331105777,0.07175326117757266,-0.42658079638686247,0.26170535762370767,-0.042911465377838326
0.16332235038297888,0.2854012567208427,0.24652395678162184,0.05765127140084097,-0.010406596460115889,0.030651849612991194,0.04134319013651504,0.057814137351409584,0.0349922016782392,0.21015478078509764,0.07479231705527148,0.06342993680612616,0.045964194037603844,0.09721099279664998,0.24163650894821612,0.05514313411894398,0.12078313631281637,0.0721462020825805,0.0020470280904033907,0.223802801616394,0.2248720951599212,-0.05049826046684695,0.2182448418285344,0.18047779982231962,0.22404990492871654,-0.4502163001024746,0.12376595096159267,0.15184392769484517,0.18827055711706636,2.337296733015076,0.19042684945170654,-0.006562468352959834,0.27939522083374774,-0.22569942653203703,0.38341286264775826,0.1565298699835695,0.5676868821322429,0.3765809307907438,0.20781463666372219,0.36920641695064,0.7449766730209334,0.2624945051614436,0.8251011646250556,0.5254721471063929,0.16453256250393586,0.200922167179478,0.5249932177427163,0.2467383434160819,0.2889329204151965,-0.22877504803073132,-0.09513529268302695,-0.3358459784206568,0.38874518594044044,0.08902614396435903,0.2635404910353247,-0.20984420216264965,-0.2889305790675044,0.4797006156464425,0.020163811706778275
0.04112545573249289,0.13214042284404773,0.16345618980986176,0.06510591435268946,0.07998208025032737,0.11591957784652673,0.08481465402246424,0.12447911709289868,0.07378212961097388,0.15469528244643618,0.1052864565765889,0.09030936041005712,0.07040391409745839,0.07560712704698412,0.13369417779956258,0.12764672805829674,0.14338561568824412,0.16126290327401058,0.0737063250267935,0.334687196824197,0.08841270150859891,0.08305194437272716,-0.04664198284817676,0.20237192117673247,0.04076006190497041,0.11602245146695646,0.17939194335629952,0.3109464247288767,-0.07854827830418758,0.19042684945170654,0.9069533801074492,0.13422901753875416,0.2562037287896742,0.058795620425006606,0.2748511847350122,0.39128499827501867,0.41655438935598443,0.2710137248837023,0.3169732183828236,0.17895981660366303,0.21116067586838766,0.17325390630095502,0.039449222043985654,0.19120982511297482,0.23839966256376846,0.08899274827955314,0.25684839250676483,-0.2062754345007961,0.05973485013525005,0.11312629637207333,-0.04919922100784328,-0.02554855318861951,0.025929074645602058,-0.06232275574426597,0.07478881721614336,0.09552756886726621,0.07685763912274687,-0.2022015993942276,-0.044353713588857605
-0.03137176286949525,-0.028635731397949418,-0.09199000235807954,0.09677687443253331,0.16572193190350584,0.14531529046921213,0.09913379461244134,0.035988091823462534,0.10297267541208269,0.05709542690030363,0.11533409392286728,0.1405256924380075,0.07818456965546018,0.042400244103353635,0.07307083192185436,0.1647484894685299,0.04607004775841062,0.05721417999055508,0.06359997512965102,0.2036140310938016,-0.04300205259373615,0.32653548940755694,0.08094468027701916,0.07006315283241177,0.1411677488346812,0.2640417754978085,0.3405768528637584,-0.11193373948711306,0.05404572041938041,-0.006562468352959834,0.13422901753875416,2.2435446689784673,-0.13786632960851966,0.42598332118465454,-0.0804638975970069,0.3343917591807121,-0.20429463616329469,0.10245599130706941,0.40333550133463386,-0.10515950327389932,0.4529814927991381,-0.040694517982977255,-0.015260132055938125,0.0152319461124059,-0.2585664572687229,-0.04480146847535261,0.4575178248001217,0.0008494329653449233,0.31638852550637003,0.21848967383087875,-0.2784289745642964,0.137911395511746,0.12139211651895002,-0.12030652163740081,-0.3342169868328514,0.10069519101899135,0.05159369334675626,-0.2645047822580538,0.08060124066020846
0.06091041227562849,0.16810489220188526,0.12280117730249993,0.07398949907875886,0.05136327511206827,0.06753405977424357,0.07757771718364982,0.04966642015250249,0.05170676774338222,-0.09740101631844984,0.06424348438578828,0.09980083673998665,0.05296917705397301,0.013415717502965737,0.08703771997940646,0.017449997101693232,0.20241513887531293,0.05626365276309856,0.10528052393139893,0.2025128144150095,0.1451282528217254,-0.020374653016896567,0.03537868602820491,0.1601390454285608,0.06218411108881279,-0.16604627537902508,0.13634712759102058,0.5826569129025498,-0.15257163412418387,0.27939522083374774,0.2562037287896742,-0.13786632960851966,2.0371619801673297,-0.2747621255109454,-0.4104676128849708,0.3536901730531478,0.41110214428517583,0.6787626886714021,-0.15060372704144329,0.3205191437599337,-0.1046389005513167,0.2616747678610186,0.22365177379232926,0.4380746503247667,-0.18379038219345104,0.22443045677197365,0.18116894689561844,-0.49715649547331153,0.03837426488632637,0.010661280853702167,-0.11040494178608022,0.22643363523596347,0.06594502090638898,-0.17103355008411844,0.021141945423229842,-0.116387266058912,-0.16145765710977497,0.046019635316457926,0.10137909252137257
