0.3299058355566842,0.09059778779725387,0.17042275186635644,0.05681106713945596,0.06922178449244508,0.062335055718387336,0.075094619525161,0.04082193677016996,0.07522147886326365,0.043769824972672004,0.04492927229005968,0.06846844596007863,0.017656472977628745,0.053807478022437384,0.049350137433207764,0.04982120500769663,0.03480707240711234,0.0635405242685744,0.03700780880858084,0.029775812349929966,0.06459137514853946,0.089918085144314,0.04910426031707483,0.020773852063852818,0.05707871142750248,0.03695641690533565,0.04204428741074245,0.01733590202618286,0.03802756044447988,-0.006112253697831375,0.05844579568378569,0.054964845613978644,0.039191188898071744,0.0031795641364887385,0.01418171230018188,0.022258735854571176,0.049273515458154636,0.11567655823887973,0.0496712084050975,0.023473557464418374,0.05178649420300588,0.04717266888620767,0.08424301831726219,0.08716098186290777,0.09059265874195498,0.07480009413988639,0.09157425707808015,-0.005812847398059315,0.018450394567985248,-0.022532394527876726,0.0084540364205939,0.018762222328868695,0.034572658713311534,-0.024381116665034716,-0.00031210526639343766,0.01618990222544886,0.028374685350227215,0.05881108656554587,-0.11393403780145243
0.09059778779725387,1.5625896875498175,0.42134588920027094,-0.10080061093159466,0.06147557477362659,0.20608599147871806,0.08018463049368248,0.1335561314292499,0.10861961938881554,0.07960511310950798,0.1227785306805547,0.14019113026357086,0.06877051594671024,0.0907878512005243,0.1658183908786269,0.09213116298023866,0.11574678549031593,0.2280910514541124,-0.005936333996227869,0.19068593363419323,0.19677390345116963,0.07014505016821464,-0.11188462634690276,0.0145511583356778,0.11771666626098123,0.22872045099453658,0.1362514947450988,0.20885085099654205,0.16453260396265687,-0.0212965453684036,0.024428859852414494,0.0950472257741464,0.13193549107427552,0.14462787560393414,0.1380423735148986,0.003542119591008531,0.24849327869263216,0.2813449588895736,-0.0030819531645291578,0.06198476292317274,0.12465844945123371,0.1603374723425521,0.3395353919309194,0.09013820302270144,0.46397510180023294,0.17908956415008415,0.1592884983707977,-0.00632041769802523,-0.4102056840001383,-0.20613809126329005,0.3042701513452878,0.20971025055211265,-0.16161536021871678,-0.07172747151607253,-0.3789271233906749,-0.1767908288158579,-0.19449684535177372,0.41525241910067945,0.2727869424397675
0.17042275186635644,0.42134588920027094,1.609822756145815,0.25034004066284093,-0.1060904502471871,0.2381515167982553,0.11135840888557416,0.29894742899915167,0.3356467197137678,0.23860692060576075,0.21283355361214248,0.208793272388568,0.07639131478275794,0.21639358098035197,0.2641367051730071,0.22031229662839688,0.2571045577543279,0.19780518427001653,0.2668895496907189,0.20696355991761572,0.14918795332950177,0.43557366122701047,0.12085870882543037,0.10857743303790053,0.23300202909556988,0.26657776060457533,0.1808522143785198,0.17636560369184648,0.24685611702590915,-0.3907865630710231,0.22990706550672166,0.17107689425730616,0.24595673375224422,0.40292161463280113,0.16321619363015322,0.19602225733416612,0.38694558606318885,0.4678797774587037,0.27259352521267693,-0.1481336142162481,0.21981474469750792,0.2467442186649456,0.27690224786170886,0.2723510231505943,0.42012008899333103,0.4486921121684804,0.412354773444593,-0.03907769709446566,-0.03340357572250593,-0.056092716422541974,-0.03814233820893053,0.3427000956181502,0.053115783409666356,-0.2810216414994704,-0.268048420919906,0.19884154726284928,-0.025492363698089653,0.09455619581684023,-0.41354462705101735
0.05681106713945596,-0.10080061093159466,0.25034004066284093,1.9156479987712185,0.35650313545140905,0.3816151092131577,0.3569951217671686,0.30074925723429125,0.20183101742394116,0.3395575777788634,0.3071945474721717,0.4609726503597102,0.07686635333414268,0.30688991622003226,0.16366526440194015,0.3035159193800823,0.30114351966226194,0.28209060373065864,-0.012710079713097542,0.18052301048547573,0.2617439585224822,0.3521595685968098,0.34371442672849517,0.11153284255190658,0.26907738978698287,0.16897373304098853,0.20883468869148442,0.029937946558633573,0.2389830513062222,-0.16928882690553115,0.1707330658784744,0.25659786471340074,0.1812593675854971,0.4665518672073071,-0.020924000436316134,0.18516653774520359,0.19670653104479735,0.2885986219478176,0.2329761901937097,0.17167452083380683,0.0427404372016859,0.19044493897226258,0.274928726300877,0.24348761264881688,0.041837747703549415,0.2213383793422225,0.41694623310693757,0.021299133913536862,0.33994554681843064,-0.15468497540292492,-0.020651987583209352,0.30820725047328046,0.0646593134131422,-0.14123342742009243,-0.3843825270804258,0.13307090307861472,-0.01890664894791989,0.46140313694381263,-0.49129658180402414
0.06922178449244508,0.06147557477362659,-0.1060904502471871,0.35650313545140905,1.2936287234361303,0.21247550036024457,0.12740676352682695,0.11621684906644075,0.06776829707600825,0.14477386840628778,0.1506353020597419,0.22494834602017252,0.09917644157961612,0.198671767696702,0.14768152094647582,0.21806982296810082,0.1422805865414286,0.1256937059443313,0.021980237487127186,0.10283974396886027,0.06090950589528867,0.13650586963944636,0.21811850672643257,0.12674068838570357,0.14199947783805247,0.14772336948078382,0.09132815179994895,-0.01864360654572936,0.1476082652480705,-0.06973605686574336,0.12986769893034192,0.15740530297557395,0.08970285952499414,0.16470340083849316,-0.09144305581463895,0.17553336631054897,0.03096929464493992,0.029799681407829834,0.14192047133935543,0.13323130423042964,0.05067401408815856,0.15044087464254166,-0.09441016355162705,0.09660566837880101,-0.2026225822282283,0.10341296920389612,0.13821018029878093,0.023999589635917563,0.1253320452255169,-0.01786418426758895,0.10416917315604107,0.004151538710266042,0.08731945263509681,-0.04229172492473161,-0.00875618394534899,-0.06653237509050959,-0.07504329814923208,0.10711617304992295,0.12792790969911505
0.062335055718387336,0.20608599147871806,0.2381515167982553,0.3816151092131577,0.21247550036024457,0.6494898243168084,0.16160434648777872,0.2275003438605872,0.11171045377902761,0.1760017900522278,0.22764573358231321,0.25830896567837985,0.10283026481408064,0.22758615643337346,0.20842231023820634,0.22508805554536185,0.23159545698531772,0.17669616334453,0.1595352786415839,0.27385410999720017,0.30993578334870936,0.3272407785494313,0.13804611899415453,0.1478017648669465,0.2147063340931559,0.22582651341334747,0.18248428257956065,0.133279100938871,0.24941346215839727,-0.01992093914957982,0.17606002075476745,0.2394910637469447,0.08241732302349447,0.29061300715945754,0.13729658304202996,0.048948054350612245,0.30178823192790205,0.35501863405771367,0.3258819301020891,0.15411823229205074,0.07234806559602197,0.2183045810355323,0.36936126032896016,0.29304842982743395,0.3125969773221404,0.15370330671190435,0.3602512709537426,-0.006041981442883494,0.10258292453129203,0.16114498602516883,-0.2579469428551546,0.18746985648591383,-0.0632531403228039,-0.06939014050848233,-0.1779234118436057,0.020508769167148742,-0.04679662014026703,0.2054571151010478,-0.07472567699684249
0.075094619525161,0.08018463049368248,0.11135840888557416,0.3569951217671686,0.12740676352682695,0.16160434648777872,0.5279882360678709,0.05762944744879754,0.2518281528080445,0.13302382481229563,0.1477760548240465,0.3245889250134265,0.05654747996079649,0.12825896715769394,0.11704828268926276,0.16971276702390753,0.17906129964253398,0.17720273510146226,0.08899746480919418,0.12192123056023715,0.24553714113317357,0.276125921773145,0.2495459310592369,0.12020447952040117,0.16349827117615628,0.0644923045132546,0.14755155569558076,0.05394076981830372,0.09901911533510346,0.016995334248238497,0.15133494000728165,0.16658842833895304,0.1906414679615418,0.27467262752653554,-0.009836836043582322,0.05492740017085089,0.19821905887292784,0.23454698268837557,0.17803624257722633,0.12637196883824425,0.06378826637895618,0.13951366240690982,0.2600310468213836,0.2175682029450641,0.0773943534940678,0.14592659899611896,0.32675572074352316,0.010656057428511846,0.30255922410789937,-0.08690781523895466,-0.013336039544687362,0.1529688878712143,0.0500271177957564,-0.0884133476340561,0.0037597551827726872,0.08344874503825428,-0.00832703681116667,0.05276407941170003,-0.08649096978071996
0.04082193677016996,0.1335561314292499,0.29894742899915167,0.30074925723429125,0.11621684906644075,0.2275003438605872,0.05762944744879754,0.6506308624820313,-0.02435754386466809,0.19174399604764036,0.21608476697470622,0.08704611106469526,0.11403468799990042,0.22810638854628887,0.15177345942465703,0.2140728777749647,0.2781452732006054,0.15766015061021804,0.09681766438567507,0.18074225458514206,0.16534760204185375,0.1992979875405865,0.1336891739242872,0.03389787082069383,0.19752519705234042,0.17042875039933925,0.14322445656312008,0.0708890036948609,0.17646004650088415,0.02345140767958815,0.11836332268510694,0.11667776468276408,0.09721127899438418,0.2579517819342282,0.18363501407369115,0.10595452644884759,0.3167455403182228,0.22931969225715004,0.2151994777872327,0.059047929665877665,0.1306884680036452,0.15539717260377833,0.29005602120222945,0.16736008151143694,0.21818599224527407,0.17007278171856077,0.2713686570275182,-0.010725862587706494,0.13221071133703036,0.052905350023528606,-0.09559548274449985,0.16105519749146482,0.037796849607275015,-0.1149880546909489,-0.35085814250231534,0.009807373588583657,-0.04243416774345023,0.43788537678466916,-0.29985373335956184
0.07522147886326365,0.10861961938881554,0.3356467197137678,0.20183101742394116,0.06776829707600825,0.11171045377902761,0.2518281528080445,-0.02435754386466809,0.7836115919514512,0.017485140326630295,0.07847295233906379,0.17538618775451018,0.03100053117360932,0.15490961082122692,0.2222276089339527,0.14193784112815175,0.14456455158418416,0.1290853556025107,0.019225717674336534,0.023709591964615112,0.20836065812159832,0.3016454195558281,0.3101564787956065,0.13037873963855373,0.13821931430139392,0.09880596512002007,0.11530635853520473,0.12114543581911154,0.04228753158029843,-0.0031742791962872615,0.1726401451780566,0.08934323869286909,0.2531913956932423,0.271092924065535,-0.0028802818663959105,0.07025243560446637,0.16238406419913268,0.26599410351824065,0.059494933845423155,0.06937810792842904,0.10420295607819557,0.12629110129774695,0.21173849013195256,0.3194791817157922,-0.01421747420536004,0.15966403348884656,0.328466203944297,0.0008448912170985336,0.6002229695892787,-0.3081215352667524,0.07011632038516157,0.1672998649715034,0.1533071033135346,-0.06603329540339045,0.009277515442314515,0.2600003095192587,0.0004115370928739014,-0.06055994883995567,-0.2480378322952832
0.043769824972672004,0.07960511310950798,0.23860692060576075,0.3395575777788634,0.14477386840628778,0.1760017900522278,0.13302382481229563,0.19174399604764036,0.017485140326630295,0.4908933935118782,0.14004425870638332,0.1693738692907656,0.07983548961721401,0.1642948582854146,0.12018181461654984,0.1490732464115866,0.1959264421700802,0.15427237503502597,0.0682490149126949,0.1977914575940589,0.1118505782332095,0.16784590605383928,0.08397605570929637,0.11529297539529164,0.1570633583039329,0.15040862010567657,0.14860857102377065,0.0697784414749018,0.18450991441925316,-0.029412373887039822,0.13645606627613835,0.14019006191631164,0.1132520117687688,0.23495118627745576,0.09405588158075705,0.09685605251091518,0.2010254485693042,0.19243240412360227,0.2090770263232974,0.07765230766108401,0.1267641295270287,0.1353675669087715,0.23315931903646558,0.10331439528732352,0.169155095320995,0.15589741783302885,0.3173634741854917,-0.003198816948631423,0.09723063920346467,-0.0002855602504446731,-0.0718628750584642,0.10861723857964094,0.03677061126825394,-0.09031850485389153,0.09732259954581923,0.02448737299813882,0.01532625463067253,-0.0672418792911343,-0.02981610524847222
0.04492927229005968,0.1227785306805547,0.21283355361214248,0.3071945474721717,0.1506353020597419,0.22764573358231321,0.1477760548240465,0.21608476697470622,0.07847295233906379,0.14004425870638332,0.38465061955332186,0.22722505667276627,0.09611822755535356,0.18836292350244868,0.20279190234452943,0.17215401998123955,0.25608850954969054,0.13254315117418008,0.07394533075385959,0.20074261543384833,0.13565490406215094,0.18511667368048385,0.12152667539828663,0.1059951414658907,0.1690203513036169,0.16176246698303678,0.15999360145475314,0.06999756525167893,0.20825106836356697,-0.0643023979403338,0.14678106669204266,0.16474270398834226,0.10428762106446707,0.22798978612943516,0.11553515669043182,0.16751764671821784,0.13630625060034426,0.20178375514215055,0.17029128729960974,0.08940159747478178,0.09200039680239283,0.15489458398011102,0.14113069615194446,0.13515737777982667,0.09924459012905314,0.1315250328399217,0.19828022263287465,0.0026553154172739317,0.042740286729424586,-0.07361200463646209,-0.06502628406407812,0.07366650537398128,0.09743718639366068,-0.052814950712354064,-0.17553920000944814,0.052977605012118935,-0.041204031019435615,0.17364953271742936,-0.17816416691250173
0.06846844596007863,0.14019113026357086,0.208793272388568,0.4609726503597102,0.22494834602017252,0.25830896567837985,0.3245889250134265,0.08704611106469526,0.17538618775451018,0.1693738692907656,0.22722505667276627,0.7084157597732269,0.0563589075806772,0.19445722508647512,0.16421753446679688,0.24088308036072437,0.22230309207593665,0.2459013477623662,0.11024197362347209,0.17396072685824507,0.1998017502490297,0.2785093563739959,0.18253377247231403,0.12378501875225507,0.20330474706120596,0.18357118876485445,0.22546278610803974,-0.014197510284895649,0.1847746180971826,-0.10708379803550354,0.13998903782851227,0.27762484816398963,0.1277261503376592,0.30113604263223065,-0.0012650518176066806,0.17159257490934932,0.04654752674658363,0.24687186666964026,0.1984816599617716,0.14700285525877432,0.029773277132098708,0.17852045416912535,0.19149089612782594,0.12250052995824451,0.16400176556477894,0.138597621013373,0.23733934217073707,0.011331235265169853,-0.00740750780705301,-0.11647403971521987,0.013440215912149221,0.061909183260039184,0.0858554746073986,-0.06091157278153542,-0.059340932267123316,0.06720626010096184,-0.077135852355833,0.1774800174550051,-0.13095690432101448
0.017656472977628745,0.06877051594671024,0.07639131478275794,0.07686635333414268,0.09917644157961612,0.10283026481408064,0.05654747996079649,0.11403468799990042,0.03100053117360932,0.07983548961721401,0.09611822755535356,0.0563589075806772,0.17721793902263464,0.08510605402097204,0.06032929210200539,0.09061504016715485,0.11595121809622273,0.04782101336159074,0.053022011537108366,0.06441511640502645,0.05710599873147129,0.10188767333033728,0.06940174986394844,0.06957620901115531,0.08514657964138549,0.07146919980169823,0.08063006319211906,0.05901599433257359,0.12901519716590396,0.019420448343270568,0.054602371758240564,0.08707139239739112,0.058707129920913516,0.09981832851509802,0.0721158872388845,0.07916478476052638,0.06834273674579765,0.07203813953315048,0.08027261950805095,0.037054365242705854,0.09688028250383998,0.07408650077690951,0.05195897400321437,0.10141535280332672,-0.004479244533360419,0.05796383351049705,0.07511416916884273,0.0005329337647218396,0.001663762536426696,0.03187450040473312,-0.019063335901883287,-0.005115366182205794,-0.01501000113948544,-0.010807743382082532,-0.022725813232386764,-0.017552578997146545,-0.030435591253297607,-0.010992831111665016,0.06674977791717102
0.053807478022437384,0.0907878512005243,0.21639358098035197,0.30688991622003226,0.198671767696702,0.22758615643337346,0.12825896715769394,0.22810638854628887,0.15490961082122692,0.1642948582854146,0.18836292350244868,0.19445722508647512,0.08510605402097204,0.5332501857834133,0.13838183554381572,0.29863856378709225,0.2129415893688106,0.12012933766299871,0.07912932900189715,0.10791072557718745,0.1657281519212259,0.30532070582494586,0.19233951792615597,0.09595241715498684,0.17514414030706443,0.1075117739085008,0.08046513130766071,0.11744123340258893,0.1288559709991568,0.10909273256750385,0.15387547913644592,0.15918676858422273,0.10832504031444841,0.15649697773280635,0.154176823256218,0.22776883224134897,0.17671536474696284,0.25230816980798726,0.1934478258438668,0.11240577626587041,0.1897602523314879,0.15727687198457796,0.07251724666168596,0.2954759611296498,0.09174401522839573,0.14249975838711335,0.20662140947220778,-0.017076321351219077,0.23127168049368813,-0.06673158867183383,-0.003225095290097048,-0.0362762066352187,0.11050331931498734,-0.014828804472386293,-0.2589364611669949,0.06812800847197431,-0.11669467759968687,0.2742610506697254,-0.11990523940281024
0.049350137433207764,0.1658183908786269,0.2641367051730071,0.16366526440194015,0.14768152094647582,0.20842231023820634,0.11704828268926276,0.15177345942465703,0.2222276089339527,0.12018181461654984,0.20279190234452943,0.16421753446679688,0.06032929210200539,0.13838183554381572,0.5948301836857584,0.15985369910848454,0.2190205312632412,0.10372800522323891,0.11085265659667437,0.18063935597122227,0.11047364245049858,0.2412315663621585,0.16115579300238278,0.11245825003305188,0.18820925766819013,0.19678617350931102,0.16545985637411742,0.1828455867013857,0.15555962105926607,0.055191509393195566,0.20924120846721653,0.13040582033006912,0.1686214301379153,0.16855528355480148,0.08465325787036113,0.14710305922221295,0.27470931595888953,0.27535259873302526,0.22479230080689167,0.057624347374347705,0.21167907983063516,0.17559322331216448,0.15125785123392285,0.2125504978052048,0.07054687241208073,0.15234309803176502,0.27331237634862077,-0.01602150216236315,0.3448652605598347,0.21481873287975828,-0.19869591249441296,0.23083841831445837,-0.12762513715086518,-0.04942266004206765,-0.12374082646390727,0.13569617641326892,-0.06937794545370933,0.060284830172870535,-0.14768843472631885
0.04982120500769663,0.09213116298023866,0.22031229662839688,0.3035159193800823,0.21806982296810082,0.22508805554536185,0.16971276702390753,0.2140728777749647,0.14193784112815175,0.1490732464115866,0.17215401998123955,0.24088308036072437,0.09061504016715485,0.29863856378709225,0.15985369910848454,0.5037256898914007,0.25998043186179054,0.1429650655877044,0.14647184094162166,0.1506426104332814,0.16931369469249988,0.33126791939229955,0.1936749940876768,0.1065101272047521,0.21097814540449528,0.10058414541991438,0.19180354525758248,0.15940630581614476,0.19588151924011238,0.17243361369626095,0.1776353372544281,0.21395659124261032,0.1628220875991663,0.2306044996805055,0.19146628611740454,0.1778397980874793,0.17456629555249067,0.300747440275959,0.2514246046568171,0.14121027133873335,0.24288877541834297,0.2253877507689919,0.2501162608672094,0.2988596583954749,0.16266070101424646,0.15424756554910152,0.309008020903044,-0.006855304500726728,0.29577280648157595,-0.04004259986435964,-0.06151428640530389,0.13229037906079985,0.04050089990901872,-0.05259066197034866,-0.21621625353683488,0.0771700846862484,-0.09029157031569301,0.20075707178970045,-0.15677994813377563
0.03480707240711234,0.11574678549031593,0.2571045577543279,0.30114351966226194,0.1422805865414286,0.23159545698531772,0.17906129964253398,0.2781452732006054,0.14456455158418416,0.1959264421700802,0.25608850954969054,0.22230309207593665,0.11595121809622273,0.2129415893688106,0.2190205312632412,0.25998043186179054,0.8846468862247998,0.029680796176880297,0.1287067700558777,0.3180087413746349,0.1780402164893953,0.20990389943233648,0.21936489689777605,0.07798065517224825,0.24584787288646068,-0.06744779862923163,0.19144774056154884,0.157229159091159,0.32968231016799343,-0.06163485072262037,0.22520915778698225,0.1732489182031099,0.2962182595592813,0.37839933683824856,0.11233147832192317,0.16219867388013737,0.42959516926978397,0.3541418517355114,0.23570979342760748,0.07759691219888352,0.1515631510685891,0.20724053183966842,0.24424403432031305,0.2776196345769361,0.2530924417179943,0.21302860584892858,0.4240761281426304,-0.00016475848815450077,-0.02209627616144393,0.017098761640741127,-0.046756239665511706,0.1011014080970564,-0.01661799899322038,-0.09181501554520341,-0.25089671206865516,0.028159309272040765,-0.025618487167266866,0.23728290460936804,-0.24773706385440228
0.0635405242685744,0.2280910514541124,0.19780518427001653,0.28209060373065864,0.1256937059443313,0.17669616334453,0.17720273510146226,0.15766015061021804,0.1290853556025107,0.15427237503502597,0.13254315117418008,0.2459013477623662,0.04782101336159074,0.12012933766299871,0.10372800522323891,0.1429650655877044,0.029680796176880297,0.9411830688253611,0.1991078464498889,-0.23991947855110943,0.19503555009226586,0.4527611508272836,0.24090322298423059,0.11566109010445325,0.16542624107308443,0.305780231752336,0.06156405602110477,0.1906149690607311,0.05935437345467899,-0.01758030024495767,0.09384965643711184,0.1444133597696644,0.12729436299578686,0.11722529221964338,0.08266733502898549,0.12885807856292875,0.12689908983587866,0.0877620587036431,0.10034375498387857,0.12110993579198288,0.10889956481402882,0.04448520729169844,0.20877128059393388,0.22523291819101515,0.2739137632254551,0.15731970825239627,0.09390353026397211,-0.0556193505044367,0.08614095343684568,-0.05227981645480187,0.3436476229547544,-0.04761944005702832,-0.2572204180299972,-0.052987658260935,-0.2650385078177006,0.07948700413337648,-0.08189408966530752,0.2293989596071499,-0.04924451806610462
0.03700780880858084,-0.005936333996227869,0.2668895496907189,-0.012710079713097542,0.021980237487127186,0.1595352786415839,0.08899746480919418,0.09681766438567507,0.019225717674336534,0.0682490149126949,0.07394533075385959,0.11024197362347209,0.053022011537108366,0.07912932900189715,0.11085265659667437,0.14647184094162166,0.1287067700558777,0.1991078464498889,1.1106679849315764,0.024942693449591484,0.10602573471582996,0.4579948217828303,-0.20532332330319966,0.03852673434176835,0.02195445320939652,-0.002137999439701581,0.05963060447817263,0.1735536125737497,-0.022875073188853214,0.15978212543670137,0.14503585671550506,0.1672727393641767,0.12108198414606736,0.05447144421112329,0.10328004824525419,0.1607831163784439,0.3473514516825154,0.09263674720902376,0.40826577203471415,-0.08260058816870222,0.013971680586722915,0.11210127101647467,-0.04989638015708005,-0.027425558766224566,0.2987995201384111,0.1729595857104234,0.16137232417332556,-0.03942583659527973,0.23468651009730504,0.47606638279552427,-0.03155883358877553,0.05077593002243668,-0.3175848340869244,-0.15922444660473395,-0.16042550867220323,0.05268155231769715,0.00040313610083668276,0.045006407410097655,-0.14978143615084905
0.029775812349929966,0.19068593363419323,0.20696355991761572,0.18052301048547573,0.10283974396886027,0.27385410999720017,0.12192123056023715,0.18074225458514206,0.023709591964615112,0.1977914575940589,0.20074261543384833,0.17396072685824507,0.06441511640502645,0.10791072557718745,0.18063935597122227,0.1506426104332814,0.3180087413746349,-0.23991947855110943,0.024942693449591484,1.1900518130760698,0.14953224938726933,-0.24465280496762576,-0.12469538633165704,0.0686561330692043,0.15455360205331004,0.4408564505676786,0.3353478237795889,0.22195960872567613,0.2951890682964994,-0.04996905506584168,0.2539633640381199,0.19529639346440258,0.2603102608461837,0.35691317014800694,0.2581461259800199,-0.10362547427876906,0.6424557693519823,0.6166998686837639,0.4864645125229001,0.3229912929609493,0.2620430675943808,0.3938707693967492,0.938447277561132,-0.006337292459064351,0.9485184221690708,0.1619912966508917,0.5677991481663996,0.10006858136227538,-0.14960345031036587,0.24012137184741744,-0.40228693327769766,0.3371130607281501,0.006647194380017681,-0.10928831922567504,0.07146946847890291,-0.05071622002875579,0.024432837913920688,0.02001410298956824,-0.03414308166826896
0.06459137514853946,0.19677390345116963,0.14918795332950177,0.2617439585224822,0.06090950589528867,0.30993578334870936,0.24553714113317357,0.16534760204185375,0.20836065812159832,0.1118505782332095,0.13565490406215094,0.1998017502490297,0.05710599873147129,0.1657281519212259,0.11047364245049858,0.16931369469249988,0.1780402164893953,0.19503555009226586,0.10602573471582996,0.14953224938726933,1.0848759274852706,-0.1257272529227857,0.03940916619522226,-0.06361044093057797,0.17067612229001128,-0.2764000614803167,0.07624454715629543,0.20270105901392033,0.07694620875457661,0.36309873248314606,0.11756754564791394,0.1303386925053848,0.016328623560844895,0.22669235549407413,0.45307163640393716,-0.022561074393302474,0.45370098890440913,0.274927006792557,0.05570716396268543,0.20405528128718708,0.08766451198203018,0.16311027442940315,0.39912532745857693,0.3432636880291131,0.807599755484603,0.10509523556137243,0.3993198870386685,0.026060043812168095,-0.585830613652211,-0.20272823891552444,0.045631503196409885,0.07095213509992004,0.09878248491614182,0.006734026798625964,-0.340341275014464,-0.03348737491788202,-0.03468714152293607,0.3408179714835159,-0.25842354382093174
0.089918085144314,0.07014505016821464,0.43557366122701047,0.3521595685968098,0.13650586963944636,0.3272407785494313,0.276125921773145,0.1992979875405865,0.3016454195558281,0.16784590605383928,0.18511667368048385,0.2785093563739959,0.10188767333033728,0.30532070582494586,0.2412315663621585,0.33126791939229955,0.20990389943233648,0.4527611508272836,0.4579948217828303,-0.24465280496762576,-0.1257272529227857,1.9089433071940034,0.43261264351860995,0.07794578458441383,0.31796439335165305,0.28328235697162596,0.17336425003289951,0.1529789774690957,0.08323622287926825,-0.07751344683568595,0.3492306292849999,0.4526031807645897,0.3807786919105997,0.5379949603009623,-0.0003453917297631195,0.1491791370284144,0.15101360645659667,0.5210966808787483,0.729465385679321,0.017006703873162728,0.2423540604890529,0.22695941733770866,-0.007977153824852637,0.6005293324395037,-0.5750083843212862,0.37679649765155726,0.5290776776324898,-0.1818795888055183,2.1039865558196427,0.23351343511165962,-0.090557178852378,0.1666889956114333,-0.09627023224611281,-0.251799397336277,-0.29785858720906583,0.2347255495423314,-0.0490602032783872,0.27769206598857826,-0.34716213426150927
0.04910426031707483,-0.11188462634690276,0.12085870882543037,0.34371442672849517,0.21811850672643257,0.13804611899415453,0.2495459310592369,0.1336891739242872,0.3101564787956065,0.08397605570929637,0.12152667539828663,0.18253377247231403,0.06940174986394844,0.19233951792615597,0.16115579300238278,0.1936749940876768,0.21936489689777605,0.24090322298423059,-0.20532332330319966,-0.12469538633165704,0.03940916619522226,0.43261264351860995,1.8070003676052038,0.16026898661500913,0.4004863177682893,-0.26400875322778933,0.09822712626106526,-0.17246557571201418,0.24775852573887802,0.10557395561854234,0.3348381521576516,0.012895782747548483,0.30025872894377126,0.5149978431436084,-0.1787390978171681,0.5788254396996239,0.21584437432233214,0.20327888724024046,0.29469682048296886,0.25023689210608624,0.1188873151366151,-0.009318863831869096,-0.05984452050683155,0.85896016699809,-0.6789593816961664,0.2663397360297065,0.2961851504920014,0.03546208505094404,0.4350677573786792,-0.3049327456014707,0.02175216442443727,0.07491474276758442,0.3075276008863168,-0.12625115329991043,-0.03237216440654012,0.16413460404438324,-0.10843839708485524,-0.00704807925234955,-0.02339371395214009
0.020773852063852818,0.0145511583356778,0.10857743303790053,0.11153284255190658,0.12674068838570357,0.1478017648669465,0.12020447952040117,0.03389787082069383,0.13037873963855373,0.11529297539529164,0.1059951414658907,0.12378501875225507,0.06957620901115531,0.09595241715498684,0.11245825003305188,0.1065101272047521,0.07798065517224825,0.11566109010445325,0.03852673434176835,0.0686561330692043,-0.06361044093057797,0.07794578458441383,0.16026898661500913,0.6559942728022239,0.08016198924404806,0.25627019636641823,0.09548857549445178,0.07372632002361673,0.12309633654109832,0.14911611174062445,0.14908406545135255,0.07000036922173049,0.10212259700568704,-0.09015968948108412,-0.011306474752080279,0.176002533399689,-0.07737483520709054,0.07061865055355335,0.10342269161866964,0.023231463999861948,0.11689233538470348,0.1009569304537212,0.05865670795558436,0.09481719576810979,0.027972439235697453,0.12699857164126033,0.060250058889251834,-0.005664608876773517,-0.02362180753356885,0.023758121290546753,-0.0891413435776798,0.06866574123152211,-0.011644242439419077,-0.02980041625466409,0.5569209965361401,0.05006128664721558,-0.07299080092991056,-0.8107325280658904,0.7676243804044409
0.05707871142750248,0.11771666626098123,0.23300202909556988,0.26907738978698287,0.14199947783805247,0.2147063340931559,0.16349827117615628,0.19752519705234042,0.13821931430139392,0.1570633583039329,0.1690203513036169,0.20330474706120596,0.08514657964138549,0.17514414030706443,0.18820925766819013,0.21097814540449528,0.24584787288646068,0.16542624107308443,0.02195445320939652,0.15455360205331004,0.17067612229001128,0.31796439335165305,0.4004863177682893,0.08016198924404806,0.9125057254058235,-0.023523161560665026,0.1865374141807056,0.07381203475233385,0.4226813534367093,0.1281691144161835,0.2623237642841357,0.1763302764353973,0.17680698637828124,0.5399065927776604,0.169173014263544,0.34393985687877915,0.27140658465573453,0.27595995408525553,0.2827427980868415,0.11035082666181863,0.15431196654345078,0.13618853778466622,0.2067862311585828,0.27936069647338185,-0.025749981283049436,0.27853756279188807,0.3119477277244157,-0.00979331972500391,0.2611256569770114,-0.1503205973916926,-0.05003118458018592,0.2233056771349484,0.12892718227326705,-0.12370547392324047,-0.12423386181441999,0.05305954473475894,-0.0028338329442422166,0.13168512975708846,-0.1671130684617963
0.03695641690533565,0.22872045099453658,0.26657776060457533,0.16897373304098853,0.14772336948078382,0.22582651341334747,0.0644923045132546,0.17042875039933925,0.09880596512002007,0.15040862010567657,0.16176246698303678,0.18357118876485445,0.07146919980169823,0.1075117739085008,0.19678617350931102,0.10058414541991438,-0.06744779862923163,0.305780231752336,-0.002137999439701581,0.4408564505676786,-0.2764000614803167,0.28328235697162596,-0.26400875322778933,0.25627019636641823,-0.023523161560665026,2.3722124150926245,0.19912311578468145,0.33068940096703364,-0.20851915758576808,-0.38345654059684037,0.21707205199857815,0.387776944405485,0.23381352524747018,-0.022060084241397354,0.04845477611359847,-0.1006366030634698,-0.24181666339945693,0.3061977005731075,0.5411340041620668,0.07549436514577128,0.5782678794565079,0.5180798148686114,0.4602974144155148,-0.08476011372950816,0.6495518479004201,0.1144618222451537,0.10742355007600689,-0.005148863272725947,0.4550409853442471,0.5969360898888599,-0.346969168121461,0.17739333942446228,-0.429485409084974,-0.12400787215743106,0.2938961995543098,-0.021148789668771865,-0.14575623409164024,-0.0678915751380372,0.3089868712318402
0.04204428741074245,0.1362514947450988,0.1808522143785198,0.20883468869148442,0.09132815179994895,0.18248428257956065,0.14755155569558076,0.14322445656312008,0.11530635853520473,0.14860857102377065,0.15999360145475314,0.22546278610803974,0.08063006319211906,0.08046513130766071,0.16545985637411742,0.19180354525758248,0.19144774056154884,0.06156405602110477,0.05963060447817263,0.3353478237795889,0.07624454715629543,0.17336425003289951,0.09822712626106526,0.09548857549445178,0.1865374141807056,0.19912311578468145,0.5910126712244463,0.14811300721698276,0.1572883070622807,0.041480395384221894,0.21789808599023555,0.21261994144059698,0.21242500673476294,0.23288051440995305,0.1342838361930874,0.18989828077952997,0.268865117081774,0.367567755152902,0.20334720073535695,0.1423193556341279,0.19410735040785315,0.21900718872767616,0.5793910121034668,0.0548362490660466,0.25367789058561124,0.18151827486333408,0.25958055911255024,0.02000288920599661,0.15214070268908467,0.02309942133332241,-0.17733314072958833,0.2646084836246113,0.008028741270609856,-0.08822523303429682,0.0009928875999001654,0.05070482950080704,0.03652239987287666,0.042471432454647795,-0.10569047127518376
0.01733590202618286,0.20885085099654205,0.17636560369184648,0.029937946558633573,-0.01864360654572936,0.133279100938871,0.05394076981830372,0.0708890036948609,0.12114543581911154,0.0697784414749018,0.06999756525167893,-0.014197510284895649,0.05901599433257359,0.11744123340258893,0.1828455867013857,0.15940630581614476,0.157229159091159,0.1906149690607311,0.1735536125737497,0.22195960872567613,0.20270105901392033,0.1529789774690957,-0.17246557571201418,0.07372632002361673,0.07381203475233385,0.33068940096703364,0.14811300721698276,1.1655594442033264,-0.11296114789753657,0.31245038080373455,0.2636858297092402,0.1256849338083376,0.48012498491054223,0.14632165577992504,0.5331278862919824,0.11198485088268925,0.4562280448016485,0.2794512453725642,0.16735933654888224,0.07085272530183044,0.48888020963893125,0.28975416286320776,0.1767065159356866,0.44199605107978346,0.37085428318567054,0.09142996268279766,0.26239318025615055,0.022759271860698527,0.08411932495744624,0.1895090347577653,-0.016990830136527735,0.5039216289405628,-0.7390059725601932,0.021251109505439236,-0.2461947231223348,0.008265380543831592,-0.05471613848898671,0.03121366300118476,0.02127120273284794
0.03802756044447988,0.16453260396265687,0.24685611702590915,0.2389830513062222,0.1476082652480705,0.24941346215839727,0.09901911533510346,0.17646004650088415,0.04228753158029843,0.18450991441925316,0.20825106836356697,0.1847746180971826,0.12901519716590396,0.1288559709991568,0.15555962105926607,0.19588151924011238,0.32968231016799343,0.05935437345467899,-0.022875073188853214,0.2951890682964994,0.07694620875457661,0.08323622287926825,0.24775852573887802,0.12309633654109832,0.4226813534367093,-0.20851915758576808,0.1572883070622807,-0.11296114789753657,1.9236747029291625,-0.43983977864072565,-0.2261330005741437,0.10777133404948253,0.02749620113413609,0.4178749915165304,0.002409025464976711,0.29294795600823376,-0.17596070503548372,-0.20749047691681502,0.005232644407630521,0.019872746432366816,0.2996252947545993,0.04524264481869691,0.07832685735964084,-0.22180997136586084,-0.4956244399821068,0.1411348879920397,0.10573407913181132,-0.034788888472158684,0.11745498604489317,0.08700166145287505,-0.3047053237533145,0.15587517617107757,-0.0005244793364873952,0.03227390424978423,-0.05873236972448499,0.012785818045462465,-0.04203446994283783,0.08820666247783567,-0.10813479453494503
-0.006112253697831375,-0.0212965453684036,-0.3907865630710231,-0.16928882690553115,-0.06973605686574336,-0.01992093914957982,0.016995334248238497,0.02345140767958815,-0.0031742791962872615,-0.029412373887039822,-0.0643023979403338,-0.10708379803550354,0.019420448343270568,0.10909273256750385,0.055191509393195566,0.17243361369626095,-0.06163485072262037,-0.01758030024495767,0.15978212543670137,-0.04996905506584168,0.36309873248314606,-0.07751344683568595,0.10557395561854234,0.14911611174062445,0.1281691144161835,-0.38345654059684037,0.041480395384221894,0.31245038080373455,-0.43983977864072565,3.4187310413791705,0.15365407151218255,0.08750972910253192,-0.03234256536129673,-0.4878601121057035,0.5460318810120995,0.7197657005696458,0.289423238116438,0.2398414803853401,0.09453523524110807,-0.07544292128608995,0.26224087697445925,0.13356121267298812,0.1008027747738684,0.30713389596564367,0.9772162909737443,0.5055637334064368,0.11908629957660419,-0.03397755621705934,-0.24426997088442917,-0.0034030505156092163,-0.06144790496635068,0.15938283701569358,-0.030889153776875483,0.042085028118349715,0.28405659050235194,-0.3041994165066356,-0.12185773369632583,-0.03543455944081897,0.5207678382500445
0.05844579568378569,0.024428859852414494,0.22990706550672166,0.1707330658784744,0.12986769893034192,0.17606002075476745,0.15133494000728165,0.11836332268510694,0.1726401451780566,0.13645606627613835,0.14678106669204266,0.13998903782851227,0.054602371758240564,0.15387547913644592,0.20924120846721653,0.1776353372544281,0.22520915778698225,0.09384965643711184,0.14503585671550506,0.2539633640381199,0.11756754564791394,0.3492306292849999,0.3348381521576516,0.14908406545135255,0.2623237642841357,0.21707205199857815,0.21789808599023555,0.2636858297092402,-0.2261330005741437,0.15365407151218255,1.2182344713014908,0.21277546832422572,0.23356575034854354,0.11892677881776306,0.25168765540127636,0.5778213375834433,0.5357882617584635,0.32104495151501494,0.5136617099369077,0.15707548945981933,0.2638574602249845,0.21299260307129225,-0.00643752150704832,0.37181067981449106,0.279573263659126,0.3110288705735817,0.3542365041040954,0.003080345729987319,0.12336650139225008,0.2571650052679849,-0.2132402681636273,0.2477186208604623,-0.04643353710498113,-0.15749973864850497,0.08839920416774581,0.11031400011554146,0.0873075688486824,-0.14322612179034244,-0.071187984125097
0.054964845613978644,0.0950472257741464,0.17107689425730616,0.25659786471340074,0.15740530297557395,0.2394910637469447,0.16658842833895304,0.11667776468276408,0.08934323869286909,0.14019006191631164,0.16474270398834226,0.27762484816398963,0.08707139239739112,0.15918676858422273,0.13040582033006912,0.21395659124261032,0.1732489182031099,0.1444133597696644,0.1672727393641767,0.19529639346440258,0.1303386925053848,0.4526031807645897,0.012895782747548483,0.07000036922173049,0.1763302764353973,0.387776944405485,0.21261994144059698,0.1256849338083376,0.10777133404948253,0.08750972910253192,0.21277546832422572,0.6812429036003579,0.1483759104406135,0.1933292748172471,0.07267716817965117,0.15248470360149688,0.027539933268184196,0.24047171719727864,0.32579833526752994,0.07446587079330441,0.14872629055443803,0.2756548277276056,0.2054575470161426,0.023263167620299438,0.21059490209818404,0.23170449353379707,0.313190830033754,-0.030558629509514875,0.43710687044863067,0.07728918174352456,-0.10069773398856625,0.18224497942353957,-0.06859627417893872,-0.11274890262895083,-0.15340346277182465,-0.05174863585787246,0.2745222079483347,0.031027413655432462,-0.23345367434426023
0.039191188898071744,0.13193549107427552,0.24595673375224422,0.1812593675854971,0.08970285952499414,0.08241732302349447,0.1906414679615418,0.09721127899438418,0.2531913956932423,0.1132520117687688,0.10428762106446707,0.1277261503376592,0.058707129920913516,0.10832504031444841,0.1686214301379153,0.1628220875991663,0.2962182595592813,0.12729436299578686,0.12108198414606736,0.2603102608461837,0.016328623560844895,0.3807786919105997,0.30025872894377126,0.10212259700568704,0.17680698637828124,0.23381352524747018,0.21242500673476294,0.48012498491054223,0.02749620113413609,-0.03234256536129673,0.23356575034854354,0.1483759104406135,1.8953669146730787,0.3537883591867823,-0.5220578139328294,-0.19209367043204265,0.5371219999518025,0.7236857687601822,0.10203620994452271,0.04033903743747155,-0.13037268002877217,0.38249192739049115,0.375166818201145,0.628307806661058,-0.2645172613935713,0.2167186473648471,1.0232590174145966,0.13053324855314302,0.7541012752853701,-0.18070963993865313,-0.175205762635895,0.34323896428805184,0.1066953780211297,-0.25789814484591844,-0.017849243938634556,0.025158216490908783,-0.12937928462835535,0.12462150496840843,0.24389986645580833
