0.9914123512821863,0.2881690223904691,0.3722270101172646,0.03966298056265335,0.10109947232132227,0.1573023016115634,0.1700781531782996,0.10256943735395883,0.12295470786794796,0.11985165686056398,0.09813097868477799,0.13704209336694784,0.08684832275019802,0.13444610639434953,0.13847952908185288,0.10219997397337928,0.11163184556297996,0.1399377379526016,0.10741892843277133,0.061678923455935966,0.07178180717746133,0.14776067855360736,0.08358373741147196,-0.04400623615416552,0.2154493560864197,0.10294913473950089,0.08286565935337367,0.10097664115199963,0.20659611099994873,0.005335380122987533,-0.0062450119929517494,0.10008700501221682,0.04811850678459936,0.008995972168743066,0.14550340810683418,0.09814752727914482,0.09158817435239144,0.06143639557826259,0.21097942937076825,0.033217444448028224,0.20746953152625883,0.06729334932196955,0.06049845613054896,0.1712454229370083,0.14980715951142873,0.1426192747384807,0.08487547949514114,-0.10601829366451396,-0.08075348748968136,-0.04652094876213624,-0.013533331781412705
0.2881690223904691,3.7127098094113387,0.3259880232004909,-0.4965651322517242,0.22284127253629785,0.3213275863135943,0.34703928398144607,0.15229891899163223,0.3282176739077228,0.1309952141115668,0.22860230810480317,0.3134258556569586,0.2058118511573217,0.23779832560521214,0.4029715266923799,0.16779041103105552,0.22019226120918153,0.5037897484909122,0.20934504507907814,-0.03493010623380841,0.2386334692886923,0.5132803559279882,-0.19196154505699708,-0.07603198386477628,-0.040923086909218226,-0.21898604426723708,0.36867343547698433,0.2954866773482987,0.7828972624219853,0.010642165659087733,0.27003870351685094,0.23780830528042876,0.29490707226850454,0.1062462136178098,0.24445793717862566,0.30420704058929765,0.47962479030732347,0.005685432088445011,-0.15906753253433664,-0.0316323419086129,0.024275361254254293,0.1303482605870677,0.15179014202842034,-0.13377162031107404,-0.008343544813612578,0.3293507618137581,0.27015928043099746,-0.2995769000465926,-0.019390055695846627,0.012831799252186544,-0.01845245458625413
0.3722270101172646,0.3259880232004909,1.8560212492648864,0.43568310640927066,-0.10635430386762704,0.4550668028401276,0.3946727143835789,0.3583442092794817,0.3733338398115686,0.4858635647717035,0.31121163256014633,0.39190359836722294,0.2445453163276795,0.34532918041839417,0.3542216613770733,0.21680323509230126,0.34640226004474844,0.33807625547830555,0.2048881045587427,0.32340988031678625,0.20609025777764026,0.5620305162490526,0.27177224996344207,0.22586616758714453,0.5670939713507128,0.3815469035326863,0.27616286499587694,0.2377289285827944,0.7697705661232648,-0.11243145186424056,0.06535921985932185,0.33195774249696475,0.011051340513330763,0.7706741526139363,0.44679794898251585,0.5395900750081399,0.20980479413282152,0.17926411962484284,0.6043049398816934,-0.10997197620608387,0.731825232620368,0.2612909601691567,0.2839146631184674,0.3742750903666246,0.8165066297278342,0.5012294319140502,0.17970720350321806,-0.40567957816833444,-0.31733019016084774,-0.12278575498309179,-0.08558621110468449
0.03966298056265335,-0.4965651322517242,0.43568310640927066,3.0562105723157313,0.31127016404393487,0.3127654001645138,0.24249224273953573,0.37880412999267343,-0.017766481790142723,0.3681226293566149,0.2960576816689164,0.3823901602550714,0.2317749093071747,0.3440930225864824,0.23146458555187405,0.40256118865842755,0.20881943159341804,0.24207812009344384,0.24015713238226172,0.33715933586042784,0.32919922104008015,0.25932246188770275,0.39450034847872384,0.33990381129330494,0.5787687735363155,0.36930296393234974,0.15488393629929484,0.07010598959172874,0.22197724513804265,0.4289555844078227,0.15747260084014839,0.3799503357203584,0.20292830532224823,0.6261266921469221,-0.03385529196850904,0.2738219262559989,0.3047499461063992,0.19658082898288362,0.5207123160783471,0.08104054220007552,0.4702277781708367,0.2844777948581299,0.2800861069689806,0.6932312952599412,0.5064846277906053,0.3490110066374952,0.3813778528978506,-0.1878348864789424,-0.5095391995879669,-0.0011403796153925726,-0.11923290616208289
0.10109947232132227,0.22284127253629785,-0.10635430386762704,0.31127016404393487,0.8791030504707132,0.37741987087584566,0.35463684374173116,0.38278108480043166,0.20365037015732354,0.2105017782541621,0.22251742970834984,0.27120171059118314,0.19986135842073197,0.3149475804239397,0.280843153634594,0.37718696188984113,0.21338708620844027,0.26782966050193147,0.47216362291577324,0.212072978650783,0.13380664134456965,0.3054854560222356,0.18061289416744014,0.2505364667723034,0.15838290205808622,0.2937272706960643,0.17396704203378585,0.13100902191372307,0.15858844505008857,0.24668466930018712,0.32622280801564346,0.2932557395538363,0.18487076721731008,0.27819378839431547,0.11785507591378551,0.18378404083771352,0.3108751228722401,0.1303205328713147,0.3668964347779635,0.16188450466169482,0.15025722558851498,0.24848402029779396,0.21901230378837083,0.29409649965547674,0.09996855420623871,0.1662438502333428,0.2704609162897286,-0.02182991972928686,0.25298508261652636,0.01027743227990477,-0.030476997649566927
0.1573023016115634,0.3213275863135943,0.4550668028401276,0.3127654001645138,0.37741987087584566,0.7399038598093889,0.2745406561736365,0.3947579894806543,0.23692771413889036,0.2592583325851432,0.2820226710665465,0.34923610357466484,0.23227420841334365,0.36026376535720195,0.3180115649687266,0.36272004868854824,0.29959072562786815,0.3209610762782302,0.4704163740445307,0.2900218053770015,0.1819988598666482,0.44612232222395576,0.17952262866212967,0.25320158072178167,0.33604709934539134,0.3853918137053292,0.2370219550443484,0.22162015597880158,0.44013226255060256,0.08670294299769428,0.2778731941199735,0.33300549971794347,0.0572503239000926,0.5158937034631046,0.38091225575564747,0.18262852009309669,0.30681869137423207,0.16737247979182773,0.5209414117939403,0.14266473975146254,0.29543541109590415,0.2660704383474537,0.33233378397882035,0.419749480784031,0.35657078582111573,0.24045442804978764,0.2546908902044628,-0.11259092662177547,0.30327398885820156,-0.03609151671313037,-0.00889538755295111
0.1700781531782996,0.34703928398144607,0.3946727143835789,0.24249224273953573,0.35463684374173116,0.2745406561736365,0.9070449710978434,0.2868030767486892,0.3168949318407023,0.22576238832120007,0.2959555354463327,0.3798595351751869,0.21270569929679026,0.2921138294539223,0.24001683887756986,0.3150778412809489,0.2904371817469283,0.2800043418021702,0.26428126938851093,0.1997427897006191,0.19860790485160348,0.3617216704161392,0.23227870992143948,0.22727488154995132,0.3262906776920731,0.2687888288307506,0.24045967728816303,0.1725655572674874,0.34965503300896983,0.281238439078994,0.23944797532151893,0.3182309727276102,0.16299968072560775,0.4557481661091826,0.22746307080207723,0.3744753850821633,0.29183878878866265,0.12101823933528892,0.29151875079052464,0.05965674298983689,0.32945297416986075,0.2743142045813014,0.22133822424867688,0.2674782689280655,0.30437832908724327,0.2908519195799206,0.26720201407072075,-0.15396021735044368,-0.06634310291757073,-0.015527706661068242,-0.04915187454810019
0.10256943735395883,0.15229891899163223,0.3583442092794817,0.37880412999267343,0.38278108480043166,0.3947579894806543,0.2868030767486892,0.8817014759093275,0.19305669784608276,0.3369281253336693,0.281520882704104,0.21615762548433376,0.21223367471680651,0.38490234054972505,0.261694048762712,0.31775219234159535,0.24629039819431647,0.3595489210985879,0.34837383446749304,0.34569424698486445,0.2895171781310664,0.381885720586715,0.24702837949874037,0.2483116766858733,0.33744456944647977,0.4782389215370671,0.23445540147478583,0.11735877807008929,0.27740424950915815,0.29980318045490245,0.27863316029974944,0.31566304981308957,0.023655422496384065,0.5356955926423425,0.2835258487905738,0.2289257078765499,0.35964403818224394,0.1876365512771473,0.5805116211219734,0.14580943075303418,0.4655778825820884,0.2780014374874594,0.3483255449653535,0.3489304232598007,0.5618489963877442,0.24287374864858788,0.3689240621706843,-0.11718973457276227,0.0990330272537042,0.02605182284528163,-0.048248241249505046
0.12295470786794796,0.3282176739077228,0.3733338398115686,-0.017766481790142723,0.20365037015732354,0.23692771413889036,0.3168949318407023,0.19305669784608276,0.9336467064769867,0.1125958859594202,0.21141615698153035,0.18492012655947015,0.17325480534431542,0.30674827222511347,0.15930539122784096,0.1915188356290446,0.19383287126492843,0.2139876173193554,0.16081390617067773,0.16976495211240686,0.1994206133653886,0.27290648661341066,0.15909451356202534,0.16903657303130004,0.2545199886118432,0.1845780596799428,0.16506604851744502,0.164948418679232,0.3233330980852031,0.24882679425211493,0.18234359240341202,0.21371370432285283,0.11709928523992419,0.38067422658226013,0.2065709754676885,0.2402474183377207,0.24441320898270474,0.10227113729845667,0.1724251911295334,0.03319002014354305,0.25106779314121697,0.18493647149272438,0.22035148594289197,0.20054686408467534,0.3145696839362592,0.22840864686625553,0.23841778371241104,-0.13469128795917412,-0.19230653641650705,0.0104484014970957,-0.021544605121588917
0.11985165686056398,0.1309952141115668,0.4858635647717035,0.3681226293566149,0.2105017782541621,0.2592583325851432,0.22576238832120007,0.3369281253336693,0.1125958859594202,0.8711770677189192,0.18411827234366077,0.27391123960708014,0.22308625135503246,0.28843356573497486,0.2716767765320146,0.2446169599491396,0.2423226917436949,0.3253358584379889,0.20924464723896963,0.3005497173390365,0.2146956605930448,0.362092358451934,0.21721136579800376,0.20407876114695173,0.36010384566197645,0.20091601394141848,0.25384482745940223,0.17476290166009462,0.4187182247626169,0.2950501237274301,0.19058253281764403,0.25309167027524776,0.08920701857144672,0.5212626430402453,0.24030862600284283,0.3923533867486393,0.30253769875548026,0.1697876057277694,0.45144283612827835,0.0847701173029031,0.5083401082796177,0.2146694086212585,0.23649948038018337,0.27769473024514024,0.44914360090558547,0.2917744447030649,0.36149286890663057,-0.17533299718883458,-0.07639790764559555,-0.02890447835737745,-0.028300993200369936
0.09813097868477799,0.22860230810480317,0.31121163256014633,0.2960576816689164,0.22251742970834984,0.2820226710665465,0.2959555354463327,0.281520882704104,0.21141615698153035,0.18411827234366077,0.6355947705798559,0.34990835009520926,0.2512528145097692,0.23996018570870792,0.27773787388558135,0.304448993310163,0.2684876626301228,0.23376990840637052,0.2128390387398704,0.26211336159419213,0.13606041220268672,0.3086335880458757,0.1849259462260341,0.24499464007040658,0.20233600453355355,0.3439836605209022,0.27082131258712255,0.16963582912931466,0.21983589401711007,0.1291928093072291,0.25974474334739034,0.2846414112023291,0.09760935720198592,0.33203589447584037,0.2628894051881222,0.2600987955989603,0.25608483252834197,0.14364287657523128,0.3530419481047017,0.13036434186215062,0.27597034753584165,0.25696116102532895,0.2447827426031233,0.2029770416756112,0.25992012070908327,0.20517877478178,0.20630455520869598,-0.0706611281987982,0.14033350577335418,-0.001633379692175465,-0.014971535445734655
0.13704209336694784,0.3134258556569586,0.39190359836722294,0.3823901602550714,0.27120171059118314,0.34923610357466484,0.3798595351751869,0.21615762548433376,0.18492012655947015,0.27391123960708014,0.34990835009520926,0.6284273225883071,0.2110611560695818,0.31780055237494426,0.32872883963237176,0.3200445935937692,0.30407876020054087,0.21916386781190117,0.2645153775217661,0.2619679925331969,0.13855701255736727,0.33831187258078815,0.1875998875111691,0.2383455653740819,0.3240894484400869,0.35519994150048995,0.2979564546869226,0.14516936181234247,0.35614115976411725,0.18113228856260685,0.1998120953959462,0.34198659951365806,0.07918266608549879,0.43682935966737807,0.24146249072057493,0.384503706500676,0.26711996649973135,0.1480329123104207,0.33569760072974286,0.09187119888791309,0.3422038796908993,0.2673005143494036,0.21501713890930876,0.16638845817870518,0.3414265612731102,0.2402544040941425,0.22599336257504954,-0.11213745558557613,0.12805756030802934,-0.0725299500487577,-0.013175081326579402
0.08684832275019802,0.2058118511573217,0.2445453163276795,0.2317749093071747,0.19986135842073197,0.23227420841334365,0.21270569929679026,0.21223367471680651,0.17325480534431542,0.22308625135503246,0.2512528145097692,0.2110611560695818,0.504955345104333,0.22319938840211068,0.10915883435559535,0.2935833048214323,0.18305932984257162,0.2048880235847294,0.1740523567389123,0.15922307723657633,0.1745044736711966,0.32490894263225645,0.1705031229615813,0.15620181999514823,0.19247946913282885,0.18823946773038688,0.23807508799048557,0.15347973144747443,0.2924567596073567,0.09104143832358758,0.14153063249682166,0.25065835119422597,0.05207635752962787,0.29615410697713385,0.2520640897134849,0.19488255483609027,0.14415125212105245,0.08293913147835766,0.358659421771845,0.12228667150670286,0.3299937172386616,0.17978098366303044,0.21660871516388963,0.2596737013467326,0.15435214927618326,0.17705391557393044,0.17869555622714045,-0.08939303249747634,0.23881987004454305,0.019616833949124488,0.00498336947420673
0.13444610639434953,0.23779832560521214,0.34532918041839417,0.3440930225864824,0.3149475804239397,0.36026376535720195,0.2921138294539223,0.38490234054972505,0.30674827222511347,0.28843356573497486,0.23996018570870792,0.31780055237494426,0.22319938840211068,0.8185282308206633,0.37476200017370387,0.4706431655161912,0.31822180824725804,0.30832148234328144,0.3234241412295287,0.268961903864234,0.11656769193619175,0.39377201576868204,0.2324528227391079,0.28326642538107566,0.40478732945549767,0.30893784715636613,0.1557158246000472,0.295118610476212,0.4170244923974764,0.3143198208461446,0.2937814532021644,0.29025268169845064,0.22741913487962198,0.3986972502442139,0.3574455750240043,0.246635192937128,0.37854545511611054,0.14543904314976286,0.395390377065973,0.11049614563615695,0.45465434354848994,0.2955278918039681,0.37246587274974446,0.4778826461954635,0.2354240570581481,0.31325056807992974,0.3613890782092615,-0.14125574074823624,0.1463803647395233,0.017765226739718806,-0.019771941402917156
0.13847952908185288,0.4029715266923799,0.3542216613770733,0.23146458555187405,0.280843153634594,0.3180115649687266,0.24001683887756986,0.261694048762712,0.15930539122784096,0.2716767765320146,0.27773787388558135,0.32872883963237176,0.10915883435559535,0.37476200017370387,0.8659982857747616,0.2489872048319087,0.335436179571091,0.31717141332631,0.2995388816354625,0.22996319200754198,0.08947632917156471,0.34346659443890154,0.20785565904878373,0.2919848979607741,0.38116564078100346,0.2664427264127128,0.18772873155394082,0.297196855288237,0.4002374412237565,0.30487889253233263,0.2639552461329134,0.22850465297238798,0.23137892990035713,0.40116580777318805,0.3130151236559409,0.3195559530024331,0.3015450218152666,0.10969487032658176,0.37034996671280573,0.07084770647666085,0.38698301896146764,0.2513391797373039,0.24799186868883077,0.33364083194842625,0.21967316820531638,0.29714409722436474,0.33478274383972334,-0.14194637205128152,0.054400093354239905,-0.04219128199555419,-0.007989223863040608
0.10219997397337928,0.16779041103105552,0.21680323509230126,0.40256118865842755,0.37718696188984113,0.36272004868854824,0.3150778412809489,0.31775219234159535,0.1915188356290446,0.2446169599491396,0.304448993310163,0.3200445935937692,0.2935833048214323,0.4706431655161912,0.2489872048319087,0.9788964107465252,0.2740700042907776,0.29378550915552704,0.38208913496566044,0.20331811353886808,0.0655402468085576,0.42647687424091535,0.1529101921326396,0.24294058285209313,0.28025836858702474,0.39160896465513,0.2686147618736444,0.2869271837500313,0.2739324480091412,0.16531642365138885,0.23407959306910875,0.3902614850565959,0.07177435292200031,0.39378952151032004,0.5515899954799336,0.1238298082704151,0.22565497150749236,0.0924694090674269,0.5112044031561197,0.19118606395486362,0.48164928773072474,0.3437081807619514,0.38965805717939606,0.5036652087434379,0.1472311602742069,0.2350747231167034,0.2655629968065853,-0.09635753704458651,0.4305597630271916,0.037656361289174656,-0.009421444119820373
0.11163184556297996,0.22019226120918153,0.34640226004474844,0.20881943159341804,0.21338708620844027,0.29959072562786815,0.2904371817469283,0.24629039819431647,0.19383287126492843,0.2423226917436949,0.2684876626301228,0.30407876020054087,0.18305932984257162,0.31822180824725804,0.335436179571091,0.2740700042907776,0.6800116857532114,0.2128683364350311,0.2630734289989983,0.30301842516412336,0.15202912676400007,0.3771834109275929,0.15156789388563954,0.27960347092630994,0.32898978991065136,0.2263813629405216,0.23435743879309504,0.42869570191103945,0.3255285294273698,0.2907163384608026,0.28748263678866776,0.25857275890724046,0.3236011568733294,0.3782469455950753,0.41782677267786644,0.3675359763096936,0.41392470849558183,0.17387123008939886,0.2669950288076693,0.11490956947243545,0.3585910848968033,0.3764012339998405,0.30427405702811644,0.34553785828810174,0.34749202529818135,0.28570346475504355,0.3172116614194624,-0.1279321983510413,-0.042322213128132634,-0.09346044894931728,-0.00026669185381170184
0.1399377379526016,0.5037897484909122,0.33807625547830555,0.24207812009344384,0.26782966050193147,0.3209610762782302,0.2800043418021702,0.3595489210985879,0.2139876173193554,0.3253358584379889,0.23376990840637052,0.21916386781190117,0.2048880235847294,0.30832148234328144,0.31717141332631,0.29378550915552704,0.2128683364350311,0.7145394397038639,0.23905951324387084,0.09913488442823443,0.18483397038215216,0.4140945880068653,0.4004162438634818,0.25358349542397884,0.33275150381914165,0.29954880895483876,0.12773903728278158,0.22734382833791797,0.4104451671233797,0.12287023694314188,0.3002804757259137,0.22183789509137097,0.2112698544333027,0.4142035387524321,0.25307361098675457,0.2575829138825964,0.3438125238478238,0.060929178631921904,0.43450450411976915,0.13003648440231322,0.46053762391994274,0.19944141761568032,0.3258057999379377,0.4832732913875873,0.2503728445687405,0.28480262841933185,0.42905669729756396,-0.15937844391754122,0.0720529072354039,-0.005841542214134627,-0.003923005444369629
0.10741892843277133,0.20934504507907814,0.2048881045587427,0.24015713238226172,0.47216362291577324,0.4704163740445307,0.26428126938851093,0.34837383446749304,0.16081390617067773,0.20924464723896963,0.2128390387398704,0.2645153775217661,0.1740523567389123,0.3234241412295287,0.2995388816354625,0.38208913496566044,0.2630734289989983,0.23905951324387084,0.7762587320673849,0.18170217965261232,0.18133397651773495,0.37602358548285136,0.08182327487109342,0.23517555228769063,0.2473227407029632,0.28931823516972416,0.16647374979578544,0.23046325010596141,0.2287554641601273,0.27999579357130355,0.3166065203104032,0.2986073617087217,0.1961132945348113,0.3387923254045561,0.2887886964818977,0.13330874378264235,0.33959846129263765,0.12584616954120684,0.4391882164146897,0.08813522080275125,0.26048431626079266,0.2558589122050034,0.25825542476626306,0.3761044725513316,0.25722456527149445,0.211036047297291,0.2729803968732259,-0.07129268263989973,0.1859030556626369,-0.004908091241426751,-0.02347062330430953
0.061678923455935966,-0.03493010623380841,0.32340988031678625,0.33715933586042784,0.212072978650783,0.2900218053770015,0.1997427897006191,0.34569424698486445,0.16976495211240686,0.3005497173390365,0.26211336159419213,0.2619679925331969,0.15922307723657633,0.268961903864234,0.22996319200754198,0.20331811353886808,0.30301842516412336,0.09913488442823443,0.18170217965261232,1.2346099823200551,0.16125625399405125,0.10879526022839253,0.09230462615743641,0.3095966200219717,0.3801571672327471,0.45078288741452044,0.3057490357104244,0.12604272044602807,0.32242630385048426,0.3121501147524137,0.22305972577489602,0.258204059197167,-0.0720571745933359,0.4801456955486913,0.17935326800332713,0.4052003116809578,0.6976850171102549,0.594960501518656,0.8362213898636706,0.3670122868621356,0.26950033882960267,0.3821209250614921,0.3237683184462395,-0.09456139137932727,1.1909723275952144,0.177310200782405,0.20748719678436553,0.037859152889485076,0.11365186078496588,-0.018057722332714826,-0.05219157769077803
0.07178180717746133,0.2386334692886923,0.20609025777764026,0.32919922104008015,0.13380664134456965,0.1819988598666482,0.19860790485160348,0.2895171781310664,0.1994206133653886,0.2146956605930448,0.13606041220268672,0.13855701255736727,0.1745044736711966,0.11656769193619175,0.08947632917156471,0.0655402468085576,0.15202912676400007,0.18483397038215216,0.18133397651773495,0.16125625399405125,1.6940204468973594,0.11789785911511844,0.09749334605362914,0.12458326130231148,0.07603537302224729,-0.3981439484957517,0.057802694757270186,0.2057453501929431,0.21656996379066254,0.6533644404772411,0.33131607812870073,0.26600869441692826,0.27994015641281994,0.10857475318066452,0.048814938146231494,0.28393685165650606,0.43041109587648574,0.1574259648866633,-0.24944092469226187,0.2371957100881635,0.07463707357808663,0.19824118897249238,0.18237229470707536,0.31166911258715224,0.9288732375784842,0.17795471857670378,0.47791315351827685,-0.10728411390813021,-1.1765807494296416,0.08126880990933352,-0.012258566150579426
0.14776067855360736,0.5132803559279882,0.5620305162490526,0.25932246188770275,0.3054854560222356,0.44612232222395576,0.3617216704161392,0.381885720586715,0.27290648661341066,0.362092358451934,0.3086335880458757,0.33831187258078815,0.32490894263225645,0.39377201576868204,0.34346659443890154,0.42647687424091535,0.3771834109275929,0.4140945880068653,0.37602358548285136,0.10879526022839253,0.11789785911511844,2.635057264466618,0.3270563774557215,0.39979653226937867,-0.03266793528481607,0.22648011861845094,0.34838031001659925,0.33013513887088203,1.3049331167788725,0.08275977938914914,0.6201237705876609,0.6705071243917078,0.40343873331856966,0.7234440045418272,0.3142335231978509,0.6316069588241949,-0.008007778342393735,0.10437331901209886,0.8462922888351889,0.1237251835530739,0.7593400977506933,0.3229230119197669,0.6586386582274076,0.7167845067749968,-0.3132466332083421,0.8509602766341879,0.35214545356270316,-1.0341600596925744,0.8036245769275354,-0.0680149336173163,-0.0013106574921469692
0.08358373741147196,-0.19196154505699708,0.27177224996344207,0.39450034847872384,0.18061289416744014,0.17952262866212967,0.23227870992143948,0.24702837949874037,0.15909451356202534,0.21721136579800376,0.1849259462260341,0.1875998875111691,0.1705031229615813,0.2324528227391079,0.20785565904878373,0.1529101921326396,0.15156789388563954,0.4004162438634818,0.08182327487109342,0.09230462615743641,0.09749334605362914,0.3270563774557215,1.4546790115379573,0.34609305962196885,0.9434734405081864,0.039320066726117264,0.1362489331538209,-0.014893180488348845,0.7358328389478297,0.30840639713634144,-0.18406026668734218,0.07839317301645847,0.156287267362915,0.5363889911065325,-0.15277273701228206,0.7461880477546187,0.0431996025618127,0.03292858458519151,0.8798159756383289,0.22921437339785344,0.80056496162613,0.13307637822602442,0.11661808878670775,0.7858419452862526,0.05139355313813239,0.3872697704869091,0.3839531833391984,-0.12302075541072782,0.02504356239909395,-0.019135059071030434,-0.015050290491058367
-0.04400623615416552,-0.07603198386477628,0.22586616758714453,0.33990381129330494,0.2505364667723034,0.25320158072178167,0.22727488154995132,0.2483116766858733,0.16903657303130004,0.20407876114695173,0.24499464007040658,0.2383455653740819,0.15620181999514823,0.28326642538107566,0.2919848979607741,0.24294058285209313,0.27960347092630994,0.25358349542397884,0.23517555228769063,0.3095966200219717,0.12458326130231148,0.39979653226937867,0.34609305962196885,1.057482722986543,0.26511929189285427,0.15189048145347128,0.16875359876950213,0.1906451061002399,0.29385635478735384,0.4646638064105993,0.5074875466284315,0.22140465927010797,0.34335192960000116,0.28475015504656637,0.05873426688044518,0.45915452216521985,0.45236822929296694,0.17540579316493418,0.31126320970299465,0.11252410477888652,0.2641822145829603,0.25186533572867875,0.2181468177076371,0.30506488432716905,0.11978985048784922,0.27711045224412073,0.3707642702236319,-0.11577050803236517,0.362700123041159,-0.0772820659242856,-0.00870002332040527
0.2154493560864197,-0.040923086909218226,0.5670939713507128,0.5787687735363155,0.15838290205808622,0.33604709934539134,0.3262906776920731,0.33744456944647977,0.2545199886118432,0.36010384566197645,0.20233600453355355,0.3240894484400869,0.19247946913282885,0.40478732945549767,0.38116564078100346,0.28025836858702474,0.32898978991065136,0.33275150381914165,0.2473227407029632,0.3801571672327471,0.07603537302224729,-0.03266793528481607,0.9434734405081864,0.26511929189285427,3.562669715175337,0.36758783638750947,0.23631755053294287,0.22260738354572812,1.5263314510871417,1.0576574571660562,-1.0925440941828668,0.2087291868658705,-0.23123209807159364,1.2314525215248031,0.637534076358165,0.41746702241613576,0.3952214594644772,0.2784256702318353,1.5361701828779095,0.020090511063781052,1.6553440812416884,0.271537336082332,0.18919413306599786,0.9799472737736359,1.159576625290004,0.7874823977365522,0.7002402998321471,-0.5152285373350828,-1.2189566336759659,-0.005201610217529498,-0.06632926652169278
0.10294913473950089,-0.21898604426723708,0.3815469035326863,0.36930296393234974,0.2937272706960643,0.3853918137053292,0.2687888288307506,0.4782389215370671,0.1845780596799428,0.20091601394141848,0.3439836605209022,0.35519994150048995,0.18823946773038688,0.30893784715636613,0.2664427264127128,0.39160896465513,0.2263813629405216,0.29954880895483876,0.28931823516972416,0.45078288741452044,-0.3981439484957517,0.22648011861845094,0.039320066726117264,0.15189048145347128,0.36758783638750947,2.8303981725231915,0.33989769610261467,0.24433826643257636,-0.6703359004159609,-0.29401837173821876,0.16328852313240289,0.638707119013536,-0.2021460010630724,0.8068509234283732,0.8148625525782559,-0.03436446258287846,-0.11558502005654436,0.19922919558090443,0.8460838409422619,0.2050404636210569,0.8112041885926307,0.3902814667304228,0.3746478495490699,0.09816640542463878,0.8588113642372371,-0.051938830672810264,-0.043452923743507677,0.11633735809431195,1.1714354505816296,-0.10585247310815615,-0.04884227759833418
0.08286565935337367,0.36867343547698433,0.27616286499587694,0.15488393629929484,0.17396704203378585,0.2370219550443484,0.24045967728816303,0.23445540147478583,0.16506604851744502,0.25384482745940223,0.27082131258712255,0.2979564546869226,0.23807508799048557,0.1557158246000472,0.18772873155394082,0.2686147618736444,0.23435743879309504,0.12773903728278158,0.16647374979578544,0.3057490357104244,0.057802694757270186,0.34838031001659925,0.1362489331538209,0.16875359876950213,0.23631755053294287,0.33989769610261467,0.744392095384833,0.18325794578787932,0.3014344656872684,0.005639975071854525,0.09221797517358385,0.287794390791527,-0.00663724558475308,0.39336811637310687,0.3291439984332704,0.4367428830542817,0.20292451533993314,0.16929809842814886,0.42740564413959514,0.19047849790124063,0.48805066058780583,0.24280084244206343,0.3306658397975984,-0.03513047545529511,0.43903525744166366,0.18007877009122158,0.08239800586830559,-0.040710612375835044,0.5630219443757423,0.022272199725130767,-0.0012501084205117394
0.10097664115199963,0.2954866773482987,0.2377289285827944,0.07010598959172874,0.13100902191372307,0.22162015597880158,0.1725655572674874,0.11735877807008929,0.164948418679232,0.17476290166009462,0.16963582912931466,0.14516936181234247,0.15347973144747443,0.295118610476212,0.297196855288237,0.2869271837500313,0.42869570191103945,0.22734382833791797,0.23046325010596141,0.12604272044602807,0.2057453501929431,0.33013513887088203,-0.014893180488348845,0.1906451061002399,0.22260738354572812,0.24433826643257636,0.18325794578787932,1.0450491348718853,0.12043058725535406,0.13971052964945807,0.34890698358322125,0.19523870667246826,0.6995458902279917,0.16121751634406678,0.9826561480058926,0.19166393379956498,0.16049639632292756,0.09695191628154992,0.14153811010363668,0.2583184906122598,0.32485539867504226,0.23580022083164506,0.40391767449475885,0.7700472097007469,0.0013614266654368423,0.26905789614461534,0.22473293902526398,-0.05614409661031975,0.11543421559764652,0.044167775685217354,0.003757918781855993
0.20659611099994873,0.7828972624219853,0.7697705661232648,0.22197724513804265,0.15858844505008857,0.44013226255060256,0.34965503300896983,0.27740424950915815,0.3233330980852031,0.4187182247626169,0.21983589401711007,0.35614115976411725,0.2924567596073567,0.4170244923974764,0.4002374412237565,0.2739324480091412,0.3255285294273698,0.4104451671233797,0.2287554641601273,0.32242630385048426,0.21656996379066254,1.3049331167788725,0.7358328389478297,0.29385635478735384,1.5263314510871417,-0.6703359004159609,0.3014344656872684,0.12043058725535406,4.748655712954346,-0.1256463014211356,-0.7110355755870288,0.1588758870781855,-0.01840520272952245,1.033402128711738,0.08851022201714463,1.509166569724255,-0.8538621842144739,0.01782476276252441,1.1089764957533723,0.1541032119981249,1.6162489450785777,0.1129659716119847,-0.11613354361697036,-0.00859443228449095,0.11180381757567552,0.9491283132841114,0.30371045362419624,-0.8447732225352141,1.0316694084189042,-0.07637944717713291,0.016873134831201536
0.005335380122987533,0.010642165659087733,-0.11243145186424056,0.4289555844078227,0.24668466930018712,0.08670294299769428,0.281238439078994,0.29980318045490245,0.24882679425211493,0.2950501237274301,0.1291928093072291,0.18113228856260685,0.09104143832358758,0.3143198208461446,0.30487889253233263,0.16531642365138885,0.2907163384608026,0.12287023694314188,0.27999579357130355,0.3121501147524137,0.6533644404772411,0.08275977938914914,0.30840639713634144,0.4646638064105993,1.0576574571660562,-0.29401837173821876,0.005639975071854525,0.13971052964945807,-0.1256463014211356,4.369129730412019,0.721834647976025,0.41843400701720207,0.4791716094321688,0.5285750991764253,-0.16596937347525748,0.3509741782357968,1.6287123716925451,0.293109476943915,-0.2675765842568714,-0.5139428381806487,0.5619834496128647,0.3892498815604425,0.4018188991771144,0.5678496897986045,0.9661753492316557,0.6568322345160984,1.9978628383357306,-0.49136593673464807,-2.746628570684896,0.02912545006966791,-0.0575765618221133
-0.0062450119929517494,0.27003870351685094,0.06535921985932185,0.15747260084014839,0.32622280801564346,0.2778731941199735,0.23944797532151893,0.27863316029974944,0.18234359240341202,0.19058253281764403,0.25974474334739034,0.1998120953959462,0.14153063249682166,0.2937814532021644,0.2639552461329134,0.23407959306910875,0.28748263678866776,0.3002804757259137,0.3166065203104032,0.22305972577489602,0.33131607812870073,0.6201237705876609,-0.18406026668734218,0.5074875466284315,-1.0925440941828668,0.16328852313240289,0.09221797517358385,0.34890698358322125,-0.7110355755870288,0.721834647976025,2.3253409470612763,0.3286148543144942,0.7369444795574378,-0.024565645317032498,0.07445054326348911,0.19493873403925033,1.1840677789385223,0.16624185506264058,-0.41938363554391855,0.01583890915416368,-0.609166675558017,0.3484191410348637,0.4744852091471359,0.40731838808608883,0.041527238277066496,0.2536967756801965,0.5417221394841756,-0.11063659030651425,-0.4168976976071914,-0.008007807486066554,-0.00986636438137577
0.10008700501221682,0.23780830528042876,0.33195774249696475,0.3799503357203584,0.2932557395538363,0.33300549971794347,0.3182309727276102,0.31566304981308957,0.21371370432285283,0.25309167027524776,0.2846414112023291,0.34198659951365806,0.25065835119422597,0.29025268169845064,0.22850465297238798,0.3902614850565959,0.25857275890724046,0.22183789509137097,0.2986073617087217,0.258204059197167,0.26600869441692826,0.6705071243917078,0.07839317301645847,0.22140465927010797,0.2087291868658705,0.638707119013536,0.287794390791527,0.19523870667246826,0.1588758870781855,0.41843400701720207,0.3286148543144942,0.9590703862378305,0.19132472383036772,0.5062947728009523,0.30712184660647057,0.2354715317560418,0.24306341002069834,0.15220404762822357,0.2620514580665826,0.05262119678932983,0.35416176258748844,0.34368701537658924,0.3674799165414667,0.27490290894630753,0.3845609201624604,0.3623559267015171,0.3581115604510127,-0.306888462829454,-0.24570553175161386,-0.020117762102918168,-0.04832450035910925
0.04811850678459936,0.29490707226850454,0.011051340513330763,0.20292830532224823,0.18487076721731008,0.0572503239000926,0.16299968072560775,0.023655422496384065,0.11709928523992419,0.08920701857144672,0.09760935720198592,0.07918266608549879,0.05207635752962787,0.22741913487962198,0.23137892990035713,0.07177435292200031,0.3236011568733294,0.2112698544333027,0.1961132945348113,-0.0720571745933359,0.27994015641281994,0.40343873331856966,0.156287267362915,0.34335192960000116,-0.23123209807159364,-0.2021460010630724,-0.00663724558475308,0.6995458902279917,-0.01840520272952245,0.4791716094321688,0.7369444795574378,0.19132472383036772,2.8182220593906098,-0.44116367706762255,-0.8066323878748306,0.19379353868008686,0.43254274624441064,0.032683074379067756,-0.8291960386843363,0.07566495109312772,-1.0053900840547954,0.31582203827742433,0.3340400924614698,0.7745389700831007,-0.7988294016586488,0.374025481789233,0.44909516903735036,-0.03554524653040275,-0.738382394140434,0.05929878571581624,-0.02555879522995766
0.008995972168743066,0.1062462136178098,0.7706741526139363,0.6261266921469221,0.27819378839431547,0.5158937034631046,0.4557481661091826,0.5356955926423425,0.38067422658226013,0.5212626430402453,0.33203589447584037,0.43682935966737807,0.29615410697713385,0.3986972502442139,0.40116580777318805,0.39378952151032004,0.3782469455950753,0.4142035387524321,0.3387923254045561,0.4801456955486913,0.10857475318066452,0.7234440045418272,0.5363889911065325,0.28475015504656637,1.2314525215248031,0.8068509234283732,0.39336811637310687,0.16121751634406678,1.033402128711738,0.5285750991764253,-0.024565645317032498,0.5062947728009523,-0.44116367706762255,2.369608724414029,0.8137325066249457,0.4421550845807525,0.2293780725802132,0.18391360724322853,1.025593176537713,-0.13424971179647613,1.3920353528029,0.34062268078037294,0.5413334840887133,0.6451856673678066,1.1678632611023168,0.5016401462454243,0.5179498840070716,-0.41857238780957745,-0.009883167438580566,-0.13235329976915414,-0.044204093653187296
0.14550340810683418,0.24445793717862566,0.44679794898251585,-0.03385529196850904,0.11785507591378551,0.38091225575564747,0.22746307080207723,0.2835258487905738,0.2065709754676885,0.24030862600284283,0.2628894051881222,0.24146249072057493,0.2520640897134849,0.3574455750240043,0.3130151236559409,0.5515899954799336,0.41782677267786644,0.25307361098675457,0.2887886964818977,0.17935326800332713,0.048814938146231494,0.3142335231978509,-0.15277273701228206,0.05873426688044518,0.637534076358165,0.8148625525782559,0.3291439984332704,0.9826561480058926,0.08851022201714463,-0.16596937347525748,0.07445054326348911,0.30712184660647057,-0.8066323878748306,0.8137325066249457,3.475526985832712,-0.34993382436394316,-0.4375348761302567,0.04661419190786048,0.9185567934472539,0.49911165640963,1.1548847319631537,0.2483196042237481,0.7005980143265494,0.9221250337032529,0.5068445156109515,0.16683855041996717,0.06838522942445281,-0.09632320578266493,0.804689897142207,0.018083524461273825,-0.015394882834961836
0.09814752727914482,0.30420704058929765,0.5395900750081399,0.2738219262559989,0.18378404083771352,0.18262852009309669,0.3744753850821633,0.2289257078765499,0.2402474183377207,0.3923533867486393,0.2600987955989603,0.384503706500676,0.19488255483609027,0.246635192937128,0.3195559530024331,0.1238298082704151,0.3675359763096936,0.2575829138825964,0.13330874378264235,0.4052003116809578,0.28393685165650606,0.6316069588241949,0.7461880477546187,0.45915452216521985,0.41746702241613576,-0.03436446258287846,0.4367428830542817,0.19166393379956498,1.509166569724255,0.3509741782357968,0.19493873403925033,0.2354715317560418,0.19379353868008686,0.4421550845807525,-0.34993382436394316,3.405516555620221,-0.18921453226152393,0.22603679223712142,0.44510617011848386,0.31496533191473364,0.7144651890137119,0.32824076810380337,-0.32936012894277694,-0.7932776262063514,0.47658982866946675,0.6823353589648972,0.21486517865169338,-0.31333064601185284,-0.8551772051847214,-0.10624907734280405,-0.02518975957701238
0.09158817435239144,0.47962479030732347,0.20980479413282152,0.3047499461063992,0.3108751228722401,0.30681869137423207,0.29183878878866265,0.35964403818224394,0.24441320898270474,0.30253769875548026,0.25608483252834197,0.26711996649973135,0.14415125212105245,0.37854545511611054,0.3015450218152666,0.22565497150749236,0.41392470849558183,0.3438125238478238,0.33959846129263765,0.6976850171102549,0.43041109587648574,-0.008007778342393735,0.0431996025618127,0.45236822929296694,0.3952214594644772,-0.11558502005654436,0.20292451533993314,0.16049639632292756,-0.8538621842144739,1.6287123716925451,1.1840677789385223,0.24306341002069834,0.43254274624441064,0.2293780725802132,-0.4375348761302567,-0.18921453226152393,5.122652632556811,0.5315622100921921,-0.24560759357897752,-0.30555778775115644,-0.20280922864580103,0.5569925651719031,0.5539626309662267,0.22298017068369408,1.9822563048662294,0.5542438099929551,1.0206027577233323,-0.13593071141081584,-0.8300418646397303,0.0012712535798812118,-0.029409095017239886
0.06143639557826259,0.005685432088445011,0.17926411962484284,0.19658082898288362,0.1303205328713147,0.16737247979182773,0.12101823933528892,0.1876365512771473,0.10227113729845667,0.1697876057277694,0.14364287657523128,0.1480329123104207,0.08293913147835766,0.14543904314976286,0.10969487032658176,0.0924694090674269,0.17387123008939886,0.060929178631921904,0.12584616954120684,0.594960501518656,0.1574259648866633,0.10437331901209886,0.03292858458519151,0.17540579316493418,0.2784256702318353,0.19922919558090443,0.16929809842814886,0.09695191628154992,0.01782476276252441,0.293109476943915,0.16624185506264058,0.15220404762822357,0.032683074379067756,0.18391360724322853,0.04661419190786048,0.22603679223712142,0.5315622100921921,0.7443939312520432,0.3229488845359335,0.20774554657321712,0.07805437083236356,0.20770383223546385,0.17643295209712775,0.059740069476077025,0.6469710875904526,0.12082389737120457,0.1920599366309553,0.008656763559615314,-0.1534877389072366,-0.005726718431386268,-0.03160116210020386
0.21097942937076825,-0.15906753253433664,0.6043049398816934,0.5207123160783471,0.3668964347779635,0.5209414117939403,0.29151875079052464,0.5805116211219734,0.1724251911295334,0.45144283612827835,0.3530419481047017,0.33569760072974286,0.358659421771845,0.395390377065973,0.37034996671280573,0.5112044031561197,0.2669950288076693,0.43450450411976915,0.4391882164146897,0.8362213898636706,-0.24944092469226187,0.8462922888351889,0.8798159756383289,0.31126320970299465,1.5361701828779095,0.8460838409422619,0.42740564413959514,0.14153811010363668,1.1089764957533723,-0.2675765842568714,-0.41938363554391855,0.2620514580665826,-0.8291960386843363,1.025593176537713,0.9185567934472539,0.44510617011848386,-0.24560759357897752,0.3229488845359335,4.747911334430006,0.7523089211469663,1.767238962448152,0.1756578363306637,0.10721872676256608,0.9679915904257645,1.5087122843038043,0.3501891032144607,0.08152099405023357,-0.40223780212305477,1.5080402071149555,-0.08623634133490128,-0.06051559482480094
