0.987737268890914,0.2631693265912176,0.378940591520977,0.0730471247936596,0.11474020037815275,0.15712885696105722,0.1809967798851935,0.12338978899819009,0.12565713877221124,0.12883625041387767,0.10349621845831383,0.13197473869684181,0.08593121965657849,0.13899888678255654,0.13153819357420501,0.10366934881485727,0.12121851812186812,0.13312647955239976,0.11949635793139098,0.08622672362350586,0.08619551522181514,0.13969621334238652,0.099778596015024,-0.03811017468657264,0.2521854248918361,0.12597376758471193,0.08295985778757149,0.09260787079578355,0.19041879011585103,0.043693514120073385,-0.010090342104273063,0.11462570749134969,0.047991442728156496,0.037094507462122436,0.15852409484221713,0.10593802675502183,0.10893730441225777,0.0790508928872572,0.2470286859067974,0.01858081387726362,0.23041718613998516,0.07838554035684601,0.08341537718624312,0.18495290343811074,0.17216184492571754,0.16109477818563422,0.10118509762934394,-0.09018071772143138,-0.11951758039037205,-0.02161517258781603,-0.041664562841216106
0.2631693265912176,3.7006206472984013,0.27346171959448545,-0.5445550316039999,0.2074601896993829,0.3206482523372811,0.31261216681692333,0.11040786939537453,0.3217298375163401,0.11188863756923303,0.22578869392279585,0.3016515953648512,0.19951965960648754,0.2065113225232987,0.3864991959047789,0.14586265986596955,0.21024487670465414,0.484142322222917,0.1850438639734568,-0.06980728794030089,0.22697682147973533,0.4839377846270963,-0.22091304045466345,-0.07353238825972878,-0.1564952586661628,-0.27306798608329846,0.36277667376613254,0.2978868248326522,0.7433507975714272,-0.08457893179450486,0.2882909196954259,0.1802448180936317,0.2884692973564889,0.04880828095922607,0.21204254165740882,0.25191770955652304,0.46915661704143763,-0.03002599084696089,-0.2318281124029005,-0.00928389170473741,-0.05217816618789184,0.10737678745613076,0.1389082984236796,-0.17857529022039875,-0.0495674507458932,0.25774394622441427,0.21723556667329458,-0.246120784240956,0.19016142089078847,-0.013268610556795195,0.032871354247299325
0.378940591520977,0.27346171959448545,1.7993867603231117,0.41432721813551304,-0.09982168787074709,0.44618397004196325,0.3709867997036619,0.3513296853350421,0.333542332567448,0.47634861536599155,0.2969617382996011,0.3837342941201561,0.25429163906389896,0.3461268113470165,0.35474187720503964,0.22406240922170784,0.37616532932289853,0.32124635377488614,0.21480663317167173,0.3110747594407607,0.21156559597458469,0.549830980537826,0.2802520407839576,0.23290852327282746,0.5746219259560692,0.3752823542045307,0.27678865256692686,0.23518500163937503,0.7752577747128214,-0.08402934739289805,0.06139795832664301,0.33041479269055135,0.02603311353321137,0.7833119712731745,0.4462803488364808,0.5589010926621468,0.2010229873617799,0.17084082880486298,0.5902578745856392,-0.16265173723389778,0.7212766801164442,0.25275780463249936,0.26026734443584065,0.3261371308544725,0.7083598502050086,0.49543372094350446,0.1885067199095649,-0.3387998681264679,-0.22812600364104443,-0.1003218390146308,-0.09747898316043825
0.0730471247936596,-0.5445550316039999,0.41432721813551304,3.058241823403241,0.33997211107308445,0.32531930801338954,0.2734332686626923,0.3757920702869941,-0.021293157401376547,0.36547802660695144,0.2694593776585696,0.3541574384946388,0.24245898246307665,0.3214111942321133,0.20006694533714803,0.3856379822646631,0.2411463408440987,0.21728067125728306,0.2588727714041332,0.317049007895938,0.3616453886528607,0.2262594452686242,0.42736031762379456,0.3440592111283346,0.623802744781186,0.3754990104781166,0.14905368791744217,0.05576852127329937,0.24032732971424425,0.4745608440729141,0.1234834049350037,0.37888850395473,0.21523777985590378,0.6734688150190333,-0.06212850609465127,0.3147005814350175,0.27432953148511596,0.189742958747566,0.4925803001614507,-0.019787476313521304,0.46284686659761765,0.26673197311917035,0.2457658232667126,0.6474606253099181,0.37095461810391706,0.3591735068987543,0.3928189184581909,-0.08900491430968578,-0.4446210522969479,0.05304903780657609,-0.15999264645430172
0.11474020037815275,0.2074601896993829,-0.09982168787074709,0.33997211107308445,0.8928342716316771,0.38890089705456604,0.38065866714694013,0.4015171063079467,0.23058169730994507,0.22205514941295218,0.2308534456189416,0.2593368294323024,0.17455736647436892,0.31562601674821483,0.2608801659150929,0.35597321767557155,0.22552452906887313,0.2537696065884661,0.4810567695065316,0.22895233680914037,0.15210338893924602,0.28328143170440623,0.18834874853099987,0.257596485105346,0.1672091457618355,0.29580835199432337,0.1700841471912604,0.12091956856299378,0.15564071124551027,0.2629376819379799,0.32551892686575495,0.2863226309721158,0.18398834968508457,0.2970135080083695,0.09925702495870375,0.20719494263213933,0.3280579568212377,0.1393271197931384,0.36455033534401915,0.13496011813633632,0.13363350479408323,0.24465343029195769,0.20046113609758717,0.25955358549029733,0.09883515651572126,0.16923801411528588,0.27426978496919097,0.01132022028996854,0.24887639063928702,0.025084723411111363,-0.045581890830009374
0.15712885696105722,0.3206482523372811,0.44618397004196325,0.32531930801338954,0.38890089705456604,0.7472267898748052,0.28735110692144095,0.3983739235014412,0.2553960212076858,0.26432394632291656,0.28131454033975695,0.3392743706534378,0.21228685303977413,0.3648128936137854,0.31136183049498517,0.3524644549896716,0.30123212691443846,0.310963097084671,0.47500373147446695,0.2932769973199519,0.18227405673396344,0.43609365566729563,0.17415808364149804,0.2554771743811546,0.32608935585695076,0.3723483546355212,0.230256562116195,0.2191058442004626,0.43957081212811866,0.08880230317953561,0.2839542236272327,0.32277357738296464,0.058348044504145,0.5107357469321802,0.3654973403015793,0.18781560961414334,0.32005760064321603,0.17217828602845617,0.5102803076469224,0.1400969828748018,0.28224349504257934,0.2621754433556777,0.3090671844131098,0.4087088687017487,0.34815604908990855,0.2326454540812919,0.25263916103970574,-0.10252838148053094,0.30431639258731125,-0.034278709124846075,-0.0021642514217431216
0.1809967798851935,0.31261216681692333,0.3709867997036619,0.2734332686626923,0.38065866714694013,0.28735110692144095,0.8892593984334164,0.32311819295567756,0.3422056006566383,0.2407211006931107,0.3029709652503552,0.37179217536797615,0.17778760187119083,0.31601389773430066,0.22737058681347513,0.29305282465064714,0.3066192876608624,0.2482748202766745,0.279461506780857,0.2254856155738579,0.21075209302172374,0.3199813300824509,0.22394777410171576,0.23737477622602468,0.3228458959908333,0.2724856446722763,0.23719263819195702,0.15631921611147284,0.320088000242956,0.2843202397493954,0.2374211488634093,0.29671927426550737,0.14326625069574128,0.4628362811993317,0.20694741358686383,0.3727515452693537,0.3152177642169355,0.1330132729630314,0.2969111498743109,0.03582714721558755,0.3168224111125564,0.26848178890849267,0.21059864437471254,0.22085691738374477,0.30846262663586754,0.27259520022578454,0.26164944387564726,-0.09416201582552391,-0.021886754379769,-0.002083765596565984,-0.05602107398339273
0.12338978899819009,0.11040786939537453,0.3513296853350421,0.3757920702869941,0.4015171063079467,0.3983739235014412,0.32311819295567756,0.9163053880054605,0.21334973066080717,0.3678096932352486,0.2963083896917152,0.20467319035344655,0.17601975055752064,0.41194829503585567,0.25163823778305866,0.3097789245639602,0.27348851780747707,0.34298776959582095,0.36649828464069756,0.3796858784148597,0.3005125543481706,0.35248932209463285,0.25357163831411933,0.25980628505065206,0.3656811811333725,0.49365031176849916,0.22805723516850732,0.10677355928714792,0.27227492364671246,0.35085100609927644,0.28396257160953553,0.31573171799147765,0.025464308006430816,0.562322897065786,0.2813443315746565,0.26978689124265925,0.40184922948531787,0.21047191624866174,0.5952280220303684,0.10746790718094826,0.461295926957392,0.2819521819421138,0.31733082870058205,0.3009092504338548,0.5578719722707184,0.255658316884148,0.38936273827845125,-0.06991749991232932,0.08457239906730192,0.05345093914500674,-0.07399275458569676
0.12565713877221124,0.3217298375163401,0.333542332567448,-0.021293157401376547,0.23058169730994507,0.2553960212076858,0.3422056006566383,0.21334973066080717,0.9029799530207949,0.11371470431940628,0.2248634029780095,0.18792768868513587,0.14795002010789257,0.3397890815007245,0.15993869502952937,0.18635962333161002,0.2070459858298422,0.19230167498511594,0.18000427307127576,0.1867449536589389,0.19919035459160148,0.2547206182031947,0.14062268248053877,0.1821139126218928,0.23368550211645447,0.1777925490669624,0.16442622094246295,0.16489614428835586,0.3055934324846081,0.2407849988018676,0.19649973167728155,0.19365055472025403,0.10658034350907739,0.37143361859517626,0.19664466475694448,0.23033854253569402,0.26566285829524033,0.10969144715666443,0.1703522699903724,0.03826816664508626,0.23417653907019134,0.18500732652085433,0.20685645937195318,0.17664672263894285,0.30806541179832003,0.20506884327840597,0.22815525578509646,-0.10126595397115683,-0.11597247257205603,0.0077702344230460504,-0.008373177245511551
0.12883625041387767,0.11188863756923303,0.47634861536599155,0.36547802660695144,0.22205514941295218,0.26432394632291656,0.2407211006931107,0.3678096932352486,0.11371470431940628,0.8463026670674488,0.15733142614230122,0.2540114734913123,0.21773209374174166,0.2767776824699694,0.26559787185215167,0.23588696615077465,0.2447319155331537,0.32223845851023875,0.21794608153054715,0.3002003368105827,0.22178828181752452,0.349937890505619,0.21783050484053768,0.19622331215435412,0.3604144022602812,0.21205788222947877,0.24341323018851016,0.15814780592457914,0.40881916202661317,0.2891306848415258,0.18142396218326334,0.24972353627584593,0.07753031168282895,0.5241532508222271,0.23631959122845297,0.3842389252690006,0.3021317207285704,0.1679410011783051,0.467626839817521,0.06596696082054564,0.5014603031592992,0.20751945980409411,0.2219992348501688,0.257243802466548,0.442180185132784,0.2847236363722317,0.35650975434634213,-0.14758185143420216,-0.047684697292726,-0.02011350525313299,-0.03820696777331896
0.10349621845831383,0.22578869392279585,0.2969617382996011,0.2694593776585696,0.2308534456189416,0.28131454033975695,0.3029709652503552,0.2963083896917152,0.2248634029780095,0.15733142614230122,0.5847881646952526,0.3235385455288423,0.2557958294080556,0.22177176095051024,0.2670807293056754,0.27916180874959945,0.2575630961205192,0.23086395124976744,0.21661827364528466,0.2508669173927353,0.14899624869682548,0.30240006671488623,0.1809000489060968,0.23567018330468228,0.2011981511195423,0.32712186470334437,0.2637631471343986,0.15595129823498616,0.22915091435131332,0.13309341905350844,0.2470246808948018,0.2753313574215889,0.08472129643627825,0.34160823421312086,0.2508256543501327,0.261521986666766,0.24710683194202732,0.13640440842456203,0.34928992431601735,0.11377820568654826,0.26155642241093585,0.24009707438206884,0.21788904451959357,0.17384906993348928,0.24578900919317984,0.1981043217074824,0.2037120414933184,-0.06311591451914599,0.14635842265960466,0.001433552234803907,-0.016307607364229634
0.13197473869684181,0.3016515953648512,0.3837342941201561,0.3541574384946388,0.2593368294323024,0.3392743706534378,0.37179217536797615,0.20467319035344655,0.18792768868513587,0.2540114734913123,0.3235385455288423,0.6208156953338495,0.22529752652934915,0.2958798347710232,0.32251044193257894,0.3077049058766402,0.2918574287045999,0.21506056521208444,0.2518205609918105,0.2428592586424886,0.1307944501635292,0.3327461480587737,0.1849324591075076,0.2249927988948908,0.3087224756079256,0.3393653056773993,0.2976725341983028,0.1324083798908226,0.3533362997182137,0.1523229329869847,0.1835656458294069,0.3306258790482633,0.061607405468003605,0.4193918578258984,0.23433522291533632,0.37814785698605075,0.2508844488811821,0.13444960239174808,0.33628658934521827,0.08690738566036345,0.3370792048495454,0.2513242215511817,0.1957425864437954,0.14022004107630306,0.3204970314217348,0.2260252269925221,0.20801415644384186,-0.10410443776619181,0.16584926872844938,-0.07740764105840656,-0.006131886660360399
0.08593121965657849,0.19951965960648754,0.25429163906389896,0.24245898246307665,0.17455736647436892,0.21228685303977413,0.17778760187119083,0.17601975055752064,0.14795002010789257,0.21773209374174166,0.2557958294080556,0.22529752652934915,0.5191483081336854,0.21010476771917877,0.1089532377246224,0.2943455948714118,0.17388622738910034,0.19973845077708866,0.15903085358749253,0.1543033811105354,0.16593366592917205,0.3249363797813309,0.16752185198362762,0.1489389615609881,0.20085559818451765,0.18042456428429587,0.2421259909478983,0.14911201458351786,0.3002723410593343,0.08840978594017682,0.12722180566537836,0.25959252838349883,0.051570136077636546,0.29242121029757145,0.25170854058975173,0.20853833064989516,0.12519323942691515,0.08114969037154822,0.3563121092978267,0.11338383141987066,0.32825388987502896,0.17274283485031913,0.19484852988739373,0.2430986623383866,0.13394530106616942,0.1859653391417109,0.17350139841056078,-0.10235730380116036,0.21102623442449334,0.018500514597864125,-0.003252391822063827
0.13899888678255654,0.2065113225232987,0.3461268113470165,0.3214111942321133,0.31562601674821483,0.3648128936137854,0.31601389773430066,0.41194829503585567,0.3397890815007245,0.2767776824699694,0.22177176095051024,0.2958798347710232,0.21010476771917877,0.8058726156577357,0.3196239305297994,0.45783658996432575,0.299684055163487,0.31929712061466076,0.31650563383999974,0.24995151366414517,0.12314626217956974,0.39254081378282163,0.2414185818022103,0.26975681880261965,0.3925329183138083,0.30385757902495314,0.147630539248587,0.2678860226755244,0.4189382501781673,0.2993637038131464,0.2871040512783327,0.27933834062261303,0.20538346125060672,0.3954199235254621,0.32805111441643225,0.24909805708095245,0.38114442537047133,0.14151642103221085,0.38855251295805787,0.09646017585670787,0.45039191493658354,0.2769783930802902,0.34070386082417575,0.455704390293063,0.22596068234545774,0.30168664488857794,0.356121993293201,-0.13237904875031822,0.16027092852177716,0.013861112533871345,-0.014417467242324778
0.13153819357420501,0.3864991959047789,0.35474187720503964,0.20006694533714803,0.2608801659150929,0.31136183049498517,0.22737058681347513,0.25163823778305866,0.15993869502952937,0.26559787185215167,0.2670807293056754,0.32251044193257894,0.1089532377246224,0.3196239305297994,0.8322594895476196,0.23527033627196278,0.31288381376382834,0.32885972712180356,0.2802197654885282,0.1931604129607799,0.09192453428201215,0.356570065387151,0.20904277021291828,0.27537163935746256,0.3451707663883281,0.2399973627603208,0.19538808593530926,0.27583299259462873,0.41376163489114787,0.25312840871717596,0.24999470927720305,0.21497932032129766,0.20678111084784753,0.39206906613184583,0.28657697973067847,0.32202267057044875,0.2651754514940166,0.08858735758340515,0.3521208458412,0.07156208581894209,0.36999476084332367,0.2266792101331709,0.20951154504470273,0.29557679349048094,0.1888131127928404,0.27585990808595134,0.31213021281493697,-0.1486560205230495,0.09366185352357226,-0.06412205692988728,0.012134937390905468
0.10366934881485727,0.14586265986596955,0.22406240922170784,0.3856379822646631,0.35597321767557155,0.3524644549896716,0.29305282465064714,0.3097789245639602,0.18635962333161002,0.23588696615077465,0.27916180874959945,0.3077049058766402,0.2943455948714118,0.45783658996432575,0.23527033627196278,0.9675521402007324,0.26676032197535454,0.31698799381626275,0.3665522733242564,0.17942470421029066,0.06335634308370823,0.4418112455277532,0.17378840859712272,0.23097851894044258,0.29984379001509304,0.3792297632268965,0.260584199430962,0.2798960826607844,0.30150476344890714,0.16824813097220512,0.2182153387159216,0.38720919964576994,0.06554585228396345,0.3894207302408229,0.5355808266316923,0.14579889120817405,0.2245044088797561,0.08972964514425334,0.5110430616690951,0.1799896747518712,0.5052615795887404,0.3294194622319375,0.35770459119408343,0.5053869102960412,0.12691541944114812,0.24385306420831024,0.275461958779162,-0.11521882587599432,0.3946609620797015,0.02986989886151114,-0.005058960603230983
0.12121851812186812,0.21024487670465414,0.37616532932289853,0.2411463408440987,0.22552452906887313,0.30123212691443846,0.3066192876608624,0.27348851780747707,0.2070459858298422,0.2447319155331537,0.2575630961205192,0.2918574287045999,0.17388622738910034,0.299684055163487,0.31288381376382834,0.26676032197535454,0.6771988384547923,0.2289935354623857,0.2704104152381582,0.29382531355507413,0.1683695071439275,0.38708554742023427,0.16699873733899834,0.2796156369285591,0.3412023202311847,0.22769776570338893,0.23405303823882528,0.4179378943490186,0.34214257165200007,0.30216255076828796,0.2907955259497375,0.2714532263505572,0.34949755788381176,0.4001141526882059,0.3970858290747687,0.39734627348043955,0.40139235637559084,0.1685873390923468,0.25620023375424894,0.08435045617394975,0.3337207800109699,0.3722715331826744,0.2851797796177496,0.3266612480227059,0.3069560457330354,0.30928361879351324,0.3278528802911555,-0.13680044630893587,-0.08265098796287901,-0.08315693448467693,-0.027662755517358473
0.13312647955239976,0.484142322222917,0.32124635377488614,0.21728067125728306,0.2537696065884661,0.310963097084671,0.2482748202766745,0.34298776959582095,0.19230167498511594,0.32223845851023875,0.23086395124976744,0.21506056521208444,0.19973845077708866,0.31929712061466076,0.32885972712180356,0.31698799381626275,0.2289935354623857,0.7299606755993996,0.23874115884709046,0.10173870579966654,0.180416523039527,0.43811660825305265,0.4104491287272406,0.26436496826128764,0.34574286898200146,0.2865736721637785,0.12568025844198585,0.2438085685401117,0.4416207991754144,0.13353635964855987,0.304522846736112,0.22390614045555168,0.2320616095387587,0.39714589772236014,0.25437649477019264,0.2872062416293993,0.34679958957169704,0.06531220099224969,0.4368735434783099,0.13982357714043964,0.4673418895141877,0.20473877449283784,0.3004050676077853,0.4783786199829866,0.20144807900328973,0.2989254228193483,0.4422800749570107,-0.17892074887578616,0.06011067229690112,-0.009812076697149145,0.00224750171225227
0.11949635793139098,0.1850438639734568,0.21480663317167173,0.2588727714041332,0.4810567695065316,0.47500373147446695,0.279461506780857,0.36649828464069756,0.18000427307127576,0.21794608153054715,0.21661827364528466,0.2518205609918105,0.15903085358749253,0.31650563383999974,0.2802197654885282,0.3665522733242564,0.2704104152381582,0.23874115884709046,0.777159510004192,0.17973947921309943,0.19038656022821224,0.36432105621941374,0.09878288959200246,0.23567791707496166,0.25761775550342003,0.2946557416238767,0.16399682808974542,0.22069839415935083,0.22438710377694426,0.2832252500783808,0.3129936837703135,0.2933986323201274,0.19132940972093693,0.35579793426283224,0.27458296608151994,0.15473397776502132,0.344160636708965,0.126972179029023,0.44249424099851814,0.06476959720401655,0.26095955993922704,0.2511140598331611,0.24678305232755854,0.3617780085966224,0.2435935968637441,0.21757166893406774,0.2761275118880787,-0.051655084477701584,0.17385154272810285,0.007566863547403252,-0.03760930097110998
0.08622672362350586,-0.06980728794030089,0.3110747594407607,0.317049007895938,0.22895233680914037,0.2932769973199519,0.2254856155738579,0.3796858784148597,0.1867449536589389,0.3002003368105827,0.2508669173927353,0.2428592586424886,0.1543033811105354,0.24995151366414517,0.1931604129607799,0.17942470421029066,0.29382531355507413,0.10173870579966654,0.17973947921309943,1.2120839323033898,0.14827740931010872,0.07448713912633427,0.09956340573680864,0.27640538852367164,0.3856516528823886,0.4837765362224967,0.30482132113978755,0.07874377104169647,0.2981454156559484,0.32572259021571,0.20209348957217074,0.26002104263149606,-0.09963551347521879,0.5130806167125168,0.20580195369509602,0.38872497167769915,0.700942337322246,0.5840851459109289,0.8518671912304945,0.3243324446903919,0.26142894818474405,0.36633337360718854,0.3160070389505659,-0.1476981606957174,1.1879554304802509,0.1636217622822377,0.21299203243508116,0.09046216011031893,0.13420718927491415,0.0017048335562860402,-0.06715071759479799
0.08619551522181514,0.22697682147973533,0.21156559597458469,0.3616453886528607,0.15210338893924602,0.18227405673396344,0.21075209302172374,0.3005125543481706,0.19919035459160148,0.22178828181752452,0.14899624869682548,0.1307944501635292,0.16593366592917205,0.12314626217956974,0.09192453428201215,0.06335634308370823,0.1683695071439275,0.180416523039527,0.19038656022821224,0.14827740931010872,1.6946390502910815,0.11651280975114964,0.10182633450884923,0.14424241877321925,0.07992200603165232,-0.39516810926476,0.053745018025128634,0.21077198963002702,0.23381042938961336,0.6888404279047927,0.34921352945961665,0.2724823371692394,0.34971731936517536,0.11564894461180589,0.0076540312436603735,0.31476957773425074,0.3896575263216401,0.14346186165283667,-0.31970568017119233,0.18409745106341757,0.018420630554154976,0.20138787657425586,0.1660082274519192,0.29401625257633357,0.808497482724859,0.20661192052594143,0.49292225518108235,-0.09844404951970623,-1.2042365270572335,0.10138246016437534,-0.04378930882720095
0.13969621334238652,0.4839377846270963,0.549830980537826,0.2262594452686242,0.28328143170440623,0.43609365566729563,0.3199813300824509,0.35248932209463285,0.2547206182031947,0.349937890505619,0.30240006671488623,0.3327461480587737,0.3249363797813309,0.39254081378282163,0.356570065387151,0.4418112455277532,0.38708554742023427,0.43811660825305265,0.36432105621941374,0.07448713912633427,0.11651280975114964,2.6341608317749383,0.3189349854064671,0.4065752387333528,-0.05781495167513121,0.1533653902445049,0.35729444610341,0.3589989844145421,1.3566486471291013,0.04653682929478786,0.6296997857755178,0.6453400353769535,0.4342291619623339,0.6814632483224947,0.2793006022448268,0.6850988956892008,-0.015879308125936163,0.08706501366174885,0.7774660098874944,0.12549117381056166,0.7113293185991323,0.30549746393468896,0.5719144916372387,0.66374457343357,-0.41938432951052174,0.853511470372484,0.3434068648794619,-1.0565981601307122,0.8005234375777701,-0.09256298066191912,0.019092196330035963
0.099778596015024,-0.22091304045466345,0.2802520407839576,0.42736031762379456,0.18834874853099987,0.17415808364149804,0.22394777410171576,0.25357163831411933,0.14062268248053877,0.21783050484053768,0.1809000489060968,0.1849324591075076,0.16752185198362762,0.2414185818022103,0.20904277021291828,0.17378840859712272,0.16699873733899834,0.4104491287272406,0.09878288959200246,0.09956340573680864,0.10182633450884923,0.3189349854064671,1.4320081771820026,0.33374661253035465,0.9605592750495044,0.025087676427214316,0.13926615346436877,-0.016304414230014372,0.7508903285970835,0.3706641969864819,-0.16847307524768187,0.10220016158125411,0.19234739210655247,0.5450584434260183,-0.1400277294239472,0.7709744457055773,0.07035699622158265,0.04689054657795041,0.8658343163516721,0.18891938040892794,0.7759925449226533,0.1358127917424528,0.0857614352907605,0.7531124143621287,0.02207929398958054,0.41802151200381943,0.4167687466851163,-0.11784398912749407,-0.0580322300226454,-0.001723563684575231,-0.04851621656257798
-0.03811017468657264,-0.07353238825972878,0.23290852327282746,0.3440592111283346,0.257596485105346,0.2554771743811546,0.23737477622602468,0.25980628505065206,0.1821139126218928,0.19622331215435412,0.23567018330468228,0.2249927988948908,0.1489389615609881,0.26975681880261965,0.27537163935746256,0.23097851894044258,0.2796156369285591,0.26436496826128764,0.23567791707496166,0.27640538852367164,0.14424241877321925,0.4065752387333528,0.33374661253035465,1.050786726498815,0.22974809824148326,0.10738577242541486,0.17157603727690235,0.19334147654673128,0.3420561553326864,0.4801639481464569,0.5307822088749898,0.22148463329347842,0.40566867696736547,0.28058911413945603,0.018449478291028887,0.4885070911265618,0.4222539241034611,0.14607619864110225,0.20813852458741738,0.06622193162359113,0.1703696689372741,0.2361465740579433,0.17649683078620185,0.2395324022876353,0.017945973919767932,0.2865585056700828,0.3815600968888347,-0.11587190118916545,0.354179245257381,-0.07614937637749307,-0.01711813238464547
0.2521854248918361,-0.1564952586661628,0.5746219259560692,0.623802744781186,0.1672091457618355,0.32608935585695076,0.3228458959908333,0.3656811811333725,0.23368550211645447,0.3604144022602812,0.2011981511195423,0.3087224756079256,0.20085559818451765,0.3925329183138083,0.3451707663883281,0.29984379001509304,0.3412023202311847,0.34574286898200146,0.25761775550342003,0.3856516528823886,0.07992200603165232,-0.05781495167513121,0.9605592750495044,0.22974809824148326,3.6048277317503516,0.3838217138810046,0.2472124987399574,0.1756313305690297,1.4766904499588818,1.0673683702556893,-1.126782601734577,0.2218044427514536,-0.27586138499658086,1.2667511597704786,0.6841538639789468,0.36804103743805705,0.39874251899127944,0.3060082263618806,1.633246773715181,-0.018684994902881807,1.744731413263306,0.27381523474234293,0.2551368739108364,1.0230565439298298,1.1837175705276668,0.8031493219730191,0.7124366263423239,-0.45458904090064317,-1.2601438302437082,0.03869765832429557,-0.12097235607292336
0.12597376758471193,-0.27306798608329846,0.3752823542045307,0.3754990104781166,0.29580835199432337,0.3723483546355212,0.2724856446722763,0.49365031176849916,0.1777925490669624,0.21205788222947877,0.32712186470334437,0.3393653056773993,0.18042456428429587,0.30385757902495314,0.2399973627603208,0.3792297632268965,0.22769776570338893,0.2865736721637785,0.2946557416238767,0.4837765362224967,-0.39516810926476,0.1533653902445049,0.025087676427214316,0.10738577242541486,0.3838217138810046,2.818983153682544,0.33077586868951847,0.21176256678101826,-0.7581876832259032,-0.2482900209204606,0.14166269887384011,0.6365719382090816,-0.2929645868050868,0.8253976352384067,0.835642975861818,-0.061108555482020786,-0.018537581876584556,0.2386002515434859,0.9370778974673866,0.1816601469386,0.8902922170046527,0.384215962180741,0.38722988635504024,0.10917143090069448,1.0083604701593092,-0.06894412781933501,-0.027161363972614757,0.1894704441913838,1.1314934883296726,-0.07109543216601247,-0.07695547391393558
0.08295985778757149,0.36277667376613254,0.27678865256692686,0.14905368791744217,0.1700841471912604,0.230256562116195,0.23719263819195702,0.22805723516850732,0.16442622094246295,0.24341323018851016,0.2637631471343986,0.2976725341983028,0.2421259909478983,0.147630539248587,0.19538808593530926,0.260584199430962,0.23405303823882528,0.12568025844198585,0.16399682808974542,0.30482132113978755,0.053745018025128634,0.35729444610341,0.13926615346436877,0.17157603727690235,0.2472124987399574,0.33077586868951847,0.7414065140987807,0.17666231142760078,0.32518313551701306,0.014815924106280711,0.09061289527357512,0.29542425726694227,0.005589734511386051,0.3952620968637557,0.3286506696248749,0.458769126780089,0.1923843318869597,0.16828113084216714,0.42928496660447035,0.18053590201128658,0.46692810550575453,0.2369921996868237,0.29200437127754536,-0.07115731339862516,0.39829188775228547,0.19303493670909078,0.0841206923446948,-0.056710484761309556,0.5280772541699311,0.019246131981839783,-0.006851508662562076
0.09260787079578355,0.2978868248326522,0.23518500163937503,0.05576852127329937,0.12091956856299378,0.2191058442004626,0.15631921611147284,0.10677355928714792,0.16489614428835586,0.15814780592457914,0.15595129823498616,0.1324083798908226,0.14911201458351786,0.2678860226755244,0.27583299259462873,0.2798960826607844,0.4179378943490186,0.2438085685401117,0.22069839415935083,0.07874377104169647,0.21077198963002702,0.3589989844145421,-0.016304414230014372,0.19334147654673128,0.1756313305690297,0.21176256678101826,0.17666231142760078,1.046402227330987,0.1485135723508255,0.10254488616818952,0.362837455709239,0.1904023959951907,0.7386166619331811,0.14718273139677324,0.9194890438637625,0.1944443353624652,0.09664569516013381,0.06761399357907522,0.06841298613212247,0.24264456316145766,0.2748004926793115,0.21743846525261845,0.36432714612722766,0.7536579424267646,-0.11729040791854957,0.2624547388830062,0.21314334140298283,-0.07532803855531299,0.15190603121849788,0.028213326095496115,0.015661984564761214
0.19041879011585103,0.7433507975714272,0.7752577747128214,0.24032732971424425,0.15564071124551027,0.43957081212811866,0.320088000242956,0.27227492364671246,0.3055934324846081,0.40881916202661317,0.22915091435131332,0.3533362997182137,0.3002723410593343,0.4189382501781673,0.41376163489114787,0.30150476344890714,0.34214257165200007,0.4416207991754144,0.22438710377694426,0.2981454156559484,0.23381042938961336,1.3566486471291013,0.7508903285970835,0.3420561553326864,1.4766904499588818,-0.7581876832259032,0.32518313551701306,0.1485135723508255,4.771517864838359,-0.202493001651283,-0.6567957669658481,0.14289516866322538,0.07870732358368988,0.9904583212161392,0.0643026815496172,1.5343606328103463,-0.8782160705462505,-0.0005152641688583794,1.0543250419176708,0.17501738138087883,1.4993342547830006,0.10596762358003381,-0.14512489571488152,-0.05892376724695663,-0.06251488351741359,0.9794507503518713,0.28192763071331944,-0.8766575208650695,1.047347287950177,-0.09434948240916251,0.014432601054863603
0.043693514120073385,-0.08457893179450486,-0.08402934739289805,0.4745608440729141,0.2629376819379799,0.08880230317953561,0.2843202397493954,0.35085100609927644,0.2407849988018676,0.2891306848415258,0.13309341905350844,0.1523229329869847,0.08840978594017682,0.2993637038131464,0.25312840871717596,0.16824813097220512,0.30216255076828796,0.13353635964855987,0.2832252500783808,0.32572259021571,0.6888404279047927,0.04653682929478786,0.3706641969864819,0.4801639481464569,1.0673683702556893,-0.2482900209204606,0.014815924106280711,0.10254488616818952,-0.202493001651283,4.186037885619787,0.670142822088196,0.3636592971669641,0.40997664325127375,0.5293107221062049,-0.16263435825062666,0.3537893507711645,1.5961350736679307,0.28313903701129145,-0.14887321990465205,-0.5062720682338483,0.6057574143023478,0.38863184524930544,0.4603160678274326,0.5697959883913682,0.950715605997082,0.6609100003821504,1.9229113265064757,-0.404300917189747,-2.544754064929621,0.07318478808141435,-0.11282149104517186
-0.010090342104273063,0.2882909196954259,0.06139795832664301,0.1234834049350037,0.32551892686575495,0.2839542236272327,0.2374211488634093,0.28396257160953553,0.19649973167728155,0.18142396218326334,0.2470246808948018,0.1835656458294069,0.12722180566537836,0.2871040512783327,0.24999470927720305,0.2182153387159216,0.2907955259497375,0.304522846736112,0.3129936837703135,0.20209348957217074,0.34921352945961665,0.6296997857755178,-0.16847307524768187,0.5307822088749898,-1.126782601734577,0.14166269887384011,0.09061289527357512,0.362837455709239,-0.6567957669658481,0.670142822088196,2.3115749398329375,0.2995102104219346,0.7622581438464596,-0.04665581504338892,0.021914137690964397,0.2689245292782144,1.1444190247870933,0.12545073558539352,-0.4920579825056537,0.0057689563082674675,-0.6878310936900524,0.33318676848209866,0.42010678678675256,0.3164966183611429,-0.06887811209575438,0.24435621398960242,0.5188665353086761,-0.10213953946074415,-0.27972353703864855,-0.016154319701358597,0.003401891865273741
0.11462570749134969,0.1802448180936317,0.33041479269055135,0.37888850395473,0.2863226309721158,0.32277357738296464,0.29671927426550737,0.31573171799147765,0.19365055472025403,0.24972353627584593,0.2753313574215889,0.3306258790482633,0.25959252838349883,0.27933834062261303,0.21497932032129766,0.38720919964576994,0.2714532263505572,0.22390614045555168,0.2933986323201274,0.26002104263149606,0.2724823371692394,0.6453400353769535,0.10220016158125411,0.22148463329347842,0.2218044427514536,0.6365719382090816,0.29542425726694227,0.1904023959951907,0.14289516866322538,0.3636592971669641,0.2995102104219346,0.9290063955628947,0.1457618196585177,0.5095606322080539,0.2981765602010817,0.27221968098295707,0.24772284535580166,0.15111994341681742,0.31306453561253894,0.03720746106917207,0.38332043148946066,0.33036803859920455,0.3467257140113224,0.23780097742950077,0.3558308256342111,0.3616696822570624,0.33330698649066465,-0.2596554153538276,-0.15549648737164126,-0.0028050687833439812,-0.06741502878480603
0.047991442728156496,0.2884692973564889,0.02603311353321137,0.21523777985590378,0.18398834968508457,0.058348044504145,0.14326625069574128,0.025464308006430816,0.10658034350907739,0.07753031168282895,0.08472129643627825,0.061607405468003605,0.051570136077636546,0.20538346125060672,0.20678111084784753,0.06554585228396345,0.34949755788381176,0.2320616095387587,0.19132940972093693,-0.09963551347521879,0.34971731936517536,0.4342291619623339,0.19234739210655247,0.40566867696736547,-0.27586138499658086,-0.2929645868050868,0.005589734511386051,0.7386166619331811,0.07870732358368988,0.40997664325127375,0.7622581438464596,0.1457618196585177,2.8483436815391983,-0.46866323460074216,-0.9461846135393628,0.3543410399834907,0.4184974772214026,-0.006335934728254813,-0.9390058595938219,0.029788248271918748,-1.1115480425061253,0.2873191137888695,0.24203569149569826,0.6432387877421589,-1.022717474900943,0.40640690725746875,0.4217423189119531,-0.030336795277627244,-0.5614441805583833,0.060199473811921214,-0.042661514531486804
0.037094507462122436,0.04880828095922607,0.7833119712731745,0.6734688150190333,0.2970135080083695,0.5107357469321802,0.4628362811993317,0.562322897065786,0.37143361859517626,0.5241532508222271,0.34160823421312086,0.4193918578258984,0.29242121029757145,0.3954199235254621,0.39206906613184583,0.3894207302408229,0.4001141526882059,0.39714589772236014,0.35579793426283224,0.5130806167125168,0.11564894461180589,0.6814632483224947,0.5450584434260183,0.28058911413945603,1.2667511597704786,0.8253976352384067,0.3952620968637557,0.14718273139677324,0.9904583212161392,0.5293107221062049,-0.04665581504338892,0.5095606322080539,-0.46866323460074216,2.3780565567085348,0.8044625070170508,0.46104309193699866,0.2572454895895307,0.20784059978125832,1.1021613289167056,-0.17248070241822683,1.4184987178362973,0.3435392485395106,0.5370343860959824,0.6240421722229005,1.1727206808089847,0.5164608446065166,0.5107375117798099,-0.36256670174078337,-0.0038176617588923543,-0.09280161805943737,-0.09637901587793139
0.15852409484221713,0.21204254165740882,0.4462803488364808,-0.06212850609465127,0.09925702495870375,0.3654973403015793,0.20694741358686383,0.2813443315746565,0.19664466475694448,0.23631959122845297,0.2508256543501327,0.23433522291533632,0.25170854058975173,0.32805111441643225,0.28657697973067847,0.5355808266316923,0.3970858290747687,0.25437649477019264,0.27458296608151994,0.20580195369509602,0.0076540312436603735,0.2793006022448268,-0.1400277294239472,0.018449478291028887,0.6841538639789468,0.835642975861818,0.3286506696248749,0.9194890438637625,0.0643026815496172,-0.16263435825062666,0.021914137690964397,0.2981765602010817,-0.9461846135393628,0.8044625070170508,3.457690261524495,-0.3304894076372366,-0.3336321275012947,0.09042498549116655,1.065571929154612,0.5090084708430386,1.2647257576684812,0.24097818850387767,0.6621410879355079,0.8956671089234212,0.6421139485243351,0.15068288282351472,0.06216250851626249,-0.08771048230733888,0.7945021208626548,0.013195035261825958,-0.014108157176732871
0.10593802675502183,0.25191770955652304,0.5589010926621468,0.3147005814350175,0.20719494263213933,0.18781560961414334,0.3727515452693537,0.26978689124265925,0.23033854253569402,0.3842389252690006,0.261521986666766,0.37814785698605075,0.20853833064989516,0.24909805708095245,0.32202267057044875,0.14579889120817405,0.39734627348043955,0.2872062416293993,0.15473397776502132,0.38872497167769915,0.31476957773425074,0.6850988956892008,0.7709744457055773,0.4885070911265618,0.36804103743805705,-0.061108555482020786,0.458769126780089,0.1944443353624652,1.5343606328103463,0.3537893507711645,0.2689245292782144,0.27221968098295707,0.3543410399834907,0.46104309193699866,-0.3304894076372366,3.389610208891483,-0.2340788556193671,0.1658516822761879,0.39291999615343387,0.2537241366635235,0.5446828500170481,0.34012268770311876,-0.289017846312153,-0.8878276190404428,0.30996719990957466,0.7242172865057933,0.236597985088607,-0.28727339318167766,-0.7610004398318492,-0.08096481821656536,-0.07728547900326893
0.10893730441225777,0.46915661704143763,0.2010229873617799,0.27432953148511596,0.3280579568212377,0.32005760064321603,0.3152177642169355,0.40184922948531787,0.26566285829524033,0.3021317207285704,0.24710683194202732,0.2508844488811821,0.12519323942691515,0.38114442537047133,0.2651754514940166,0.2245044088797561,0.40139235637559084,0.34679958957169704,0.344160636708965,0.700942337322246,0.3896575263216401,-0.015879308125936163,0.07035699622158265,0.4222539241034611,0.39874251899127944,-0.018537581876584556,0.1923843318869597,0.09664569516013381,-0.8782160705462505,1.5961350736679307,1.1444190247870933,0.24772284535580166,0.4184974772214026,0.2572454895895307,-0.3336321275012947,-0.2340788556193671,5.074858024347336,0.5057835466477981,-0.16854016988711373,-0.30012529596655196,-0.21452001095798512,0.5714593711225532,0.6451771908253905,0.19432062425842647,2.001982129708181,0.5252813256125272,1.0082937996497092,-0.08393221655148289,-0.6790686904925132,0.017588938849689845,-0.03476789326451653
0.0790508928872572,-0.03002599084696089,0.17084082880486298,0.189742958747566,0.1393271197931384,0.17217828602845617,0.1330132729630314,0.21047191624866174,0.10969144715666443,0.1679410011783051,0.13640440842456203,0.13444960239174808,0.08114969037154822,0.14151642103221085,0.08858735758340515,0.08972964514425334,0.1685873390923468,0.06531220099224969,0.126972179029023,0.5840851459109289,0.14346186165283667,0.08706501366174885,0.04689054657795041,0.14607619864110225,0.3060082263618806,0.2386002515434859,0.16828113084216714,0.06761399357907522,-0.0005152641688583794,0.28313903701129145,0.12545073558539352,0.15111994341681742,-0.006335934728254813,0.20784059978125832,0.09042498549116655,0.1658516822761879,0.5057835466477981,0.7331607630238577,0.37143724808316175,0.19777962349423525,0.13593459709389943,0.20958282281711554,0.23835020190496495,0.091573043754685,0.6792205411060077,0.10571621038260091,0.19093231261687543,0.04440294260823003,-0.11625833469816421,0.011475592101588335,-0.038871589452689245
0.2470286859067974,-0.2318281124029005,0.5902578745856392,0.4925803001614507,0.36455033534401915,0.5102803076469224,0.2969111498743109,0.5952280220303684,0.1703522699903724,0.467626839817521,0.34928992431601735,0.33628658934521827,0.3563121092978267,0.38855251295805787,0.3521208458412,0.5110430616690951,0.25620023375424894,0.4368735434783099,0.44249424099851814,0.8518671912304945,-0.31970568017119233,0.7774660098874944,0.8658343163516721,0.20813852458741738,1.633246773715181,0.9370778974673866,0.42928496660447035,0.06841298613212247,1.0543250419176708,-0.14887321990465205,-0.4920579825056537,0.31306453561253894,-0.9390058595938219,1.1021613289167056,1.065571929154612,0.39291999615343387,-0.16854016988711373,0.37143724808316175,4.873484878823327,0.7237033925890151,1.897331857962821,0.16832461324102535,0.0989089835220821,0.9457126763855441,1.7072877296440907,0.34134747721321634,0.1344279514966397,-0.354886313337167,1.293741741778357,-0.06508744404065886,-0.07556183666011108
