1.0920040766459964,0.37828037083633415,0.6694445713912623,0.0987507673126787,0.035954534525911325,0.2264569881239929,0.31824119839768084,0.1434712856995147,0.2738441731100057,0.19483202366172903,0.2289989027045264,0.2662450469029891,0.19045480082366298,0.22642637457882525,0.21018994865562196,0.18733999957686814,0.11422209297268868,0.242469148477376,0.10589629312390038,0.09459881512183585,0.2297015462906672,0.22023228882358517,0.12064926885159623,0.08957272452569083,0.37049844690187467,0.2200819448290978,0.22411617035875334,0.1255687587517905,0.35321867778621363,-0.07416352210939013,0.20646707615497814,0.3454573336846094,0.07666843695943656,0.2827618519307095,0.21794097751678487,0.27212282637170215,-0.04523537987616895,0.07069983188821012,0.15329638905729057,0.09714833762789676,0.2412273540228265,0.13613627141013337,0.12121274146920896,0.02839957947755047,0.43428645058672877,0.1642634205227465,0.10910821787024333,-0.020618173366309507,0.11672571970892894,-0.15041261944528653,0.001746477966441019,-0.024449462486486495,0.05522176115062983,0.04855240971942508,0.002802024982999045,-0.19956035662022045,0.4336860224189032,0.15956785680025948,-0.40282495387014766
0.37828037083633415,1.900206854357601,1.3362944637511087,0.15035497512273885,0.07253547360289692,0.45349290876528264,0.25875026870510565,0.414630113720256,0.3327918475928353,0.4112835796902165,0.40329100418239555,0.36820302008911066,0.3639351785980659,0.2778832588681891,0.3361176530501417,0.3130819737393995,0.4244336540313392,0.48271316489642196,0.23347593918099688,0.5056531754644914,0.4547860440522694,0.3176229619488632,0.16604550219367625,0.13119830989274034,0.6018042796010413,0.45092834987627245,0.5029608701447419,0.4050126503697077,0.6986479666729941,-0.144320486331943,0.36951874239851235,0.3011869044155078,0.29460885721955665,0.6501756837039925,0.48942654559932885,0.4544573879600088,0.37575284147246085,0.2552290806098556,0.28858035358957745,0.20613548101870072,0.5133005055755713,0.3584436847314684,0.44908277094776794,0.05197050295299438,1.0084537845139663,0.19494321125411318,0.25971069435875954,0.008252902762661723,-0.13765888228077805,-0.13661744462293274,0.10274327713822833,0.03576810286428114,-0.023263413859384713,-0.02636886805560239,-0.09042311699003619,-0.3981538854773445,-0.3243780602008793,0.27709696335551176,0.3869678112215666
0.6694445713912623,1.3362944637511087,2.717244281503755,0.20993313425485796,-0.056352171627099164,0.7126920358570022,0.5089227928733828,0.6232999116333134,0.7194207964731549,0.7395458600417605,0.6729778494723766,0.6149005781362119,0.5915772331021499,0.39872584096364583,0.6289241337982763,0.4198121212223454,0.5473133490787452,0.6818427962111256,0.36816322213998054,0.4101882077498329,0.6035583254428807,0.5282577461388154,0.3745676134058844,0.43964105009794996,0.7990025541406003,0.6344620378110354,0.7688478220506881,0.5021390022482728,0.8993339523084982,-0.5713044640296786,0.6020341074956401,0.5164115119803425,0.22907025428831426,1.086007179991664,0.6919536852800298,0.6974635992713542,0.31444690788135377,0.21100743695131774,0.4442537767556516,0.1678013848371747,0.7304049562173207,0.4495869853769863,0.5003947194553945,0.13533495346282165,1.3119557347273758,0.43819518319960177,0.24898284170378224,-0.045335568078230935,-0.30713835294228164,-0.08811035397654914,-0.015632073424154604,0.2036466060422937,-0.0676331100356049,-0.039156521443344965,0.16260342828578095,0.21441162002175396,0.0026493525291619384,-0.43999093429029584,-0.05370480475400699
0.0987507673126787,0.15035497512273885,0.20993313425485796,1.4184841257037377,0.5987913564718506,0.4338965281105846,0.5109768025130793,0.4040755066478048,0.2375235221926086,0.18767552821565464,0.31392410344572425,0.401175180310209,0.3928533554233123,0.39909178380544047,0.3111024978814113,0.4317555188402668,0.33945388348119515,0.2580895211351708,0.36222359149609035,0.1979121530504754,0.29407727616507895,0.31690900291303936,0.16449618159159007,0.20148153445998487,0.1882229211332128,0.37087372648772343,0.22936087175674416,0.1871300708936756,0.313785295623706,0.0626478245798296,0.23901973258206893,0.32549549046263837,0.2078132917000372,0.21708826916924656,0.01645144753437455,0.3616354711563619,0.17506850790789966,0.13012309079402976,0.2955767482198669,0.14453504111556428,0.20025520947505906,0.23610900878751748,0.009950651482017315,0.04947078166724696,0.3538000111370061,0.040045666987371956,0.22425646605557575,-0.015848698607164487,0.11768742458842595,0.21515854512558846,-0.06966201151344233,0.08018623986743197,-0.1795605744230282,-0.04442595092203357,0.08971007984627807,0.05482953347020779,-0.12657766747480367,0.15883230339696955,-0.26204249393944884
0.035954534525911325,0.07253547360289692,-0.056352171627099164,0.5987913564718506,1.4093710388982172,0.36845687755280904,0.37414293759571005,0.275939381153081,0.1201135923347611,0.09585419364058576,0.2311671957768995,0.33420879853122204,0.3454304611571173,0.2985747262570814,0.2912223994508349,0.40154188808920377,0.2813458811184052,0.1845209004348043,0.558774511058234,0.17141936708598743,0.2005438869962501,0.26408394512122246,0.1345417160891156,0.2058276871308228,0.011343776672748931,0.27690510839020865,0.09730608658326009,0.14053800458044144,0.1701338869275736,0.20296124202640467,0.21068502133066602,0.2788101493826372,0.26966583666737026,-0.04505240591344763,-0.12582719614765206,0.31211321043417134,0.3558329132273944,0.14268645191046084,0.2953375794134804,0.10279476206922623,0.06581541108672005,0.2399000766467719,-0.24087202726549947,0.03413101926929674,0.026232951979479308,0.013941517038549412,0.215199461489689,0.012672431148014938,0.27015440330296026,0.4919851487640226,-0.13054442280432782,-0.030413769433102075,-0.15437526791554348,-0.08020833851476457,0.06806848782692922,-0.036804246924640904,-0.09337219261540024,-0.015698291801196588,0.04138368974054261
0.2264569881239929,0.45349290876528264,0.7126920358570022,0.4338965281105846,0.36845687755280904,0.9788623833449442,0.3076066751540409,0.4052235626608039,0.3422736368045769,0.14583639126839207,0.3958655704678327,0.44302370212695114,0.3837494371748161,0.300642276229601,0.375524066309124,0.34055900186386284,0.3673728272772521,0.34502133208536784,0.5142028297445567,0.3798931653511738,0.34988782880683433,0.3252130144621018,0.17347341328089746,0.24291566208065699,0.38435112576663677,0.4462017472619066,0.322297239908526,0.2845526972176099,0.5646309270521428,-0.10367156159127554,0.3006601051806352,0.38393682185303063,0.068615074717246,0.43211752686467825,0.341105460644147,0.26122544867030656,0.2820409220471925,0.20726262525576966,0.3750140237869374,0.21629501660111583,0.1910514045241265,0.2656382055224452,0.38069336213499705,0.07462356238355267,0.7104828770047148,0.12435174820060946,0.2841202151095681,0.008381040408274617,0.2510572973870812,0.28394839399575217,-0.25277045854093977,0.16070823557736352,-0.24019131113564282,-0.018094286126153682,0.15044329281794352,0.039922587811434394,0.06139255767705864,-0.04981206526760629,-0.268992176476569
0.31824119839768084,0.25875026870510565,0.5089227928733828,0.5109768025130793,0.37414293759571005,0.3076066751540409,0.9502282373677616,0.3250432048762817,0.3851405088126874,0.2985998682130573,0.41032823158265713,0.5034975436665945,0.43601050653031875,0.3438369468701881,0.3515289512665963,0.4226687146323255,0.378419504237494,0.35474749857983184,0.22781891142180705,0.11078688561853829,0.3320539188870793,0.3835729630289206,0.2279398955415049,0.21573426562196785,0.32631882733792095,0.4102462850340156,0.35019227428039046,0.260952560101944,0.3763081745620958,0.011945960884260502,0.3051543243448578,0.41757781263008603,0.20482002336182537,0.3591614995899059,0.28361897397871483,0.4454191063147777,0.057642572757075995,0.08551181463301524,0.3025565821584705,0.16048357468117327,0.3170802135629708,0.2776499054336387,-0.013490549731221048,0.03388692835259473,0.4640914629641757,0.11144875098252247,0.13980778651908893,-0.03172814077117182,0.26458439917356086,0.08596661065951436,-0.04185737606289258,-0.006622943201030043,-0.060995274746071214,-0.007230247879609572,0.12710119743242854,0.121499166654818,0.08500593106696683,0.09042501363207574,-0.5470840719869278
0.1434712856995147,0.414630113720256,0.6232999116333134,0.4040755066478048,0.275939381153081,0.4052235626608039,0.3250432048762817,0.882227149360408,0.2149569499414595,0.34117123066464167,0.35316858867235496,0.17523485398034078,0.44140428814506566,0.338065052587623,0.29613580751320245,0.3154146936326161,0.42829318792762067,0.3093559155051502,0.296203417832742,0.40360023039687715,0.3081433786057121,0.29068254670349053,0.12988369414586237,0.1680074187655816,0.27479103508539204,0.40718096892681555,0.4005531437928832,0.26655185843663165,0.3967014902935752,0.042408652438111,0.27877884918478985,0.3071072400625245,0.16948962795926553,0.44357422214581477,0.3750690903496306,0.20497749932325723,0.3241304403785541,0.2051608236399842,0.4439671069742728,0.1945761681430948,0.4009110022320834,0.26478320444188586,0.37866697145836964,0.049315045264806984,0.6849119933232285,0.08231669782390304,0.33391071343369455,0.022568057766897902,0.32121435723954406,0.1513199432981891,-0.062139289597233846,0.04968674658742389,-0.057568376159025485,-0.05350701288686993,0.012007138445709376,0.03454466344749542,0.032840225384240924,0.1444671758908806,-0.3000097034673673
0.2738441731100057,0.3327918475928353,0.7194207964731549,0.2375235221926086,0.1201135923347611,0.3422736368045769,0.3851405088126874,0.2149569499414595,1.2641143178353436,0.2012378654061918,0.30331614391721146,0.32964185309374405,0.3264713890228254,0.25787138505088125,0.47487300012794054,0.17820346274143065,0.2626105258283252,0.3143427815080767,0.16403649002662757,0.30793778628244833,0.32415775737281355,0.5133448300821537,0.25739261144885844,0.31253501145973606,0.40983552503195647,0.5380620870496423,0.45060309746025284,0.3479609627525035,0.3040170905899635,-0.017037509516859204,0.3483601331485259,0.3934068687498236,0.35193949212407516,0.6302450272597476,0.3522575272685219,0.36857115363625675,0.25210604016683263,0.17444688567119754,0.27355588540576137,0.1552163129561097,0.3147186166702671,0.31360688235834144,0.2715650060350674,0.05355205329290217,0.6197511441955482,0.23473238450068282,0.19761898539883838,-0.03562239845198219,0.24656303830218226,-0.19208355171008823,-0.0753500270619233,0.14098774929127855,0.1580653814132516,-0.13820335443534143,0.23234254752134473,0.18509041280144273,0.16436366801834806,-0.24188085365777998,-0.35759660473820776
0.19483202366172903,0.4112835796902165,0.7395458600417605,0.18767552821565464,0.09585419364058576,0.14583639126839207,0.2985998682130573,0.34117123066464167,0.2012378654061918,0.8487300391604196,0.2453822238233097,0.2577978264449067,0.33764814273116306,0.2789013258283085,0.2898708446439036,0.2685419326137001,0.32501152651352466,0.386800119445934,0.07140796041542671,0.16485839695555185,0.23186415601118399,0.260792761613797,0.26274117917853135,0.22830292880749217,0.33227208692221266,0.28034549366585393,0.42477713328080885,0.3043708979851385,0.39654312569247463,0.05023090396331768,0.30431408823458955,0.26188451369406845,0.1905377436117031,0.4652262358316853,0.36830209981747297,0.3697529799643042,0.22729340838527617,0.09730263289672779,0.25000625670691823,0.1383001776757676,0.5122411974235652,0.23475170772895634,0.19751795756294876,0.04064234957585227,0.4646650926375338,0.08047219268943274,0.3093027481008668,-0.0035323133933640133,0.14117110015279496,0.10640774876955662,0.007927804492149373,-0.09285792644633997,-0.07056186438166719,0.04428845530394691,0.01843892756402609,0.09587117027558524,0.03194821355037298,-0.19356375055009306,0.03671038099736587
0.2289989027045264,0.40329100418239555,0.6729778494723766,0.31392410344572425,0.2311671957768995,0.3958655704678327,0.41032823158265713,0.35316858867235496,0.30331614391721146,0.2453822238233097,0.6319321338718996,0.40373639854835824,0.37142490331055633,0.27140212595163454,0.4461613572096084,0.3616109828775987,0.43458953072346246,0.30111167378969833,0.2102517040656153,0.3538541298496674,0.35163524922756306,0.30379437189345426,0.19103130408213456,0.25569082049638614,0.40502635481517235,0.39233569576867056,0.3603441134661517,0.31184368860735057,0.4698427504471166,-0.006723721481026449,0.32171414266216325,0.3495148711637874,0.18716930917805102,0.41535168454594135,0.416683045675499,0.3351937894963178,0.20516257351670414,0.1852297317406623,0.34047615204639753,0.21347150794722322,0.388059250592185,0.31323033135797346,0.22846740741000893,0.05199375467462218,0.6513359980026984,0.11358131018657125,0.23800510660994195,-0.00263002607817133,0.08655297549074202,0.024929217771963153,-0.10045010704762806,-0.02967440404775196,0.04696057113519504,0.028927928195089304,0.0821265879495507,0.07409546395574369,0.02120577002301631,-0.047949412217933376,-0.21358859978726058
0.2662450469029891,0.36820302008911066,0.6149005781362119,0.401175180310209,0.33420879853122204,0.44302370212695114,0.5034975436665945,0.17523485398034078,0.32964185309374405,0.2577978264449067,0.40373639854835824,0.7125627768829527,0.3548555913871157,0.27240058903885084,0.3541087645202958,0.3627176587401381,0.30765729568310046,0.3766244851182657,0.27201260275061145,0.13806909184881702,0.30665044653234363,0.31648378227459706,0.2494755994769779,0.2379873913925341,0.376624347792833,0.4047521353967179,0.27695269615191126,0.21442657025562323,0.43193699811027875,-0.09783290064200205,0.31005013314519253,0.42286080354790956,0.1462624095884333,0.396098590265191,0.24711404924086863,0.48152368312972055,0.0024643210901951437,0.0968620541995188,0.26494644060303824,0.15993189649078846,0.2667411750420962,0.24272732977893968,0.07060332528548728,0.042167960023101796,0.4574752977518637,0.11249757398441863,0.1735258610180166,-0.018377962735772895,0.1361187602846346,0.049700818942313395,-0.03666013697750075,0.09697275179082984,-0.13169437531587838,-0.02719931125137275,0.13961141931691382,0.02389047322617683,0.07378193648853587,-0.0914637425115186,-0.2270405846838991
0.19045480082366298,0.3639351785980659,0.5915772331021499,0.3928533554233123,0.3454304611571173,0.3837494371748161,0.43601050653031875,0.44140428814506566,0.3264713890228254,0.33764814273116306,0.37142490331055633,0.3548555913871157,0.6701280293603676,0.3465539074210786,0.3134423595862274,0.4062867482958014,0.39712423743148756,0.3265406148731305,0.2970383498289531,0.2400979587154746,0.33597570241423685,0.396632726517999,0.23283820451111634,0.2670134719958148,0.3240421920638869,0.3815201177772382,0.31042135607553833,0.30350305823388557,0.4488779098784328,0.051881780784373895,0.2901625862448494,0.4019719217041337,0.23133678125508186,0.45685297721296914,0.3536955697928777,0.3188112648476832,0.21608318157113543,0.14005159486325733,0.3941231307470116,0.16756188243254272,0.35090529468855053,0.28524076843088986,0.19260420463876737,0.06332681244521333,0.42934948670723966,0.14156119072653464,0.2837554232668877,-0.007996001976385635,0.3573756134567437,0.16336663992415468,-0.06350516132034055,0.04739820527367359,-0.0523932619449599,-0.0975174914409608,0.15164033133191565,0.029209290129933518,0.0031486539024355446,-0.17558481009126747,-0.06878555807997479
0.22642637457882525,0.2778832588681891,0.39872584096364583,0.39909178380544047,0.2985747262570814,0.300642276229601,0.3438369468701881,0.338065052587623,0.25787138505088125,0.2789013258283085,0.27140212595163454,0.27240058903885084,0.3465539074210786,0.6690653657886919,0.32024862368779744,0.4727541716316929,0.33226680362514877,0.1878457203890404,0.24796546811213768,0.2478374268539382,0.262542348037006,0.3415678854468816,0.14904939988728014,0.21008691527713386,0.27859102654686635,0.35348302445434665,0.25334796860112435,0.3126067005182078,0.3539140739804034,0.18770597044261916,0.23151119754460786,0.36295270221832265,0.19935556715618982,0.267449970292432,0.3396965440289801,0.29388101894847635,0.2004188350912322,0.14773532265812372,0.2386098208024684,0.17578350340884674,0.37841529040112903,0.2775671214324981,0.14140588437256424,0.05061638019124468,0.38230565235908026,0.012549547206438428,0.2941272485091531,0.003202416834570224,0.43510211379120545,0.020059129056685516,-0.025155635103222638,-0.029029179678720478,-0.06747194194648368,0.058455911980755594,-0.03591740581846033,-0.12353447044722843,0.08725517986932756,-0.028380343680659056,0.08535147767159518
0.21018994865562196,0.3361176530501417,0.6289241337982763,0.3111024978814113,0.2912223994508349,0.375524066309124,0.3515289512665963,0.29613580751320245,0.47487300012794054,0.2898708446439036,0.4461613572096084,0.3541087645202958,0.3134423595862274,0.32024862368779744,0.961772697771609,0.3470145587723867,0.5129643711479817,0.2818945438778762,0.2951875072959155,0.40809670100030426,0.37715229259906763,0.3041856117299468,0.12411319139390428,0.2985727340348391,0.3480612267307797,0.41550768722934694,0.35971377677102656,0.49514897622869375,0.4343381402635366,0.0780484014771972,0.3795819494147506,0.34304419568300354,0.29604635508999205,0.40923541120484735,0.4357447885678065,0.3308764821789014,0.42900948142142953,0.2027220134501016,0.3211203019655819,0.20352603866699495,0.41822653874136545,0.3732370141977798,0.24800542424888528,0.03999823605479896,0.7443511027165763,0.13840429009984723,0.26635857891142534,0.012647913790124274,0.13461009097770166,0.4480147406610602,-0.2031448710500108,0.234077209045248,-0.26115952572398904,-0.038934332839077455,0.15973099683550965,0.1632644932203609,0.03907449733695132,-0.15503992072351908,-0.27651802893202443
0.18733999957686814,0.3130819737393995,0.4198121212223454,0.4317555188402668,0.40154188808920377,0.34055900186386284,0.4226687146323255,0.3154146936326161,0.17820346274143065,0.2685419326137001,0.3616109828775987,0.3627176587401381,0.4062867482958014,0.4727541716316929,0.3470145587723867,0.7899980043133913,0.461170579274254,0.2033480661404835,0.31294164664579266,0.30031858048141175,0.2925265473592158,0.4120856879408531,0.10626422710416633,0.2374726566415269,0.286539210950673,0.3300697109611299,0.27675925649489114,0.3566562472460808,0.4285295109984433,0.2576630625244866,0.2874629696378772,0.4071614735399277,0.20812774718451044,0.3256459308163836,0.4578619935982319,0.360214778283465,0.2195739429599588,0.16985705639287021,0.3372862606557248,0.20457153096465777,0.4126858185697246,0.3608603044425333,0.19528600011611655,0.07026385357204683,0.4425082787698206,0.06012653542944261,0.314157079957711,-0.005273606812421799,0.3994019239659895,-0.03837296678170143,-0.054356716845075016,0.022156354888777874,-0.015080222631251878,0.004927377806848925,0.04741788381999214,-0.03973605123622597,-0.04344369382536293,-0.03104210301816929,-0.0033183762641011225
0.11422209297268868,0.4244336540313392,0.5473133490787452,0.33945388348119515,0.2813458811184052,0.3673728272772521,0.378419504237494,0.42829318792762067,0.2626105258283252,0.32501152651352466,0.43458953072346246,0.30765729568310046,0.39712423743148756,0.33226680362514877,0.5129643711479817,0.461170579274254,1.2543895951372694,0.1761887662607863,0.3271379639217366,0.6703646747054424,0.39819407332125856,0.3736771546641701,0.052983854649609065,0.29627397722748905,0.6602333001272737,0.3418351808251312,0.43414825392208095,0.705410286389427,0.5550266245013182,0.29172974974949634,0.4295414957142622,0.3629604621493906,0.4471085908985474,0.5124742240324005,0.6424481810367416,0.38167347604230445,0.6385609378377013,0.3448727645639875,0.39775680546771647,0.30479497374070447,0.5519579853943337,0.5462449590060583,0.48110060183515435,0.04349912884757645,1.053540080333516,0.15551973945645686,0.42003135110779716,0.03709924469998578,0.18298695145438584,0.45758889064972147,-0.023095752683063537,0.07724115367581473,-0.2610505650095503,-0.10425401007404694,0.03291117192497183,-0.0012499035430427617,0.0028656564139673754,-0.07015040386479147,-0.1709730905152833
0.242469148477376,0.48271316489642196,0.6818427962111256,0.2580895211351708,0.1845209004348043,0.34502133208536784,0.35474749857983184,0.3093559155051502,0.3143427815080767,0.386800119445934,0.30111167378969833,0.3766244851182657,0.3265406148731305,0.1878457203890404,0.2818945438778762,0.2033480661404835,0.1761887662607863,1.070907805454585,0.15198891496980366,-0.055831749539780436,0.4266459515939685,0.2983959935171121,0.7610704559172616,0.30025739898949716,0.45889004456981713,0.40382095238419674,-0.01817605768329638,0.2818624474449558,0.5807696494935892,-0.21292018324958503,0.3667496623798932,0.27619163082179066,0.16228926029405533,0.6276094558581912,0.24899733834672277,0.2893550474396515,0.21660668182297904,-0.018632037787265514,0.3053459710419708,0.22141585294136468,0.411278693361115,0.17128140412395723,0.40723472119087867,0.06023855572947233,0.6892065519723912,0.19608428647200357,0.4454202945469324,-0.018643162614893495,0.06646084557107629,0.44071099031772176,0.03156030130538276,-0.04171656960998823,-0.29989719353923955,-0.08572931330595396,0.24084615820891467,0.3335440893310627,-0.03613387947183245,-0.0830340562656694,-0.4913573276160706
0.10589629312390038,0.23347593918099688,0.36816322213998054,0.36222359149609035,0.558774511058234,0.5142028297445567,0.22781891142180705,0.296203417832742,0.16403649002662757,0.07140796041542671,0.2102517040656153,0.27201260275061145,0.2970383498289531,0.24796546811213768,0.2951875072959155,0.31294164664579266,0.3271379639217366,0.15198891496980366,0.9039605015018984,0.18945097981701148,0.2731088068122177,0.25486579495129946,-0.038975015592637205,0.15370464893297844,0.07611687607738558,0.20071095648318948,0.1109321580992749,0.2401264290794369,0.22019458232283792,0.06510967345418016,0.22826608233917686,0.24847385249616333,0.1802234001153108,0.1803558873958515,0.07359731331763858,0.270654928513392,0.2873631714154755,0.14002407787634685,0.37025873520788954,0.07461108197260202,0.0736676639744625,0.220595205585504,-0.05014492931168195,0.06774907205570717,0.30025102355135047,0.09343558757015101,0.12684005039040402,0.021175243698546824,0.18373887429927266,0.27973037007311186,0.07092080525388626,0.3689129857204623,-0.3237270238361134,-0.17306151069669043,0.00545223609157669,0.020583562936315455,-0.03796894117267685,0.04322891828548919,-0.09686460666742636
0.09459881512183585,0.5056531754644914,0.4101882077498329,0.1979121530504754,0.17141936708598743,0.3798931653511738,0.11078688561853829,0.40360023039687715,0.30793778628244833,0.16485839695555185,0.3538541298496674,0.13806909184881702,0.2400979587154746,0.2478374268539382,0.40809670100030426,0.30031858048141175,0.6703646747054424,-0.055831749539780436,0.18945097981701148,1.5226541392204163,0.20064404106685302,0.27237868625644673,-0.1862216194286854,0.2568583295551228,0.6579178816748286,0.418477747826552,0.5929190538014603,0.5283405709821629,0.46186899104123463,0.49942419620247036,0.4288906321363417,0.30962675283011964,0.4605847948440832,0.44027215520521573,0.5861284611392173,0.1706718701590286,0.9345328844992827,0.7098838352270774,0.4267130281713206,0.42622277599774416,0.45960465869239947,0.5433477605662048,0.9190118626939934,-0.013868820488382016,1.2859600411144254,0.07031521341439129,0.2888479546260167,0.1306817485637135,0.5575072209374324,-0.1381837117291811,-0.1999900726583362,-0.017448700062418505,0.24804860634764306,-0.045218186693001865,0.0975412638239443,-0.11248399220999772,0.17895052194955915,-0.15779651068517572,-0.02006799567973133
0.2297015462906672,0.4547860440522694,0.6035583254428807,0.29407727616507895,0.2005438869962501,0.34988782880683433,0.3320539188870793,0.3081433786057121,0.32415775737281355,0.23186415601118399,0.35163524922756306,0.30665044653234363,0.33597570241423685,0.262542348037006,0.37715229259906763,0.2925265473592158,0.39819407332125856,0.4266459515939685,0.2731088068122177,0.20064404106685302,1.0548485980900222,0.3182971073826994,0.33512885577686224,0.20590354274986145,0.43904122622263647,0.2982506205613813,0.20189135440845246,0.4044586861362389,0.49153311095566954,-0.02385309378945251,0.28083678347977564,0.3856872355162282,0.23626078897319325,0.5122906526517582,0.3742066085510515,0.2824806869865564,0.24939674392675434,0.12302491787909309,0.2760057855984001,0.3488165785998749,0.46921036694016416,0.34050250275982524,0.2794966500321797,0.07431585653386703,1.250119744395798,0.010023248277615826,0.29629909748923905,-0.01540928891353788,0.05807709186427631,0.21919986980946857,-0.030193575431159525,0.09844832366866325,-0.18699989343467532,0.004045623285613318,0.0775288163064894,0.08975133550676669,-0.046480652127515745,0.027572731217104317,-0.25576436546072867
0.22023228882358517,0.3176229619488632,0.5282577461388154,0.31690900291303936,0.26408394512122246,0.3252130144621018,0.3835729630289206,0.29068254670349053,0.5133448300821537,0.260792761613797,0.30379437189345426,0.31648378227459706,0.396632726517999,0.3415678854468816,0.3041856117299468,0.4120856879408531,0.3736771546641701,0.2983959935171121,0.25486579495129946,0.27237868625644673,0.3182971073826994,0.8320232420127717,0.30901332888069966,0.28062936065833594,0.44530199000859017,0.36149802089177535,0.29661107173823453,0.3327835077320306,0.3845604624691398,0.16428426793578493,0.27475440184891153,0.4459983234807578,0.34737286971261294,0.5243612231582062,0.3424625078749142,0.32058287043922523,0.2778601152071186,0.17587301464416016,0.3275900769497327,0.1825229020810907,0.31303282537629706,0.34785495832065694,0.2179007567790423,0.09881455475328069,0.31669921099471726,0.24980755058466816,0.29832702953387913,-0.07930696166056304,0.7654599554346208,-0.08118365532265116,-0.045097101440478814,0.05802171791378019,0.0532280591636326,-0.12087221706095531,0.15003235333093193,0.045379957786487374,0.07031698848605047,-0.15657104506377034,-0.15380195769004837
0.12064926885159623,0.16604550219367625,0.3745676134058844,0.16449618159159007,0.1345417160891156,0.17347341328089746,0.2279398955415049,0.12988369414586237,0.25739261144885844,0.26274117917853135,0.19103130408213456,0.2494755994769779,0.23283820451111634,0.14904939988728014,0.12411319139390428,0.10626422710416633,0.052983854649609065,0.7610704559172616,-0.038975015592637205,-0.1862216194286854,0.33512885577686224,0.30901332888069966,1.643551346421515,0.5057798346308385,0.4486124858251734,0.06627304725939775,0.12679096585508437,0.19982386909716834,0.5947523579083851,-0.034731646597172934,-0.017699607301589235,0.10938220291980527,0.3070981654780833,0.6328012538863893,0.12718438562774387,0.11917594681786636,0.3141611489917436,-0.10791393514868348,0.3843786015957154,0.24647454166280575,0.22380790886633384,0.1121199259173748,0.26144261278902353,0.04652625910903612,0.20492665492668585,0.15328615083075972,0.43462687644869424,0.0029602933698304433,0.3527562032239483,0.2891080870036034,-0.19478610036162694,-0.017172076118270343,0.003304005210648773,-0.06356658185873966,0.30785014796472965,0.35835460704369576,-0.18846077283083082,-0.4429205473437549,0.03719730664865173
0.08957272452569083,0.13119830989274034,0.43964105009794996,0.20148153445998487,0.2058276871308228,0.24291566208065699,0.21573426562196785,0.1680074187655816,0.31253501145973606,0.22830292880749217,0.25569082049638614,0.2379873913925341,0.2670134719958148,0.21008691527713386,0.2985727340348391,0.2374726566415269,0.29627397722748905,0.30025739898949716,0.15370464893297844,0.2568583295551228,0.20590354274986145,0.28062936065833594,0.5057798346308385,0.7983250143422754,0.4310065531225041,0.20305688293999602,0.327760717414538,0.30295756029726045,0.40503777282729553,0.12592529701832825,0.38971527642759896,0.20877334600611533,0.28432852762452676,0.359677559479756,0.25497869412978913,0.43428377107838323,0.28811979610264427,0.14022516725742562,0.28161127562186744,0.174101076064417,0.325545671750328,0.2555071194725675,0.2286491534392235,0.049448055918550206,0.35286132384758745,0.09525470475917316,0.28023448726863914,0.0001862101254570056,0.025270175449945184,0.10994106905193098,-0.1439080119583243,0.08600339050521708,0.028288382191836183,-0.07872161966996373,0.33622749797620066,0.3193750951880047,0.0010708602889908279,-0.8491177155583403,0.2794058835770648
0.37049844690187467,0.6018042796010413,0.7990025541406003,0.1882229211332128,0.011343776672748931,0.38435112576663677,0.32631882733792095,0.27479103508539204,0.40983552503195647,0.33227208692221266,0.40502635481517235,0.376624347792833,0.3240421920638869,0.27859102654686635,0.3480612267307797,0.286539210950673,0.6602333001272737,0.45889004456981713,0.07611687607738558,0.6579178816748286,0.43904122622263647,0.44530199000859017,0.4486124858251734,0.4310065531225041,2.7549938118959663,0.5089865353206684,0.43603294386305524,0.49200359032016316,1.0574865867368024,0.08636378286443569,0.6180095577812768,0.4378313046554711,0.22389911798593012,1.0644449039812207,0.7964208252233659,0.6757413259228151,0.06544632814473625,0.32631670285962766,0.3056834890163532,0.42261559845256924,0.7471280997596171,0.45388808542748454,0.9250751332218035,0.04338621509000275,1.3092903201371777,0.19521184212966067,0.37036899965488257,-0.023661333612054084,0.06927051361767293,-0.32743170316743386,0.05644499530501061,-0.13515188249515905,0.11717425753957827,0.05820188143579004,0.16348765691669184,0.05973436702973275,0.13908402756293964,-0.2486343574454382,-0.18473884494310297
0.2200819448290978,0.45092834987627245,0.6344620378110354,0.37087372648772343,0.27690510839020865,0.4462017472619066,0.4102462850340156,0.40718096892681555,0.5380620870496423,0.28034549366585393,0.39233569576867056,0.4047521353967179,0.3815201177772382,0.35348302445434665,0.41550768722934694,0.3300697109611299,0.3418351808251312,0.40382095238419674,0.20071095648318948,0.418477747826552,0.2982506205613813,0.36149802089177535,0.06627304725939775,0.20305688293999602,0.5089865353206684,1.5149651630468415,0.6010416577685684,0.5144772387671138,0.26844590110026795,-0.12237661815846114,0.4310961395680974,0.5793870086991081,0.41567156249954945,0.5357161035461909,0.47241752875982407,0.4784111610495243,-0.01353096453958065,0.21633898873090351,-0.18142313021776968,0.2592822640000439,0.5806320500989669,0.43247231952215426,0.5437486211727661,-0.0318310898098186,0.998893769177454,-6.492958935534381e-5,0.18985897417017875,0.012115375041841047,0.0940696191238756,0.30777469621662995,-0.10757487633620859,-0.19529332396942642,-0.22275622459076877,0.04065179616473912,0.11753302975751724,-0.05237447546870413,0.13606358149120745,0.015431708319065414,-0.25312177672755265
0.22411617035875334,0.5029608701447419,0.7688478220506881,0.22936087175674416,0.09730608658326009,0.322297239908526,0.35019227428039046,0.4005531437928832,0.45060309746025284,0.42477713328080885,0.3603441134661517,0.27695269615191126,0.31042135607553833,0.25334796860112435,0.35971377677102656,0.27675925649489114,0.43414825392208095,-0.01817605768329638,0.1109321580992749,0.5929190538014603,0.20189135440845246,0.29661107173823453,0.12679096585508437,0.327760717414538,0.43603294386305524,0.6010416577685684,1.8035055566982365,0.516185231840505,0.2240417943302669,0.15462793396152388,0.3921008584028492,0.31618196740361143,0.5015483437647003,0.36259543073934253,0.5645293905980004,0.5388267772733539,0.3490821547454731,0.29682657862497297,0.1642875876314868,0.3075908305070826,0.7316137205055543,0.4587948981870858,0.8702563384286542,0.003691685142262485,1.2065035148020367,-0.04691910551266681,0.17842535890094982,0.06179989284056189,0.04185741133377185,-0.22676907999415202,-0.1875812982521222,-0.05937879992058686,0.21080212681725793,0.11556396778314448,0.12054044088468573,0.36202107157580365,0.08606237041777055,0.00964245396264047,-0.5338940935766499
0.1255687587517905,0.4050126503697077,0.5021390022482728,0.1871300708936756,0.14053800458044144,0.2845526972176099,0.260952560101944,0.26655185843663165,0.3479609627525035,0.3043708979851385,0.31184368860735057,0.21442657025562323,0.30350305823388557,0.3126067005182078,0.49514897622869375,0.3566562472460808,0.705410286389427,0.2818624474449558,0.2401264290794369,0.5283405709821629,0.4044586861362389,0.3327835077320306,0.19982386909716834,0.30295756029726045,0.49200359032016316,0.5144772387671138,0.516185231840505,1.477634249062791,0.338428467155866,0.42899209508018665,0.3949134266388318,0.34594274712418344,0.8164055358438616,0.4950045534822793,0.9832449305309228,0.20876551116795783,0.6883607886034515,0.2645167521629246,0.21705735319993982,0.3382209096953816,0.6574652597406914,0.5452883064473611,0.5813975647052481,0.03366877353949772,1.0230160451434573,0.05886977330562341,0.46167803611958935,0.0795827692289724,0.3926505007849066,0.6110289297147452,-0.18426829571371853,0.3130454950786034,-0.54056680187352,-0.05668994446861697,0.17426314861006095,0.07039617465479546,0.05811540588535845,-0.1946307511563615,-0.10730706194129902
0.35321867778621363,0.6986479666729941,0.8993339523084982,0.313785295623706,0.1701338869275736,0.5646309270521428,0.3763081745620958,0.3967014902935752,0.3040170905899635,0.39654312569247463,0.4698427504471166,0.43193699811027875,0.4488779098784328,0.3539140739804034,0.4343381402635366,0.4285295109984433,0.5550266245013182,0.5807696494935892,0.22019458232283792,0.46186899104123463,0.49153311095566954,0.3845604624691398,0.5947523579083851,0.40503777282729553,1.0574865867368024,0.26844590110026795,0.2240417943302669,0.338428467155866,2.6464503555694137,0.03563089765678178,0.3597864574921403,0.44306985291307477,0.017455276726763926,1.069513530079927,0.7316958633030064,0.6725360019742499,-0.10734131869321598,0.15476687783944745,0.6615173160603373,0.3357756784031924,0.958018304834968,0.30385339393850525,0.7547319449536717,-0.004880589708283769,1.018726131403976,0.43640457443269304,0.46572382700285564,-0.030419654078969436,0.20856468383586407,0.37560817288806236,-0.221238639384013,-0.11105857495025412,-0.15549710689980564,0.052894086745163736,0.13557756126640505,-0.014744370162036963,-0.044170120825239106,-0.10886292018562205,-0.05493236827876848
-0.07416352210939013,-0.144320486331943,-0.5713044640296786,0.0626478245798296,0.20296124202640467,-0.10367156159127554,0.011945960884260502,0.042408652438111,-0.017037509516859204,0.05023090396331768,-0.006723721481026449,-0.09783290064200205,0.051881780784373895,0.18770597044261916,0.0780484014771972,0.2576630625244866,0.29172974974949634,-0.21292018324958503,0.06510967345418016,0.49942419620247036,-0.02385309378945251,0.16428426793578493,-0.034731646597172934,0.12592529701832825,0.08636378286443569,-0.12237661815846114,0.15462793396152388,0.42899209508018665,0.03563089765678178,3.7050496684097864,0.12192432825097119,0.18337756822745402,0.42332137242739615,-0.32222864578280364,0.6041090931201225,0.540228315693699,0.5394297783333227,0.3231483453338036,0.6413147080400186,0.11766647407804222,0.7998883509418737,0.3123238571880826,0.3648183002972989,0.05898260310095081,-0.0736223887916037,0.0231917786187009,1.513814660557073,0.10550850942766705,0.9167665424046736,-0.17957117924675628,0.01956099854329212,-0.512591421306679,0.36209211826557314,0.05766108800192212,0.17595585656769483,-0.24936979308692847,0.20565915410953928,0.11331327214709533,-0.2070966266346589
0.20646707615497814,0.36951874239851235,0.6020341074956401,0.23901973258206893,0.21068502133066602,0.3006601051806352,0.3051543243448578,0.27877884918478985,0.3483601331485259,0.30431408823458955,0.32171414266216325,0.31005013314519253,0.2901625862448494,0.23151119754460786,0.3795819494147506,0.2874629696378772,0.4295414957142622,0.3667496623798932,0.22826608233917686,0.4288906321363417,0.28083678347977564,0.27475440184891153,-0.017699607301589235,0.38971527642759896,0.6180095577812768,0.4310961395680974,0.3921008584028492,0.3949134266388318,0.3597864574921403,0.12192432825097119,1.065014056522138,0.35164836726208926,0.2293318261070869,0.39641036651851136,0.4144535536689874,0.8607249806024373,0.1581283988873053,0.26676820406651236,0.3430065120612627,0.2287256366136107,0.6504786344638387,0.34735789879451245,0.2593175084187407,0.08317434220924694,0.8709805854289205,0.07846856204501904,0.30683533401244184,0.0011907725303484688,-0.2664646825337627,0.09128356298811015,0.03984950569569523,0.01889809857855147,-0.08448724220946521,-0.0563142691578733,0.193011007923936,0.19128461182114986,0.15641706440889294,-0.30439572169536044,-0.26612781483909237
0.3454573336846094,0.3011869044155078,0.5164115119803425,0.32549549046263837,0.2788101493826372,0.38393682185303063,0.41757781263008603,0.3071072400625245,0.3934068687498236,0.26188451369406845,0.3495148711637874,0.42286080354790956,0.4019719217041337,0.36295270221832265,0.34304419568300354,0.4071614735399277,0.3629604621493906,0.27619163082179066,0.24847385249616333,0.30962675283011964,0.3856872355162282,0.4459983234807578,0.10938220291980527,0.20877334600611533,0.4378313046554711,0.5793870086991081,0.31618196740361143,0.34594274712418344,0.44306985291307477,0.18337756822745402,0.35164836726208926,1.0927263599761234,0.31257980334033963,0.3596116079587021,0.315108535632037,0.47644876111166445,-0.04903090207387282,0.21323063245373292,0.22657783796959322,0.2207624305560713,0.40904698536256606,0.32751660383892406,0.1296226331392336,0.012237939525085305,0.6329210488617997,0.1683840661053517,0.31829706667375424,-0.006495714230560605,0.5673974028143343,0.12285345751872495,-0.025308496124298693,0.03205252217283198,-0.12382911065060863,0.006515515195172992,0.09791226270027681,-0.47875376757800975,1.0651219135517402,-0.43140951998345617,-0.3065142275708394
0.07666843695943656,0.29460885721955665,0.22907025428831426,0.2078132917000372,0.26966583666737026,0.068615074717246,0.20482002336182537,0.16948962795926553,0.35193949212407516,0.1905377436117031,0.18716930917805102,0.1462624095884333,0.23133678125508186,0.19935556715618982,0.29604635508999205,0.20812774718451044,0.4471085908985474,0.16228926029405533,0.1802234001153108,0.4605847948440832,0.23626078897319325,0.34737286971261294,0.3070981654780833,0.28432852762452676,0.22389911798593012,0.41567156249954945,0.5015483437647003,0.8164055358438616,0.017455276726763926,0.42332137242739615,0.2293318261070869,0.31257980334033963,1.8888365391223414,0.00021277760455795983,-0.11218642350529752,0.14059027914617717,0.790096544614043,0.26054379350986007,-0.0060682136691275305,0.19232328433026286,-0.018652548058454038,0.4631512106211899,0.28075587515092215,0.05647275814802645,0.49126402832269805,-0.0176827185530892,0.42165770560105337,0.10573467235961338,0.3362199509254414,0.2646394457352621,-0.16029228166574228,0.0961140044967041,0.04313279448092948,-0.22986647834440138,0.20858701892370507,-0.08010359615780419,0.07556052396844341,-0.12502464161993637,-0.03105917076260928
0.2827618519307095,0.6501756837039925,1.086007179991664,0.21708826916924656,-0.04505240591344763,0.43211752686467825,0.3591614995899059,0.44357422214581477,0.6302450272597476,0.4652262358316853,0.41535168454594135,0.396098590265191,0.45685297721296914,0.267449970292432,0.40923541120484735,0.3256459308163836,0.5124742240324005,0.6276094558581912,0.1803558873958515,0.44027215520521573,0.5122906526517582,0.5243612231582062,0.6328012538863893,0.359677559479756,1.0644449039812207,0.5357161035461909,0.36259543073934253,0.4950045534822793,1.069513530079927,-0.32222864578280364,0.39641036651851136,0.3596116079587021,0.00021277760455795983,4.158621591810324,1.3386288433758835,0.3400020409208737,0.49669346410838144,0.1364901369590298,0.5106986069146418,0.04808215025290195,0.8069029164497838,0.5096500416544253,1.0828214139417474,0.12778751479952394,1.271800857272964,0.4130271622744069,0.3375007833640911,0.04345943950795357,1.0045416431378396,-0.5131197352540665,0.12983006623669183,0.2522265723697629,0.29581296194196616,-0.41619383207322697,-0.00031885629254915483,0.3248815177440991,-0.3090687540785815,-0.08405256555722786,-0.025684742162666304
