0.8072143160579685,0.1938172816206736,0.36672927258223587,0.0022992791666323225,0.0725991193287724,0.08521085840210853,0.19968187827005515,0.0647488161955446,0.1720611748550755,0.1319775641642329,0.08191907430506333,0.1325542264263272,0.10642874445607144,0.1085173944138492,0.0786211384798509,0.07546768032785611,0.11118305881421539,0.1153566720593791,0.1070000692862588,0.08649020040813202,0.09101233158175125,0.1300848429741764,0.05950824784738476,0.06718905097612914,0.10127535179204164,0.07757765631454368,0.09240334628989139,0.07682097395214807,0.12275090491127182,0.0328342262567602,0.08624154930759258,0.10783781721498693,0.07170539330129486,0.021215385811551603,0.06815784528267606,0.08969623438350381,0.08335551936603204,0.08795571432658579,0.08780412696446395,0.00666987490663552,0.03757800056764041,0.05294506203298852,0.14850228075760524,0.029922205090807796,0.08852058643320564,0.1249594099903568,0.08900426778601093,-0.03560943704468373,0.09450566407889673,0.05109768960128167,0.026657509193089672,0.04047914929675379,-0.06309579183239741,-0.06288699514099577,0.1293466872811897,0.020505305746770872,0.08852009768957125,0.3718784717438291,-0.6009648816503999
0.1938172816206736,1.6420534477283166,1.0159104373736192,0.22937626605233224,0.17243712369283792,0.4014250014143442,0.1802828918158116,0.44965793958265804,0.36648641100141527,0.3555193805317157,0.32208575011771207,0.24720219531360235,0.339738222965314,0.2667740037771376,0.50105102677008,0.23401823512063297,0.3573133811654975,0.45344017140944337,0.3065319681040321,0.47442701352156913,0.41899641446820385,0.3142305924100533,0.020556850186732034,0.27122766224347433,0.2714731854739694,0.1987004271668384,0.24284929712211978,0.345232476058792,0.40763654443830033,0.08806529018496526,0.35818969529257577,0.2184791543588747,0.38232693988340605,0.3143722463584162,0.2970991337721272,0.3382852350720959,0.47705035543566227,0.27998846466603333,0.4458755487512974,0.08439646825448274,0.2121737574273492,0.25224223515237987,0.2486729813427863,0.11959328126149463,0.41444723572523856,0.41830854640940074,0.2917968175948342,-0.07201650188236365,0.02449834910707417,0.1714891220252508,0.13543096582453498,0.08995008527675166,-0.07486258260080439,-0.2766325824133869,-0.2998163910389496,-0.1459942592560569,-0.38569727050246677,-0.26302567889400735,0.9185146865619761
0.36672927258223587,1.0159104373736192,1.9643437935006698,0.18005580969770626,-0.0343963313026723,0.4113545528105117,0.18195623653661283,0.5212920062199274,0.6306305111092813,0.39664260202152374,0.25474378482385446,0.17429457201734042,0.33674546981854386,0.25955152012569943,0.40621474388543233,0.15433120668683417,0.4397216157933012,0.33952836999812663,0.3065037288516701,0.3649816547673539,0.3884563996197825,0.41064634193775695,0.10897159940372632,0.3148249105218397,0.29870501707559444,0.18265735034767072,0.21242747690910732,0.3618337009798365,0.4460993948226817,-0.05612026522168227,0.35252111347741827,0.2624999092772864,0.456159441332572,0.3034454866484228,0.3342548802608465,0.4164483626063539,0.5350999746257199,0.2613654003935768,0.403887911880481,-0.07162688954598453,0.22377722441095257,0.22940912134256328,0.1426102343507314,0.14715807670121567,0.3212225370258765,0.5165599321960128,0.2740629644148475,-0.1209185173883719,0.020002768136796193,0.23342813713476201,0.11178995336719108,0.13927205101047374,-0.09810660433540895,-0.3189267033827473,0.006895502243117291,-0.07608070280713279,-0.1418378369390882,-0.636072393580649,0.7744233620790539
0.0022992791666323225,0.22937626605233224,0.18005580969770626,1.1463392124924432,0.5484655060833501,0.4428650506734769,0.35264020328846907,0.3676311647549941,0.23355211206645454,0.3680262138587966,0.36418694967741805,0.4520615649106564,0.3329046874210052,0.3367808261553003,0.2845557917921838,0.36101307356435247,0.3328288665245833,0.3260925583783713,0.3856954562300482,0.264835597610342,0.2802546921066001,0.3150947880073361,0.2535040781344325,0.2156737511270902,0.31983483277051394,0.23799199761951664,0.25510087313269514,0.04923559066528876,0.38484586094379913,0.07562047111882945,0.21970104448286934,0.28725980325717926,0.15863854814271514,0.4380797796199777,0.03976812681486688,0.21573317878647225,0.26000211527408423,0.209666364524757,0.3991609338215633,0.1258687323766519,0.10366540377551511,0.20557498860189316,0.29350801174937047,0.15554269022490222,0.11214995694239352,0.21745657346828834,0.2735572347265674,-0.05083578072434171,0.22547746506046215,0.07445997407247901,-0.01761787370466934,-0.05109642251585484,0.12536147765246117,-0.08714519723728817,-0.035921425268532835,-0.028706508922794954,-0.1725609679447094,0.038328491783304136,0.17195853600984587
0.0725991193287724,0.17243712369283792,-0.0343963313026723,0.5484655060833501,1.1248897410836132,0.37958982927866236,0.3007753108933948,0.3191245981514563,0.2217618827484538,0.3700149553182932,0.3642066923685462,0.45496946276030603,0.3588066422406876,0.29031796746353505,0.28602965855434964,0.4038146341459164,0.31394803728892684,0.32646695352784033,0.5462252583523021,0.28343628484869987,0.2727560382460796,0.31337405437356564,0.25821615075787974,0.21250676668158175,0.28981368879860336,0.28199346381016943,0.27366882733198794,0.04311873501420131,0.3530420775220844,0.13760577418839012,0.25673965056337245,0.26425903850365723,0.1715156009586566,0.45913967859526333,0.05567254426967507,0.23657424864317794,0.3640062768937395,0.21256541235887125,0.4085786395173563,0.17595832696421213,0.15599253214721176,0.254920051456154,0.2852643284044424,0.1464194841216113,0.1516661587827499,0.23242778416264442,0.315106808719692,-0.041992677074462297,0.20211845904416753,0.07521189411701294,0.08904908661941371,-0.1791926162999031,0.2057709845362745,-0.051214599855857065,-0.09157210601639999,0.0272486876048692,-0.18558568270322948,0.05743668550579199,0.14537146422833078
0.08521085840210853,0.4014250014143442,0.4113545528105117,0.4428650506734769,0.37958982927866236,0.9305789692096451,0.19691836866249818,0.5145062740398547,0.33431917188823324,0.36075031008234704,0.41122158915391976,0.4378353846821177,0.366135666318006,0.361021804475809,0.3672325574021757,0.3693358430759149,0.42824565029945966,0.2973415565355163,0.521713886687159,0.39100392746714785,0.34725832098525794,0.38741365357397783,0.09690382056124029,0.24946019726452137,0.36023869247850515,0.320527288268729,0.30990600445889677,0.18756367306689392,0.4449448966074213,0.0813084266401889,0.2739814156843348,0.33376129078482764,0.1789502887098802,0.4377983794510821,0.18768678724008267,0.25445989665865,0.296510772600301,0.28829108290576777,0.48487973200344164,0.15187930447733808,0.09584213889056327,0.25048931109869016,0.37972053458610355,0.10697949452002255,0.17046449809990175,0.26359596052565015,0.333988658552188,-0.09189171351591448,0.15688402607883392,0.18222283178389787,-0.2934186419213144,0.10451353403550837,-0.033359747561353494,-0.08067743035631841,-0.07536439936602755,-0.04597153278525797,-0.14895183169479184,0.17666222592418265,0.07947144803802454
0.19968187827005515,0.1802828918158116,0.18195623653661283,0.35264020328846907,0.3007753108933948,0.19691836866249818,0.6537167419610782,0.161688515114593,0.3731951651910752,0.2500549635078424,0.2724964425889689,0.42382861986304754,0.23065557266512854,0.14092924045878324,0.08520539809160407,0.2258426143566175,0.2765233752450931,0.25143413373058804,0.2459208419020841,0.18181204913864632,0.20774231589523487,0.30780752886072815,0.2425550951183067,0.1369458378786037,0.20412827507407083,0.15575446811942514,0.22285715626821861,0.042401229967821634,0.22866662170555135,0.07193892649536497,0.16889732657585177,0.17810826203540883,0.1472213791700995,0.26978301215360867,0.04268026569227957,0.20565135087339947,0.16059892962281244,0.155630880529644,0.2014718230353766,0.0709884077931756,0.09692442143237483,0.13328769669144472,0.2817328679284602,0.0957069983921665,0.04797759113284212,0.17358735811422316,0.11937059094838728,-0.05360293476245301,0.27429761497069827,-0.0016382875790386543,-0.008469273618962263,0.0025300580591007147,0.05868621093759817,-0.0787603722531862,0.15116503128607583,0.09770932453711657,-0.07211136763118285,0.24326334971983013,-0.4934861687255652
0.0647488161955446,0.44965793958265804,0.5212920062199274,0.3676311647549941,0.3191245981514563,0.5145062740398547,0.161688515114593,0.9001163372433691,0.166148044782767,0.4173225559163865,0.4103790133016137,0.16123525873264616,0.3922753073621162,0.3562017643271775,0.331154108891565,0.2821014794791144,0.42871554367003384,0.3366025824655516,0.3837813903655642,0.35209803963349084,0.2884340921643824,0.2715692230824837,0.14873147629287486,0.21107339739953263,0.3492795289726301,0.24050614008580123,0.24693631368542632,0.08985181360791698,0.5120098500822665,0.1307901927204401,0.244127334499592,0.27799630523678814,0.07615628080413733,0.39656415491261027,0.2656247648644642,0.19446081975502483,0.35602452899118825,0.23051947087675984,0.6442311326364467,0.18202160621720723,0.034689982245848294,0.20329613227448154,0.34259427995940456,0.1283510904250496,0.36564079137867944,0.27856760622780885,0.36349847502852034,-0.07032596173604595,0.09463920791150009,0.14241281662018548,0.08200809568196372,-0.12481604020455005,0.13769385756548042,-0.08146241428630671,-0.03900905277618327,-0.18351530941514863,-0.04816670283802949,0.24084528269000713,0.09837893277010647
0.1720611748550755,0.36648641100141527,0.6306305111092813,0.23355211206645454,0.2217618827484538,0.33431917188823324,0.3731951651910752,0.166148044782767,1.1529834128485987,0.1209119198643306,0.19293149677494906,0.26610236273344073,0.24388511057140505,0.1926356642652694,0.03719401759608016,0.17118211182092022,0.30443138498363154,0.2577380618138034,0.2849512302106303,0.16462486766131207,0.30843260319838445,0.5663125946194475,0.23701185819552897,0.2513864068310694,0.18078368941909212,0.2511230883325617,0.24571039752483556,0.21850383882550678,0.1347167078628946,0.1317532209712189,0.2886703045680798,0.21596077683661566,0.43504908734164627,0.19709921371978098,0.14279516470150086,0.3568124013654379,0.3326557543758704,0.17581323185478553,0.17571735045019532,0.012749709260967712,0.2967170242902454,0.18131076528633164,0.2313867297197226,0.1375507017578486,-0.03755325543087591,0.3012603607055126,0.20628715546745505,-0.0884861217971232,0.7503126951533344,-0.008526035114057907,-0.06267708052649454,0.01049331398253502,0.11484333854925023,-0.11112904695124011,0.06710492110190516,0.23693031978812745,-0.13342852673839736,-0.2095781814252375,-0.01533723178926779
0.1319775641642329,0.3555193805317157,0.39664260202152374,0.3680262138587966,0.3700149553182932,0.36075031008234704,0.2500549635078424,0.4173225559163865,0.1209119198643306,0.89599714406283,0.3955279531999568,0.4239404621400069,0.3859546544511015,0.2782869811182953,0.4183635227032269,0.28203760325013494,0.39481080708963573,0.37844826790560004,0.38002834301377797,0.2850349483745051,0.2421664704934052,0.24540237930555767,0.2690181462069585,0.21087935573106284,0.39901451543605226,0.1694996160453624,0.28740127788871594,0.11856319037758993,0.5549644880497385,0.11276985450946594,0.2641512284107738,0.2803516327292483,0.08206342011187263,0.5267988816186329,0.24055840731969766,0.21806119506894645,0.41568013122520625,0.2095930486617699,0.46875170404622474,0.13718608092228726,0.049771653002464604,0.19725062458754655,0.3044935232148089,0.15999650999601256,0.2972456430886094,0.2615026717077811,0.34533987245341713,-0.07158253390367746,-0.0315127673387476,0.0766424522732054,0.11722174278811341,-0.004261119259430128,-0.005856077075941929,-0.07568952624710572,0.000979877170838016,0.024019297964553106,-0.05333323173713891,-0.08162133650410248,0.11731143727842527
0.08191907430506333,0.32208575011771207,0.25474378482385446,0.36418694967741805,0.3642066923685462,0.41122158915391976,0.2724964425889689,0.4103790133016137,0.19293149677494906,0.3955279531999568,0.6982432406643453,0.4178798102892167,0.37417431206543084,0.24696969037081162,0.3747030803462014,0.31260231783702436,0.400347910510176,0.3282180774538218,0.3424780587985838,0.38809747407775896,0.31295233861020477,0.2802037541313686,0.1999852313390969,0.21791332085279022,0.3306025558120299,0.20066080796847355,0.3045231323714143,0.12929419320801303,0.4565707717269038,0.13046535258475214,0.27840799029635543,0.25411298396116305,0.15486674766683847,0.3971003282204407,0.24822355905836635,0.26404603887105366,0.3200585700059259,0.24342390803979003,0.507992044478946,0.18705528658078613,0.08725678173109243,0.23597718577809476,0.3315396848354214,0.11365479203865807,0.282074686269623,0.27894893027074824,0.3287065891328903,-0.0732385047971931,0.11539487409456987,0.05755216624894451,0.008638631539291973,-0.058465199669325334,0.12451148552661633,-0.07249056217101162,-0.04235714113901801,-0.02456443598757755,-0.1172795786717285,0.12140090706738245,0.004684030812000943
0.1325542264263272,0.24720219531360235,0.17429457201734042,0.4520615649106564,0.45496946276030603,0.4378353846821177,0.42382861986304754,0.16123525873264616,0.26610236273344073,0.4239404621400069,0.4178798102892167,0.9475098890463055,0.2935156070085866,0.23757172250325612,0.31652943146030943,0.3327161397464071,0.33310206287818356,0.33384685336455083,0.37218538311036975,0.26663259302668924,0.26858771199387493,0.30747279529956123,0.28223948772265944,0.18235063981307956,0.32811362088148016,0.2179565141166532,0.3368094147175693,-0.024801795682026836,0.3637197862559048,0.044573517184227605,0.1991510330211674,0.27251694666634485,0.13491896368901746,0.4314532172733434,0.0629760268948614,0.2520648969178438,0.09520360441444692,0.2081532413446911,0.22624490453745358,0.12377157375686337,0.06913672420271824,0.2006365951393989,0.3247820425643435,0.09740218423035336,0.09745622985140251,0.2455505607834717,0.2545331053968002,-0.07318807354043111,0.11947571919847134,-0.04524553975602527,-0.025975504383275255,-0.12983930280017342,0.24065520714873465,-0.06992261099731502,-0.0450169724269043,0.12016636718515787,-0.19545678177097053,0.1070051901907473,-0.12287719894220572
0.10642874445607144,0.339738222965314,0.33674546981854386,0.3329046874210052,0.3588066422406876,0.366135666318006,0.23065557266512854,0.3922753073621162,0.24388511057140505,0.3859546544511015,0.37417431206543084,0.2935156070085866,0.7708512198185253,0.29245224073586584,0.17250959669008428,0.33488255606125983,0.34999393024345227,0.36204221698609673,0.37118432069446033,0.24358477629998143,0.2692083217145336,0.39130424907529565,0.26770599404998446,0.2226352180401045,0.3775221368886381,0.17616844630158646,0.28793262049026724,0.14423000809545747,0.6367318912533267,0.0838326323645474,0.2225007669843689,0.3164746219634607,0.07063737981019874,0.4173548230817919,0.3173856250543786,0.235748285781119,0.27853791501097513,0.17346725505944963,0.703491113044778,0.19948971068664956,-0.04142081531324642,0.19461085809299997,0.29484628397016965,0.19427332767704716,0.2904384564869234,0.2674646847689835,0.33538788691672095,-0.10985740526350866,0.19275657290200127,0.05823577948139856,0.12361581471353196,-0.09956096438233514,0.025646187779709666,-0.07130870147502548,-0.06457995186148191,-0.07332056913529704,-0.022476273725158345,-0.05302964845370695,0.15322308858088918
0.1085173944138492,0.2667740037771376,0.25955152012569943,0.3367808261553003,0.29031796746353505,0.361021804475809,0.14092924045878324,0.3562017643271775,0.1926356642652694,0.2782869811182953,0.24696969037081162,0.23757172250325612,0.29245224073586584,0.5344078080242548,0.27377376504330375,0.31310556010844526,0.24481624472619387,0.24385038434385278,0.29638305728418085,0.21316481069059856,0.23550720623392396,0.2678889279289669,0.16343084336390765,0.21324580456298445,0.3375855000774833,0.2228121120050257,0.1945765098648911,0.1270823082229463,0.3636945417770995,0.0912241387937135,0.18575408686464773,0.3419856826283186,0.09606877143228933,0.32166376577182454,0.19591676685439474,0.18153033396859236,0.1968347809493887,0.1693752704713297,0.36958176150887345,0.12382395534968013,0.05051799725138015,0.1849672383893105,0.23565901121063018,0.12279651110904918,0.16315187040397927,0.18735278777954262,0.2903597373110584,-0.06100549969350509,0.26891700921212214,0.09541624162194524,-0.0035826941838239873,-0.09585684109516474,0.030012838856360555,-0.039531086145969,-0.18256084909320602,-0.031574911311336336,-0.062013151465329014,0.033970174618744305,0.2620620167340486
0.0786211384798509,0.50105102677008,0.40621474388543233,0.2845557917921838,0.28602965855434964,0.3672325574021757,0.08520539809160407,0.331154108891565,0.03719401759608016,0.4183635227032269,0.3747030803462014,0.31652943146030943,0.17250959669008428,0.27377376504330375,1.085667504407621,0.20413664649786384,0.3008849576463133,0.27735372273408904,0.2583888475107778,0.421227933906643,0.30673039954909503,0.11068088008650262,0.13265780346003714,0.22038801532522165,0.3184095663716009,0.1629909163482306,0.21275063224608567,0.22444783195426968,0.3427602101526648,0.19081835744897188,0.30171843692383554,0.19613503740947727,0.25926075236470386,0.4051797433548596,0.2039718763613134,0.27385147587329994,0.46012401294325894,0.20057122201545102,0.3419131234625342,0.06489994060064617,0.25465241822901824,0.24219819476813628,0.22746203553276215,0.0961549487612031,0.20104382275648305,0.30287507969166194,0.2926690742723784,-0.02742001781998627,-0.04251330705363974,0.16430228342801748,-0.07701160201922196,0.12170344512445985,-0.015519218822434589,-0.15594086219068992,-0.04298451036318161,0.014610640554202515,-0.2816536242270129,-0.12649366061751996,0.40214729844631103
0.07546768032785611,0.23401823512063297,0.15433120668683417,0.36101307356435247,0.4038146341459164,0.3693358430759149,0.2258426143566175,0.2821014794791144,0.17118211182092022,0.28203760325013494,0.31260231783702436,0.3327161397464071,0.33488255606125983,0.31310556010844526,0.20413664649786384,0.8247788476711607,0.3330784983392856,0.29248745439957863,0.39856308064241586,0.24655564449293685,0.2689850082283441,0.44698290550586317,0.11316177138593185,0.2074616511821838,0.2906224271912916,0.28895261277314715,0.29440943824862,0.23060378549564778,0.45869335729972643,0.09029998602272578,0.20743766227694213,0.3049445007868361,0.07414938397503816,0.3713851885350566,0.37004100100178494,0.23052580241395118,0.23279263600006428,0.1866079733978074,0.4715605114741437,0.25839972454721266,0.06050911520186343,0.3017184891248585,0.36096872284192705,0.10438307286817201,0.2631325911882703,0.20525833184538717,0.34579329954541665,-0.10453626082199285,0.24550787535213273,-0.11318841813385865,-0.013241553212559553,-0.025111696983340162,0.009591878684635848,-0.018736820216483128,-0.08166132044177063,0.02544141757128752,-0.18151802194448785,0.10361128804237149,0.14647195973701954
0.11118305881421539,0.3573133811654975,0.4397216157933012,0.3328288665245833,0.31394803728892684,0.42824565029945966,0.2765233752450931,0.42871554367003384,0.30443138498363154,0.39481080708963573,0.400347910510176,0.33310206287818356,0.34999393024345227,0.24481624472619387,0.3008849576463133,0.3330784983392856,0.8669188357358268,0.23254663895473218,0.3993730518590071,0.4359562255373909,0.33789669996662475,0.38680853082373373,0.10361712292517243,0.2514079863270963,0.3398692927799385,0.09375985617080075,0.2947232742207923,0.23402916661799794,0.395389672636177,0.15203358210021897,0.30888434929670705,0.23015513138544624,0.28064936711690885,0.3414333296139267,0.25656560796963107,0.3015389078138409,0.49711464103276787,0.2904690189650598,0.3211640855528405,0.13888846772715,0.17156766861603986,0.253391643581387,0.35531329151274216,0.10624547101229488,0.31070570811825754,0.34740795938133356,0.3277978091583664,-0.08796594927387501,0.06944740367470832,0.23716924228052624,0.1105041004802718,-0.1084750434797415,0.046659307391742476,-0.12569050281779875,0.04413861461592453,-0.025969713365558467,-0.14409105823407642,-0.05470372242739449,0.17994913253196027
0.1153566720593791,0.45344017140944337,0.33952836999812663,0.3260925583783713,0.32646695352784033,0.2973415565355163,0.25143413373058804,0.3366025824655516,0.2577380618138034,0.37844826790560004,0.3282180774538218,0.33384685336455083,0.36204221698609673,0.24385038434385278,0.27735372273408904,0.29248745439957863,0.23254663895473218,1.0063056885076105,0.34596815208623655,0.06912497604293767,0.2978370091284371,0.3551213722621137,0.44388725133496726,0.1812450950547986,0.37436293605575344,0.20136233395414857,0.20377631249859288,0.16451844869243434,0.5257500695933491,0.059060446354013245,0.29838070773677633,0.26053032230340417,0.11322517983316227,0.38947884575467817,0.1903761333780766,0.2878678207153346,0.2088396848317429,0.09848960123610873,0.5206070332262843,0.14177282210244058,0.0327903932629952,0.11738365490076316,0.3266382450008486,0.2141400000986453,0.4082964453217459,0.25980611469346865,0.24344632222086338,-0.09879401137838721,-0.026099092596938853,0.19297470300765474,0.3635757650779061,-0.14805650934181072,-0.1965505630479487,-0.1383629111606246,-0.1333573308778704,-0.05201338973490593,-0.10635714632256968,0.18499845337788678,-0.00719775943532944
0.1070000692862588,0.3065319681040321,0.3065037288516701,0.3856954562300482,0.5462252583523021,0.521713886687159,0.2459208419020841,0.3837813903655642,0.2849512302106303,0.38002834301377797,0.3424780587985838,0.37218538311036975,0.37118432069446033,0.29638305728418085,0.2583888475107778,0.39856308064241586,0.3993730518590071,0.34596815208623655,1.0821402470559582,0.3256173319254908,0.33293545218839,0.3687203546232858,0.08011779255569863,0.24315068422248987,0.3052314728418741,0.19310166074658333,0.2725097074365083,0.269643672898,0.411256934000355,0.10721949454247008,0.30166391697679523,0.306846607103306,0.24328494916973262,0.351707593335614,0.14903417022132695,0.260290215032431,0.4289250082374846,0.2671384162895215,0.5264870069721836,0.18643610077549677,0.12105793956338512,0.23896717242471674,0.3085347302452437,0.1302860195643327,0.41870179927486795,0.35940456272591137,0.37372949965892366,-0.07183021043401595,-0.05433545783993031,0.04385818165542752,0.37067326602906353,0.17090687025594303,-0.1759737684519119,-0.1631256656165649,-0.1098191600679865,0.018577057288458765,-0.10251741581075959,0.06902877445747997,0.09256761904622235
0.08649020040813202,0.47442701352156913,0.3649816547673539,0.264835597610342,0.28343628484869987,0.39100392746714785,0.18181204913864632,0.35209803963349084,0.16462486766131207,0.2850349483745051,0.38809747407775896,0.26663259302668924,0.24358477629998143,0.21316481069059856,0.421227933906643,0.24655564449293685,0.4359562255373909,0.06912497604293767,0.3256173319254908,1.1444124717290733,0.27413753709551203,0.21826343226495742,-0.01944876973184732,0.23369732951616762,0.2445351249418741,0.2841992235360808,0.349649619548758,0.27831568835197745,0.24324607796026912,0.20567442524567953,0.3628934553847214,0.20041043668193095,0.27541668940117614,0.43490152296474766,0.26412779585888085,0.1796179472555168,0.6867654609113943,0.5463538513335298,0.5297552477375664,0.29894064149970057,0.20880010716370803,0.36066233659017427,0.5788156645242734,0.03759576192024209,0.5605189705162901,0.36549226949364405,0.567827340078948,-0.005662404652282001,0.30498858763004866,0.03863927852842804,-0.07191113606732397,0.21428413298326984,0.03378368224903476,-0.1661525664323563,0.031228186472107688,-0.009044282877691635,-0.12987996636672708,-0.013070703291328799,0.12784241704908733
0.09101233158175125,0.41899641446820385,0.3884563996197825,0.2802546921066001,0.2727560382460796,0.34725832098525794,0.20774231589523487,0.2884340921643824,0.30843260319838445,0.2421664704934052,0.31295233861020477,0.26858771199387493,0.2692083217145336,0.23550720623392396,0.30673039954909503,0.2689850082283441,0.33789669996662475,0.2978370091284371,0.33293545218839,0.27413753709551203,0.6038126063381805,0.315236088869573,0.17541820509263406,0.26626858892127625,0.24673549149467228,0.20419840032819733,0.22317542698296655,0.2663061639106557,0.28418471123092803,0.09053398403673182,0.3397103105125186,0.24406990245863366,0.4007301333335903,0.2201058334671521,0.20837867460106407,0.3994621271494923,0.3134789649832021,0.2055826191366365,0.3787562822253514,0.11780088962746328,0.2795769464449146,0.23762547753156976,0.2337976891830657,0.12851373639547936,0.23683068049839823,0.32830260951562673,0.23087771263968399,-0.07569721052285094,0.12668640392238503,0.08670361086165182,0.04926760510810359,0.03627618282110036,0.015639011302336695,-0.12214133871223569,-0.019465157317681548,-0.017212392610748136,-0.23948639460945764,-0.2192136683404629,0.44511255656966986
0.1300848429741764,0.3142305924100533,0.41064634193775695,0.3150947880073361,0.31337405437356564,0.38741365357397783,0.30780752886072815,0.2715692230824837,0.5663125946194475,0.24540237930555767,0.2802037541313686,0.30747279529956123,0.39130424907529565,0.2678889279289669,0.11068088008650262,0.44698290550586317,0.38680853082373373,0.3551213722621137,0.3687203546232858,0.21826343226495742,0.315236088869573,1.0412231231235587,0.30598684095291395,0.25817350182130117,0.26933814318048105,0.25865447427513116,0.3183376694045264,0.22025211852042317,0.3536375470278546,0.10371034389989241,0.25706944088296313,0.3112155257476634,0.2869475936096485,0.30351246173187907,0.23107327621371807,0.4076259967092111,0.2211773021725168,0.19846331354249008,0.4307864035230813,0.15881179066232712,0.1643012512709818,0.25430757025437034,0.36303685642490235,0.15174055823816818,0.004418427480569233,0.34401045717819645,0.2914340292934359,-0.21583624168164917,0.7668236998336753,-0.06058195109557204,-0.04016314349377981,-0.11389740566969385,0.025191579101371774,-0.04843020049127905,-0.0053756332614557775,0.09492812495197882,-0.1583301217546958,-0.07117173402791119,0.0973047266316589
0.05950824784738476,0.020556850186732034,0.10897159940372632,0.2535040781344325,0.25821615075787974,0.09690382056124029,0.2425550951183067,0.14873147629287486,0.23701185819552897,0.2690181462069585,0.1999852313390969,0.28223948772265944,0.26770599404998446,0.16343084336390765,0.13265780346003714,0.11316177138593185,0.10361712292517243,0.44388725133496726,0.08011779255569863,-0.01944876973184732,0.17541820509263406,0.30598684095291395,1.3239448699507679,0.19137195581054423,0.35437160230162323,-0.053445002117910305,0.15886223636015154,-0.268550895813366,0.49019121627696566,0.17953236680516052,0.04816793079035867,0.18484772064070412,0.02039814190994539,0.3973191731333925,-0.045276112692035776,0.4255089006797215,0.10003327336839611,-0.004994779628173905,0.42982268282838937,0.0077692040612176196,0.09327924230053365,0.014353926893308895,0.1577607650535111,0.3234296798540294,-0.08622874434858994,0.19905063588982713,0.04668653371840418,-0.10026653504569306,0.18602635511833482,-0.08410277278000618,0.16773082120814292,-0.21902770465207358,0.1969427745416956,0.03604333244237253,0.02211408973006133,0.00983962594722406,-0.051875679225826754,-0.21060204000526161,0.17095949618429232
0.06718905097612914,0.27122766224347433,0.3148249105218397,0.2156737511270902,0.21250676668158175,0.24946019726452137,0.1369458378786037,0.21107339739953263,0.2513864068310694,0.21087935573106284,0.21791332085279022,0.18235063981307956,0.2226352180401045,0.21324580456298445,0.22038801532522165,0.2074616511821838,0.2514079863270963,0.1812450950547986,0.24315068422248987,0.23369732951616762,0.26626858892127625,0.25817350182130117,0.19137195581054423,0.47792999716577694,0.18098790725325012,0.08886704842771445,0.16815046501357694,0.2583347275346886,0.1621044505141096,0.30518711733865084,0.25903140141651604,0.26462273095594946,0.5414353470856949,0.12696642052455742,0.1736195744121088,0.3806861148955072,0.3809331311161407,0.161820336821832,0.18213674447360167,0.029687878405841642,0.2695030281473016,0.20605468420770395,0.07866303735941398,0.132565284753721,0.10728412530433967,0.2819246513199958,0.12659178858868925,-0.059420064550334106,0.11473376906350517,0.06208063022789013,-0.001249449724421468,-0.02606602579401303,0.09906049697048615,-0.11474445288329944,-0.059671014538248066,-0.03057799221469668,-0.05811208925932862,-0.671482725583292,0.7947416701192092
0.10127535179204164,0.2714731854739694,0.29870501707559444,0.31983483277051394,0.28981368879860336,0.36023869247850515,0.20412827507407083,0.3492795289726301,0.18078368941909212,0.39901451543605226,0.3306025558120299,0.32811362088148016,0.3775221368886381,0.3375855000774833,0.3184095663716009,0.2906224271912916,0.3398692927799385,0.37436293605575344,0.3052314728418741,0.2445351249418741,0.24673549149467228,0.26933814318048105,0.35437160230162323,0.18098790725325012,1.856460556041751,0.023756847850217512,0.3412431135902961,-0.004229857542700455,1.5669767215104073,0.2854587950265991,0.26809958674718165,0.3416969497745651,-0.25805996167516476,0.9890783140411975,0.4102408951797094,0.10998844839548134,0.5509661842216077,0.22341050759973616,0.7486317162471297,0.1248751522408345,-0.14638700381952865,0.16137962899532052,0.38776203931529524,0.23164368005024086,0.44318889442104903,0.21574007843642276,0.5128938280074838,-0.14523377074947957,-0.20077546274028302,-0.18009934242417142,0.008403764263807696,-0.11588773636115365,0.09288413242092292,0.037154874924875445,-0.006840801396990678,-0.05398320672743617,0.04945431533126111,0.11277430110030132,-0.1141196392839185
0.07757765631454368,0.1987004271668384,0.18265735034767072,0.23799199761951664,0.28199346381016943,0.320527288268729,0.15575446811942514,0.24050614008580123,0.2511230883325617,0.1694996160453624,0.20066080796847355,0.2179565141166532,0.17616844630158646,0.2228121120050257,0.1629909163482306,0.28895261277314715,0.09375985617080075,0.20136233395414857,0.19310166074658333,0.2841992235360808,0.20419840032819733,0.25865447427513116,-0.053445002117910305,0.08886704842771445,0.023756847850217512,2.5030345664162095,0.25544175763727156,0.32799279306295065,-0.19076698159481562,-0.7860860089965823,0.05044568173262362,0.44564871408563805,-0.12488862943239415,0.35933641084177315,0.2333831577569952,0.0390810951636564,-0.5319066776114024,0.15110234156558616,0.16301174913414734,0.40245399394139075,0.3486280298585727,0.3751915216275211,0.297237198246736,0.05151133666539924,-0.015614403954937957,1.4362637750749062e-5,0.19579005706684724,0.03691707106879277,0.7277764772041482,0.2285663902489044,-0.159869778264151,0.1409415922935119,-0.45667320450549076,0.026970474176097565,-0.16523642545117487,-0.0036433130567556705,-0.05550268316189342,0.5370083795322071,-0.3821732052004158
0.09240334628989139,0.24284929712211978,0.21242747690910732,0.25510087313269514,0.27366882733198794,0.30990600445889677,0.22285715626821861,0.24693631368542632,0.24571039752483556,0.28740127788871594,0.3045231323714143,0.3368094147175693,0.28793262049026724,0.1945765098648911,0.21275063224608567,0.29440943824862,0.2947232742207923,0.20377631249859288,0.2725097074365083,0.349649619548758,0.22317542698296655,0.3183376694045264,0.15886223636015154,0.16815046501357694,0.3412431135902961,0.25544175763727156,0.7758248956860055,0.20793175073515988,0.372227783206983,0.17428025490983376,0.26452879335368795,0.25047819642686625,0.08285841633987788,0.32824715620166994,0.30175991882774894,0.3968979255337177,0.23471728174108825,0.24089954470768485,0.35366407695122454,0.24819129264043374,0.1358548298685673,0.2381703314597589,0.5667876431216808,0.0216773049067973,0.218325890128049,0.2945783739369935,0.2677153673525326,-0.11248640628006504,0.24485991898205076,-0.01889716272129811,-0.09007024307462765,0.06227000134285095,0.04302322557599822,-0.013363841847053972,0.04058616911121962,0.07900590623918777,-0.042140482293688955,0.16034951522995433,-0.20487502848362438
0.07682097395214807,0.345232476058792,0.3618337009798365,0.04923559066528876,0.04311873501420131,0.18756367306689392,0.042401229967821634,0.08985181360791698,0.21850383882550678,0.11856319037758993,0.12929419320801303,-0.024801795682026836,0.14423000809545747,0.1270823082229463,0.22444783195426968,0.23060378549564778,0.23402916661799794,0.16451844869243434,0.269643672898,0.27831568835197745,0.2663061639106557,0.22025211852042317,-0.268550895813366,0.2583347275346886,-0.004229857542700455,0.32799279306295065,0.20793175073515988,1.2767868594934093,-0.11887843305033195,-0.023835775298896487,0.3501577997839031,0.1853779488814965,0.5849587461110877,-0.02116165227969924,0.6616080374156805,0.4392821224729901,0.3894090733556806,0.14994295719373538,0.09220664199812169,0.14159729783111574,0.32505429290483495,0.3068952076888749,0.11448117081446343,0.12621125064688396,0.30645097239262964,0.17620452886376028,0.016510511760834956,-0.059018869101988856,-0.16971990569719292,0.0732088592032937,-0.01463080676366689,0.6388280057896804,-0.7564145488609302,-0.07084924935074134,-0.07112072224014927,0.040195508869316346,-0.042987955957068,-0.3557163699092569,0.44586258619563546
0.12275090491127182,0.40763654443830033,0.4460993948226817,0.38484586094379913,0.3530420775220844,0.4449448966074213,0.22866662170555135,0.5120098500822665,0.1347167078628946,0.5549644880497385,0.4565707717269038,0.3637197862559048,0.6367318912533267,0.3636945417770995,0.3427602101526648,0.45869335729972643,0.395389672636177,0.5257500695933491,0.411256934000355,0.24324607796026912,0.28418471123092803,0.3536375470278546,0.49019121627696566,0.1621044505141096,1.5669767215104073,-0.19076698159481562,0.372227783206983,-0.11887843305033195,3.78405790910385,0.34365872467893427,0.04899317985077764,0.4937955016322405,-0.8249413908804076,1.3138265959399602,0.6558922798832687,-0.0008525344111671525,0.6404249246500625,0.1336205763550954,1.1838980555119316,0.2762071430759903,-0.4302233449993744,0.11048758123955588,0.3832741347904619,0.18362489757666786,0.8570814916205433,0.1888627822334798,0.683499649865155,-0.22420107196231454,-0.17786498398475423,-0.2453712157899714,0.2461988708977775,-0.14589275964207826,-0.03676117756386972,0.14946113545695167,-0.06129660514126896,-0.20737017400451516,-0.004022466984502283,0.3779637294379115,-0.22262049213985824
0.0328342262567602,0.08806529018496526,-0.05612026522168227,0.07562047111882945,0.13760577418839012,0.0813084266401889,0.07193892649536497,0.1307901927204401,0.1317532209712189,0.11276985450946594,0.13046535258475214,0.044573517184227605,0.0838326323645474,0.0912241387937135,0.19081835744897188,0.09029998602272578,0.15203358210021897,0.059060446354013245,0.10721949454247008,0.20567442524567953,0.09053398403673182,0.10371034389989241,0.17953236680516052,0.30518711733865084,0.2854587950265991,-0.7860860089965823,0.17428025490983376,-0.023835775298896487,0.34365872467893427,3.1295090405167065,0.2988908322215952,-0.16895034445252968,0.008732635251975629,-0.42030507421842384,0.49524759309998695,0.45139251939376024,0.6396406996853287,0.15476469845825983,-0.18995450123506333,-0.08232638595761128,0.8901946213177668,0.05090819378046028,0.41980398225739446,0.2596549678015937,0.5713218727729767,0.3125480876768692,0.19434889362168764,0.006103186791096676,0.1567846190243013,-0.12278191706509267,0.007282700355903074,-0.5585882744063859,0.7284290878809209,-0.031870358347877215,-0.05711922690237477,0.07565849409779472,-0.24076868128342457,0.30090752119922215,-0.1503362987518057
0.08624154930759258,0.35818969529257577,0.35252111347741827,0.21970104448286934,0.25673965056337245,0.2739814156843348,0.16889732657585177,0.244127334499592,0.2886703045680798,0.2641512284107738,0.27840799029635543,0.1991510330211674,0.2225007669843689,0.18575408686464773,0.30171843692383554,0.20743766227694213,0.30888434929670705,0.29838070773677633,0.30166391697679523,0.3628934553847214,0.3397103105125186,0.25706944088296313,0.04816793079035867,0.25903140141651604,0.26809958674718165,0.05044568173262362,0.26452879335368795,0.3501577997839031,0.04899317985077764,0.2988908322215952,1.0317272834835933,0.19689181807014355,0.45129203270755935,0.2387186950679118,0.2750640286721291,0.5067412853032557,0.4345534901832153,0.2773761323627259,0.33487658880003174,0.054820586753212344,0.2918969449755056,0.24025433574817273,0.18578632465066625,0.1625442488857509,0.3558753172126828,0.35197827045672525,0.16331493746154482,-0.09088211270943948,-0.2926976463725608,0.12565154240202014,0.0459523102587385,0.051298799310948016,0.009697326612721505,-0.15653773381546732,-0.06701076413150273,0.047371458682671216,0.03423454371382993,-0.3858294599157122,0.3192314784124197
0.10783781721498693,0.2184791543588747,0.2624999092772864,0.28725980325717926,0.26425903850365723,0.33376129078482764,0.17810826203540883,0.27799630523678814,0.21596077683661566,0.2803516327292483,0.25411298396116305,0.27251694666634485,0.3164746219634607,0.3419856826283186,0.19613503740947727,0.3049445007868361,0.23015513138544624,0.26053032230340417,0.306846607103306,0.20041043668193095,0.24406990245863366,0.3112155257476634,0.18484772064070412,0.26462273095594946,0.3416969497745651,0.44564871408563805,0.25047819642686625,0.1853779488814965,0.4937955016322405,-0.16895034445252968,0.19689181807014355,0.7328359102954987,-0.04639421546553341,0.3891513128125772,0.18053091582108283,0.18481431979762958,-0.027823337477204047,0.20237119724671998,0.4925693189708031,0.18450215644027665,-0.13385447465300895,0.190943035018559,0.18332517716897284,0.11497095630868151,0.23404347239888598,0.15009305114890828,0.25246217722707165,-0.10806704206065922,0.17983209107802606,0.06514055999076837,0.04719069363922619,0.12338459409149563,-0.2557058361056092,0.03807466942544917,-0.1506779985949188,-0.004967384091743297,0.20666296707888077,-0.1589044456037764,0.07912014799017651
0.07170539330129486,0.38232693988340605,0.456159441332572,0.15863854814271514,0.1715156009586566,0.1789502887098802,0.1472213791700995,0.07615628080413733,0.43504908734164627,0.08206342011187263,0.15486674766683847,0.13491896368901746,0.07063737981019874,0.09606877143228933,0.25926075236470386,0.07414938397503816,0.28064936711690885,0.11322517983316227,0.24328494916973262,0.27541668940117614,0.4007301333335903,0.2869475936096485,0.02039814190994539,0.5414353470856949,-0.25805996167516476,-0.12488862943239415,0.08285841633987788,0.5849587461110877,-0.8249413908804076,0.008732635251975629,0.45129203270755935,-0.04639421546553341,2.2022647708358147,-0.3373619778624847,-0.3221628936524971,0.5241815319214006,0.833145554599104,0.1438643593600296,-0.40466310739266237,-0.22851185871481827,0.7071147297911209,0.3234680139957831,-0.10151553746065575,0.09006157588977623,-0.30584604379163777,0.49291765928302406,-0.023636234527189236,0.032301395572006855,0.21994725619056993,0.221333993558447,-0.060203200904670996,-0.044036465690905566,0.3298854562681316,-0.4596815177959343,0.012467515860952702,0.11569997038086605,-0.3028075046037188,-1.051715851667183,1.2064275772035424
0.021215385811551603,0.3143722463584162,0.3034454866484228,0.4380797796199777,0.45913967859526333,0.4377983794510821,0.26978301215360867,0.39656415491261027,0.19709921371978098,0.5267988816186329,0.3971003282204407,0.4314532172733434,0.4173548230817919,0.32166376577182454,0.4051797433548596,0.3713851885350566,0.3414333296139267,0.38947884575467817,0.351707593335614,0.43490152296474766,0.2201058334671521,0.30351246173187907,0.3973191731333925,0.12696642052455742,0.9890783140411975,0.35933641084177315,0.32824715620166994,-0.02116165227969924,1.3138265959399602,-0.42030507421842384,0.2387186950679118,0.3891513128125772,-0.3373619778624847,2.762320035110273,0.3156790416530992,-0.19693621487931498,0.8982922041864784,0.2741545622027282,0.8419210601628326,0.137442005420562,-0.4690817011224357,0.27941979987914206,0.6320283137379884,0.31207205797582555,0.13870007798399775,-0.07897833721795448,0.9398362311160304,-0.04258756518578962,0.0013135212442633112,-0.17009698039897514,-0.14968409281856127,-0.07987532896110704,0.038248329334919985,0.010932250949276691,-0.0272719287528756,0.038250505952505794,-0.09507479254593484,0.1107106047910624,-0.05818693610868498
