0.7546470037722564,0.15524745741048887,0.20942745005059876,0.05829143918429335,0.006522092916359138,0.06651724930934333,0.07536815247119072,0.03959227767660019,0.09411495043978813,0.07764135004760818,0.05576191273645507,0.06502574943146586,0.033491922340110114,0.06082288119287833,0.08733156378041504,0.054525879982550846,0.02601651718800702,0.08683745168950978,0.07129349373046195,0.054565001023965526,0.06618543631786414,0.0770008994466861,0.08980474261519825,0.04073149464860723,0.08738306561219175,0.04043098650133064,0.09178338980594998,0.030880469838413954,0.12891208867185638,-0.008250946299820582,0.0587634478052941,0.060998463337151414,0.0314898869682474,0.0928649415897305,0.08126710506153764,0.055124309499249506,0.03655439998929891,0.029735481106726903,0.05455102990562572,0.0168843306235678,0.07132348636417606,0.059211813022748624,0.10700888883976802,0.017194742220673537,0.0900324962698095,0.09574352955061619,0.04730705304713917,-0.016389608073891195,0.016443602078888103,-0.05390418176445902,0.0014497004867620187,-0.003213397932179105,0.053010864122510784,-0.0023588547210586365,0.1914865053439466,-0.005723227944748894,0.08314112926412362,-0.1425807252044648,-0.07914960629126538
0.15524745741048887,2.680049487803843,0.9664843490234314,0.29964394185671217,0.3121801771210864,0.09679926820439526,0.6979529141176467,0.30597340959918934,0.44693757680563934,0.5756478667251568,0.36685389167646987,0.3643886999557109,0.24468893950744663,0.3148408146833658,0.6101156042678771,0.2814130096450865,0.4268497420958214,0.5869171806525539,0.3489162494464719,0.43895079862096265,0.44992509303638406,0.32642346453308624,0.1255768278003194,0.30070729516929007,0.2795593217619893,0.5761186949295742,0.5961259229484275,0.5027464118652903,0.6358304291485665,0.06612799207250825,0.3378373332328287,0.2844009279660536,0.5188145312496022,0.34889904129932764,0.203357424385025,0.448532823174991,0.6319817105248902,0.2655479652481348,0.07446509241074797,0.056743704429381085,0.5410182886525338,0.4212124545499307,0.42026794305130133,0.12964076896062476,0.35742312287529404,0.45994598183717517,0.2612486386389156,-0.05360269099126827,-0.05198304409073944,-0.06392777074798481,-0.04517970223148735,0.12178083585675549,0.0972303364544034,-0.0693657934969074,-0.6751372896879075,-0.10037620242838127,-0.32373949474652647,0.7494461120753128,0.15136424758833017
0.20942745005059876,0.9664843490234314,2.2205014264162495,0.16199077253814836,-0.2977363235480902,0.5760592988261771,0.30253141960689894,0.5253081294675681,0.6975855009514612,0.5350629858580007,0.39202487128712055,0.34341083334815625,0.25155504461053946,0.34467910798830675,0.4380966008681458,0.281740665635435,0.46435019673214994,0.43163752777122066,0.49669868878976003,0.38054946248884486,0.37058094526236235,0.46695985788053124,0.33007217623257296,0.3246186548545131,0.32422949889699226,0.5353222183666514,0.6791122003153653,0.5422666951097602,0.5583010188043744,-0.28386081739712676,0.32556345298475464,0.34110540595174327,0.4066893418446831,0.43547491164100094,0.4032571763436799,0.37014844951154313,0.3656612001043856,0.21984708164876524,0.1647668431140153,-0.0568060652707009,0.4464627353973942,0.35814965258961906,0.6181335430552526,0.2464744574853559,0.5233053339536217,0.5244693900877315,0.0828175305263629,-0.06033637518508463,-0.16419588351513748,0.10421035831689456,-0.011691332890654701,0.012369594151897216,0.05758650482254898,-0.12417526623169217,-0.009680762956648603,0.03957099306125957,0.06498234536707062,-0.21030348699501183,0.03295779770962414
0.05829143918429335,0.29964394185671217,0.16199077253814836,1.0944557518165332,0.679197053463827,0.3691627528895059,0.38709283074377787,0.3516306223682906,0.23868481674440617,0.3098882501573233,0.2720205589201351,0.32494669409836285,0.18014087212243235,0.25433291793029467,0.28817866532572145,0.2710416307626632,0.3161523065056932,0.3014766065950741,0.15588625579295667,0.33258836220147203,0.21883555734097992,0.235381223093821,0.34967707991425634,0.2528247567531609,0.2747363790052569,0.29961598566606035,0.13637714868901948,0.3797889997616017,0.393720630596011,0.11726315271383093,0.18329043655586025,0.24722099052889718,0.2677238621084837,0.25428939332124617,-0.0743713127706513,0.2809432820096992,0.3086664053580521,0.20403300316557885,0.17897305111987694,0.06040856732647289,0.2017327101374829,0.2165848940283374,0.1576826513647681,0.06305613094755462,0.060506165789425435,0.24552703369694842,0.23244163605651655,-0.0300904700103193,0.13838756059236176,0.03791258349978282,-0.14023050653202196,0.18548789761423462,-0.0038207412097873497,-0.08460262209298848,-0.08716589681545475,-0.05410410450012637,-0.07576070362934603,0.24829851387001714,-0.052080389538109874
0.006522092916359138,0.3121801771210864,-0.2977363235480902,0.679197053463827,1.6684752145392745,0.1995350094628491,0.545487749424942,0.32111812646157917,0.15316925315502697,0.39874413488988836,0.2945282611583726,0.3567216744239418,0.21839433579687603,0.3057764240234536,0.3473702223261801,0.3407945283259707,0.3271898695199529,0.3427007342315524,0.12902928549324275,0.3675058402971383,0.24123892972841485,0.21907252629291585,0.45344933189655345,0.278150011495951,0.29530056927791193,0.28882973749421165,-0.04348195807219104,0.33173800332758085,0.46610977181782326,0.16413983511141558,0.16465307044372413,0.2971431663046954,0.25102590789963236,0.3011499283236344,-0.1144404409836956,0.2581083664093539,0.3280726597955724,0.22827073503145395,0.1823596277952774,0.14183950340381846,0.2585514896727853,0.24166619258100608,0.02057415662163061,0.0320515893297829,-0.08367272908238721,0.23551416038140366,0.2580772249227022,-0.022150618678780737,0.4006474235824774,-0.01290863837156697,-0.15325828097208372,0.11942809022394957,0.02026102074938734,0.02992646593676143,-0.22533649870149633,-0.11870643174983475,-0.10479218192250676,0.24473627367164524,0.1586817780930803
0.06651724930934333,0.09679926820439526,0.5760592988261771,0.3691627528895059,0.1995350094628491,1.2654773798238153,-0.11514719479034209,0.6288328476449763,0.5125503519268308,0.11738520828622104,0.39528842853354856,0.30666944821412323,0.23452829908924375,0.31495032968161657,0.3674533671075028,0.25955609077891945,0.4105878402960013,0.24973366833811464,0.2784388944303887,0.4902676478248858,0.3049049213454768,0.3664049896561306,0.23884812159857144,0.2770583451850744,0.3506209968421391,0.4400714163389925,0.32888322219786215,0.5531507920037712,0.48813308728019106,0.042936608853420016,0.22991254041268505,0.33236774727640633,0.09020184835257188,0.40099792961818853,0.3371087679566954,0.16374591220727633,0.26827207535279013,0.267721186394849,0.3207365822482422,0.1431073349767419,0.16686357148371964,0.2898718956132827,0.42734554871408637,0.18349609889727575,0.30633951414329713,0.24842804953933206,0.19520703275102494,-0.003951459432600396,0.5015858486556026,0.1123598381840117,-0.14953149159208762,0.13069990297761847,-0.03817510210833015,-0.08050175586025737,0.12467044503161435,0.005525248897037687,0.12400224211087554,-0.0022197905341439454,-0.18674698663592906
0.07536815247119072,0.6979529141176467,0.30253141960689894,0.38709283074377787,0.545487749424942,-0.11514719479034209,1.238225853029396,0.11253239749281253,0.40759705023699394,0.5315469888598346,0.3293988483728197,0.4689727868883402,0.19788395419045723,0.33050028116567737,0.22171420061596833,0.3323911363782142,0.3552407925412444,0.4001764497611248,0.26930898630684674,0.37818897375240235,0.3073752806908657,0.37522889014240846,0.5668264935165782,0.3490598114885798,0.35311869312682215,0.3790135466297297,0.3071044173505086,0.35267812363270296,0.4864737349978337,0.10147118084359893,0.2531640367241371,0.3180606162707797,0.5056007715751195,0.3011314445055345,0.10934300252867978,0.3009583550160201,0.4016253224253472,0.2235220524158528,0.12296762363444944,0.0897590042329072,0.36664777397297205,0.30556751230913926,0.3217679904208137,0.0647253385239876,0.12330854416440717,0.35617147716059006,0.2178425663957884,-0.029577805106220982,0.3243019149021127,-0.06372189681362751,-0.1464338609674183,0.2138505501536298,0.005109888590451404,-0.05747872108460459,-0.1607221078969313,0.10425385052423658,-0.13369151750219038,0.25825626420965114,-0.15753581042505305
0.03959227767660019,0.30597340959918934,0.5253081294675681,0.3516306223682906,0.32111812646157917,0.6288328476449763,0.11253239749281253,0.9960639091942084,0.2923583558040863,0.3797690148423797,0.36471338633125067,0.2127705617176437,0.22956776955136515,0.27665418899977495,0.3372431104933757,0.2507351362652027,0.4534058116277882,0.33816198021946176,0.26582073514665644,0.42014190605591567,0.28046864759114326,0.2724556891286007,0.32203479451718275,0.28897304359270193,0.34796496991438364,0.38483802271704665,0.34362386654243243,0.5647453922107405,0.3828135859583014,0.12232322756165684,0.24090058271817777,0.2674887939931824,0.2619085463562844,0.30407971638797626,0.3500914730554155,0.16821598481371894,0.39155673438693905,0.232081948033817,0.39819960887609934,0.15845083600490548,0.2612096439559946,0.28104975592166553,0.3816622616750984,0.1608132078369118,0.2789373397815048,0.2818788012175032,0.24036816352145626,0.0038194142466986647,0.4775482662226824,0.19563078411981466,-0.1402651648556154,0.11882724231996096,0.009301560686610463,-0.11744250300410283,0.04148183618987906,-0.10599497460266748,0.12182585350621787,0.07746135031966461,-0.059836867196251475
0.09411495043978813,0.44693757680563934,0.6975855009514612,0.23868481674440617,0.15316925315502697,0.5125503519268308,0.40759705023699394,0.2923583558040863,1.004258785782727,0.23871330462899604,0.31265381104319423,0.2918980849130158,0.22548124856622886,0.38863091088240775,0.14777176242842804,0.27439347808765596,0.3856860289375632,0.3399969398838537,0.4072447961675227,0.3859241433606793,0.32485389972114986,0.5570712745816203,0.4506884057509178,0.3273252312349377,0.27179373682127383,0.5220520734099104,0.46764151106493157,0.4532757738958084,0.43285771052811284,-0.05269208724643405,0.26526786407740316,0.3586545052438292,0.442523776507804,0.3622381561404616,0.21176856778577802,0.27189902851808345,0.2826712629875328,0.21704846629996433,0.14929575870205353,0.08086560649352127,0.2878624132294556,0.3122871290407174,0.5157243000052638,0.11500350691069493,0.29857589253131805,0.3584012278851458,0.16757863907764808,-0.012767740081060904,0.18780495511348283,0.04091925798730077,-0.011802577730242179,0.04078602303125556,0.12657325415397563,-0.17312683585897823,0.03120812672992651,0.16836740324961552,0.03320699432408127,-0.008029596282675598,-0.2441847640620405
0.07764135004760818,0.5756478667251568,0.5350629858580007,0.3098882501573233,0.39874413488988836,0.11738520828622104,0.5315469888598346,0.3797690148423797,0.23871330462899604,1.1349383861753977,0.18914547746536597,0.29746840106952677,0.15809475162213127,0.26746549981078777,0.4312642588707544,0.302913864946229,0.4530065913799617,0.456401765763209,0.25826570727413395,0.27645326026393774,0.24118229851661385,0.2786236758817424,0.5040786318711233,0.2930165255561488,0.35797231095313964,0.3176862103711596,0.37422735190280926,0.4494172957335848,0.4693622875671784,0.1199660676649708,0.249359229654951,0.2581959420975059,0.28553978274843167,0.3177239473521197,0.22621793920092265,0.333882630801594,0.3102629558124012,0.15903808022334523,0.17189977632331332,0.09263570941674922,0.43767140040645786,0.2586758294846841,0.31010602224841705,0.11614965721969628,0.1990329432192473,0.3586581868351517,0.2480806282507343,-0.06279479548353889,0.13669133377677062,-0.020757389190992254,-0.10115588378086193,-0.05789155655138879,0.14520247949905482,0.09366684903836227,-0.08641003610386123,0.0007567812277641485,0.07012723502034124,0.0572154934595871,-0.06927091621719643
0.05576191273645507,0.36685389167646987,0.39202487128712055,0.2720205589201351,0.2945282611583726,0.39528842853354856,0.3293988483728197,0.36471338633125067,0.31265381104319423,0.18914547746536597,0.5850226150113877,0.3490562887770759,0.21425321686954005,0.25883049573183575,0.3196608500076556,0.25240431796345675,0.3573695604120349,0.3007343278218157,0.21428152207576714,0.42189022082591404,0.290369702605234,0.2698307667646312,0.31025495016705334,0.25782960356563395,0.2740957586076018,0.37749211278068184,0.2738663665413526,0.38049157760879376,0.4041733790607118,0.04405356493878985,0.23002700029350287,0.2558955225679842,0.23963391197016343,0.3166902604435689,0.3265185562249853,0.1820088352784219,0.28291029841378157,0.22284572606579406,0.24876670799832115,0.15766029120029937,0.26949960522522504,0.28326695151295256,0.33681461330583307,0.11924762521837838,0.2915176226189188,0.27800908456971646,0.18192056783137953,-0.003948089238533631,0.28583659189159,-0.02822069275319868,-0.06066542398344974,0.05418988684186265,0.10158913682952511,-0.030872915682125242,-0.025280942167442342,0.014598945735674796,-0.03121567851305818,0.12832907378479214,-0.12878688863638063
0.06502574943146586,0.3643886999557109,0.34341083334815625,0.32494669409836285,0.3567216744239418,0.30666944821412323,0.4689727868883402,0.2127705617176437,0.2918980849130158,0.29746840106952677,0.3490562887770759,0.6724137620606175,0.20209101093672796,0.3182497997058799,0.3010265555516843,0.30958879938921025,0.33241593336011505,0.25567911175336616,0.2298649457512655,0.3618818853851256,0.25054821103770986,0.2820878722184654,0.3254942980551122,0.25193365492896225,0.3386398502533661,0.35562186498073994,0.24765266760791832,0.26965844480318646,0.43290659460537095,0.029873906047941497,0.21245201605262368,0.31430438085785967,0.24783285813552772,0.3486636198117295,0.28093130467106453,0.2138339215820238,0.1914489267204003,0.20527096844515913,0.19413661458726653,0.12889855985304588,0.2584491858022361,0.25299900123229174,0.28045678551233943,0.09956263556328497,0.22577376585715792,0.28147667109905977,0.12061485477156386,-0.012213030454319354,0.4775497737566973,-0.13908807287337385,-0.03271478393321194,0.07286332085614507,0.08011105117492907,-0.03199473410166436,-0.053904048473770776,0.12408279301028373,-0.09606700371609027,0.14831302085479545,-0.27117146057042807
0.033491922340110114,0.24468893950744663,0.25155504461053946,0.18014087212243235,0.21839433579687603,0.23452829908924375,0.19788395419045723,0.22956776955136515,0.22548124856622886,0.15809475162213127,0.21425321686954005,0.20209101093672796,0.374163703072446,0.26331838934305474,0.09869995996247444,0.23348424620463376,0.22576639664352904,0.1843844513637957,0.22187891306820787,0.19841737770002507,0.18651998452165733,0.25555595091371314,0.19606235853648205,0.21127138078797225,0.16193956529583572,0.22978154981250948,0.18660270189049502,0.20600531347715736,0.29379839966983634,0.06375435955652704,0.14867111732986202,0.2409940669439521,0.21632803514190047,0.2321537084001676,0.22083847406752166,0.11946752341982834,0.1999751871366557,0.11310531622192596,0.17729623619600177,0.09466681900667417,0.20893896781769877,0.1882882989515001,0.279503024491683,0.10605750612521092,0.15736725994676654,0.20761424447124002,0.12384299865202748,0.0032603636749076446,0.3286825701273139,0.1674756457636492,-0.01832456822556971,-0.1333020686141688,0.03290861744001036,-0.04271038965646763,-0.04054377115320508,-0.035969117561154736,0.010772638087272949,0.03289924182409136,-0.0036490349213430242
0.06082288119287833,0.3148408146833658,0.34467910798830675,0.25433291793029467,0.3057764240234536,0.31495032968161657,0.33050028116567737,0.27665418899977495,0.38863091088240775,0.26746549981078777,0.25883049573183575,0.3182497997058799,0.26331838934305474,0.8283250335457955,0.21994393082921435,0.4593706237294369,0.3377496673824917,0.2516482851636003,0.29415595063849215,0.40916239059763837,0.3337645886755133,0.39721073888340186,0.3565346902581443,0.3543269907711598,0.3046454344158961,0.5022441219293104,0.2635982222617713,0.2621043136907846,0.5362590063902241,0.11191221464555229,0.21363933226746687,0.6014996863241642,0.2584615131077357,0.548202177466259,0.3232266601352531,0.23613026929978664,0.14550228923883388,0.24472074365785784,0.09436938599238762,0.14254921607304955,0.4136890809391124,0.3323814687176259,0.4786549274921959,0.08778423267417108,0.21742052803142367,0.3378599728358121,0.14273704401619433,-0.021919543755438278,0.6623427741181277,-0.056602557592312225,-0.04607776736018022,-0.4442212774702675,0.6375309602237001,-0.04511046021505853,-0.07508598792431165,0.0018936873474937757,0.13732273095792016,-0.01853645123744937,-0.06003075131270297
0.08733156378041504,0.6101156042678771,0.4380966008681458,0.28817866532572145,0.3473702223261801,0.3674533671075028,0.22171420061596833,0.3372431104933757,0.14777176242842804,0.4312642588707544,0.3196608500076556,0.3010265555516843,0.09869995996247444,0.21994393082921435,1.0358479461788903,0.22430283782564273,0.35590976206660807,0.43235016124606673,0.18356485597350128,0.43131685383339435,0.3054406259313236,0.14448711236251363,0.4866612847432684,0.3153541801783692,0.4168842253547901,0.3192705510708495,0.2710701755871794,0.473697055518265,0.480399384866501,0.31676827937481394,0.24830700859858643,0.19944728100764625,0.2279827592342784,0.3964583324487934,0.2685760683440301,0.3063354329112432,0.37605988799303713,0.22959311149247102,0.24985481385793099,0.13083623906715125,0.4129771970702316,0.3013305869121846,0.3268515452999175,0.11470411609862073,0.21353859704687622,0.3466530174913217,0.34145779602475895,-0.04450598005064928,0.3801502273440831,-0.18515916108952876,-0.1574382483926059,0.16522316338350224,0.25983409780416217,-0.010241635569929927,-0.08663178487671969,-0.012700278059209168,-0.05247873704633935,0.20408748732561052,-0.020150089302527215
0.054525879982550846,0.2814130096450865,0.281740665635435,0.2710416307626632,0.3407945283259707,0.25955609077891945,0.3323911363782142,0.2507351362652027,0.27439347808765596,0.302913864946229,0.25240431796345675,0.30958879938921025,0.23348424620463376,0.4593706237294369,0.22430283782564273,0.6963290984763558,0.3551460023303433,0.28189228184184845,0.3543362158339835,0.30847164337057925,0.2952624890934861,0.4138084397862672,0.35608024546033756,0.2821225577334913,0.31610187258689315,0.3272411919452998,0.2390788496410491,0.36451841086851006,0.4650499942663927,0.09696733752882293,0.19612633414670771,0.39494114973955335,0.23574777062050215,0.41507650468999135,0.4050709620362287,0.14467320900650463,0.2264442535475534,0.17857154912638865,0.19805436877880203,0.16864748365221258,0.3733849566474001,0.3039341367219449,0.44758548569629614,0.12955165383287265,0.24888177175576912,0.2735924514604529,0.171686502193336,0.0032371331671484423,0.5487656564028365,-0.06146215556723297,-0.05908648809348292,-0.09716890135462933,0.19633111395752037,-0.026701540951307886,-0.033704115910693624,0.015965950794771224,-0.005390175017929316,0.06291266263813698,-0.059177829119159725
0.02601651718800702,0.4268497420958214,0.46435019673214994,0.3161523065056932,0.3271898695199529,0.4105878402960013,0.3552407925412444,0.4534058116277882,0.3856860289375632,0.4530065913799617,0.3573695604120349,0.33241593336011505,0.22576639664352904,0.3377496673824917,0.35590976206660807,0.3551460023303433,0.9897601625496448,0.3571549124550778,0.2900932440823694,0.6137235476184616,0.32859264761376517,0.3763280490571136,0.37232455982123713,0.30321838176109,0.4270082599696863,0.44599711516867674,0.29602496049894655,1.1016013259013404,0.488483627016892,0.03035278633900041,0.27187466498253665,0.29136018908709155,0.510583451205005,0.26533849023783307,0.28523096964594163,0.09513727048425974,0.6116109075827101,0.33420124235673115,0.2417618026070489,0.1347960812168618,0.38649081850079026,0.3543088295153104,0.4096464283163674,0.11029714942394396,0.2654963255317942,0.326781692766238,0.20263612262283107,0.032921507996265385,0.6766854189057864,0.19671351348395724,-0.25796785842483944,0.0478999980953559,0.20627909304168904,-0.07579358528274018,-0.1112094875971702,0.006550633599702855,-0.03785073264656236,0.19264896457912786,-0.05475499314572453
0.08683745168950978,0.5869171806525539,0.43163752777122066,0.3014766065950741,0.3427007342315524,0.24973366833811464,0.4001764497611248,0.33816198021946176,0.3399969398838537,0.456401765763209,0.3007343278218157,0.25567911175336616,0.1843844513637957,0.2516482851636003,0.43235016124606673,0.28189228184184845,0.3571549124550778,0.9233660677300884,0.2902715101891765,0.21872985462827083,0.3456069940508372,0.33275658849259393,0.6134471553611123,0.28063026942554,0.3410192169688577,0.48212246613630905,0.1919822754602036,0.5163303802485368,0.4741509818722129,0.10628167452038759,0.3293146631089604,0.22691895759984537,0.3027068257803504,0.40859806196278936,0.2734001632107631,0.28299065125889794,0.44674540155308107,0.13680910341888025,0.15240572601808217,0.14160345867722213,0.5067680891349848,0.3240610713198095,0.514473990808928,0.061204854838575205,0.32083442486163133,0.37862656094607455,0.4786159829397006,-0.02923391862358263,0.08895275875805539,0.030103494018053078,-0.03122900371467821,0.06562930383043297,0.11857713225689749,-0.057625217517008644,-0.08477944258595588,0.003322288627705738,-0.07961933215684822,0.2918451181035347,-0.12229277790397516
0.07129349373046195,0.3489162494464719,0.49669868878976003,0.15588625579295667,0.12902928549324275,0.2784388944303887,0.26930898630684674,0.26582073514665644,0.4072447961675227,0.25826570727413395,0.21428152207576714,0.2298649457512655,0.22187891306820787,0.29415595063849215,0.18356485597350128,0.3543362158339835,0.2900932440823694,0.2902715101891765,1.5027248448160886,0.29932180576031575,0.30221120147186287,0.4192474147466489,0.19703488300796002,0.3125831242453237,0.2101956610043407,0.2562280385673213,0.15708959418127355,0.3710631271046887,0.359085854184055,0.5060087484825433,0.32834634046214056,0.2808410770694476,0.390206796839314,0.20384130147350285,0.1737110806710864,0.41472737611946214,0.4711906453961172,0.20611260827198102,0.2660160594639429,0.046297993612422005,0.44559625134335623,0.27856336805463744,0.25016253753470113,0.09687929088988337,0.1566482416869661,0.41642811109636363,0.403976838700236,-0.05388129628449749,0.3038618466216373,0.8798120170832042,-0.10119671308912105,-0.27207025888700154,-0.3280816568787758,-0.16342945534646813,0.007192895965174623,0.0060862287311042925,0.012622190571851852,0.04754345159689289,-0.1162981890772832
0.054565001023965526,0.43895079862096265,0.38054946248884486,0.33258836220147203,0.3675058402971383,0.4902676478248858,0.37818897375240235,0.42014190605591567,0.3859241433606793,0.27645326026393774,0.42189022082591404,0.3618818853851256,0.19841737770002507,0.40916239059763837,0.43131685383339435,0.30847164337057925,0.6137235476184616,0.21872985462827083,0.29932180576031575,1.3144066275553525,0.33239791532092694,0.3408103493590548,0.4817937827702355,0.4173033248321754,0.4571945991716653,0.4614335296339454,0.3422405619245046,0.9098196435146738,0.6418173844439896,0.26253102282982843,0.2412526389670747,0.3737860896215932,0.41892943537285887,0.33092546115848376,0.3487162246950055,0.04431207772168032,0.6389590272118889,0.614538425431733,0.2793811518237295,0.2441448682002794,0.3004343481228212,0.37816288012347393,0.676076786427874,0.13528352889072617,0.37990394272605926,0.38642994557166405,0.19700703886635001,0.0048576023322431505,1.0202011849073298,-0.1159831576786377,-0.23758033810542636,0.2231648482226885,0.21378641340042448,-0.09479263519700627,-0.04251272337417408,-0.017982759467226928,0.028283226015711795,0.1522813465309194,-0.06721739598125137
0.06618543631786414,0.44992509303638406,0.37058094526236235,0.21883555734097992,0.24123892972841485,0.3049049213454768,0.3073752806908657,0.28046864759114326,0.32485389972114986,0.24118229851661385,0.290369702605234,0.25054821103770986,0.18651998452165733,0.3337645886755133,0.3054406259313236,0.2952624890934861,0.32859264761376517,0.3456069940508372,0.30221120147186287,0.33239791532092694,0.6098800732801571,0.30132208857919024,0.3244359601152916,0.2884531734200156,0.2801916400615248,0.4222626826068221,0.2977760806866052,0.3132323039014026,0.38463021759335625,0.15110957956691848,0.27883536222983246,0.30776299319573214,0.2915185837440134,0.43527920397580944,0.48300790232501867,0.20662866819835332,0.44487981027256984,0.21051231736410214,0.1627166871176804,0.19447005198148987,0.45203563243170164,0.4941128991559453,0.428350580969652,0.10847341228866506,0.3473844145288796,0.3310723925860781,0.26318337299634526,0.01065862483551036,0.42522738425882384,0.09748698970413201,-0.08076971665862981,-0.06024396821556241,0.11348225749087541,-0.04287020069907328,-0.06960400572768154,-0.03636636296455617,0.004840299024553756,0.10743169155573996,-0.011622974066929212
0.0770008994466861,0.32642346453308624,0.46695985788053124,0.235381223093821,0.21907252629291585,0.3664049896561306,0.37522889014240846,0.2724556891286007,0.5570712745816203,0.2786236758817424,0.2698307667646312,0.2820878722184654,0.25555595091371314,0.39721073888340186,0.14448711236251363,0.4138084397862672,0.3763280490571136,0.33275658849259393,0.4192474147466489,0.3408103493590548,0.30132208857919024,0.8654773689039233,0.47927703792300996,0.2960940088961115,0.30322507516879477,0.3822407584979768,0.3437689969632807,0.32600318384736066,0.473008139442793,-0.01993254838307896,0.20277242364436304,0.37006816478156196,0.3364849528568352,0.39327072748026726,0.362821431652353,0.10731046570752838,0.27501793792327783,0.18477946312225366,0.17043537057786776,0.13454336207180942,0.30684994122019754,0.3021651565284206,0.6257617347397034,0.1305450780616517,0.27850371237237403,0.3112725182358334,0.1581769907772172,0.011220790466207867,0.43938882500132004,0.05092827600224838,-0.018870799621604695,-0.08365331175151,0.09867614785291189,-0.11330703334710589,-0.018712697815607075,0.07612974111164664,-0.026627687266178725,0.07215438196146907,-0.1353820323643551
0.08980474261519825,0.1255768278003194,0.33007217623257296,0.34967707991425634,0.45344933189655345,0.23884812159857144,0.5668264935165782,0.32203479451718275,0.4506884057509178,0.5040786318711233,0.31025495016705334,0.3254942980551122,0.19606235853648205,0.3565346902581443,0.4866612847432684,0.35608024546033756,0.37232455982123713,0.6134471553611123,0.19703488300796002,0.4817937827702355,0.3244359601152916,0.47927703792300996,1.9372349620362856,0.6301262440399358,0.621851564746133,0.21614504059825307,0.31717833785177174,0.40628970914282353,0.8038794833350353,0.37674944043950276,0.17180431176632432,0.2694092335966247,0.5876539638115126,0.5629340226787242,0.3271236654058371,0.325597105481248,0.44270077457230955,0.232167201985101,0.3773104434051111,0.20425570741093158,0.4410759484635969,0.3468091267231367,0.5659672738135969,0.16080790084959437,0.10487668236911703,0.5244258851166353,0.4713027975752399,-0.04612150729782334,0.5594636798083928,-0.12466699214937027,-0.12965430927092855,-0.14229319437261165,0.6844491717017667,-0.15013207845456594,0.02562615835345398,-0.0010668808211700765,-0.07226908197856244,0.10744785797310963,-0.019297884854944
0.04073149464860723,0.30070729516929007,0.3246186548545131,0.2528247567531609,0.278150011495951,0.2770583451850744,0.3490598114885798,0.28897304359270193,0.3273252312349377,0.2930165255561488,0.25782960356563395,0.25193365492896225,0.21127138078797225,0.3543269907711598,0.3153541801783692,0.2821225577334913,0.30321838176109,0.28063026942554,0.3125831242453237,0.4173033248321754,0.2884531734200156,0.2960940088961115,0.6301262440399358,0.9465700519205201,0.3362314050167227,0.20228337129938143,0.3212585297706173,0.30865212353186344,0.5434018658481009,0.716914303031829,0.3366264163113342,0.3180463171393224,0.696441735529481,0.3556959585809666,0.24834957508780478,0.5487191116591016,0.5604681499179889,0.2770147326055281,0.41144576471477046,0.11762647607895277,0.38284078781095254,0.32144036620890654,0.331461731560134,0.15323663246357716,0.21342743737674996,0.4218711093180409,0.4997283148006468,-0.0608365729389955,0.45860797171524786,0.2175704928952446,-0.18424135981194137,-0.1312319741548092,0.28284749829912975,-0.16816086530870272,-0.02474703350055305,-0.1343105523415323,0.06162014557847982,-0.011378245902783597,0.09282530343338997
0.08738306561219175,0.2795593217619893,0.32422949889699226,0.2747363790052569,0.29530056927791193,0.3506209968421391,0.35311869312682215,0.34796496991438364,0.27179373682127383,0.35797231095313964,0.2740957586076018,0.3386398502533661,0.16193956529583572,0.3046454344158961,0.4168842253547901,0.31610187258689315,0.4270082599696863,0.3410192169688577,0.2101956610043407,0.4571945991716653,0.2801916400615248,0.30322507516879477,0.621851564746133,0.3362314050167227,1.0290477435010754,0.20731662464240783,0.2249840767572045,0.5104716677999396,0.6254740592283431,0.2515600689552337,0.1898924677854005,0.26746553715190724,0.2965564193808917,0.5215174596611973,0.37563630703985584,0.16518590578465983,0.3382832237010585,0.2543159224390018,0.3496939282120979,0.18457526301376756,0.33051176325400666,0.28870393484270573,0.4051772758905903,0.1230052466710484,0.2910291322923131,0.3567340129552289,0.27007164382396004,-0.020233125395607746,0.6778916357483908,-0.6183704115552255,-0.07924832597741427,0.29671599604921023,0.4040121087729656,-0.06992295582313003,0.02433919534368569,0.088229218096385,0.05567228834218117,0.01472511969668511,-0.1652308903821921
0.04043098650133064,0.5761186949295742,0.5353222183666514,0.29961598566606035,0.28882973749421165,0.4400714163389925,0.3790135466297297,0.38483802271704665,0.5220520734099104,0.3176862103711596,0.37749211278068184,0.35562186498073994,0.22978154981250948,0.5022441219293104,0.3192705510708495,0.3272411919452998,0.44599711516867674,0.48212246613630905,0.2562280385673213,0.4614335296339454,0.4222626826068221,0.3822407584979768,0.21614504059825307,0.20228337129938143,0.20731662464240783,1.7161422709740448,0.49460691609155105,0.4068432775326149,0.03142638576910604,-0.1025503374671355,0.24919621159602953,0.46549144264558157,0.28288283620510035,0.3175550259347948,0.38272893727258384,0.18401179603569784,0.16989224854867074,0.22058302783267617,-0.6260842342598495,0.01032308675356073,0.5530010478466996,0.42832090923386296,0.8210720096094937,0.029171191252663552,0.23355048181557797,0.3515991466898253,0.08213019270341906,-0.01583947343386016,0.10319717313258013,0.06157096487039832,-0.1784961742854094,0.004082219936674234,0.12334169020501441,0.005667035238629459,-0.17238193243074332,0.05704419589784994,-0.13525998023923164,0.40982047779070246,-0.22264615412038932
0.09178338980594998,0.5961259229484275,0.6791122003153653,0.13637714868901948,-0.04348195807219104,0.32888322219786215,0.3071044173505086,0.34362386654243243,0.46764151106493157,0.37422735190280926,0.2738663665413526,0.24765266760791832,0.18660270189049502,0.2635982222617713,0.2710701755871794,0.2390788496410491,0.29602496049894655,0.1919822754602036,0.15708959418127355,0.3422405619245046,0.2977760806866052,0.3437689969632807,0.31717833785177174,0.3212585297706173,0.2249840767572045,0.49460691609155105,2.4371960383105464,-0.010496233312836075,0.12082579267354485,-0.24771162815187941,0.273182617277357,0.2606350936611561,0.6470778303784364,0.14688934988334212,0.5621436375370491,0.3595696154971514,0.19962921962357827,0.07949446883405387,0.0581763437394584,0.06863183540629068,0.29164107241154585,0.34564958152002667,1.4364761366587082,0.3500500910416076,0.620210172325386,0.3586374380820243,-0.08592272691800323,0.020797395907246444,0.00947437984903343,-0.07333394767064143,-0.07979707816448656,0.020374867119564308,0.2419875181391321,-0.09019146401893298,0.12389848864438498,0.08625140693101042,0.1122057357039578,0.015210018363988038,-0.18581785520480473
0.030880469838413954,0.5027464118652903,0.5422666951097602,0.3797889997616017,0.33173800332758085,0.5531507920037712,0.35267812363270296,0.5647453922107405,0.4532757738958084,0.4494172957335848,0.38049157760879376,0.26965844480318646,0.20600531347715736,0.2621043136907846,0.473697055518265,0.36451841086851006,1.1016013259013404,0.5163303802485368,0.3710631271046887,0.9098196435146738,0.3132323039014026,0.32600318384736066,0.40628970914282353,0.30865212353186344,0.5104716677999396,0.4068432775326149,-0.010496233312836075,5.4715406214136495,-0.06041498204344304,0.08187227355874595,0.3483734522577024,0.25596045753887947,1.0424275744675688,-0.252378548102068,-0.016643828872747297,-0.3611633866012086,1.441296045501205,0.4839589897954185,0.23327897676168743,-0.0304871180945581,0.7240712524978772,0.3490472963445263,0.32596435008038827,0.06348756543651297,-0.1263817966891096,0.07898315444300011,0.2814289906541558,0.19931942024319066,1.532747416205569,0.03620657451766369,-0.738591221582434,1.2473801326407425,-0.25905837381720126,-0.17761262998669394,0.37602345500667,0.017770408490869406,0.1438104525213107,-0.3760177624673512,0.572958563997166
0.12891208867185638,0.6358304291485665,0.5583010188043744,0.393720630596011,0.46610977181782326,0.48813308728019106,0.4864737349978337,0.3828135859583014,0.43285771052811284,0.4693622875671784,0.4041733790607118,0.43290659460537095,0.29379839966983634,0.5362590063902241,0.480399384866501,0.4650499942663927,0.488483627016892,0.4741509818722129,0.359085854184055,0.6418173844439896,0.38463021759335625,0.473008139442793,0.8038794833350353,0.5434018658481009,0.6254740592283431,0.03142638576910604,0.12082579267354485,-0.06041498204344304,3.3324386878480268,-0.028121903600118844,0.2201479771783402,0.532701898769477,0.28530234093106,1.0200265193716778,0.29064110391630005,0.7638789680453468,-0.1593840343583837,0.33431190756913864,0.5415232115520338,0.2888640183462696,0.5378370370193897,0.3638583438296047,0.07682139134603104,0.0068559024496070075,0.3064975246648439,0.6966015456226544,0.17286894550138807,-0.20871707548294027,0.7660447063502319,0.09170812170965267,-0.16908312001567047,-0.23576588689550404,0.24411397921840852,0.013189997191919179,-0.2932426707228162,0.04808069790168672,-0.16296475164960864,0.37040955837287437,-0.15591099178455167
-0.008250946299820582,0.06612799207250825,-0.28386081739712676,0.11726315271383093,0.16413983511141558,0.042936608853420016,0.10147118084359893,0.12232322756165684,-0.05269208724643405,0.1199660676649708,0.04405356493878985,0.029873906047941497,0.06375435955652704,0.11191221464555229,0.31676827937481394,0.09696733752882293,0.03035278633900041,0.10628167452038759,0.5060087484825433,0.26253102282982843,0.15110957956691848,-0.01993254838307896,0.37674944043950276,0.716914303031829,0.2515600689552337,-0.1025503374671355,-0.24771162815187941,0.08187227355874595,-0.028121903600118844,3.5643943332384334,0.4194365822235322,-0.021392445706728016,0.43659180021315225,-0.11261276566425067,-0.09728969659414938,1.338240981565415,0.8073619846213465,0.28150765822134516,0.7784208124977571,0.017196902917566752,0.6278528207820459,0.17898289655812297,-0.4697940322812401,0.14547818642839871,-0.17210586809058873,0.39938218289519933,1.6128985685788142,-0.2780338950502416,0.4557217512721526,0.4306356168914266,-0.40522834562164317,-0.5769197224636836,0.6183210813438991,-0.10206869958743389,-0.04799006571235068,-0.340709615153935,-0.19734325065270802,0.677622805378564,-0.19685970372745976
0.0587634478052941,0.3378373332328287,0.32556345298475464,0.18329043655586025,0.16465307044372413,0.22991254041268505,0.2531640367241371,0.24090058271817777,0.26526786407740316,0.249359229654951,0.23002700029350287,0.21245201605262368,0.14867111732986202,0.21363933226746687,0.24830700859858643,0.19612633414670771,0.27187466498253665,0.3293146631089604,0.32834634046214056,0.2412526389670747,0.27883536222983246,0.20277242364436304,0.17180431176632432,0.3366264163113342,0.1898924677854005,0.24919621159602953,0.273182617277357,0.3483734522577024,0.2201479771783402,0.4194365822235322,0.8531007886230287,0.2125470660414166,0.37121276259266717,0.3125984775365076,0.15392864658386435,0.6487532425746395,0.536058892569275,0.22899408884364214,0.32452975846666454,0.07247603915381377,0.4742960184001834,0.28791581972336766,0.1910303150610591,0.13137563015401935,0.25433279537876957,0.37317970081614615,0.39153836655606583,-0.06780127414278418,0.1530972522646875,0.29569719330587135,-0.13068268401659877,0.09646994384377966,-0.12733592288867518,-0.0813946338746554,0.03901730904242678,0.04932315650318519,0.051712462244311266,-0.011633949436983211,-0.10813688473793696
0.060998463337151414,0.2844009279660536,0.34110540595174327,0.24722099052889718,0.2971431663046954,0.33236774727640633,0.3180606162707797,0.2674887939931824,0.3586545052438292,0.2581959420975059,0.2558955225679842,0.31430438085785967,0.2409940669439521,0.6014996863241642,0.19944728100764625,0.39494114973955335,0.29136018908709155,0.22691895759984537,0.2808410770694476,0.3737860896215932,0.30776299319573214,0.37006816478156196,0.2694092335966247,0.3180463171393224,0.26746553715190724,0.46549144264558157,0.2606350936611561,0.25596045753887947,0.532701898769477,-0.021392445706728016,0.2125470660414166,0.752307626077029,0.1915692997166128,0.47662131162401883,0.31518635014441737,0.14698688913535599,0.09445129768334562,0.2300305494756868,0.07222224851093144,0.1457233498382746,0.34761508959862497,0.30018236298693823,0.43591505600312763,0.08030709721677196,0.23194886613678828,0.3019327612194378,0.06670809220889799,-0.017527982603248768,0.6674744755149306,0.05385353532761003,-0.014756941100482689,0.2299092278417795,-0.28794333199154093,0.02153797212659323,-0.018143120947180867,-0.0018011938888182985,0.33133712939448895,-0.2429846506722819,-0.07027750488773314
0.0314898869682474,0.5188145312496022,0.4066893418446831,0.2677238621084837,0.25102590789963236,0.09020184835257188,0.5056007715751195,0.2619085463562844,0.442523776507804,0.28553978274843167,0.23963391197016343,0.24783285813552772,0.21632803514190047,0.2584615131077357,0.2279827592342784,0.23574777062050215,0.510583451205005,0.3027068257803504,0.390206796839314,0.41892943537285887,0.2915185837440134,0.3364849528568352,0.5876539638115126,0.696441735529481,0.2965564193808917,0.28288283620510035,0.6470778303784364,1.0424275744675688,0.28530234093106,0.43659180021315225,0.37121276259266717,0.1915692997166128,2.2434787361950708,-0.32920255146652083,-0.24254255893408502,0.26472088408857725,1.0722226404173743,0.28873862409995804,0.1900688797720458,-0.10504905794752727,0.006879744705935471,0.3405060746940363,0.3266300431302968,0.06640358500796723,-0.04435830108523841,0.35973801005383393,0.4411816241259617,0.06196982986244858,0.7011478609425666,0.6720258548688193,-0.45084088523088134,0.019732255134968412,0.20841016317730238,-0.43728106528979005,-0.08660664760160068,-0.01652268580061533,-0.17396308058949794,0.22119691573081043,0.12848461599653122
0.0928649415897305,0.34889904129932764,0.43547491164100094,0.25428939332124617,0.3011499283236344,0.40099792961818853,0.3011314445055345,0.30407971638797626,0.3622381561404616,0.3177239473521197,0.3166902604435689,0.3486636198117295,0.2321537084001676,0.548202177466259,0.3964583324487934,0.41507650468999135,0.26533849023783307,0.40859806196278936,0.20384130147350285,0.33092546115848376,0.43527920397580944,0.39327072748026726,0.5629340226787242,0.3556959585809666,0.5215174596611973,0.3175550259347948,0.14688934988334212,-0.252378548102068,1.0200265193716778,-0.11261276566425067,0.3125984775365076,0.47662131162401883,-0.32920255146652083,2.9131780792780497,0.5370594251521398,0.2781572626319314,0.20417871451052635,0.20095145027440647,0.41594292494610197,0.14240643096685476,0.8067559951780426,0.4229327301991556,0.5499228067779742,0.19767122543225493,0.4830231650321988,0.3628895564094706,0.2719590416559123,0.0444339892167214,1.189546724407605,-1.0611650605520795,0.17244884588041703,-0.46969237781006773,1.2827534215062055,-0.07021844134699373,-0.14009550528372158,0.0974562550633264,-0.1006793513352794,0.16878219632890828,-0.10855964795178226
