3.8974396123391912,1.2071605261138767,1.2349272399049218,0.731735272527335,0.9655091344057122,0.6058829975951044,0.7585584970254426,0.6297743274374195,0.34341271093858095,0.64838547100826,0.5490109812606069,0.7181195429089188,0.7158723568701121,0.4844062269035143,0.6516123169351093,0.59041868871532,0.3410049413212063,0.7456137087013915,0.258398168314744,0.3902672807738433,0.4829190513302687,0.47935633819120493,0.511813017231817,0.2529678302917121,1.0569629841940256,0.291415685129946,0.49842765193815547,0.1915160195250932,0.7593722257181521,0.5276544823160076,0.4760325742820214,0.40705351002443135,0.10699682976667332,0.18967177751880934,0.4730014279144078,0.6386782088574705,0.3590871104894762,0.2452577838457581,0.5138266853855344,0.09048354156900106,0.4204052489199572,0.26114750236965106,0.26516968562656157,0.23478551237603454,0.13778595822557402,0.5289909912352385,0.5751259755668818,-0.12960648545678566,0.05766634684380333,-0.3677136343744643,0.02189302035838789,0.5764126985438203,0.1811344833254503,-0.06025625110877375,0.047142887155455594,0.027150123947172665,-0.43365618344296275,-0.10536194972527022,0.16084157985606756
1.2071605261138767,3.1359710607463405,0.8413044819066092,0.2660689526577773,0.46892930959629175,0.44254074587619796,0.615272992206881,0.3556066870657393,0.4537835595475523,0.41950723174380256,0.3849604989195969,0.5562965400851804,0.44082079418634307,0.339537244553615,0.6641848486791307,0.4241800923507109,0.270355065691994,0.2890685168660876,0.03644815345284421,0.34612306016917715,0.4329229865938272,0.3498436460531453,-0.12950390495870054,0.19721917377815606,0.48711453391159054,0.3190441088328893,0.3966708306811863,0.34068446773493116,0.4293456232167426,0.4538938284607658,0.40072685065966873,0.3058041428211364,0.13534128652484637,0.19543592490824194,0.4849575683767605,0.3148204689452517,0.6080842248662623,0.34823950298625395,0.3242677346256081,0.2721774957127346,0.39566469226288753,0.2933694603191723,0.27139816669538197,0.13282117674084984,0.4494536622528444,0.2853841395830832,0.4143098998020748,-0.04701578724709812,0.3408955235074554,-0.1829877391961906,0.16145961364989087,0.8525371404297672,0.02176176254979494,-0.05188446952977384,-0.35805339216382587,0.19652504468575063,-0.29006630580933945,0.27529883442150155,-0.0688980887094542
1.2349272399049218,0.8413044819066092,4.292027098450777,0.6175395076063469,0.10589455497933571,1.2484525906196142,0.8182735197776041,0.9544415554947728,0.989999955351094,0.8933344100402419,0.9367625805206939,0.8670552105004545,0.9390099352494267,0.5867713657976026,0.4951246418467942,0.7354620140048658,0.8542456220460073,0.8069825335809335,1.271570512034279,0.8534993070867788,0.6657712793211172,0.8620968590676872,0.6812269314254217,0.6327342800556304,0.5923384463303095,0.48977803632104383,0.73458808658174,0.39992841092670106,0.9667276457497128,1.0252473553480286,0.6060833224672776,0.61450066295884,0.4911253499950389,0.5293100657122487,0.6476038637110211,0.9652556837464513,0.6809172699994787,0.6886716749366844,0.6394821644885188,0.2941202130651877,0.5912068381382248,0.5904464878949925,0.6184103077435857,0.4655686823876314,0.13304846090346178,0.7925756110880605,0.8712577204174399,-0.1338204531655123,0.523449748197221,-0.029581395393602255,-0.09556182622188772,0.2993140272248901,0.3053510658110351,-0.3709446925165591,-0.2560998426774409,-0.024626126827694186,-0.4791540228827222,0.2692069767618267,0.08321704466652644
0.731735272527335,0.2660689526577773,0.6175395076063469,1.3827176797940912,0.5605155369853547,0.532532453798462,0.4073945100980407,0.440639032737394,0.2632625101903566,0.40664965982374474,0.3964608928144537,0.42853205098155916,0.4817273930884776,0.3382957961465214,0.3455444937639217,0.42307375621317816,0.38661168640775967,0.5104194546266807,-0.00937396468746991,0.31125074073470105,0.3384201150394709,0.3230969017611556,0.4645197596918941,0.27561022469501595,0.37393374629142223,0.2454087593638889,0.33536707320910664,0.20321690293231542,0.44274810440027745,0.3720912262898263,0.26065102429787124,0.201436127295702,0.15383519243508462,0.3709566461431452,0.3190902845415671,0.39262299002523054,0.3424798236667707,0.3779188223143541,0.20385139041340739,0.14931092188425818,0.2714002884788168,0.18922596439614414,0.399647310551966,0.3161952011482921,0.00011765908956663522,0.2646384415059705,0.4260095391316361,-0.034325827149635425,0.2623639825728617,0.14543479969287146,-0.07378123055140362,0.6216150905460321,-0.11940317910818672,-0.13569737718861188,-0.10911927181724677,-0.12527476044043948,-0.5740821604557657,0.13540702019591466,0.5754197409993134
0.9655091344057122,0.46892930959629175,0.10589455497933571,0.5605155369853547,1.407054989722614,0.2703485007701165,0.44988308276787603,0.32051626308501907,0.13566628823827911,0.2515192805778579,0.2737360098345158,0.4102209896790539,0.42915867484223724,0.2703917947729231,0.2912864011070517,0.3364701440983237,0.15885119856697313,0.326643460213778,-0.06919972664428971,0.15935848713669734,0.23211064894668731,0.2112253865950704,0.3169111127243715,0.2042119151729556,0.3454085547798584,0.2363373698649504,0.2487531150813057,0.10704997537192198,0.31121854784329456,0.08881481138072872,0.19434428279282892,0.2629979303415104,0.08723162991547734,0.3514882892659651,0.1946419077116967,0.277778481032173,0.1992531963672113,0.16897269427817455,0.09255201781703591,0.09629316699257938,0.1600121094061566,0.18208122787372644,0.13959793682196603,0.19958135754122677,0.010287324289464325,0.17865436771836163,0.27884453061049225,-0.0759034695511888,0.18947149519245768,-0.21892773290468348,-0.0711929080686449,0.5198606686303306,-0.009190263619828333,0.11903475150049792,-0.12564834687980891,-0.054714196702751655,-0.15309006923873808,0.0628403877294579,0.1706721432605104
0.6058829975951044,0.44254074587619796,1.2484525906196142,0.532532453798462,0.2703485007701165,1.3580610453415607,0.5070300509217589,0.6661426943686226,0.5271862421141107,0.4018832902112268,0.6210170213991658,0.6291400516260786,0.6196928586173139,0.513586834972154,0.40371266311989,0.5908962829372861,0.6503140630663429,0.44952888920690415,0.49556526606961016,0.6150363463063928,0.47976614598276973,0.5593666038661977,0.336156216060016,0.3952420151458729,0.5125712386946496,0.5210212289575993,0.5098033514023376,0.2313225823362409,0.7027378042498174,0.43685590724832335,0.40635528031001755,0.48428164518438194,0.15574250008916687,0.46152019660475685,0.4013002705574186,0.5938455854367006,0.28523591666801906,0.49798494733453474,0.3295259618718178,0.29827321528283507,0.2308295190660261,0.48262675976959296,0.42062847213402665,0.2568365530434721,0.2185999107201791,0.43563928936820484,0.44408438097538716,-0.10182852514648616,0.2021697832712201,0.028502822929631657,-0.16545123270678408,0.2935863128360112,0.13740555357352882,-0.10945751357541374,-0.31458371144306807,-0.06747234208516145,-0.32344468073176064,0.40394588452681557,0.024735704196144515
0.7585584970254426,0.615272992206881,0.8182735197776041,0.4073945100980407,0.44988308276787603,0.5070300509217589,0.9086748789692864,0.34385890809376507,0.5023381133826593,0.3694812653719062,0.4362430749528764,0.5977619220184427,0.4714629669980841,0.45832867559088697,0.2034827025241302,0.5063379717448383,0.3925522718516858,0.33519353957878584,0.329835338997267,0.35167420579831504,0.3586815735225432,0.46686808802497537,0.3579385857758162,0.3197684899087446,0.31004444010596377,0.2658694008410139,0.3766975326562263,0.18100408743213223,0.4004410985865535,0.408784973572078,0.273228714884183,0.3794988280739164,0.24518010075068397,0.28954855069368846,0.279281557487258,0.4634433570118746,0.3298729464453499,0.321089588769711,0.3733890674438549,0.11810151630303078,0.2841745289329855,0.3086224303587097,0.25644620749508146,0.24723512092511957,0.11659319011868201,0.32883347593378753,0.3973024648065762,-0.06066950137296551,0.48226936939081594,-0.1273394717984862,-0.0869984599600731,0.48114728966825593,0.1341604835161955,-0.09725132534470016,-0.2886527218275304,0.10190451595316825,-0.19514929255879518,0.3213213823709682,-0.30963281974486073
0.6297743274374195,0.3556066870657393,0.9544415554947728,0.440639032737394,0.32051626308501907,0.6661426943686226,0.34385890809376507,1.027750919527245,0.39246361348596104,0.4163413196604864,0.5406023238130305,0.37762136037658645,0.5823628510687714,0.45668958485178435,0.24959128862802835,0.4764080576480012,0.5108586495958684,0.48544747862867654,0.4296973610211553,0.5028762146601402,0.35333854319732216,0.4262662750815587,0.4378430754416195,0.3802365434513767,0.38593046850795876,0.3457040945522663,0.42802759372177157,0.15857879328136446,0.5619424124373332,0.5450045716710618,0.33591228539695994,0.34856008317603115,0.235938725241108,0.37470199760914624,0.3573627230858026,0.5428085361743169,0.35756219660179206,0.4129927307715555,0.25549729756177475,0.23763900121853865,0.3298479322332628,0.3503816194416566,0.3941942864976842,0.2769726853977054,0.016086538585217892,0.4288994096505613,0.5045494867152626,-0.08242349654075655,0.4220169905757964,-0.06292027604952216,-0.06519819947824529,0.23429671809629932,0.21484858548411026,-0.19109778638698102,-0.1946551446453207,-0.1301280844439043,-0.25103559883637283,0.2671826832787805,0.17486943934541152
0.34341271093858095,0.4537835595475523,0.989999955351094,0.2632625101903566,0.13566628823827911,0.5271862421141107,0.5023381133826593,0.39246361348596104,1.1487562249175896,0.3351977952592623,0.41390800381412957,0.36922686930840415,0.4335379447876484,0.40593848707502367,0.07002206343509539,0.4050270937983026,0.41914678732272836,0.3806896460196322,0.46978029826159123,0.3781234287384484,0.3431403900645577,0.7004094109354954,0.4099841324481743,0.367793826452446,0.004844051957037255,0.24047385821029763,0.3485861281425448,0.2790217811912856,0.30500735658543415,0.661386022505738,0.31977882167593963,0.3579797224414107,0.3857413135772286,0.19981943204182312,0.38371641071723245,0.3827195773171127,0.5110036240206394,0.41751962946785404,0.5473216844020036,0.10028096185887346,0.38276525535127226,0.28376654401787227,0.3721459925637145,0.3987537947130635,0.0831107984187737,0.3114364252728079,0.5018633332452531,-0.025457361637562563,1.0020199251975443,-0.10888193522916728,-0.08414648049937229,0.2775674736758893,0.17078789868121677,-0.18925635776668942,-0.23790373234321818,0.20275788445928414,-0.1716024129003104,0.2709790785966496,-0.3605836144897019
0.64838547100826,0.41950723174380256,0.8933344100402419,0.40664965982374474,0.2515192805778579,0.4018832902112268,0.3694812653719062,0.4163413196604864,0.3351977952592623,0.7615754263246687,0.37880166131714516,0.35841756840678296,0.42683211712642116,0.33356983381283084,0.25528781818604035,0.36768275009000445,0.36665586471333095,0.34749968897417344,0.28043055296590513,0.3533071431146354,0.25244372941311777,0.3556405810605618,0.3290624856526521,0.26919693744379514,0.24333037935022475,0.1682491579371189,0.30932626139095803,0.17019715436489233,0.4472008346316158,0.5930617434576492,0.23991351439520853,0.22154862324994817,0.11019245074495103,0.37345156688826375,0.510787127718791,0.3804447178083439,0.4289890935560876,0.23775419020078103,0.2691263371004819,0.14951863175747065,0.37370782202381103,0.23073882530113682,0.33102101165185255,0.2849933392958739,-0.007656112912858602,0.323382133742759,0.4838484239614363,-0.062222832457592914,0.36575097326327716,-0.25600616718193675,-0.0164261476572471,-0.16091110975981907,0.32787045335427123,-0.09512278691415604,-0.04434266727919609,0.016758412169614843,-0.3108254589334939,-0.04681711397008334,0.28627948527650565
0.5490109812606069,0.3849604989195969,0.9367625805206939,0.3964608928144537,0.2737360098345158,0.6210170213991658,0.4362430749528764,0.5406023238130305,0.41390800381412957,0.37880166131714516,0.6786118255547682,0.4160005974697846,0.5616736104768483,0.4105143176708613,0.27754141126437615,0.45149036824612565,0.48234592202647925,0.40089214995661776,0.39304751897978,0.4886944280693779,0.35010374275844175,0.4221308013458825,0.38767642198637653,0.37335320022934815,0.3111786316933939,0.2814323905156215,0.3918640215326629,0.21246181444299936,0.5290131536461068,0.5359528297908399,0.30960238160844455,0.34840965880267377,0.2559736191053488,0.36017484844891173,0.3728373452621107,0.5239967846502557,0.3743199079286108,0.3860145419756544,0.26147786719281096,0.2042494730987809,0.32223703971684337,0.34888266398274476,0.3406565645060899,0.28006444078083176,0.06317038528063547,0.406399692959691,0.46539946014502875,-0.09199932157209899,0.41930104512585403,-0.10108403128861887,-0.06672248291627339,0.12654792447386726,0.20443573553770192,-0.11966664674995814,-0.24297482600854314,-0.05850497065442096,-0.21682027772576212,0.3001684328684364,-0.006644488991030639
0.7181195429089188,0.5562965400851804,0.8670552105004545,0.42853205098155916,0.4102209896790539,0.6291400516260786,0.5977619220184427,0.37762136037658645,0.36922686930840415,0.35841756840678296,0.4160005974697846,0.8625743275769666,0.43042155724062575,0.4208151822804441,0.35848073951562776,0.5107034602701502,0.41249563900624664,0.2989169926797539,0.31923433573831655,0.389902835073023,0.34418308518487467,0.39741129363757094,0.2876480215194777,0.29290589393059197,0.3315030570496499,0.29644231976413904,0.4185743257595693,0.10859608378579368,0.38968046346927115,0.35294778578023034,0.27031941688052763,0.390438812584741,0.19291704723119021,0.28777430229620143,0.23480212184907248,0.444830064068574,0.2587271022912914,0.31018921710459185,0.29695651939836376,0.14686816462332256,0.2569918417915344,0.3407115177105197,0.25194107080873573,0.18658514820664499,0.1239979652695759,0.3272687046533141,0.37213393524174176,-0.07043413222988414,0.28201411998500014,-0.14289999242875426,-0.07166378155512876,0.25695865604620177,0.2412687682184616,-0.06850625697505733,-0.2793397665507936,0.06849189026126704,-0.25471537314870313,0.2911644018614383,-0.14284438554168852
0.7158723568701121,0.44082079418634307,0.9390099352494267,0.4817273930884776,0.42915867484223724,0.6196928586173139,0.4714629669980841,0.5823628510687714,0.4335379447876484,0.42683211712642116,0.5616736104768483,0.43042155724062575,0.9834276017741569,0.45829256593721235,0.14595308795440798,0.4959605720749681,0.37032889469208924,0.4527160572156499,0.47098128025551145,0.42384748054618754,0.32532747277623625,0.4697012680722538,0.5113038229827616,0.43795107429403823,0.414440404725508,0.2799538076000288,0.4639800184360025,0.1829526391164938,0.6507927752314661,0.551451071559187,0.2980606120635242,0.4371910808235979,0.263955019363025,0.4487698995963629,0.4147243742719898,0.6237660694047784,0.28236900918760427,0.35407067517387164,0.21634312625668647,0.19144544147024364,0.3144913031970058,0.344300984587212,0.336091844311229,0.33874376110695387,-0.11870573479097005,0.4624061078911907,0.4710182910404584,-0.10809777547897248,0.4428451878866246,-0.15989259674709683,-0.0871953997331714,0.20451223171862798,0.270908025549239,-0.14514847490305985,-0.21767842146065783,-0.12699995332699948,-0.21021395210921204,0.21747936074279597,0.13282103143155857
0.4844062269035143,0.339537244553615,0.5867713657976026,0.3382957961465214,0.2703917947729231,0.513586834972154,0.45832867559088697,0.45668958485178435,0.40593848707502367,0.33356983381283084,0.4105143176708613,0.4208151822804441,0.45829256593721235,0.8104692530438513,0.3381731258886413,0.5767424280738463,0.42124572205352895,0.3079186866346752,0.4321009701062958,0.3732912151685553,0.367464899988228,0.44611153232265405,0.38181085033065354,0.3901313263240101,0.3459396609214275,0.2976814358147953,0.33587271463557095,0.2759323026250558,0.4408567404881516,0.6301295948501819,0.2729782072418451,0.31933221830649067,0.2861409683401126,0.3345873547878572,0.40768549132640675,0.4108327122060602,0.4538694094016742,0.43545438796267544,0.27801558673330745,0.2036385318474314,0.4099910588193278,0.33828885973206685,0.4223897661192093,0.4024002770369397,0.06558908109338636,0.3292235477777706,0.5068610135342003,-0.0844028042663898,0.6768842650639558,-0.07586380812283078,-0.09624540611636095,-0.03413268921738206,0.1421751034568922,-0.048558638563957195,-0.24944905193188488,-0.03596180381515987,-0.3190539051388933,0.3424677712988067,0.12382696887134997
0.6516123169351093,0.6641848486791307,0.4951246418467942,0.3455444937639217,0.2912864011070517,0.40371266311989,0.2034827025241302,0.24959128862802835,0.07002206343509539,0.25528781818604035,0.27754141126437615,0.35848073951562776,0.14595308795440798,0.3381731258886413,1.0451127471109785,0.32291499367524074,0.36068186224450544,0.32704713866405694,0.14943661347517162,0.3632178233166244,0.32864402556802763,0.1789495578388895,0.2600488299592931,0.26344096718747617,0.3206053132955112,0.2537410112101138,0.22189923570072326,0.3062483423189096,0.30931614941829116,0.4923793652382819,0.2685528733822649,0.13989888367337106,0.24126284520631805,0.24602843742581695,0.343828296321627,0.31440208508302225,0.5507845716321164,0.3628674707591609,0.17355440197485175,0.12908934871076885,0.3725321132127962,0.26779716566180795,0.3316355027863399,0.305886755846367,0.22688416755706686,0.3149386590487001,0.3993010046313088,-0.08526373435580052,0.1431725536193403,-0.0038890868685115816,-0.00868629677793351,-0.23805638882787056,0.012788341755770956,-0.012999954919909544,-0.2145183314755143,0.017155843759130568,-0.3959387748084996,0.2958369475072872,0.11451967894525678
0.59041868871532,0.4241800923507109,0.7354620140048658,0.42307375621317816,0.3364701440983237,0.5908962829372861,0.5063379717448383,0.4764080576480012,0.4050270937983026,0.36768275009000445,0.45149036824612565,0.5107034602701502,0.4959605720749681,0.5767424280738463,0.32291499367524074,0.7408623903694422,0.4659544474483965,0.34346010217985207,0.3736416852216037,0.42648263325910596,0.35769721445441466,0.5200373030699853,0.3346490424373082,0.36974075218895747,0.3236065176579865,0.3054442104412737,0.4063709983565685,0.237470759045785,0.47348454366062154,0.5578429258678307,0.30235629189586577,0.3686011756047355,0.24341540925329025,0.3649404261967336,0.41031399494760284,0.4646671187085502,0.40358794865586317,0.4084578014791148,0.2963385177934789,0.2159570103305888,0.35295194886446657,0.393716519360345,0.39791991706734675,0.3033075200993839,0.09989790194277613,0.34904995327713906,0.48368866768903984,-0.07914556985892522,0.49726537764641754,-0.10117264478758385,-0.10585529733682461,0.10172743874338122,0.18983246244959173,-0.08705526781307932,-0.23406661585499045,-0.021712442915881872,-0.35016258481015694,0.28791503136833674,0.11997401091599272
0.3410049413212063,0.270355065691994,0.8542456220460073,0.38661168640775967,0.15885119856697313,0.6503140630663429,0.3925522718516858,0.5108586495958684,0.41914678732272836,0.36665586471333095,0.48234592202647925,0.41249563900624664,0.37032889469208924,0.42124572205352895,0.36068186224450544,0.4659544474483965,1.0579848419286022,0.4580963179120366,0.4161772002940676,0.5501598234320907,0.4017179370536584,0.4415788146736891,0.35133862681342903,0.3968288662136181,0.37290006721531277,0.2109635569036824,0.3556361249131378,0.32971058378718787,0.5138241746327281,0.6553196868584954,0.386407323942469,0.2758648774201077,0.43577720070939374,0.3268341667471468,0.3343173390665459,0.48643257728170164,0.7377845949262346,0.43851572127357513,0.4003935164292502,0.1867687027594682,0.3992915663815596,0.3638367239567437,0.42875669846454373,0.39228567497470646,0.1753590392154559,0.47510706224806304,0.6148760528075602,-0.09630586575736327,0.44362993877516677,0.010413718236318342,-0.0037746063824703976,-0.4634426849651989,0.12304795391974324,-0.16472330297634294,-0.18174507028811596,-0.06214295045704147,-0.3034931642080961,0.26716741588880333,0.11988752907244864
0.7456137087013915,0.2890685168660876,0.8069825335809335,0.5104194546266807,0.326643460213778,0.44952888920690415,0.33519353957878584,0.48544747862867654,0.3806896460196322,0.34749968897417344,0.40089214995661776,0.2989169926797539,0.4527160572156499,0.3079186866346752,0.32704713866405694,0.34346010217985207,0.4580963179120366,1.0476114763299837,0.3314093704234516,0.346735227110961,0.3519271460391982,0.3781598607636958,0.641082502765072,0.3022312733614694,0.41437929511815763,0.29640498691236644,0.2987377476068169,0.2341186833289047,0.5031100990752386,0.36342371522847505,0.47534869172436545,0.27525965044022227,0.24684259279635817,0.36774200635639515,0.28285541915024787,0.5636702673930499,0.5132561027033249,0.2842019656933631,0.27406111533497285,0.09101973707490764,0.34821217701045865,0.2371469626039939,0.3015266788012122,0.3826769009578619,-0.012701127237123277,0.5125187087765722,0.5522973792420218,-0.09977425935063006,0.18039000540135772,-0.18761721329136893,0.19855776856162585,-0.318940605468072,-0.03918048610637458,-0.18653454285100202,-0.152158961916606,-0.11738178597337923,-0.26483894694983773,0.16186687817555362,0.1708583204716212
0.258398168314744,0.03644815345284421,1.271570512034279,-0.00937396468746991,-0.06919972664428971,0.49556526606961016,0.329835338997267,0.4296973610211553,0.46978029826159123,0.28043055296590513,0.39304751897978,0.31923433573831655,0.47098128025551145,0.4321009701062958,0.14943661347517162,0.3736416852216037,0.4161772002940676,0.3314093704234516,2.281065668134761,0.39338534397988995,0.31012785776398827,0.4941339197732689,0.20991593311202975,0.35517182674578257,0.40024376385987503,0.29110004678663426,0.3344950774481455,0.3516985705068267,0.4709100224048113,0.4198168106693629,0.33810033340324114,0.36292374079727596,0.45338411785252497,0.16432140741477083,0.044116430241648665,0.5958478865796704,0.24344460960674053,0.4360791381736577,0.21550343375080358,0.11640348217317703,0.2909292100385253,0.34797675532100303,0.25405075475795325,0.163754118730186,0.0887348839307398,0.5152873965541506,0.35879291204346,-0.11874907321723074,-0.15971859731564883,0.7179455368266509,-0.08692562391983233,0.04814624649566837,-0.40302534502379345,-0.22890011406756833,-0.2366751722668209,-0.014749772571644401,-0.07765854340936929,0.3544204366199414,-0.24520809939718566
0.3902672807738433,0.34612306016917715,0.8534993070867788,0.31125074073470105,0.15935848713669734,0.6150363463063928,0.35167420579831504,0.5028762146601402,0.3781234287384484,0.3533071431146354,0.4886944280693779,0.389902835073023,0.42384748054618754,0.3732912151685553,0.3632178233166244,0.42648263325910596,0.5501598234320907,0.346735227110961,0.39338534397988995,1.6282863531842888,0.27192021570713437,0.3450342606665143,0.43154580218028893,0.5076632810788895,0.16293652083796817,0.48223669920724016,0.45732479615373317,0.2882593532552149,0.6604302450315046,0.9150053573573514,0.38467609502269334,0.3797444924822822,0.2616015535545382,0.5781924401211047,0.6793183722324615,0.5722581214902588,0.790432854719231,0.6356037628974914,0.37646274476904146,0.4061413071446353,0.6162355247469317,0.7031376991665768,0.5109333909585315,0.2505988091979912,0.2758785812195928,0.5862265488290411,0.6969287728642999,-0.15883799992906142,0.8709902759935817,-0.32713155284943934,-0.11489764812706209,-0.18098881959483043,0.4533396703746476,-0.13699272850380242,-0.2081179110341047,-0.07272142478916828,-0.08562570914601791,0.35798260683264055,-0.17025329060654226
0.4829190513302687,0.4329229865938272,0.6657712793211172,0.3384201150394709,0.23211064894668731,0.47976614598276973,0.3586815735225432,0.35333854319732216,0.3431403900645577,0.25244372941311777,0.35010374275844175,0.34418308518487467,0.32532747277623625,0.367464899988228,0.32864402556802763,0.35769721445441466,0.4017179370536584,0.3519271460391982,0.31012785776398827,0.27192021570713437,0.7285171479273768,0.34139144399939375,0.3595994514313155,0.3920742635629385,0.2938861589585404,0.25751409722967467,0.2690196330539123,0.3278042564245543,0.3102099562357191,0.5934999648216386,0.33928646656348926,0.2796463190924245,0.4200113056394894,0.18604002123096972,0.292592587482837,0.4656022748479953,0.4939017156608731,0.4900887644678947,0.5340856047570802,0.18387873977140817,0.43625359362453225,0.3406623721382612,0.3497633790212844,0.4731221895632257,0.29591188138727087,0.3419580961040919,0.5083175462647244,-0.055086689590939326,0.3852160854487181,-0.00439145368054898,-0.09131712891881101,0.009997935340618056,0.06620512614244888,-0.09788791917898046,-0.2085101012995385,-0.07330425975302211,-0.3098696736521511,0.21880205427288477,0.16508779411822366
0.47935633819120493,0.3498436460531453,0.8620968590676872,0.3230969017611556,0.2112253865950704,0.5593666038661977,0.46686808802497537,0.4262662750815587,0.7004094109354954,0.3556405810605618,0.4221308013458825,0.39741129363757094,0.4697012680722538,0.44611153232265405,0.1789495578388895,0.5200373030699853,0.4415788146736891,0.3781598607636958,0.4941339197732689,0.3450342606665143,0.34139144399939375,1.080732950910975,0.3849923076748562,0.3881155767440518,0.08532056633430736,0.2700392280678032,0.36835270461700476,0.247032353041907,0.3796836412378388,0.6279356379703919,0.31884945308376744,0.42401803533043864,0.3029950142694106,0.29403269436523,0.4111634797944529,0.4203302614746089,0.4539842032439779,0.4841047417437716,0.5263072099671066,0.1572210652741012,0.37101802583001725,0.29498839053542864,0.4372892843029312,0.43340874509479527,0.09529166845044267,0.32279321275861145,0.5094776335969609,-0.047427308327895844,0.7826879108308129,0.007674095586475133,-0.11898843096047117,-0.07055375460511354,0.24001702723377086,-0.13132383101279044,-0.21568457856375003,0.0674827238656996,-0.24506342549429458,0.2551961826837508,-0.11030884521577324
0.511813017231817,-0.12950390495870054,0.6812269314254217,0.4645197596918941,0.3169111127243715,0.336156216060016,0.3579385857758162,0.4378430754416195,0.4099841324481743,0.3290624856526521,0.38767642198637653,0.2876480215194777,0.5113038229827616,0.38181085033065354,0.2600488299592931,0.3346490424373082,0.35133862681342903,0.641082502765072,0.20991593311202975,0.43154580218028893,0.3595994514313155,0.3849923076748562,1.7352255493235031,0.671833844548606,0.13630332822091143,0.08901545926317372,0.26165030819821467,0.06227639887174937,0.5440388759655035,0.8995024755542724,-0.018574256325644523,0.28624952509892837,0.5560647171892518,0.4661872482702178,0.17594645604657114,0.6840303360020406,0.5220246779482941,0.4728413169472052,0.31110077394799807,-0.0029950873063584395,0.5388331793846001,0.2331025222538907,0.4209964538214932,0.8780288371012557,-0.3976198404776319,0.5328678070571159,0.69687038601919,-0.1482397318431056,0.9503318893474411,-0.6290140065229939,-0.05052938329516481,-0.3623955693801154,0.42223118279614796,-0.12043804759540702,-0.23917902013659417,-0.24077976534010626,-0.21934151422080694,0.29008722461206876,0.22985717418714363
0.2529678302917121,0.19721917377815606,0.6327342800556304,0.27561022469501595,0.2042119151729556,0.3952420151458729,0.3197684899087446,0.3802365434513767,0.367793826452446,0.26919693744379514,0.37335320022934815,0.29290589393059197,0.43795107429403823,0.3901313263240101,0.26344096718747617,0.36974075218895747,0.3968288662136181,0.3022312733614694,0.35517182674578257,0.5076632810788895,0.3920742635629385,0.3881155767440518,0.671833844548606,0.8473532375666034,0.27193586562664623,0.24147991537455465,0.32110836671927123,0.36658723671191645,0.39122035007497963,0.9216107295276931,0.30841746949951626,0.39888438513736296,0.8011512640400467,0.40459432507456244,0.33432936383572764,0.6774352908700668,0.6745861079053725,0.6839490567370515,0.305790879698988,0.19487630773947684,0.38999826924371844,0.46387788923288553,0.4460202746743641,0.6046984778254639,0.07718973356172694,0.5136437661892261,0.6123095046459828,-0.1382308351059549,0.7654590875685833,-0.27808596022487064,-0.19925799304466743,-0.3015845496925627,0.37547325179646746,-0.13181604477782768,-0.25734653450834183,-0.2233429620444864,-0.005449426058612225,0.3206560485951448,0.015820738005982694
1.0569629841940256,0.48711453391159054,0.5923384463303095,0.37393374629142223,0.3454085547798584,0.5125712386946496,0.31004444010596377,0.38593046850795876,0.004844051957037255,0.24333037935022475,0.3111786316933939,0.3315030570496499,0.414440404725508,0.3459396609214275,0.3206053132955112,0.3236065176579865,0.37290006721531277,0.41437929511815763,0.40024376385987503,0.16293652083796817,0.2938861589585404,0.08532056633430736,0.13630332822091143,0.27193586562664623,2.903000389933904,0.2902623479441433,0.3684270259360172,0.17924798865018587,0.7362917717779411,0.009850470172810242,0.4692745553380809,0.27260176438834627,0.16739947609634875,0.42936093193056374,0.1526501108308775,0.6626617603050048,0.00810491951865777,0.4208071438939893,0.05874693592203751,0.14576241407793125,-0.021736188688092663,0.1743989451062684,0.15151673292602744,0.021081925876689396,0.24171530679525471,0.5784248207707702,0.24186171823359415,-0.21029464265085218,-0.9313728914744663,0.09310945926951748,0.039032672908446336,0.5424842560836565,-0.08295398287200652,-0.06278063297596045,-0.09792163953809806,-0.1985788712646869,-0.1862157434696677,0.05369743531440172,0.2758716605180617
0.291415685129946,0.3190441088328893,0.48977803632104383,0.2454087593638889,0.2363373698649504,0.5210212289575993,0.2658694008410139,0.3457040945522663,0.24047385821029763,0.1682491579371189,0.2814323905156215,0.29644231976413904,0.2799538076000288,0.2976814358147953,0.2537410112101138,0.3054442104412737,0.2109635569036824,0.29640498691236644,0.29110004678663426,0.48223669920724016,0.25751409722967467,0.2700392280678032,0.08901545926317372,0.24147991537455465,0.2902623479441433,1.6633711294048443,0.27682122619319843,0.2368112194528515,0.21317561720577188,-0.3651822273538248,0.355707870047005,0.5080592090114989,0.012147816061583048,0.37080536682983006,0.27640501858527156,0.39313460085511576,-0.36202492951462645,0.10437236853331755,0.01168279675331844,0.30416942579072814,0.15596357134086813,0.6041776464911052,0.11480185791666281,-0.09534527400717248,0.0055086265591102945,0.2329452429202773,0.12571754903961166,-0.0523114090946221,0.24440431656872724,0.3355923222310643,-0.19201220747544984,-0.0644149890427514,-0.2757860006361907,-0.07220460578515948,-0.2207302027971335,-0.06625848593351226,-0.0677024397568882,0.3365791799618869,-0.15991675794109622
0.49842765193815547,0.3966708306811863,0.73458808658174,0.33536707320910664,0.2487531150813057,0.5098033514023376,0.3766975326562263,0.42802759372177157,0.3485861281425448,0.30932626139095803,0.3918640215326629,0.4185743257595693,0.4639800184360025,0.33587271463557095,0.22189923570072326,0.4063709983565685,0.3556361249131378,0.2987377476068169,0.3344950774481455,0.45732479615373317,0.2690196330539123,0.36835270461700476,0.26165030819821467,0.32110836671927123,0.3684270259360172,0.27682122619319843,0.8212129389650968,0.20494943452297928,0.4120261053797156,0.4269378300239002,0.31953295639658835,0.35482550283258846,0.2234502699136153,0.33746198636963864,0.3394850819216472,0.6178574424890899,0.2935493995781364,0.3820877272708117,0.15846030007748627,0.24456757220371825,0.2564033840383506,0.3691346673209736,0.38247283482754396,0.10274664443392512,0.09807731590970373,0.40869942692578426,0.33871317663991946,-0.09202708461609561,0.30378082015116703,0.014870191251619385,-0.1171664212567584,0.32850205393807297,0.1840660969033985,-0.11777230291630862,-0.16451527899234425,-0.04295467750231183,-0.12526646178955297,0.19001886705507678,0.016818235330580758
0.1915160195250932,0.34068446773493116,0.39992841092670106,0.20321690293231542,0.10704997537192198,0.2313225823362409,0.18100408743213223,0.15857879328136446,0.2790217811912856,0.17019715436489233,0.21246181444299936,0.10859608378579368,0.1829526391164938,0.2759323026250558,0.3062483423189096,0.237470759045785,0.32971058378718787,0.2341186833289047,0.3516985705068267,0.2882593532552149,0.3278042564245543,0.247032353041907,0.06227639887174937,0.36658723671191645,0.17924798865018587,0.2368112194528515,0.20494943452297928,1.3373745336102623,0.0777303442027901,0.7181887294248603,0.37008298825749125,0.13001926681176684,0.5423685742509535,0.13333695054126402,0.7760651673633764,0.3754038232994278,0.7650326264091112,0.6283406686317488,0.31194877090003287,0.2040077600898319,0.4309398568841405,0.28912564690565296,0.43481492465885463,0.5867585589358728,0.47831859386569603,0.2720879211422211,0.41137188399396263,-0.07173705761144977,0.24503184538463013,0.41249674592359153,-0.1320424418548159,0.5296558814523565,-0.987397321303503,0.0031374909399310997,-0.18177320980348782,0.01342779325363977,-0.19075445078728376,0.22376816612710348,-0.008847978876125179
0.7593722257181521,0.4293456232167426,0.9667276457497128,0.44274810440027745,0.31121854784329456,0.7027378042498174,0.4004410985865535,0.5619424124373332,0.30500735658543415,0.4472008346316158,0.5290131536461068,0.38968046346927115,0.6507927752314661,0.4408567404881516,0.30931614941829116,0.47348454366062154,0.5138241746327281,0.5031100990752386,0.4709100224048113,0.6604302450315046,0.3102099562357191,0.3796836412378388,0.5440388759655035,0.39122035007497963,0.7362917717779411,0.21317561720577188,0.4120261053797156,0.0777303442027901,1.9102187979392686,0.664991239984206,0.1922613181161371,0.36872144311963867,0.0951878141290535,0.6619291361597184,0.3904072241210825,0.8295807509115362,0.015861241691462778,0.11270983316664548,0.018602964424217595,0.31516814466350956,0.2898415063169473,0.39391168581385616,0.26938288192819426,-0.0752934792481816,-0.3096208142332423,0.5906164907546253,0.5827155808438039,-0.23238756801476385,0.5013005056138277,0.03257995087244596,-0.18720912738052026,-0.2150964441429223,0.16015076452355054,-0.07049905588216225,-0.15565072989164064,-0.18018921490749967,-0.31733521399586095,0.19931455971235718,0.2991897379338405
0.5276544823160076,0.4538938284607658,1.0252473553480286,0.3720912262898263,0.08881481138072872,0.43685590724832335,0.408784973572078,0.5450045716710618,0.661386022505738,0.5930617434576492,0.5359528297908399,0.35294778578023034,0.551451071559187,0.6301295948501819,0.4923793652382819,0.5578429258678307,0.6553196868584954,0.36342371522847505,0.4198168106693629,0.9150053573573514,0.5934999648216386,0.6279356379703919,0.8995024755542724,0.9216107295276931,0.009850470172810242,-0.3651822273538248,0.4269378300239002,0.7181887294248603,0.664991239984206,3.8830659855680367,0.3352519492011408,0.23729899498058704,0.610759329712899,0.178907833555659,1.6598790066616318,0.607821253256873,1.6062177870505987,1.2161139648969879,0.9914150530424064,0.4652302609749598,1.5752477342917703,0.6612012525663843,1.4337654241055118,1.4798086067150602,0.4795730006391104,0.6997676951817178,1.5384160249528602,-0.20552021579472268,1.983392447234722,-0.8813394890860896,-0.2348054066968364,-1.0839069560833021,1.0503904867972251,-0.11533888060586965,-0.1524486673667305,-0.0815162580392925,-0.40342989645742605,0.6564495750475343,-0.0906380345405668
0.4760325742820214,0.40072685065966873,0.6060833224672776,0.26065102429787124,0.19434428279282892,0.40635528031001755,0.273228714884183,0.33591228539695994,0.31977882167593963,0.23991351439520853,0.30960238160844455,0.27031941688052763,0.2980606120635242,0.2729782072418451,0.2685528733822649,0.30235629189586577,0.386407323942469,0.47534869172436545,0.33810033340324114,0.38467609502269334,0.33928646656348926,0.31884945308376744,-0.018574256325644523,0.30841746949951626,0.4692745553380809,0.355707870047005,0.31953295639658835,0.37008298825749125,0.1922613181161371,0.3352519492011408,1.0408526619054697,0.3273165176590304,0.3536301469581837,0.1955110278976198,0.37363460177889146,0.7040849870288663,0.4610763502028771,0.4535535413390081,0.25632404679778875,0.17648024341607194,0.23550463028637855,0.3470688730634151,0.24894088293985012,0.1904034454749163,0.37804528004028026,0.48895966151676334,0.3760869945487058,-0.0901560413657372,-0.2229915446634256,0.050434219226111805,0.03930770365572555,-0.18153303303953336,0.07023706444692474,-0.17313598084096196,-0.1509342093289056,-0.0430256662878051,-0.015669338017991648,0.1272286575643592,-0.11013948673350968
0.40705351002443135,0.3058041428211364,0.61450066295884,0.201436127295702,0.2629979303415104,0.48428164518438194,0.3794988280739164,0.34856008317603115,0.3579797224414107,0.22154862324994817,0.34840965880267377,0.390438812584741,0.4371910808235979,0.31933221830649067,0.13989888367337106,0.3686011756047355,0.2758648774201077,0.27525965044022227,0.36292374079727596,0.3797444924822822,0.2796463190924245,0.42401803533043864,0.28624952509892837,0.39888438513736296,0.27260176438834627,0.5080592090114989,0.35482550283258846,0.13001926681176684,0.36872144311963867,0.23729899498058704,0.3273165176590304,0.7246827146634692,0.17416347216674413,0.27321159903098513,0.17373638401189173,0.5532155862625597,0.026339454929342424,0.22925948702860213,0.2619923613118985,0.16410890872148853,0.24812402038880815,0.409359621008757,0.05183040622003289,0.13904887002869168,0.03915246541416858,0.3959402634898001,0.33913810091002927,-0.10748922407934994,0.43451094716094574,-0.03417851525407161,-0.08586140575270165,0.12441876129152414,0.09629231293589537,-0.08713070476409651,-0.25273036843993957,-0.02427161991901854,0.3943263494044958,0.2540868546280613,-0.6084163951895039
0.10699682976667332,0.13534128652484637,0.4911253499950389,0.15383519243508462,0.08723162991547734,0.15574250008916687,0.24518010075068397,0.235938725241108,0.3857413135772286,0.11019245074495103,0.2559736191053488,0.19291704723119021,0.263955019363025,0.2861409683401126,0.24126284520631805,0.24341540925329025,0.43577720070939374,0.24684259279635817,0.45338411785252497,0.2616015535545382,0.4200113056394894,0.3029950142694106,0.5560647171892518,0.8011512640400467,0.16739947609634875,0.012147816061583048,0.2234502699136153,0.5423685742509535,0.0951878141290535,0.610759329712899,0.3536301469581837,0.17416347216674413,1.9629268834432583,-0.06631236175131973,-0.5368654787006331,0.4155716411225636,0.9923403352250896,0.6955720981117791,0.4823092144215823,-0.10169137192724549,0.07964672343011361,0.39949922975224716,0.2738764525733391,0.6516828762388358,-0.0029928781101188195,0.4543519020652551,0.5521575823024992,-0.10153189402433255,0.8973199659238809,-0.14748402484663042,-0.28917156254646814,-0.3309320101816451,0.1306640139384733,-0.21774890071491404,-0.20519416929446002,-0.13336716720724318,-0.11062581678343382,0.2514984883965288,0.06975512120380488
0.18967177751880934,0.19543592490824194,0.5293100657122487,0.3709566461431452,0.3514882892659651,0.46152019660475685,0.28954855069368846,0.37470199760914624,0.19981943204182312,0.37345156688826375,0.36017484844891173,0.28777430229620143,0.4487698995963629,0.3345873547878572,0.24602843742581695,0.3649404261967336,0.3268341667471468,0.36774200635639515,0.16432140741477083,0.5781924401211047,0.18604002123096972,0.29403269436523,0.4661872482702178,0.40459432507456244,0.42936093193056374,0.37080536682983006,0.33746198636963864,0.13333695054126402,0.6619291361597184,0.178907833555659,0.1955110278976198,0.27321159903098513,-0.06631236175131973,1.8756837300408586,0.812720117961258,0.4544288934905139,0.5938232869900888,0.499362036000213,-0.37615459333610546,0.2561278709073883,0.2040478625421858,0.4535958448918007,0.5413660302404443,0.2850209777566576,-0.15713310565035407,0.37495243238972453,0.5062074954981711,-0.11367842848536779,0.22478186312144754,-0.4128438858206389,-0.08689891562231598,-0.40274932002594843,0.5175357228220089,-0.04119946903014065,-0.2419555220455217,-0.10718052703137765,-0.261012025794897,0.1369343471925245,0.4079594445182918
