1.1262886879171603,0.24491012533749656,0.1793879316710013,0.2208529231932057,0.45390439812141387,0.19801120814810427,0.2820241852379501,0.21580315171669645,0.1284720084647271,0.19500484491601747,0.20135409610649502,0.22579530485446628,0.20932302872649838,0.19668938124646998,0.13910100824062385,0.15602225251100962,0.1657489119327081,0.1784582007515143,0.028909158479547826,0.06544381571116402,0.15847893183410336,0.2159371536494988,0.1073311395809633,0.04711616486643883,0.1467591308858391,0.16734206129667525,0.1725309202063488,0.04698666511637869,0.09421360655316668,0.07906472109118078,0.1151183405752467,0.181900280916217,0.12840532011592484,-0.12809721121410583,-0.04968876633355926,0.11315701684107624,0.12536722161461414,0.25475709702374494,0.11263679836743086,0.1345549779647128,0.17717455348766398,0.10302670261291862,0.1583955468335061,0.039034636124029555,0.19904058024974758,0.06068261198499565,0.10602591791987095,-0.02382752582119977,0.1386528916108853
0.24491012533749656,2.248613098639592,0.22454003518098922,0.04032587390667125,0.09823366295847231,0.6089729004805284,0.20435440386506792,-0.03148563730485603,0.24435250657940663,0.07110649750305009,0.20316370236719622,0.1877708241248871,0.247129076903014,0.1338967367033213,0.276905309968287,0.08321884313038794,0.27819559168622066,0.27277149405487283,-0.23003783605155337,0.04881734244021287,0.17370400442245892,0.25521179951780953,0.06522733320074167,0.11061351129383168,0.18616159791851256,0.048012473241535965,0.2021773030905405,0.11184906354839345,0.4609439451369047,0.09457261904192586,0.22532503636218995,0.1688148301677486,0.1145259324246895,0.20206703197158438,0.0685304872581222,0.13173803627421452,0.4695640033216961,0.13810166474906424,0.3073923015813289,0.019258141395871002,0.06156515195734877,0.079997850467667,0.14078184774765173,0.018940769194226707,0.18405761270268856,0.14215025448062613,0.24720481628402072,-0.08758232096819973,0.25776748632872887
0.1793879316710013,0.22454003518098922,3.0120555816094043,0.07198014040262772,0.05904652683266072,0.25851849512368535,0.1662344095275573,-0.05028333917930591,0.22361256605436097,0.10589858595360614,0.00919555283483994,0.19440172936867867,0.12804180440266905,0.013517591719840644,0.15814869497730633,0.09242072200774486,0.2816503679920624,0.13577114637077048,0.07674047561111604,0.019286901813681097,0.07644518944491754,0.33534682228021345,0.20358989466952404,0.10124146130324216,0.14254883367987375,-0.0611524585668534,0.12950999743509273,0.08576294625156697,0.09491656269028075,-0.5567940534943284,0.0535885541299833,0.087793439284596,0.24305459418267122,0.2854270249390027,-0.09616862900411667,0.421875998175239,0.3719798956900355,-0.05908994409051325,0.047478161371440404,-0.7944061441850416,-0.07357507684332078,-0.00877440750010746,0.010117203407887576,0.025094557365268153,-0.2900423414796762,0.7751719211356927,-0.14691155890411484,-0.5572913266682059,-0.9787588634599048
0.2208529231932057,0.04032587390667125,0.07198014040262772,0.8089093017227257,0.7422284652773492,0.36701084088154257,0.33521855792783245,0.43188600107350905,0.19523872488936714,0.38097327928423136,0.3576731621495739,0.3841176642530167,0.38461892619280613,0.32021864100236935,0.2091786448462363,0.3069987095556268,0.2736909236465558,0.34286165848774086,0.005050133407772692,0.35523828002170615,0.2349710304164549,0.4224681252192434,0.45330315466776694,0.2738617024581606,0.3363789135345556,0.2959001710035622,0.29520758905482597,0.06587863695756452,0.4178895436094099,0.11051144889698457,0.1696817067192006,0.3451525271296851,0.1292866046331166,0.40232866348687835,-0.016795501608403117,0.2643409276573795,0.24312116572805625,0.303864478838061,0.3330526012589995,0.17959140386065475,0.15600064445118922,0.2451804977075193,0.28618109354676535,0.061032915057369026,0.0690670130666392,0.1538505989965141,0.269708393092864,-0.10069587916326002,0.4127572283658527
0.45390439812141387,0.09823366295847231,0.05904652683266072,0.7422284652773492,2.1387786828007944,0.18272553785277115,0.32522657924850984,0.6236998164258584,0.31528516943293955,0.43565329312220064,0.43687446070988256,0.564038097261437,0.4541404277468629,0.37657683251057567,0.3099460175009404,0.4545730850844298,0.19172680142296636,0.3928073729678992,-0.08283468798795318,0.26708414355702814,0.25029728678893925,0.4092123305877263,0.5671184485474063,0.27948873736654645,0.3819031598328616,0.4191338085269713,0.3378288839808527,-0.05038305813925923,0.4228611744657384,-0.01642305068015376,0.15084056159991754,0.434837992549557,0.16151886406857094,0.4741921450862503,-0.296677968612923,0.2893680608909381,0.17506393960763045,0.42052880643423896,0.35098927718146616,0.25865490438353156,0.15459452725842776,0.2800206086818954,0.3163974670867452,0.0606664347262859,0.06383128575630558,0.11913213999042535,0.26517157181853784,-0.07563556383247062,0.4309215712038362
0.19801120814810427,0.6089729004805284,0.25851849512368535,0.36701084088154257,0.18272553785277115,1.3535994524402395,0.28041417322758383,0.1736461814155156,0.10886185132878427,0.28460811949503556,0.36932905971434277,0.2912952403450129,0.42712859793181035,0.3601786546137226,0.2766871666573018,0.22503702320947688,0.5079494585007723,0.3429956477428091,0.3905277809848265,0.6741887050534088,0.3210201349234405,0.6024129435590967,0.33247296982599933,0.3144773846250989,0.3137098884073994,0.2681778717597489,0.3345841648520338,0.1284440709437978,0.6336621044335468,0.14751799290019657,0.3040624987052146,0.3806367987869589,0.11250981784391413,0.48185856854849274,0.11890508579792866,0.32012554114680725,0.42598802652550494,0.38024381194360973,0.3579345251993488,0.15188060629854117,0.17027723653697324,0.28514176452483786,0.39376351506251955,0.06819549493792641,0.16740587998612316,0.26728551990427046,0.3486382069707849,-0.1827639928934797,0.47501334298279246
0.2820241852379501,0.20435440386506792,0.1662344095275573,0.33521855792783245,0.32522657924850984,0.28041417322758383,0.763517018513984,0.1674064771570749,0.21803331114594543,0.2624686642888059,0.29332562345090135,0.3528799875450618,0.3143432297493825,0.2162260493047581,0.14317273588111756,0.22261017348763218,0.3201380498727008,0.26845513101538004,0.0007785280708789113,0.23036133368916634,0.23143227891775306,0.44599484761272357,0.3779219383906601,0.2693385924637326,0.27430328041836927,0.23051531294333286,0.2541217636067707,0.14644938184839987,0.29428457757537846,0.12101826452684238,0.18292613045249181,0.2928017906677522,0.2103941560905023,0.3028597262072337,0.07996656461068403,0.2670396650498836,0.2760178172686731,0.2502182520044524,0.2818422722540971,0.10384560711355754,0.16327924820923534,0.2086905917170362,0.23956538923374304,0.04554013603291525,0.02286907480809197,0.17534192527122805,0.16530915974219598,-0.11807642142457406,0.3789161891655461
0.21580315171669645,-0.03148563730485603,-0.05028333917930591,0.43188600107350905,0.6236998164258584,0.1736461814155156,0.1674064771570749,1.3503136049725488,0.07799616705579063,0.5342305259276796,0.5456156356193529,0.38772155939996594,0.47757950977223235,0.40316528981391875,0.18276691387601085,0.3632658421285947,0.30627418389931343,0.41779645686283573,0.19404412093943596,0.6078740400918548,0.24030563710529387,0.4265413515803199,0.5074199742827039,0.32102889780472443,0.4783799864984453,0.3415774775501535,0.3966778055452419,0.35323652418063334,0.5943596213673347,0.33303986437007327,0.24084475958635135,0.35061055768185634,-0.005736316532229544,0.6091491452203176,0.6978901524781124,0.2195390817955685,0.4167021701193338,0.2456121807063916,0.6887382653679709,0.18940639904456472,0.1782912596476789,0.32867301006246513,0.3284141710100753,0.04187655781263758,0.1757293724514427,0.1166675952351641,0.46323505488505773,-0.05101136939233364,0.7896067464948899
0.1284720084647271,0.24435250657940663,0.22361256605436097,0.19523872488936714,0.31528516943293955,0.10886185132878427,0.21803331114594543,0.07799616705579063,0.8204138853675467,0.12982518548374716,0.1429413841041465,0.192365257768756,0.1885635132240495,0.1489708851115748,0.16792804721625793,0.10479402864276997,0.11327079683247586,0.21130396893335227,-0.3250433961552551,0.03743036123664752,0.14678804468592885,0.2287347085162992,0.3401319537453725,0.18396460319332322,0.18767605181110572,0.24323409422466233,0.14646991264479933,0.09652015015070745,0.10970197313649761,0.0017599306407506806,0.0735217902116143,0.18855924867478016,0.19592449208033386,0.16651953549225812,-0.006994893028319407,0.1383564356894487,0.16539104439358673,0.10380275331335538,0.18614928552060692,0.03329506410790681,0.08147171633641001,0.1150909476827747,0.11702684864215443,0.021109066036424776,-0.031877750553352076,0.1131625339701577,0.13193053545093386,-0.06297003871966268,0.1981388755037996
0.19500484491601747,0.07110649750305009,0.10589858595360614,0.38097327928423136,0.43565329312220064,0.28460811949503556,0.2624686642888059,0.5342305259276796,0.12982518548374716,1.0546970130083322,0.3402747614685094,0.3412684252029201,0.3887819768277205,0.30679154388165303,0.15942889804911048,0.3030667073455155,0.3004380061501683,0.3398672662892642,0.19058480621351986,0.518170588776765,0.22233383285781655,0.4590309371964588,0.4094476493124112,0.25227612618250483,0.34135352507170946,0.2563538615178498,0.3511710081084263,0.17027378369231325,0.6378346808733704,0.2625560983371995,0.2155449494430575,0.3245858680259405,-0.06913618436373258,0.5317782779271966,0.3852675280070651,0.27385522440089427,0.24840133540156528,0.280318970739026,0.4428846325520215,0.16838731811212412,0.14554210261916517,0.2661106753331857,0.3100906082653932,0.052654085018593026,0.13016912892792862,0.1810174776014261,0.3301291117934163,-0.13357169156953858,0.5107783687697083
0.20135409610649502,0.20316370236719622,0.00919555283483994,0.3576731621495739,0.43687446070988256,0.36932905971434277,0.29332562345090135,0.5456156356193529,0.1429413841041465,0.3402747614685094,0.6728107481143529,0.37994285344430984,0.5289367120369971,0.3568893682994205,0.32700625466464023,0.31484489652587916,0.4003627574123259,0.40061245392759587,0.12055737240316121,0.47917809510831866,0.2549776923499595,0.47379803539881704,0.4933160125204224,0.3301101703152194,0.41473248735442025,0.2562737453535173,0.3714447567008011,0.27668988742510414,0.5597615937018964,0.25700872075801384,0.24859192928398738,0.3615965000683762,0.16097862755565295,0.4723975812694298,0.3766957463926562,0.25085452409240183,0.41890876840447927,0.2730343342245189,0.5203120819399869,0.16173251908674405,0.1782110833159672,0.29345999203650486,0.3199870591051847,0.023670198122683818,0.13173027220964723,0.16443596492960807,0.3748176044369914,-0.09081813219310211,0.6251734349715123
0.22579530485446628,0.1877708241248871,0.19440172936867867,0.3841176642530167,0.564038097261437,0.2912952403450129,0.3528799875450618,0.38772155939996594,0.192365257768756,0.3412684252029201,0.37994285344430984,0.7439240535455458,0.35103670828494565,0.28717355955807733,0.23970616835473144,0.30877066458669467,0.26372144356312394,0.2950631749782779,0.06402997229633561,0.3079120656793429,0.20548230387670183,0.3266867416678945,0.3986791427208894,0.28234926553189754,0.3879739767336918,0.30195674137299067,0.3512135321283199,0.21736764566877928,0.30040654006952433,0.13508253893248356,0.1666963713364889,0.35488163304761117,0.16447664540427295,0.37695666806288197,0.267461811591284,0.2329756909621453,0.3219808956342092,0.26993970304670273,0.3626589014526893,0.10960114047779339,0.17692489465659236,0.2540533187007425,0.270321786262324,0.041232194703271656,0.08300618000571078,0.11303241776637508,0.25262465276607676,-0.03887284422325536,0.5178086504353698
0.20932302872649838,0.247129076903014,0.12804180440266905,0.38461892619280613,0.4541404277468629,0.42712859793181035,0.3143432297493825,0.47757950977223235,0.1885635132240495,0.3887819768277205,0.5289367120369971,0.35103670828494565,0.8546171003734957,0.3750688652113647,0.18821229538308365,0.3330974818942034,0.34008494712434073,0.39192942616277054,0.08104909114982892,0.4603359990222209,0.2593145893440942,0.6612353768582983,0.49383474746188827,0.34439455128786467,0.39694354765604073,0.20941023021656288,0.41347204042118113,0.2632687215899328,0.6591405536360834,0.25166724369144416,0.24523617443609308,0.41946182057423964,0.18368469229393633,0.4867937167348392,0.32655261134781804,0.32646995571251297,0.3890913072471103,0.2921711716479816,0.5268768000350541,0.16289008438204922,0.16109433124271855,0.28900605990436795,0.3528873733584314,0.025658771461302344,0.09553365250214033,0.24876331245334943,0.36899345543238027,-0.19280234873200625,0.6016590132126625
0.19668938124646998,0.1338967367033213,0.013517591719840644,0.32021864100236935,0.37657683251057567,0.3601786546137226,0.2162260493047581,0.40316528981391875,0.1489708851115748,0.30679154388165303,0.3568893682994205,0.28717355955807733,0.3750688652113647,0.5991322885386775,0.24570322698001296,0.3145475970874871,0.2978289291334224,0.2812203060547611,0.13873668995856633,0.47120561667493366,0.24235550606645642,0.4267352092076466,0.3319971696508515,0.27901348468169784,0.32115942051311147,0.3464261698257768,0.3021489737849112,0.19485416459692556,0.4240065081601807,0.22307436761201846,0.23942612175949435,0.3920673029716069,0.10273269803681336,0.35955903650982757,0.2769900064717704,0.22205510749185517,0.3099811891747769,0.31964557821597583,0.28129933613334374,0.18247364345722708,0.21866648083194723,0.2891395617699428,0.35238618284287254,0.03881658349898831,0.14821905013849263,0.12794590172648573,0.3071761925325181,-0.05568511470434065,0.5506015380120027
0.13910100824062385,0.276905309968287,0.15814869497730633,0.2091786448462363,0.3099460175009404,0.2766871666573018,0.14317273588111756,0.18276691387601085,0.16792804721625793,0.15942889804911048,0.32700625466464023,0.23970616835473144,0.18821229538308365,0.24570322698001296,0.7421201277995028,0.18194072960280736,0.3046800289561021,0.33900019002411874,0.09051289142609122,0.31989536994334744,0.18163469840947452,0.13996198414028185,0.424700421578302,0.23247658520570166,0.3620996817635245,0.1821658583942082,0.20937146990647548,0.17260987523934543,0.34523894728045196,0.14896550284266272,0.1470858381639059,0.20089614277723714,0.15691060808291524,0.3239675690212316,0.1821963840824355,0.17836316047127404,0.3615580401467643,0.07723255112857623,0.2854274390634177,-0.003477032267558498,0.175582632345796,0.19777990699914158,0.14069265354645627,0.00547195008837309,-0.007374111909867234,0.15107981008842877,0.2507665585998087,-0.02800819861053617,0.35355784899798615
0.15602225251100962,0.08321884313038794,0.09242072200774486,0.3069987095556268,0.4545730850844298,0.22503702320947688,0.22261017348763218,0.3632658421285947,0.10479402864276997,0.3030667073455155,0.31484489652587916,0.30877066458669467,0.3330974818942034,0.3145475970874871,0.18194072960280736,0.718889205356815,0.2450947420330411,0.28418674443921066,0.16685875581266685,0.2706768729233302,0.1547256939356203,0.34260263936578755,0.37084762502056345,0.26831372057814157,0.366671381499207,0.25174529527536665,0.30868997974590867,0.26862085575541067,0.3396030062146252,0.2340716877975393,0.17984604701152657,0.3357457765159111,0.09320371426168854,0.36890826646754094,0.428768118507188,0.1982359732606251,0.29272797748840795,0.2017001902013854,0.3116963981828295,0.13279654754617434,0.19732993131764545,0.30361012452427405,0.2609909630362274,0.06637195011549284,0.08577723209006458,0.10123294828874502,0.2858600002556146,-0.033232352234049495,0.4865297158420716
0.1657489119327081,0.27819559168622066,0.2816503679920624,0.2736909236465558,0.19172680142296636,0.5079494585007723,0.3201380498727008,0.30627418389931343,0.11327079683247586,0.3004380061501683,0.4003627574123259,0.26372144356312394,0.34008494712434073,0.2978289291334224,0.3046800289561021,0.2450947420330411,0.8791846824874446,0.3526399430384262,0.21053124530610362,0.4755472895814337,0.2778364373028892,0.6000379829740672,0.3997627005928359,0.34531472148196296,0.35269705172369115,0.22268086471945706,0.31593310263302327,0.31974407327737747,0.46583007987893765,0.20336926601038083,0.32695763591684096,0.3192807889905913,0.32704502647031447,0.3916431022983535,0.2808702298284852,0.27036741542940684,0.5580142435249702,0.34350815781806104,0.3801207927944953,0.060159116716533144,0.2154440077365048,0.27514366405381396,0.3707518697649911,0.03240048740384739,0.11584529507443544,0.2585716647980476,0.33897774039789513,-0.15058691876106362,0.5167458080548643
0.1784582007515143,0.27277149405487283,0.13577114637077048,0.34286165848774086,0.3928073729678992,0.3429956477428091,0.26845513101538004,0.41779645686283573,0.21130396893335227,0.3398672662892642,0.40061245392759587,0.2950631749782779,0.39192942616277054,0.2812203060547611,0.33900019002411874,0.28418674443921066,0.3526399430384262,0.8521518242464208,0.053245905890630635,0.24199458633257306,0.2874946227281397,0.35825190679053615,0.6603496947346409,0.27438774172915664,0.3595117279702543,0.3084355795840254,0.24986023398838267,0.24805972355273995,0.5215968683972184,0.1688666850119355,0.39576232362967717,0.2989605864555003,0.15924011305571253,0.4732285170247915,0.32307144858514825,0.24019459737755824,0.4574290643897026,0.2469571851048176,0.4300964568046692,0.11243112614523415,0.2297971360098237,0.2583962757133505,0.2437840911959163,0.011075575008459519,0.08148535550572214,0.19673164598369283,0.46865373019079903,-0.07048315471491326,0.5378844864697492
0.028909158479547826,-0.23003783605155337,0.07674047561111604,0.005050133407772692,-0.08283468798795318,0.3905277809848265,0.0007785280708789113,0.19404412093943596,-0.3250433961552551,0.19058480621351986,0.12055737240316121,0.06402997229633561,0.08104909114982892,0.13873668995856633,0.09051289142609122,0.16685875581266685,0.21053124530610362,0.053245905890630635,1.3666292684070702,0.4342063885297593,0.1245696901905967,0.15415108054762489,-0.10383380119123786,0.11295366858918639,-0.00020028233201441081,0.07712751059292143,0.103798480232978,0.19585677520274064,0.10977728873280995,0.15354164185597988,0.2557838285701618,0.10283511052623649,0.11316358641374899,0.12241959779124449,0.2506707258506163,0.13295939807210627,0.18541671898034823,0.24142262190235636,0.028947025466679217,0.009103520859055865,0.1859299184295259,0.18028202488263337,0.17409598592102649,0.000972200867579774,0.06617120292193535,0.0877553560594525,0.06202364357311375,-0.0038803233608134787,0.21496832940086394
0.06544381571116402,0.04881734244021287,0.019286901813681097,0.35523828002170615,0.26708414355702814,0.6741887050534088,0.23036133368916634,0.6078740400918548,0.03743036123664752,0.518170588776765,0.47917809510831866,0.3079120656793429,0.4603359990222209,0.47120561667493366,0.31989536994334744,0.2706768729233302,0.4755472895814337,0.24199458633257306,0.4342063885297593,2.549981005724913,0.17913573306878208,0.45243171250354847,0.6163938642214071,0.37677372157180833,0.5953006600941374,0.27820934498600736,0.6240439470463265,0.19273761982751653,1.3738056613497966,0.3925674784904358,0.042819061693053925,0.34871475994693013,-0.3503198193728739,0.8805322782479946,0.6748728849514427,0.20027082436377489,0.585663821950119,0.21154852411564448,0.5725567642034122,0.26770549343152583,-0.17191859119471542,0.5900644596796919,0.5325828670217486,-0.02966116286879232,0.6244347861562646,0.12791011553058804,0.3597296655156447,-0.11485890709323061,0.664600830520987
0.15847893183410336,0.17370400442245892,0.07644518944491754,0.2349710304164549,0.25029728678893925,0.3210201349234405,0.23143227891775306,0.24030563710529387,0.14678804468592885,0.22233383285781655,0.2549776923499595,0.20548230387670183,0.2593145893440942,0.24235550606645642,0.18163469840947452,0.1547256939356203,0.2778364373028892,0.2874946227281397,0.1245696901905967,0.17913573306878208,0.7320703491549407,0.3877666230074982,0.2171259690974985,0.33436936985990473,0.1768704935144121,0.33862849188526334,0.2045741931731762,0.2783231025363348,0.08312829264837676,0.20586966536743478,0.45374536163648327,0.339785071035761,0.4629442520442598,0.15384474779396384,0.10812917785353487,0.2757040430964927,0.41898072312833906,0.5473503049350279,0.38585774781619653,0.26048157262311045,0.3242287169876067,0.29983017908054566,0.45041020255602077,0.09082456088810802,0.2791403990460313,0.11958645208212673,0.28981832217552667,0.02322309222841037,0.5607115483248386
0.2159371536494988,0.25521179951780953,0.33534682228021345,0.4224681252192434,0.4092123305877263,0.6024129435590967,0.44599484761272357,0.4265413515803199,0.2287347085162992,0.4590309371964588,0.47379803539881704,0.3266867416678945,0.6612353768582983,0.4267352092076466,0.13996198414028185,0.34260263936578755,0.6000379829740672,0.35825190679053615,0.15415108054762489,0.45243171250354847,0.3877666230074982,2.583114032610218,0.7118723829200202,0.538070945684363,0.46932131532823906,0.28376279857045783,0.5186326666365989,0.3284727853772692,0.6673542665071751,0.41747630608723296,0.2764907183160194,0.6621005623439963,0.47191343783500334,0.5045071398683955,0.16081483978150038,0.8184585696884875,0.4309663981229465,0.5309386214004604,0.3771560767598647,0.1920573660406915,0.3488450649649187,0.3603734726008034,0.8713007024166958,0.0940679225622313,-0.2392046701756916,0.9668975555374892,0.4284214726743705,-0.992196497729442,0.48566684776802016
0.1073311395809633,0.06522733320074167,0.20358989466952404,0.45330315466776694,0.5671184485474063,0.33247296982599933,0.3779219383906601,0.5074199742827039,0.3401319537453725,0.4094476493124112,0.4933160125204224,0.3986791427208894,0.49383474746188827,0.3319971696508515,0.424700421578302,0.37084762502056345,0.3997627005928359,0.6603496947346409,-0.10383380119123786,0.6163938642214071,0.2171259690974985,0.7118723829200202,2.2153616944738412,0.6445457823278341,0.975060497483278,0.1576626208367626,0.4155842427339418,0.3488754331616173,0.8066108181544773,0.28205667612584745,-0.29605827857285155,0.3714579819091158,0.4180178417125342,0.657224024058884,0.31926458695724896,0.43163993863106614,0.5497186743688528,-0.08425125975656746,0.5332216718363517,-0.07952201994071519,0.36809386399964805,0.31812824072216755,0.154497714991545,-0.05489314296331744,-0.4473227667950885,0.44521727711088255,0.46687166383215833,-0.26647927647681535,0.7653223004816964
0.04711616486643883,0.11061351129383168,0.10124146130324216,0.2738617024581606,0.27948873736654645,0.3144773846250989,0.2693385924637326,0.32102889780472443,0.18396460319332322,0.25227612618250483,0.3301101703152194,0.28234926553189754,0.34439455128786467,0.27901348468169784,0.23247658520570166,0.26831372057814157,0.34531472148196296,0.27438774172915664,0.11295366858918639,0.37677372157180833,0.33436936985990473,0.538070945684363,0.6445457823278341,0.8424845366809502,0.4873574389348754,0.28153292612738956,0.2807245700383891,0.6070152027117174,0.13935519704243612,0.49315263004216836,0.30449497986958973,0.37536407507946523,0.8114366636433288,0.2319799420778679,0.423805423358438,0.2968598925040016,0.6734112714981206,0.3758467935766934,0.280561223181273,-0.003124265630083302,0.378735848592464,0.3670587151774805,0.36619051052536616,0.043926441146005496,-0.06146570126239349,0.17960044325419222,0.3837175036676597,0.0028796632699254134,0.9389371061766164
0.1467591308858391,0.18616159791851256,0.14254883367987375,0.3363789135345556,0.3819031598328616,0.3137098884073994,0.27430328041836927,0.4783799864984453,0.18767605181110572,0.34135352507170946,0.41473248735442025,0.3879739767336918,0.39694354765604073,0.32115942051311147,0.3620996817635245,0.366671381499207,0.35269705172369115,0.3595117279702543,-0.00020028233201441081,0.5953006600941374,0.1768704935144121,0.46932131532823906,0.975060497483278,0.4873574389348754,1.6516837124748347,0.12355918238333384,0.45427774862857323,0.31783375527711255,0.6970841514222547,0.5002141374236001,-0.2772855955464221,0.31268194786776254,0.172899375094108,0.6487006097480312,0.48151034554303956,0.31614804824961207,0.6880105168880898,0.21183240054557062,0.6311960541046374,0.011347195968411366,0.2788621339297939,0.3351615653704244,0.339855649676856,0.08723275826626792,0.07350642690787872,0.2910685951723231,0.4782500665107715,-0.14200933115777428,0.4472732376244799
0.16734206129667525,0.048012473241535965,-0.0611524585668534,0.2959001710035622,0.4191338085269713,0.2681778717597489,0.23051531294333286,0.3415774775501535,0.24323409422466233,0.2563538615178498,0.2562737453535173,0.30195674137299067,0.20941023021656288,0.3464261698257768,0.1821658583942082,0.25174529527536665,0.22268086471945706,0.3084355795840254,0.07712751059292143,0.27820934498600736,0.33862849188526334,0.28376279857045783,0.1576626208367626,0.28153292612738956,0.12355918238333384,2.187414579802396,0.3256282892935003,0.0953222726776955,-0.48692496816337366,-0.21206032034087025,0.3184529703737683,0.5666245158797006,0.05167804933955922,0.1693372045460017,0.20759409342723248,0.06531722290691382,-0.3484957981240186,0.6892219518798346,-0.8686795166699479,0.5125139809344502,0.5787442865432861,0.5143836412150556,0.7545520868090869,0.048067428831323714,0.04521603205415841,-0.1511921138124089,0.07631465223388349,0.2991026203411349,0.8114514205327512
0.1725309202063488,0.2021773030905405,0.12950999743509273,0.29520758905482597,0.3378288839808527,0.3345841648520338,0.2541217636067707,0.3966778055452419,0.14646991264479933,0.3511710081084263,0.3714447567008011,0.3512135321283199,0.41347204042118113,0.3021489737849112,0.20937146990647548,0.30868997974590867,0.31593310263302327,0.24986023398838267,0.103798480232978,0.6240439470463265,0.2045741931731762,0.5186326666365989,0.4155842427339418,0.2807245700383891,0.45427774862857323,0.3256282892935003,0.9619781836550808,0.22647208448976772,0.405288508569605,0.2935263815509765,0.1373383896159246,0.3606918324621029,0.08376010496637554,0.42305411916857116,0.3273400029623606,0.33425863341464235,0.3939383284723207,0.35116836211901964,0.31602674664403185,0.19638962077503394,0.14800491082940231,0.324601941704,0.6715920432604024,0.015016667467800178,0.31515397507622833,0.12225760090787949,0.28985111689788845,-0.1058827966376865,0.5295392863474925
0.04698666511637869,0.11184906354839345,0.08576294625156697,0.06587863695756452,-0.05038305813925923,0.1284440709437978,0.14644938184839987,0.35323652418063334,0.09652015015070745,0.17027378369231325,0.27668988742510414,0.21736764566877928,0.2632687215899328,0.19485416459692556,0.17260987523934543,0.26862085575541067,0.31974407327737747,0.24805972355273995,0.19585677520274064,0.19273761982751653,0.2783231025363348,0.3284727853772692,0.3488754331616173,0.6070152027117174,0.31783375527711255,0.0953222726776955,0.22647208448976772,1.6640886606034435,-0.1617127221147918,0.4900029734098081,0.48616471496696195,0.21401425527059562,1.1642072951493703,0.0809196762159295,1.361938345768202,-0.02062008393007871,1.0024677679804013,0.21851809859576618,0.4141050300571134,-0.16196358674320221,0.22024381872641047,0.3851515101869527,0.2842540294196955,0.008880251670755424,0.07175104705484521,-0.02765894420159546,0.40210023356804725,0.228933153787947,1.1527511900538396
0.09421360655316668,0.4609439451369047,0.09491656269028075,0.4178895436094099,0.4228611744657384,0.6336621044335468,0.29428457757537846,0.5943596213673347,0.10970197313649761,0.6378346808733704,0.5597615937018964,0.30040654006952433,0.6591405536360834,0.4240065081601807,0.34523894728045196,0.3396030062146252,0.46583007987893765,0.5215968683972184,0.10977728873280995,1.3738056613497966,0.08312829264837676,0.6673542665071751,0.8066108181544773,0.13935519704243612,0.6970841514222547,-0.48692496816337366,0.405288508569605,-0.1617127221147918,3.7662940627684067,0.3671907566839741,-0.012312997002319111,0.3131443827167983,-0.857277854712222,1.3796325439886095,0.4818671154564374,0.5190593646267252,-0.28591463349545304,-0.2905018109475067,1.2476140835187166,0.1905572296564652,-0.43099830082851964,0.14317715034496958,-0.2632477641927578,-0.05580044140726215,-0.16001176912411838,0.5562845844255454,0.5166290858820671,-0.6518888912226432,0.672917604771533
0.07906472109118078,0.09457261904192586,-0.5567940534943284,0.11051144889698457,-0.01642305068015376,0.14751799290019657,0.12101826452684238,0.33303986437007327,0.0017599306407506806,0.2625560983371995,0.25700872075801384,0.13508253893248356,0.25166724369144416,0.22307436761201846,0.14896550284266272,0.2340716877975393,0.20336926601038083,0.1688666850119355,0.15354164185597988,0.3925674784904358,0.20586966536743478,0.41747630608723296,0.28205667612584745,0.49315263004216836,0.5002141374236001,-0.21206032034087025,0.2935263815509765,0.4900029734098081,0.3671907566839741,2.2725023858205553,0.41388602867172974,0.16806606262568738,0.1224358355648488,0.1609837052111195,0.8235826780916926,0.33947286975251795,0.7888670186835504,0.5544212822293438,0.5925192960313279,0.18155948393586832,0.7286942130365109,0.3090297402724456,0.827449998678081,0.20371927956201225,0.473140048109332,0.1995833101486815,0.9371122115129654,0.028840723056503526,1.1973986591471404
0.1151183405752467,0.22532503636218995,0.0535885541299833,0.1696817067192006,0.15084056159991754,0.3040624987052146,0.18292613045249181,0.24084475958635135,0.0735217902116143,0.2155449494430575,0.24859192928398738,0.1666963713364889,0.24523617443609308,0.23942612175949435,0.1470858381639059,0.17984604701152657,0.32695763591684096,0.39576232362967717,0.2557838285701618,0.042819061693053925,0.45374536163648327,0.2764907183160194,-0.29605827857285155,0.30449497986958973,-0.2772855955464221,0.3184529703737683,0.1373383896159246,0.48616471496696195,-0.012312997002319111,0.41388602867172974,1.6542103370566068,0.2839299664601047,0.49472526970343667,0.22743377182606442,0.46366912086451456,0.2034719963634158,0.6193050923962922,0.7127988175001891,0.3515006560701252,0.13218524987135732,0.19017888765015184,0.3175091089828663,0.45297861870730666,0.1293239046590077,0.45533695537491786,-0.01891953998448586,0.3859865948397383,0.11380399917845066,0.7109801344394469
0.181900280916217,0.1688148301677486,0.087793439284596,0.3451525271296851,0.434837992549557,0.3806367987869589,0.2928017906677522,0.35061055768185634,0.18855924867478016,0.3245858680259405,0.3615965000683762,0.35488163304761117,0.41946182057423964,0.3920673029716069,0.20089614277723714,0.3357457765159111,0.3192807889905913,0.2989605864555003,0.10283511052623649,0.34871475994693013,0.339785071035761,0.6621005623439963,0.3714579819091158,0.37536407507946523,0.31268194786776254,0.5666245158797006,0.3606918324621029,0.21401425527059562,0.3131443827167983,0.16806606262568738,0.2839299664601047,0.6612849549111384,0.23035007575862942,0.3466200882852105,0.1992507370840712,0.3112142358488024,0.1966546528970974,0.4698494820154405,0.1635527248453347,0.2324789566342112,0.28116631345238147,0.3429063425685938,0.4603782431827559,0.05548794892104621,0.06768051952441206,0.1744348300548421,0.27461042596359514,-0.10858459340055879,0.6348167885094245
0.12840532011592484,0.1145259324246895,0.24305459418267122,0.1292866046331166,0.16151886406857094,0.11250981784391413,0.2103941560905023,-0.005736316532229544,0.19592449208033386,-0.06913618436373258,0.16097862755565295,0.16447664540427295,0.18368469229393633,0.10273269803681336,0.15691060808291524,0.09320371426168854,0.32704502647031447,0.15924011305571253,0.11316358641374899,-0.3503198193728739,0.4629442520442598,0.47191343783500334,0.4180178417125342,0.8114366636433288,0.172899375094108,0.05167804933955922,0.08376010496637554,1.1642072951493703,-0.857277854712222,0.1224358355648488,0.49472526970343667,0.23035007575862942,2.6611012649093913,-0.5824901078563942,-0.2164756231954669,-0.09038408320237903,1.1059062594871902,0.5192641374385165,-0.07928435195557802,-0.316127954934275,0.23681678222573138,0.3256934943068257,0.3140874995819124,0.005847224455663422,-0.34081229085340575,-0.05363732986464513,0.18865990838046767,0.33409838615447063,1.2373273387373354
-0.12809721121410583,0.20206703197158438,0.2854270249390027,0.40232866348687835,0.4741921450862503,0.48185856854849274,0.3028597262072337,0.6091491452203176,0.16651953549225812,0.5317782779271966,0.4723975812694298,0.37695666806288197,0.4867937167348392,0.35955903650982757,0.3239675690212316,0.36890826646754094,0.3916431022983535,0.4732285170247915,0.12241959779124449,0.8805322782479946,0.15384474779396384,0.5045071398683955,0.657224024058884,0.2319799420778679,0.6487006097480312,0.1693372045460017,0.42305411916857116,0.0809196762159295,1.3796325439886095,0.1609837052111195,0.22743377182606442,0.3466200882852105,-0.5824901078563942,1.805389483667976,0.7175948211310601,0.48230087092279833,0.4173441718631865,-0.04835793536214252,0.9176695692813279,-0.05403319662031967,-0.06282701461181417,0.32438282168397686,0.2718765051734948,0.086747029528423,-0.2740440769846056,0.44457593996383615,0.4900082655047829,-0.3683675486335284,0.5057281982866794
-0.04968876633355926,0.0685304872581222,-0.09616862900411667,-0.016795501608403117,-0.296677968612923,0.11890508579792866,0.07996656461068403,0.6978901524781124,-0.006994893028319407,0.3852675280070651,0.3766957463926562,0.267461811591284,0.32655261134781804,0.2769900064717704,0.1821963840824355,0.428768118507188,0.2808702298284852,0.32307144858514825,0.2506707258506163,0.6748728849514427,0.10812917785353487,0.16081483978150038,0.31926458695724896,0.423805423358438,0.48151034554303956,0.20759409342723248,0.3273400029623606,1.361938345768202,0.4818671154564374,0.8235826780916926,0.46366912086451456,0.1992507370840712,-0.2164756231954669,0.7175948211310601,3.058533618465465,-0.09873789351284597,0.7278572562692651,-0.1311595483380538,0.7904279843382233,-0.08396583232168289,0.14726678703520624,0.40863722580950734,0.23683778124559368,0.025529541550051382,0.2889992257769083,-0.043149222541201016,0.588899477363142,0.1728487488381868,1.2478267345764433
0.11315701684107624,0.13173803627421452,0.421875998175239,0.2643409276573795,0.2893680608909381,0.32012554114680725,0.2670396650498836,0.2195390817955685,0.1383564356894487,0.27385522440089427,0.25085452409240183,0.2329756909621453,0.32646995571251297,0.22205510749185517,0.17836316047127404,0.1982359732606251,0.27036741542940684,0.24019459737755824,0.13295939807210627,0.20027082436377489,0.2757040430964927,0.8184585696884875,0.43163993863106614,0.2968598925040016,0.31614804824961207,0.06531722290691382,0.33425863341464235,-0.02062008393007871,0.5190593646267252,0.33947286975251795,0.2034719963634158,0.3112142358488024,-0.09038408320237903,0.48230087092279833,-0.09873789351284597,2.505693295261407,0.0593651321021547,-0.12037527584972463,0.30181845059144713,0.17782642291289086,0.9266035115640262,0.17056860865886747,-0.49404756297460994,-0.050360782232022304,-0.8682964254036912,1.3968592529554702,0.06050536989280958,-1.1803495905298733,-1.2189940902918124
0.12536722161461414,0.4695640033216961,0.3719798956900355,0.24312116572805625,0.17506393960763045,0.42598802652550494,0.2760178172686731,0.4167021701193338,0.16539104439358673,0.24840133540156528,0.41890876840447927,0.3219808956342092,0.3890913072471103,0.3099811891747769,0.3615580401467643,0.29272797748840795,0.5580142435249702,0.4574290643897026,0.18541671898034823,0.585663821950119,0.41898072312833906,0.4309663981229465,0.5497186743688528,0.6734112714981206,0.6880105168880898,-0.3484957981240186,0.3939383284723207,1.0024677679804013,-0.28591463349545304,0.7888670186835504,0.6193050923962922,0.1966546528970974,1.1059062594871902,0.4173441718631865,0.7278572562692651,0.0593651321021547,3.3119634961729187,0.4829851468977698,0.9898986689761736,-0.3640831151528194,0.5005226600947329,0.45842373621280635,0.6995431532860636,-0.00973372131625496,1.1239428119148878,0.2120239553404795,0.7981373532881265,0.18083891510249717,0.8525069177483066
0.25475709702374494,0.13810166474906424,-0.05908994409051325,0.303864478838061,0.42052880643423896,0.38024381194360973,0.2502182520044524,0.2456121807063916,0.10380275331335538,0.280318970739026,0.2730343342245189,0.26993970304670273,0.2921711716479816,0.31964557821597583,0.07723255112857623,0.2017001902013854,0.34350815781806104,0.2469571851048176,0.24142262190235636,0.21154852411564448,0.5473503049350279,0.5309386214004604,-0.08425125975656746,0.3758467935766934,0.21183240054557062,0.6892219518798346,0.35116836211901964,0.21851809859576618,-0.2905018109475067,0.5544212822293438,0.7127988175001891,0.4698494820154405,0.5192641374385165,-0.04835793536214252,-0.1311595483380538,-0.12037527584972463,0.4829851468977698,2.863256778464844,-0.18933760015870318,0.9048622752029922,0.385213017481229,0.4802060561051242,1.5578481947830767,0.23040268409344616,1.7934551905051683,-0.3883116918319976,0.5054305711859821,0.4506900322677734,0.41323402290481687
0.11263679836743086,0.3073923015813289,0.047478161371440404,0.3330526012589995,0.35098927718146616,0.3579345251993488,0.2818422722540971,0.6887382653679709,0.18614928552060692,0.4428846325520215,0.5203120819399869,0.3626589014526893,0.5268768000350541,0.28129933613334374,0.2854274390634177,0.3116963981828295,0.3801207927944953,0.4300964568046692,0.028947025466679217,0.5725567642034122,0.38585774781619653,0.3771560767598647,0.5332216718363517,0.280561223181273,0.6311960541046374,-0.8686795166699479,0.31602674664403185,0.4141050300571134,1.2476140835187166,0.5925192960313279,0.3515006560701252,0.1635527248453347,-0.07928435195557802,0.9176695692813279,0.7904279843382233,0.30181845059144713,0.9898986689761736,-0.18933760015870318,3.405312927917487,0.062052186733773024,-0.17038256005983815,0.09557888197107459,-0.40962444369615436,0.1521907515712271,0.36914301744395384,0.12700345821319922,0.6803013097517482,-0.22655039903158278,1.4486713589143108
0.1345549779647128,0.019258141395871002,-0.7944061441850416,0.17959140386065475,0.25865490438353156,0.15188060629854117,0.10384560711355754,0.18940639904456472,0.03329506410790681,0.16838731811212412,0.16173251908674405,0.10960114047779339,0.16289008438204922,0.18247364345722708,-0.003477032267558498,0.13279654754617434,0.060159116716533144,0.11243112614523415,0.009103520859055865,0.26770549343152583,0.26048157262311045,0.1920573660406915,-0.07952201994071519,-0.003124265630083302,0.011347195968411366,0.5125139809344502,0.19638962077503394,-0.16196358674320221,0.1905572296564652,0.18155948393586832,0.13218524987135732,0.2324789566342112,-0.316127954934275,-0.05403319662031967,-0.08396583232168289,0.17782642291289086,-0.3640831151528194,0.9048622752029922,0.062052186733773024,2.06519799337093,0.11919798438097301,0.31070996699438747,0.4494234620127156,0.02778457158396802,1.2185743225890366,-0.08546087333920029,0.2605342244967203,0.2164066930724198,0.07774582904474647
0.17717455348766398,0.06156515195734877,-0.07357507684332078,0.15600064445118922,0.15459452725842776,0.17027723653697324,0.16327924820923534,0.1782912596476789,0.08147171633641001,0.14554210261916517,0.1782110833159672,0.17692489465659236,0.16109433124271855,0.21866648083194723,0.175582632345796,0.19732993131764545,0.2154440077365048,0.2297971360098237,0.1859299184295259,-0.17191859119471542,0.3242287169876067,0.3488450649649187,0.36809386399964805,0.378735848592464,0.2788621339297939,0.5787442865432861,0.14800491082940231,0.22024381872641047,-0.43099830082851964,0.7286942130365109,0.19017888765015184,0.28116631345238147,0.23681678222573138,-0.06282701461181417,0.14726678703520624,0.9266035115640262,0.5005226600947329,0.385213017481229,-0.17038256005983815,0.11919798438097301,2.571704766162447,0.2824884425922697,-0.1284947647151829,0.020005161417297614,-0.9162464654376276,0.5272866850311122,0.38940607656870957,0.0738939133225578,0.9145120709213153
