0.9879235766983256,0.3599101408351343,0.562400961194807,-0.11869833502374605,0.18185383742278458,0.18805497472093569,0.24560871207585253,0.13289032020539607,0.16197519513083392,0.17375696984029793,0.14443367348310743,0.18030896771340735,0.09278896923694999,0.18412390739884318,0.18898502907290052,0.15379590540666735,0.14816147603872942,0.18737098235904515,0.1895841126692559,0.09216512398336026,0.17970799928783676,0.22268099612317924,0.13816501305580706,0.12516483533129288,0.22420552254774795,0.17208805884659548,0.22424002255673708,0.1855435768180838,0.07379857434166495,0.08513009351253649,0.17841829598996062,0.156303144155097,0.21098854210805223,-0.07329283189221161,0.14816801527479118,0.08786122243857533,0.08590529374244944,0.1860391747252175,0.16497786225135835,0.10302470776689562,0.10445153539807152,0.128695451977482,0.31738928820670836,0.08445720301493816,0.19392344013389703,0.09896418473508051,0.12755670935177996,0.017909375413760902,0.3332704024462319,0.0009593790793121841,0.0025721114564234886
0.3599101408351343,4.102770923522969,0.8510090418636687,0.27885314007062356,0.33701954847135035,0.18638063266291824,0.37805222084649504,0.41248217372516033,0.39781348704955727,0.3492850530676226,0.17046285834477037,0.2547010482354039,0.19816810050849346,0.19065267347027243,0.40905525532625897,0.24367478832194425,0.13412596386490278,0.5395060227354324,0.42439557483760304,0.04468668957131943,0.5694888546818226,0.4401919153269958,-0.5334002407540425,0.15451755857152655,-0.1201245463680965,0.12110734791370023,0.8014152625272157,0.21552882252788372,0.28616221336749254,0.18289339708828214,0.32946447044709354,0.23494089519108324,0.13916377722807466,0.222594224383493,0.18948251287105533,0.3742449801498154,0.6799234739576463,0.5591791334890988,0.0932134843785833,0.2137406670751312,0.4602972380962116,0.4336543253879686,0.9212175355064558,0.21359376606687994,0.7212654335094151,0.22905697855188167,0.29508168845837424,-0.009197849535791044,0.34386532303453077,0.10545544858171159,-0.01704123322313929
0.562400961194807,0.8510090418636687,3.995158744933085,0.29589246076548814,0.3545047451621971,0.862590089152101,0.2797116986540052,0.8792219545871006,0.5279076827989813,0.8332657418291174,0.5674106441531447,0.5689675756249192,0.33172932475312444,0.3984290402593334,0.539357860065089,0.3555729598032787,0.6422781707021091,0.6512150414633754,0.781371995287473,0.43297655811862024,0.5242272788908683,0.6583463787736926,0.23916802326457032,0.4672248755975624,0.3706244809650525,0.41226385040785185,0.835762115530272,0.5686376272047923,0.46429224991333246,0.43931487017810095,0.466029050860821,0.43915644704530155,0.4839916265637336,0.5542932046595831,0.5727987043664392,0.2369537640112416,0.7896998911523443,0.6703868969059342,0.5720387363543942,0.39093599296978226,0.3248101692614711,0.5191500489402483,1.1300693870632008,0.30430129078301743,0.7340230449879993,0.27852533400578827,0.6534213916679376,0.06412591532729052,0.9088682313480091,0.01800151387630334,-0.016823870714835577
-0.11869833502374605,0.27885314007062356,0.29589246076548814,2.2716630759605527,0.3105193738147658,0.22851849226202664,0.4698094412754543,0.2676970611229242,0.20922430086449592,0.27794589107584494,0.1820186523256175,0.35386870723788205,0.17475115177349862,0.45287957037190657,0.221435770472103,0.374136563175214,0.2920764743379843,0.23861636863673708,0.26565825213577615,0.24555091994038294,0.3040076342097066,0.2966443627261578,0.2734717066220893,0.2599961194977266,0.4180980795795229,0.20559257034916045,0.2317632545796184,0.21492146003547272,0.23831071046327917,0.1311383289166805,0.3771712580556453,0.3573937462922315,0.17050499651312254,0.5065225297217041,0.24731519404380953,0.20269038369366085,0.5061938384961927,0.5552787874638202,0.3252142481433505,0.08763635120248146,0.5598457366275001,0.22659834981104499,0.2788546979869382,0.8678159069748944,0.2599769404008632,0.011121812716183548,0.17100599340733708,0.10089968625682243,-0.07751831624790051,-0.016030143201131712,-0.06576355680283018
0.18185383742278458,0.33701954847135035,0.3545047451621971,0.3105193738147658,1.0240820301118658,0.36665149757183063,0.20143623222522775,0.26246763274097323,0.17651862079550862,0.11817025003517054,0.14348602972897304,0.2112533862182483,0.13072568367439838,0.21477111648550148,0.20803828090312265,0.2433181517659422,0.15001286350362372,0.24244131064607236,0.4458171000615828,0.11374183587859324,0.20595832293138933,0.2659490420370268,0.08098454263051395,0.15199247080835102,0.08031526457503627,0.19468958449778273,0.13497531449553726,0.13950226484030004,0.1925509004982372,-0.0525912466546283,0.19119905726318226,0.23658788704008366,0.11321847180882566,0.29568024672294785,0.12843732122052703,0.06151917916434073,0.23375563816796094,0.30305515753395224,0.24028620668324907,0.10613024667426738,0.167506334134609,0.18877405036644263,0.2656406358541015,0.2743125082398682,0.19172468170755205,0.044053969520578676,0.13690564807653963,0.06007705115075734,0.36785743037484275,0.01813426325294233,-0.012501453156281055
0.18805497472093569,0.18638063266291824,0.862590089152101,0.22851849226202664,0.36665149757183063,0.7751711366267421,0.1416619662819662,0.3478889236734944,0.2563665820345351,0.20261825649741025,0.21650546100041873,0.24750286525590406,0.15417107059166024,0.24854574121486891,0.2513126527360373,0.21795777227961668,0.2468503156416909,0.2958358213719121,0.4641296375787265,0.21659844060087974,0.23863944767621137,0.3368720765717,0.08691185860537942,0.22104326531863988,0.17932337649926175,0.2514281575989132,0.24602449618866404,0.22305942583380417,0.25798130006998676,0.15192918018942897,0.20877402614407312,0.2720900085347647,0.15693709711906648,0.31409468272567065,0.23161787337610096,0.059995128465843865,0.3155256562559755,0.3213634683532679,0.3081342054429624,0.1745971778186346,0.0816347079362511,0.18351960302704337,0.4252537026626915,0.22862745923337924,0.3374378539834173,0.07341426257601479,0.31776788329410394,0.04507010220286737,0.5697334375662712,-0.0025285491548184416,0.006714586607365267
0.24560871207585253,0.37805222084649504,0.2797116986540052,0.4698094412754543,0.20143623222522775,0.1416619662819662,0.5854267863286482,0.08549468698996092,0.1733742114653636,0.15322292325618575,0.17793238388297783,0.28411110492476804,0.11519344947756241,0.1292151033615807,0.13258985990313782,0.19505805732754872,0.19061682937554847,0.16487207629398126,0.16762321006158562,0.12162922811161729,0.20375837097572444,0.22561395277679477,0.17792071863771958,0.1464188478666711,0.22918988808285992,0.08872237644355165,0.18143337135349477,0.13527724933462543,0.1730188559006125,0.0492686063449448,0.21712457629490967,0.16656396024283243,0.15640295807975885,0.22771767640951818,0.11667495673654177,0.15267673235623486,0.2812616122207982,0.25671499238256307,0.16889875607570343,0.07553843667182933,0.2067669098349482,0.20640708523442552,0.17572644699511925,0.2960199025357864,0.16341589467804662,0.019570897365241327,0.03508544614531691,0.024919402650507187,0.09433361671719953,-0.045604290075554145,-0.012349764785061784
0.13289032020539607,0.41248217372516033,0.8792219545871006,0.2676970611229242,0.26246763274097323,0.3478889236734944,0.08549468698996092,0.8218585382705426,0.14831122605275127,0.2683098845371936,0.22263455191815518,0.14107049288766102,0.16288283016453287,0.24679730905734637,0.1800121034341115,0.17981283750228663,0.26747088359206744,0.3253191026624429,0.30400899398437103,0.22169326129190697,0.2011648192378515,0.27170572577042784,0.04501372503723218,0.17250181460849792,0.035603000859696074,0.23731371752016475,0.3452913816808455,0.1892635635356853,0.18429569778361998,0.20369670453376515,0.18192385300925354,0.211344258940758,0.11690037316666735,0.2669902169584768,0.21625822123522273,0.06739176456175641,0.3314073426586328,0.2927089264305558,0.26925470405006086,0.17274999139772865,0.21311522917597084,0.19279762077274196,0.5140014020731872,0.16153697818286303,0.27043864119017463,0.10342001792959125,0.33936276877264715,0.07543981569668785,0.5804204372058446,0.082514309639043,-0.014345006410661587
0.16197519513083392,0.39781348704955727,0.5279076827989813,0.20922430086449592,0.17651862079550862,0.2563665820345351,0.1733742114653636,0.14831122605275127,0.7589625284349975,0.1623947334535813,0.10949426496945583,0.12787628841109802,0.13660543808885528,0.21636419956726327,0.1994552933504543,0.14829110978060198,0.19421621413646487,0.2144118342117431,0.21724204161110147,0.16506515484124973,0.2407815919139586,0.2802350908586081,0.20177405036134965,0.21120558808081602,0.250710489680581,0.2261150472859088,0.2659431638017564,0.2488914535991948,0.13427439150714177,0.26421354125156554,0.24919744491975543,0.19594012156934063,0.282633510393703,0.17692961306037475,0.1847014864288104,0.11675044529342897,0.31976395586798306,0.27329748853859176,0.2134664011901621,0.1542170462033729,0.07344657135492723,0.16314571497614933,0.41263339802006727,0.16169502856225842,0.3440767962033617,0.15721475248929279,0.24195550104106361,-0.043546808264358354,-0.005991039167168217,0.009339668625354989,-0.008479993011293086
0.17375696984029793,0.3492850530676226,0.8332657418291174,0.27794589107584494,0.11817025003517054,0.20261825649741025,0.15322292325618575,0.2683098845371936,0.1623947334535813,0.6980536094367987,0.1240705281216372,0.19881966579412438,0.13929169618127163,0.2031654925996945,0.2503773841920294,0.16891173593713082,0.2641163267087442,0.3208155946790173,0.16992324801966519,0.18512336645710875,0.18791996082821086,0.23643997970526667,0.2153352235378679,0.18753590783783747,0.2164292661667196,0.19740225157846913,0.27519136830320967,0.22313384578957485,0.24169395669891552,0.18279165241499262,0.21359229170218938,0.1885852954804832,0.14515134179139966,0.32695047035115743,0.2723094792006277,0.129597420700507,0.3759580364040278,0.25565267721081575,0.21035615975910366,0.11553765104305959,0.31445387778013956,0.22206421131276488,0.2780816951178795,0.25006108685420175,0.1473227795335937,0.05426334238917314,0.2596208150115992,0.08080703772305164,0.43490044403715483,-0.009595209608291955,-0.012588536134663642
0.14443367348310743,0.17046285834477037,0.5674106441531447,0.1820186523256175,0.14348602972897304,0.21650546100041873,0.17793238388297783,0.22263455191815518,0.10949426496945583,0.1240705281216372,0.5991305121453783,0.2570343186739232,0.12430757032910882,0.1271200042667813,0.24980713800426918,0.2035616107126599,0.2894667357375717,0.20667360744335148,0.14617925461207532,0.2743534382163546,0.23739497235474027,0.18007692331957556,0.21236807149901585,0.17237843069646708,0.33503808846194094,0.20837068337086254,0.2905510504186631,0.2548904550119186,0.26280640876102473,-0.02244822650411994,0.23843079284513594,0.17676589178402488,0.2058724887189183,0.21951825704331396,0.2719528668695285,0.08397809881069446,0.23965929590930843,0.23324988732895113,0.24269721693229973,0.18152383876548037,0.07325430939935021,0.3119652090824056,0.4371035118847499,0.05209802521760566,0.33173198145571603,0.12197836742955546,0.11969487281244774,0.017002527320264086,-0.039625113263774256,0.005127903989219664,-0.0012288205738253321
0.18030896771340735,0.2547010482354039,0.5689675756249192,0.35386870723788205,0.2112533862182483,0.24750286525590406,0.28411110492476804,0.14107049288766102,0.12787628841109802,0.19881966579412438,0.2570343186739232,0.5982671276457641,0.1273640314760365,0.18867363488132854,0.20381345850736304,0.23180040638834618,0.24027357686080256,0.11788857351208072,0.2074971965420838,0.15891682299833343,0.19092750280719342,0.16929258674215059,0.1537843295564605,0.1623051796346125,0.28013234773397244,0.12799847479830956,0.26278097671367806,0.15076489100918414,0.20471007138658853,0.0036461519117652603,0.21813376333819712,0.22244968469624937,0.1566887906886258,0.23115682464987947,0.16622613860348726,0.12680626530990635,0.22821862799659884,0.2302849521000824,0.16153550585422052,0.09072057424171155,0.1490261729419984,0.20703856703529835,0.2530764061668537,0.19638920845085023,0.1623657667426486,0.003170991330763986,0.07930466435086453,0.08154485162945618,0.3474082769312037,-0.05266679575119824,0.005973466122372334
0.09278896923694999,0.19816810050849346,0.33172932475312444,0.17475115177349862,0.13072568367439838,0.15417107059166024,0.11519344947756241,0.16288283016453287,0.13660543808885528,0.13929169618127163,0.12430757032910882,0.1273640314760365,0.22543548369528368,0.12373597616256965,0.09616185838715145,0.13619761643519035,0.14152542836965942,0.1514671612737252,0.13294332367989165,0.1042918100428274,0.13398562801762995,0.1994366834258445,0.09974965634120848,0.10893586843963335,0.09490485110124812,0.13013429474315952,0.1533902122481077,0.1273970197751246,0.1395912398810414,0.048825163193639026,0.12724094947464268,0.1357201564665219,0.09632527828184088,0.15194534595035258,0.14815853062799733,0.09009030647778175,0.14956521623628993,0.13747783539013614,0.17088334797948337,0.07943989152347788,0.1287163257207331,0.12384205523345082,0.19398352444533332,0.14361828490653414,0.09867004371157359,0.061023121858279725,0.11139581841426263,-0.001715119294311566,0.19703279609587773,-0.007281389331615806,-0.003610868034352758
0.18412390739884318,0.19065267347027243,0.3984290402593334,0.45287957037190657,0.21477111648550148,0.24854574121486891,0.1292151033615807,0.24679730905734637,0.21636419956726327,0.2031654925996945,0.1271200042667813,0.18867363488132854,0.12373597616256965,0.5071600571964548,0.2509201775196007,0.3052732508276163,0.2114369766032145,0.21215095915218338,0.2454683865007786,0.18303189695059555,0.21473787033416858,0.2537178646468013,0.18069486416512476,0.19247565123064972,0.26232850662125556,0.3110112831397456,0.24051350390730294,0.22269317142646886,0.16350100193037437,0.0872038881664901,0.24861896783099,0.3285748897042326,0.1508678622681554,0.218718123493417,0.2317491757785835,0.08948348403073532,0.21700179865245237,0.290095177938929,0.23560921520332637,0.11898703694786485,0.2962609692633584,0.16301303463046826,0.35757426477274534,0.2925201895271344,0.18975669143383156,0.061320751892461445,0.20846902266497885,0.08204136115838619,0.46693184005979266,0.03897057074998284,-0.014859595931399025
0.18898502907290052,0.40905525532625897,0.539357860065089,0.221435770472103,0.20803828090312265,0.2513126527360373,0.13258985990313782,0.1800121034341115,0.1994552933504543,0.2503773841920294,0.24980713800426918,0.20381345850736304,0.09616185838715145,0.2509201775196007,0.6746507575850416,0.23581442071535216,0.26437645622042,0.30402220739136915,0.2302239918605999,0.24728153739265643,0.23700688780024834,0.16685953169344403,0.3207663928138057,0.2184190472237509,0.45098232638608604,0.3170832505425365,0.2583534326064233,0.3191283155190426,0.2670976278699055,0.19138011636137645,0.24731848501109652,0.2131482427480406,0.2435613855892032,0.27128155872770726,0.33566088545256656,0.07825755034936398,0.29320140432127123,0.14701692482337572,0.30488289720094475,0.17855524847652976,0.14533019095991936,0.2510399058868426,0.36055554759504765,0.10178077276652317,0.3092485863774156,0.09698860574697933,0.2514367239487335,0.06283073697253194,0.2578206988191269,-0.01600629460987329,0.0028296575837392494
0.15379590540666735,0.24367478832194425,0.3555729598032787,0.374136563175214,0.2433181517659422,0.21795777227961668,0.19505805732754872,0.17981283750228663,0.14829110978060198,0.16891173593713082,0.2035616107126599,0.23180040638834618,0.13619761643519035,0.3052732508276163,0.23581442071535216,0.7533312712931411,0.15605148447286069,0.205592030303673,0.275875402913695,0.16694163535093987,0.18369953416425508,0.1745038255302409,0.1852487531527608,0.1858382231765732,0.2568503232685499,0.1784641814946232,0.22493472406188256,0.20376238397448077,0.210243638668556,0.038640654160546815,0.19821811069209022,0.2890750366415472,0.10654684998398169,0.2796201888835307,0.26639089974069635,0.06887124658511284,0.23936577837807155,0.20052543633733705,0.28463043988670983,0.11013852219577962,0.2610387430416146,0.12060427508921824,0.3151618938815778,0.31033025630979333,0.17647013518131524,0.025005586945856667,0.14982662509595576,0.08317163200760884,0.3101266510430039,0.004741256002215365,-0.009282357750224794
0.14816147603872942,0.13412596386490278,0.6422781707021091,0.2920764743379843,0.15001286350362372,0.2468503156416909,0.19061682937554847,0.26747088359206744,0.19421621413646487,0.2641163267087442,0.2894667357375717,0.24027357686080256,0.14152542836965942,0.2114369766032145,0.26437645622042,0.15605148447286069,0.8711049372756311,0.2097672797606134,0.24353206914303505,0.3715050515004717,0.35590680232640337,0.24416741882429707,0.2818280504871995,0.21754520443635206,0.566400956253329,0.10882609533925858,0.3918379263828267,0.5104786850759704,0.28253139921957987,-0.02116656047186185,0.38113896221929583,0.1685093337066225,0.3389135037354009,0.2678961905287872,0.4714698463365883,0.03774372797684476,0.5893871124373496,0.5134720896217901,0.21844832464737918,0.22079658400218513,0.3174323650836472,0.7025633848210197,0.6472538497711737,0.2798036279047951,0.6217140304044265,0.054397292721167216,0.17887051965862016,0.1854534175830502,0.12972053384264,-0.010671103878475363,-0.006513569952421766
0.18737098235904515,0.5395060227354324,0.6512150414633754,0.23861636863673708,0.24244131064607236,0.2958358213719121,0.16487207629398126,0.3253191026624429,0.2144118342117431,0.3208155946790173,0.20667360744335148,0.11788857351208072,0.1514671612737252,0.21215095915218338,0.30402220739136915,0.205592030303673,0.2097672797606134,0.9566888744936612,0.2509302796901201,0.11623649813338927,0.27252368243325314,0.37372434101245255,0.2922080777976702,0.1960933755293814,0.19093876105773352,0.5089903255771697,0.1444266128366007,0.26586417477062074,0.2995525678184355,0.01656183184179203,0.2084370638021829,0.2100343090165059,0.1735659325397498,0.35126676051420097,0.2933022708243745,0.07035073714655218,0.37267002085391054,0.23514890536219787,0.2823933802637069,0.18752058453610726,0.2643331680062896,0.2992565352066348,0.3390029480929252,0.18510951957550564,0.30979440811939335,0.1450689272493754,0.4365937397436924,0.014414049242304383,0.45749173142882327,0.03624371625725854,-0.012735310721260691
0.1895841126692559,0.42439557483760304,0.781371995287473,0.26565825213577615,0.4458171000615828,0.4641296375787265,0.16762321006158562,0.30400899398437103,0.21724204161110147,0.16992324801966519,0.14617925461207532,0.2074971965420838,0.13294332367989165,0.2454683865007786,0.2302239918605999,0.275875402913695,0.24353206914303505,0.2509302796901201,0.959381376403347,0.07181713457942494,0.29053715458376955,0.3430030872775111,-0.10263567958095234,0.21029281418433593,0.20005867793986012,0.08992114134139348,0.3298579919998573,0.2706431620031754,0.14059608198414242,0.21975522803314948,0.27768675464311593,0.2323153714786458,0.23472714150987747,0.2150325048565195,0.2213579310417699,0.113711432648178,0.3805523598213418,0.44071441827013796,0.3199822127819824,0.1570838913490868,0.22330153638161312,0.20962192887854195,0.5608675833803021,0.3043570380619327,0.42692675126263424,0.11527383588424751,0.25852771459111895,0.06931018138787023,0.3851565576308394,0.020657675679299395,-0.011178038210119751
0.09216512398336026,0.04468668957131943,0.43297655811862024,0.24555091994038294,0.11374183587859324,0.21659844060087974,0.12162922811161729,0.22169326129190697,0.16506515484124973,0.18512336645710875,0.2743534382163546,0.15891682299833343,0.1042918100428274,0.18303189695059555,0.24728153739265643,0.16694163535093987,0.3715050515004717,0.11623649813338927,0.07181713457942494,1.2832151546166075,0.1720124050297311,-0.07126938984724422,0.26142716071838645,0.23922021845394537,0.3360985392015975,0.26875450105473214,0.052219566506576366,0.3278891490149639,0.44770404556793125,0.35797401552597863,0.18427380840848023,0.17745896494915842,0.18737724969777403,0.4295102432089547,0.4378113122960012,-0.20955207538449155,0.7604508396554278,0.3635552368728598,0.484246208339114,0.3295641940733408,0.05854515086517872,0.3076356735822785,0.4671317356202724,0.005217157739896975,0.5228876494303287,0.013636243922379561,0.2448363906850982,0.2889431587020208,0.6173963877523377,-0.03436675815158818,-0.03129742888504871
0.17970799928783676,0.5694888546818226,0.5242272788908683,0.3040076342097066,0.20595832293138933,0.23863944767621137,0.20375837097572444,0.2011648192378515,0.2407815919139586,0.18791996082821086,0.23739497235474027,0.19092750280719342,0.13398562801762995,0.21473787033416858,0.23700688780024834,0.18369953416425508,0.35590680232640337,0.27252368243325314,0.29053715458376955,0.1720124050297311,0.6220860411715584,0.34537985093497825,0.1505144606036234,0.1664274787899729,0.2793894953375107,0.10588514891515216,0.41182978081772637,0.31832323250447364,0.20544865730918976,0.0057699529894156935,0.41821936422348577,0.21270615532759934,0.2574647707015567,0.14390122359859656,0.3033041845966938,0.16393229971177015,0.36825601885416714,0.5590505785209626,0.3070051474833522,0.23561096404230514,0.4044589700343185,0.5555225793612049,0.805918698394879,0.40691060298322534,0.7172811905042752,0.11134589642083538,0.19043545968651862,0.13391691984632959,0.2646510181325011,0.059225324504982024,-0.016196072203523804
0.22268099612317924,0.4401919153269958,0.6583463787736926,0.2966443627261578,0.2659490420370268,0.3368720765717,0.22561395277679477,0.27170572577042784,0.2802350908586081,0.23643997970526667,0.18007692331957556,0.16929258674215059,0.1994366834258445,0.2537178646468013,0.16685953169344403,0.1745038255302409,0.24416741882429707,0.37372434101245255,0.3430030872775111,-0.07126938984724422,0.34537985093497825,1.7109438172866618,0.2147925457458567,0.20787976070372474,-0.3447193069924882,0.20263726190394699,0.5169893369484025,0.1814960047755963,0.05015750877132677,0.051421073375322035,0.40638247855841103,0.3435813274674087,0.27507190858175384,0.12255180401817649,0.1075989157485422,0.6236562853408676,0.19921438212025963,0.5800300576087132,0.3732087782698054,0.19545627068958696,0.23599901455614639,0.3120196269955484,0.5224468883300296,0.3617335908460035,0.2173050475427008,0.5664486317655781,0.25556334892806437,-0.6719063377719973,0.5025845673912612,-0.0030134512240074943,-0.0063166563337887826
0.13816501305580706,-0.5334002407540425,0.23916802326457032,0.2734717066220893,0.08098454263051395,0.08691185860537942,0.17792071863771958,0.04501372503723218,0.20177405036134965,0.2153352235378679,0.21236807149901585,0.1537843295564605,0.09974965634120848,0.18069486416512476,0.3207663928138057,0.1852487531527608,0.2818280504871995,0.2922080777976702,-0.10263567958095234,0.26142716071838645,0.1505144606036234,0.2147925457458567,1.8885561196102527,0.25795019204509767,1.0354100972971736,0.21706023428846802,-0.08876027158795603,0.3666353416658486,0.43810442903404534,0.21317671681424738,0.34136122509824696,0.11410671760870665,0.42691864084623177,0.4016253412234582,0.38084006671434434,0.0294127356702626,0.3797115640897865,-0.08004722002610017,0.566421284987022,0.02633811959002668,0.23158888379104262,0.10814868055978791,-0.09366489814824891,0.3535976798597193,-0.23557454199943093,0.07133998502839518,0.24313775422094572,0.0962014689847754,0.23314423843970278,-0.11349119215532445,-0.0011895627172152294
0.12516483533129288,0.15451755857152655,0.4672248755975624,0.2599961194977266,0.15199247080835102,0.22104326531863988,0.1464188478666711,0.17250181460849792,0.21120558808081602,0.18753590783783747,0.17237843069646708,0.1623051796346125,0.10893586843963335,0.19247565123064972,0.2184190472237509,0.1858382231765732,0.21754520443635206,0.1960933755293814,0.21029281418433593,0.23922021845394537,0.1664274787899729,0.20787976070372474,0.25795019204509767,0.4718363913993281,0.2734979060858867,0.09391965737022369,0.1481206189864811,0.37384031462233236,0.10710731989225504,0.565497110483184,0.13185443793615914,0.23287332983333417,0.5100749999391431,0.21177046021359275,0.32671577246531724,-0.023901662138698022,0.4975580599805314,0.2318396406035625,0.22355130767422282,0.136497997428936,0.006422690072995845,0.016367640158245243,0.2928057426306689,0.16220370465649572,0.2736939835859381,0.045768408682305174,0.37544522430542626,0.03526182393989781,0.31661142757936805,-0.0766319220815031,-0.0053417215475578175
0.22420552254774795,-0.1201245463680965,0.3706244809650525,0.4180980795795229,0.08031526457503627,0.17932337649926175,0.22918988808285992,0.035603000859696074,0.250710489680581,0.2164292661667196,0.33503808846194094,0.28013234773397244,0.09490485110124812,0.26232850662125556,0.45098232638608604,0.2568503232685499,0.566400956253329,0.19093876105773352,0.20005867793986012,0.3360985392015975,0.2793894953375107,-0.3447193069924882,1.0354100972971736,0.2734979060858867,5.410195430611222,0.3987108811055551,0.5179422265353492,0.4363453578444008,1.0287160209479729,-0.20235638787578464,0.8266273051533902,0.24772391257266632,0.3415369790919205,0.6738348064337184,0.54188726188578,0.3845271069914888,0.2732877800376887,0.3728437060042938,0.4344044463635015,0.08361123391532556,0.3726093598659622,0.4469675820199643,0.5223444224255803,0.45821404987679265,0.4330031925077313,0.14460099746738023,-0.07520772815928037,0.03991719167097983,-1.9213792699773646,-0.10920716117538204,0.01904860349944882
0.17208805884659548,0.12110734791370023,0.41226385040785185,0.20559257034916045,0.19468958449778273,0.2514281575989132,0.08872237644355165,0.23731371752016475,0.2261150472859088,0.19740225157846913,0.20837068337086254,0.12799847479830956,0.13013429474315952,0.3110112831397456,0.3170832505425365,0.1784641814946232,0.10882609533925858,0.5089903255771697,0.08992114134139348,0.26875450105473214,0.10588514891515216,0.20263726190394699,0.21706023428846802,0.09391965737022369,0.3987108811055551,1.9222681377059834,0.033666141455091864,0.2498733070927095,0.17243847803482723,-0.5163367249499472,0.2267636374031183,0.34938091901023854,0.12965412624487316,0.2589890999505054,0.3163261877876151,0.02983137266059317,-0.35053188089094944,-0.05232295760853372,0.32432469886380605,0.2936180143123635,0.016651008239344435,0.2338026016008908,0.07682151077753449,-0.15565502810078266,0.19199801072843659,0.044589235592771406,0.02100336505352281,-0.006541606739840563,0.6250768010449352,0.009549806520785705,-0.004605115622383256
0.22424002255673708,0.8014152625272157,0.835762115530272,0.2317632545796184,0.13497531449553726,0.24602449618866404,0.18143337135349477,0.3452913816808455,0.2659431638017564,0.27519136830320967,0.2905510504186631,0.26278097671367806,0.1533902122481077,0.24051350390730294,0.2583534326064233,0.22493472406188256,0.3918379263828267,0.1444266128366007,0.3298579919998573,0.052219566506576366,0.41182978081772637,0.5169893369484025,-0.08876027158795603,0.1481206189864811,0.5179422265353492,0.033666141455091864,2.30725749230594,0.40761250774823266,-0.010063817495252073,-0.2809196789935065,0.6553341086754289,0.28785975798753294,0.2643003909845984,0.1432926798047425,0.41988841768849083,0.6887575950966884,0.23596012180006112,0.6567255713628388,0.17724335924590748,0.29706645133930903,0.5807615252408428,0.6627101463239283,2.0327864781412717,-0.041234849060126734,0.6746929065896001,0.4555399779140576,0.026279323003656572,-0.02105033958480527,0.1452633487407941,0.17677679733261686,-0.02130246986580446
0.1855435768180838,0.21552882252788372,0.5686376272047923,0.21492146003547272,0.13950226484030004,0.22305942583380417,0.13527724933462543,0.1892635635356853,0.2488914535991948,0.22313384578957485,0.2548904550119186,0.15076489100918414,0.1273970197751246,0.22269317142646886,0.3191283155190426,0.20376238397448077,0.5104786850759704,0.26586417477062074,0.2706431620031754,0.3278891490149639,0.31832323250447364,0.1814960047755963,0.3666353416658486,0.37384031462233236,0.4363453578444008,0.2498733070927095,0.40761250774823266,1.554003310239244,-0.10695198131968031,0.33652106508259283,0.44657138979923167,0.13109127903578544,0.859617920018621,-0.021289986076371052,1.2062491916167217,-0.2627079793324168,0.6792318215682066,0.3095124236717235,0.363371991435173,0.28087568201650154,0.15605627965231234,0.33216494379157724,0.7069829763319895,0.24728775223893742,0.7422421240230302,-0.03812769079549124,0.35501192170223567,0.27423027791146426,0.5885265603856913,0.0057792024865505835,-0.004728894520814443
0.07379857434166495,0.28616221336749254,0.46429224991333246,0.23831071046327917,0.1925509004982372,0.25798130006998676,0.1730188559006125,0.18429569778361998,0.13427439150714177,0.24169395669891552,0.26280640876102473,0.20471007138658853,0.1395912398810414,0.16350100193037437,0.2670976278699055,0.210243638668556,0.28253139921957987,0.2995525678184355,0.14059608198414242,0.44770404556793125,0.20544865730918976,0.05015750877132677,0.43810442903404534,0.10710731989225504,1.0287160209479729,0.17243847803482723,-0.010063817495252073,-0.10695198131968031,2.236476219200024,-0.31574708497292625,-0.10226087955685154,0.24022590936237917,-0.35341107040299663,0.9864974941875593,0.14783167743732134,0.41976118510577176,0.22295648673372323,-0.02404757093217985,0.2637335032564968,0.13505488147162903,0.4717455505107093,0.48137726850860774,-0.20628324729364064,0.04397887932195322,-0.18978951094188065,-0.048590777887464506,-0.024840654644523563,0.05927603827718264,0.22110709003458923,-0.07691646196364987,0.03624619624820451
0.08513009351253649,0.18289339708828214,0.43931487017810095,0.1311383289166805,-0.0525912466546283,0.15192918018942897,0.0492686063449448,0.20369670453376515,0.26421354125156554,0.18279165241499262,-0.02244822650411994,0.0036461519117652603,0.048825163193639026,0.0872038881664901,0.19138011636137645,0.038640654160546815,-0.02116656047186185,0.01656183184179203,0.21975522803314948,0.35797401552597863,0.0057699529894156935,0.051421073375322035,0.21317671681424738,0.565497110483184,-0.20235638787578464,-0.5163367249499472,-0.2809196789935065,0.33652106508259283,-0.31574708497292625,4.125110775635003,0.0401176225042122,-0.06182615450227423,0.48947603865197903,-0.043669516958733175,0.3792386441161538,-0.10410099753423067,1.6426473805373996,0.29944461947350925,0.335352009499392,0.1455299996052,-0.041191702521846056,-1.0679210302831619,0.4745715207292527,0.316441302872926,0.5870670494226865,0.07542121417430961,1.7010177072042716,0.04763381616839394,0.7686647984484701,-0.1902667583885687,-0.0015606932253265245
0.17841829598996062,0.32946447044709354,0.466029050860821,0.3771712580556453,0.19119905726318226,0.20877402614407312,0.21712457629490967,0.18192385300925354,0.24919744491975543,0.21359229170218938,0.23843079284513594,0.21813376333819712,0.12724094947464268,0.24861896783099,0.24731848501109652,0.19821811069209022,0.38113896221929583,0.2084370638021829,0.27768675464311593,0.18427380840848023,0.41821936422348577,0.40638247855841103,0.34136122509824696,0.13185443793615914,0.8266273051533902,0.2267636374031183,0.6553341086754289,0.44657138979923167,-0.10226087955685154,0.0401176225042122,1.7656995575652032,0.25106672426476595,0.3416079925575553,0.3292636344066892,0.4634172764131552,0.8079075949859178,0.5625191146158436,0.5585485302355939,0.34641116896813035,0.09393195988774626,0.7072057341931728,0.3642577614332475,0.20918835778438735,0.6210969054600776,0.23500285673240348,0.1453096251829596,0.10852380759723516,-0.04305745807383687,-0.19637450808577556,0.004938016571767916,-0.014003512084017126
0.156303144155097,0.23494089519108324,0.43915644704530155,0.3573937462922315,0.23658788704008366,0.2720900085347647,0.16656396024283243,0.211344258940758,0.19594012156934063,0.1885852954804832,0.17676589178402488,0.22244968469624937,0.1357201564665219,0.3285748897042326,0.2131482427480406,0.2890750366415472,0.1685093337066225,0.2100343090165059,0.2323153714786458,0.17745896494915842,0.21270615532759934,0.3435813274674087,0.11410671760870665,0.23287332983333417,0.24772391257266632,0.34938091901023854,0.28785975798753294,0.13109127903578544,0.24022590936237917,-0.06182615450227423,0.25106672426476595,0.6667611058607342,0.0596680779372241,0.3064016496828688,0.14891920584203586,0.15390414097358301,0.005949551633154398,0.30647075093445075,0.27578953987651905,0.12458719976650329,0.22239086598763413,0.14245132342360203,0.34360384484027445,0.22548159855763494,0.10846856319288097,0.07692597842405971,0.11429974250526205,-0.022069420234817068,0.3545337228236192,-0.0036991956349561746,-0.0032171449733019294
0.21098854210805223,0.13916377722807466,0.4839916265637336,0.17050499651312254,0.11321847180882566,0.15693709711906648,0.15640295807975885,0.11690037316666735,0.282633510393703,0.14515134179139966,0.2058724887189183,0.1566887906886258,0.09632527828184088,0.1508678622681554,0.2435613855892032,0.10654684998398169,0.3389135037354009,0.1735659325397498,0.23472714150987747,0.18737724969777403,0.2574647707015567,0.27507190858175384,0.42691864084623177,0.5100749999391431,0.3415369790919205,0.12965412624487316,0.2643003909845984,0.859617920018621,-0.35341107040299663,0.48947603865197903,0.3416079925575553,0.0596680779372241,1.8659607837190182,-0.4319251104042776,0.06625421210867648,-0.3329897399394075,0.4928738239964252,0.31283644209517275,0.1317417209573296,0.15123318637546193,-0.6752477132445655,-0.045328520071247075,0.630757660289596,-0.03268855937920015,0.6390060036785004,0.10962968822336593,0.3889280232489532,-0.00852312613342094,0.0443241101059304,-0.09252216887575293,-0.023902926505907314
-0.07329283189221161,0.222594224383493,0.5542932046595831,0.5065225297217041,0.29568024672294785,0.31409468272567065,0.22771767640951818,0.2669902169584768,0.17692961306037475,0.32695047035115743,0.21951825704331396,0.23115682464987947,0.15194534595035258,0.218718123493417,0.27128155872770726,0.2796201888835307,0.2678961905287872,0.35126676051420097,0.2150325048565195,0.4295102432089547,0.14390122359859656,0.12255180401817649,0.4016253412234582,0.21177046021359275,0.6738348064337184,0.2589890999505054,0.1432926798047425,-0.021289986076371052,0.9864974941875593,-0.043669516958733175,0.3292636344066892,0.3064016496828688,-0.4319251104042776,2.160911483548353,0.3842603207857981,0.32690428278017347,1.1796373462142824,0.13641600381810118,0.27131248657016094,0.04631782880692052,0.7115779124915855,0.4617299069287863,-0.33835739085086886,0.5111911692447891,-0.21962269490369485,-0.25158579870589054,0.16834864486944434,0.13111825906589264,0.14839090783036823,-0.09265375452672199,0.00932489771995329
0.14816801527479118,0.18948251287105533,0.5727987043664392,0.24731519404380953,0.12843732122052703,0.23161787337610096,0.11667495673654177,0.21625822123522273,0.1847014864288104,0.2723094792006277,0.2719528668695285,0.16622613860348726,0.14815853062799733,0.2317491757785835,0.33566088545256656,0.26639089974069635,0.4714698463365883,0.2933022708243745,0.2213579310417699,0.4378113122960012,0.3033041845966938,0.1075989157485422,0.38084006671434434,0.32671577246531724,0.54188726188578,0.3163261877876151,0.41988841768849083,1.2062491916167217,0.14783167743732134,0.3792386441161538,0.4634172764131552,0.14891920584203586,0.06625421210867648,0.3842603207857981,3.0877736928498916,-0.4792726355886063,0.6267593305377529,0.21095970708260925,0.6255156122357587,0.5032009311621396,0.39151292419117556,0.516462408525988,0.7429940167793694,0.43073670368422673,0.9332761414427673,-0.08469367481994211,0.4119471698237421,0.40727949864831037,1.0269599789251627,-0.04935756269462529,0.008689152904146864
0.08786122243857533,0.3742449801498154,0.2369537640112416,0.20269038369366085,0.06151917916434073,0.059995128465843865,0.15267673235623486,0.06739176456175641,0.11675044529342897,0.129597420700507,0.08397809881069446,0.12680626530990635,0.09009030647778175,0.08948348403073532,0.07825755034936398,0.06887124658511284,0.03774372797684476,0.07035073714655218,0.113711432648178,-0.20955207538449155,0.16393229971177015,0.6236562853408676,0.0294127356702626,-0.023901662138698022,0.3845271069914888,0.02983137266059317,0.6887575950966884,-0.2627079793324168,0.41976118510577176,-0.10410099753423067,0.8079075949859178,0.15390414097358301,-0.3329897399394075,0.32690428278017347,-0.4792726355886063,2.980911069348362,-0.27507253600318055,-0.06984763298724751,0.04722715047885266,-0.05498086707626431,1.441776010181822,0.015368340006635381,-1.2534035888158206,0.26862353924152016,-1.2344034373077122,0.5638118772533133,-0.19209769544678187,-0.7338720326363584,-0.8237512057500511,-0.06748983791900692,0.01739890106201455
0.08590529374244944,0.6799234739576463,0.7896998911523443,0.5061938384961927,0.23375563816796094,0.3155256562559755,0.2812616122207982,0.3314073426586328,0.31976395586798306,0.3759580364040278,0.23965929590930843,0.22821862799659884,0.14956521623628993,0.21700179865245237,0.29320140432127123,0.23936577837807155,0.5893871124373496,0.37267002085391054,0.3805523598213418,0.7604508396554278,0.36825601885416714,0.19921438212025963,0.3797115640897865,0.4975580599805314,0.2732877800376887,-0.35053188089094944,0.23596012180006112,0.6792318215682066,0.22295648673372323,1.6426473805373996,0.5625191146158436,0.005949551633154398,0.4928738239964252,1.1796373462142824,0.6267593305377529,-0.27507253600318055,4.59457968105647,1.0606492037437496,-0.2608688745141411,-0.19311133538519037,0.8786299361735722,0.4210851828489917,0.7148311278483037,0.8392984331877477,1.3717181464170822,0.054250828706344435,0.947096504484236,0.476262913486819,0.35744373318891337,-0.15778163640449336,-0.0021344860309549032
0.1860391747252175,0.5591791334890988,0.6703868969059342,0.5552787874638202,0.30305515753395224,0.3213634683532679,0.25671499238256307,0.2927089264305558,0.27329748853859176,0.25565267721081575,0.23324988732895113,0.2302849521000824,0.13747783539013614,0.290095177938929,0.14701692482337572,0.20052543633733705,0.5134720896217901,0.23514890536219787,0.44071441827013796,0.3635552368728598,0.5590505785209626,0.5800300576087132,-0.08004722002610017,0.2318396406035625,0.3728437060042938,-0.05232295760853372,0.6567255713628388,0.3095124236717235,-0.02404757093217985,0.29944461947350925,0.5585485302355939,0.30647075093445075,0.31283644209517275,0.13641600381810118,0.21095970708260925,-0.06984763298724751,1.0606492037437496,2.5176143184696462,0.09638504484996543,0.28167591218492766,0.5990291761139801,0.7866096574718688,1.931187244300905,1.2199745087367349,1.2759888274650213,0.2454232677555675,0.2975693716655315,0.40784446638416255,-0.00323627430495072,0.1304720141479376,-0.07819050685849471
0.16497786225135835,0.0932134843785833,0.5720387363543942,0.3252142481433505,0.24028620668324907,0.3081342054429624,0.16889875607570343,0.26925470405006086,0.2134664011901621,0.21035615975910366,0.24269721693229973,0.16153550585422052,0.17088334797948337,0.23560921520332637,0.30488289720094475,0.28463043988670983,0.21844832464737918,0.2823933802637069,0.3199822127819824,0.484246208339114,0.3070051474833522,0.3732087782698054,0.566421284987022,0.22355130767422282,0.4344044463635015,0.32432469886380605,0.17724335924590748,0.363371991435173,0.2637335032564968,0.335352009499392,0.34641116896813035,0.27578953987651905,0.1317417209573296,0.27131248657016094,0.6255156122357587,0.04722715047885266,-0.2608688745141411,0.09638504484996543,2.370176972455851,0.666538441906931,-0.14661764145027073,0.012174715027882045,0.49810798233002646,0.28857624421804223,0.5990412361995542,0.12771370458223222,0.35096647310537543,-0.1277517035843337,0.7897460598603548,-0.07926624219191672,-0.06801543147172791
