0.8439065107119821,0.19936698564532915,0.3595581937638529,-0.15146754549360328,0.12081701526053654,0.11386938953878391,0.19856562136875816,0.08236636661725028,0.11971695734277324,0.10912888536385631,0.09473587452891089,0.11776272738922514,0.04820521272092141,0.11009719134410098,0.11324663451529576,0.08823691650160073,0.07415429829607138,0.11975144246194883,0.10947009156745903,0.04780609228902428,0.09571305771981461,0.11598223221355303,0.09514167739330494,0.05856445013568729,0.1543821123954728,0.110465534922289,0.15384281001534952,0.09228618407283065,0.04026329258367325,0.02161792733634847,0.11930162639233885,0.09216334737240482,0.10948286190772581,-0.0800036282385237,0.06352791911032399,0.05520718414671214,0.009051057788951359,0.0798647105524652,0.0945940185645056,0.07096381169810292,0.03982394947094468,0.0638257365886487,0.189611727213039,0.003066909218273663,0.08035412102537967,0.06216561276259962,0.056356623827038106,-0.008722053132026964,0.12167743189513454,-0.02218954060179394,0.013208736103062703,0.012742305634441434,0.01523386326975295,0.0056355685319643125,0.12315681854122261,0.014086857586756903,0.06827854107072953,0.20786560240925614,-0.3608289245820683
0.19936698564532915,3.1300987390036674,0.48420337135119856,0.0922520823921305,0.1562740569070415,0.005740040070296949,0.21896983853942495,0.19092292143243267,0.26235377284139944,0.16863317079203352,0.02985435042608053,0.1489398106159686,0.1154480430032547,0.039504290043512476,0.21108613559267836,0.14731362540869103,-0.0340162537126867,0.35041010941504513,0.22627477824593864,-0.09409159170888971,0.3174406998955346,0.2183049009118015,-0.45355197467063896,0.07191000451851814,-0.10510793062597475,0.04072803140668671,0.4582506460137267,0.06529568316280134,0.1285123849152227,0.11012051106943302,0.1273757354931384,0.09506890339866868,0.14204491355742974,0.07982585896391882,0.013242919909099793,0.24841005068184818,0.23272880710269833,0.22193310531376959,-0.10834935239108404,0.04435578004856714,0.12075299229988078,0.05247101527911511,0.3587365817081914,0.04109100101560352,0.22377448634210273,0.16954658712803294,0.13546398584304237,-0.07042124907085229,0.19115661320167043,-0.4758408670697969,0.22345726487429035,0.18338048851777278,0.12296060467706303,-0.10682091510275539,-0.28356587596413624,0.14531381520561795,-0.11448880906570806,0.13480798587664003,0.09784887719330108
0.3595581937638529,0.48420337135119856,2.9439999168795867,0.07232227829427046,0.18790796877217128,0.5347627929928388,0.09231470119286769,0.5385578630140404,0.2965373225651707,0.5130029496322955,0.3113982611152618,0.30514100526559335,0.18407732643964564,0.16810212287775642,0.28557779589071525,0.14566676021430877,0.34987921782804055,0.3627016979671154,0.4849900047165891,0.18444513060317982,0.2595304792157526,0.31000478466070186,0.09976985354572447,0.2630932670184568,0.1305271928090666,0.21078739670205926,0.45310553011608956,0.3108787392732766,0.24028594205311257,0.23177577707689404,0.208827489428937,0.24123119544365623,0.29927706353742994,0.26681470982647715,0.2543248172130092,0.13686238280070237,0.3722814892813391,0.2772434566519002,0.2561973472815093,0.18921335379513846,0.08271010663681545,0.18659513039788675,0.46425844518644804,0.06450079733481072,0.2648598861752199,0.1476226597057251,0.34057841948801004,-0.0005180322962318015,0.41851522938657304,0.08651623515665838,0.09455423950072726,0.08399084061015523,-0.039793003668470606,-0.03199067618934246,0.08858093152006616,0.0006222207440427725,0.0637159224267676,-0.12129068448226844,0.015564833318196471
-0.15146754549360328,0.0922520823921305,0.07232227829427046,1.7577368357304621,0.21851518539821238,0.16227855705959124,0.34853244284134666,0.14320019153986954,0.10373855514926522,0.1212915888373682,0.09303817849389841,0.21391767776369205,0.11161118731884202,0.27556448457057575,0.08471641906029477,0.23755885214620162,0.15556628020299418,0.09297208913529537,0.14210226595019432,0.10965402960106467,0.1651166273767027,0.18103119205360668,0.15866897182919595,0.17487349685830209,0.24132581932248626,0.11643163844525303,0.060152695743504736,0.08433436065852595,0.16994545463722885,0.07617981551058804,0.1819618555672226,0.23174020500185416,0.07321469460973619,0.3086187793087828,0.10625403868664238,0.1421173407907596,0.24959433333653228,0.27969721507989076,0.12357219374099929,-0.023852667974746007,0.30198657905593085,0.10504918654997805,-0.02666444667302452,0.5590437340769719,0.06368835269068104,-0.028915723626622706,0.051695213407795315,0.06382890018968311,-0.0666501455210904,0.005220498006189666,-0.02601615467134186,-0.03152756121818824,0.002617952883489897,-0.04342730943830373,-0.07254336056244398,-0.09133265947957213,0.028657077904787852,-0.16081354841850534,0.21735095920498812
0.12081701526053654,0.1562740569070415,0.18790796877217128,0.21851518539821238,0.8788496985514519,0.28286899147329875,0.14330968501770083,0.17653739692036097,0.09219417367022423,0.026721684329499274,0.09094757950576665,0.11356697627530549,0.0853783706461212,0.11880890157153176,0.09376600809768156,0.14574326622460193,0.08360573114834395,0.11579077044191971,0.32286844065546727,0.05142217927059952,0.10841184020282744,0.14159618569680785,0.03984349613126441,0.1009244622986271,0.005229839869884317,0.10242365225170427,0.029160448408579183,0.03905720113948545,0.1355375128111563,-0.054468003557848296,0.09369887355413724,0.15389495559795244,0.03880552863314917,0.1898470307917809,0.03039537892727676,0.0379098845699824,0.11513784184614069,0.15908202358044565,0.14968526495275,0.06024264505093764,0.07060061927051271,0.12146927556686275,0.05394650762457577,0.1689237437050461,0.06635762498610373,0.006459373601354576,0.053109433583685986,0.040542079346611484,0.18642428249329804,0.1357571409495448,0.04149987205281915,-0.11094686329161081,0.01419835339539905,-0.006900644011666546,0.005136413110364697,-0.12031754083905134,0.08453563470938323,0.01705465002641761,0.025643481446351417
0.11386938953878391,0.005740040070296949,0.5347627929928388,0.16227855705959124,0.28286899147329875,0.6414929001353467,0.07949722075793263,0.22125300443374013,0.1446834890954327,0.09269817448131366,0.14221551357308948,0.13714416606040486,0.09191693294651747,0.14955377013416418,0.13586166864753832,0.12457523629571364,0.12688135675295442,0.134317958871558,0.30391663194683277,0.13886792050040364,0.11912266961910667,0.20672648571922853,0.028896110099355533,0.13687165739704585,0.1060979102154154,0.17980675936887408,0.11364512214270617,0.1045340757202626,0.20901884226700232,0.07340366014514335,0.10562865255209844,0.19402786106879763,0.03583716052744427,0.2195271775464178,0.08418279935754054,0.04448763869115585,0.16451287953000107,0.16616190106303463,0.2108127395503004,0.10371042464403434,0.013684404672207122,0.09669184136256904,0.1762416974871828,0.1503658804424456,0.1012177959612089,0.012268149707087728,0.16576225136661668,-0.005045921627048915,0.3208827739831947,0.15476909677215353,-0.15665626331616286,-0.052800384698133425,-0.10573249750175959,0.04302419753277599,0.039787453600425494,-0.09293151801919859,0.11703887527491423,0.015467918855475254,-0.0388054638269109
0.19856562136875816,0.21896983853942495,0.09231470119286769,0.34853244284134666,0.14330968501770083,0.07949722075793263,0.501248000367474,0.01831397143419375,0.13911123733456493,0.08551433719475592,0.13109372398867078,0.2126939801561227,0.06940639216422963,0.06935492139189753,0.07862378645382612,0.1452028455752599,0.11022127061078392,0.07981567231912853,0.09569526868263345,0.06532513757122782,0.12986497980477885,0.1352914427388013,0.13030168140564277,0.07847660732086932,0.16717844028021162,0.05415867716185703,0.09405082859826816,0.05808330555160574,0.11905806549198253,0.004715288638745368,0.14388838694288866,0.10598345060999263,0.0966832403304151,0.14439698054714428,0.04206230158943079,0.11229314261627628,0.15325966387427567,0.12418694618957568,0.08275010944158963,0.0015544140038294676,0.09236790619182388,0.09945564399751285,0.03959237161259403,0.17227248393765351,0.06566756989294158,0.025461085830061205,-0.027434120389877897,-0.0012443451639579058,-0.023133490260366173,-0.049524052604849364,0.004197155058041548,-0.015556181079646101,0.02376960487709508,-0.04163880071688768,0.10072141235158966,0.03830232679075932,-0.008985179455520244,0.10092623902934723,-0.2726561063297681
0.08236636661725028,0.19092292143243267,0.5385578630140404,0.14320019153986954,0.17653739692036097,0.22125300443374013,0.01831397143419375,0.652869359166959,0.05549646640685953,0.1691708108415679,0.16409181325364067,0.0692322314037367,0.09531335345915995,0.15734391903115735,0.08082464888760502,0.0992856941988061,0.17418255269028868,0.17686517958825565,0.17849810981483177,0.1466329929808174,0.07513337663782427,0.1127694680902175,0.009326118163757398,0.09441818172809288,-0.012307693248834774,0.16178998608047435,0.21339895550133495,0.0590706364060281,0.12237713951467953,0.08256770205224927,0.08386987645299543,0.13432470093502646,0.035470126664869074,0.1635628775028217,0.050622216868576875,0.03786619927163718,0.16158033434657368,0.14445883834979026,0.1796754046064903,0.11490549449724943,0.10255046160368911,0.10847675937262376,0.25597835288169024,0.04287325107706796,0.07524717820997218,0.04752479085472431,0.17952746492515914,0.052958968655897366,0.30485512494819944,0.0979380808138805,0.008500247720984271,0.028565931449050785,0.009775781639524452,-0.05267587556682369,-0.013388434918052966,-0.08388721902149995,0.1466872845798381,0.2322901780617747,-0.20626233898982674
0.11971695734277324,0.26235377284139944,0.2965373225651707,0.10373855514926522,0.09219417367022423,0.1446834890954327,0.13911123733456493,0.05549646640685953,0.6774138540882607,0.1294045508719368,0.04877841088579253,0.09441890594504844,0.0792418714531435,0.14890896099602213,0.13529410618883386,0.10539277760119227,0.08782386842050914,0.1192172692300933,0.12471157656933127,0.09695244936778057,0.14235891769350567,0.17659872253455733,0.14445598205948457,0.13918562506384435,0.15605911741465123,0.17967124561371542,0.17411285694557682,0.13674521182197272,0.06427475040372596,0.14785654770103043,0.15019013890327934,0.15401694404485106,0.24060300803196455,0.10823260165080129,0.04992014269397432,0.07885260902916158,0.16605714151048367,0.12889911530347242,0.12297554029021407,0.06934543626784684,-0.010478693678711576,0.04611856838976145,0.22293383934405772,0.052242399674391315,0.13137590633612836,0.1337871171064046,0.12712981434560772,-0.04848299712798569,-0.005820120436554848,-0.11320038800925165,0.031929400639984104,0.028362255139282182,0.06939807761330985,-0.09695607412467395,0.037260784295749846,0.18301707030086406,0.11060253614836023,-0.063003876677788,-0.23854297270043273
0.10912888536385631,0.16863317079203352,0.5130029496322955,0.1212915888373682,0.026721684329499274,0.09269817448131366,0.08551433719475592,0.1691708108415679,0.1294045508719368,0.5629282865793315,0.05076851843758065,0.11512641472247757,0.08136170805011207,0.13033894872181528,0.16783263991677333,0.08175436808311373,0.15241314447983823,0.20091344758119245,0.06821843802226242,0.10487023771139763,0.0915655534184722,0.12106743701084698,0.15094539411954905,0.10996573163051825,0.09802454042731515,0.1353862574048924,0.17136863075551892,0.1434900205964705,0.13471194945800363,0.09922077568321781,0.11391869682621575,0.1292840344077054,0.108559374894147,0.19535469973381148,0.15023298848439037,0.06111779733851277,0.21446087927980903,0.10947506780513352,0.10133807759794224,0.07206293707008121,0.14874501591196496,0.1138684592745989,0.15242176971744276,0.08571764546730685,0.04605546151117285,0.025304441655444935,0.14474705593031337,0.0346495960311752,0.21663896383983652,0.03169132578091824,-0.012119473222072054,0.050707927788652685,-0.0038716144167298175,-0.0034541740236570446,0.08907896507635686,0.09543804637698151,0.059164854842447795,-0.13324811779269516,-0.054688956410565925
0.09473587452891089,0.02985435042608053,0.3113982611152618,0.09303817849389841,0.09094757950576665,0.14221551357308948,0.13109372398867078,0.16409181325364067,0.04877841088579253,0.05076851843758065,0.48782662419774114,0.16449138423521142,0.07311989073898918,0.06764630674009527,0.17126367429886705,0.12270966852451697,0.1825628184199769,0.10973261887312381,0.054087292318546046,0.1936768682212234,0.13877842442997862,0.09041897477497195,0.1494127015493195,0.0980465278252512,0.18835059559897757,0.12524504050855692,0.15446008747330597,0.1353309818080516,0.18772038954765022,5.000845216844444e-5,0.1493232828879587,0.09973718416829516,0.10962426016140366,0.14835810151318304,0.18112229177059616,0.06434236882338884,0.10852379960250937,0.08437337740543815,0.14960060596684235,0.11811248063742258,0.012306965293572189,0.16885352203811851,0.175699592092685,-0.01831536776881529,0.14367994845844573,0.049653481132672796,0.06473891168840891,-0.02056950499093669,-0.0959873988829005,-0.027603312012797213,-0.033684172599186823,-0.0627521730736814,0.06808239711452145,0.06395900347456067,0.07032890053118619,-0.032230921659791384,-0.038462104330477365,0.1352363766932562,-0.13664708627797514
0.11776272738922514,0.1489398106159686,0.30514100526559335,0.21391767776369205,0.11356697627530549,0.13714416606040486,0.2126939801561227,0.0692322314037367,0.09441890594504844,0.11512641472247757,0.16449138423521142,0.47292088036518704,0.07984355669360979,0.10274852322278645,0.135243312379474,0.15311367261771713,0.12950093038765928,0.05582511560807686,0.10777006199624263,0.0780259268881526,0.11141322817394818,0.10094004091159042,0.08527437799684351,0.0760107488898356,0.16716043666851332,0.07610346439296514,0.15016356662349722,0.054186114364223846,0.11242827929675855,-0.033178043495058394,0.12400866649745335,0.13414503338323255,0.09112777862909659,0.12351593119551553,0.03957817444823427,0.09260690189061793,0.07537833771461756,0.10294349992435663,0.06210130462553788,0.019316233391962957,0.03734031928343063,0.08319175635028182,0.10472837209697984,0.0935917444700996,0.0639188005740349,0.03428348153955339,0.018314830767205824,0.014582543982818443,0.15720495621221212,-0.06310048808923048,0.020403880861807982,-0.016726481765751706,-0.01113577401857242,-0.018645679444175275,-0.016546284160267544,0.08916824846026496,-0.0521222370769019,0.1089792577332413,-0.1860557082193715
0.04820521272092141,0.1154480430032547,0.18407732643964564,0.11161118731884202,0.0853783706461212,0.09191693294651747,0.06940639216422963,0.09531335345915995,0.0792418714531435,0.08136170805011207,0.07311989073898918,0.07984355669360979,0.18385715880205677,0.07289956043197332,0.051521168640072466,0.08954198428743346,0.081584348810811,0.08814245831983979,0.07550825370298203,0.0578034134420836,0.07766291049757532,0.13069244913374783,0.06499655895909259,0.07165772900692614,0.04263733326777598,0.08338749446398969,0.06579901223452193,0.06621726474692705,0.08861282922398098,0.021835207052589786,0.0605649131693844,0.08438851124769187,0.06724433571087678,0.08405051492053074,0.06876833228563557,0.06255564426073204,0.07548369597498816,0.053214114546711155,0.11183996458425519,0.031982502642458686,0.05702425335958743,0.06467281621778362,0.06080625837808981,0.07920951989897762,0.02427846711773166,0.048151655429194674,0.05781892357383367,-0.019415347340171234,0.08795012315013574,0.050452714585535546,0.010407998718303573,-0.04542419204240589,-0.010475016016442802,-0.022643262235095683,0.006849423639784611,-0.012712455881301118,-0.013646565966840716,-0.08645291699177751,0.09621680998290075
0.11009719134410098,0.039504290043512476,0.16810212287775642,0.27556448457057575,0.11880890157153176,0.14955377013416418,0.06935492139189753,0.15734391903115735,0.14890896099602213,0.13033894872181528,0.06764630674009527,0.10274852322278645,0.07289956043197332,0.3890436235276534,0.1536801354264882,0.19891423898874416,0.12386845299991024,0.11638100603067573,0.13269800083995917,0.11417432619775457,0.10884867745850337,0.14919577475759865,0.1211312363479305,0.13470484274082842,0.1433328344623549,0.20995675137286016,0.12945948092731702,0.12254939223971603,0.1003798505498404,0.03348338780130975,0.13145845574596077,0.23837235408292703,0.0802383676134526,0.13373836117695587,0.11937298001621464,0.047971132826648284,0.07143079200672574,0.1414412913769079,0.12700984583241795,0.09351185449220971,0.15641857203707787,0.09834484042352717,0.17240581036331173,0.14057235628674888,0.06190531611071638,0.013365289257386807,0.11435211504057333,0.03038366392233299,0.24864736324783285,0.006613529879955342,-0.01749892075140628,0.001261001226524952,0.027276610936454802,0.03160945824948494,-0.058493086823774104,-0.013797907042221686,0.09456367820489407,-0.06174439003610989,0.08483720097068707
0.11324663451529576,0.21108613559267836,0.28557779589071525,0.08471641906029477,0.09376600809768156,0.13586166864753832,0.07862378645382612,0.08082464888760502,0.13529410618883386,0.16783263991677333,0.17126367429886705,0.135243312379474,0.051521168640072466,0.1536801354264882,0.5184841292893566,0.12108940011033968,0.14600773870142172,0.19353493037976247,0.11127574120105596,0.15022878348522026,0.1391800677232685,0.07062836014060243,0.24219102300984394,0.12039913578577864,0.25235889444808474,0.22100286835829874,0.1505884460292654,0.2223785142562913,0.1600874450468632,0.1040652902376161,0.14539769975509656,0.12543489184196036,0.173462432270078,0.15624606997477844,0.17961900976470888,0.028783930590615896,0.16236352223518666,0.026473268801409443,0.18367890529433958,0.11147822500353236,0.05160492325588946,0.11853714564166365,0.18451301812850407,-0.014352516799427124,0.10858605966073624,0.041262226776435186,0.14172529289844282,0.019496010418371536,0.12596910671617872,0.12212115649446101,-0.0890783503650578,0.09058704838010294,-0.06963693296093147,0.020904465361183268,0.07688422901274573,0.058536795659735665,-0.037329573539367826,-0.014801239946871988,-0.018287371357720444
0.08823691650160073,0.14731362540869103,0.14566676021430877,0.23755885214620162,0.14574326622460193,0.12457523629571364,0.1452028455752599,0.0992856941988061,0.10539277760119227,0.08175436808311373,0.12270966852451697,0.15311367261771713,0.08954198428743346,0.19891423898874416,0.12108940011033968,0.6306811864413228,0.051895726437104925,0.13343078537253797,0.17993160585608473,0.0881684843141468,0.09603120287575931,0.12245005868944048,0.09389789940503164,0.11312728312772882,0.15306497416407397,0.10743257193877255,0.11997926380814367,0.0877593291484416,0.11574065795153428,-0.009549281897436583,0.09562768756487736,0.1844949527746201,0.06446119008803453,0.16487400641326097,0.09291248802646125,0.039835197178648835,0.07812052892993394,0.09429218435589776,0.16927323921485582,0.04880771697644627,0.10873509875024909,0.04184794593448876,0.1803931712792012,0.18476700984495598,0.03287284200184491,0.04466493576141607,0.07444970214992094,0.015851250810425373,0.11822019005074541,-0.1966645846685203,0.015207165944167697,0.022675662883340917,0.02126757825677694,-0.058054704037492584,-0.02671277438309453,-0.005122048359038012,-0.04254096169059194,0.062240059063855324,0.048210025490330446
0.07415429829607138,-0.0340162537126867,0.34987921782804055,0.15556628020299418,0.08360573114834395,0.12688135675295442,0.11022127061078392,0.17418255269028868,0.08782386842050914,0.15241314447983823,0.1825628184199769,0.12950093038765928,0.081584348810811,0.12386845299991024,0.14600773870142172,0.051895726437104925,0.6841619975931832,0.10639498984841958,0.14538905457262494,0.23899611482385819,0.19886653536590668,0.10325186059424765,0.20958100627105702,0.12246597121948428,0.28064359175276526,0.042438754455407506,0.1719054499681568,0.3400768416844924,0.16041862605975374,-0.08481669031512823,0.2439928887784119,0.077292246951601,0.2245921615368695,0.11669008925510926,0.24480844345956876,0.04650885169498566,0.3558593782961519,0.2723794914514617,0.1276801572109456,0.10836238263300572,0.2089762069492375,0.41536199013161157,0.17828165108981925,0.11759971447568351,0.3117479171476794,0.009891241601205575,0.07152930822191583,0.12338279247475112,0.03431654413683409,0.3263108256727216,0.04038913262776922,0.021197911124652094,-0.07615235823981734,-0.021108532960349827,-0.008185334829097942,-0.06587557998075025,-0.036971608631213425,0.0321285745525175,0.02022666869456026
0.11975144246194883,0.35041010941504513,0.3627016979671154,0.09297208913529537,0.11579077044191971,0.134317958871558,0.07981567231912853,0.17686517958825565,0.1192172692300933,0.20091344758119245,0.10973261887312381,0.05582511560807686,0.08814245831983979,0.11638100603067573,0.19353493037976247,0.13343078537253797,0.10639498984841958,0.7677942471537096,0.1545936991051525,0.01553611808235078,0.1491840271421505,0.20578403057225295,0.20500204041073805,0.09516659346689449,0.07139916290125442,0.37613317891163617,0.029778260059889178,0.1549594598881216,0.1504594648142597,-0.08126047019150215,0.11200554067050654,0.10604686861062525,0.14174637283758348,0.17333924267996786,0.08563895687256645,0.02685203031173045,0.1967547815831669,0.09331156636072906,0.15590481179391777,0.07393956149456135,0.11804324806914256,0.11300227006167411,0.11615087464955348,0.03817690866052088,0.10050474886863438,0.11933463337604115,0.27555130033886527,-0.005118125962107007,0.19927880645085982,0.0479416992805196,0.03829808876002823,0.17100007428220243,-0.0313204377351086,-0.11387868655589063,0.02455990315097978,0.027101602052404954,-0.050300239470649,0.1383743137911137,-0.09959083469093653
0.10947009156745903,0.22627477824593864,0.4849900047165891,0.14210226595019432,0.32286844065546727,0.30391663194683277,0.09569526868263345,0.17849810981483177,0.12471157656933127,0.06821843802226242,0.054087292318546046,0.10777006199624263,0.07550825370298203,0.13269800083995917,0.11127574120105596,0.17993160585608473,0.14538905457262494,0.1545936991051525,0.7860845965222591,-0.015342536410147914,0.1572539385231829,0.171158785935039,-0.116738978700159,0.13403067252474654,0.08997671647861445,0.0297909896108604,0.1551740354540685,0.17609896027050112,0.04189646763290816,0.06728385272904869,0.16383818267257427,0.141580139733949,0.1684649877975027,0.07712286270051265,0.031220921025007127,0.0833116724648492,0.17732902545783916,0.2460188090586378,0.17931513116570916,0.049910391891659,0.1069346783449498,0.036971029223444085,0.2067958939630305,0.15924125590274701,0.17149883991378212,0.08481750434541771,0.1065444834608105,0.05119711923165328,0.18562071638922606,0.1036077322323095,0.15998059772861614,0.17255975187314332,-0.14857109435730673,-0.10866592940231817,-0.023639871256020194,-0.045294159519112975,0.04690967794371041,-0.004624914991298735,0.02566762192905293
0.04780609228902428,-0.09409159170888971,0.18444513060317982,0.10965402960106467,0.05142217927059952,0.13886792050040364,0.06532513757122782,0.1466329929808174,0.09695244936778057,0.10487023771139763,0.1936768682212234,0.0780259268881526,0.0578034134420836,0.11417432619775457,0.15022878348522026,0.0881684843141468,0.23899611482385819,0.01553611808235078,-0.015342536410147914,1.0282119199972795,0.06885688098513555,-0.10578580220375206,0.18015023730246074,0.14250433132873316,0.22789485048062352,0.1973754038055329,0.013135743850491143,0.18649820677435472,0.34311510025362224,0.20134385734468588,0.10007293624434821,0.11291699149567726,0.08758710565275311,0.2892339302707813,0.2604682101241668,-0.14123250622975994,0.5057802555880796,0.19052493055157563,0.34694287399934287,0.23713014858172413,0.023614630964256707,0.2575825761883777,0.27310888258437405,-0.09586995159497114,0.2499370418798777,-0.005122157557211286,0.1060701027929379,0.19145503341578834,0.2821037053492978,0.11037034647797037,-0.09918998440793407,-0.0777235526113076,0.02541873801978444,-0.008292166316132757,0.18715732227168816,-0.07968652300407254,0.0924242945672019,-0.12704560377688287,0.024198827670982467
0.09571305771981461,0.3174406998955346,0.2595304792157526,0.1651166273767027,0.10841184020282744,0.11912266961910667,0.12986497980477885,0.07513337663782427,0.14235891769350567,0.0915655534184722,0.13877842442997862,0.11141322817394818,0.07766291049757532,0.10884867745850337,0.1391800677232685,0.09603120287575931,0.19886653536590668,0.1491840271421505,0.1572539385231829,0.06885688098513555,0.4063610290520429,0.17721622481310775,0.1319230052564251,0.11052270238692397,0.16575609287381432,0.05610809058952945,0.141343071819744,0.18867435652803227,0.14535737556283476,0.02214691200895182,0.27567599843359114,0.10189821527218818,0.21646215619083092,0.0774801653741048,0.14530548729807402,0.15992229000303596,0.1689048142774492,0.1961630363462456,0.16127527958409665,0.07523248307267277,0.1485994414374944,0.19264757830114024,0.15148528741795547,0.17026192357606262,0.24574495975413038,0.05218474809075504,0.09217010849652606,0.013776672762503474,0.08059823647335229,0.04598402951701322,0.029491089264793206,0.0008335604757922205,-0.00032585285775402363,-0.0241494001479202,0.005768513195855399,0.006978823944249624,-0.14305925254428284,0.04974331856175163,0.05304532448422999
0.11598223221355303,0.2183049009118015,0.31000478466070186,0.18103119205360668,0.14159618569680785,0.20672648571922853,0.1352914427388013,0.1127694680902175,0.17659872253455733,0.12106743701084698,0.09041897477497195,0.10094004091159042,0.13069244913374783,0.14919577475759865,0.07062836014060243,0.12245005868944048,0.10325186059424765,0.20578403057225295,0.171158785935039,-0.10578580220375206,0.17721622481310775,1.367032712921741,0.1486147563204157,0.12570020133128576,-0.2264469401623887,0.1631375594006579,0.2692722457824054,0.010361882906257731,0.04121516188964786,-0.034814779683219825,0.21440306719686245,0.2108066223319167,0.14679297624939064,0.0713776265188536,-0.025630735381327572,0.476586447864413,0.01285032664419218,0.3101161083034732,0.26090633735619834,0.08633607215236172,0.09853496455009203,0.2413150216699958,0.17878207625345846,0.2566906850226922,0.04425147121967154,0.4328324061693953,0.11248529125616627,-0.5893815630473048,0.2700879993181306,-0.061247809947176365,-0.01840655078826334,-0.29763220437684906,0.037577494046828155,-0.03415469406500531,-0.128982047765406,0.053331889451464956,-0.036425084529633125,0.017320651882252867,0.027431098528779316
0.09514167739330494,-0.45355197467063896,0.09976985354572447,0.15866897182919595,0.03984349613126441,0.028896110099355533,0.13030168140564277,0.009326118163757398,0.14445598205948457,0.15094539411954905,0.1494127015493195,0.08527437799684351,0.06499655895909259,0.1211312363479305,0.24219102300984394,0.09389789940503164,0.20958100627105702,0.20500204041073805,-0.116738978700159,0.18015023730246074,0.1319230052564251,0.1486147563204157,1.559872732238427,0.1449391873101468,0.6457408253131623,0.14754445289895265,-0.07554852561969362,0.26561466317166776,0.29034531037061906,0.10993336695572564,0.23625745357188765,0.0317823821059257,0.3435551467041346,0.23898114714443028,0.23621032704737255,-0.04249892338110883,0.36453044331552825,-0.10073068358665886,0.4844094166916535,0.019650272135419672,0.14886166491429748,0.15720532137511808,-0.00959671097051136,0.16493683723181798,-0.1295072066869433,0.06074151562341646,0.16488718744381792,0.08037094973909605,0.08871214887463146,0.477067571456469,-0.14406209124084762,-0.1397618405124944,-0.020888917738229564,-0.045412269835736624,0.31237799706430797,-0.014306472211678887,-0.14564328345677532,-0.11570301433219585,0.046273477977172815
0.05856445013568729,0.07191000451851814,0.2630932670184568,0.17487349685830209,0.1009244622986271,0.13687165739704585,0.07847660732086932,0.09441818172809288,0.13918562506384435,0.10996573163051825,0.0980465278252512,0.0760107488898356,0.07165772900692614,0.13470484274082842,0.12039913578577864,0.11312728312772882,0.12246597121948428,0.09516659346689449,0.13403067252474654,0.14250433132873316,0.11052270238692397,0.12570020133128576,0.1449391873101468,0.37625317606907865,0.1460188352937785,0.018948836484605738,0.0772267132883679,0.2409516868612296,0.013493181928480633,0.38236233030088,0.0724245481919262,0.20035330593775388,0.3770240262299933,0.07075701874546059,0.17818354253923782,-0.002870228750355929,0.2739985474449648,0.16097339220109363,0.11898457727476884,0.07788995285122252,0.00038522192361249995,-0.00812612584179359,0.15173075583202375,0.0990177443287671,0.11957848175914539,0.04076164368866315,0.22204765875149723,0.01741759998306421,0.1491083149038636,-2.8423558653151797e-5,-0.003329324931879242,-0.005230052267832897,0.025964669730731003,-0.022614897328484204,0.08197668419689806,-0.07591661056005296,0.14897614375504808,-0.502088672252152,0.361913181559929
0.1543821123954728,-0.10510793062597475,0.1305271928090666,0.24132581932248626,0.005229839869884317,0.1060979102154154,0.16717844028021162,-0.012307693248834774,0.15605911741465123,0.09802454042731515,0.18835059559897757,0.16716043666851332,0.04263733326777598,0.1433328344623549,0.25235889444808474,0.15306497416407397,0.28064359175276526,0.07139916290125442,0.08997671647861445,0.22789485048062352,0.16575609287381432,-0.2264469401623887,0.6457408253131623,0.1460188352937785,3.811910646582796,0.23150653079389633,0.31517359404288725,0.20150392023576924,0.6392432516520726,-0.04105268955764273,0.5235892185662271,0.13591362089527853,0.19230390717938645,0.3935871169349622,0.29061038270913314,0.21830133903022983,0.1018121210322277,0.18254472768345975,0.3421800735702644,0.037080343602811726,0.18955096647196468,0.19540988589261032,0.342648687302409,0.21918206486373445,0.14157411590058197,0.0708324022262669,-0.03025239978734963,-0.0167049739592079,-1.0361962694608597,-0.24226858826928876,-0.12290252757302514,-0.17397443024762446,0.04260307232110422,-0.005514951087059946,0.29036963661054527,-0.10132365631009692,-0.052095553517878083,-0.008795967290526802,-0.062378079014845975
0.110465534922289,0.04072803140668671,0.21078739670205926,0.11643163844525303,0.10242365225170427,0.17980675936887408,0.05415867716185703,0.16178998608047435,0.17967124561371542,0.1353862574048924,0.12524504050855692,0.07610346439296514,0.08338749446398969,0.20995675137286016,0.22100286835829874,0.10743257193877255,0.042438754455407506,0.37613317891163617,0.0297909896108604,0.1973754038055329,0.05610809058952945,0.1631375594006579,0.14754445289895265,0.018948836484605738,0.23150653079389633,1.603020030489131,0.03644197975205943,0.16014575420835406,0.09893884665464546,-0.46229740567809413,0.12490488982792011,0.2390958767141567,0.05727372595751068,0.17610452945216087,0.08845836139931774,-0.03418738975576896,-0.17806958642412168,-0.0035337868513631186,0.29209502968233625,0.22538458044366022,0.07309908441025634,0.27282918497171915,0.22339676037640877,-0.13007219869033937,0.15862791262675757,0.027893037339888304,-0.009298048967242156,0.01808147069268123,0.4248089843900206,0.33050556543904736,-0.21595011857412902,0.004897732953488093,-0.1892407478854543,-0.07824954914395874,0.03660745351662187,0.06664199476289963,-0.0028258110402061554,0.157220186450477,-0.12719604975527207
0.15384281001534952,0.4582506460137267,0.45310553011608956,0.060152695743504736,0.029160448408579183,0.11364512214270617,0.09405082859826816,0.21339895550133495,0.17411285694557682,0.17136863075551892,0.15446008747330597,0.15016356662349722,0.06579901223452193,0.12945948092731702,0.1505884460292654,0.11997926380814367,0.1719054499681568,0.029778260059889178,0.1551740354540685,0.013135743850491143,0.141343071819744,0.2692722457824054,-0.07554852561969362,0.0772267132883679,0.31517359404288725,0.03644197975205943,1.7951236504582855,0.235999226030133,-0.06047478863596188,-0.2563435996130886,0.4212587732529468,0.17953149894073606,0.1562087430891484,0.1054869743452869,0.19354260342968324,0.47074205782720174,0.03543465383710774,0.2893970451117672,0.1271810271825003,0.28860099253021215,0.3191939647925722,0.4002716242780401,1.3756489293980718,-0.24782962903559208,0.17448496156055934,0.19589127111806948,-0.0535701416360124,-0.05939648610527591,0.1320525285439672,-0.17386402849260202,-0.0016236734347315027,0.11083937108432089,0.039417282501832344,0.013918054402782506,0.13912056108879034,0.04026927683837489,0.1691924498450755,0.3064552626597373,-0.30641179695257303
0.09228618407283065,0.06529568316280134,0.3108787392732766,0.08433436065852595,0.03905720113948545,0.1045340757202626,0.05808330555160574,0.0590706364060281,0.13674521182197272,0.1434900205964705,0.1353309818080516,0.054186114364223846,0.06621726474692705,0.12254939223971603,0.2223785142562913,0.0877593291484416,0.3400768416844924,0.1549594598881216,0.17609896027050112,0.18649820677435472,0.18867435652803227,0.010361882906257731,0.26561466317166776,0.2409516868612296,0.20150392023576924,0.16014575420835406,0.235999226030133,1.3362987674591644,-0.1413604465200704,0.14525756264840933,0.2730852175531058,0.07655802435769278,0.6941563718052713,-0.06896572786895953,0.8713614453473847,-0.2666167247251724,0.4624071366958763,0.10328008763060101,0.19779574266923328,0.18639347184462024,0.06258702542209167,0.11477486747393835,0.3909135640501424,0.049428623857546004,0.3420957778176999,-0.13204399242070072,0.17245990300256656,0.19201592784999716,0.29741524492289917,0.25386872878527805,-0.08311390373582235,0.3942334180974327,-0.3272649641183854,0.032693213615487465,0.27337669659348307,-0.007610096808461733,-0.02008572827269224,-0.3224217010277679,0.2618539406186252
0.04026329258367325,0.1285123849152227,0.24028594205311257,0.16994545463722885,0.1355375128111563,0.20901884226700232,0.11905806549198253,0.12237713951467953,0.06427475040372596,0.13471194945800363,0.18772038954765022,0.11242827929675855,0.08861282922398098,0.1003798505498404,0.1600874450468632,0.11574065795153428,0.16041862605975374,0.1504594648142597,0.04189646763290816,0.34311510025362224,0.14535737556283476,0.04121516188964786,0.29034531037061906,0.013493181928480633,0.6392432516520726,0.09893884665464546,-0.06047478863596188,-0.1413604465200704,1.7817627932262825,-0.13648878142591406,-0.14247807944243604,0.16319968656798656,-0.286641709308847,0.7119430295589808,0.050478664589520494,0.2697108165011741,0.19150606447449078,-0.05597209660195214,0.2369202478799923,0.10486950678854404,0.23964546142337464,0.3103931289239562,-0.16348971908474885,-0.012718019618681778,-0.1571380964148919,-0.040093902735716,-0.007348567901468162,-0.030996267729062783,0.12927571994264553,0.2893557209479282,-0.2597652761344875,-0.2497686722673461,-0.065237073916779,0.07713514787164263,0.10532090333021493,-0.07478038459461059,-0.009420073521556944,0.11397003880437152,-0.11960844759477501
0.02161792733634847,0.11012051106943302,0.23177577707689404,0.07617981551058804,-0.054468003557848296,0.07340366014514335,0.004715288638745368,0.08256770205224927,0.14785654770103043,0.09922077568321781,5.000845216844444e-5,-0.033178043495058394,0.021835207052589786,0.03348338780130975,0.1040652902376161,-0.009549281897436583,-0.08481669031512823,-0.08126047019150215,0.06728385272904869,0.20134385734468588,0.02214691200895182,-0.034814779683219825,0.10993336695572564,0.38236233030088,-0.04105268955764273,-0.46229740567809413,-0.2563435996130886,0.14525756264840933,-0.13648878142591406,3.0579869732481653,-0.08432272560601711,-0.09707756288430094,0.2931435489311489,0.008096676118886955,0.3744847936524035,-0.044003146739623765,0.9871471315940464,0.06739129869158225,0.08419285815586154,0.0489381713607734,-0.13695722100147137,-0.7692416082115832,0.14467485050957116,0.16375172218592804,0.22162035731264487,0.0547320663331706,1.1349840967869238,-0.0403727116667046,0.27368685070814214,-0.26096881189668236,-0.10327437699866444,-0.17497503920351107,0.2456561305778079,0.08007752999786877,0.21856007050258777,-0.0852557955784219,-0.05266311521613176,-0.4324914467761453,0.31678631018679193
0.11930162639233885,0.1273757354931384,0.208827489428937,0.1819618555672226,0.09369887355413724,0.10562865255209844,0.14388838694288866,0.08386987645299543,0.15019013890327934,0.11391869682621575,0.1493232828879587,0.12400866649745335,0.0605649131693844,0.13145845574596077,0.14539769975509656,0.09562768756487736,0.2439928887784119,0.11200554067050654,0.16383818267257427,0.10007293624434821,0.27567599843359114,0.21440306719686245,0.23625745357188765,0.0724245481919262,0.5235892185662271,0.12490488982792011,0.4212587732529468,0.2730852175531058,-0.14247807944243604,-0.08432272560601711,1.3800366880495212,0.12357563762089778,0.16285059879347702,0.15901333885790583,0.2808597771489557,0.5583297339860323,0.31822104270793655,0.3233498291017769,0.21610994243451384,0.03706203368254782,0.4424240956277144,0.2130636725466436,0.07525396899204471,0.33467290182853665,0.1012538098035196,0.05521955970877908,-0.0021908632334604,-0.03861763374875737,-0.19963952479260277,0.07978943795507254,-0.012837348362910951,0.1275132580145437,-0.07038730023184572,-0.01517183836998097,0.1499269114387879,-0.010329147966755988,0.003803003696216318,0.10114415751242042,-0.2016201886474563
0.09216334737240482,0.09506890339866868,0.24123119544365623,0.23174020500185416,0.15389495559795244,0.19402786106879763,0.10598345060999263,0.13432470093502646,0.15401694404485106,0.1292840344077054,0.09973718416829516,0.13414503338323255,0.08438851124769187,0.23837235408292703,0.12543489184196036,0.1844949527746201,0.077292246951601,0.10604686861062525,0.141580139733949,0.11291699149567726,0.10189821527218818,0.2108066223319167,0.0317823821059257,0.20035330593775388,0.13591362089527853,0.2390958767141567,0.17953149894073606,0.07655802435769278,0.16319968656798656,-0.09707756288430094,0.12357563762089778,0.5843581720367841,-0.016558725249024003,0.22009422452950564,0.05868864704772914,0.10045425891295319,-0.09528405834520448,0.16384244717051946,0.1518495675223667,0.09135136744669585,0.12164779592103231,0.05674325919331453,0.17310192180354722,0.11934186414825908,0.014929993094834589,0.023433232343701992,0.02958925123850936,-0.04423890086552232,0.20060979472113544,0.03685432761284797,0.0159212272229612,0.010060040844631668,-0.10378814989457007,0.033450065457544365,-0.047304657619437175,0.0046693610465483905,0.3738186083825526,-0.35442580710952326,0.028884833076921405
0.10948286190772581,0.14204491355742974,0.29927706353742994,0.07321469460973619,0.03880552863314917,0.03583716052744427,0.0966832403304151,0.035470126664869074,0.24060300803196455,0.108559374894147,0.10962426016140366,0.09112777862909659,0.06724433571087678,0.0802383676134526,0.173462432270078,0.06446119008803453,0.2245921615368695,0.14174637283758348,0.1684649877975027,0.08758710565275311,0.21646215619083092,0.14679297624939064,0.3435551467041346,0.3770240262299933,0.19230390717938645,0.05727372595751068,0.1562087430891484,0.6941563718052713,-0.286641709308847,0.2931435489311489,0.16285059879347702,-0.016558725249024003,1.595680025828934,-0.3330550830626392,-0.003162674500161945,-0.29146481107906236,0.3821290552815128,0.12752952140830193,0.00022273314768240024,0.01653966035850535,-0.5313401257276675,-0.10393069902210926,0.29576180003616787,-0.1070794912792635,0.24895304885262262,0.09537776390663609,0.25397612460548896,0.03525677737216572,0.08639450982907342,0.01061560269981722,0.047304929347061535,0.11310410374951713,0.07638484350571305,-0.18166626624158272,0.18148089741705087,0.10386222108359641,-0.14371335690703121,-0.40618679974056887,0.34844799529180354
