5.017749112647702,0.6845243798847789,0.8465744001729912,0.35923504541159595,0.7249865643131608,0.5784735998892137,1.0125276262955565,0.6904669536147294,0.6172024676796549,0.7549464702301666,0.563816902201149,0.889590930134265,0.5588774771414238,1.0291193195893678,0.7105350123099882,0.6711218974678862,0.6331610171437876,0.5916990129433883,0.612926536569984,0.5467927137322802,0.7044681617570556,0.6144726283655271,0.36798839198537453,0.6650420618073422,0.6430089633047608,0.5643681031200352,0.6578483577363726,0.4918624512217026,0.7265593897666046,0.5995885348801282,0.6794520789009708,0.8310705733992073,0.7811499783674979,0.3260660072426301,0.27266461937394343,0.7360513046846886,0.4021819694978131,0.4403175991755876,0.4890864652156446,0.11064753974401118,0.4984355615576491,0.6255862683896513,0.38581624816629406,0.5377740318083487,1.0079210495927866,0.5290265855915972,0.6203179402878832,-0.05610467576841934,2.0433761611023202,0.1017070486060025,-0.009696073898433251
0.6845243798847789,3.9715473725853494,1.7369955503906773,0.44953648008282215,0.3948442353061412,0.4716030596658007,0.4534095882479517,0.46382087721655524,0.42478449410268165,0.55485557317548,0.3812721355372215,0.5114900576882269,0.30656108213520505,0.3728676631678145,0.5504255531376733,0.3062775854391081,0.44591586002779104,0.8123033806458704,0.42518552439558377,0.5804611757364602,0.6711865194081171,0.3418696764830531,0.3630257371200592,0.4067237501696421,0.5403731493992855,0.4787856922415841,0.5203803608883559,0.3891488151550032,0.893433206336163,0.21088626550923503,0.5722326659079591,0.39463875303194457,0.5457460040272227,0.5990306362617616,0.28409263457665973,0.807554136200383,0.8175629950718699,0.392377805616885,0.5535888660815989,0.06562708574026618,0.43934243703436293,0.3377188552843397,0.3688340414239696,0.3583388573369966,1.8972059977398732,0.5788753824595783,0.5205032534793145,-0.06799137281592718,0.6463605745054886,-0.1879330697744699,-0.07156923995905949
0.8465744001729912,1.7369955503906773,3.33363695314048,0.3461597666945543,0.31972503823916004,0.6244030583900706,0.522912084003898,0.47430885769060344,0.5863555338734326,0.6704469956592448,0.4492541135856765,0.5690337975327393,0.3733436516598759,0.42957923929239816,0.6230066584710046,0.4881866285770407,0.5787646092708272,0.6091484719004966,0.4984632343764634,0.49085131006878213,0.6252664484514997,0.5033809424007925,0.4495466321032259,0.5189423378355609,0.5386225514455578,0.4925966431465698,0.5557047985741833,0.44071823742535654,0.6832213829196346,0.06509626038653914,0.5606500827324251,0.47315373443504183,0.6733939367247971,0.6912908718424853,0.2178265268654492,0.7023529581795979,0.6799196142655326,0.3851034304268016,0.4442865819798112,-0.3440128925744039,0.33105967080069443,0.48860974717954736,0.3520938113382471,0.7073534783400437,1.7729520022266703,0.720643538989932,0.4196725327096613,-0.0868642524991022,0.5555549896367538,-0.058086695607919354,-0.04227629635558397
0.35923504541159595,0.44953648008282215,0.3461597666945543,0.8688587487919718,0.6238534979120087,0.36856409862649286,0.3685838414906124,0.3313660767870912,0.28016765391630494,0.31849566336637797,0.28430654479454187,0.35987592467812896,0.27114001088021217,0.3847745361726797,0.37154138885852134,0.3005561897217123,0.3040115423064662,0.35419014670930327,0.40868628775968674,0.33444633076338615,0.3457284254881184,0.28145469267299406,0.23401575559312068,0.3565823895167436,0.3172440526169202,0.3207401279736675,0.26408511354437514,0.24930449184178097,0.3784754669861771,0.23768847051433573,0.34959949243252086,0.3554580720145904,0.36322830059446787,0.43236982586988737,0.20494425092136762,0.370948561518137,0.31554989110670845,0.23430889263385554,0.4301069779543764,0.08986633242538382,0.22807965936994792,0.28983269629289776,0.27681791247164916,0.3835712170230956,0.6763359865451501,0.2318158586569371,0.31505172705348194,-0.008601725390693548,0.5100822485795442,-0.029286815179794465,-0.059997832504104454
0.7249865643131608,0.3948442353061412,0.31972503823916004,0.6238534979120087,1.2559501597841574,0.38087946283623686,0.4093230293856023,0.4002147170612504,0.28708400784510135,0.4005066758507173,0.32908300051431866,0.4541355862542778,0.3285985132082601,0.4085602831069109,0.44899438660087493,0.3956988234955682,0.32919819954918494,0.3678576807048324,0.6522726128006517,0.27028911859247606,0.3345719854626822,0.32557018643684593,0.1896713678808065,0.35801934674908265,0.3676583182864686,0.36609153817338774,0.27253975667874186,0.2764776568852918,0.40967541653624995,0.13468079301320823,0.3995523347245414,0.3992288662638503,0.38303769147344663,0.45845895336484693,0.21842719138106348,0.3751697223245996,0.29898826169313036,0.20876608476078842,0.4015633879239789,0.08746736691906322,0.212652036943624,0.3604991034110955,0.15975080988052306,0.34312478003266117,0.4306870776404716,0.23408409410857392,0.2556118574742469,-0.009408166505956092,0.591035423182905,-0.054355602525032076,-0.010103800452159719
0.5784735998892137,0.4716030596658007,0.6244030583900706,0.36856409862649286,0.38087946283623686,0.811461322768267,0.3310927588668763,0.39083927221173237,0.32018633773729116,0.32425701817316416,0.3561230988514507,0.3352566297319935,0.3082644544184047,0.3861869117060095,0.43126777097226926,0.3457597808768243,0.4046816632919594,0.36295978779691057,0.5149149310035487,0.48902479130510035,0.4331551159176336,0.3542649142133913,0.2674362160498164,0.4197947170303305,0.3692821206527443,0.35788255459051704,0.3276734976441305,0.3411397345147273,0.4557362597972663,0.32245966523831787,0.38732060522503864,0.3844953724360285,0.41975754558836126,0.46402650900409415,0.2608348720704094,0.3576691602968765,0.4321759607656846,0.29953967270148196,0.4536220447671731,0.07198732394737807,0.14403711309893777,0.3426367162749342,0.37589675780226994,0.553870087143885,0.8297298938382731,0.26110060299307597,0.43720292791948917,-0.017592857190724485,1.0231612396186245,-0.013807995014460919,-0.006332755358555405
1.0125276262955565,0.4534095882479517,0.522912084003898,0.3685838414906124,0.4093230293856023,0.3310927588668763,0.7083657154268843,0.2703264218193167,0.4383435660391615,0.3646237995191114,0.3294382978866911,0.5334104610936222,0.3008361683601485,0.3758400748721924,0.36422152799514207,0.3691935070789733,0.40448706851182503,0.3583229265095984,0.3265519497648213,0.3184637507606012,0.42197067550792516,0.3899031743010854,0.262716329632277,0.3763189613391141,0.33795551920427147,0.3215962196609718,0.34369071602660684,0.27435135921819465,0.43291200016043885,0.25298175099747217,0.3621794268416046,0.39321712745860393,0.4121464011797351,0.36777829648255206,0.16941987348253576,0.448135580008048,0.28254651497012023,0.23087230999543473,0.36659126518757185,0.08698253199100656,0.2569138755938133,0.3710625252474725,0.24330679791623494,0.34403981919549464,0.7385955000028773,0.2415974478540169,0.27111681053177594,-0.025543464351644143,0.7079681183591954,-0.02538549190647255,-0.00920750611883316
0.6904669536147294,0.46382087721655524,0.47430885769060344,0.3313660767870912,0.4002147170612504,0.39083927221173237,0.2703264218193167,1.0914538249405448,0.18712931712375555,0.4287953691062089,0.4416981294804735,0.3656600870057038,0.36155051440543334,0.3651911021040529,0.33522484844595085,0.3894886279359374,0.3971866909882569,0.4011236117107698,0.382552997307529,0.40947246067656995,0.27790129757383847,0.299168059187965,0.23704465047185708,0.3256845987409098,0.4460210864330896,0.3329032389131346,0.36347651731779046,0.30907046088712437,0.3441040017961757,0.38960732527067266,0.3252270472545738,0.33547779930506216,0.33675342221943916,0.3519712699010315,0.2922110754260635,0.339921234465489,0.40186240741455015,0.26563372643108707,0.34405281246041247,0.06690631120415526,0.3092379779946138,0.28609510334266763,0.3644398807791596,0.43700897495624624,0.5314319260009439,0.2507682836773618,0.4769237473281794,-0.016354504984539726,0.9306896872305847,0.020082885511510485,-0.009349219013494172
0.6172024676796549,0.42478449410268165,0.5863555338734326,0.28016765391630494,0.28708400784510135,0.32018633773729116,0.4383435660391615,0.18712931712375555,0.8424578242442573,0.2482094194202244,0.2878983771350752,0.29665654240084866,0.27134525519229413,0.3545892061846847,0.3582916625431942,0.19738265121619758,0.36252364214840854,0.28768061251580807,0.2712123702742929,0.3402887444633286,0.4111196710340881,0.4561356026164949,0.23341913225840863,0.34264814042647146,0.25681529000247383,0.4368246187762046,0.2965394651758101,0.2567468248688362,0.35407358469790895,0.22710152397448172,0.329859404169701,0.35521658731751055,0.36788904340458095,0.3282148784233652,0.17573943901979236,0.3977367618262889,0.256666804831866,0.2359114399004624,0.344454266038668,0.09422533664384304,0.2770392882035471,0.34531242121865946,0.2575013023789207,0.31606105201199264,0.8484543333546495,0.33135026042163973,0.2537500710204582,-0.03223686574591144,0.1588279727831685,-0.007263064914217085,-0.018657297142501757
0.7549464702301666,0.55485557317548,0.6704469956592448,0.31849566336637797,0.4005066758507173,0.32425701817316416,0.3646237995191114,0.4287953691062089,0.2482094194202244,1.216188351840967,0.2944316241349005,0.39339377720786045,0.28222720768770587,0.33796608389459,0.4106979256706633,0.3769875436603622,0.36708691093321233,0.4770526235332716,0.35123425637632677,0.302831022052561,0.3646017749616009,0.29627709100829513,0.2602590496919796,0.34044014120533866,0.36352379608547963,0.3177528004891863,0.34571173571937863,0.2988081898019926,0.4502362260961944,0.24674526636594094,0.40100488413969965,0.3464813658537842,0.3477865997461092,0.5485185568443699,0.2873928007109186,0.45363653516372976,0.4238966292335704,0.2244956882131325,0.38253694452824666,0.056133450357062846,0.29971540572640926,0.30827196057751766,0.27930837531556146,0.3772528202067576,0.7398004374302587,0.30327832699664176,0.37560552183427326,-0.029202849246838074,0.8149611767807302,-0.02872559514136775,-0.009778955334252522
0.563816902201149,0.3812721355372215,0.4492541135856765,0.28430654479454187,0.32908300051431866,0.3561230988514507,0.3294382978866911,0.4416981294804735,0.2878983771350752,0.2944316241349005,0.5771763888436112,0.37857056642171266,0.3548845172786609,0.3335500180635014,0.46225843788905396,0.3116510233417229,0.3942357255286814,0.3119905877633889,0.30006109902401307,0.3722000584550222,0.3246890902283486,0.2956019572074106,0.2228058373197876,0.3125700604731223,0.3557732711822757,0.33376059719156637,0.3230523878676554,0.2762995140914259,0.3696405036908023,0.27481375058957047,0.30984755411499054,0.32729344209218775,0.322651926502873,0.31429748177837036,0.24098929890331475,0.36059247032144764,0.28987026599095256,0.23606656228373757,0.3276462810855234,0.09433826893148096,0.2786176318672238,0.32235795283395213,0.24869499993444222,0.35237532855841386,0.5470263980688621,0.28052992625376577,0.3167370705212231,-0.02557210786291596,0.3871741194334867,-0.026182736077271354,-0.00040261558083738166
0.889590930134265,0.5114900576882269,0.5690337975327393,0.35987592467812896,0.4541355862542778,0.3352566297319935,0.5334104610936222,0.3656600870057038,0.29665654240084866,0.39339377720786045,0.37857056642171266,1.0517565757921363,0.26462164659977394,0.40686602685888984,0.3398916114199845,0.3134505846534588,0.40138557268889047,0.4435882939476517,0.3485192672379185,0.2970538448731015,0.38855693652496676,0.30254805141878643,0.2692280636432583,0.37011862430979714,0.429324552625799,0.2756471734897953,0.3965469830898792,0.28782052401943536,0.5028119453579432,0.24903301631800626,0.3672541515499436,0.4277924372786002,0.3933275619742368,0.39239988882865473,0.2181143647359022,0.5287510589895991,0.2268281644720922,0.2111653131516107,0.34770695693817216,0.09478225063258479,0.2794894936207955,0.31285752969294633,0.21510955340462232,0.2774599717658019,0.7274510812980809,0.2552286966214935,0.3499940288734661,-0.029795217577967565,1.272470302530337,-0.059031669637785514,0.014452946553442411
0.5588774771414238,0.30656108213520505,0.3733436516598759,0.27114001088021217,0.3285985132082601,0.3082644544184047,0.3008361683601485,0.36155051440543334,0.27134525519229413,0.28222720768770587,0.3548845172786609,0.26462164659977394,0.4779780234713615,0.3246170425043461,0.24707423128344197,0.2980070220193923,0.2936424804177983,0.2511829549914052,0.29810793185908663,0.2855074400819055,0.2617858970627761,0.29863591549655744,0.14168845785803472,0.2718580936060254,0.2618120321013839,0.32081736511878856,0.29016995027827347,0.22443845439466673,0.30995958635688725,0.18722657853096852,0.2614865282869134,0.3168453377635585,0.26862535170180774,0.2804232141766949,0.19412242086000864,0.29933115955812345,0.210274283769067,0.1932969860596115,0.2669753611656308,0.08159050195524833,0.2194280995327903,0.26329325912695895,0.19787923144041986,0.24358738563828852,0.4322596133942082,0.20796044401083166,0.23955479574295602,-0.017218521040612594,0.4083296219954958,-0.015577336502493374,-0.0016939134142284265
1.0291193195893678,0.3728676631678145,0.42957923929239816,0.3847745361726797,0.4085602831069109,0.3861869117060095,0.3758400748721924,0.3651911021040529,0.3545892061846847,0.33796608389459,0.3335500180635014,0.40686602685888984,0.3246170425043461,0.7805854219900509,0.5387698710576905,0.38972374427940387,0.3538183481872862,0.32012389437274885,0.3631157760466526,0.45477841921589246,0.3999396078172918,0.3495876879671908,0.2655182459411748,0.4470986426913164,0.40226784590328457,0.47038923007320566,0.3856799906329056,0.3118856998834587,0.4232838988749261,0.40210231190548734,0.40702820202649576,0.5676520675214068,0.42524901330350173,0.39285372844929045,0.26906580646219,0.4351554496996077,0.2792479403670037,0.3129119502648955,0.4190613028979099,0.09034776227710188,0.3676849531959248,0.3742733910310929,0.3461988870951797,0.41794100847050836,0.741123115336471,0.304299490999638,0.4155363346532156,-0.02170224674875545,1.1245572826329755,0.022711098071953657,-0.030652734574437804
0.7105350123099882,0.5504255531376733,0.6230066584710046,0.37154138885852134,0.44899438660087493,0.43126777097226926,0.36422152799514207,0.33522484844595085,0.3582916625431942,0.4106979256706633,0.46225843788905396,0.3398916114199845,0.24707423128344197,0.5387698710576905,1.3120498416591193,0.4144580798278851,0.4430667804807598,0.35779816300319256,0.3799172835002862,0.4837427909333403,0.4519263107984569,0.31132992920023617,0.4078921984098487,0.4678400122966053,0.5510097427638919,0.38883476722634575,0.38512307384063377,0.38514656241498035,0.49057023051303694,0.5714282193223892,0.43850611755818864,0.44298832500960394,0.4516991338061776,0.4845694556877621,0.3605994036614966,0.49352259926064374,0.46437540867844024,0.3161393849829256,0.4765131686007643,0.058385664875775276,0.45288931869923976,0.4549199467405201,0.3559544977178643,0.633828261177748,0.7264479278075582,0.45569802515708546,0.48476489161905406,-0.04098119256609836,0.7435792021448129,-0.02691501790054359,-0.004536032849034378
0.6711218974678862,0.3062775854391081,0.4881866285770407,0.3005561897217123,0.3956988234955682,0.3457597808768243,0.3691935070789733,0.3894886279359374,0.19738265121619758,0.3769875436603622,0.3116510233417229,0.3134505846534588,0.2980070220193923,0.38972374427940387,0.4144580798278851,1.6628397408515105,0.45640029725472553,0.3768838332154961,0.3915684777300657,0.18685054656721084,0.25947555985552134,0.7372744604851674,0.6202599650416308,0.4154377845231622,0.5832470083599847,0.15489398999381443,0.4413065189760202,0.30761270288612025,0.39844641212371246,0.3837927334290138,0.3209053359618298,0.4731079946016989,0.34795833514723956,0.5286719526557442,0.3205923131977096,0.3333831693269725,0.3894572041280543,0.1954099314939567,0.5207218343790696,0.03924187399718422,0.40589357902678935,0.4909405667695699,0.39688006750522337,0.9255328490687459,0.095767574059876,0.21846501186104114,0.3935403456918531,-0.018773136212861728,0.5886931726533163,-0.02584057750109575,0.012002821827208295
0.6331610171437876,0.44591586002779104,0.5787646092708272,0.3040115423064662,0.32919819954918494,0.4046816632919594,0.40448706851182503,0.3971866909882569,0.36252364214840854,0.36708691093321233,0.3942357255286814,0.40138557268889047,0.2936424804177983,0.3538183481872862,0.4430667804807598,0.45640029725472553,0.7677104327713227,0.32107975975601427,0.3437648834888905,0.46607504863241894,0.42422982915373386,0.43012615737316723,0.2641099037246408,0.39047819065861733,0.40635318094383005,0.29251443232400925,0.35467267127166574,0.4094904239191526,0.4131769026974353,0.3515973315703395,0.39789955006711714,0.3601639254992197,0.4327570456562426,0.40694865178816614,0.37693839095760945,0.41407153997607726,0.48270327453705186,0.2981915873680498,0.4307791058446826,0.1199488807329457,0.3189813662616018,0.4553997948424516,0.35538929323414714,0.5257492712573609,0.8543976769845735,0.3000687669078783,0.38142060844291364,-0.03272052335951316,0.666740114713884,-0.051292707898666946,-0.001125358143199741
0.5916990129433883,0.8123033806458704,0.6091484719004966,0.35419014670930327,0.3678576807048324,0.36295978779691057,0.3583229265095984,0.4011236117107698,0.28768061251580807,0.4770526235332716,0.3119905877633889,0.4435882939476517,0.2511829549914052,0.32012389437274885,0.35779816300319256,0.3768838332154961,0.32107975975601427,1.3162258123983153,0.32753635122659314,0.10617481419192658,0.5067807609906996,0.32618900099098935,0.6374774212254442,0.3278755826146739,0.47824709155278855,0.5219409586686335,0.22688310741879691,0.23373918280061542,0.5982370245574614,0.15377838444006778,0.5436166031454401,0.3409701582052404,0.38083221993776767,0.5291264495456606,0.16946018452351327,0.7535663885938341,0.26341765642807535,0.14450885125212956,0.5999697895737343,0.23909311621954593,0.4892592006596345,0.19261341867581472,0.4434497199989028,0.3804451056091939,1.4004644351435949,0.41916823211191134,0.6953238491477907,-0.05092422569107378,0.7478139470717815,-0.10486263814110032,-0.016716174767862586
0.612926536569984,0.42518552439558377,0.4984632343764634,0.40868628775968674,0.6522726128006517,0.5149149310035487,0.3265519497648213,0.382552997307529,0.2712123702742929,0.35123425637632677,0.30006109902401307,0.3485192672379185,0.29810793185908663,0.3631157760466526,0.3799172835002862,0.3915684777300657,0.3437648834888905,0.32753635122659314,0.8562842234694718,0.2926508373340022,0.35967008637603237,0.3352448121532642,0.15546436511356754,0.37374192214645063,0.3412604301308551,0.2734075032018305,0.27376636393282905,0.32983699590242216,0.39625080415869113,0.2772933837805726,0.3829908775233837,0.3562886116040966,0.42112294468255845,0.42032551616593233,0.25844663067444346,0.31818954301581914,0.34386041940165063,0.2191760824482051,0.43787129324488167,0.0457800290695883,0.19999814751293252,0.3332474161332319,0.2369450065088466,0.44579595035909375,0.5603406272499877,0.2645023001164274,0.3247526352655807,-0.008248244225591634,0.7431265592314763,-0.022940595271141118,-0.013810615817859825
0.5467927137322802,0.5804611757364602,0.49085131006878213,0.33444633076338615,0.27028911859247606,0.48902479130510035,0.3184637507606012,0.40947246067656995,0.3402887444633286,0.302831022052561,0.3722000584550222,0.2970538448731015,0.2855074400819055,0.45477841921589246,0.4837427909333403,0.18685054656721084,0.46607504863241894,0.10617481419192658,0.2926508373340022,1.6254066461974797,0.3606002534666789,0.26633937466823465,0.08445989773582861,0.4661313430651929,0.36213888586532034,0.482436568311041,0.49869252116188867,0.4683464123908042,0.4251046839175465,0.5784146528310989,0.4230208023532874,0.3911189689353886,0.4100616256562363,0.4353806543449694,0.5056182483785105,0.41483891672948864,0.964455950674797,0.7547622374852552,0.43407640624986576,0.2917181786175489,0.1887336989314969,0.4982773154959149,0.6880667521538434,0.3506994501749905,1.3792025842189921,0.23461785529865176,0.3027112802554947,0.013838617377882551,1.2512947518256035,0.008616609591611922,-0.035713030713077236
0.7044681617570556,0.6711865194081171,0.6252664484514997,0.3457284254881184,0.3345719854626822,0.4331551159176336,0.42197067550792516,0.27790129757383847,0.4111196710340881,0.3646017749616009,0.3246890902283486,0.38855693652496676,0.2617858970627761,0.3999396078172918,0.4519263107984569,0.25947555985552134,0.42422982915373386,0.5067807609906996,0.35967008637603237,0.3606002534666789,0.9295681297069784,0.32516910322764603,0.33577003054147914,0.38130567764897094,0.3596491526244235,0.3848528414390693,0.29642658584520554,0.3957236041557819,0.5235477559088738,0.4249459005855903,0.5235536462875049,0.4036176303022123,0.3996211808040377,0.43553412354310733,0.4295562965430829,0.5905170859114364,0.29935878020334133,0.2653716563309349,0.715055435243983,0.3129130537073326,0.5671294260315533,0.38835143837640695,0.40038219462001035,0.4815315458524514,1.8075700879254026,0.40058677738873094,0.5186193082967413,-0.04617748202782456,0.9619349196507677,-0.043746933986574775,-0.02505146009864789
0.6144726283655271,0.3418696764830531,0.5033809424007925,0.28145469267299406,0.32557018643684593,0.3542649142133913,0.3899031743010854,0.299168059187965,0.4561356026164949,0.29627709100829513,0.2956019572074106,0.30254805141878643,0.29863591549655744,0.3495876879671908,0.31132992920023617,0.7372744604851674,0.43012615737316723,0.32618900099098935,0.3352448121532642,0.26633937466823465,0.32516910322764603,0.8715493913756381,0.4339576055716792,0.3513757299497732,0.38795065314386573,0.2821270019814922,0.3319739332896422,0.25886502250050225,0.3973889187881032,0.25954363793984253,0.29704679508586124,0.4064445805387559,0.3153504434314736,0.4290915142381894,0.2484913925986101,0.3573767815926285,0.28124619697055114,0.21073513253173745,0.43967908619066337,0.07770791539662592,0.3153584820218552,0.3897107996660875,0.3438638183685854,0.5873762196870395,0.4579965257585471,0.24613387004278267,0.3028384430893622,-0.017506393487759987,0.3721380017979564,-0.037064072997877895,-0.002103198348019857
0.36798839198537453,0.3630257371200592,0.4495466321032259,0.23401575559312068,0.1896713678808065,0.2674362160498164,0.262716329632277,0.23704465047185708,0.23341913225840863,0.2602590496919796,0.2228058373197876,0.2692280636432583,0.14168845785803472,0.2655182459411748,0.4078921984098487,0.6202599650416308,0.2641099037246408,0.6374774212254442,0.15546436511356754,0.08445989773582861,0.33577003054147914,0.4339576055716792,1.7950756260721603,0.46357909872247144,0.6775897552214053,0.022314276981452778,0.20316068871127146,0.018193083832104117,0.5826876446065214,0.5943208884931671,0.21676709201621247,0.2820507613612971,0.35959418136409455,0.6364214273961563,-0.14208608444632004,0.8132086928483806,0.3185174998577963,0.10894802485786452,0.7014116649878054,-0.06358216246157529,0.6110509879706525,0.2044333553214903,0.5076136288261992,1.4080301593985471,0.2389705568993092,0.3196346909186343,0.5621265299997013,-0.00148712386984489,0.5280462432367338,-0.03766781733512943,-0.01978775641038348
0.6650420618073422,0.4067237501696421,0.5189423378355609,0.3565823895167436,0.35801934674908265,0.4197947170303305,0.3763189613391141,0.3256845987409098,0.34264814042647146,0.34044014120533866,0.3125700604731223,0.37011862430979714,0.2718580936060254,0.4470986426913164,0.4678400122966053,0.4154377845231622,0.39047819065861733,0.3278755826146739,0.37374192214645063,0.4661313430651929,0.38130567764897094,0.3513757299497732,0.46357909872247144,1.0343058663728923,0.4090291355779658,0.17855796782444358,0.35228135354419365,0.6323626983896184,0.44137825503400446,0.8100703198934242,0.46162147456377434,0.4627413155763472,0.9783789994606084,0.5701671590210503,0.4455543873825182,0.5610032182641119,0.7150792029514662,0.34605486433393023,0.3978720093739936,-0.07756707893805558,0.22851949463420945,0.420323716983877,0.43085716941180274,1.0071650678594202,0.4990351990513278,0.3177392454310722,0.5897192740121999,-0.04313786687761965,1.386589524438365,0.002457096487191668,-0.028557240794950367
0.6430089633047608,0.5403731493992855,0.5386225514455578,0.3172440526169202,0.3676583182864686,0.3692821206527443,0.33795551920427147,0.4460210864330896,0.25681529000247383,0.36352379608547963,0.3557732711822757,0.429324552625799,0.2618120321013839,0.40226784590328457,0.5510097427638919,0.5832470083599847,0.40635318094383005,0.47824709155278855,0.3412604301308551,0.36213888586532034,0.3596491526244235,0.38795065314386573,0.6775897552214053,0.4090291355779658,1.3855627367317367,0.22872157687845163,0.3175344271033458,0.28297378220121566,0.6604295774427204,0.5252934809180262,0.35043063270616115,0.38137862395625904,0.36377575323678946,0.544581037141044,0.2759950612104161,0.5412572331182084,0.4470553826087689,0.25058229944234683,0.5292775086771005,0.06147875828074012,0.4660365652665734,0.3444372852563429,0.4042852254563712,0.7511064788029944,0.5797184166187311,0.3973708784573311,0.5050911373884943,-0.04642859237743974,0.7732441712818713,-0.08333891247097594,0.001987626830187248
0.5643681031200352,0.4787856922415841,0.4925966431465698,0.3207401279736675,0.36609153817338774,0.35788255459051704,0.3215962196609718,0.3329032389131346,0.4368246187762046,0.3177528004891863,0.33376059719156637,0.2756471734897953,0.32081736511878856,0.47038923007320566,0.38883476722634575,0.15489398999381443,0.29251443232400925,0.5219409586686335,0.2734075032018305,0.482436568311041,0.3848528414390693,0.2821270019814922,0.022314276981452778,0.17855796782444358,0.22872157687845163,2.6690923804443605,0.4286729339381203,0.11570230463876083,0.05763206631714259,-0.6547317492292482,0.36614646357031,0.5515426949159884,0.16577733342552609,0.23478406928744086,0.14850144938408547,0.4337788470877612,-0.751117947342482,0.18945027478330262,0.4335318333702662,0.3994771758193983,0.6178089432477749,0.49431087180212685,0.14099115203634047,-0.3439229703572732,1.7040147816018583,0.20632148335896683,-0.05476988006290316,-0.027432168260276394,-0.2045929423369839,-0.07505276229736378,0.005988219837685281
0.6578483577363726,0.5203803608883559,0.5557047985741833,0.26408511354437514,0.27253975667874186,0.3276734976441305,0.34369071602660684,0.36347651731779046,0.2965394651758101,0.34571173571937863,0.3230523878676554,0.3965469830898792,0.29016995027827347,0.3856799906329056,0.38512307384063377,0.4413065189760202,0.35467267127166574,0.22688310741879691,0.27376636393282905,0.49869252116188867,0.29642658584520554,0.3319739332896422,0.20316068871127146,0.35228135354419365,0.3175344271033458,0.4286729339381203,1.1343594135356936,0.29117954020350834,0.2843387145827827,0.22524337245633075,0.3253296894041522,0.404499054610073,0.39594817109847985,0.3118611217049845,0.2183626071445291,0.4798471412992902,0.3465529783395365,0.29976427622026974,0.26754293419677416,0.08568245538620585,0.3748368732727761,0.3900348503504118,0.2779085046104698,0.23100040893481902,0.8274657437374104,0.2745821887222394,0.2357901918658886,-0.018384935378929882,0.6131542920175237,0.022971772204247173,-0.004299834268419655
0.4918624512217026,0.3891488151550032,0.44071823742535654,0.24930449184178097,0.2764776568852918,0.3411397345147273,0.27435135921819465,0.30907046088712437,0.2567468248688362,0.2988081898019926,0.2762995140914259,0.28782052401943536,0.22443845439466673,0.3118856998834587,0.38514656241498035,0.30761270288612025,0.4094904239191526,0.23373918280061542,0.32983699590242216,0.4683464123908042,0.3957236041557819,0.25886502250050225,0.018193083832104117,0.6323626983896184,0.28297378220121566,0.11570230463876083,0.29117954020350834,1.3345817136775044,0.017208138656513463,0.7621431448625293,0.5512137133720568,0.2744050368720825,1.0442345132739592,0.2803243775205632,1.2821841668406584,0.40933635034353205,0.8631365825834616,0.3308714268871558,0.3973777434775474,0.08897902489357296,0.25994343660775915,0.3324544314066631,0.3483641081077817,1.3740853955851438,0.46259517099007097,0.29503728997278567,0.507133966177244,-0.05023669687635526,1.5374353351857168,-0.017696240303745843,-0.004331577800524176
0.7265593897666046,0.893433206336163,0.6832213829196346,0.3784754669861771,0.40967541653624995,0.4557362597972663,0.43291200016043885,0.3441040017961757,0.35407358469790895,0.4502362260961944,0.3696405036908023,0.5028119453579432,0.30995958635688725,0.4232838988749261,0.49057023051303694,0.39844641212371246,0.4131769026974353,0.5982370245574614,0.39625080415869113,0.4251046839175465,0.5235477559088738,0.3973889187881032,0.5826876446065214,0.44137825503400446,0.6604295774427204,0.05763206631714259,0.2843387145827827,0.017208138656513463,3.2408970773978614,0.27151973978584204,0.3239523835816054,0.4682620725342014,0.08465336168224873,1.0859897238439493,0.07968029770590444,1.2755663671492266,-0.07243810998096496,0.12242228923881175,0.6767934037287504,0.3593944893643565,0.8202966799906937,0.16499530757920156,0.2430026757530154,-0.4062532790297593,1.1464563548490074,0.556871131364749,0.40000621570379596,-0.11164250338948269,0.5124769079604706,-0.18216124216842805,0.00446379711838107
0.5995885348801282,0.21088626550923503,0.06509626038653914,0.23768847051433573,0.13468079301320823,0.32245966523831787,0.25298175099747217,0.38960732527067266,0.22710152397448172,0.24674526636594094,0.27481375058957047,0.24903301631800626,0.18722657853096852,0.40210231190548734,0.5714282193223892,0.3837927334290138,0.3515973315703395,0.15377838444006778,0.2772933837805726,0.5784146528310989,0.4249459005855903,0.25954363793984253,0.5943208884931671,0.8100703198934242,0.5252934809180262,-0.6547317492292482,0.22524337245633075,0.7621431448625293,0.27151973978584204,3.517791851984952,0.367042753860611,0.2928720283556159,0.5615416092738094,0.1675943979918338,0.9984936566474695,0.38596464946936077,1.2193817774260756,0.49052311514560704,0.7038288478878852,-0.1140434946627846,1.064549829611349,0.3421323261185235,1.2374813463899461,1.6125287013742842,0.5151518273350295,0.5640696355459991,1.7458097032841622,-0.05107335705664318,2.760991556571046,0.10406561260009449,-0.045663262995588226
0.6794520789009708,0.5722326659079591,0.5606500827324251,0.34959949243252086,0.3995523347245414,0.38732060522503864,0.3621794268416046,0.3252270472545738,0.329859404169701,0.40100488413969965,0.30984755411499054,0.3672541515499436,0.2614865282869134,0.40702820202649576,0.43850611755818864,0.3209053359618298,0.39789955006711714,0.5436166031454401,0.3829908775233837,0.4230208023532874,0.5235536462875049,0.29704679508586124,0.21676709201621247,0.46162147456377434,0.35043063270616115,0.36614646357031,0.3253296894041522,0.5512137133720568,0.3239523835816054,0.367042753860611,1.363626134510694,0.4118002723772512,0.6179850839955296,0.5404292370744231,0.5507572411738271,0.7419221686466481,0.4503113965959855,0.4152193977612757,0.6155869002794485,0.20885341296572404,0.24300797268253635,0.3992228520558588,0.2990808045664658,0.5206869548990389,1.2386875483129798,0.37453249090848884,0.48663505933315665,-0.03530147786098451,1.2746024444680268,-0.017205953705796515,-0.028619077959354755
0.8310705733992073,0.39463875303194457,0.47315373443504183,0.3554580720145904,0.3992288662638503,0.3844953724360285,0.39321712745860393,0.33547779930506216,0.35521658731751055,0.3464813658537842,0.32729344209218775,0.4277924372786002,0.3168453377635585,0.5676520675214068,0.44298832500960394,0.4731079946016989,0.3601639254992197,0.3409701582052404,0.3562886116040966,0.3911189689353886,0.4036176303022123,0.4064445805387559,0.2820507613612971,0.4627413155763472,0.38137862395625904,0.5515426949159884,0.404499054610073,0.2744050368720825,0.4682620725342014,0.2928720283556159,0.4118002723772512,0.7094953363435339,0.3923036242374775,0.47617274840159485,0.23672957758665283,0.4664199689655951,0.12988226279075532,0.2863443615004541,0.4377537883505653,0.08559495710656036,0.35970815743960344,0.3964640288827615,0.2890934439551686,0.35616954694728525,0.7597315561561253,0.27504920207584904,0.354750830429226,-0.025994817773693685,0.9580836213336988,-0.003736535831200443,-0.014064756324373831
0.7811499783674979,0.5457460040272227,0.6733939367247971,0.36322830059446787,0.38303769147344663,0.41975754558836126,0.4121464011797351,0.33675342221943916,0.36788904340458095,0.3477865997461092,0.322651926502873,0.3933275619742368,0.26862535170180774,0.42524901330350173,0.4516991338061776,0.34795833514723956,0.4327570456562426,0.38083221993776767,0.42112294468255845,0.4100616256562363,0.3996211808040377,0.3153504434314736,0.35959418136409455,0.9783789994606084,0.36377575323678946,0.16577733342552609,0.39594817109847985,1.0442345132739592,0.08465336168224873,0.5615416092738094,0.6179850839955296,0.3923036242374775,2.5210745840993547,0.10137305080502543,-0.08328039865038357,0.25344588346870583,0.9797298578622993,0.3406622112937738,0.1513837690279128,-0.4039221406585977,-0.44001389275996877,0.5778111463913609,0.25236590615788046,1.6769380571355257,0.045117857627063475,0.3525304666779301,0.5647840628438329,-0.09275144724510205,1.6946898125073957,-0.008436343358335633,-0.04455380362578511
0.3260660072426301,0.5990306362617616,0.6912908718424853,0.43236982586988737,0.45845895336484693,0.46402650900409415,0.36777829648255206,0.3519712699010315,0.3282148784233652,0.5485185568443699,0.31429748177837036,0.39239988882865473,0.2804232141766949,0.39285372844929045,0.4845694556877621,0.5286719526557442,0.40694865178816614,0.5291264495456606,0.42032551616593233,0.4353806543449694,0.43553412354310733,0.4290915142381894,0.6364214273961563,0.5701671590210503,0.544581037141044,0.23478406928744086,0.3118611217049845,0.2803243775205632,1.0859897238439493,0.1675943979918338,0.5404292370744231,0.47617274840159485,0.10137305080502543,2.2351559749350383,0.5861462200183752,0.7172509307000631,0.7287371493968776,0.2349045672719614,0.9209879591054247,0.03954359590239687,0.37468557824699067,0.3506576165680089,0.6521047287808587,0.6812570878219678,1.0780074797638235,-0.03183477351901156,0.35073554619192915,0.02600356872676402,0.758377118049058,-0.0712159573246354,-0.021542278319427094
0.27266461937394343,0.28409263457665973,0.2178265268654492,0.20494425092136762,0.21842719138106348,0.2608348720704094,0.16941987348253576,0.2922110754260635,0.17573943901979236,0.2873928007109186,0.24098929890331475,0.2181143647359022,0.19412242086000864,0.26906580646219,0.3605994036614966,0.3205923131977096,0.37693839095760945,0.16946018452351327,0.25844663067444346,0.5056182483785105,0.4295562965430829,0.2484913925986101,-0.14208608444632004,0.4455543873825182,0.2759950612104161,0.14850144938408547,0.2183626071445291,1.2821841668406584,0.07968029770590444,0.9984936566474695,0.5507572411738271,0.23672957758665283,-0.08328039865038357,0.5861462200183752,2.9080354557871733,0.31219714366073736,0.6265176437332367,0.28151102715110754,0.7073012437614449,0.5867080989392803,0.7766964150305335,0.1663639443637834,0.4635675820739548,1.1579439219982297,0.7824932525718651,0.2885313908451457,0.550122631898723,-0.0248481280383514,1.694061029173643,-0.035885644959647384,0.003514275579280813
0.7360513046846886,0.807554136200383,0.7023529581795979,0.370948561518137,0.3751697223245996,0.3576691602968765,0.448135580008048,0.339921234465489,0.3977367618262889,0.45363653516372976,0.36059247032144764,0.5287510589895991,0.29933115955812345,0.4351554496996077,0.49352259926064374,0.3333831693269725,0.41407153997607726,0.7535663885938341,0.31818954301581914,0.41483891672948864,0.5905170859114364,0.3573767815926285,0.8132086928483806,0.5610032182641119,0.5412572331182084,0.4337788470877612,0.4798471412992902,0.40933635034353205,1.2755663671492266,0.38596464946936077,0.7419221686466481,0.4664199689655951,0.25344588346870583,0.7172509307000631,0.31219714366073736,3.5257797285753925,0.18953376741133995,0.3329298361909023,0.1361693822418845,0.847458389108034,0.6156976466568705,0.298498856381932,0.04132348981294045,-1.129562835014308,2.587965192242589,0.8156201493526662,0.5380416733029819,-0.05696469502935098,0.7665752791687462,-0.16278332895565062,-0.009638461457739929
0.4021819694978131,0.8175629950718699,0.6799196142655326,0.31554989110670845,0.29898826169313036,0.4321759607656846,0.28254651497012023,0.40186240741455015,0.256666804831866,0.4238966292335704,0.28987026599095256,0.2268281644720922,0.210274283769067,0.2792479403670037,0.46437540867844024,0.3894572041280543,0.48270327453705186,0.26341765642807535,0.34386041940165063,0.964455950674797,0.29935878020334133,0.28124619697055114,0.3185174998577963,0.7150792029514662,0.4470553826087689,-0.751117947342482,0.3465529783395365,0.8631365825834616,-0.07243810998096496,1.2193817774260756,0.4503113965959855,0.12988226279075532,0.9797298578622993,0.7287371493968776,0.6265176437332367,0.18953376741133995,4.208403154715177,0.8522675637448501,-0.1809281379739398,-0.34860405610347694,-0.27981880035224477,0.45690205177003984,0.8799220539661893,1.481252324502572,0.6922655290908677,0.24986629949609557,0.7391448808472647,0.025683660312515073,2.1128405801626315,0.03392210688847433,-0.04897191592557163
0.4403175991755876,0.392377805616885,0.3851034304268016,0.23430889263385554,0.20876608476078842,0.29953967270148196,0.23087230999543473,0.26563372643108707,0.2359114399004624,0.2244956882131325,0.23606656228373757,0.2111653131516107,0.1932969860596115,0.3129119502648955,0.3161393849829256,0.1954099314939567,0.2981915873680498,0.14450885125212956,0.2191760824482051,0.7547622374852552,0.2653716563309349,0.21073513253173745,0.10894802485786452,0.34605486433393023,0.25058229944234683,0.18945027478330262,0.29976427622026974,0.3308714268871558,0.12242228923881175,0.49052311514560704,0.4152193977612757,0.2863443615004541,0.3406622112937738,0.2349045672719614,0.28151102715110754,0.3329298361909023,0.8522675637448501,1.1221206987974752,0.11389571254863748,0.06356295952162122,0.09622527026591113,0.3181350746703395,0.5563269703534045,0.33167628625753304,0.554429905936625,0.2338037570351596,0.30962479288936884,-0.008174779199305534,0.8964046369666614,0.03935690130603043,-0.03643249557218041
0.4890864652156446,0.5535888660815989,0.4442865819798112,0.4301069779543764,0.4015633879239789,0.4536220447671731,0.36659126518757185,0.34405281246041247,0.344454266038668,0.38253694452824666,0.3276462810855234,0.34770695693817216,0.2669753611656308,0.4190613028979099,0.4765131686007643,0.5207218343790696,0.4307791058446826,0.5999697895737343,0.43787129324488167,0.43407640624986576,0.715055435243983,0.43967908619066337,0.7014116649878054,0.3978720093739936,0.5292775086771005,0.4335318333702662,0.26754293419677416,0.3973777434775474,0.6767934037287504,0.7038288478878852,0.6155869002794485,0.4377537883505653,0.1513837690279128,0.9209879591054247,0.7073012437614449,0.1361693822418845,-0.1809281379739398,0.11389571254863748,3.458698723920066,0.7361606362059097,1.1423522548995726,0.26510879771006907,0.35911063110472274,1.4429038765381321,1.9406014333815178,0.1750783681336454,0.6535180500807986,-0.013601930939506752,0.6931383603470357,-0.16884459114539033,-0.05563169498654506
0.11064753974401118,0.06562708574026618,-0.3440128925744039,0.08986633242538382,0.08746736691906322,0.07198732394737807,0.08698253199100656,0.06690631120415526,0.09422533664384304,0.056133450357062846,0.09433826893148096,0.09478225063258479,0.08159050195524833,0.09034776227710188,0.058385664875775276,0.03924187399718422,0.1199488807329457,0.23909311621954593,0.0457800290695883,0.2917181786175489,0.3129130537073326,0.07770791539662592,-0.06358216246157529,-0.07756707893805558,0.06147875828074012,0.3994771758193983,0.08568245538620585,0.08897902489357296,0.3593944893643565,-0.1140434946627846,0.20885341296572404,0.08559495710656036,-0.4039221406585977,0.03954359590239687,0.5867080989392803,0.847458389108034,-0.34860405610347694,0.06356295952162122,0.7361606362059097,2.6223130672200337,0.30600363711221246,-0.022003345853547254,-0.01236871917349796,-1.00384429191095,1.9751561723720965,0.5989959008060814,0.059707557015821026,-0.05013970435338618,-0.373356025318686,-0.1050340518386556,0.0148684189499717
