1.020948929137795,-0.0051424761386188,-0.005578282106463277,-0.004415988347950099,-0.0017061609699023754,-0.00014507113278154786,0.0026933855967021247,0.001112923209465937,0.002336141902860106,0.00416374754230926,0.005851578347943818,0.008017090869194492,0.008173088570235486,0.006920927571078069,0.0039953406132709045,0.00306741271313882,0.0007318847696655759,-0.0017200543061316458,-0.0038604166457415997,-0.0035521318531064614,-0.0008135574048676033,0.0010839285713560522,0.0014262335738186875,0.0006094349268324917,-0.00017494002634103493,-0.0005553067287035399,-0.0007317298607671153,-0.0010373257501479281,-0.001234679421303608,-0.0011930604882289854,-0.0010413906531922866,-0.0009223797689320099,-0.0004766926237658938,8.177216998188347e-5,0.0004960168579329237,0.0007227762001510931,0.0007862720516149592,0.0005284753694443068,0.00022461378624210915,-0.00011677069850798399,-0.0003683777140496895,-0.00046525213916019046,-0.0004617581991466685,-0.0001493881075522112,-4.799935345898034e-5,-1.6066056457480735e-5,-5.753232382708597e-6,-2.2454028893957015e-6,-9.72374866733241e-7,-6.012221643435373e-5,-0.0003183398487509726,-0.000388265290567629,-0.00042392812164901943,-0.00018168263386301648,4.240810828077461e-6,-4.090440882760411e-5,-9.8553677064153e-5,-0.00013265546943579278,-6.016535140033203e-5
-0.0051424761386188,1.0195658879108738,-0.006753598940923358,-0.005730533178335436,-0.0030359460634504926,-0.0014530779074080546,0.0019400965343870805,0.00041788265156931137,0.0023860177438936483,0.005228347563040835,0.007394996154772463,0.009674224709984124,0.009598222162870368,0.007788096206945179,0.003967575844404662,0.0028445429670092637,0.0006625892042108883,-0.0011340916483322165,-0.002773989004198749,-0.0025634738586132067,-0.0005612617766562886,0.0008114125519216453,0.0010694180348402367,0.0003734474698610288,-0.00024335704921990726,-0.0005026549525831241,-0.0005640559979365855,-0.0008679286822051077,-0.0010223278078620903,-0.0009568074357344898,-0.0008417061909530601,-0.0008432609079798818,-0.0005424113060019333,2.0212516822354033e-5,0.000421655799706837,0.0006285910547622386,0.000713882642156929,0.00045033688805448126,0.00019398222435329255,-9.903301447289181e-5,-0.0003108825892102008,-0.0003766181952825939,-0.00035127218005587003,-0.00011290940507044962,-3.745902197701874e-5,-1.2928447921152021e-5,-4.7771307759855575e-6,-1.8534199263747852e-6,-8.39552021465371e-7,-0.00012736655798814878,-0.0004298322328640601,-0.0005238230375887692,-0.0006212175636544306,-0.00037139705943635203,6.946444428054173e-5,-2.504070868729838e-5,-0.00017887713596605463,-0.00021134282657788263,-9.518339303270138e-5
-0.005578282106463277,-0.006753598940923358,1.0173681784747663,-0.007676610972304412,-0.005803092508057804,-0.004520024325697845,-0.00043590663884133916,-0.00047194502407676715,0.002805944820015841,0.007422873411362501,0.010186340842082418,0.01187687512983875,0.010925959060625165,0.008425591129227143,0.00349162153085575,0.0021346001382559266,0.0005444691616203537,0.0002996507652961582,-8.49765745492297e-5,-0.00010614523566097017,0.00016411016140316172,0.00024289010450640746,0.00027509081561773516,-0.0001545560312527846,-0.0004081387424487652,-0.00045149044759920144,-0.00032826493223761435,-0.0006328096835932238,-0.0007298006382224527,-0.000613990257738058,-0.0005513829460484008,-0.0007151823805661436,-0.0006529791573228417,-9.269534638931347e-5,0.00030731050330227777,0.0004943868515370309,0.0006197054665917239,0.00034576957498101744,0.00015897336848380895,-7.039120186535998e-5,-0.0002253958553288383,-0.0002446991485392532,-0.00018965468146190731,-5.943053728450842e-5,-2.2495608068617137e-5,-8.71202868127619e-6,-3.5222420533251767e-6,-1.3946398286959615e-6,-6.515265190169555e-7,-0.00017837596098188894,-0.0005187918687845914,-0.0006362652472349481,-0.0007467654464308729,-0.0004923499931612042,0.00016250617937916566,4.864613037046454e-5,-0.00024016360697458515,-0.00029378185869235123,-0.00013466509206525913
-0.004415988347950099,-0.005730533178335436,-0.007676610972304412,1.0167457428824158,-0.009777457584752127,-0.010616376773002362,-0.00865225067637622,-0.0007789058562431974,0.00488904510234326,0.011105431123445864,0.013640961423437277,0.013315846941530181,0.010358421881754218,0.0070960089853097635,0.0013920208481935376,-0.00027606237069104973,-0.00027189413995954846,0.0023938035458319893,0.004564105495284163,0.004223037493282305,0.0013852987182213304,-0.0008005653369590502,-0.001143262877808804,-0.0008424584301586716,-0.00033613850006166074,2.4622859437066455e-5,0.0003537112617841855,0.00019127951484061,0.00014807650051746208,0.00020608056692651613,0.0001699546377202067,-0.00011335841371081736,-0.00044770084997056283,-0.0003894139512238947,-7.284822823084554e-5,-4.673783434905098e-5,0.00010033346813829656,5.14263830913746e-6,4.2236243733449324e-5,1.1969623349670667e-5,2.6866875315650823e-5,7.391918828140927e-5,0.0001773266098614131,4.4233332782937174e-5,4.42970724045112e-6,-2.5552702893729647e-6,-2.5293881451248153e-6,-1.2598141230356953e-6,-7.654286209867223e-7,-9.188910420700414e-5,-0.0004495251827498485,-0.0006054230052495399,-0.0006860080919148265,-0.000489469019298253,0.00020735686769695735,2.1946470588500865e-5,-0.0003768216327361569,-0.00041284622661602605,-0.00017168847314879253
-0.0017061609699023754,-0.0030359460634504926,-0.005803092508057804,-0.009777457584752127,1.0087921315503132,-0.02209041052403099,-0.026303778452636758,-0.002036541287496009,0.008728965622144709,0.01762405622957625,0.019786710183369364,0.014218172097383944,0.006829654682379214,0.003489439122057255,-0.0019262516037199453,-0.0038844192378556406,-0.0010359846174807378,0.006472071040617096,0.012948519007712852,0.012208215579986356,0.004103782876817148,-0.0020930989230240385,-0.0032306674991091798,-0.001643358354961518,9.910942647270711e-5,0.0010176802251609474,0.0014951058207197192,0.0015578981136375688,0.001403469740750024,0.0012464787413436337,0.0011065485548099132,0.0009365571551545589,0.0001291124625939951,-0.000978781466687822,-0.0007283825352425456,-0.0009795936201448124,-0.0008233221797827275,-0.0004926867766453841,-0.00011256826312337077,0.00012192355374259046,0.00039283135116644093,0.0005133363229555338,0.0007647567026411524,0.00020239797555510043,4.763650914624307e-5,8.122818125766672e-6,-3.4368699048222535e-7,-7.644050172428261e-7,-8.177556188059297e-7,9.764168457288404e-7,-0.0003452313139151098,-0.0005547700809641645,-0.00052822650540305,-0.0003400844399401675,0.0002719789621385961,-6.240028651437391e-5,-0.0006201239526692451,-0.0006233785830156536,-0.0002460102680785403
-0.00014507113278154786,-0.0014530779074080546,-0.004520024325697845,-0.010616376773002362,-0.02209041052403099,0.990856473594572,-0.05337594955678543,-0.00782134261517589,0.010790416451915115,0.02346900710446168,0.026110774781393783,0.01678889409063534,0.005185357590506927,0.003416766103265435,-0.0035517955923245513,-0.005344107579586842,-0.0010800815576719569,0.0098200894945095,0.018552134365588262,0.0178800106680005,0.006641153733371894,-0.0014190227613637494,-0.002957252434402097,-0.00015583892976232642,0.0023602132444364944,0.003746293034678586,0.003936785831163157,0.004088954662576853,0.0033458108832932106,0.002545182952851583,0.0023877115129165853,0.0024263976680293383,0.0008759487490359153,-0.0021577850391889773,-0.00154621257143945,-0.0022543341352780927,-0.0020187475775233195,-0.0011014192941718702,-0.0003431633948501592,0.00014108658216641911,0.000707606778483327,0.0009390087491666133,0.0017015193648868587,0.0004464415608337021,0.00011821075819272468,2.6752225995402883e-5,3.8907885758133675e-6,3.790680450087497e-7,-1.1097835852721439e-6,5.152889072240006e-5,-0.0003634454807000249,-0.0006504963163753327,-0.0006233065318218284,-0.00018152513790811682,0.00041590931098228144,-3.678367801152241e-5,-0.0007373291402617646,-0.0007235011888964813,-0.0003077173117207614
0.0026933855967021247,0.0019400965343870805,-0.00043590663884133916,-0.00865225067637622,-0.026303778452636758,-0.05337594955678543,0.9108139536511399,-0.024224305667180507,0.009879606175078517,0.027294016439893026,0.03100608720545784,0.02041314072025827,0.0026965154951491856,0.00718575335895953,-0.0042690427389860085,-0.004936892434052497,-0.00014745428218450278,0.01641851624749385,0.0270193344964266,0.02757912327493401,0.012017980095575373,0.0021075355155840683,-0.0002274041855080979,0.004892098081749411,0.008352666340123889,0.010244820376131919,0.0092899163848527,0.009403676317287104,0.007002002041481688,0.004634925340731599,0.004661791323972668,0.005539279474816204,0.002625558893666904,-0.00456896845023448,-0.0031573344704350446,-0.0048767407209387055,-0.004559351653870177,-0.0023076982086170273,-0.0008985901172818135,1.288354051426067e-5,0.0011384714206456007,0.0015632802429509983,0.0036440453879682338,0.0009406255864078904,0.00026875075484220366,6.940647517501806e-5,1.491070853191797e-5,3.827423562520085e-6,-1.464055202004463e-6,0.0002498860915069566,-0.00029577578385753944,-0.0006997589327737423,-0.0006640275443291467,0.0004960464322550527,0.0004885025566061609,-0.00045662252872971567,-0.0012081817200570776,-0.0010842426502300875,-0.00047424525948232607
0.001112923209465937,0.00041788265156931137,-0.00047194502407676715,-0.0007789058562431974,-0.002036541287496009,-0.00782134261517589,-0.024224305667180507,0.9342915493341944,-0.04850151923092,0.007846103794196141,0.02372700899939335,0.01675116709841986,0.014701970553618689,0.01433927961140476,0.0045386979366641555,-0.0015752883282238218,0.003492919490682554,0.006332298793078143,0.011029571875761694,0.0108836531791514,0.006692087082130065,0.0034505543981425313,0.003082071350933616,0.0035665497633278324,0.004703914037835413,0.005395642533740477,0.005100695051142442,0.004168592967515608,0.002953376438608522,0.0024514578150819106,0.0025025779571532,0.001296407129167781,-0.001049489860896544,-0.0017535465692948202,-0.0006392309438812701,-0.0011238370403882085,-0.000687192549186663,-0.0008088243058347483,-0.0006094098362675125,-0.00030995104113345676,3.373239978442627e-5,0.0005453946130098573,0.00205423936336858,0.0006379636839461859,0.000209474670818732,7.178528960264345e-5,2.4721008927831716e-5,1.0782543112997764e-5,2.1433641295083454e-6,-0.0010942434367369387,-0.0011186252848417017,-0.0011100485862238197,-0.0018116996539354901,-0.0008867193947544443,0.00017512867890105357,-0.0005078271711339436,-0.0006318482155918686,-0.000401548500580049,9.780419193211123e-6
0.002336141902860106,0.0023860177438936483,0.002805944820015841,0.00488904510234326,0.008728965622144709,0.010790416451915115,0.009879606175078517,-0.04850151923092,0.9348153788810032,-0.05463322457343695,0.0008269779443311337,0.03151161724394849,0.026983092276028586,0.02845880820582844,-0.00012489731850074963,0.0019267502674684585,-8.397235798092876e-5,0.005213703007603442,0.003601659419653963,0.004269795014375525,0.0032737606364485086,0.002401979195625409,0.002686771653843356,0.0020120426149523836,0.0025114790744900826,0.002838047166476723,0.0027208667368409704,0.0019948333099083326,0.001285957279025054,0.0011961660172534975,0.0012732740475853723,0.00010319833123026255,-0.0012997997991374855,-0.00060721508655857,9.645389124264877e-5,-9.070606375963765e-6,0.00030101530613398103,-0.0002558794267520191,-0.00033523874937735495,-0.000298542080419007,-0.00021466999674783617,0.00012775894576115242,0.0010944826630877296,0.00037299025121577157,0.00013310212578446774,5.103687240870249e-5,1.9615958766692037e-5,9.180672310477127e-6,2.2394873027677255e-6,-0.0005265014521388668,-0.0001233668360450156,0.0002743437773733358,-0.0006855459596787208,-0.000768647932158004,-8.847817813429666e-5,8.183089498656666e-6,0.000496801718901606,0.0004312895478505826,0.0001656788208823114
0.00416374754230926,0.005228347563040835,0.007422873411362501,0.011105431123445864,0.01762405622957625,0.02346900710446168,0.027294016439893026,0.007846103794196141,-0.05463322457343695,0.9146306666077637,-0.06997155655682544,0.002373238937597619,0.06554257493181304,0.0148794690843652,-0.000592036192631323,-0.007107082804117303,0.005465543126319035,0.0022633514653938877,0.005267040887572683,0.0034088909721891217,0.002478103475738151,0.0012795135874325552,0.0014202219186210938,0.0008251844764768104,0.001264819461114516,0.0014604302567908472,0.0013707357575662065,0.000978862908277972,0.0006095068923765317,0.0005944905939249997,0.0006332301625023663,-7.279094218605591e-5,-0.00066814944739876,-0.00015268125581716769,0.00016245283876954007,0.00013370458973917715,0.0002601528721890782,-0.00012003576698621906,-0.00022746257906452362,-0.00021870028722329975,-0.0001853062523434957,3.4662302943784026e-5,0.0006295797762001947,0.00023334888323861297,8.824128321733494e-5,3.573983094757221e-5,1.4297775491379182e-5,6.828456948395448e-6,1.7579378439076507e-6,-0.00014495031229445297,0.0005233930791729629,0.0012224437131216602,0.0004813158163194821,4.064423520929908e-5,-0.0001280696268116145,0.000400280199590795,0.0009743356137519494,0.0007377856666918395,0.00011338444687419951
0.005851578347943818,0.007394996154772463,0.010186340842082418,0.013640961423437277,0.019786710183369364,0.026110774781393783,0.03100608720545784,0.02372700899939335,0.0008269779443311337,-0.06997155655682544,0.8881475170039751,-0.024810487454767934,0.049851313937077896,-0.004591442907860028,-0.013465806322630166,0.004447207776883272,0.0019470115587111154,0.010291937396291093,0.006348568802930326,0.00568129731153011,0.0025020573496471656,9.399797634075124e-5,-0.00011959065349278214,-0.00015300585377828378,0.0004875358184041324,0.0007302261776333935,0.0006795709571043139,0.0004949965611308297,0.00034935227012626206,0.000378714263403712,0.00038618024813562887,-0.0001328268202158701,-0.000261375968697892,2.4775262924417734e-5,9.576416189540388e-5,9.618907835347626e-5,0.00014577268736526666,-0.0001318649549602377,-0.00013564886517212552,-0.00016693076486880762,-0.00010148471698450888,3.260807116960298e-5,0.00045040352557864874,0.00016278530032605025,6.230392888637488e-5,2.5828486473721123e-5,1.0625235617923832e-5,5.074024041706731e-6,1.5031080922614238e-6,0.00017641923195646842,0.0009995330797747037,0.0015652169402950217,0.0016040695590512476,0.0013556641312651534,0.00013659055045027547,0.0003850994479575507,0.0004983396080621477,0.000438189764238191,2.025535115371715e-5
0.008017090869194492,0.009674224709984124,0.01187687512983875,0.013315846941530181,0.014218172097383944,0.01678889409063534,0.02041314072025827,0.01675116709841986,0.03151161724394849,0.002373238937597619,-0.024810487454767934,0.9402053936273249,-0.07932960196629259,-0.05055498509365271,0.011295937131524728,0.005902934156531225,0.015760806922986516,0.00734370311780234,0.013885161763680152,0.009377083773724301,0.003532358298797721,-0.0009060497918913257,-0.0016459558951589265,-0.0011296759585673252,-4.703012330257652e-5,0.00035576978199106416,0.00032074209246843346,0.00025545837141467947,0.000239426224679429,0.00027941854608823624,0.0002563081075179368,-6.223592012772362e-5,-1.1187047945181872e-5,0.0001767584216942841,7.83687672002183e-5,8.503443063411525e-5,5.528604561869929e-5,-9.651918487281807e-5,-0.00013505256878672728,-0.00011377630136184229,-7.199290971523618e-5,3.172918145318286e-5,0.0002889763279521118,0.00012115322076706692,5.0773619155772886e-5,2.264678153615088e-5,9.824321473542713e-6,4.763449952020237e-6,1.5580012782811136e-6,0.0005792824933415786,0.001533491877082076,0.001426900530664128,0.00272141024897345,0.0021212527984029186,0.00026394089995193225,0.0007695230035463243,0.0005092985393788501,0.000602969322842634,-2.6393302129090066e-5
0.008173088570235486,0.009598222162870368,0.010925959060625165,0.010358421881754218,0.006829654682379214,0.005185357590506927,0.0026965154951491856,0.014701970553618689,0.026983092276028586,0.06554257493181304,0.049851313937077896,-0.07932960196629259,0.8415577904761102,-0.04754615167472079,0.004626893020999473,0.02073383502701981,0.005846309821457673,0.016059505411944036,0.015615535273722997,0.014829240390860124,0.004575031914479419,-0.0023966108401798913,-0.003808768846306642,-0.0023476413849674695,-0.0007038274206783923,-6.873321282122758e-5,-5.538511608905301e-5,-4.371167639849994e-5,8.25206700572789e-5,0.00017722913045731988,0.0001480414683932763,-0.0001211752270557209,0.00010618766950782714,0.00029525960029079204,8.714674889829656e-5,0.00012335310321020466,5.102543028707043e-5,-6.417586422702426e-5,-0.00010465215923902172,-7.96887741842776e-5,-5.452102920679344e-5,1.1939314878307287e-5,0.00013383360616354585,6.97980467275654e-5,3.296111174896931e-5,1.6288877021617554e-5,7.5521499026452265e-6,3.7058983226413475e-6,1.361900385404234e-6,0.0007095639297284296,0.0015144402828598292,0.000864164730384643,0.0027638971373678723,0.002006684164211086,-1.1622734834923377e-5,0.0003480421295193435,0.0002818421687483265,0.0004235101951894687,-0.00010090241967862153
0.006920927571078069,0.007788096206945179,0.008425591129227143,0.0070960089853097635,0.003489439122057255,0.003416766103265435,0.00718575335895953,0.01433927961140476,0.02845880820582844,0.0148794690843652,-0.004591442907860028,-0.05055498509365271,-0.04754615167472079,0.962672212336287,-0.005012906324110021,-0.011510989499992645,0.0073551156065454855,0.010802296683601754,0.028378848386578732,0.0235991656243936,0.006932666205768669,-0.004768877613881143,-0.007256826434862253,-0.004563406554654318,-0.001649026604196266,-0.0004641061328547201,-0.0003056098864842555,-0.00013445877626786477,9.757231682658604e-5,0.00018167901699120452,0.00010992008369933375,3.289846025310053e-5,0.00034676412311071374,0.0003459724848795798,-3.4940673816394786e-7,1.7621298815648392e-5,-9.695733995577818e-5,-6.09791541240147e-5,-7.291903909677131e-5,7.67926635421316e-6,3.35339139511669e-5,4.78764255948176e-5,1.2306890263172068e-7,1.880641104769758e-5,1.4217196160678432e-5,8.970065990564015e-6,4.6157283720233685e-6,2.3060158712903084e-6,9.245158044528865e-7,0.00027506455931068446,0.0006771519717173881,0.0004042505480657347,0.0013485370575176626,0.0010088667603117738,-0.00018778880726437577,-0.00024047172400137206,6.324071151148227e-5,2.1228638954576054e-5,-0.00018631138782524461
0.0039953406132709045,0.003967575844404662,0.00349162153085575,0.0013920208481935376,-0.0019262516037199453,-0.0035517955923245513,-0.0042690427389860085,0.0045386979366641555,-0.00012489731850074963,-0.000592036192631323,-0.013465806322630166,0.011295937131524728,0.004626893020999473,-0.005012906324110021,0.9892287385206185,-0.020444156077925463,-0.014567013548995861,0.016542875667329177,0.028840457277735508,0.02829921052176668,0.007465897157824602,-0.006873322411914372,-0.009984965602386106,-0.006388613485807622,-0.0027682627545342724,-0.001249062291808774,-0.0009176296835521207,-0.000613671359135852,-0.00016121433951168493,1.2045168892375134e-8,-9.889384439306598e-5,-3.476682347524117e-5,0.0004116262846621442,0.0005430528010999224,6.467345530068718e-5,0.00015500231996280436,8.92016397818483e-7,5.0837694898164796e-5,8.862439207954112e-6,8.729414550319444e-5,6.049606734174931e-5,2.8203036263369753e-5,-0.00030183138952071296,-6.484407043531553e-5,-1.3799132703367405e-5,-1.06335081506643e-6,1.1322620969842149e-6,6.154395797485198e-7,6.435821172756031e-7,-0.0002619224773782781,-0.00028245234597130346,-3.3860674438890984e-5,-0.0005377202972307368,-0.0009025645051517994,-0.00019734409615992615,-6.626141510185792e-5,-0.00010598499332270288,-0.00025389009726119004,-0.0002574138317943604
0.00306741271313882,0.0028445429670092637,0.0021346001382559266,-0.00027606237069104973,-0.0038844192378556406,-0.005344107579586842,-0.004936892434052497,-0.0015752883282238218,0.0019267502674684585,-0.007107082804117303,0.004447207776883272,0.005902934156531225,0.02073383502701981,-0.011510989499992645,-0.020444156077925463,0.9923933156004398,-0.00929962097676173,0.008473474456200027,0.03277250575193607,0.029082293141691824,0.007413859132425612,-0.007678807719642177,-0.010896580356176027,-0.007083213709015284,-0.0031036343931458896,-0.0014068027169791657,-0.0009922207661072092,-0.0005549208858835799,-5.751048119251069e-5,8.685193849556689e-5,-2.434857622491702e-5,9.272719952956657e-5,0.0005618541744900905,0.0005970694657400007,5.909238048475711e-6,5.3171649788456016e-5,-0.00012373014761580582,-8.670043454509034e-6,3.878069832226798e-6,0.00012135735450999335,0.00012586773306108896,5.7181427997293944e-5,-0.0003226840851737582,-8.545642905188388e-5,-2.2237975169926574e-5,-4.64715069416739e-6,-5.006748328790885e-7,-1.3442799130856961e-7,2.9717547517329745e-7,-0.00034896815966905517,-0.0004952997258730118,-0.00027684428671256005,-0.0008615364318963062,-0.001133859180983662,-0.0001631576558999083,-0.00031621045219523,-0.0003460180867709644,-0.0003523345493006737,-0.0002736765060699942
0.0007318847696655759,0.0006625892042108883,0.0005444691616203537,-0.00027189413995954846,-0.0010359846174807378,-0.0010800815576719569,-0.00014745428218450278,0.003492919490682554,-8.397235798092876e-5,0.005465543126319035,0.0019470115587111154,0.015760806922986516,0.005846309821457673,0.0073551156065454855,-0.014567013548995861,-0.00929962097676173,1.011490553466352,-9.758600245515176e-5,0.0026348434700779254,0.004592587601990921,-0.0002783194163277287,-0.0029491129144558863,-0.0036224855562229635,-0.0024092851347983064,-0.0014897074028973533,-0.0010281614668823562,-0.0008382594069134947,-0.0004014269818744179,0.0001318145481659087,0.00024765215283250187,0.00013003431328157674,0.00029926002369974153,0.0005321212835773439,0.0005767362004937539,-4.055800144008646e-5,-1.790220942986257e-5,-0.000188121203467587,-5.5983620102729855e-5,-9.698774145258315e-6,0.00016475046213397493,0.00018485327915165146,0.0001410994401497466,-0.00033507918654127115,-8.135481896816358e-5,-2.1754574068220202e-5,-5.3526667234810056e-6,-9.128311521036488e-7,-4.5037873466221655e-7,2.8406826476009283e-7,-0.00027172552761020255,-0.00044020600460285776,-0.00040995115956817457,-0.0007285767414098962,-0.0009235954316950236,-8.847417454674345e-5,-4.370969186116748e-5,-0.0001192377035436845,-2.521227254294636e-5,-1.6525834080320098e-6
-0.0017200543061316458,-0.0011340916483322165,0.0002996507652961582,0.0023938035458319893,0.006472071040617096,0.0098200894945095,0.01641851624749385,0.006332298793078143,0.005213703007603442,0.0022633514653938877,0.010291937396291093,0.00734370311780234,0.016059505411944036,0.010802296683601754,0.016542875667329177,0.008473474456200027,-9.758600245515176e-5,0.994050244273072,-0.0501900411185732,-0.046659802207570794,-0.014867054167670025,0.007558854731850124,0.012144847200675607,0.0075691239223136435,0.0022392313487882448,6.31888679085308e-5,-0.0003109614562125564,0.0001490556659242218,0.0006448361581373658,0.0007052885335864669,0.0005411569697217725,0.0006475892020832783,0.0007113238626842737,0.00038981556106001307,-0.00029710159405136265,-0.0004082401964353781,-0.0005644043749315353,-0.0002893693055066092,-8.410679932795212e-5,0.00020788664271042745,0.00034517456018770136,0.000314372656594047,-9.030893629064586e-5,-2.151837111447959e-5,-6.277138967414069e-6,-1.76558744527773e-6,-3.959641465589415e-7,-3.2896169525620387e-7,1.7963283482291505e-7,-0.00014555408645708845,-0.00025729156115695693,-0.0002690663038817179,-0.0003699874817252407,-0.0005415695794445689,-7.048377336012967e-5,0.0001945137539045063,0.0006112845102489261,0.0007332309268471077,0.0006399599022043327
-0.0038604166457415997,-0.002773989004198749,-8.49765745492297e-5,0.004564105495284163,0.012948519007712852,0.018552134365588262,0.0270193344964266,0.011029571875761694,0.003601659419653963,0.005267040887572683,0.006348568802930326,0.013885161763680152,0.015615535273722997,0.028378848386578732,0.028840457277735508,0.03277250575193607,0.0026348434700779254,-0.0501900411185732,0.9284538355610792,-0.08828721149395657,-0.02734654321573889,0.0159241174815012,0.024813081359483888,0.01568806595278205,0.005203458011861832,0.0009676747311475679,0.0002459051574602833,0.000796322966160121,0.0013599931766198898,0.0013709459756865937,0.0011204760980490633,0.001140913819635435,0.000813920578362198,0.00025636205241675507,-0.0005426583201500529,-0.0007520882672374472,-0.0009045958555982293,-0.0005148521951448432,-0.0001693337450424154,0.0003086615428983575,0.00054338851688451,0.0005822945564884368,9.175055859661325e-5,4.5079074122588675e-5,1.2779920801072671e-5,3.1275928978158468e-6,1.009259068925642e-6,-3.173674059813036e-8,4.924378803143815e-7,-3.976579668419701e-5,-8.799616933924121e-5,-9.806328322706455e-5,-0.00010897472939008906,-0.0002480232516906822,-1.3740616609726498e-5,0.000533563751279479,0.0012356343139592128,0.0013417758060447747,0.0011298784671942177
-0.0035521318531064614,-0.0025634738586132067,-0.00010614523566097017,0.004223037493282305,0.012208215579986356,0.0178800106680005,0.02757912327493401,0.0108836531791514,0.004269795014375525,0.0034088909721891217,0.00568129731153011,0.009377083773724301,0.014829240390860124,0.0235991656243936,0.02829921052176668,0.029082293141691824,0.004592587601990921,-0.046659802207570794,-0.08828721149395657,0.9436342617285036,-0.02605250351481156,0.013307805323402923,0.02179656600714554,0.013716014320432736,0.0045481886071396,0.0010745875085268841,0.000746727610428735,0.00159357305281461,0.002300578373792326,0.0022966424228065374,0.0019628723707733474,0.0016250865689042557,0.0009788869305342412,0.00016638370012643007,-0.000825052273735797,-0.0011744826913843054,-0.0013259775811134988,-0.0008512693094166779,-0.00030077538797591277,0.0003778474647793627,0.0007749630795036808,0.0008482004980543684,0.000380640146250775,0.0001288191999203543,3.511596989420975e-5,8.661782226561653e-6,2.083168090267282e-6,1.0345290944632206e-7,4.1234024091777436e-7,5.2819841384549405e-5,2.7681334714758834e-5,4.040285378558949e-5,7.34631598929721e-5,-4.18607326381156e-5,0.0001032739006338008,0.0006203947017638227,0.0011341853107060445,0.001216526746404096,0.0010208649372063418
-0.0008135574048676033,-0.0005612617766562886,0.00016411016140316172,0.0013852987182213304,0.004103782876817148,0.006641153733371894,0.012017980095575373,0.006692087082130065,0.0032737606364485086,0.002478103475738151,0.0025020573496471656,0.003532358298797721,0.004575031914479419,0.006932666205768669,0.007465897157824602,0.007413859132425612,-0.0002783194163277287,-0.014867054167670025,-0.02734654321573889,-0.02605250351481156,1.0143453771551598,5.394887081485763e-5,0.0030264561855786773,0.0017470304214225615,8.52293778707253e-5,8.316343254886103e-5,0.0008564386110656551,0.0021402799349190434,0.0030753066784536,0.0030641924793606656,0.0026341577652168537,0.0020970465937455466,0.0010501400715774388,0.00020838633180401357,-0.0010336752139879423,-0.0014278601549930364,-0.0015928532298945981,-0.0010560122236984834,-0.0003467565577502752,0.0005115863081914971,0.0010031845653495387,0.0010976424625863323,0.0004409524982797998,0.00016013124188448102,4.332401897387273e-5,1.0371023514455964e-5,2.7038234386387187e-6,-1.0498806224689063e-8,7.797669757937577e-7,4.803614544248624e-5,3.3471532005838334e-5,7.05701992437802e-5,4.6839433081576064e-5,-9.227143116128441e-5,0.00025191598432029266,0.00025139337797630345,0.0001939742071795431,0.00026041391774340647,0.00025112510670113354
0.0010839285713560522,0.0008114125519216453,0.00024289010450640746,-0.0008005653369590502,-0.0020930989230240385,-0.0014190227613637494,0.0021075355155840683,0.0034505543981425313,0.002401979195625409,0.0012795135874325552,9.399797634075124e-5,-0.0009060497918913257,-0.0023966108401798913,-0.004768877613881143,-0.006873322411914372,-0.007678807719642177,-0.0029491129144558863,0.007558854731850124,0.0159241174815012,0.013307805323402923,5.394887081485763e-5,1.0166250364867755,-0.009781758366344524,-0.0065167937464061625,-0.002952428026610978,-0.0006982518772588761,0.0007285244877656287,0.002175592067974352,0.0031420633385182504,0.003149704619470757,0.0027003817635473143,0.0020686984426516257,0.0010878811759595364,0.000273340502882641,-0.0010404349274807673,-0.001454166918746145,-0.0016357906985453214,-0.0010858680516607738,-0.00036234777812630585,0.0005374917195063434,0.0010345425532170863,0.0011158970270494237,0.00041292120758383295,0.00015316503097781463,4.150590695998118e-5,1.0094162648993832e-5,2.6365882258193683e-6,2.7265640794627934e-8,7.774980531799272e-7,4.493350804608281e-5,3.0116313936889933e-5,8.7838230188653e-5,6.086197488708417e-5,-5.3841906910772075e-5,0.0003148132379781756,4.4946747667270956e-5,-0.000400244142736858,-0.0003707633636434443,-0.0002647578770882613
0.0014262335738186875,0.0010694180348402367,0.00027509081561773516,-0.001143262877808804,-0.0032306674991091798,-0.002957252434402097,-0.0002274041855080979,0.003082071350933616,0.002686771653843356,0.0014202219186210938,-0.00011959065349278214,-0.0016459558951589265,-0.003808768846306642,-0.007256826434862253,-0.009984965602386106,-0.010896580356176027,-0.0036224855562229635,0.012144847200675607,0.024813081359483888,0.02179656600714554,0.0030264561855786773,-0.009781758366344524,1.0137205380761238,-0.007874588022124195,-0.0035877148611840196,-0.0012140053137363947,0.00011593207499399515,0.001428719136212964,0.002311524419278914,0.0023128837725695612,0.001934339698491011,0.0016648647352965047,0.0011320994566675546,0.0003818963615575922,-0.0008552430526455567,-0.001182001169400191,-0.0014034887587899313,-0.0008685247929018943,-0.0002549498246906373,0.0004666183882852853,0.000872890846755193,0.0008844113898859386,0.00018512237423227542,8.030272492042763e-5,2.1316585887420584e-5,4.549442614537116e-6,1.4022324585775163e-6,-3.7070672918718047e-7,9.199718585925512e-7,2.5441462780261448e-5,2.319448854767047e-5,8.230266362205118e-5,3.526282675736738e-5,-9.984389270431111e-5,0.00023058068189637544,-4.616501610457124e-5,-0.00048814377365976534,-0.0004725848761857592,-0.0003630867808763879
0.0006094349268324917,0.0003734474698610288,-0.0001545560312527846,-0.0008424584301586716,-0.001643358354961518,-0.00015583892976232642,0.004892098081749411,0.0035665497633278324,0.0020120426149523836,0.0008251844764768104,-0.00015300585377828378,-0.0011296759585673252,-0.0023476413849674695,-0.004563406554654318,-0.006388613485807622,-0.007083213709015284,-0.0024092851347983064,0.0075691239223136435,0.01568806595278205,0.013716014320432736,0.0017470304214225615,-0.0065167937464061625,-0.007874588022124195,1.0198718344394009,-0.0030845506112290653,-0.0017164962341026553,-0.0007588925785558456,-1.0248393613505538e-5,0.0007217786800665047,0.0009629203452323159,0.0007458497431678988,0.0004910070424381857,0.00034241337200266605,0.0006354527228414379,-0.00019548213688307952,-0.00023832062577636468,-0.0003856601857177023,-0.00031902647310622843,-7.831703768168938e-5,0.000269561493137314,0.0004148142882914851,0.00039018027984533284,-0.00022034956838196687,-3.7554322529242246e-5,-1.3394263516263248e-5,-5.1417754586792105e-6,-1.3424772656998727e-6,-1.0780018944099565e-6,5.434928062349837e-7,2.1316751774670792e-5,1.8810006632744258e-5,6.950830210620785e-5,3.496253116361329e-5,-5.8984792841846615e-5,8.947589266736378e-5,-4.6956378343899595e-5,-0.0002791912214237687,-0.0002797796616483954,-0.00022137469523805388
-0.00017494002634103493,-0.00024335704921990726,-0.0004081387424487652,-0.00033613850006166074,9.910942647270711e-5,0.0023602132444364944,0.008352666340123889,0.004703914037835413,0.0025114790744900826,0.001264819461114516,0.0004875358184041324,-4.703012330257652e-5,-0.0007038274206783923,-0.001649026604196266,-0.0027682627545342724,-0.0031036343931458896,-0.0014897074028973533,0.0022392313487882448,0.005203458011861832,0.0045481886071396,8.52293778707253e-5,-0.002952428026610978,-0.0035877148611840196,-0.0030845506112290653,1.0230407503451109,-0.0022956298411769744,-0.0017604754112568038,-0.0015290731908186401,-0.0009304040038151974,-0.0004714141193131515,-0.0005368242447065223,-0.0008108946114802816,-0.0004564926880980915,0.0009412320280849345,0.0004924586396727554,0.0007351015342406324,0.0006371275636928103,0.00021389056911602977,9.458093540576851e-5,6.894631442453946e-5,-3.9009637614503085e-5,-9.440485291045513e-5,-0.0006090252481976399,-0.00015322657121771016,-4.820163926188197e-5,-1.5493068270683397e-5,-4.136025268297644e-6,-2.062228243589153e-6,4.3599912962211405e-7,1.1238364855114686e-5,1.5439692123425523e-5,5.830350931016359e-5,2.4139771252635372e-5,-6.2212117044176e-5,-7.776544616159061e-5,-8.49959580652697e-5,-7.95389973999172e-5,-8.657734454762719e-5,-7.957357708959698e-5
-0.0005553067287035399,-0.0005026549525831241,-0.00045149044759920144,2.4622859437066455e-5,0.0010176802251609474,0.003746293034678586,0.010244820376131919,0.005395642533740477,0.002838047166476723,0.0014604302567908472,0.0007302261776333935,0.00035576978199106416,-6.873321282122758e-5,-0.0004641061328547201,-0.001249062291808774,-0.0014068027169791657,-0.0010281614668823562,6.31888679085308e-5,0.0009676747311475679,0.0010745875085268841,8.316343254886103e-5,-0.0006982518772588761,-0.0012140053137363947,-0.0017164962341026553,-0.0022956298411769744,1.0226214034754295,-0.0028180838369233677,-0.003035836826137693,-0.0025895187177809756,-0.001989450946583522,-0.0018824764348962548,-0.001873731140328054,-0.0008555372467449085,0.0012284450132767665,0.0010622151847005249,0.0015147351400295148,0.0014045371588376641,0.0006791253880637946,0.00023820466582288462,-0.00013650228898221014,-0.00046256830040650724,-0.0005682005656274956,-0.0009599222452303795,-0.0002687631216718332,-8.186430951595891e-5,-2.4941517248519875e-5,-6.951193739056235e-6,-2.7181151518316587e-6,-3.059576253780021e-8,3.698769170983344e-7,6.465013383127258e-6,4.8965381755605084e-5,1.5465011974850746e-5,-6.676478452250218e-5,-0.00027001965128268114,-0.00016632288964659315,4.625815519178213e-5,3.26464430892304e-5,-1.0886132100344197e-6
-0.0007317298607671153,-0.0005640559979365855,-0.00032826493223761435,0.0003537112617841855,0.0014951058207197192,0.003936785831163157,0.0092899163848527,0.005100695051142442,0.0027208667368409704,0.0013707357575662065,0.0006795709571043139,0.00032074209246843346,-5.538511608905301e-5,-0.0003056098864842555,-0.0009176296835521207,-0.0009922207661072092,-0.0008382594069134947,-0.0003109614562125564,0.0002459051574602833,0.000746727610428735,0.0008564386110656551,0.0007285244877656287,0.00011593207499399515,-0.0007588925785558456,-0.0017604754112568038,-0.0028180838369233677,1.0222549791677629,-0.0038255213782584854,-0.0037789145153665385,-0.0033761588364785403,-0.00308091790500283,-0.002291152121424014,-0.0005960570300852638,0.0011027244103843888,0.0013012874118700003,0.001891853723497865,0.0017657922914535841,0.001173309321143565,0.0004820349565864833,-0.0002640192610911667,-0.0008082089999898759,-0.0010582882605906965,-0.0013603109649548562,-0.0004049008264555066,-0.00011852639401307974,-3.439140111302087e-5,-9.272133272495525e-6,-3.30924428299761e-6,-2.426864256439523e-7,-2.7290023972028154e-6,2.448727831750775e-6,4.235148470540193e-5,7.840447403656411e-6,-7.857043424692072e-5,-0.00037222729437325064,-0.00022539266343192145,9.106417301380769e-5,6.658861377000262e-5,2.37448003361006e-5
-0.0010373257501479281,-0.0008679286822051077,-0.0006328096835932238,0.00019127951484061,0.0015578981136375688,0.004088954662576853,0.009403676317287104,0.004168592967515608,0.0019948333099083326,0.000978862908277972,0.0004949965611308297,0.00025545837141467947,-4.371167639849994e-5,-0.00013445877626786477,-0.000613671359135852,-0.0005549208858835799,-0.0004014269818744179,0.0001490556659242218,0.000796322966160121,0.00159357305281461,0.0021402799349190434,0.002175592067974352,0.001428719136212964,-1.0248393613505538e-5,-0.0015290731908186401,-0.003035836826137693,-0.0038255213782584854,1.020574373363559,-0.00510990104701631,-0.0044928915029695355,-0.004015143032504919,-0.0031901134546288685,-0.001358240234248932,0.0011676174567378757,0.0017988386119324048,0.002642537381927374,0.0026219607708494372,0.0016829476489161116,0.0006451343960714827,-0.0004461009951464401,-0.0012290464051194672,-0.0015008492120655392,-0.0016862233369485968,-0.000497883263807113,-0.0001460921014950897,-4.1937132788616686e-5,-1.1374612045893108e-5,-3.8082024617629134e-6,-5.470895578101842e-7,-4.335753518139797e-6,-3.749792390768712e-6,2.4382580004218293e-5,6.622231223679926e-7,-5.6054667274551974e-5,-0.0004710941185921235,-0.0002672894746639043,0.0001415219714033881,9.199729633893173e-5,3.939195381536989e-5
-0.001234679421303608,-0.0010223278078620903,-0.0007298006382224527,0.00014807650051746208,0.001403469740750024,0.0033458108832932106,0.007002002041481688,0.002953376438608522,0.001285957279025054,0.0006095068923765317,0.00034935227012626206,0.000239426224679429,8.25206700572789e-5,9.757231682658604e-5,-0.00016121433951168493,-5.751048119251069e-5,0.0001318145481659087,0.0006448361581373658,0.0013599931766198898,0.002300578373792326,0.0030753066784536,0.0031420633385182504,0.002311524419278914,0.0007217786800665047,-0.0009304040038151974,-0.0025895187177809756,-0.0037789145153665385,-0.00510990104701631,1.0198228329574694,-0.0053778831636694165,-0.004678266976519449,-0.0035263632937491372,-0.0014138214480121554,0.0010541001044044934,0.002071967014316189,0.0029207576989077957,0.0029211518275027754,0.0020121158887193504,0.0007779755678716941,-0.00054015597880196,-0.001494275897807699,-0.0018521269084199425,-0.0019391256671263425,-0.0005867721275235415,-0.00016837355747330643,-4.733511898236846e-5,-1.2683277839575998e-5,-4.0485873125604735e-6,-7.855896312323749e-7,5.172386332233909e-7,-3.891157428257932e-6,1.5157939332364801e-5,9.932091306073153e-6,-1.2162621864910428e-5,-0.000463712217241196,-0.0002552760419428057,0.00014271476670430711,7.55394517285695e-5,3.552803712200385e-5
-0.0011930604882289854,-0.0009568074357344898,-0.000613990257738058,0.00020608056692651613,0.0012464787413436337,0.002545182952851583,0.004634925340731599,0.0024514578150819106,0.0011961660172534975,0.0005944905939249997,0.000378714263403712,0.00027941854608823624,0.00017722913045731988,0.00018167901699120452,1.2045168892375134e-8,8.685193849556689e-5,0.00024765215283250187,0.0007052885335864669,0.0013709459756865937,0.0022966424228065374,0.0030641924793606656,0.003149704619470757,0.0023128837725695612,0.0009629203452323159,-0.0004714141193131515,-0.001989450946583522,-0.0033761588364785403,-0.0044928915029695355,-0.0053778831636694165,1.0201335888047476,-0.004742797009345074,-0.00306523604363877,-0.0006785127409531773,0.0008080884211591858,0.0017845811142003642,0.002500300712316066,0.0024512356283890326,0.0019474221129085606,0.0008392668804979006,-0.00048343703131793265,-0.0013833928608075969,-0.0017968922002448914,-0.0018439554953298659,-0.0005767485892915076,-0.00016359755906769876,-4.6029452275737555e-5,-1.2190281859764625e-5,-3.992806828140618e-6,-6.572984074780309e-7,1.1886379400126125e-6,-5.452217830795875e-6,8.233042868306756e-6,-5.966615985879054e-7,-2.0730323257686593e-5,-0.00041289972201966513,-0.0002207517972227781,0.0001241973054670824,5.766892240790492e-5,2.864532419424803e-5
