0.6022073418181796,0.1252417714760454,0.2916797142075979,0.06738044528592266,0.04951650278203808,0.06350667520671223,0.06152484820287203,0.06323457113397687,0.09453029432279714,0.06933627129620754,0.038990913065254054,0.052301778341538006,0.030611487137383157,0.04081680170055029,0.04386628537457574,0.04058256137832128,0.051979031032550485,0.05748551132067981,0.038759687329689076,0.027432654356711043,0.04753320634973746,0.05620151601616992,-0.011223927529547411,0.019662687374689354,0.08941627313048185,0.04874303818049257,0.07758350310044845,0.018738653307201383,0.05921282823048518,0.03354046276708965,0.09064831530624756,0.03939464861621316,0.00977120266695295,-0.07712133413961705,0.021933957460464327,0.12450892927017608,-0.004403695863053414,0.04253153169658965,0.03879891415293221,0.0010036739647112595,0.01629574634192941,0.04104495009772192,0.07239372437015416,-0.0012740210413662158,0.08593803172582892,0.13837524147403135,0.0053643370033160265,-0.10280098426466888,-0.08646652023242893,-0.07238770024439262,0.01951584529378551,0.031115424581673844,0.01571902994583125,-0.01095875723791328,0.023414195079101485,-0.011126814829937708,0.14510517593226765,0.06565046419685291,-0.24413461696087327
0.1252417714760454,1.7685217857183744,0.6245757974710545,-0.03835501417264758,-0.0793061230288396,0.28940820261562406,0.13852986864095695,0.23151359812422748,0.26978369159481586,0.20807778719564543,0.1855599985480372,0.15806303558081253,0.1435521991601847,0.14308535550374782,0.21864392784099637,0.1192635409010049,0.20624800746312005,0.1906178147152923,-0.04829737931923449,0.3208249868314865,0.18966441869709486,0.1542143544906575,0.01214189473883766,0.08328291112073952,0.24989593867322063,0.24388901001069893,0.3257353355590031,0.27233887396744,0.25953206512701243,0.039331661763643826,0.21486019198454523,0.16003202645605807,0.0016946304195990978,0.28622002741473507,0.11611904938953864,0.1991980117988167,0.2373274198406604,0.21694118048544908,0.20296097378390798,0.04811311028941161,0.18244259438274255,0.18006610330600725,0.3171134822221524,0.006279091063820626,0.3636389675402444,0.18357595868691612,0.1388199758651672,-0.03368894325841324,-0.15907321120298906,-0.47722008444644,0.23753733891467427,0.341668817275409,0.03501629794778845,-0.12380430489072619,-0.2496886909029078,-0.13755851319101953,-0.29060529887615255,0.25096363898322427,0.2302152802451295
0.2916797142075979,0.6245757974710545,1.856715260074604,0.09890060250736979,-0.44532628706231964,0.3392979494885886,0.048418883594725196,0.40235464324868947,0.44561306055179034,0.3650820798254317,0.19079710138062272,0.12774674547194448,0.13593845317350509,0.21248570406494885,0.27861628401432537,0.19598221506680777,0.32873953439566683,0.1554472788280711,0.26383846074049,0.27775644038421543,0.18616310786780765,0.30396930487393364,0.10546940706444043,0.13868175980509373,0.3242090163361545,0.22812700436398958,0.28322145118770514,0.23134866962921113,0.31370521557455344,-0.08625442114558743,0.17642912447300851,0.16600219610224012,0.13704950506838182,0.38861691414231037,0.20574826841833366,0.31685828442853925,0.4109992382396323,0.2355360004774945,0.3188133094467765,-0.13163611926961302,0.18846286214595828,0.17889010293673402,0.309662974327645,0.012813715914246121,0.23807574840773843,0.46261930315122146,0.272205573733159,-0.16986044489721705,-0.17369081291049407,-0.11221085040815196,-0.01394823109841422,0.22192211757561003,0.21215602119604443,-0.2548164703022054,0.055570598114504134,-0.009061075148154641,-0.08573701884091169,-0.06663215812688561,0.020610252054207183
0.06738044528592266,-0.03835501417264758,0.09890060250736979,1.5722494772581408,0.6276287573905355,0.30030817416338984,0.2767863979676984,0.19254907567355092,0.05939373952229517,0.23961374364940383,0.1731525365012811,0.3060139905043879,0.1705037016519789,0.17667883576448873,0.1543996094004302,0.20160049049785408,0.19219490013508228,0.2568745819522852,-0.07850638648516593,0.1250241846977624,0.15273777128746793,0.12933305163740386,0.25578252461989454,0.16462323977446727,0.15719487817662248,0.24963198491730568,0.11396450749180298,0.11881259869779871,0.1884662496847757,-0.09523257458118044,0.163049540323526,0.2361428851953369,0.0517001275444166,0.20932357501145463,-0.19789500043648997,0.04926103096086842,-0.026660255223688378,0.1070123712464824,0.046433548786207014,0.0625958054935782,0.07106352848518091,0.15757621119344808,0.17877825636366812,3.879281065092353e-5,-0.0046787445927172246,0.09848258130456382,0.1274155916116244,0.060528638194894936,0.046426078624694146,0.00673609189326383,0.02763302686040595,0.3774544003236771,-0.28904356125029573,-0.04732419532900134,-0.0984430734086014,-0.06593118636986343,-0.11409625896684054,0.13031884701119897,0.04919247890392485
0.04951650278203808,-0.0793061230288396,-0.44532628706231964,0.6276287573905355,1.6243059892244858,0.14653263976045486,0.3137777922087151,0.17614793031335627,-0.07394212775465703,0.15226604157202447,0.1498425953454186,0.270873178252078,0.15911340464814144,0.22549791426354537,0.23296243623430674,0.23357529208890207,0.12091777662536687,0.1814691862067414,-0.07842930367091305,0.1271334995238339,0.12420122940728039,0.062429323489607176,0.2065895928782172,0.16142780046124472,0.13568207439913768,0.17972221206356828,0.06902459944622062,-0.004254500237871627,0.1615980564746646,0.023386644678075198,0.1662411958485384,0.2869797683790455,0.0005328596001071561,0.08682427888159042,-0.1507467830706773,-0.05772689095323741,0.020325231641506413,0.0703096440686282,-0.05377779780383291,0.18154245950203668,0.13080962495649875,0.15665755417755686,0.0944977464243068,-0.00039254870116998183,-0.021226966907915364,-0.10390170563507137,0.09891227980100623,0.1966939683072229,0.40369941105745116,0.027924729245675357,-0.06290936197112824,0.0735512552249984,-0.320304873778612,0.22898511793423776,-0.11061790557496254,0.01699853197293815,-0.08427765603321287,0.10984888595771844,0.0639935261241094
0.06350667520671223,0.28940820261562406,0.3392979494885886,0.30030817416338984,0.14653263976045486,0.723352994716189,0.08202909870192686,0.3417676896057301,0.2846670537542394,0.19071685104513425,0.23701815197963233,0.23827217696005054,0.18813987595064316,0.2642062673688344,0.187490855597073,0.2161955799458296,0.2586037867743243,0.21031942375575574,0.13373582621352695,0.3466843828312264,0.21717218827999343,0.26450199783181555,0.2227412235801191,0.19132595788349907,0.22927113032298402,0.36566214384141354,0.2677770491107185,0.22721422901004423,0.3182422538155896,-0.07729435287471387,0.16298192156381838,0.2784784408181187,0.06891926440246886,0.3719138836585904,0.06901947003630826,0.030298325138672293,0.2968233745148188,0.22875581716369978,0.29569484705882915,0.13289731025514548,0.16369901691723293,0.21019862341847606,0.32651180636941424,0.005889334162341379,0.28309025728004883,0.019959905892713056,0.38597201276418364,0.12746696146726455,0.3839333020841622,0.045458373965058696,-0.17985578949338818,0.16900689262537963,-0.04597146569624965,-0.046641798588334345,-0.1015028028021999,0.022316496306365757,-0.05489484199238381,0.11865026483932474,-0.04751767602513534
0.06152484820287203,0.13852986864095695,0.048418883594725196,0.2767863979676984,0.3137777922087151,0.08202909870192686,0.8032278343493034,0.12779646952246476,0.30149168658137887,0.17583268824400533,0.1788974175344867,0.29694420273840044,0.1986735434938065,0.20350907534733825,0.1380617173573566,0.22809065782867227,0.262146684662875,0.2407649725394834,-0.01979456955674934,0.13947325139553993,0.2097452178483367,0.25428363825937195,0.33244394239384556,0.24925711799901518,0.1559838688920212,0.1850909434762501,0.2676780275945877,0.23327344847477216,0.19419689988000025,0.19354230018073154,0.16826605278366566,0.21341198019636132,0.19683454239393633,0.23632522160699318,0.02294205441819291,0.16031187563782176,0.18240518234408265,0.1377600700940859,0.11160496983140224,0.08854561619293659,0.173106075785271,0.2142884536129129,0.3827954801139312,0.006201507529953019,0.013334686106807278,0.07591428434325602,0.07075275112911919,0.04722426294739027,0.42338501540547074,0.023184565035739436,-0.050557082561169454,0.17772646835996211,-0.005585149787106203,-0.10793431935356913,-0.017663811513171705,0.07362716909971403,-0.028019755892367586,0.010750698676724249,-0.008512957758531229
0.06323457113397687,0.23151359812422748,0.40235464324868947,0.19254907567355092,0.17614793031335627,0.3417676896057301,0.12779646952246476,0.7938840008676461,0.03535972019866311,0.2299694039101191,0.19672009077243108,0.10205340418599626,0.1619658433744863,0.23462016105162675,0.19671962824553998,0.1982006773926938,0.24276613741172218,0.13456339468027478,0.1055751747720113,0.295743104566532,0.1339334496935796,0.15614485554271682,0.1526793533734701,0.12424114230746416,0.19450964105639082,0.24832929326482708,0.23376217985362427,-0.15309835461218882,0.28444456905609633,0.09437620995536615,0.09917884264597195,0.17973444521816542,0.04704662241615146,0.31696637900205676,0.21760603837239093,0.053148827993928296,0.3109924183093496,0.18832488265188047,0.3215151201684996,0.09763724297516595,0.1296527801740257,0.14077017827522068,0.34008429899796067,0.0003233896374902019,0.19968312235415478,0.0989643652167527,0.3645904123020433,0.03837078422477881,0.46747865105132524,0.029404216566516234,-0.11375260329989058,0.02842818203811187,0.18331543916725665,-0.0952912085540096,-0.1261900080806362,-0.05545418185843196,0.09619610961129269,0.15772498850744493,-0.12150250687516362
0.09453029432279714,0.26978369159481586,0.44561306055179034,0.05939373952229517,-0.07394212775465703,0.2846670537542394,0.30149168658137887,0.03535972019866311,0.9181773226365989,0.0836609079016116,0.13844069841662848,0.1900423089092764,0.16540119700418635,0.269200064948056,0.012957228258248311,0.1972075487579597,0.22058040348291863,0.19629423364459625,-0.03905109638679571,0.12226905553781779,0.20633772053508442,0.46358712800394647,0.3567076676671403,0.26010571397704113,0.10207360585166855,0.32801015795033134,0.2988308414717474,0.4123095752533274,0.213293175855846,0.06420403299167521,0.11671146450081708,0.27995261009811867,0.2049384801251308,0.363576386350183,0.0907212669043742,0.16088169378655487,0.27279688187073325,0.14608069493169878,0.15329110313113464,0.02646196934409016,0.18450837700149306,0.2096845402150398,0.40842993799450544,0.006188232467510827,0.017623248381236363,0.11324352501382809,0.22255662905717477,-0.005241123503157657,0.5689473441493191,-0.02293445152058841,-0.15572469773060246,0.22623274220589012,0.04365187827821382,-0.14159434939317417,0.052404794904858804,0.15162883756064374,-0.0657072641268979,-0.06020072212580386,-0.03900896505456114
0.06933627129620754,0.20807778719564543,0.3650820798254317,0.23961374364940383,0.15226604157202447,0.19071685104513425,0.17583268824400533,0.2299694039101191,0.0836609079016116,0.5403628706457204,0.13871720143629135,0.1500518934792238,0.1288291948088151,0.18248814001249242,0.2500805111872816,0.18082322700040962,0.22859021720095424,0.18107805235920588,0.09501295246874925,0.16668313502487775,0.11580351433048625,0.1565792055481153,0.2094846959831129,0.145046576129868,0.2279198399494552,0.11616523080533073,0.19634131625022463,0.17890244058897078,0.22266040905948667,0.1204008579148696,0.11687426534242906,0.17210202761801424,0.09177109900089306,0.2343477897945577,0.12016929672033543,0.14606326119858046,0.2550234939757165,0.11809693735364352,0.22132669382707185,0.07099148125080519,0.1927214777680122,0.12544143073547218,0.20939880332416705,0.009762691080376558,0.0647125493471171,0.1540453766905768,0.22819629721684673,-0.01958226261834135,0.28969741661298154,0.005107914614822794,-0.04382612334711138,0.10562317780026803,-0.0007098725326537476,-0.03874187940499916,0.04563927639416056,0.007763403495338645,-0.08589066278643985,-0.01676863133000911,0.06555169882346859
0.038990913065254054,0.1855599985480372,0.19079710138062272,0.1731525365012811,0.1498425953454186,0.23701815197963233,0.1788974175344867,0.19672009077243108,0.13844069841662848,0.13871720143629135,0.6055993119859602,0.2745734272447288,0.20124559041038476,0.1825354787468736,0.22555736449750047,0.21129639898652355,0.24442436056954603,0.21688010212857162,0.006561087180956743,0.2939551897925365,0.18193488455379017,0.1769467528152329,0.24823843721508007,0.17220802993239664,0.20657223404268493,0.2911145551038433,0.20993577973005992,0.21705498756219926,0.2875300032962226,-0.034712906214426985,0.13531530073656858,0.18809171783289452,0.09617534959283049,0.3034686305530683,0.14414729318170008,0.024344554295890577,0.1374724778019477,0.1480094008443723,0.33541757634411756,0.1374462300540356,0.16730459828014296,0.18991117503552674,0.1894178376883922,0.003640001028265361,0.12739873990455633,-0.0007270113341206468,0.27389840146055633,0.09684333335243268,0.4337751816055993,-0.054074330683484335,-0.16366169841014108,0.02027914157353143,0.149533808019881,-0.005600408708554755,-0.03943932055294288,0.013521231833954588,-0.05242610048612008,0.022030488375410637,-0.0007862694524876539
0.052301778341538006,0.15806303558081253,0.12774674547194448,0.3060139905043879,0.270873178252078,0.23827217696005054,0.29694420273840044,0.10205340418599626,0.1900423089092764,0.1500518934792238,0.2745734272447288,0.6136232273783214,0.18101802566365904,0.21859487830122004,0.18712711324961953,0.23431821582755374,0.23563708445058412,0.36013577644079026,0.0874315873203187,0.19950993779895232,0.20887482622533815,0.20857855405101186,0.2936503919656412,0.18949832629608304,0.2660408766584681,0.3452813516562327,0.21520514833542442,0.12646580047990472,0.27676858015574907,-0.12215654826835758,0.23057632858079577,0.27653728392124,0.09319034982384689,0.24047309923636553,0.056681705447722275,0.23038423187774246,-0.013443656765764615,0.13718047126974184,0.2594888498032267,0.14789776729093856,0.12705735893816747,0.19029447232169072,0.13129290154946208,0.002032064638534452,0.21041765569445844,0.06929739274415829,0.12094168936405623,-0.02078107756973171,0.07758556206173282,-0.056167646669715014,-0.007107935329782027,0.2785111025301868,-0.26456567840743905,-0.03772134259894702,0.014254295985286856,0.05950522233774066,-0.05817857716516863,-0.005838926056763004,-0.11563604369058468
0.030611487137383157,0.1435521991601847,0.13593845317350509,0.1705037016519789,0.15911340464814144,0.18813987595064316,0.1986735434938065,0.1619658433744863,0.16540119700418635,0.1288291948088151,0.20124559041038476,0.18101802566365904,0.3785359377814521,0.15196082466058194,0.06781342469565807,0.14950387202610022,0.17604155900677074,0.2011888731697025,0.026675375171041488,0.16030624886953018,0.1552882320180138,0.1974886030763247,0.26877882462366626,0.1809614987318711,0.12198636267570766,0.2748400349044272,0.16063109716181273,0.18363552026169472,0.22952731909971136,-0.03259044651806804,0.09768308808920675,0.16880019093461762,0.12174867187280813,0.2712153356064652,0.11094950680295068,0.022919556298464303,0.12463088108793474,0.09593301463008114,0.243505442178128,0.0957665450435754,0.14516135992755305,0.15101347539276938,0.14513885736564502,0.006837639260704429,0.06565741519519233,-0.0011205994298188857,0.19524700654017343,0.0990835984545872,0.3382687877729558,0.1483753190656958,-0.10722628267683737,0.025720859043937356,0.005265695486967926,-0.07697975482312538,-0.0063032639320937936,0.007007195837831339,-0.0636321826716753,-0.04997617065772686,0.08633284909996025
0.04081680170055029,0.14308535550374782,0.21248570406494885,0.17667883576448873,0.22549791426354537,0.2642062673688344,0.20350907534733825,0.23462016105162675,0.269200064948056,0.18248814001249242,0.1825354787468736,0.21859487830122004,0.15196082466058194,0.5551051636669795,0.12662889026152932,0.2990877094149407,0.20320979642759546,0.11853691076302988,0.04536744276488282,0.22568593125353292,0.16363967147958947,0.26633077355024887,0.2698350101019188,0.27603849946857717,0.20817404626269395,0.23699248005993917,0.18454175994817754,0.17798626704899811,0.24586347334796682,0.006834232145653616,0.14272136763736523,0.5333741133544104,0.1074083439885887,0.2147483902860045,0.05169278429599988,0.06277944705572001,0.19367240090186766,0.15969015396130923,0.13442455005740503,0.14147983147991453,0.2545100959321976,0.1939003710073213,0.1587890612580803,0.007895426305128983,0.1356362072788265,-0.038964285121526915,0.2608312816019548,0.1329171130308947,0.6177015523960552,0.03029360731488845,-0.10977955877450464,-0.008082761055428397,0.008170392735788966,0.07026293859151007,-0.0653793061757231,0.03347572094662062,-0.06446053078850764,0.04386993067401604,0.04236181705452674
0.04386628537457574,0.21864392784099637,0.27861628401432537,0.1543996094004302,0.23296243623430674,0.187490855597073,0.1380617173573566,0.19671962824553998,0.012957228258248311,0.2500805111872816,0.22555736449750047,0.18712711324961953,0.06781342469565807,0.12662889026152932,0.8501945164654587,0.10976979336132454,0.19245085117339988,0.05684133037558127,0.1356202426019627,0.31704120097929056,0.13655181713472145,0.019108434685925487,0.13241423296752494,0.10327112424711458,0.2684017463925562,0.007278711191889483,0.16547071940498484,0.16672212802584127,0.1784754429213552,0.13772946910442876,0.12455682815648852,0.12920781004880835,0.12830961641101157,0.09366475724555844,0.08007819359944296,0.0703032228679775,0.33606047788713683,0.13421799453083677,0.29411894067557326,0.0942862788087709,0.1828754880306224,0.16966208888585615,0.05915284500037611,0.011316126087802617,0.18656951960404336,0.05890157494864434,0.22671913276699318,0.09469129838416157,0.3671313290878508,-0.13292845872135656,-0.11201392905338226,0.09085758055970922,0.14215062692076122,0.022373503021621704,-0.06454992129128553,0.04079714091334663,-0.17271835738126462,0.08929379163117605,0.09642998947454953
0.04058256137832128,0.1192635409010049,0.19598221506680777,0.20160049049785408,0.23357529208890207,0.2161955799458296,0.22809065782867227,0.1982006773926938,0.1972075487579597,0.18082322700040962,0.21129639898652355,0.23431821582755374,0.14950387202610022,0.2990877094149407,0.10976979336132454,0.5162654676784785,0.26032035048029767,0.1875407539446808,0.12621095429556475,0.16855066587430614,0.16235297275119215,0.31395195372427087,0.19852641132252113,0.18692239380330467,0.19135387399582626,0.18416067359186739,0.21003435554273084,0.14385425901965093,0.2289485760411019,0.03744476645130516,0.18059941866868248,0.2678958333831085,0.11465982921098831,0.20371456895910323,0.16043900558821683,0.05155358980854726,0.2560779782642956,0.1672974647226529,0.24528063902254676,0.14160594142683328,0.2046025497819703,0.19198825301052724,0.20849571017461344,0.01683023361187646,0.2070748283140006,-0.04881748660053637,0.21283129621742458,0.1361360995308472,0.42109597945258476,-0.07375187268345357,-0.1165694138343125,0.10916932739015889,-0.055766652064389986,0.0012756340728256811,-0.015598522876634706,0.043582053917975504,-0.0657235374476495,0.02164353456812842,-0.020160988204974646
0.051979031032550485,0.20624800746312005,0.32873953439566683,0.19219490013508228,0.12091777662536687,0.2586037867743243,0.262146684662875,0.24276613741172218,0.22058040348291863,0.22859021720095424,0.24442436056954603,0.23563708445058412,0.17604155900677074,0.20320979642759546,0.19245085117339988,0.26032035048029767,0.682001602576536,0.19685453232463643,0.16692333115048735,0.2875893618427216,0.17411096063116763,0.23511218222516694,0.13270411639564395,0.1970168630752772,0.3159339204128447,0.09075265701009924,0.26475289973640376,0.3459553093091394,0.26456282562978134,0.08447470256458751,0.2133113233666488,0.17760856370376335,0.1985808951028783,0.29776963650819105,0.1227347634579884,-0.0066811135921130554,0.45114398358401425,0.2388459942563037,0.23008090213478738,0.11943120287404084,0.3115822943223958,0.16965380900195448,0.358815534378477,0.01607920485436546,0.2651835149221362,-0.04103825903451829,0.30769754368957636,0.23974644378331988,0.43671409990844695,0.43597478082671504,-0.016153179514959835,0.15219369719857892,-0.20377723783879226,-0.09146251863295186,-0.013396452026616311,0.005731252781227158,-0.04633893662260745,0.02517426188194341,0.019845598684594595
0.05748551132067981,0.1906178147152923,0.1554472788280711,0.2568745819522852,0.1814691862067414,0.21031942375575574,0.2407649725394834,0.13456339468027478,0.19629423364459625,0.18107805235920588,0.21688010212857162,0.36013577644079026,0.2011888731697025,0.11853691076302988,0.05684133037558127,0.1875407539446808,0.19685453232463643,1.047551031381438,0.15882068684663472,0.004803137025638529,0.31297447037853227,0.27411884972883466,0.5439557452656022,0.15772846177805525,0.4206000200482444,0.5440234987265969,0.16767539947308907,0.6584598817462022,0.24956925527657464,-0.2963430171573213,0.542409999366766,0.19979253262272875,0.18165103751340134,0.38054958649489856,0.11057888991886441,0.26101380903185756,0.1290045999362757,0.12128634184124584,0.16354654762495682,0.152130977020749,0.19791419578659009,0.19530240426009401,0.26101317614255726,-0.006871039615112531,0.37305905399978584,0.13138613846001923,0.06175239136011223,-0.08839136662303365,-0.18005439500759216,0.37149292483540547,0.15153007500641302,0.4197212542732452,-0.7955668439851911,-0.13400013593788093,0.04740124381973936,0.0801906571347236,0.036264376303789314,-0.01053907175514283,-0.22506918535323436
0.038759687329689076,-0.04829737931923449,0.26383846074049,-0.07850638648516593,-0.07842930367091305,0.13373582621352695,-0.01979456955674934,0.1055751747720113,-0.03905109638679571,0.09501295246874925,0.006561087180956743,0.0874315873203187,0.026675375171041488,0.04536744276488282,0.1356202426019627,0.12621095429556475,0.16692333115048735,0.15882068684663472,1.2605411804233169,0.11215203525886304,0.14743898455551968,0.10491947876528702,-0.34576701547328026,-0.007904785770172621,0.19682357779569723,0.022157025193776093,0.04975725747250362,0.17229715568208004,-0.09245525749456412,-0.1796743105714707,0.40246022061263004,0.006716501724937186,0.15622527891913557,-0.06395210781727512,0.0527005665915858,0.06657742876437274,0.41196053342188543,0.1256545984325584,0.18510911640459068,0.02670964677330218,0.06952320819130432,0.07755096313835198,0.06274451903713725,0.00420977068409966,0.49127782696558525,-0.07911480998228083,-0.13830873615960917,0.12216609831707317,-0.3433515376998131,0.6258049447675142,0.08478572656579388,0.002961145142625042,-0.4493406323191055,-0.12364833862523192,0.04693493431838168,0.015677284048344124,0.029882560776890655,0.006465294709785879,-0.10723966886417119
0.027432654356711043,0.3208249868314865,0.27775644038421543,0.1250241846977624,0.1271334995238339,0.3466843828312264,0.13947325139553993,0.295743104566532,0.12226905553781779,0.16668313502487775,0.2939551897925365,0.19950993779895232,0.16030624886953018,0.22568593125353292,0.31704120097929056,0.16855066587430614,0.2875893618427216,0.004803137025638529,0.11215203525886304,1.076611699207297,0.11054866971037497,0.07096444946215544,0.29110218142024663,0.17399452729714596,0.16973094607677178,0.3177862784191668,0.3913164248219693,0.22126655746330046,0.3872157171611513,0.16680144355530319,-0.08080604023881502,0.18753540609853092,0.1201562699246821,0.4017171571362162,0.2789907078245073,-0.046282807741125497,0.7993724335334017,0.5409115096924647,0.7742489160464576,0.35854587152861656,0.29489091996113725,0.1623009993416763,0.4503625844836075,-0.0024707326634676955,0.7280499309500746,-0.10788105296979177,0.40899379319691964,0.32395332078797834,0.7684562916127903,-0.1751146713103017,-0.2917321726415683,-0.009326000950986622,0.34422973510177585,-0.05398742557040462,-0.02981336206016627,-0.009129568683769275,-0.06638036558710003,0.003939024688180075,0.0823469595877794
0.04753320634973746,0.18966441869709486,0.18616310786780765,0.15273777128746793,0.12420122940728039,0.21717218827999343,0.2097452178483367,0.1339334496935796,0.20633772053508442,0.11580351433048625,0.18193488455379017,0.20887482622533815,0.1552882320180138,0.16363967147958947,0.13655181713472145,0.16235297275119215,0.17411096063116763,0.31297447037853227,0.14743898455551968,0.11054866971037497,0.48492878393193406,0.1894985075621987,0.2527805339617228,0.18700277704835466,0.2388280390716996,0.22581928066765025,0.21366712801473683,0.390237007937478,0.18950898561817683,0.04102556988265765,0.26697799254344445,0.1962440893586031,0.21668488376681905,0.221345348280076,0.14156304147359397,0.1276175020375473,0.19855823659193902,0.13714078084980968,0.19956541761184834,0.10336560773407581,0.20455427479578867,0.3998631493500914,0.30791457246501847,0.0006751908413350812,0.3694336576067351,0.014908526567027259,0.16578598458986069,0.08595555240058993,0.0641172415481604,0.10001433108486851,-0.054768174568538594,0.17440026528704158,-0.15365845663713842,-0.06828340033361562,-0.030725770678511052,0.02201483845424401,-0.09516786486425019,0.058185080677978764,-0.010981715421526615
0.05620151601616992,0.1542143544906575,0.30396930487393364,0.12933305163740386,0.062429323489607176,0.26450199783181555,0.25428363825937195,0.15614485554271682,0.46358712800394647,0.1565792055481153,0.1769467528152329,0.20857855405101186,0.1974886030763247,0.26633077355024887,0.019108434685925487,0.31395195372427087,0.23511218222516694,0.27411884972883466,0.10491947876528702,0.07096444946215544,0.1894985075621987,0.8110033406864269,0.33188454390714006,0.19118169057427467,0.09353158003068276,0.287727640643314,0.21744987742929756,0.2414052874859981,0.25797280556749824,0.015248624907579177,0.14037156771924808,0.26881620913065185,0.12452046070913184,0.3733701421375124,0.2300422871195326,0.06773865575017496,0.26816325516920975,0.13387599353755317,0.3439941194332879,0.09371834879584802,0.1857205078258187,0.1922897174277681,0.2877677811187135,0.017399582424871392,0.11082996991368776,0.014002602446053808,0.2581205848217704,0.07175407235981497,0.5581870489971433,0.01693713404079705,-0.17478160275396834,0.06031213590227576,-0.049675497731671424,-0.0860871179298955,0.02322496289069573,0.07568043907062907,-0.050930096525336754,-0.03241468210030629,-0.04379836602858525
-0.011223927529547411,0.01214189473883766,0.10546940706444043,0.25578252461989454,0.2065895928782172,0.2227412235801191,0.33244394239384556,0.1526793533734701,0.3567076676671403,0.2094846959831129,0.24823843721508007,0.2936503919656412,0.26877882462366626,0.2698350101019188,0.13241423296752494,0.19852641132252113,0.13270411639564395,0.5439557452656022,-0.34576701547328026,0.29110218142024663,0.2527805339617228,0.33188454390714006,1.885479100019768,0.44804952626427513,0.15695695848691937,0.26244699299765867,0.372833190504836,0.43009099310064586,0.6536805974709612,0.34329657845669126,-0.6680951252900571,0.2735085122826154,0.504362472392719,0.6323316614107145,0.2620738964208858,0.10517963652329354,0.7497214425202391,0.21493193214767867,0.6639176023331977,0.319190129035873,0.3854881627765777,0.24618519428033928,0.41207862651298444,0.005874089646623168,-0.05459931455253294,0.21067296103803654,0.6207230580657365,0.1436864589827113,1.258850090788704,0.2987479799127651,-0.4387811496276538,0.08095580984568167,0.21851845245951695,-0.10048380597023275,0.10856908160849522,0.11519589648775695,-0.17319416097752485,-0.13785273711695395,0.16362873271159253
0.019662687374689354,0.08328291112073952,0.13868175980509373,0.16462323977446727,0.16142780046124472,0.19132595788349907,0.24925711799901518,0.12424114230746416,0.26010571397704113,0.145046576129868,0.17220802993239664,0.18949832629608304,0.1809614987318711,0.27603849946857717,0.10327112424711458,0.18692239380330467,0.1970168630752772,0.15772846177805525,-0.007904785770172621,0.17399452729714596,0.18700277704835466,0.19118169057427467,0.44804952626427513,0.6687296284923285,0.20191066964562343,0.11110649744549078,0.3024774006560928,0.3143577555605505,0.17933607195113588,0.3961470063237912,0.32727458149952454,0.34571085598105855,0.36676909906411936,0.06400699456388963,0.10584999825882323,0.21709534172876108,0.18259453491379843,0.1517442945032141,0.048821025416024774,0.10154382924370986,0.2754435515386545,0.20334810917568397,0.27949075014316993,0.03214395608011555,-0.05812588154724747,0.13613663803747508,0.2122116879956403,0.011363522643204739,0.5620068787090137,0.1098216674704846,-0.18102487205649948,0.17566045964064889,-0.008569288725041679,-0.03813001368249882,0.05625745158883568,0.00905758329191978,-0.055555124431653315,-0.11842945292565467,0.16197717072473278
0.08941627313048185,0.24989593867322063,0.3242090163361545,0.15719487817662248,0.13568207439913768,0.22927113032298402,0.1559838688920212,0.19450964105639082,0.10207360585166855,0.2279198399494552,0.20657223404268493,0.2660408766584681,0.12198636267570766,0.20817404626269395,0.2684017463925562,0.19135387399582626,0.3159339204128447,0.4206000200482444,0.19682357779569723,0.16973094607677178,0.2388280390716996,0.09353158003068276,0.15695695848691937,0.20191066964562343,3.2116837227803754,0.10068305989058335,0.25503295816734495,0.18891440364677256,0.9984089489278043,0.08978468995185263,0.5466671859735522,0.26081970969256446,0.010753958254532743,0.8837309635764572,0.40043924984526513,0.7122983581802428,-0.21304499417555123,0.13228586148091392,0.5853820503300101,0.1327921402317104,0.2738308932633972,0.16766327203292383,0.02381841789574336,0.03641140688582371,-0.0298516462245732,0.4625911436995842,0.2519594451230719,-0.4889675119884682,0.20701128083111592,-0.862150500692265,0.1780141778001558,0.1296359458336364,0.08917628949581982,-0.05816431502034127,-0.019915634157568217,0.021722458633876087,-0.009290536992632534,0.01972156446087829,-0.0774777015412634
0.04874303818049257,0.24388901001069893,0.22812700436398958,0.24963198491730568,0.17972221206356828,0.36566214384141354,0.1850909434762501,0.24832929326482708,0.32801015795033134,0.11616523080533073,0.2911145551038433,0.3452813516562327,0.2748400349044272,0.23699248005993917,0.007278711191889483,0.18416067359186739,0.09075265701009924,0.5440234987265969,0.022157025193776093,0.3177862784191668,0.22581928066765025,0.287727640643314,0.26244699299765867,0.11110649744549078,0.10068305989058335,1.94281115323564,0.25148036579719957,0.6621639559176127,0.12626111351206798,-0.8738149525531228,0.3708602157392192,0.3381887761319038,0.013023128875162066,0.35276800871299163,0.08439114899944028,-0.06523398639866872,-0.19832896078119774,0.21249317117479447,0.3120124677989985,0.21467151532189171,0.1023377747170586,0.25491992739397484,0.4344934044142932,-0.056947276574848764,0.7645996030141413,-0.3578419723302744,-0.05088470860521787,0.19680974112815475,-0.0326950317217099,0.533106782978265,-0.2824274627945256,0.30206223499964246,-0.7550431609843754,-0.06649688131615882,-0.02165294347125934,0.04276234069056341,0.05266186993217928,-0.06685251729304514,-0.10695198356947605
0.07758350310044845,0.3257353355590031,0.28322145118770514,0.11396450749180298,0.06902459944622062,0.2677770491107185,0.2676780275945877,0.23376217985362427,0.2988308414717474,0.19634131625022463,0.20993577973005992,0.21520514833542442,0.16063109716181273,0.18454175994817754,0.16547071940498484,0.21003435554273084,0.26475289973640376,0.16767539947308907,0.04975725747250362,0.3913164248219693,0.21366712801473683,0.21744987742929756,0.372833190504836,0.3024774006560928,0.25503295816734495,0.25148036579719957,1.7691123064354726,0.7326657469215023,0.19287012817736618,0.586998287171106,0.12971861238503316,0.1507738111244354,0.39000492555855704,0.2840070586219533,0.3263183372430512,0.7331240830779205,0.5157019573208789,0.3317505906459475,0.27581870768743516,0.1696167649528659,0.49056151117291175,0.2444067920023172,0.8958697839617844,-0.005667446580905808,0.5806857682634904,0.08204204039506974,0.1332038057668841,-0.13215632223840657,0.35011339467644087,-0.16441799441122876,-0.296197805091357,0.13325549475762305,0.35565940263794005,-0.12621023761971242,-0.016055666972037065,0.11570180871590689,0.040346454551266446,0.024444588662321375,-0.11169245373322796
0.018738653307201383,0.27233887396744,0.23134866962921113,0.11881259869779871,-0.004254500237871627,0.22721422901004423,0.23327344847477216,-0.15309835461218882,0.4123095752533274,0.17890244058897078,0.21705498756219926,0.12646580047990472,0.18363552026169472,0.17798626704899811,0.16672212802584127,0.14385425901965093,0.3459553093091394,0.6584598817462022,0.17229715568208004,0.22126655746330046,0.390237007937478,0.2414052874859981,0.43009099310064586,0.3143577555605505,0.18891440364677256,0.6621639559176127,0.7326657469215023,2.811019836473464,-0.26169095548711824,-0.22206104619746456,0.5192329009134707,0.2818835244282879,0.49604183871860796,0.3648999034707915,0.08308529547215127,0.10953493254084165,0.670914930913899,0.26725163155849957,0.01449369946086031,0.12185660243979018,0.6149579762430611,0.3651280815663529,0.6373723625590244,-0.031355047113601923,0.551948940207085,-0.21575463160339933,0.04447440325913817,0.35716705927503994,0.2430393075737968,0.6340118698104708,-0.1988088882946228,0.6399193554850698,-0.7493567024070397,-0.1459610905819781,0.004955054468325563,0.11740350119199294,-0.12528806190333286,-0.015569331502255205,0.12630769324713056
0.05921282823048518,0.25953206512701243,0.31370521557455344,0.1884662496847757,0.1615980564746646,0.3182422538155896,0.19419689988000025,0.28444456905609633,0.213293175855846,0.22266040905948667,0.2875300032962226,0.27676858015574907,0.22952731909971136,0.24586347334796682,0.1784754429213552,0.2289485760411019,0.26456282562978134,0.24956925527657464,-0.09245525749456412,0.3872157171611513,0.18950898561817683,0.25797280556749824,0.6536805974709612,0.17933607195113588,0.9984089489278043,0.12626111351206798,0.19287012817736618,-0.26169095548711824,2.19464143644464,0.3698820873708959,-0.29311129050359,0.2500865069893284,0.0411277898288866,0.7698072333439081,0.4407590548833149,0.4889228633631902,-0.09689291073253789,0.11160086188460697,0.5684020295965185,0.21067465044774975,0.31574092123499925,0.15173947780202432,0.12692307829254404,-0.03476864592385924,-0.24050268744258121,0.5785891840167207,0.5022899038816596,-0.3600419078791473,0.7965157226233094,-0.04010173217507132,-0.2906190902414028,-0.11300703591896968,0.1500098175503331,0.03003183387785219,-0.026368882617996636,0.051004223668826246,-0.10572314213666813,-0.02265641244065074,0.047641702863257605
0.03354046276708965,0.039331661763643826,-0.08625442114558743,-0.09523257458118044,0.023386644678075198,-0.07729435287471387,0.19354230018073154,0.09437620995536615,0.06420403299167521,0.1204008579148696,-0.034712906214426985,-0.12215654826835758,-0.03259044651806804,0.006834232145653616,0.13772946910442876,0.03744476645130516,0.08447470256458751,-0.2963430171573213,-0.1796743105714707,0.16680144355530319,0.04102556988265765,0.015248624907579177,0.34329657845669126,0.3961470063237912,0.08978468995185263,-0.8738149525531228,0.586998287171106,-0.22206104619746456,0.3698820873708959,3.180518431196199,-0.23428644072289662,-0.18304201221484526,0.3815080751126284,-0.16034792009375062,0.9787102732218921,0.8171230125277327,1.058749722294686,0.190345984599312,0.2075403844930988,0.13543275880769326,0.6128326768948209,0.07403701087160437,0.7823907700838595,0.182606036450552,-0.11376564379949582,0.9481135742249419,0.6229269781775463,-0.5336554669158396,1.1592115538545196,-0.22047920268215387,-0.41335487364443285,-0.6085310418755946,1.1187128666095687,-0.011766579237219521,0.03010740620009708,-0.08939966822433237,-0.023534410282679524,0.17607949026233008,0.0076736724958059
0.09064831530624756,0.21486019198454523,0.17642912447300851,0.163049540323526,0.1662411958485384,0.16298192156381838,0.16826605278366566,0.09917884264597195,0.11671146450081708,0.11687426534242906,0.13531530073656858,0.23057632858079577,0.09768308808920675,0.14272136763736523,0.12455682815648852,0.18059941866868248,0.2133113233666488,0.542409999366766,0.40246022061263004,-0.08080604023881502,0.26697799254344445,0.14037156771924808,-0.6680951252900571,0.32727458149952454,0.5466671859735522,0.3708602157392192,0.12971861238503316,0.5192329009134707,-0.29311129050359,-0.23428644072289662,1.8408403674951461,0.26367652749735093,0.02096257922912511,-0.16909475994949033,-0.03197866991827243,0.3663345729135864,-0.5260435891897862,0.05541054873809294,-0.38903791118529,-0.03556543997475628,0.09626812521625287,0.19596115159607225,0.09637890636990203,0.024930849792593357,0.3049885933395124,0.0014958007599093662,-0.3261628375535652,-0.1654615806207778,-0.6862886783457888,0.04967810437133547,0.3292128304571157,0.49505542709527567,-0.8184226222928693,-0.05957154041925844,-0.011288493157461768,-0.011834078433168473,0.13609016376856334,0.013188816027210533,-0.2094378523199358
0.03939464861621316,0.16003202645605807,0.16600219610224012,0.2361428851953369,0.2869797683790455,0.2784784408181187,0.21341198019636132,0.17973444521816542,0.27995261009811867,0.17210202761801424,0.18809171783289452,0.27653728392124,0.16880019093461762,0.5333741133544104,0.12920781004880835,0.2678958333831085,0.17760856370376335,0.19979253262272875,0.006716501724937186,0.18753540609853092,0.1962440893586031,0.26881620913065185,0.2735085122826154,0.34571085598105855,0.26081970969256446,0.3381887761319038,0.1507738111244354,0.2818835244282879,0.2500865069893284,-0.18304201221484526,0.26367652749735093,0.9304301752874155,0.019478580895137484,0.11132289760448492,-0.10356531576743311,0.1074907949858329,-0.0692382189467186,0.15201491310021822,0.01407526905210374,0.1754920946950638,0.22629192579044366,0.21439649425822668,0.0834079222224121,-0.005333425260064615,0.1670087923881392,-0.09587233176716427,0.09954986988211904,0.08302477916594776,0.4638365585272193,0.08477616378601768,0.015622568163331884,0.516900823973506,-0.7274990008592557,0.1590858563232381,-0.051715825380320594,0.044331744947465467,-0.07031938600175262,0.006689275000984743,0.05214894063117599
0.00977120266695295,0.0016946304195990978,0.13704950506838182,0.0517001275444166,0.0005328596001071561,0.06891926440246886,0.19683454239393633,0.04704662241615146,0.2049384801251308,0.09177109900089306,0.09617534959283049,0.09319034982384689,0.12174867187280813,0.1074083439885887,0.12830961641101157,0.11465982921098831,0.1985808951028783,0.18165103751340134,0.15622527891913557,0.1201562699246821,0.21668488376681905,0.12452046070913184,0.504362472392719,0.36676909906411936,0.010753958254532743,0.013023128875162066,0.39000492555855704,0.49604183871860796,0.0411277898288866,0.3815080751126284,0.02096257922912511,0.019478580895137484,1.5468964828925316,0.12155438538018816,-0.13077189243324758,-0.05940264631268205,0.8238182380031791,0.1667221618583694,-0.23786358009346664,-0.07723022537184895,0.17208306512679405,0.23881556186898728,0.5919629817471429,0.04803684134699548,-0.3982063422126073,0.18281534615603198,0.5271400461943626,0.29235276656314796,1.1502466611663908,0.4872550684795988,-0.3996093474988714,-0.006924446151898541,0.264001705296136,-0.24058094937388716,0.1528583266424663,0.08322309317742363,0.009964470407350528,-0.17158936211983244,0.08395816344379181
-0.07712133413961705,0.28622002741473507,0.38861691414231037,0.20932357501145463,0.08682427888159042,0.3719138836585904,0.23632522160699318,0.31696637900205676,0.363576386350183,0.2343477897945577,0.3034686305530683,0.24047309923636553,0.2712153356064652,0.2147483902860045,0.09366475724555844,0.20371456895910323,0.29776963650819105,0.38054958649489856,-0.06395210781727512,0.4017171571362162,0.221345348280076,0.3733701421375124,0.6323316614107145,0.06400699456388963,0.8837309635764572,0.35276800871299163,0.2840070586219533,0.3648999034707915,0.7698072333439081,-0.16034792009375062,-0.16909475994949033,0.11132289760448492,0.12155438538018816,2.59314548623513,0.6138749261601205,-0.04458278645242982,0.7580476481076728,0.15869106490176726,0.4287661331612128,-0.052389214738847556,0.5127030001022344,0.21372099320843105,0.4539786450987997,0.07467922528567086,-0.4291191254868226,0.2200403504483919,1.1287138908192809,0.3779460107925198,1.4773351855917205,-0.34758149472263133,-0.18642075017863396,-0.13062473841583191,0.7112390397663882,-0.3279101521564352,-0.12181799623124565,0.11413654914158188,-0.1408965542936232,0.017137925143336483,0.13306868181605339
