0.9180204195275652,0.3218201880740624,0.27537398246887984,0.05581633759870146,0.12185770164913164,0.11363740145600519,0.2179039204797924,0.17754206211325582,0.13009873414845136,0.1207128563455102,0.11672578266802439,0.10639193545213783,0.05982626306382967,0.1550569913991982,0.13479073067373543,0.09444923761475718,0.03133880517629432,0.13786058053663475,0.06053737626163243,0.08395959578109213,0.10554661671119508,0.0927762942198743,0.12007498939721839,0.07240986439191241,0.1374287685505535,0.02055647915951362,0.07177831605115283,-0.028731560129677505,0.2366541802769529,0.10668327708512641,0.08609838684843309,0.07371532518146655,0.07339475753934455,0.09347094552249376,0.12585264826895512,0.0565033625320795,0.09069690942356474,0.07143393236400199,0.18454119919863785,0.08391807907173754,0.04523116716897548,0.042263234323162056,0.08036634889406508,0.08664833494080362,0.0580668265204957,0.0672395220539807,0.1219620537689339,-0.03152758631313299,0.17845664871922898,-0.015448885375893156,-0.001956991193740808
0.3218201880740624,5.534928111894014,0.1841873410989844,-0.16209624468362632,0.11268077965979922,0.3377842614556762,0.11142287692388944,0.12673231036822744,0.2010168158396506,0.18727677826108877,0.1609202046549216,0.181073802064175,0.08917797249000775,0.05330862997410637,0.2002307844649477,0.08827338418935082,0.15443902249886293,0.5120796919943591,-0.2039979194997511,0.4851472892224904,0.10082808601824626,-0.09436210055147216,-0.19701842851557225,-0.20541388885657133,-0.09541543931121509,-0.1827819640178289,0.31324895413166215,0.2972141990804741,0.2213409198555259,0.01773170720879081,0.27341349190744,0.07035783677855692,0.16420935648519872,0.06818910519535198,0.08315862088727789,0.18678109054062175,0.18380584235719724,0.21964092037172425,0.28229064485504957,0.15936973998821238,-0.01650532085356424,0.022303440975838706,0.12152050227280332,-0.007463929282597362,0.20461749707241642,0.09773137689177848,0.23959812877951128,-0.21381506450120202,0.12444145991819629,0.0051612275920292815,0.03854795166476884
0.27537398246887984,0.1841873410989844,2.477330228186858,-0.004007756566408289,-0.4878540900426732,0.42750193002059894,-0.1733488343486073,0.4381870725614499,0.5189671225731413,0.5091929045479959,0.3107796460147271,0.19285583239207016,0.14110649458875574,0.2753962613436963,0.42642114161230155,0.16702605073494656,0.31977095161845565,0.13394884818789612,0.351733129007684,0.45296858627190606,0.16486322029903516,0.391986509209016,0.19198076203186984,0.4047227391690034,0.3885944517790894,0.09147588159833211,0.2196892264005978,0.17172274184620914,0.7558988253141425,0.6308041573868938,0.29658638234791185,0.16476456935746683,0.31180721491793767,0.24146417206547416,0.6965235175405727,0.2964427410079064,0.44746210085765964,0.2763970950688082,0.6038162980994549,0.3314946121879168,0.22046298494583888,0.30728041818607754,0.34670178636337007,0.2468690863690781,0.37194972722204356,0.28425474643820964,0.39657149463876545,-0.11088276444194337,0.52139719406766,-0.16814416515250782,-0.03816090116089273
0.05581633759870146,-0.16209624468362632,-0.004007756566408289,1.4603296405837887,0.7224073125659262,0.32842457224404253,0.46615463140867863,0.37374311917216724,0.12594498365699985,0.21838341988098134,0.20327370550870447,0.24483084002573346,0.12065200366047339,0.2805937448768816,0.1583130688216163,0.20731807162307453,0.12856795975338847,0.24776737025809945,0.018847836380912555,0.12012153328163835,0.1770951473130225,0.0534801874509511,0.28211592688796616,0.20665750766936772,0.2581563989501407,0.15133934372276484,0.09563195288549203,-0.024977471845070844,0.062193059027451716,0.05254038213958826,0.1627541649609822,0.1522127692631514,0.03324502058434667,0.20277867756962756,0.19171432963623922,0.12959866828975553,0.10713303417782745,0.10798151006697793,0.2698499044607888,0.06809687765845636,0.08031659507885945,0.09324401864593126,0.08407938528854968,0.2580051764127088,0.05078323864656151,0.11936843250348948,0.14811075328285406,-0.03694513095720418,-0.03241502872148103,0.011987108347810948,-0.08447424907199645
0.12185770164913164,0.11268077965979922,-0.4878540900426732,0.7224073125659262,1.4046426403465675,0.35956471826596226,0.46199675039220023,0.37892902994096467,0.1254420983687017,0.13180609893245482,0.19751006778046754,0.2344927076652156,0.11913778392383978,0.20468162330014414,0.14438320675870067,0.17850103421557476,0.0773467151238865,0.24583094334156302,-0.06013144445177387,0.052166644162401465,0.16855046880512473,-0.04401328323674572,0.20685777840130476,0.07149212037647308,0.11450643008654107,0.22962476602837306,0.06816992244057005,-0.07713916197167262,-0.001509213086165875,-0.14163669903094633,0.1192583203670012,0.14922361208625814,-0.06052562631811449,0.2015498389118529,0.03509369490671221,0.07701015577395162,0.07191667906057757,0.04514559116692435,0.1528533420553099,0.04827259773605198,0.0417472166008511,0.09685669688004044,-0.01978955950825522,0.1278908290699662,-0.020368576885512486,0.03535544490416364,0.05475927177883807,-0.009293408000592038,0.05472764663049938,0.01873972783229011,-0.01222087739370412
0.11363740145600519,0.3377842614556762,0.42750193002059894,0.32842457224404253,0.35956471826596226,0.9271583572565628,-0.03859614868957026,0.4594048918705588,0.3710983235024027,0.19832210087426158,0.2103281157234637,0.24755232881315245,0.11520602527173385,0.30795616547667654,0.18286608593396703,0.20596724909793035,0.20262051949775942,0.17294758888060854,0.025781166131765208,0.20608467360278485,0.08619504408150336,0.10484729371651968,0.16282005509079694,0.17039640142720686,0.22026840294825956,0.2109668221019219,0.15565922324835563,0.014904070319997496,0.3954696198751393,0.09959723096893393,0.14576277710357274,0.16035394509797496,-0.0033366390405639764,0.25395987692154626,0.27728889890767294,0.09798852741982177,0.11403858316927903,0.12014831330751748,0.32289535311189027,0.18312784166831161,-0.049068974407345756,0.13059005570360827,0.18181824151440082,0.1491962608695598,0.15823193205657704,0.05304991834131023,0.1576481019034169,-0.0663857766577817,0.3368473575229892,-0.09585278906827481,0.03348848654264086
0.2179039204797924,0.11142287692388944,-0.1733488343486073,0.46615463140867863,0.46199675039220023,-0.03859614868957026,1.0623018784952625,0.24811931774782384,0.18452984317399496,0.1803567555142237,0.2157282576113984,0.23997648990603893,0.11079938789924898,0.03481829924395622,0.12434086357536583,0.12150613536430001,0.06712134146026072,0.2647090585563098,0.04994075147129546,0.05640102900111351,0.17327711386703845,0.09441598727014969,0.18360592308079104,0.07524701901033932,0.08185801893312572,0.15839255049148146,0.08792185982540629,-0.054886577182301645,-0.037843522856319624,0.08592998613559774,0.11317807001198794,0.13464114080461198,0.08919618047391042,0.04946563696431447,0.025648566813698648,0.10895699048408315,0.055809684803973976,0.05720923870806704,0.2054435806119713,0.07803461160548025,0.08482890022897918,0.036377418755953225,-0.03290091428151276,0.10496324429245303,-0.019403645795061056,0.057278687386454745,0.15882271795246958,-0.027432963789332084,0.1434365560267984,0.03543177587307824,-0.01811602637395406
0.17754206211325582,0.12673231036822744,0.4381870725614499,0.37374311917216724,0.37892902994096467,0.4594048918705588,0.24811931774782384,0.9798937105082742,0.19491968137089463,0.3128767408218608,0.2247196021611522,0.027431149615607674,0.1080371934429185,0.3019033854816931,0.1755037663630893,0.1661347406486209,0.1787578777247184,0.2380006431989795,0.09368216841388124,0.19572998836983335,0.24715412131735306,0.17191995600986038,0.23512457017645247,0.13067401653768704,0.11443451617902885,0.23192888962093267,0.12000745827365067,-0.029310549653811385,0.21339979568391546,0.30776675110872936,0.15011952128747166,0.13914883929075303,0.09147515341136435,0.12929616964851676,0.23600875027942422,0.14436380729537662,0.18751225295302484,0.12593886118345107,0.4614133386553576,0.20150144238111367,0.08278747647765757,0.10650144551753625,0.11105297521679963,0.1784465845491535,0.1731068852879477,0.11349670403705245,0.2716633255448498,-0.06174938244172792,0.4041948260991147,0.01798732287303054,-0.03835974804462941
0.13009873414845136,0.2010168158396506,0.5189671225731413,0.12594498365699985,0.1254420983687017,0.3710983235024027,0.18452984317399496,0.19491968137089463,0.7485274711336602,0.1143305844511721,0.1892302147280921,0.22501262056985424,0.10580635501532855,0.18306029624476497,0.21927968722099334,0.14360433028400185,0.13429861915037508,0.1554318213158438,0.03665219936625904,0.21418929996848787,0.05440151192077957,0.059748867326637645,0.09103572485819525,0.12904290755874812,0.042687373786911335,0.22938223224304966,0.13030268193996564,0.04820937464538274,0.2036540127038086,0.22912183608487294,0.16470988298100064,0.12600713593627685,0.1079075125350374,0.12342540983458249,0.22284275668471046,0.11548240210388087,0.18396754343730423,0.12944571806986765,0.2685174280331279,0.1834498438895913,0.038284634402921486,0.1294711645054683,0.14870448559618812,0.07631727646653398,0.17461957518585128,0.08067925888991265,0.19690529923488315,-0.06024346688436223,0.3929594594359823,-0.08826070219276988,0.06258970687848336
0.1207128563455102,0.18727677826108877,0.5091929045479959,0.21838341988098134,0.13180609893245482,0.19832210087426158,0.1803567555142237,0.3128767408218608,0.1143305844511721,0.6655574417944222,0.11550623919910617,0.11050905190061394,0.11269557488545433,0.15913922550360124,0.18446677200135642,0.13813600889130923,0.14912262290277564,0.23401998388156414,0.10364488123554219,0.0955760753315947,-0.0011020735745762768,0.17555975371202034,0.21921437616154058,0.16742838688984588,0.143302771417752,0.05193846741778991,0.11585650612264274,0.024901509165059246,0.2547374252695555,0.27079764003008083,0.16137006399193296,0.08168505302801855,0.12319634724689861,0.12205958146583396,0.24988096453890843,0.16742018968039557,0.2060722867581838,0.0836593110556204,0.32486634182016305,0.1321241141651067,0.16601616742001854,0.11807082407426074,0.12342826358236046,0.185329837522267,0.06131993913543312,0.12929086984647167,0.25333703916556183,-0.06339950012211833,0.2728208396728302,-0.03858701273966762,-0.0038421302559540154
0.11672578266802439,0.1609202046549216,0.3107796460147271,0.20327370550870447,0.19751006778046754,0.2103281157234637,0.2157282576113984,0.2247196021611522,0.1892302147280921,0.11550623919910617,0.4631099252540695,0.23907144532191818,0.14957529300028014,0.1595440836489094,0.31539191455129545,0.16525727631612797,0.20669628402405046,0.12207990285955475,0.0037543819472498543,0.3072647897746567,0.19247253772438344,0.07983833988624651,0.09416750642302323,0.17450723038369784,0.12453097933684924,0.15655381182328112,0.16182341829031885,0.09235927492505083,0.17718508272198813,0.14793567427876073,0.19900777908288972,0.14691945097579823,0.0824208450516123,0.14702014699545574,0.28343641750291776,0.15331552691718833,0.16300209094049237,0.16622891569611098,0.2843486735957712,0.1865346373065948,0.1097421021216099,0.17293777124055426,0.1580591239604829,0.11629921358940912,0.19346481993162615,0.12030156009888021,0.14267162585300153,-0.0496821251000401,0.2525701731572624,-0.05504524561552053,0.0010809534389756206
0.10639193545213783,0.181073802064175,0.19285583239207016,0.24483084002573346,0.2344927076652156,0.24755232881315245,0.23997648990603893,0.027431149615607674,0.22501262056985424,0.11050905190061394,0.23907144532191818,0.7087040988289782,0.11611639789726691,0.14009899256322017,0.13223799258132832,0.22320870383616492,0.12477678148232131,0.1988700590641177,0.014134000591019142,0.12434518966285935,0.009617133735356869,0.05934790632711516,0.16945335349776544,0.1592956222582184,0.19364000890410277,0.17775066633468192,0.18485600631570112,-0.0972741682360129,0.24419948476221745,-0.032413100435905666,0.10240122216178685,0.2027093858247512,0.11551293129895877,0.1452703957571976,0.12258858569032725,0.048336301597883685,-0.03343996908893715,0.0856640163147638,0.1636612601121268,0.12188991303698288,-0.04109769230070847,0.07004526489685031,0.1650615045072277,0.04653167986009798,-0.000985664701360115,0.051121579039884214,0.08998916270954385,-0.012245711372074404,0.4101660535091972,-0.10167339246654672,0.03727994038869714
0.05982626306382967,0.08917797249000775,0.14110649458875574,0.12065200366047339,0.11913778392383978,0.11520602527173385,0.11079938789924898,0.1080371934429185,0.10580635501532855,0.11269557488545433,0.14957529300028014,0.11611639789726691,0.3430158781540443,0.1113958710253388,0.022165724276871093,0.13566226854990437,0.16254646944062962,0.09454529813472275,0.07067871777989762,0.14065912127333172,0.06801420151206554,0.21657322798233924,0.08379733072525539,0.11943215279031441,0.09644583585462378,0.04016528275095866,0.1290081150095659,0.08587052447569961,0.17306484116239584,0.06839565219821962,0.11765737056818748,0.12375964524661089,0.05299682533622677,0.10982308980207371,0.1941277280364368,0.08071080414311142,0.11431586660141832,0.08194299604726714,0.22387044795993294,0.09987540129259403,0.10036535825382109,0.10232000959915441,0.14601029522680684,0.15740880072487037,0.06718031821359623,0.06142329795083294,0.08477816461560948,-0.010448648705145865,0.21545779810366072,-0.00959268805616158,0.011229348191436133
0.1550569913991982,0.05330862997410637,0.2753962613436963,0.2805937448768816,0.20468162330014414,0.30795616547667654,0.03481829924395622,0.3019033854816931,0.18306029624476497,0.15913922550360124,0.1595440836489094,0.14009899256322017,0.1113958710253388,0.641156010295115,0.2664282122543563,0.31057813001280843,0.1506385211946682,0.02137085430842531,0.053221601928727574,0.2431784614881851,0.05207463525467216,-0.017009983725678877,0.06875193789463636,0.18173785638265064,0.1393523723519574,0.12028804921879736,0.13655287685061068,0.10623811723665096,0.26839378743982445,0.20055490899975334,0.1601515167051853,0.10639235370447642,0.07806622267431618,0.15642616695740108,0.30856063154777696,0.08782447513312934,0.1946082635716895,0.15198643510155513,0.23804269188136912,0.1549945809476845,0.15246836552571735,0.1541488257797398,0.24367358620297688,0.1426015329075088,0.11884409699220466,0.08322744665652648,0.12345938151796783,0.0010127463937122361,0.5004578062688081,-0.050239341766481704,0.01098278574754299
0.13479073067373543,0.2002307844649477,0.42642114161230155,0.1583130688216163,0.14438320675870067,0.18286608593396703,0.12434086357536583,0.1755037663630893,0.21927968722099334,0.18446677200135642,0.31539191455129545,0.13223799258132832,0.022165724276871093,0.2664282122543563,1.0350811890354066,0.20975383932252709,0.2509972297995434,0.018169925285212475,0.07979860155663687,0.4740037373756752,0.23625932789226028,-0.10580647414128054,-0.011090575097312202,0.23201550731866075,0.05413066581892903,0.1390642822085114,0.1929470816194503,0.29565267022180547,0.21974931686612978,0.4775180790561358,0.2817322325930661,0.09972964986153078,0.15666601899247246,0.16263831390392083,0.3785367881992541,0.22986973307139752,0.44072057238931067,0.26540127387662804,0.3376335273649775,0.25794968723381717,0.2968204525826469,0.3248141046886206,0.32490329444806526,0.13217758349448447,0.39238318105369924,0.2116246529097155,0.2622966549196386,-0.05667570124542718,0.5168058770637572,-0.06396337084924014,0.03401052408486966
0.09444923761475718,0.08827338418935082,0.16702605073494656,0.20731807162307453,0.17850103421557476,0.20596724909793035,0.12150613536430001,0.1661347406486209,0.14360433028400185,0.13813600889130923,0.16525727631612797,0.22320870383616492,0.13566226854990437,0.31057813001280843,0.20975383932252709,0.6813661327735541,0.2655880758693192,0.010639444430914193,0.06674653112879511,0.27809052163247455,0.08991189818578704,0.12426437559367645,0.08274517359273714,0.22534734501714157,0.10730624634863105,0.05712023583450014,0.215658341286014,0.1321353875131822,0.34508559749107637,0.10544518676288242,0.1726949788475019,0.1905685247796799,0.09661725057775951,0.1782600929912642,0.2926124825572051,0.10746078464473165,0.2099531465978838,0.1768066226254591,0.2681864644052818,0.16894711565801912,0.16040521581176784,0.18008206990132059,0.2914528380420317,0.15758665595584387,0.15396470085685324,0.07425798070018642,0.07362854156052698,0.009012295344230824,0.47524089731475755,-0.061459861559954254,0.01964337093934389
0.03133880517629432,0.15443902249886293,0.31977095161845565,0.12856795975338847,0.0773467151238865,0.20262051949775942,0.06712134146026072,0.1787578777247184,0.13429861915037508,0.14912262290277564,0.20669628402405046,0.12477678148232131,0.16254646944062962,0.1506385211946682,0.2509972297995434,0.2655880758693192,0.9805372399001518,-0.03483018143809617,0.10987896842954861,0.44697056121402706,0.15074110196726273,0.44899706744347456,-0.06585785323921234,0.23604223296884688,0.4370795115326996,0.2597647968214801,0.26037360909093354,0.431035815260828,0.313871513692493,-0.016888802883696798,0.23935706628520026,0.2034477971496114,0.12897558368415724,0.283253597768976,0.2586595405856729,0.2496240272552151,0.3241465999810195,0.27312130052817546,0.08657054740442414,0.08327690803274741,0.2915038611678552,0.342472058465849,0.2774789934008026,0.18429888091738555,0.16379848762882646,0.1301374862363101,-0.01639377412177292,-0.026037288866769037,0.1165958515356305,-0.1136471102706785,0.009827647345656434
0.13786058053663475,0.5120796919943591,0.13394884818789612,0.24776737025809945,0.24583094334156302,0.17294758888060854,0.2647090585563098,0.2380006431989795,0.1554318213158438,0.23401998388156414,0.12207990285955475,0.1988700590641177,0.09454529813472275,0.02137085430842531,0.018169925285212475,0.010639444430914193,-0.03483018143809617,1.2228831294456002,-0.031006138106175342,-0.1488342639435008,0.029368511132382716,0.1357150470914823,0.5416568480433724,0.04163757370764461,0.03490371411720649,0.07586741912714941,-0.0024991018242908835,-0.1168732291148036,-0.0427770752090361,0.09422196156519125,0.2809095567546758,0.03298358911446524,0.09915289725498011,0.050188985271999,0.12355206617280085,0.18376537982427027,0.056981645152245436,0.01665766688641268,0.38999474547225305,0.12043039738482791,0.08330259584565304,-0.004520275641680131,0.382320203753335,0.2727413585805572,0.2538274111768311,0.29269134051929757,0.6010149763483709,-0.14456175474573496,-0.16248803694187008,0.031931678417006275,-0.0013891169959281261
0.06053737626163243,-0.2039979194997511,0.351733129007684,0.018847836380912555,-0.06013144445177387,0.025781166131765208,0.04994075147129546,0.09368216841388124,0.03665219936625904,0.10364488123554219,0.0037543819472498543,0.014134000591019142,0.07067871777989762,0.053221601928727574,0.07979860155663687,0.06674653112879511,0.10987896842954861,-0.031006138106175342,0.9618120812384241,-0.07723862451906155,0.27215255086453516,0.21296956433653202,-0.11639302464412328,0.14257552170781354,0.3695834995618909,-0.016976563312904296,0.03989687158522679,0.20550284859446702,0.16444999837171378,0.21185587175183268,0.07119434426058184,0.09742971798835125,0.15624418049103536,0.09181175643827591,0.1616000685268735,0.030898341448206117,0.3049578217311245,0.037814031887336334,0.2060584140080406,-0.009902888476568087,0.13646385596008842,0.0993934396177897,0.027887108230239474,0.15888361300796597,0.15541858074851392,0.0533767333663288,0.09946733011955741,0.13361032151080343,-0.12155294472136798,-0.03329635550166683,-0.06812606124985796
0.08395959578109213,0.4851472892224904,0.45296858627190606,0.12012153328163835,0.052166644162401465,0.20608467360278485,0.05640102900111351,0.19572998836983335,0.21418929996848787,0.0955760753315947,0.3072647897746567,0.12434518966285935,0.14065912127333172,0.2431784614881851,0.4740037373756752,0.27809052163247455,0.44697056121402706,-0.1488342639435008,-0.07723862451906155,1.8297467423523428,-0.08258777583048041,-0.001950303821149152,-0.309923669264515,0.31208811607978604,0.14757477157240131,0.017236367643666903,0.4871637523071423,0.4777685251294956,0.19364672683888032,0.6802628784710865,0.46580036975567884,0.139849601225594,0.6724620082584424,0.1279658438429182,0.17868139047611512,0.024464200004824212,1.1965801797062865,0.8033371839153925,0.6992612013326963,0.36066955315128074,0.1500416725272762,0.2848446994462954,0.7747684637247381,0.18475298636269782,0.8740796856486498,0.19092691374893936,0.31665051556570156,0.14033871255785246,1.140678211956945,-0.035986405288337686,0.015439437380387675
0.10554661671119508,0.10082808601824626,0.16486322029903516,0.1770951473130225,0.16855046880512473,0.08619504408150336,0.17327711386703845,0.24715412131735306,0.05440151192077957,-0.0011020735745762768,0.19247253772438344,0.009617133735356869,0.06801420151206554,0.05207463525467216,0.23625932789226028,0.08991189818578704,0.15074110196726273,0.029368511132382716,0.27215255086453516,-0.08258777583048041,1.409377642775908,0.21514787388949808,0.05850098812646184,0.09736433240753926,0.2415492192644692,0.29152135888727054,0.049834772022513796,0.16167208733008676,0.13138296293251098,-0.05050364326844471,0.06655283101534872,0.3082684579050041,-0.1582905717158409,0.30059086093283516,0.2244808471630624,0.22667942234888835,-0.157618440596231,0.07741502903849079,-0.1290523893557618,0.13401196623593842,0.2613399458721989,0.2602242926697392,-0.020302274216922662,0.04905473380963144,0.16853302444380905,0.10762429773119765,-0.025422888932278946,-0.03943450619559562,-0.22183664446201307,0.06242434950846732,-0.08529320525235229
0.0927762942198743,-0.09436210055147216,0.391986509209016,0.0534801874509511,-0.04401328323674572,0.10484729371651968,0.09441598727014969,0.17191995600986038,0.059748867326637645,0.17555975371202034,0.07983833988624651,0.05934790632711516,0.21657322798233924,-0.017009983725678877,-0.10580647414128054,0.12426437559367645,0.44899706744347456,0.1357150470914823,0.21296956433653202,-0.001950303821149152,0.21514787388949808,2.5693498974572946,0.32459584210124814,0.2938237350849046,0.22237685046133493,0.2128392585332011,0.24618763901104568,0.054179259569269306,0.24487768902642654,-0.16132086829950112,0.03793875684959892,0.4964539105704311,0.11560007642074985,0.13952496906163384,-0.03250256614536417,0.09983984718732156,0.05639482159193612,0.05430072966207778,0.06697625372067198,-0.05218351193180132,0.12415379785676035,0.23927310797632817,0.3823381197735301,0.3014898612889837,-0.05839627429201712,0.021804650312757665,-0.023074357842315128,0.06862320042989961,-0.16293024335338643,-0.09018249297731519,-0.01659802763407762
0.12007498939721839,-0.19701842851557225,0.19198076203186984,0.28211592688796616,0.20685777840130476,0.16282005509079694,0.18360592308079104,0.23512457017645247,0.09103572485819525,0.21921437616154058,0.09416750642302323,0.16945335349776544,0.08379733072525539,0.06875193789463636,-0.011090575097312202,0.08274517359273714,-0.06585785323921234,0.5416568480433724,-0.11639302464412328,-0.309923669264515,0.05850098812646184,0.32459584210124814,1.4588117105093332,0.5130151088864884,0.40920342431059525,-0.322198005417348,-0.013730511340061159,-0.6753493608680741,0.4139809766571835,0.16461560962287572,0.006896369278497538,0.00417204469519335,0.04695211420738905,0.3467829230755498,0.14509730976431254,0.2800513289312668,0.076899879909538,-0.061697108063178616,0.6708053446026878,0.09660633277128626,0.06065154606596346,0.04084778752587187,0.07814357955390784,0.6498743482695829,-0.16530187347028666,0.13476801604848113,0.32650950358048847,-0.07656633738431778,0.07753269122606424,-0.0637974401125179,-0.04013443385387645
0.07240986439191241,-0.20541388885657133,0.4047227391690034,0.20665750766936772,0.07149212037647308,0.17039640142720686,0.07524701901033932,0.13067401653768704,0.12904290755874812,0.16742838688984588,0.17450723038369784,0.1592956222582184,0.11943215279031441,0.18173785638265064,0.23201550731866075,0.22534734501714157,0.23604223296884688,0.04163757370764461,0.14257552170781354,0.31208811607978604,0.09736433240753926,0.2938237350849046,0.5130151088864884,1.3294714346451848,0.648272422120404,-0.18624690018073234,0.17130701356058675,0.018764712138279828,0.15675813736830607,0.33436645668725345,0.3941447499742977,0.1395978203477517,0.1377524086370493,0.10180584046708223,0.18901831633568997,0.4354396693882654,0.05010261784857132,0.19851841778023366,0.451644916688199,0.19164023749816025,0.21712265687711346,0.17338404764385906,0.053359399160050655,0.2916574403491771,-0.02294206799364633,0.2515752368276072,0.18305772090624856,-0.2401761865911691,0.45986717444476516,-0.12030567826719066,-0.01775389782126251
0.1374287685505535,-0.09541543931121509,0.3885944517790894,0.2581563989501407,0.11450643008654107,0.22026840294825956,0.08185801893312572,0.11443451617902885,0.042687373786911335,0.143302771417752,0.12453097933684924,0.19364000890410277,0.09644583585462378,0.1393523723519574,0.05413066581892903,0.10730624634863105,0.4370795115326996,0.03490371411720649,0.3695834995618909,0.14757477157240131,0.2415492192644692,0.22237685046133493,0.40920342431059525,0.648272422120404,2.4105564570948634,0.20406089618835555,0.23413807575058235,0.06331398825897519,0.9332701719303984,0.018228069142946716,0.11257525485274116,0.17677358960731177,0.028196997868826432,0.6870356345080995,0.40325738921981646,0.36825078451908544,0.1751861197358587,0.14285946451478337,0.017300096646911605,-0.08972472432343553,0.32526304720128313,0.25927083788103344,0.1645013630209338,0.3648114588533165,-0.06481347075435243,0.33292597153054887,0.023498901055684064,-0.23236323047297533,-0.6677711677128124,-0.0833649288322528,-0.11256930284005408
0.02055647915951362,-0.1827819640178289,0.09147588159833211,0.15133934372276484,0.22962476602837306,0.2109668221019219,0.15839255049148146,0.23192888962093267,0.22938223224304966,0.05193846741778991,0.15655381182328112,0.17775066633468192,0.04016528275095866,0.12028804921879736,0.1390642822085114,0.05712023583450014,0.2597647968214801,0.07586741912714941,-0.016976563312904296,0.017236367643666903,0.29152135888727054,0.2128392585332011,-0.322198005417348,-0.18624690018073234,0.20406089618835555,2.136970810198134,0.11502617583716607,0.21659038342854675,-0.2564961292949232,-0.013120794174056644,0.009366926021295562,0.4765805383361073,0.04696690753456373,0.25072414462689885,0.1839738257893799,0.08031349168522665,-0.0877728224182895,0.07556342224605037,-0.8804211991174152,0.06643309160478639,0.4782867198413802,0.3056489420450723,0.4450205319688626,-0.4063062517505119,-0.20491682184868298,0.04392861330563052,-0.015437553273083899,0.19336787432727073,0.4841353940081044,-0.0024936250277932024,0.03904212655261948
0.07177831605115283,0.31324895413166215,0.2196892264005978,0.09563195288549203,0.06816992244057005,0.15565922324835563,0.08792185982540629,0.12000745827365067,0.13030268193996564,0.11585650612264274,0.16182341829031885,0.18485600631570112,0.1290081150095659,0.13655287685061068,0.1929470816194503,0.215658341286014,0.26037360909093354,-0.0024991018242908835,0.03989687158522679,0.4871637523071423,0.049834772022513796,0.24618763901104568,-0.013730511340061159,0.17130701356058675,0.23413807575058235,0.11502617583716607,0.640188087418677,0.24333083255678536,0.16636618831681427,0.21939150700023452,0.22463879693628636,0.22870192807379894,0.2928524526259123,0.10846447428776623,0.22628978276357456,0.17876890634936796,0.2821970537448373,0.26127571535123717,0.21877641691650407,0.18310480685654412,0.1674318607443818,0.21219748805926766,0.4822715517260963,0.0882945654271912,0.20455887378503973,0.1176872173558549,0.11610060714717217,-0.004375555564099433,0.5839902716145716,-0.036133797601352,0.015570052273512214
-0.028731560129677505,0.2972141990804741,0.17172274184620914,-0.024977471845070844,-0.07713916197167262,0.014904070319997496,-0.054886577182301645,-0.029310549653811385,0.04820937464538274,0.024901509165059246,0.09235927492505083,-0.0972741682360129,0.08587052447569961,0.10623811723665096,0.29565267022180547,0.1321353875131822,0.431035815260828,-0.1168732291148036,0.20550284859446702,0.4777685251294956,0.16167208733008676,0.054179259569269306,-0.6753493608680741,0.018764712138279828,0.06331398825897519,0.21659038342854675,0.24333083255678536,1.6787672782214704,-0.39563096660040586,0.14594258809323524,0.424348024740309,0.12416333753662442,0.09147381793049766,0.07359013333228218,0.11777409937557289,0.6329489754714472,0.28439765990974597,0.3164927900884853,-0.007063035020390796,-0.07379636193028154,0.7084091193883185,0.3081550602906801,0.20202956735704944,0.4584923016477787,0.15704600123792634,0.17679878381148173,-0.03846563551057282,-0.1890491862874084,-0.13394532645162677,0.10505181271861606,-0.0036023857864145737
0.2366541802769529,0.2213409198555259,0.7558988253141425,0.062193059027451716,-0.001509213086165875,0.3954696198751393,-0.037843522856319624,0.21339979568391546,0.2036540127038086,0.2547374252695555,0.17718508272198813,0.24419948476221745,0.17306484116239584,0.26839378743982445,0.21974931686612978,0.34508559749107637,0.313871513692493,-0.0427770752090361,0.16444999837171378,0.19364672683888032,0.13138296293251098,0.24487768902642654,0.4139809766571835,0.15675813736830607,0.9332701719303984,-0.2564961292949232,0.16636618831681427,-0.39563096660040586,4.920891339761936,-0.04109139969289433,-0.033767591272232084,0.24555686250210132,0.541613736682839,0.894065909605089,0.18139989852539545,0.533828782274634,0.2846714678784787,0.008070285112536097,0.34880341600363,0.19470576418217858,0.19879228121617631,0.21597872886557273,0.03060764243808782,-0.3455296451827668,-0.3504151878747924,0.48678867286410693,-0.010679967794794493,-0.3851883015655906,1.2948989746430204,-0.23107242632544875,0.058660399006552275
0.10668327708512641,0.01773170720879081,0.6308041573868938,0.05254038213958826,-0.14163669903094633,0.09959723096893393,0.08592998613559774,0.30776675110872936,0.22912183608487294,0.27079764003008083,0.14793567427876073,-0.032413100435905666,0.06839565219821962,0.20055490899975334,0.4775180790561358,0.10544518676288242,-0.016888802883696798,0.09422196156519125,0.21185587175183268,0.6802628784710865,-0.05050364326844471,-0.16132086829950112,0.16461560962287572,0.33436645668725345,0.018228069142946716,-0.013120794174056644,0.21939150700023452,0.14594258809323524,-0.04109139969289433,3.5658962285530187,0.28214781592774085,0.061676880137827274,0.9073585495274042,-0.6953217096204964,0.6450958241932702,0.5053892534074838,0.807060708525284,0.42312236738629044,0.9847079823353233,0.6562179600848138,0.20272100043053748,0.15268480509896176,0.5717851891411405,0.08271414457718457,0.8148968111417808,0.6049057519839861,1.742973927798053,-0.49451664113672716,1.4802298263082234,-0.1030057277291686,-0.02034300501831188
0.08609838684843309,0.27341349190744,0.29658638234791185,0.1627541649609822,0.1192583203670012,0.14576277710357274,0.11317807001198794,0.15011952128747166,0.16470988298100064,0.16137006399193296,0.19900777908288972,0.10240122216178685,0.11765737056818748,0.1601515167051853,0.2817322325930661,0.1726949788475019,0.23935706628520026,0.2809095567546758,0.07119434426058184,0.46580036975567884,0.06655283101534872,0.03793875684959892,0.006896369278497538,0.3941447499742977,0.11257525485274116,0.009366926021295562,0.22463879693628636,0.424348024740309,-0.033767591272232084,0.28214781592774085,1.0559731161866879,0.10521642681683259,0.17559105872059397,-0.009376626402866118,0.32651249899948687,0.4824898974518501,0.3576665162922969,0.34413459172753624,0.43726061016030415,0.2114755235260312,0.37550237987286456,0.2602135018715449,0.21805686588557388,0.2250187753775967,0.45295649715212233,0.36900053873018396,0.27855773212875456,-0.2311865447703459,0.040813678720647256,0.005140153459907371,-0.0015463274654405159
0.07371532518146655,0.07035783677855692,0.16476456935746683,0.1522127692631514,0.14922361208625814,0.16035394509797496,0.13464114080461198,0.13914883929075303,0.12600713593627685,0.08168505302801855,0.14691945097579823,0.2027093858247512,0.12375964524661089,0.10639235370447642,0.09972964986153078,0.1905685247796799,0.2034477971496114,0.03298358911446524,0.09742971798835125,0.139849601225594,0.3082684579050041,0.4964539105704311,0.00417204469519335,0.1395978203477517,0.17677358960731177,0.4765805383361073,0.22870192807379894,0.12416333753662442,0.24555686250210132,0.061676880137827274,0.10521642681683259,0.8662806734160857,0.19672350470815347,0.2275904041013566,-0.08508421368545908,0.15292411856179405,-0.1025731552725242,0.15605663578034257,-0.07799025790336067,-0.00921855435775581,0.10313011361798471,0.10112179194019572,0.14839780475251596,0.02615185678941837,-0.07720335082485605,0.09257542992086348,0.034376262678184555,-0.022354303926801294,0.23433178512520764,-0.04073830917891824,-0.007553402461555191
0.07339475753934455,0.16420935648519872,0.31180721491793767,0.03324502058434667,-0.06052562631811449,-0.0033366390405639764,0.08919618047391042,0.09147515341136435,0.1079075125350374,0.12319634724689861,0.0824208450516123,0.11551293129895877,0.05299682533622677,0.07806622267431618,0.15666601899247246,0.09661725057775951,0.12897558368415724,0.09915289725498011,0.15624418049103536,0.6724620082584424,-0.1582905717158409,0.11560007642074985,0.04695211420738905,0.1377524086370493,0.028196997868826432,0.04696690753456373,0.2928524526259123,0.09147381793049766,0.541613736682839,0.9073585495274042,0.17559105872059397,0.19672350470815347,2.2143372993610413,-0.5048728137316836,-0.5665735487892439,0.15857113890022767,0.48682300088659325,0.43257469911377705,0.289411606992604,0.032537967786379934,-0.49234795782605506,0.00134711968631763,0.41184407528102807,0.007864253965345423,-0.014831450263427288,0.39918840648603404,0.5653662832322288,-0.3232120688786267,1.2639866679219023,-0.09970737388148104,-0.028763862864647178
0.09347094552249376,0.06818910519535198,0.24146417206547416,0.20277867756962756,0.2015498389118529,0.25395987692154626,0.04946563696431447,0.12929616964851676,0.12342540983458249,0.12205958146583396,0.14702014699545574,0.1452703957571976,0.10982308980207371,0.15642616695740108,0.16263831390392083,0.1782600929912642,0.283253597768976,0.050188985271999,0.09181175643827591,0.1279658438429182,0.30059086093283516,0.13952496906163384,0.3467829230755498,0.10180584046708223,0.6870356345080995,0.25072414462689885,0.10846447428776623,0.07359013333228218,0.894065909605089,-0.6953217096204964,-0.009376626402866118,0.2275904041013566,-0.5048728137316836,2.880928970492713,0.5735352262869073,-0.17461709512675572,0.6757282309983806,0.11606761513248672,-0.09483340744345503,-0.3917471583321918,0.47564848509472557,0.3913907739752672,0.23884472662746212,0.7649232894850243,-0.4978856918836167,-0.6145706164869157,-0.2762205836477365,0.5904257194667509,-0.2685399155204836,-0.06030927312623463,-0.001930336056189417
0.12585264826895512,0.08315862088727789,0.6965235175405727,0.19171432963623922,0.03509369490671221,0.27728889890767294,0.025648566813698648,0.23600875027942422,0.22284275668471046,0.24988096453890843,0.28343641750291776,0.12258858569032725,0.1941277280364368,0.30856063154777696,0.3785367881992541,0.2926124825572051,0.2586595405856729,0.12355206617280085,0.1616000685268735,0.17868139047611512,0.2244808471630624,-0.03250256614536417,0.14509730976431254,0.18901831633568997,0.40325738921981646,0.1839738257893799,0.22628978276357456,0.11777409937557289,0.18139989852539545,0.6450958241932702,0.32651249899948687,-0.08508421368545908,-0.5665735487892439,0.5735352262869073,3.891814332173704,-0.2737807482530584,0.3063205911007249,0.12261609913413386,0.44917321594241105,1.061565798591652,0.5432498096973145,0.7280446618909467,0.6647812973070771,0.6140354878410234,0.6400440162956175,-0.1931563302751077,0.4158628374699038,0.44011726666803525,0.07597188123217269,-0.2121728858368583,-0.013953742279746778
0.0565033625320795,0.18678109054062175,0.2964427410079064,0.12959866828975553,0.07701015577395162,0.09798852741982177,0.10895699048408315,0.14436380729537662,0.11548240210388087,0.16742018968039557,0.15331552691718833,0.048336301597883685,0.08071080414311142,0.08782447513312934,0.22986973307139752,0.10746078464473165,0.2496240272552151,0.18376537982427027,0.030898341448206117,0.024464200004824212,0.22667942234888835,0.09983984718732156,0.2800513289312668,0.4354396693882654,0.36825078451908544,0.08031349168522665,0.17876890634936796,0.6329489754714472,0.533828782274634,0.5053892534074838,0.4824898974518501,0.15292411856179405,0.15857113890022767,-0.17461709512675572,-0.2737807482530584,2.124518341412601,-0.1816800355316548,0.1300024427213822,0.29320369358747345,0.16404345505751694,0.679869383152992,0.3055662569628857,-0.5373254167705199,-0.2985304044439858,0.05117568464008103,1.1143459050856406,0.27813972201033943,-1.156100649004351,-0.4023030267481807,-0.016948215143272893,-0.01866853937480435
0.09069690942356474,0.18380584235719724,0.44746210085765964,0.10713303417782745,0.07191667906057757,0.11403858316927903,0.055809684803973976,0.18751225295302484,0.18396754343730423,0.2060722867581838,0.16300209094049237,-0.03343996908893715,0.11431586660141832,0.1946082635716895,0.44072057238931067,0.2099531465978838,0.3241465999810195,0.056981645152245436,0.3049578217311245,1.1965801797062865,-0.157618440596231,0.05639482159193612,0.076899879909538,0.05010261784857132,0.1751861197358587,-0.0877728224182895,0.2821970537448373,0.28439765990974597,0.2846714678784787,0.807060708525284,0.3576665162922969,-0.1025731552725242,0.48682300088659325,0.6757282309983806,0.3063205911007249,-0.1816800355316548,4.212510111548597,0.6993426386059742,0.5528796036378024,0.035533623019239395,0.6514672050728296,0.7136683183404171,0.8353888940086932,0.5278553284033496,1.5284914258536613,0.2656487856427344,0.4590602377944198,0.2734738482324851,-0.2526490796720273,0.04554648588030902,0.01051648879762038
0.07143393236400199,0.21964092037172425,0.2763970950688082,0.10798151006697793,0.04514559116692435,0.12014831330751748,0.05720923870806704,0.12593886118345107,0.12944571806986765,0.0836593110556204,0.16622891569611098,0.0856640163147638,0.08194299604726714,0.15198643510155513,0.26540127387662804,0.1768066226254591,0.27312130052817546,0.01665766688641268,0.037814031887336334,0.8033371839153925,0.07741502903849079,0.05430072966207778,-0.061697108063178616,0.19851841778023366,0.14285946451478337,0.07556342224605037,0.26127571535123717,0.3164927900884853,0.008070285112536097,0.42312236738629044,0.34413459172753624,0.15605663578034257,0.43257469911377705,0.11606761513248672,0.12261609913413386,0.1300024427213822,0.6993426386059742,0.8459346852322414,0.35896441735173984,0.13811935147327686,0.14804111598144887,0.24281138419511883,0.4258354733979541,0.2688627153057032,0.5425337776719407,0.29168266923397196,0.24611627332169006,-0.06379143068861734,0.4918096730832078,-0.008235039733618926,-0.015242554006012538
0.18454119919863785,0.28229064485504957,0.6038162980994549,0.2698499044607888,0.1528533420553099,0.32289535311189027,0.2054435806119713,0.4614133386553576,0.2685174280331279,0.32486634182016305,0.2843486735957712,0.1636612601121268,0.22387044795993294,0.23804269188136912,0.3376335273649775,0.2681864644052818,0.08657054740442414,0.38999474547225305,0.2060584140080406,0.6992612013326963,-0.1290523893557618,0.06697625372067198,0.6708053446026878,0.451644916688199,0.017300096646911605,-0.8804211991174152,0.21877641691650407,-0.007063035020390796,0.34880341600363,0.9847079823353233,0.43726061016030415,-0.07799025790336067,0.289411606992604,-0.09483340744345503,0.44917321594241105,0.29320369358747345,0.5528796036378024,0.35896441735173984,2.3527588187224544,0.5682711466723981,-0.1318431488477755,-0.010836486951317295,0.19699261460762285,0.8410073482747321,1.0125340810448238,0.2662737327350146,0.7132200368995122,-0.39653871590729556,1.1228115101774518,-0.07485358686713257,-0.02818604512217304
