1.5067689505720263,-0.06103302518755774,-0.06581162474555631,-0.06750580948018564,-0.060819994440464584,-0.04129270380183233,-0.00015283385454775743,0.018286142372480507,0.009037615578962006,-0.0019859284816052857,-0.007070723245750442,-0.011806334952422427,-0.01663337559925225,-0.01885778892602833,-0.013510760484331657,-0.0021902897082895496,0.01089627320799112,0.02234798987856952,0.030151743546573562,0.02950837591372425,0.026818556586113384,0.02413693785600986,0.02208116682394861,0.020817129048166755,0.018381207895139355,0.016669512211510994,0.014507394948407873,0.012886050705080502,0.011580792792192828,0.009782392923173084,0.008140731507551563,0.0076926755388545326,0.008452900321185456,0.009689253775457027,0.009732091453440773,0.00917705256823589,0.008379485192254135,0.007903883548918685,0.007443253124861577,0.006614539337057166,0.005686315014276153,0.005268898996377449,0.007706521105600128,0.00877581837479086,0.012400184302739379,0.01574977696127438,0.018366311780526483,0.019797595432164795,0.02038865720348292,0.00350477835133175,0.01152902604543355,0.0015073296694254892,0.009537542616147452,-0.005323794571392422,0.00459617980778992,-0.0030786073702879497,0.002841677349292083,0.012962166654526729,-0.0023712652918921
-0.06103302518755774,1.4896925194726707,-0.07909975054271738,-0.08471199406878921,-0.08145266018506553,-0.06254529526275478,-0.013991721105355208,0.020784841666213166,0.017871740885218715,0.007945547337896352,0.0003761658896196314,-0.009074360455883989,-0.017541923146286026,-0.02109869752831465,-0.015780830984575618,-0.0028131751302876034,0.012650605446453377,0.026030542779448,0.03485010060167694,0.03337902370854415,0.029215603939301654,0.025341085085849868,0.02272724354390023,0.021518900999347165,0.01939892440207079,0.018102188838548236,0.016257131942695055,0.014796038306355761,0.013524437532992865,0.011737915762081034,0.010056774151768684,0.010063690392823049,0.011060999892483568,0.012246231630414025,0.012218292811042286,0.011544351049270606,0.010545717219471777,0.009820456691380774,0.00906922993942088,0.007975003580377676,0.006976315735720808,0.006951180452566105,0.010950310087029052,0.012465328444853622,0.016466202316119838,0.01988793427711585,0.022389721143902357,0.023566518873338296,0.023851904872765256,0.0035294953537110107,0.011712955799516199,0.002446779596498936,0.008626906894852307,-0.004979742698721384,0.0061082959441270575,-0.003992209859155851,0.0034220030682151964,0.014855676916116568,-0.0026715742835983574
-0.06581162474555631,-0.07909975054271738,1.4683144745792203,-0.10450329748459791,-0.1085370980249117,-0.09446327781702767,-0.040980295138120654,0.019944830951925927,0.030432845277398382,0.024458609082581413,0.013409196115864254,-0.0028896821197539483,-0.016389682503764134,-0.021697541175438394,-0.017035436757679934,-0.002885869188861168,0.014681653213160934,0.02964782642244338,0.03903203374372419,0.03636844663397844,0.03022421068838101,0.024769122066985894,0.021466676880308868,0.02044472905672357,0.019049542670632878,0.018607394372954934,0.017531184243986607,0.016541117804542756,0.015517984465429333,0.013956679116824536,0.012392375878177484,0.013116953705439064,0.014356515655114149,0.015309713271140153,0.015136722004969542,0.014307958594362341,0.013039719310582969,0.011932266988356933,0.01073450179650814,0.009280165974749241,0.008270996507155473,0.008983741571126466,0.015438246741192888,0.017501748068466234,0.021693308259476435,0.024857260679519967,0.026892793561600226,0.02750529464280637,0.027237344564781895,0.0032417003185275135,0.010176089740223907,0.004527258178947588,0.005521122836963719,-0.0035762106769963407,0.00822949574024132,-0.004400988475888394,0.004511899484937208,0.015105000176751253,-0.0033323534363420312
-0.06750580948018564,-0.08471199406878921,-0.10450329748459791,1.4340597086653466,-0.14323647200955203,-0.14127186690054827,-0.09001710251897838,0.010950090779220581,0.046514613941829173,0.04959566759477549,0.03383153062754157,0.008157487847107635,-0.011850741882082483,-0.019055284987142592,-0.015434798102327764,-0.0010427730400123833,0.017576998095469618,0.03299348357701319,0.04194280316860893,0.03777747380915318,0.02940939669343853,0.022213039987168767,0.01823390393792358,0.017619720149084552,0.01736576841682677,0.01833692515220452,0.018600548185914938,0.01851146164559888,0.018066111605892735,0.01689285554300502,0.015480531427827406,0.017027609282908883,0.018497568477944894,0.019169264708192493,0.018758688227338248,0.017640281989512216,0.01590689934303964,0.014185747623684955,0.012287574757448893,0.010271595526878334,0.009236830279126319,0.011114362587361462,0.021477435146188738,0.024073513204326574,0.028295230846897328,0.03094422668596674,0.03223634032118062,0.03202571064499925,0.03098083946806757,0.0023539939273673847,0.006871757435055534,0.007656475184375907,0.0014593708058337318,-0.0009083501920187349,0.010188442679140607,-0.0037869808825213487,0.0061767462767090536,0.012853979075233779,-0.0030981502246233135
-0.060819994440464584,-0.08145266018506553,-0.1085370980249117,-0.14323647200955203,1.3812650988367918,-0.20204100325012486,-0.17209856075914567,-0.018905293738544153,0.05808552169791215,0.07927401848210461,0.06045871377386231,0.027608883278327712,0.002894191691048633,-0.006169090318973266,-0.00500693987285857,0.006782915964172088,0.02329592612163099,0.03585674027673853,0.04162033233213187,0.035168692558712,0.02415517694073142,0.015031599188884534,0.010462119609351336,0.010601199534826914,0.012236439629407105,0.015459521216186248,0.017976555784122616,0.019481214835282767,0.020163193111750605,0.019827974552023633,0.01886202632948029,0.021570321559095978,0.023276363066028913,0.023460062513329938,0.022631079625965934,0.02101219711419632,0.018538190425815913,0.015869672018123043,0.01294103268694392,0.01017619451147113,0.009240997797873879,0.012993216122913522,0.029140683037074493,0.03214075800661919,0.03589566421342783,0.03740074333105281,0.037353081712275395,0.035835541834964894,0.033649800111436416,0.0009669469353995479,0.0011369292276916004,0.010167800623784298,-0.0020086657303775334,0.0024071709694642165,0.010625646867886631,-0.0013474305308817367,0.008884952218454915,0.008321025859230315,-0.004069081471936985
-0.04129270380183233,-0.06254529526275478,-0.09446327781702767,-0.14127186690054827,-0.20204100325012486,1.2931784419999526,-0.2977953135367803,-0.09089460028350213,0.04622826013102481,0.10116946848883168,0.08912912960916852,0.06001501001059491,0.0376699490333817,0.02755184748103775,0.024969151989280458,0.028729707115261887,0.03625126657629797,0.03878752091467633,0.03553769920025644,0.0252630951572018,0.011283667512694825,0.0003965728665129644,-0.00409193765479605,-0.0025320299205422816,0.002019416280889287,0.008570687894033646,0.01445701658150991,0.018562286638814835,0.021189873159341576,0.02231329591382868,0.02211314694403342,0.02582937463278877,0.027698095939907255,0.027372942915803614,0.025956515880314675,0.023491726241771073,0.019862991068210246,0.015769964270618893,0.011362312478866364,0.007551324798353132,0.006755467489199695,0.013124308539067337,0.03704208222249846,0.04028514255659886,0.04303743580792027,0.04277964702871546,0.04087758970031098,0.037723961196657683,0.03418996852456428,-0.0013339422276042118,-0.007452306130965214,0.010564749568070997,-0.0005806978837620871,0.006504238264626817,0.0057927197072808094,0.004019271017550245,0.01327960029626561,0.0034766212058405673,-0.006212136235154706
-0.00015283385454775743,-0.013991721105355208,-0.040980295138120654,-0.09001710251897838,-0.17209856075914567,-0.2977953135367803,1.1020463436169798,-0.2470894476499742,-0.05230560709426276,0.06352814992526998,0.10136037450692792,0.11495927768744192,0.11393054504389019,0.10061487319668533,0.08599019093095309,0.06582679662387894,0.049796229429914934,0.030022407137930623,0.011171361302787381,-0.000950461764812782,-0.014030686957958975,-0.022873774748979066,-0.024639808264133978,-0.020429817466455308,-0.012362352166413772,-0.002194126922303563,0.007537716176635959,0.014960146984360115,0.020432888440732468,0.023840663438820138,0.024908043727171002,0.029044513753563612,0.030876256520926775,0.030092494669671146,0.02781401212938856,0.02392415766468917,0.018491020416102212,0.012362979289314326,0.005955247532796979,0.0007917511700512619,0.00021845477594804692,0.010144475824841032,0.04445178148096809,0.047889256461589876,0.04931069879617095,0.04685573729843005,0.04274374960817307,0.03774167006689484,0.032721807828832584,-0.0030962947174968947,-0.02072005206295956,0.007525282105086446,0.009740539269716792,0.010213664328257748,-0.007447991430719142,0.01255044711289233,0.01841155744461636,-0.002561833944731905,-0.00919074013911247
0.018286142372480507,0.020784841666213166,0.019944830951925927,0.010950090779220581,-0.018905293738544153,-0.09089460028350213,-0.2470894476499742,1.2946263813161425,-0.2171139455179521,-0.10744615728299603,0.024502127014687576,0.10846915699510516,0.129973008701563,0.11133394995216254,0.085149472338498,0.05562054566667099,0.029433095362973973,0.005372686079942584,-0.014906780695120523,-0.025878950751810344,-0.03387756473934407,-0.03598451620523022,-0.031521823086551805,-0.023870418746249695,-0.014484333221003752,-0.0053728931316652925,0.0024231579402469346,0.00802700936175534,0.012016696653230758,0.01479541489527375,0.016233672367776248,0.017731317477198333,0.018801384799305123,0.01847526912645116,0.01685830458111598,0.01398109580176018,0.010342127349967613,0.006664536430772511,0.003324869152769694,0.0008174204738923104,0.0009197913002635369,0.006366273968260263,0.024116320852287782,0.02844131484215755,0.03131718384057386,0.031224259500140406,0.02980195961203352,0.02754640437780035,0.025016583171559744,0.00705928422114752,-0.0031435867949463053,-0.013537755132652714,0.030148073283695436,-0.006313791574460663,-0.0067651622179344005,0.009722606306209025,0.007153580441656729,-0.002717753495160356,-0.00988526210133877
0.009037615578962006,0.017871740885218715,0.030432845277398382,0.046514613941829173,0.05808552169791215,0.04622826013102481,-0.05230560709426276,-0.2171139455179521,1.2390097334390993,-0.2400801680473392,-0.039481193931577944,0.06796538893063395,0.0948209290005617,0.08394941547081518,0.06907489260635087,0.043897497873259556,0.018197898530518113,-0.004351679522726548,-0.02039058296575051,-0.02718985169907235,-0.03098935857497201,-0.029118470611899667,-0.022098880258211506,-0.013919769072164566,-0.005970704155193512,0.0004798470517983742,0.005194692152976533,0.00845032157332859,0.010737357672318973,0.012690314426029933,0.013907468609667822,0.014061240234905889,0.014553371440503447,0.014273250041835533,0.01301663494088435,0.010807673828055206,0.008281778110748672,0.005980485849457649,0.00419879630673202,0.003047249873453912,0.003548424224126515,0.007304630446587446,0.0186967018706894,0.023225447338830925,0.02706330203500383,0.02840792889321041,0.02845921148674969,0.027538789668426756,0.02610287344710866,0.012033070841230698,0.0021495524230753208,-0.009603652743068772,0.028877579453321076,-0.016718845339427274,0.010900408245174697,-0.0014454250295998215,-0.012322202500353395,-0.014817943579727511,0.009294306048804334
-0.0019859284816052857,0.007945547337896352,0.024458609082581413,0.04959566759477549,0.07927401848210461,0.10116946848883168,0.06352814992526998,-0.10744615728299603,-0.2400801680473392,1.3030745538475395,-0.1639418860904485,-0.05711527948769971,0.02341760018933404,0.05003271168298573,0.047559257218624855,0.02934122603672614,0.008494359968913187,-0.009062751899319188,-0.01985728436001959,-0.021315304141301415,-0.021724559083750452,-0.018311156564078983,-0.01122631527984998,-0.0039002801154690214,0.002270765085844922,0.006630829619737005,0.009202314031560325,0.010830920374038714,0.011951024779997954,0.013394739161509121,0.014916942974795988,0.0153659907030765,0.015835190779195554,0.015137436255475223,0.013899821845028401,0.012026107553464109,0.00979094817697939,0.007614718496979229,0.005838710563287971,0.004658012717740425,0.005065920034808662,0.008549701359963637,0.01930531789913767,0.024024389866284288,0.02829306302193151,0.030091769818630296,0.030499011576424546,0.029781030534379832,0.028446723426589417,0.011472722094438222,-0.001805327386351168,0.006002610849879115,0.017126396453928674,-0.016600777591418665,0.008239329993150293,0.0023599203523599925,-0.010448274685968813,-0.004088636200731888,-0.0013726037885033594
-0.007070723245750442,0.0003761658896196314,0.013409196115864254,0.03383153062754157,0.06045871377386231,0.08912912960916852,0.10136037450692792,0.024502127014687576,-0.039481193931577944,-0.1639418860904485,1.2776743162495448,-0.2412825585741192,-0.09950481721434142,0.013381118300621938,0.04163457462709214,0.02963084417060517,0.011799398613051917,-0.0021905298005892864,-0.011569111084232591,-0.009666920349498408,-0.010141570109045718,-0.009026443843579333,-0.004348397240649884,0.0010388563880343127,0.005609684911115372,0.008945640092402942,0.010824267587570064,0.01220606794439131,0.013319811163989927,0.014859636115457986,0.016454871440881043,0.017363195373444214,0.0175109483274914,0.016119887620463444,0.014702134548531783,0.012984950437799505,0.010777668053689996,0.00836958593045197,0.006121555282766808,0.004461384264842093,0.0045451156720347115,0.008068864056251448,0.019502756714880016,0.02488011638097892,0.029255042497312173,0.030952276124284764,0.031129884799663447,0.030151290552767936,0.028564927380803656,0.004613957714818065,-0.008378615762576357,0.02499060858032138,0.0045610868309921065,-0.013625036453340941,-0.0059801585221422775,0.011439220394784656,0.006919965667429966,0.014369596208279456,-0.02519653870392233
-0.011806334952422427,-0.009074360455883989,-0.0028896821197539483,0.008157487847107635,0.027608883278327712,0.06001501001059491,0.11495927768744192,0.10846915699510516,0.06796538893063395,-0.05711527948769971,-0.2412825585741192,1.2177339250159682,-0.24744047721434942,-0.06377844612453665,0.030395914023069532,0.04094751608943693,0.03278607167709378,0.02068368456500546,0.009927487040470877,0.009034984608677727,0.004841343151353694,0.00114258859779348,0.0019584103289811017,0.004569460670647723,0.0071855805465501285,0.009484289578997808,0.010732733037293767,0.011657909594074702,0.012293316923206333,0.013338456967315388,0.014442808982381993,0.014476150220574416,0.01447402053604083,0.0136397064952405,0.012872663771884257,0.011790381246059984,0.010205953942872213,0.008266812184169314,0.006284436453090989,0.004730915186352887,0.00466304112888323,0.007872403921739492,0.01886806457917493,0.02437387921282984,0.028642943560640795,0.03017336824320489,0.030136739064249983,0.02896917811700162,0.02723034908460648,-0.00671958951750933,-0.011019163587563286,0.04094351596847959,-0.008799126086929333,-0.011107458167190892,0.0023185467312184446,-0.0014545879002705918,0.011897327806378203,-0.003252537686051068,-0.0057598788230537
-0.01663337559925225,-0.017541923146286026,-0.016389682503764134,-0.011850741882082483,0.002894191691048633,0.0376699490333817,0.11393054504389019,0.129973008701563,0.0948209290005617,0.02341760018933404,-0.09950481721434142,-0.24744047721434942,1.278924209513227,-0.17067033164228967,-0.055223714424920634,0.015022709980265725,0.03393463580158851,0.031051272406238402,0.017866099023649135,0.014246488460355118,0.009658397603724335,0.005732125003218671,0.006081007082080815,0.00785079921341166,0.0090851521092773,0.01026526415661747,0.010996498131830793,0.012103836681127272,0.01306591450364716,0.013462939503757008,0.012289215607115142,0.010230067844267552,0.009788725970332868,0.010093063513508605,0.009667574844546369,0.008492599259747003,0.0071195927628519675,0.005886307103996876,0.004699507523198557,0.003696788609415456,0.003527899241915817,0.005743230959344733,0.014403392420690156,0.020406273068412358,0.025257936871118193,0.027332309278916774,0.02773665457527585,0.02690936482760166,0.02541677909006431,-0.017456757450433347,-0.009146297106169621,0.04016174633985498,-0.010266853867821175,-0.0003945287277320798,0.014754897654277514,-0.018641783658691527,0.016257483760025556,-0.027157623161372955,0.018330318860828358
-0.01885778892602833,-0.02109869752831465,-0.021697541175438394,-0.019055284987142592,-0.006169090318973266,0.02755184748103775,0.10061487319668533,0.11133394995216254,0.08394941547081518,0.05003271168298573,0.013381118300621938,-0.06377844612453665,-0.17067033164228967,1.332891747496578,-0.16093891375422728,-0.06094105574959417,0.0020789561726048613,0.017545387871060924,0.013238773717540153,0.009847275180946854,0.008086524498417026,0.008356744766517665,0.010986523931715245,0.013204423846412983,0.013260234506098801,0.012595016747398463,0.011649948820583135,0.011356785653893853,0.011271258112184167,0.010737410347054648,0.008809269397295805,0.005480294420306223,0.0052122894753945945,0.00667963432821149,0.006948843260054262,0.006163781288874888,0.005179349539021579,0.0043990603098672245,0.0036297749083353966,0.0027271047774494028,0.0020598461374716857,0.0026917036777287288,0.00806039975850758,0.014311635862491477,0.019899740810671335,0.022848690792775756,0.024069249689676213,0.02391099768968499,0.022938112290313447,-0.014793746289538317,0.0005541436211632659,0.011889990978991558,-0.003582389421671154,0.011150641924681248,0.016422341397259704,-0.022899501285408942,0.018443331502717958,-0.02960736306005542,0.022512944426077933
-0.013510760484331657,-0.015780830984575618,-0.017035436757679934,-0.015434798102327764,-0.00500693987285857,0.024969151989280458,0.08599019093095309,0.085149472338498,0.06907489260635087,0.047559257218624855,0.04163457462709214,0.030395914023069532,-0.055223714424920634,-0.16093891375422728,1.3711853883949412,-0.13103751788868098,-0.06425844109006647,-0.01930495908645044,-0.0016222486085155907,0.00272010987217357,0.006166417496947308,0.010819942668871005,0.014561666595989052,0.016224246130276804,0.014816644507356185,0.012663263411646808,0.011034507023421502,0.010567860855773856,0.010607471373786434,0.009813037162722315,0.007260254105496267,0.003960827492237958,0.002761907204186316,0.0031774845641466035,0.003123399261891248,0.0026418453849259586,0.002024755552073249,0.0014508090995588268,0.0005764186627859803,-0.0005381689854616325,-0.0016733024691784617,-0.0019273693923983779,0.001571464069652314,0.010190863534656395,0.016783116961104738,0.0203140409584778,0.021882894536638185,0.02196291515459067,0.021174990102777534,0.0007124665621867098,0.014151767918915209,-0.022944801782135607,0.0011746149265075834,0.005204439587686031,0.012432038221061793,-0.015652919539412502,0.0040825591202557215,-0.010933170947699734,0.0137738749891506
-0.0021902897082895496,-0.0028131751302876034,-0.002885869188861168,-0.0010427730400123833,0.006782915964172088,0.028729707115261887,0.06582679662387894,0.05562054566667099,0.043897497873259556,0.02934122603672614,0.02963084417060517,0.04094751608943693,0.015022709980265725,-0.06094105574959417,-0.13103751788868098,1.408417981012987,-0.11703315643979921,-0.06607127657450786,-0.027578147200469,-0.014721315698930768,-0.0018332651426668392,0.009165850162704017,0.014961976462552795,0.016544281658453383,0.01434017118646061,0.011464825015671407,0.009600528326373585,0.008908485609508857,0.008785191672969924,0.00781902773919947,0.005623970423995939,0.0029310151143915933,0.0008684435790652363,-6.751245052071022e-5,-0.00032214144695739516,-0.0001766656054690491,-0.0002663133558316103,-0.0008153099492549787,-0.0021302244076752234,-0.0037570130484344526,-0.005433235863626363,-0.006139687812988965,-0.002997876562147431,0.0076254079764454625,0.014790521378260988,0.018524523111553833,0.02013714544943866,0.020237369937505204,0.019494280347458794,0.00919410344150432,0.017143729865833762,-0.03305555863896915,-0.006551289236637144,-0.0011338056061664264,0.007318503648937179,-0.005841052687217705,-0.016126134557627306,0.01037582090936485,0.003583081148355106
0.01089627320799112,0.012650605446453377,0.014681653213160934,0.017576998095469618,0.02329592612163099,0.03625126657629797,0.049796229429914934,0.029433095362973973,0.018197898530518113,0.008494359968913187,0.011799398613051917,0.03278607167709378,0.03393463580158851,0.0020789561726048613,-0.06425844109006647,-0.11703315643979921,1.4325166728651708,-0.0973447133378315,-0.06086674658216524,-0.04106944418156841,-0.018586894319060666,-0.0012577374434218078,0.007562717363071727,0.01057322487492312,0.009680557117586542,0.008263921249882381,0.00804165816850366,0.008775805524914485,0.009637700572598133,0.008820618947475446,0.00607996294795188,0.003229916514460931,9.581792379354323e-5,-0.001910362940176362,-0.002574105761621191,-0.0023247305923258126,-0.002199150015712408,-0.002710465267124977,-0.004234028936897387,-0.006090376603739208,-0.00795018194065868,-0.008524305387914238,-0.00475328991258875,0.006345544347065587,0.01308634820582539,0.01636858172203096,0.01761772602868698,0.017523931709834004,0.01673484726809552,0.007023746833709875,0.007589431332596075,-0.021807224021776032,-0.01960774627072549,0.0016066434662100886,0.0019201776247877134,0.0011811726867502668,-0.01935697060303504,0.012299491833094407,-0.000281676585881642
0.02234798987856952,0.026030542779448,0.02964782642244338,0.03299348357701319,0.03585674027673853,0.03878752091467633,0.030022407137930623,0.005372686079942584,-0.004351679522726548,-0.009062751899319188,-0.0021905298005892864,0.02068368456500546,0.031051272406238402,0.017545387871060924,-0.01930495908645044,-0.06607127657450786,-0.0973447133378315,1.4607415891156275,-0.08243537477917498,-0.06403479916369688,-0.04053724717294169,-0.021313087092301796,-0.009304941625736175,-0.0023592761622666207,0.0014831068335012115,0.004346980803996255,0.007230510087743085,0.00960183893944189,0.01097311733437413,0.01013469830564487,0.007246161646764896,0.004418413264880783,0.0009606468459817662,-0.0013237944563306344,-0.0019052173307473222,-0.0013442238590729379,-0.0007635717485189666,-0.0008685902837499671,-0.0020232536904510154,-0.003530796923511142,-0.0051183306697439165,-0.005577392943596307,-0.002281350122300806,0.00702745331078943,0.012092799643066938,0.014205581247824436,0.014678589473452037,0.0141778702672132,0.013232553554061612,0.002117942933125836,-0.00510935373004587,-0.006177020165181754,-0.02957896253658445,0.006941473893652586,-0.001598911051852642,0.0025837750314473377,-0.007059306951619296,-0.0025394411385609383,0.0032300083323140456
0.030151743546573562,0.03485010060167694,0.03903203374372419,0.04194280316860893,0.04162033233213187,0.03553769920025644,0.011171361302787381,-0.014906780695120523,-0.02039058296575051,-0.01985728436001959,-0.011569111084232591,0.009927487040470877,0.017866099023649135,0.013238773717540153,-0.0016222486085155907,-0.027578147200469,-0.06086674658216524,-0.08243537477917498,1.4706065087406486,-0.08145605730668795,-0.06621376489842884,-0.04996090531953525,-0.03411110130864153,-0.02017030048425627,-0.007968965064651376,0.0017128968539135586,0.00859054508508926,0.012417368668752175,0.013523998558180483,0.012427288431218146,0.009899914976106034,0.007582859814119259,0.004308562514021253,0.001809473929703181,0.00148684872583733,0.002553545473105035,0.0039305709039492735,0.004676205309144978,0.004552861403298523,0.004084341382983373,0.0032279884068696736,0.0024459595610758327,0.002427077423553711,0.009741432034026519,0.013099717858802755,0.013978941498418425,0.013583836063660277,0.01256755564267428,0.011322309483534713,-0.003443527396325222,-0.014213353547677728,0.005664061096843944,-0.03284546404347837,0.010932665543338198,-0.002004752453296904,-0.0010310359799792896,0.0018225037163948838,-0.012551760399441024,0.009810223084610353
0.02950837591372425,0.03337902370854415,0.03636844663397844,0.03777747380915318,0.035168692558712,0.0252630951572018,-0.000950461764812782,-0.025878950751810344,-0.02718985169907235,-0.021315304141301415,-0.009666920349498408,0.009034984608677727,0.014246488460355118,0.009847275180946854,0.00272010987217357,-0.014721315698930768,-0.04106944418156841,-0.06403479916369688,-0.08145605730668795,1.4689393438309615,-0.09205911054810854,-0.08283901043549657,-0.06345383818676095,-0.04103802945049795,-0.018644564406909973,-0.0007105300954869014,0.010945340264356273,0.0163741957478777,0.01683155797945374,0.01530018160793144,0.013276315582351329,0.012193344349269417,0.009591213628189283,0.0067984835743644416,0.006678771703934046,0.008153412949652179,0.010159256275101778,0.011652494613517791,0.012560099897364875,0.013186590693907613,0.012982365101224594,0.011223217435869091,0.005966598399937606,0.014381860357967902,0.018009548857574203,0.018533617424432915,0.017564571693972037,0.01594560080874392,0.01413326408908446,-0.004865069016008081,-0.012532307114285676,0.005536838442261517,-0.028689888809310518,0.012108063461686806,-0.0009633940883274709,0.0005394371687701966,7.732903234581096e-5,-0.010559928439930626,0.011914688670784126
0.026818556586113384,0.029215603939301654,0.03022421068838101,0.02940939669343853,0.02415517694073142,0.011283667512694825,-0.014030686957958975,-0.03387756473934407,-0.03098935857497201,-0.021724559083750452,-0.010141570109045718,0.004841343151353694,0.009658397603724335,0.008086524498417026,0.006166417496947308,-0.0018332651426668392,-0.018586894319060666,-0.04053724717294169,-0.06621376489842884,-0.09205911054810854,1.4516400720872666,-0.10961948569245325,-0.09050232842850012,-0.06304364328073651,-0.033013273121231236,-0.008315783594197528,0.007812818489382915,0.015407589619397605,0.016543237298618795,0.016255089377598595,0.01619241098588466,0.017881603453417362,0.016762942585831823,0.013762067773211005,0.013678607094283072,0.015219615349541285,0.017453222012555874,0.019386226621207255,0.021170915991929693,0.02295175486506772,0.023816302631973246,0.022075634883207254,0.01360711920292927,0.02100151668514742,0.023519848003107167,0.022792413816598193,0.020691865113098413,0.018148014229678135,0.015608062290579674,-0.0041311568895212245,-0.010386834309898263,0.0034369184536432364,-0.020980622195995478,0.012711009042680617,0.00010596651620735257,0.0021578801728046795,-4.5254601786294174e-5,-0.00972235757171746,0.013369618882455822
0.02413693785600986,0.025341085085849868,0.024769122066985894,0.022213039987168767,0.015031599188884534,0.0003965728665129644,-0.022873774748979066,-0.03598451620523022,-0.029118470611899667,-0.018311156564078983,-0.009026443843579333,0.00114258859779348,0.005732125003218671,0.008356744766517665,0.010819942668871005,0.009165850162704017,-0.0012577374434218078,-0.021313087092301796,-0.04996090531953525,-0.08283901043549657,-0.10961948569245325,1.4410907583484955,-0.10617967429738946,-0.08159805951178663,-0.05166882193060292,-0.02558868916257189,-0.00686007559653666,0.0039235166368579485,0.008693328754242688,0.012641893260497158,0.016740197693339162,0.022362945460940666,0.023681700507226438,0.02101496166214571,0.02092483332396791,0.022117312814498236,0.023878308625325525,0.025479184962864325,0.027308729425940297,0.02958358356230234,0.0314291951392666,0.03107908305919352,0.024032589892519298,0.02846427245256763,0.028608153924393,0.025827490892148308,0.022150377769643785,0.018463492936713437,0.015148089929563438,-0.0025789751160277203,-0.009401461609396023,0.002010381124372158,-0.013234910051112051,0.01371891419860899,0.0004305317649174368,0.002653282011410262,0.0005419700063077227,-0.008964403364560355,0.013233611640173136
0.02208116682394861,0.02272724354390023,0.021466676880308868,0.01823390393792358,0.010462119609351336,-0.00409193765479605,-0.024639808264133978,-0.031521823086551805,-0.022098880258211506,-0.01122631527984998,-0.004348397240649884,0.0019584103289811017,0.006081007082080815,0.010986523931715245,0.014561666595989052,0.014961976462552795,0.007562717363071727,-0.009304941625736175,-0.03411110130864153,-0.06345383818676095,-0.09050232842850012,-0.10617967429738946,1.4574143296912123,-0.09028188630937804,-0.07055082706022087,-0.051141219606677765,-0.033732533848764075,-0.019858198104922873,-0.00877726026935869,0.002411645831748509,0.013050842381660595,0.023354260324795036,0.028060316778201227,0.026589102176950558,0.026667473444092007,0.02725007499470896,0.02787418022237473,0.028315572307619573,0.029198483764244828,0.031096003578978373,0.03355736659668543,0.035653071350070606,0.03449541417244328,0.03438986751092384,0.031348910632748084,0.026250752965785884,0.020996574802829723,0.016287128484679517,0.012385905633790797,-0.0011229238316401236,-0.0084252663266483,0.0017869859869117529,-0.006215443220102223,0.013267941172963676,0.00065490143700851,0.002399578573254513,0.0007641548111836314,-0.008317460040285858,0.009949549841237032
0.020817129048166755,0.021518900999347165,0.02044472905672357,0.017619720149084552,0.010601199534826914,-0.0025320299205422816,-0.020429817466455308,-0.023870418746249695,-0.013919769072164566,-0.0039002801154690214,0.0010388563880343127,0.004569460670647723,0.00785079921341166,0.013204423846412983,0.016224246130276804,0.016544281658453383,0.01057322487492312,-0.0023592761622666207,-0.02017030048425627,-0.04103802945049795,-0.06304364328073651,-0.08159805951178663,-0.09028188630937804,1.4666956312442783,-0.09124514302827198,-0.08460153120428185,-0.07149983833343762,-0.054165936410228654,-0.034010843448987596,-0.01244450364656699,0.007324216784024913,0.022938147724894747,0.031804487745477575,0.03208345192452612,0.032706607785650356,0.032906995216751084,0.032245093410024954,0.03100858804866778,0.03021474753410918,0.03110105438348153,0.03389692677442651,0.03902501473259432,0.046198833727344096,0.04067395623281223,0.034058086219799326,0.026474992626344743,0.019632827868589046,0.013965377212167555,0.00955470670310745,-0.00045198845629318017,-0.006836379640583439,0.0017022339546348862,-0.0009421891929108754,0.011272704415841193,0.00043209393330321074,0.0036581625622417583,0.0005717286850860015,-0.008701306231341006,0.005439516278338165
0.018381207895139355,0.01939892440207079,0.019049542670632878,0.01736576841682677,0.012236439629407105,0.002019416280889287,-0.012362352166413772,-0.014484333221003752,-0.005970704155193512,0.002270765085844922,0.005609684911115372,0.0071855805465501285,0.0090851521092773,0.013260234506098801,0.014816644507356185,0.01434017118646061,0.009680557117586542,0.0014831068335012115,-0.007968965064651376,-0.018644564406909973,-0.033013273121231236,-0.05166882193060292,-0.07055082706022087,-0.09124514302827198,1.4524810200186309,-0.11733083582759612,-0.11095874863377755,-0.09134350465659301,-0.062130228738437654,-0.0296921168973764,0.00017030198036086422,0.02123478931952067,0.03445652361277008,0.036654655926774866,0.03806886191900383,0.038200133149657395,0.0364301887485751,0.033533638754632125,0.031025569542281743,0.03090838593832658,0.0340331707553345,0.04207086885170644,0.05718258734758706,0.04623999123060395,0.03638471448870026,0.02684764969556066,0.018916237580781866,0.01270413024563579,0.008060681302704617,-0.0003205512986206463,-0.004496023863903975,0.001859586165841982,0.0029722515029476874,0.0077221738621206185,0.0009657262464704963,0.005265099997637611,0.000597076813683657,-0.01024132958922666,0.001677770005960449
0.016669512211510994,0.018102188838548236,0.018607394372954934,0.01833692515220452,0.015459521216186248,0.008570687894033646,-0.002194126922303563,-0.0053728931316652925,0.0004798470517983742,0.006630829619737005,0.008945640092402942,0.009484289578997808,0.01026526415661747,0.012595016747398463,0.012663263411646808,0.011464825015671407,0.008263921249882381,0.004346980803996255,0.0017128968539135586,-0.0007105300954869014,-0.008315783594197528,-0.02558868916257189,-0.051141219606677765,-0.08460153120428185,-0.11733083582759612,1.420161835732822,-0.14152663892191839,-0.12249316088730769,-0.0881688196856781,-0.048008391180097164,-0.009208040719149385,0.017369631924765795,0.03455158224912765,0.03808545765408238,0.04021250796927465,0.040488758079797564,0.03798174915322001,0.03381378894381009,0.03006703705731584,0.029451268514043914,0.03317434730704074,0.04356930530921211,0.06395948660691418,0.05023483504081626,0.03843189135135737,0.027676912791087346,0.019012660945882373,0.012428120758308483,0.007589721945922082,-0.0007519073189561802,-0.0022948015548372243,0.0014862418339488346,0.005321938786040626,0.004180654709900268,0.0024259127599922446,0.0059132767108737464,0.0019271165347795433,-0.012414591514734065,-0.0005713300852644142
0.014507394948407873,0.016257131942695055,0.017531184243986607,0.018600548185914938,0.017976555784122616,0.01445701658150991,0.007537716176635959,0.0024231579402469346,0.005194692152976533,0.009202314031560325,0.010824267587570064,0.010732733037293767,0.010996498131830793,0.011649948820583135,0.011034507023421502,0.009600528326373585,0.00804165816850366,0.007230510087743085,0.00859054508508926,0.010945340264356273,0.007812818489382915,-0.00686007559653666,-0.033732533848764075,-0.07149983833343762,-0.11095874863377755,-0.14152663892191839,1.4111318831519668,-0.13595617724294215,-0.10491362217976023,-0.06471332506231904,-0.021052460503554568,0.010133999339494597,0.03000630030321344,0.03381710566501714,0.03623341775615707,0.03660160164445894,0.03372997953869369,0.028955944631648908,0.024813074715754297,0.02445433103388322,0.028990042980017682,0.040649856698448505,0.062085571238566103,0.05072787240138513,0.03948012527215854,0.028897600947022397,0.02014861631592426,0.013458137560795964,0.00846514905572169,-0.0011457655377527327,-0.0006751707104365263,0.001079368924154612,0.006806915794223726,0.0018841936305219076,0.004196328490210601,0.00488797659862565,0.005056349355615515,-0.014998081561430149,-0.00015814514807334427
0.012886050705080502,0.014796038306355761,0.016541117804542756,0.01851146164559888,0.019481214835282767,0.018562286638814835,0.014960146984360115,0.00802700936175534,0.00845032157332859,0.010830920374038714,0.01220606794439131,0.011657909594074702,0.012103836681127272,0.011356785653893853,0.010567860855773856,0.008908485609508857,0.008775805524914485,0.00960183893944189,0.012417368668752175,0.0163741957478777,0.015407589619397605,0.0039235166368579485,-0.019858198104922873,-0.054165936410228654,-0.09134350465659301,-0.12249316088730769,-0.13595617724294215,1.4284359826666888,-0.1125096597244946,-0.08007648131505275,-0.03569786987918645,-0.000784370243945667,0.020808331723528292,0.0241470101416706,0.026561812468628616,0.02702056166032073,0.024099361678920152,0.019383773016941507,0.015703057705577898,0.01640907317506468,0.022104270321769114,0.0341054338428202,0.05273145770317809,0.04793977687242512,0.03944192650339174,0.03032799846553035,0.02214461684188701,0.01561350704881251,0.0105169379448155,-0.0012981655260996196,0.0002899899216527267,0.00011687695076629352,0.007017859314063226,0.0014677491400871062,0.00658093174192395,0.0014208494631575124,0.00979735281867422,-0.017178740649972546,0.001863504084953721
0.011580792792192828,0.013524437532992865,0.015517984465429333,0.018066111605892735,0.020163193111750605,0.021189873159341576,0.020432888440732468,0.012016696653230758,0.010737357672318973,0.011951024779997954,0.013319811163989927,0.012293316923206333,0.01306591450364716,0.011271258112184167,0.010607471373786434,0.008785191672969924,0.009637700572598133,0.01097311733437413,0.013523998558180483,0.01683155797945374,0.016543237298618795,0.008693328754242688,-0.00877726026935869,-0.034010843448987596,-0.062130228738437654,-0.0881688196856781,-0.10491362217976023,-0.1125096597244946,1.4512355029613841,-0.09149547786175552,-0.05242049090698162,-0.018345287937021275,0.0038866089224593716,0.00850095567356829,0.012041288612748557,0.013245108003486012,0.011175623640468283,0.007908653718156064,0.006116760020255866,0.00880905780025975,0.01591279361864007,0.027540189129631413,0.04103698493425779,0.042719232483260816,0.0374650556973012,0.030416367178901275,0.023288667860344742,0.0172165349133888,0.012198124076360362,-0.0010021622194854346,0.0008062198229891352,-0.0014529018794673355,0.005701504824880667,0.0025429804818509183,0.007915144352709992,-0.001690762058889567,0.013904170753411535,-0.018315953032738978,0.0039365797165017875
0.009782392923173084,0.011737915762081034,0.013956679116824536,0.01689285554300502,0.019827974552023633,0.02231329591382868,0.023840663438820138,0.01479541489527375,0.012690314426029933,0.013394739161509121,0.014859636115457986,0.013338456967315388,0.013462939503757008,0.010737410347054648,0.009813037162722315,0.00781902773919947,0.008820618947475446,0.01013469830564487,0.012427288431218146,0.01530018160793144,0.016255089377598595,0.012641893260497158,0.002411645831748509,-0.01244450364656699,-0.0296921168973764,-0.048008391180097164,-0.06471332506231904,-0.08007648131505275,-0.09149547786175552,1.468451123115291,-0.0708911987401755,-0.0528958115655886,-0.0325403679582501,-0.018313765132845834,-0.008802970171035308,-0.004477063073390259,-0.002637434872194773,-5.292253040567655e-5,0.0044554658868244555,0.011660164175404455,0.0209820389480155,0.0315335272821485,0.038926899745965526,0.035795998739237236,0.030337536573162724,0.02495320242127706,0.01968358269425571,0.01511517056900722,0.011193665219522028,0.0002357024072408513,0.001412352406177779,-0.003483332607352618,0.00220129166660988,0.0030898454732707897,0.007858342434586121,-0.0012301330104350014,0.012285036959524428,-0.015653715135235474,0.0029724254725113836
0.008140731507551563,0.010056774151768684,0.012392375878177484,0.015480531427827406,0.01886202632948029,0.02211314694403342,0.024908043727171002,0.016233672367776248,0.013907468609667822,0.014916942974795988,0.016454871440881043,0.014442808982381993,0.012289215607115142,0.008809269397295805,0.007260254105496267,0.005623970423995939,0.00607996294795188,0.007246161646764896,0.009899914976106034,0.013276315582351329,0.01619241098588466,0.016740197693339162,0.013050842381660595,0.007324216784024913,0.00017030198036086422,-0.009208040719149385,-0.021052460503554568,-0.03569786987918645,-0.05242049090698162,-0.0708911987401755,1.4750636068438585,-0.10710359911751693,-0.09610395565436017,-0.0630704643339093,-0.04109527801647597,-0.029198290606002535,-0.01740120583132396,-0.001700545215216249,0.015363141196249588,0.030010054782358977,0.04132589776964057,0.04870054549670578,0.04984743812709518,0.02827450119418593,0.018549627044002214,0.013749072112936718,0.010732925740110125,0.00854946810126976,0.006772318392123368,0.0016599731362424257,0.002262916468942838,-0.005592313709142922,-0.0023402312483082944,0.0016920792760643233,0.0058614956816813975,0.006088225320992417,0.0012718561583810065,-0.00692120215129854,-0.004009489239953367
0.0076926755388545326,0.010063690392823049,0.013116953705439064,0.017027609282908883,0.021570321559095978,0.02582937463278877,0.029044513753563612,0.017731317477198333,0.014061240234905889,0.0153659907030765,0.017363195373444214,0.014476150220574416,0.010230067844267552,0.005480294420306223,0.003960827492237958,0.0029310151143915933,0.003229916514460931,0.004418413264880783,0.007582859814119259,0.012193344349269417,0.017881603453417362,0.022362945460940666,0.023354260324795036,0.022938147724894747,0.02123478931952067,0.017369631924765795,0.010133999339494597,-0.000784370243945667,-0.018345287937021275,-0.0528958115655886,-0.10710359911751693,1.3747401261172112,-0.1937595452431889,-0.14080172505334304,-0.10035859436278358,-0.07073336691023242,-0.037984192291867135,0.00027567953460211955,0.037662266798924725,0.06630903706265558,0.08632875494659469,0.0987297782806532,0.10471013135349035,0.04408019211924452,0.01845338224243316,0.008049761331792334,0.004282619414726141,0.0032126154891063685,0.003218876118665849,0.0014736659562197452,0.003657092394154676,-0.006431760172236689,-0.0029343512448410567,-0.0006164497994322972,0.0024013710571138855,0.018499309525164036,-0.014503521577828875,0.0034161245995199536,-0.013722712065280088
