1.1762754776119486,0.41981239761952177,0.40818604268436987,0.17736158866474427,0.2824190118565115,0.14345793469954093,0.35549019511314256,0.18269514898887135,0.15321194307034255,0.19461572442836145,0.17858405142842065,0.21414555228256188,0.13940469301298156,0.2484442198661249,0.1968076308491342,0.22558409479883706,0.22192598040476771,0.23201039225625528,0.19965076615646668,0.2978493919189547,0.187969977568135,0.20786465863974035,0.25194840351579756,0.12355265165326346,0.41462358628832485,0.22846251492626282,0.16751528408480437,0.06688131731639275,0.2224353925732263,0.009143803785405132,0.2148542397801095,0.13376716167760377,0.10916360869606849,0.10728350215920825,0.0657619252222617,0.2605568939405197,0.16537964643355588,0.17000349299567916,0.10667251291974807,0.03528030771632125,0.20875921641116066,0.1648879552590987,0.22026471110854945,0.023038097620955343,0.19664716799496132,0.23515337138715636,0.0885699968264129,-0.05387300079233269,-0.19625292124109237,-0.09089327958849923,0.09257058848792306,-0.017663403896990143,-0.00485665044484786,-0.012730003373944187,0.04512336050867445,0.03306698047436162,-0.18075070670396368,0.1187330878325575,-0.0755752514759986
0.41981239761952177,2.0486884749706205,1.2219423751217964,0.28361114024835893,0.2717422708888401,0.21483490965486554,0.504123233648224,0.26354519331413606,0.29239565087033903,0.26490467322301137,0.2763560121893384,0.26295684510319567,0.21949264005445202,0.19416643949146206,0.3485427482024279,0.2406620841104789,0.3844944824777585,0.4456191338005532,0.32432674501698794,0.6727579556300325,0.29601866825972367,0.2773761441117461,-0.04671967088807194,0.16846761607842778,0.6044483810336441,0.44152205089507673,0.3379937300386451,0.21417419211606079,0.33803789937917267,-0.1317499561707115,0.3330396890476175,0.16676266956489297,0.26701246147814856,0.40501604308164035,0.036290502891804875,0.32263541302984555,0.42470351905319453,0.39944321212839223,-0.02793313279181179,-0.009471202489760158,0.304673339458798,0.2967276465773399,0.3229428612730203,0.06498078562442992,0.3858036858254488,0.42791705407744607,0.15441523003518393,-0.06142880094779797,-0.5329760975257427,-0.0646686880328781,0.17946749759397645,0.0644560151602667,-0.12184900098322639,-0.1847120631541114,-0.43349817728800105,-0.16442454680739182,-0.5449288805480075,0.5476819007285061,0.26725770656842096
0.40818604268436987,1.2219423751217964,2.6006313202525195,0.10809945805576429,0.04195681185448728,0.23661809842160075,0.23930214149790058,0.20897995727210816,0.28930031653415633,0.1984142385742178,0.12347714201250623,0.20676878931004633,0.12999575836946453,0.1280703280668861,0.21722263924794774,0.188864415816518,0.3246137129447203,0.3149819006048549,0.24730879718141888,0.3724608404336198,0.1922097188608925,0.26879077160647924,0.03123862896964745,0.14960314067110428,0.7012661435546493,0.3897254931862262,0.2127959690180929,0.1558299650794134,0.3121451024887315,-0.47068338087873723,0.27776787036633566,0.15635388281262713,0.2209434031285948,0.35171748114953455,-0.02852592558507282,0.41299371442768085,0.41663066396264714,0.2790669673408978,-0.2919498854626653,-0.36734373459435044,0.12429653628306075,0.19344008693232628,0.2527698218169192,0.14680031479959318,0.3901191823549922,0.8336074739112196,-0.008174993057840377,-0.19207331648330997,-1.4508786668192417,-0.2518934070056225,0.37539229294612053,0.0635286825321114,-0.06427427433977266,-0.20641235775318859,0.10031110631593931,0.045227281380654,-0.17458774101333857,0.02561375651491736,-0.11825957847594513
0.17736158866474427,0.28361114024835893,0.10809945805576429,0.7886034108875689,0.513253845570305,0.372455333500568,0.32499012249569276,0.3322594173745105,0.21356047838897246,0.3053335440953876,0.29740773656266695,0.32223472681437737,0.21470844627285154,0.3176589605331402,0.2527067673054905,0.3136301373606734,0.30202633639103327,0.22993779195351963,0.3413080548205045,0.2695924490900873,0.25672274262645395,0.2711688679964928,0.19312732067683436,0.24815086270452297,0.1489955825035134,0.23097758910983004,0.2222931080329122,0.05451010312660522,0.25914614271674563,0.04611757374746404,0.22481036128957899,0.18725845170876235,0.1637487487732695,0.36696478901072294,0.018282626387363495,0.2440411424332972,0.20130461300203356,0.16381563979199704,0.27948315538393737,0.09158071790070212,0.20800925928221414,0.2295618641386577,0.31484153805100407,0.03460323661027572,0.021221461298183926,0.09013947437162098,0.13732354601664917,-0.021768476582498093,0.23067194753941098,0.13201724826054964,-0.1744856782934168,0.01995430477837754,0.01327140346037929,-0.029665017979673018,-0.032998006581323916,-0.05203696290838916,-0.3491634096715625,0.17131909695647626,0.25227429318632666
0.2824190118565115,0.2717422708888401,0.04195681185448728,0.513253845570305,0.912934172233537,0.3048166006088537,0.3372804594292298,0.36545766030066423,0.19132293981236612,0.30450577887954366,0.31103691527914906,0.33964055722285313,0.2416664240885901,0.30645296304333414,0.25164928433028966,0.3165762080448644,0.2802801727835517,0.22885744362203364,0.4294014905483388,0.24423510808228757,0.25337369711284563,0.2631942538162666,0.19611287616860223,0.21287991765190747,0.09947426480888945,0.24527476420712796,0.22530111277142567,0.01933527090437553,0.2681877432809902,0.01920796097138373,0.22158772609175809,0.22320052240713012,0.14356929997037304,0.3641559777603011,0.02011385686818999,0.24194701224715648,0.13193138994956705,0.1540384141804987,0.27633404534619566,0.12064296769826693,0.190591766432704,0.21907104645446135,0.2846485455089389,0.030102999494898676,-0.0011063364514942446,0.0879622721037838,0.13298436017947743,-0.017938241296566876,0.2518876865173266,0.12024370039860163,-0.1451216579925066,-0.14169922924596098,0.1246669812115045,0.07051126797594759,-0.10068126695291477,-0.058934049682748055,-0.26985997570325737,0.22949307793571153,0.1554914594329581
0.14345793469954093,0.21483490965486554,0.23661809842160075,0.372455333500568,0.3048166006088537,0.9672304532640654,0.02057079826386306,0.46451033923693585,0.3170743844105919,0.3865211453502491,0.4154234357446628,0.38409200388346443,0.22771651054609954,0.35928410655605025,0.374773274822779,0.35828030879962935,0.3953315315274743,0.276004943032093,0.4882438953879439,0.344274583064309,0.3655464132463402,0.3555624129114989,0.11347883941148287,0.36942785343530293,0.15034420981315258,0.24853630222718154,0.28958227704336553,0.17414901869000457,0.31818840833175005,0.06484726938315279,0.2878712768942269,0.25369134059703835,0.1449371702114574,0.35877239373098474,0.12979895836729882,0.3012031053593067,0.24400662845039142,0.2242018857607497,0.4017240306449108,0.15221214409039988,0.2768477128246522,0.3126331277294997,0.3415194278922691,0.03867856566291795,0.11602143338591926,0.11021923459989917,0.17383044237211248,-0.025866968644383835,0.3084428973403249,0.4364314397147223,-0.4699948293469643,0.11860962646479975,-0.19499925375087926,0.035569607353310134,0.01651355524881066,0.02908237611809762,-0.29767304671940464,0.070031828368469,0.1594797767652717
0.35549019511314256,0.504123233648224,0.23930214149790058,0.32499012249569276,0.3372804594292298,0.02057079826386306,1.0254048423048576,0.08781786931961012,0.21315691130108455,0.0919305699758857,0.20314260703063772,0.25812748531105667,0.18474133826792696,0.10650723408192894,0.1504217116529021,0.18902303100111548,0.2692869310347563,0.22309612635265735,0.2022748969165179,0.39617120195249533,0.28166174612367156,0.2298724268890939,0.29466419552791256,0.18441892539003688,0.30550234144419514,0.16331698034662395,0.20538762949844025,-0.007199741949703175,0.1916529627330697,0.05772895917145299,0.25007042604689195,0.17906623077459197,0.2387272764779658,0.3329909940599963,-0.0978326945929574,0.2788382679901487,0.2645639547354401,0.21579226303586993,0.2388523935216472,0.07202868607002846,0.25248256773511324,0.25137320408724656,0.2673584383793817,0.03848014030751434,0.11637692991999644,0.22189393099786198,0.13145078956387748,-0.031201232171326126,-0.021305507874529468,-0.16811771888011628,0.083329953105814,0.07463338756774564,0.14480999687166313,-0.17774557466745006,-0.1356928345218009,-0.020841169072061412,-0.16280645131833213,0.21050873679008983,0.052004796188165545
0.18269514898887135,0.26354519331413606,0.20897995727210816,0.3322594173745105,0.36545766030066423,0.46451033923693585,0.08781786931961012,0.8947272684176697,0.16981313907707887,0.4007986508720832,0.376870937901981,0.27303262755039504,0.2501283351870115,0.31299987397770573,0.2319660512983525,0.2996592159517009,0.3224380435464548,0.2911715808397955,0.38446529573996957,0.2893675934026555,0.24972027424540663,0.2441957028749282,0.1402176012789566,0.23101729763639706,0.25658705504593926,0.3051960643032235,0.25450082256079243,0.1179230352456231,0.3157635138809316,0.15322294085700547,0.2489705704325454,0.21812688577098024,0.19987348613611622,0.3691174832810503,0.17581566185000885,0.25416037240939704,0.3045970577029999,0.1765232021524337,0.3265351110903058,0.12468420640985445,0.234361710049662,0.23994286129737086,0.34032226999993326,0.08244919815870773,0.10086041515982826,0.1893244892911078,0.21883949654414217,-0.007270274822310193,0.2517718541198494,0.09852970340828582,-0.0929717645669439,0.03519598190543845,0.1046297115779355,-0.12528438226873967,0.000266844971286591,-0.07847062205105508,-0.21187622412007395,0.17778171283431782,0.14200837677576386
0.15321194307034255,0.29239565087033903,0.28930031653415633,0.21356047838897246,0.19132293981236612,0.3170743844105919,0.21315691130108455,0.16981313907707887,0.8221321095084415,0.2588359761748991,0.21242286623965836,0.21519432426184923,0.15314550274781216,0.2394220531755101,0.24083054388448957,0.23396232934366326,0.2937019445701815,0.24183754900160448,0.33005253271753393,0.27992677321759796,0.2590326025559233,0.4961012910365563,0.2432816967583561,0.2663540072227815,0.2411667054516768,0.39230425921437734,0.21620731333578863,0.1312682048422932,0.2459883347439578,0.12749379887937834,0.2414779284891019,0.23045160660689631,0.3014850304333837,0.2816358064809145,0.08271495190684544,0.3265875884390706,0.35258958310010713,0.16992045104069498,0.183960852272662,0.05357389460620125,0.23987863339307505,0.25740978738814163,0.36361735308309157,0.0711700633710416,0.2010680843642389,0.2515204077721333,0.18090815866217308,-0.07790212169036197,0.1824435658383636,-0.21822225369133272,0.18408087388136996,0.027262245120383496,0.08783097810710097,-0.16594221855388047,-0.005619595013686818,0.13311437516425173,-0.20357829899335014,0.08632514951124029,-0.08755165028726523
0.19461572442836145,0.26490467322301137,0.1984142385742178,0.3053335440953876,0.30450577887954366,0.3865211453502491,0.0919305699758857,0.4007986508720832,0.2588359761748991,0.8063853588072696,0.36009326959055526,0.3479738666954962,0.21874078220510842,0.320865354159201,0.32759522280645276,0.33302734187425825,0.33945059912562753,0.3716513149593471,0.3764543116062251,0.20294771181865598,0.19945342652385364,0.3069520844044818,0.2600514332618146,0.3376835781316497,0.21354007641498077,0.3014521734361291,0.26942157922267157,0.1734214049869988,0.4067494752380596,0.06523429285149022,0.2445797053943474,0.2114543690237086,0.11690856738676693,0.4545774709099011,0.21571849005083124,0.27678179350410137,0.27515869778414365,0.11871229503893684,0.28583902735436645,0.10673145350020628,0.23010918132351676,0.2092361257884128,0.3210209530278878,0.08256496805196742,0.020213529424217027,0.12426177588081685,0.23373125939045203,-0.02252611231203016,0.43661591547304207,0.14446205902314327,-0.07494943185441087,0.15108271923138747,-0.19646315082692478,-0.031907742125515504,0.0717273823391327,0.10078239798412365,-0.26532039505644317,-0.0448298001480382,0.18672997581061623
0.17858405142842065,0.2763560121893384,0.12347714201250623,0.29740773656266695,0.31103691527914906,0.4154234357446628,0.20314260703063772,0.376870937901981,0.21242286623965836,0.36009326959055526,0.5810662550972282,0.37631932060496504,0.2527006381277493,0.2748361199237425,0.31927729522271153,0.31715375788029987,0.37121537965834067,0.25200366287029635,0.31403313756590057,0.3868981934801491,0.24841592806156063,0.27179885373056584,0.20102009322813935,0.2762114313343254,0.18502947794686506,0.25047071050089287,0.30696130778558917,0.08978363969103151,0.32831056049797086,0.0857878504643934,0.27233024587487825,0.22602441357937939,0.15137646610085081,0.35291363351811955,0.15759313977367922,0.25830334526516063,0.19586726519787592,0.2220119204426008,0.34944492202044247,0.17220127911868974,0.23003410787536263,0.2276326617435959,0.2838252068866535,0.03911992768017147,0.06312290693183877,0.16053880696739323,0.17444730946013903,-0.017283397519120815,0.2330735736172758,0.09864292583666469,-0.16104147077213105,-0.02619178788027591,0.08898816007850066,-0.02769359828470579,-0.05669681803305513,0.018984211287678025,-0.2544797613080585,0.13024282939187576,0.09647428546574952
0.21414555228256188,0.26295684510319567,0.20676878931004633,0.32223472681437737,0.33964055722285313,0.38409200388346443,0.25812748531105667,0.27303262755039504,0.21519432426184923,0.3479738666954962,0.37631932060496504,0.6915287687661473,0.2423109316574585,0.2993765249970577,0.271753659095885,0.3582831929162427,0.3326644767539421,0.16018183121867197,0.34903631102557786,0.3494958555841984,0.21627570256252643,0.2912536906517243,0.1929079153446681,0.2309016279421373,0.1950657704002719,0.26333403798414523,0.33043864532077444,0.11546885255278569,0.26200803159373987,0.00811201753807278,0.278636511902551,0.27112038334688326,0.12739377262816542,0.3178092711336518,0.10754139338460476,0.2886189506104422,0.07305890279136117,0.20656775249480364,0.3297660656376524,0.16794847455838277,0.15493252636201596,0.1974922250463505,0.30107961631890806,0.0056138568060920165,0.1140953651677841,0.16376356650769924,0.10215478746638434,-0.056181623682747026,0.016879640325222326,-0.26767946390678937,-0.0151286112382977,0.19742829687279506,-0.04992311535421098,0.009575138107391459,-0.03361479780233574,0.09359101134812857,-0.24271086996039642,0.12244627345498883,-0.031172273139534898
0.13940469301298156,0.21949264005445202,0.12999575836946453,0.21470844627285154,0.2416664240885901,0.22771651054609954,0.18474133826792696,0.2501283351870115,0.15314550274781216,0.21874078220510842,0.2527006381277493,0.2423109316574585,0.41424090960100257,0.17303294083289245,0.13645293085095617,0.21116766459519073,0.21935574547999567,0.17106731262422323,0.2055170474154389,0.2224219493393145,0.1585331278081255,0.19382931765839065,0.18747476357517484,0.23599630473240588,0.21418543543361823,0.22938098018538677,0.22905225903559087,0.046026641410641146,0.3143740053281239,0.06711171871849657,0.17668213855678866,0.20163174742841877,0.1060586852661154,0.286588877867306,0.13461106086672975,0.20211517781734373,0.13041676293325657,0.12947678163108972,0.1527098934671747,0.06983422008213565,0.15821308726553052,0.15016177087652427,0.15322811120081734,0.05500515261155402,-0.009281945415605408,0.10274914393061883,0.12371199003229258,-0.015281946636665888,0.23439384914499087,0.03533267322861439,-0.0714042876612002,-0.06320156308329579,0.10685199892896433,-0.031854641912055816,-0.024394920658496588,-0.015462538818690953,-0.1752351202708283,-0.04104681081356176,0.20677828466958167
0.2484442198661249,0.19416643949146206,0.1280703280668861,0.3176589605331402,0.30645296304333414,0.35928410655605025,0.10650723408192894,0.31299987397770573,0.2394220531755101,0.320865354159201,0.2748361199237425,0.2993765249970577,0.17303294083289245,0.8841264981477025,0.25257417054210485,0.5456165461897224,0.4016551315573741,0.16686515092317336,0.2524819332377315,0.26104115145263174,0.23401173049457982,0.37526655228343725,0.2657790670443495,0.2610115449285356,0.08301936397312244,0.34135605166023636,0.18614880132834813,0.12616688486929842,0.2889109402497431,0.04626392898556856,0.21190289304898266,0.16142166156558466,0.038352107540513915,0.24566603001471013,0.21997650710032834,0.2861557693396987,0.14812181966431656,0.16297087642025243,0.1921302315759659,0.12782956244594534,0.23592576868124773,0.21602686173193028,0.4162352659689401,0.03885699279870489,0.1073164332523332,0.0018853407477343982,0.09771488731409789,-0.04540102024405559,0.361218432625346,0.20737207099700664,-0.14461333826072098,-0.10002788336155738,-0.1467640768956579,0.11019046012365998,-0.03750381031448725,0.07253398908058642,-0.48466335209354855,0.2191184674242408,0.1979830684043494
0.1968076308491342,0.3485427482024279,0.21722263924794774,0.2527067673054905,0.25164928433028966,0.374773274822779,0.1504217116529021,0.2319660512983525,0.24083054388448957,0.32759522280645276,0.31927729522271153,0.271753659095885,0.13645293085095617,0.25257417054210485,0.6894234808075829,0.2633805669925051,0.2634187487477173,0.31517875302493836,0.29683338054876335,0.354361441249964,0.2518225636606263,0.2509545895942652,0.26353333087102937,0.2608573608498261,0.06187821460303476,0.24318128214042764,0.23629325171419488,0.1988116132889047,0.27250028519520453,0.10146158942814563,0.23727841791847806,0.15147528069123997,0.14616693893902558,0.32535651024085643,0.14379802211153875,0.2426424684965242,0.29617336843610614,0.20305859792160152,0.22495245877622463,0.0780469948427135,0.23933763453194465,0.23966991695188816,0.3257458713372953,0.06459731827558819,0.08923029047952216,0.1233525422852509,0.19010552303686204,-0.009693073494634689,0.26715594121721803,0.3434570364798869,-0.3159461374954284,0.2973372576354348,-0.3457572194499374,-0.048064538105703054,-0.014626465264454982,0.07973193942182413,-0.33745245859292317,0.07835685283962811,0.16265197143114893
0.22558409479883706,0.2406620841104789,0.188864415816518,0.3136301373606734,0.3165762080448644,0.35828030879962935,0.18902303100111548,0.2996592159517009,0.23396232934366326,0.33302734187425825,0.31715375788029987,0.3582831929162427,0.21116766459519073,0.5456165461897224,0.2633805669925051,0.6087807791835098,0.45352170083632476,0.1900576159746069,0.2972985616532963,0.3052457533716819,0.22518004393996374,0.4079512935951809,0.24668416437176074,0.26393734394193497,0.16965201350071196,0.2997855336139231,0.2714829858567336,0.1206693302373604,0.31895949601938545,0.043190751942315406,0.24377285526833645,0.2172397596435413,0.0942571131503143,0.31855450542941915,0.21305229913697452,0.2906451796966082,0.17455727430985793,0.18911782934293545,0.257910863212274,0.14719398048337687,0.19477788843196372,0.2130266471425057,0.41159231378799804,0.033577920523756084,0.09696874550212649,0.09886592193536047,0.12620190522892957,-0.0638657251536631,0.26029050483787053,0.02773166766334874,-0.11311101510097567,-0.016894770591131616,-0.042916071103919984,0.039442784546816,-0.0036228440518919288,0.07796974474565968,-0.40852495360795843,0.17856810457574673,0.11278341524147746
0.22192598040476771,0.3844944824777585,0.3246137129447203,0.30202633639103327,0.2802801727835517,0.3953315315274743,0.2692869310347563,0.3224380435464548,0.2937019445701815,0.33945059912562753,0.37121537965834067,0.3326644767539421,0.21935574547999567,0.4016551315573741,0.2634187487477173,0.45352170083632476,0.9446181610643392,0.1924002656308167,0.331076172476083,0.5555623193787762,0.2977705398082137,0.4011447559192082,0.25921979961792596,0.2583497189736137,0.6180019374408011,0.20238729925835638,0.3474881269638106,0.13087832179380768,0.341393891047265,0.05563139969268085,0.38598717082323514,0.2141547770759054,0.2176425256941875,0.35207057642554956,0.16641949490609143,0.37278207000988134,0.359811780391536,0.31088728512060715,0.46756244113950945,0.20165259761202375,0.296296308714579,0.27732586249688146,0.3970814133381912,0.04358574315752582,0.24571659520314065,0.2964206472515863,0.13913522882673124,-0.07482986876639552,-0.14884901412231535,0.13513818079232673,-0.058385513068344434,-0.017627618573879407,0.05724909221724058,-0.05816570181502749,-0.024310055909024988,-0.008778397234330357,-0.3766856403876924,0.1357552511838398,0.14809126708066084
0.23201039225625528,0.4456191338005532,0.3149819006048549,0.22993779195351963,0.22885744362203364,0.276004943032093,0.22309612635265735,0.2911715808397955,0.24183754900160448,0.3716513149593471,0.25200366287029635,0.16018183121867197,0.17106731262422323,0.16686515092317336,0.31517875302493836,0.1900576159746069,0.1924002656308167,0.9125162924765116,0.3528860480594383,0.1420163321794259,0.29738524065636174,0.22355696025690083,0.2338829849588035,0.3464713681805224,0.3564369844648012,0.43053466466904106,0.1578750333505415,0.19874446741431184,0.3919240014828975,-0.017618516311231073,0.20234373941347938,0.20771441513093467,0.08924435725805353,0.41346617746700587,0.18542030034787685,0.24112761644954686,0.3447886621584638,0.0786336930459955,0.01726933915123294,0.03347049150705363,0.21851331553877684,0.27512487144254394,0.28728760894293803,0.06595235920651257,0.23370678861970873,0.13081891858622138,0.37521745270160195,0.001367369576394362,0.5152069035987948,0.3384184200644049,0.12276832046625556,0.12740182922171847,-0.3645360268347292,-0.17613355059170563,0.002606664494083187,0.08405112461963359,-0.09431264535379413,0.16510603824677852,-0.16900822750943809
0.19965076615646668,0.32432674501698794,0.24730879718141888,0.3413080548205045,0.4294014905483388,0.4882438953879439,0.2022748969165179,0.38446529573996957,0.33005253271753393,0.3764543116062251,0.31403313756590057,0.34903631102557786,0.2055170474154389,0.2524819332377315,0.29683338054876335,0.2972985616532963,0.331076172476083,0.3528860480594383,0.989015217811148,0.3350770666920649,0.3439932875545611,0.33582377952231324,0.02778537370951871,0.2602020193711837,0.4336867958991206,0.27175124474318596,0.24678468101852313,0.2887474489815432,0.29354428426569784,0.1122580297965294,0.29541657806549987,0.25893823599323657,0.24651575836229297,0.3280055671336305,0.1202287872829751,0.286356687162469,0.35338822027964584,0.18344916388291663,0.28396884891984875,0.13967489869036423,0.2983643591610393,0.30668049361997657,0.3716352059334553,0.04819802392612708,0.278108239467667,0.2928847210109945,0.22778286419499563,-0.03431448581159004,0.00314380880101201,-0.19785013410860877,0.31937820863335714,0.37075084711880396,-0.31575683020545375,-0.1390567283389962,-0.07292091823231636,0.03550631602241199,-0.18042458071173298,0.2388672054194167,-0.0855372193076462
0.2978493919189547,0.6727579556300325,0.3724608404336198,0.2695924490900873,0.24423510808228757,0.344274583064309,0.39617120195249533,0.2893675934026555,0.27992677321759796,0.20294771181865598,0.3868981934801491,0.3494958555841984,0.2224219493393145,0.26104115145263174,0.354361441249964,0.3052457533716819,0.5555623193787762,0.1420163321794259,0.3350770666920649,1.5791217628473762,-0.005598097933086313,0.2918171272077348,0.4296015882298788,0.16675057576071656,0.3130623593610421,0.5046821067656405,0.4503342704806844,0.09065615836519506,0.3820039608617686,0.08948398772925284,0.4533916081899583,0.25390867075784646,0.20178103904502043,0.23376596471098243,0.01082654600492059,0.42413019880515596,0.33746648026552595,0.7640866875339337,0.22085266626485905,0.22046734125431283,0.4358904863263838,0.08544931925944892,0.4013897235658116,-0.09191961241358351,0.3053344602716032,0.39462695395126907,0.1441939066385023,-0.0548645981495898,-0.06526360454411503,-0.08893783041795668,-0.0209836427364796,0.2483128454102508,-0.05277474562314626,-0.21217551017130667,-0.1947224818019324,-0.041256927546413046,-0.2646471914576092,0.33452945236002074,-0.05271518343235427
0.187969977568135,0.29601866825972367,0.1922097188608925,0.25672274262645395,0.25337369711284563,0.3655464132463402,0.28166174612367156,0.24972027424540663,0.2590326025559233,0.19945342652385364,0.24841592806156063,0.21627570256252643,0.1585331278081255,0.23401173049457982,0.2518225636606263,0.22518004393996374,0.2977705398082137,0.29738524065636174,0.3439932875545611,-0.005598097933086313,0.8808159563503255,0.22298439866859285,0.11957047256805509,0.06874225559955974,0.22578051897225537,0.017667304097146428,0.1384065760740913,0.27559680412373067,0.19920020873932417,0.2428013079439614,0.2708720167539875,0.17945741653733036,0.25953943373118005,0.26072776143962295,0.273398408467149,0.27376967072005837,0.5408647280953359,0.07446759147404662,0.4629860764414332,0.18172020461212182,0.40267752372583804,0.6795694734511241,0.29104873479399773,0.13069411120360766,0.6377539585091684,0.10595412432861598,0.23233639593017139,0.042090419008671415,-0.1073345933387033,0.1710185126969677,-0.012747289180760377,0.1294683026606683,-0.17927732274509445,-0.04266199140830588,-0.062253396919522266,-0.017060939922020048,-0.24638737864161397,0.15204125900339446,0.056660005849671305
0.20786465863974035,0.2773761441117461,0.26879077160647924,0.2711688679964928,0.2631942538162666,0.3555624129114989,0.2298724268890939,0.2441957028749282,0.4961012910365563,0.3069520844044818,0.27179885373056584,0.2912536906517243,0.19382931765839065,0.37526655228343725,0.2509545895942652,0.4079512935951809,0.4011447559192082,0.22355696025690083,0.33582377952231324,0.2918171272077348,0.22298439866859285,0.6732066831700821,0.2516619694420945,0.2547556877268647,0.2104649463787682,0.3612409083009335,0.25959780652558034,0.1285232691398852,0.2939893705484737,0.0845361570771194,0.2420415955829738,0.2658518595622269,0.22608032154788454,0.3345265186921888,0.13926117915505298,0.33797854470646854,0.2564258121250028,0.1847205238847759,0.2060847060363417,0.07864257688767273,0.19334150975034725,0.22824905582145066,0.449936606104325,0.07136437300179316,0.07788890624451932,0.2115824235081384,0.165460325303361,-0.121569699646156,0.329169162663786,-0.09737937659283333,0.028391440990567677,-0.033129801822015276,0.027859193688538845,-0.06773004195929276,0.0014265996598201716,0.09688278662204443,-0.3014299147282504,0.15348146845124144,-0.004189042654678192
0.25194840351579756,-0.04671967088807194,0.03123862896964745,0.19312732067683436,0.19611287616860223,0.11347883941148287,0.29466419552791256,0.1402176012789566,0.2432816967583561,0.2600514332618146,0.20102009322813935,0.1929079153446681,0.18747476357517484,0.2657790670443495,0.26353333087102937,0.24668416437176074,0.25921979961792596,0.2338829849588035,0.02778537370951871,0.4296015882298788,0.11957047256805509,0.2516619694420945,1.692919277683309,0.25534944789681785,0.013175477911892016,0.1880347883233129,0.14500019086636193,-0.33954774852234465,0.48258323465701847,0.13063628266369456,0.2658002238596032,0.12923763963341284,-0.038353775038011274,0.3145584058256412,-0.050260427155503704,0.5244446541505898,-0.004184680596864578,0.2042149989040412,0.21954764388063036,-0.0159817993732427,0.31442119994509643,0.1045602140271551,0.19860333823452045,0.16504751833132586,-0.2814441663373035,0.16293984981813772,0.1049530922614579,-0.06804465218871839,0.4888377546065489,0.21686519690973755,-0.18542378682637944,-0.10025923866311583,0.20048092315789068,-0.047429946696502016,0.04735930628445608,0.09149522577804203,-0.2093003172312127,-0.133963228864713,0.19692071313818252
0.12355265165326346,0.16846761607842778,0.14960314067110428,0.24815086270452297,0.21287991765190747,0.36942785343530293,0.18441892539003688,0.23101729763639706,0.2663540072227815,0.3376835781316497,0.2762114313343254,0.2309016279421373,0.23599630473240588,0.2610115449285356,0.2608573608498261,0.26393734394193497,0.2583497189736137,0.3464713681805224,0.2602020193711837,0.16675057576071656,0.06874225559955974,0.2547556877268647,0.25534944789681785,1.2375741083784695,0.502023549180431,-0.04963700533917628,0.19997909021702936,0.07064806254592318,0.22330271941818683,0.10196073646764392,0.226224196912059,0.13536010618563787,0.10036161175949766,0.3875406409562372,0.19167626405332805,0.2431389045703649,0.12079487926398995,0.07752868253491817,0.3288850775143366,0.09332552861922727,0.24640360289420565,0.10064790047762986,0.026468276751501887,0.09467515476624391,-0.28062810220501694,0.14754696465347744,0.17942247750682813,-0.014722744696139716,0.4832735754703738,-0.017159144696756824,-0.11553205926849988,-0.0027874151261891755,0.14735740727140922,-0.06992526486080798,0.08408054265197573,0.10124865790210333,-0.1752870822374589,-0.49123398146872,0.4953822983252774
0.41462358628832485,0.6044483810336441,0.7012661435546493,0.1489955825035134,0.09947426480888945,0.15034420981315258,0.30550234144419514,0.25658705504593926,0.2411667054516768,0.21354007641498077,0.18502947794686506,0.1950657704002719,0.21418543543361823,0.08301936397312244,0.06187821460303476,0.16965201350071196,0.6180019374408011,0.3564369844648012,0.4336867958991206,0.3130623593610421,0.22578051897225537,0.2104649463787682,0.013175477911892016,0.502023549180431,5.7357201817276415,0.22125033537786187,0.26321436722865177,0.20737509733036882,0.6228834660072438,0.21859284570243387,0.74636974209807,0.15984117981727264,0.37725378126266956,0.5368707043686011,0.37789017708500994,0.5263631662256347,0.32662323225573514,0.04596542306486631,0.1317583440492445,0.09068030830750315,0.10741881795504679,0.25767130052850884,0.4553876285458266,0.11187321377267473,0.5195055258045094,1.2140510155462576,0.0951163767080477,-0.30129187273673147,-2.990450733422584,-2.313991152902698,1.5895710082488543,-0.04145334685274505,0.7904149319534534,-0.5063365086706867,0.0647787611750815,-0.07391120598472137,-0.22759009952971404,0.004991596373853124,0.041101578295565426
0.22846251492626282,0.44152205089507673,0.3897254931862262,0.23097758910983004,0.24527476420712796,0.24853630222718154,0.16331698034662395,0.3051960643032235,0.39230425921437734,0.3014521734361291,0.25047071050089287,0.26333403798414523,0.22938098018538677,0.34135605166023636,0.24318128214042764,0.2997855336139231,0.20238729925835638,0.43053466466904106,0.27175124474318596,0.5046821067656405,0.017667304097146428,0.3612409083009335,0.1880347883233129,-0.04963700533917628,0.22125033537786187,1.7483364005309583,0.27293308204426786,0.12289087207551928,0.5792256578569905,-0.20612559623658858,0.16262420345595485,0.44035941439560683,0.053140365326040884,0.4481926926695219,0.194719186612237,0.3053050028830096,0.12409307944958213,0.2501806241528037,-0.8175920822662122,-0.14480606253163003,0.015127840321111148,0.11831491928436454,0.5634443108744871,-0.06915315710636223,0.338533494861186,-0.05649745165624248,0.18499862770821987,-0.06229274870254166,0.7445077220815319,0.0951540984436233,0.11047069952069527,0.02020834157312208,-0.23398618337964364,-0.09489412031423104,-0.10610511799305056,0.06365546701764546,-0.22894479208990454,0.468417161330018,-0.26638009076103397
0.16751528408480437,0.3379937300386451,0.2127959690180929,0.2222931080329122,0.22530111277142567,0.28958227704336553,0.20538762949844025,0.25450082256079243,0.21620731333578863,0.26942157922267157,0.30696130778558917,0.33043864532077444,0.22905225903559087,0.18614880132834813,0.23629325171419488,0.2714829858567336,0.3474881269638106,0.1578750333505415,0.24678468101852313,0.4503342704806844,0.1384065760740913,0.25959780652558034,0.14500019086636193,0.19997909021702936,0.26321436722865177,0.27293308204426786,0.7996794546908939,0.09888426016681713,0.2567306331752992,0.006077242915914252,0.33524980526672293,0.27989621609485427,0.16796866460313944,0.2952885018594867,0.10080538037480874,0.29257654917210385,0.1441259203693965,0.28104552918307835,0.2283247852163653,0.18269240245117857,0.22176720744759948,0.15733515958617297,0.24352050517498175,-0.06454226420077049,0.08408746245099662,0.22824154296673096,0.12375359968497769,-0.041624826678853984,0.13951484244906906,-0.03035182581947946,-0.12112237068228593,0.0774200844063446,0.02558085391399885,-0.008822768092090885,-0.0638783339852713,0.004369666843174792,-0.1162669332582547,0.15705472768202886,-0.04606712499208248
0.06688131731639275,0.21417419211606079,0.1558299650794134,0.05451010312660522,0.01933527090437553,0.17414901869000457,-0.007199741949703175,0.1179230352456231,0.1312682048422932,0.1734214049869988,0.08978363969103151,0.11546885255278569,0.046026641410641146,0.12616688486929842,0.1988116132889047,0.1206693302373604,0.13087832179380768,0.19874446741431184,0.2887474489815432,0.09065615836519506,0.27559680412373067,0.1285232691398852,-0.33954774852234465,0.07064806254592318,0.20737509733036882,0.12289087207551928,0.09888426016681713,1.6382451741614164,-0.1548120752672027,0.29250574783073113,0.24357206230941156,0.10899803143909456,0.7035390000164262,-0.07918439761454363,0.7389214716762501,0.18343423652816762,0.9404272708348475,0.09529616119717024,0.15645689148186614,0.09550274549144219,0.43369347778486317,0.3333790339339936,0.3832200942773149,0.3031466741039739,0.6852170474584816,-0.1548614007537662,0.2577666053731992,0.15484255103951353,0.6399854239872425,0.3053158562424399,0.10135078405997137,0.8270189584778261,-1.2230325344180697,-0.05391568265764897,0.08774852360891876,0.0560541319193147,-0.0831487895585885,-0.014262724467922143,-0.011409724160514039
0.2224353925732263,0.33803789937917267,0.3121451024887315,0.25914614271674563,0.2681877432809902,0.31818840833175005,0.1916529627330697,0.3157635138809316,0.2459883347439578,0.4067494752380596,0.32831056049797086,0.26200803159373987,0.3143740053281239,0.2889109402497431,0.27250028519520453,0.31895949601938545,0.341393891047265,0.3919240014828975,0.29354428426569784,0.3820039608617686,0.19920020873932417,0.2939893705484737,0.48258323465701847,0.22330271941818683,0.6228834660072438,0.5792256578569905,0.2567306331752992,-0.1548120752672027,2.4057188663190145,0.00834992077613266,0.08615209120372119,0.3900142659029064,-0.39072502434823,0.8126275144469693,0.26437516104107445,0.439287938389779,0.11311497412758528,0.15316809880063922,-0.07278751899154448,0.04760725055892621,0.07423722270751755,0.17016805201926136,0.08673717254781697,-0.02848795013876092,0.07201805019829335,0.10794292194940824,0.34646889901644984,-0.09748586094671854,1.0956297383235305,0.10807177758313745,-0.06562829154241637,0.061622236615914705,-0.10596876581370629,-0.025837395756760643,-0.02190616736897893,0.04108636721352664,-0.17942191998594384,-0.09815702877463432,0.2473719306791586
0.009143803785405132,-0.1317499561707115,-0.47068338087873723,0.04611757374746404,0.01920796097138373,0.06484726938315279,0.05772895917145299,0.15322294085700547,0.12749379887937834,0.06523429285149022,0.0857878504643934,0.00811201753807278,0.06711171871849657,0.04626392898556856,0.10146158942814563,0.043190751942315406,0.05563139969268085,-0.017618516311231073,0.1122580297965294,0.08948398772925284,0.2428013079439614,0.0845361570771194,0.13063628266369456,0.10196073646764392,0.21859284570243387,-0.20612559623658858,0.006077242915914252,0.29250574783073113,0.00834992077613266,2.2672144935376326,0.10898008558338051,0.09886187923043079,0.5661026716053092,-0.16267215722291314,0.4634897204886879,0.11057830450094555,1.0684958457470974,0.11236725934546417,0.5534993133495133,0.07407652347898983,0.5507685386578678,0.30311822883926814,0.6380228429204465,0.43957431863543456,0.7381134060459289,0.33750056347520335,0.7565695764219363,0.13925406814777383,0.2938151044883304,-0.22842775921622577,0.005446217643990165,-0.08625401831599025,0.3849379324313559,-0.13301156318750118,0.034467647087884655,-0.12974331068722472,0.004085014886526686,0.1984564828269349,-0.19415644670685367
0.2148542397801095,0.3330396890476175,0.27776787036633566,0.22481036128957899,0.22158772609175809,0.2878712768942269,0.25007042604689195,0.2489705704325454,0.2414779284891019,0.2445797053943474,0.27233024587487825,0.278636511902551,0.17668213855678866,0.21190289304898266,0.23727841791847806,0.24377285526833645,0.38598717082323514,0.20234373941347938,0.29541657806549987,0.4533916081899583,0.2708720167539875,0.2420415955829738,0.2658002238596032,0.226224196912059,0.74636974209807,0.16262420345595485,0.33524980526672293,0.24357206230941156,0.08615209120372119,0.10898008558338051,1.144419784689684,0.22133592346110117,0.3604171040024998,0.21328530950742147,0.10205972192302092,0.702573304763347,0.34974994048751384,0.3297601249988503,0.4807999465641815,0.1670946212099959,0.6033214414023179,0.290026329579065,0.27779212917645596,0.0960354040668803,0.27390962094470234,0.2644608876639224,0.08546282571116268,-0.04314749335611306,-0.07233149009589065,0.004364855474117737,0.0543383530805221,0.0696896424207706,-0.015243318330637171,-0.1591431695960492,-0.03092613068064683,0.006355084548664003,-0.1486537089965291,0.017949364536193155,0.04430718402605622
0.13376716167760377,0.16676266956489297,0.15635388281262713,0.18725845170876235,0.22320052240713012,0.25369134059703835,0.17906623077459197,0.21812688577098024,0.23045160660689631,0.2114543690237086,0.22602441357937939,0.27112038334688326,0.20163174742841877,0.16142166156558466,0.15147528069123997,0.2172397596435413,0.2141547770759054,0.20771441513093467,0.25893823599323657,0.25390867075784646,0.17945741653733036,0.2658518595622269,0.12923763963341284,0.13536010618563787,0.15984117981727264,0.44035941439560683,0.27989621609485427,0.10899803143909456,0.3900142659029064,0.09886187923043079,0.22133592346110117,0.7357426903601736,0.20730579435682223,0.2851398979761281,0.013751017949187911,0.27724898806098236,0.05624470713223263,0.17590653990852817,0.05777905158398157,0.06078877465740538,0.07042492729518515,0.1623382837561509,0.13592202628574898,0.020680620605254822,0.11244177762180713,0.1279505752445832,0.1779243564141158,-0.05045913787911459,0.4018912550358148,0.06192206039592364,-0.038121573750449465,0.17082433779204484,-0.10231929179035296,-0.05044387620420641,-0.10487950742124232,-0.0042203100361531114,0.35948302880758815,0.0335065051206305,-0.3543025586094791
0.10916360869606849,0.26701246147814856,0.2209434031285948,0.1637487487732695,0.14356929997037304,0.1449371702114574,0.2387272764779658,0.19987348613611622,0.3014850304333837,0.11690856738676693,0.15137646610085081,0.12739377262816542,0.1060586852661154,0.038352107540513915,0.14616693893902558,0.0942571131503143,0.2176425256941875,0.08924435725805353,0.24651575836229297,0.20178103904502043,0.25953943373118005,0.22608032154788454,-0.038353775038011274,0.10036161175949766,0.37725378126266956,0.053140365326040884,0.16796866460313944,0.7035390000164262,-0.39072502434823,0.5661026716053092,0.3604171040024998,0.20730579435682223,2.2175517928745063,-0.021777678750387754,-0.253570695172545,0.3162178802494726,1.3219625904844023,0.13879043215597914,0.2724895643448335,-0.20409957246608376,0.661521609143612,0.368509255716064,0.42170752641633313,0.2859753568420397,0.042207641934792234,0.42923202915381603,0.2964487883101144,0.15349852089807697,0.19347032616360516,-0.19012010123627046,0.09900019547459027,0.158180317499096,0.2868985030583785,-0.39621910201912014,0.024855054805193556,-0.06142319627911169,-0.12144134383798928,0.05622672604345398,0.07456391894829047
0.10728350215920825,0.40501604308164035,0.35171748114953455,0.36696478901072294,0.3641559777603011,0.35877239373098474,0.3329909940599963,0.3691174832810503,0.2816358064809145,0.4545774709099011,0.35291363351811955,0.3178092711336518,0.286588877867306,0.24566603001471013,0.32535651024085643,0.31855450542941915,0.35207057642554956,0.41346617746700587,0.3280055671336305,0.23376596471098243,0.26072776143962295,0.3345265186921888,0.3145584058256412,0.3875406409562372,0.5368707043686011,0.4481926926695219,0.2952885018594867,-0.07918439761454363,0.8126275144469693,-0.16267215722291314,0.21328530950742147,0.2851398979761281,-0.021777678750387754,2.4901742328671164,0.30104163972318415,0.17896772788570053,0.49604058258912664,0.05162337320890345,0.1406772360177771,-0.09738699763315668,-0.43499230551741186,0.3451737639735342,0.9618605090819586,0.2602384044447579,-0.3889164359043313,0.14246312953368792,0.4262844075137985,-0.09927459115212495,0.12099712951147573,-0.0010774880940289022,-0.23392291586216832,0.004781495874465629,0.25251003522918886,-0.20066089201794993,0.08004426334277491,0.04835106984278534,-0.4312059335149665,-0.04755433155039619,0.558584743340578
