0.5422882478558598,0.1870422724973129,0.3192356796824873,0.08421083573498159,0.11290153956914942,0.10107794863566885,0.1733549680963562,0.1067212445833022,0.128607711169695,0.1331020899698845,0.09841421294509324,0.12144108094177691,0.07142458037237735,0.1287820925973219,0.09951099552843376,0.11138395056639885,0.08298002517739678,0.11586176635900945,0.0985938190568255,0.10092009872484889,0.11999059957214794,0.1085248269546454,0.08056805771812824,0.08718748190131881,0.10934656665510803,0.09093459757161414,0.09641350964045241,0.0284925592385293,0.12652051005559348,0.11942895998004029,0.11219243510250249,0.09742814672282986,0.10524740527300777,-0.05929441248772939,0.06444255506602259,0.16988063351046245,0.03532862920890929,0.07791464792981914,0.1318167950288199,0.11883031634050116,0.11747015892338214,0.11119417507137988,0.08293550509531958,0.018216527734383273,0.05577692121278559,0.20590113172021754,0.11607202713604567,0.005234203754958516,0.179310834911746,-0.06345201737945418,0.04432201830138062,-0.12461335329662836,0.11292325112223339,0.0045998255921561645,0.009323876056354062,0.0006534948368132078,-0.030548421457534787,-0.022945144968297543,0.031258655777623795
0.1870422724973129,1.7935747906089385,0.7906660023177865,0.0958970470896661,0.023902539354176144,0.22771506412010928,0.20249232985824092,0.29743954002781303,0.29405568503380997,0.2777658452189708,0.24052097079138876,0.21323059064588293,0.1488851628899776,0.1541370330007347,0.3146300765051536,0.18497973638728277,0.254527575502335,0.4454711355522306,0.2118426297999449,0.3008483155191984,0.24553899019361175,0.21376785277905608,0.09981272209236297,0.09890216959921691,0.2978137626434389,0.21602887450549546,0.2556104565912068,0.2188550176633425,0.439295923675399,0.11158877880805151,0.265061722864567,0.17572803907227572,0.1441224526474371,0.2284243426935501,0.020603794345645934,0.3218974067142284,0.3536261773875411,0.17672007604580636,0.23075507642709991,0.1997941699606515,0.18937842775829777,0.23480562304948213,0.23572099246868558,0.02398651902944415,0.19643854334908867,0.4488191689515098,0.2828631828482992,0.024591714972680066,0.2015040437047909,-0.15343531701172086,0.3820934400937144,0.05131869390743133,-0.12006171767091123,-0.09614023955048852,-0.03023907466004766,0.04254545784456702,-0.10084423473147452,0.07820229126116501,-0.039491234983399646
0.3192356796824873,0.7906660023177865,2.144241179535778,0.10381363581689038,-0.2851822903083494,0.3197311041343863,0.1664313837865497,0.428199933096201,0.5051998870846994,0.42797163592734194,0.3078045507958281,0.23352430100208205,0.16311927805401377,0.19562336945232847,0.2703534440353315,0.18437518723479487,0.2665156643353729,0.3522985835084804,0.19719730533683272,0.29872638629486975,0.2855309696679436,0.29953569034310834,0.1481186594894212,0.23243164891810453,0.26755872352320254,0.29381496275259295,0.22673589336363875,0.22138404624854485,0.381154284982737,0.18888838756855567,0.3149180133806352,0.20960741316730402,0.1939651216938743,0.12646193593993127,0.2797218910577559,0.3665843808895614,0.12634491796684474,0.20421502339459088,0.3107607749850758,0.2605492557482429,0.1630818193387576,0.26891890331835333,0.25450526238938914,0.0541485780253152,0.16361973141323793,0.34932173564697444,0.27729884204451094,0.02230477447894248,0.33971946386505003,-0.1396087876988553,0.19685749998618104,0.22416609089417533,-0.02496556429563498,-0.18633387899703013,0.035845110870002084,0.02991671010521324,-0.0790807635520571,-0.021569884149159033,0.017939262102416243
0.08421083573498159,0.0958970470896661,0.10381363581689038,0.8263284475924895,0.4407868685283618,0.3221715833155957,0.3382770309624364,0.26753267663675107,0.23490075601774998,0.2790038472469345,0.21813340261227088,0.28344014370266624,0.14171347850961624,0.26240324712331475,0.24346776203758186,0.24699711207521338,0.19161844168022588,0.3012054353074134,0.2685918674655812,0.24537316533297912,0.23175726845385902,0.247608585146519,0.3076895278310329,0.20693206520254756,0.25977709641274715,0.31892521531617274,0.18629150195961866,0.0670550415606063,0.27032646680095923,0.0894389187792829,0.19524395566981145,0.22670833952287392,0.1167045967718755,0.40228680429084707,-0.10017118590747139,0.3468084581305625,0.31582632159137863,0.16599570430694238,0.17580457778835293,0.08362039590102144,0.18879740819537724,0.22385259649085068,0.19943886214365367,0.09832067815252024,-0.033394027174995886,0.28281618121692065,0.19965833853609616,0.02076855057752274,0.24063199756024448,0.12851864489967885,-0.11151094758312324,-0.12158671349267651,0.06555654372028956,-0.002770808123855847,-0.00954565966072857,0.09059273566296157,-0.14281284575134207,0.029083808817204168,-0.03428579125052352
0.11290153956914942,0.023902539354176144,-0.2851822903083494,0.4407868685283618,1.111937100128065,0.46670162392645365,0.15414509431465162,0.2960273381363085,0.20066639659836344,0.18218280048728722,0.20776192402278082,0.2743728971003732,0.16776853444060139,0.3000616785361842,0.2530435892180107,0.27647275738629207,0.1549925165193216,0.2788982924108367,0.4946011642010797,0.2227003198522434,0.23189262259599414,0.26530398203554934,0.31718309183127685,0.17603983392641598,0.25515588618239404,0.31692211849131596,0.16960383319991887,-0.05260104735539822,0.272132686910173,0.2209854962920351,0.14112375154630344,0.232959012232822,0.13871921870130055,0.48518707608533646,-0.20647405217748402,0.40453616314036045,0.4073539110042927,0.16463888718548586,0.14831119813687632,0.03397426992910246,0.24217335588145733,0.22542744457214753,0.14393000254551586,0.06388424348860292,-0.11567883398416678,0.4313843131068878,0.2579422801725254,0.0257243085887808,0.30116898099106076,0.219570636281612,-0.1603878756523002,-0.616479309422319,0.417581382547412,0.05392423960860845,-0.10345453342673021,-0.028243268566519875,-0.1574319406810904,0.06126810379358004,0.14655220753260084
0.10107794863566885,0.22771506412010928,0.3197311041343863,0.3221715833155957,0.46670162392645365,0.823136716781445,0.03169158554552886,0.49836149487226256,0.3359792946262794,0.24894973653710417,0.31853312049962085,0.29375150540685113,0.19224350067581666,0.3413443360264842,0.2920853962493112,0.3031504995567549,0.25207754649985176,0.34509084592244643,0.4685242117192702,0.3220616012505844,0.32161773348817707,0.33978232173498707,0.25643390611092587,0.2435096547114817,0.3025589128145022,0.4625729652806075,0.21783269701139707,0.1173289329270845,0.4069600163925416,0.2547272197501989,0.22311181027761331,0.29101768227481356,0.24025701069896063,0.41554814599319806,-0.1690421906295561,0.44761005989023966,0.4347830346792033,0.22196404406258224,0.22538458276689508,0.041221417173579196,0.26103112762463476,0.3004630580884138,0.22719412640695294,0.07224935110887536,-0.13744198246856504,0.38772362445067304,0.3116605443129884,0.022097589451636743,0.499019513733841,0.2988762653809659,-0.38511176459473495,-0.14075479761238674,0.10584981785027603,-0.06432088055190402,-0.10151810957017283,-0.052845553680262204,-0.18532838394308476,0.07187512242897653,0.2201593581522344
0.1733549680963562,0.20249232985824092,0.1664313837865497,0.3382770309624364,0.15414509431465162,0.03169158554552886,0.7398655725669703,0.13559537472181094,0.2603487592670808,0.2301101291002367,0.15798565066527612,0.25870874377917413,0.10776036586715462,0.11519737081838467,0.12316660411255181,0.16390403672751935,0.18338336744266875,0.22600899531812726,0.09558914534747925,0.21381440743015584,0.19210878153993347,0.21131242088573324,0.26121504402167417,0.15330063914961456,0.1960361134472604,0.2162658211810474,0.17592904652278543,0.04913868134684048,0.19106524348114381,0.026359078547836912,0.17560762026793997,0.15584177629282395,0.07943589027144238,0.2940775639629346,-0.10297285768156568,0.2734810751932072,0.223530499756313,0.12573902493623643,0.2030174539239944,0.12539418175400688,0.12445286937782558,0.18283749477745265,0.16597406037931772,0.0759758061910537,0.0486602689328586,0.20514710227799576,0.11721505733346806,0.021569686640556966,0.2101560882057065,-0.053625441451918526,0.05014299678650331,-0.06331396837499315,0.05280993538376368,0.00018057193961486633,0.0691065151901107,0.11745949643728884,-0.09810773879293226,-0.047838895982969705,-0.15186152156176405
0.1067212445833022,0.29743954002781303,0.428199933096201,0.26753267663675107,0.2960273381363085,0.49836149487226256,0.13559537472181094,1.0186106101994534,0.12053597166576671,0.256549257860481,0.2953648641274808,0.20147497751330476,0.16185391502130245,0.28171105487216563,0.28394965131857886,0.25341238756929696,0.22105278084545835,0.3998006067501795,0.2891624290635662,0.3423719115258852,0.2978168584464244,0.21545492524540255,0.2759349643229352,0.1472813197280856,0.34009766704752625,0.4957523068185993,0.19888424972288388,-0.043407623834138855,0.3950863810087859,0.3852699405704413,0.1856389796450124,0.21473780286382743,0.17558735942593948,0.4256957080819193,-0.017437949659335136,0.38110394204403125,0.337767810594898,0.20362447154372035,0.23450672514938511,0.1270709965309294,0.17735794343099895,0.2871250352805542,0.21803829528580587,0.07120753239827018,-0.02865525194164352,0.28706457326478874,0.3955674002638585,0.0359491672636194,0.5118802573647009,0.2371939383153745,-0.18431908499505417,-0.2369463290775346,0.26311736753981796,-0.14388835095092237,-0.1537492022509143,-0.12777619272891916,-0.21779221514424157,0.1817675324326508,0.2236490606454584
0.128607711169695,0.29405568503380997,0.5051998870846994,0.23490075601774998,0.20066639659836344,0.3359792946262794,0.2603487592670808,0.12053597166576671,0.8567402304974623,0.2436342179531102,0.2059116809842277,0.21549548502240312,0.1464727986801791,0.23870653415426846,0.09029254295991823,0.19914613261259717,0.2258375182370321,0.2952440713417973,0.313202885331569,0.18303831803723572,0.2791736813560455,0.43831987601192335,0.2385324958394713,0.2747348171616749,0.14501227595938324,0.3654085188388195,0.19455499944273907,0.23375871732256026,0.1550220576982163,0.07566871766584403,0.29589172544616354,0.2548018139583069,0.23616111513743995,0.1612987623166851,0.02047233193666795,0.40874334600140894,0.17922098284199722,0.16841470871095712,0.2656174053630989,0.18688570896904896,0.1885021196479124,0.25179479538194455,0.24453002382062577,0.061168499953623,0.03699385534621024,0.37421240574308834,0.19300154785857337,0.022581127256342773,0.3586312044386299,-0.002102484657255328,0.05455261578039072,0.08152855748091925,-0.05243862239899309,-0.07283703753703935,0.13643873890037103,0.148194559066682,-0.09963070504118235,-0.1632895407761908,-0.00046083282467767207
0.1331020899698845,0.2777658452189708,0.42797163592734194,0.2790038472469345,0.18218280048728722,0.24894973653710417,0.2301101291002367,0.256549257860481,0.2436342179531102,0.7316757934574073,0.26667158485610437,0.32875257114365075,0.14576706652226354,0.2074984110981566,0.28264399342140545,0.21828310359207806,0.2079150616726308,0.2942388808621574,0.1993473518017577,0.3194022251017235,0.21893736754554366,0.22540179670315014,0.23508897249371166,0.19299058192574137,0.27508158588512494,0.273874201904154,0.25438868125784864,0.11678766809860129,0.364684943211613,0.11097765686796586,0.2235917424095922,0.22604974141190126,0.09959588552285543,0.4040337579950737,0.1192746559563796,0.35661254361771844,0.3123249570794926,0.1833689401007981,0.23641063298571102,0.14734765247196774,0.18662174863369538,0.22632617521849716,0.22167879350626538,0.07044280864776191,0.041834252181645826,0.3835887055468864,0.21277754894171277,0.026215156386060725,0.2781997484808039,-0.06683609226351327,-0.011851105832525922,-0.06248504216649695,0.08079214469004366,-0.009924917370199002,0.0910913360813581,0.12196557085306245,-0.04136756883601539,-0.11856513089973848,-0.08981464727158944
0.09841421294509324,0.24052097079138876,0.3078045507958281,0.21813340261227088,0.20776192402278082,0.31853312049962085,0.15798565066527612,0.2953648641274808,0.2059116809842277,0.26667158485610437,0.44955412041077125,0.27136971532513976,0.2242195404886422,0.21974915454263197,0.2531114243252054,0.2399013107719398,0.3301104093878042,0.24739928687588963,0.2524560034232158,0.2831427971254661,0.2242227086507468,0.2226348220248026,0.19308195320982136,0.19162105054902456,0.2607241504985725,0.29668123509487965,0.22533977184174633,0.21664234407847646,0.33104104137971324,0.014955395602390472,0.22441400990843152,0.22431213382246185,0.1294994366319334,0.2983844846960294,0.077113986193017,0.37068879653895304,0.21615985866081538,0.17187712503103156,0.19601117488887582,0.10141681336274187,0.1522402144157463,0.22888594915446625,0.19002488447262966,0.059228978887841635,0.02261865685826767,0.3104633704329746,0.14000895201599797,0.023692240710740543,0.17435362252173373,0.10370904062516235,-0.03517192720237543,0.0598990459136433,-0.01918770089263109,-0.08679304389837884,-0.09887761271438524,0.006736452363852648,-0.08453969796199187,0.0831905805447645,-0.00967876728206042
0.12144108094177691,0.21323059064588293,0.23352430100208205,0.28344014370266624,0.2743728971003732,0.29375150540685113,0.25870874377917413,0.20147497751330476,0.21549548502240312,0.32875257114365075,0.27136971532513976,0.6538669258865404,0.16322473244364957,0.2628417255511641,0.29758115660422646,0.31512208791554164,0.3008816315697328,0.17231026202533176,0.24301476204518893,0.27769751604169024,0.21444370173969604,0.2194526907051916,0.22852313333516108,0.15285724011930307,0.28920130280266393,0.30195090723051793,0.2988099089847682,0.08242741171453326,0.2130525899409518,-0.040420622055862276,0.15870385793289457,0.2710138478059844,0.1075310499072211,0.3518939540693602,-0.10836141536938147,0.3634715537749976,0.23797952672526082,0.1732726436808673,0.20800304794607138,0.0640038579646413,0.15323958141708666,0.21481733580515933,0.1669055366016693,0.03963108960329556,0.014656781619393051,0.46131614900301227,0.07962608418029729,0.025504209024681642,0.31293458642218264,-0.17971511189845732,-0.0469042919629045,-0.06117062683449072,0.08384246964065814,0.07711177986975302,-0.12129222187391446,0.09802571003241986,-0.15210067121881074,0.08936084026483435,-0.1736531119854755
0.07142458037237735,0.1488851628899776,0.16311927805401377,0.14171347850961624,0.16776853444060139,0.19224350067581666,0.10776036586715462,0.16185391502130245,0.1464727986801791,0.14576706652226354,0.2242195404886422,0.16322473244364957,0.4341071904198997,0.14014688077364973,0.09890074145875448,0.1733504707031829,0.17783361643709195,0.14365260079127562,0.17194719490351376,0.15622958867315573,0.15086320773850237,0.21191099001233596,0.1548448858412888,0.15522439099926005,0.1819157804768871,0.16009088269026117,0.19302120025652483,0.13543000306451627,0.36336905898154126,0.04087582568739609,0.1007371661802273,0.1766711818486198,0.1067208447346757,0.17364123273930518,0.23264619810336898,0.25321352821024157,0.09972435331608565,0.09811927084362229,0.15460018392979752,0.11350061694914618,0.10520783955401043,0.1562887832899043,0.16182865380790978,0.06074931027902829,0.0017414858035740036,0.2566742781500292,0.0951548289462803,0.014492932090120259,0.15708709441375301,0.06108822619496316,-0.06408436138134653,0.004771862098747994,-0.0265414394582282,0.007847531576402776,0.033997897196054325,-0.034557854189523535,-0.0570017825084769,-0.0676012082075498,0.10246022256637041
0.1287820925973219,0.1541370330007347,0.19562336945232847,0.26240324712331475,0.3000616785361842,0.3413443360264842,0.11519737081838467,0.28171105487216563,0.23870653415426846,0.2074984110981566,0.21974915454263197,0.2628417255511641,0.14014688077364973,0.5058908250641957,0.26065368092815494,0.3456908606285368,0.20476405945728085,0.2027297055351634,0.24658968720343652,0.2674520009693282,0.23637117708668967,0.2647342542442375,0.24750223520569142,0.2014036176514093,0.2699232941908958,0.309622749498769,0.1961767938416058,0.09148832155695631,0.2670943479933652,0.19852079906562514,0.1354468595349673,0.3028179757647071,0.15348083914435365,0.2841266659011677,-0.0017625554795046583,0.3653920838798661,0.2583390990569175,0.1786530973093783,0.18897159153711107,0.12007308947411992,0.2438291064339083,0.23589122039864413,0.21320314531472584,0.061114219150474144,-0.027027711991244804,0.41492848243528513,0.20924308716486145,0.010613082088704585,0.5454195246092354,-0.05603443373942885,-0.07142618615383552,-0.24940917146359876,0.1980353843396178,0.037648210839815954,-0.17739748281281975,-0.000661489017259355,-0.10961551481221016,0.15446428791974973,0.08670570785317383
0.09951099552843376,0.3146300765051536,0.2703534440353315,0.24346776203758186,0.2530435892180107,0.2920853962493112,0.12316660411255181,0.28394965131857886,0.09029254295991823,0.28264399342140545,0.2531114243252054,0.29758115660422646,0.09890074145875448,0.26065368092815494,0.9071913186543022,0.2530319149303726,0.2224196677668951,0.34575951184060794,0.2328078615776386,0.29520106597513884,0.21147511318263792,0.11910196470488375,0.3687864728444055,0.21686035125813394,0.3786669816319066,0.2922461212971739,0.2103911179464952,0.13233909110336498,0.3317443469606741,0.20863345343919226,0.21319505104611738,0.18911136822284372,0.1325893447690207,0.37120511266517403,-0.08658731933184802,0.4154947979291328,0.2839531981128851,0.16419322309089776,0.1098558348256987,0.09567178459820025,0.17670269512779357,0.21841411315211826,0.18368008078583611,0.04875587239726363,-0.011009461705147723,0.44821636554814626,0.2750703170930021,0.024030571507193704,0.21878355403602623,-0.044578918748903205,-0.01073094351253896,-0.004122172027342216,-0.02481672362192896,0.026243695213487878,-0.044448441676361534,0.0734376192328226,-0.2285492305995956,0.013902090740849572,0.13170400242213373
0.11138395056639885,0.18497973638728277,0.18437518723479487,0.24699711207521338,0.27647275738629207,0.3031504995567549,0.16390403672751935,0.25341238756929696,0.19914613261259717,0.21828310359207806,0.2399013107719398,0.31512208791554164,0.1733504707031829,0.3456908606285368,0.2530319149303726,0.4763490581393266,0.28282912484811484,0.18848043218233737,0.24711711144989684,0.26853748652732634,0.23259322595759502,0.2862530630646446,0.22094900949202614,0.20073106304857688,0.28542672546470016,0.2531636511787023,0.24728119157897288,0.17426059979336506,0.3223275573201329,0.06524135648498204,0.16673933934940358,0.2686543507938798,0.12633307652120468,0.3042433260443207,0.08175565371769106,0.35081505633531745,0.25211768989989913,0.17235574888713334,0.21141991020194645,0.12201003998292059,0.21629461718866655,0.2410815437474773,0.2334847998559626,0.07519206956898339,0.011096085974862136,0.3613794226189451,0.13840262496649852,0.01574586240232589,0.3648250957759756,-0.14326881626426033,-0.096220377551289,-0.07840641733429032,0.10007957007185467,0.050543667444079426,-0.09351399684182334,0.006863795706104781,-0.1628418769051744,0.0639744137483172,0.11209655262208652
0.08298002517739678,0.254527575502335,0.2665156643353729,0.19161844168022588,0.1549925165193216,0.25207754649985176,0.18338336744266875,0.22105278084545835,0.2258375182370321,0.2079150616726308,0.3301104093878042,0.3008816315697328,0.17783361643709195,0.20476405945728085,0.2224196677668951,0.28282912484811484,0.8426787267518377,0.13852566814322506,0.2531073089408923,0.39577797167632833,0.280398550421631,0.20394845921116683,0.04511162499617483,0.18580211586770928,0.28895529746436366,0.20658505852162629,0.28901896744710703,0.6224979387265035,0.2549492765984047,-0.13202519817530337,0.30728075665888593,0.22983259920046703,0.22332068407621816,0.2941458381969662,0.1458406730264705,0.432524044084836,0.46219114643865844,0.2389062757103552,0.3160931966449749,0.09221266039439154,0.26329908162998394,0.31141337712088735,0.2452968573248653,0.07545976644065351,0.16493736959829153,0.37390501744362387,0.02599334463926033,0.02635772534543869,0.18602604481772395,0.3698710674414338,0.055077170352049676,0.1619524633690689,-0.3523859914625977,-0.07416894438822044,-0.32091635916371225,0.04926853391142248,-0.0565361384546328,0.27133690255261256,-0.19250588853526687
0.11586176635900945,0.4454711355522306,0.3522985835084804,0.3012054353074134,0.2788982924108367,0.34509084592244643,0.22600899531812726,0.3998006067501795,0.2952440713417973,0.2942388808621574,0.24739928687588963,0.17231026202533176,0.14365260079127562,0.2027297055351634,0.34575951184060794,0.18848043218233737,0.13852566814322506,0.9254761883646363,0.33279735545354533,0.14590149786297887,0.30062177926570754,0.2672156069853706,0.5728430375579913,0.25540498494667363,0.36113080928492536,0.5082856667856799,0.09222957111979262,0.028001517033055198,0.39466171078771556,0.0647571192532791,0.3932229176878949,0.1983380088402814,0.13234775765371748,0.34447113895145676,-0.18770033701603941,0.4964103901068036,0.16800159402473364,0.1372725400004099,0.02435305489176922,0.22277919750138467,0.15967996006508758,0.27508475449830017,0.18677461067330406,0.07610396065457044,0.00398557130466793,0.43098910748828767,0.4824140640995778,0.0344885208063436,0.007569445661329092,0.35932898664695306,0.35070494110825234,-0.19398744168925505,-0.26462096983844985,-0.15062920774836308,0.08738451826396754,0.045758083819949745,-0.21822859706275807,-0.11544066982517673,0.22428604290983142
0.0985938190568255,0.2118426297999449,0.19719730533683272,0.2685918674655812,0.4946011642010797,0.4685242117192702,0.09558914534747925,0.2891624290635662,0.313202885331569,0.1993473518017577,0.2524560034232158,0.24301476204518893,0.17194719490351376,0.24658968720343652,0.2328078615776386,0.24711711144989684,0.2531073089408923,0.33279735545354533,0.8356087308873508,0.16778290300766838,0.2113387552895815,0.3144347787239207,0.2081337980516583,0.2116153605145215,0.25794634245282483,0.2713048688432625,0.14191627692391337,0.2619520444492153,0.20834430955401648,-0.06327511275555965,0.29566059854291554,0.2673075690150356,0.1261875505898024,0.30342934708221747,-0.20350211248316008,0.3900044818060254,0.10135503585779007,0.16314144426979563,0.09214400177580523,0.05767372482915901,0.1547163843230142,0.1846084803655141,0.14857788374969258,0.048041506309605915,-0.03108171800052937,0.33810978973270045,0.1432016582289308,0.019483128292678845,-0.00212761558697141,0.084727004869094,0.22654135006251852,0.46050171676192675,-0.4763989513467508,-0.11428637121831871,-0.09027022186215634,0.019715558035398473,-0.08552925586713059,0.07350477232443636,0.03220324187346648
0.10092009872484889,0.3008483155191984,0.29872638629486975,0.24537316533297912,0.2227003198522434,0.3220616012505844,0.21381440743015584,0.3423719115258852,0.18303831803723572,0.3194022251017235,0.2831427971254661,0.27769751604169024,0.15622958867315573,0.2674520009693282,0.29520106597513884,0.26853748652732634,0.39577797167632833,0.14590149786297887,0.16778290300766838,1.2210627201742232,0.34022709463201223,0.11701803208147425,0.23749489462413303,0.21117509719568078,0.2831217632849539,0.37952066614477786,0.3964224235995726,0.235747310503978,0.5075470112195896,0.6302085581906206,0.20947420715830814,0.2664260593529059,0.20032689015589522,0.5201064262219128,0.1375943294695152,0.4248714487471143,0.7969018447062839,0.5347528148553402,0.42007113191707673,0.4139136479101499,0.47453447927612075,0.3879151116445298,0.4960209697364816,0.11483486479059023,0.22826994665006609,0.6840975627426868,0.4103972297722942,0.031631136697316084,1.0370975440419614,-0.1121778973155326,-0.18363091501027273,-0.2567487544029676,0.2947124083070833,0.07197874174292111,-0.04120106007077533,0.0068582426254351885,-0.07101647257619755,0.06488831710011106,0.023996252592815532
0.11999059957214794,0.24553899019361175,0.2855309696679436,0.23175726845385902,0.23189262259599414,0.32161773348817707,0.19210878153993347,0.2978168584464244,0.2791736813560455,0.21893736754554366,0.2242227086507468,0.21444370173969604,0.15086320773850237,0.23637117708668967,0.21147511318263792,0.23259322595759502,0.280398550421631,0.30062177926570754,0.2113387552895815,0.34022709463201223,0.6173640457360401,0.23200583541382647,0.22372675826212438,0.22856063847414962,0.23763430409202918,0.3041610877592989,0.2220630340169512,0.1606200955902924,0.21173264583625093,0.2956461638563659,0.297912293807116,0.20353841938971312,0.43047090581879643,0.19810949967652292,0.30059237379716075,0.505958317372554,0.48196766724477,0.25954629024419396,0.432600819959848,0.33932594236466096,0.4258577336231104,0.5321086760552931,0.3985841422628014,0.06326431333544309,0.16476796879604333,0.4911498269859601,0.3180836576794747,0.05404463162324794,0.5781686621858627,0.15290541458090692,-0.08261447046929979,-0.26539260839177925,0.139446210361038,-0.025408223828140647,0.0861249840515066,-0.006938664807556573,-0.29803278216183127,-0.11119634252801132,0.4180151192848276
0.1085248269546454,0.21376785277905608,0.29953569034310834,0.247608585146519,0.26530398203554934,0.33978232173498707,0.21131242088573324,0.21545492524540255,0.43831987601192335,0.22540179670315014,0.2226348220248026,0.2194526907051916,0.21191099001233596,0.2647342542442375,0.11910196470488375,0.2862530630646446,0.20394845921116683,0.2672156069853706,0.3144347787239207,0.11701803208147425,0.23200583541382647,0.8644882078783703,0.3025145623339548,0.18598137910954102,0.18524141811876935,0.2471075353755324,0.1995786569834028,0.12755329672992524,0.31956656159797664,-0.03874079869712928,0.1807708767017898,0.30052900227816587,0.16046572410183496,0.3172768136054336,0.0017737453498674913,0.2968341462904868,0.195325262736374,0.13517478583662892,0.2797665582673115,0.09300659976344017,0.14780842189836474,0.21772926202161397,0.303534573789948,0.09860475516317169,-0.029149393484137722,0.3183969067172937,0.12304679048007547,0.019561315124168508,0.321191159464089,-0.140884979523544,-0.03250078270618555,-0.00302862462100772,-0.03891752929864945,-0.009357711457273264,0.00694964955506529,0.0550795595156442,-0.1375308859182749,-0.016387873992060292,0.05352763330493779
0.08056805771812824,0.09981272209236297,0.1481186594894212,0.3076895278310329,0.31718309183127685,0.25643390611092587,0.26121504402167417,0.2759349643229352,0.2385324958394713,0.23508897249371166,0.19308195320982136,0.22852313333516108,0.1548448858412888,0.24750223520569142,0.3687864728444055,0.22094900949202614,0.04511162499617483,0.5728430375579913,0.2081337980516583,0.23749489462413303,0.22372675826212438,0.3025145623339548,1.7907753478179345,0.3036523541218797,0.39371569710132803,0.1564605311763494,0.18759193577878988,-0.4382558278972242,0.5562603846115979,0.3419842626923017,-0.23360015818074883,0.18716324989268007,0.13873989889834212,0.47416221645908524,-0.39391753529963947,0.8017015618933003,0.3637165479726246,0.1210591677931862,0.24088264099754414,0.2555412614660729,0.2935739143721417,0.231125424890226,0.1740440443844405,0.16450651864456617,-0.2725708366645914,0.8211976299358787,0.45161611243094424,-0.005149492325321921,0.32359776127717305,0.03580951217094452,0.05477644086005657,-0.24986203597380477,0.1000919782531921,0.1356889737575765,0.025661926157821507,0.05644791457554066,-0.19706763217548864,-0.11814049299371879,0.14469768455869741
0.08718748190131881,0.09890216959921691,0.23243164891810453,0.20693206520254756,0.17603983392641598,0.2435096547114817,0.15330063914961456,0.1472813197280856,0.2747348171616749,0.19299058192574137,0.19162105054902456,0.15285724011930307,0.15522439099926005,0.2014036176514093,0.21686035125813394,0.20073106304857688,0.18580211586770928,0.25540498494667363,0.2116153605145215,0.21117509719568078,0.22856063847414962,0.18598137910954102,0.3036523541218797,0.9757155863439986,0.23810100436169443,0.11107398233894489,0.1652219314202622,0.278506985905971,0.18573221083640307,0.15430569332295735,0.655992004348882,0.1400496803291833,0.19642342642818872,-0.018824499474895624,0.06293838486375443,0.3869863081441164,-0.0020205631348764455,0.157253808587998,0.11688417485624615,0.22635562062564987,0.23889738639510663,0.2146218925393123,0.1244558217253715,0.09123998095675266,-0.04146200068742201,0.17191672672685304,0.19517384161911389,0.026738679400938475,0.21203863605069287,-0.1152317885837599,-0.016296562917415474,0.10507860873146538,0.0869978940475253,-0.04510220419513548,0.39686482801684336,0.0789502647946727,-0.22344212684268666,-0.5963118140200956,0.5710788093485353
0.10934656665510803,0.2978137626434389,0.26755872352320254,0.25977709641274715,0.25515588618239404,0.3025589128145022,0.1960361134472604,0.34009766704752625,0.14501227595938324,0.27508158588512494,0.2607241504985725,0.28920130280266393,0.1819157804768871,0.2699232941908958,0.3786669816319066,0.28542672546470016,0.28895529746436366,0.36113080928492536,0.25794634245282483,0.2831217632849539,0.23763430409202918,0.18524141811876935,0.39371569710132803,0.23810100436169443,1.1185436497267456,0.2783985006368957,0.23881863723271285,0.07524300008889301,0.6386532457721577,-0.022056619010395434,0.5106756504104009,0.24911155504104027,0.0025612999402778096,0.4908903650566352,-0.13990195929858396,0.5045850777872619,0.1330937601649392,0.18844699497340414,0.14785950766600292,0.07805964839215004,0.12683117447927778,0.237063146030898,0.12296684183631787,0.08655349924324009,0.008813275321139747,0.3658018537510695,0.16800841383127052,-0.005862983024146033,-0.12857008502395426,-0.15058797136840912,0.045818805821620685,0.001302883061079339,0.051392999714294285,-0.008651666759335727,-0.09913574105125499,0.008964687624146735,-0.12303021488514923,0.04784304317845701,0.03686115808779873
0.09093459757161414,0.21602887450549546,0.29381496275259295,0.31892521531617274,0.31692211849131596,0.4625729652806075,0.2162658211810474,0.4957523068185993,0.3654085188388195,0.273874201904154,0.29668123509487965,0.30195090723051793,0.16009088269026117,0.309622749498769,0.2922461212971739,0.2531636511787023,0.20658505852162629,0.5082856667856799,0.2713048688432625,0.37952066614477786,0.3041610877592989,0.2471075353755324,0.1564605311763494,0.11107398233894489,0.2783985006368957,2.141685949848325,0.22832532016434007,0.1547150083174302,0.001495674117151671,-0.19146310347535078,0.46378569848062595,0.454369884180917,0.025274496761918966,0.5235366664911931,-0.1450592362620615,0.5120396192981403,-0.4563584691624338,0.28168401372234514,-0.802324717328566,0.11303171559325466,-0.16209625734949373,0.3103860862358909,0.18143423380004034,0.02653330194108211,-0.12953109224656914,0.26972119409504214,0.12691340552652208,0.0367246694284721,0.3307256914201405,0.6213478338699079,-0.1304976993230581,-0.1957848568204588,-0.34587913073384363,-0.12052026599751707,-0.1112066304499913,-0.0031697980910946628,-0.27241185049103944,0.14379867183670952,0.18478770665695274
0.09641350964045241,0.2556104565912068,0.22673589336363875,0.18629150195961866,0.16960383319991887,0.21783269701139707,0.17592904652278543,0.19888424972288388,0.19455499944273907,0.25438868125784864,0.22533977184174633,0.2988099089847682,0.19302120025652483,0.1961767938416058,0.2103911179464952,0.24728119157897288,0.28901896744710703,0.09222957111979262,0.14191627692391337,0.3964224235995726,0.2220630340169512,0.1995786569834028,0.18759193577878988,0.1652219314202622,0.23881863723271285,0.22832532016434007,0.7509762192116116,0.25326372524378943,0.24410186174804216,0.07494788505345641,0.14883675453056677,0.2480786502754784,0.2266626148976724,0.25628431081689995,0.1840325683827288,0.4601629016812485,0.3549438473460599,0.23505140591015433,0.25837769001954164,0.20741113408118758,0.24733302722838008,0.2412759628587206,0.3731055013312967,0.03695097136739726,0.09697424128562683,0.6079943091299645,0.09750138864980312,0.02521831634793869,0.4678254897196248,-0.18082128734004302,-0.14681445979651925,-0.020508444672265175,0.047628536023820896,0.1909607442058267,-0.010836901906081178,0.022825825795009393,-0.03868469692423988,0.017883567060930097,-0.021162017632308495
0.0284925592385293,0.2188550176633425,0.22138404624854485,0.0670550415606063,-0.05260104735539822,0.1173289329270845,0.04913868134684048,-0.043407623834138855,0.23375871732256026,0.11678766809860129,0.21664234407847646,0.08242741171453326,0.13543000306451627,0.09148832155695631,0.13233909110336498,0.17426059979336506,0.6224979387265035,0.028001517033055198,0.2619520444492153,0.235747310503978,0.1606200955902924,0.12755329672992524,-0.4382558278972242,0.278506985905971,0.07524300008889301,0.1547150083174302,0.25326372524378943,2.2950316336698378,-0.06842547912985754,-0.41152846642976687,0.5067839653218287,0.21972008799650652,0.43857597554688194,0.024769395315353538,0.24954015802634957,0.616061881459377,0.17969607112741015,0.17746205609206406,0.06780648979113939,0.08960078236977757,0.12029074580599024,0.14925011241360064,0.30620867938833585,0.20231731280803836,0.040935807851634004,-0.2816744556256673,-0.17783061018965102,0.056039913980546946,-0.29942403744485807,0.06079983588493956,-0.03526608039229689,1.369382066855887,-1.1969956411128244,-0.09472687640720649,0.5294838879274824,-0.012266202836866356,0.05708148010001186,-0.5077972536638125,0.512277826405279
0.12652051005559348,0.439295923675399,0.381154284982737,0.27032646680095923,0.272132686910173,0.4069600163925416,0.19106524348114381,0.3950863810087859,0.1550220576982163,0.364684943211613,0.33104104137971324,0.2130525899409518,0.36336905898154126,0.2670943479933652,0.3317443469606741,0.3223275573201329,0.2549492765984047,0.39466171078771556,0.20834430955401648,0.5075470112195896,0.21173264583625093,0.31956656159797664,0.5562603846115979,0.18573221083640307,0.6386532457721577,0.001495674117151671,0.24410186174804216,-0.06842547912985754,2.4795388384791175,0.1819643933935129,-0.13839628033767845,0.2508814770869135,-0.2390379216013056,0.5677679139451927,-0.31996200530675134,0.3215621023129431,0.24589614751163777,0.13285362974174045,0.3782446247600998,0.07501776205848189,0.29362386800506,0.22307590736484334,0.15202279614952202,0.0799414093195251,-0.09588552738704338,0.33035109758000786,0.27886182703207696,-0.12315380167176203,0.6633116599363137,0.3570344843586739,-0.5162846871140769,-0.0691889540125633,-0.09326201661200938,0.14660981824325392,-0.041304477288473626,-0.11999499735573932,-0.12716340556779412,0.022298563250126795,0.17149919591182844
0.11942895998004029,0.11158877880805151,0.18888838756855567,0.0894389187792829,0.2209854962920351,0.2547272197501989,0.026359078547836912,0.3852699405704413,0.07566871766584403,0.11097765686796586,0.014955395602390472,-0.040420622055862276,0.04087582568739609,0.19852079906562514,0.20863345343919226,0.06524135648498204,-0.13202519817530337,0.0647571192532791,-0.06327511275555965,0.6302085581906206,0.2956461638563659,-0.03874079869712928,0.3419842626923017,0.15430569332295735,-0.022056619010395434,-0.19146310347535078,0.07494788505345641,-0.41152846642976687,0.1819643933935129,5.134172922070368,-0.4566096678132667,-0.07153366857898943,0.8775763910868448,-0.02993153013985382,0.4921265521459261,0.6845815092043358,1.4732267532312622,0.3478875572593986,1.278421927551424,0.8255278781338016,0.6736816747221137,0.3009626600458228,0.592181187571937,0.1628108517598263,0.41857780614140394,0.5578109313602296,2.587754257074089,0.042575944348855366,2.4817070632212315,0.15297169615263662,-0.49832342422753756,-2.0261520816777585,1.9958590486947345,-0.08120107499950315,0.1994941333690077,-0.1382881602760726,-0.18553574298904316,-0.22763225214133856,0.5185799180273547
0.11219243510250249,0.265061722864567,0.3149180133806352,0.19524395566981145,0.14112375154630344,0.22311181027761331,0.17560762026793997,0.1856389796450124,0.29589172544616354,0.2235917424095922,0.22441400990843152,0.15870385793289457,0.1007371661802273,0.1354468595349673,0.21319505104611738,0.16673933934940358,0.30728075665888593,0.3932229176878949,0.29566059854291554,0.20947420715830814,0.297912293807116,0.1807708767017898,-0.23360015818074883,0.655992004348882,0.5106756504104009,0.46378569848062595,0.14883675453056677,0.5067839653218287,-0.13839628033767845,-0.4566096678132667,2.4820394681576006,0.18973773836408347,-0.018862159872034434,0.003556644505340801,0.02995259812490981,0.39179700189441413,-0.6268396126161303,0.26323890883687495,-0.3146853651052827,0.16054279378961386,-0.08785498005546444,0.2540359523029688,0.005161855651294802,0.10256306763624903,0.24460218950822435,-0.20110105746127568,-0.060998375662218066,0.06367380227168319,-0.9129687087947623,-0.15152235794218008,0.4062048125936517,0.29223762820674726,-0.12215952600141854,-0.3001667578951049,0.2722558777579792,0.11212780719205984,-0.11865487512831387,-0.3782608391011968,0.23114689937235677
0.09742814672282986,0.17572803907227572,0.20960741316730402,0.22670833952287392,0.232959012232822,0.29101768227481356,0.15584177629282395,0.21473780286382743,0.2548018139583069,0.22604974141190126,0.22431213382246185,0.2710138478059844,0.1766711818486198,0.3028179757647071,0.18911136822284372,0.2686543507938798,0.22983259920046703,0.1983380088402814,0.2673075690150356,0.2664260593529059,0.20353841938971312,0.30052900227816587,0.18716324989268007,0.1400496803291833,0.24911155504104027,0.454369884180917,0.2480786502754784,0.21972008799650652,0.2508814770869135,-0.07153366857898943,0.18973773836408347,0.6146326886953289,0.09730532492453231,0.32814442916248443,-0.09602928566928248,0.449421302003703,0.05079345858644721,0.1961044561017108,0.08724735733605943,0.07414810758388561,0.13658007798476768,0.20211358025067422,0.12658777867371054,0.04154855764798064,-0.04667842500301542,0.4048553872230664,0.06627984132671152,-0.00625543207872892,0.34791669510122686,0.011456633323541862,-0.013276147597072057,0.1518725812888526,-0.25971061056234673,0.05493640190951277,-0.2049726810164083,0.003434192542383606,0.26616627864356907,0.21282730188630058,-0.3684741523938658
0.10524740527300777,0.1441224526474371,0.1939651216938743,0.1167045967718755,0.13871921870130055,0.24025701069896063,0.07943589027144238,0.17558735942593948,0.23616111513743995,0.09959588552285543,0.1294994366319334,0.1075310499072211,0.1067208447346757,0.15348083914435365,0.1325893447690207,0.12633307652120468,0.22332068407621816,0.13234775765371748,0.1261875505898024,0.20032689015589522,0.43047090581879643,0.16046572410183496,0.13873989889834212,0.19642342642818872,0.0025612999402778096,0.025274496761918966,0.2266626148976724,0.43857597554688194,-0.2390379216013056,0.8775763910868448,-0.018862159872034434,0.09730532492453231,1.8212715529411634,-0.16488501136261374,0.5189162665892091,0.549727800317585,1.194078165414988,0.2577035816448206,0.5836622066222793,0.19147104469894496,0.43043277312207,0.4172329522903975,0.4483541212650441,0.02183021508506105,-0.16319696368702755,0.6256881161184392,0.5365119380696182,0.012186177232126045,1.0489992442602585,0.4747102231850567,-0.4614711421626339,-0.14085651242575906,0.03407479170805571,-0.04115771567802169,0.4193712417566698,-0.09657456317452863,-0.19218994146864948,-0.4733066775805821,0.7027458381941962
-0.05929441248772939,0.2284243426935501,0.12646193593993127,0.40228680429084707,0.48518707608533646,0.41554814599319806,0.2940775639629346,0.4256957080819193,0.1612987623166851,0.4040337579950737,0.2983844846960294,0.3518939540693602,0.17364123273930518,0.2841266659011677,0.37120511266517403,0.3042433260443207,0.2941458381969662,0.34447113895145676,0.30342934708221747,0.5201064262219128,0.19810949967652292,0.3172768136054336,0.47416221645908524,-0.018824499474895624,0.4908903650566352,0.5235366664911931,0.25628431081689995,0.024769395315353538,0.5677679139451927,-0.02993153013985382,0.003556644505340801,0.32814442916248443,-0.16488501136261374,2.1866252963023576,-0.3262808225084248,0.3562167508948562,1.180927690684055,0.21039232107743613,0.0805996563934036,-0.2842465581682203,0.06667389110477581,0.24606627998070071,0.24309938647136214,0.19278853635966142,-0.3676014682818404,0.1274293424026623,0.18425592149766282,0.062281497628670454,0.31431739001506925,0.20794332974024393,-0.3374563550816482,-0.0974488130866302,0.10700167330460478,-0.07675494493521155,-0.2882060358283337,0.008849820811045473,-0.08946022068311194,0.2588227478426291,-0.14234029997970285
