0.631635442174836,0.22304206564194867,0.25004311943245133,0.029897309813486043,0.2113868032701624,0.07411571070329188,0.1711075750917869,0.08633679849626132,0.1163786404954883,0.12119857501419429,0.09177328408693154,0.11610655624296339,0.09844872206133576,0.11237107226880028,0.08064200550080819,0.09677424554361819,0.06792413097585197,0.12478106093623133,0.13063199781340626,0.050064306204090685,0.1250738348384198,0.14343625599050316,0.06466522265952727,0.07309036633430961,0.1136784572737875,0.07351368872609539,0.1475209068373577,0.06074907748404518,0.08444490583958866,0.07875224945574114,0.1259168806007753,0.10371590032649201,0.11472865690041643,-0.025855440193587608,0.032951473243426815,0.15236677845547247,0.053061237930584794,0.19802950405999106,0.09716884905577165,0.0427501138861338,0.1094025807806721,0.11883655544024282,0.19163869917375106,0.08091174819933779,0.09140396109920482,0.21446758075860184,0.12360472493741348,-0.18087173552702565,0.11737819961021188,-0.06702873482309761,0.07126968726541988,-0.06502948869869526,0.05591331826473308,-0.00015900989702199455,0.06849485036663651,0.039684971545197144,0.0046351726295161206,0.07204391063119028,-0.1641180082873176
0.22304206564194867,3.9916415159343828,0.23061109401014876,-0.32421227762584715,0.14246208397898338,0.2783023033240988,0.06405963929615156,0.23531870114112188,0.11373548434954078,0.21002765658927725,0.05646960489725632,0.10859661018963432,0.11717975602860557,0.05711554688459391,0.05498546785645063,0.04865994839974062,0.0781780449119504,0.26958790900112445,0.20410967281591874,0.2548868945908351,0.3395494235939403,0.06467688694998366,-0.17549551548061473,-0.06179499641823096,0.07944463635477016,0.34577406264160443,0.4242547685176356,0.10833884045448168,0.19020093241420452,0.3147723481839352,0.27253929022597256,0.1714374012503934,0.15539529442092231,0.06367527423086113,0.09794281038292352,0.21759998468097633,0.2547956040531334,0.5320464508805692,0.041115488192557045,0.30770588342395955,0.3655941506732744,0.3385036767385113,0.6945541274582663,0.08545489363160817,0.34985126793252896,0.44842044490082333,0.34786813518846665,-0.44426136859663523,0.5227411389737444,-1.0221418570426388,1.3679011259530962,-0.6550445877503505,0.13435193338630344,0.05706173165953229,-0.7727782786984255,0.05557386457167241,0.02416097239393112,0.649307824840995,0.023354289001569866
0.25004311943245133,0.23061109401014876,2.257803166383519,0.3931707395178143,0.08816982582409928,0.221658805916092,0.19691100868773764,0.6437705233272704,0.4709311701518777,0.2941946672958827,0.41584536929328175,0.35069216015590293,0.3397176816129626,0.2653316584492537,0.39925287463141357,0.2036914621646769,0.3583944175917582,0.40286458292717053,0.28597861422724014,0.27396639798024836,0.34648222056848405,0.3076132192006507,0.1699637058188174,0.1780417402733137,0.3171916062327182,0.2805829625790193,0.5010384975279875,0.3150176323011002,0.3037811581435429,-0.2628496162447495,0.36069476442868076,0.3129709027987927,0.392513313848967,0.33497395986857015,0.20047581249849278,0.6065832234710963,0.30469839752979283,0.31529249147326005,0.3905745281938411,-0.3803206835861471,0.260146076119333,0.3490689342299215,0.36895619555465653,0.09179137005145335,0.09226627926012829,0.6821851569738262,0.17403025250802376,-0.5059678350939774,0.11401660303694629,0.10882198397624189,0.061476618581292344,0.16527527989298196,-0.10741261664976448,-0.21338687450383367,-0.2048958039337726,0.02444153364902419,-0.04086264979935152,0.4223301472155874,-0.4033617349156421
0.029897309813486043,-0.32421227762584715,0.3931707395178143,1.764813601639877,0.24109423544341882,0.28733370728311736,0.41109674274878594,0.45190665604694097,0.23283834188110938,0.2807145022064178,0.37664914472197614,0.41836376111288825,0.3364067406037722,0.41314887700223935,0.30865225542690305,0.35469133681191933,0.3633195415586938,0.3474488351453592,0.21780642175806972,0.28837355163048795,0.2854146217491443,0.368443262675213,0.2956261551637128,0.21905638058177845,0.36063141640647534,0.340859854648655,0.4035440708501768,0.10487466767145494,0.25199172851898044,0.2787814675747682,0.2788581724283019,0.3153569894061557,0.25970532027960214,0.5106527863407964,-0.07308562112293754,0.36878399091099434,0.40105860455576736,0.41953992753081415,0.3804092690237607,-0.018090173657134466,0.392721018360583,0.2745626245713935,0.3105836439597326,0.5236209124117484,-0.050092259939486544,0.3213278672444336,0.3393403893540624,-0.12491357109611811,0.5800981755643542,0.29608556257739144,-0.3083365460083705,0.38255108287221895,-0.13108317348888485,-0.2731260354572939,-0.2843567866394908,0.044200872830165,-0.15478143397046704,0.4301615815420585,-0.24943694983239087
0.2113868032701624,0.14246208397898338,0.08816982582409928,0.24109423544341882,1.326896494715625,0.35172088399294377,0.15445476407341327,0.2741118397243145,0.26391371336083846,0.15577557276501136,0.1804410017763369,0.15389435889594155,0.22924525970264426,0.2217556436829763,0.1651205522795831,0.2788731405737864,0.2600465621579757,0.30650995561393013,0.5943482472458084,0.2648560397898489,0.23801282780057925,0.3604972458730015,0.21256736338068455,0.14391551766581354,0.16866596065573736,0.24754707491133143,0.4161274526756347,0.05603196736370512,0.17253729877425114,0.3376931994676077,0.27250544844521507,0.21308511577382888,0.22820712514470476,0.39738557776951466,-0.07506447587448972,0.251095805939008,0.42722386785532496,0.406870774952005,0.28969317907963515,0.05350962804250376,0.21935929946183752,0.24050292098903617,0.4646817590084993,0.23234529388942898,0.09886808836133722,0.28713119703412854,0.3508967071980739,-0.1320872912974915,0.4750652059183904,0.3210556629137162,-0.005161512226853501,-0.17571212584322043,0.03286351101096096,-0.16425933172380666,-0.1702105385463929,0.05341307629423944,-0.19850307290488797,0.2556770182246397,0.018962232336563897
0.07411571070329188,0.2783023033240988,0.221658805916092,0.28733370728311736,0.35172088399294377,0.9902870704358527,0.1121309086180504,0.27285843181368596,0.19308390189273564,0.205661032880993,0.24574779330544508,0.21043219970352797,0.2667399980020801,0.21138898294706054,0.18444999494023892,0.25321937740776335,0.3662028251842449,0.2625364990001569,0.5096212878585001,0.3916039704827587,0.2830152674187497,0.485977177394225,0.22687834727906644,0.18920662159990548,0.27265264727742305,0.2637706046665898,0.41800892296912917,0.0895197547891656,0.5126842794570442,0.23122493532177768,0.24025091563227907,0.2713825370196108,0.017145318801476638,0.39417517893805143,0.09463502177411295,0.17050862828335298,0.4075362977866623,0.40976489347691253,0.33099033844454673,0.08113865124138638,0.08289736580748462,0.28782227629181323,0.5831981212879016,0.3465060348318479,0.363684178541176,0.17732534405538392,0.30099078594571704,-0.03731600527604519,0.2853151286009943,0.38565467166516826,-0.4623993149599096,0.166856703872715,-0.12076309423383617,-0.03807879795485882,-0.25338380151971385,0.03193264316759255,-0.16468212969597282,0.33701042839570544,-0.03938281567243413
0.1711075750917869,0.06405963929615156,0.19691100868773764,0.41109674274878594,0.15445476407341327,0.1121309086180504,0.6812181352147476,0.09343749993119468,0.33524276695559624,0.23487682870034454,0.22988422617037407,0.2975689967681539,0.231418749902847,0.14561558287304355,0.1703207375854563,0.18234141750635838,0.2041284012227532,0.2557786582588666,0.15162693941186808,0.13352905464169726,0.23179845185086143,0.29558487383042653,0.2150318460528951,0.20302790503289941,0.22937087523260136,0.2850270806542065,0.2578471541263763,0.06718084625222896,0.10493655489756064,0.15964047604143305,0.23298158160178034,0.21774564861966736,0.17958563442608508,0.30477689522000484,-0.010300852253530402,0.2569247222033302,0.09974508541100004,0.2631267652376854,0.18255870322966514,0.06002504099100953,0.2639642187937769,0.22696021976153957,0.26598184016718646,0.20351629964351076,-0.08634940527546713,0.2817335857491898,0.2457935654250258,-0.19885306483999649,0.4254415146381172,-0.19386114215930123,0.08490568010302404,0.015554151190772076,0.06446749098661526,-0.041570948477869164,-0.011141042352089075,0.16610299539262974,-0.0967307354730168,0.03176923355789684,-0.1323532014536867
0.08633679849626132,0.23531870114112188,0.6437705233272704,0.45190665604694097,0.2741118397243145,0.27285843181368596,0.09343749993119468,1.3631692052953595,0.0644625225515349,0.2337729472193208,0.4367103715231657,0.27161889474181017,0.3959137201456314,0.32172006109652485,0.23447302844581422,0.2680311362246105,0.4579183996878845,0.3782218362529776,0.2634706869843433,0.3966597347355035,0.2670521246175962,0.273940278707118,0.1915060744363081,0.06940235786883468,0.3201929645075906,0.3053199627267776,0.5043573984662906,0.3670788773334642,0.32582732800242137,0.1959987214510098,0.23913259163916237,0.2896492452503526,0.3612792386235077,0.4097881414799204,0.36227578771350977,0.2911783907033276,0.49641868151560214,0.2484696790557133,0.5931781339884099,-0.029297027073294766,0.3115951877216825,0.2743340966377712,0.4659607031768897,0.1466656046528176,0.04303937619210242,0.42910295523384245,0.3413640160732298,-0.2258033450597738,0.566518684270637,0.3097018941261414,-0.07415368303670943,0.06572404175927703,-0.08093868066075452,-0.17228191663135883,-0.4149623872463745,-0.15944985408170656,-0.02119645454476058,0.7431794256954604,-0.31686918419356974
0.1163786404954883,0.11373548434954078,0.4709311701518777,0.23283834188110938,0.26391371336083846,0.19308390189273564,0.33524276695559624,0.0644625225515349,0.8480176179244237,0.18188125444828473,0.18634684933351703,0.15910536632260855,0.25556739413422447,0.24568119624255952,0.18457820889698193,0.16823309084237034,0.18591324915706936,0.27754593972490516,0.17035483295913134,0.03853803692818919,0.2913407486031121,0.27310144233189115,0.18834339197896863,0.24877516946453831,0.20049897200963798,0.4231724548084697,0.39291695874142274,0.11437865942884741,-0.057379924038907244,0.17710266963999835,0.31339297703716534,0.19708288670597526,0.2748300986665833,0.09424821724378973,0.0541449722771876,0.29592613524162087,0.026094407306040204,0.3344650030314138,0.1798359384572251,0.067583756999438,0.23264748509633715,0.2841853995376303,0.39602463442746727,0.15200197051470993,0.00724014976448172,0.4000246476271657,0.27721071774821343,-0.34267970872153924,0.6957367350931014,-0.12776204788512785,0.18582472942572434,-0.29009144377689805,0.21678372288638642,0.009800996293916127,0.0013742087848136945,0.33292356901590886,-0.20450419157249067,-0.04748723118014518,-0.06411682660273499
0.12119857501419429,0.21002765658927725,0.2941946672958827,0.2807145022064178,0.15577557276501136,0.205661032880993,0.23487682870034454,0.2337729472193208,0.18188125444828473,0.5495044590725012,0.22357631461130462,0.24651484249179542,0.24585014557467494,0.15050305163986472,0.23813480863396586,0.18295632452343696,0.24338486026183936,0.2606748419151683,0.18564710173672574,0.12583535781939043,0.17503307553073114,0.2725870887414033,0.2712612351168946,0.20590464767684952,0.24169151221540872,0.20886512864346102,0.22260462930553948,0.11541979647305034,0.24717600943266296,0.17090325325738312,0.20980525313382592,0.19069035846897028,0.05714682814363162,0.41222019751451877,0.16865307590330175,0.30216883468535954,0.1642575464829817,0.16757706366091757,0.21109393377216398,-0.0032339202333272906,0.3065988610232227,0.17685977197958042,0.17614126962879828,0.1586135939582647,-0.14361753042986108,0.3037747383027382,0.2492970717060468,-0.24301524649342504,0.3259961290200368,-0.07267714264609604,0.081617305508597,-0.05771364534233862,0.011558461903926509,0.030428698231425324,-0.07951040395346452,0.12721269594866338,-0.03714886446717561,0.10339126367612973,-0.1627352258266749
0.09177328408693154,0.05646960489725632,0.41584536929328175,0.37664914472197614,0.1804410017763369,0.24574779330544508,0.22988422617037407,0.4367103715231657,0.18634684933351703,0.22357631461130462,0.5042304327801884,0.3498290801570237,0.31129973653813336,0.21636731487988425,0.29424224867178056,0.23730641045945214,0.3246831958858815,0.26114463144261063,0.18098975729964004,0.3003964699016069,0.25218448108877506,0.23023096962660092,0.17134590727200855,0.17318832520815208,0.2760245082065002,0.24752001547544136,0.37749304568935715,0.24410445113768448,0.24497799361972164,0.2015220182750706,0.2555978704074287,0.23058535213527115,0.2719557964595452,0.2807801752273858,0.2715041378174001,0.2748338736528527,0.284850271156773,0.25437761616602056,0.38845234134164325,0.01333093506985123,0.2268553142438482,0.2525980158410096,0.3840005971883503,0.13032403927216177,0.04259001441268811,0.3554264592217307,0.2809303759165377,-0.20175786029794937,0.4602890521256266,0.0729346327933743,-0.11112262896205863,-0.019130022820245708,0.10505574806315036,-0.03747514439248795,-0.176101893821379,0.023336893526169394,-0.12479106338359162,0.2791280475655124,-0.11318645064429751
0.11610655624296339,0.10859661018963432,0.35069216015590293,0.41836376111288825,0.15389435889594155,0.21043219970352797,0.2975689967681539,0.27161889474181017,0.15910536632260855,0.24651484249179542,0.3498290801570237,0.717493676226877,0.2576104096973765,0.24032569990549132,0.24402585188937156,0.2870519875282554,0.2508941022127809,0.15469193977118087,0.19173120883659406,0.2566318834695987,0.2019260469121146,0.19940810710094375,0.1103850768108644,0.16279924549327585,0.30905313098750015,0.3143462904480178,0.32240605171191256,0.13636178054271447,0.09533433105821885,0.16937844412826228,0.2078233117422651,0.3012316385838522,0.21671302851237245,0.2781117391358181,0.06564377199321954,0.2803712432608065,0.11276837354563715,0.2768999715748953,0.21474204235825703,0.0076543330684881,0.15929085272126614,0.1986333897566573,0.32870717270200167,0.16169097571464033,0.029913407971517068,0.30352381861044525,0.20144013333005314,-0.15191467494876876,0.31041966565935775,-0.25896674085326543,-0.06210063428290046,0.35135006148266895,0.020767334544386645,-0.07847085376487148,-0.15975762879706903,0.09708478381134518,-0.08584139634030293,0.28821043962062376,-0.2932632735518806
0.09844872206133576,0.11717975602860557,0.3397176816129626,0.3364067406037722,0.22924525970264426,0.2667399980020801,0.231418749902847,0.3959137201456314,0.25556739413422447,0.24585014557467494,0.31129973653813336,0.2576104096973765,0.5489480021837132,0.23839583937895756,0.16135451619280852,0.25138477147120813,0.30479934218142096,0.27204083952618097,0.22521390794229867,0.1787706265796948,0.2612615122727065,0.3862733202010413,0.20988137983546715,0.17883272653205604,0.24508780984770911,0.23239994626059365,0.37003694667713993,0.2725238723031697,0.2842951449299926,0.21927707297869828,0.2275972856042829,0.27485361420598386,0.3061208594366336,0.2868012901321385,0.2586766736211176,0.23586521950427827,0.2663264457011075,0.2423659868897317,0.3951056645550215,0.032525166703464795,0.24536482901563333,0.26107505173741397,0.42516553747236724,0.1908974328025998,-0.01616361335953126,0.35609755952594246,0.3008160249598784,-0.2304073087361359,0.5069746980130948,0.1497656538684729,-0.10717510116620191,-0.032037441699648256,0.018877425945483,-0.02826447003023846,-0.16011981646621906,-0.03164680523513235,-0.13930133149026455,0.1721860237040614,0.0876190309979898
0.11237107226880028,0.05711554688459391,0.2653316584492537,0.41314887700223935,0.2217556436829763,0.21138898294706054,0.14561558287304355,0.32172006109652485,0.24568119624255952,0.15050305163986472,0.21636731487988425,0.24032569990549132,0.23839583937895756,0.6152250427166766,0.23690225916169216,0.3419900331824662,0.23390401128274108,0.18238477740669234,0.19288603729043785,0.2350220875022957,0.2179014829063768,0.20749413386052656,0.11236502020786591,0.1297462268491406,0.22034983511034517,0.2975618969924189,0.37076998120271,0.18282086265185513,0.1675862532307469,0.2642652318632938,0.21359449908689326,0.20146448423589217,0.18034138781384995,0.16916191100948758,0.13721399482216606,0.2997298231407848,0.24769512064386037,0.27880730384237007,0.2078514860946946,0.06813544762339302,0.32701050509316326,0.21360609389948862,0.3840031819434913,0.15840125086976845,0.02698775669484361,0.35591548679523044,0.24791656609070073,-0.253508831876208,0.5618060026104715,0.14798279394359723,-0.018282540035102032,0.13908233686709248,-0.13548861627104844,-0.10094555796848094,-0.25161615569286944,0.06391456883061981,-0.21666796739077424,0.4106232003018197,-0.06993576710890906
0.08064200550080819,0.05498546785645063,0.39925287463141357,0.30865225542690305,0.1651205522795831,0.18444999494023892,0.1703207375854563,0.23447302844581422,0.18457820889698193,0.23813480863396586,0.29424224867178056,0.24402585188937156,0.16135451619280852,0.23690225916169216,0.8378338900324975,0.21966782387210254,0.2630429913227566,0.29221627277440504,0.1647624980456894,0.32297654733526615,0.2645046996356763,0.0587281270839734,0.11094443199458602,0.16009560703603867,0.29451503536726265,0.17744398199707836,0.44795215530607846,0.2517194725863614,0.27573393421212594,0.20142844653878586,0.301858081836447,0.10418415429925527,0.24033066662717495,0.27502703959077446,0.18194402233397347,0.34726374212985406,0.41656557498066654,0.1303084061290077,0.31641960599224483,-0.041053390714297706,0.2852745412408895,0.26133856398771177,0.34425127236590297,0.021226581525661592,0.019680339192482674,0.35687166790604297,0.2701726331508868,-0.16992562704262715,0.47512396895317566,0.27867917393926844,-0.24556165620910472,0.3423687853246209,-0.21146537859324552,-0.17459952612906254,-0.13803582481010074,0.1810742406134721,-0.31109573061310525,0.20918834988043414,0.03119526927078743
0.09677424554361819,0.04865994839974062,0.2036914621646769,0.35469133681191933,0.2788731405737864,0.25321937740776335,0.18234141750635838,0.2680311362246105,0.16823309084237034,0.18295632452343696,0.23730641045945214,0.2870519875282554,0.25138477147120813,0.3419900331824662,0.21966782387210254,0.6930377765515774,0.31894647664316694,0.2184345265136488,0.25220840189544763,0.23003866664362865,0.23128959968213816,0.28894333746112894,0.1256371437168378,0.14674815706912148,0.26912625152047515,0.24557213875119152,0.4539903783381542,0.2686773836018002,0.22737201304360863,0.26117865896963777,0.21680440348329674,0.25440261696850824,0.23791545153836594,0.2433318167922017,0.28588280789860904,0.28868048820146736,0.26779763481928975,0.2304685378576075,0.2820150159976775,0.10056292379267091,0.28683990674498505,0.22749666704157998,0.4746007058655196,0.13807726169890308,0.03540428942215677,0.33242741336076626,0.26895994476299706,-0.21032785980073318,0.4981689260906994,0.05704620951021213,-0.08703844119536035,0.14296848346655072,-0.02099009907130341,-0.057638296661549134,-0.19797042978404694,0.07097197884601388,-0.22664172289125756,0.3645242194724109,-0.0670986488569756
0.06792413097585197,0.0781780449119504,0.3583944175917582,0.3633195415586938,0.2600465621579757,0.3662028251842449,0.2041284012227532,0.4579183996878845,0.18591324915706936,0.24338486026183936,0.3246831958858815,0.2508941022127809,0.30479934218142096,0.23390401128274108,0.2630429913227566,0.31894647664316694,0.7618229075991172,0.33078534767438483,0.32626469926019586,0.3745584201228312,0.3386205332304143,0.4159272201472538,0.17241874602325488,0.1638670832361553,0.318658230869416,0.1722122675202582,0.6622258609422753,0.43667524027780735,0.2979727632402465,0.36260927287246286,0.3335165851835889,0.269952740118377,0.478598109313756,0.3286870726973213,0.35285869508166073,0.3137875998792871,0.5792420663722299,0.4187896505107041,0.4623775522002978,0.02281447052861964,0.2634929747713981,0.35661069816569857,0.7321924648108015,0.19719885051022834,0.2275538796335005,0.4251362856515267,0.4220077493683908,-0.2224181987370821,0.5237128251288323,0.1540631901988559,0.00487626203075277,0.0059857204277943095,-0.08197755225202549,-0.12264178321570547,-0.23464876047956731,-0.03854976597927978,-0.16637338020165807,0.32406630907211076,-0.02030911405422371
0.12478106093623133,0.26958790900112445,0.40286458292717053,0.3474488351453592,0.30650995561393013,0.2625364990001569,0.2557786582588666,0.3782218362529776,0.27754593972490516,0.2606748419151683,0.26114463144261063,0.15469193977118087,0.27204083952618097,0.18238477740669234,0.29221627277440504,0.2184345265136488,0.33078534767438483,1.0105953135219412,0.3522576458715279,0.18700586798503138,0.3987530613830643,0.2987345740413602,0.5160342733065867,0.1290372787089464,0.2667421421137365,0.3294788987379035,0.5840750269990682,0.2641322118547683,0.3788556226576014,0.14918470368347622,0.46651344711744813,0.235141303666603,0.2914596782948934,0.35628869909717437,0.10526832964436128,0.49998494556905904,0.3110610358596825,0.311652821736022,0.3023263964346302,0.20734946483444744,0.5395193451009391,0.40036917782564974,0.5200239284451084,0.09479255570127222,-0.05660280542660215,0.6772908077793651,0.5698514900733651,-0.5005119563143923,0.6053942885330743,0.1320168393550901,0.616744135407814,-0.26603089194568313,-0.36488667747068054,-0.1885523815699742,-0.16736046500306884,0.10248676278145911,-0.11473255015263738,0.2967040514739496,-0.11750666678917888
0.13063199781340626,0.20410967281591874,0.28597861422724014,0.21780642175806972,0.5943482472458084,0.5096212878585001,0.15162693941186808,0.2634706869843433,0.17035483295913134,0.18564710173672574,0.18098975729964004,0.19173120883659406,0.22521390794229867,0.19288603729043785,0.1647624980456894,0.25220840189544763,0.32626469926019586,0.3522576458715279,0.9657029968894155,0.3715617800236871,0.2776537903767663,0.4433904634722354,0.07338319131615471,0.10756958390898044,0.13299488904676607,0.2123792971714342,0.5083500162970763,0.16427288304342347,0.13299933793808796,0.3170747554491554,0.3677405550616586,0.28461358766355566,0.1804428649058007,0.334266434297159,-0.012331341191965895,0.36609097218654846,0.22005562768163836,0.493498381913108,0.22024235383278604,0.1108536784591679,0.17709418114977618,0.28116673955898935,0.604402467947247,0.2082984589827231,0.30388981261417897,0.38939140305764375,0.3495363337352975,-0.24708753960753566,0.18679844492669187,-0.22176542580209294,0.5346223431314892,0.21602185877099425,-0.34525459732707336,-0.195602108327703,-0.1884815110549003,0.06105086933725934,-0.1370080032144789,0.2620174112101781,-0.0480545293022565
0.050064306204090685,0.2548868945908351,0.27396639798024836,0.28837355163048795,0.2648560397898489,0.3916039704827587,0.13352905464169726,0.3966597347355035,0.03853803692818919,0.12583535781939043,0.3003964699016069,0.2566318834695987,0.1787706265796948,0.2350220875022957,0.32297654733526615,0.23003866664362865,0.3745584201228312,0.18700586798503138,0.3715617800236871,1.1222095374355774,0.1556734907174101,0.01992347456560569,0.28483930089935383,0.182383628043707,0.2736133566922583,0.18590342971691493,0.3312696742404708,0.22493363344164272,0.6563175604377524,0.2518723842570563,0.17903790243151865,0.16756534966164477,0.11117002509932442,0.44020167256094095,0.2476367772221026,0.22383901267054931,0.556721251747306,0.20736221771304755,0.29837014916701476,0.13702592143661615,0.33258471044002436,0.1594684711393522,0.347802912421173,0.09082775188618664,0.03451480856302105,0.34281704345063907,0.27918539032880607,-0.07162523146409965,0.5330157862786766,0.10837980140448336,-0.23085245364919724,0.523094054998683,-0.15602212458772177,-0.1838838423811963,-0.23500359591901637,-0.02168581397162191,-0.17682130073654045,0.29204725917969043,0.03400772022562721
0.1250738348384198,0.3395494235939403,0.34648222056848405,0.2854146217491443,0.23801282780057925,0.2830152674187497,0.23179845185086143,0.2670521246175962,0.2913407486031121,0.17503307553073114,0.25218448108877506,0.2019260469121146,0.2612615122727065,0.2179014829063768,0.2645046996356763,0.23128959968213816,0.3386205332304143,0.3987530613830643,0.2776537903767663,0.1556734907174101,0.5490609010954052,0.29793036563435116,0.15385997788708455,0.1438043173929562,0.26442610510649306,0.28285116088712936,0.6189017421567511,0.2737728760299358,0.13333206666604522,0.35108625903687024,0.38643151852570345,0.270637863547166,0.4048388011911081,0.11367843048793291,0.12520888742666866,0.4282079899306503,0.30889969773842135,0.5161486497811154,0.38330433978609524,0.1709871185190946,0.3609463775297167,0.541013401021725,0.8011083049628721,0.18247257410521497,0.3413000915853628,0.5371519778730386,0.4440567955975584,-0.361306918569786,0.5443190639528641,0.05625870413061054,0.11130434765106655,-0.0016826907122593924,-0.08893236702278436,-0.10911919989613512,-0.13663236254768946,0.0721468720253852,-0.18759292817064568,0.22473071801732358,0.01371245783250875
0.14343625599050316,0.06467688694998366,0.3076132192006507,0.368443262675213,0.3604972458730015,0.485977177394225,0.29558487383042653,0.273940278707118,0.27310144233189115,0.2725870887414033,0.23023096962660092,0.19940810710094375,0.3862733202010413,0.20749413386052656,0.0587281270839734,0.28894333746112894,0.4159272201472538,0.2987345740413602,0.4433904634722354,0.01992347456560569,0.29793036563435116,1.843312876519532,0.18787982889918328,0.15924731905257244,0.23435581160635807,0.18742067154346506,0.6020654838512269,0.28198304119857776,0.27133150413473467,0.31686329513504047,0.29438074752214394,0.5009501580463354,0.4193750339680084,0.4110172603062395,0.14938033248037277,0.05233491421512216,0.3937937997453322,0.610407236417831,0.4309891938652173,-0.08055280011520088,0.12729079825505338,0.30544116150968337,0.9409354187014888,0.40160132918649805,0.3298946393553178,0.28269324418273395,0.38909563996020746,-0.2361748433272668,0.18570609298629354,0.2477056589820691,-0.14948456352969705,0.03713293475235015,-0.0757877193481264,-0.11312086827654855,-0.18102972660305275,-0.014799091224039225,-0.11159812468431417,0.21249550038787743,-0.028973685026089456
0.06466522265952727,-0.17549551548061473,0.1699637058188174,0.2956261551637128,0.21256736338068455,0.22687834727906644,0.2150318460528951,0.1915060744363081,0.18834339197896863,0.2712612351168946,0.17134590727200855,0.1103850768108644,0.20988137983546715,0.11236502020786591,0.11094443199458602,0.1256371437168378,0.17241874602325488,0.5160342733065867,0.07338319131615471,0.28483930089935383,0.15385997788708455,0.18787982889918328,1.5093463877908382,0.41618391611233624,0.3765713332934681,0.09750736966396652,-0.23396809976719316,-0.08185599084334137,0.8839491539882837,-0.22151435186955387,-0.2081513709084405,0.09045451094544381,-0.0659599702729801,0.5175438883087845,-0.0006693485337495804,0.19077736891207553,0.05079017329914397,-0.3224241709766355,0.2407458006942197,0.12176397480397894,0.32763728761279964,0.15729600973805236,-0.2140623669895262,0.06962153418996779,-0.5957387005996388,0.28924177208615826,0.23188056543415933,-0.12375880549585494,0.4321092015819588,0.3509990656154397,-0.2812626421171638,-0.19491417963882263,0.17017433657904438,-0.06363472560938069,0.05474043408305815,0.05652457522546163,-0.0771728735773472,-0.06391675913626314,0.004155658899161896
0.07309036633430961,-0.06179499641823096,0.1780417402733137,0.21905638058177845,0.14391551766581354,0.18920662159990548,0.20302790503289941,0.06940235786883468,0.24877516946453831,0.20590464767684952,0.17318832520815208,0.16279924549327585,0.17883272653205604,0.1297462268491406,0.16009560703603867,0.14674815706912148,0.1638670832361553,0.1290372787089464,0.10756958390898044,0.182383628043707,0.1438043173929562,0.15924731905257244,0.41618391611233624,0.6117006593907491,0.2540888404151445,0.17451551779281457,-0.06851498541017018,0.10140449069935792,0.2802296504578098,0.22535280668569374,0.2337158733916078,0.1327496212838796,0.10106748153522213,0.29728768494060115,0.1630637702095353,0.3161638014884,0.08152292350580138,0.07395479819902766,0.18861162547594454,-0.06293381085577358,0.14775451993593353,0.13428347201409363,-0.10624116089347052,0.06871424345048467,-0.2365228909102741,0.259092837321453,0.2109610525700821,-0.12240382884893407,0.49117055699536427,0.0318911027449241,-0.22122924814469838,0.042343941039223204,0.154769581411197,-0.0010995700163239986,0.043930697574589186,0.20481386604414523,-0.04265589156999247,-0.21676560546260557,-0.01811218850281384
0.1136784572737875,0.07944463635477016,0.3171916062327182,0.36063141640647534,0.16866596065573736,0.27265264727742305,0.22937087523260136,0.3201929645075906,0.20049897200963798,0.24169151221540872,0.2760245082065002,0.30905313098750015,0.24508780984770911,0.22034983511034517,0.29451503536726265,0.26912625152047515,0.318658230869416,0.2667421421137365,0.13299488904676607,0.2736133566922583,0.26442610510649306,0.23435581160635807,0.3765713332934681,0.2540888404151445,0.9294891658871575,0.19826007860828992,0.4987890420511132,0.19809787451722483,0.3909340717718666,0.3995018356355675,0.1903269448845057,0.21228273863981925,0.2323082974237369,0.39037866373721974,0.24032206865057612,0.38513265896560633,0.41637788469357595,0.33520516694311703,0.3979359820796376,-0.02605434743765526,0.39365417357202526,0.26887815565896944,0.47649289786390536,0.27058092053093985,0.01957711878556336,0.5098617943682294,0.3616808163240692,-0.33958228009792996,0.31294115471335693,-0.007050463874103381,-0.49326218690129264,0.3497892428869609,0.1561614842465466,-0.08872432835298982,-0.14328074095938223,0.1306374442089364,-0.10885062561789,0.21951935754179233,-0.17782284311113133
0.07351368872609539,0.34577406264160443,0.2805829625790193,0.340859854648655,0.24754707491133143,0.2637706046665898,0.2850270806542065,0.3053199627267776,0.4231724548084697,0.20886512864346102,0.24752001547544136,0.3143462904480178,0.23239994626059365,0.2975618969924189,0.17744398199707836,0.24557213875119152,0.1722122675202582,0.3294788987379035,0.2123792971714342,0.18590342971691493,0.28285116088712936,0.18742067154346506,0.09750736966396652,0.17451551779281457,0.19826007860828992,1.6095886159045962,0.2936338614528473,-0.08003887319010997,-0.42944171822060545,0.1999725824265118,0.34535910864382097,0.47178359935981257,-0.006559224416902979,0.20832706172825013,-0.18410500166634433,0.1638393349799182,-0.3937599974891098,0.47356873330201643,-0.35042999838036687,0.22410602085280112,0.6591202424459782,0.2862681344513507,0.398039670753041,0.1268060050950447,-0.33709661581710637,0.4955905559413907,0.31040658404274196,-0.5230324389351838,1.1463675455849864,-0.18637515950090625,0.30141056818817846,-0.10096578131593374,-0.13349239313402242,0.03997902436212241,-0.3077874956119311,0.251925273620409,-0.08153574600450642,0.38796525291830253,-0.3441181629729693
0.1475209068373577,0.4242547685176356,0.5010384975279875,0.4035440708501768,0.4161274526756347,0.41800892296912917,0.2578471541263763,0.5043573984662906,0.39291695874142274,0.22260462930553948,0.37749304568935715,0.32240605171191256,0.37003694667713993,0.37076998120271,0.44795215530607846,0.4539903783381542,0.6622258609422753,0.5840750269990682,0.5083500162970763,0.3312696742404708,0.6189017421567511,0.6020654838512269,-0.23396809976719316,-0.06851498541017018,0.4987890420511132,0.2936338614528473,3.639047096888401,0.8057586559717529,-0.37911586463105257,1.400443710495302,0.762286176734936,0.486028190292542,1.3891487160813698,0.15593729078992505,0.2725200349161258,1.11276383664732,1.0038304730309127,0.896206774122141,0.6572032604632722,0.02608205320462329,0.5910244170359796,0.6583253808938995,2.5398587945974813,0.1169176943466084,0.33667474544068227,1.1459549775752396,0.8402427763818731,-1.0251867685290526,2.2644457720824036,-0.17667750820149017,0.12726568951442319,0.3586750075924341,0.007871306929215454,-0.28599620199015874,-0.44469116996092917,-0.004797963804212695,-0.25190286462504696,0.5563709635451446,0.19062101378391821
0.06074907748404518,0.10833884045448168,0.3150176323011002,0.10487466767145494,0.05603196736370512,0.0895197547891656,0.06718084625222896,0.3670788773334642,0.11437865942884741,0.11541979647305034,0.24410445113768448,0.13636178054271447,0.2725238723031697,0.18282086265185513,0.2517194725863614,0.2686773836018002,0.43667524027780735,0.2641322118547683,0.16427288304342347,0.22493363344164272,0.2737728760299358,0.28198304119857776,-0.08185599084334137,0.10140449069935792,0.19809787451722483,-0.08003887319010997,0.8057586559717529,1.700927865122509,-0.0037313619279564585,0.4112956591433866,0.42305558643691055,0.17185905546864838,1.1775944126166946,-0.015010270348497437,1.580249493445918,-0.026633534235114123,1.0765649913146227,0.23880191549426075,0.49545722410550247,-0.1723243948860536,0.14058779853205075,0.2415176497906926,0.9761873363308504,-0.05089039854940798,0.16507095615104586,0.2762387909432846,0.4133334982576489,0.11942736576813913,0.7034700298969232,0.4466670844499336,-0.3538445344863541,0.7053174202100673,-0.7223263444068078,-0.057931617618696266,-0.03786044868273067,-0.10388171539538713,-0.17535128558001067,0.15882834594683767,0.26615102804983704
0.08444490583958866,0.19020093241420452,0.3037811581435429,0.25199172851898044,0.17253729877425114,0.5126842794570442,0.10493655489756064,0.32582732800242137,-0.057379924038907244,0.24717600943266296,0.24497799361972164,0.09533433105821885,0.2842951449299926,0.1675862532307469,0.27573393421212594,0.22737201304360863,0.2979727632402465,0.3788556226576014,0.13299933793808796,0.6563175604377524,0.13333206666604522,0.27133150413473467,0.8839491539882837,0.2802296504578098,0.3909340717718666,-0.42944171822060545,-0.37911586463105257,-0.0037313619279564585,3.193920392075675,-0.7576975498420796,-0.20407147889464702,0.035426417934552486,-0.5231045578649108,0.7756823303773048,0.27650849580542647,0.619409880192441,0.010172986613547345,-0.7843209164970631,0.4645336959677873,0.048012337416877174,0.8593931282505993,0.12278393653880607,-0.9044193851039982,-0.2936091065946329,-1.1393052134322617,0.3872360348099953,-0.06660865852843216,-0.3452489970021775,0.3894904187602477,1.4612717045567811,-1.4048977718068065,0.5090886869934678,-0.5029657726938936,-0.056969364741513186,-0.14042368236769848,-0.11544570386178857,-0.1632786046329636,0.2076333156019404,0.06725995760478452
0.07875224945574114,0.3147723481839352,-0.2628496162447495,0.2787814675747682,0.3376931994676077,0.23122493532177768,0.15964047604143305,0.1959987214510098,0.17710266963999835,0.17090325325738312,0.2015220182750706,0.16937844412826228,0.21927707297869828,0.2642652318632938,0.20142844653878586,0.26117865896963777,0.36260927287246286,0.14918470368347622,0.3170747554491554,0.2518723842570563,0.35108625903687024,0.31686329513504047,-0.22151435186955387,0.22535280668569374,0.3995018356355675,0.1999725824265118,1.400443710495302,0.4112956591433866,-0.7576975498420796,4.413692568919618,0.7913574654333165,0.30418550912284575,0.7608424265196169,0.021578104356337925,0.2599467928008728,0.6503173785799267,0.9305898152768686,1.4637809154348518,0.8407479288844409,0.14859767802346885,0.8128351734976265,0.38647734395682853,1.7826992185783739,0.5486187680357208,1.2488673145997629,1.517005790454055,1.8918363997614314,-1.467320418828616,1.978491845795277,-0.3572974350255121,0.07853380768223031,0.07072158614631271,0.30852318873212525,-0.11515243700302388,-0.42970563803558987,-0.13611922001464144,-0.23834648089078475,0.4197525112447237,0.32953337065385624
0.1259168806007753,0.27253929022597256,0.36069476442868076,0.2788581724283019,0.27250544844521507,0.24025091563227907,0.23298158160178034,0.23913259163916237,0.31339297703716534,0.20980525313382592,0.2555978704074287,0.2078233117422651,0.2275972856042829,0.21359449908689326,0.301858081836447,0.21680440348329674,0.3335165851835889,0.46651344711744813,0.3677405550616586,0.17903790243151865,0.38643151852570345,0.29438074752214394,-0.2081513709084405,0.2337158733916078,0.1903269448845057,0.34535910864382097,0.762286176734936,0.42305558643691055,-0.20407147889464702,0.7913574654333165,1.1684173411432166,0.2422575497547643,0.4520544880631395,0.24748321581246252,0.2728173515635354,0.7603040843262314,0.43884385468762327,0.7518242954647251,0.3266055571709258,-0.009494287350092598,0.41834709757295097,0.372886090186925,0.5893006380220115,0.2151875376306481,0.26536429601565403,0.7406759568911851,0.5841793177488174,-0.5362442304697665,0.5260236230318917,-0.10171175051990383,0.42641814957501034,0.08137930519472505,-0.2822428767707275,-0.1207560262144199,-0.16445660875963225,0.22770177021562296,-0.09464103287303526,0.16239697661864255,-0.14833465479550734
0.10371590032649201,0.1714374012503934,0.3129709027987927,0.3153569894061557,0.21308511577382888,0.2713825370196108,0.21774564861966736,0.2896492452503526,0.19708288670597526,0.19069035846897028,0.23058535213527115,0.3012316385838522,0.27485361420598386,0.20146448423589217,0.10418415429925527,0.25440261696850824,0.269952740118377,0.235141303666603,0.28461358766355566,0.16756534966164477,0.270637863547166,0.5009501580463354,0.09045451094544381,0.1327496212838796,0.21228273863981925,0.47178359935981257,0.486028190292542,0.17185905546864838,0.035426417934552486,0.30418550912284575,0.2422575497547643,0.8493725749582377,0.34639255501366795,0.21539031471624348,-0.06378918590845209,0.2866554020140255,-0.04349048241946629,0.521821612241847,0.12842060987094958,0.03903334935166866,0.22080680314830242,0.2688215771637352,0.5634752924096903,0.18293650471691,0.0643415015641124,0.4687715825079629,0.33434497024715915,-0.4070647943533538,0.45825866894880035,-0.10062189170889195,0.13959717365168148,0.19967546029522876,-0.16726936852905064,-0.048791673838909984,-0.25241697150800535,-0.02559830140852171,0.14081719214945693,0.22694741300518365,-0.2271455803507972
0.11472865690041643,0.15539529442092231,0.392513313848967,0.25970532027960214,0.22820712514470476,0.017145318801476638,0.17958563442608508,0.3612792386235077,0.2748300986665833,0.05714682814363162,0.2719557964595452,0.21671302851237245,0.3061208594366336,0.18034138781384995,0.24033066662717495,0.23791545153836594,0.478598109313756,0.2914596782948934,0.1804428649058007,0.11117002509932442,0.4048388011911081,0.4193750339680084,-0.0659599702729801,0.10106748153522213,0.2323082974237369,-0.006559224416902979,1.3891487160813698,1.1775944126166946,-0.5231045578649108,0.7608424265196169,0.4520544880631395,0.34639255501366795,2.308582267604539,-0.22048031684208322,0.2200146007027048,-0.18891322273494918,1.1499574611013406,0.6120573070378268,0.6204139464338864,-0.3702464163518649,-0.5673870466877002,0.37731013301889454,1.5068656012844646,0.09941612683138663,0.36795746688996595,0.22804791385918138,0.6758204051710229,0.18864559026866123,1.4414006650728062,0.12361366464979055,-0.15499037147037617,0.11764746800375084,0.1768281734732967,-0.37721338651770076,-0.1765785745660793,-0.1886184674982087,-0.18064043425247617,0.23866500003484906,0.29036673705809524
-0.025855440193587608,0.06367527423086113,0.33497395986857015,0.5106527863407964,0.39738557776951466,0.39417517893805143,0.30477689522000484,0.4097881414799204,0.09424821724378973,0.41222019751451877,0.2807801752273858,0.2781117391358181,0.2868012901321385,0.16916191100948758,0.27502703959077446,0.2433318167922017,0.3286870726973213,0.35628869909717437,0.334266434297159,0.44020167256094095,0.11367843048793291,0.4110172603062395,0.5175438883087845,0.29728768494060115,0.39037866373721974,0.20832706172825013,0.15593729078992505,-0.015010270348497437,0.7756823303773048,0.021578104356337925,0.24748321581246252,0.21539031471624348,-0.22048031684208322,2.0157164110612182,0.19145369940817286,0.4144577528008166,0.7239045962249658,-0.1556764073326239,0.37926982447023766,-0.4574648162472148,0.4844125354856185,0.12747949774825726,-0.26094701145913846,0.203736524840137,-0.9045285386797656,0.009616372167981372,0.21846887618412125,0.18282512233560855,0.18638906083182585,0.09928598094989352,-0.18291462420097068,0.1371317767216294,-0.00882557603809684,-0.16091654657632412,-0.21107592928368935,0.02396773450581722,-0.14894392706605522,0.25581491956757024,-0.09535829427380986
