0.8586358248942977,0.16466545895632972,0.20805697079699206,0.10071838393934034,0.21265952414267078,0.18250415250284863,0.13269240163850196,0.15839012509847009,0.11586428904091373,0.17803035202008455,0.09766175791368589,0.13294714439314348,0.0810978503997116,0.10570278334988939,0.16799518678927158,0.10156793602798563,0.08758239097852513,0.16121960803662663,0.13533434166842293,0.12094393243629112,0.1264510049580067,0.137543660002243,0.12016938788415757,0.03955332499057384,0.16267782182049387,0.05612717890129234,0.11052712673824809,0.024802532251761086,0.1775430099162514,0.129422331609022,0.11442100490126522,0.10004789425261178,0.015066406272987469,0.006843282678286565,0.04488686909607205,0.08990699233998987,0.14314761754537328,0.11093222321441601,0.16579951059192705,0.13563079613343698,0.11754133914165112,0.07338717400416983,0.11578774386210598,0.04192030968486748,0.11247244800305345,0.19107467290354485,0.14851799305025795,-0.0023773307979057193,0.09487809544413456,-0.08669624198082823,-0.017604881570012488,-0.0048351803246315436,0.037703447856230775,0.036697516369660683,0.07311981407761504,0.0026218406105621953,0.018659668765946352,0.0475796542892256,-0.12936629797377922
0.16466545895632972,1.5365428076732237,0.3691328215059196,-0.18583591062860896,0.031215583172135634,0.33726680632162626,0.15811114657209685,0.20601320267921142,0.2660649942218794,0.24032749810991302,0.11449889167317488,0.12516303775662485,0.08375649973703647,0.12291920376781205,0.45657679651464816,0.009904315874331418,0.1654665640454947,0.085504417904226,0.05729233620251642,0.1547931497762281,0.3795676220688342,0.06541225215098978,-0.10626770703342317,0.12089050816735812,0.16407777324283787,0.2248675178897589,0.11642681831085214,0.21263632844881641,0.18871081753185076,0.144403825857042,0.1289425880537235,0.21914044992431964,0.02784521613338307,0.12558796104159042,0.19279196008537922,0.04364915834688025,0.23737850049498938,0.10138916083389976,0.16848627513239547,0.14209543598479055,0.14337107283901035,0.11211828255330777,0.10735351594179501,0.022714537946069625,0.08442169078376097,0.16815636809793982,0.1814884052409281,0.0809566472402995,0.25318190647768574,-0.184336893491599,0.18762656208843212,0.1539264650174771,-0.22765109379094736,0.030616230308265623,-0.09945938657914846,0.047230376100682224,0.1609466964009677,-0.005050932798056059,-0.09442505891380285
0.20805697079699206,0.3691328215059196,2.10136222331226,0.1704809649461441,-0.364200753201446,0.5383657124694249,0.12609368088460302,0.5854326283560797,0.49025576391562087,0.5976879897499348,0.030967519136667666,0.1938636586836106,0.2269084274850651,0.24178050061191034,0.2783840805214845,0.15588492104728388,0.4201409834635467,0.34986642861174044,0.31700306087425917,0.4572954852672274,0.2162794168205475,0.37564810313990443,0.23501609314092592,0.3240576979990355,0.3182929175896723,0.27401020243523194,0.29162719943465826,0.3292723694510123,0.5476058033258085,0.30832889443745404,0.25881338394374054,0.28219568470424544,0.16203371164189953,0.2840194133361307,0.2727163014665832,0.43231535343910227,0.3895529584886604,0.20981250322779493,0.36430028120530394,0.2751831801950805,0.3329114842848068,0.2696502983483071,0.366265732509053,0.054350863936974615,0.22164069403917766,0.48383145099232333,0.39371555404369596,-0.17017482923555347,0.28575944552337235,0.06975683215854107,0.0512227680366737,0.08045304966952385,-0.32622387872833225,-0.011452432595922813,0.0863608955779873,-0.1230649019113852,0.09003117864179293,-0.5234272777331597,0.45291993752955567
0.10071838393934034,-0.18583591062860896,0.1704809649461441,1.0807874519414962,0.3577339245727125,0.37275685471216147,0.21271451769530647,0.14889029484029323,0.216214709536758,0.1383663033448986,0.17968258307817742,0.22182943652021261,0.1377680780233166,0.1648656661183412,0.09265017888886548,0.18778886549178989,0.16622785950992985,0.19091808143136055,0.27854302794532443,0.24463617226081708,0.13226976414006492,0.20733431267536898,0.2089864247688828,0.1939592873256127,0.15850535428552276,0.21662554144630475,0.16162092982973172,0.07756539851577743,0.2202269711068161,0.07121219117710216,0.15091712091878975,0.17171355970205396,0.11289461386343595,0.22379464736045354,0.009960582310477377,0.23553978126272637,0.12298866869292113,0.16243466848140325,0.12376866492577937,0.08671268791102497,0.11310141853390465,0.17600467365294314,0.20078767979410686,0.07376494828461928,0.014893790711557432,0.2506876459692258,0.15780641088184055,-0.12858253073789688,0.13115357253567417,0.06417681909206342,-0.056284587159030966,0.05814748856460256,-0.028635771574302124,-0.060137031045994015,0.14952915765476782,-0.0611820964694198,-0.07378151852891845,0.041978790302291735,-0.03976608625405701
0.21265952414267078,0.031215583172135634,-0.364200753201446,0.3577339245727125,1.2138883383583219,0.3573904769865391,0.19073830741249823,0.07797983548909496,0.27954400924637146,0.14461672128215458,0.26373879337666256,0.28503248136948284,0.16354653226699745,0.20237738863925633,0.2324229926307496,0.24402548309730068,0.1315393921391465,0.1494307657366453,0.5096426679283931,0.27854612776768056,0.21881771561124594,0.19780553744415247,0.2406375334149109,0.21603732071372495,0.1608517338642025,0.3519421702793257,0.1754579686991118,0.032961709410721206,0.19280477232856233,0.022431218291294016,0.22405515870958836,0.28252023517268865,0.12226622330747396,0.3440452116330142,0.019906697045903986,0.36727587516365406,0.177540822065821,0.22238075596990858,0.054915517719776034,0.056318277546387914,0.19693855212403594,0.24107268360958506,0.1779281244044698,0.0799763552063241,-0.13076327928182543,0.3891195455548261,0.10473723294707382,-0.181715179941132,0.02107837642620015,0.15917796626826503,-0.0743903566117925,-0.1206355498213906,0.14140036955364702,-0.029735682197791487,-0.033457204253721694,-0.05926280954729869,0.052592972889636096,-0.17735417529089328,0.20187348535198238
0.18250415250284863,0.33726680632162626,0.5383657124694249,0.37275685471216147,0.3573904769865391,1.0891136698799904,0.11270661955032085,0.4199601174214026,0.5419106007787906,0.33768764957768954,0.3229146324345531,0.30792394417060276,0.2186819213523633,0.27393303018752263,0.4138987571073552,0.1852352736681509,0.3658543190163581,0.24734421752319286,0.7580928979989764,0.6519582560111027,0.36772793271753224,0.3532884375241021,0.1780358126789696,0.32903874437647074,0.2923793191034848,0.51260235923892,0.3397963007210875,0.24264211047929884,0.4934863062801563,0.21413943931242838,0.2847457355810685,0.42435021994206573,0.07838835783667229,0.3410410391213136,0.1112273659990287,0.33034787214081485,0.36015902231906816,0.37181612668932795,0.21662501813993154,0.27387865945135725,0.2205778061867509,0.34121754307884244,0.4275657139788199,0.12352628473604423,0.2536609904280616,0.518134633587518,0.39598437054806906,-0.11484402477853888,0.24490059678635615,0.2889529844582079,-0.13355962641633023,0.1206281128272651,-0.32810370531985794,0.019332019676036524,0.12517043299242994,-0.07802206714678506,0.17366122350064606,0.17498389563555708,-0.36926650320251714
0.13269240163850196,0.15811114657209685,0.12609368088460302,0.21271451769530647,0.19073830741249823,0.11270661955032085,0.8103307125732867,0.1624258109077837,0.29553709353595436,0.16051575422021108,0.22612052135579583,0.3020960903084831,0.1353397751133034,0.29047348261187156,0.0014883968687446941,0.2722418705712326,0.23402766808918654,0.23067555241239449,0.06782017524483533,0.15697009392580538,0.24043114927246956,0.3055827910878109,0.28711026922698646,0.2316668715455688,0.22098635856152585,0.2611986717279658,0.16196865155619025,0.02139120362466294,0.16942038607730028,0.15344746176795585,0.20529700296254993,0.2607981008699069,0.20829908499640717,0.2595153735569618,-0.033485337542852656,0.3052818460040767,0.14947578811685294,0.15433217490107223,0.20641628923344102,0.04980280743009809,0.17534233731493473,0.2165668892207427,0.2518018035457176,0.07195511137031096,-0.0008825635639303665,0.3035078410430644,0.15777579348094006,-0.16609406346618505,0.4284680670103934,-0.11279852890628012,0.05088293248804682,-0.20237533216186043,0.18743852167581054,-0.13646666967428503,0.0002480335721093437,0.04102830666992331,0.03887677099683064,0.5248113515384202,-0.7239507802548328
0.15839012509847009,0.20601320267921142,0.5854326283560797,0.14889029484029323,0.07797983548909496,0.4199601174214026,0.1624258109077837,0.9611663125540815,0.17374217015507776,0.3205367807439031,0.2783972086067354,0.17054013235945323,0.2118211722187254,0.3058628251122731,0.20854680881256563,0.1973749407011779,0.3168306026764906,0.3002447281157832,0.35602201489506236,0.4477181268486274,0.14879871855123233,0.23000400100382545,0.19504279993107582,0.22435950707231758,0.2724446224451059,0.3135413056508158,0.26575579349362916,0.11289577015700382,0.34522429493624185,0.23357191824048495,0.190232479859813,0.20404430222457595,0.09115839429010394,0.2698983491540156,0.04926497734003758,0.21587228227227126,0.2951461770462676,0.2493295649435226,0.36549140558013343,0.21589518018628887,0.2643466326747014,0.23772938893589207,0.3275265006086331,0.054735270188266946,0.2032607095574967,0.3410490551007882,0.3786579858982458,-0.016279818434250564,0.41193096049076455,0.019712063621750632,0.049051964962094546,0.01859751240526859,-0.1278297172486086,0.014737254034730975,0.014865461261946641,-0.0950592420659367,-0.05420114453707781,0.6000238682230326,-0.5042800584751611
0.11586428904091373,0.2660649942218794,0.49025576391562087,0.216214709536758,0.27954400924637146,0.5419106007787906,0.29553709353595436,0.17374217015507776,0.9322852019419223,0.21016928748374564,0.14774120963586163,0.2551751481346743,0.1848517546497004,0.24624894161343952,0.11667728943314105,0.17791249064730907,0.27619006891638365,0.19686301896818045,0.4435162241058388,0.3635911420820819,0.2633125909997835,0.443421273464512,0.23431968276772172,0.280795311866871,0.18777054777306446,0.44778005891744627,0.24021995645903912,0.1949558025396967,0.23359761159754908,0.11687569007122665,0.2507215930643652,0.36757238347579324,0.21711494926588293,0.21847450278911204,0.023572146467926037,0.3097491975293516,0.2284788672890501,0.2537553046345087,0.16044850344409278,0.1269939933956392,0.17378099202500863,0.2704508600434426,0.3626332639020572,0.08831407985437507,0.0331403402193607,0.3790033243427039,0.22066312020538073,-0.1528659472102279,0.4797220736649513,0.08006483670056795,0.013514857808835701,0.05294986706427192,-0.18062301731823413,-0.07689931724233416,0.12720071849354472,0.0007702146391547853,0.1733498082182527,-0.03271705583330843,-0.2889437746317158
0.17803035202008455,0.24032749810991302,0.5976879897499348,0.1383663033448986,0.14461672128215458,0.33768764957768954,0.16051575422021108,0.3205367807439031,0.21016928748374564,0.8434787227090564,0.06204273984014333,0.19544399858915068,0.1563617944263272,0.3102522683572514,0.23781549791441053,0.19871677344634653,0.23981931517464114,0.2516737581052845,0.22046675305391225,0.2667633423175482,0.1627541670789571,0.23491429837003014,0.24360597627788524,0.26975022610413824,0.25972791156742264,0.25243797970110676,0.20994468326419352,0.17580901100615648,0.3716513747911479,0.3393797687677296,0.2514730550799611,0.30743032687762123,0.06732533202636394,0.339364265370236,0.23001115076625714,0.3989052938294936,0.33324264612226073,0.18737160944484588,0.2308595245645416,0.23467448122210274,0.4048012248196937,0.21017339202822158,0.26674270561850527,0.059731758042650275,0.04905062967782822,0.49072063193463894,0.35402725320443146,-0.09629546945407091,0.2952155826304629,-0.016995155159071382,0.02213095498043404,-0.17416947369716018,-0.0545441987030428,0.10520529977512647,-0.086425550197024,-0.04585080541662309,0.27747079902423255,-0.2804498546936582,0.14859185005593464
0.09766175791368589,0.11449889167317488,0.030967519136667666,0.17968258307817742,0.26373879337666256,0.3229146324345531,0.22612052135579583,0.2783972086067354,0.14774120963586163,0.06204273984014333,0.7635509992661679,0.3533437988609615,0.15979254598742715,0.15626315438012517,0.2490843503138157,0.2599289828811308,0.28891484646121857,0.2730673770162095,0.2852524795458237,0.33548158139991785,0.30418204027518286,0.1908994372689377,0.20373207675665023,0.19772153824387473,0.20662906283747937,0.28297851375805233,0.27764377772847165,0.04819058055689866,0.25390875996364093,0.08307880477853472,0.21067267649129157,0.2701094701424041,0.11410620304744275,0.2724025974229579,0.07832609845294758,0.2643164368869697,0.13245577558014293,0.22079802961850553,0.3108776605800731,0.13417501300269966,0.16792778509793194,0.24455377797386246,0.2104994336021731,0.06620489612943752,0.10029723926524255,0.3062602389946423,0.20997194990492166,-0.10995028797145781,0.21259571561274107,-0.0027115882237258955,0.04452418838987945,-0.07336182536633037,0.16615807047635198,-0.08706840953095839,-0.05521267837924944,0.016103331784062914,-0.0012843839901259268,0.3081718101701431,-0.40641811956754076
0.13294714439314348,0.12516303775662485,0.1938636586836106,0.22182943652021261,0.28503248136948284,0.30792394417060276,0.3020960903084831,0.17054013235945323,0.2551751481346743,0.19544399858915068,0.3533437988609615,0.7276746949941393,0.13007531709788397,0.26192592658040476,0.2376600424737719,0.24442553478652662,0.2877802523616363,0.35758644391785505,0.30854526383454434,0.27394235973378783,0.2842740693211184,0.2164341360480002,0.263427401873829,0.21555638166928315,0.27074130074277963,0.3267750772364901,0.2892423252355676,0.07867703187922001,0.2374050854791593,0.07513021721027696,0.25632559159969226,0.3217841753734572,0.14399606799759104,0.29029572875130194,0.009884074609416992,0.41688338384495977,0.09137380065920417,0.21938433040886876,0.2417190870904166,0.1238812832156225,0.22031013253225015,0.23790706013486412,0.23499692228429694,0.03249309500773836,0.10606729586580681,0.4286728609544124,0.22793542613411977,-0.22645393648026343,0.17153923682824854,-0.11931565655205599,0.13259452370421604,-0.005275900683730217,0.009238335044149988,-0.09211033596013372,0.02452764736719143,0.011632778713745932,-0.0011871644315234512,0.24944144891461623,-0.5008723510724103
0.0810978503997116,0.08375649973703647,0.2269084274850651,0.1377680780233166,0.16354653226699745,0.2186819213523633,0.1353397751133034,0.2118211722187254,0.1848517546497004,0.1563617944263272,0.15979254598742715,0.13007531709788397,0.32366161398665877,0.191328850114379,0.03847398572469228,0.17952760343768168,0.16135371739618784,0.1444569693321406,0.19189305514378946,0.18656452637956328,0.1117114693792958,0.21792685666740702,0.12994849048652943,0.15160405737142085,0.14466304474802272,0.13409804817053017,0.16895403565767386,0.09803772651565572,0.2554470154947706,0.10438282129958838,0.1283151124782523,0.18875104302087103,0.05999748642742852,0.17282744084582077,0.09197800569896385,0.17817327751500017,0.17274213282844916,0.12122650574931922,0.18233382071411203,0.11289420310341956,0.1793662804074123,0.14570496296104635,0.1878494329389571,0.03239159408273688,0.056732137088847945,0.20541785633838544,0.14647726854840687,-0.04244467713227799,0.15906880245343272,0.0745680615307567,0.00956299777088641,-0.07334987892799841,-0.0710411334998748,0.0251011035972132,0.028503786907735574,-0.03750377859001386,0.011691224802287294,-0.2289645026421305,0.21582795118594592
0.10570278334988939,0.12291920376781205,0.24178050061191034,0.1648656661183412,0.20237738863925633,0.27393303018752263,0.29047348261187156,0.3058628251122731,0.24624894161343952,0.3102522683572514,0.15626315438012517,0.26192592658040476,0.191328850114379,0.7966330287108968,0.18284920770956273,0.2898250207153925,0.2440284587273726,0.14945100923738966,0.23845063136660508,0.3107272300723279,0.23573253068630665,0.22901365151376066,0.19491488487468964,0.2862241985696996,0.27643400448622796,0.37417985171909246,0.1938331449560754,0.21617717672496645,0.20198325770721307,0.3234605425848996,0.21770756503020175,0.26250843846163535,0.18011053490474996,0.24593908341270734,0.17119418049276952,0.2863002551577066,0.3256853341867849,0.22276909256659863,0.13788471208343686,0.1909027089234426,0.38966812248202454,0.2640521093112267,0.4179641521496248,0.09832679129854098,-0.00461027385851179,0.3948283208147153,0.31010019412921347,-0.008179265541953114,0.5489192968400217,-0.0359204322141364,0.058145293768016894,-0.13050204094161874,-0.08315413902304872,0.11618658411276596,-0.05035960460700946,-0.03284407901467161,-0.013799666251453633,0.4423608348652867,-0.2977130582847339
0.16799518678927158,0.45657679651464816,0.2783840805214845,0.09265017888886548,0.2324229926307496,0.4138987571073552,0.0014883968687446941,0.20854680881256563,0.11667728943314105,0.23781549791441053,0.2490843503138157,0.2376600424737719,0.03847398572469228,0.18284920770956273,0.9927296846313125,0.029603981366675934,0.2062270663671086,0.14208806926586548,0.293058092665492,0.3146102534760336,0.3135336950921247,-0.017169970319818484,0.19272517365911254,0.25208468396158135,0.24668612788435815,0.3164995787158392,0.1835124177693173,0.20448368054465935,0.25228793498940144,0.3149274319984644,0.21274880620388656,0.21403136579839452,0.13982793316215153,0.24896788157558436,0.17811018053637162,0.34333124415826133,0.21158661925980501,0.1449899717581842,0.16461769727600006,0.1877662967258752,0.24750025356112043,0.1937572997107779,0.16822303130824362,0.08328834926247022,-0.04429472474380351,0.46606008164770313,0.28578826015485104,-0.13065397330474995,0.22513727219668303,0.04783365298006887,-0.00019597003090331597,0.066712540784799,-0.07248740891148307,0.022900528802974062,0.09430761846271232,0.02915043035370866,0.08742919021659544,0.1629125313381052,-0.28056544944541967
0.10156793602798563,0.009904315874331418,0.15588492104728388,0.18778886549178989,0.24402548309730068,0.1852352736681509,0.2722418705712326,0.1973749407011779,0.17791249064730907,0.19871677344634653,0.2599289828811308,0.24442553478652662,0.17952760343768168,0.2898250207153925,0.029603981366675934,0.736704225280395,0.23348638320225193,0.23695868798396127,0.24804220125936913,0.1939982318974784,0.14252803931565114,0.38409059201433254,0.21619393949771595,0.22967435242116943,0.25032787458814376,0.18205278814784662,0.24772593741908955,0.13191074020700283,0.27679013203962793,0.140671023364259,0.22774746934223974,0.312108889208356,0.12965997086377393,0.2584438034704185,0.14102319400762028,0.2925286505491242,0.2306419512274456,0.16189293078262632,0.23199272696205078,0.10619646174595519,0.27726895768361015,0.31065015837511223,0.3432534049949573,0.10065266710380949,0.041895553506702266,0.34739541143586716,0.2043640617388208,-0.09617828679624256,0.20489171048049223,-0.07658023617220726,0.04190386519707766,-0.10134646648303511,0.019476166098539933,-0.04789654229548657,0.11091094949362952,-0.002832185775121013,-0.010909852010447349,-0.06635810700260393,-0.04154214618731722
0.08758239097852513,0.1654665640454947,0.4201409834635467,0.16622785950992985,0.1315393921391465,0.3658543190163581,0.23402766808918654,0.3168306026764906,0.27619006891638365,0.23981931517464114,0.28891484646121857,0.2877802523616363,0.16135371739618784,0.2440284587273726,0.2062270663671086,0.23348638320225193,0.6605210537226159,0.31411915367053117,0.3165292592517511,0.39133505915823563,0.3390057864226897,0.29337956834235934,0.17662856544918035,0.24673768890466172,0.28013332904043586,0.3079535739850733,0.27950690337699025,0.3059829990392476,0.32782479634129164,0.12926759006097052,0.2968921576561515,0.2913761635609903,0.21297787232205428,0.27982545084136123,0.23659109693953542,0.3695126611249428,0.3714219126595907,0.2705524736175104,0.2810051066453682,0.17364049215166838,0.29521498049058426,0.2953349012840592,0.31728456710343295,0.06931229112430531,0.22337189871154584,0.4675632228882776,0.28737120492452917,-0.11952618433942831,0.13891096026706407,0.20399240575413538,0.06217647775628152,-0.04312587963800025,-0.1785338722828552,-0.0554138752889981,-0.07494835391449271,-0.0309625200579872,0.03792500227525965,0.09461257450058942,-0.22996382774985508
0.16121960803662663,0.085504417904226,0.34986642861174044,0.19091808143136055,0.1494307657366453,0.24734421752319286,0.23067555241239449,0.3002447281157832,0.19686301896818045,0.2516737581052845,0.2730673770162095,0.35758644391785505,0.1444569693321406,0.14945100923738966,0.14208806926586548,0.23695868798396127,0.31411915367053117,1.0935631965007302,0.24921295544803151,0.04403302892595223,0.2636087465435125,0.271964084693997,0.33314292553399344,0.17871623008521337,0.25561801586209854,0.20153232281053218,0.21186337227925076,0.2150061250670858,0.34166157017578186,0.01881094887531618,0.3590672992001029,0.2324011128254007,0.17734051350416982,0.32448796516074163,0.06862766970645169,0.4412422294402745,0.3667069940046547,0.14022705711166347,0.2813728263488587,0.10825396129517924,0.31141250574900453,0.14457842530471815,0.23907756668598698,0.0026869129621339863,0.22497998787327503,0.5579118003947553,0.4476486098288566,-0.19713074677878037,0.015667178866522035,0.06669119734615381,0.247573360415454,0.04667693935659936,-0.2654368964772849,-0.17503858690293359,0.05675308113270756,-0.10038259253599394,-0.010491841858480897,0.09091694323739458,-0.235993135844429
0.13533434166842293,0.05729233620251642,0.31700306087425917,0.27854302794532443,0.5096426679283931,0.7580928979989764,0.06782017524483533,0.35602201489506236,0.4435162241058388,0.22046675305391225,0.2852524795458237,0.30854526383454434,0.19189305514378946,0.23845063136660508,0.293058092665492,0.24804220125936913,0.3165292592517511,0.24921295544803151,1.2983489036881515,0.582836074284376,0.2915151797669307,0.3230461021727356,0.1577995067498902,0.2573765081247135,0.2236165110626803,0.41713146519680094,0.3099476858861858,0.30397801959260434,0.35539101403311946,0.06639962772386417,0.29995754441210626,0.3261218689635827,0.15316090585940734,0.3121691975761409,0.052841725134405854,0.4120440095947336,0.21651788888043796,0.38139750426786806,0.14445016998796797,0.16296661662054873,0.24237985635867954,0.3257989138621854,0.3551887746895219,0.07320695256991973,0.10782480163082896,0.4889268794834016,0.16808956222565713,-0.19440989724893673,-0.09296017947823222,0.22526461755392385,0.05438352838644477,0.41221968294500555,-0.49063853679229097,-0.10187624725899994,-0.008068838675883015,-0.0719986162514767,0.05116959601918324,0.18831585083344596,-0.15245264946873013
0.12094393243629112,0.1547931497762281,0.4572954852672274,0.24463617226081708,0.27854612776768056,0.6519582560111027,0.15697009392580538,0.4477181268486274,0.3635911420820819,0.2667633423175482,0.33548158139991785,0.27394235973378783,0.18656452637956328,0.3107272300723279,0.3146102534760336,0.1939982318974784,0.39133505915823563,0.04403302892595223,0.582836074284376,1.4240784836383822,0.15175682789385767,0.23787616542745968,0.263082682512075,0.3924581307289556,0.30804256662967877,0.3821681596470862,0.42497600910436334,0.06736132934454517,0.42274783758611206,0.4020833388468933,0.2168021113305475,0.31076338797365916,0.11131884438255292,0.331212601421064,0.1216633134308905,0.2833611635347596,0.46983327847000556,0.6058610083533192,0.25537988528661315,0.3668752873088644,0.10547813614445542,0.50651446085281,0.5638753458890324,0.09087660230243035,0.5227552918434627,0.33627678739502986,0.27587391594780836,-0.12421135233305368,0.35338603640135974,-0.16058470748292447,-0.037201028274372314,-0.04427205237871147,0.2300633747368474,-0.0660364325109716,0.03323905192453737,-0.11956457342179282,0.10085597114028526,0.32223155753559213,-0.3493691451249981
0.1264510049580067,0.3795676220688342,0.2162794168205475,0.13226976414006492,0.21881771561124594,0.36772793271753224,0.24043114927246956,0.14879871855123233,0.2633125909997835,0.1627541670789571,0.30418204027518286,0.2842740693211184,0.1117114693792958,0.23573253068630665,0.3135336950921247,0.14252803931565114,0.3390057864226897,0.2636087465435125,0.2915151797669307,0.15175682789385767,0.9263378514066599,0.15841795883593973,0.07905728052336736,0.1741210629788646,0.19934754340443353,0.376717664327888,0.1701027739748443,0.31048041438442214,0.1671020274275693,0.09002366861915657,0.2526862781253893,0.3541806457345834,0.059220947897470275,0.27821342198057564,0.3522680500228984,0.2735820789066187,0.20754886510380946,0.18366033186209565,0.21762546173265251,0.2443346599734854,0.3203161123303584,0.19823507441879384,0.18835887677514676,0.09448526073042725,0.06889757851475058,0.3722595096199506,0.2137857979337725,-0.01000197137631738,0.11951320122340232,0.1455441562590347,0.05590580247666683,0.08711835820360259,-0.2533308551673104,0.0006886801751652127,-0.07021489963053641,-0.0038845048841682217,0.07969285080000689,0.027162967956768133,-0.1005751708705075
0.137543660002243,0.06541225215098978,0.37564810313990443,0.20733431267536898,0.19780553744415247,0.3532884375241021,0.3055827910878109,0.23000400100382545,0.443421273464512,0.23491429837003014,0.1908994372689377,0.2164341360480002,0.21792685666740702,0.22901365151376066,-0.017169970319818484,0.38409059201433254,0.29337956834235934,0.271964084693997,0.3230461021727356,0.23787616542745968,0.15841795883593973,0.9351839033250555,0.26167330874353967,0.24540752316432765,0.22230903628273344,0.2665103723563517,0.2645030284562924,0.1301146820471563,0.33586923600684515,0.1302410596405579,0.21909032856303523,0.3732143222191668,0.18534179464918302,0.2164164001268096,0.027469385860286348,0.24701603711397657,0.2497834815884147,0.18290684330110385,0.20026428694163,0.1097868072577318,0.21882179600027382,0.2770985145041141,0.5340641249202244,0.08823863438575379,0.07800702017824362,0.36015278928984856,0.237329391260484,-0.09059843985984788,0.3475227858704914,0.10035512924494734,0.028729544737544646,-0.19435633703857264,-0.08256167712489833,-0.05882266677193713,0.11815844426447265,-0.01384809220263038,0.040158799267272005,-0.10843762383276949,-0.10091981001188557
0.12016938788415757,-0.10626770703342317,0.23501609314092592,0.2089864247688828,0.2406375334149109,0.1780358126789696,0.28711026922698646,0.19504279993107582,0.23431968276772172,0.24360597627788524,0.20373207675665023,0.263427401873829,0.12994849048652943,0.19491488487468964,0.19272517365911254,0.21619393949771595,0.17662856544918035,0.33314292553399344,0.1577995067498902,0.263082682512075,0.07905728052336736,0.26167330874353967,1.086241008517948,0.3270647286772823,0.3172734237056106,0.14711576828363274,0.18246812378080943,-0.1290290144828578,0.41786595732691234,0.3062452886390362,0.23452746472436145,0.21157216657293793,0.20524734094656125,0.39903772889549644,-0.2193911634856434,0.7250793119320675,0.12145804103052574,0.13972345304189626,0.2828553006121884,0.1829859403970591,0.3136352445690326,0.19823053131337387,0.23554421925705235,0.143071429618572,-0.07192093567785798,0.650092889646243,0.29474186447121664,-0.47994555771922104,0.2714618411997735,-0.12726860078947824,0.06816746135907203,-0.29035349554706635,0.2847116319437882,-0.06993463080846687,0.06468189428990845,-0.02827503083788971,0.051539816359226616,0.13874001776382985,-0.31311038632005167
0.03955332499057384,0.12089050816735812,0.3240576979990355,0.1939592873256127,0.21603732071372495,0.32903874437647074,0.2316668715455688,0.22435950707231758,0.280795311866871,0.26975022610413824,0.19772153824387473,0.21555638166928315,0.15160405737142085,0.2862241985696996,0.25208468396158135,0.22967435242116943,0.24673768890466172,0.17871623008521337,0.2573765081247135,0.3924581307289556,0.1741210629788646,0.24540752316432765,0.3270647286772823,0.8498811800664766,0.2739967982237712,0.33511518941408736,0.24533765024137041,0.24493533946806512,0.27722722120481325,0.579932635454183,0.3301935627781674,0.4558470773909801,0.5432831012251028,0.2268208804434434,0.09581471843964924,0.5071389446571775,0.35574231336731493,0.27396884713331326,0.20987961078112075,0.1640799277455673,0.31178305334434636,0.3242996535241099,0.3506668101078184,0.1390096292643031,-0.08204374423607523,0.641458494032251,0.4324588121173695,-0.2384737039825952,0.7241077427903261,0.04549928366004451,-0.021191253913159624,-0.24964370574472863,0.17425364093839785,-0.061875733284100044,0.07508275246926557,-0.23600621396135338,0.35991517746783286,0.1918513073585652,-0.3827325453808937
0.16267782182049387,0.16407777324283787,0.3182929175896723,0.15850535428552276,0.1608517338642025,0.2923793191034848,0.22098635856152585,0.2724446224451059,0.18777054777306446,0.25972791156742264,0.20662906283747937,0.27074130074277963,0.14466304474802272,0.27643400448622796,0.24668612788435815,0.25032787458814376,0.28013332904043586,0.25561801586209854,0.2236165110626803,0.30804256662967877,0.19934754340443353,0.22230903628273344,0.3172734237056106,0.2739967982237712,0.8485996671839156,0.132742012235797,0.24822456987834976,0.13610517066602285,0.5233062564095405,0.3250574515265962,0.27112084004740256,0.2373135596960612,0.1527688455607667,0.4047072756084345,0.1606694925574322,0.44564570452559976,0.3022718319621194,0.22806987639468415,0.367489249252623,0.13469389808373738,0.2938962886763609,0.21677951519530464,0.24661372801034825,0.08621428520739234,0.06493083242015069,0.5594441731083666,0.3211456550819857,-0.2230945152939848,0.14890729890306198,-0.3276346594568242,-0.020210840345973095,0.07919019863589523,0.08915676689148434,-0.009721363288649676,0.01355253179846255,0.013817161056794034,0.062032382889737926,0.11473987815798575,-0.2694919407355801
0.05612717890129234,0.2248675178897589,0.27401020243523194,0.21662554144630475,0.3519421702793257,0.51260235923892,0.2611986717279658,0.3135413056508158,0.44778005891744627,0.25243797970110676,0.28297851375805233,0.3267750772364901,0.13409804817053017,0.37417985171909246,0.3164995787158392,0.18205278814784662,0.3079535739850733,0.20153232281053218,0.41713146519680094,0.3821681596470862,0.376717664327888,0.2665103723563517,0.14711576828363274,0.33511518941408736,0.132742012235797,2.004807608804898,0.2326315233305023,0.2595240118264055,-0.08487074411358404,-0.05273083165783189,0.18776326604687102,0.5792819762499295,0.19076646003681325,0.28935299831601335,0.26029151985143695,0.48421070536376254,-0.3071017242051714,0.34352084977051406,-1.0256963992674077,0.06551831732526907,0.5622630606342124,0.5026719047511281,0.5668048573142684,0.03650259476373804,-0.3476620242165253,0.4491254174555853,0.11516392478188822,-0.08420012413367325,0.43047399492261956,0.4546881758724551,-0.028938685292041487,-0.4049861931635046,-0.12936726048096436,-0.005002780178216815,0.0008358002552305279,0.02713404594368302,0.10906549424030383,0.30299694092785934,-0.43552426779257597
0.11052712673824809,0.11642681831085214,0.29162719943465826,0.16162092982973172,0.1754579686991118,0.3397963007210875,0.16196865155619025,0.26575579349362916,0.24021995645903912,0.20994468326419352,0.27764377772847165,0.2892423252355676,0.16895403565767386,0.1938331449560754,0.1835124177693173,0.24772593741908955,0.27950690337699025,0.21186337227925076,0.3099476858861858,0.42497600910436334,0.1701027739748443,0.2645030284562924,0.18246812378080943,0.24533765024137041,0.24822456987834976,0.2326315233305023,0.894669199033699,0.23263244220305523,0.16510439049081654,0.2272263769299216,0.2760254457098824,0.3168858583888043,0.1607007991362199,0.20133496724670844,0.2278277006674645,0.42259101365945867,0.2644035460494633,0.26646254467524905,0.22776849999691512,0.20395421353491422,0.29506058849990363,0.26462922650008897,0.45613884947714084,0.014031386831898394,0.17846724660010657,0.3463358308591542,0.2145063401587371,-0.18242633071277256,0.32206808898686834,-0.0968381831563111,0.02664427351001615,0.0246069703624011,-0.04647312156785347,0.038770262986646306,0.08594971706564519,-0.053142197604202884,0.1354328379712619,0.026729540126582876,-0.2056853809692844
0.024802532251761086,0.21263632844881641,0.3292723694510123,0.07756539851577743,0.032961709410721206,0.24264211047929884,0.02139120362466294,0.11289577015700382,0.1949558025396967,0.17580901100615648,0.04819058055689866,0.07867703187922001,0.09803772651565572,0.21617717672496645,0.20448368054465935,0.13191074020700283,0.3059829990392476,0.2150061250670858,0.30397801959260434,0.06736132934454517,0.31048041438442214,0.1301146820471563,-0.1290290144828578,0.24493533946806512,0.13610517066602285,0.2595240118264055,0.23263244220305523,1.2623481196787552,0.025150007286208805,0.11878713197470087,0.26776783355591327,0.14386122045795413,0.4322282856871487,0.0788374478331403,0.9556676354985911,0.2644015186844303,0.408404266751964,0.13523619276507387,0.058083678489328966,0.2016874978671309,0.35051581585587666,0.13878735596918101,0.27003068036559674,0.13230670988270266,-0.047755087511047754,0.3241677464857325,0.124713793525293,0.06207724856449468,0.01851797103901061,0.15503903180598566,-0.10172361752679293,1.0018262974487768,-1.2468392708013933,0.1526467735896832,0.1753907323302077,-0.059109942051011444,-0.004905264999653928,-0.20501491284526735,0.3321224706687306
0.1775430099162514,0.18871081753185076,0.5476058033258085,0.2202269711068161,0.19280477232856233,0.4934863062801563,0.16942038607730028,0.34522429493624185,0.23359761159754908,0.3716513747911479,0.25390875996364093,0.2374050854791593,0.2554470154947706,0.20198325770721307,0.25228793498940144,0.27679013203962793,0.32782479634129164,0.34166157017578186,0.35539101403311946,0.42274783758611206,0.1671020274275693,0.33586923600684515,0.41786595732691234,0.27722722120481325,0.5233062564095405,-0.08487074411358404,0.16510439049081654,0.025150007286208805,2.346327656407986,0.20964469112461276,0.12024394820543972,0.24752453346070483,0.06987373077176245,0.6128185994774638,-0.1784933026042742,0.5710434654470756,-0.036846716956961484,0.1413570919747205,0.5558906650677838,0.1811843324066083,0.3370468126535606,0.19585557317899022,-0.05290181644493634,-0.10272899573053955,0.24311012976718716,0.5616663297012997,0.2937700797491899,-0.3683281171852985,0.2746317777013319,0.428011850397092,-0.24661868949812643,-0.0019416262430730618,-0.32128473782442707,0.07072193597701142,-0.047664212175760265,-0.06120038253757292,-0.0019903670217746917,-0.19749849277516618,0.17271062673624332
0.129422331609022,0.144403825857042,0.30832889443745404,0.07121219117710216,0.022431218291294016,0.21413943931242838,0.15344746176795585,0.23357191824048495,0.11687569007122665,0.3393797687677296,0.08307880477853472,0.07513021721027696,0.10438282129958838,0.3234605425848996,0.3149274319984644,0.140671023364259,0.12926759006097052,0.01881094887531618,0.06639962772386417,0.4020833388468933,0.09002366861915657,0.1302410596405579,0.3062452886390362,0.579932635454183,0.3250574515265962,-0.05273083165783189,0.2272263769299216,0.11878713197470087,0.20964469112461276,3.0154817148485646,0.35176814942062945,0.18152493665457603,-0.04249483313239779,0.11514470028750878,0.6256124677790402,0.5486141782036261,0.8420243804119343,0.2736582880974656,0.8359515976400046,0.7103219857689042,0.881733125714168,0.17148452867597275,0.5804440491287477,0.22687541533238953,0.22871808168580873,0.6575241867670977,1.2937523056343263,0.021655175140304853,2.0971865837719363,0.01696085973514935,0.022111428896751665,-0.8600525416713818,0.5201439713726003,0.15348522479433874,0.2865494064044886,-0.19265702681562324,0.17534435709390214,0.9892849373236123,-1.05473740554375
0.11442100490126522,0.1289425880537235,0.25881338394374054,0.15091712091878975,0.22405515870958836,0.2847457355810685,0.20529700296254993,0.190232479859813,0.2507215930643652,0.2514730550799611,0.21067267649129157,0.25632559159969226,0.1283151124782523,0.21770756503020175,0.21274880620388656,0.22774746934223974,0.2968921576561515,0.3590672992001029,0.29995754441210626,0.2168021113305475,0.2526862781253893,0.21909032856303523,0.23452746472436145,0.3301935627781674,0.27112084004740256,0.18776326604687102,0.2760254457098824,0.26776783355591327,0.12024394820543972,0.35176814942062945,0.9865884401079731,0.373081490183873,0.16589014178139727,0.2884791919274794,0.2933950525943188,0.7458803017695633,0.5330801337761226,0.2756457713336043,0.35515483292709144,0.1691863419976437,0.4005771181321484,0.21668157645792432,0.2345109669872168,0.06747366198581263,0.15506620125685566,0.8281711316868587,0.35825603388191263,-0.4003996361450043,-0.11440678314216891,0.18412129308019975,0.019608226568232127,-0.0537454750212241,-0.062415916550101355,-0.08691392398659537,0.016303840044647216,-0.03892033552502995,0.28767650365091363,0.04540786075556018,-0.37400233757301377
0.10004789425261178,0.21914044992431964,0.28219568470424544,0.17171355970205396,0.28252023517268865,0.42435021994206573,0.2607981008699069,0.20404430222457595,0.36757238347579324,0.30743032687762123,0.2701094701424041,0.3217841753734572,0.18875104302087103,0.26250843846163535,0.21403136579839452,0.312108889208356,0.2913761635609903,0.2324011128254007,0.3261218689635827,0.31076338797365916,0.3541806457345834,0.3732143222191668,0.21157216657293793,0.4558470773909801,0.2373135596960612,0.5792819762499295,0.3168858583888043,0.14386122045795413,0.24752453346070483,0.18152493665457603,0.373081490183873,0.9905388670586206,0.0889612692645863,0.2560214694531477,0.1353983998372734,0.5100473151789842,0.15461666743250665,0.28491488265306425,0.03886150595123549,0.15965281013366295,0.3749100744400359,0.3647878667538874,0.34659923560376804,0.023656405701458032,0.08360996321738817,0.6609262107191902,0.2873368314448543,-0.22715649049536274,0.33720217523124146,0.21609940215321255,0.04553430174828624,-0.2638398821795808,-0.046603464489398345,1.0415330393169284e-5,-0.11771699232267861,-0.1505615975652719,0.8860685894793215,-0.24933151770723538,-0.4772965490578019
0.015066406272987469,0.02784521613338307,0.16203371164189953,0.11289461386343595,0.12226622330747396,0.07838835783667229,0.20829908499640717,0.09115839429010394,0.21711494926588293,0.06732533202636394,0.11410620304744275,0.14399606799759104,0.05999748642742852,0.18011053490474996,0.13982793316215153,0.12965997086377393,0.21297787232205428,0.17734051350416982,0.15316090585940734,0.11131884438255292,0.059220947897470275,0.18534179464918302,0.20524734094656125,0.5432831012251028,0.1527688455607667,0.19076646003681325,0.1607007991362199,0.4322282856871487,0.06987373077176245,-0.04249483313239779,0.16589014178139727,0.0889612692645863,1.8091893695600954,-0.06115727451034495,-0.6832715655155219,0.19572776006190856,0.35489875851974073,0.16623259050345826,0.04342012275180834,-0.27814521577532964,-0.38501339924555444,0.3015492546726317,0.3466681679885566,0.23403490344928504,-0.5824056612302179,0.41941473704877547,0.19693575686556433,-0.3571717233292401,0.7993039649248151,0.021314522689399342,-0.024711941394189516,-0.0624252696414442,0.15168120093174944,-0.25102719522515593,0.2164956841635929,-0.05200186060828697,-0.06854062511543203,0.1689801300375716,-0.17894158469861648
0.006843282678286565,0.12558796104159042,0.2840194133361307,0.22379464736045354,0.3440452116330142,0.3410410391213136,0.2595153735569618,0.2698983491540156,0.21847450278911204,0.339364265370236,0.2724025974229579,0.29029572875130194,0.17282744084582077,0.24593908341270734,0.24896788157558436,0.2584438034704185,0.27982545084136123,0.32448796516074163,0.3121691975761409,0.331212601421064,0.27821342198057564,0.2164164001268096,0.39903772889549644,0.2268208804434434,0.4047072756084345,0.28935299831601335,0.20133496724670844,0.0788374478331403,0.6128185994774638,0.11514470028750878,0.2884791919274794,0.2560214694531477,-0.06115727451034495,1.4602391752979829,0.3367115546069741,0.6818531020590859,0.20426935392864073,0.2160565405591801,0.3146907648170769,-0.0244074705164685,0.415980783202503,0.23384306098723762,0.2503370892188821,0.08530050709727063,-0.2403422548184707,0.5049680679640122,0.2953667793451465,-0.34978138212425586,0.10590822751749335,-0.15648603707937223,0.06472511071120547,-0.16670621859559734,0.2014885333256624,-0.06687515687713537,-0.11712942696568407,0.027105474942627137,-0.025221097268180673,-0.12623065029597766,0.13737725177233473
