0.6223984272411514,0.19637555813769933,0.24429093076795283,0.03645648147893832,0.21716099081879364,0.07438378601010966,0.17913868197779792,0.07292330485126883,0.1240332827414884,0.12029380306760529,0.09438882192749816,0.11776468322366643,0.10479686013676996,0.11471409219258821,0.09774959088458685,0.10130200290787313,0.07262193395742002,0.12035349905709425,0.1306176212013828,0.06957743788425391,0.11542744204576781,0.14704167284789932,0.07012336517727864,0.08527711384343209,0.11547338547991054,0.0664103783584166,0.16005702838457997,0.0695352633409279,0.10906159004609138,0.08210623259790704,0.13021046286630056,0.09799920375059816,0.13057145990332877,-0.010428776890286975,0.04004391686045298,0.16924263784478186,0.07425086648285507,0.18403059775597205,0.11249502956345651,0.03202558197803322,0.1158417566123459,0.10755078275372014,0.15226942422388962,0.08666429960021031,0.05290330186710958,0.21111110822705595,0.12144352187804291,-0.1597663082133735,0.16114426552901012,-0.03237776500479897,0.027809308029908643,-0.0609559676594079,0.08854868498823083,-0.01714938680479688,0.04044204542681664,0.042343549008983544,-0.02143065013061087,0.03859193998152421,-0.10350882109360685
0.19637555813769933,3.9175694903872387,0.15251119684448555,-0.3425146203315694,0.05980144605998999,0.21265936165632754,0.0057518998024347874,0.17298044481511962,0.02950446886980639,0.1730142366023234,0.0013381755202619724,0.07738150476907957,0.08801166825822483,0.06800639234996712,0.06948665844685677,0.034485809790546176,0.07191983734342272,0.27591562743719483,0.2090699419646467,0.2543325127840001,0.33655812931245116,0.03623545506532103,-0.20905041853160594,-0.0907044584248315,0.045355562781353644,0.2937079704992474,0.3820916554850318,0.23567363405104136,0.22455073592602423,0.28833157634378465,0.26473829791289066,0.15558632038191697,0.16449614664771953,0.010619175063071432,0.05784167215118056,0.1811206986272708,0.23615728277680986,0.38465280711252314,-0.04770176562237886,0.2566293820163401,0.36666612654278297,0.31795961155558505,0.49913743385621606,0.01721180788561728,0.25677028689912684,0.3968673860579399,0.3237936217488288,-0.26347095490561895,0.6015832324148057,-0.854574637695716,1.3421219879955484,-0.10818938723519413,-0.33277279037772795,-0.023705993660791454,-0.8156522647438122,-0.021421504578862133,-0.014332960510863066,0.6884376065136674,0.17046440812717256
0.24429093076795283,0.15251119684448555,2.237533191009781,0.3528668768099803,0.06602734979952636,0.22093202979121318,0.17278165025524037,0.6075154163180289,0.48131060679252086,0.3050711616324236,0.4018979440210894,0.34200066580488625,0.34128027481114903,0.24471152742866623,0.3689174165508439,0.19068807235141025,0.3355064510264714,0.3732265217508432,0.25544651894231146,0.25307220686932475,0.3154047642745832,0.3067573758943468,0.20847046070371286,0.20439345419759722,0.324387269025334,0.27271328225674707,0.45628669671717553,0.3115176226117058,0.3279010132039029,-0.22173871238883497,0.3246755374380789,0.27534152099271897,0.3797711124362714,0.34004780577838256,0.24698059206878983,0.6010661148088551,0.30831411848748036,0.30505852554152985,0.4027961308306075,-0.3930838252227084,0.2600894822313929,0.3217032976240078,0.29107169316736475,0.06281754363593646,0.09551660499521486,0.6542465913646679,0.16986093334535923,-0.4904588884380051,0.04162171096640152,0.07387180753803127,-0.04102483164410243,0.2152288463099761,-0.07983419987227797,-0.15098328200377206,-0.08215239062390586,-0.06765604285354536,-0.18881185690753913,0.0810231952299263,0.0814754353715195
0.03645648147893832,-0.3425146203315694,0.3528668768099803,1.7391964005041314,0.2217178378221367,0.2907669748540775,0.41508821366601173,0.4371452913928883,0.1892512856564376,0.2707227034231095,0.3718309021913165,0.40014807329245455,0.3528890418765324,0.4049679044528885,0.30413783477895573,0.3672623311350922,0.3637869252679746,0.3453172228480948,0.21577226924198473,0.26235730044285627,0.29750994358049093,0.379399887232419,0.314661271147562,0.22799313775204996,0.35663077031716406,0.2960696741515629,0.3926908021670166,0.12500091679802305,0.2695569816331033,0.2851499363376915,0.25463289830845653,0.2680353646493832,0.24290020291904524,0.49242293106633706,-0.03624419441221565,0.29401899219790467,0.4068057607079713,0.44490500469556576,0.3961492582359098,0.02143311881117313,0.40768940435549667,0.2954118741826674,0.37458674720510055,0.5622044281666384,0.003891929990417055,0.2698647148689836,0.34919237296187317,-0.10015454513638118,0.5746533982427454,0.2251752831160317,-0.2945977858846394,0.3699621821661695,-0.15386913830817178,-0.1833964967049627,-0.21604786216144745,-0.0591392255873968,-0.2801024637096311,0.23571370087155974,0.18213043767378592
0.21716099081879364,0.05980144605998999,0.06602734979952636,0.2217178378221367,1.2748124087801265,0.3029788213215942,0.14088532293088704,0.2468683263918612,0.236267380803124,0.1602576137952679,0.1776303961110522,0.18960220163596067,0.23016807671825273,0.23866863138483266,0.18958965617349832,0.2973385969296577,0.23626245370145565,0.28013478951262444,0.5427277497097086,0.2527476298717206,0.22190817981727973,0.33544269269241345,0.21817855643764963,0.17510069392948632,0.19518953231271222,0.22435302171044946,0.37742548709730767,0.04018435499344381,0.14677485222089598,0.31703313476074463,0.2556378009563675,0.18380508981993024,0.2005249314082927,0.3652697381942842,-0.034780799625512976,0.23065582494189854,0.3868170586166215,0.3986519314195643,0.2857789492818797,0.07825668645511745,0.23449496510690937,0.2186258876377355,0.39763475370673573,0.27450671318345105,0.10055769680463275,0.2652507658022532,0.3306341164728645,-0.0980139209232249,0.4791842508116755,0.1840989029524024,-0.006287819232823347,-0.19231391621855667,0.16124828065153002,-0.1236349718704735,-0.10435120804114739,0.08938886494463286,-0.2085015289701539,0.13423544995919254,0.06511193218838528
0.07438378601010966,0.21265936165632754,0.22093202979121318,0.2907669748540775,0.3029788213215942,0.9583594813913016,0.10016232346423114,0.29086139918724774,0.14553869576000347,0.20354552104482454,0.24999912766240837,0.22571831690395402,0.2851403785836021,0.2387087085668583,0.2156293497759451,0.27833503354567096,0.3589840056321039,0.2505789555973785,0.45920614043343255,0.37967137109518,0.27419149261301584,0.46839008461164094,0.2526733642372689,0.21161009594515956,0.27552337081428196,0.23102445327850088,0.35098845063229434,0.1276725028676398,0.5654059303729291,0.20515555483176354,0.20808333937131435,0.23490836091843278,0.010198087362470892,0.39384210096896355,0.1345113120215663,0.1402087197477826,0.4238124967535166,0.34187429609593206,0.35163800451959304,0.053962686285779486,0.09287828690877685,0.27041012328942904,0.4650000538472507,0.3549734985651924,0.3222814679343612,0.12466861111508828,0.28381336454739453,0.02881678987063472,0.3282843527642758,0.4693452265504047,-0.5502528395879891,0.1785616370827683,-0.15041280797493384,0.008298408545055895,-0.20981638764598842,-0.012865755511776357,-0.26990871693360813,0.20397035954552184,0.1975275329532112
0.17913868197779792,0.0057518998024347874,0.17278165025524037,0.41508821366601173,0.14088532293088704,0.10016232346423114,0.7308480553250577,0.07660814828517541,0.30221095001561227,0.21818618652154187,0.22847490209612265,0.2880176820044397,0.23797396615855645,0.13345069603618687,0.1695761570462342,0.18875103979416705,0.19998469742012645,0.24223291254079032,0.1460374140100669,0.14575300959425988,0.21945776936053554,0.29493090119982684,0.21314251085317149,0.20112024119735838,0.20381216343243008,0.24511819952772473,0.2606929337606135,0.07253731515951033,0.10581498617706178,0.17004626165661613,0.21937086889698107,0.20459145717454072,0.1914072417482284,0.28747768878836,-0.008307422315329594,0.21797816753133753,0.154678521301663,0.27502833098085405,0.20487241646816795,0.08838760859438358,0.2724419027696296,0.21943441012352233,0.29144435589363166,0.2569856758214816,-0.025758558270151537,0.25284854145170865,0.25268622804455965,-0.1302940269177781,0.4706335449008787,-0.1287567098736489,0.011603199020102855,0.08543326724163583,0.05793164486239787,-0.058283707736052175,0.027302564339317253,0.11675648983084444,-0.10227510968644887,-0.04428881611590197,0.007577826826929097
0.07292330485126883,0.17298044481511962,0.6075154163180289,0.4371452913928883,0.2468683263918612,0.29086139918724774,0.07660814828517541,1.2770706114924968,0.054053569376846536,0.2482423524000588,0.4336653589008208,0.29433166529678123,0.4121621713776185,0.3184779005740825,0.2640583462795272,0.27361470496383683,0.4431541770895864,0.3518417486195175,0.2453798081746751,0.38829090318728243,0.25677758583472354,0.2600349164476161,0.21818367733244395,0.11052593239654922,0.3567540674753163,0.32246312454875586,0.43265883765711566,0.37366565363876403,0.37623919819303003,0.21232630454192955,0.23064018862129906,0.2481646871505019,0.3096800050978338,0.4300176013155273,0.40248012280274864,0.31405327921927517,0.48213447512672425,0.2164574459932707,0.590821427096542,-0.05040112864068691,0.3374698040271748,0.2621707389121583,0.33893761607701756,0.10465817128533134,0.026446104933795896,0.40417228716898074,0.32604814633052936,-0.22921685059125338,0.47048770070067863,0.31140473554446885,-0.19295122977781445,0.18234548371361328,-0.14966390829615586,-0.10430794396698606,-0.36889382091617756,-0.14152771465415898,-0.21120815481583746,0.5198738606856255,0.013228561062398071
0.1240332827414884,0.02950446886980639,0.48131060679252086,0.1892512856564376,0.236267380803124,0.14553869576000347,0.30221095001561227,0.054053569376846536,0.8316603386560596,0.1979465133015415,0.18196432684865982,0.17733044787276137,0.2173411485529759,0.24893495812457106,0.20998317928319715,0.1853773490519407,0.16607710294792094,0.2430986712743443,0.12289073565666997,0.06551187868113813,0.2457706791092311,0.23260532389207034,0.18887568902784654,0.25813840165694196,0.18500925781000396,0.3943478214298369,0.4121000148922877,0.16544744141478507,-0.048876434070803394,0.17208361788312684,0.2905814339799133,0.18869776462233154,0.29313535705104166,0.07693496829103434,0.12315766720443658,0.283238741471723,0.10077677843817325,0.2816198182453597,0.17172654738795373,0.05347625199577453,0.27297906298118596,0.242949095228463,0.34451078639352145,0.1721709260589347,-0.0565711028991883,0.3734324382927885,0.2607635312439979,-0.30090531946027055,0.830327350647734,-0.10027305392419739,0.021602694628439376,-0.15648540600158217,0.20939446861352537,0.003181227914261665,0.07695917042697364,0.34421723200156584,-0.12247319528512614,-0.10346131527154918,-0.08576351202422236
0.12029380306760529,0.1730142366023234,0.3050711616324236,0.2707227034231095,0.1602576137952679,0.20354552104482454,0.21818618652154187,0.2482423524000588,0.1979465133015415,0.5473632499936372,0.22615292177585983,0.23988142102742763,0.2548863282555648,0.1626625816167219,0.2154080259242533,0.1786522106753079,0.24043397968665878,0.24858231826377902,0.16378292886772366,0.13116207273523414,0.15836530255341835,0.2643539986839839,0.2767379814357365,0.2078038188488987,0.228529275991227,0.21543609707675307,0.21596232932156909,0.12222100571049516,0.23799760917688756,0.21403636195099315,0.19833388403483784,0.18395530905363716,0.07512052685496351,0.39508646428744526,0.20718808117646303,0.3009417618419588,0.20028982601684472,0.1851602939397462,0.2367215831304376,0.012893980763171383,0.32307177497674383,0.16546213301801493,0.177589066211144,0.18771976064768725,-0.10992576790138642,0.31509644414269916,0.26279292039677077,-0.2546970429335177,0.33482956529585184,-0.03251225293353985,0.05805161420764387,-0.1974494441527167,0.09787081277118231,0.051534264457746226,-0.044690975005178483,0.06159353187624833,-0.0800409091196554,-0.015912831234677974,0.054449256193159996
0.09438882192749816,0.0013381755202619724,0.4018979440210894,0.3718309021913165,0.1776303961110522,0.24999912766240837,0.22847490209612265,0.4336653589008208,0.18196432684865982,0.22615292177585983,0.5120828459759196,0.3471800081552795,0.31701161133815625,0.2198801814551994,0.2991711365481334,0.2424916284081239,0.3188985487020401,0.2508471640201452,0.15864500325257946,0.3110356946375799,0.23970174035875563,0.21872441647424218,0.20117932692634993,0.19755672239767036,0.27947371493059936,0.24703776983392228,0.34103696827117685,0.25323175892499067,0.2775818362751586,0.21628882677761815,0.24509039239176272,0.2093613326886832,0.25795290625144923,0.29324210517175925,0.3180926852982671,0.2746576334150311,0.3226731756327688,0.23257804831664847,0.40349007502350553,0.01318540342389508,0.2556501757644204,0.24279516031459547,0.3207913185863351,0.13480776454536017,0.042528356884447484,0.33722807352341216,0.28231587825065874,-0.18512718094124841,0.45770546456210404,0.14097910997799162,-0.19555295010614046,-0.05049443909915464,0.12058562603040064,-0.006818598168137958,-0.11134370897064136,0.0012688005859395211,-0.1982318234727774,0.1314790874812135,0.09394798086339269
0.11776468322366643,0.07738150476907957,0.34200066580488625,0.40014807329245455,0.18960220163596067,0.22571831690395402,0.2880176820044397,0.29433166529678123,0.17733044787276137,0.23988142102742763,0.3471800081552795,0.6709706629568719,0.279526458118219,0.23032293933357859,0.2371561801811264,0.2810906540787319,0.2497159351718923,0.1597731223987081,0.1875579740260471,0.2476684028706211,0.19753962056755664,0.20152495485667782,0.13712213685820598,0.16926403850274285,0.278389936028142,0.2911489127874558,0.30243375724812777,0.13403091831252173,0.13960058349071597,0.17495622670574443,0.1935686956572632,0.26751165198005855,0.21633948070501824,0.27999320247904425,0.11607907583651597,0.25265017312176236,0.1770516627968893,0.26509972993925013,0.26084133693367756,0.013066382377260698,0.16960024451110128,0.19789058356786834,0.28110839431162926,0.1823738042396732,0.043327362298910946,0.2651563108981824,0.210814858723113,-0.11454754993047142,0.34655824770176535,-0.07808410258260992,-0.12536575407304104,0.15676877643982653,0.08094749432687735,-0.04402703982066511,-0.10324985176950703,0.039709410556777416,-0.17323609199372303,0.13539957307794376,-0.021633264129696673
0.10479686013676996,0.08801166825822483,0.34128027481114903,0.3528890418765324,0.23016807671825273,0.2851403785836021,0.23797396615855645,0.4121621713776185,0.2173411485529759,0.2548863282555648,0.31701161133815625,0.279526458118219,0.5716450943334556,0.2383574711190542,0.1905154649602169,0.26102402765596694,0.3120575548117095,0.2828903949055048,0.2230566163683662,0.19295745925952867,0.2614101984793968,0.38193507104319296,0.24294675849420672,0.2093548915423811,0.26445968165158434,0.234271747299395,0.3221794097752293,0.282137009242198,0.32720175005612606,0.2311876246105283,0.22908516393657494,0.2639084906505271,0.2942581926467062,0.31614741831109655,0.28300043466069025,0.2536421226562168,0.2903346250052936,0.23152566256329143,0.4182402729462605,0.035522927658103644,0.2694580221292332,0.2638757088800754,0.3697324471443826,0.2084505537066273,0.006124028930075556,0.35067251549124323,0.31079809955846804,-0.20710128771792682,0.4647009581371693,0.18792764457510175,-0.12271704037547673,-0.05145562282674265,-0.015255406718245244,-0.005781751448120104,-0.07747749807316125,-0.06713870777095877,-0.2262246946444445,0.01706702589285665,0.298740969174239
0.11471409219258821,0.06800639234996712,0.24471152742866623,0.4049679044528885,0.23866863138483266,0.2387087085668583,0.13345069603618687,0.3184779005740825,0.24893495812457106,0.1626625816167219,0.2198801814551994,0.23032293933357859,0.2383574711190542,0.6177343323705843,0.2645918412651307,0.34749574025327207,0.24869241264588843,0.18041867752703836,0.2020920708486198,0.24541375924809722,0.22155522231735866,0.2063312116180544,0.14899084875959834,0.16658565195972191,0.23964433824653422,0.2702144150280768,0.364734707512517,0.19754344923182607,0.21044274224198625,0.2962783936284203,0.20755513021605557,0.16779144862952647,0.17677124691201238,0.204291627976164,0.18486843996947053,0.3007317708770366,0.2670514730059769,0.2749390814025713,0.2317963948473964,0.05949930204282298,0.33933982430859294,0.22064658553177016,0.3333741117163747,0.1890422189928358,0.014269310764177073,0.32624402407706,0.2624777408592907,-0.22709859684636716,0.6039611202682625,0.06872619746456599,-0.020109431119316765,0.0599820827451191,-0.058401675685618396,-0.057178123901125845,-0.23437371321589362,0.045139458931460465,-0.2939341666977898,0.2830602181048004,0.15078467095385809
0.09774959088458685,0.06948665844685677,0.3689174165508439,0.30413783477895573,0.18958965617349832,0.2156293497759451,0.1695761570462342,0.2640583462795272,0.20998317928319715,0.2154080259242533,0.2991711365481334,0.2371561801811264,0.1905154649602169,0.2645918412651307,0.7636343185925358,0.20381194190264723,0.27670537345072466,0.2993289474528321,0.1756644564368132,0.3164916488803088,0.2555311573330984,0.09717812636583387,0.16871750857683973,0.1855717234040799,0.2867820829033961,0.16892843845629624,0.42223788263397477,0.27640364827384784,0.2947331459114738,0.23662111579214484,0.2775654833310927,0.09938453938383969,0.25334545184594653,0.271110454013544,0.20624677034286595,0.32040871300373047,0.47034667232759236,0.17794940980853943,0.3603117020080932,-0.01747584459066796,0.30062808421419007,0.25732797666122414,0.31365382986066226,0.061220598799448994,0.08082211721795989,0.3293600705348909,0.29862377324116424,-0.1566986327104464,0.5446288501116336,0.3717400194211357,-0.20694854740342228,0.20069802471059806,-0.22043970536842838,-0.11445629537474833,-0.11498327379403396,0.14720531060943817,-0.29479906310935783,0.13967467981685608,0.13202114384033997
0.10130200290787313,0.034485809790546176,0.19068807235141025,0.3672623311350922,0.2973385969296577,0.27833503354567096,0.18875103979416705,0.27361470496383683,0.1853773490519407,0.1786522106753079,0.2424916284081239,0.2810906540787319,0.26102402765596694,0.34749574025327207,0.20381194190264723,0.6866503054345354,0.3076453082675612,0.18311308769943105,0.24574611847455136,0.21845508736885874,0.22592661709936848,0.2882742260954327,0.14018547650729396,0.1734132537423521,0.2683103095825269,0.20940205755423857,0.4189184240795929,0.2427257181470583,0.23777962765041818,0.2957009227278978,0.1970869934308796,0.22551349183877165,0.22435633885908035,0.24609710392547185,0.2934457670454589,0.2566750894610866,0.3023473141261804,0.25977258843030276,0.3145266907708634,0.10543507095299016,0.2869918501721148,0.22702159119792387,0.45744838103957214,0.21518065078527068,0.1188245244021787,0.28727359416936815,0.27594365861346154,-0.15084397813828762,0.49415211097314926,0.042604137239654775,-0.19658940790940777,0.12208484478633222,0.06955155425572272,-0.04052803969358465,-0.16397158517573623,0.02211925356075991,-0.27654529468472316,0.19405012450525047,0.1651995832212121
0.07262193395742002,0.07191983734342272,0.3355064510264714,0.3637869252679746,0.23626245370145565,0.3589840056321039,0.19998469742012645,0.4431541770895864,0.16607710294792094,0.24043397968665878,0.3188985487020401,0.2497159351718923,0.3120575548117095,0.24869241264588843,0.27670537345072466,0.3076453082675612,0.7565108421668157,0.33073278602463996,0.3135943938372994,0.3536848329438323,0.33102210508395297,0.40279360986674717,0.18415508828362023,0.17485625798124801,0.32064197208423517,0.15892091376682096,0.5925495225216706,0.44205086974219837,0.2985731484649977,0.36748158402916703,0.3243458677384614,0.2393577722033326,0.4497974568720765,0.3145964293733919,0.33784901197194706,0.30312472959415604,0.5662708332826568,0.4233691570782596,0.46597364612588693,0.04868133357385341,0.29320859953471967,0.3495355581407563,0.6526710668164195,0.24033255723065566,0.27722907463070084,0.40644968552336747,0.4240325896315417,-0.18591767616324278,0.4938309473627076,0.16768113064496373,0.1048625540920116,-0.07774659056535879,-0.16707177388619202,-0.08201534265680413,-0.22688972323827863,-0.07010228400896515,-0.2303684176702794,0.22291060557796252,0.1767650240716808
0.12035349905709425,0.27591562743719483,0.3732265217508432,0.3453172228480948,0.28013478951262444,0.2505789555973785,0.24223291254079032,0.3518417486195175,0.2430986712743443,0.24858231826377902,0.2508471640201452,0.1597731223987081,0.2828903949055048,0.18041867752703836,0.2993289474528321,0.18311308769943105,0.33073278602463996,0.9790414363977927,0.3442694533824146,0.17973901481879725,0.37482882159544134,0.3004291541250992,0.5136765088170591,0.15217425577395802,0.2889687615487142,0.2767120385902015,0.5318335947700563,0.3039489440745596,0.3816562934051797,0.18693749916300295,0.44864518916655405,0.2032329808015985,0.30443958775413343,0.3536468029439518,0.09617810064776713,0.5012206224354765,0.3161969979288806,0.3281552104660124,0.32481826526074753,0.2088485941519543,0.5343137478567017,0.3733283932129507,0.43288125797951504,0.14574047202465426,-0.026978404429466293,0.6557384143743374,0.5680099078303245,-0.4321457853109537,0.586877154348096,0.054353960463970966,0.7182291009364431,-0.27724439207573887,-0.42084758073246215,-0.13616123428868315,-0.14249506637065915,0.020960196533305376,-0.17812567491686634,0.13097333578656128,0.17997944704971836
0.1306176212013828,0.2090699419646467,0.25544651894231146,0.21577226924198473,0.5427277497097086,0.45920614043343255,0.1460374140100669,0.2453798081746751,0.12289073565666997,0.16378292886772366,0.15864500325257946,0.1875579740260471,0.2230566163683662,0.2020920708486198,0.1756644564368132,0.24574611847455136,0.3135943938372994,0.3442694533824146,0.9717015630843021,0.34658718934124183,0.26594050620345666,0.4277231211942755,0.047656011357878364,0.10985134477679723,0.12080406392236938,0.1619385289099063,0.4522199929772393,0.191268588624368,0.10094503425102763,0.2830184232122891,0.35263966241591327,0.250712412951069,0.16095748008816577,0.292956817650977,-0.05804887129549097,0.3433640945461761,0.1511303627133343,0.5000385316903092,0.19755908486114473,0.1444876947390235,0.175898179153714,0.25379245021089675,0.5131817604063379,0.24680429338994636,0.33660215844145813,0.3542014080750038,0.32871045150310146,-0.15797215294127412,0.18577553516448098,-0.403626668998676,0.6907193346633984,0.4720342818540122,-0.5388104048679246,-0.19644248447077156,-0.1833884089022936,0.0381425567188385,-0.1596214293829603,0.18322258724549967,0.06985898074457694
0.06957743788425391,0.2543325127840001,0.25307220686932475,0.26235730044285627,0.2527476298717206,0.37967137109518,0.14575300959425988,0.38829090318728243,0.06551187868113813,0.13116207273523414,0.3110356946375799,0.2476684028706211,0.19295745925952867,0.24541375924809722,0.3164916488803088,0.21845508736885874,0.3536848329438323,0.17973901481879725,0.34658718934124183,1.0919744074574518,0.14294041757049397,0.006327741209465596,0.3110193273544978,0.21236986261713364,0.27689343182752807,0.170552251289171,0.2932308881979028,0.2075723760095552,0.6479155881813653,0.2707837596859804,0.1720934237360397,0.1299472489193325,0.07544953615755658,0.43228853755546853,0.3152810191572294,0.26529370992449125,0.5228294901458279,0.23400036796966725,0.32445298453466925,0.1829572075900536,0.37430378151111426,0.14134073648819098,0.29055539549371645,0.1104618758617906,0.048013206118247324,0.345296279262747,0.27764807356344595,-0.15590942899028853,0.49387793180517287,-0.032493512528712735,-0.1244261351661981,0.20750282436020157,0.03278552758787816,-0.06831354751910357,-0.149432432842461,0.01565714635463771,-0.21747362214258967,0.16337275661475936,0.138254599311978
0.11542744204576781,0.33655812931245116,0.3154047642745832,0.29750994358049093,0.22190817981727973,0.27419149261301584,0.21945776936053554,0.25677758583472354,0.2457706791092311,0.15836530255341835,0.23970174035875563,0.19753962056755664,0.2614101984793968,0.22155522231735866,0.2555311573330984,0.22592661709936848,0.33102210508395297,0.37482882159544134,0.26594050620345666,0.14294041757049397,0.5328375294470625,0.2875989466183435,0.1657733360048226,0.1651653205312497,0.24351901787983796,0.235335943442352,0.5422723398156409,0.27288100258676967,0.12867530006842276,0.33844464819422176,0.35540816860714286,0.23406074956665418,0.4187859767368918,0.10304250211307661,0.07800763235604177,0.32502390575782486,0.2662305526068457,0.4734515759270462,0.3691160287124255,0.1535586514452849,0.2997320959456715,0.5215819843768,0.6932117564228696,0.26871438005091575,0.3580758282306909,0.44040005497404383,0.44033268010007687,-0.17146790199471498,0.705810603528001,-0.017338425161625554,0.18723646891793463,-0.016667985424661167,-0.08724819382034296,-0.09775840917182631,-0.1759456763224662,0.0019500663634906803,-0.24167430283769634,0.1767006080519444,0.23472156421084744
0.14704167284789932,0.03623545506532103,0.3067573758943468,0.379399887232419,0.33544269269241345,0.46839008461164094,0.29493090119982684,0.2600349164476161,0.23260532389207034,0.2643539986839839,0.21872441647424218,0.20152495485667782,0.38193507104319296,0.2063312116180544,0.09717812636583387,0.2882742260954327,0.40279360986674717,0.3004291541250992,0.4277231211942755,0.006327741209465596,0.2875989466183435,1.8518117502261797,0.23269818640250406,0.19054098324556937,0.2534568354881028,0.1361414974998311,0.546140544496088,0.28384053314135865,0.3177375304421361,0.3012179523615408,0.2788315412342145,0.47034455051535917,0.4140642190164271,0.4178187894150836,0.1208884208633839,0.04876420298330756,0.4035935456830344,0.574671639172041,0.44143287450764707,-0.09637795186398547,0.1486290164978795,0.2904532862615996,0.826495085065226,0.43832522665994406,0.3319369352939746,0.24069041536374508,0.38304062559743424,-0.15720651196100371,0.17476396888427212,0.27329092381362596,-0.19941513031179972,0.17262686516447745,-0.19337858819380938,-0.10451239167028091,-0.11990986081445251,-0.04094761372362399,-0.19012897743897492,0.051485655582376354,0.19356021075326724
0.07012336517727864,-0.20905041853160594,0.20847046070371286,0.314661271147562,0.21817855643764963,0.2526733642372689,0.21314251085317149,0.21818367733244395,0.18887568902784654,0.2767379814357365,0.20117932692634993,0.13712213685820598,0.24294675849420672,0.14899084875959834,0.16871750857683973,0.14018547650729396,0.18415508828362023,0.5136765088170591,0.047656011357878364,0.3110193273544978,0.1657733360048226,0.23269818640250406,1.5667834369788798,0.4660350842885497,0.4288257980546409,0.06988391193596953,-0.1900732146735779,-0.04340800911007937,0.9358855236416984,-0.0850309298933539,-0.20641339516086593,0.07946985695455187,-0.002759623594166348,0.5328247564397071,0.06810460974841281,0.22349846335286025,0.23571569153361147,-0.26909707063876964,0.32874303921265835,0.1025947709850803,0.3562007184871325,0.17427773791751752,-0.0771975401416055,0.06762799712608537,-0.45158220467316984,0.3333264753645609,0.3007963973903714,-0.17179062211434507,0.4550227398885588,0.531011143735781,-0.532180160109959,-0.2072490259658671,0.2240881571815183,-0.03810360277096462,0.16763471930333232,-0.004336326957530465,-0.23728208279018037,-0.2782706189376008,0.4074861125802038
0.08527711384343209,-0.0907044584248315,0.20439345419759722,0.22799313775204996,0.17510069392948632,0.21161009594515956,0.20112024119735838,0.11052593239654922,0.25813840165694196,0.2078038188488987,0.19755672239767036,0.16926403850274285,0.2093548915423811,0.16658565195972191,0.1855717234040799,0.1734132537423521,0.17485625798124801,0.15217425577395802,0.10985134477679723,0.21236986261713364,0.1651653205312497,0.19054098324556937,0.4660350842885497,0.6369076933201994,0.260889940522121,0.1586535122584136,-0.022403886074739005,0.14219269953747457,0.2988368073117848,0.3146434636909203,0.23407462661710154,0.12251617128947763,0.14403966058691012,0.28818027233257876,0.23394337573031082,0.31721242166228186,0.24278134379533678,0.15773912744346677,0.2726589938131169,0.0023332728145256756,0.21434306462826336,0.1664237124975889,0.06924124308373268,0.11450754952589393,-0.08941566560076675,0.3086554024519387,0.2765050913380547,-0.17552659472136858,0.5034256117333697,0.15315549198874048,-0.35248112348794863,0.0027152718822252625,0.18318096734214442,-0.002431039688961132,0.21267168093299674,0.1373174317751209,-0.167925103449732,-0.4480301944841851,0.38996539244431033
0.11547338547991054,0.045355562781353644,0.324387269025334,0.35663077031716406,0.19518953231271222,0.27552337081428196,0.20381216343243008,0.3567540674753163,0.18500925781000396,0.228529275991227,0.27947371493059936,0.278389936028142,0.26445968165158434,0.23964433824653422,0.2867820829033961,0.2683103095825269,0.32064197208423517,0.2889687615487142,0.12080406392236938,0.27689343182752807,0.24351901787983796,0.2534568354881028,0.4288257980546409,0.260889940522121,0.8962186962438073,0.16075720505169472,0.4822843057460456,0.23494884463317697,0.46846938543363736,0.44656127847271776,0.17496753277748747,0.1905958094607754,0.271971803256289,0.4061207602155959,0.28008899338119175,0.40334772862405,0.5393656865130205,0.3222543157244178,0.4731892001807162,-0.0377645836083824,0.41824601577109316,0.2510883709880169,0.41203415799849386,0.24931134492087556,0.05020332660639915,0.4987178831517849,0.390034717119433,-0.3287947116550728,0.3191289066335675,0.31078867525086284,-0.5557561555448893,0.1702592932838017,0.13364868024171958,-0.08494752318876962,-0.07302897898265406,0.008974235318806907,-0.19832303612017835,0.0657655687094326,0.15674577508975052
0.0664103783584166,0.2937079704992474,0.27271328225674707,0.2960696741515629,0.22435302171044946,0.23102445327850088,0.24511819952772473,0.32246312454875586,0.3943478214298369,0.21543609707675307,0.24703776983392228,0.2911489127874558,0.234271747299395,0.2702144150280768,0.16892843845629624,0.20940205755423857,0.15892091376682096,0.2767120385902015,0.1619385289099063,0.170552251289171,0.235335943442352,0.1361414974998311,0.06988391193596953,0.1586535122584136,0.16075720505169472,1.5584434289579534,0.2738596665889799,-0.03654251659450336,-0.4186185880652016,0.21259514815734776,0.3050991702577711,0.43846662559305943,0.032244599553378335,0.2192802880714901,-0.08543451955327658,0.14718175335578487,-0.37753509919742717,0.37636070162720725,-0.3479099451588705,0.15640516703160495,0.6316638680091692,0.23929353798409997,0.24156779991723162,0.1620267566922137,-0.49220871335229793,0.4222461580707294,0.27798800071521157,-0.43554561340308817,1.2549258342833383,-0.23368399638315673,0.2919481861234776,-0.2854873539023727,-0.019948697519798535,0.08592378843585308,-0.23824733432721001,0.12178591170575642,-0.10512386158401005,0.2878274348018103,-0.09277681126836083
0.16005702838457997,0.3820916554850318,0.45628669671717553,0.3926908021670166,0.37742548709730767,0.35098845063229434,0.2606929337606135,0.43265883765711566,0.4121000148922877,0.21596232932156909,0.34103696827117685,0.30243375724812777,0.3221794097752293,0.364734707512517,0.42223788263397477,0.4189184240795929,0.5925495225216706,0.5318335947700563,0.4522199929772393,0.2932308881979028,0.5422723398156409,0.546140544496088,-0.1900732146735779,-0.022403886074739005,0.4822843057460456,0.2738596665889799,3.439106276204801,0.7184269734413908,-0.3691180776180567,1.348649317223224,0.7203117739867635,0.43717673391946804,1.3025925496465618,0.10960924937030235,0.1969838511831892,1.1464231580430697,0.8476257096851018,0.8399579640133159,0.6320549126190008,0.05208669643269227,0.6744914939315534,0.5761466637329474,2.1257489521147934,0.2507009038602434,0.3538192842983844,1.0486424257123828,0.7882314109573003,-0.8981136974887498,2.2856919769140895,-0.30924638534601767,0.19133504690821154,0.3160690265981071,0.08187345290818089,-0.23271075451704754,-0.41815434402014157,0.10333476518842541,-0.19763163836947056,0.41893237133101363,0.1222054743105215
0.0695352633409279,0.23567363405104136,0.3115176226117058,0.12500091679802305,0.04018435499344381,0.1276725028676398,0.07253731515951033,0.37366565363876403,0.16544744141478507,0.12222100571049516,0.25323175892499067,0.13403091831252173,0.282137009242198,0.19754344923182607,0.27640364827384784,0.2427257181470583,0.44205086974219837,0.3039489440745596,0.191268588624368,0.2075723760095552,0.27288100258676967,0.28384053314135865,-0.04340800911007937,0.14219269953747457,0.23494884463317697,-0.03654251659450336,0.7184269734413908,1.7297518093626163,0.051485621388857414,0.5014437181827163,0.45254802802605054,0.15888086547832975,1.1117270254972953,-0.04270184677815687,1.5376368971631273,0.15135520487317608,1.1230295236778085,0.35998972816502267,0.5854390404068271,-0.07102539748453497,0.29800542566757976,0.24425952762526382,0.866131570319718,-0.026075191773751703,0.33742173229482525,0.37827806577623196,0.4595758432672266,-0.04095774345629456,0.5632450091488121,0.5798161150497797,-0.2779766838942156,0.7606379608981125,-1.0861277867461538,0.024627069286312506,0.0004892552412557954,-0.01166635917682693,-0.20572879347401093,0.04266576674318853,0.32328991546151725
0.10906159004609138,0.22455073592602423,0.3279010132039029,0.2695569816331033,0.14677485222089598,0.5654059303729291,0.10581498617706178,0.37623919819303003,-0.048876434070803394,0.23799760917688756,0.2775818362751586,0.13960058349071597,0.32720175005612606,0.21044274224198625,0.2947331459114738,0.23777962765041818,0.2985731484649977,0.3816562934051797,0.10094503425102763,0.6479155881813653,0.12867530006842276,0.3177375304421361,0.9358855236416984,0.2988368073117848,0.46846938543363736,-0.4186185880652016,-0.3691180776180567,0.051485621388857414,3.199451983512884,-0.4978474924849626,-0.2187781676239544,0.03595809798925182,-0.4662050008706029,0.7695982085508659,0.33010232111911253,0.6936545152784692,0.23380092405511238,-0.5967202603698298,0.6204333877891821,0.055831633105446345,0.8875593455449847,0.12842422882159787,-0.6335335429469721,-0.3442703693668388,-0.7093253182582404,0.48704190008889925,0.050154924777866754,-0.5638197084564719,0.192778604794336,1.6912393539636994,-1.648338016432655,0.42236529098861986,-0.4846112685814517,0.04618499338210391,-0.017378600575251087,-0.19471588076439855,-0.3542430367920751,-0.028714452313208877,0.4784206253277789
0.08210623259790704,0.28833157634378465,-0.22173871238883497,0.2851499363376915,0.31703313476074463,0.20515555483176354,0.17004626165661613,0.21232630454192955,0.17208361788312684,0.21403636195099315,0.21628882677761815,0.17495622670574443,0.2311876246105283,0.2962783936284203,0.23662111579214484,0.2957009227278978,0.36748158402916703,0.18693749916300295,0.2830184232122891,0.2707837596859804,0.33844464819422176,0.3012179523615408,-0.0850309298933539,0.3146434636909203,0.44656127847271776,0.21259514815734776,1.348649317223224,0.5014437181827163,-0.4978474924849626,4.2336149725708205,0.7793334117031282,0.33277268539162175,0.7984748498041786,0.21644571631490303,0.382261387819786,0.8222801365245868,0.7953378229419517,1.1173149988239313,0.8032928932925416,-0.04835611456700365,0.8341740935525732,0.34085678703588046,1.1967371746054796,0.3148629855900469,0.5717232222300914,1.4571495017885696,1.7846991695526937,-1.44306873378943,2.10760798630519,-0.37425618946814704,0.09412610312033266,-0.005246582190969297,0.34604949136834146,-0.10737820132071776,-0.39461733426178036,-0.10477727964179463,-0.2672146989687594,0.42013021352535573,0.34653585574600804
0.13021046286630056,0.26473829791289066,0.3246755374380789,0.25463289830845653,0.2556378009563675,0.20808333937131435,0.21937086889698107,0.23064018862129906,0.2905814339799133,0.19833388403483784,0.24509039239176272,0.1935686956572632,0.22908516393657494,0.20755513021605557,0.2775654833310927,0.1970869934308796,0.3243458677384614,0.44864518916655405,0.35263966241591327,0.1720934237360397,0.35540816860714286,0.2788315412342145,-0.20641339516086593,0.23407462661710154,0.17496753277748747,0.3050991702577711,0.7203117739867635,0.45254802802605054,-0.2187781676239544,0.7793334117031282,1.1369050772328135,0.21574024732101368,0.44686029593368165,0.23195225198260236,0.2968773738459508,0.7542274584199801,0.4205407729196968,0.7754133352322228,0.34892694450116374,0.05512606136790349,0.4530374998043831,0.3441404822248231,0.5162094360688645,0.27061462553935556,0.24825752174687687,0.7288102350363006,0.5652647548673906,-0.5213711203531154,0.4645540369993865,-0.24813714412226204,0.5737104646684517,-0.0047074628657589445,-0.26443232144122014,-0.07864476177293947,-0.08197854938147776,0.1462863582414238,-0.09220384997643599,3.632581086364427e-5,0.0749976673935694
0.09799920375059816,0.15558632038191697,0.27534152099271897,0.2680353646493832,0.18380508981993024,0.23490836091843278,0.20459145717454072,0.2481646871505019,0.18869776462233154,0.18395530905363716,0.2093613326886832,0.26751165198005855,0.2639084906505271,0.16779144862952647,0.09938453938383969,0.22551349183877165,0.2393577722033326,0.2032329808015985,0.250712412951069,0.1299472489193325,0.23406074956665418,0.47034455051535917,0.07946985695455187,0.12251617128947763,0.1905958094607754,0.43846662559305943,0.43717673391946804,0.15888086547832975,0.03595809798925182,0.33277268539162175,0.21574024732101368,0.8276780799276104,0.3696058893197085,0.2129676177827846,-0.039260565660094414,0.27509635117874665,-0.11635115403260789,0.44048081669728373,0.10977394880753694,-0.01002311299977943,0.17414077924568228,0.2284088287617806,0.4260840522162105,0.15344090626415574,0.002570468350825858,0.41781748687541387,0.3172623067091791,-0.37603838258596717,0.4631313272963979,-0.2099679678931767,0.20932090335450687,0.07627949478126035,-0.11037262812612651,0.007854335118259462,-0.1852477795959149,-0.05640462502685237,0.06290834115317995,0.10796184687475428,-0.02963711654183179
0.13057145990332877,0.16449614664771953,0.3797711124362714,0.24290020291904524,0.2005249314082927,0.010198087362470892,0.1914072417482284,0.3096800050978338,0.29313535705104166,0.07512052685496351,0.25795290625144923,0.21633948070501824,0.2942581926467062,0.17677124691201238,0.25334545184594653,0.22435633885908035,0.4497974568720765,0.30443958775413343,0.16095748008816577,0.07544953615755658,0.4187859767368918,0.4140642190164271,-0.002759623594166348,0.14403966058691012,0.271971803256289,0.032244599553378335,1.3025925496465618,1.1117270254972953,-0.4662050008706029,0.7984748498041786,0.44686029593368165,0.3696058893197085,2.2532990335014493,-0.22525197349961298,0.22948847710502468,-0.13593056934691694,1.0863060232735675,0.5891078703354629,0.599298056802437,-0.3762956585017875,-0.4789813968424186,0.3922591717284469,1.3806473327036595,0.06549898532938322,0.4142127023833124,0.23129594856253644,0.6876116530265037,0.13441474160638703,1.3028937615800338,0.15334399365620616,-0.1626991788567935,0.13140406677024355,0.057248448139203614,-0.2829842893693396,-0.06664815283509282,-0.11043586911808112,-0.19400918250742508,0.10541591946884847,0.3307451742939007
-0.010428776890286975,0.010619175063071432,0.34004780577838256,0.49242293106633706,0.3652697381942842,0.39384210096896355,0.28747768878836,0.4300176013155273,0.07693496829103434,0.39508646428744526,0.29324210517175925,0.27999320247904425,0.31614741831109655,0.204291627976164,0.271110454013544,0.24609710392547185,0.3145964293733919,0.3536468029439518,0.292956817650977,0.43228853755546853,0.10304250211307661,0.4178187894150836,0.5328247564397071,0.28818027233257876,0.4061207602155959,0.2192802880714901,0.10960924937030235,-0.04270184677815687,0.7695982085508659,0.21644571631490303,0.23195225198260236,0.2129676177827846,-0.22525197349961298,1.977306176352076,0.2846224445141744,0.46879613067003356,0.8749747088674771,-0.037920500421229915,0.4657560395656335,-0.41132709388947214,0.5280067796078157,0.12347580016297596,-0.18469470322921697,0.1493574982906856,-0.583180748088276,0.10899544576044488,0.29936162023466056,0.0752144662845396,-0.0520798853808835,0.2647655257320526,-0.35053211703945336,0.08154776236443045,0.0023100332781435333,-0.10389770400068074,-0.13987028315037262,-0.0698920211435679,-0.2846448596337347,0.06294630385700935,0.26723949969510363
