1.4205255101032093,-0.054626998911257225,-0.06282825463983154,-0.06701543675735859,-0.061398082865785554,-0.03264171844246234,0.04738570306522888,0.03885630526141473,0.026385526405505833,0.02219462251059808,0.02158111586121603,0.030392878231813275,0.028570426337540443,0.025937946344558885,0.025788343005922913,0.020510518651563735,0.01875708689681191,0.01931076606149198,0.01713860571022307,0.018730561294910228,0.01957073205527369,0.018974110200403238,0.016477691312387775,0.013064141733210553,0.009613547732329128,0.007136242006207763,0.0051241450095048,0.0032884106225825266,0.0016041037816090656,0.00043205092816905194,-8.288481739583682e-5,-0.0016180711680339657,-0.0024260737365903724,-0.0002905137720746201,0.001849181683954993,0.0026677942843206354,0.0021012011129759325,0.0011899184526792388,0.00047181509155341133,5.1171695368804775e-5,-5.1316662024178256e-5,2.8167938476055473e-5,-7.174151776095216e-5,-0.0003891178955736767,-0.0006490309137168361,-0.000665985173750483,-0.0005630478997684192,-0.00043129440185940446,-0.0003727556465363167,-0.00020922417551097504,0.01604408938998313,0.013907868455789495,0.020427285034362475,0.0003515406562742542,0.0033908739641927014,0.002954041751580969,0.005449355956209552,0.005590582274689614,0.0008361469313034478
-0.054626998911257225,1.397972507286813,-0.08104541198444395,-0.08879809277222467,-0.08433447267972,-0.05152559962614823,0.048026670676215966,0.049561855922925085,0.03425250657221367,0.029873960497518483,0.027537190489984827,0.03805525535097569,0.037296986116491654,0.033900521617069364,0.033339097255730324,0.027628130590793682,0.025200114791286924,0.025352966831976766,0.022054405965348994,0.024494064298650864,0.025793534971211358,0.02486832919735279,0.02131967208529005,0.016613936351323,0.01196117025128386,0.008639296896652531,0.00602729356035408,0.003746850775266524,0.0016846258200348809,0.00020399589537450132,-0.0003830448714712858,-0.002182674577971121,-0.003001060541558442,-0.0003218816142128819,0.002269113054338486,0.0032696243872320867,0.0025680234504588157,0.0014785868818518002,0.0006235810172484316,0.00014239762662798523,1.9015357439608873e-5,0.00011522511729347404,3.3590768688683434e-5,-0.0003002381966794513,-0.0006042584334707905,-0.0006477496665916024,-0.0005568260329027463,-0.00042878858083537555,-0.0003850870610305671,-0.0018331800107882368,0.018750349503687213,0.018751944006478068,0.025410393962053728,0.0005141104472789989,0.003885935131228222,0.0028520445725734164,0.0132057776095702,0.0029532388682155498,0.003951400180775677
-0.06282825463983154,-0.08104541198444395,1.366337799324078,-0.11562881349824536,-0.11795002997441592,-0.08509372112932914,0.036321289568583506,0.06529152000427775,0.04573200999267179,0.03975423592859935,0.03431230448812492,0.047030666606815805,0.04912724055600549,0.0445379619423703,0.04268626823254587,0.03779291043877768,0.03501660483037023,0.03435762159315727,0.028731243645537453,0.03249077095299986,0.03420822524997616,0.032555784162498054,0.027427418280678514,0.020981559119005958,0.014805154443107135,0.010471927152920535,0.0072264291480780935,0.004606944775338325,0.0023595218671273927,0.0007547307431042954,-5.501461531790603e-5,-0.0018005632147879422,-0.003046066321004588,-0.00040065084390198584,0.002152627415608737,0.003216234732714489,0.0024927186744333057,0.0013674767754362533,0.0004389612920871491,-9.114015261672817e-5,-0.00026701401987252543,-0.00018562892271865625,-0.00017905300412770052,-0.00042445405895099556,-0.0006422067494666082,-0.0006390495942959587,-0.0005324658195810839,-0.0004019848980728092,-0.00036587332940876764,-0.0017924579209075322,0.01908132262454808,0.02452382703210204,0.020972013337772287,0.0025089121283178983,0.004391535908516684,0.00468095318209058,0.017964881240153382,0.0020589125403841814,0.006182142792668574
-0.06701543675735859,-0.08879809277222467,-0.11562881349824536,1.321240128976066,-0.1642658447510396,-0.14225766351954355,-0.0006793515782955302,0.08197200034874581,0.06193717846607487,0.05454394586962397,0.043094378630411066,0.05620508519419108,0.063119898324028,0.058366864126539506,0.05502546503539707,0.05216699800479556,0.04883424285699234,0.046430952261026594,0.03702363683287293,0.04324112101998608,0.045360945395440784,0.04232086130133919,0.03489119627707577,0.026178203588374645,0.018139594410746585,0.012617781606147908,0.008682826799175376,0.005747462215322777,0.0032340248778108083,0.0011708647636025585,2.4551085739889285e-5,-0.0013980268044720878,-0.002436781284090426,7.792936360498884e-5,0.002270149918314984,0.003139340833094528,0.002268679319341942,0.0010780686434405588,4.09805054867687e-5,-0.0005876077526875761,-0.0008974782376954458,-0.0008796182182097009,-0.0007491147996224525,-0.0007720156811917444,-0.0007854898524296798,-0.0006631898501378613,-0.0005078254693544691,-0.00036409524254003264,-0.00032987204530310896,-0.003959822781750524,0.01672663121457841,0.03317008111084751,0.014601160749473823,0.003827394856732956,0.004020977645734281,0.004137949555893593,0.018858153263550295,0.005706477111406518,0.007636605309366699
-0.061398082865785554,-0.08433447267972,-0.11795002997441592,-0.1642658447510396,1.2539726750559375,-0.2258848965181809,-0.08589925257116146,0.06638303804989375,0.08012607406297305,0.07964550409368022,0.059950170180411474,0.06423533569845158,0.07433103901916521,0.0744193066166306,0.07067417533310912,0.07014826123208982,0.0661679289653334,0.06183286839813976,0.04633147651324917,0.05668658168562674,0.0583529950087732,0.05263425619731835,0.042029611390812856,0.03070373331522136,0.020787640097628724,0.014197444766590446,0.009814533729330407,0.0069171071590455775,0.004451415646994886,0.00198524940571671,0.0002537885518600857,-0.0004350462744089154,-0.0011952997043835215,0.0007678101041892511,0.002164334214743216,0.002589064276206476,0.001533649436630228,0.00031677543852322304,-0.0008224660126587317,-0.001578044472906176,-0.002104209279241437,-0.002203083683026065,-0.001863639289138135,-0.0013697645195793068,-0.0009642324632001694,-0.0006254028528870895,-0.000396214187276185,-0.00024677779547254813,-0.00021924047648425602,-0.006484637036799142,0.013149644977634467,0.03329398128125398,0.009030454311293982,0.004079580357666773,0.002772637202232572,0.003166699643616671,0.015150072006281039,0.010878617014075125,0.00779300763637191
-0.03264171844246234,-0.05152559962614823,-0.08509372112932914,-0.14225766351954355,-0.2258848965181809,1.1538510428437438,-0.2684540221508406,-0.045734546799505456,0.08345701181390618,0.11434026133429209,0.09497291579635597,0.0625718151096558,0.07368175785643429,0.09243183786530068,0.08934226880751187,0.08707994159080831,0.08204447046675947,0.07684269420951198,0.05433710322272415,0.06971679621411155,0.06851102981762458,0.05863837588685861,0.04474870214966723,0.03136984988589632,0.020471300545006524,0.01361621776252615,0.009557853797481582,0.007430194174174779,0.0054796250592778015,0.0025739603569650527,0.0001671232868129444,0.0009601107425475109,0.0016065944665512298,0.0023866637531698397,0.0020488494554299764,0.0014102860743276228,7.418571340247426e-5,-0.0010756667191608622,-0.0022567759401824774,-0.003169488459146602,-0.004048250240416885,-0.004417036247635012,-0.0038699942086081554,-0.002368397738175571,-0.0012079019221939268,-0.0005119786853684023,-0.00017450668978795364,-2.960140890156119e-5,-7.172976176888647e-6,-0.009252248076038918,0.003679672304604021,0.017638784639587637,0.006581879887779866,0.0022225906090653476,0.00437921405596088,-0.002881744233712344,0.006959904848445971,0.011621898221166431,0.0034827771046062397
0.04738570306522888,0.048026670676215966,0.036321289568583506,-0.0006793515782955302,-0.08589925257116146,-0.2684540221508406,0.8401754411410823,-0.35916776203243006,0.007310285118136167,0.093645858763051,0.12982886246985276,0.04261564654379002,0.055291817204555685,0.10192940600284546,0.0902694186698528,0.07817148612506324,0.07165897726959669,0.06701810022506902,0.04625761154141578,0.06307988810995777,0.06001073741266126,0.05031196622440843,0.03770507464463503,0.02568795218954272,0.016365387477683728,0.010953642904615474,0.00849974850072214,0.008098904908654588,0.007192965776733422,0.0038060288867473647,0.0011081414370396276,0.005373780741312299,0.009553510959473635,0.006363636903407241,0.0009021823320783431,-0.0024452083195261164,-0.0038143686716487135,-0.004249188965331974,-0.005191371239097819,-0.006373186209267201,-0.00795187712536998,-0.009074277838269813,-0.008703812995167452,-0.005124474626491702,-0.002425069306114824,-0.0009199738597330713,-0.000248463267462747,1.1072872791572349e-5,0.00017048194739021356,-0.0046847807435058545,-0.026822808010620793,-0.026460018701638454,-0.022224509560063794,0.003652300462009421,0.0171150843912984,-0.015776600573733843,-0.015662421035873807,-0.003456390194168622,-0.0028077345160201893
0.03885630526141473,0.049561855922925085,0.06529152000427775,0.08197200034874581,0.06638303804989375,-0.045734546799505456,-0.35916776203243006,0.9846781312997249,-0.22575068382672583,-0.06878562785766598,0.06267743363310344,0.06440810724029261,0.061871619382097495,0.072949258543099,0.060099165384243945,0.059564365895642,0.05713673774083571,0.057048135589256865,0.03938238536737885,0.05190121943620754,0.04985293051104763,0.0429229577777947,0.03314862382879067,0.02324378278498401,0.015456648852024541,0.010930107268132885,0.008577539602805408,0.0073154192759126,0.005238315007515537,0.0013715259678599159,-0.0011861399826280884,-0.00021406552902500348,0.002864913951443369,0.003815520098840428,0.0030834353617086013,0.0015913772248861572,-0.00025474338621550243,-0.0017515223758171586,-0.0031180031473825257,-0.004254055180054049,-0.005286952126277554,-0.005870970634799848,-0.005694980290712965,-0.0035831878593309816,-0.002090619830737569,-0.001157744477538863,-0.0006393747453851034,-0.00036240086585333,-0.0002211964914628706,0.005887824534193967,0.004129588849496006,-0.03019103718662192,0.03570514727413322,-0.009224035504770002,-0.010305369180955683,-0.013809408444971229,0.0030242844477930617,0.008562183503597814,-0.015514059537006658
0.026385526405505833,0.03425250657221367,0.04573200999267179,0.06193717846607487,0.08012607406297305,0.08345701181390618,0.007310285118136167,-0.22575068382672583,0.8081761656888743,-0.1952891539923416,-0.07561170909725562,0.04515666882140377,0.11942166102427527,0.06454316062852948,0.04662639473785251,0.06386586904836034,0.06910086985093365,0.06698069902848257,0.0435931619069112,0.05064333672398519,0.04803526393045835,0.041657353747368946,0.03246193542313404,0.02292970475078858,0.015212979042188036,0.010601036636132983,0.008471008091831326,0.00826012268367818,0.00935840063990152,0.010763368966751957,0.006947870593215973,0.007418848823633351,-0.0026226373964402115,-0.003989031155933494,-0.00330750651480423,-0.002380016049236253,-0.0026152915266194083,-0.003584245283349018,-0.0045939048687979895,-0.005362263671540436,-0.005777229470954108,-0.0057117637715059615,-0.004685501091047301,-0.002649355897252306,-0.0011871790289424515,-0.00038092801537749837,-4.299082841739044e-5,7.953370807753615e-5,0.00012934114503080274,0.012105020234310203,-0.0016197755595586082,-0.01645281114637739,-0.004671035498353856,-0.00751716006017651,0.009000206027354728,0.037857101158419094,-0.006024363777727278,-0.04269611159279146,0.018076633035917715
0.02219462251059808,0.029873960497518483,0.03975423592859935,0.05454394586962397,0.07964550409368022,0.11434026133429209,0.093645858763051,-0.06878562785766598,-0.1952891539923416,0.8441793666570935,-0.34748903727951774,0.13144431265038992,0.12993652342164114,-0.00445576058670696,0.012430046981288152,0.04735041646525845,0.05960469462281263,0.06432186054853994,0.049212389145301925,0.05985799744652252,0.05678647423496335,0.04838613398935031,0.03711758432594185,0.025962598209870427,0.017118731725691543,0.011897024670314137,0.00920337382078174,0.00814236138643181,0.006598788923343129,0.0030913992097651435,0.0006331591975541073,0.0033615353464080022,0.007032306635910829,0.004978491687913626,0.0009068957117209113,-0.0015375716376297118,-0.0026200824181288806,-0.0028893884670072784,-0.0035075431838909915,-0.004329465950205536,-0.005431733646180636,-0.006240734171348259,-0.005968859265779153,-0.004042575496291798,-0.002311485486533561,-0.0011950591021981298,-0.0006101563023814266,-0.0003163240648116364,-0.00010532319173419801,0.015937557599641314,-0.011794825657780113,-0.011017563568821978,-0.03622595471787735,-0.007918507240090503,-0.004366193346457215,-0.014377761201416678,0.005409297063351959,0.026838763399150974,-0.01596195605817464
0.02158111586121603,0.027537190489984827,0.03431230448812492,0.043094378630411066,0.059950170180411474,0.09497291579635597,0.12982886246985276,0.06267743363310344,-0.07561170909725562,-0.34748903727951774,1.097856156610861,-0.1729100551513999,-0.07542111178576497,-0.02202101714139844,0.02004936001641781,0.05597816709618755,0.06265570707856576,0.06963192229101871,0.051436922305077744,0.06388049409699965,0.060718067441393915,0.051076610575850716,0.03882414960094454,0.02722533681517276,0.01812317187350896,0.012725591979638753,0.009994474438106651,0.009092298181156396,0.008128585613564821,0.005525228298506232,0.0021494372969456956,0.004640711379153878,0.004183169294179446,0.0025753621503259868,6.049696387580736e-5,-0.0014049261032988273,-0.0024747900432130704,-0.003229347887508945,-0.00424227687451348,-0.0052876225606759905,-0.006378731420913446,-0.006998150795808703,-0.006492797263626842,-0.004078605980191503,-0.0022054882686811522,-0.001055752050224663,-0.0004827059090983117,-0.00021287950739492105,-4.81154965415622e-5,0.003025991883947824,-0.01238858190725627,-0.003955580934248418,-0.019695885399457765,-0.005623519362091063,-0.008159489552606973,0.0022474978726219844,0.001823409585692987,0.015332662568398592,-0.004275242049822469
0.030392878231813275,0.03805525535097569,0.047030666606815805,0.05620508519419108,0.06423533569845158,0.0625718151096558,0.04261564654379002,0.06440810724029261,0.04515666882140377,0.13144431265038992,-0.1729100551513999,0.9379768925502299,-0.3873293439571869,-0.06502979693142609,0.04328340822696602,0.034844347463457125,0.03276876593635689,0.05552704336487606,0.047243015006189194,0.06339549143055194,0.06041033826537959,0.051435993871995996,0.03958042543816888,0.02776047327770809,0.018400409147800254,0.012840063078785626,0.010106593728811975,0.009364116856980994,0.00912072426845869,0.00809359187117677,0.004511838652495572,0.006088466721214634,0.002105305507311391,0.0005632528232527077,-0.000981226390128112,-0.0016854310687970282,-0.002612029542607869,-0.003578990341391038,-0.004718802208070789,-0.005807797895217698,-0.006830565298553645,-0.007381327111867002,-0.0066601191048875795,-0.0041191370587082355,-0.0021370426765796985,-0.0009740458620558306,-0.00041380884697732713,-0.00015894110511542272,-2.7588969337617122e-5,-0.020545543571728393,-0.034245769087776004,0.03339656866137308,-0.014438519688281424,0.0039257161191388005,-0.004339278624388547,0.01396955711223277,-0.003003609138269396,-0.0033648529319923815,0.0017285828713625585
0.028570426337540443,0.037296986116491654,0.04912724055600549,0.063119898324028,0.07433103901916521,0.07368175785643429,0.055291817204555685,0.061871619382097495,0.11942166102427527,0.12993652342164114,-0.07542111178576497,-0.3873293439571869,1.0270365718337344,-0.2013506386920616,-0.03601066513899562,-0.0020541893387370524,0.014750622925764591,0.042653031233968366,0.03723633182556043,0.05912579846368827,0.061170290958175874,0.05425294178644223,0.04214592622065819,0.029247190708894984,0.018913192001547393,0.012929723896801772,0.0099469094532334,0.008787219619710292,0.007316178296186562,0.004173360381584431,0.001352718011358978,0.004066187929601975,0.005789391353098299,0.004005916142721325,0.0007622316044261125,-0.0012654397833143844,-0.0024144935227587857,-0.003053029593911313,-0.003917310890388486,-0.004852957014976098,-0.005894636990003969,-0.006648729382966404,-0.006315595866015804,-0.00414859919530234,-0.0022801989778153836,-0.0011370395219099424,-0.0005504082775884099,-0.00026481601116118013,-0.00010461827719822986,-0.019471841712538553,-0.03752717668703232,0.04816975435959851,-0.03195451817685478,0.010880795346709982,0.0005611596425710818,-0.006618020578749645,-0.004695434267518944,-0.007901195144053437,-0.00645668344216739
0.025937946344558885,0.033900521617069364,0.0445379619423703,0.058366864126539506,0.0744193066166306,0.09243183786530068,0.10192940600284546,0.072949258543099,0.06454316062852948,-0.00445576058670696,-0.02202101714139844,-0.06502979693142609,-0.2013506386920616,1.1134742625744056,-0.2608518343458454,-0.08159873482864165,0.0335121158456197,0.05766483937155122,0.04491492579566789,0.04602458661291948,0.045505264584361146,0.0426795338416839,0.0342556297807844,0.023447748841317232,0.014493729884834213,0.009453674922856448,0.006972922126638288,0.005754454774475976,0.003938407927140182,0.0010020367024799592,-0.0002763225615975549,0.001017832023864685,0.004748588670021483,0.004320526650220072,0.0021679554192534957,0.00036522165780179285,-0.0007925822425360333,-0.001565026178167436,-0.002411733531088666,-0.0032461337225764193,-0.004113757556176327,-0.004749895681998447,-0.004684412971961055,-0.003062676388159826,-0.0017405471562531795,-0.0009366396003661448,-0.0004991816761343406,-0.00027405995006777906,-0.00016028162005655183,0.018112849060338904,0.022792424861007774,-0.04287600101405327,0.005975893235642431,0.007284121541890353,0.005670213660808114,-0.015481255104699115,-0.007040705965489448,-0.01903458561009804,-0.00275091964636602
0.025788343005922913,0.033339097255730324,0.04268626823254587,0.05502546503539707,0.07067417533310912,0.08934226880751187,0.0902694186698528,0.060099165384243945,0.04662639473785251,0.012430046981288152,0.02004936001641781,0.04328340822696602,-0.03601066513899562,-0.2608518343458454,1.128028822547511,-0.1968568770128896,-0.03766763151932902,0.03091809044171618,0.03616650623416272,0.029596415163448426,0.030093256736559455,0.03118595038389861,0.025959931110880956,0.016839644438045566,0.009158421392285015,0.005166753159341165,0.0035047808483869712,0.0027184462518827523,0.0012258844618350223,-0.0010440174620319153,-0.0013941710037368722,-0.0010042306647602736,0.0025068588300029685,0.003050111167562926,0.0022528406059722185,0.0011573084980090122,0.0002759349067450939,-0.0004252096778041385,-0.0010798241429491994,-0.0016868465813353155,-0.002254892108183542,-0.002705265053518087,-0.0029307382012295187,-0.0017911483561151985,-0.0010314141108151177,-0.000595882942690652,-0.0003455264363804205,-0.000210439291296562,-0.00015269581864428702,0.020267525889512174,0.03661667513222437,-0.06173473879664986,0.027199788976655644,0.003993379154167132,0.0037720646396181725,-0.014471147188571325,-0.0001920837994473254,-0.020137902065368647,0.0003000538870510402
0.020510518651563735,0.027628130590793682,0.03779291043877768,0.05216699800479556,0.07014826123208982,0.08707994159080831,0.07817148612506324,0.059564365895642,0.06386586904836034,0.04735041646525845,0.05597816709618755,0.034844347463457125,-0.0020541893387370524,-0.08159873482864165,-0.1968568770128896,1.2142113349276995,-0.1618944366904388,-0.06639405344967539,-0.007036585923841896,0.0011295833770283601,0.013443859450566082,0.02246005088300049,0.021548025578356188,0.01409339994208335,0.007061808619195228,0.0033944887113188586,0.0020285436125132843,0.0016886770261303583,0.00125929567766757,0.0007632543794965294,0.0007333404590582357,0.0009016812205467611,0.0021605652014737736,0.0013297948427047333,0.00013907782065576493,-0.0006888935991944799,-0.0008881382697397984,-0.0008221433374027068,-0.000841901410187549,-0.0009976317633026126,-0.0012909905908788442,-0.0016184958205935273,-0.0018439486087660868,-0.0012899976986539717,-0.0007864295742513642,-0.0004679138928552107,-0.00028339496622482705,-0.0001805413659431427,-8.967809132418662e-5,-0.0014815944289098136,-0.007982623730364919,-0.006678999133180741,-0.006544237275121063,-0.0025785130922047262,0.012422992487174097,-0.005740034113596006,-0.006275653209341563,-0.019182300218114463,0.009758767083415325
0.01875708689681191,0.025200114791286924,0.03501660483037023,0.04883424285699234,0.0661679289653334,0.08204447046675947,0.07165897726959669,0.05713673774083571,0.06910086985093365,0.05960469462281263,0.06265570707856576,0.03276876593635689,0.014750622925764591,0.0335121158456197,-0.03766763151932902,-0.1618944366904388,1.2678966523528714,-0.16394885328262818,-0.07005472372282111,-0.05426440437798061,-0.027580966780831977,-0.008189390028547011,0.00027462790000422777,0.00118657191093122,0.0003649086213521853,0.0002591135949256341,0.000906162569398612,0.0017741006047276393,0.0026493313003295663,0.003808158103537274,0.0035379270640681654,0.0036566300033773163,0.0006629198937478962,-0.001287047451884524,-0.002268699710347037,-0.0024413811764998536,-0.0020339659257001316,-0.001683815405625359,-0.0014936384940339312,-0.001536335276801199,-0.0016420831438494939,-0.0017997921752661277,-0.001936446313554191,-0.0013347130152181208,-0.0008222145634380657,-0.0004892793588208194,-0.00029844479433641346,-0.00019065101103560937,-7.394606146610576e-5,-0.008063435652980438,-0.024452925325963562,0.010735698962578344,-0.023662515980772843,-0.0024209905768017748,0.009047869374227028,0.012810070825493944,-0.009667827635720036,-0.010242333053010465,0.00834995406218954
0.01931076606149198,0.025352966831976766,0.03435762159315727,0.046430952261026594,0.06183286839813976,0.07684269420951198,0.06701810022506902,0.057048135589256865,0.06698069902848257,0.06432186054853994,0.06963192229101871,0.05552704336487606,0.042653031233968366,0.05766483937155122,0.03091809044171618,-0.06639405344967539,-0.16394885328262818,1.2620561835511295,-0.1193207161241617,-0.10339737723813706,-0.06967778111855956,-0.04473817046627221,-0.026920199455188774,-0.014067410313018301,-0.005251635439865016,-0.00013046766881641812,0.002918587267073086,0.004698823501198898,0.005682085088036702,0.006105648388832625,0.004724643153015584,0.005884929557783629,0.0011223381066737224,-0.0009448085972589436,-0.0020532684402775774,-0.0023216325452875696,-0.0024140249419571636,-0.0027558049259950087,-0.003305752732689454,-0.003923442381144696,-0.004428941131731616,-0.0045959394829467115,-0.004440352814204626,-0.002845889531275141,-0.0017097700372226724,-0.0009676741162687331,-0.0005522358381084722,-0.00032534167177215135,-0.0001487715122723404,-0.0008879291583471661,-0.017898371462071967,-0.004322802275817384,-0.019945376136190584,-0.0014276118081472547,0.0005936554600787387,0.022163440112409713,-0.00947291834025524,-0.003996018852604005,0.0003654970792564891
0.01713860571022307,0.022054405965348994,0.028731243645537453,0.03702363683287293,0.04633147651324917,0.05433710322272415,0.04625761154141578,0.03938238536737885,0.0435931619069112,0.049212389145301925,0.051436922305077744,0.047243015006189194,0.03723633182556043,0.04491492579566789,0.03616650623416272,-0.007036585923841896,-0.07005472372282111,-0.1193207161241617,1.361239429176485,-0.10165409456398955,-0.08183951241371541,-0.06418453664151778,-0.045394884281389714,-0.02654810299643384,-0.011961536327236776,-0.0035524925132734415,0.00102847105931855,0.0033277587528471,0.003830045751866908,0.002176448493644028,0.00024105038518661996,0.003723146300654295,0.003707633277826509,0.0023055199327726306,0.0004055983061415593,-0.0008123184856125529,-0.0014924890569678695,-0.002133798704000755,-0.0028119218700914535,-0.0035478176017923516,-0.004171671414971535,-0.004471577432612372,-0.004100571499548858,-0.0027013872909607962,-0.001537797540776111,-0.0007767500737769529,-0.0003818474295557209,-0.00018665775838113026,-5.767370727261469e-5,0.0016567424204319459,-0.010442624464209993,-0.007123601720732154,-0.014226303840578589,-0.0007799772715060927,-0.003130216770184489,0.00445694982957365,-0.005787866935043181,0.00031841117879779466,-0.005994608012402236
0.018730561294910228,0.024494064298650864,0.03249077095299986,0.04324112101998608,0.05668658168562674,0.06971679621411155,0.06307988810995777,0.05190121943620754,0.05064333672398519,0.05985799744652252,0.06388049409699965,0.06339549143055194,0.05912579846368827,0.04602458661291948,0.029596415163448426,0.0011295833770283601,-0.05426440437798061,-0.10339737723813706,-0.10165409456398955,1.3366949708701277,-0.12179904182620276,-0.10102110033528765,-0.07332275741809932,-0.0456352090103853,-0.024043170979675947,-0.011427755151953899,-0.004742164670746454,-0.002025519852152073,-0.0015572303707601777,-0.002163817331109758,-0.0009081129164876378,-0.0001925604126358379,0.002197158527100773,0.0010803413905437248,-0.0002942486720282726,-0.0011715397680842515,-0.0009788497968077638,-0.0005070464318286656,-0.00014869114480257423,3.490326548252657e-5,0.0001296089920203576,0.00014208402089293523,-0.0004197990590549906,-0.0006122330702413942,-0.0007559427365713402,-0.0006821088775748104,-0.000535060976579592,-0.000394565131933558,-0.00024329191686772259,0.0038862166823103615,-0.004255737607289102,-0.01775373479370214,-0.010742990401320414,-0.0012182581972739923,-0.0015365187966042315,-0.004625464506860752,-0.002843424855071076,0.0014982746090940631,-0.007217443933665253
0.01957073205527369,0.025793534971211358,0.03420822524997616,0.045360945395440784,0.0583529950087732,0.06851102981762458,0.06001073741266126,0.04985293051104763,0.04803526393045835,0.05678647423496335,0.060718067441393915,0.06041033826537959,0.061170290958175874,0.045505264584361146,0.030093256736559455,0.013443859450566082,-0.027580966780831977,-0.06967778111855956,-0.08183951241371541,-0.12179904182620276,1.3344734882479397,-0.12064805320197765,-0.0936845475145693,-0.06253519962835996,-0.03662592241731785,-0.020959881265804597,-0.012401702976337524,-0.008619772009776622,-0.006804437540703379,-0.004958662948349495,-0.001968948103114342,-0.003076417351034753,-0.0006413895616143632,-0.001598977587891223,-0.0020444983527291138,-0.002045283707290202,-0.0007522213717908786,0.0008764395614511146,0.0024509438991213465,0.0037688461551393824,0.0048145513445766565,0.005296156877384982,0.004442003258955772,0.0025726317394218177,0.0011334017756835485,0.00035010911034317723,2.7950030483132357e-5,-8.181380777574561e-5,-6.766371937116258e-5,0.0026610753676737375,-0.0018271218014848094,-0.016055137750238285,-0.007975851129392059,-0.001470873965891549,-0.0035917755820065646,-0.00827200995719771,-0.0026970018880159274,0.0014550646783601023,-0.006265310298593231
0.018974110200403238,0.02486832919735279,0.032555784162498054,0.04232086130133919,0.05263425619731835,0.05863837588685861,0.05031196622440843,0.0429229577777947,0.041657353747368946,0.04838613398935031,0.051076610575850716,0.051435993871995996,0.05425294178644223,0.0426795338416839,0.03118595038389861,0.02246005088300049,-0.008189390028547011,-0.04473817046627221,-0.06418453664151778,-0.10102110033528765,-0.12064805320197765,1.34766437189518,-0.0977235309333556,-0.06907898485535606,-0.043836015971594575,-0.028235111055480534,-0.019467972743069082,-0.015092770177483561,-0.011750914149569492,-0.007481440315666094,-0.0031759801569920757,-0.00509515657888981,-0.00337715470326995,-0.004013687540563571,-0.003382325423217706,-0.002355100682375921,-9.778118245035619e-5,0.002402903540006387,0.004945486854117821,0.007209762838970356,0.009069867735006018,0.009996192108297209,0.009343748139664975,0.0060136224565641464,0.003526643805587431,0.001948213820898151,0.001086900743857345,0.0006243654962356503,0.00039736677382630383,0.001203252952276955,-0.0010341187825946426,-0.011315233716326837,-0.005118589819269404,-0.0012648366223332913,-0.00825781168491813,-0.007710734364973686,-0.0037685092319509144,0.0023631468976308104,-0.0038718685715290334
0.016477691312387775,0.02131967208529005,0.027427418280678514,0.03489119627707577,0.042029611390812856,0.04474870214966723,0.03770507464463503,0.03314862382879067,0.03246193542313404,0.03711758432594185,0.03882414960094454,0.03958042543816888,0.04214592622065819,0.0342556297807844,0.025959931110880956,0.021548025578356188,0.00027462790000422777,-0.026920199455188774,-0.045394884281389714,-0.07332275741809932,-0.0936845475145693,-0.0977235309333556,1.3819335255271905,-0.06386345434377169,-0.044719672509153825,-0.032833429255398665,-0.026019729711895638,-0.022070149251063095,-0.017513164093494356,-0.01081656583675185,-0.004781115937660757,-0.007048597679394769,-0.006149888812354605,-0.006067184078256326,-0.004126946996119427,-0.0018779179577701726,0.001343054607440851,0.004580776181837387,0.007938778563378261,0.011046103037109036,0.013669367518541909,0.015051757903166573,0.014799425898246185,0.010052657391223262,0.006505855562278923,0.004054372211201076,0.0025416520295674155,0.0016274542566503815,0.0010775047617534357,-3.609701284958079e-5,-0.000769817356126129,-0.007296358478043716,-0.002800699523872435,-0.0008226255134913208,-0.012853165210435754,-0.005061431693717536,-0.005717704450220648,0.004846756919910467,-0.0005080068957032505
0.013064141733210553,0.016613936351323,0.020981559119005958,0.026178203588374645,0.03070373331522136,0.03136984988589632,0.02568795218954272,0.02324378278498401,0.02292970475078858,0.025962598209870427,0.02722533681517276,0.02776047327770809,0.029247190708894984,0.023447748841317232,0.016839644438045566,0.01409339994208335,0.00118657191093122,-0.014067410313018301,-0.02654810299643384,-0.0456352090103853,-0.06253519962835996,-0.06907898485535606,-0.06386345434377169,1.4133091482002407,-0.04281776660166498,-0.03656659213431096,-0.03294547819183736,-0.03011240001357683,-0.024583045766251505,-0.015297380007269192,-0.00682743865022973,-0.009370405609669988,-0.009030625161596013,-0.00783436651846066,-0.004323175834054508,-0.0006352005583040826,0.003647584593380976,0.007629184945186043,0.011735144901052753,0.01561774286729921,0.018937152668713302,0.02072977989111999,0.020900788548003542,0.01460219618136796,0.009893945574632464,0.006474154669365731,0.0042230194607835595,0.0027929975130307413,0.0018735452005527306,-0.0007194777636197453,-0.0007193237141108384,-0.004998549233221483,-0.0012899837521025532,-0.0004934781177486114,-0.016861195465235394,-0.002200639804378363,-0.008096581137948533,0.007996174841732954,0.0034928380174198965
0.009613547732329128,0.01196117025128386,0.014805154443107135,0.018139594410746585,0.020787640097628724,0.020471300545006524,0.016365387477683728,0.015456648852024541,0.015212979042188036,0.017118731725691543,0.01812317187350896,0.018400409147800254,0.018913192001547393,0.014493729884834213,0.009158421392285015,0.007061808619195228,0.0003649086213521853,-0.005251635439865016,-0.011961536327236776,-0.024043170979675947,-0.03662592241731785,-0.043836015971594575,-0.044719672509153825,-0.04281776660166498,1.426060849323196,-0.039839301342650985,-0.039751286703412346,-0.038521149485998954,-0.032466162493078835,-0.020771635668664204,-0.009341177399684727,-0.012230440077967806,-0.012011217594642548,-0.009204559823717519,-0.0038545801627949904,0.0014719162217196127,0.006845513467207875,0.011517211201433269,0.016176227212742346,0.020614478754060157,0.024419466297376857,0.02647164334654489,0.026958664888798178,0.019091418177445033,0.013209759119753929,0.008828797547032058,0.005849405090485195,0.0039161856699769515,0.0026398254396799315,-0.0010534099864301515,-0.0007065855966684858,-0.003558879712793517,-0.0007402335450207012,-0.0004107788029028934,-0.02056208727996095,0.0003385779028632306,-0.011157122924131941,0.011741438941848113,0.005928286060400378
0.007136242006207763,0.008639296896652531,0.010471927152920535,0.012617781606147908,0.014197444766590446,0.01361621776252615,0.010953642904615474,0.010930107268132885,0.010601036636132983,0.011897024670314137,0.012725591979638753,0.012840063078785626,0.012929723896801772,0.009453674922856448,0.005166753159341165,0.0033944887113188586,0.0002591135949256341,-0.00013046766881641812,-0.0035524925132734415,-0.011427755151953899,-0.020959881265804597,-0.028235111055480534,-0.032833429255398665,-0.03656659213431096,-0.039839301342650985,1.4229218245108748,-0.046826885877575254,-0.047647361748575014,-0.04180485819342812,-0.028152481246261307,-0.012928045175914813,-0.01664093325019227,-0.015500270398338302,-0.01038152936644792,-0.00271278993696521,0.004579754785811186,0.011224296464316807,0.016704241184961232,0.02180021482743537,0.026574840650291708,0.030616856519175586,0.032705996412421424,0.03321119012027663,0.023490147010488842,0.016281966125813712,0.010916701441866752,0.007244743511805278,0.004857042032016161,0.0032720972149519662,-0.0011878691593111934,-0.0008280465603382126,-0.0028381043059955767,-0.0010784601669743866,-0.0006901524943484571,-0.02382587341170666,0.002127043241079806,-0.014318993734709467,0.015508844685878357,0.005868381345145167
0.0051241450095048,0.00602729356035408,0.0072264291480780935,0.008682826799175376,0.009814533729330407,0.009557853797481582,0.00849974850072214,0.008577539602805408,0.008471008091831326,0.00920337382078174,0.009994474438106651,0.010106593728811975,0.0099469094532334,0.006972922126638288,0.0035047808483869712,0.0020285436125132843,0.000906162569398612,0.002918587267073086,0.00102847105931855,-0.004742164670746454,-0.012401702976337524,-0.019467972743069082,-0.026019729711895638,-0.03294547819183736,-0.039751286703412346,-0.046826885877575254,1.413353520564053,-0.05693286706805461,-0.05302095498743889,-0.03899776062955713,-0.01893617176069776,-0.024362939869230722,-0.01983355239724442,-0.011263211349174409,-0.0006527831097647667,0.008933500691205794,0.017088865640715777,0.02363995540708454,0.02912580290788239,0.03401968914323821,0.03804556019769368,0.03994128813536232,0.039939841224894836,0.027807787166234343,0.018903615526948896,0.012477097186150352,0.008178345904225314,0.005431717968924018,0.0036343400152684603,-0.0014114048874968863,-0.0010239778404024615,-0.002682166543924315,-0.0024495272838487557,-0.0014182950847390645,-0.025577895496702925,0.004424352767283348,-0.0171257120682673,0.018042543607756274,0.0042146796854216784
0.0032884106225825266,0.003746850775266524,0.004606944775338325,0.005747462215322777,0.0069171071590455775,0.007430194174174779,0.008098904908654588,0.0073154192759126,0.00826012268367818,0.00814236138643181,0.009092298181156396,0.009364116856980994,0.008787219619710292,0.005754454774475976,0.0027184462518827523,0.0016886770261303583,0.0017741006047276393,0.004698823501198898,0.0033277587528471,-0.002025519852152073,-0.008619772009776622,-0.015092770177483561,-0.022070149251063095,-0.03011240001357683,-0.038521149485998954,-0.047647361748575014,-0.05693286706805461,1.401503869505723,-0.06669635156327804,-0.05705030879298702,-0.031045973605872326,-0.03887806420598765,-0.02316351612166716,-0.009317246764006882,0.004152275163921742,0.015148810645906802,0.024434161436117867,0.03218079693594255,0.03804787688349515,0.042933275312898686,0.04685771079604114,0.048539753148338756,0.04746523626884146,0.03213314466488052,0.02091607929808066,0.013296786708520395,0.008462914356619835,0.005495298266920396,0.003622209653940731,-0.0017312964009911682,-0.0012966833606245626,-0.0033168528544267667,-0.005322582684388617,-0.0025511406438974782,-0.024496818762613334,0.008575678147510922,-0.019541027809334047,0.01866093505312599,0.002035470673963002
0.0016041037816090656,0.0016846258200348809,0.0023595218671273927,0.0032340248778108083,0.004451415646994886,0.0054796250592778015,0.007192965776733422,0.005238315007515537,0.00935840063990152,0.006598788923343129,0.008128585613564821,0.00912072426845869,0.007316178296186562,0.003938407927140182,0.0012258844618350223,0.00125929567766757,0.0026493313003295663,0.005682085088036702,0.003830045751866908,-0.0015572303707601777,-0.006804437540703379,-0.011750914149569492,-0.017513164093494356,-0.024583045766251505,-0.032466162493078835,-0.04180485819342812,-0.05302095498743889,-0.06669635156327804,1.3861326814477268,-0.08752034120715248,-0.056364159826845665,-0.06437762500149793,-0.01520376581404284,0.0064583584763712966,0.01876178865889734,0.025014941278668223,0.03142405723121815,0.0385518214591406,0.0439856869429311,0.0486462044628162,0.05260804732620429,0.054918344102766914,0.05308446409952999,0.035064346998353896,0.021422912715196866,0.01286231000100636,0.007816432507626177,0.004891222703343075,0.0031445629417445266,-0.001972702025668651,-0.001475891861864505,-0.004340212279737537,-0.009013849802973078,-0.0032735714469502666,-0.020436201959364672,0.019322029344774453,-0.023164976276760976,0.016856319963835607,0.0010295161455054188
0.00043205092816905194,0.00020399589537450132,0.0007547307431042954,0.0011708647636025585,0.00198524940571671,0.0025739603569650527,0.0038060288867473647,0.0013715259678599159,0.010763368966751957,0.0030913992097651435,0.005525228298506232,0.00809359187117677,0.004173360381584431,0.0010020367024799592,-0.0010440174620319153,0.0007632543794965294,0.003808158103537274,0.006105648388832625,0.002176448493644028,-0.002163817331109758,-0.004958662948349495,-0.007481440315666094,-0.01081656583675185,-0.015297380007269192,-0.020771635668664204,-0.028152481246261307,-0.03899776062955713,-0.05705030879298702,-0.08752034120715248,1.339955836643869,-0.09542919492487434,-0.09834332689605,0.011970676673913938,0.043636787132070164,0.04848441640429262,0.03953768828825438,0.03502005718860905,0.03687555071467115,0.03985252697531988,0.04397310597778716,0.048391306784307975,0.053357878136992984,0.05305595639942962,0.034486337060218294,0.01946144937569604,0.010956632377633863,0.006330975358597221,0.003804948375741414,0.0023775807714002035,-0.0010797206882317714,-0.0013961229161265072,-0.005012339390749054,-0.01193310241865493,-0.0013205732596204653,-0.015638030269580588,0.03746740519964525,-0.0289952273694033,0.014037404605198651,0.0018155434327090036
-8.288481739583682e-5,-0.0003830448714712858,-5.501461531790603e-5,2.4551085739889285e-5,0.0002537885518600857,0.0001671232868129444,0.0011081414370396276,-0.0011861399826280884,0.006947870593215973,0.0006331591975541073,0.0021494372969456956,0.004511838652495572,0.001352718011358978,-0.0002763225615975549,-0.0013941710037368722,0.0007333404590582357,0.0035379270640681654,0.004724643153015584,0.00024105038518661996,-0.0009081129164876378,-0.001968948103114342,-0.0031759801569920757,-0.004781115937660757,-0.00682743865022973,-0.009341177399684727,-0.012928045175914813,-0.01893617176069776,-0.031045973605872326,-0.056364159826845665,-0.09542919492487434,1.384088900422989,-0.0854250474539136,0.003542468475566602,0.0357611388564589,0.045820128864814895,0.03723532128108557,0.02769764974840453,0.024050144079643645,0.024152124612571036,0.026847175346219537,0.03072017133763089,0.03638851623925403,0.038190247072967545,0.024841237100564396,0.013489411716909526,0.007390726387370024,0.004199702476370763,0.0024998265671291016,0.001554609762956242,0.0006592496769293577,-0.0008963808377556194,-0.004902374637579428,-0.01201225348101297,0.0030085341891037606,-0.00940731455935106,0.03032257401949105,-0.02276974583981311,0.00897655188119014,0.0028559858541098372
