1.9097898797862691,0.7391898741914263,1.2823158644449733,-0.1699802040746947,0.40531931196983123,0.2504582884538775,0.5025753371506964,0.3080454581221699,0.3690402827996934,0.2794108037706997,0.3129406018653996,0.44076335163126457,0.12404163112191524,0.311169796280259,0.36959374192119665,0.22748895335082367,0.2063409612833997,0.575443271081155,0.2237683690355142,0.0406967932665525,0.2584852962160605,0.4066490705111186,0.27293715463262147,-0.0065703380325094,0.386355194409594,0.32400055362584096,0.2899242386127651,0.05816802921091713,0.6129003747983129,0.5734292236982486,0.31734264620775077,0.18538913800910864,-0.021016805358543528,-0.284179912653187,0.6977069905712373,0.2707927584945236,0.28548890961780854,0.03450963128374171,0.43074079616986194,0.22333479959820124,0.435179139025594,0.2419148588271685,0.13894151111923847,-0.011473375467775434,0.2894753123739282,0.4659830919562447,0.5194114318167313,-0.002272218706807316,0.4473732437627479,0.20321128867725577,-0.11467248464035402,-0.24072171065770334,0.0033584593123288545,0.04189107760122683,-0.1150314217829627,0.07092818106819193,-0.07702824990693942,0.8741902355110333,-1.2336231944973737
0.7391898741914263,4.030168398835384,0.4077486131626502,-0.22502212681527253,0.2201435991140786,-0.10972652409180367,0.4511037919074002,0.18036008064095374,0.3177400829074792,0.3119809397909522,0.3011633187017664,0.25616684191328315,0.13554745909491356,0.07708835976595296,0.5507102993350675,0.10112124529901208,0.03536332677759786,0.8333663849296165,0.17690419835975488,0.16103767193788857,0.6856337929747802,0.13828036315117115,-0.052719790601939445,0.03727724640201616,0.1570552265646239,0.3898979895734557,0.8032200891782851,1.1494811635180509,0.6346158787453332,0.28048824020714663,0.4227490853744659,0.2762950819998379,0.14051399003385318,0.12083757146902206,0.37676477890020593,0.408585602739259,0.6391047731065403,0.09900008835935012,0.21046798205550193,0.25046402936586376,0.5886380391205602,0.5599347718955958,-0.003988843074802507,-0.08129488573937159,0.12551329093052274,0.5354002437727536,0.45479514153716744,-0.015952969435716727,0.21871639724392875,0.14827020385437878,0.11776232462840198,0.253690236011167,-0.2960774922395154,-0.08496408791238953,-0.44454795029518185,-0.041529886488371935,-0.023612356392402747,0.3308495715940274,0.2649672531238535
1.2823158644449733,0.4077486131626502,2.9766214289548136,0.08132525082442593,-0.07023592472079968,0.525601490754566,0.27202278340072683,0.42774687629957214,0.520333588808146,0.45681524916417793,0.35106362066586927,0.4810615828780389,0.16595503171666426,0.42990874718595057,0.460082656032047,0.14986925746907628,0.3907143046946801,0.6285648764100157,0.20993455645650702,0.3857113702862775,0.3608820158577673,0.5998843439701927,0.48602071991942314,0.25466098933695264,0.44069498731075885,0.36838722881725355,0.1823264632864522,0.32260565068261793,0.8537953850696292,0.7489596995957603,0.3723595983001284,0.17898787790301607,0.1854708132971912,0.07244806406907699,0.933815604889185,0.33904573497334206,0.5969294912342438,0.21820877914282114,0.6014735151421721,0.3149858731099133,0.5089549629144471,0.3558367206628274,0.3132013442523568,0.027227896617067964,0.233721559855174,0.5532630563437868,0.7350474567516118,0.010330319414625233,0.7528390940452752,0.34812610801083804,-0.21977073591754337,-0.11969037521944052,-0.03460382587595272,-0.09817123989935514,0.03483308332226285,0.1037822926983731,-0.3485586631701536,0.46899717513242134,-0.7252646016831477
-0.1699802040746947,-0.22502212681527253,0.08132525082442593,1.948483508467033,0.22853286681301793,0.32445696911560057,0.06369928422260566,0.23183708356337587,0.03283743664547682,0.007388510592246916,0.21675722387085963,0.32044724485057674,0.12374554372269661,0.38719550662770796,0.1817631853377675,0.34605862591430536,0.22909177302639,0.06510451007752492,0.19213375437359886,0.33868046967908527,0.18349549121380215,0.14460803205602116,0.037346804340036614,0.18192107587858694,0.153720485034297,0.2605642566329699,0.03208427314825605,0.12832830111312488,0.13019357065498874,-0.13739496286782385,0.16517174317994568,0.2118894468881379,0.24936462346873264,0.28476274296323784,-0.3664683171313479,0.2110025194909226,0.23669747150704842,0.20372553107465755,0.1344671840731482,-0.025697897353530126,0.17594313314523435,0.18382704653570195,-0.07196561152802318,0.29431782956645797,-0.20347629913991838,0.21662006909676584,0.0449015201016334,-0.0014801606933719834,-0.0019155112221862353,0.010290709540768671,-0.09306529200461451,-0.06437713783775627,0.032981266898961095,-0.026929058910626715,-0.13871829399484975,0.046368398992882136,-0.26818247910261767,0.19635822237089795,0.1717445958630768
0.40531931196983123,0.2201435991140786,-0.07023592472079968,0.22853286681301793,1.1841755151890643,-0.09671689789744946,0.30825618314137293,0.11800393655262544,-0.10201088950506568,0.09633182926920504,0.17650742496005675,0.2714025740375857,0.09619681411542828,0.14616150437942946,0.17702805903628568,0.3099152520813985,0.08523654330513816,0.1359340402963203,0.3030317336259134,-0.00509313880734666,0.1399517923510477,0.1775449673130844,0.07853647873712184,0.09019837801834635,0.15958894348399652,0.16230750128401408,0.16042291548977258,-0.01174232299348919,0.2145009002498211,0.061618112005074915,0.13793386734304766,0.16593859271453884,0.16063298681908791,0.06799108621613993,-0.1094671833836267,0.19898200596612076,0.16702980385885202,0.014133622047238765,0.11098684075600665,0.002496621954580053,0.1954868847781376,0.13894570273347792,-0.11073465290912135,0.07086813000203057,-0.14766606728240272,0.26138989021573583,0.07775547178600252,0.0012945940829665453,0.1849264615766524,0.15651854243896854,-0.21641423966078732,-0.3646800512411752,0.02904591073904251,0.23797789450394788,-0.06598482447902237,0.015272111739588534,-0.08385297272421914,0.23113133208867426,-0.1334394466891352
0.2504582884538775,-0.10972652409180367,0.525601490754566,0.32445696911560057,-0.09671689789744946,0.9568480118769129,0.004369398418798154,0.24726039300294278,0.29355308459433105,0.011167017640376727,0.172433321546488,0.2610662125511781,0.11236800702420531,0.3113311168852545,0.19796682306496677,0.18751903050379343,0.27238799755546583,0.08663146736696695,0.31540980428479143,0.3516103759406475,0.13471065364754511,0.1441880471895594,0.004116244325005253,0.13107261352693597,0.1839113363741245,0.2547161432201334,0.0823056552099707,-0.027121185963859696,0.2725819522744793,0.10748160722327875,0.16185509417798583,0.12942169453958877,0.08958456507386849,0.22046737381891268,0.25401349939978995,0.04835700584454106,0.3135275256811144,0.19056938181885405,0.25876457250110535,0.0892045912889443,0.16277162290170685,0.135611535083581,0.19320720354866455,0.07288638542724979,0.06272714789422945,0.1847280218910831,0.15775564735892716,0.031845625343360974,0.6428123004205669,0.1385809839674199,-0.21700034584991482,-0.02931275538790422,0.04868371129806526,0.005207373930220839,-0.08608349353038923,0.049725471193110514,-0.27610092758773186,0.3916416612101455,-0.24371746626685048
0.5025753371506964,0.4511037919074002,0.27202278340072683,0.06369928422260566,0.30825618314137293,0.004369398418798154,0.8200762538501589,0.020687600633375453,0.20931766643529715,0.14834660379154463,0.25980209075431937,0.3783589922177697,0.09808023413385165,0.06057652983370198,0.14591023552338678,0.22397095395678204,0.17672841871387093,0.381772618294547,0.08792106936800013,-0.08149114615833226,0.21282709161640784,0.30388837005472347,0.37155173810391745,0.13568059568576976,0.23765595167645223,0.2377481057398005,0.235655630106497,0.19385587769436813,0.2693289390149026,0.10687994130887071,0.17843531689088815,0.23838826375011035,0.11502873763669402,0.13347595598808037,0.24056751394580553,0.20546042934734426,0.14282933427157193,-0.0016384167900280176,0.23101897991907877,0.049077825854284884,0.19079165393886724,0.20033789234533717,-0.11240149458337552,0.02496308948383898,-0.12604506497025247,0.29447481389672164,0.19652976624399734,-0.008757113648400561,0.2968017666549257,0.10771133069225135,-0.11749943026841875,0.036396251234495774,0.021346293080367958,-0.0473099100010541,-0.13142145746632372,0.08535611395420344,-0.007928691720514342,0.2554449356371961,-0.375717665890395
0.3080454581221699,0.18036008064095374,0.42774687629957214,0.23183708356337587,0.11800393655262544,0.24726039300294278,0.020687600633375453,0.6729599336342609,0.1447803164036165,0.2524085204695745,0.2223232194206037,0.1177262235760552,0.1374962720824695,0.27511727541491365,0.1732087616454138,0.16324576466564045,0.26749901511879853,0.24393690543315918,0.18223107690335016,0.24628993326939302,0.09691697002110634,0.1502937149964611,0.11971564854671855,0.11569630960323697,0.16893534348135786,0.20464418224104883,0.14741818523131253,0.012789453609852477,0.22343812642799454,0.22029037031649268,0.17065157946284293,0.08051109114701427,0.03751312480992576,0.19196026502160043,0.37128158891242496,0.08494150802590042,0.347494734210476,0.13847543281357613,0.3534623288144483,0.13487643412980832,0.1552867328466251,0.1073773412696825,0.22586847408221336,0.04187179868331086,0.11591124139848435,0.18591615550990997,0.30930101817574823,0.009470552627925628,0.41821245787078304,0.18172242476225234,-0.05361640052879059,0.18501935355287177,-0.05287874060013643,-0.1686110145412507,-0.15060582240765813,-0.07473707446685039,-0.07676134847354613,0.4556615697927103,-0.2541853048381225
0.3690402827996934,0.3177400829074792,0.520333588808146,0.03283743664547682,-0.10201088950506568,0.29355308459433105,0.20931766643529715,0.1447803164036165,0.9143016211091272,0.12215058156827084,0.09987314785436736,0.16563800241261098,0.058338881873823335,0.16442627684116365,0.16559941613916374,0.08940024915145725,0.15935263484114806,0.27921712122087217,0.06324899548987126,0.15300349782802006,0.1654970885962191,0.13710624811748237,0.2457147577045975,0.11472179457992994,0.1658124779080188,0.3126578558340302,0.21806591760040048,0.3006938217846272,0.18558153538363056,0.1462082698628246,0.18721966176043245,0.13886274356675596,0.08941001929312507,0.167085359181649,0.31834104918655665,0.15814421320653965,0.23596741414800468,0.1076220132027306,0.2436458025857789,0.08552296347913596,0.18722532448785795,0.16460869265308245,0.0678800332710743,0.008753110064992093,0.017257531163491144,0.27185087923679374,0.22833929646747092,0.003062978610841744,0.24673041753916686,0.015926889282333063,-0.08261643839228323,0.16979617543945405,0.09199695073455676,-0.1504715333728398,-0.13835857950512656,0.12866602151005255,-0.0929126428285666,0.3562432749850186,-0.4599930853678799
0.2794108037706997,0.3119809397909522,0.45681524916417793,0.007388510592246916,0.09633182926920504,0.011167017640376727,0.14834660379154463,0.2524085204695745,0.12215058156827084,0.8162080303489833,0.1402525896915665,0.06133263161257398,0.08544366367969908,0.11668913130798188,0.13026116211652744,0.127972575414937,0.220683181081704,0.38379248445852204,0.04037316465693807,0.17493186124159227,0.17838753475067148,0.24757933643477714,0.30083360635489825,0.2026119832797883,0.18857547299426225,0.10315110539433678,0.24652179695047963,0.2602841538585075,0.23616527348607114,0.4980014683167721,0.26537398505328674,0.10640979667702995,0.2096209725960109,0.1297675770058347,0.3021095579523498,0.29024991264672695,0.47633811937875375,0.11166782238407866,0.28469152329835457,0.20573272237852902,0.4589736611791499,0.18439055695205697,0.14801541202704385,0.06441957469070182,-0.08702492174888721,0.41284407558505126,0.5188718006288103,0.0015723391093715726,0.336330046345225,0.21603638616226664,-0.04509957118011461,-0.10723108046401163,-0.023266017808812375,-0.04334420369237114,0.016663185992079572,-0.003504517667813157,0.04468709579167742,0.0028914229777259504,-0.05682540750701009
0.3129406018653996,0.3011633187017664,0.35106362066586927,0.21675722387085963,0.17650742496005675,0.172433321546488,0.25980209075431937,0.2223232194206037,0.09987314785436736,0.1402525896915665,0.6099423197915399,0.29962025982073004,0.1341907185322525,0.1588647224269897,0.26237594292201066,0.13772132533125603,0.22641731521315434,0.213616619719212,0.07696585950823989,0.24224913051161318,0.25293889816021187,0.17282730201095794,0.16565328484115494,0.15907405568330016,0.23026782450721392,0.28422825055898515,0.2411682681228441,0.20730786905627147,0.23954198321404244,0.08559332665992206,0.1914472187092364,0.1856729311265142,0.12215203187870854,0.17985774211861225,0.20806114134670783,0.2065502180417141,0.2490846152141964,0.13527606205699777,0.21009687233019791,0.09216717172750051,0.19704414894493044,0.24340289334651002,0.04471803214388,-0.0029332895363600457,0.03747284690272695,0.31346117615090696,0.20582012438097821,0.0006906978981846623,0.051094297034895986,0.05796076520919784,-0.13368065880059685,-0.05361352127346188,0.12348198740545704,-0.03679658881173444,-0.11294033412852243,0.03199635737084161,-0.09156699406161252,0.24795413587112383,-0.20911359847673588
0.44076335163126457,0.25616684191328315,0.4810615828780389,0.32044724485057674,0.2714025740375857,0.2610662125511781,0.3783589922177697,0.1177262235760552,0.16563800241261098,0.06133263161257398,0.29962025982073004,0.7417501793457811,0.08760065777606255,0.21177332074533584,0.20614455938167636,0.2234693677727876,0.21887494964866105,0.2848181882285215,0.14203811978486233,0.1386669120130046,0.20100131536056726,0.18850159238211123,0.20522275333368223,0.13279843157237584,0.2944308587021694,0.3069396878358566,0.19810494215785807,-0.09711569034597155,0.33101968395899506,0.09487066308288056,0.2106934369487011,0.25897133133799377,0.1014127664499753,0.17754952638422514,0.33822554638589253,0.17636972418966904,0.20516826761572424,0.0961168183009854,0.2434988523280356,0.08536759299988166,0.22027184077407322,0.2009970970387414,-0.01801688762155187,0.05166367793835764,-0.04765169450457109,0.3293367232694632,0.2118557861290336,0.007081872556755592,0.570779458390287,0.07980148906935461,-0.15376145796733046,-0.22842064452321062,0.14848324628941373,0.010973399072487835,-0.16331089537405027,0.09052468138024046,-0.13225355247007825,0.3789954844381741,-0.466676301978752
0.12404163112191524,0.13554745909491356,0.16595503171666426,0.12374554372269661,0.09619681411542828,0.11236800702420531,0.09808023413385165,0.1374962720824695,0.058338881873823335,0.08544366367969908,0.1341907185322525,0.08760065777606255,0.2343836428949356,0.11049645416273175,0.058666002585322015,0.07323314251306019,0.11796525906149495,0.08532815872281971,0.07990477394718769,0.09010370024546789,0.08450478888805932,0.17981487611804695,0.08275426853305258,0.09433199438571047,0.08537928116165877,0.08691823958454306,0.07340866706827755,0.05872157315406838,0.1408964377482619,0.09417737329035722,0.07668039472729686,0.08541641565878687,0.07800095951770743,0.07710771633098745,0.09718940558951009,0.08249914611259415,0.1383715683780414,0.0514988414757176,0.12032625041667594,0.05001389368804678,0.09937516458366541,0.08468649870260443,0.05705362626156137,0.03731005486078409,-0.026773036512592406,0.12587587829064958,0.10883137733563913,0.0018904498653786119,0.12952329147030994,0.06793941038011735,-0.052492799772095665,-0.02632258733778481,0.007009382268310629,-0.021703165704796138,-0.0002781498128632799,-0.018625769793770078,-0.08714198831425025,0.005785160612139504,0.08606559543140742
0.311169796280259,0.07708835976595296,0.42990874718595057,0.38719550662770796,0.14616150437942946,0.3113311168852545,0.06057652983370198,0.27511727541491365,0.16442627684116365,0.11668913130798188,0.1588647224269897,0.21177332074533584,0.11049645416273175,0.5657659051531587,0.2367552340493976,0.18580229343411017,0.20933706186219844,0.10630090697221214,0.1629898738412622,0.32828227958212586,0.1645200420900734,0.08319738050501939,0.014905378926783104,0.11532656691710559,0.15824663738733846,0.19729918616711714,0.03661424790812422,0.07460362311871649,0.2597579891455858,0.22405429401845803,0.17927441314608625,0.0719339731615151,0.136166005209584,0.12108841280940691,0.16321676109031097,0.12257930427708189,0.3539829243564072,0.16812045439157097,0.2013300763604554,0.10548743299149077,0.22941438931027125,0.16280245245692063,0.16742736720976997,0.08372731127598486,0.059246518307157284,0.20052445874492533,0.20794695360428717,0.01376904135090878,0.4846504379933468,0.13441883546471978,-0.10454527100943176,-0.09033742687538313,-0.020119154954779884,0.0004378132119339519,-0.08569178174505662,0.016765859174575574,-0.28233592525926654,0.3787843361085201,-0.1172654212687525
0.36959374192119665,0.5507102993350675,0.460082656032047,0.1817631853377675,0.17702805903628568,0.19796682306496677,0.14591023552338678,0.1732087616454138,0.16559941613916374,0.13026116211652744,0.26237594292201066,0.20614455938167636,0.058666002585322015,0.2367552340493976,0.7693361720127115,0.009600341823922408,0.2280656322269904,0.1650180924533549,0.13579381193204496,0.3157873741267783,0.24107347672463514,-0.027747965671152192,0.11955672773959204,0.15754275341415874,0.21925353245811646,0.17575531073736375,0.22461702993255403,0.3425921936908094,0.2997760724241511,0.23463440649541076,0.20465719967395307,0.056422991560526214,0.2588495106144287,0.12222140064885667,0.11264036235195442,0.1866432273033128,0.44327155005866603,0.16633690123894312,0.20937493891665637,0.09702676927321448,0.2611964985482624,0.2234083275586378,0.09702821266666395,0.012907886224852526,0.042623842808326845,0.2873103651660406,0.23058544514801338,0.007399698947460111,0.2854141575759834,0.3561671089776834,-0.1845618603335521,0.04545472987062192,-0.11262765719856092,0.016427443067217454,-0.09504213390099742,0.051316615674940814,-0.24826761276976336,0.325427436034845,-0.07025840255555979
0.22748895335082367,0.10112124529901208,0.14986925746907628,0.34605862591430536,0.3099152520813985,0.18751903050379343,0.22397095395678204,0.16324576466564045,0.08940024915145725,0.127972575414937,0.13772132533125603,0.2234693677727876,0.07323314251306019,0.18580229343411017,0.009600341823922408,0.7994217923757835,0.13631065210474436,0.19122671702310057,0.15002072894520954,-0.019125584378419037,0.124030952541228,0.17975218042150734,0.1668528662391852,0.12120381413397424,0.13029503047728874,0.13504049294913206,0.07936647235736427,0.08417979726594489,0.3008531109421211,0.18170533385078924,0.09539809448509673,0.21630238430246881,-0.05704319821584268,0.15144600116489282,0.38963860102751724,0.13339206050218638,0.043013504961434766,0.027124698443016473,0.19202384261377997,0.09178437650578342,0.13930086609284248,0.14536568964948746,0.09782908713092622,0.08987551335704738,-0.01716712779485106,0.1458158274588183,0.21937671546948195,0.000831331328362801,0.17606118035307122,-0.25694861155517995,-0.129154337008732,-0.0991010482839154,0.19686846273842534,0.001144260374945145,-0.13846963081120586,-0.00672477885316347,-0.12891362383411656,0.28313662060905614,-0.18118777908607808
0.2063409612833997,0.03536332677759786,0.3907143046946801,0.22909177302639,0.08523654330513816,0.27238799755546583,0.17672841871387093,0.26749901511879853,0.15935263484114806,0.220683181081704,0.22641731521315434,0.21887494964866105,0.11796525906149495,0.20933706186219844,0.2280656322269904,0.13631065210474436,0.7268821454593388,0.12030741670410988,0.15979056333893543,0.2696332946720421,0.24919437789848492,0.3492727040173996,0.18946647327926597,0.19137892094251432,0.2423561152214765,0.1658460079677855,0.19882958372442866,0.2510250383911466,0.22462730456581628,0.17939702653139497,0.19138829039733518,0.13526820800537456,0.24875612640816527,0.1797742041757598,0.16736450952992896,0.15469762961503375,0.4390794254613424,0.1593539112127274,0.2958458480627234,0.11110993327485652,0.23563827563412074,0.2232983115956987,0.097119414713626,0.04970236756548946,0.03765229256454371,0.29692931416139995,0.2835749001346038,0.010059776030806274,0.34954040447859774,0.47231441103573507,-0.08141519643894153,-0.014830299456005022,-0.16284374460310033,-0.07824126944290039,-0.02911971860915203,0.023157874287402968,-0.14653402537889068,0.22861451729291898,-0.13759630875677448
0.575443271081155,0.8333663849296165,0.6285648764100157,0.06510451007752492,0.1359340402963203,0.08663146736696695,0.381772618294547,0.24393690543315918,0.27921712122087217,0.38379248445852204,0.213616619719212,0.2848181882285215,0.08532815872281971,0.10630090697221214,0.1650180924533549,0.19122671702310057,0.12030741670410988,1.096836746920743,0.09874509906641256,-0.168900483867285,0.25611731792853926,0.31402535123363934,0.7076425700361928,0.18392775547299833,0.31271195156404563,0.2947661861739274,0.021187584009514378,0.26700072246382367,0.38628374222110706,0.28161206024615154,0.31971958486123836,0.19152365688288,0.14774664870341644,0.06514304241907735,0.3323894017811616,0.3055788397791797,0.45651452747768456,-0.025071232917044006,0.28211026397751277,0.13767866066624435,0.39932226181866376,0.23199683909273888,0.029833888191577413,0.01348352931722765,-0.025217830304190572,0.44374472009132315,0.6357270803831027,-0.0067284264873093335,0.10289732409931072,0.48591402818795476,0.12488852653574625,0.013507037639368969,-0.38096864378012396,-0.16504177166576814,-0.17499052883411226,0.08350081702384324,0.045811059232369784,0.4036882231833275,-0.5915832161107071
0.2237683690355142,0.17690419835975488,0.20993455645650702,0.19213375437359886,0.3030317336259134,0.31540980428479143,0.08792106936800013,0.18223107690335016,0.06324899548987126,0.04037316465693807,0.07696585950823989,0.14203811978486233,0.07990477394718769,0.1629898738412622,0.13579381193204496,0.15002072894520954,0.15979056333893543,0.09874509906641256,0.7848895641759839,0.051437342371594974,0.11981221780531864,0.16144509611805952,-0.10334528708447113,0.06053271099051459,0.07967663832330674,0.017814563292046087,0.02388771581919859,0.001164609168820629,0.044903862060201576,0.019280802047982715,0.12840404725735896,0.07687013930878277,0.09768166512847505,0.052251282318857305,0.004908819895783368,0.08122746059516725,0.2675976721150559,0.050573487057888535,0.2368656107505255,0.022795433376448702,0.11183941990913521,0.08863869075322613,-0.030899473525867496,0.04214709416261705,0.11502097509814242,0.13932458046043067,0.017378683439231737,0.025427161853139597,0.13131617196494097,0.16595920517546978,0.13541420825532202,0.29970454164688387,-0.34635941505065176,-0.013397990359765726,-0.10000878068288098,0.01656385523680687,-0.10066160785426118,0.24908959336187458,-0.15374847790622923
0.0406967932665525,0.16103767193788857,0.3857113702862775,0.33868046967908527,-0.00509313880734666,0.3516103759406475,-0.08149114615833226,0.24628993326939302,0.15300349782802006,0.17493186124159227,0.24224913051161318,0.1386669120130046,0.09010370024546789,0.32828227958212586,0.3157873741267783,-0.019125584378419037,0.2696332946720421,-0.168900483867285,0.051437342371594974,1.996783814647093,0.41805525713536723,-0.41476379310663253,-0.540147229356624,0.2760591499524308,0.13313307009633427,0.35714034181946336,0.3662874465266572,0.5156235208042103,0.163965095216889,0.6875125924991634,0.4706907824186024,0.03262270966864073,0.6184201057707379,0.3052909018029011,-0.038558546481764246,0.2323672157834658,1.2239476091449923,0.8932013368531068,0.22412743337693897,0.4387048368964055,0.6273072405028475,0.4439497307256742,0.954860146291059,0.09050348482063503,0.4513011680952231,0.5644641133280357,0.2293407428945477,0.07623529268728113,1.3820298451090474,-0.19111659944287662,-0.31257853725246937,-0.23468276579213024,0.4386077336975631,-0.010591144145422348,0.11192713769055584,0.017465621439295906,-0.21926180529604186,0.15674891178568107,0.15739594509414448
0.2584852962160605,0.6856337929747802,0.3608820158577673,0.18349549121380215,0.1399517923510477,0.13471065364754511,0.21282709161640784,0.09691697002110634,0.1654970885962191,0.17838753475067148,0.25293889816021187,0.20100131536056726,0.08450478888805932,0.1645200420900734,0.24107347672463514,0.124030952541228,0.24919437789848492,0.25611731792853926,0.11981221780531864,0.41805525713536723,0.8329252213465604,0.18514720873102086,0.0899026737418262,0.19334157000144195,0.1856878308793351,0.361545330300126,0.25914818548003876,0.6145879392847624,0.15615485215416203,0.26946731625342607,0.2647433733949925,0.25042642399779724,0.28804224513358045,0.155548233905786,0.11108403695344606,0.24526385994421598,0.4069465274571549,0.21691537111574286,0.13244207721090565,0.22332357935814792,0.4466860100614996,0.6819900592541019,0.07976702653147014,0.02639859756790803,0.10546366773597597,0.37589916584986977,0.32648973473576043,0.01758618868516487,0.37298126257388736,0.07909001959195999,-0.08608422649448556,-0.0836340859753623,0.008789485498527112,-0.024427460951902524,-0.0599547019762903,0.03393464168952294,-0.09690726849945307,0.1305299753421831,-0.01953433841867374
0.4066490705111186,0.13828036315117115,0.5998843439701927,0.14460803205602116,0.1775449673130844,0.1441880471895594,0.30388837005472347,0.1502937149964611,0.13710624811748237,0.24757933643477714,0.17282730201095794,0.18850159238211123,0.17981487611804695,0.08319738050501939,-0.027747965671152192,0.17975218042150734,0.3492727040173996,0.31402535123363934,0.16144509611805952,-0.41476379310663253,0.18514720873102086,2.2920713008372573,0.6663163056794125,0.1969622052120389,0.24864128882240139,0.13129327265455082,0.153237610118049,0.044475302301607726,-0.04127466429034861,0.0992823215269256,0.054673806436123566,0.38397158409928417,0.13121358131086092,-0.01257594500222576,0.12438284895275328,0.16293697509034627,0.05790220941770207,-0.1661583359971921,0.15097112832777546,-0.022308370032555435,0.2109497059835334,0.15526379028960324,-0.1675040034306896,0.10208627634042522,-0.30141811636288945,0.2725147078305733,0.3019243830807204,-0.0025011167136204126,-0.10095078605785246,-0.18350933439282185,-0.003382157305657931,-0.4324490671906422,0.12537127007079957,-0.09835854018338767,-0.07346415249119187,0.06310556408703867,-0.06665418508734325,0.0624795153901823,-0.25902381931882856
0.27293715463262147,-0.052719790601939445,0.48602071991942314,0.037346804340036614,0.07853647873712184,0.004116244325005253,0.37155173810391745,0.11971564854671855,0.2457147577045975,0.30083360635489825,0.16565328484115494,0.20522275333368223,0.08275426853305258,0.014905378926783104,0.11955672773959204,0.1668528662391852,0.18946647327926597,0.7076425700361928,-0.10334528708447113,-0.540147229356624,0.0899026737418262,0.6663163056794125,2.205765492390337,0.4521194789346441,0.5885312530766046,-0.17794224354285584,0.13424014143469587,0.09698399138859178,0.4072505218847375,0.4616680027851005,-0.036221380433332735,0.06377983092960654,0.5383342945196855,0.06441087593031913,0.2781266345435393,0.13550088163854154,0.40811214473632695,-0.19396423859551465,0.48419871203716636,0.08730686244580266,0.10004556386482129,0.09301198071239622,-0.015617740697337885,0.03923480228454336,-0.3954534875383571,0.34149817188304193,0.6858035637479748,0.020119452262649933,0.0992021123906213,0.5487391048375411,-0.2602374808400824,0.07230330418912993,-0.02699279130819095,-0.14453382263160197,0.05885201310601858,0.03986975668593943,-0.09777506437997113,0.02392163171170165,-0.11564698069961207
-0.0065703380325094,0.03727724640201616,0.25466098933695264,0.18192107587858694,0.09019837801834635,0.13107261352693597,0.13568059568576976,0.11569630960323697,0.11472179457992994,0.2026119832797883,0.15907405568330016,0.13279843157237584,0.09433199438571047,0.11532656691710559,0.15754275341415874,0.12120381413397424,0.19137892094251432,0.18392775547299833,0.06053271099051459,0.2760591499524308,0.19334157000144195,0.1969622052120389,0.4521194789346441,0.631304664178173,0.250517344758982,0.16380089595894412,0.1997715084633945,0.3295811921493908,0.11187416536062399,0.5111546909773639,0.24945885991689962,0.16861588506214642,0.6173973727629776,0.009222493122451627,0.04122067382603015,0.34617441579181535,0.544857274315016,0.16978848802521398,0.1252898830951398,0.11392633568408794,0.4601256592237297,0.20549789154841433,0.12402782756033817,0.056725280789758005,-0.2654924378566418,0.4649720026786899,0.34950360874479736,0.00014504134657767744,0.4619277311804235,0.17035665971959857,-0.24304549351119725,-0.02076947715500461,0.07611866496758883,-0.06281989400276214,0.08188620414030817,-0.018239462973358697,-0.07475933437019129,-0.14222497597769151,0.21694432505589947
0.386355194409594,0.1570552265646239,0.44069498731075885,0.153720485034297,0.15958894348399652,0.1839113363741245,0.23765595167645223,0.16893534348135786,0.1658124779080188,0.18857547299426225,0.23026782450721392,0.2944308587021694,0.08537928116165877,0.15824663738733846,0.21925353245811646,0.13029503047728874,0.2423561152214765,0.31271195156404563,0.07967663832330674,0.13313307009633427,0.1856878308793351,0.24864128882240139,0.5885312530766046,0.250517344758982,1.231677979037421,0.20777163296908413,0.22875147661152936,0.10109016095974792,0.4016736778152339,0.2963780092858528,0.09557713496540185,0.14039358737439,0.259392675870685,0.21396428743114082,0.2923244625156635,0.14614924122721823,0.2834249325027296,0.09998441286765972,0.1826732546369825,0.10135584295242842,0.13579148335785665,0.18983011169609035,0.14488087197781624,0.06057299720842735,-0.0848654935009191,0.44403745337298445,0.3619495732117844,-0.0014819298189016276,0.24748954315181088,-0.010521563117371761,-0.1548352242501296,-0.14527376047236126,0.12726673344697234,-0.005785262956516483,-0.02382475921408015,0.13136716506717844,-0.06325675882351997,0.22022953016339716,-0.38795094591616996
0.32400055362584096,0.3898979895734557,0.36838722881725355,0.2605642566329699,0.16230750128401408,0.2547161432201334,0.2377481057398005,0.20464418224104883,0.3126578558340302,0.10315110539433678,0.28422825055898515,0.3069396878358566,0.08691823958454306,0.19729918616711714,0.17575531073736375,0.13504049294913206,0.1658460079677855,0.2947661861739274,0.017814563292046087,0.35714034181946336,0.361545330300126,0.13129327265455082,-0.17794224354285584,0.16380089595894412,0.20777163296908413,1.538135878763594,0.34315536810062164,0.5700593857298618,-0.06129046318535901,-0.06441832506594712,0.3119208233846884,0.3407794783996607,0.1502015417632267,0.18970088707849828,0.20805765857934788,0.3460282229676296,0.17728013020374334,0.20797020505565234,-0.5400130505858282,0.15231243241687153,0.5932660668733771,0.36499553250373656,0.19701814597921632,0.02392727289272103,-0.2804363079027148,0.5229051145973264,0.11093798337432172,0.023790261598804215,0.5098712616373777,0.068517751111044,-0.21968910558516525,-0.25253755773830555,-0.017092588071250043,-0.010515202643627734,-0.06331679454654998,0.033122672464793196,-0.13307529048692798,0.2782595127007749,-0.18517669811716259
0.2899242386127651,0.8032200891782851,0.1823264632864522,0.03208427314825605,0.16042291548977258,0.0823056552099707,0.235655630106497,0.14741818523131253,0.21806591760040048,0.24652179695047963,0.2411682681228441,0.19810494215785807,0.07340866706827755,0.03661424790812422,0.22461702993255403,0.07936647235736427,0.19882958372442866,0.021187584009514378,0.02388771581919859,0.3662874465266572,0.25914818548003876,0.153237610118049,0.13424014143469587,0.1997715084633945,0.22875147661152936,0.34315536810062164,1.2257254778005215,0.5448429335570006,0.18547662381485955,0.2962430179518666,0.2631391579708042,0.22634098840602832,0.3097852982494257,0.1860969022236468,0.33577462673543496,0.3070191304123416,0.416074060005425,0.21317343322199458,0.10908644106088716,0.218622906647707,0.38148754496943194,0.2651362772650293,0.25591883721316533,0.0012537608961500316,-0.07230174214634992,0.5658022104844266,0.21011163915962727,0.01164375812217656,0.5858049788910584,-0.07746644928927959,-0.3107084423483487,-0.0021414224290998442,0.302957785031073,0.01745790696915848,-0.11670120060285741,0.11204727870310809,0.10323670198791669,0.2578771649479557,-0.31146384870653776
0.05816802921091713,1.1494811635180509,0.32260565068261793,0.12832830111312488,-0.01174232299348919,-0.027121185963859696,0.19385587769436813,0.012789453609852477,0.3006938217846272,0.2602841538585075,0.20730786905627147,-0.09711569034597155,0.05872157315406838,0.07460362311871649,0.3425921936908094,0.08417979726594489,0.2510250383911466,0.26700072246382367,0.001164609168820629,0.5156235208042103,0.6145879392847624,0.044475302301607726,0.09698399138859178,0.3295811921493908,0.10109016095974792,0.5700593857298618,0.5448429335570006,4.405424716685807,-0.24431704461835002,0.28821567021897454,0.4213478516389029,0.25709706399436033,0.6726442885403182,0.12596643156997242,-0.16376014420319557,0.4850695649453082,0.8646177869752435,0.2872359997257878,-0.09985544642259324,0.12194848985002042,0.8089472410906234,0.5703699047474948,0.1801018577624086,-0.009902003785133631,-0.15489797336754346,0.5521400317308272,0.30775545560997697,0.02519306702275045,0.16652303508693792,0.09433149022109025,-0.3115712328806627,0.6778775416076872,-0.34598876611917856,-0.13499193132066378,-0.03680487541543399,0.08920086110788923,-0.03306660241020218,-0.058953387986547305,0.31500271665048585
0.6129003747983129,0.6346158787453332,0.8537953850696292,0.13019357065498874,0.2145009002498211,0.2725819522744793,0.2693289390149026,0.22343812642799454,0.18558153538363056,0.23616527348607114,0.23954198321404244,0.33101968395899506,0.1408964377482619,0.2597579891455858,0.2997760724241511,0.3008531109421211,0.22462730456581628,0.38628374222110706,0.044903862060201576,0.163965095216889,0.15615485215416203,-0.04127466429034861,0.4072505218847375,0.11187416536062399,0.4016736778152339,-0.06129046318535901,0.18547662381485955,-0.24431704461835002,3.3214953788249764,0.466281091190338,0.013290586464655118,0.2557100792718964,0.10290882773044065,0.24162316736815592,0.3524486896359128,0.29008167412558156,-0.5773517650185265,0.047001195272553635,0.5482325620693493,0.18822280033810768,-0.1540689594915661,0.13256443708644416,-0.10747080542960795,-0.12509953056296458,-0.33895247075924567,0.3312764003047562,0.5892908463354342,-0.0628441241565897,0.9288633643018919,0.6890883932033092,-0.5124721194018452,-0.13486391454247065,-0.21752472611162027,0.08535255622307514,-0.04878468469942418,0.06239318697301813,-0.1964059375227505,0.4812641308816324,-0.355848690949795
0.5734292236982486,0.28048824020714663,0.7489596995957603,-0.13739496286782385,0.061618112005074915,0.10748160722327875,0.10687994130887071,0.22029037031649268,0.1462082698628246,0.4980014683167721,0.08559332665992206,0.09487066308288056,0.09417737329035722,0.22405429401845803,0.23463440649541076,0.18170533385078924,0.17939702653139497,0.28161206024615154,0.019280802047982715,0.6875125924991634,0.26946731625342607,0.0992823215269256,0.4616680027851005,0.5111546909773639,0.2963780092858528,-0.06441832506594712,0.2962430179518666,0.28821567021897454,0.466281091190338,3.334665040800679,0.5748256945511867,-0.08460194192562108,0.35816491487140606,-0.2010380537496567,1.1127514484209502,0.7356538372671095,1.3346571899231832,0.35874749507301723,0.7968233431329802,0.7677730511498178,1.21312019332941,0.32836060417324103,1.5587616382059608,0.20140476185295483,0.4286742891426243,0.6501529665715261,1.4565063181261473,-0.012481931581636923,1.5138108371631358,0.08962784726156087,-0.38402822115714147,-0.42763875253058853,0.3409779818749749,0.002117131963135957,0.3977277101094211,-0.11008598009190004,-0.2409376326900994,0.25104972174713386,-0.14784631882169066
0.31734264620775077,0.4227490853744659,0.3723595983001284,0.16517174317994568,0.13793386734304766,0.16185509417798583,0.17843531689088815,0.17065157946284293,0.18721966176043245,0.26537398505328674,0.1914472187092364,0.2106934369487011,0.07668039472729686,0.17927441314608625,0.20465719967395307,0.09539809448509673,0.19138829039733518,0.31971958486123836,0.12840404725735896,0.4706907824186024,0.2647433733949925,0.054673806436123566,-0.036221380433332735,0.24945885991689962,0.09557713496540185,0.3119208233846884,0.2631391579708042,0.4213478516389029,0.013290586464655118,0.5748256945511867,1.0356607821468982,0.1841221646992384,0.40778839912998366,0.06333227064792908,0.17140700538188372,0.8080841949971189,0.9396441108207914,0.3087246300961978,0.22668049296625528,0.10277648641673522,0.9525043759016626,0.2720248286117224,0.0016916168656814505,0.0934143470328053,-0.08504013962780724,0.81994573121927,0.4064801728187509,-0.0296568851734788,0.317804289605733,0.2749269430131639,-0.13274753382714166,-0.07974247324285667,-0.06695196042934728,-0.04667272294224222,-0.045365968010441404,0.09142411203798335,-0.016007451337107063,0.18440617984354474,-0.3117860661257667
0.18538913800910864,0.2762950819998379,0.17898787790301607,0.2118894468881379,0.16593859271453884,0.12942169453958877,0.23838826375011035,0.08051109114701427,0.13886274356675596,0.10640979667702995,0.1856729311265142,0.25897133133799377,0.08541641565878687,0.0719339731615151,0.056422991560526214,0.21630238430246881,0.13526820800537456,0.19152365688288,0.07687013930878277,0.03262270966864073,0.25042642399779724,0.38397158409928417,0.06377983092960654,0.16861588506214642,0.14039358737439,0.3407794783996607,0.22634098840602832,0.25709706399436033,0.2557100792718964,-0.08460194192562108,0.1841221646992384,0.8914014836119595,-0.10166771146716011,0.14385780696102077,0.014611973693096497,0.3335461790787633,-0.23362238193968893,0.05688711376802866,0.048815790440500495,-0.017226040403778228,0.33920896037079257,0.23309446346358068,-0.3206264957666979,0.027304447545220212,-0.27439767078587346,0.407374120893216,0.11543514283426007,-0.019715958295802975,0.2244487162698687,-0.05162716786555152,-0.0047724614452138055,-0.10382769529602104,0.11354164456424663,-0.03411448318324333,-0.24174786662192116,0.05539275676438552,0.3092534809182848,0.01486531770732382,-0.3760327379072294
-0.021016805358543528,0.14051399003385318,0.1854708132971912,0.24936462346873264,0.16063298681908791,0.08958456507386849,0.11502873763669402,0.03751312480992576,0.08941001929312507,0.2096209725960109,0.12215203187870854,0.1014127664499753,0.07800095951770743,0.136166005209584,0.2588495106144287,-0.05704319821584268,0.24875612640816527,0.14774664870341644,0.09768166512847505,0.6184201057707379,0.28804224513358045,0.13121358131086092,0.5383342945196855,0.6173973727629776,0.259392675870685,0.1502015417632267,0.3097852982494257,0.6726442885403182,0.10290882773044065,0.35816491487140606,0.40778839912998366,-0.10166771146716011,2.5023862120758475,-0.13551351238786152,-0.9142249299655547,0.3505559504353883,1.2784613685140878,0.38103739375928997,-0.11162118322006394,-0.06888989266489812,0.5981944864445629,0.3059847488859037,-0.19360112987938993,0.03341852221360366,-1.058778784396218,0.9674405850808624,0.30422488961251254,0.027655707496223488,1.1143096328752962,0.6536188951195064,-0.6303433291702333,0.05130724904873242,-0.15988413231806303,-0.052149144321151995,0.22116315257586378,0.1673430436636026,-0.2848989733009703,-0.14420338517205486,0.2887233096315629
-0.284179912653187,0.12083757146902206,0.07244806406907699,0.28476274296323784,0.06799108621613993,0.22046737381891268,0.13347595598808037,0.19196026502160043,0.167085359181649,0.1297675770058347,0.17985774211861225,0.17754952638422514,0.07710771633098745,0.12108841280940691,0.12222140064885667,0.15144600116489282,0.1797742041757598,0.06514304241907735,0.052251282318857305,0.3052909018029011,0.155548233905786,-0.01257594500222576,0.06441087593031913,0.009222493122451627,0.21396428743114082,0.18970088707849828,0.1860969022236468,0.12596643156997242,0.24162316736815592,-0.2010380537496567,0.06333227064792908,0.14385780696102077,-0.13551351238786152,1.1887420437745022,0.3302490965823078,0.02526417740426203,0.23089290524304562,0.2131567922809897,0.20138191426986377,-0.0007411196593152383,-0.053376585048679905,0.16180325859047276,0.05071997974425543,0.1431683797344871,-0.24576528685838248,0.15296394259117826,0.0827953657564704,0.02340019235994823,0.49690672390824425,-0.09555370737727983,-0.15433763555914626,0.1002729805658043,0.1534285879634991,-0.065775676115306,-0.16251399493199153,0.05964246909518481,-0.11124127995531212,0.1066090941103599,0.1383997662403347
