1.0292889760406991,0.23650476595752726,0.38503408863602906,0.06677133852110115,0.17330406852650912,0.13127108778082092,0.22798362877453107,0.12567966158761998,0.1302658037640275,0.14618274371843634,0.12724228114002947,0.1629264784001155,0.09228433327757692,0.15055051248067014,0.1400442234700539,0.13194887861445942,0.0997479057873628,0.16427018303154226,0.11872567851773679,0.09873760578365537,0.12067597462454811,0.13989803877267476,0.08394727484489647,0.05954292576274274,0.15417830658415038,0.11616108360592792,0.11495740249695725,0.06983497891280083,0.140615606764748,0.08985736695387458,0.13108870292024802,0.12324313285579783,0.0934005354619159,-0.06871169994514047,0.07043686679922,0.13991564706735996,0.0984808130115532,0.09308457952675346,0.1212324743180238,0.04364706438332481,0.10520645825136303,0.09630423721063185,0.10344202328624237,0.03232848911918565,0.12878207444351006,0.1720024572891603,0.12163032818706136,-0.017262795034676807,0.030415421841847763,0.009978786925171785,-0.0065754927195005395,-0.006679351651347697,0.02052908217375835,-0.015551758867349564,0.17006338659984327,-0.019021590931782652,0.05993629878917966,0.07730945495930068,-0.26333356384185075
0.23650476595752726,2.1823357310847693,0.781594209438808,0.10599932477306039,0.10494603591661097,0.23708839077868885,0.19716044264368673,0.25046009928266094,0.24005083998231996,0.24433455097642956,0.21807038555203354,0.21188505000900174,0.17660296616909799,0.16384684229373508,0.3050742209953718,0.1546033364183078,0.22850421939472298,0.3117222927086286,0.1502181227007953,0.33063065745015685,0.24827575807185379,0.19053819950559164,-0.020688101138000747,0.11788888412021092,0.20287466427669518,0.24729888051345095,0.21999949561772925,0.19631094716784978,0.36975984984456856,0.06774133274447798,0.2036013130649923,0.14348742732209635,0.1839111759801367,0.26703182051604163,0.1519628157757593,0.23771253471615814,0.4599732926680305,0.19845570745602364,0.15004611596839101,0.042491399779425114,0.19866534886534912,0.2107065693024753,0.1977706479053468,0.042309306927110185,0.25242466450987233,0.24063716719477285,0.18290929612241005,-0.002146650798138332,-0.06417097814497263,-0.1690610223884847,0.16225480149917762,0.08168431099788175,-0.016111036739493847,-0.11769806658219632,-0.3675452224634625,-0.12391500992900187,-0.3031565251421092,0.31291281594752973,0.2664622703658821
0.38503408863602906,0.781594209438808,2.129889635382586,0.13501447184427823,-0.06946115014279772,0.334553376075005,0.20183968189886253,0.34620098733108406,0.40957460304921256,0.3761113809292851,0.2699310250510899,0.2784007699935586,0.20327611959667408,0.19330642421594682,0.31044980620468676,0.16595470022314723,0.3024746920120149,0.28962411490037276,0.22281675956076893,0.26877747972006055,0.24345334076542083,0.2987225377716299,0.14903985887100335,0.218022092091328,0.2573347841825099,0.2716132388609897,0.21930697177453717,0.22207379509142397,0.3510819648955176,-0.09425063278801202,0.25945033331154926,0.2071043505895691,0.21876678619328116,0.31472524097811866,0.17487874284703367,0.3965952025032814,0.3879229360998241,0.20184174873162292,0.20648528455108472,-0.11465835551293044,0.18985694008767193,0.22263256697419198,0.14997955972023388,0.09717405270976871,0.26826890999858033,0.4707809082045148,0.18569833770848304,-0.05526547262866399,-0.2512398576427876,0.021790986337699193,0.04906037019403506,0.1911796493528966,-0.06590628334084485,-0.20978274659176066,0.0123221169631635,0.015628715245135406,-0.04316744152605044,-0.1745730694102723,0.03473801946196429
0.06677133852110115,0.10599932477306039,0.13501447184427823,1.2423185530879939,0.41037923097665413,0.3029879081139472,0.29364184918531877,0.27924200184151143,0.14716199101956526,0.2005129546175704,0.2215463252382087,0.287271094914734,0.18047939845807892,0.27369802148847305,0.18442475926609145,0.2697036358996044,0.21540270078630555,0.20275522905838642,0.21526148415836233,0.20435019860425457,0.17936835507382212,0.22062443125818731,0.18060678518196122,0.19395607573525248,0.2161327598617841,0.23133375054316344,0.17114642240801017,0.06168255702343474,0.2577446738512483,0.1053484588422233,0.1566967716320267,0.2283522061430931,0.15010647840727087,0.3130729400432503,-0.0012255940097231693,0.21410754369147966,0.23367207198432707,0.1454785229001714,0.22025187590956494,0.05541878879472656,0.13273176416194932,0.1726490787138318,0.2073967046024589,0.11055650869687565,0.0705910207702403,0.16075196461404437,0.20157475912472828,0.0011214023946828284,0.12311777237516175,0.04325190626062782,-0.10614721114358844,0.035903305295810026,0.03130168433845701,-0.09232788373880782,-0.11064106387044378,-0.07267279529506245,-0.13553940263404116,0.27578946052063125,-0.08806808170326388
0.17330406852650912,0.10494603591661097,-0.06946115014279772,0.41037923097665413,1.0871030065087193,0.2636911945627571,0.23437420938711542,0.2515728601786776,0.14869389118080026,0.16963463217196798,0.19516300347085358,0.24522835205487142,0.1799240226395293,0.2196783904423279,0.20185333894809826,0.258003796067976,0.159664826974779,0.18039641752791846,0.3747358681512474,0.165738806728856,0.1636787651410179,0.20748184372100945,0.1539016311358591,0.1665859036759753,0.18302927771003782,0.2038778347381376,0.13998636185278907,0.022394153542762422,0.22977995993891467,0.07830673376746544,0.15620886600504635,0.19527933313488116,0.11666320985448973,0.3020875781521922,0.008392059253116521,0.19423251599935148,0.22075298482580397,0.11233056236056077,0.20464610392548618,0.09383148824804394,0.1420515180604798,0.17526649959410293,0.13487460505808224,0.07222791338925202,0.0038436480798746636,0.12608553902735045,0.17040269896098584,0.011945399960559098,0.2178356624463558,0.06483439571135105,-0.08454959235473075,-0.19038407921249115,0.1387664092152874,0.025866844020987174,-0.015377128123374691,-0.044082820061080524,-0.12145593642187472,0.08825152475071003,0.07158174478465586
0.13127108778082092,0.23708839077868885,0.334553376075005,0.3029879081139472,0.2636911945627571,0.7842727509902188,0.14484723571085723,0.3368958958972257,0.2412014986254292,0.19219171871811544,0.26675512657465944,0.2749271771870869,0.1911940837350168,0.2529026888295885,0.2447271562064421,0.24708546154277358,0.2680674973759321,0.21718790193330834,0.3586966716793822,0.31153536976562685,0.22601401275845956,0.26988878227129764,0.10647291027227387,0.20549808600394426,0.25104339684232213,0.30158811829609616,0.21659173357640923,0.16532357284759197,0.38302636780484495,0.09716552075670273,0.20584248470401065,0.26064798333856176,0.09234539879990135,0.3231536315475066,0.143818258100534,0.18793442129185936,0.31021765019631214,0.19797523878902573,0.26471757500044507,0.09873637043208852,0.11159558979101081,0.21091299655234755,0.28948407597621223,0.09747392601978386,0.20165098152722896,0.17487090067672242,0.2660477560889466,-0.000976636016093583,0.23673062651762242,0.20402357020671594,-0.2824591684765644,0.07421327701206325,-0.12816499333088988,0.00315213805460115,-0.018849167054778303,0.009009218409013909,-0.058127951963699916,0.18708878573219373,-0.15145576636748034
0.22798362877453107,0.19716044264368673,0.20183968189886253,0.29364184918531877,0.23437420938711542,0.14484723571085723,0.70170726788683,0.15188029040569412,0.2746863456566531,0.1732931095995323,0.21870812196876022,0.32271729549796024,0.1578874969214403,0.1680264267281322,0.12748239632734493,0.22209109111791975,0.2008688195420887,0.20529194631350658,0.13098843523392956,0.1578978088144661,0.18099494761322,0.25375613695224203,0.19652210559643407,0.1771804556235869,0.20705543130095105,0.1966407973087625,0.18203927460710922,0.07119677673891979,0.20431162575827094,0.10211739740343938,0.1672147046194313,0.17821439308390152,0.14880598933122596,0.2530307887283361,0.07872053370481492,0.2311394604646384,0.1808660489291782,0.11561671064393289,0.2207796361809851,0.0672139123620277,0.1179545688810515,0.1693377402216112,0.18667940445274966,0.06894930822237119,0.09483376949338777,0.17201202301394236,0.13257830641310173,-0.014701101221916016,0.21633747027879058,-0.08924990641448625,-0.049430398485836934,0.009846160810158532,0.08252210141763949,-0.08591792238540898,0.0708754926573729,0.09576387246826144,-0.052168677112123064,0.08223400496622883,-0.25279411634782245
0.12567966158761998,0.25046009928266094,0.34620098733108406,0.27924200184151143,0.2515728601786776,0.3368958958972257,0.15188029040569412,0.8283267823247469,0.10120384792610687,0.24924575496241902,0.26728261094600514,0.14605179975448196,0.2196252130469814,0.2422477821926002,0.1774582867771903,0.21374080465436332,0.26338388114236555,0.26526337457353527,0.2517048023540449,0.2801750874387228,0.1820326755798738,0.19514557707801514,0.132123449299286,0.1651245157884634,0.2357299681923459,0.29315647432526587,0.20158199805244528,0.11257782108501986,0.2651233618373719,0.12938674357366012,0.19208995978121954,0.20389655664069148,0.11348169955750098,0.30161598703282416,0.15589200025163757,0.17941396754117392,0.3064960521144519,0.17043331244124382,0.3043253778199906,0.10004614448654375,0.1675841905870544,0.17784334896534826,0.26682354298493005,0.08331522223293568,0.15690606751125177,0.20919713371063722,0.2868710842658644,0.01716413860546626,0.1991606675378274,0.1714221601612074,-0.06405620357074783,0.04044849415888263,-0.008075655722463247,-0.11879387857404959,-0.021731726920750358,-0.07373984028752255,-0.02460793576845995,0.2784100727161217,-0.17006420172648004
0.1302658037640275,0.24005083998231996,0.40957460304921256,0.14716199101956526,0.14869389118080026,0.2412014986254292,0.2746863456566531,0.10120384792610687,0.7800647795532965,0.13243194361757327,0.14791223839597772,0.1882611436283237,0.14726219792699313,0.17943222908234366,0.13889246517024,0.13358540091688337,0.17720457861184705,0.19103364133877831,0.15086893891057507,0.14864774715411086,0.18343440189191026,0.36056842799687966,0.18481566020555462,0.2001264863876921,0.13248720843229472,0.2613327272171681,0.1607317434800794,0.1218565251429441,0.17467042941421215,0.07520780316982384,0.18806417264513142,0.18833419968045284,0.19152917726326996,0.20792364195064517,0.0892550175748125,0.23189782507126708,0.196791391913612,0.1229329680444058,0.19525271232862718,0.04788911077370542,0.11918863983970486,0.16511245321768248,0.1634349788177658,0.07925466735948564,0.0817225387969869,0.20202544365982286,0.15665733766110493,-0.03844923805794169,0.24112103675690044,-0.038453372836988055,0.004587655096796825,-0.011874451224128937,0.045762818460187815,-0.08059646898781732,0.03645281203376529,0.1443533982426314,-0.02688702785266428,-0.08204210173155975,-0.10500571884780475
0.14618274371843634,0.24433455097642956,0.3761113809292851,0.2005129546175704,0.16963463217196798,0.19219171871811544,0.1732931095995323,0.24924575496241902,0.13243194361757327,0.7250294078530596,0.1903875876668778,0.2129257446371261,0.17153965020776957,0.17008698477986642,0.22209859778089897,0.17559333816999645,0.22335055393865097,0.25168273284629494,0.15940705101269434,0.15606120734691473,0.14155536116548056,0.17977226042980615,0.17718869539090223,0.16985743775424497,0.2018929482459957,0.16908579471618773,0.17894016613103858,0.13752952553303555,0.2507790895298552,0.1372818044640361,0.18091115296212423,0.18137402773333652,0.09650284232374962,0.2969020393643669,0.1745083814729729,0.24691113411751092,0.24747551539717844,0.10590985605181416,0.21056536547831606,0.07686641227327448,0.21342306464456,0.15007423190862723,0.13650034962207072,0.08169932754284677,0.07925487824358465,0.22148797639669623,0.26134117899537546,-0.0056479168720426215,0.11481155677479947,0.0708399898970415,-0.006258861965727859,-0.005799640250639718,-0.027814574410909294,-0.003526901863046581,0.0014093616474236724,0.015006123776780747,0.05836653134506619,-0.07330812830504317,-0.045488174278752166
0.12724228114002947,0.21807038555203354,0.2699310250510899,0.2215463252382087,0.19516300347085358,0.26675512657465944,0.21870812196876022,0.26728261094600514,0.14791223839597772,0.1903875876668778,0.52126713229406,0.2876956053261457,0.2056072608589594,0.1868288208930029,0.25840987964309065,0.2160380605801808,0.26752013218439913,0.20059616418560064,0.16392340960492618,0.27566655623510244,0.19482354410474892,0.18902398734401696,0.13629355759213435,0.18207334184530305,0.20627950801956824,0.23733913153627187,0.20558216002743537,0.1328961862017174,0.2586435083795928,0.11397546037870873,0.19305113983302194,0.19275722936912917,0.12208470934062023,0.24994768271154286,0.18766857928622557,0.21963875810041186,0.23692000424527587,0.15901627193981122,0.24790541354890414,0.11281406785478805,0.16073551048032061,0.19462043765596274,0.20921335852189413,0.06441383638620343,0.1581013774280899,0.2004030134328514,0.20764079191441984,0.008624279180632683,0.11322531380000256,0.05664535185908807,-0.06661423679388975,-0.018154931611366002,0.05842903513751045,-0.013591492851073219,-0.017896189059483838,0.022522011916080206,-0.0584614421314209,0.11714559833018096,-0.13964680595373924
0.1629264784001155,0.21188505000900174,0.2784007699935586,0.287271094914734,0.24522835205487142,0.2749271771870869,0.32271729549796024,0.14605179975448196,0.1882611436283237,0.2129257446371261,0.2876956053261457,0.6643418939630034,0.1569648031671509,0.21995190456890232,0.2288881850924471,0.2633783510015605,0.23450010825437625,0.1786003587144024,0.19315604141979859,0.21421451027284474,0.17884055601168414,0.21559331110630034,0.1547124212565278,0.17694032836002632,0.25870737833004304,0.23198908749694339,0.247673870314891,0.08265837718375868,0.23919308014826307,0.07614839623371251,0.17304488616803823,0.2381744228936286,0.10680383603018556,0.26744606062413434,0.1460352641271044,0.2479937790526804,0.14369111560829828,0.14126399700148648,0.22241835972638332,0.09927353921271591,0.12813531379155998,0.17951166301896865,0.20515661148713135,0.05717536466287658,0.14384243919376197,0.18105822043314349,0.1740875709488089,-0.0011897824713818232,0.2083785079201729,-0.13682354982838463,-0.03889238376506165,0.041635942588480225,0.06011199995130206,-0.014547222748789697,0.002858543920854161,0.10849956823878466,-0.06212696841768768,0.1129347237075419,-0.2813248107319517
0.09228433327757692,0.17660296616909799,0.20327611959667408,0.18047939845807892,0.1799240226395293,0.1911940837350168,0.1578874969214403,0.2196252130469814,0.14726219792699313,0.17153965020776957,0.2056072608589594,0.1569648031671509,0.39152934563345804,0.16063264175599523,0.09400247232100048,0.1743159651819651,0.16982145538427737,0.1462300010168852,0.15122042971499552,0.14943509029683108,0.13781917675536795,0.1957401632004433,0.11529170943076422,0.149702363814044,0.14438378395458049,0.16834847284166424,0.16036568324786712,0.1070614864554718,0.22052671527556011,0.09932378265953112,0.12777194891293364,0.16383070303935243,0.1138775096755811,0.1990996245550694,0.13275119305179384,0.17034720129696732,0.17500121286291143,0.09277091188896208,0.18758797256679638,0.07046532396627397,0.13193184847518355,0.13541340355720874,0.1505888971016691,0.07742805088893646,0.025745318873624932,0.15932352327125393,0.15634771919817692,-0.0025589116807029745,0.1695073811031693,0.09494128012943694,-0.040792998595861926,-0.027972335803283024,0.004249465674971933,-0.04096728067910409,0.0035131503163363235,-0.031252791987524696,-0.07151712359968454,-0.008002972249071344,0.0729757323308543
0.15055051248067014,0.16384684229373508,0.19330642421594682,0.27369802148847305,0.2196783904423279,0.2529026888295885,0.1680264267281322,0.2422477821926002,0.17943222908234366,0.17008698477986642,0.1868288208930029,0.21995190456890232,0.16063264175599523,0.5460895777112484,0.21027068577667876,0.30555555496307235,0.20180860179463525,0.14449357534953403,0.18179740403573574,0.22647987866862987,0.17383908328194717,0.2375034906587577,0.13412520222782398,0.20503339476709026,0.21113838973551727,0.2611604632396321,0.18332886226427247,0.12114622094321757,0.24247336848435344,0.16780963076837485,0.17318358625027,0.34301954352976155,0.11500485742744702,0.22452153623009635,0.15611777916053546,0.21796354850264693,0.20007090294682758,0.15656452648616676,0.16960106794793814,0.09784365167850209,0.204615029919039,0.18208190742851524,0.2281239080725204,0.07903645242809368,0.0967255270674479,0.16938326965689554,0.22153824160371804,0.0027525603698481753,0.31062498592868004,0.044704887384696884,-0.042239186754007584,-0.04665079216999087,0.061054412964258155,-0.0044187634942576826,-0.11322825146902389,0.00458084631451824,0.0037710374397750793,0.19299781484497636,-0.1340459091393784
0.1400442234700539,0.3050742209953718,0.31044980620468676,0.18442475926609145,0.20185333894809826,0.2447271562064421,0.12748239632734493,0.1774582867771903,0.13889246517024,0.22209859778089897,0.25840987964309065,0.2288881850924471,0.09400247232100048,0.21027068577667876,0.8158713969211993,0.19534626079446196,0.2310689755005153,0.22954529746754387,0.1817803139523823,0.2636043702040274,0.19849943465730727,0.14057626698937525,0.17539108342098175,0.2031962951619388,0.25792014623262377,0.20665177596990075,0.1800487589454953,0.20508886878678007,0.28017728548497767,0.1957787475831998,0.20242854066127317,0.1794523534069011,0.15540904993109664,0.26215298886712246,0.1832302540580695,0.23471600154432842,0.32662479425545393,0.1463062814817234,0.19914664005467664,0.07262475058921185,0.21219218413176522,0.20200699814059933,0.22160392578705893,0.07432474154097606,0.13252649328883184,0.21344313586168284,0.2402091893723637,0.023436820315127668,0.1296916005799028,0.07421133930020825,-0.13882292315371975,0.17410317788569044,-0.09382761197175611,-0.031104548042091538,-0.009834908238387669,0.08050524358655504,-0.12751328803056566,0.05445494019221627,-0.016851716752542198
0.13194887861445942,0.1546033364183078,0.16595470022314723,0.2697036358996044,0.258003796067976,0.24708546154277358,0.22209109111791975,0.21374080465436332,0.13358540091688337,0.17559333816999645,0.2160380605801808,0.2633783510015605,0.1743159651819651,0.30555555496307235,0.19534626079446196,0.7092483017436375,0.25296820892861843,0.18874570986849665,0.21934618081979176,0.19561270742676026,0.18731573795008896,0.34517463146720007,0.1510987546424157,0.199821123159868,0.2438458606769402,0.19223038729988062,0.2400304417858439,0.1641336773266497,0.29205604865441237,0.1927066165592525,0.17630120319582593,0.2618586064002453,0.1035874486740116,0.2765020947958831,0.2679683918960359,0.22169088942744622,0.2266410539816963,0.14238609479590283,0.2376081953694248,0.1424803781175614,0.20576782255598186,0.21877372288749486,0.3090189116381215,0.1000576651172703,0.13052172454111824,0.17196010726574099,0.24422362535704178,-0.021878328513536965,0.31064913834368035,-0.0985979903020095,-0.0662485717518135,0.009705625063497947,0.0550700111899079,-0.0132675061174626,0.010601050909596208,0.06996703032605547,-0.13873610841423276,0.20842571482294717,-0.16017837922555853
0.0997479057873628,0.22850421939472298,0.3024746920120149,0.21540270078630555,0.159664826974779,0.2680674973759321,0.2008688195420887,0.26338388114236555,0.17720457861184705,0.22335055393865097,0.26752013218439913,0.23450010825437625,0.16982145538427737,0.20180860179463525,0.2310689755005153,0.25296820892861843,0.7426879803180624,0.1734939067898227,0.19905961775490888,0.3452535143326108,0.2382954665600064,0.25203174797784894,0.10659355300415745,0.2014128993925836,0.24429797735172207,0.2001595781562978,0.22140644417067823,0.31000849270819214,0.26338940966794505,0.16012819793478605,0.23784816184206103,0.20066955572040499,0.22593652028841765,0.25280410378222634,0.2370122018930636,0.2630682269196766,0.44007296678504226,0.21344757137615253,0.28148226883880567,0.12330491013132087,0.22185413663257134,0.2674789983906171,0.2732180570084311,0.09174133418228601,0.2826868095682479,0.23809154548984163,0.274633925110374,0.01458992256590725,0.125653192730118,0.24029110592657152,-0.05240540827522105,0.024482589665901264,-0.11959676545202418,-0.05448996585302195,-0.08481694340672465,-0.027091392040622195,-0.06913238418384084,0.14422256683531803,-0.12087677751963269
0.16427018303154226,0.3117222927086286,0.28962411490037276,0.20275522905838642,0.18039641752791846,0.21718790193330834,0.20529194631350658,0.26526337457353527,0.19103364133877831,0.25168273284629494,0.20059616418560064,0.1786003587144024,0.1462300010168852,0.14449357534953403,0.22954529746754387,0.18874570986849665,0.1734939067898227,0.8642905187063744,0.18261886775704655,0.03868084678604985,0.2179231465623705,0.22393571481267596,0.3623082293518866,0.1557589938727961,0.2175890745675676,0.28606345466375244,0.11407091016856151,0.17216774218282715,0.2631705084040451,0.0671380325062654,0.28868868354302774,0.16067711833632256,0.16183674720217142,0.25821720380520946,0.10260241071139091,0.25233907877920936,0.31448782144185966,0.07463897445178883,0.17672718436560436,0.09188116083340073,0.19456635655541907,0.17240612967160848,0.31656931050866693,0.08172762846092187,0.23034749439609772,0.25667864795739986,0.3859437865833542,-0.007728257910587832,0.04772114923409243,0.1610114963590647,0.15102057993975135,-0.03654968966367059,-0.21175597716242645,-0.09725114379160749,0.05737413991322349,0.07677527611424156,0.004018485253145384,0.21458055045200228,-0.3479778748749474
0.11872567851773679,0.1502181227007953,0.22281675956076893,0.21526148415836233,0.3747358681512474,0.3586966716793822,0.13098843523392956,0.2517048023540449,0.15086893891057507,0.15940705101269434,0.16392340960492618,0.19315604141979859,0.15122042971499552,0.18179740403573574,0.1817803139523823,0.21934618081979176,0.19905961775490888,0.18261886775704655,0.8055552016999411,0.1564536591333162,0.18751766576008802,0.21684710856345019,0.013976911038822855,0.15560743325717472,0.1743666430840395,0.13818671595616042,0.14147880929362233,0.19299568498999062,0.18136570783328235,0.10543540278884993,0.19884377500961953,0.1886064955373732,0.167899036632828,0.20201951756339037,0.05609891959337768,0.191800001890818,0.2429850513100056,0.13456263857804607,0.23000000723274241,0.0644671294514582,0.13219161332198004,0.16650787766142,0.18618723532000492,0.0647182104542867,0.13583685377003177,0.18832240699384883,0.1551339193016557,0.01881435915221282,0.09375903571330928,0.03179664307334018,0.09039994706480467,0.2296923999123111,-0.22391205131844502,-0.11880763727037486,-0.015021304685968944,0.01029509576855486,-0.03636967004447005,0.115899227326366,-0.08222078245336133
0.09873760578365537,0.33063065745015685,0.26877747972006055,0.20435019860425457,0.165738806728856,0.31153536976562685,0.1578978088144661,0.2801750874387228,0.14864774715411086,0.15606120734691473,0.27566655623510244,0.21421451027284474,0.14943509029683108,0.22647987866862987,0.2636043702040274,0.19561270742676026,0.3452535143326108,0.03868084678604985,0.1564536591333162,1.1674127647668047,0.1886190525023811,0.14380050248710913,0.03174375206878027,0.24020577155260397,0.24374077599937602,0.24828288585178082,0.31848630090158736,0.22406125542900868,0.35237903066742154,0.3444102931396652,0.2620472856803414,0.21977691857745935,0.1888717702126488,0.33435537886918276,0.2425488524849661,0.1845374437608809,0.660271475465673,0.5209078739641313,0.3587034322496178,0.2290074153229044,0.22699047010264908,0.25691309595687545,0.48796503070985975,0.06640032555143875,0.49942701121462607,0.2417881316243908,0.25147871017468837,0.09563679686677835,0.34672077810040774,0.022040190690830543,-0.18563640435848008,0.14240776687515388,0.07192432531936496,-0.07032702485249154,-0.0582631585784091,-0.024181395249733,-0.05043325089201897,0.1251149957294759,-0.06260960002500347
0.12067597462454811,0.24827575807185379,0.24345334076542083,0.17936835507382212,0.1636787651410179,0.22601401275845956,0.18099494761322,0.1820326755798738,0.18343440189191026,0.14155536116548056,0.19482354410474892,0.17884055601168414,0.13781917675536795,0.17383908328194717,0.19849943465730727,0.18731573795008896,0.2382954665600064,0.2179231465623705,0.18751766576008802,0.1886190525023811,0.5443105066209315,0.1976559832662936,0.14036808685913454,0.1669328749942987,0.1734391651709537,0.18331052523924088,0.155267890803547,0.19429791189166165,0.21104529298864516,0.1912388737687621,0.24743502436842466,0.1776643070632277,0.19465848394109483,0.1967174830960057,0.1969842822079369,0.27299640841132067,0.32227348169952513,0.16468867994428618,0.2697742177917702,0.16600346062402102,0.25530944189898125,0.36464756881615007,0.29142081888016524,0.08454577441997599,0.39128418501211376,0.18875088703373802,0.26602593294603666,0.028750504137437446,0.0538103415746325,0.08837020287998912,-0.02802013575205038,0.004419752075719325,-0.03752751295816047,-0.04229416287335189,0.02528493079565211,0.004759098509348835,-0.10960479345160672,0.08872481112544527,-0.04431252393454808
0.13989803877267476,0.19053819950559164,0.2987225377716299,0.22062443125818731,0.20748184372100945,0.26988878227129764,0.25375613695224203,0.19514557707801514,0.36056842799687966,0.17977226042980615,0.18902398734401696,0.21559331110630034,0.1957401632004433,0.2375034906587577,0.14057626698937525,0.34517463146720007,0.25203174797784894,0.22393571481267596,0.21684710856345019,0.14380050248710913,0.1976559832662936,0.8371290316501688,0.24221433338355336,0.21802949718356487,0.19289872094655156,0.20505129114667553,0.2106820041875394,0.1385487408041225,0.31517397843818373,0.15691215123574875,0.19335366598480414,0.26495407271200744,0.18532753392026433,0.28727520105354787,0.14693327737748155,0.28584821825228474,0.21904552091829174,0.15021631816969339,0.2787165681776496,0.09296665981790966,0.1851921909237098,0.20736509003017115,0.2711805425697298,0.12810952582785043,0.007392084555777141,0.25792322010288776,0.2352210825800881,-0.1386351968398893,0.5100083890963497,-0.0223548130786479,-0.045328155151590964,-0.07431340085496943,0.01845298451362935,-0.06130051657824478,0.015840339091873393,0.08203026989393844,-0.08396812842100046,0.07056417870958785,-0.12577793992342756
0.08394727484489647,-0.020688101138000747,0.14903985887100335,0.18060678518196122,0.1539016311358591,0.10647291027227387,0.19652210559643407,0.132123449299286,0.18481566020555462,0.17718869539090223,0.13629355759213435,0.1547124212565278,0.11529170943076422,0.13412520222782398,0.17539108342098175,0.1510987546424157,0.10659355300415745,0.3623082293518866,0.013976911038822855,0.03174375206878027,0.14036808685913454,0.24221433338355336,1.3305009090455924,0.2964012563472636,0.3428867181477759,0.00844842135974253,0.09751124966736642,-0.12635889390305993,0.3906807933329945,0.2664675274688198,0.015564592125331572,0.1086564065243582,0.1770030793712971,0.325023741897616,-0.05840233145004029,0.4383029380041468,0.16762935498928475,0.016196337044385816,0.32899017989417684,0.09010218707370933,0.19566123134060207,0.1208250008444255,0.169027684914838,0.22643822484758594,-0.1681257188325471,0.27967205315265586,0.3048709813222111,-0.006538113543340457,0.167341963334098,-0.041018170853904745,-0.015416806111795727,-0.11221112637014823,0.1816356095138404,-0.05901799490774619,0.04248712328765465,0.059505809890186945,-0.0691304078133269,-0.04920496715774121,-0.004425976140003466
0.05954292576274274,0.11788888412021092,0.218022092091328,0.19395607573525248,0.1665859036759753,0.20549808600394426,0.1771804556235869,0.1651245157884634,0.2001264863876921,0.16985743775424497,0.18207334184530305,0.17694032836002632,0.149702363814044,0.20503339476709026,0.2031962951619388,0.199821123159868,0.2014128993925836,0.1557589938727961,0.15560743325717472,0.24020577155260397,0.1669328749942987,0.21802949718356487,0.2964012563472636,0.663916453247609,0.24285378943009908,0.1309217747953339,0.1758751127968318,0.2087852201045776,0.2425234757641773,0.366787714221341,0.2240627137995786,0.24607199689462778,0.39805020819564946,0.19274853205410247,0.15373049381361928,0.3334879434196144,0.3090411423261213,0.15961965432557598,0.22101780114870984,0.0633326833275425,0.18101909599930882,0.18531267399392004,0.17863295663051654,0.1134247075229029,0.01612085632784253,0.22384476584816365,0.2720961276964458,0.011209107759125298,0.2720740189734819,0.028146537641004808,-0.11734523899926025,0.06438927239002352,0.05672530510417687,-0.07175935881523263,0.029717071959850423,0.0321729493815458,0.021598776619917742,-0.16535080416018183,0.06771869269408046
0.15417830658415038,0.20287466427669518,0.2573347841825099,0.2161327598617841,0.18302927771003782,0.25104339684232213,0.20705543130095105,0.2357299681923459,0.13248720843229472,0.2018929482459957,0.20627950801956824,0.25870737833004304,0.14438378395458049,0.21113838973551727,0.25792014623262377,0.2438458606769402,0.24429797735172207,0.2175890745675676,0.1743666430840395,0.24374077599937602,0.1734391651709537,0.19289872094655156,0.3428867181477759,0.24285378943009908,1.2860895207799263,0.12848710516141473,0.21456201484423895,0.08412182214703927,0.5623818503284976,0.30902114369030265,0.16629783528584802,0.1915100048110233,0.1072982121138235,0.4383370995077312,0.25593956582490524,0.29712561383122366,0.2682372812019731,0.17685834132740094,0.3073084096889744,0.09478572477431804,0.1893364519132798,0.1903196192163279,0.2960181413506367,0.13019892832499097,0.17598138435363622,0.3216791065136398,0.3095864973448683,-0.03544747278224834,-0.044350211750203476,-0.4239284273323072,-0.1072556964674703,0.14381210970633726,0.21562015557105704,-0.03752411481659155,0.020097545219872025,0.03696667522212977,-0.017685272300792337,0.07128396980728095,-0.15002709240479598
0.11616108360592792,0.24729888051345095,0.2716132388609897,0.23133375054316344,0.2038778347381376,0.30158811829609616,0.1966407973087625,0.29315647432526587,0.2613327272171681,0.16908579471618773,0.23733913153627187,0.23198908749694339,0.16834847284166424,0.2611604632396321,0.20665177596990075,0.19223038729988062,0.2001595781562978,0.28606345466375244,0.13818671595616042,0.24828288585178082,0.18331052523924088,0.20505129114667553,0.00844842135974253,0.1309217747953339,0.12848710516141473,1.490955320540028,0.19653764852576464,0.2232566198939311,0.015399176528435813,-0.20443103814863015,0.22656398807524658,0.32116703704853006,0.0979911011328217,0.2538548878970167,0.22591687020174853,0.16028873795051926,-0.005841258040508995,0.16368975176311418,-0.3028322437175323,0.08383891999610726,0.2370765728330484,0.23382378475329182,0.2974211797180794,-0.0025285791816445826,0.11301365114689975,0.09975234904885731,0.06320006107254054,0.02878214682885923,0.26371981646463216,0.2976088828374122,-0.1528961248927089,-0.00559103077166344,-0.23019966134990444,0.002535331521195148,-0.07215400226722754,0.01455159242184151,-0.08235601048975628,0.26195180620937986,-0.17660996984966265
0.11495740249695725,0.21999949561772925,0.21930697177453717,0.17114642240801017,0.13998636185278907,0.21659173357640923,0.18203927460710922,0.20158199805244528,0.1607317434800794,0.17894016613103858,0.20558216002743537,0.247673870314891,0.16036568324786712,0.18332886226427247,0.1800487589454953,0.2400304417858439,0.22140644417067823,0.11407091016856151,0.14147880929362233,0.31848630090158736,0.155267890803547,0.2106820041875394,0.09751124966736642,0.1758751127968318,0.21456201484423895,0.19653764852576464,0.774188928398868,0.19850079084523978,0.17053552992681248,0.17598354108106085,0.21131401266217972,0.22880582921807271,0.18997303855019276,0.2249802473229875,0.21861173891478344,0.2941502934393292,0.28446001051746406,0.19047832227454564,0.2012553309634724,0.13939351161833358,0.19995015868574695,0.19441962023733456,0.39119620233071606,0.043517852721485034,0.17723407562278798,0.22107077627105948,0.1779671021817354,0.020965326700934445,0.30035881407646536,-0.036589480947330714,-0.1141322411776507,0.10406986962917786,0.04156071120955776,-0.027518261306802624,0.028351093990362067,0.04737725400716713,0.006913128157505923,0.09564996349371865,-0.163272439547597
0.06983497891280083,0.19631094716784978,0.22207379509142397,0.06168255702343474,0.022394153542762422,0.16532357284759197,0.07119677673891979,0.11257782108501986,0.1218565251429441,0.13752952553303555,0.1328961862017174,0.08265837718375868,0.1070614864554718,0.12114622094321757,0.20508886878678007,0.1641336773266497,0.31000849270819214,0.17216774218282715,0.19299568498999062,0.22406125542900868,0.19429791189166165,0.1385487408041225,-0.12635889390305993,0.2087852201045776,0.08412182214703927,0.2232566198939311,0.19850079084523978,1.2696241685637388,-0.03272286522970531,0.2032171408555651,0.32439079487532435,0.16660815319818256,0.49331763784237753,0.016545347382435346,0.6475032087618711,0.24832337910713723,0.4517662722869787,0.15384652967080067,0.11788889571508712,0.11868181701484855,0.25381948712198726,0.21302621076538847,0.2470340744431054,0.17224665809265963,0.1883805606672056,0.13918818553541082,0.17703822875154404,0.06501836865018291,0.12781006367087785,0.37289245094775864,-0.096670075269388,0.5878748439031449,-0.820097826022545,-0.024874116566671853,0.08796547909133409,0.008391948355339796,-0.0027578235498459925,-0.08022480233742761,0.11031936435173709
0.140615606764748,0.36975984984456856,0.3510819648955176,0.2577446738512483,0.22977995993891467,0.38302636780484495,0.20431162575827094,0.2651233618373719,0.17467042941421215,0.2507790895298552,0.2586435083795928,0.23919308014826307,0.22052671527556011,0.24247336848435344,0.28017728548497767,0.29205604865441237,0.26338940966794505,0.2631705084040451,0.18136570783328235,0.35237903066742154,0.21104529298864516,0.31517397843818373,0.3906807933329945,0.2425234757641773,0.5623818503284976,0.015399176528435813,0.17053552992681248,-0.03272286522970531,2.3973478445650387,0.30156393546699023,-0.005350814026178318,0.25201710082305634,-0.0511996674938597,0.5728774002664195,0.0900853022397822,0.45143841390156514,0.007026903079343701,0.07063306988015132,0.3641347454399439,0.1364981547674689,0.29176360353538644,0.17298167189689753,0.18828773372686614,-0.0664109730522869,0.04785752258135354,0.3912199510181458,0.3765893729005217,-0.10084744314513878,0.5406568357293403,0.11737896701815867,-0.36926365274811407,-0.021034370606448,-0.0277067073787694,0.06584824154999441,-0.06002208451589673,-0.019143478095471594,-0.2014222218237351,0.18587793613193404,0.009979507448692903
0.08985736695387458,0.06774133274447798,-0.09425063278801202,0.1053484588422233,0.07830673376746544,0.09716552075670273,0.10211739740343938,0.12938674357366012,0.07520780316982384,0.1372818044640361,0.11397546037870873,0.07614839623371251,0.09932378265953112,0.16780963076837485,0.1957787475831998,0.1927066165592525,0.16012819793478605,0.0671380325062654,0.10543540278884993,0.3444102931396652,0.1912388737687621,0.15691215123574875,0.2664675274688198,0.366787714221341,0.30902114369030265,-0.20443103814863015,0.17598354108106085,0.2032171408555651,0.30156393546699023,2.3892747936876777,0.20387667952221455,0.11763202870735603,0.19929629022785972,-0.00881839483941158,0.5041141215331534,0.3716160367854179,0.6238263516357914,0.2552391968137268,0.5491701923138061,0.16838125508156412,0.6083048565979032,0.22291754128913105,0.618430535479138,0.27646580339159044,0.3589094862747015,0.28646131274127606,0.8831012378796289,0.043181113058365674,0.48506507352765393,-0.08087938496533369,-0.17145830868918074,-0.1858040668857794,0.28991620665324574,0.0016940871063142395,0.02409287856019173,-0.04959895290407988,-0.04719030264844898,0.26340093205589094,-0.19042186786423193
0.13108870292024802,0.2036013130649923,0.25945033331154926,0.1566967716320267,0.15620886600504635,0.20584248470401065,0.1672147046194313,0.19208995978121954,0.18806417264513142,0.18091115296212423,0.19305113983302194,0.17304488616803823,0.12777194891293364,0.17318358625027,0.20242854066127317,0.17630120319582593,0.23784816184206103,0.28868868354302774,0.19884377500961953,0.2620472856803414,0.24743502436842466,0.19335366598480414,0.015564592125331572,0.2240627137995786,0.16629783528584802,0.22656398807524658,0.21131401266217972,0.32439079487532435,-0.005350814026178318,0.20387667952221455,1.08877509551833,0.21336693446047314,0.27834632473354626,0.16599116878021744,0.2491479035904528,0.4863121182895123,0.41380216848329504,0.24419566934639855,0.23710602484595142,0.09343119709936651,0.24930786241372938,0.24067137983489287,0.20151874416130966,0.09134898877764834,0.2901860694251265,0.3001600735852868,0.2648338744151706,-0.0010233255402624457,-0.14801746412804972,0.18333049047500483,-0.03443516062819488,0.12897311902499406,-0.14856988223102746,-0.10640678851224292,0.07957997946821312,0.05256442323246235,0.10669190993606395,-0.05330729865962457,-0.16983362412131459
0.12324313285579783,0.14348742732209635,0.2071043505895691,0.2283522061430931,0.19527933313488116,0.26064798333856176,0.17821439308390152,0.20389655664069148,0.18833419968045284,0.18137402773333652,0.19275722936912917,0.2381744228936286,0.16383070303935243,0.34301954352976155,0.1794523534069011,0.2618586064002453,0.20066955572040499,0.16067711833632256,0.1886064955373732,0.21977691857745935,0.1776643070632277,0.26495407271200744,0.1086564065243582,0.24607199689462778,0.1915100048110233,0.32116703704853006,0.22880582921807271,0.16660815319818256,0.25201710082305634,0.11763202870735603,0.21336693446047314,0.6834946394577138,0.09132008042953771,0.23739894147434462,0.11278708706505337,0.268165363432031,0.07835400091254072,0.16842888085522878,0.14691080264447678,0.08825607556347281,0.19359837870996902,0.18381238010515044,0.17963336077946676,0.05350351918742965,0.0942939167490621,0.20605798709384016,0.19850640885418736,-0.018279335874739264,0.2847032667881218,0.12882030441223774,-0.05141209318439604,0.14955333260247344,-0.20812739197585461,0.01430960822753286,-0.09311189376478834,0.015074557872432557,0.24870387210359873,0.032159953642746604,-0.2696093839523583
0.0934005354619159,0.1839111759801367,0.21876678619328116,0.15010647840727087,0.11666320985448973,0.09234539879990135,0.14880598933122596,0.11348169955750098,0.19152917726326996,0.09650284232374962,0.12208470934062023,0.10680383603018556,0.1138775096755811,0.11500485742744702,0.15540904993109664,0.1035874486740116,0.22593652028841765,0.16183674720217142,0.167899036632828,0.1888717702126488,0.19465848394109483,0.18532753392026433,0.1770030793712971,0.39805020819564946,0.1072982121138235,0.0979911011328217,0.18997303855019276,0.49331763784237753,-0.0511996674938597,0.19929629022785972,0.27834632473354626,0.09132008042953771,1.6097495144095706,-0.1539928766598865,-0.31308298939886753,0.15520431898737244,0.6077720799133756,0.1721487534484204,0.07856775467139063,-0.0788523046376816,-0.07573061766962644,0.20861295743864786,0.20376346480178462,0.13253680941759552,-0.14713721572677915,0.18666990960942875,0.25916267005017707,0.09435067501315328,0.24682217345283686,0.22134908746704066,-0.13181977425794655,0.16303279275073668,-0.026360874120826012,-0.26266208426927246,0.019347895712732804,-0.021443905811592143,-0.09024397327906834,-0.03775934851927441,0.13542455977483897
-0.06871169994514047,0.26703182051604163,0.31472524097811866,0.3130729400432503,0.3020875781521922,0.3231536315475066,0.2530307887283361,0.30161598703282416,0.20792364195064517,0.2969020393643669,0.24994768271154286,0.26744606062413434,0.1990996245550694,0.22452153623009635,0.26215298886712246,0.2765020947958831,0.25280410378222634,0.25821720380520946,0.20201951756339037,0.33435537886918276,0.1967174830960057,0.28727520105354787,0.325023741897616,0.19274853205410247,0.4383370995077312,0.2538548878970167,0.2249802473229875,0.016545347382435346,0.5728774002664195,-0.00881839483941158,0.16599116878021744,0.23739894147434462,-0.1539928766598865,1.7455921713244402,0.3338859276385811,0.21571426246935663,0.5146699603838276,0.16575235130055807,0.29392278896282503,0.018478620432226367,0.24394936219768654,0.2545029635800376,0.43178954473456327,0.19304671618719513,0.05924533440756013,0.1978792615890639,0.3366531809548035,0.023465925278246362,0.4165799402002433,-0.308497025973963,-0.05743768645701364,-0.05333442427719309,0.21680188417015028,-0.06325710474817549,-0.09539202880306506,0.05845171116723978,-0.2064172736980504,0.08572976989297938,0.1163618444603603
