1.3106922905219065,0.033323135275734904,0.40155516566054095,0.19479286139994634,0.22819414508052735,0.2633342634687608,0.15362715847266412,0.26367446761572694,0.37194559721208487,0.2817972986006389,0.2277483914949573,0.17616956741195713,0.24057048700328104,0.22786742114526015,0.2770891234622592,0.207140491824563,0.22411362951735944,0.27350484120532503,0.17792823274799502,0.10759668435514427,0.36889445645766306,0.10631910570972367,0.19898097988555055,0.13147664592687902,0.15215696438822898,0.12165664518276507,0.14048623797397602,0.1888554772518451,0.18217474081726098,0.27342103519490185,0.26980820035680275,0.15252047346960854,0.10188396700311807,0.1618850493765736,0.1621244917011934,0.1563038227203184,0.11243227991556376,0.13622187279847334,0.12420978985808313,0.1978630679738707,0.08116355429216347,0.09357614215908369,0.12481615079166336,0.10726434110777065,0.049580605276787176,0.10140056509217171,0.0696942498018072,-0.038772509074059144,0.004618284697565764,0.04678538333603383,0.07361353265439434,-0.009052761851312043,-0.18733238260142077,0.05610430691074072,-0.04220657846725499,-0.32068404884737706,-0.03948326955049049,-0.05640680397322131,-0.052510408365466575
0.033323135275734904,4.0833529172448575,0.3280780138621474,0.6086577238829545,0.6382574594276174,0.3841185585944547,0.5090222652709455,0.3555659302996649,0.20793440558661339,0.3424038210427909,0.39904946440868666,0.37506269433297695,0.3751830714859193,0.37392669412720336,0.5114677548335257,0.2361267139312606,0.4085242298691431,0.30752253174477195,0.19064814188269302,0.2981963716068918,0.3067595066776808,0.3923709824101762,0.33822991636056704,0.23888098273801997,0.222084670918071,0.3125851682749226,0.34626289348881345,0.3072057479480411,0.2819278760014796,0.44540970917203204,0.3262143723557292,0.20153146778654057,0.20618258863010136,0.1961923456180896,0.18986193713892427,0.1981223437808586,0.22300654554859575,0.20526615444863347,0.21368053147007246,0.27864588584955274,0.21955625216169686,0.1846018452005784,0.18807234847145446,0.20107610794807412,-0.009136500983052298,0.18164643843309305,0.07253167776006549,0.02682821777888512,0.008237361415816529,0.11488964168861958,-0.0828746079381972,0.11852099948915579,0.3792105826282569,-0.4557778072627287,0.28256126500041984,0.005550467584417366,0.13724706430274294,-0.5501560202965464,0.10360963856799414
0.40155516566054095,0.3280780138621474,2.0553245352487366,0.3986541944510484,0.35612045043253526,0.3639893767225184,0.206701723401028,0.40650062144550025,0.37142113681307737,0.29944514450851173,0.2860807636264405,0.22453162447226793,0.27263801678670996,0.27771679578570563,0.3710728876745933,0.20425095464254625,0.3378406139919561,0.28627120795458794,0.22204076843834505,0.23858919541143814,0.44538213521224596,0.189268933113434,0.2474286986347625,0.273168445614654,0.22816257703808582,0.11300013826776414,0.14999240976840272,0.2070887956418628,0.24733082079253046,0.27550544913631947,0.3263316729369241,0.14974430388404905,0.16537694193399594,0.17654268778929405,0.1877722000076255,0.218902559345831,0.13937395077030326,0.16426003437798875,0.160757899903776,0.20910887078153528,0.10182881692524569,0.10821033967484665,0.12472842468454742,0.15211761457024253,0.13953682731138178,0.13176077074070824,0.05704021330389726,-0.03388613569748957,0.010024806640911177,0.17841008967475072,0.0840770337651382,-0.041214846457699184,-0.0050497689585348084,0.1932163933060303,0.1294624262623606,-0.09724003479352175,-0.12232847360411629,-0.053492915734452536,-0.0726136369965251
0.19479286139994634,0.6086577238829545,0.3986541944510484,0.7819378616337929,0.3084104500229818,0.313733369874962,0.2427975081947017,0.22239422631334058,0.19831783421840674,0.22898187008963578,0.30394965118331335,0.19400698332430574,0.23096027912643047,0.19346566419471897,0.27109349714652364,0.1946033185132116,0.23266119140073718,0.20376759861163962,0.18308134892229252,0.24682658033784574,0.21597431995015082,0.18297777494961504,0.19099478434777534,0.1639689616688436,0.17138615776032456,0.13836145691308277,0.21910320702914576,0.1814033187197027,0.15592986130614636,0.22968408270865004,0.194423410377812,0.111133287211183,0.11622416812246475,0.11967528993294911,0.11190109822955033,0.12292992881879125,0.11573390276767301,0.11151458306432284,0.12843325120780572,0.14216604136284017,0.08194747637759943,0.08973526111759322,0.12236142303427386,0.09724321095748412,0.07831498929510743,0.11620737673643491,0.022322041892159354,-0.006510310991194627,0.012135336577828592,0.06406591613722004,0.029382292046625118,0.06221029584437727,0.08094216626421277,-0.062053968326470955,-0.10876149551535945,0.0008306819860892619,0.021098318877191324,0.006305534095374101,0.0660422066066977
0.22819414508052735,0.6382574594276174,0.35612045043253526,0.3084104500229818,0.9566026724329213,0.3539741032963496,0.21876213586455073,0.22965715942589332,0.2011456148396554,0.2148843547082823,0.19583822210865764,0.1596383418764897,0.23968637073542481,0.21134616019796248,0.26353665741113746,0.19479514954027477,0.21329519610195,0.21550749999990956,0.16590402987088262,0.1667707350116413,0.2820487012533381,0.17609310281631524,0.18373940703837868,0.16305030601815929,0.1300563384134127,0.1654213347123419,0.18578252575792883,0.18361286000170815,0.21103979925395147,0.2894951328403422,0.23714340752769847,0.12676418837954456,0.12646278740139388,0.14451105490326266,0.14245853953690207,0.13667685961196285,0.12541458043967466,0.13553440201438763,0.13080883174504537,0.17494724071135836,0.09610126062492409,0.11643442742639086,0.08015583024294039,0.11568635634573475,0.09493712400722583,0.10572229023848646,0.04723522554103457,-0.04648192305699727,0.007237828111269647,0.17860919873385037,-0.024064480459149086,0.09423649573118822,-0.08040531863160541,-0.09296032328566246,0.05762357451558815,-0.0628511935721335,-0.0066443757347164935,-0.06718554218704208,-0.06431997454749125
0.2633342634687608,0.3841185585944547,0.3639893767225184,0.313733369874962,0.3539741032963496,1.092120332978485,0.22914704941256414,0.21646164337434862,0.1816724112537725,0.2081634553253572,0.20097093371770344,0.16505324659378875,0.20898151468431053,0.21619593693641267,0.26185750982408684,0.16327875501611547,0.21651809690481225,0.22170525178832046,0.1321817059115831,0.19369738264007383,0.1863359512724169,0.16909541791601632,0.19783902151008986,0.17106414699580277,0.1256614519912887,0.1715048528075147,0.1988697622180702,0.17178713065917003,0.17965310969928958,0.24440102359852373,0.191803085771532,0.11335605519216073,0.10948164506355124,0.12266363152955047,0.13453588211429576,0.1262443587538218,0.09941496344337633,0.14249103507425986,0.10005984178468241,0.13038396981069839,0.095839537277834,0.09463498723306274,0.03271433967395876,0.10972164295302293,0.04884155880380855,0.05672417020671672,0.06093278984315687,-0.08504163449104735,0.028618849460323403,0.008058498830670877,-0.08856647481947491,0.04307218962559092,-0.0786204498332313,-0.059546078012511376,0.006917498968830948,-0.04397170213597651,-0.18928267505422247,0.06785672004607439,-0.06894941266707914
0.15362715847266412,0.5090222652709455,0.206701723401028,0.2427975081947017,0.21876213586455073,0.22914704941256414,0.5413372822661807,0.16844500121971245,0.13604325534556783,0.23916981598734754,0.20337460950246553,0.21608663654817786,0.19589777886453258,0.19380750655139153,0.2389672018046362,0.17452096736898037,0.2206108907500587,0.19897866690500954,0.15041547730295673,0.17595586983267988,0.19379815858299385,0.36693117613027126,0.1896319324707995,0.163085961132136,0.13991153355345545,0.20443353497113398,0.19523213604898762,0.21027998776432152,0.21606667308075703,0.18588985074907116,0.185071645486705,0.13708337086733877,0.12786839693827554,0.10851852510653391,0.13371891574729006,0.16008214138790178,0.11606062208437329,0.1315295074993684,0.14435485184281516,0.18503580309433737,0.06514983200945414,0.1137348380192577,0.10360661299405527,0.11613336197761538,0.09040487470458591,0.10716105406374228,0.07988394264449147,-0.007304055365352292,0.01627492233242321,0.03184000384658344,-0.13839888259959765,0.0759344643236957,0.3661645539260627,-0.0636536551446736,-0.1445515339366219,0.0129725701835925,0.07827293156135805,0.02418701604144697,-0.0538802207536058
0.26367446761572694,0.3555659302996649,0.40650062144550025,0.22239422631334058,0.22965715942589332,0.21646164337434862,0.16844500121971245,0.7845328357966694,0.38295907417979314,0.12682517536190507,0.22205162090741554,0.19221836399353895,0.2192486328060676,0.2101012155680507,0.2816699385582985,0.20169808874041617,0.21385036859279488,0.21107987225745153,0.16482104012431845,0.17648438012325143,0.22690231472198688,0.1394299768129628,0.16898849737730004,0.13803481650739002,0.12932480582317527,0.08148216166347927,0.14300476232156156,0.15815620000225983,0.1708557800760628,0.19463758984332347,0.13922433654430455,0.11645439315066207,0.16676483172799253,0.14005773015830295,0.11985664051750064,0.14710215133723542,0.08380660712423518,0.10392015020437328,0.11639146993100638,0.15004575646715895,0.08204762687480276,0.09378685517317567,0.14860130550636566,0.10655557032237935,0.08062838885298004,0.09651443780112595,0.07936033793873083,-0.01790618591722487,0.010586972663276954,0.11391628091013152,-0.01815869801951395,-0.034036348611733276,0.061241132035498046,-0.03221989260764147,-0.007176454682990026,-0.04756648074013813,-0.34109873001202007,-0.09046531707085859,-0.06582152580489656
0.37194559721208487,0.20793440558661339,0.37142113681307737,0.19831783421840674,0.2011456148396554,0.1816724112537725,0.13604325534556783,0.38295907417979314,0.9147502789679387,0.28381189333082746,0.20195952736260847,0.17862848452133295,0.21323069021146915,0.17952113819916943,0.26284850763914464,0.20254127508791542,0.22353838183402908,0.19923976329597498,0.1254965516772698,0.2206401589348714,0.2952933673437668,0.1141723360688409,0.1733162812287476,0.08157749803698694,0.1221899827602601,0.04707736564482134,0.060986809916624855,0.1542930229428191,0.19954097658534295,0.22163825286603067,0.159347941740244,0.1365540225190071,0.14040632172971515,0.1540215864852748,0.13486425752928183,0.1323982523024978,0.09485234316719403,0.12020901997961368,0.1244137219384152,0.16147082900629817,0.1131081666090782,0.11679572038954412,0.15683981968063052,0.11642328238504168,0.11590358414901185,0.10579661511912886,0.07122303953934786,-0.02666391374536666,0.006652899485172439,-0.04262645063760191,0.078676081961466,-0.028488382350609964,0.013763635897421562,0.06616088186623803,0.03269737251717687,-0.05916313459124455,-0.10952610131777038,-0.04944623515490278,-0.040650928263000534
0.2817972986006389,0.3424038210427909,0.29944514450851173,0.22898187008963578,0.2148843547082823,0.2081634553253572,0.23916981598734754,0.12682517536190507,0.28381189333082746,0.6030176034841386,0.26194796441268664,0.23248098548619495,0.2527101629008018,0.20148205219289891,0.2579078116788586,0.20782321429490602,0.24712702623973384,0.23529933308614098,0.16406985766850543,0.2333435253263726,0.23223249704938087,0.19532012778021973,0.22351145196855068,0.15788737460740976,0.1488768788463583,0.1642070900363682,0.1492929879912912,0.2024350932994861,0.23592763721987303,0.24310861454000243,0.18392003753547884,0.15090780060011805,0.14568837344916669,0.1420976668336296,0.16843234973037455,0.16602783293828183,0.11180337075655084,0.1378464697770958,0.15028973512830765,0.1851947569626915,0.13559870846368416,0.13907433412735704,0.15746423205976787,0.1490464669151399,0.09183739829620635,0.12048463066254514,0.11276302817342719,-0.01847615103716267,0.01001700425117656,-0.08839988853505584,0.017413065883018723,-0.03515205644117069,-0.04696598579996896,0.0930178535233528,-0.03877177694046228,0.020938917603573637,0.21330150187464886,0.052571178944457085,-0.019836534610233825
0.2277483914949573,0.39904946440868666,0.2860807636264405,0.30394965118331335,0.19583822210865764,0.20097093371770344,0.20337460950246553,0.22205162090741554,0.20195952736260847,0.26194796441268664,0.5179027992781876,0.2426691703881868,0.2879576362674423,0.18717950264310942,0.31434587872319464,0.22779013338489054,0.24115494953148064,0.22948340884031262,0.2273412759476561,0.1806871046469546,0.19239565540252496,0.1645829784518284,0.2076862895104185,0.15587090252866093,0.17457039643507996,0.12565731197540664,0.20355090615083163,0.1996378682956417,0.12564375707990283,0.2109139345800868,0.20082929518051587,0.11565325530228568,0.1437197332643672,0.13701668514837476,0.12180618479463223,0.13769676276787404,0.11475166091334763,0.11320181705540733,0.13302559690797608,0.1573340132622419,0.10384941713308714,0.11848645878698351,0.1553990198993874,0.12100446176684364,0.02127384409214451,0.12227730930520411,0.05132760265796397,-0.011392325421351622,0.0073903018377581365,-0.002956815022591351,0.054459299739718706,-0.032542247775874805,0.032694505297863136,0.029808087964844212,-0.056981670885179345,0.02967104945436694,0.08293470376001724,0.03431057982466218,0.11550915797149883
0.17616956741195713,0.37506269433297695,0.22453162447226793,0.19400698332430574,0.1596383418764897,0.16505324659378875,0.21608663654817786,0.19221836399353895,0.17862848452133295,0.23248098548619495,0.2426691703881868,0.6268103466028854,0.2912068693553098,0.20482595227162953,0.28038754530183135,0.21221569619247813,0.26348438459944346,0.2515937973585525,0.2508978072970247,0.1845629164585929,0.20976500667431688,0.20356782356417458,0.2108286879076478,0.1920067855548577,0.194478667097398,0.13000588133109064,0.18410226141563302,0.21760974739557523,0.17779841611211042,0.21054198192140183,0.2044245790143607,0.1362939177035878,0.17282671960127635,0.15986450387575346,0.11994705629014506,0.18727757890836375,0.1276180199854862,0.11733739840327988,0.13388432544362094,0.17720021738154454,0.14289409823349267,0.13072001894582627,0.16022738078351495,0.15659998058592958,0.10136227477839574,0.12065200641098413,0.09637832495855284,-0.04159133599463817,0.012412480971040786,0.021736997169981946,-0.04943896763280829,-0.021320918251280737,0.08238616727816114,0.0008805947195545404,-0.0913460599889291,0.055944073780348456,-0.031660049050025944,0.023618758365341646,-0.056236896114203995
0.24057048700328104,0.3751830714859193,0.27263801678670996,0.23096027912643047,0.23968637073542481,0.20898151468431053,0.19589777886453258,0.2192486328060676,0.21323069021146915,0.2527101629008018,0.2879576362674423,0.2912068693553098,0.564251762605597,0.28140022542177495,0.357437206912271,0.24239408596292292,0.2756383956212549,0.2979460949916431,0.24578552151687735,0.1749676830116426,0.23827438149289906,0.1638096450230398,0.2376393174713234,0.17825730894697153,0.18355649276641436,0.16203508706529032,0.2582415786701896,0.2783413649866935,0.2306995181059072,0.21869579953655935,0.2529421773598438,0.15084983026115942,0.17353828953297176,0.16125371713943729,0.14971617957427982,0.1965360976267892,0.12551756901084388,0.12971965272635702,0.15160582271976103,0.19638977561302853,0.15730625366241668,0.12341650651990928,0.17344638933170844,0.1658611867389125,0.07186381960326002,0.13883065971428477,0.09696381935602835,-0.041098369691110005,-0.01414496640412738,0.03900687710148184,-0.043679846078105336,0.022504230519051024,-0.05846443332844523,-0.04936022012713933,-0.04986535358352526,0.04255765366502104,-0.0182281805627708,0.04827238387670043,-0.03857414367301686
0.22786742114526015,0.37392669412720336,0.27771679578570563,0.19346566419471897,0.21134616019796248,0.21619593693641267,0.19380750655139153,0.2101012155680507,0.17952113819916943,0.20148205219289891,0.18717950264310942,0.20482595227162953,0.28140022542177495,0.5532721807921921,0.31031161847680805,0.20233656167437775,0.29007553795637003,0.40982606700484053,0.15552661790805744,0.2260105828745734,0.2454162545227236,0.17891875410628483,0.22679032153883819,0.14959363274546605,0.1311186915318533,0.18743034895348834,0.2293080634209154,0.19298190623177466,0.26435127501901234,0.14215898493745666,0.22609221194561377,0.1248232696621422,0.1325103421320739,0.11622295628110561,0.1212228783275794,0.1638200794486257,0.12792404271497268,0.1186269729442656,0.13002993918368363,0.18732131590826628,0.0957423413103268,0.09639240091812197,0.12792125464478174,0.12281760790828213,0.06540431167227376,0.07347728818681545,0.0811921828553723,-0.062225486429607776,0.007754105978253187,-0.03882739607492194,-0.15637355628155547,0.04070872043044325,-0.007087720362696077,-0.10763775337904592,-0.08084182039431956,0.07197616311672372,-0.02518339118643414,-0.016501551607939806,0.05655448087722887
0.2770891234622592,0.5114677548335257,0.3710728876745933,0.27109349714652364,0.26353665741113746,0.26185750982408684,0.2389672018046362,0.2816699385582985,0.26284850763914464,0.2579078116788586,0.31434587872319464,0.28038754530183135,0.357437206912271,0.31031161847680805,0.8729164580698023,0.2729100849031502,0.3511475227547494,0.32259592221387606,0.20949845475036658,0.1098525450440979,0.295376247361341,0.24150295241803676,0.2983719692657752,0.21924267532683486,0.19681224938952582,0.21530520721084317,0.25129238011556154,0.25080989936131237,0.32967272494457345,0.20091547676925114,0.27377679083555845,0.1394234082906638,0.18560808423152764,0.16965769151220156,0.14503310411879067,0.23196305221821564,0.11242482617573363,0.1404017493258471,0.1678647963064698,0.20004493809047866,0.0034257402628733655,0.11797441071626706,0.15712224566544059,0.11928208504791742,0.04429164387079451,0.11555596131311732,0.09123802712162135,-0.048356597432049175,0.012155682638570973,0.06605791539627583,-0.019512976518944836,0.06277421222053414,0.11525745631632675,0.025673253701771044,-0.0980950919898996,0.09381663994941608,-0.04740455063763037,-0.11842253138923417,0.01210744133127196
0.207140491824563,0.2361267139312606,0.20425095464254625,0.1946033185132116,0.19479514954027477,0.16327875501611547,0.17452096736898037,0.20169808874041617,0.20254127508791542,0.20782321429490602,0.22779013338489054,0.21221569619247813,0.24239408596292292,0.20233656167437775,0.2729100849031502,0.5460648964870795,0.238937767258439,0.22506417550885865,0.2916548130149975,0.20395356602280718,0.221203331733335,0.1559322103416896,0.33485255818616505,0.1646936693679671,0.21257506351355876,0.16416462174552313,0.31070096843645445,0.19951470058913842,0.20050633804092094,0.1841689934811103,0.233735733734038,0.11894778657018387,0.14956050712399288,0.13503641364194338,0.1296367796435393,0.16247765828446334,0.11725844422363375,0.13318065667177106,0.14441196138031615,0.1997594332464064,0.09754137405440678,0.10478626563316451,0.14747474998337162,0.12505446909401186,-0.02662214022550947,0.12357147326129699,0.08395005960410146,-0.031369039771494606,0.032186216535595225,-0.1418335694827519,-0.10991601570183919,0.014551195561730023,0.07145543770690221,-0.03181653282733104,0.025566693238109676,-0.07991154921842993,0.03151779347911973,-0.02896761957908131,0.1159793742587884
0.22411362951735944,0.4085242298691431,0.3378406139919561,0.23266119140073718,0.21329519610195,0.21651809690481225,0.2206108907500587,0.21385036859279488,0.22353838183402908,0.24712702623973384,0.24115494953148064,0.26348438459944346,0.2756383956212549,0.29007553795637003,0.3511475227547494,0.238937767258439,0.4228636088516034,0.2804552181115364,0.1917286198792283,0.19881776396508613,0.24988019988600407,0.19922984478678202,0.2799660543183134,0.2038662955991582,0.190322136460096,0.18371217487225772,0.21101235310261426,0.2075845058271036,0.22310194828972707,0.1963830352549224,0.23831725428549064,0.13999532672928858,0.1539094260608227,0.1453554213227018,0.14248815403805287,0.1942592220288287,0.12437784090958624,0.13080294793934244,0.14480241597012167,0.1936891916808228,0.10445153809991116,0.1132965192681351,0.1475375750812545,0.14288105598508904,0.040554847294360326,0.11097336738597974,0.09491945410261901,-0.03185711960358798,0.01186754777354237,0.003809021003580471,-0.05982808513909147,-0.008252788242442754,0.08511121092924287,-0.045587738190185495,-0.07329284847669346,0.0007817751316545341,-0.005697962581697806,-0.029134823520315874,0.01115148334835513
0.27350484120532503,0.30752253174477195,0.28627120795458794,0.20376759861163962,0.21550749999990956,0.22170525178832046,0.19897866690500954,0.21107987225745153,0.19923976329597498,0.23529933308614098,0.22948340884031262,0.2515937973585525,0.2979460949916431,0.40982606700484053,0.32259592221387606,0.22506417550885865,0.2804552181115364,0.6805101121353785,0.17533290419143413,0.18843041051161738,0.24308344366989174,0.1692626969556933,0.23915601924485058,0.1526873650943651,0.12373625655750498,0.19972804835879854,0.22545205659668158,0.1869078485835843,0.25963262153183425,0.16763587719212306,0.19297818917669485,0.12284996195955293,0.12771422033938085,0.12075139571749907,0.11627096504936005,0.149300777158316,0.12299910025765513,0.10749630694500435,0.13112406730373685,0.1672950458634301,0.09436665195355393,0.0891109328879341,0.1438372099119227,0.11573304088655757,0.049022301178876564,0.09330211799706406,0.0597373506274794,-0.043012832496799894,0.009445317385414745,-0.07880035868985844,-0.17996148515307797,0.05890092960253694,0.01376444753681275,-0.04114737786747475,-0.09931869196350801,0.07367211325940382,-0.003175164472536732,0.011537875295069366,0.049132181621458076
0.17792823274799502,0.19064814188269302,0.22204076843834505,0.18308134892229252,0.16590402987088262,0.1321817059115831,0.15041547730295673,0.16482104012431845,0.1254965516772698,0.16406985766850543,0.2273412759476561,0.2508978072970247,0.24578552151687735,0.15552661790805744,0.20949845475036658,0.2916548130149975,0.1917286198792283,0.17533290419143413,0.7097103516226309,0.1989777680256326,0.16848439265717582,0.13926694434872552,0.09799251284827462,0.18703178056849884,0.2887434543974811,0.012051610893696805,0.2162272110907295,0.20440959256484229,0.19533120742651724,0.08623528244388899,0.29463491051759416,0.13515484515963477,0.17832688539096553,0.16049710799167824,0.1256243124426589,0.19523202606763027,0.11285558159615972,0.13193107957383213,0.15571517211392105,0.20267959983254943,0.17533611493765308,0.11409282095847209,0.19332358594018365,0.17685125392624582,0.13511440466981162,0.17152926175872457,0.14097085431251957,-0.008128480619330596,0.015520929972273962,0.06734080027376288,-0.0008633139933616683,0.014072179251242961,-0.006168314908096186,-0.0474057172306469,-0.042438795172288823,0.038584959244198976,0.019678724254692585,-0.020498766320110214,0.11391067966572568
0.10759668435514427,0.2981963716068918,0.23858919541143814,0.24682658033784574,0.1667707350116413,0.19369738264007383,0.17595586983267988,0.17648438012325143,0.2206401589348714,0.2333435253263726,0.1806871046469546,0.1845629164585929,0.1749676830116426,0.2260105828745734,0.1098525450440979,0.20395356602280718,0.19881776396508613,0.18843041051161738,0.1989777680256326,0.8915314218906921,0.19255763308435708,0.14025998372746123,0.129275521805259,0.09362867078691274,0.18614408967757062,0.06045727691046112,0.16595461568084297,0.15717235713511138,0.21946180360415976,0.19403171651895595,0.17032024140668026,0.08426671397807187,0.11268231006488275,0.06258577612145225,0.06745765800211943,0.08980845763870964,0.08519686319726169,0.09584624068265127,0.14853195737635372,0.11738376431832233,0.10031204929359647,0.11144532408516539,0.1452139655744716,0.08217021438878112,0.3000166254997425,0.13606988885254584,0.042318809726817695,-0.010477384925629054,0.023813246758867687,-0.10061028731702978,-0.017811981458080346,0.0919604978627104,-0.0644624124875282,0.07855491844561546,-0.07281811325667141,0.0794570756696666,-0.037004562756365406,0.06255262678389424,0.12956569978725047
0.36889445645766306,0.3067595066776808,0.44538213521224596,0.21597431995015082,0.2820487012533381,0.1863359512724169,0.19379815858299385,0.22690231472198688,0.2952933673437668,0.23223249704938087,0.19239565540252496,0.20976500667431688,0.23827438149289906,0.2454162545227236,0.295376247361341,0.221203331733335,0.24988019988600407,0.24308344366989174,0.16848439265717582,0.19255763308435708,0.6979797315416473,0.19351459572109997,0.24039906130872157,0.20429259685006054,0.17128993598891834,0.23255263275268673,0.39192376438708454,0.23381386830710418,0.24641586440163954,0.285305476391634,0.35121134930327536,0.1593244951480624,0.18427366315961233,0.17532903208599965,0.15892806511304136,0.17229638326878152,0.1722905269846499,0.16257176011270708,0.17499665714511936,0.2088779969302082,0.09677138701940871,0.09051140346216661,0.1489430824069002,0.12964439531890862,0.16094044188857856,0.16329987352007735,0.03956324452869363,-0.054040712975435536,0.014680169940045932,0.06852150521151398,0.011463928823679843,0.09407898905778463,-0.07561084779976131,-0.001875398804509139,0.01607068284565556,-0.043136551387409676,-0.032634878140781,0.06809383576078877,-0.08496352276611324
0.10631910570972367,0.3923709824101762,0.189268933113434,0.18297777494961504,0.17609310281631524,0.16909541791601632,0.36693117613027126,0.1394299768129628,0.1141723360688409,0.19532012778021973,0.1645829784518284,0.20356782356417458,0.1638096450230398,0.17891875410628483,0.24150295241803676,0.1559322103416896,0.19922984478678202,0.1692626969556933,0.13926694434872552,0.14025998372746123,0.19351459572109997,0.6829815615429465,0.14988881233746967,0.19983657950574163,0.14677622042829863,0.26461905584232165,0.21369874639621703,0.2848763099613111,0.26599058832255884,0.17823774238710685,0.1924727675623224,0.16040184701127716,0.15798317625709654,0.11664135072596798,0.17506983690157174,0.21978508569711724,0.11668143745124454,0.15280362284282195,0.17486358584693254,0.20426478460668054,0.009505969107132127,0.12321836451568481,0.18513479492999552,0.12709375214598573,0.15216258043732517,0.12762711669905238,0.12931178020343623,0.00292219953478657,0.029313513892324117,0.05149490754747723,-0.09505072329902782,0.08470971633921098,0.17562108124853346,-0.014012005891853136,-0.08294026028364737,0.03385771914462549,0.03446040907671984,0.06259917280672703,-0.04079843226136294
0.19898097988555055,0.33822991636056704,0.2474286986347625,0.19099478434777534,0.18373940703837868,0.19783902151008986,0.1896319324707995,0.16898849737730004,0.1733162812287476,0.22351145196855068,0.2076862895104185,0.2108286879076478,0.2376393174713234,0.22679032153883819,0.2983719692657752,0.33485255818616505,0.2799660543183134,0.23915601924485058,0.09799251284827462,0.129275521805259,0.24039906130872157,0.14988881233746967,0.8656100788895001,0.20325531762598115,0.2551937325387294,0.31942179351276906,0.28889426961633724,0.1815766828293411,0.17730111668128884,0.2624604316341641,0.19820918310384647,0.10591838513754791,0.1407760590381404,0.13674580368451383,0.1644475210228441,0.19959053962020087,0.12986466899006568,0.11364210490913575,0.1395392672771765,0.2246560995344098,0.13327718990875903,0.10398971577460728,0.1359902352843095,0.15966615802579123,-0.29508807650537927,0.10843454038711363,0.11011169020598946,-0.03529945121645459,0.025274145225398004,-0.13203178584443642,-0.11321116710839438,-0.08220194319403443,0.2055005603348044,-0.08339398236810387,0.02692076537794077,-0.13216699021414688,0.03962424417522618,-0.09485362331120496,-0.08146528089694013
0.13147664592687902,0.23888098273801997,0.273168445614654,0.1639689616688436,0.16305030601815929,0.17106414699580277,0.163085961132136,0.13803481650739002,0.08157749803698694,0.15788737460740976,0.15587090252866093,0.1920067855548577,0.17825730894697153,0.14959363274546605,0.21924267532683486,0.1646936693679671,0.2038662955991582,0.1526873650943651,0.18703178056849884,0.09362867078691274,0.20429259685006054,0.19983657950574163,0.20325531762598115,0.9233940059777608,0.292047370757282,0.1424136575025719,0.25666446629771666,0.23345079730147403,0.16811784164429938,0.26244949781650184,0.22443189667084432,0.23714790258187432,0.27837570613941864,0.20402629506539374,0.2563778023897956,0.4813160120649864,0.12431024085488512,0.15845739238114143,0.19997146029528973,0.24519056827988933,0.15312469321594835,0.04680866090094027,0.27498557399296697,0.2848179861772256,0.07450769964355791,0.18467184435651157,0.21347440001237927,0.08490600663465576,0.015585955837030926,0.06418895882523375,0.03835715894179275,-0.08226263430336751,-0.18444883941929108,-0.02617795946256002,-0.002182909226541118,0.06688965374495703,-0.046805736435681686,0.14849747559297183,-0.1164612789145871
0.15215696438822898,0.222084670918071,0.22816257703808582,0.17138615776032456,0.1300563384134127,0.1256614519912887,0.13991153355345545,0.12932480582317527,0.1221899827602601,0.1488768788463583,0.17457039643507996,0.194478667097398,0.18355649276641436,0.1311186915318533,0.19681224938952582,0.21257506351355876,0.190322136460096,0.12373625655750498,0.2887434543974811,0.18614408967757062,0.17128993598891834,0.14677622042829863,0.2551937325387294,0.292047370757282,0.8697571753392186,0.011052955000222664,0.17022472177205236,0.1796514569795533,0.09185143936353264,0.21973727271946875,0.24834155312665518,0.16965678681212062,0.19586988651631976,0.16800493130711786,0.20662962461340326,0.24868921994108684,0.15888266446188323,0.13468395517432455,0.1962639310832956,0.2476068657892027,0.1645215106630719,0.15278217387044676,0.20166933649845686,0.19480666211040712,0.1597723568906672,0.17352740293144406,0.12840260731576542,0.031856626928890776,0.009590636625436102,-0.0003906811668002127,0.10352860422748572,-0.0812510371495552,-0.027705885036636003,0.01353145558878062,0.026686693188758697,-0.014918303902286196,0.03237103959816831,0.0032805099853208198,-0.12095058883777007
0.12165664518276507,0.3125851682749226,0.11300013826776414,0.13836145691308277,0.1654213347123419,0.1715048528075147,0.20443353497113398,0.08148216166347927,0.04707736564482134,0.1642070900363682,0.12565731197540664,0.13000588133109064,0.16203508706529032,0.18743034895348834,0.21530520721084317,0.16416462174552313,0.18371217487225772,0.19972804835879854,0.012051610893696805,0.06045727691046112,0.23255263275268673,0.26461905584232165,0.31942179351276906,0.1424136575025719,0.011052955000222664,2.059083728127437,0.4639038949579533,0.1772109534825681,0.3076835402471596,0.3110191934932399,0.1466923448909768,0.27904590024197934,0.13244575395042033,0.19582089860876353,0.39854706423803377,0.17165568183643903,0.2227450523301032,0.18076951169648145,0.19792713157346786,0.18892471780167142,0.08853274882965366,0.1338454553010195,0.2147745411800471,0.15072961769175552,-0.004895022321151187,0.1755333126354291,0.051742272450922444,-0.04309505533570957,0.02487931286685405,0.049791796328600965,-0.20362178900079264,0.16768386560579604,0.23091528609433198,-0.06322086689674647,0.10654993108585763,-0.1771249901078499,0.058897751391600695,0.02814261192996751,-0.17914700144919218
0.14048623797397602,0.34626289348881345,0.14999240976840272,0.21910320702914576,0.18578252575792883,0.1988697622180702,0.19523213604898762,0.14300476232156156,0.060986809916624855,0.1492929879912912,0.20355090615083163,0.18410226141563302,0.2582415786701896,0.2293080634209154,0.25129238011556154,0.31070096843645445,0.21101235310261426,0.22545205659668158,0.2162272110907295,0.16595461568084297,0.39192376438708454,0.21369874639621703,0.28889426961633724,0.25666446629771666,0.17022472177205236,0.4639038949579533,2.20608008703875,0.4200451156809118,0.10675790506280333,0.31332510266963914,0.30560196739110174,0.14972986611903458,0.3044497828294088,0.16511125439262223,0.20655338721620506,-0.005564348371794601,0.2329298200271724,0.1598689979260478,0.22508222430651523,0.23742244113247796,0.02734374458786412,0.001521345435136059,0.14628425073857487,0.013359798825073013,-0.12158480944848667,0.264492313795462,-0.07252665192426921,-0.20805128787331043,0.04518403574067977,0.26160106538794314,-0.03489992269110558,0.06918325062388347,0.017306811045971662,-0.11100712917713364,0.016481782649526523,-0.024810433372762827,0.02986890854519518,-0.025612984281588987,0.052951398674556976
0.1888554772518451,0.3072057479480411,0.2070887956418628,0.1814033187197027,0.18361286000170815,0.17178713065917003,0.21027998776432152,0.15815620000225983,0.1542930229428191,0.2024350932994861,0.1996378682956417,0.21760974739557523,0.2783413649866935,0.19298190623177466,0.25080989936131237,0.19951470058913842,0.2075845058271036,0.1869078485835843,0.20440959256484229,0.15717235713511138,0.23381386830710418,0.2848763099613111,0.1815766828293411,0.23345079730147403,0.1796514569795533,0.1772109534825681,0.4200451156809118,0.590265996589821,0.24303190500197322,0.2137879532149836,0.2520006832120775,0.18912645207348208,0.21547564537295608,0.17799244361314873,0.19114138209929116,0.2771999929041396,0.10788670579751694,0.21065294072912627,0.18538407676024599,0.2261472625465391,0.1226910189134808,0.1400508635013153,0.20830355629723038,0.18463009385496199,0.12199278968490179,0.17392665083343745,0.1201936643971564,0.0013075747687869312,0.011347713335047806,0.06296678071350703,-0.025724741017329574,0.03591313215637756,0.007044757266716388,-0.013774276986927778,-0.015605530662327161,0.025121918685088597,0.01295160410362023,0.05933886374418389,-0.055577702564449494
0.18217474081726098,0.2819278760014796,0.24733082079253046,0.15592986130614636,0.21103979925395147,0.17965310969928958,0.21606667308075703,0.1708557800760628,0.19954097658534295,0.23592763721987303,0.12564375707990283,0.17779841611211042,0.2306995181059072,0.26435127501901234,0.32967272494457345,0.20050633804092094,0.22310194828972707,0.25963262153183425,0.19533120742651724,0.21946180360415976,0.24641586440163954,0.26599058832255884,0.17730111668128884,0.16811784164429938,0.09185143936353264,0.3076835402471596,0.10675790506280333,0.24303190500197322,1.824037049841465,0.30949007118391764,0.26697899001578834,0.24309574838835943,0.13824190837992692,0.2296086974407115,0.3306533135208111,0.17183996870322,0.10223820753603137,0.22382710326882718,0.22736860104690182,0.27516447871495614,0.1031645522272687,0.04900944976390506,0.24365956259912144,0.12537163639475465,0.5331892140846619,0.15226479623939576,0.1353191457958898,0.034536862478681846,0.004588566212309071,0.022274624426964196,-0.597877560388664,0.6044610361252004,0.08527094196182983,0.0515518477917115,-0.01531926879049809,-0.04713073982574875,-0.1289078794649255,0.014878225706455108,-0.14121116823261953
0.27342103519490185,0.44540970917203204,0.27550544913631947,0.22968408270865004,0.2894951328403422,0.24440102359852373,0.18588985074907116,0.19463758984332347,0.22163825286603067,0.24310861454000243,0.2109139345800868,0.21054198192140183,0.21869579953655935,0.14215898493745666,0.20091547676925114,0.1841689934811103,0.1963830352549224,0.16763587719212306,0.08623528244388899,0.19403171651895595,0.285305476391634,0.17823774238710685,0.2624604316341641,0.26244949781650184,0.21973727271946875,0.3110191934932399,0.31332510266963914,0.2137879532149836,0.30949007118391764,1.263305882847136,0.3049701677025446,0.293664885416828,0.2079231136169564,0.273575380770529,0.40748987605731446,0.23562445944966945,0.22013039982526836,0.15088493194149888,0.2593006407559244,0.3221288778304426,-0.07226272476703637,0.2267874417870169,0.1655722623757572,0.09636111368433996,0.1615073479768606,0.2429796464242372,0.00041431125952722236,0.2063218355091149,0.006655650056303805,-0.03850958471126815,0.1766338021908112,-0.021319918006449626,-0.21620269844058343,0.08264030794433895,0.314000206394817,-0.16324659879784015,-0.017469600350873474,0.7889851059652122,-0.6628046314996787
0.26980820035680275,0.3262143723557292,0.3263316729369241,0.194423410377812,0.23714340752769847,0.191803085771532,0.185071645486705,0.13922433654430455,0.159347941740244,0.18392003753547884,0.20082929518051587,0.2044245790143607,0.2529421773598438,0.22609221194561377,0.27377679083555845,0.233735733734038,0.23831725428549064,0.19297818917669485,0.29463491051759416,0.17032024140668026,0.35121134930327536,0.1924727675623224,0.19820918310384647,0.22443189667084432,0.24834155312665518,0.1466923448909768,0.30560196739110174,0.2520006832120775,0.26697899001578834,0.3049701677025446,0.9039715492065316,0.21819337316730097,0.2525846955710223,0.23207275205776043,0.2074149732478649,0.25209493990794,0.2841932871927326,0.17268580235526326,0.2170935637589128,0.3093923967678736,0.11191107475040542,0.1919011997865228,0.10407211828213006,0.1846866237360276,0.1404080278493706,0.20893811821225622,-0.0068767113254987015,0.012169285653388005,0.010838972432917893,0.054295455831787645,-0.014685439544064174,0.04146383650765205,-0.04019792691127759,-0.04716027107392133,-0.015800951526294904,-0.03491224188772595,0.04372044793200362,0.0886740515185476,-0.051855689297519277
0.15252047346960854,0.20153146778654057,0.14974430388404905,0.111133287211183,0.12676418837954456,0.11335605519216073,0.13708337086733877,0.11645439315066207,0.1365540225190071,0.15090780060011805,0.11565325530228568,0.1362939177035878,0.15084983026115942,0.1248232696621422,0.1394234082906638,0.11894778657018387,0.13999532672928858,0.12284996195955293,0.13515484515963477,0.08426671397807187,0.1593244951480624,0.16040184701127716,0.10591838513754791,0.23714790258187432,0.16965678681212062,0.27904590024197934,0.14972986611903458,0.18912645207348208,0.24309574838835943,0.293664885416828,0.21819337316730097,0.8538632242975376,0.23164082845036477,0.42213969982935734,0.5877763558184351,0.36774020756300396,0.2981273915464219,0.24519457998401037,0.2894876953242631,0.441122126466378,0.4096278830225132,0.2710793073810152,0.4062128651509532,0.3859237736573867,0.2091125645298471,0.32464228391856,0.21594439014914713,-0.014504208228629892,0.0194011852852058,0.08617484380793501,0.15308580510001762,-0.22349476623578376,-0.07561296602147356,-0.04283300181260501,0.023317287310360806,-0.149166580706282,0.03754889175763255,0.09300361067393373,-0.17315610642608886
0.10188396700311807,0.20618258863010136,0.16537694193399594,0.11622416812246475,0.12646278740139388,0.10948164506355124,0.12786839693827554,0.16676483172799253,0.14040632172971515,0.14568837344916669,0.1437197332643672,0.17282671960127635,0.17353828953297176,0.1325103421320739,0.18560808423152764,0.14956050712399288,0.1539094260608227,0.12771422033938085,0.17832688539096553,0.11268231006488275,0.18427366315961233,0.15798317625709654,0.1407760590381404,0.27837570613941864,0.19586988651631976,0.13244575395042033,0.3044497828294088,0.21547564537295608,0.13824190837992692,0.2079231136169564,0.2525846955710223,0.23164082845036477,0.6373652651358265,0.3268773829448306,0.2223304945708526,0.26607772173978655,0.2185729856442469,0.15882499275022383,0.2994041300924008,0.3188897171288118,0.25983413524004534,0.32814213093202266,0.5240326768001109,0.26218054325354057,0.1731474096484305,0.2738779101576244,0.15337674911857252,0.1597648195043906,0.02456459795915119,0.06236737789292919,-0.06320550068017047,-0.03645757243184347,-0.06797693864208047,-0.02964499185565472,0.12150671716828089,0.12583442925841082,-0.10816098849232463,0.090657174711245,-0.13977106375617399
0.1618850493765736,0.1961923456180896,0.17654268778929405,0.11967528993294911,0.14451105490326266,0.12266363152955047,0.10851852510653391,0.14005773015830295,0.1540215864852748,0.1420976668336296,0.13701668514837476,0.15986450387575346,0.16125371713943729,0.11622295628110561,0.16965769151220156,0.13503641364194338,0.1453554213227018,0.12075139571749907,0.16049710799167824,0.06258577612145225,0.17532903208599965,0.11664135072596798,0.13674580368451383,0.20402629506539374,0.16800493130711786,0.19582089860876353,0.16511125439262223,0.17799244361314873,0.2296086974407115,0.273575380770529,0.23207275205776043,0.42213969982935734,0.3268773829448306,0.8294504112029262,0.3236255984364675,0.25143465840711154,0.24485540175315326,0.1620229825813497,0.2657926149575592,0.28589452874797144,0.25247026130203054,0.299251301936133,0.49112181806971533,0.25228530674854294,0.2230819160020236,0.28061711436684367,0.2171724843432295,0.15611352479768414,0.015329440354074035,0.017117825801906975,0.08294059306676337,-0.15982639102410837,-0.11687036219963383,-0.025217885682789085,0.05832569636345457,-0.10256726280962004,-0.018041631686767583,0.06787513709262802,-0.1511561363252793
