0.7026803344148556,0.20709125747378151,0.10366379929267845,0.1584113673313984,0.22482297621565892,0.1823615174745814,0.23445162497225158,0.19928359680630536,0.15886441753118813,0.18471903288383762,0.18415165189579738,0.19565086659611994,0.18347670641661684,0.1943190512432485,0.15781366039488748,0.18100945972847898,0.15745119377010744,0.18191163083338371,0.1117653228234531,0.17446486326687946,0.14182092192141796,0.1880592651197102,0.1702437472558436,0.14890092751353723,0.18612451793869647,0.1613228054589444,0.16424533297809266,0.08491939074815008,0.19856311760878248,0.057552999928123814,0.15172849796635138,0.1808177382416659,0.11014792838037664,0.1499064215308548,0.11889266496263083,0.145863600326694,0.12004577658856028,0.11839974487510858,0.16731199078609088,0.13246121068787695,0.154438615952284,0.1332521467665617,0.17884315722972394,0.18018141972988874,0.16312965711736932,0.13354232970939117,0.12402696481802851,0.009167915862638662,0.13992719234669257,-0.06459310997596385,0.04298955533360621,-0.045386097641028876,0.05035936319181558,-0.002705276853280925,0.09138728124477222,0.0009521354959580091,0.05280539999424607,-0.11133444737873277,-0.014975259576081383
0.20709125747378151,3.01103940950701,0.29720529099721843,0.1846073000349678,0.27262794667507245,0.2907828839737331,0.2777232180843157,0.3112569331661139,0.29095528979133783,0.3620937351632374,0.3204427025831048,0.293119205439745,0.3561129339454938,0.1850453125688594,0.36490344065471375,0.2279471751383286,0.2835015249407124,0.44642068183743755,-0.058366159565485985,0.32290934863452564,0.31911203123771825,0.21049823172706553,-0.10282772243521493,0.11442872506309888,0.24314779981995194,0.35561048842662146,0.6744201655984712,0.4556033144325612,0.42748436225227143,0.037993332144251636,0.29685501848319773,0.26516806697468354,0.13065693304148637,0.31546952665671907,0.4530377704903816,0.16042234285047632,0.2516383856779154,0.21266584239572836,0.19663350161933446,0.29740967968100906,0.17969958527083485,0.29713821068653157,0.1784969119104657,0.12277243319574978,0.6980807828381131,0.2849459444040693,0.26488572315990816,-0.04259462307927803,-0.004212480682216777,-0.4417790021941933,0.8060205320272998,0.21970668240358895,-0.41936438826900246,-0.01505957748311769,-0.26911033499353715,-0.022917785156869725,-0.20122791458255604,0.023854186030648487,0.3191302830687662
0.10366379929267845,0.29720529099721843,2.6485935574766324,0.2640449318587995,0.21648965812750395,0.35739514331614614,0.18514129065394286,0.48604588413511496,0.6522782606160265,0.36015558620297233,0.11073818466609808,0.2063880326652635,0.35461516459443304,0.28779126368612695,0.3281611812331683,0.25988500497508843,0.46138755045401153,0.36266770551600275,0.5855158260901285,0.407073775709824,0.2873680049099737,0.45220921736583264,0.25331956223410534,0.31935936073548565,0.3533418685946373,0.32739651084005256,0.225337377885036,0.41197634412457995,0.35389531640806093,-0.6276708467559703,0.3303046623374918,0.2953808755349245,0.4143452258429265,0.46585791844182217,0.5963132506045802,0.32459213187325425,0.5588652509804952,0.38607800672606707,0.17554658828581016,-0.5170850585515432,0.35047067299503204,0.31495984152652534,0.47352899795418335,0.6879485019874648,0.17156056994451918,0.7397032670104259,-0.04238495510408557,-0.07317845894529548,-0.8710784234753223,0.14125540285683394,-0.1738449466782294,0.33553830078997254,0.032615154636710705,-0.29644595748633445,0.09443148511458963,-0.09299175681457203,0.14877905050650395,-0.2932674286762528,0.02544084258684051
0.1584113673313984,0.1846073000349678,0.2640449318587995,0.9793504346176335,0.8100826761706765,0.48148932326130245,0.4172350146447126,0.48835456783449316,0.29886173933970545,0.4125538987776697,0.4381924070676006,0.4079074993417246,0.4282618688888624,0.39968494677501887,0.29448933606246774,0.42391396745911136,0.4052223281720745,0.3102394406474272,0.26768459876483225,0.3800445516613355,0.31529428913987045,0.3765106220221914,0.3292925434944406,0.3666813822022094,0.3413200178488361,0.3549537620207642,0.3272641838500454,0.21486147278554563,0.44076304535030975,0.0817346550409714,0.307720067400858,0.37046826751902534,0.1753490686922548,0.5104533273144982,0.34912553433851495,0.19520676073801851,0.31608912485815027,0.26699529686684753,0.39422796726445747,0.23921326227581302,0.29489884373324854,0.30001346618325136,0.3606645434625002,0.6004602012602364,0.26669321678579133,0.2163986217264912,0.2510878461367769,0.056136124191867774,0.1500304496173502,-0.033335903190898034,0.00538200969530492,-0.08823079011804011,0.07596579339079702,0.018127831927567836,0.1220447772647907,-0.16318048462018975,-0.1485719913155679,-0.21889915385624717,0.4310187078364851
0.22482297621565892,0.27262794667507245,0.21648965812750395,0.8100826761706765,1.5207725714835167,0.3399640453931627,0.4556151312580948,0.530393875789583,0.3295647540011486,0.4494273322415919,0.44677993141728256,0.405537806433651,0.4805541435011752,0.38666661243379497,0.3138029328670848,0.4318094342713495,0.3811190601514129,0.3879574725187502,0.20350419728334623,0.3136518658616717,0.314859369395651,0.3786416763183095,0.3399628866094847,0.3561147189255998,0.3225332189042134,0.43608370661814877,0.3219874217973731,0.2419174133836007,0.4744738535763809,0.011986905133792393,0.3318596213779395,0.38733641361533544,0.09621958238284965,0.585264247329405,0.4073283838169535,0.200632333036356,0.3156467981564428,0.22863649205199674,0.339063243661454,0.29434031441104364,0.26998870139082537,0.3220756248024001,0.28539949619249894,0.5855702331941798,0.3229143007237701,0.16375046089126638,0.22793419938951176,0.025789750685296965,0.1915867461183459,-0.07377239670590567,0.0684110362538415,-0.15804918865359927,-0.009437715148333256,0.17843052860598962,0.05831732313600706,-0.052378947831614196,-0.17978348527578136,-0.22307843906612082,0.41504756366922346
0.1823615174745814,0.2907828839737331,0.35739514331614614,0.48148932326130245,0.3399640453931627,1.0509029833072228,0.26603034495101746,0.5958071652430242,0.4296235816104122,0.4802379333739911,0.5520491598844968,0.5689046624387897,0.506858214427233,0.534904108679641,0.39480659167380583,0.5245217638397455,0.5169213531501985,0.3019824835036141,0.664503716285981,0.6331518260457304,0.4048576385013722,0.49730823315710493,0.23548267938536196,0.4580901298078065,0.44682974620025306,0.4222845422775322,0.4810910543098687,0.25682006229354776,0.6030647416628905,0.09475722804260822,0.4016476503040405,0.5027330129348818,0.2634043239347974,0.5028633764771281,0.22982767643276025,0.30230508895870994,0.3999447370716336,0.3868069854375903,0.4897686269532574,0.35083586396203,0.4570438632326707,0.3657203403750313,0.5490439160321543,0.39790238482908324,0.5412622438047715,0.3566673626550109,0.3904329992362085,0.05659933613608349,0.277698640736971,0.07358077739273221,-0.022300564766674108,-0.1411558185662293,-0.05711561947861372,0.00038513002224263603,0.042230723363773356,-0.07946551015475374,0.0674035346209395,-0.23966406998936204,0.2189082032535343
0.23445162497225158,0.2777232180843157,0.18514129065394286,0.4172350146447126,0.4556151312580948,0.26603034495101746,0.6821439593912493,0.30776316549345384,0.36699716376460506,0.3003908210047404,0.36588063479673266,0.39967279006020345,0.32121527861852456,0.2403797477380564,0.20009557780660073,0.3088235420150424,0.32267846190230315,0.28022268725443156,0.15296232774091986,0.2736709143623469,0.2603465767648235,0.352513937433273,0.2905181863862563,0.28992590188327455,0.28412067119369555,0.29622905898054314,0.33206915329362563,0.11930486150494969,0.3261893973440211,0.053959236009681485,0.2567632059187677,0.24281321386268304,0.21068498741248645,0.36666598346656487,0.22818515742638637,0.23530744041213383,0.22153733409871432,0.19158851621401388,0.32955141070230404,0.21154814994624796,0.16924127899788152,0.24142498381300984,0.2570693918471709,0.3685881143225676,0.23797387561177433,0.18628344636199667,0.13000839676588247,-0.0007619712285598118,0.26548836247461194,-0.15740885324549178,0.014724741888067903,-0.09440191311784518,0.22282158931619794,-0.07357399746883354,0.13632028888607803,0.064238512808252,-0.11092324383427528,-0.2039831059802079,0.13169095396525143
0.19928359680630536,0.3112569331661139,0.48604588413511496,0.48835456783449316,0.530393875789583,0.5958071652430242,0.30776316549345384,0.8847829356274775,0.3178396660843469,0.4669085502879479,0.4733339917300295,0.3309281695143001,0.5070924544377303,0.47480062625025304,0.29669999577248873,0.4341266014870904,0.4663647134485974,0.3287502134328393,0.4950246310073043,0.48770665642777183,0.32489430939389674,0.4064693806668897,0.23141826076694727,0.3500100126166818,0.3954900771744369,0.39308373146172554,0.39152191565188166,0.19572941587251572,0.5291838144428076,0.08354949258121491,0.3494624424071068,0.4264476576715879,0.20890350287996454,0.4893022366452206,0.32802298423520915,0.2329241943020397,0.3825817370088202,0.3272502324310582,0.4788107025099932,0.2004972621033648,0.42086894813429393,0.30472025711651834,0.4541002764400828,0.4503086518723968,0.3437012784978929,0.3517674644764472,0.3475044365915724,0.0645085611081971,0.21380612052582046,0.06959039559690906,-0.022189524010225385,-0.11891198929119023,0.10959782438203074,-0.054794979685196255,-0.0022032718006963496,-0.20340714573818908,0.10223824931992,-0.1818667200331359,0.2693984964664609
0.15886441753118813,0.29095528979133783,0.6522782606160265,0.29886173933970545,0.3295647540011486,0.4296235816104122,0.36699716376460506,0.3178396660843469,0.9294748619396738,0.349451130915846,0.27973360360913935,0.34136531491037453,0.3723635568723807,0.3176092859440877,0.3004900141410384,0.30617738499448865,0.38359733564540327,0.3908364579712942,0.3695771269605992,0.29327596394663313,0.31270420494149365,0.5522462567022091,0.3455589841355114,0.3692155123840794,0.3031434993576924,0.3829646742227284,0.38573117356966197,0.28976899550155527,0.3335035070744641,-0.031032591603715805,0.34286836596678666,0.3223194081630865,0.30811843932178457,0.4093661671462891,0.3622875010009591,0.30388876907967655,0.3056312050739696,0.23459769077845974,0.35421189495118843,0.16809397376803528,0.25261056930655296,0.29779976220822474,0.44347636379887456,0.5154108292121654,0.3369386034795473,0.3433027208243068,0.21395552245830302,-0.027616117668938716,0.39998934590100804,-0.1753693121219962,0.11565694098044203,-0.03616388297759406,0.08982912016423143,-0.04749619614198507,0.2169360969522137,0.22727921767621356,-0.0360011219757216,-0.3894964275069406,0.08507516927740565
0.18471903288383762,0.3620937351632374,0.36015558620297233,0.4125538987776697,0.4494273322415919,0.4802379333739911,0.3003908210047404,0.4669085502879479,0.349451130915846,0.9084543435356885,0.4936785394626385,0.48005096591915264,0.5113559075425222,0.3799338280600245,0.37965297787130997,0.4226789715677639,0.48372926619870943,0.4057742542871159,0.518279957377987,0.3497545580498879,0.320975652284857,0.41938569688437805,0.3042905429719844,0.3885193655440439,0.3756926873593014,0.3446708203146085,0.4985459597767029,0.28748996755269074,0.553726522298275,0.17045533905184385,0.38428765854775027,0.38929734254051185,0.16573823436596258,0.5615430632703271,0.438353340612278,0.29523833841108366,0.36744834476209964,0.25943200138888467,0.4679175687106484,0.26748271013279096,0.38903677087548016,0.3193040786329323,0.35629471020154413,0.5416181106453767,0.343574453632202,0.3511516661827877,0.35652365643607303,0.013959659946776788,0.1054865971065808,0.06538836463676595,0.07414197338276331,-0.1359156635273325,-0.01654064436796906,0.03370686546321813,0.13344756191453247,-0.03947510651565946,-0.00769449661244816,-0.29435591872393646,0.2432420260637717
0.18415165189579738,0.3204427025831048,0.11073818466609808,0.4381924070676006,0.44677993141728256,0.5520491598844968,0.36588063479673266,0.4733339917300295,0.27973360360913935,0.4936785394626385,0.961611554965355,0.5227246351493742,0.425693425278837,0.3843254609732017,0.41916842295717616,0.4429760261590095,0.5034965316341085,0.3160027951586711,0.34682281021200595,0.546435958839398,0.3560861804864691,0.3624719004048434,0.21293834948883789,0.40580921842808315,0.34083064133043833,0.4441079344887987,0.5673895785730811,0.23822006817138844,0.5229054829416968,0.1318084010436246,0.3887268093326367,0.3671031584251108,0.18067469890387938,0.43235475954319413,0.419901515342135,0.29810077935612855,0.2440573350589345,0.3073785335433263,0.4647327242808,0.4123419292301707,0.33395192946816665,0.34101972800525965,0.34773429701990777,0.33800128076629643,0.4850764723571357,0.2865495592981852,0.3127317291266859,0.04050367203684032,0.25901526744765235,-0.18337592816236775,0.0619993215942093,-0.1409178146429596,0.20496165792092205,0.044889347585281375,0.04064508495157903,-0.023590384258857254,-0.04929982092904474,-0.18289403257897152,0.20264376036604367
0.19565086659611994,0.293119205439745,0.2063880326652635,0.4079074993417246,0.405537806433651,0.5689046624387897,0.39967279006020345,0.3309281695143001,0.34136531491037453,0.48005096591915264,0.5227246351493742,0.8379946095866918,0.39033965706157936,0.3744909653073181,0.35467023834601463,0.4526486739384562,0.4095224988515225,0.2923903482684089,0.4315311294637206,0.43447133253584924,0.3192814648438004,0.38748789505837655,0.26557909085905285,0.37730893517047176,0.3778028526875859,0.3685375172850642,0.4796000409173959,0.17793480264758188,0.5014758759188152,0.04924647978310443,0.3332028687766878,0.3901633108417212,0.1951543602463579,0.45265895390333577,0.24687303971084584,0.29031928137690094,0.188843888301214,0.26457853588607355,0.4100412691189328,0.3551618260240777,0.23262020881214795,0.29538134747139727,0.3257051238812639,0.329213953343041,0.4673993414870742,0.25294594040220286,0.24385818536362933,8.931815108410898e-5,0.2113140125746232,-0.13905272511005062,0.0714705964723501,-0.139711288166799,0.04862749548576726,0.018218758804781594,0.10338469392269474,0.07746618111053447,-0.06845882152621754,-0.2463524039555787,0.1155073558433141
0.18347670641661684,0.3561129339454938,0.35461516459443304,0.4282618688888624,0.4805541435011752,0.506858214427233,0.32121527861852456,0.5070924544377303,0.3723635568723807,0.5113559075425222,0.425693425278837,0.39033965706157936,0.9113750005593694,0.39793331757867195,0.3157557320506211,0.4265849496682753,0.4005931170827367,0.3430220543420024,0.4604154608581852,0.3459372182840546,0.32817751438133036,0.46121405564434126,0.2756535403559039,0.37262776034511497,0.35969513141982873,0.3614147906751996,0.40540312936811296,0.2965477063382536,0.5614227151658843,0.11508609257449061,0.32930537097688406,0.4281022402181093,0.19120899995025256,0.4983538507626751,0.42266100511034405,0.2628526154808215,0.3000279348777711,0.2650996881389995,0.4169027004476028,0.24944987680525804,0.39910721273774247,0.31553148072096027,0.38974122331995026,0.504117683467835,0.2997817179086771,0.32778567824217414,0.2957979683607686,0.025377398822552525,0.2098924788536567,0.11231794824977419,0.09941414918786164,-0.1594087790890806,-0.14055456303521385,0.021215747688431763,0.06424278771120182,-0.09754982919725373,-0.016136682162644255,-0.2462834866844725,0.28250387400282595
0.1943190512432485,0.1850453125688594,0.28779126368612695,0.39968494677501887,0.38666661243379497,0.534904108679641,0.2403797477380564,0.47480062625025304,0.3176092859440877,0.3799338280600245,0.3843254609732017,0.3744909653073181,0.39793331757867195,0.5919308520067582,0.36872617457466905,0.45880922359706056,0.39834762573566324,0.2783516604464713,0.44699176341821095,0.40098208104590244,0.305003021628433,0.3840229920044137,0.218218894675693,0.3255914715163449,0.3388664535613615,0.30995848964316025,0.27448568705239074,0.1980844205403913,0.4770706350737432,0.12857810777602688,0.31973425062328564,0.4887127511800836,0.18699241437620778,0.45007332609460665,0.30850872750629244,0.24780042416469714,0.3009542236273524,0.2843717008342504,0.39176549096729013,0.23357929833161845,0.4121811177307253,0.2905391887490809,0.47478742759632536,0.37940511394012294,0.33903423452481035,0.27628930753858466,0.31642340997931173,0.0701041231649803,0.3789567400226247,0.03154559959428211,-0.022294072459729683,-0.1337684975859009,0.10852483185727155,0.006114574521830825,0.017233059499583116,-0.09008567806616409,0.13812296658366258,-0.1835294493875344,0.14407477095524443
0.15781366039488748,0.36490344065471375,0.3281611812331683,0.29448933606246774,0.3138029328670848,0.39480659167380583,0.20009557780660073,0.29669999577248873,0.3004900141410384,0.37965297787130997,0.41916842295717616,0.35467023834601463,0.3157557320506211,0.36872617457466905,0.7684001823840936,0.32343951137267585,0.3659742354458239,0.31916512566225314,0.3409441381520773,0.38066549053004584,0.29752248940044784,0.2753874594565318,0.19748167899212188,0.32142126533002036,0.27537311401332354,0.3440693980218389,0.3529690110708621,0.3328664759552889,0.40699192162119274,0.10223656372370109,0.3267180641424171,0.3486268121507422,0.19713651182295244,0.3682030454405139,0.3484500779195686,0.2726385376088634,0.34466299433916286,0.254201135351294,0.28484951794530117,0.2106480977826481,0.3250302447862435,0.2995580109331703,0.36219407991278046,0.35162079043190375,0.36441478074108297,0.2840102431983086,0.2541270496792794,0.050541023006073674,0.12179866883908726,0.20691184723862904,-0.04248215411220188,0.15964439472208927,-0.21412476495481167,0.017822774573105347,0.09510716948429289,0.030898703769500508,-0.005728797337929122,-0.20638075279626758,0.1319715260597326
0.18100945972847898,0.2279471751383286,0.25988500497508843,0.42391396745911136,0.4318094342713495,0.5245217638397455,0.3088235420150424,0.4341266014870904,0.30617738499448865,0.4226789715677639,0.4429760261590095,0.4526486739384562,0.4265849496682753,0.45880922359706056,0.32343951137267585,0.8061455918712654,0.46676587937951985,0.2593956690045671,0.4041234821304692,0.39549445354698426,0.3337617023632231,0.49633894350900215,0.24951363461886208,0.4018644049634921,0.36548031347972315,0.2934657365637676,0.3724521712114688,0.2504176531782322,0.514264275289425,0.10393990146233655,0.32437674136253164,0.4304338840200052,0.1549628322614057,0.49620214906800386,0.4480394272287379,0.2455173429712795,0.29725341208461553,0.28914091585749824,0.4247463425993792,0.32459522308289457,0.37012302761010435,0.33604160445068454,0.5002261092380704,0.4311778476675474,0.405682649100329,0.24079589937243953,0.28939594843774874,0.018865037338335087,0.3025151865154632,-0.19256785764487716,-0.012477762806935501,-0.12029971111013334,0.08800147710051648,0.019802612373228116,0.07804071227715591,-0.07096322442070088,-0.06577645992224018,-0.2526585223497439,0.33452961427114825
0.15745119377010744,0.2835015249407124,0.46138755045401153,0.4052223281720745,0.3811190601514129,0.5169213531501985,0.32267846190230315,0.4663647134485974,0.38359733564540327,0.48372926619870943,0.5034965316341085,0.4095224988515225,0.4005931170827367,0.39834762573566324,0.3659742354458239,0.46676587937951985,1.010574652409956,0.3661668992408396,0.3581507460208129,0.5464619724407319,0.3678397287307082,0.4896962588072616,0.2584392328216718,0.3721916586209779,0.4270206255320371,0.4086397650446127,0.43757024650561277,0.31902880044296367,0.4875101815247224,0.019063439079804394,0.37922623851682563,0.35284823086724343,0.3012991254879082,0.4344374348401365,0.4547183062319706,0.23876242258724825,0.43924905601354014,0.3543035422517452,0.45755725611456577,0.3105656169976675,0.39565240222938697,0.35811660603564177,0.5582004705474783,0.5303309661807636,0.549650362971506,0.3364317249940274,0.32260367883962665,0.04179712437117701,0.21313271914681178,0.09261594771102674,0.02438227209582331,-0.10632260943068923,0.16046337292263005,-0.00545458054922141,0.10418902144160845,-0.08116039877905201,-0.010847621310742468,-0.22699679158226413,0.2573926817574256
0.18191163083338371,0.44642068183743755,0.36266770551600275,0.3102394406474272,0.3879574725187502,0.3019824835036141,0.28022268725443156,0.3287502134328393,0.3908364579712942,0.4057742542871159,0.3160027951586711,0.2923903482684089,0.3430220543420024,0.2783516604464713,0.31916512566225314,0.2593956690045671,0.3661668992408396,1.0136110845576896,0.16920185980636868,0.07224557593504527,0.28846803980003743,0.3813699836826173,0.458450204141416,0.23419225514617564,0.30409115761766764,0.38263969458209,0.02693878426272812,0.266121036613112,0.37275277207973706,-0.01623085798377156,0.31936350547397147,0.3230847914662691,0.14831222408077624,0.4096769197510534,0.23647898205847737,0.32475133770080566,0.16583463040607851,0.13689821593649193,0.23434977810511337,0.27228665281414444,0.2928458157392522,0.24924144820442415,0.4666484227948884,0.37194442390161103,0.46925906105864157,0.3398997393448829,0.4417027442676172,-0.03763825784205216,0.12934199798938734,-0.1407163974742098,0.4934373732838007,0.08992519405238683,-0.2308547606695724,0.01023860911682486,0.10657597670334257,0.06953710472081819,0.14202952534299734,-0.11534415381385603,-0.16855622160829117
0.1117653228234531,-0.058366159565485985,0.5855158260901285,0.26768459876483225,0.20350419728334623,0.664503716285981,0.15296232774091986,0.4950246310073043,0.3695771269605992,0.518279957377987,0.34682281021200595,0.4315311294637206,0.4604154608581852,0.44699176341821095,0.3409441381520773,0.4041234821304692,0.3581507460208129,0.16920185980636868,2.295648275911245,0.38981622056769033,0.379442431094191,0.4515623059367981,-0.04592176565630019,0.3843287252803137,0.4374422404968818,0.034710786106077474,0.31160800676188594,0.3047741517907469,0.5535972674596961,0.06016831490690854,0.4215156812306782,0.3811372841927297,0.5323060535734818,0.4260230208610455,0.10061621216850684,0.396895593458269,0.718735775227384,0.31088743679934633,0.5811165729187658,0.10644787475843683,0.5437448928194363,0.339259645746965,0.33350807236069147,0.36846929504397086,0.20785320131576865,0.47778339325541963,0.09022199810719068,0.11084898508689557,-0.16840166920061495,0.9505290465217543,-0.2607186775541002,-0.3839823771735456,-0.14490816941023557,-0.15595157651727537,0.14021665572131833,-0.015409950863496662,0.20302827239631388,-0.1554625017878069,-0.09174601093134573
0.17446486326687946,0.32290934863452564,0.407073775709824,0.3800445516613355,0.3136518658616717,0.6331518260457304,0.2736709143623469,0.48770665642777183,0.29327596394663313,0.3497545580498879,0.546435958839398,0.43447133253584924,0.3459372182840546,0.40098208104590244,0.38066549053004584,0.39549445354698426,0.5464619724407319,0.07224557593504527,0.38981622056769033,1.4811178923229806,0.3215727347565962,0.30422812652788384,0.12614980573175433,0.385776590564588,0.3946208538418485,0.4316758577711968,0.6639776637296749,0.3144044152519439,0.38715464324638876,0.1711977578235415,0.43502728767469234,0.3268288547294421,0.4300533810940994,0.3843895114122067,0.3490643936506035,0.16003965843335868,0.7252200602858445,0.6428015300086137,0.3845688632568682,0.314071605838956,0.5002682055877683,0.39466785584392466,0.6413776950327388,0.43617836051063824,0.5845879747197782,0.2952401461989636,0.17576474859150168,0.2689138306233319,0.3991224245454103,-0.2830504415627365,-0.07974048434425274,-0.10741272833450477,0.3138433909805736,-0.0629966549525517,0.08837895486603171,-0.08688865017246176,0.02217723375357909,-0.2534993629632057,0.2654014474947796
0.14182092192141796,0.31911203123771825,0.2873680049099737,0.31529428913987045,0.314859369395651,0.4048576385013722,0.2603465767648235,0.32489430939389674,0.31270420494149365,0.320975652284857,0.3560861804864691,0.3192814648438004,0.32817751438133036,0.305003021628433,0.29752248940044784,0.3337617023632231,0.3678397287307082,0.28846803980003743,0.379442431094191,0.3215727347565962,0.5615194111765895,0.3378033138911294,0.24548475519114607,0.2985140990896906,0.2985232763541745,0.3016542460740956,0.30376701056936584,0.3504783422391395,0.32777191082221374,0.09166762298115529,0.34992913068034515,0.2954642944167418,0.37481015339976637,0.3480428548790573,0.43771981459645304,0.392818019625805,0.2995482617403965,0.2648154349800498,0.3631738768312673,0.37900450139693725,0.4304263073208835,0.44813930437991145,0.43201508189429555,0.37139593145903393,0.7031951723753765,0.30419841046395885,0.26408947637637753,0.07121296472011668,0.03640215797431666,-0.03205933780674878,0.10861849109935802,-0.1282600653674523,0.0305979281480982,-0.0005335831135902423,0.05096350491786662,-0.028270298397993804,-0.19465664797938137,-0.14376131420146449,0.2860578614378948
0.1880592651197102,0.21049823172706553,0.45220921736583264,0.3765106220221914,0.3786416763183095,0.49730823315710493,0.352513937433273,0.4064693806668897,0.5522462567022091,0.41938569688437805,0.3624719004048434,0.38748789505837655,0.46121405564434126,0.3840229920044137,0.2753874594565318,0.49633894350900215,0.4896962588072616,0.3813699836826173,0.4515623059367981,0.30422812652788384,0.3378033138911294,1.016791099178296,0.4228908328836591,0.3784248904574021,0.39982684127282514,0.3550926628911016,0.37179851356622834,0.25067840548239634,0.4313269806955178,0.14595862949538146,0.3060940766927038,0.3961978335366676,0.2904026330953725,0.44996608717256,0.34112933816692637,0.2831690045385713,0.29808481296473294,0.26372536311926226,0.3998995858856917,0.232986781326662,0.32989279229946605,0.32390411960766863,0.7036046314354101,0.5935528415322154,0.33991582354043104,0.36743758975859603,0.32033155950833053,-0.14966679297692367,0.5868347188687626,-0.16540529855597202,0.05481212886896465,-0.21712503605616304,0.09135810609353953,-0.011307371413365927,0.12219997629005278,0.04970646022077206,-0.07138310909881761,-0.28584950097804734,0.24795317198860015
0.1702437472558436,-0.10282772243521493,0.25331956223410534,0.3292925434944406,0.3399628866094847,0.23548267938536196,0.2905181863862563,0.23141826076694727,0.3455589841355114,0.3042905429719844,0.21293834948883789,0.26557909085905285,0.2756535403559039,0.218218894675693,0.19748167899212188,0.24951363461886208,0.2584392328216718,0.458450204141416,-0.04592176565630019,0.12614980573175433,0.24548475519114607,0.4228908328836591,1.591699013385385,0.5053826097506414,0.4013019490247888,0.16971366116368478,0.21192581180679443,-0.05724317573690437,0.39828787352345846,0.15050415854122143,0.13197105966250292,0.23182480312527265,0.10562014995499694,0.46518408199587025,-0.037450385440348934,0.3920707131657836,0.0656580416494782,0.11990938365725273,0.31262613820070007,0.2210721309803172,0.14383737962955476,0.18659029393089496,0.36926982897258315,1.035503604809125,-0.09917361017289664,0.24201914332048027,0.24050480171582586,0.05163571357829892,0.19647690236721643,-0.08446445857747216,0.26691450991204213,0.025077617863362135,-0.0787728925381127,-0.0047577618285981225,0.2761361236848996,0.015007172067834286,-0.22567861688020582,-0.5207839744134024,0.6338673528034757
0.14890092751353723,0.11442872506309888,0.31935936073548565,0.3666813822022094,0.3561147189255998,0.4580901298078065,0.28992590188327455,0.3500100126166818,0.3692155123840794,0.3885193655440439,0.40580921842808315,0.37730893517047176,0.37262776034511497,0.3255914715163449,0.32142126533002036,0.4018644049634921,0.3721916586209779,0.23419225514617564,0.3843287252803137,0.385776590564588,0.2985140990896906,0.3784248904574021,0.5053826097506414,1.011472127806124,0.377617952147218,0.27258110240674893,0.45657222275486015,0.22351883041130904,0.40250584453777594,0.10041176432258225,0.35079883740755574,0.3085746663388869,0.20474498726687512,0.459492932612581,0.3034134678298997,0.3193653522241729,0.26773697372999183,0.24890728837649698,0.3347068524103921,0.24424808823013885,0.22664738927954212,0.293309959805782,0.2559124198852851,0.5951683302860045,0.1636506595054797,0.27213541430800897,0.19907146358679007,-0.009145818442320347,0.008960638243294253,-0.03796880788899705,0.03565557229407787,-0.06785803191604058,0.010704541898189781,0.00037100492282672164,0.3075751331960362,-0.013751454560071494,-0.18244516075526745,-0.8570771994982743,0.9209246109773367
0.18612451793869647,0.24314779981995194,0.3533418685946373,0.3413200178488361,0.3225332189042134,0.44682974620025306,0.28412067119369555,0.3954900771744369,0.3031434993576924,0.3756926873593014,0.34083064133043833,0.3778028526875859,0.35969513141982873,0.3388664535613615,0.27537311401332354,0.36548031347972315,0.4270206255320371,0.30409115761766764,0.4374422404968818,0.3946208538418485,0.2985232763541745,0.39982684127282514,0.4013019490247888,0.377617952147218,1.2940903202348761,0.1922131797106467,0.3064505136322348,0.24599424096297223,0.49938333873393903,0.14394500133953478,0.30299163527161516,0.3293040102418143,0.27242825757010836,0.4417783559571543,0.3562762220310707,0.2768345091416682,0.3255922145013263,0.26214883146486695,0.4151105728747677,0.23872147893099635,0.35674533481851395,0.29119834316222704,0.4480494380857705,0.5656017196009907,0.27376125920684063,0.4085779781751336,0.27281679906542566,0.031886885595624,0.12618982729054895,-0.2708508492398445,0.1411480195475788,-0.06005542456759657,0.12803111279667012,-0.07400274132310217,0.15035665888799382,-0.046384640552936014,0.08337163218309662,-0.28795224204269226,0.17165824983825734
0.1613228054589444,0.35561048842662146,0.32739651084005256,0.3549537620207642,0.43608370661814877,0.4222845422775322,0.29622905898054314,0.39308373146172554,0.3829646742227284,0.3446708203146085,0.4441079344887987,0.3685375172850642,0.3614147906751996,0.30995848964316025,0.3440693980218389,0.2934657365637676,0.4086397650446127,0.38263969458209,0.034710786106077474,0.4316758577711968,0.3016542460740956,0.3550926628911016,0.16971366116368478,0.27258110240674893,0.1922131797106467,1.390761595690547,0.42288475775570616,0.354566498723826,0.37197344558112827,-0.15057602092351166,0.21671331975272412,0.3555863569821186,0.25457020824698684,0.2445128808439738,0.2507308473713961,0.3857609486595231,-0.17064404850439868,0.27195150653719496,-0.4314055963573339,0.31397353724063964,0.20372802364776124,0.3385518287532327,0.6025048306812861,0.05681035247744045,0.7728117410539805,0.165251889738999,0.14566177134816985,-0.09846015267437695,-0.12869092501927135,-0.11300321351051523,-0.04608748340094307,0.12918156294765862,-0.2702189989232189,0.12259099685643272,-0.01887919355871405,0.013437918639251667,-0.1237327117329257,-0.19925033797756453,0.2516724522928404
0.16424533297809266,0.6744201655984712,0.225337377885036,0.3272641838500454,0.3219874217973731,0.4810910543098687,0.33206915329362563,0.39152191565188166,0.38573117356966197,0.4985459597767029,0.5673895785730811,0.4796000409173959,0.40540312936811296,0.27448568705239074,0.3529690110708621,0.3724521712114688,0.43757024650561277,0.02693878426272812,0.31160800676188594,0.6639776637296749,0.30376701056936584,0.37179851356622834,0.21192581180679443,0.45657222275486015,0.3064505136322348,0.42288475775570616,2.074103437967334,0.46569436680245313,0.4239279591046707,0.2395833986271865,0.44721789655486865,0.32174386187883053,0.23169650964588062,0.3858446215298379,0.6715895802578914,0.25211977727856033,0.31465930476852316,0.36689487514732877,0.40202822617554923,0.38164300401005036,0.33975379159514607,0.3619876832044709,0.38936299132212215,0.6131423077997112,0.5816419111137597,0.3238642030814515,0.2359440347713614,0.08794806568523113,0.13625097408344558,-0.16117550352959029,0.0011555369503652812,0.0036222124867330468,-0.010031141825950798,0.029891625588464837,0.04855764765196488,0.06890018114212113,0.014450247922752181,-0.20033860473896103,0.10889107353375185
0.08491939074815008,0.4556033144325612,0.41197634412457995,0.21486147278554563,0.2419174133836007,0.25682006229354776,0.11930486150494969,0.19572941587251572,0.28976899550155527,0.28748996755269074,0.23822006817138844,0.17793480264758188,0.2965477063382536,0.1980844205403913,0.3328664759552889,0.2504176531782322,0.31902880044296367,0.266121036613112,0.3047741517907469,0.3144044152519439,0.3504783422391395,0.25067840548239634,-0.05724317573690437,0.22351883041130904,0.24599424096297223,0.354566498723826,0.46569436680245313,1.7447447709441384,-0.17327985117826838,-0.11495914938883597,0.3634718219884749,0.37119424338405027,0.5894388787600462,0.1792085019280914,1.2126031741103904,0.3707750873567324,0.28615694021089083,0.24320199158525155,0.15532450719551508,0.36319043572374043,0.36070518653659545,0.4556040900003406,0.46422289073100914,0.9394490990368284,0.691919039197685,0.1507233277441549,0.023350758781983755,0.12535675080049144,-0.5892787749680065,-0.06933784868680971,0.5195653000944258,0.7591023525464594,-1.29839755870359,0.11306342123210175,0.17867937977014028,0.016485647216805042,0.16336961169795375,-0.15571503906070186,-0.08892873706897306
0.19856311760878248,0.42748436225227143,0.35389531640806093,0.44076304535030975,0.4744738535763809,0.6030647416628905,0.3261893973440211,0.5291838144428076,0.3335035070744641,0.553726522298275,0.5229054829416968,0.5014758759188152,0.5614227151658843,0.4770706350737432,0.40699192162119274,0.514264275289425,0.4875101815247224,0.37275277207973706,0.5535972674596961,0.38715464324638876,0.32777191082221374,0.4313269806955178,0.39828787352345846,0.40250584453777594,0.49938333873393903,0.37197344558112827,0.4239279591046707,-0.17327985117826838,2.2720913195467265,0.16049296734359897,0.2434366133721833,0.4805212090410486,-0.34486886865890926,0.8955669779988293,0.1698796461550924,0.3302034312831123,0.11157526060370358,0.1877846214411576,0.5008376946096039,0.24230257466288388,0.14526168194009903,0.25651515406247927,0.2666504450237276,0.16705987019071752,0.40443037639767815,0.33968808772764103,0.38586569176585445,-0.2328851394019322,0.2221254525678793,0.5255117818578295,-0.4879054320238252,-0.2477498561045901,-0.078419685491077,0.11213950541346808,-0.0548083102595658,-0.06345857290019943,-0.16982456709480878,-0.18470806852256078,0.3738879313705747
0.057552999928123814,0.037993332144251636,-0.6276708467559703,0.0817346550409714,0.011986905133792393,0.09475722804260822,0.053959236009681485,0.08354949258121491,-0.031032591603715805,0.17045533905184385,0.1318084010436246,0.04924647978310443,0.11508609257449061,0.12857810777602688,0.10223656372370109,0.10393990146233655,0.019063439079804394,-0.01623085798377156,0.06016831490690854,0.1711977578235415,0.09166762298115529,0.14595862949538146,0.15050415854122143,0.10041176432258225,0.14394500133953478,-0.15057602092351166,0.2395833986271865,-0.11495914938883597,0.16049296734359897,2.554298408841915,0.21642075602670838,0.007485559000003065,0.16123589994084014,-0.06517462064629254,-0.06357613993574943,0.252243234164245,0.5107202397416725,0.16491411829386926,0.7558424094352291,-0.018703919114540384,0.5209355247957553,0.03427604280668818,0.5569709075231424,0.31165359190349357,0.10563306041718264,0.4992420526801488,1.1359837226543135,0.1384346637289131,1.1768492522092047,0.12969023268194,-0.2898085473523435,-0.679877206887285,0.6473917712255832,-0.005371690237084468,-0.20387846570523072,-0.1293117200929389,-0.1565048889412708,0.3886797575097284,0.04222103796170599
0.15172849796635138,0.29685501848319773,0.3303046623374918,0.307720067400858,0.3318596213779395,0.4016476503040405,0.2567632059187677,0.3494624424071068,0.34286836596678666,0.38428765854775027,0.3887268093326367,0.3332028687766878,0.32930537097688406,0.31973425062328564,0.3267180641424171,0.32437674136253164,0.37922623851682563,0.31936350547397147,0.4215156812306782,0.43502728767469234,0.34992913068034515,0.3060940766927038,0.13197105966250292,0.35079883740755574,0.30299163527161516,0.21671331975272412,0.44721789655486865,0.3634718219884749,0.2434366133721833,0.21642075602670838,0.9371335434478064,0.3276390449902306,0.2792701613407324,0.3767212812658033,0.4522291605799969,0.5114896954465632,0.41151071891918717,0.3779414682081367,0.4764710013541007,0.31745456929203547,0.5541517240962706,0.36064222933926765,0.3131116041779994,0.37148209281443173,0.5122478017876833,0.426531586499656,0.3038341749554773,0.03852278611290998,-0.10097476439777624,-0.04438650437385952,0.1195928496519664,-0.08802849575227659,0.06981725407617473,-0.025946525954633815,0.14133269952979396,-0.008927540417475267,0.21672355182873848,-0.260175422103985,-0.07035803229960133
0.1808177382416659,0.26516806697468354,0.2953808755349245,0.37046826751902534,0.38733641361533544,0.5027330129348818,0.24281321386268304,0.4264476576715879,0.3223194081630865,0.38929734254051185,0.3671031584251108,0.3901633108417212,0.4281022402181093,0.4887127511800836,0.3486268121507422,0.4304338840200052,0.35284823086724343,0.3230847914662691,0.3811372841927297,0.3268288547294421,0.2954642944167418,0.3961978335366676,0.23182480312527265,0.3085746663388869,0.3293040102418143,0.3555863569821186,0.32174386187883053,0.37119424338405027,0.4805212090410486,0.007485559000003065,0.3276390449902306,0.8042635928573496,0.13308308507890337,0.532448954047333,0.304031263119439,0.310082047255294,0.12357649768813508,0.2754969986570567,0.327100303399977,0.3003178025557835,0.4072327527859959,0.28894493132451204,0.4145805672789914,0.35214602980540993,0.4075554158149671,0.25155651729050127,0.24888465471832733,0.03178419004428943,0.34372052541717385,0.062314128121238266,0.25155126222162266,0.17817614013241304,-0.5393256289889162,0.06354058850431009,0.014322198062966132,-0.07373409940938692,0.4237505568079876,-0.24927508477715224,-0.1036128842944813
0.11014792838037664,0.13065693304148637,0.4143452258429265,0.1753490686922548,0.09621958238284965,0.2634043239347974,0.21068498741248645,0.20890350287996454,0.30811843932178457,0.16573823436596258,0.18067469890387938,0.1951543602463579,0.19120899995025256,0.18699241437620778,0.19713651182295244,0.1549628322614057,0.3012991254879082,0.14831222408077624,0.5323060535734818,0.4300533810940994,0.37481015339976637,0.2904026330953725,0.10562014995499694,0.20474498726687512,0.27242825757010836,0.25457020824698684,0.23169650964588062,0.5894388787600462,-0.34486886865890926,0.16123589994084014,0.2792701613407324,0.13308308507890337,2.1954595403073185,-0.09777536722062621,-0.24165613456050342,0.3028229465918727,0.7021612769399085,0.3308075890257997,0.11728319585477485,0.024298645188617147,0.4428388237952839,0.37425674518777136,0.48487463676184056,0.48408953306160446,0.30472329808059423,0.3582261916420994,0.15116401056828693,0.29352907624483543,0.28557518185702807,-0.09317884730830835,-0.08877452546417497,-0.24938736154281205,0.44854368649727416,-0.23374260976435027,0.21221143382300697,-0.02688949390207567,0.03300479684473541,-0.22744623097105204,0.06820462928013014
0.1499064215308548,0.31546952665671907,0.46585791844182217,0.5104533273144982,0.585264247329405,0.5028633764771281,0.36666598346656487,0.4893022366452206,0.4093661671462891,0.5615430632703271,0.43235475954319413,0.45265895390333577,0.4983538507626751,0.45007332609460665,0.3682030454405139,0.49620214906800386,0.4344374348401365,0.4096769197510534,0.4260230208610455,0.3843895114122067,0.3480428548790573,0.44996608717256,0.46518408199587025,0.459492932612581,0.4417783559571543,0.2445128808439738,0.3858446215298379,0.1792085019280914,0.8955669779988293,-0.06517462064629254,0.3767212812658033,0.532448954047333,-0.09777536722062621,2.066406689257192,0.6523605643008548,0.178384420674677,0.61912245858705,0.25243059631495346,0.548045335190861,0.20681901164345956,0.12566176559172676,0.41114844307648757,0.4042385964298916,0.8256538675665182,0.2939808966804851,0.1042610199073978,0.31096879534339156,0.021387378380028514,0.16231644800644707,-0.14099856338416367,0.14835706156320902,-0.14231396821002165,0.06921507908643403,0.010880254730724188,0.06767687043312157,-0.036124114216720606,-0.1062598947702119,-0.30141128440210374,0.3932577578497022
