0.3213432378757009,0.048947734344241135,0.1977610343848872,0.001668437075235159,0.057817647045046494,0.02790540484623295,0.0418576591063631,0.010026342360003274,0.021065294361884077,0.038217304173726395,0.04306279025123803,0.04655294184445792,0.010779935492985449,0.010169139109624808,0.03753575442320461,0.022719698064312434,0.03392434246093178,0.044272964014411886,0.030837873628022244,0.015933233631580702,0.029242218599887775,0.020002999671525495,0.012045903436967317,0.0026370092869332866,0.012335090084773195,0.026861852713808344,0.01960763238228565,0.014455697268849483,0.010739388317284358,0.03457764493978518,0.030793535547576283,0.007193427383536289,0.01933094815551474,-0.05621440306700554,0.009294145049375294,0.031754409919141996,0.01715058102863707,0.0380380395837696,0.029935638283408946,-0.02294593689708753,0.024761441933627865,0.017784510540983095,0.008907614576252037,-0.0035615466614664698,0.04265144138963136,0.048795774063610665,0.03779558873670333,-0.004452013290323935,-0.0016200082198296881,0.03276973521308238,0.011416222457316568,-0.027917534260829737,0.009858095334415075,-0.014012662416208257,-0.0004807679511495623,-0.012329962278728599,-0.027356309497286686,0.19695583550592652,-0.19887644309863425
0.048947734344241135,2.378983119464067,0.23256580007141534,-0.49628648503026923,0.12361166897806874,0.2808818730933525,0.28937509286721264,0.05952988310550547,0.29279790560172847,0.13874556516776632,0.18421617530377873,0.20022410123678624,0.1763864044532654,0.22051660394257128,0.3713555831345715,0.12757539671327334,0.23138300649743843,0.2519677300551287,0.0023720832585232667,0.29403461696560823,0.1584150621913218,0.18077179054519293,-0.2796035495232551,0.011487698658826371,0.0983147832075175,0.15849395268649166,0.3022798875055202,0.21657276158300856,0.2616553828367961,-0.014526075613026218,0.22888229218619013,0.2389037889172589,-0.0058964696668227625,0.20411232942556368,0.26007005870900496,0.22024904248959437,0.2840286346564411,0.12157678578700788,0.11666699396345148,-0.06112803176530287,0.12432904818959747,0.13263672128992898,0.09697587238269635,-0.35567781593548214,0.32118465302620647,0.04529096274134196,0.1026128158659618,-0.07835799966067597,-0.06975819122019218,0.05153464312780948,0.08253515846588812,0.07192389074540406,-0.18132369420930736,-0.07461807413581227,-0.3255299880530222,0.1195274932371135,-0.341722957657675,0.2619516235416561,0.06667713780987378
0.1977610343848872,0.23256580007141534,2.3958080518899654,0.3616855989597457,0.06231144900511632,0.3873081834298775,0.19415227634523935,0.5948533585171377,0.4303490752316951,0.3838185239277255,0.4398212922591339,0.20465962372108673,0.4483251321437007,0.21028404850962193,0.10496469720568537,0.1558502906038029,0.3223565851087415,0.3377290031041718,0.3112553578028768,0.27570919620382817,0.2657985012928377,0.3209820667319052,0.26609651963217906,0.26058765000145895,0.23884761785695477,0.3409968907881804,0.18492083264407724,0.27320357648989296,0.3380148610348759,-0.02952579279615594,0.3054897633582678,0.2198284051986414,0.2586573830821919,0.4411474828285984,0.2054553764067253,0.515900835381584,0.6397890094670177,0.12736631939714374,0.30532091744990225,-0.39358232207191757,0.17735032994611888,0.23349408201764615,0.20031685301045626,0.1782492401862843,0.1897160879180651,0.46815344108218765,0.18742175521275517,0.04951741111039569,-0.3294698885222877,0.2533600359330077,0.016597760014501195,0.2977662213408178,-0.017560377938451575,-0.3355263783294776,-0.2627161878268591,-0.0833861437161204,-0.16355740295934212,-0.12656190929971975,0.38903708842907253
0.001668437075235159,-0.49628648503026923,0.3616855989597457,2.2842451906804024,0.18126247664152928,0.3979820818772317,0.1376899435479801,0.4514429772486067,0.036803532657397574,0.11823031849387786,0.35690064192209203,0.3118108255047601,0.30350287308737794,0.2945043411342289,0.15685843645474076,0.33749400911216343,0.2557259550227968,0.2839948021158417,0.23024673014185443,0.237236445716737,0.27945664829321387,0.2520791184625458,0.4121852332144479,0.31437012336096226,0.31773667995979216,0.1647191381436508,0.12562477506198724,0.21532763464462074,0.07524099387690898,0.30329719235507496,0.2256329507220879,0.2934180384050211,0.3405793169044329,0.43802202430850634,-0.15207380443638344,0.12597478554387753,0.44551550185866695,0.36332729730733776,0.3738316165864261,0.07640607848797201,0.19161253345901327,0.23300535501310138,0.3757501436796819,1.0036332559348453,-0.036765114254439554,0.19254243993067155,0.33127841219366416,0.25525341287226466,0.28080322951442055,0.23700674976046415,-0.07254499519889852,0.21184891604060332,-0.17742367215163762,-0.1267024910528166,0.025150797019900608,-0.06715307316275672,-0.33381318219406275,0.47401892783343097,-0.023723376436723547
0.057817647045046494,0.12361166897806874,0.06231144900511632,0.18126247664152928,1.3028119485732383,0.42862105157641434,0.1933338021138305,0.27751690175570587,0.20668812500676736,0.10510659235415791,0.18217002464702078,0.325223508828518,0.28500198003111565,0.3117426126495577,0.28714950727563654,0.36804101901715963,0.18083691501582788,0.21935925340237375,0.46119953755069176,0.28276992399695877,0.2635839522519097,0.28996387050786154,0.26073037887979783,0.2557191000527224,0.25993134770212756,0.2205784764540389,0.2157743688060838,0.019196814882786375,0.30120070309645425,0.31076027544913276,0.22159961647624182,0.2625134642814494,0.17990481572171776,0.4561860092931874,0.05324176614010674,0.2591720868549284,0.2942760142762442,0.28925130078363875,0.25591322428447744,0.16703970654419767,0.18939487866127233,0.2965705485239333,0.28484731782881245,0.32097639695529384,0.07064236949501207,0.17859340920245628,0.29555473298792906,0.16085366736807413,0.37842765556640745,0.029892420190702075,-0.07375302875850129,-0.4210150284791763,0.31836985675258456,0.004283184821229571,-0.0318186011073249,0.04638855939760893,-0.5330320846639878,0.6777546054673455,-0.1879626756240953
0.02790540484623295,0.2808818730933525,0.3873081834298775,0.3979820818772317,0.42862105157641434,0.8815814865211877,0.1895512951980085,0.36344411484745903,0.30657208279939363,0.12242577056935093,0.3126520600649664,0.3481537478962596,0.3451937581164378,0.4032950932996174,0.26501060209530686,0.35187248110850056,0.3355820512545718,0.20779544455162047,0.43756166796161716,0.39667991212953474,0.3283533706753401,0.3767569672509034,0.12279613847150202,0.2852291152283731,0.3359040227689684,0.31964485132838766,0.26892392392585396,0.24509258317240623,0.43545996008173676,0.289090131012736,0.2911714281843055,0.3913269413359856,0.14881334997452614,0.45205630273036207,0.22016771056080592,0.2567456092353181,0.4799966827866612,0.36151665056915144,0.38178883892381554,0.07444275462237501,0.14845644701223848,0.30710917178211533,0.3748259778623844,0.3011229308701808,0.282108026979304,0.19720855303040888,0.3065087784174634,0.11344269744367219,0.33087213187869247,0.2307377344384717,-0.28930887979859854,-0.0213928341994195,-0.07200085038772508,-0.09445761154170866,-0.12773788042400805,0.029915024905057375,-0.597431363187224,0.7463116943782837,-0.1518122916167595
0.0418576591063631,0.28937509286721264,0.19415227634523935,0.1376899435479801,0.1933338021138305,0.1895512951980085,1.0791448307911344,0.2129280408005687,0.40006036197801037,0.19043466656569044,0.32813754608936274,0.36395402085840045,0.329722111906949,0.27702027378381866,-0.008268266696108756,0.3030496857503727,0.3339489471140501,0.32572718799588324,0.066527916321756,0.2294061082278781,0.2862198912496364,0.3583704843340305,0.31960010132483574,0.26401105772914923,0.2725602229519817,0.2982455944461144,0.251283858305745,0.16375320461502782,0.18332027314184798,0.23634816510627696,0.25729037814217076,0.26473095392332463,0.24998494839771915,0.3816119944789677,0.22155318424770748,0.2822465761930576,0.3041932052564634,0.2998223312783728,0.3444164303022873,0.062117816107520096,0.17809981997870775,0.25488114639737336,0.32636401666140885,0.26048090839883536,0.26858029587562443,0.13283740409261025,0.26140920698105424,0.08986126564081888,0.32882178932118217,0.038654839834418024,-0.07535941197877419,-0.16607740298251844,0.18916404964392616,-0.060757241840145824,0.028661016223908275,0.08536850653384725,-0.3630686927840407,0.6065819505478087,-0.5689915562116489
0.010026342360003274,0.05952988310550547,0.5948533585171377,0.4514429772486067,0.27751690175570587,0.36344411484745903,0.2129280408005687,0.9874039357342291,0.17648178894892927,0.2203555186326533,0.3258372437038277,0.07222664891484779,0.46948702556202515,0.32746518774310807,-0.016700417745880547,0.23717938756201914,0.24476885940191057,0.24549720946793901,0.2892879506532433,0.29218782018187334,0.2430566104539009,0.27105446653950827,0.2694723784136634,0.3375020889900536,0.2557947754048049,0.2760131933855213,0.21521932080496606,0.23309825107813767,0.23036590756846373,0.2428192973170311,0.2457289263060888,0.29916066053467943,0.2263521204005949,0.37259346954211725,0.24483021670740418,0.2504819133970574,0.44648608007839446,0.30435105672561724,0.35755855848117707,-0.05666015028568055,0.19786614934399485,0.20729644733640856,0.3099029321443167,0.33290104019406036,0.0824960321114278,0.19802020074274246,0.2895472507858211,0.1632829325273217,0.33839542839761266,0.12467022077754432,-0.10005866456457774,0.16767793914112628,0.05674833178107259,-0.17197180716666222,-0.23564781088622502,-0.20725970168608293,-0.17935039642826997,0.580435020025214,-0.0202524653541989
0.021065294361884077,0.29279790560172847,0.4303490752316951,0.036803532657397574,0.20668812500676736,0.30657208279939363,0.40006036197801037,0.17648178894892927,0.8438951720617026,0.1255955693741158,0.18404119095014995,0.2221176603641142,0.3384238261307068,0.2211812234993899,-0.0009276688486470508,0.15681254892585716,0.22751233972946097,0.3030573831778629,0.17379304199484855,0.1835830702675836,0.2662171994014614,0.43296529903634035,0.27738012177422866,0.19113760795245532,0.14608855907995627,0.3488373530061795,0.20683386246366567,0.13968040961352132,0.23188683418149406,0.17255152105122742,0.23293352476867593,0.23255349719675653,0.24761006925546153,0.26599599478611385,0.08656094558296015,0.29262218540557045,0.3080601659007514,0.295934658377117,0.2539557753313841,0.04391280892853776,0.12928122010747,0.221416077716632,0.3357556338024183,0.17742349820837325,0.2505800258442683,0.20366025072110147,0.23997859920334125,0.011273128817306126,0.17398640342931104,0.03605340904559593,0.006568524276273467,0.00042151640116644336,0.09597192423188618,-0.10140496168709331,0.0652081392954657,0.17028104230492083,-0.3542080042964725,0.27158052952272266,-0.27735853079627826
0.038217304173726395,0.13874556516776632,0.3838185239277255,0.11823031849387786,0.10510659235415791,0.12242577056935093,0.19043466656569044,0.2203555186326533,0.1255955693741158,0.7524075254035045,0.1670832343528883,0.11143791369798531,0.23854266794890638,0.14097016843344076,0.2214710044692998,0.18095395870622044,0.2142694318650941,0.27658562565779227,0.1114974562442472,0.08820786278176129,0.14682306762751593,0.198805829006482,0.30754340248019424,0.21609721877587218,0.24323022531446603,0.09048272667094805,0.16200761275593406,0.15407242713725483,0.14282501545750656,0.26450618069205334,0.18100945227105555,0.12737677938757186,0.16960548598009603,0.39337449878356295,0.22701501492950119,0.22411084084638988,0.3101330079102491,0.14874661543736395,0.20464321218813925,0.011602188095012822,0.2649442810464933,0.1455440694181246,0.17404504708233484,0.3207206110275269,-0.012511543478730658,0.18671754411205566,0.30594426534707814,0.07736374087869369,0.12765141272893996,-0.021469257953953057,0.05045925734264413,-0.07178857360969908,0.09977844276817847,-0.018504372644870995,-0.1079216278069599,-0.04225687592540291,-0.1553357635219709,0.09366295501877604,0.1283102054213275
0.04306279025123803,0.18421617530377873,0.4398212922591339,0.35690064192209203,0.18217002464702078,0.3126520600649664,0.32813754608936274,0.3258372437038277,0.18404119095014995,0.1670832343528883,0.6970643621494483,0.31093263130492627,0.29011727486608874,0.26867769591613183,0.2192334782625825,0.2740012651955356,0.3343186643907299,0.2575339841378248,0.17237509510295235,0.3608431253749111,0.25210432902460966,0.24051074028531108,0.20323679709684137,0.24811176043820196,0.20337597097490598,0.31278599959215625,0.19002897576919614,0.2287712919117466,0.2866242329943337,0.212443252459858,0.26086337496268375,0.24939790520760913,0.1818789823856868,0.31029237121777964,0.2552288690483249,0.3143180286323224,0.4088012611756743,0.2598558932524751,0.27847384644160567,-0.010628419502434375,0.21454716452557343,0.24544918741107627,0.23715612960706547,0.11263503990172563,0.21658194899219158,0.21254238943811962,0.2539032141877756,0.11961468994268191,0.17101173727086857,0.08683690630834447,-0.03173400717856139,0.07622405203771676,0.0317268215165176,-0.11853399262587384,-0.14481132067519856,-0.020133069167369472,-0.3401878421108417,0.49250365919580774,-0.1712580076164572
0.04655294184445792,0.20022410123678624,0.20465962372108673,0.3118108255047601,0.325223508828518,0.3481537478962596,0.36395402085840045,0.07222664891484779,0.2221176603641142,0.11143791369798531,0.31093263130492627,0.7710524395929789,0.1691751893012243,0.29712475306135405,0.321810219496438,0.3292978119314568,0.3583667246060861,0.2980846487783243,0.21557736698925517,0.27651281383224313,0.2718250981711346,0.28035724368333614,0.23035862229114698,0.24591012017717842,0.2877256075481173,0.23720996017325438,0.21877902979276534,0.21227151931369032,0.2272668858452657,0.3172205667217154,0.27448286327826726,0.2756543694720224,0.19361956404184896,0.3516441953591051,0.3092005964548226,0.22085960433120355,0.34216964281662987,0.264891620418976,0.31259999761231105,0.06743012044763555,0.24423901270213913,0.2638069039760771,0.2945342478875997,0.25712199995193424,0.2972364062488581,0.1816472147483179,0.3330259151206964,0.12105117033862207,0.3202952291597964,0.03596201448592948,-0.045634694115041646,-0.1950718753661454,0.07412307742325691,-0.008664490833567386,-0.013905765337101639,0.09955508669502025,-0.515664798633208,0.7429923741115955,-0.5675639900580363
0.010779935492985449,0.1763864044532654,0.4483251321437007,0.30350287308737794,0.28500198003111565,0.3451937581164378,0.329722111906949,0.46948702556202515,0.3384238261307068,0.23854266794890638,0.29011727486608874,0.1691751893012243,0.778299211994885,0.24566810516311577,-0.07369327747760396,0.254864994587173,0.222741823284222,0.26922517125993506,0.2407304690991367,0.21763778774486178,0.25536162626788694,0.330888810246592,0.3053874632978536,0.2685587934162042,0.2318536098200933,0.33133544979585394,0.23272205624335912,0.19349248048803758,0.2341214674754122,0.16272857336304253,0.22923738719704334,0.23391871583395887,0.27383120647163234,0.3594987160221883,0.1466845976056424,0.3249490327379952,0.37098120907270626,0.2979091784561782,0.2570228638396333,0.031202895610651208,0.15520923720285645,0.22327148403519706,0.3062343183880374,0.31329828282287964,0.04500181636343378,0.18664057665058273,0.23023232315628916,0.137264768909243,0.2537193039403516,0.054538306151256224,-0.05275748982755281,0.026485281343592865,0.07752773001688248,-0.11743799271604351,0.07506807099238064,-0.04532457716528732,-0.2517874854404697,-0.17899025420732262,0.36950507485070677
0.010169139109624808,0.22051660394257128,0.21028404850962193,0.2945043411342289,0.3117426126495577,0.4032950932996174,0.27702027378381866,0.32746518774310807,0.2211812234993899,0.14097016843344076,0.26867769591613183,0.29712475306135405,0.24566810516311577,0.6939580260136212,0.3359547840504561,0.35894693631736607,0.27403769449306425,0.15174902359596473,0.26103539238353657,0.4013949142790621,0.26198836069771503,0.3210320168674493,0.21049841859035023,0.37038396183171174,0.3314036895743006,0.22961948679613334,0.277803405821002,0.17206683201656114,0.38042866130952013,0.44230500385723887,0.2719656638785434,0.5718978741159826,0.16364757620526352,0.4145889141578021,0.2759295590383994,0.25113439174492436,0.4161049437279884,0.33144267339689676,0.3088942317778283,-0.002962021982217972,0.3266336125319416,0.26697636022376514,0.38607551148076674,0.2721042498475736,0.14251396474185546,0.17689113006597101,0.34155882487995,0.12070301066061347,0.4479085908021319,0.015023623345100542,-0.08077438305712736,-0.14834248378194187,0.16735745923339995,-0.07366372048658436,-0.3136507357268255,0.007073450224684373,-0.584149431941381,0.9043615509204251,-0.14723634832865634
0.03753575442320461,0.3713555831345715,0.10496469720568537,0.15685843645474076,0.28714950727563654,0.26501060209530686,-0.008268266696108756,-0.016700417745880547,-0.0009276688486470508,0.2214710044692998,0.2192334782625825,0.321810219496438,-0.07369327747760396,0.3359547840504561,1.2311360495853667,0.196709085481306,0.27259675074276885,0.18415669845767538,0.19054982047853106,0.3614577773373673,0.21087545033336888,0.13445291510870339,0.18506990340266655,0.25054207395672773,0.3864510981267357,0.06263990363371097,0.13735211607767028,0.21202989852689239,0.42175744044804125,0.5114540654468112,0.2114630302959458,0.29160915834487333,0.09160712468889011,0.4166169178921666,0.29718325658394695,0.13800473572580796,0.45704463783204896,0.10748533905391644,0.19653832284032194,-0.02343664749408884,0.42960795063583823,0.2363021060343236,0.1803878948432711,0.21715216118873043,0.08294017549542762,0.24299811964218418,0.37326287611811687,0.09231290167340034,0.2699394623396274,0.03712153143901427,0.021848124291105425,-0.06571966401632963,-0.06991324482335405,0.02150464730570955,-0.12877454447149853,0.09013800461974544,-0.8033748571909536,1.1735444130016681,-0.44460631917419974
0.022719698064312434,0.12757539671327334,0.1558502906038029,0.33749400911216343,0.36804101901715963,0.35187248110850056,0.3030496857503727,0.23717938756201914,0.15681254892585716,0.18095395870622044,0.2740012651955356,0.3292978119314568,0.254864994587173,0.35894693631736607,0.196709085481306,0.8975083432362878,0.3230235092206013,0.15982409468046535,0.23575917197704016,0.2448375998524822,0.2526498478321765,0.4318222883633873,0.15051627915682125,0.27705390304217675,0.17539254130461648,0.1986007648322015,0.24844925691993805,0.21868023184686072,0.2752691150859557,0.41715308949401647,0.22380499271367355,0.30572784309893003,0.1305274899823655,0.38438525984556166,0.4006132124308872,0.18546285175157626,0.3102847520031669,0.23839773946120452,0.2506392991986305,0.07575555700463926,0.29501218478477464,0.30366656301393113,0.351764073848229,0.277919796105884,0.13974189665256886,0.11475736461141182,0.32493513965499365,0.030021658282041275,0.443976736960474,-0.15891168429767366,-0.12634416122348763,-0.26789081684404986,0.13609920338896714,0.0598417571222981,-0.09652992728725257,-0.026797143232696802,-0.5295771848183761,0.6815757583857834,-0.15014468007816245
0.03392434246093178,0.23138300649743843,0.3223565851087415,0.2557259550227968,0.18083691501582788,0.3355820512545718,0.3339489471140501,0.24476885940191057,0.22751233972946097,0.2142694318650941,0.3343186643907299,0.3583667246060861,0.222741823284222,0.27403769449306425,0.27259675074276885,0.3230235092206013,0.764451100563977,0.2197323411112609,0.21647430182547894,0.3763579631869534,0.29242608961433664,0.3106998517215201,0.14355981427376321,0.31721011027972446,0.34999894146607363,0.24791380326403417,0.23170347808201763,0.464169909486083,0.22158389442603968,0.3646862766993582,0.33926054738316613,0.26628486919512656,0.31965938629273827,0.3493185914167342,0.38275504452250936,0.30854266961944565,0.613372045442097,0.3618400214719652,0.38306313976397693,-0.03181058714997837,0.2973360009954631,0.3454062790712062,0.31793171511679064,0.2519068126605785,0.3757263662190504,0.19661628410798712,0.347998594422668,0.15244430666063916,0.2228402165316276,0.34331359979296744,-0.0792607402173824,0.06338869591564464,-0.19965128467166682,-0.11317150745283246,-0.3436067457484849,0.029363945775373157,-0.3627323954693709,0.5839101009569695,-0.23292412190918357
0.044272964014411886,0.2519677300551287,0.3377290031041718,0.2839948021158417,0.21935925340237375,0.20779544455162047,0.32572718799588324,0.24549720946793901,0.3030573831778629,0.27658562565779227,0.2575339841378248,0.2980846487783243,0.26922517125993506,0.15174902359596473,0.18415669845767538,0.15982409468046535,0.2197323411112609,0.9797010742666593,0.1414046726830523,0.027818361381208627,0.3283167551054805,0.32019378950705224,0.6150833611206072,0.17562638231947397,0.2958236562491488,0.41626424839512305,0.030198726077823333,0.1345427214670054,0.13187092722688742,0.17676370828383753,0.3068658468731474,0.12358460966325131,0.22849346562921555,0.3373702269975088,0.049578150306799844,0.2413341962968164,0.5067104882764396,0.2585111890982828,0.2756146748876032,0.1208390261861653,0.27073160002052993,0.21337190339901183,0.49915785150200187,0.3776042732996918,0.4703049379793109,0.28952878816520344,0.518357716744133,0.07835487589230315,-0.037741830675024256,0.2625884767364834,0.17626165867368787,-0.20234751451635438,-0.0464587277337223,-0.09147361623234086,0.0964076158834761,0.0650909858511869,-0.29160224017194364,0.4374887035285969,-0.4087361483727465
0.030837873628022244,0.0023720832585232667,0.3112553578028768,0.23024673014185443,0.46119953755069176,0.43756166796161716,0.066527916321756,0.2892879506532433,0.17379304199484855,0.1114974562442472,0.17237509510295235,0.21557736698925517,0.2407304690991367,0.26103539238353657,0.19054982047853106,0.23575917197704016,0.21647430182547894,0.1414046726830523,0.886470097105125,0.18562687507287864,0.25713196934192306,0.2650170725951927,0.1202676677520538,0.2699212801213925,0.3905287322676693,0.15659959125831513,0.1601991190925074,0.2740506308120985,0.3041069026181542,0.3520837749528733,0.25100885038935616,0.26757424725872686,0.24951368802544863,0.32488151992811604,0.10734119504840826,0.22122152451016822,0.44810467729719167,0.33487061090815334,0.2768915253195993,0.013086030009311921,0.20638510952337055,0.24201802014989443,0.26686033618153826,0.3403209135524196,0.07352662206149059,0.22506754854914518,0.26715562349463223,0.17860862643871758,0.28999207407519834,0.14268049380670783,0.006814098916582211,0.3016446263533745,-0.2308713921221286,-0.12287773157296251,-0.0718802683940821,0.011454453418874137,-0.37169046318578,0.5365722150261976,-0.10309148579235718
0.015933233631580702,0.29403461696560823,0.27570919620382817,0.237236445716737,0.28276992399695877,0.39667991212953474,0.2294061082278781,0.29218782018187334,0.1835830702675836,0.08820786278176129,0.3608431253749111,0.27651281383224313,0.21763778774486178,0.4013949142790621,0.3614577773373673,0.2448375998524822,0.3763579631869534,0.027818361381208627,0.18562687507287864,1.1377636518240304,0.1891501315937247,0.2009892682470417,0.11319023396212306,0.38837607871144375,0.2180640087531498,0.1931292493919414,0.33160258158985617,0.32648913946985564,0.3973528685476131,0.458906146251135,0.3126405851892667,0.40425199248726906,0.2472728765729215,0.43653222556834836,0.3407335317880547,0.260642794978735,0.606338975804218,0.4850699345059222,0.4051467112070564,0.04681494473500951,0.27002035721768153,0.23868329390596485,0.45732168701578746,0.10760857667889014,0.403222955945346,0.1315456495700883,0.2815475536215653,0.2691985111848995,0.5497612448799799,0.042985922586521494,-0.19446708381942576,0.06475823557726693,0.014734451524953129,-0.08739091458761315,-0.20644420742780867,0.00017772759373263776,-0.4778426710519683,0.7262384950863406,-0.18140286624964924
0.029242218599887775,0.1584150621913218,0.2657985012928377,0.27945664829321387,0.2635839522519097,0.3283533706753401,0.2862198912496364,0.2430566104539009,0.2662171994014614,0.14682306762751593,0.25210432902460966,0.2718250981711346,0.25536162626788694,0.26198836069771503,0.21087545033336888,0.2526498478321765,0.29242608961433664,0.3283167551054805,0.25713196934192306,0.1891501315937247,0.6951803204352587,0.31768482428660305,0.35366348769092515,0.29503157685146936,0.32605954219764005,0.25615760001386206,0.19404538639350538,0.19286065773206615,0.2777061181498346,0.47660060937878496,0.3198434032659394,0.21069692707269064,0.2943699474407177,0.28312721423078563,0.17254893668356608,0.34185726547181955,0.557529116731347,0.3719166465922921,0.3740164072784112,0.252407526067479,0.31203625328847256,0.4509921796077249,0.44055874110831067,0.356328588729764,0.6403016181393482,0.25390013742398876,0.43653557610759874,0.17555499652586465,0.15419975839988084,0.10007594479279804,-0.001745553841907451,-0.17945666291042073,0.1364452972923617,-0.07647152112650266,0.027485118702321995,-0.0011598581765526691,-0.4698095363484998,0.6862106795250208,-0.2934780853251922
0.020002999671525495,0.18077179054519293,0.3209820667319052,0.2520791184625458,0.28996387050786154,0.3767569672509034,0.3583704843340305,0.27105446653950827,0.43296529903634035,0.198805829006482,0.24051074028531108,0.28035724368333614,0.330888810246592,0.3210320168674493,0.13445291510870339,0.4318222883633873,0.3106998517215201,0.32019378950705224,0.2650170725951927,0.2009892682470417,0.31768482428660305,0.9953778279031273,0.34204764431231754,0.3133195864151,0.18836052209587095,0.30909160446893647,0.2365865037164265,0.18159646672928276,0.39929387205484473,0.41639033980995016,0.2897554576852086,0.33004932401630915,0.262822593630968,0.44040170531414297,0.18639652403057405,0.3219381356888673,0.411367292824766,0.42644961311095286,0.32849750198925765,0.04977967259994694,0.27134399094885003,0.3254951330623155,0.5525838629733397,0.3863866000171406,0.15063191215126712,0.2931629286948434,0.39552711155251763,-0.2043075793865321,0.43229141634372403,-0.04303354831584394,-0.08239267937898852,-0.1936849561633409,0.10365380572729034,-0.07065202318163524,0.010641862488798389,0.04351113133027092,-0.4582429122906903,0.5187817743815466,-0.2239198324949542
0.012045903436967317,-0.2796035495232551,0.26609651963217906,0.4121852332144479,0.26073037887979783,0.12279613847150202,0.31960010132483574,0.2694723784136634,0.27738012177422866,0.30754340248019424,0.20323679709684137,0.23035862229114698,0.3053874632978536,0.21049841859035023,0.18506990340266655,0.15051627915682125,0.14355981427376321,0.6150833611206072,0.1202676677520538,0.11319023396212306,0.35366348769092515,0.34204764431231754,1.564918900585562,0.5184151636197111,0.47240287981593315,0.13913529339048852,0.13027361035216667,0.03494183346682181,0.3335199628232084,0.6086198920836091,0.16954626869879702,0.1718395638994271,0.43274858042393793,0.4768037626624814,0.06528977237328502,0.36939435104179263,0.4063928239471297,0.21235532200618407,0.3837449516095835,0.151067865951623,0.3634595535114527,0.22904249581114455,0.4584116082806865,0.834714682115523,-0.035492463173813965,0.33770220000687684,0.5846208334855375,0.2669791449353144,0.4285960099825928,-0.034695067275226095,0.134940714484568,-0.22379148508951693,0.3245106904315845,-0.023544466708510133,0.1908115856788916,-0.07508355611129594,-0.36502076536099615,0.5155708348396495,-0.23278899284692928
0.0026370092869332866,0.011487698658826371,0.26058765000145895,0.31437012336096226,0.2557191000527224,0.2852291152283731,0.26401105772914923,0.3375020889900536,0.19113760795245532,0.21609721877587218,0.24811176043820196,0.24591012017717842,0.2685587934162042,0.37038396183171174,0.25054207395672773,0.27705390304217675,0.31721011027972446,0.17562638231947397,0.2699212801213925,0.38837607871144375,0.29503157685146936,0.3133195864151,0.5184151636197111,0.9165034447434212,0.554179012699222,0.02826972766719658,0.29338272855318726,0.39152652214769146,0.31066029436035103,0.8193968574281012,0.3779772804020593,0.39892575984679396,0.576317277507546,0.4545159884452474,0.41920891586454323,0.3677245907693413,0.6871625091060111,0.4875385548927812,0.3924525521641878,-0.01663882575359983,0.4080054297728122,0.3030205944408837,0.40193928664589557,0.5897000826903634,-0.0539181956515533,0.268532596285637,0.5162038625735272,0.30510004989421036,0.7038863455740223,-0.0901079811227053,-0.06084496812687099,0.056218504253919714,0.18237584748267482,-0.0804716220377184,-0.09386032817509753,-0.18296793663757652,-0.40518843842240876,0.7601191805271255,-0.09981142292927579
0.012335090084773195,0.0983147832075175,0.23884761785695477,0.31773667995979216,0.25993134770212756,0.3359040227689684,0.2725602229519817,0.2557947754048049,0.14608855907995627,0.24323022531446603,0.20337597097490598,0.2877256075481173,0.2318536098200933,0.3314036895743006,0.3864510981267357,0.17539254130461648,0.34999894146607363,0.2958236562491488,0.3905287322676693,0.2180640087531498,0.32605954219764005,0.18836052209587095,0.47240287981593315,0.554179012699222,2.2600253268924835,0.2733177387090289,0.2321254261843172,0.3042312328612911,0.697897920736043,0.791882813531592,0.43788302234472537,0.3107097830437261,0.42786529423079533,0.698502303105265,0.5031717233027613,0.31148696088241606,0.9268867540967256,0.7295460041869869,0.2072360803820904,-0.12887251056682703,0.4568708913075486,0.34994190649202656,0.44045918863197264,0.76921374674519,0.23058245133001756,0.48747897744772634,0.588100180503973,0.12430415735605305,-0.3247892613231988,-0.5139389458585102,0.26358918967429673,0.03585727330494983,0.32613386479891543,0.0065591969034120064,-0.14131432111257713,0.0794085596204661,-0.4200655943130229,0.5850616716766065,-0.19207754417513023
0.026861852713808344,0.15849395268649166,0.3409968907881804,0.1647191381436508,0.2205784764540389,0.31964485132838766,0.2982455944461144,0.2760131933855213,0.3488373530061795,0.09048272667094805,0.31278599959215625,0.23720996017325438,0.33133544979585394,0.22961948679613334,0.06263990363371097,0.1986007648322015,0.24791380326403417,0.41626424839512305,0.15659959125831513,0.1931292493919414,0.25615760001386206,0.30909160446893647,0.13913529339048852,0.02826972766719658,0.2733177387090289,1.643702823514951,0.18488375525111755,0.15408334958958408,0.25369829603927796,-0.1862931279498476,0.23671400911397195,0.19643708359648646,0.1374706056239617,0.26271070698155713,0.15730647437722123,0.2985255498489795,0.42547596516385566,0.3840297494516572,-0.1997118069374525,0.2110469183795558,0.2999937914479978,0.3414753710460062,0.4914359327125532,-0.17757948973333756,0.6649595902870035,0.1432266834353078,0.12422055595903875,0.06489511394108446,0.19436403778456035,-0.056087043978708714,0.12596736143528947,-0.15016721625457066,-0.029435273123954737,-0.027460118545153896,0.042717447086021675,0.0943957388934118,-0.27583343520887266,0.12392011199227558,-0.06396775539081148
0.01960763238228565,0.3022798875055202,0.18492083264407724,0.12562477506198724,0.2157743688060838,0.26892392392585396,0.251283858305745,0.21521932080496606,0.20683386246366567,0.16200761275593406,0.19002897576919614,0.21877902979276534,0.23272205624335912,0.277803405821002,0.13735211607767028,0.24844925691993805,0.23170347808201763,0.030198726077823333,0.1601991190925074,0.33160258158985617,0.19404538639350538,0.2365865037164265,0.13027361035216667,0.29338272855318726,0.2321254261843172,0.18488375525111755,0.8209949567861307,0.21089989838309084,0.049159035822441605,0.30325497409546553,0.2717391058734558,0.30095249096082977,0.2830323017530067,0.2868190028768929,0.21863459981517885,0.28961703329196886,0.3084641821314865,0.39649312795677183,0.20317993129403755,0.15900714423316858,0.24235619150927437,0.24728697403236954,0.4521335279180728,0.1067512214693446,0.18134156360404466,0.0920685266605566,0.20458248952808492,0.2358502837890434,0.6083156936689762,-0.1267090180861486,-0.09473898896195904,0.013228932938615405,0.12881045601813434,-0.02597426134574885,-0.005380244204246817,0.01983982215239328,-0.3175370124842837,0.46686964928188457,-0.1839199422523893
0.014455697268849483,0.21657276158300856,0.27320357648989296,0.21532763464462074,0.019196814882786375,0.24509258317240623,0.16375320461502782,0.23309825107813767,0.13968040961352132,0.15407242713725483,0.2287712919117466,0.21227151931369032,0.19349248048803758,0.17206683201656114,0.21202989852689239,0.21868023184686072,0.464169909486083,0.1345427214670054,0.2740506308120985,0.32648913946985564,0.19286065773206615,0.18159646672928276,0.03494183346682181,0.39152652214769146,0.3042312328612911,0.15408334958958408,0.21089989838309084,1.2033001032319726,0.015295984787274577,0.4865166303912786,0.3679397276261759,0.24054137579877757,0.5982801609633333,0.19381073320352993,0.6124540387200057,0.11834226483011047,0.7641737780730989,0.3659430415692665,0.3631083299963017,-0.13994997808275275,0.36640127143137413,0.22821286397659862,0.2590513119678861,0.45797500932931046,-0.016961777796146868,0.05094783329193469,0.31550931469418264,0.309326569487931,0.6148462257710235,0.3692234843401645,-0.10071867623110511,0.9029066347836846,-0.9835462862355979,-0.113615662477423,0.014097252223659328,-0.034149693985842305,-0.2738296416056207,0.3487294767282257,0.030203893923243744
0.010739388317284358,0.2616553828367961,0.3380148610348759,0.07524099387690898,0.30120070309645425,0.43545996008173676,0.18332027314184798,0.23036590756846373,0.23188683418149406,0.14282501545750656,0.2866242329943337,0.2272668858452657,0.2341214674754122,0.38042866130952013,0.42175744044804125,0.2752691150859557,0.22158389442603968,0.13187092722688742,0.3041069026181542,0.3973528685476131,0.2777061181498346,0.39929387205484473,0.3335199628232084,0.31066029436035103,0.697897920736043,0.25369829603927796,0.049159035822441605,0.015295984787274577,2.5087782414542565,0.4433060755269368,0.14028336310261888,0.37800059043812484,0.004864737876089035,0.49979191749912455,0.2568716968515658,0.7471958141985086,0.5257962862005747,-0.229186709148097,0.18999521018204463,0.12418884844622942,0.327709546430697,0.22105787062302532,-0.20641987506055198,-0.4387480730262513,0.37004835745906145,0.5852943719825552,0.3157722430053461,-0.2778948603768292,0.010585375231589422,-0.08107511100202418,-0.008299781887518651,-0.11774884759475714,0.15510699607788372,-0.05706790238656488,-0.2904132376948344,0.025879551891165798,-0.5588229527998276,0.6243445906336583,-0.0028048934254166825
0.03457764493978518,-0.014526075613026218,-0.02952579279615594,0.30329719235507496,0.31076027544913276,0.289090131012736,0.23634816510627696,0.2428192973170311,0.17255152105122742,0.26450618069205334,0.212443252459858,0.3172205667217154,0.16272857336304253,0.44230500385723887,0.5114540654468112,0.41715308949401647,0.3646862766993582,0.17676370828383753,0.3520837749528733,0.458906146251135,0.47660060937878496,0.41639033980995016,0.6086198920836091,0.8193968574281012,0.791882813531592,-0.1862931279498476,0.30325497409546553,0.4865166303912786,0.4433060755269368,2.654534749504131,0.4842758121409254,0.3669704499462174,0.6145081498665176,0.18141793456991062,0.8369868511625544,0.2214347748873643,1.0715851614076584,0.7247602656770797,0.5750235635158902,-0.19119241940369644,1.047004401071301,0.4684895819445566,0.9092018050534189,1.120127955026282,-0.11001090604835218,0.32411085133697976,1.276610107792307,0.31960348948590966,1.5412292080828518,-0.3608682747305905,-0.008310953614204957,-0.36791773560554714,0.5130478993192455,0.11840857190402211,0.17770659238789618,-0.0871447729464374,-0.8039438013982627,1.6893466475247285,-0.8517462854874789
0.030793535547576283,0.22888229218619013,0.3054897633582678,0.2256329507220879,0.22159961647624182,0.2911714281843055,0.25729037814217076,0.2457289263060888,0.23293352476867593,0.18100945227105555,0.26086337496268375,0.27448286327826726,0.22923738719704334,0.2719656638785434,0.2114630302959458,0.22380499271367355,0.33926054738316613,0.3068658468731474,0.25100885038935616,0.3126405851892667,0.3198434032659394,0.2897554576852086,0.16954626869879702,0.3779772804020593,0.43788302234472537,0.23671400911397195,0.2717391058734558,0.3679397276261759,0.14028336310261888,0.4842758121409254,0.7836533996511843,0.2702383598955276,0.3391119520883213,0.3082783627977371,0.3162137366082734,0.5939720913435418,0.8379544464659248,0.5319508965618767,0.3441570654484692,0.035748481503678896,0.42263741701849417,0.30716632999419213,0.33198125432129855,0.34195227294894626,0.3948442810947395,0.3547396614380885,0.40020917849202114,0.18439448067265454,-0.05708291133329058,0.14879886040233245,-0.05332401888244508,0.08625439023213055,-0.003021960625781564,-0.14194382660514313,-0.09910363729464025,0.023824552891739494,-0.30534424459792286,0.451048051145127,-0.17505151442280273
0.007193427383536289,0.2389037889172589,0.2198284051986414,0.2934180384050211,0.2625134642814494,0.3913269413359856,0.26473095392332463,0.29916066053467943,0.23255349719675653,0.12737677938757186,0.24939790520760913,0.2756543694720224,0.23391871583395887,0.5718978741159826,0.29160915834487333,0.30572784309893003,0.26628486919512656,0.12358460966325131,0.26757424725872686,0.40425199248726906,0.21069692707269064,0.33004932401630915,0.1718395638994271,0.39892575984679396,0.3107097830437261,0.19643708359648646,0.30095249096082977,0.24054137579877757,0.37800059043812484,0.3669704499462174,0.2702383598955276,0.8906145867122286,0.1153382427218897,0.3855184450715716,0.18568287900653235,0.2732331690186457,0.2834041317310895,0.34273389165456775,0.3292856491298312,-0.016810353647286527,0.3321488596903475,0.22346736443411042,0.3134356491347184,0.2382027138268433,0.0968083009603904,0.14715923190021188,0.2901449102081968,0.08886907550490764,0.4597828154178703,0.08789125890369821,-0.05068468079687559,0.20587026220284751,-0.2640669152065647,-0.07607723075710851,-0.3324430632642567,0.029424971929085015,-0.47414911187278386,0.7287022228978174,-0.11343005042781028
0.01933094815551474,-0.0058964696668227625,0.2586573830821919,0.3405793169044329,0.17990481572171776,0.14881334997452614,0.24998494839771915,0.2263521204005949,0.24761006925546153,0.16960548598009603,0.1818789823856868,0.19361956404184896,0.27383120647163234,0.16364757620526352,0.09160712468889011,0.1305274899823655,0.31965938629273827,0.22849346562921555,0.24951368802544863,0.2472728765729215,0.2943699474407177,0.262822593630968,0.43274858042393793,0.576317277507546,0.42786529423079533,0.1374706056239617,0.2830323017530067,0.5982801609633333,0.004864737876089035,0.6145081498665176,0.3391119520883213,0.1153382427218897,1.5306704645162734,0.20005843575046,-0.10312542069740982,0.22492045080663814,0.6975317021643792,0.5925145386570553,0.24117790464059832,-0.05757653298612599,0.06126383580431227,0.34719149783417075,0.5289157161054254,0.7746026544772495,-0.2791100493278107,0.18697255433152643,0.4556972856127525,0.5458186626328486,0.8383286350960135,0.04594132482500077,0.019283319905498305,0.15917108641437502,0.10285505196928557,-0.20068142017027837,0.25779730568841064,-0.026379886040336413,-0.2804927448087736,0.2751985502122065,-0.04766378670479832
-0.05621440306700554,0.20411232942556368,0.4411474828285984,0.43802202430850634,0.4561860092931874,0.45205630273036207,0.3816119944789677,0.37259346954211725,0.26599599478611385,0.39337449878356295,0.31029237121777964,0.3516441953591051,0.3594987160221883,0.4145889141578021,0.4166169178921666,0.38438525984556166,0.3493185914167342,0.3373702269975088,0.32488151992811604,0.43653222556834836,0.28312721423078563,0.44040170531414297,0.4768037626624814,0.4545159884452474,0.698502303105265,0.26271070698155713,0.2868190028768929,0.19381073320352993,0.49979191749912455,0.18141793456991062,0.3082783627977371,0.3855184450715716,0.20005843575046,1.862155752461825,0.4346665460126549,0.21183872542723586,0.8772570922962205,0.3121221872839382,0.28009899844244274,-0.1188349478011478,0.3579371987876825,0.3533838144593364,0.5110721456806748,0.7318535747112143,-0.03242526735718647,0.23947816098699526,0.3856724878487652,0.21199205751942124,0.29224328156270435,-0.2616963396906746,-0.08339482437599689,0.025815396894462005,0.23970317149077378,-0.061216587230037506,-0.19553226741227375,0.055912922579366454,-0.6351309577524442,0.5721998098361706,0.1046951017400924
