1.0955978478032922,0.42963950802659906,0.7019416636564532,0.058762959802750966,0.03342367986908163,0.21881712749334728,0.2602550639864215,0.08403509267635995,0.13392412762177994,0.09688037162871872,0.14901492519504053,0.18737364199996615,0.09523783876898786,0.16725773361113938,0.16750066629763788,0.13887960508939773,0.12041046148695743,0.14965931421810957,0.08581128721662892,0.1382155216277976,0.12605403726378617,0.12821259826281223,0.1383504461869867,0.03861166519925063,0.1486095994779292,0.19312821534284022,0.18035016438241228,0.05363186213204778,0.06992614975556083,-0.005293128440253741,0.17555146545228256,0.1516534087425524,0.08677619474426536,-0.0009817738837373132,0.08018977954098064,0.28765721419825535,0.059448012719124074,0.10236106232716385,0.047858512254937646,0.005801086221310876,0.095201327742526,0.11413649864016892,0.013290338048737168,0.014463010367464078,0.07925452323555486,0.17774075214933305,0.041507920463442295,-0.034259100608584815,-0.30705712673425245
0.42963950802659906,2.16840468098405,1.374872380337157,0.09145752179973034,-0.0034456475725974096,0.39937971411691314,0.28680169610058115,0.21709805547171745,0.16252457763276282,0.30786651659790937,0.2565385505889672,0.2883383913632108,0.14974676415467691,0.19625429323607063,0.23658213082231758,0.19597183948952288,0.26738901764224865,0.3897325094621709,0.1318344190646583,0.4937108724303961,0.21833195210474862,0.15979857338426992,0.01094539158829205,0.12902517517937934,0.22310356067981882,0.31254678690223237,0.5675888462372228,0.3307493977178911,0.2718556987919662,-0.05208417991736326,0.3477128878440005,0.22112328352311306,0.03316746717290354,0.34540940406058546,0.16404275419244052,0.5100776156453185,0.18356865368579695,0.2679079884362856,0.08820854031697452,0.0023826458784139202,0.09644588087001622,0.22334479692752224,0.15977324104391633,0.02038006692801349,0.27884135015428235,0.29590306294054924,0.16151316348409606,-0.033790579727585535,-0.5793602481793761
0.7019416636564532,1.374872380337157,3.1613912346935873,0.2033868555912231,-0.2192651254655308,0.6155054615513621,0.4420424347249125,0.32065704362919834,0.2950874951553154,0.37612373981153036,0.3168867928966301,0.35933216206823054,0.2122547107714622,0.28262286804808673,0.3025419164987543,0.24303599189384706,0.3185839781695395,0.3531807527184631,0.15137108096587967,0.2436494144082828,0.2166845903315662,0.2457890960860138,0.08706760929449216,0.17843180181348225,0.31378339963899987,0.4831887273385307,0.49264959556182336,0.40210559689123504,0.17209654401084365,-0.5454278679082278,0.3895463668815952,0.3006805902943987,0.0005799719784710419,0.4585882443673998,0.06747746971653083,0.7685563262239494,-0.01464479215182592,0.18256555320530668,-0.08170632101500362,-0.2526758895334405,-0.05343896120576948,0.1955883008485666,-0.057061897312517776,0.039267210040546764,0.18346586942853374,0.5608566888928715,-0.08901513951703253,-0.15138638575891447,-1.358470088803044
0.058762959802750966,0.09145752179973034,0.2033868555912231,1.3050009838829155,0.4564758737981788,0.43941194083696444,0.40791102851610067,0.2757409109233882,0.17673932348698623,0.28730664036458375,0.2918153207333611,0.3952111484505509,0.20757115589333594,0.3342216751280472,0.22644637546608684,0.34527017509880287,0.31859619380318543,0.17760139845260547,0.32564628968365217,0.20070897911690444,0.16315986597654789,0.2527624430691088,0.066912247457857,0.2223485729745487,0.23712605048509144,0.27624518188733693,0.20825474584281312,0.13369775905930895,0.2590486124761212,-0.09050657421165721,0.17990435940914873,0.3021569193196796,0.030633646141384363,0.30570792336600844,-0.16297398752665532,0.3379480327311735,-0.02922256834777501,0.12119563975180486,0.16668207218120543,0.06217892959849128,0.11074467970974655,0.14935398038011954,0.08072531520831275,-0.00942498925361972,-0.06368528174568053,0.13861435008873313,0.09029543163665328,-0.03290226532290168,0.1544720540596967
0.03342367986908163,-0.0034456475725974096,-0.2192651254655308,0.4564758737981788,1.267547101043833,0.270201495345829,0.28375193140536153,0.30055197740150347,0.16941608357419619,0.3465413548940645,0.26693975263388786,0.32581347357905655,0.2249184047593535,0.255455514545171,0.25398288703327876,0.31595746080579834,0.268255635134079,0.18190215940210064,0.5337538626204744,0.1802548773629565,0.1471968826466228,0.23883983264637174,0.061610095203212145,0.23431748875111105,0.21014727182527834,0.20537259345459724,0.1953577925880904,0.10046722948964205,0.2546213861532655,0.061873461710246276,0.1645296485599487,0.2434887809978291,0.05285759107923479,0.23755908798649752,-0.1262477076354985,0.2693470551973428,0.06643865771282895,0.1029265839059929,0.22873121828533233,0.11068400710797617,0.15698503659842744,0.13810635988428804,0.12722710767581466,-0.006142771737324271,-0.06204826189344766,0.11337601273237809,0.16406064957993874,-0.017185194626058473,0.29870864269103214
0.21881712749334728,0.39937971411691314,0.6155054615513621,0.43941194083696444,0.270201495345829,1.08295424713345,0.32523395117829196,0.2949063552654814,0.15656753975934204,0.2598709033548153,0.3297953257667779,0.4283488359971899,0.22488793738932786,0.35987146051770286,0.2267477004763432,0.3512973325823646,0.4052878106548214,0.2381671747980607,0.48924170154353885,0.32994221729356593,0.19973756410034085,0.2498811816033054,0.10429001032422984,0.23261847183217138,0.26426138866567217,0.33556947141645616,0.26289739416796504,0.1585155889731781,0.3338103417193968,-0.050029841775005045,0.2637856899363148,0.3291372421126689,-0.046880110770475956,0.38615554439484007,0.12139077357314801,0.4192107832085703,0.01271849431692082,0.18900191493061963,0.1616725034439159,0.07370931806226824,0.0746350340110944,0.20071441103057738,0.11244262533552847,0.011450779861769164,0.11013152400525363,0.24427166432639666,0.08032379514085876,-0.05367936760570667,-0.23139837704624322
0.2602550639864215,0.28680169610058115,0.4420424347249125,0.40791102851610067,0.28375193140536153,0.32523395117829196,0.7529926945625353,0.15812810728509116,0.2518585908883699,0.15722511088333307,0.279415242099368,0.3923580265680691,0.1846141329200326,0.16864159386557348,0.2392291275200465,0.20961621398721908,0.2922744552190046,0.1761919961404497,0.23206707274833552,0.21167417497102384,0.15112096873435277,0.21515297118848722,0.06819949858888145,0.17293888339692529,0.2133082109242847,0.26363774923076466,0.2494745180055651,0.13194756174989622,0.22155257052189584,-0.058440123045149485,0.1923471267228041,0.20681649040159333,0.03940078563970338,0.28015438785441277,0.043239043374107396,0.31975710620153897,0.04417996350937536,0.12326502964822432,0.17565928194207653,0.05947577510934423,0.06096855859042336,0.14597479081321776,0.08633206154121639,0.007338140472188102,0.03370049959776643,0.16014781804321893,0.08971223991375815,-0.02892425760619244,-0.009641541748343202
0.08403509267635995,0.21709805547171745,0.32065704362919834,0.2757409109233882,0.30055197740150347,0.2949063552654814,0.15812810728509116,0.807835584563257,0.22101101587922814,0.4407055287035807,0.2737859352220332,0.18736823296908034,0.24270251844008317,0.2839596830048028,0.17642166295198417,0.2215117701034367,0.23352727154775418,0.27640549133076836,0.23818902136072137,0.18037306600859535,0.18521575340050167,0.22388440691588912,0.09678007648405962,0.22185218962174905,0.2718204053359201,0.33144814612288603,0.25149852945786183,0.048163938222019975,0.2951573344290223,0.07187730871549224,0.1786146368672638,0.24180568264208205,-0.00808133373824898,0.34328139880185643,0.27185787838288805,0.24264771433280702,0.19710858281910637,0.0974934871249882,0.27057489340766744,0.11335152518343829,0.11032197492554988,0.18145585443475573,0.14409492456810222,0.017869964309825067,0.09058604416495368,0.1840023406462236,0.22400648921487146,-0.026864692861254195,0.11180310744049521
0.13392412762177994,0.16252457763276282,0.2950874951553154,0.17673932348698623,0.16941608357419619,0.15656753975934204,0.2518585908883699,0.22101101587922814,0.7035989808697529,0.08182977703292424,0.16136193417868053,0.1327725470507989,0.14741501138178623,0.1667293282382095,0.2633281953861931,0.1061440391296975,0.13212895062957722,0.17372443148292563,0.1323977907825037,0.08331794304832038,0.1866069493579249,0.3584848282472431,0.05386872626224424,0.20128281020629635,0.15329530832328342,0.3230515645010106,0.16867557688227142,0.1570131584143627,0.21797863423833042,0.014093100283177189,0.16306132800744907,0.19940450595472847,0.10596857082400579,0.24931714282549597,0.11371694400933573,0.2642146435124245,0.15335892909566282,0.07636804398678104,0.1594514520496118,0.06332349759435539,0.10529880451845736,0.16873234705855547,0.12202425706500244,0.03268160884793523,-0.008870610265348342,0.17685916907997123,0.1106663108526886,-0.05331843172121776,0.26685963450458833
0.09688037162871872,0.30786651659790937,0.37612373981153036,0.28730664036458375,0.3465413548940645,0.2598709033548153,0.15722511088333307,0.4407055287035807,0.08182977703292424,1.1792323478260243,0.30901884109873456,0.3603595594820552,0.2202071888726341,0.2908614949841316,0.2709620522062126,0.3018148833865471,0.3595085852208864,0.35342699636182884,0.2656817845260997,0.18278728263001312,0.1694403305660253,0.19954293592436967,0.14337646554608618,0.24728298627512904,0.33505529064954553,0.24387188432597698,0.4416749234551926,0.12601337693880652,0.31657639932025944,0.15014832163356792,0.22957397452081174,0.24410158212249544,-0.02426590540998916,0.38508778336060334,0.2516585945053399,0.4041472878878992,0.2244231719522117,0.0973139116828078,0.2995557941061279,0.12636586052842572,0.1660899913098478,0.1806021679549523,0.197204885598654,0.027187799537231824,0.08270838993245808,0.23849885420826583,0.3368669747902245,-0.02736249610318288,-0.05103910492140659
0.14901492519504053,0.2565385505889672,0.3168867928966301,0.2918153207333611,0.26693975263388786,0.3297953257667779,0.279415242099368,0.2737859352220332,0.16136193417868053,0.30901884109873456,0.5210364052486646,0.42463828216847893,0.25052905629538325,0.25192834543137127,0.34943538576007016,0.27466116624317843,0.3303759719364735,0.24241652979475264,0.23252172598742224,0.3004361650556608,0.19024089189165724,0.20864647086765287,0.07243897060445893,0.23111257177460878,0.28010539831610826,0.300508485497648,0.30062462117070876,0.18387616348818353,0.3097622359406262,0.11032439701160034,0.25504738078879857,0.25518956982877544,0.013408842970485915,0.3140625346692239,0.24340352249270003,0.36346577592331536,0.1577148935504703,0.15803367927699702,0.27459122422485666,0.1290256377300651,0.12056436326370495,0.19814315504504734,0.16530469422764793,0.029692299434261767,0.1184046088104794,0.19864275305832155,0.20485444247620474,-0.013522806457016647,-0.005687345031508668
0.18737364199996615,0.2883383913632108,0.35933216206823054,0.3952111484505509,0.32581347357905655,0.4283488359971899,0.3923580265680691,0.18736823296908034,0.1327725470507989,0.3603595594820552,0.42463828216847893,0.7656351589664687,0.21059875775653622,0.3003335258415343,0.3413484651209476,0.36019682586760676,0.441422308496292,0.20204480739941563,0.2984365650558575,0.35092092279510867,0.1858073752717267,0.2331859566013688,0.14571640204603095,0.22364715209944958,0.33401551968297905,0.3239610027942964,0.3783453525947684,0.1290540497195764,0.33700222804430496,0.06803842187910276,0.2769814749980614,0.3142890481005089,0.027889223641555227,0.3492237380825933,0.2250437145445292,0.45754124767568227,0.07524654756495361,0.18735743819354617,0.28184154755296675,0.14262162772935252,0.09614160949570272,0.20326151799869224,0.15441669221786736,0.0092965797577,0.09457527234741249,0.2113108276316656,0.18349519588945523,-0.01787736239994985,-0.05925736074247606
0.09523783876898786,0.14974676415467691,0.2122547107714622,0.20757115589333594,0.2249184047593535,0.22488793738932786,0.1846141329200326,0.24270251844008317,0.14741501138178623,0.2202071888726341,0.25052905629538325,0.21059875775653622,0.37353331466183237,0.18145279167294692,0.13880765988378552,0.20385687080343498,0.19344221557033703,0.1658029660339154,0.20335422313998822,0.12789573172875027,0.1478508163762107,0.18323170909897865,0.02109687283278016,0.17247462489221688,0.1733035361607943,0.2304976367018011,0.20325748609583652,0.14751218341888997,0.20136650986683197,0.06991819446921385,0.14426054584606812,0.1975111315267169,0.05861574214682324,0.1976626966539743,0.15017927629966646,0.24103314480055485,0.1196160512946957,0.07792611225125333,0.1542810227763179,0.07785647960964537,0.09805580125023262,0.14513064238385356,0.1087637618126763,0.017126307112755514,0.033659763924221334,0.1460505207741798,0.13393118991492828,-0.01721662748245555,0.055363868926252086
0.16725773361113938,0.19625429323607063,0.28262286804808673,0.3342216751280472,0.255455514545171,0.35987146051770286,0.16864159386557348,0.2839596830048028,0.1667293282382095,0.2908614949841316,0.25192834543137127,0.3003335258415343,0.18145279167294692,0.6219068904392472,0.23420674805573222,0.43575238399002747,0.2844416995571353,0.21057803107637368,0.2435774098398078,0.24548709493139648,0.21181625242871688,0.29421452526786895,0.09930290410867688,0.24767084613199808,0.25609165378510207,0.31406897298575964,0.13321307835231538,0.17377440304272906,0.2701058691536193,0.10315717811217819,0.2255831522251926,0.42733455467108794,0.07584106530771263,0.25137273116192976,0.20366075377163378,0.39869262107419384,0.09772327140878088,0.1581254458352087,0.14670015529550243,0.10266152668359847,0.1625655876606226,0.21874843531413576,0.09720660739212365,0.02002448246759507,0.013660972065985497,0.19941537775888202,0.1732423311762931,-0.031227537496022334,0.0882790604994523
0.16750066629763788,0.23658213082231758,0.3025419164987543,0.22644637546608684,0.25398288703327876,0.2267477004763432,0.2392291275200465,0.17642166295198417,0.2633281953861931,0.2709620522062126,0.34943538576007016,0.3413484651209476,0.13880765988378552,0.23420674805573222,0.8236604463455167,0.2589143170684078,0.2993414311964088,0.31650632645017296,0.21141588371951892,0.2972089430707176,0.22280718912462583,0.2179484234181363,0.06407820565289801,0.26508686883211385,0.3013721416402818,0.2540292219859286,0.21863579010323905,0.27117860573515273,0.32725074786741076,0.19327422343735595,0.25708008236526253,0.23828118616521798,0.02655436496478884,0.318307834361851,0.22352354085573584,0.41107241258852867,0.22688358438708375,0.1602226413700555,0.2702833076888787,0.12785225424878033,0.18216129444862694,0.22576364100580656,0.21031379580091622,0.04972933206733172,0.14712360936799854,0.24976973431241636,0.25388622286309925,-0.017201619276489995,-0.04895085231227981
0.13887960508939773,0.19597183948952288,0.24303599189384706,0.34527017509880287,0.31595746080579834,0.3512973325823646,0.20961621398721908,0.2215117701034367,0.1061440391296975,0.3018148833865471,0.27466116624317843,0.36019682586760676,0.20385687080343498,0.43575238399002747,0.2589143170684078,0.733266551661015,0.4414748539445392,0.1998153479436166,0.27562774884392827,0.2366332582589569,0.21290531846413815,0.3873618662959479,0.04664219555858479,0.24366568306817565,0.2711735544092997,0.26203604093250854,0.22618890316866802,0.24042007728924417,0.3213171896549573,0.2015378518904133,0.2311096510721843,0.3772326329395233,0.09410517756892862,0.2809304134714205,0.3018743662844139,0.41099391855203593,0.18555377140312002,0.15589726776944834,0.2511757961291643,0.1526830046524048,0.15913915759815722,0.24102046189424114,0.16868170731156226,0.028948542827183548,0.059180196031745846,0.21265021547676052,0.22347522323028896,-0.049899345865738035,0.16827329157858947
0.12041046148695743,0.26738901764224865,0.3185839781695395,0.31859619380318543,0.268255635134079,0.4052878106548214,0.2922744552190046,0.23352727154775418,0.13212895062957722,0.3595085852208864,0.3303759719364735,0.441422308496292,0.19344221557033703,0.2844416995571353,0.2993414311964088,0.4414748539445392,1.1039752554638358,0.12865479367018498,0.288512776546222,0.49712084357819714,0.19226261341219017,0.27768919811475357,0.19726133585438319,0.26177635032692936,0.38686558304576674,0.1378844170530713,0.45590350867576657,0.1823658453703366,0.34196887996007996,0.15738984024304928,0.32702113288019435,0.2794918260417497,0.14261908080747188,0.4046826503403564,0.23061742449173533,0.522905600629313,0.22049549781760713,0.2596829037120461,0.5000963750602527,0.18244374232269944,0.08965131420997596,0.21718610508865355,0.22205077991904176,0.044869810159465943,0.13658758600953802,0.20496025669855683,0.2583160277820036,0.005929990289275213,0.09125331278769822
0.14965931421810957,0.3897325094621709,0.3531807527184631,0.17760139845260547,0.18190215940210064,0.2381671747980607,0.1761919961404497,0.27640549133076836,0.17372443148292563,0.35342699636182884,0.24241652979475264,0.20204480739941563,0.1658029660339154,0.21057803107637368,0.31650632645017296,0.1998153479436166,0.12865479367018498,0.6788652035423054,0.16399471988180894,0.10365326852443922,0.2222349413014821,0.18032872218112858,0.2983520056248083,0.31540000450847516,0.2869891639205392,0.2963485000409147,0.10133122448196577,0.04485339123537656,0.32475038764141473,0.08319082926307071,0.17937659850202103,0.20346340868133952,-0.03807286234630091,0.2817149730489188,0.18827023830332715,0.3926547641674087,0.146416451229044,0.07777851991222252,0.11254159041976002,0.11320503235491343,0.14324829061494976,0.20078920302368852,0.13093420456376623,0.04198661383491913,0.10408416803053304,0.24444459063573346,0.30074166102771344,-0.03962932261319101,-0.25338665251305303
0.08581128721662892,0.1318344190646583,0.15137108096587967,0.32564628968365217,0.5337538626204744,0.48924170154353885,0.23206707274833552,0.23818902136072137,0.1323977907825037,0.2656817845260997,0.23252172598742224,0.2984365650558575,0.20335422313998822,0.2435774098398078,0.21141588371951892,0.27562774884392827,0.288512776546222,0.16399471988180894,0.8448849316327732,0.2541640800513386,0.15841870602553684,0.20983042721543685,0.025836279347083296,0.18982012291913536,0.17176511845989392,0.1755472532727626,0.17490418683453024,0.1623289028851645,0.24639247254919253,0.09384822421614458,0.18636769977634926,0.22778547494936446,0.02835705734893594,0.24841739327503243,0.04161177753446659,0.3065263019681115,0.059828979268265664,0.139407706407844,0.19762703009192933,0.08013555389980959,0.1423800960555457,0.15267765693629123,0.1251069456787444,0.011302362068154215,0.024789286482410196,0.18466417102130875,0.13328420361559296,-0.03264592576628922,-0.016851340318472203
0.1382155216277976,0.4937108724303961,0.2436494144082828,0.20070897911690444,0.1802548773629565,0.32994221729356593,0.21167417497102384,0.18037306600859535,0.08331794304832038,0.18278728263001312,0.3004361650556608,0.35092092279510867,0.12789573172875027,0.24548709493139648,0.2972089430707176,0.2366332582589569,0.49712084357819714,0.10365326852443922,0.2541640800513386,1.6327868660539715,0.18174986248960684,0.12683390731138142,0.3234362670586636,0.16797810448048517,0.12702843359168012,0.31735323058206527,0.48839624069009063,0.040801706772159434,0.7707987322456278,0.51210432824255,0.4401578761983065,0.25933113956234816,-0.14331241365317032,0.5381744817456997,0.2635139929512037,0.41431043176599125,0.3814104795995163,0.759489997370288,0.2784339490295307,0.2851927595147834,0.3997148929529786,0.3080671370038493,0.45239436493212326,0.055590366403364684,0.5456496846435462,0.18022302900577553,0.46635866749112487,0.0827926242921577,0.13032695326978236
0.12605403726378617,0.21833195210474862,0.2166845903315662,0.16315986597654789,0.1471968826466228,0.19973756410034085,0.15112096873435277,0.18521575340050167,0.1866069493579249,0.1694403305660253,0.19024089189165724,0.1858073752717267,0.1478508163762107,0.21181625242871688,0.22280718912462583,0.21290531846413815,0.19226261341219017,0.2222349413014821,0.15841870602553684,0.18174986248960684,0.6077998543407344,0.20867502788634534,0.07915372004478961,0.15380190893015655,0.21488641675767536,0.10534012893531557,0.127897590348548,0.23575000512297972,0.10886833941444711,0.3097916530278397,0.3277173766287739,0.22645203359777788,0.33504741838773633,0.16184506268370455,0.229936976513695,0.4665194790120804,0.49724500184992926,0.15641360198710638,0.4104882607867671,0.2301077093709368,0.2923059422258242,0.4484774021758891,0.24053914599553056,-0.000718303437731836,0.3497374540480319,0.24442010598555153,0.29152208677791547,0.049035200307178436,-0.05746570839861564
0.12821259826281223,0.15979857338426992,0.2457890960860138,0.2527624430691088,0.23883983264637174,0.2498811816033054,0.21515297118848722,0.22388440691588912,0.3584848282472431,0.19954293592436967,0.20864647086765287,0.2331859566013688,0.18323170909897865,0.29421452526786895,0.2179484234181363,0.3873618662959479,0.27768919811475357,0.18032872218112858,0.20983042721543685,0.12683390731138142,0.20867502788634534,0.5556869997324958,0.12806158604966306,0.21617118941263522,0.19866963532584667,0.23580788666274063,0.1883576157918895,0.1436650093720186,0.29909194315997645,0.13332842307300544,0.19948938899419535,0.2991919459851926,0.12930768897073452,0.28534573121209394,0.19571233493761378,0.3584298127356947,0.17663405507323257,0.11564893984100366,0.25723395534902294,0.11582545874898983,0.14009376901681098,0.2061574429313804,0.1437165943703436,0.04398312399189783,-0.04734967033608975,0.22091806411090079,0.1778566990936739,-0.10061587108167441,0.38639778984022294
0.1383504461869867,0.01094539158829205,0.08706760929449216,0.066912247457857,0.061610095203212145,0.10429001032422984,0.06819949858888145,0.09678007648405962,0.05386872626224424,0.14337646554608618,0.07243897060445893,0.14571640204603095,0.02109687283278016,0.09930290410867688,0.06407820565289801,0.04664219555858479,0.19726133585438319,0.2983520056248083,0.025836279347083296,0.3234362670586636,0.07915372004478961,0.12806158604966306,2.651308312451245,0.13928587881193602,0.3909048813959152,-0.028791918295335655,0.3877524678385284,-1.3324745165836838,0.6663938360345671,0.21697989141950316,0.2583495549631605,0.06671622690718873,-0.4147488087883681,0.44221903632293297,-0.018081532384915097,1.2368531116114165,-0.5292231663097857,0.12889411602703266,0.2275169217617602,0.2255647794776068,0.05071901062971629,0.08074772931196597,0.06981057562480895,0.23757957826015894,-0.2015478782597269,0.3702749628156009,0.21544389660619184,-0.05299179161277318,-0.753741272149953
0.03861166519925063,0.12902517517937934,0.17843180181348225,0.2223485729745487,0.23431748875111105,0.23261847183217138,0.17293888339692529,0.22185218962174905,0.20128281020629635,0.24728298627512904,0.23111257177460878,0.22364715209944958,0.17247462489221688,0.24767084613199808,0.26508686883211385,0.24366568306817565,0.26177635032692936,0.31540000450847516,0.18982012291913536,0.16797810448048517,0.15380190893015655,0.21617118941263522,0.13928587881193602,0.8884772488299486,0.26770263866810873,0.12870027398743975,0.15208392939648582,0.1433198735297411,0.3912026382559032,0.24928426892949446,0.07997347443027444,0.21820002707344366,0.12741014259250066,0.11135315763274377,0.21722315011741705,0.38751336554292853,0.20843073995156478,0.10191004426985154,0.2717739067693261,0.08683226745532406,0.07291619773787757,0.15702525822905894,0.0769568823103946,0.035546892949494924,0.08098935081686404,0.18357544863564457,0.22574207740791416,-0.017313410430302874,-0.006719999719666265
0.1486095994779292,0.22310356067981882,0.31378339963899987,0.23712605048509144,0.21014727182527834,0.26426138866567217,0.2133082109242847,0.2718204053359201,0.15329530832328342,0.33505529064954553,0.28010539831610826,0.33401551968297905,0.1733035361607943,0.25609165378510207,0.3013721416402818,0.2711735544092997,0.38686558304576674,0.2869891639205392,0.17176511845989392,0.12702843359168012,0.21488641675767536,0.19866963532584667,0.3909048813959152,0.26770263866810873,1.812356812510166,0.14488645792813065,0.22612241726845053,-0.11035426333106699,0.7532970430060631,0.11817609977230485,0.48799889015350734,0.24942240608532992,-0.0512783023205007,0.6279336111160745,0.26852506597225556,0.5301201643314892,0.1430532113186869,0.11159388430234761,0.3978880398392292,0.14427870560297806,0.029207849638811914,0.19559242737777754,0.136481718003852,0.0018653502547325061,0.07137496013922792,0.36791628605315063,0.3070943903036283,-0.03148537813377968,-0.1081497772058099
0.19312821534284022,0.31254678690223237,0.4831887273385307,0.27624518188733693,0.20537259345459724,0.33556947141645616,0.26363774923076466,0.33144814612288603,0.3230515645010106,0.24387188432597698,0.300508485497648,0.3239610027942964,0.2304976367018011,0.31406897298575964,0.2540292219859286,0.26203604093250854,0.1378844170530713,0.2963485000409147,0.1755472532727626,0.31735323058206527,0.10534012893531557,0.23580788666274063,-0.028791918295335655,0.12870027398743975,0.14488645792813065,1.5199758652918713,0.42927796649237093,0.30323011097558744,0.33469408233866127,-0.2847866248210184,0.250064044520782,0.38566818594523883,-0.20420219586891825,0.33709598386097195,0.23437969214037582,0.3357566298442384,-0.2243218585619755,0.20198553112709391,-0.9013507004173884,-0.057291329503415624,0.29004735693380124,0.22225068843052037,0.24787235240566532,-0.006802726603527543,0.0385268703176497,0.23900287497618833,0.043519811043908875,-0.08499763492414134,-0.5268959500003233
0.18035016438241228,0.5675888462372228,0.49264959556182336,0.20825474584281312,0.1953577925880904,0.26289739416796504,0.2494745180055651,0.25149852945786183,0.16867557688227142,0.4416749234551926,0.30062462117070876,0.3783453525947684,0.20325748609583652,0.13321307835231538,0.21863579010323905,0.22618890316866802,0.45590350867576657,0.10133122448196577,0.17490418683453024,0.48839624069009063,0.127897590348548,0.1883576157918895,0.3877524678385284,0.15208392939648582,0.22612241726845053,0.42927796649237093,1.8471035659367725,0.267196066673685,0.22333456956413442,0.22086993980917632,0.4100841991016259,0.18973415732228296,0.06645206728722379,0.34156318632647686,0.22530922847074894,0.8268540572311618,0.15913924933084353,0.25718224895956826,0.1374784411255744,0.1272673685002102,0.1225626761788842,0.21620400418232424,0.6272455827703491,0.05979151982577234,0.3201029067725399,0.21093716029973097,0.16912329761295128,0.016475646530599068,-0.4283838854938847
0.05363186213204778,0.3307493977178911,0.40210559689123504,0.13369775905930895,0.10046722948964205,0.1585155889731781,0.13194756174989622,0.048163938222019975,0.1570131584143627,0.12601337693880652,0.18387616348818353,0.1290540497195764,0.14751218341888997,0.17377440304272906,0.27117860573515273,0.24042007728924417,0.1823658453703366,0.04485339123537656,0.1623289028851645,0.040801706772159434,0.23575000512297972,0.1436650093720186,-1.3324745165836838,0.1433198735297411,-0.11035426333106699,0.30323011097558744,0.267196066673685,2.450930402407029,-0.5820836942435692,0.009178199527419701,0.4429575134181664,0.23526718503014724,0.44829779489176896,-0.09973562896015238,0.15008132597322973,0.9059590493648982,0.1803901403686347,0.055436166403833864,0.002383238694437481,-0.024854973582685246,0.14344800160250068,0.2655658793528613,0.2943013787601651,0.22346619148735805,0.2172416567487322,0.10985449734828369,-0.18546142291851,0.06260492619315819,-0.6735741253977165
0.06992614975556083,0.2718556987919662,0.17209654401084365,0.2590486124761212,0.2546213861532655,0.3338103417193968,0.22155257052189584,0.2951573344290223,0.21797863423833042,0.31657639932025944,0.3097622359406262,0.33700222804430496,0.20136650986683197,0.2701058691536193,0.32725074786741076,0.3213171896549573,0.34196887996007996,0.32475038764141473,0.24639247254919253,0.7707987322456278,0.10886833941444711,0.29909194315997645,0.6663938360345671,0.3912026382559032,0.7532970430060631,0.33469408233866127,0.22333456956413442,-0.5820836942435692,3.6005454824634295,0.8675786916994299,-0.15747472251323177,0.26925136090548085,-0.6820496699713835,0.9383274336244517,0.3905041058544573,0.3758631285675108,0.23121606802732533,0.25754298521609886,0.24809500936445555,0.17114546931737004,0.1489701921693693,0.13951012174481273,-0.07871115902457361,-0.10717619800696461,0.49944205190216856,0.468733945984509,0.8375373038924869,-0.1049763050618679,0.5146925168115329
-0.005293128440253741,-0.05208417991736326,-0.5454278679082278,-0.09050657421165721,0.061873461710246276,-0.050029841775005045,-0.058440123045149485,0.07187730871549224,0.014093100283177189,0.15014832163356792,0.11032439701160034,0.06803842187910276,0.06991819446921385,0.10315717811217819,0.19327422343735595,0.2015378518904133,0.15738984024304928,0.08319082926307071,0.09384822421614458,0.51210432824255,0.3097916530278397,0.13332842307300544,0.21697989141950316,0.24928426892949446,0.11817609977230485,-0.2847866248210184,0.22086993980917632,0.009178199527419701,0.8675786916994299,2.9785439157482894,-0.01337665246407189,0.053168150486134505,0.18895376433574668,-0.16714906883719458,1.2226635760248776,-0.2028003726465855,1.776152478493897,0.30454980419993405,1.1087603274026439,0.3991274664524721,1.0817598157175417,0.43387311570544157,1.3804128917506255,0.3920214306947157,1.0693305501090484,0.23825823158807058,1.2611161305744143,0.12159812739921869,1.0346646273968096
0.17555146545228256,0.3477128878440005,0.3895463668815952,0.17990435940914873,0.1645296485599487,0.2637856899363148,0.1923471267228041,0.1786146368672638,0.16306132800744907,0.22957397452081174,0.25504738078879857,0.2769814749980614,0.14426054584606812,0.2255831522251926,0.25708008236526253,0.2311096510721843,0.32702113288019435,0.17937659850202103,0.18636769977634926,0.4401578761983065,0.3277173766287739,0.19948938899419535,0.2583495549631605,0.07997347443027444,0.48799889015350734,0.250064044520782,0.4100841991016259,0.4429575134181664,-0.15747472251323177,-0.01337665246407189,1.917507836137465,0.2336202619331767,0.025318062925249928,0.2989854053809536,0.24719695488168505,1.146217044732313,0.01996413340501103,0.3075007056060088,0.22021748702804458,0.23035786837416175,0.21111989525518007,0.3306548582644185,0.21985959589838155,0.004773576571035513,0.24339765704805189,0.36660735034402275,0.08884509732799455,-0.028498697470743888,-0.9694231347164624
0.1516534087425524,0.22112328352311306,0.3006805902943987,0.3021569193196796,0.2434887809978291,0.3291372421126689,0.20681649040159333,0.24180568264208205,0.19940450595472847,0.24410158212249544,0.25518956982877544,0.3142890481005089,0.1975111315267169,0.42733455467108794,0.23828118616521798,0.3772326329395233,0.2794918260417497,0.20346340868133952,0.22778547494936446,0.25933113956234816,0.22645203359777788,0.2991919459851926,0.06671622690718873,0.21820002707344366,0.24942240608532992,0.38566818594523883,0.18973415732228296,0.23526718503014724,0.26925136090548085,0.053168150486134505,0.2336202619331767,0.6890684296667272,0.1711891866603125,0.259756393938453,0.14566658511584346,0.46284516137297976,0.02492592239056867,0.17293635825005954,0.060356906090917116,0.07667848699857104,0.14271374399056241,0.23440016437031616,0.08481047445893382,0.010211315431751107,-0.050834570333169134,0.20947498129646422,0.15448202889728258,-0.02193375870251191,0.029253118129640036
0.08677619474426536,0.03316746717290354,0.0005799719784710419,0.030633646141384363,0.05285759107923479,-0.046880110770475956,0.03940078563970338,-0.00808133373824898,0.10596857082400579,-0.02426590540998916,0.013408842970485915,0.027889223641555227,0.05861574214682324,0.07584106530771263,0.02655436496478884,0.09410517756892862,0.14261908080747188,-0.03807286234630091,0.02835705734893594,-0.14331241365317032,0.33504741838773633,0.12930768897073452,-0.4147488087883681,0.12741014259250066,-0.0512783023205007,-0.20420219586891825,0.06645206728722379,0.44829779489176896,-0.6820496699713835,0.18895376433574668,0.025318062925249928,0.1711891866603125,3.365120731585384,-0.5484747504088597,0.005083358909302979,-0.06747565083962634,1.1107585704736913,0.06158038372614929,0.3192515172811471,-0.05892260156467897,-0.1058169608923104,0.3076999537175846,0.19456013501225777,0.013235529751072603,-0.6318762129401883,0.09780287647122167,0.15711265409636493,0.464298507841284,1.1144798677587866
-0.0009817738837373132,0.34540940406058546,0.4585882443673998,0.30570792336600844,0.23755908798649752,0.38615554439484007,0.28015438785441277,0.34328139880185643,0.24931714282549597,0.38508778336060334,0.3140625346692239,0.3492237380825933,0.1976626966539743,0.25137273116192976,0.318307834361851,0.2809304134714205,0.4046826503403564,0.2817149730489188,0.24841739327503243,0.5381744817456997,0.16184506268370455,0.28534573121209394,0.44221903632293297,0.11135315763274377,0.6279336111160745,0.33709598386097195,0.34156318632647686,-0.09973562896015238,0.9383274336244517,-0.16714906883719458,0.2989854053809536,0.259756393938453,-0.5484747504088597,2.073702852258992,0.36287663317331453,0.3148888219646176,0.10974348643506367,0.20924244991256202,0.19480082114131714,0.09204283998292541,0.0026450324660089405,0.25128548146726487,0.5752276526256979,0.1526481059332385,-0.025974413476973577,0.3551884227990054,0.4396898876217506,-0.01691988960043627,0.5191192648020833
0.08018977954098064,0.16404275419244052,0.06747746971653083,-0.16297398752665532,-0.1262477076354985,0.12139077357314801,0.043239043374107396,0.27185787838288805,0.11371694400933573,0.2516585945053399,0.24340352249270003,0.2250437145445292,0.15017927629966646,0.20366075377163378,0.22352354085573584,0.3018743662844139,0.23061742449173533,0.18827023830332715,0.04161177753446659,0.2635139929512037,0.229936976513695,0.19571233493761378,-0.018081532384915097,0.21722315011741705,0.26852506597225556,0.23437969214037582,0.22530922847074894,0.15008132597322973,0.3905041058544573,1.2226635760248776,0.24719695488168505,0.14566658511584346,0.005083358909302979,0.36287663317331453,2.775889368467878,0.04472206751152236,1.067586292375275,0.10721215971221984,0.5097090221092118,0.45313152388558614,-0.032965447960684215,0.384738734409839,0.5183225501465054,0.1794723741426359,0.820340245494991,0.32388224672197746,0.653375097001895,0.03025572395511004,-0.2170676505390486
0.28765721419825535,0.5100776156453185,0.7685563262239494,0.3379480327311735,0.2693470551973428,0.4192107832085703,0.31975710620153897,0.24264771433280702,0.2642146435124245,0.4041472878878992,0.36346577592331536,0.45754124767568227,0.24103314480055485,0.39869262107419384,0.41107241258852867,0.41099391855203593,0.522905600629313,0.3926547641674087,0.3065263019681115,0.41431043176599125,0.4665194790120804,0.3584298127356947,1.2368531116114165,0.38751336554292853,0.5301201643314892,0.3357566298442384,0.8268540572311618,0.9059590493648982,0.3758631285675108,-0.2028003726465855,1.146217044732313,0.46284516137297976,-0.06747565083962634,0.3148888219646176,0.04472206751152236,4.155915280637279,-1.033869559207796,0.20809204131723416,0.22554974360052002,0.45286504707407305,0.3316011597723149,0.5000468121866503,-0.28015873958981824,-0.33969766667758144,-0.19079327198285753,0.9339229515425014,-0.37010000344545807,-0.057707743747597455,-2.49285576792772
0.059448012719124074,0.18356865368579695,-0.01464479215182592,-0.02922256834777501,0.06643865771282895,0.01271849431692082,0.04417996350937536,0.19710858281910637,0.15335892909566282,0.2244231719522117,0.1577148935504703,0.07524654756495361,0.1196160512946957,0.09772327140878088,0.22688358438708375,0.18555377140312002,0.22049549781760713,0.146416451229044,0.059828979268265664,0.3814104795995163,0.49724500184992926,0.17663405507323257,-0.5292231663097857,0.20843073995156478,0.1430532113186869,-0.2243218585619755,0.15913924933084353,0.1803901403686347,0.23121606802732533,1.776152478493897,0.01996413340501103,0.02492592239056867,1.1107585704736913,0.10974348643506367,1.067586292375275,-1.033869559207796,5.484032996897235,0.33153912030229354,1.1073087029024642,0.30755798425681724,0.685328917910617,0.6083523822695652,1.5166373924456988,0.15353805867579698,2.3421118204792224,0.7547920322212841,1.4491895313395937,0.20737013127057113,1.0742450698935
0.10236106232716385,0.2679079884362856,0.18256555320530668,0.12119563975180486,0.1029265839059929,0.18900191493061963,0.12326502964822432,0.0974934871249882,0.07636804398678104,0.0973139116828078,0.15803367927699702,0.18735743819354617,0.07792611225125333,0.1581254458352087,0.1602226413700555,0.15589726776944834,0.2596829037120461,0.07777851991222252,0.139407706407844,0.759489997370288,0.15641360198710638,0.11564893984100366,0.12889411602703266,0.10191004426985154,0.11159388430234761,0.20198553112709391,0.25718224895956826,0.055436166403833864,0.25754298521609886,0.30454980419993405,0.3075007056060088,0.17293635825005954,0.06158038372614929,0.20924244991256202,0.10721215971221984,0.20809204131723416,0.33153912030229354,0.9682299439837183,0.11901617152161761,0.15101124399997642,0.315702345041472,0.21742739146802517,0.24497722725633414,0.03918332406686101,0.46616124864055253,0.01870170170595241,0.3221496232974987,0.10070421163067458,0.044346646530576406
0.047858512254937646,0.08820854031697452,-0.08170632101500362,0.16668207218120543,0.22873121828533233,0.1616725034439159,0.17565928194207653,0.27057489340766744,0.1594514520496118,0.2995557941061279,0.27459122422485666,0.28184154755296675,0.1542810227763179,0.14670015529550243,0.2702833076888787,0.2511757961291643,0.5000963750602527,0.11254159041976002,0.19762703009192933,0.2784339490295307,0.4104882607867671,0.25723395534902294,0.2275169217617602,0.2717739067693261,0.3978880398392292,-0.9013507004173884,0.1374784411255744,0.002383238694437481,0.24809500936445555,1.1087603274026439,0.22021748702804458,0.060356906090917116,0.3192515172811471,0.19480082114131714,0.5097090221092118,0.22554974360052002,1.1073087029024642,0.11901617152161761,2.3083370328685704,0.5223928342232089,0.19416745175319783,0.2848179762359683,0.42105652846275443,0.18555329031619597,0.5654728474003867,0.10863584398816274,0.614305137876359,0.0964439663106923,1.1758785592671646
0.005801086221310876,0.0023826458784139202,-0.2526758895334405,0.06217892959849128,0.11068400710797617,0.07370931806226824,0.05947577510934423,0.11335152518343829,0.06332349759435539,0.12636586052842572,0.1290256377300651,0.14262162772935252,0.07785647960964537,0.10266152668359847,0.12785225424878033,0.1526830046524048,0.18244374232269944,0.11320503235491343,0.08013555389980959,0.2851927595147834,0.2301077093709368,0.11582545874898983,0.2255647794776068,0.08683226745532406,0.14427870560297806,-0.057291329503415624,0.1272673685002102,-0.024854973582685246,0.17114546931737004,0.3991274664524721,0.23035786837416175,0.07667848699857104,-0.05892260156467897,0.09204283998292541,0.45313152388558614,0.45286504707407305,0.30755798425681724,0.15101124399997642,0.5223928342232089,1.305952661280568,0.02892723525085595,0.24996237871033353,0.4493511519307061,-0.17148794441399484,0.7005964198432892,0.28101572207718617,0.26335421173619383,0.06740893923986449,0.025996372777088526
0.095201327742526,0.09644588087001622,-0.05343896120576948,0.11074467970974655,0.15698503659842744,0.0746350340110944,0.06096855859042336,0.11032197492554988,0.10529880451845736,0.1660899913098478,0.12056436326370495,0.09614160949570272,0.09805580125023262,0.1625655876606226,0.18216129444862694,0.15913915759815722,0.08965131420997596,0.14324829061494976,0.1423800960555457,0.3997148929529786,0.2923059422258242,0.14009376901681098,0.05071901062971629,0.07291619773787757,0.029207849638811914,0.29004735693380124,0.1225626761788842,0.14344800160250068,0.1489701921693693,1.0817598157175417,0.21111989525518007,0.14271374399056241,-0.1058169608923104,0.0026450324660089405,-0.032965447960684215,0.3316011597723149,0.685328917910617,0.315702345041472,0.19416745175319783,0.02892723525085595,3.316441889689456,0.3151316425857385,-0.2468010310458672,-0.07653909897864478,-0.5042927874271362,0.590473790954996,0.6607595768297851,0.02241690689566869,1.789832692713915
