uidp,mean_km,dist_mode,dist_mean,norm_mean,norm_sd,pk_am,inverse_income_with_pred,a,be,bl,sig,mu,idx,ha
L0304092654,5.5344324,5.193,5.1929998,0.0,1.0,10.0,1.3592167,637.5197700255394,868.7937155168376,591.6301445075032,5.52025684470716,29.334414494419356,1,11.166666666666666
L0304092654,5.5344324,5.193,5.1929998,0.0,1.0,10.0,1.3592167,637.5197700255394,868.7937155168376,591.6301445075032,5.52025684470716,29.334414494419356,1,10.083333333333334
L0304092654,5.5344324,5.193,5.1929998,0.0,1.0,10.0,1.3592167,637.5197700255394,868.7937155168376,591.6301445075032,5.52025684470716,29.334414494419356,1,11.0
L0304092654,5.5344324,5.193,5.1929998,0.0,1.0,10.0,1.3592167,637.5197700255394,868.7937155168376,591.6301445075032,5.52025684470716,29.334414494419356,1,10.75
L0304092654,5.5344324,5.193,5.1929998,0.0,1.0,10.0,1.3592167,637.5197700255394,868.7937155168376,591.6301445075032,5.52025684470716,29.334414494419356,1,10.333333333333334
L0304092654,5.5344324,5.193,5.1929998,0.0,1.0,10.0,1.3592167,637.5197700255394,868.7937155168376,591.6301445075032,5.52025684470716,29.334414494419356,1,10.0
L0304092654,5.5344324,5.193,5.1929998,0.0,1.0,10.0,1.3592167,637.5197700255394,868.7937155168376,591.6301445075032,5.52025684470716,29.334414494419356,1,9.583333333333334
L0304092654,5.5344324,5.193,5.1929998,0.0,1.0,10.0,1.3592167,637.5197700255394,868.7937155168376,591.6301445075032,5.52025684470716,29.334414494419356,1,11.333333333333334
L0304092654,5.5344324,5.193,5.1929998,0.0,1.0,10.0,1.3592167,637.5197700255394,868.7937155168376,591.6301445075032,5.52025684470716,29.334414494419356,1,11.083333333333334
L0304092654,5.5344324,5.193,5.1929998,0.0,1.0,10.0,1.3592167,637.5197700255394,868.7937155168376,591.6301445075032,5.52025684470716,29.334414494419356,1,10.25
L0511145829_E8A0,7.4819708,8.338,8.3971109,0.43563476,0.88489974,10.5,0.61782604,637.5197700255394,868.7937155168376,591.6301445075032,7.462806939443168,39.65704462888415,2,10.333333333333334
L0511145829_E8A0,7.4819708,8.338,8.3971109,0.43563476,0.88489974,10.5,0.61782604,637.5197700255394,868.7937155168376,591.6301445075032,7.462806939443168,39.65704462888415,2,10.583333333333334
L0511145829_E8A0,7.4819708,8.338,8.3971109,0.43563476,0.88489974,10.5,0.61782604,637.5197700255394,868.7937155168376,591.6301445075032,7.462806939443168,39.65704462888415,2,10.25
L0511145829_E8A0,7.4819708,8.338,8.3971109,0.43563476,0.88489974,10.5,0.61782604,637.5197700255394,868.7937155168376,591.6301445075032,7.462806939443168,39.65704462888415,2,11.833333333333334
L0511145829_E8A0,7.4819708,8.338,8.3971109,0.43563476,0.88489974,10.5,0.61782604,637.5197700255394,868.7937155168376,591.6301445075032,7.462806939443168,39.65704462888415,2,13.0
L0511145829_E8A0,7.4819708,8.338,8.3971109,0.43563476,0.88489974,10.5,0.61782604,637.5197700255394,868.7937155168376,591.6301445075032,7.462806939443168,39.65704462888415,2,8.75
L0511145829_E8A0,7.4819708,8.338,8.3971109,0.43563476,0.88489974,10.5,0.61782604,637.5197700255394,868.7937155168376,591.6301445075032,7.462806939443168,39.65704462888415,2,11.583333333333334
L0511145829_E8A0,7.4819708,8.338,8.3971109,0.43563476,0.88489974,10.5,0.61782604,637.5197700255394,868.7937155168376,591.6301445075032,7.462806939443168,39.65704462888415,2,10.583333333333334
L0511145829_E8A0,7.4819708,8.338,8.3971109,0.43563476,0.88489974,10.5,0.61782604,637.5197700255394,868.7937155168376,591.6301445075032,7.462806939443168,39.65704462888415,2,10.583333333333334
L0511145829_E8A0,7.4819708,8.338,8.3971109,0.43563476,0.88489974,10.5,0.61782604,637.5197700255394,868.7937155168376,591.6301445075032,7.462806939443168,39.65704462888415,2,11.583333333333334
L0419150021,11.632421,13.403,13.403,-1.0518332,0.10861079,10.5,3.3980434,637.5197700255394,868.7937155168376,591.6301445075032,11.602626431170306,61.65587263972872,3,10.25
L0419150021,11.632421,13.403,13.403,-1.0518332,0.10861079,10.5,3.3980434,637.5197700255394,868.7937155168376,591.6301445075032,11.602626431170306,61.65587263972872,3,10.333333333333334
L0419150021,11.632421,13.403,13.403,-1.0518332,0.10861079,10.5,3.3980434,637.5197700255394,868.7937155168376,591.6301445075032,11.602626431170306,61.65587263972872,3,10.25
L0419150021,11.632421,13.403,13.403,-1.0518332,0.10861079,10.5,3.3980434,637.5197700255394,868.7937155168376,591.6301445075032,11.602626431170306,61.65587263972872,3,10.416666666666666
L0419150021,11.632421,13.403,13.403,-1.0518332,0.10861079,10.5,3.3980434,637.5197700255394,868.7937155168376,591.6301445075032,11.602626431170306,61.65587263972872,3,10.333333333333334
L0419150021,11.632421,13.403,13.403,-1.0518332,0.10861079,10.5,3.3980434,637.5197700255394,868.7937155168376,591.6301445075032,11.602626431170306,61.65587263972872,3,10.25
L0419150021,11.632421,13.403,13.403,-1.0518332,0.10861079,10.5,3.3980434,637.5197700255394,868.7937155168376,591.6301445075032,11.602626431170306,61.65587263972872,3,10.333333333333334
L0419150021,11.632421,13.403,13.403,-1.0518332,0.10861079,10.5,3.3980434,637.5197700255394,868.7937155168376,591.6301445075032,11.602626431170306,61.65587263972872,3,10.25
L0419150021,11.632421,13.403,13.403,-1.0518332,0.10861079,10.5,3.3980434,637.5197700255394,868.7937155168376,591.6301445075032,11.602626431170306,61.65587263972872,3,10.25
L0419150021,11.632421,13.403,13.403,-1.0518332,0.10861079,10.5,3.3980434,637.5197700255394,868.7937155168376,591.6301445075032,11.602626431170306,61.65587263972872,3,10.25
L0427115643_8306,10.636723,10.054,10.280916,0.0,1.0,10.0,0.97086877,637.5197700255394,868.7937155168376,591.6301445075032,10.609478750884024,56.37832731398503,4,11.166666666666666
L0427115643_8306,10.636723,10.054,10.280916,0.0,1.0,10.0,0.97086877,637.5197700255394,868.7937155168376,591.6301445075032,10.609478750884024,56.37832731398503,4,8.833333333333334
L0427115643_8306,10.636723,10.054,10.280916,0.0,1.0,10.0,0.97086877,637.5197700255394,868.7937155168376,591.6301445075032,10.609478750884024,56.37832731398503,4,11.083333333333334
L0427115643_8306,10.636723,10.054,10.280916,0.0,1.0,10.0,0.97086877,637.5197700255394,868.7937155168376,591.6301445075032,10.609478750884024,56.37832731398503,4,11.083333333333334
L0427115643_8306,10.636723,10.054,10.280916,0.0,1.0,10.0,0.97086877,637.5197700255394,868.7937155168376,591.6301445075032,10.609478750884024,56.37832731398503,4,9.833333333333334
L0427115643_8306,10.636723,10.054,10.280916,0.0,1.0,10.0,0.97086877,637.5197700255394,868.7937155168376,591.6301445075032,10.609478750884024,56.37832731398503,4,12.916666666666666
L0427115643_8306,10.636723,10.054,10.280916,0.0,1.0,10.0,0.97086877,637.5197700255394,868.7937155168376,591.6301445075032,10.609478750884024,56.37832731398503,4,10.916666666666666
L0427115643_8306,10.636723,10.054,10.280916,0.0,1.0,10.0,0.97086877,637.5197700255394,868.7937155168376,591.6301445075032,10.609478750884024,56.37832731398503,4,9.833333333333334
L0427115643_8306,10.636723,10.054,10.280916,0.0,1.0,10.0,0.97086877,637.5197700255394,868.7937155168376,591.6301445075032,10.609478750884024,56.37832731398503,4,8.916666666666666
L0427115643_8306,10.636723,10.054,10.280916,0.0,1.0,10.0,0.97086877,637.5197700255394,868.7937155168376,591.6301445075032,10.609478750884024,56.37832731398503,4,10.916666666666666
L0420093133,11.624096,11.509,11.509,-0.94451404,0.17839992,10.0,0.97086877,637.5197700255394,868.7937155168376,591.6301445075032,11.594322754314087,61.61174724745434,5,9.666666666666666
L0420093133,11.624096,11.509,11.509,-0.94451404,0.17839992,10.0,0.97086877,637.5197700255394,868.7937155168376,591.6301445075032,11.594322754314087,61.61174724745434,5,9.833333333333334
L0420093133,11.624096,11.509,11.509,-0.94451404,0.17839992,10.0,0.97086877,637.5197700255394,868.7937155168376,591.6301445075032,11.594322754314087,61.61174724745434,5,9.916666666666666
L0420093133,11.624096,11.509,11.509,-0.94451404,0.17839992,10.0,0.97086877,637.5197700255394,868.7937155168376,591.6301445075032,11.594322754314087,61.61174724745434,5,9.833333333333334
L0420093133,11.624096,11.509,11.509,-0.94451404,0.17839992,10.0,0.97086877,637.5197700255394,868.7937155168376,591.6301445075032,11.594322754314087,61.61174724745434,5,10.166666666666666
L0420093133,11.624096,11.509,11.509,-0.94451404,0.17839992,10.0,0.97086877,637.5197700255394,868.7937155168376,591.6301445075032,11.594322754314087,61.61174724745434,5,9.833333333333334
L0420093133,11.624096,11.509,11.509,-0.94451404,0.17839992,10.0,0.97086877,637.5197700255394,868.7937155168376,591.6301445075032,11.594322754314087,61.61174724745434,5,10.083333333333334
L0420093133,11.624096,11.509,11.509,-0.94451404,0.17839992,10.0,0.97086877,637.5197700255394,868.7937155168376,591.6301445075032,11.594322754314087,61.61174724745434,5,9.833333333333334
L0420093133,11.624096,11.509,11.509,-0.94451404,0.17839992,10.0,0.97086877,637.5197700255394,868.7937155168376,591.6301445075032,11.594322754314087,61.61174724745434,5,9.75
L0420093133,11.624096,11.509,11.509,-0.94451404,0.17839992,10.0,0.97086877,637.5197700255394,868.7937155168376,591.6301445075032,11.594322754314087,61.61174724745434,5,9.583333333333334
L0328133114,2.5862164,3.963,3.9721668,0.0,1.0,9.5,2.673032,637.5197700255394,868.7937155168376,591.6301445075032,2.5795922241265266,13.707845424196536,6,8.333333333333334
L0328133114,2.5862164,3.963,3.9721668,0.0,1.0,9.5,2.673032,637.5197700255394,868.7937155168376,591.6301445075032,2.5795922241265266,13.707845424196536,6,10.25
L0328133114,2.5862164,3.963,3.9721668,0.0,1.0,9.5,2.673032,637.5197700255394,868.7937155168376,591.6301445075032,2.5795922241265266,13.707845424196536,6,10.166666666666666
L0328133114,2.5862164,3.963,3.9721668,0.0,1.0,9.5,2.673032,637.5197700255394,868.7937155168376,591.6301445075032,2.5795922241265266,13.707845424196536,6,10.083333333333334
L0328133114,2.5862164,3.963,3.9721668,0.0,1.0,9.5,2.673032,637.5197700255394,868.7937155168376,591.6301445075032,2.5795922241265266,13.707845424196536,6,8.916666666666666
L0328133114,2.5862164,3.963,3.9721668,0.0,1.0,9.5,2.673032,637.5197700255394,868.7937155168376,591.6301445075032,2.5795922241265266,13.707845424196536,6,8.916666666666666
L0328133114,2.5862164,3.963,3.9721668,0.0,1.0,9.5,2.673032,637.5197700255394,868.7937155168376,591.6301445075032,2.5795922241265266,13.707845424196536,6,10.333333333333334
L0328133114,2.5862164,3.963,3.9721668,0.0,1.0,9.5,2.673032,637.5197700255394,868.7937155168376,591.6301445075032,2.5795922241265266,13.707845424196536,6,12.916666666666666
L0328133114,2.5862164,3.963,3.9721668,0.0,1.0,9.5,2.673032,637.5197700255394,868.7937155168376,591.6301445075032,2.5795922241265266,13.707845424196536,6,9.75
L0328133114,2.5862164,3.963,3.9721668,0.0,1.0,9.5,2.673032,637.5197700255394,868.7937155168376,591.6301445075032,2.5795922241265266,13.707845424196536,6,11.0
L0506102509_FB89,11.012214,8.283,8.283,0.0,1.0,10.0,1.3592167,637.5197700255394,868.7937155168376,591.6301445075032,10.984007991294648,58.36856006719818,7,9.5
L0506102509_FB89,11.012214,8.283,8.283,0.0,1.0,10.0,1.3592167,637.5197700255394,868.7937155168376,591.6301445075032,10.984007991294648,58.36856006719818,7,11.416666666666666
L0506102509_FB89,11.012214,8.283,8.283,0.0,1.0,10.0,1.3592167,637.5197700255394,868.7937155168376,591.6301445075032,10.984007991294648,58.36856006719818,7,10.833333333333334
L0506102509_FB89,11.012214,8.283,8.283,0.0,1.0,10.0,1.3592167,637.5197700255394,868.7937155168376,591.6301445075032,10.984007991294648,58.36856006719818,7,10.5
L0506102509_FB89,11.012214,8.283,8.283,0.0,1.0,10.0,1.3592167,637.5197700255394,868.7937155168376,591.6301445075032,10.984007991294648,58.36856006719818,7,9.916666666666666
L0506102509_FB89,11.012214,8.283,8.283,0.0,1.0,10.0,1.3592167,637.5197700255394,868.7937155168376,591.6301445075032,10.984007991294648,58.36856006719818,7,9.25
L0506102509_FB89,11.012214,8.283,8.283,0.0,1.0,10.0,1.3592167,637.5197700255394,868.7937155168376,591.6301445075032,10.984007991294648,58.36856006719818,7,11.166666666666666
L0506102509_FB89,11.012214,8.283,8.283,0.0,1.0,10.0,1.3592167,637.5197700255394,868.7937155168376,591.6301445075032,10.984007991294648,58.36856006719818,7,9.666666666666666
L0506102509_FB89,11.012214,8.283,8.283,0.0,1.0,10.0,1.3592167,637.5197700255394,868.7937155168376,591.6301445075032,10.984007991294648,58.36856006719818,7,9.5
L0506102509_FB89,11.012214,8.283,8.283,0.0,1.0,10.0,1.3592167,637.5197700255394,868.7937155168376,591.6301445075032,10.984007991294648,58.36856006719818,7,10.166666666666666
L0202100848,8.1592512,6.802,6.802,-0.87010795,0.62576079,10.5,0.37756038,637.5197700255394,868.7937155168376,591.6301445075032,8.138352595016809,43.24686604987506,8,9.666666666666666
L0202100848,8.1592512,6.802,6.802,-0.87010795,0.62576079,10.5,0.37756038,637.5197700255394,868.7937155168376,591.6301445075032,8.138352595016809,43.24686604987506,8,9.166666666666666
L0202100848,8.1592512,6.802,6.802,-0.87010795,0.62576079,10.5,0.37756038,637.5197700255394,868.7937155168376,591.6301445075032,8.138352595016809,43.24686604987506,8,9.583333333333334
L0202100848,8.1592512,6.802,6.802,-0.87010795,0.62576079,10.5,0.37756038,637.5197700255394,868.7937155168376,591.6301445075032,8.138352595016809,43.24686604987506,8,8.916666666666666
L0202100848,8.1592512,6.802,6.802,-0.87010795,0.62576079,10.5,0.37756038,637.5197700255394,868.7937155168376,591.6301445075032,8.138352595016809,43.24686604987506,8,9.75
L0202100848,8.1592512,6.802,6.802,-0.87010795,0.62576079,10.5,0.37756038,637.5197700255394,868.7937155168376,591.6301445075032,8.138352595016809,43.24686604987506,8,10.833333333333334
L0202100848,8.1592512,6.802,6.802,-0.87010795,0.62576079,10.5,0.37756038,637.5197700255394,868.7937155168376,591.6301445075032,8.138352595016809,43.24686604987506,8,10.5
L0202100848,8.1592512,6.802,6.802,-0.87010795,0.62576079,10.5,0.37756038,637.5197700255394,868.7937155168376,591.6301445075032,8.138352595016809,43.24686604987506,8,9.833333333333334
L0202100848,8.1592512,6.802,6.802,-0.87010795,0.62576079,10.5,0.37756038,637.5197700255394,868.7937155168376,591.6301445075032,8.138352595016809,43.24686604987506,8,9.75
L0202100848,8.1592512,6.802,6.802,-0.87010795,0.62576079,10.5,0.37756038,637.5197700255394,868.7937155168376,591.6301445075032,8.138352595016809,43.24686604987506,8,10.583333333333334
L0222094327,15.364108,14.533,14.533,-0.94348282,0.59620517,10.5,0.48543462,637.5197700255394,868.7937155168376,591.6301445075032,15.324755317242655,81.43511020371743,9,10.416666666666666
L0222094327,15.364108,14.533,14.533,-0.94348282,0.59620517,10.5,0.48543462,637.5197700255394,868.7937155168376,591.6301445075032,15.324755317242655,81.43511020371743,9,10.25
L0222094327,15.364108,14.533,14.533,-0.94348282,0.59620517,10.5,0.48543462,637.5197700255394,868.7937155168376,591.6301445075032,15.324755317242655,81.43511020371743,9,11.083333333333334
L0222094327,15.364108,14.533,14.533,-0.94348282,0.59620517,10.5,0.48543462,637.5197700255394,868.7937155168376,591.6301445075032,15.324755317242655,81.43511020371743,9,10.75
L0222094327,15.364108,14.533,14.533,-0.94348282,0.59620517,10.5,0.48543462,637.5197700255394,868.7937155168376,591.6301445075032,15.324755317242655,81.43511020371743,9,11.583333333333334
L0222094327,15.364108,14.533,14.533,-0.94348282,0.59620517,10.5,0.48543462,637.5197700255394,868.7937155168376,591.6301445075032,15.324755317242655,81.43511020371743,9,10.083333333333334
L0222094327,15.364108,14.533,14.533,-0.94348282,0.59620517,10.5,0.48543462,637.5197700255394,868.7937155168376,591.6301445075032,15.324755317242655,81.43511020371743,9,10.0
L0222094327,15.364108,14.533,14.533,-0.94348282,0.59620517,10.5,0.48543462,637.5197700255394,868.7937155168376,591.6301445075032,15.324755317242655,81.43511020371743,9,11.0
L0222094327,15.364108,14.533,14.533,-0.94348282,0.59620517,10.5,0.48543462,637.5197700255394,868.7937155168376,591.6301445075032,15.324755317242655,81.43511020371743,9,10.416666666666666
L0222094327,15.364108,14.533,14.533,-0.94348282,0.59620517,10.5,0.48543462,637.5197700255394,868.7937155168376,591.6301445075032,15.324755317242655,81.43511020371743,9,10.75
L0412154527,9.9458389,9.988,9.8810558,-0.51401711,0.36172932,10.5,0.97086877,637.5197700255394,868.7937155168376,591.6301445075032,9.920364238992192,52.716401556791965,10,10.833333333333334
L0412154527,9.9458389,9.988,9.8810558,-0.51401711,0.36172932,10.5,0.97086877,637.5197700255394,868.7937155168376,591.6301445075032,9.920364238992192,52.716401556791965,10,10.666666666666666
L0412154527,9.9458389,9.988,9.8810558,-0.51401711,0.36172932,10.5,0.97086877,637.5197700255394,868.7937155168376,591.6301445075032,9.920364238992192,52.716401556791965,10,10.333333333333334
L0412154527,9.9458389,9.988,9.8810558,-0.51401711,0.36172932,10.5,0.97086877,637.5197700255394,868.7937155168376,591.6301445075032,9.920364238992192,52.716401556791965,10,10.0
L0412154527,9.9458389,9.988,9.8810558,-0.51401711,0.36172932,10.5,0.97086877,637.5197700255394,868.7937155168376,591.6301445075032,9.920364238992192,52.716401556791965,10,11.333333333333334
L0412154527,9.9458389,9.988,9.8810558,-0.51401711,0.36172932,10.5,0.97086877,637.5197700255394,868.7937155168376,591.6301445075032,9.920364238992192,52.716401556791965,10,10.916666666666666
L0412154527,9.9458389,9.988,9.8810558,-0.51401711,0.36172932,10.5,0.97086877,637.5197700255394,868.7937155168376,591.6301445075032,9.920364238992192,52.716401556791965,10,10.416666666666666
L0412154527,9.9458389,9.988,9.8810558,-0.51401711,0.36172932,10.5,0.97086877,637.5197700255394,868.7937155168376,591.6301445075032,9.920364238992192,52.716401556791965,10,10.333333333333334
L0412154527,9.9458389,9.988,9.8810558,-0.51401711,0.36172932,10.5,0.97086877,637.5197700255394,868.7937155168376,591.6301445075032,9.920364238992192,52.716401556791965,10,10.833333333333334
L0412154527,9.9458389,9.988,9.8810558,-0.51401711,0.36172932,10.5,0.97086877,637.5197700255394,868.7937155168376,591.6301445075032,9.920364238992192,52.716401556791965,10,10.583333333333334
L0418103152,10.741371,11.17,11.386833,0.24615955,0.63048726,9.5,0.37003988,637.5197700255394,868.7937155168376,591.6301445075032,10.713858711923013,56.9329980708294,11,10.333333333333334
L0418103152,10.741371,11.17,11.386833,0.24615955,0.63048726,9.5,0.37003988,637.5197700255394,868.7937155168376,591.6301445075032,10.713858711923013,56.9329980708294,11,9.166666666666666
L0418103152,10.741371,11.17,11.386833,0.24615955,0.63048726,9.5,0.37003988,637.5197700255394,868.7937155168376,591.6301445075032,10.713858711923013,56.9329980708294,11,11.416666666666666
L0418103152,10.741371,11.17,11.386833,0.24615955,0.63048726,9.5,0.37003988,637.5197700255394,868.7937155168376,591.6301445075032,10.713858711923013,56.9329980708294,11,10.916666666666666
L0418103152,10.741371,11.17,11.386833,0.24615955,0.63048726,9.5,0.37003988,637.5197700255394,868.7937155168376,591.6301445075032,10.713858711923013,56.9329980708294,11,11.333333333333334
L0418103152,10.741371,11.17,11.386833,0.24615955,0.63048726,9.5,0.37003988,637.5197700255394,868.7937155168376,591.6301445075032,10.713858711923013,56.9329980708294,11,10.916666666666666
L0418103152,10.741371,11.17,11.386833,0.24615955,0.63048726,9.5,0.37003988,637.5197700255394,868.7937155168376,591.6301445075032,10.713858711923013,56.9329980708294,11,10.583333333333334
L0418103152,10.741371,11.17,11.386833,0.24615955,0.63048726,9.5,0.37003988,637.5197700255394,868.7937155168376,591.6301445075032,10.713858711923013,56.9329980708294,11,10.666666666666666
L0418103152,10.741371,11.17,11.386833,0.24615955,0.63048726,9.5,0.37003988,637.5197700255394,868.7937155168376,591.6301445075032,10.713858711923013,56.9329980708294,11,10.333333333333334
L0418103152,10.741371,11.17,11.386833,0.24615955,0.63048726,9.5,0.37003988,637.5197700255394,868.7937155168376,591.6301445075032,10.713858711923013,56.9329980708294,11,10.0
L0506094845_4488,9.3882208,8.082,8.0819998,0.0,1.0,10.0,1.3592167,637.5197700255394,868.7937155168376,591.6301445075032,9.364174387751511,49.76083189891872,12,10.583333333333334
L0506094845_4488,9.3882208,8.082,8.0819998,0.0,1.0,10.0,1.3592167,637.5197700255394,868.7937155168376,591.6301445075032,9.364174387751511,49.76083189891872,12,9.75
L0506094845_4488,9.3882208,8.082,8.0819998,0.0,1.0,10.0,1.3592167,637.5197700255394,868.7937155168376,591.6301445075032,9.364174387751511,49.76083189891872,12,10.5
L0506094845_4488,9.3882208,8.082,8.0819998,0.0,1.0,10.0,1.3592167,637.5197700255394,868.7937155168376,591.6301445075032,9.364174387751511,49.76083189891872,12,10.25
L0506094845_4488,9.3882208,8.082,8.0819998,0.0,1.0,10.0,1.3592167,637.5197700255394,868.7937155168376,591.6301445075032,9.364174387751511,49.76083189891872,12,10.833333333333334
L0506094845_4488,9.3882208,8.082,8.0819998,0.0,1.0,10.0,1.3592167,637.5197700255394,868.7937155168376,591.6301445075032,9.364174387751511,49.76083189891872,12,10.75
L0506094845_4488,9.3882208,8.082,8.0819998,0.0,1.0,10.0,1.3592167,637.5197700255394,868.7937155168376,591.6301445075032,9.364174387751511,49.76083189891872,12,11.333333333333334
L0506094845_4488,9.3882208,8.082,8.0819998,0.0,1.0,10.0,1.3592167,637.5197700255394,868.7937155168376,591.6301445075032,9.364174387751511,49.76083189891872,12,9.583333333333334
L0506094845_4488,9.3882208,8.082,8.0819998,0.0,1.0,10.0,1.3592167,637.5197700255394,868.7937155168376,591.6301445075032,9.364174387751511,49.76083189891872,12,9.833333333333334
L0506094845_4488,9.3882208,8.082,8.0819998,0.0,1.0,10.0,1.3592167,637.5197700255394,868.7937155168376,591.6301445075032,9.364174387751511,49.76083189891872,12,8.0
L0313170828,2.0496953,2.591,2.5910001,-1.6508889,0.07242953,9.5,0.97086877,637.5197700255394,868.7937155168376,591.6301445075032,2.044445336325564,10.864097195850336,13,8.0
L0313170828,2.0496953,2.591,2.5910001,-1.6508889,0.07242953,9.5,0.97086877,637.5197700255394,868.7937155168376,591.6301445075032,2.044445336325564,10.864097195850336,13,8.083333333333334
L0313170828,2.0496953,2.591,2.5910001,-1.6508889,0.07242953,9.5,0.97086877,637.5197700255394,868.7937155168376,591.6301445075032,2.044445336325564,10.864097195850336,13,8.0
L0313170828,2.0496953,2.591,2.5910001,-1.6508889,0.07242953,9.5,0.97086877,637.5197700255394,868.7937155168376,591.6301445075032,2.044445336325564,10.864097195850336,13,8.0
L0313170828,2.0496953,2.591,2.5910001,-1.6508889,0.07242953,9.5,0.97086877,637.5197700255394,868.7937155168376,591.6301445075032,2.044445336325564,10.864097195850336,13,8.0
L0313170828,2.0496953,2.591,2.5910001,-1.6508889,0.07242953,9.5,0.97086877,637.5197700255394,868.7937155168376,591.6301445075032,2.044445336325564,10.864097195850336,13,8.0
L0313170828,2.0496953,2.591,2.5910001,-1.6508889,0.07242953,9.5,0.97086877,637.5197700255394,868.7937155168376,591.6301445075032,2.044445336325564,10.864097195850336,13,7.916666666666667
L0313170828,2.0496953,2.591,2.5910001,-1.6508889,0.07242953,9.5,0.97086877,637.5197700255394,868.7937155168376,591.6301445075032,2.044445336325564,10.864097195850336,13,7.916666666666667
L0313170828,2.0496953,2.591,2.5910001,-1.6508889,0.07242953,9.5,0.97086877,637.5197700255394,868.7937155168376,591.6301445075032,2.044445336325564,10.864097195850336,13,8.0
L0313170828,2.0496953,2.591,2.5910001,-1.6508889,0.07242953,9.5,0.97086877,637.5197700255394,868.7937155168376,591.6301445075032,2.044445336325564,10.864097195850336,13,8.0
L0303085514,24.783848,36.033,36.033001,-1.4260648,0.051527232,9.5,0.48543462,637.5197700255394,868.7937155168376,591.6301445075032,24.720368173650808,131.36300481304755,14,9.083333333333334
L0303085514,24.783848,36.033,36.033001,-1.4260648,0.051527232,9.5,0.48543462,637.5197700255394,868.7937155168376,591.6301445075032,24.720368173650808,131.36300481304755,14,9.083333333333334
L0303085514,24.783848,36.033,36.033001,-1.4260648,0.051527232,9.5,0.48543462,637.5197700255394,868.7937155168376,591.6301445075032,24.720368173650808,131.36300481304755,14,9.083333333333334
L0303085514,24.783848,36.033,36.033001,-1.4260648,0.051527232,9.5,0.48543462,637.5197700255394,868.7937155168376,591.6301445075032,24.720368173650808,131.36300481304755,14,9.083333333333334
L0303085514,24.783848,36.033,36.033001,-1.4260648,0.051527232,9.5,0.48543462,637.5197700255394,868.7937155168376,591.6301445075032,24.720368173650808,131.36300481304755,14,9.083333333333334
L0303085514,24.783848,36.033,36.033001,-1.4260648,0.051527232,9.5,0.48543462,637.5197700255394,868.7937155168376,591.6301445075032,24.720368173650808,131.36300481304755,14,9.083333333333334
L0303085514,24.783848,36.033,36.033001,-1.4260648,0.051527232,9.5,0.48543462,637.5197700255394,868.7937155168376,591.6301445075032,24.720368173650808,131.36300481304755,14,9.0
L0303085514,24.783848,36.033,36.033001,-1.4260648,0.051527232,9.5,0.48543462,637.5197700255394,868.7937155168376,591.6301445075032,24.720368173650808,131.36300481304755,14,9.0
L0303085514,24.783848,36.033,36.033001,-1.4260648,0.051527232,9.5,0.48543462,637.5197700255394,868.7937155168376,591.6301445075032,24.720368173650808,131.36300481304755,14,9.083333333333334
L0303085514,24.783848,36.033,36.033001,-1.4260648,0.051527232,9.5,0.48543462,637.5197700255394,868.7937155168376,591.6301445075032,24.720368173650808,131.36300481304755,14,9.083333333333334
L0517155016_B164,19.344748,19.432,19.361048,0.24433327,1.3459688,10.5,0.97086877,637.5197700255394,868.7937155168376,591.6301445075032,19.295199550388425,102.53388515904356,15,11.666666666666666
L0517155016_B164,19.344748,19.432,19.361048,0.24433327,1.3459688,10.5,0.97086877,637.5197700255394,868.7937155168376,591.6301445075032,19.295199550388425,102.53388515904356,15,11.916666666666666
L0517155016_B164,19.344748,19.432,19.361048,0.24433327,1.3459688,10.5,0.97086877,637.5197700255394,868.7937155168376,591.6301445075032,19.295199550388425,102.53388515904356,15,11.333333333333334
L0517155016_B164,19.344748,19.432,19.361048,0.24433327,1.3459688,10.5,0.97086877,637.5197700255394,868.7937155168376,591.6301445075032,19.295199550388425,102.53388515904356,15,9.5
L0517155016_B164,19.344748,19.432,19.361048,0.24433327,1.3459688,10.5,0.97086877,637.5197700255394,868.7937155168376,591.6301445075032,19.295199550388425,102.53388515904356,15,12.833333333333334
L0517155016_B164,19.344748,19.432,19.361048,0.24433327,1.3459688,10.5,0.97086877,637.5197700255394,868.7937155168376,591.6301445075032,19.295199550388425,102.53388515904356,15,10.25
L0517155016_B164,19.344748,19.432,19.361048,0.24433327,1.3459688,10.5,0.97086877,637.5197700255394,868.7937155168376,591.6301445075032,19.295199550388425,102.53388515904356,15,10.833333333333334
L0517155016_B164,19.344748,19.432,19.361048,0.24433327,1.3459688,10.5,0.97086877,637.5197700255394,868.7937155168376,591.6301445075032,19.295199550388425,102.53388515904356,15,11.166666666666666
L0517155016_B164,19.344748,19.432,19.361048,0.24433327,1.3459688,10.5,0.97086877,637.5197700255394,868.7937155168376,591.6301445075032,19.295199550388425,102.53388515904356,15,11.166666666666666
L0517155016_B164,19.344748,19.432,19.361048,0.24433327,1.3459688,10.5,0.97086877,637.5197700255394,868.7937155168376,591.6301445075032,19.295199550388425,102.53388515904356,15,11.583333333333334
L0417211454,4.7021132,4.251,4.2254443,2.3731942,0.097227044,9.5,1.3592167,637.5197700255394,868.7937155168376,591.6301445075032,4.69006949599527,24.92283356979491,16,12.083333333333334
L0417211454,4.7021132,4.251,4.2254443,2.3731942,0.097227044,9.5,1.3592167,637.5197700255394,868.7937155168376,591.6301445075032,4.69006949599527,24.92283356979491,16,12.0
L0417211454,4.7021132,4.251,4.2254443,2.3731942,0.097227044,9.5,1.3592167,637.5197700255394,868.7937155168376,591.6301445075032,4.69006949599527,24.92283356979491,16,12.166666666666666
L0417211454,4.7021132,4.251,4.2254443,2.3731942,0.097227044,9.5,1.3592167,637.5197700255394,868.7937155168376,591.6301445075032,4.69006949599527,24.92283356979491,16,12.25
L0417211454,4.7021132,4.251,4.2254443,2.3731942,0.097227044,9.5,1.3592167,637.5197700255394,868.7937155168376,591.6301445075032,4.69006949599527,24.92283356979491,16,12.083333333333334
L0417211454,4.7021132,4.251,4.2254443,2.3731942,0.097227044,9.5,1.3592167,637.5197700255394,868.7937155168376,591.6301445075032,4.69006949599527,24.92283356979491,16,12.166666666666666
L0417211454,4.7021132,4.251,4.2254443,2.3731942,0.097227044,9.5,1.3592167,637.5197700255394,868.7937155168376,591.6301445075032,4.69006949599527,24.92283356979491,16,12.166666666666666
L0417211454,4.7021132,4.251,4.2254443,2.3731942,0.097227044,9.5,1.3592167,637.5197700255394,868.7937155168376,591.6301445075032,4.69006949599527,24.92283356979491,16,12.166666666666666
L0417211454,4.7021132,4.251,4.2254443,2.3731942,0.097227044,9.5,1.3592167,637.5197700255394,868.7937155168376,591.6301445075032,4.69006949599527,24.92283356979491,16,12.333333333333334
L0417211454,4.7021132,4.251,4.2254443,2.3731942,0.097227044,9.5,1.3592167,637.5197700255394,868.7937155168376,591.6301445075032,4.69006949599527,24.92283356979491,16,12.0
L0208111357,10.831003,11.519,11.519,0.90265155,0.15832995,9.5,0.29371557,637.5197700255394,868.7937155168376,591.6301445075032,10.803261134022307,57.40807881080987,17,11.083333333333334
L0208111357,10.831003,11.519,11.519,0.90265155,0.15832995,9.5,0.29371557,637.5197700255394,868.7937155168376,591.6301445075032,10.803261134022307,57.40807881080987,17,11.166666666666666
L0208111357,10.831003,11.519,11.519,0.90265155,0.15832995,9.5,0.29371557,637.5197700255394,868.7937155168376,591.6301445075032,10.803261134022307,57.40807881080987,17,11.333333333333334
L0208111357,10.831003,11.519,11.519,0.90265155,0.15832995,9.5,0.29371557,637.5197700255394,868.7937155168376,591.6301445075032,10.803261134022307,57.40807881080987,17,11.083333333333334
L0208111357,10.831003,11.519,11.519,0.90265155,0.15832995,9.5,0.29371557,637.5197700255394,868.7937155168376,591.6301445075032,10.803261134022307,57.40807881080987,17,11.083333333333334
L0208111357,10.831003,11.519,11.519,0.90265155,0.15832995,9.5,0.29371557,637.5197700255394,868.7937155168376,591.6301445075032,10.803261134022307,57.40807881080987,17,10.833333333333334
L0208111357,10.831003,11.519,11.519,0.90265155,0.15832995,9.5,0.29371557,637.5197700255394,868.7937155168376,591.6301445075032,10.803261134022307,57.40807881080987,17,11.0
L0208111357,10.831003,11.519,11.519,0.90265155,0.15832995,9.5,0.29371557,637.5197700255394,868.7937155168376,591.6301445075032,10.803261134022307,57.40807881080987,17,11.083333333333334
L0208111357,10.831003,11.519,11.519,0.90265155,0.15832995,9.5,0.29371557,637.5197700255394,868.7937155168376,591.6301445075032,10.803261134022307,57.40807881080987,17,11.166666666666666
L0208111357,10.831003,11.519,11.519,0.90265155,0.15832995,9.5,0.29371557,637.5197700255394,868.7937155168376,591.6301445075032,10.803261134022307,57.40807881080987,17,11.0
L0411153041,9.5679007,10.981,10.981,0.0,1.0,10.5,0.27184331,637.5197700255394,868.7937155168376,591.6301445075032,9.543394066689372,50.71319779337174,18,12.75
L0411153041,9.5679007,10.981,10.981,0.0,1.0,10.5,0.27184331,637.5197700255394,868.7937155168376,591.6301445075032,9.543394066689372,50.71319779337174,18,11.0
L0411153041,9.5679007,10.981,10.981,0.0,1.0,10.5,0.27184331,637.5197700255394,868.7937155168376,591.6301445075032,9.543394066689372,50.71319779337174,18,11.666666666666666
L0411153041,9.5679007,10.981,10.981,0.0,1.0,10.5,0.27184331,637.5197700255394,868.7937155168376,591.6301445075032,9.543394066689372,50.71319779337174,18,11.166666666666666
L0411153041,9.5679007,10.981,10.981,0.0,1.0,10.5,0.27184331,637.5197700255394,868.7937155168376,591.6301445075032,9.543394066689372,50.71319779337174,18,11.166666666666666
L0411153041,9.5679007,10.981,10.981,0.0,1.0,10.5,0.27184331,637.5197700255394,868.7937155168376,591.6301445075032,9.543394066689372,50.71319779337174,18,10.666666666666666
L0411153041,9.5679007,10.981,10.981,0.0,1.0,10.5,0.27184331,637.5197700255394,868.7937155168376,591.6301445075032,9.543394066689372,50.71319779337174,18,12.083333333333334
L0411153041,9.5679007,10.981,10.981,0.0,1.0,10.5,0.27184331,637.5197700255394,868.7937155168376,591.6301445075032,9.543394066689372,50.71319779337174,18,11.416666666666666
L0411153041,9.5679007,10.981,10.981,0.0,1.0,10.5,0.27184331,637.5197700255394,868.7937155168376,591.6301445075032,9.543394066689372,50.71319779337174,18,12.083333333333334
L0411153041,9.5679007,10.981,10.981,0.0,1.0,10.5,0.27184331,637.5197700255394,868.7937155168376,591.6301445075032,9.543394066689372,50.71319779337174,18,10.75
L0427082821_EE6B,24.398325,24.536,28.225277,-1.242533,0.75054938,9.833333,0.41304442,637.5197700255394,868.7937155168376,591.6301445075032,24.335832628588943,129.31959897451347,19,10.083333333333334
L0427082821_EE6B,24.398325,24.536,28.225277,-1.242533,0.75054938,9.833333,0.41304442,637.5197700255394,868.7937155168376,591.6301445075032,24.335832628588943,129.31959897451347,19,9.916666666666666
L0427082821_EE6B,24.398325,24.536,28.225277,-1.242533,0.75054938,9.833333,0.41304442,637.5197700255394,868.7937155168376,591.6301445075032,24.335832628588943,129.31959897451347,19,8.416666666666666
L0427082821_EE6B,24.398325,24.536,28.225277,-1.242533,0.75054938,9.833333,0.41304442,637.5197700255394,868.7937155168376,591.6301445075032,24.335832628588943,129.31959897451347,19,10.833333333333334
L0427082821_EE6B,24.398325,24.536,28.225277,-1.242533,0.75054938,9.833333,0.41304442,637.5197700255394,868.7937155168376,591.6301445075032,24.335832628588943,129.31959897451347,19,10.666666666666666
L0427082821_EE6B,24.398325,24.536,28.225277,-1.242533,0.75054938,9.833333,0.41304442,637.5197700255394,868.7937155168376,591.6301445075032,24.335832628588943,129.31959897451347,19,10.5
L0427082821_EE6B,24.398325,24.536,28.225277,-1.242533,0.75054938,9.833333,0.41304442,637.5197700255394,868.7937155168376,591.6301445075032,24.335832628588943,129.31959897451347,19,9.916666666666666
L0427082821_EE6B,24.398325,24.536,28.225277,-1.242533,0.75054938,9.833333,0.41304442,637.5197700255394,868.7937155168376,591.6301445075032,24.335832628588943,129.31959897451347,19,11.166666666666666
L0427082821_EE6B,24.398325,24.536,28.225277,-1.242533,0.75054938,9.833333,0.41304442,637.5197700255394,868.7937155168376,591.6301445075032,24.335832628588943,129.31959897451347,19,10.5
L0427082821_EE6B,24.398325,24.536,28.225277,-1.242533,0.75054938,9.833333,0.41304442,637.5197700255394,868.7937155168376,591.6301445075032,24.335832628588943,129.31959897451347,19,11.0
L0519102853_61C0,10.703703,10.632,10.632,0.0,1.0,10.5,0.95381087,637.5197700255394,868.7937155168376,591.6301445075032,10.67628719242511,56.73334458419982,20,11.833333333333334
L0519102853_61C0,10.703703,10.632,10.632,0.0,1.0,10.5,0.95381087,637.5197700255394,868.7937155168376,591.6301445075032,10.67628719242511,56.73334458419982,20,10.833333333333334
L0519102853_61C0,10.703703,10.632,10.632,0.0,1.0,10.5,0.95381087,637.5197700255394,868.7937155168376,591.6301445075032,10.67628719242511,56.73334458419982,20,9.0
L0519102853_61C0,10.703703,10.632,10.632,0.0,1.0,10.5,0.95381087,637.5197700255394,868.7937155168376,591.6301445075032,10.67628719242511,56.73334458419982,20,12.916666666666666
L0519102853_61C0,10.703703,10.632,10.632,0.0,1.0,10.5,0.95381087,637.5197700255394,868.7937155168376,591.6301445075032,10.67628719242511,56.73334458419982,20,11.5
L0519102853_61C0,10.703703,10.632,10.632,0.0,1.0,10.5,0.95381087,637.5197700255394,868.7937155168376,591.6301445075032,10.67628719242511,56.73334458419982,20,9.416666666666666
L0519102853_61C0,10.703703,10.632,10.632,0.0,1.0,10.5,0.95381087,637.5197700255394,868.7937155168376,591.6301445075032,10.67628719242511,56.73334458419982,20,10.916666666666666
L0519102853_61C0,10.703703,10.632,10.632,0.0,1.0,10.5,0.95381087,637.5197700255394,868.7937155168376,591.6301445075032,10.67628719242511,56.73334458419982,20,11.333333333333334
L0519102853_61C0,10.703703,10.632,10.632,0.0,1.0,10.5,0.95381087,637.5197700255394,868.7937155168376,591.6301445075032,10.67628719242511,56.73334458419982,20,11.166666666666666
L0519102853_61C0,10.703703,10.632,10.632,0.0,1.0,10.5,0.95381087,637.5197700255394,868.7937155168376,591.6301445075032,10.67628719242511,56.73334458419982,20,12.5
L0322110533,14.032991,14.282,14.282,0.23175225,1.3376412,10.0,3.3980434,637.5197700255394,868.7937155168376,591.6301445075032,13.997047758585683,74.37972764658873,21,12.166666666666666
L0322110533,14.032991,14.282,14.282,0.23175225,1.3376412,10.0,3.3980434,637.5197700255394,868.7937155168376,591.6301445075032,13.997047758585683,74.37972764658873,21,10.416666666666666
L0322110533,14.032991,14.282,14.282,0.23175225,1.3376412,10.0,3.3980434,637.5197700255394,868.7937155168376,591.6301445075032,13.997047758585683,74.37972764658873,21,10.5
L0322110533,14.032991,14.282,14.282,0.23175225,1.3376412,10.0,3.3980434,637.5197700255394,868.7937155168376,591.6301445075032,13.997047758585683,74.37972764658873,21,9.833333333333334
L0322110533,14.032991,14.282,14.282,0.23175225,1.3376412,10.0,3.3980434,637.5197700255394,868.7937155168376,591.6301445075032,13.997047758585683,74.37972764658873,21,11.583333333333334
L0322110533,14.032991,14.282,14.282,0.23175225,1.3376412,10.0,3.3980434,637.5197700255394,868.7937155168376,591.6301445075032,13.997047758585683,74.37972764658873,21,10.333333333333334
L0322110533,14.032991,14.282,14.282,0.23175225,1.3376412,10.0,3.3980434,637.5197700255394,868.7937155168376,591.6301445075032,13.997047758585683,74.37972764658873,21,11.75
L0322110533,14.032991,14.282,14.282,0.23175225,1.3376412,10.0,3.3980434,637.5197700255394,868.7937155168376,591.6301445075032,13.997047758585683,74.37972764658873,21,9.0
L0322110533,14.032991,14.282,14.282,0.23175225,1.3376412,10.0,3.3980434,637.5197700255394,868.7937155168376,591.6301445075032,13.997047758585683,74.37972764658873,21,11.583333333333334
L0322110533,14.032991,14.282,14.282,0.23175225,1.3376412,10.0,3.3980434,637.5197700255394,868.7937155168376,591.6301445075032,13.997047758585683,74.37972764658873,21,12.5
L0418191407,9.5232191,10.147,10.147,0.0,1.0,10.5,1.3592167,637.5197700255394,868.7937155168376,591.6301445075032,9.498826911395822,50.47636979007482,22,9.916666666666666
L0418191407,9.5232191,10.147,10.147,0.0,1.0,10.5,1.3592167,637.5197700255394,868.7937155168376,591.6301445075032,9.498826911395822,50.47636979007482,22,11.166666666666666
L0418191407,9.5232191,10.147,10.147,0.0,1.0,10.5,1.3592167,637.5197700255394,868.7937155168376,591.6301445075032,9.498826911395822,50.47636979007482,22,12.25
L0418191407,9.5232191,10.147,10.147,0.0,1.0,10.5,1.3592167,637.5197700255394,868.7937155168376,591.6301445075032,9.498826911395822,50.47636979007482,22,10.833333333333334
L0418191407,9.5232191,10.147,10.147,0.0,1.0,10.5,1.3592167,637.5197700255394,868.7937155168376,591.6301445075032,9.498826911395822,50.47636979007482,22,12.416666666666666
L0418191407,9.5232191,10.147,10.147,0.0,1.0,10.5,1.3592167,637.5197700255394,868.7937155168376,591.6301445075032,9.498826911395822,50.47636979007482,22,11.5
L0418191407,9.5232191,10.147,10.147,0.0,1.0,10.5,1.3592167,637.5197700255394,868.7937155168376,591.6301445075032,9.498826911395822,50.47636979007482,22,11.583333333333334
L0418191407,9.5232191,10.147,10.147,0.0,1.0,10.5,1.3592167,637.5197700255394,868.7937155168376,591.6301445075032,9.498826911395822,50.47636979007482,22,10.916666666666666
L0418191407,9.5232191,10.147,10.147,0.0,1.0,10.5,1.3592167,637.5197700255394,868.7937155168376,591.6301445075032,9.498826911395822,50.47636979007482,22,12.333333333333334
L0418191407,9.5232191,10.147,10.147,0.0,1.0,10.5,1.3592167,637.5197700255394,868.7937155168376,591.6301445075032,9.498826911395822,50.47636979007482,22,10.916666666666666
L0412201251,20.367945,20.236,20.236,-1.1772221,0.21567266,9.5,0.97086877,637.5197700255394,868.7937155168376,591.6301445075032,20.315775796424756,107.95718473849934,23,9.333333333333334
L0412201251,20.367945,20.236,20.236,-1.1772221,0.21567266,9.5,0.97086877,637.5197700255394,868.7937155168376,591.6301445075032,20.315775796424756,107.95718473849934,23,9.333333333333334
L0412201251,20.367945,20.236,20.236,-1.1772221,0.21567266,9.5,0.97086877,637.5197700255394,868.7937155168376,591.6301445075032,20.315775796424756,107.95718473849934,23,9.333333333333334
L0412201251,20.367945,20.236,20.236,-1.1772221,0.21567266,9.5,0.97086877,637.5197700255394,868.7937155168376,591.6301445075032,20.315775796424756,107.95718473849934,23,9.416666666666666
L0412201251,20.367945,20.236,20.236,-1.1772221,0.21567266,9.5,0.97086877,637.5197700255394,868.7937155168376,591.6301445075032,20.315775796424756,107.95718473849934,23,9.75
L0412201251,20.367945,20.236,20.236,-1.1772221,0.21567266,9.5,0.97086877,637.5197700255394,868.7937155168376,591.6301445075032,20.315775796424756,107.95718473849934,23,9.5
L0412201251,20.367945,20.236,20.236,-1.1772221,0.21567266,9.5,0.97086877,637.5197700255394,868.7937155168376,591.6301445075032,20.315775796424756,107.95718473849934,23,9.666666666666666
L0412201251,20.367945,20.236,20.236,-1.1772221,0.21567266,9.5,0.97086877,637.5197700255394,868.7937155168376,591.6301445075032,20.315775796424756,107.95718473849934,23,9.416666666666666
L0412201251,20.367945,20.236,20.236,-1.1772221,0.21567266,9.5,0.97086877,637.5197700255394,868.7937155168376,591.6301445075032,20.315775796424756,107.95718473849934,23,9.333333333333334
L0412201251,20.367945,20.236,20.236,-1.1772221,0.21567266,9.5,0.97086877,637.5197700255394,868.7937155168376,591.6301445075032,20.315775796424756,107.95718473849934,23,9.75
L0302173835,13.883937,22.822,19.4645,0.0,1.0,10.5,0.27184331,637.5197700255394,868.7937155168376,591.6301445075032,13.848375536348223,73.58968966219646,24,10.75
L0302173835,13.883937,22.822,19.4645,0.0,1.0,10.5,0.27184331,637.5197700255394,868.7937155168376,591.6301445075032,13.848375536348223,73.58968966219646,24,12.333333333333334
L0302173835,13.883937,22.822,19.4645,0.0,1.0,10.5,0.27184331,637.5197700255394,868.7937155168376,591.6301445075032,13.848375536348223,73.58968966219646,24,12.5
L0302173835,13.883937,22.822,19.4645,0.0,1.0,10.5,0.27184331,637.5197700255394,868.7937155168376,591.6301445075032,13.848375536348223,73.58968966219646,24,11.166666666666666
L0302173835,13.883937,22.822,19.4645,0.0,1.0,10.5,0.27184331,637.5197700255394,868.7937155168376,591.6301445075032,13.848375536348223,73.58968966219646,24,12.083333333333334
L0302173835,13.883937,22.822,19.4645,0.0,1.0,10.5,0.27184331,637.5197700255394,868.7937155168376,591.6301445075032,13.848375536348223,73.58968966219646,24,12.25
L0302173835,13.883937,22.822,19.4645,0.0,1.0,10.5,0.27184331,637.5197700255394,868.7937155168376,591.6301445075032,13.848375536348223,73.58968966219646,24,10.916666666666666
L0302173835,13.883937,22.822,19.4645,0.0,1.0,10.5,0.27184331,637.5197700255394,868.7937155168376,591.6301445075032,13.848375536348223,73.58968966219646,24,11.833333333333334
L0302173835,13.883937,22.822,19.4645,0.0,1.0,10.5,0.27184331,637.5197700255394,868.7937155168376,591.6301445075032,13.848375536348223,73.58968966219646,24,12.666666666666666
L0302173835,13.883937,22.822,19.4645,0.0,1.0,10.5,0.27184331,637.5197700255394,868.7937155168376,591.6301445075032,13.848375536348223,73.58968966219646,24,10.833333333333334
L0522191102_96ED,3.4294188,6.631,6.631,-0.92148149,0.24772875,10.5,0.32417044,637.5197700255394,868.7937155168376,591.6301445075032,3.4206348972782497,18.1771110898661,25,9.666666666666666
L0522191102_96ED,3.4294188,6.631,6.631,-0.92148149,0.24772875,10.5,0.32417044,637.5197700255394,868.7937155168376,591.6301445075032,3.4206348972782497,18.1771110898661,25,9.916666666666666
L0522191102_96ED,3.4294188,6.631,6.631,-0.92148149,0.24772875,10.5,0.32417044,637.5197700255394,868.7937155168376,591.6301445075032,3.4206348972782497,18.1771110898661,25,9.916666666666666
L0522191102_96ED,3.4294188,6.631,6.631,-0.92148149,0.24772875,10.5,0.32417044,637.5197700255394,868.7937155168376,591.6301445075032,3.4206348972782497,18.1771110898661,25,9.916666666666666
L0522191102_96ED,3.4294188,6.631,6.631,-0.92148149,0.24772875,10.5,0.32417044,637.5197700255394,868.7937155168376,591.6301445075032,3.4206348972782497,18.1771110898661,25,9.75
L0522191102_96ED,3.4294188,6.631,6.631,-0.92148149,0.24772875,10.5,0.32417044,637.5197700255394,868.7937155168376,591.6301445075032,3.4206348972782497,18.1771110898661,25,10.166666666666666
L0522191102_96ED,3.4294188,6.631,6.631,-0.92148149,0.24772875,10.5,0.32417044,637.5197700255394,868.7937155168376,591.6301445075032,3.4206348972782497,18.1771110898661,25,9.5
L0522191102_96ED,3.4294188,6.631,6.631,-0.92148149,0.24772875,10.5,0.32417044,637.5197700255394,868.7937155168376,591.6301445075032,3.4206348972782497,18.1771110898661,25,9.25
L0522191102_96ED,3.4294188,6.631,6.631,-0.92148149,0.24772875,10.5,0.32417044,637.5197700255394,868.7937155168376,591.6301445075032,3.4206348972782497,18.1771110898661,25,9.916666666666666
L0522191102_96ED,3.4294188,6.631,6.631,-0.92148149,0.24772875,10.5,0.32417044,637.5197700255394,868.7937155168376,591.6301445075032,3.4206348972782497,18.1771110898661,25,10.083333333333334
L0314110410,6.2581348,8.104,8.1040001,1.4229168,0.5161016,10.5,0.61782604,637.5197700255394,868.7937155168376,591.6301445075032,6.242105597820667,33.17028864335757,26,11.75
L0314110410,6.2581348,8.104,8.1040001,1.4229168,0.5161016,10.5,0.61782604,637.5197700255394,868.7937155168376,591.6301445075032,6.242105597820667,33.17028864335757,26,12.333333333333334
L0314110410,6.2581348,8.104,8.1040001,1.4229168,0.5161016,10.5,0.61782604,637.5197700255394,868.7937155168376,591.6301445075032,6.242105597820667,33.17028864335757,26,11.666666666666666
L0314110410,6.2581348,8.104,8.1040001,1.4229168,0.5161016,10.5,0.61782604,637.5197700255394,868.7937155168376,591.6301445075032,6.242105597820667,33.17028864335757,26,12.25
L0314110410,6.2581348,8.104,8.1040001,1.4229168,0.5161016,10.5,0.61782604,637.5197700255394,868.7937155168376,591.6301445075032,6.242105597820667,33.17028864335757,26,12.833333333333334
L0314110410,6.2581348,8.104,8.1040001,1.4229168,0.5161016,10.5,0.61782604,637.5197700255394,868.7937155168376,591.6301445075032,6.242105597820667,33.17028864335757,26,11.583333333333334
L0314110410,6.2581348,8.104,8.1040001,1.4229168,0.5161016,10.5,0.61782604,637.5197700255394,868.7937155168376,591.6301445075032,6.242105597820667,33.17028864335757,26,11.833333333333334
L0314110410,6.2581348,8.104,8.1040001,1.4229168,0.5161016,10.5,0.61782604,637.5197700255394,868.7937155168376,591.6301445075032,6.242105597820667,33.17028864335757,26,12.25
L0314110410,6.2581348,8.104,8.1040001,1.4229168,0.5161016,10.5,0.61782604,637.5197700255394,868.7937155168376,591.6301445075032,6.242105597820667,33.17028864335757,26,12.166666666666666
L0314110410,6.2581348,8.104,8.1040001,1.4229168,0.5161016,10.5,0.61782604,637.5197700255394,868.7937155168376,591.6301445075032,6.242105597820667,33.17028864335757,26,12.666666666666666
L0311105330,5.4100537,6.427,6.4294305,0.0,1.0,9.5,0.27303511,637.5197700255394,868.7937155168376,591.6301445075032,5.3961967206715356,28.67516417272837,27,12.083333333333334
L0311105330,5.4100537,6.427,6.4294305,0.0,1.0,9.5,0.27303511,637.5197700255394,868.7937155168376,591.6301445075032,5.3961967206715356,28.67516417272837,27,11.0
L0311105330,5.4100537,6.427,6.4294305,0.0,1.0,9.5,0.27303511,637.5197700255394,868.7937155168376,591.6301445075032,5.3961967206715356,28.67516417272837,27,9.75
L0311105330,5.4100537,6.427,6.4294305,0.0,1.0,9.5,0.27303511,637.5197700255394,868.7937155168376,591.6301445075032,5.3961967206715356,28.67516417272837,27,10.083333333333334
L0311105330,5.4100537,6.427,6.4294305,0.0,1.0,9.5,0.27303511,637.5197700255394,868.7937155168376,591.6301445075032,5.3961967206715356,28.67516417272837,27,9.916666666666666
L0311105330,5.4100537,6.427,6.4294305,0.0,1.0,9.5,0.27303511,637.5197700255394,868.7937155168376,591.6301445075032,5.3961967206715356,28.67516417272837,27,10.25
L0311105330,5.4100537,6.427,6.4294305,0.0,1.0,9.5,0.27303511,637.5197700255394,868.7937155168376,591.6301445075032,5.3961967206715356,28.67516417272837,27,10.916666666666666
L0311105330,5.4100537,6.427,6.4294305,0.0,1.0,9.5,0.27303511,637.5197700255394,868.7937155168376,591.6301445075032,5.3961967206715356,28.67516417272837,27,10.666666666666666
L0311105330,5.4100537,6.427,6.4294305,0.0,1.0,9.5,0.27303511,637.5197700255394,868.7937155168376,591.6301445075032,5.3961967206715356,28.67516417272837,27,9.666666666666666
L0311105330,5.4100537,6.427,6.4294305,0.0,1.0,9.5,0.27303511,637.5197700255394,868.7937155168376,591.6301445075032,5.3961967206715356,28.67516417272837,27,10.5
L0426160429_A7FD,22.003895,24.307,24.306999,0.0,1.0,10.5,0.370024,637.5197700255394,868.7937155168376,591.6301445075032,21.947535574554614,116.6282881008144,28,10.75
L0426160429_A7FD,22.003895,24.307,24.306999,0.0,1.0,10.5,0.370024,637.5197700255394,868.7937155168376,591.6301445075032,21.947535574554614,116.6282881008144,28,11.333333333333334
L0426160429_A7FD,22.003895,24.307,24.306999,0.0,1.0,10.5,0.370024,637.5197700255394,868.7937155168376,591.6301445075032,21.947535574554614,116.6282881008144,28,12.583333333333334
L0426160429_A7FD,22.003895,24.307,24.306999,0.0,1.0,10.5,0.370024,637.5197700255394,868.7937155168376,591.6301445075032,21.947535574554614,116.6282881008144,28,11.666666666666666
L0426160429_A7FD,22.003895,24.307,24.306999,0.0,1.0,10.5,0.370024,637.5197700255394,868.7937155168376,591.6301445075032,21.947535574554614,116.6282881008144,28,10.5
L0426160429_A7FD,22.003895,24.307,24.306999,0.0,1.0,10.5,0.370024,637.5197700255394,868.7937155168376,591.6301445075032,21.947535574554614,116.6282881008144,28,10.5
L0426160429_A7FD,22.003895,24.307,24.306999,0.0,1.0,10.5,0.370024,637.5197700255394,868.7937155168376,591.6301445075032,21.947535574554614,116.6282881008144,28,11.666666666666666
L0426160429_A7FD,22.003895,24.307,24.306999,0.0,1.0,10.5,0.370024,637.5197700255394,868.7937155168376,591.6301445075032,21.947535574554614,116.6282881008144,28,13.333333333333334
L0426160429_A7FD,22.003895,24.307,24.306999,0.0,1.0,10.5,0.370024,637.5197700255394,868.7937155168376,591.6301445075032,21.947535574554614,116.6282881008144,28,9.666666666666666
L0426160429_A7FD,22.003895,24.307,24.306999,0.0,1.0,10.5,0.370024,637.5197700255394,868.7937155168376,591.6301445075032,21.947535574554614,116.6282881008144,28,11.833333333333334
L0220182629,4.8562737,2.759,2.7590001,0.0,1.0,10.166667,1.3592167,637.5197700255394,868.7937155168376,591.6301445075032,4.843835138757204,25.739937778289157,29,11.416666666666666
L0220182629,4.8562737,2.759,2.7590001,0.0,1.0,10.166667,1.3592167,637.5197700255394,868.7937155168376,591.6301445075032,4.843835138757204,25.739937778289157,29,10.25
L0220182629,4.8562737,2.759,2.7590001,0.0,1.0,10.166667,1.3592167,637.5197700255394,868.7937155168376,591.6301445075032,4.843835138757204,25.739937778289157,29,8.5
L0220182629,4.8562737,2.759,2.7590001,0.0,1.0,10.166667,1.3592167,637.5197700255394,868.7937155168376,591.6301445075032,4.843835138757204,25.739937778289157,29,11.166666666666666
L0220182629,4.8562737,2.759,2.7590001,0.0,1.0,10.166667,1.3592167,637.5197700255394,868.7937155168376,591.6301445075032,4.843835138757204,25.739937778289157,29,9.333333333333334
L0220182629,4.8562737,2.759,2.7590001,0.0,1.0,10.166667,1.3592167,637.5197700255394,868.7937155168376,591.6301445075032,4.843835138757204,25.739937778289157,29,10.833333333333334
L0220182629,4.8562737,2.759,2.7590001,0.0,1.0,10.166667,1.3592167,637.5197700255394,868.7937155168376,591.6301445075032,4.843835138757204,25.739937778289157,29,10.916666666666666
L0220182629,4.8562737,2.759,2.7590001,0.0,1.0,10.166667,1.3592167,637.5197700255394,868.7937155168376,591.6301445075032,4.843835138757204,25.739937778289157,29,10.416666666666666
L0220182629,4.8562737,2.759,2.7590001,0.0,1.0,10.166667,1.3592167,637.5197700255394,868.7937155168376,591.6301445075032,4.843835138757204,25.739937778289157,29,8.666666666666666
L0220182629,4.8562737,2.759,2.7590001,0.0,1.0,10.166667,1.3592167,637.5197700255394,868.7937155168376,591.6301445075032,4.843835138757204,25.739937778289157,29,10.0
L0421145134,6.4447136,7.445,7.4450002,0.0,1.0,10.5,0.48543462,637.5197700255394,868.7937155168376,591.6301445075032,6.4282065063397145,34.15922110462883,30,11.416666666666666
L0421145134,6.4447136,7.445,7.4450002,0.0,1.0,10.5,0.48543462,637.5197700255394,868.7937155168376,591.6301445075032,6.4282065063397145,34.15922110462883,30,11.916666666666666
L0421145134,6.4447136,7.445,7.4450002,0.0,1.0,10.5,0.48543462,637.5197700255394,868.7937155168376,591.6301445075032,6.4282065063397145,34.15922110462883,30,10.25
L0421145134,6.4447136,7.445,7.4450002,0.0,1.0,10.5,0.48543462,637.5197700255394,868.7937155168376,591.6301445075032,6.4282065063397145,34.15922110462883,30,11.166666666666666
L0421145134,6.4447136,7.445,7.4450002,0.0,1.0,10.5,0.48543462,637.5197700255394,868.7937155168376,591.6301445075032,6.4282065063397145,34.15922110462883,30,10.083333333333334
L0421145134,6.4447136,7.445,7.4450002,0.0,1.0,10.5,0.48543462,637.5197700255394,868.7937155168376,591.6301445075032,6.4282065063397145,34.15922110462883,30,11.0
L0421145134,6.4447136,7.445,7.4450002,0.0,1.0,10.5,0.48543462,637.5197700255394,868.7937155168376,591.6301445075032,6.4282065063397145,34.15922110462883,30,10.333333333333334
L0421145134,6.4447136,7.445,7.4450002,0.0,1.0,10.5,0.48543462,637.5197700255394,868.7937155168376,591.6301445075032,6.4282065063397145,34.15922110462883,30,12.083333333333334
L0421145134,6.4447136,7.445,7.4450002,0.0,1.0,10.5,0.48543462,637.5197700255394,868.7937155168376,591.6301445075032,6.4282065063397145,34.15922110462883,30,11.333333333333334
L0421145134,6.4447136,7.445,7.4450002,0.0,1.0,10.5,0.48543462,637.5197700255394,868.7937155168376,591.6301445075032,6.4282065063397145,34.15922110462883,30,9.5
L0426143204_CA92,10.680469,11.45,11.705334,-0.012448452,0.78166401,10.5,1.3592167,637.5197700255394,868.7937155168376,591.6301445075032,10.653112702565965,56.610196312235495,31,11.916666666666666
L0426143204_CA92,10.680469,11.45,11.705334,-0.012448452,0.78166401,10.5,1.3592167,637.5197700255394,868.7937155168376,591.6301445075032,10.653112702565965,56.610196312235495,31,11.666666666666666
L0426143204_CA92,10.680469,11.45,11.705334,-0.012448452,0.78166401,10.5,1.3592167,637.5197700255394,868.7937155168376,591.6301445075032,10.653112702565965,56.610196312235495,31,11.083333333333334
L0426143204_CA92,10.680469,11.45,11.705334,-0.012448452,0.78166401,10.5,1.3592167,637.5197700255394,868.7937155168376,591.6301445075032,10.653112702565965,56.610196312235495,31,10.416666666666666
L0426143204_CA92,10.680469,11.45,11.705334,-0.012448452,0.78166401,10.5,1.3592167,637.5197700255394,868.7937155168376,591.6301445075032,10.653112702565965,56.610196312235495,31,11.75
L0426143204_CA92,10.680469,11.45,11.705334,-0.012448452,0.78166401,10.5,1.3592167,637.5197700255394,868.7937155168376,591.6301445075032,10.653112702565965,56.610196312235495,31,11.5
L0426143204_CA92,10.680469,11.45,11.705334,-0.012448452,0.78166401,10.5,1.3592167,637.5197700255394,868.7937155168376,591.6301445075032,10.653112702565965,56.610196312235495,31,11.583333333333334
L0426143204_CA92,10.680469,11.45,11.705334,-0.012448452,0.78166401,10.5,1.3592167,637.5197700255394,868.7937155168376,591.6301445075032,10.653112702565965,56.610196312235495,31,10.583333333333334
L0426143204_CA92,10.680469,11.45,11.705334,-0.012448452,0.78166401,10.5,1.3592167,637.5197700255394,868.7937155168376,591.6301445075032,10.653112702565965,56.610196312235495,31,10.5
L0426143204_CA92,10.680469,11.45,11.705334,-0.012448452,0.78166401,10.5,1.3592167,637.5197700255394,868.7937155168376,591.6301445075032,10.653112702565965,56.610196312235495,31,10.833333333333334
L0506155809_A810,12.072971,10.929,10.934375,0.0,1.0,9.666667,0.75512034,637.5197700255394,868.7937155168376,591.6301445075032,12.04204803345345,63.990940695762156,32,11.083333333333334
L0506155809_A810,12.072971,10.929,10.934375,0.0,1.0,9.666667,0.75512034,637.5197700255394,868.7937155168376,591.6301445075032,12.04204803345345,63.990940695762156,32,8.916666666666666
L0506155809_A810,12.072971,10.929,10.934375,0.0,1.0,9.666667,0.75512034,637.5197700255394,868.7937155168376,591.6301445075032,12.04204803345345,63.990940695762156,32,9.916666666666666
L0506155809_A810,12.072971,10.929,10.934375,0.0,1.0,9.666667,0.75512034,637.5197700255394,868.7937155168376,591.6301445075032,12.04204803345345,63.990940695762156,32,10.166666666666666
L0506155809_A810,12.072971,10.929,10.934375,0.0,1.0,9.666667,0.75512034,637.5197700255394,868.7937155168376,591.6301445075032,12.04204803345345,63.990940695762156,32,11.5
L0506155809_A810,12.072971,10.929,10.934375,0.0,1.0,9.666667,0.75512034,637.5197700255394,868.7937155168376,591.6301445075032,12.04204803345345,63.990940695762156,32,10.916666666666666
L0506155809_A810,12.072971,10.929,10.934375,0.0,1.0,9.666667,0.75512034,637.5197700255394,868.7937155168376,591.6301445075032,12.04204803345345,63.990940695762156,32,9.583333333333334
L0506155809_A810,12.072971,10.929,10.934375,0.0,1.0,9.666667,0.75512034,637.5197700255394,868.7937155168376,591.6301445075032,12.04204803345345,63.990940695762156,32,11.0
L0506155809_A810,12.072971,10.929,10.934375,0.0,1.0,9.666667,0.75512034,637.5197700255394,868.7937155168376,591.6301445075032,12.04204803345345,63.990940695762156,32,10.166666666666666
L0506155809_A810,12.072971,10.929,10.934375,0.0,1.0,9.666667,0.75512034,637.5197700255394,868.7937155168376,591.6301445075032,12.04204803345345,63.990940695762156,32,10.166666666666666
L0303194826,4.7241011,7.963,7.9629998,-0.89488572,0.92374587,9.5,3.3980434,637.5197700255394,868.7937155168376,591.6301445075032,4.712001077538435,25.039377078838736,33,9.25
L0303194826,4.7241011,7.963,7.9629998,-0.89488572,0.92374587,9.5,3.3980434,637.5197700255394,868.7937155168376,591.6301445075032,4.712001077538435,25.039377078838736,33,9.166666666666666
L0303194826,4.7241011,7.963,7.9629998,-0.89488572,0.92374587,9.5,3.3980434,637.5197700255394,868.7937155168376,591.6301445075032,4.712001077538435,25.039377078838736,33,9.0
L0303194826,4.7241011,7.963,7.9629998,-0.89488572,0.92374587,9.5,3.3980434,637.5197700255394,868.7937155168376,591.6301445075032,4.712001077538435,25.039377078838736,33,10.833333333333334
L0303194826,4.7241011,7.963,7.9629998,-0.89488572,0.92374587,9.5,3.3980434,637.5197700255394,868.7937155168376,591.6301445075032,4.712001077538435,25.039377078838736,33,8.583333333333334
L0303194826,4.7241011,7.963,7.9629998,-0.89488572,0.92374587,9.5,3.3980434,637.5197700255394,868.7937155168376,591.6301445075032,4.712001077538435,25.039377078838736,33,9.333333333333334
L0303194826,4.7241011,7.963,7.9629998,-0.89488572,0.92374587,9.5,3.3980434,637.5197700255394,868.7937155168376,591.6301445075032,4.712001077538435,25.039377078838736,33,10.0
L0303194826,4.7241011,7.963,7.9629998,-0.89488572,0.92374587,9.5,3.3980434,637.5197700255394,868.7937155168376,591.6301445075032,4.712001077538435,25.039377078838736,33,9.75
L0303194826,4.7241011,7.963,7.9629998,-0.89488572,0.92374587,9.5,3.3980434,637.5197700255394,868.7937155168376,591.6301445075032,4.712001077538435,25.039377078838736,33,8.833333333333334
L0303194826,4.7241011,7.963,7.9629998,-0.89488572,0.92374587,9.5,3.3980434,637.5197700255394,868.7937155168376,591.6301445075032,4.712001077538435,25.039377078838736,33,10.166666666666666
L0516111321_1561,4.9179726,4.889,4.8889999,-0.90704554,0.21794982,10.5,0.75512034,637.5197700255394,868.7937155168376,591.6301445075032,4.905376006983529,26.06696338374234,34,10.25
L0516111321_1561,4.9179726,4.889,4.8889999,-0.90704554,0.21794982,10.5,0.75512034,637.5197700255394,868.7937155168376,591.6301445075032,4.905376006983529,26.06696338374234,34,10.0
L0516111321_1561,4.9179726,4.889,4.8889999,-0.90704554,0.21794982,10.5,0.75512034,637.5197700255394,868.7937155168376,591.6301445075032,4.905376006983529,26.06696338374234,34,9.833333333333334
L0516111321_1561,4.9179726,4.889,4.8889999,-0.90704554,0.21794982,10.5,0.75512034,637.5197700255394,868.7937155168376,591.6301445075032,4.905376006983529,26.06696338374234,34,9.75
L0516111321_1561,4.9179726,4.889,4.8889999,-0.90704554,0.21794982,10.5,0.75512034,637.5197700255394,868.7937155168376,591.6301445075032,4.905376006983529,26.06696338374234,34,9.583333333333334
L0516111321_1561,4.9179726,4.889,4.8889999,-0.90704554,0.21794982,10.5,0.75512034,637.5197700255394,868.7937155168376,591.6301445075032,4.905376006983529,26.06696338374234,34,9.666666666666666
L0516111321_1561,4.9179726,4.889,4.8889999,-0.90704554,0.21794982,10.5,0.75512034,637.5197700255394,868.7937155168376,591.6301445075032,4.905376006983529,26.06696338374234,34,9.5
L0516111321_1561,4.9179726,4.889,4.8889999,-0.90704554,0.21794982,10.5,0.75512034,637.5197700255394,868.7937155168376,591.6301445075032,4.905376006983529,26.06696338374234,34,10.25
L0516111321_1561,4.9179726,4.889,4.8889999,-0.90704554,0.21794982,10.5,0.75512034,637.5197700255394,868.7937155168376,591.6301445075032,4.905376006983529,26.06696338374234,34,9.583333333333334
L0516111321_1561,4.9179726,4.889,4.8889999,-0.90704554,0.21794982,10.5,0.75512034,637.5197700255394,868.7937155168376,591.6301445075032,4.905376006983529,26.06696338374234,34,10.083333333333334
L0418201900,15.501371,16.171,16.171,-1.1948786,0.21625219,9.5,0.48543462,637.5197700255394,868.7937155168376,591.6301445075032,15.461666740223455,82.1626517916764,35,8.75
L0418201900,15.501371,16.171,16.171,-1.1948786,0.21625219,9.5,0.48543462,637.5197700255394,868.7937155168376,591.6301445075032,15.461666740223455,82.1626517916764,35,8.75
L0418201900,15.501371,16.171,16.171,-1.1948786,0.21625219,9.5,0.48543462,637.5197700255394,868.7937155168376,591.6301445075032,15.461666740223455,82.1626517916764,35,8.666666666666666
L0418201900,15.501371,16.171,16.171,-1.1948786,0.21625219,9.5,0.48543462,637.5197700255394,868.7937155168376,591.6301445075032,15.461666740223455,82.1626517916764,35,9.083333333333334
L0418201900,15.501371,16.171,16.171,-1.1948786,0.21625219,9.5,0.48543462,637.5197700255394,868.7937155168376,591.6301445075032,15.461666740223455,82.1626517916764,35,8.833333333333334
L0418201900,15.501371,16.171,16.171,-1.1948786,0.21625219,9.5,0.48543462,637.5197700255394,868.7937155168376,591.6301445075032,15.461666740223455,82.1626517916764,35,8.333333333333334
L0418201900,15.501371,16.171,16.171,-1.1948786,0.21625219,9.5,0.48543462,637.5197700255394,868.7937155168376,591.6301445075032,15.461666740223455,82.1626517916764,35,9.0
L0418201900,15.501371,16.171,16.171,-1.1948786,0.21625219,9.5,0.48543462,637.5197700255394,868.7937155168376,591.6301445075032,15.461666740223455,82.1626517916764,35,8.833333333333334
L0418201900,15.501371,16.171,16.171,-1.1948786,0.21625219,9.5,0.48543462,637.5197700255394,868.7937155168376,591.6301445075032,15.461666740223455,82.1626517916764,35,9.083333333333334
L0418201900,15.501371,16.171,16.171,-1.1948786,0.21625219,9.5,0.48543462,637.5197700255394,868.7937155168376,591.6301445075032,15.461666740223455,82.1626517916764,35,8.5
L0323153816,8.1119556,7.215,7.2024169,-0.88611126,0.40733337,9.5,0.61782604,637.5197700255394,868.7937155168376,591.6301445075032,8.091178135062338,42.99618293842134,36,9.333333333333334
L0323153816,8.1119556,7.215,7.2024169,-0.88611126,0.40733337,9.5,0.61782604,637.5197700255394,868.7937155168376,591.6301445075032,8.091178135062338,42.99618293842134,36,9.083333333333334
L0323153816,8.1119556,7.215,7.2024169,-0.88611126,0.40733337,9.5,0.61782604,637.5197700255394,868.7937155168376,591.6301445075032,8.091178135062338,42.99618293842134,36,7.916666666666667
L0323153816,8.1119556,7.215,7.2024169,-0.88611126,0.40733337,9.5,0.61782604,637.5197700255394,868.7937155168376,591.6301445075032,8.091178135062338,42.99618293842134,36,9.333333333333334
L0323153816,8.1119556,7.215,7.2024169,-0.88611126,0.40733337,9.5,0.61782604,637.5197700255394,868.7937155168376,591.6301445075032,8.091178135062338,42.99618293842134,36,8.833333333333334
L0323153816,8.1119556,7.215,7.2024169,-0.88611126,0.40733337,9.5,0.61782604,637.5197700255394,868.7937155168376,591.6301445075032,8.091178135062338,42.99618293842134,36,8.583333333333334
L0323153816,8.1119556,7.215,7.2024169,-0.88611126,0.40733337,9.5,0.61782604,637.5197700255394,868.7937155168376,591.6301445075032,8.091178135062338,42.99618293842134,36,8.916666666666666
L0323153816,8.1119556,7.215,7.2024169,-0.88611126,0.40733337,9.5,0.61782604,637.5197700255394,868.7937155168376,591.6301445075032,8.091178135062338,42.99618293842134,36,9.0
L0323153816,8.1119556,7.215,7.2024169,-0.88611126,0.40733337,9.5,0.61782604,637.5197700255394,868.7937155168376,591.6301445075032,8.091178135062338,42.99618293842134,36,9.333333333333334
L0323153816,8.1119556,7.215,7.2024169,-0.88611126,0.40733337,9.5,0.61782604,637.5197700255394,868.7937155168376,591.6301445075032,8.091178135062338,42.99618293842134,36,8.416666666666666
L0512165956_D7AF,8.6330519,10.21,9.8478127,-0.36743456,0.91596681,9.5,0.37756038,637.5197700255394,868.7937155168376,591.6301445075032,8.610939730998819,45.75817436787819,37,10.416666666666666
L0512165956_D7AF,8.6330519,10.21,9.8478127,-0.36743456,0.91596681,9.5,0.37756038,637.5197700255394,868.7937155168376,591.6301445075032,8.610939730998819,45.75817436787819,37,10.166666666666666
L0512165956_D7AF,8.6330519,10.21,9.8478127,-0.36743456,0.91596681,9.5,0.37756038,637.5197700255394,868.7937155168376,591.6301445075032,8.610939730998819,45.75817436787819,37,9.333333333333334
L0512165956_D7AF,8.6330519,10.21,9.8478127,-0.36743456,0.91596681,9.5,0.37756038,637.5197700255394,868.7937155168376,591.6301445075032,8.610939730998819,45.75817436787819,37,9.333333333333334
L0512165956_D7AF,8.6330519,10.21,9.8478127,-0.36743456,0.91596681,9.5,0.37756038,637.5197700255394,868.7937155168376,591.6301445075032,8.610939730998819,45.75817436787819,37,9.666666666666666
L0512165956_D7AF,8.6330519,10.21,9.8478127,-0.36743456,0.91596681,9.5,0.37756038,637.5197700255394,868.7937155168376,591.6301445075032,8.610939730998819,45.75817436787819,37,10.25
L0512165956_D7AF,8.6330519,10.21,9.8478127,-0.36743456,0.91596681,9.5,0.37756038,637.5197700255394,868.7937155168376,591.6301445075032,8.610939730998819,45.75817436787819,37,8.916666666666666
L0512165956_D7AF,8.6330519,10.21,9.8478127,-0.36743456,0.91596681,9.5,0.37756038,637.5197700255394,868.7937155168376,591.6301445075032,8.610939730998819,45.75817436787819,37,10.0
L0512165956_D7AF,8.6330519,10.21,9.8478127,-0.36743456,0.91596681,9.5,0.37756038,637.5197700255394,868.7937155168376,591.6301445075032,8.610939730998819,45.75817436787819,37,9.416666666666666
L0512165956_D7AF,8.6330519,10.21,9.8478127,-0.36743456,0.91596681,9.5,0.37756038,637.5197700255394,868.7937155168376,591.6301445075032,8.610939730998819,45.75817436787819,37,9.916666666666666
L0417211454,4.7021132,4.251,4.2254443,2.3731942,0.097227044,9.5,1.3592167,637.5197700255394,868.7937155168376,591.6301445075032,4.69006949599527,24.92283356979491,38,12.166666666666666
L0417211454,4.7021132,4.251,4.2254443,2.3731942,0.097227044,9.5,1.3592167,637.5197700255394,868.7937155168376,591.6301445075032,4.69006949599527,24.92283356979491,38,12.083333333333334
L0417211454,4.7021132,4.251,4.2254443,2.3731942,0.097227044,9.5,1.3592167,637.5197700255394,868.7937155168376,591.6301445075032,4.69006949599527,24.92283356979491,38,12.166666666666666
L0417211454,4.7021132,4.251,4.2254443,2.3731942,0.097227044,9.5,1.3592167,637.5197700255394,868.7937155168376,591.6301445075032,4.69006949599527,24.92283356979491,38,12.25
L0417211454,4.7021132,4.251,4.2254443,2.3731942,0.097227044,9.5,1.3592167,637.5197700255394,868.7937155168376,591.6301445075032,4.69006949599527,24.92283356979491,38,12.166666666666666
L0417211454,4.7021132,4.251,4.2254443,2.3731942,0.097227044,9.5,1.3592167,637.5197700255394,868.7937155168376,591.6301445075032,4.69006949599527,24.92283356979491,38,12.083333333333334
L0417211454,4.7021132,4.251,4.2254443,2.3731942,0.097227044,9.5,1.3592167,637.5197700255394,868.7937155168376,591.6301445075032,4.69006949599527,24.92283356979491,38,12.166666666666666
L0417211454,4.7021132,4.251,4.2254443,2.3731942,0.097227044,9.5,1.3592167,637.5197700255394,868.7937155168376,591.6301445075032,4.69006949599527,24.92283356979491,38,12.25
L0417211454,4.7021132,4.251,4.2254443,2.3731942,0.097227044,9.5,1.3592167,637.5197700255394,868.7937155168376,591.6301445075032,4.69006949599527,24.92283356979491,38,12.083333333333334
L0417211454,4.7021132,4.251,4.2254443,2.3731942,0.097227044,9.5,1.3592167,637.5197700255394,868.7937155168376,591.6301445075032,4.69006949599527,24.92283356979491,38,12.083333333333334
L0504193107_4BC7,19.741356,23.096,23.096001,-0.9994337,0.28730667,9.5,0.48543462,637.5197700255394,868.7937155168376,591.6301445075032,19.690791703011996,104.63604534873215,39,10.333333333333334
L0504193107_4BC7,19.741356,23.096,23.096001,-0.9994337,0.28730667,9.5,0.48543462,637.5197700255394,868.7937155168376,591.6301445075032,19.690791703011996,104.63604534873215,39,9.333333333333334
L0504193107_4BC7,19.741356,23.096,23.096001,-0.9994337,0.28730667,9.5,0.48543462,637.5197700255394,868.7937155168376,591.6301445075032,19.690791703011996,104.63604534873215,39,10.0
L0504193107_4BC7,19.741356,23.096,23.096001,-0.9994337,0.28730667,9.5,0.48543462,637.5197700255394,868.7937155168376,591.6301445075032,19.690791703011996,104.63604534873215,39,9.75
L0504193107_4BC7,19.741356,23.096,23.096001,-0.9994337,0.28730667,9.5,0.48543462,637.5197700255394,868.7937155168376,591.6301445075032,19.690791703011996,104.63604534873215,39,9.166666666666666
L0504193107_4BC7,19.741356,23.096,23.096001,-0.9994337,0.28730667,9.5,0.48543462,637.5197700255394,868.7937155168376,591.6301445075032,19.690791703011996,104.63604534873215,39,9.333333333333334
L0504193107_4BC7,19.741356,23.096,23.096001,-0.9994337,0.28730667,9.5,0.48543462,637.5197700255394,868.7937155168376,591.6301445075032,19.690791703011996,104.63604534873215,39,9.083333333333334
L0504193107_4BC7,19.741356,23.096,23.096001,-0.9994337,0.28730667,9.5,0.48543462,637.5197700255394,868.7937155168376,591.6301445075032,19.690791703011996,104.63604534873215,39,9.5
L0504193107_4BC7,19.741356,23.096,23.096001,-0.9994337,0.28730667,9.5,0.48543462,637.5197700255394,868.7937155168376,591.6301445075032,19.690791703011996,104.63604534873215,39,9.5
L0504193107_4BC7,19.741356,23.096,23.096001,-0.9994337,0.28730667,9.5,0.48543462,637.5197700255394,868.7937155168376,591.6301445075032,19.690791703011996,104.63604534873215,39,8.75
L0418191407,9.5232191,10.147,10.147,0.0,1.0,10.5,1.3592167,637.5197700255394,868.7937155168376,591.6301445075032,9.498826911395822,50.47636979007482,40,12.416666666666666
L0418191407,9.5232191,10.147,10.147,0.0,1.0,10.5,1.3592167,637.5197700255394,868.7937155168376,591.6301445075032,9.498826911395822,50.47636979007482,40,10.75
L0418191407,9.5232191,10.147,10.147,0.0,1.0,10.5,1.3592167,637.5197700255394,868.7937155168376,591.6301445075032,9.498826911395822,50.47636979007482,40,10.916666666666666
L0418191407,9.5232191,10.147,10.147,0.0,1.0,10.5,1.3592167,637.5197700255394,868.7937155168376,591.6301445075032,9.498826911395822,50.47636979007482,40,9.333333333333334
L0418191407,9.5232191,10.147,10.147,0.0,1.0,10.5,1.3592167,637.5197700255394,868.7937155168376,591.6301445075032,9.498826911395822,50.47636979007482,40,11.166666666666666
L0418191407,9.5232191,10.147,10.147,0.0,1.0,10.5,1.3592167,637.5197700255394,868.7937155168376,591.6301445075032,9.498826911395822,50.47636979007482,40,12.25
L0418191407,9.5232191,10.147,10.147,0.0,1.0,10.5,1.3592167,637.5197700255394,868.7937155168376,591.6301445075032,9.498826911395822,50.47636979007482,40,11.916666666666666
L0418191407,9.5232191,10.147,10.147,0.0,1.0,10.5,1.3592167,637.5197700255394,868.7937155168376,591.6301445075032,9.498826911395822,50.47636979007482,40,9.5
L0418191407,9.5232191,10.147,10.147,0.0,1.0,10.5,1.3592167,637.5197700255394,868.7937155168376,591.6301445075032,9.498826911395822,50.47636979007482,40,11.75
L0418191407,9.5232191,10.147,10.147,0.0,1.0,10.5,1.3592167,637.5197700255394,868.7937155168376,591.6301445075032,9.498826911395822,50.47636979007482,40,12.333333333333334
L0411153041,9.5679007,10.981,10.981,0.0,1.0,10.5,0.27184331,637.5197700255394,868.7937155168376,591.6301445075032,9.543394066689372,50.71319779337174,41,12.25
L0411153041,9.5679007,10.981,10.981,0.0,1.0,10.5,0.27184331,637.5197700255394,868.7937155168376,591.6301445075032,9.543394066689372,50.71319779337174,41,12.083333333333334
L0411153041,9.5679007,10.981,10.981,0.0,1.0,10.5,0.27184331,637.5197700255394,868.7937155168376,591.6301445075032,9.543394066689372,50.71319779337174,41,10.666666666666666
L0411153041,9.5679007,10.981,10.981,0.0,1.0,10.5,0.27184331,637.5197700255394,868.7937155168376,591.6301445075032,9.543394066689372,50.71319779337174,41,10.25
L0411153041,9.5679007,10.981,10.981,0.0,1.0,10.5,0.27184331,637.5197700255394,868.7937155168376,591.6301445075032,9.543394066689372,50.71319779337174,41,10.25
L0411153041,9.5679007,10.981,10.981,0.0,1.0,10.5,0.27184331,637.5197700255394,868.7937155168376,591.6301445075032,9.543394066689372,50.71319779337174,41,14.083333333333334
L0411153041,9.5679007,10.981,10.981,0.0,1.0,10.5,0.27184331,637.5197700255394,868.7937155168376,591.6301445075032,9.543394066689372,50.71319779337174,41,10.833333333333334
L0411153041,9.5679007,10.981,10.981,0.0,1.0,10.5,0.27184331,637.5197700255394,868.7937155168376,591.6301445075032,9.543394066689372,50.71319779337174,41,11.5
L0411153041,9.5679007,10.981,10.981,0.0,1.0,10.5,0.27184331,637.5197700255394,868.7937155168376,591.6301445075032,9.543394066689372,50.71319779337174,41,11.25
L0411153041,9.5679007,10.981,10.981,0.0,1.0,10.5,0.27184331,637.5197700255394,868.7937155168376,591.6301445075032,9.543394066689372,50.71319779337174,41,10.666666666666666
L0404084037,12.98773,14.506,14.492084,0.0,1.0,10.0,0.37756038,637.5197700255394,868.7937155168376,591.6301445075032,12.954464025924054,68.83948120165044,42,10.583333333333334
L0404084037,12.98773,14.506,14.492084,0.0,1.0,10.0,0.37756038,637.5197700255394,868.7937155168376,591.6301445075032,12.954464025924054,68.83948120165044,42,11.0
L0404084037,12.98773,14.506,14.492084,0.0,1.0,10.0,0.37756038,637.5197700255394,868.7937155168376,591.6301445075032,12.954464025924054,68.83948120165044,42,10.75
L0404084037,12.98773,14.506,14.492084,0.0,1.0,10.0,0.37756038,637.5197700255394,868.7937155168376,591.6301445075032,12.954464025924054,68.83948120165044,42,11.75
L0404084037,12.98773,14.506,14.492084,0.0,1.0,10.0,0.37756038,637.5197700255394,868.7937155168376,591.6301445075032,12.954464025924054,68.83948120165044,42,11.666666666666666
L0404084037,12.98773,14.506,14.492084,0.0,1.0,10.0,0.37756038,637.5197700255394,868.7937155168376,591.6301445075032,12.954464025924054,68.83948120165044,42,8.833333333333334
L0404084037,12.98773,14.506,14.492084,0.0,1.0,10.0,0.37756038,637.5197700255394,868.7937155168376,591.6301445075032,12.954464025924054,68.83948120165044,42,10.916666666666666
L0404084037,12.98773,14.506,14.492084,0.0,1.0,10.0,0.37756038,637.5197700255394,868.7937155168376,591.6301445075032,12.954464025924054,68.83948120165044,42,10.583333333333334
L0404084037,12.98773,14.506,14.492084,0.0,1.0,10.0,0.37756038,637.5197700255394,868.7937155168376,591.6301445075032,12.954464025924054,68.83948120165044,42,9.166666666666666
L0404084037,12.98773,14.506,14.492084,0.0,1.0,10.0,0.37756038,637.5197700255394,868.7937155168376,591.6301445075032,12.954464025924054,68.83948120165044,42,9.75
L0515140017_1614,21.810308,21.507,21.507,-1.4440277,0.42095292,9.5,0.37756038,637.5197700255394,868.7937155168376,591.6301445075032,21.754444416408685,115.60220974475186,43,9.333333333333334
L0515140017_1614,21.810308,21.507,21.507,-1.4440277,0.42095292,9.5,0.37756038,637.5197700255394,868.7937155168376,591.6301445075032,21.754444416408685,115.60220974475186,43,9.416666666666666
L0515140017_1614,21.810308,21.507,21.507,-1.4440277,0.42095292,9.5,0.37756038,637.5197700255394,868.7937155168376,591.6301445075032,21.754444416408685,115.60220974475186,43,9.416666666666666
L0515140017_1614,21.810308,21.507,21.507,-1.4440277,0.42095292,9.5,0.37756038,637.5197700255394,868.7937155168376,591.6301445075032,21.754444416408685,115.60220974475186,43,9.0
L0515140017_1614,21.810308,21.507,21.507,-1.4440277,0.42095292,9.5,0.37756038,637.5197700255394,868.7937155168376,591.6301445075032,21.754444416408685,115.60220974475186,43,9.416666666666666
L0515140017_1614,21.810308,21.507,21.507,-1.4440277,0.42095292,9.5,0.37756038,637.5197700255394,868.7937155168376,591.6301445075032,21.754444416408685,115.60220974475186,43,9.833333333333334
L0515140017_1614,21.810308,21.507,21.507,-1.4440277,0.42095292,9.5,0.37756038,637.5197700255394,868.7937155168376,591.6301445075032,21.754444416408685,115.60220974475186,43,8.5
L0515140017_1614,21.810308,21.507,21.507,-1.4440277,0.42095292,9.5,0.37756038,637.5197700255394,868.7937155168376,591.6301445075032,21.754444416408685,115.60220974475186,43,9.333333333333334
L0515140017_1614,21.810308,21.507,21.507,-1.4440277,0.42095292,9.5,0.37756038,637.5197700255394,868.7937155168376,591.6301445075032,21.754444416408685,115.60220974475186,43,9.833333333333334
L0515140017_1614,21.810308,21.507,21.507,-1.4440277,0.42095292,9.5,0.37756038,637.5197700255394,868.7937155168376,591.6301445075032,21.754444416408685,115.60220974475186,43,9.333333333333334
L0406211052,17.761444,17.21,18.690111,0.96737844,0.39823878,10.0,0.37756038,637.5197700255394,868.7937155168376,591.6301445075032,17.71595092802704,94.14182388702007,44,11.666666666666666
L0406211052,17.761444,17.21,18.690111,0.96737844,0.39823878,10.0,0.37756038,637.5197700255394,868.7937155168376,591.6301445075032,17.71595092802704,94.14182388702007,44,11.25
L0406211052,17.761444,17.21,18.690111,0.96737844,0.39823878,10.0,0.37756038,637.5197700255394,868.7937155168376,591.6301445075032,17.71595092802704,94.14182388702007,44,11.416666666666666
L0406211052,17.761444,17.21,18.690111,0.96737844,0.39823878,10.0,0.37756038,637.5197700255394,868.7937155168376,591.6301445075032,17.71595092802704,94.14182388702007,44,12.083333333333334
L0406211052,17.761444,17.21,18.690111,0.96737844,0.39823878,10.0,0.37756038,637.5197700255394,868.7937155168376,591.6301445075032,17.71595092802704,94.14182388702007,44,12.25
L0406211052,17.761444,17.21,18.690111,0.96737844,0.39823878,10.0,0.37756038,637.5197700255394,868.7937155168376,591.6301445075032,17.71595092802704,94.14182388702007,44,11.416666666666666
L0406211052,17.761444,17.21,18.690111,0.96737844,0.39823878,10.0,0.37756038,637.5197700255394,868.7937155168376,591.6301445075032,17.71595092802704,94.14182388702007,44,11.75
L0406211052,17.761444,17.21,18.690111,0.96737844,0.39823878,10.0,0.37756038,637.5197700255394,868.7937155168376,591.6301445075032,17.71595092802704,94.14182388702007,44,11.833333333333334
L0406211052,17.761444,17.21,18.690111,0.96737844,0.39823878,10.0,0.37756038,637.5197700255394,868.7937155168376,591.6301445075032,17.71595092802704,94.14182388702007,44,11.25
L0406211052,17.761444,17.21,18.690111,0.96737844,0.39823878,10.0,0.37756038,637.5197700255394,868.7937155168376,591.6301445075032,17.71595092802704,94.14182388702007,44,11.916666666666666
L0414082305,7.5771446,8.238,8.2379999,-0.84296256,0.30766001,9.833333,0.37056431,637.5197700255394,868.7937155168376,591.6301445075032,7.557736967116247,40.16149883419867,45,9.166666666666666
L0414082305,7.5771446,8.238,8.2379999,-0.84296256,0.30766001,9.833333,0.37056431,637.5197700255394,868.7937155168376,591.6301445075032,7.557736967116247,40.16149883419867,45,9.166666666666666
L0414082305,7.5771446,8.238,8.2379999,-0.84296256,0.30766001,9.833333,0.37056431,637.5197700255394,868.7937155168376,591.6301445075032,7.557736967116247,40.16149883419867,45,9.0
L0414082305,7.5771446,8.238,8.2379999,-0.84296256,0.30766001,9.833333,0.37056431,637.5197700255394,868.7937155168376,591.6301445075032,7.557736967116247,40.16149883419867,45,9.166666666666666
L0414082305,7.5771446,8.238,8.2379999,-0.84296256,0.30766001,9.833333,0.37056431,637.5197700255394,868.7937155168376,591.6301445075032,7.557736967116247,40.16149883419867,45,9.0
L0414082305,7.5771446,8.238,8.2379999,-0.84296256,0.30766001,9.833333,0.37056431,637.5197700255394,868.7937155168376,591.6301445075032,7.557736967116247,40.16149883419867,45,9.166666666666666
L0414082305,7.5771446,8.238,8.2379999,-0.84296256,0.30766001,9.833333,0.37056431,637.5197700255394,868.7937155168376,591.6301445075032,7.557736967116247,40.16149883419867,45,10.083333333333334
L0414082305,7.5771446,8.238,8.2379999,-0.84296256,0.30766001,9.833333,0.37056431,637.5197700255394,868.7937155168376,591.6301445075032,7.557736967116247,40.16149883419867,45,9.5
L0414082305,7.5771446,8.238,8.2379999,-0.84296256,0.30766001,9.833333,0.37056431,637.5197700255394,868.7937155168376,591.6301445075032,7.557736967116247,40.16149883419867,45,9.666666666666666
L0414082305,7.5771446,8.238,8.2379999,-0.84296256,0.30766001,9.833333,0.37056431,637.5197700255394,868.7937155168376,591.6301445075032,7.557736967116247,40.16149883419867,45,9.583333333333334
L0506102509_FB89,11.012214,8.283,8.283,0.0,1.0,10.0,1.3592167,637.5197700255394,868.7937155168376,591.6301445075032,10.984007991294648,58.36856006719818,46,9.0
L0506102509_FB89,11.012214,8.283,8.283,0.0,1.0,10.0,1.3592167,637.5197700255394,868.7937155168376,591.6301445075032,10.984007991294648,58.36856006719818,46,13.0
L0506102509_FB89,11.012214,8.283,8.283,0.0,1.0,10.0,1.3592167,637.5197700255394,868.7937155168376,591.6301445075032,10.984007991294648,58.36856006719818,46,11.583333333333334
L0506102509_FB89,11.012214,8.283,8.283,0.0,1.0,10.0,1.3592167,637.5197700255394,868.7937155168376,591.6301445075032,10.984007991294648,58.36856006719818,46,9.666666666666666
L0506102509_FB89,11.012214,8.283,8.283,0.0,1.0,10.0,1.3592167,637.5197700255394,868.7937155168376,591.6301445075032,10.984007991294648,58.36856006719818,46,11.666666666666666
L0506102509_FB89,11.012214,8.283,8.283,0.0,1.0,10.0,1.3592167,637.5197700255394,868.7937155168376,591.6301445075032,10.984007991294648,58.36856006719818,46,10.25
L0506102509_FB89,11.012214,8.283,8.283,0.0,1.0,10.0,1.3592167,637.5197700255394,868.7937155168376,591.6301445075032,10.984007991294648,58.36856006719818,46,11.583333333333334
L0506102509_FB89,11.012214,8.283,8.283,0.0,1.0,10.0,1.3592167,637.5197700255394,868.7937155168376,591.6301445075032,10.984007991294648,58.36856006719818,46,10.916666666666666
L0506102509_FB89,11.012214,8.283,8.283,0.0,1.0,10.0,1.3592167,637.5197700255394,868.7937155168376,591.6301445075032,10.984007991294648,58.36856006719818,46,9.666666666666666
L0506102509_FB89,11.012214,8.283,8.283,0.0,1.0,10.0,1.3592167,637.5197700255394,868.7937155168376,591.6301445075032,10.984007991294648,58.36856006719818,46,11.083333333333334
L0418191407,9.5232191,10.147,10.147,0.0,1.0,10.5,1.3592167,637.5197700255394,868.7937155168376,591.6301445075032,9.498826911395822,50.47636979007482,47,11.166666666666666
L0418191407,9.5232191,10.147,10.147,0.0,1.0,10.5,1.3592167,637.5197700255394,868.7937155168376,591.6301445075032,9.498826911395822,50.47636979007482,47,11.666666666666666
L0418191407,9.5232191,10.147,10.147,0.0,1.0,10.5,1.3592167,637.5197700255394,868.7937155168376,591.6301445075032,9.498826911395822,50.47636979007482,47,11.0
L0418191407,9.5232191,10.147,10.147,0.0,1.0,10.5,1.3592167,637.5197700255394,868.7937155168376,591.6301445075032,9.498826911395822,50.47636979007482,47,10.0
L0418191407,9.5232191,10.147,10.147,0.0,1.0,10.5,1.3592167,637.5197700255394,868.7937155168376,591.6301445075032,9.498826911395822,50.47636979007482,47,9.333333333333334
L0418191407,9.5232191,10.147,10.147,0.0,1.0,10.5,1.3592167,637.5197700255394,868.7937155168376,591.6301445075032,9.498826911395822,50.47636979007482,47,11.5
L0418191407,9.5232191,10.147,10.147,0.0,1.0,10.5,1.3592167,637.5197700255394,868.7937155168376,591.6301445075032,9.498826911395822,50.47636979007482,47,12.666666666666666
L0418191407,9.5232191,10.147,10.147,0.0,1.0,10.5,1.3592167,637.5197700255394,868.7937155168376,591.6301445075032,9.498826911395822,50.47636979007482,47,13.083333333333334
L0418191407,9.5232191,10.147,10.147,0.0,1.0,10.5,1.3592167,637.5197700255394,868.7937155168376,591.6301445075032,9.498826911395822,50.47636979007482,47,11.333333333333334
L0418191407,9.5232191,10.147,10.147,0.0,1.0,10.5,1.3592167,637.5197700255394,868.7937155168376,591.6301445075032,9.498826911395822,50.47636979007482,47,11.0
L0525091919_2EF1,17.80731,18.332,18.436619,-1.4861805,0.14376643,10.5,0.27184331,637.5197700255394,868.7937155168376,591.6301445075032,17.761699449671166,94.38492962180166,48,10.166666666666666
L0525091919_2EF1,17.80731,18.332,18.436619,-1.4861805,0.14376643,10.5,0.27184331,637.5197700255394,868.7937155168376,591.6301445075032,17.761699449671166,94.38492962180166,48,10.083333333333334
L0525091919_2EF1,17.80731,18.332,18.436619,-1.4861805,0.14376643,10.5,0.27184331,637.5197700255394,868.7937155168376,591.6301445075032,17.761699449671166,94.38492962180166,48,9.916666666666666
L0525091919_2EF1,17.80731,18.332,18.436619,-1.4861805,0.14376643,10.5,0.27184331,637.5197700255394,868.7937155168376,591.6301445075032,17.761699449671166,94.38492962180166,48,10.0
L0525091919_2EF1,17.80731,18.332,18.436619,-1.4861805,0.14376643,10.5,0.27184331,637.5197700255394,868.7937155168376,591.6301445075032,17.761699449671166,94.38492962180166,48,10.0
L0525091919_2EF1,17.80731,18.332,18.436619,-1.4861805,0.14376643,10.5,0.27184331,637.5197700255394,868.7937155168376,591.6301445075032,17.761699449671166,94.38492962180166,48,10.0
L0525091919_2EF1,17.80731,18.332,18.436619,-1.4861805,0.14376643,10.5,0.27184331,637.5197700255394,868.7937155168376,591.6301445075032,17.761699449671166,94.38492962180166,48,10.0
L0525091919_2EF1,17.80731,18.332,18.436619,-1.4861805,0.14376643,10.5,0.27184331,637.5197700255394,868.7937155168376,591.6301445075032,17.761699449671166,94.38492962180166,48,10.25
L0525091919_2EF1,17.80731,18.332,18.436619,-1.4861805,0.14376643,10.5,0.27184331,637.5197700255394,868.7937155168376,591.6301445075032,17.761699449671166,94.38492962180166,48,10.0
L0525091919_2EF1,17.80731,18.332,18.436619,-1.4861805,0.14376643,10.5,0.27184331,637.5197700255394,868.7937155168376,591.6301445075032,17.761699449671166,94.38492962180166,48,10.25
L0412201251,20.367945,20.236,20.236,-1.1772221,0.21567266,9.5,0.97086877,637.5197700255394,868.7937155168376,591.6301445075032,20.315775796424756,107.95718473849934,49,9.583333333333334
L0412201251,20.367945,20.236,20.236,-1.1772221,0.21567266,9.5,0.97086877,637.5197700255394,868.7937155168376,591.6301445075032,20.315775796424756,107.95718473849934,49,9.583333333333334
L0412201251,20.367945,20.236,20.236,-1.1772221,0.21567266,9.5,0.97086877,637.5197700255394,868.7937155168376,591.6301445075032,20.315775796424756,107.95718473849934,49,9.333333333333334
L0412201251,20.367945,20.236,20.236,-1.1772221,0.21567266,9.5,0.97086877,637.5197700255394,868.7937155168376,591.6301445075032,20.315775796424756,107.95718473849934,49,9.5
L0412201251,20.367945,20.236,20.236,-1.1772221,0.21567266,9.5,0.97086877,637.5197700255394,868.7937155168376,591.6301445075032,20.315775796424756,107.95718473849934,49,9.916666666666666
L0412201251,20.367945,20.236,20.236,-1.1772221,0.21567266,9.5,0.97086877,637.5197700255394,868.7937155168376,591.6301445075032,20.315775796424756,107.95718473849934,49,9.666666666666666
L0412201251,20.367945,20.236,20.236,-1.1772221,0.21567266,9.5,0.97086877,637.5197700255394,868.7937155168376,591.6301445075032,20.315775796424756,107.95718473849934,49,9.416666666666666
L0412201251,20.367945,20.236,20.236,-1.1772221,0.21567266,9.5,0.97086877,637.5197700255394,868.7937155168376,591.6301445075032,20.315775796424756,107.95718473849934,49,9.333333333333334
L0412201251,20.367945,20.236,20.236,-1.1772221,0.21567266,9.5,0.97086877,637.5197700255394,868.7937155168376,591.6301445075032,20.315775796424756,107.95718473849934,49,9.666666666666666
L0412201251,20.367945,20.236,20.236,-1.1772221,0.21567266,9.5,0.97086877,637.5197700255394,868.7937155168376,591.6301445075032,20.315775796424756,107.95718473849934,49,10.083333333333334
L0408095637,12.288573,9.804,9.8607712,-0.82555562,0.25319707,10.5,0.19417374,637.5197700255394,868.7937155168376,591.6301445075032,12.257097803730261,65.13370620028358,50,10.25
L0408095637,12.288573,9.804,9.8607712,-0.82555562,0.25319707,10.5,0.19417374,637.5197700255394,868.7937155168376,591.6301445075032,12.257097803730261,65.13370620028358,50,10.416666666666666
L0408095637,12.288573,9.804,9.8607712,-0.82555562,0.25319707,10.5,0.19417374,637.5197700255394,868.7937155168376,591.6301445075032,12.257097803730261,65.13370620028358,50,10.083333333333334
L0408095637,12.288573,9.804,9.8607712,-0.82555562,0.25319707,10.5,0.19417374,637.5197700255394,868.7937155168376,591.6301445075032,12.257097803730261,65.13370620028358,50,10.583333333333334
L0408095637,12.288573,9.804,9.8607712,-0.82555562,0.25319707,10.5,0.19417374,637.5197700255394,868.7937155168376,591.6301445075032,12.257097803730261,65.13370620028358,50,10.25
L0408095637,12.288573,9.804,9.8607712,-0.82555562,0.25319707,10.5,0.19417374,637.5197700255394,868.7937155168376,591.6301445075032,12.257097803730261,65.13370620028358,50,10.333333333333334
L0408095637,12.288573,9.804,9.8607712,-0.82555562,0.25319707,10.5,0.19417374,637.5197700255394,868.7937155168376,591.6301445075032,12.257097803730261,65.13370620028358,50,10.083333333333334
L0408095637,12.288573,9.804,9.8607712,-0.82555562,0.25319707,10.5,0.19417374,637.5197700255394,868.7937155168376,591.6301445075032,12.257097803730261,65.13370620028358,50,10.583333333333334
L0408095637,12.288573,9.804,9.8607712,-0.82555562,0.25319707,10.5,0.19417374,637.5197700255394,868.7937155168376,591.6301445075032,12.257097803730261,65.13370620028358,50,10.5
L0408095637,12.288573,9.804,9.8607712,-0.82555562,0.25319707,10.5,0.19417374,637.5197700255394,868.7937155168376,591.6301445075032,12.257097803730261,65.13370620028358,50,10.5
L0524084800_E9EC,8.5163946,6.383,6.5534792,-0.4883337,0.40733337,9.5,1.3592167,637.5197700255394,868.7937155168376,591.6301445075032,8.494581229843387,45.139850148758654,51,9.583333333333334
L0524084800_E9EC,8.5163946,6.383,6.5534792,-0.4883337,0.40733337,9.5,1.3592167,637.5197700255394,868.7937155168376,591.6301445075032,8.494581229843387,45.139850148758654,51,9.083333333333334
L0524084800_E9EC,8.5163946,6.383,6.5534792,-0.4883337,0.40733337,9.5,1.3592167,637.5197700255394,868.7937155168376,591.6301445075032,8.494581229843387,45.139850148758654,51,9.916666666666666
L0524084800_E9EC,8.5163946,6.383,6.5534792,-0.4883337,0.40733337,9.5,1.3592167,637.5197700255394,868.7937155168376,591.6301445075032,8.494581229843387,45.139850148758654,51,8.833333333333334
L0524084800_E9EC,8.5163946,6.383,6.5534792,-0.4883337,0.40733337,9.5,1.3592167,637.5197700255394,868.7937155168376,591.6301445075032,8.494581229843387,45.139850148758654,51,9.333333333333334
L0524084800_E9EC,8.5163946,6.383,6.5534792,-0.4883337,0.40733337,9.5,1.3592167,637.5197700255394,868.7937155168376,591.6301445075032,8.494581229843387,45.139850148758654,51,9.083333333333334
L0524084800_E9EC,8.5163946,6.383,6.5534792,-0.4883337,0.40733337,9.5,1.3592167,637.5197700255394,868.7937155168376,591.6301445075032,8.494581229843387,45.139850148758654,51,9.083333333333334
L0524084800_E9EC,8.5163946,6.383,6.5534792,-0.4883337,0.40733337,9.5,1.3592167,637.5197700255394,868.7937155168376,591.6301445075032,8.494581229843387,45.139850148758654,51,9.083333333333334
L0524084800_E9EC,8.5163946,6.383,6.5534792,-0.4883337,0.40733337,9.5,1.3592167,637.5197700255394,868.7937155168376,591.6301445075032,8.494581229843387,45.139850148758654,51,9.083333333333334
L0524084800_E9EC,8.5163946,6.383,6.5534792,-0.4883337,0.40733337,9.5,1.3592167,637.5197700255394,868.7937155168376,591.6301445075032,8.494581229843387,45.139850148758654,51,9.75
L0209101737,7.0299411,8.873,9.3838816,0.0,1.0,9.5,0.37756038,637.5197700255394,868.7937155168376,591.6301445075032,7.011935040558664,37.26113017456937,52,10.833333333333334
L0209101737,7.0299411,8.873,9.3838816,0.0,1.0,9.5,0.37756038,637.5197700255394,868.7937155168376,591.6301445075032,7.011935040558664,37.26113017456937,52,9.583333333333334
L0209101737,7.0299411,8.873,9.3838816,0.0,1.0,9.5,0.37756038,637.5197700255394,868.7937155168376,591.6301445075032,7.011935040558664,37.26113017456937,52,10.166666666666666
L0209101737,7.0299411,8.873,9.3838816,0.0,1.0,9.5,0.37756038,637.5197700255394,868.7937155168376,591.6301445075032,7.011935040558664,37.26113017456937,52,9.0
L0209101737,7.0299411,8.873,9.3838816,0.0,1.0,9.5,0.37756038,637.5197700255394,868.7937155168376,591.6301445075032,7.011935040558664,37.26113017456937,52,10.25
L0209101737,7.0299411,8.873,9.3838816,0.0,1.0,9.5,0.37756038,637.5197700255394,868.7937155168376,591.6301445075032,7.011935040558664,37.26113017456937,52,11.0
L0209101737,7.0299411,8.873,9.3838816,0.0,1.0,9.5,0.37756038,637.5197700255394,868.7937155168376,591.6301445075032,7.011935040558664,37.26113017456937,52,11.333333333333334
L0209101737,7.0299411,8.873,9.3838816,0.0,1.0,9.5,0.37756038,637.5197700255394,868.7937155168376,591.6301445075032,7.011935040558664,37.26113017456937,52,10.5
L0209101737,7.0299411,8.873,9.3838816,0.0,1.0,9.5,0.37756038,637.5197700255394,868.7937155168376,591.6301445075032,7.011935040558664,37.26113017456937,52,9.083333333333334
L0209101737,7.0299411,8.873,9.3838816,0.0,1.0,9.5,0.37756038,637.5197700255394,868.7937155168376,591.6301445075032,7.011935040558664,37.26113017456937,52,9.0
L0516111321_1561,4.9179726,4.889,4.8889999,-0.90704554,0.21794982,10.5,0.75512034,637.5197700255394,868.7937155168376,591.6301445075032,4.905376006983529,26.06696338374234,53,9.916666666666666
L0516111321_1561,4.9179726,4.889,4.8889999,-0.90704554,0.21794982,10.5,0.75512034,637.5197700255394,868.7937155168376,591.6301445075032,4.905376006983529,26.06696338374234,53,9.833333333333334
L0516111321_1561,4.9179726,4.889,4.8889999,-0.90704554,0.21794982,10.5,0.75512034,637.5197700255394,868.7937155168376,591.6301445075032,4.905376006983529,26.06696338374234,53,9.833333333333334
L0516111321_1561,4.9179726,4.889,4.8889999,-0.90704554,0.21794982,10.5,0.75512034,637.5197700255394,868.7937155168376,591.6301445075032,4.905376006983529,26.06696338374234,53,10.333333333333334
L0516111321_1561,4.9179726,4.889,4.8889999,-0.90704554,0.21794982,10.5,0.75512034,637.5197700255394,868.7937155168376,591.6301445075032,4.905376006983529,26.06696338374234,53,10.166666666666666
L0516111321_1561,4.9179726,4.889,4.8889999,-0.90704554,0.21794982,10.5,0.75512034,637.5197700255394,868.7937155168376,591.6301445075032,4.905376006983529,26.06696338374234,53,9.916666666666666
L0516111321_1561,4.9179726,4.889,4.8889999,-0.90704554,0.21794982,10.5,0.75512034,637.5197700255394,868.7937155168376,591.6301445075032,4.905376006983529,26.06696338374234,53,9.583333333333334
L0516111321_1561,4.9179726,4.889,4.8889999,-0.90704554,0.21794982,10.5,0.75512034,637.5197700255394,868.7937155168376,591.6301445075032,4.905376006983529,26.06696338374234,53,10.25
L0516111321_1561,4.9179726,4.889,4.8889999,-0.90704554,0.21794982,10.5,0.75512034,637.5197700255394,868.7937155168376,591.6301445075032,4.905376006983529,26.06696338374234,53,9.583333333333334
L0516111321_1561,4.9179726,4.889,4.8889999,-0.90704554,0.21794982,10.5,0.75512034,637.5197700255394,868.7937155168376,591.6301445075032,4.905376006983529,26.06696338374234,53,9.75
L0517084315_2C7E,8.3592091,8.778,8.8664446,-0.95583338,0.26070148,10.0,0.41906545,637.5197700255394,868.7937155168376,591.6301445075032,8.337798335130694,44.30671238931786,54,9.666666666666666
L0517084315_2C7E,8.3592091,8.778,8.8664446,-0.95583338,0.26070148,10.0,0.41906545,637.5197700255394,868.7937155168376,591.6301445075032,8.337798335130694,44.30671238931786,54,9.0
L0517084315_2C7E,8.3592091,8.778,8.8664446,-0.95583338,0.26070148,10.0,0.41906545,637.5197700255394,868.7937155168376,591.6301445075032,8.337798335130694,44.30671238931786,54,9.416666666666666
L0517084315_2C7E,8.3592091,8.778,8.8664446,-0.95583338,0.26070148,10.0,0.41906545,637.5197700255394,868.7937155168376,591.6301445075032,8.337798335130694,44.30671238931786,54,9.416666666666666
L0517084315_2C7E,8.3592091,8.778,8.8664446,-0.95583338,0.26070148,10.0,0.41906545,637.5197700255394,868.7937155168376,591.6301445075032,8.337798335130694,44.30671238931786,54,9.75
L0517084315_2C7E,8.3592091,8.778,8.8664446,-0.95583338,0.26070148,10.0,0.41906545,637.5197700255394,868.7937155168376,591.6301445075032,8.337798335130694,44.30671238931786,54,9.333333333333334
L0517084315_2C7E,8.3592091,8.778,8.8664446,-0.95583338,0.26070148,10.0,0.41906545,637.5197700255394,868.7937155168376,591.6301445075032,8.337798335130694,44.30671238931786,54,9.75
L0517084315_2C7E,8.3592091,8.778,8.8664446,-0.95583338,0.26070148,10.0,0.41906545,637.5197700255394,868.7937155168376,591.6301445075032,8.337798335130694,44.30671238931786,54,9.5
L0517084315_2C7E,8.3592091,8.778,8.8664446,-0.95583338,0.26070148,10.0,0.41906545,637.5197700255394,868.7937155168376,591.6301445075032,8.337798335130694,44.30671238931786,54,9.75
L0517084315_2C7E,8.3592091,8.778,8.8664446,-0.95583338,0.26070148,10.0,0.41906545,637.5197700255394,868.7937155168376,591.6301445075032,8.337798335130694,44.30671238931786,54,9.333333333333334
L0517093102_45F2,8.5075588,8.489,8.4890003,-0.86069441,0.54530364,10.5,1.3592167,637.5197700255394,868.7937155168376,591.6301445075032,8.485768061318922,45.09301733902197,55,9.583333333333334
L0517093102_45F2,8.5075588,8.489,8.4890003,-0.86069441,0.54530364,10.5,1.3592167,637.5197700255394,868.7937155168376,591.6301445075032,8.485768061318922,45.09301733902197,55,10.0
L0517093102_45F2,8.5075588,8.489,8.4890003,-0.86069441,0.54530364,10.5,1.3592167,637.5197700255394,868.7937155168376,591.6301445075032,8.485768061318922,45.09301733902197,55,10.416666666666666
L0517093102_45F2,8.5075588,8.489,8.4890003,-0.86069441,0.54530364,10.5,1.3592167,637.5197700255394,868.7937155168376,591.6301445075032,8.485768061318922,45.09301733902197,55,10.666666666666666
L0517093102_45F2,8.5075588,8.489,8.4890003,-0.86069441,0.54530364,10.5,1.3592167,637.5197700255394,868.7937155168376,591.6301445075032,8.485768061318922,45.09301733902197,55,9.416666666666666
L0517093102_45F2,8.5075588,8.489,8.4890003,-0.86069441,0.54530364,10.5,1.3592167,637.5197700255394,868.7937155168376,591.6301445075032,8.485768061318922,45.09301733902197,55,10.583333333333334
L0517093102_45F2,8.5075588,8.489,8.4890003,-0.86069441,0.54530364,10.5,1.3592167,637.5197700255394,868.7937155168376,591.6301445075032,8.485768061318922,45.09301733902197,55,10.916666666666666
L0517093102_45F2,8.5075588,8.489,8.4890003,-0.86069441,0.54530364,10.5,1.3592167,637.5197700255394,868.7937155168376,591.6301445075032,8.485768061318922,45.09301733902197,55,10.333333333333334
L0517093102_45F2,8.5075588,8.489,8.4890003,-0.86069441,0.54530364,10.5,1.3592167,637.5197700255394,868.7937155168376,591.6301445075032,8.485768061318922,45.09301733902197,55,9.75
L0517093102_45F2,8.5075588,8.489,8.4890003,-0.86069441,0.54530364,10.5,1.3592167,637.5197700255394,868.7937155168376,591.6301445075032,8.485768061318922,45.09301733902197,55,10.333333333333334
L0303085514,24.783848,36.033,36.033001,-1.4260648,0.051527232,9.5,0.48543462,637.5197700255394,868.7937155168376,591.6301445075032,24.720368173650808,131.36300481304755,56,9.083333333333334
L0303085514,24.783848,36.033,36.033001,-1.4260648,0.051527232,9.5,0.48543462,637.5197700255394,868.7937155168376,591.6301445075032,24.720368173650808,131.36300481304755,56,9.083333333333334
L0303085514,24.783848,36.033,36.033001,-1.4260648,0.051527232,9.5,0.48543462,637.5197700255394,868.7937155168376,591.6301445075032,24.720368173650808,131.36300481304755,56,9.083333333333334
L0303085514,24.783848,36.033,36.033001,-1.4260648,0.051527232,9.5,0.48543462,637.5197700255394,868.7937155168376,591.6301445075032,24.720368173650808,131.36300481304755,56,9.083333333333334
L0303085514,24.783848,36.033,36.033001,-1.4260648,0.051527232,9.5,0.48543462,637.5197700255394,868.7937155168376,591.6301445075032,24.720368173650808,131.36300481304755,56,9.083333333333334
L0303085514,24.783848,36.033,36.033001,-1.4260648,0.051527232,9.5,0.48543462,637.5197700255394,868.7937155168376,591.6301445075032,24.720368173650808,131.36300481304755,56,9.083333333333334
L0303085514,24.783848,36.033,36.033001,-1.4260648,0.051527232,9.5,0.48543462,637.5197700255394,868.7937155168376,591.6301445075032,24.720368173650808,131.36300481304755,56,9.0
L0303085514,24.783848,36.033,36.033001,-1.4260648,0.051527232,9.5,0.48543462,637.5197700255394,868.7937155168376,591.6301445075032,24.720368173650808,131.36300481304755,56,9.083333333333334
L0303085514,24.783848,36.033,36.033001,-1.4260648,0.051527232,9.5,0.48543462,637.5197700255394,868.7937155168376,591.6301445075032,24.720368173650808,131.36300481304755,56,9.083333333333334
L0303085514,24.783848,36.033,36.033001,-1.4260648,0.051527232,9.5,0.48543462,637.5197700255394,868.7937155168376,591.6301445075032,24.720368173650808,131.36300481304755,56,9.083333333333334
L0419164811,22.338934,23.682,24.920334,0.0,1.0,10.5,0.75512034,637.5197700255394,868.7937155168376,591.6301445075032,22.28171642623397,118.40411120017968,57,11.333333333333334
L0419164811,22.338934,23.682,24.920334,0.0,1.0,10.5,0.75512034,637.5197700255394,868.7937155168376,591.6301445075032,22.28171642623397,118.40411120017968,57,14.5
L0419164811,22.338934,23.682,24.920334,0.0,1.0,10.5,0.75512034,637.5197700255394,868.7937155168376,591.6301445075032,22.28171642623397,118.40411120017968,57,14.25
L0419164811,22.338934,23.682,24.920334,0.0,1.0,10.5,0.75512034,637.5197700255394,868.7937155168376,591.6301445075032,22.28171642623397,118.40411120017968,57,12.833333333333334
L0419164811,22.338934,23.682,24.920334,0.0,1.0,10.5,0.75512034,637.5197700255394,868.7937155168376,591.6301445075032,22.28171642623397,118.40411120017968,57,12.666666666666666
L0419164811,22.338934,23.682,24.920334,0.0,1.0,10.5,0.75512034,637.5197700255394,868.7937155168376,591.6301445075032,22.28171642623397,118.40411120017968,57,12.166666666666666
L0419164811,22.338934,23.682,24.920334,0.0,1.0,10.5,0.75512034,637.5197700255394,868.7937155168376,591.6301445075032,22.28171642623397,118.40411120017968,57,10.0
L0419164811,22.338934,23.682,24.920334,0.0,1.0,10.5,0.75512034,637.5197700255394,868.7937155168376,591.6301445075032,22.28171642623397,118.40411120017968,57,11.916666666666666
L0419164811,22.338934,23.682,24.920334,0.0,1.0,10.5,0.75512034,637.5197700255394,868.7937155168376,591.6301445075032,22.28171642623397,118.40411120017968,57,10.75
L0419164811,22.338934,23.682,24.920334,0.0,1.0,10.5,0.75512034,637.5197700255394,868.7937155168376,591.6301445075032,22.28171642623397,118.40411120017968,57,12.916666666666666
L0526192923_0894,3.8250458,3.85,3.8499999,1.2164394,0.90645874,10.5,0.61782604,637.5197700255394,868.7937155168376,591.6301445075032,3.815248562574976,20.274071638735325,58,12.666666666666666
L0526192923_0894,3.8250458,3.85,3.8499999,1.2164394,0.90645874,10.5,0.61782604,637.5197700255394,868.7937155168376,591.6301445075032,3.815248562574976,20.274071638735325,58,13.666666666666666
L0526192923_0894,3.8250458,3.85,3.8499999,1.2164394,0.90645874,10.5,0.61782604,637.5197700255394,868.7937155168376,591.6301445075032,3.815248562574976,20.274071638735325,58,14.083333333333334
L0526192923_0894,3.8250458,3.85,3.8499999,1.2164394,0.90645874,10.5,0.61782604,637.5197700255394,868.7937155168376,591.6301445075032,3.815248562574976,20.274071638735325,58,11.5
L0526192923_0894,3.8250458,3.85,3.8499999,1.2164394,0.90645874,10.5,0.61782604,637.5197700255394,868.7937155168376,591.6301445075032,3.815248562574976,20.274071638735325,58,11.75
L0526192923_0894,3.8250458,3.85,3.8499999,1.2164394,0.90645874,10.5,0.61782604,637.5197700255394,868.7937155168376,591.6301445075032,3.815248562574976,20.274071638735325,58,11.5
L0526192923_0894,3.8250458,3.85,3.8499999,1.2164394,0.90645874,10.5,0.61782604,637.5197700255394,868.7937155168376,591.6301445075032,3.815248562574976,20.274071638735325,58,11.833333333333334
L0526192923_0894,3.8250458,3.85,3.8499999,1.2164394,0.90645874,10.5,0.61782604,637.5197700255394,868.7937155168376,591.6301445075032,3.815248562574976,20.274071638735325,58,11.833333333333334
L0526192923_0894,3.8250458,3.85,3.8499999,1.2164394,0.90645874,10.5,0.61782604,637.5197700255394,868.7937155168376,591.6301445075032,3.815248562574976,20.274071638735325,58,13.0
L0526192923_0894,3.8250458,3.85,3.8499999,1.2164394,0.90645874,10.5,0.61782604,637.5197700255394,868.7937155168376,591.6301445075032,3.815248562574976,20.274071638735325,58,12.0
L0411105747,24.83606,20.831,21.851139,0.54763889,0.37614444,9.5,0.51464736,637.5197700255394,868.7937155168376,591.6301445075032,24.772446441040227,131.63974655255865,59,11.0
L0411105747,24.83606,20.831,21.851139,0.54763889,0.37614444,9.5,0.51464736,637.5197700255394,868.7937155168376,591.6301445075032,24.772446441040227,131.63974655255865,59,11.666666666666666
L0411105747,24.83606,20.831,21.851139,0.54763889,0.37614444,9.5,0.51464736,637.5197700255394,868.7937155168376,591.6301445075032,24.772446441040227,131.63974655255865,59,11.333333333333334
L0411105747,24.83606,20.831,21.851139,0.54763889,0.37614444,9.5,0.51464736,637.5197700255394,868.7937155168376,591.6301445075032,24.772446441040227,131.63974655255865,59,11.5
L0411105747,24.83606,20.831,21.851139,0.54763889,0.37614444,9.5,0.51464736,637.5197700255394,868.7937155168376,591.6301445075032,24.772446441040227,131.63974655255865,59,11.5
L0411105747,24.83606,20.831,21.851139,0.54763889,0.37614444,9.5,0.51464736,637.5197700255394,868.7937155168376,591.6301445075032,24.772446441040227,131.63974655255865,59,11.0
L0411105747,24.83606,20.831,21.851139,0.54763889,0.37614444,9.5,0.51464736,637.5197700255394,868.7937155168376,591.6301445075032,24.772446441040227,131.63974655255865,59,11.333333333333334
L0411105747,24.83606,20.831,21.851139,0.54763889,0.37614444,9.5,0.51464736,637.5197700255394,868.7937155168376,591.6301445075032,24.772446441040227,131.63974655255865,59,11.166666666666666
L0411105747,24.83606,20.831,21.851139,0.54763889,0.37614444,9.5,0.51464736,637.5197700255394,868.7937155168376,591.6301445075032,24.772446441040227,131.63974655255865,59,11.833333333333334
L0411105747,24.83606,20.831,21.851139,0.54763889,0.37614444,9.5,0.51464736,637.5197700255394,868.7937155168376,591.6301445075032,24.772446441040227,131.63974655255865,59,11.833333333333334
L0209192746,18.227434,16.288,16.563494,-2.3744442,0.093102388,9.5,0.37756038,637.5197700255394,868.7937155168376,591.6301445075032,18.180747369856395,96.6117327814271,60,7.916666666666667
L0209192746,18.227434,16.288,16.563494,-2.3744442,0.093102388,9.5,0.37756038,637.5197700255394,868.7937155168376,591.6301445075032,18.180747369856395,96.6117327814271,60,7.916666666666667
L0209192746,18.227434,16.288,16.563494,-2.3744442,0.093102388,9.5,0.37756038,637.5197700255394,868.7937155168376,591.6301445075032,18.180747369856395,96.6117327814271,60,8.0
L0209192746,18.227434,16.288,16.563494,-2.3744442,0.093102388,9.5,0.37756038,637.5197700255394,868.7937155168376,591.6301445075032,18.180747369856395,96.6117327814271,60,8.0
L0209192746,18.227434,16.288,16.563494,-2.3744442,0.093102388,9.5,0.37756038,637.5197700255394,868.7937155168376,591.6301445075032,18.180747369856395,96.6117327814271,60,7.833333333333333
L0209192746,18.227434,16.288,16.563494,-2.3744442,0.093102388,9.5,0.37756038,637.5197700255394,868.7937155168376,591.6301445075032,18.180747369856395,96.6117327814271,60,8.0
L0209192746,18.227434,16.288,16.563494,-2.3744442,0.093102388,9.5,0.37756038,637.5197700255394,868.7937155168376,591.6301445075032,18.180747369856395,96.6117327814271,60,7.833333333333333
L0209192746,18.227434,16.288,16.563494,-2.3744442,0.093102388,9.5,0.37756038,637.5197700255394,868.7937155168376,591.6301445075032,18.180747369856395,96.6117327814271,60,8.0
L0209192746,18.227434,16.288,16.563494,-2.3744442,0.093102388,9.5,0.37756038,637.5197700255394,868.7937155168376,591.6301445075032,18.180747369856395,96.6117327814271,60,7.75
L0209192746,18.227434,16.288,16.563494,-2.3744442,0.093102388,9.5,0.37756038,637.5197700255394,868.7937155168376,591.6301445075032,18.180747369856395,96.6117327814271,60,8.0
L0422151139_3F77,18.666197,29.019,26.494625,0.0,1.0,10.0,0.19417374,637.5197700255394,868.7937155168376,591.6301445075032,18.618386549251603,98.93732911662038,61,12.083333333333334
L0422151139_3F77,18.666197,29.019,26.494625,0.0,1.0,10.0,0.19417374,637.5197700255394,868.7937155168376,591.6301445075032,18.618386549251603,98.93732911662038,61,11.666666666666666
L0422151139_3F77,18.666197,29.019,26.494625,0.0,1.0,10.0,0.19417374,637.5197700255394,868.7937155168376,591.6301445075032,18.618386549251603,98.93732911662038,61,11.666666666666666
L0422151139_3F77,18.666197,29.019,26.494625,0.0,1.0,10.0,0.19417374,637.5197700255394,868.7937155168376,591.6301445075032,18.618386549251603,98.93732911662038,61,9.416666666666666
L0422151139_3F77,18.666197,29.019,26.494625,0.0,1.0,10.0,0.19417374,637.5197700255394,868.7937155168376,591.6301445075032,18.618386549251603,98.93732911662038,61,9.333333333333334
L0422151139_3F77,18.666197,29.019,26.494625,0.0,1.0,10.0,0.19417374,637.5197700255394,868.7937155168376,591.6301445075032,18.618386549251603,98.93732911662038,61,10.666666666666666
L0422151139_3F77,18.666197,29.019,26.494625,0.0,1.0,10.0,0.19417374,637.5197700255394,868.7937155168376,591.6301445075032,18.618386549251603,98.93732911662038,61,11.916666666666666
L0422151139_3F77,18.666197,29.019,26.494625,0.0,1.0,10.0,0.19417374,637.5197700255394,868.7937155168376,591.6301445075032,18.618386549251603,98.93732911662038,61,11.333333333333334
L0422151139_3F77,18.666197,29.019,26.494625,0.0,1.0,10.0,0.19417374,637.5197700255394,868.7937155168376,591.6301445075032,18.618386549251603,98.93732911662038,61,10.583333333333334
L0422151139_3F77,18.666197,29.019,26.494625,0.0,1.0,10.0,0.19417374,637.5197700255394,868.7937155168376,591.6301445075032,18.618386549251603,98.93732911662038,61,11.0
L0408194808,6.7669635,7.34,7.3274446,0.5837965,0.098646984,9.5,1.3592167,637.5197700255394,868.7937155168376,591.6301445075032,6.749631015234466,35.867257530800586,62,10.5
L0408194808,6.7669635,7.34,7.3274446,0.5837965,0.098646984,9.5,1.3592167,637.5197700255394,868.7937155168376,591.6301445075032,6.749631015234466,35.867257530800586,62,10.416666666666666
L0408194808,6.7669635,7.34,7.3274446,0.5837965,0.098646984,9.5,1.3592167,637.5197700255394,868.7937155168376,591.6301445075032,6.749631015234466,35.867257530800586,62,10.666666666666666
L0408194808,6.7669635,7.34,7.3274446,0.5837965,0.098646984,9.5,1.3592167,637.5197700255394,868.7937155168376,591.6301445075032,6.749631015234466,35.867257530800586,62,10.583333333333334
L0408194808,6.7669635,7.34,7.3274446,0.5837965,0.098646984,9.5,1.3592167,637.5197700255394,868.7937155168376,591.6301445075032,6.749631015234466,35.867257530800586,62,10.583333333333334
L0408194808,6.7669635,7.34,7.3274446,0.5837965,0.098646984,9.5,1.3592167,637.5197700255394,868.7937155168376,591.6301445075032,6.749631015234466,35.867257530800586,62,10.583333333333334
L0408194808,6.7669635,7.34,7.3274446,0.5837965,0.098646984,9.5,1.3592167,637.5197700255394,868.7937155168376,591.6301445075032,6.749631015234466,35.867257530800586,62,10.583333333333334
L0408194808,6.7669635,7.34,7.3274446,0.5837965,0.098646984,9.5,1.3592167,637.5197700255394,868.7937155168376,591.6301445075032,6.749631015234466,35.867257530800586,62,10.583333333333334
L0408194808,6.7669635,7.34,7.3274446,0.5837965,0.098646984,9.5,1.3592167,637.5197700255394,868.7937155168376,591.6301445075032,6.749631015234466,35.867257530800586,62,10.583333333333334
L0408194808,6.7669635,7.34,7.3274446,0.5837965,0.098646984,9.5,1.3592167,637.5197700255394,868.7937155168376,591.6301445075032,6.749631015234466,35.867257530800586,62,10.75
L0427183634_92D5,5.4975004,5.769,5.7690001,-0.061421618,0.91697341,10.5,0.97086877,637.5197700255394,868.7937155168376,591.6301445075032,5.483419440064052,29.138662063491136,63,9.0
L0427183634_92D5,5.4975004,5.769,5.7690001,-0.061421618,0.91697341,10.5,0.97086877,637.5197700255394,868.7937155168376,591.6301445075032,5.483419440064052,29.138662063491136,63,11.916666666666666
L0427183634_92D5,5.4975004,5.769,5.7690001,-0.061421618,0.91697341,10.5,0.97086877,637.5197700255394,868.7937155168376,591.6301445075032,5.483419440064052,29.138662063491136,63,12.0
L0427183634_92D5,5.4975004,5.769,5.7690001,-0.061421618,0.91697341,10.5,0.97086877,637.5197700255394,868.7937155168376,591.6301445075032,5.483419440064052,29.138662063491136,63,10.75
L0427183634_92D5,5.4975004,5.769,5.7690001,-0.061421618,0.91697341,10.5,0.97086877,637.5197700255394,868.7937155168376,591.6301445075032,5.483419440064052,29.138662063491136,63,12.583333333333334
L0427183634_92D5,5.4975004,5.769,5.7690001,-0.061421618,0.91697341,10.5,0.97086877,637.5197700255394,868.7937155168376,591.6301445075032,5.483419440064052,29.138662063491136,63,10.833333333333334
L0427183634_92D5,5.4975004,5.769,5.7690001,-0.061421618,0.91697341,10.5,0.97086877,637.5197700255394,868.7937155168376,591.6301445075032,5.483419440064052,29.138662063491136,63,12.333333333333334
L0427183634_92D5,5.4975004,5.769,5.7690001,-0.061421618,0.91697341,10.5,0.97086877,637.5197700255394,868.7937155168376,591.6301445075032,5.483419440064052,29.138662063491136,63,11.833333333333334
L0427183634_92D5,5.4975004,5.769,5.7690001,-0.061421618,0.91697341,10.5,0.97086877,637.5197700255394,868.7937155168376,591.6301445075032,5.483419440064052,29.138662063491136,63,10.75
L0427183634_92D5,5.4975004,5.769,5.7690001,-0.061421618,0.91697341,10.5,0.97086877,637.5197700255394,868.7937155168376,591.6301445075032,5.483419440064052,29.138662063491136,63,8.833333333333334
L0420124613,23.281601,23.897,23.881687,0.67631936,0.20792013,10.0,1.3592167,637.5197700255394,868.7937155168376,591.6301445075032,23.221968936867142,123.40057380187501,64,11.833333333333334
L0420124613,23.281601,23.897,23.881687,0.67631936,0.20792013,10.0,1.3592167,637.5197700255394,868.7937155168376,591.6301445075032,23.221968936867142,123.40057380187501,64,11.833333333333334
L0420124613,23.281601,23.897,23.881687,0.67631936,0.20792013,10.0,1.3592167,637.5197700255394,868.7937155168376,591.6301445075032,23.221968936867142,123.40057380187501,64,11.75
L0420124613,23.281601,23.897,23.881687,0.67631936,0.20792013,10.0,1.3592167,637.5197700255394,868.7937155168376,591.6301445075032,23.221968936867142,123.40057380187501,64,12.083333333333334
L0420124613,23.281601,23.897,23.881687,0.67631936,0.20792013,10.0,1.3592167,637.5197700255394,868.7937155168376,591.6301445075032,23.221968936867142,123.40057380187501,64,11.75
L0420124613,23.281601,23.897,23.881687,0.67631936,0.20792013,10.0,1.3592167,637.5197700255394,868.7937155168376,591.6301445075032,23.221968936867142,123.40057380187501,64,12.083333333333334
L0420124613,23.281601,23.897,23.881687,0.67631936,0.20792013,10.0,1.3592167,637.5197700255394,868.7937155168376,591.6301445075032,23.221968936867142,123.40057380187501,64,11.833333333333334
L0420124613,23.281601,23.897,23.881687,0.67631936,0.20792013,10.0,1.3592167,637.5197700255394,868.7937155168376,591.6301445075032,23.221968936867142,123.40057380187501,64,11.666666666666666
L0420124613,23.281601,23.897,23.881687,0.67631936,0.20792013,10.0,1.3592167,637.5197700255394,868.7937155168376,591.6301445075032,23.221968936867142,123.40057380187501,64,11.75
L0420124613,23.281601,23.897,23.881687,0.67631936,0.20792013,10.0,1.3592167,637.5197700255394,868.7937155168376,591.6301445075032,23.221968936867142,123.40057380187501,64,11.583333333333334
L0303180448,10.352387,11.819,11.820167,-0.85047626,0.30886406,10.5,0.97086877,637.5197700255394,868.7937155168376,591.6301445075032,10.325871031654017,54.87124772987354,65,10.5
L0303180448,10.352387,11.819,11.820167,-0.85047626,0.30886406,10.5,0.97086877,637.5197700255394,868.7937155168376,591.6301445075032,10.325871031654017,54.87124772987354,65,10.25
L0303180448,10.352387,11.819,11.820167,-0.85047626,0.30886406,10.5,0.97086877,637.5197700255394,868.7937155168376,591.6301445075032,10.325871031654017,54.87124772987354,65,10.5
L0303180448,10.352387,11.819,11.820167,-0.85047626,0.30886406,10.5,0.97086877,637.5197700255394,868.7937155168376,591.6301445075032,10.325871031654017,54.87124772987354,65,10.583333333333334
L0303180448,10.352387,11.819,11.820167,-0.85047626,0.30886406,10.5,0.97086877,637.5197700255394,868.7937155168376,591.6301445075032,10.325871031654017,54.87124772987354,65,10.25
L0303180448,10.352387,11.819,11.820167,-0.85047626,0.30886406,10.5,0.97086877,637.5197700255394,868.7937155168376,591.6301445075032,10.325871031654017,54.87124772987354,65,9.833333333333334
L0303180448,10.352387,11.819,11.820167,-0.85047626,0.30886406,10.5,0.97086877,637.5197700255394,868.7937155168376,591.6301445075032,10.325871031654017,54.87124772987354,65,10.166666666666666
L0303180448,10.352387,11.819,11.820167,-0.85047626,0.30886406,10.5,0.97086877,637.5197700255394,868.7937155168376,591.6301445075032,10.325871031654017,54.87124772987354,65,10.0
L0303180448,10.352387,11.819,11.820167,-0.85047626,0.30886406,10.5,0.97086877,637.5197700255394,868.7937155168376,591.6301445075032,10.325871031654017,54.87124772987354,65,9.416666666666666
L0303180448,10.352387,11.819,11.820167,-0.85047626,0.30886406,10.5,0.97086877,637.5197700255394,868.7937155168376,591.6301445075032,10.325871031654017,54.87124772987354,65,9.833333333333334
L0522191102_96ED,3.4294188,6.631,6.631,-0.92148149,0.24772875,10.5,0.32417044,637.5197700255394,868.7937155168376,591.6301445075032,3.4206348972782497,18.1771110898661,66,10.5
L0522191102_96ED,3.4294188,6.631,6.631,-0.92148149,0.24772875,10.5,0.32417044,637.5197700255394,868.7937155168376,591.6301445075032,3.4206348972782497,18.1771110898661,66,10.416666666666666
L0522191102_96ED,3.4294188,6.631,6.631,-0.92148149,0.24772875,10.5,0.32417044,637.5197700255394,868.7937155168376,591.6301445075032,3.4206348972782497,18.1771110898661,66,10.166666666666666
L0522191102_96ED,3.4294188,6.631,6.631,-0.92148149,0.24772875,10.5,0.32417044,637.5197700255394,868.7937155168376,591.6301445075032,3.4206348972782497,18.1771110898661,66,9.583333333333334
L0522191102_96ED,3.4294188,6.631,6.631,-0.92148149,0.24772875,10.5,0.32417044,637.5197700255394,868.7937155168376,591.6301445075032,3.4206348972782497,18.1771110898661,66,10.083333333333334
L0522191102_96ED,3.4294188,6.631,6.631,-0.92148149,0.24772875,10.5,0.32417044,637.5197700255394,868.7937155168376,591.6301445075032,3.4206348972782497,18.1771110898661,66,9.916666666666666
L0522191102_96ED,3.4294188,6.631,6.631,-0.92148149,0.24772875,10.5,0.32417044,637.5197700255394,868.7937155168376,591.6301445075032,3.4206348972782497,18.1771110898661,66,10.083333333333334
L0522191102_96ED,3.4294188,6.631,6.631,-0.92148149,0.24772875,10.5,0.32417044,637.5197700255394,868.7937155168376,591.6301445075032,3.4206348972782497,18.1771110898661,66,10.5
L0522191102_96ED,3.4294188,6.631,6.631,-0.92148149,0.24772875,10.5,0.32417044,637.5197700255394,868.7937155168376,591.6301445075032,3.4206348972782497,18.1771110898661,66,9.916666666666666
L0522191102_96ED,3.4294188,6.631,6.631,-0.92148149,0.24772875,10.5,0.32417044,637.5197700255394,868.7937155168376,591.6301445075032,3.4206348972782497,18.1771110898661,66,10.083333333333334
L0425195539_D949,24.769831,23.684,23.684,0.0,1.0,9.5,0.48543462,637.5197700255394,868.7937155168376,591.6301445075032,24.706387075933858,131.28870984325656,67,9.666666666666666
L0425195539_D949,24.769831,23.684,23.684,0.0,1.0,9.5,0.48543462,637.5197700255394,868.7937155168376,591.6301445075032,24.706387075933858,131.28870984325656,67,11.166666666666666
L0425195539_D949,24.769831,23.684,23.684,0.0,1.0,9.5,0.48543462,637.5197700255394,868.7937155168376,591.6301445075032,24.706387075933858,131.28870984325656,67,12.25
L0425195539_D949,24.769831,23.684,23.684,0.0,1.0,9.5,0.48543462,637.5197700255394,868.7937155168376,591.6301445075032,24.706387075933858,131.28870984325656,67,11.166666666666666
L0425195539_D949,24.769831,23.684,23.684,0.0,1.0,9.5,0.48543462,637.5197700255394,868.7937155168376,591.6301445075032,24.706387075933858,131.28870984325656,67,8.583333333333334
L0425195539_D949,24.769831,23.684,23.684,0.0,1.0,9.5,0.48543462,637.5197700255394,868.7937155168376,591.6301445075032,24.706387075933858,131.28870984325656,67,11.416666666666666
L0425195539_D949,24.769831,23.684,23.684,0.0,1.0,9.5,0.48543462,637.5197700255394,868.7937155168376,591.6301445075032,24.706387075933858,131.28870984325656,67,11.416666666666666
L0425195539_D949,24.769831,23.684,23.684,0.0,1.0,9.5,0.48543462,637.5197700255394,868.7937155168376,591.6301445075032,24.706387075933858,131.28870984325656,67,11.833333333333334
L0425195539_D949,24.769831,23.684,23.684,0.0,1.0,9.5,0.48543462,637.5197700255394,868.7937155168376,591.6301445075032,24.706387075933858,131.28870984325656,67,8.583333333333334
L0425195539_D949,24.769831,23.684,23.684,0.0,1.0,9.5,0.48543462,637.5197700255394,868.7937155168376,591.6301445075032,24.706387075933858,131.28870984325656,67,10.25
L0427082821_EE6B,24.398325,24.536,28.225277,-1.242533,0.75054938,9.833333,0.41304442,637.5197700255394,868.7937155168376,591.6301445075032,24.335832628588943,129.31959897451347,68,10.833333333333334
L0427082821_EE6B,24.398325,24.536,28.225277,-1.242533,0.75054938,9.833333,0.41304442,637.5197700255394,868.7937155168376,591.6301445075032,24.335832628588943,129.31959897451347,68,11.0
L0427082821_EE6B,24.398325,24.536,28.225277,-1.242533,0.75054938,9.833333,0.41304442,637.5197700255394,868.7937155168376,591.6301445075032,24.335832628588943,129.31959897451347,68,9.666666666666666
L0427082821_EE6B,24.398325,24.536,28.225277,-1.242533,0.75054938,9.833333,0.41304442,637.5197700255394,868.7937155168376,591.6301445075032,24.335832628588943,129.31959897451347,68,11.166666666666666
L0427082821_EE6B,24.398325,24.536,28.225277,-1.242533,0.75054938,9.833333,0.41304442,637.5197700255394,868.7937155168376,591.6301445075032,24.335832628588943,129.31959897451347,68,11.0
L0427082821_EE6B,24.398325,24.536,28.225277,-1.242533,0.75054938,9.833333,0.41304442,637.5197700255394,868.7937155168376,591.6301445075032,24.335832628588943,129.31959897451347,68,9.666666666666666
L0427082821_EE6B,24.398325,24.536,28.225277,-1.242533,0.75054938,9.833333,0.41304442,637.5197700255394,868.7937155168376,591.6301445075032,24.335832628588943,129.31959897451347,68,10.083333333333334
L0427082821_EE6B,24.398325,24.536,28.225277,-1.242533,0.75054938,9.833333,0.41304442,637.5197700255394,868.7937155168376,591.6301445075032,24.335832628588943,129.31959897451347,68,9.25
L0427082821_EE6B,24.398325,24.536,28.225277,-1.242533,0.75054938,9.833333,0.41304442,637.5197700255394,868.7937155168376,591.6301445075032,24.335832628588943,129.31959897451347,68,10.833333333333334
L0427082821_EE6B,24.398325,24.536,28.225277,-1.242533,0.75054938,9.833333,0.41304442,637.5197700255394,868.7937155168376,591.6301445075032,24.335832628588943,129.31959897451347,68,11.583333333333334
L0302173835,13.883937,22.822,19.4645,0.0,1.0,10.5,0.27184331,637.5197700255394,868.7937155168376,591.6301445075032,13.848375536348223,73.58968966219646,69,11.0
L0302173835,13.883937,22.822,19.4645,0.0,1.0,10.5,0.27184331,637.5197700255394,868.7937155168376,591.6301445075032,13.848375536348223,73.58968966219646,69,11.333333333333334
L0302173835,13.883937,22.822,19.4645,0.0,1.0,10.5,0.27184331,637.5197700255394,868.7937155168376,591.6301445075032,13.848375536348223,73.58968966219646,69,11.583333333333334
L0302173835,13.883937,22.822,19.4645,0.0,1.0,10.5,0.27184331,637.5197700255394,868.7937155168376,591.6301445075032,13.848375536348223,73.58968966219646,69,9.833333333333334
L0302173835,13.883937,22.822,19.4645,0.0,1.0,10.5,0.27184331,637.5197700255394,868.7937155168376,591.6301445075032,13.848375536348223,73.58968966219646,69,10.083333333333334
L0302173835,13.883937,22.822,19.4645,0.0,1.0,10.5,0.27184331,637.5197700255394,868.7937155168376,591.6301445075032,13.848375536348223,73.58968966219646,69,11.083333333333334
L0302173835,13.883937,22.822,19.4645,0.0,1.0,10.5,0.27184331,637.5197700255394,868.7937155168376,591.6301445075032,13.848375536348223,73.58968966219646,69,11.916666666666666
L0302173835,13.883937,22.822,19.4645,0.0,1.0,10.5,0.27184331,637.5197700255394,868.7937155168376,591.6301445075032,13.848375536348223,73.58968966219646,69,13.25
L0302173835,13.883937,22.822,19.4645,0.0,1.0,10.5,0.27184331,637.5197700255394,868.7937155168376,591.6301445075032,13.848375536348223,73.58968966219646,69,12.75
L0302173835,13.883937,22.822,19.4645,0.0,1.0,10.5,0.27184331,637.5197700255394,868.7937155168376,591.6301445075032,13.848375536348223,73.58968966219646,69,12.0
L0505180850_130F,2.4716625,2.92,2.9200001,-0.89269441,0.18545611,10.0,0.37756038,637.5197700255394,868.7937155168376,591.6301445075032,2.4653317354515,13.10066995584096,70,9.583333333333334
L0505180850_130F,2.4716625,2.92,2.9200001,-0.89269441,0.18545611,10.0,0.37756038,637.5197700255394,868.7937155168376,591.6301445075032,2.4653317354515,13.10066995584096,70,9.166666666666666
L0505180850_130F,2.4716625,2.92,2.9200001,-0.89269441,0.18545611,10.0,0.37756038,637.5197700255394,868.7937155168376,591.6301445075032,2.4653317354515,13.10066995584096,70,9.333333333333334
L0505180850_130F,2.4716625,2.92,2.9200001,-0.89269441,0.18545611,10.0,0.37756038,637.5197700255394,868.7937155168376,591.6301445075032,2.4653317354515,13.10066995584096,70,9.166666666666666
L0505180850_130F,2.4716625,2.92,2.9200001,-0.89269441,0.18545611,10.0,0.37756038,637.5197700255394,868.7937155168376,591.6301445075032,2.4653317354515,13.10066995584096,70,9.666666666666666
L0505180850_130F,2.4716625,2.92,2.9200001,-0.89269441,0.18545611,10.0,0.37756038,637.5197700255394,868.7937155168376,591.6301445075032,2.4653317354515,13.10066995584096,70,9.166666666666666
L0505180850_130F,2.4716625,2.92,2.9200001,-0.89269441,0.18545611,10.0,0.37756038,637.5197700255394,868.7937155168376,591.6301445075032,2.4653317354515,13.10066995584096,70,9.083333333333334
L0505180850_130F,2.4716625,2.92,2.9200001,-0.89269441,0.18545611,10.0,0.37756038,637.5197700255394,868.7937155168376,591.6301445075032,2.4653317354515,13.10066995584096,70,9.333333333333334
L0505180850_130F,2.4716625,2.92,2.9200001,-0.89269441,0.18545611,10.0,0.37756038,637.5197700255394,868.7937155168376,591.6301445075032,2.4653317354515,13.10066995584096,70,9.583333333333334
L0505180850_130F,2.4716625,2.92,2.9200001,-0.89269441,0.18545611,10.0,0.37756038,637.5197700255394,868.7937155168376,591.6301445075032,2.4653317354515,13.10066995584096,70,9.25
L0407152413,7.2300196,8.115,8.1149998,-2.0302777,0.62814653,10.5,0.75512034,637.5197700255394,868.7937155168376,591.6301445075032,7.211501071775116,38.32161573591107,71,8.916666666666666
L0407152413,7.2300196,8.115,8.1149998,-2.0302777,0.62814653,10.5,0.75512034,637.5197700255394,868.7937155168376,591.6301445075032,7.211501071775116,38.32161573591107,71,9.583333333333334
L0407152413,7.2300196,8.115,8.1149998,-2.0302777,0.62814653,10.5,0.75512034,637.5197700255394,868.7937155168376,591.6301445075032,7.211501071775116,38.32161573591107,71,8.416666666666666
L0407152413,7.2300196,8.115,8.1149998,-2.0302777,0.62814653,10.5,0.75512034,637.5197700255394,868.7937155168376,591.6301445075032,7.211501071775116,38.32161573591107,71,8.166666666666666
L0407152413,7.2300196,8.115,8.1149998,-2.0302777,0.62814653,10.5,0.75512034,637.5197700255394,868.7937155168376,591.6301445075032,7.211501071775116,38.32161573591107,71,8.333333333333334
L0407152413,7.2300196,8.115,8.1149998,-2.0302777,0.62814653,10.5,0.75512034,637.5197700255394,868.7937155168376,591.6301445075032,7.211501071775116,38.32161573591107,71,8.166666666666666
L0407152413,7.2300196,8.115,8.1149998,-2.0302777,0.62814653,10.5,0.75512034,637.5197700255394,868.7937155168376,591.6301445075032,7.211501071775116,38.32161573591107,71,8.833333333333334
L0407152413,7.2300196,8.115,8.1149998,-2.0302777,0.62814653,10.5,0.75512034,637.5197700255394,868.7937155168376,591.6301445075032,7.211501071775116,38.32161573591107,71,8.916666666666666
L0407152413,7.2300196,8.115,8.1149998,-2.0302777,0.62814653,10.5,0.75512034,637.5197700255394,868.7937155168376,591.6301445075032,7.211501071775116,38.32161573591107,71,10.166666666666666
L0407152413,7.2300196,8.115,8.1149998,-2.0302777,0.62814653,10.5,0.75512034,637.5197700255394,868.7937155168376,591.6301445075032,7.211501071775116,38.32161573591107,71,9.583333333333334
L0517170611_F57D,15.134683,14.084,14.132417,-0.91120392,0.19356753,9.666667,0.32595822,637.5197700255394,868.7937155168376,591.6301445075032,15.095917952349206,80.21907799680457,72,9.5
L0517170611_F57D,15.134683,14.084,14.132417,-0.91120392,0.19356753,9.666667,0.32595822,637.5197700255394,868.7937155168376,591.6301445075032,15.095917952349206,80.21907799680457,72,9.75
L0517170611_F57D,15.134683,14.084,14.132417,-0.91120392,0.19356753,9.666667,0.32595822,637.5197700255394,868.7937155168376,591.6301445075032,15.095917952349206,80.21907799680457,72,9.166666666666666
L0517170611_F57D,15.134683,14.084,14.132417,-0.91120392,0.19356753,9.666667,0.32595822,637.5197700255394,868.7937155168376,591.6301445075032,15.095917952349206,80.21907799680457,72,9.5
L0517170611_F57D,15.134683,14.084,14.132417,-0.91120392,0.19356753,9.666667,0.32595822,637.5197700255394,868.7937155168376,591.6301445075032,15.095917952349206,80.21907799680457,72,9.333333333333334
L0517170611_F57D,15.134683,14.084,14.132417,-0.91120392,0.19356753,9.666667,0.32595822,637.5197700255394,868.7937155168376,591.6301445075032,15.095917952349206,80.21907799680457,72,9.666666666666666
L0517170611_F57D,15.134683,14.084,14.132417,-0.91120392,0.19356753,9.666667,0.32595822,637.5197700255394,868.7937155168376,591.6301445075032,15.095917952349206,80.21907799680457,72,9.5
L0517170611_F57D,15.134683,14.084,14.132417,-0.91120392,0.19356753,9.666667,0.32595822,637.5197700255394,868.7937155168376,591.6301445075032,15.095917952349206,80.21907799680457,72,9.666666666666666
L0517170611_F57D,15.134683,14.084,14.132417,-0.91120392,0.19356753,9.666667,0.32595822,637.5197700255394,868.7937155168376,591.6301445075032,15.095917952349206,80.21907799680457,72,9.5
L0517170611_F57D,15.134683,14.084,14.132417,-0.91120392,0.19356753,9.666667,0.32595822,637.5197700255394,868.7937155168376,591.6301445075032,15.095917952349206,80.21907799680457,72,9.833333333333334
L0506110207_811A,5.0506921,4.594,4.5939999,1.1675463,0.49075514,10.5,1.3592167,637.5197700255394,868.7937155168376,591.6301445075032,5.037755567406222,26.770422843196954,73,11.75
L0506110207_811A,5.0506921,4.594,4.5939999,1.1675463,0.49075514,10.5,1.3592167,637.5197700255394,868.7937155168376,591.6301445075032,5.037755567406222,26.770422843196954,73,11.583333333333334
L0506110207_811A,5.0506921,4.594,4.5939999,1.1675463,0.49075514,10.5,1.3592167,637.5197700255394,868.7937155168376,591.6301445075032,5.037755567406222,26.770422843196954,73,12.0
L0506110207_811A,5.0506921,4.594,4.5939999,1.1675463,0.49075514,10.5,1.3592167,637.5197700255394,868.7937155168376,591.6301445075032,5.037755567406222,26.770422843196954,73,11.916666666666666
L0506110207_811A,5.0506921,4.594,4.5939999,1.1675463,0.49075514,10.5,1.3592167,637.5197700255394,868.7937155168376,591.6301445075032,5.037755567406222,26.770422843196954,73,13.083333333333334
L0506110207_811A,5.0506921,4.594,4.5939999,1.1675463,0.49075514,10.5,1.3592167,637.5197700255394,868.7937155168376,591.6301445075032,5.037755567406222,26.770422843196954,73,11.916666666666666
L0506110207_811A,5.0506921,4.594,4.5939999,1.1675463,0.49075514,10.5,1.3592167,637.5197700255394,868.7937155168376,591.6301445075032,5.037755567406222,26.770422843196954,73,11.916666666666666
L0506110207_811A,5.0506921,4.594,4.5939999,1.1675463,0.49075514,10.5,1.3592167,637.5197700255394,868.7937155168376,591.6301445075032,5.037755567406222,26.770422843196954,73,12.583333333333334
L0506110207_811A,5.0506921,4.594,4.5939999,1.1675463,0.49075514,10.5,1.3592167,637.5197700255394,868.7937155168376,591.6301445075032,5.037755567406222,26.770422843196954,73,12.166666666666666
L0506110207_811A,5.0506921,4.594,4.5939999,1.1675463,0.49075514,10.5,1.3592167,637.5197700255394,868.7937155168376,591.6301445075032,5.037755567406222,26.770422843196954,73,11.416666666666666
L0525091919_2EF1,17.80731,18.332,18.436619,-1.4861805,0.14376643,10.5,0.27184331,637.5197700255394,868.7937155168376,591.6301445075032,17.761699449671166,94.38492962180166,74,10.083333333333334
L0525091919_2EF1,17.80731,18.332,18.436619,-1.4861805,0.14376643,10.5,0.27184331,637.5197700255394,868.7937155168376,591.6301445075032,17.761699449671166,94.38492962180166,74,10.333333333333334
L0525091919_2EF1,17.80731,18.332,18.436619,-1.4861805,0.14376643,10.5,0.27184331,637.5197700255394,868.7937155168376,591.6301445075032,17.761699449671166,94.38492962180166,74,10.166666666666666
L0525091919_2EF1,17.80731,18.332,18.436619,-1.4861805,0.14376643,10.5,0.27184331,637.5197700255394,868.7937155168376,591.6301445075032,17.761699449671166,94.38492962180166,74,10.25
L0525091919_2EF1,17.80731,18.332,18.436619,-1.4861805,0.14376643,10.5,0.27184331,637.5197700255394,868.7937155168376,591.6301445075032,17.761699449671166,94.38492962180166,74,10.25
L0525091919_2EF1,17.80731,18.332,18.436619,-1.4861805,0.14376643,10.5,0.27184331,637.5197700255394,868.7937155168376,591.6301445075032,17.761699449671166,94.38492962180166,74,10.416666666666666
L0525091919_2EF1,17.80731,18.332,18.436619,-1.4861805,0.14376643,10.5,0.27184331,637.5197700255394,868.7937155168376,591.6301445075032,17.761699449671166,94.38492962180166,74,10.166666666666666
L0525091919_2EF1,17.80731,18.332,18.436619,-1.4861805,0.14376643,10.5,0.27184331,637.5197700255394,868.7937155168376,591.6301445075032,17.761699449671166,94.38492962180166,74,10.166666666666666
L0525091919_2EF1,17.80731,18.332,18.436619,-1.4861805,0.14376643,10.5,0.27184331,637.5197700255394,868.7937155168376,591.6301445075032,17.761699449671166,94.38492962180166,74,10.0
L0525091919_2EF1,17.80731,18.332,18.436619,-1.4861805,0.14376643,10.5,0.27184331,637.5197700255394,868.7937155168376,591.6301445075032,17.761699449671166,94.38492962180166,74,10.166666666666666
L0420090336,8.4235296,3.364,3.3640001,-0.39611119,0.45946702,10.0,1.3592167,637.5197700255394,868.7937155168376,591.6301445075032,8.401954088551767,44.64763338556823,75,9.583333333333334
L0420090336,8.4235296,3.364,3.3640001,-0.39611119,0.45946702,10.0,1.3592167,637.5197700255394,868.7937155168376,591.6301445075032,8.401954088551767,44.64763338556823,75,9.666666666666666
L0420090336,8.4235296,3.364,3.3640001,-0.39611119,0.45946702,10.0,1.3592167,637.5197700255394,868.7937155168376,591.6301445075032,8.401954088551767,44.64763338556823,75,10.583333333333334
L0420090336,8.4235296,3.364,3.3640001,-0.39611119,0.45946702,10.0,1.3592167,637.5197700255394,868.7937155168376,591.6301445075032,8.401954088551767,44.64763338556823,75,10.083333333333334
L0420090336,8.4235296,3.364,3.3640001,-0.39611119,0.45946702,10.0,1.3592167,637.5197700255394,868.7937155168376,591.6301445075032,8.401954088551767,44.64763338556823,75,9.333333333333334
L0420090336,8.4235296,3.364,3.3640001,-0.39611119,0.45946702,10.0,1.3592167,637.5197700255394,868.7937155168376,591.6301445075032,8.401954088551767,44.64763338556823,75,9.916666666666666
L0420090336,8.4235296,3.364,3.3640001,-0.39611119,0.45946702,10.0,1.3592167,637.5197700255394,868.7937155168376,591.6301445075032,8.401954088551767,44.64763338556823,75,9.833333333333334
L0420090336,8.4235296,3.364,3.3640001,-0.39611119,0.45946702,10.0,1.3592167,637.5197700255394,868.7937155168376,591.6301445075032,8.401954088551767,44.64763338556823,75,9.5
L0420090336,8.4235296,3.364,3.3640001,-0.39611119,0.45946702,10.0,1.3592167,637.5197700255394,868.7937155168376,591.6301445075032,8.401954088551767,44.64763338556823,75,10.0
L0420090336,8.4235296,3.364,3.3640001,-0.39611119,0.45946702,10.0,1.3592167,637.5197700255394,868.7937155168376,591.6301445075032,8.401954088551767,44.64763338556823,75,9.75
L0524090011_2E62,7.5318165,9.458,9.4580002,-1.0049207,0.092293553,9.5,0.75512034,637.5197700255394,868.7937155168376,591.6301445075032,7.512524967728095,39.921244156294485,76,9.166666666666666
L0524090011_2E62,7.5318165,9.458,9.4580002,-1.0049207,0.092293553,9.5,0.75512034,637.5197700255394,868.7937155168376,591.6301445075032,7.512524967728095,39.921244156294485,76,9.0
L0524090011_2E62,7.5318165,9.458,9.4580002,-1.0049207,0.092293553,9.5,0.75512034,637.5197700255394,868.7937155168376,591.6301445075032,7.512524967728095,39.921244156294485,76,9.0
L0524090011_2E62,7.5318165,9.458,9.4580002,-1.0049207,0.092293553,9.5,0.75512034,637.5197700255394,868.7937155168376,591.6301445075032,7.512524967728095,39.921244156294485,76,9.083333333333334
L0524090011_2E62,7.5318165,9.458,9.4580002,-1.0049207,0.092293553,9.5,0.75512034,637.5197700255394,868.7937155168376,591.6301445075032,7.512524967728095,39.921244156294485,76,9.083333333333334
L0524090011_2E62,7.5318165,9.458,9.4580002,-1.0049207,0.092293553,9.5,0.75512034,637.5197700255394,868.7937155168376,591.6301445075032,7.512524967728095,39.921244156294485,76,9.0
L0524090011_2E62,7.5318165,9.458,9.4580002,-1.0049207,0.092293553,9.5,0.75512034,637.5197700255394,868.7937155168376,591.6301445075032,7.512524967728095,39.921244156294485,76,9.0
L0524090011_2E62,7.5318165,9.458,9.4580002,-1.0049207,0.092293553,9.5,0.75512034,637.5197700255394,868.7937155168376,591.6301445075032,7.512524967728095,39.921244156294485,76,9.0
L0524090011_2E62,7.5318165,9.458,9.4580002,-1.0049207,0.092293553,9.5,0.75512034,637.5197700255394,868.7937155168376,591.6301445075032,7.512524967728095,39.921244156294485,76,9.0
L0524090011_2E62,7.5318165,9.458,9.4580002,-1.0049207,0.092293553,9.5,0.75512034,637.5197700255394,868.7937155168376,591.6301445075032,7.512524967728095,39.921244156294485,76,9.083333333333334
L0516111321_1561,4.9179726,4.889,4.8889999,-0.90704554,0.21794982,10.5,0.75512034,637.5197700255394,868.7937155168376,591.6301445075032,4.905376006983529,26.06696338374234,77,10.166666666666666
L0516111321_1561,4.9179726,4.889,4.8889999,-0.90704554,0.21794982,10.5,0.75512034,637.5197700255394,868.7937155168376,591.6301445075032,4.905376006983529,26.06696338374234,77,9.666666666666666
L0516111321_1561,4.9179726,4.889,4.8889999,-0.90704554,0.21794982,10.5,0.75512034,637.5197700255394,868.7937155168376,591.6301445075032,4.905376006983529,26.06696338374234,77,10.5
L0516111321_1561,4.9179726,4.889,4.8889999,-0.90704554,0.21794982,10.5,0.75512034,637.5197700255394,868.7937155168376,591.6301445075032,4.905376006983529,26.06696338374234,77,9.833333333333334
L0516111321_1561,4.9179726,4.889,4.8889999,-0.90704554,0.21794982,10.5,0.75512034,637.5197700255394,868.7937155168376,591.6301445075032,4.905376006983529,26.06696338374234,77,9.916666666666666
L0516111321_1561,4.9179726,4.889,4.8889999,-0.90704554,0.21794982,10.5,0.75512034,637.5197700255394,868.7937155168376,591.6301445075032,4.905376006983529,26.06696338374234,77,10.0
L0516111321_1561,4.9179726,4.889,4.8889999,-0.90704554,0.21794982,10.5,0.75512034,637.5197700255394,868.7937155168376,591.6301445075032,4.905376006983529,26.06696338374234,77,10.083333333333334
L0516111321_1561,4.9179726,4.889,4.8889999,-0.90704554,0.21794982,10.5,0.75512034,637.5197700255394,868.7937155168376,591.6301445075032,4.905376006983529,26.06696338374234,77,9.666666666666666
L0516111321_1561,4.9179726,4.889,4.8889999,-0.90704554,0.21794982,10.5,0.75512034,637.5197700255394,868.7937155168376,591.6301445075032,4.905376006983529,26.06696338374234,77,10.333333333333334
L0516111321_1561,4.9179726,4.889,4.8889999,-0.90704554,0.21794982,10.5,0.75512034,637.5197700255394,868.7937155168376,591.6301445075032,4.905376006983529,26.06696338374234,77,9.916666666666666
L0506113811_0E33,14.744379,15.669,15.764944,0.0,1.0,9.5,1.031521,637.5197700255394,868.7937155168376,591.6301445075032,14.706613653047151,78.15033119725383,78,12.166666666666666
L0506113811_0E33,14.744379,15.669,15.764944,0.0,1.0,9.5,1.031521,637.5197700255394,868.7937155168376,591.6301445075032,14.706613653047151,78.15033119725383,78,11.666666666666666
L0506113811_0E33,14.744379,15.669,15.764944,0.0,1.0,9.5,1.031521,637.5197700255394,868.7937155168376,591.6301445075032,14.706613653047151,78.15033119725383,78,11.333333333333334
L0506113811_0E33,14.744379,15.669,15.764944,0.0,1.0,9.5,1.031521,637.5197700255394,868.7937155168376,591.6301445075032,14.706613653047151,78.15033119725383,78,9.083333333333334
L0506113811_0E33,14.744379,15.669,15.764944,0.0,1.0,9.5,1.031521,637.5197700255394,868.7937155168376,591.6301445075032,14.706613653047151,78.15033119725383,78,8.666666666666666
L0506113811_0E33,14.744379,15.669,15.764944,0.0,1.0,9.5,1.031521,637.5197700255394,868.7937155168376,591.6301445075032,14.706613653047151,78.15033119725383,78,9.25
L0506113811_0E33,14.744379,15.669,15.764944,0.0,1.0,9.5,1.031521,637.5197700255394,868.7937155168376,591.6301445075032,14.706613653047151,78.15033119725383,78,9.833333333333334
L0506113811_0E33,14.744379,15.669,15.764944,0.0,1.0,9.5,1.031521,637.5197700255394,868.7937155168376,591.6301445075032,14.706613653047151,78.15033119725383,78,10.666666666666666
L0506113811_0E33,14.744379,15.669,15.764944,0.0,1.0,9.5,1.031521,637.5197700255394,868.7937155168376,591.6301445075032,14.706613653047151,78.15033119725383,78,11.666666666666666
L0506113811_0E33,14.744379,15.669,15.764944,0.0,1.0,9.5,1.031521,637.5197700255394,868.7937155168376,591.6301445075032,14.706613653047151,78.15033119725383,78,10.416666666666666
L0420093133,11.624096,11.509,11.509,-0.94451404,0.17839992,10.0,0.97086877,637.5197700255394,868.7937155168376,591.6301445075032,11.594322754314087,61.61174724745434,79,9.666666666666666
L0420093133,11.624096,11.509,11.509,-0.94451404,0.17839992,10.0,0.97086877,637.5197700255394,868.7937155168376,591.6301445075032,11.594322754314087,61.61174724745434,79,10.0
L0420093133,11.624096,11.509,11.509,-0.94451404,0.17839992,10.0,0.97086877,637.5197700255394,868.7937155168376,591.6301445075032,11.594322754314087,61.61174724745434,79,10.0
L0420093133,11.624096,11.509,11.509,-0.94451404,0.17839992,10.0,0.97086877,637.5197700255394,868.7937155168376,591.6301445075032,11.594322754314087,61.61174724745434,79,9.75
L0420093133,11.624096,11.509,11.509,-0.94451404,0.17839992,10.0,0.97086877,637.5197700255394,868.7937155168376,591.6301445075032,11.594322754314087,61.61174724745434,79,9.666666666666666
L0420093133,11.624096,11.509,11.509,-0.94451404,0.17839992,10.0,0.97086877,637.5197700255394,868.7937155168376,591.6301445075032,11.594322754314087,61.61174724745434,79,9.666666666666666
L0420093133,11.624096,11.509,11.509,-0.94451404,0.17839992,10.0,0.97086877,637.5197700255394,868.7937155168376,591.6301445075032,11.594322754314087,61.61174724745434,79,9.916666666666666
L0420093133,11.624096,11.509,11.509,-0.94451404,0.17839992,10.0,0.97086877,637.5197700255394,868.7937155168376,591.6301445075032,11.594322754314087,61.61174724745434,79,9.583333333333334
L0420093133,11.624096,11.509,11.509,-0.94451404,0.17839992,10.0,0.97086877,637.5197700255394,868.7937155168376,591.6301445075032,11.594322754314087,61.61174724745434,79,9.416666666666666
L0420093133,11.624096,11.509,11.509,-0.94451404,0.17839992,10.0,0.97086877,637.5197700255394,868.7937155168376,591.6301445075032,11.594322754314087,61.61174724745434,79,9.75
L0318131309,6.6990094,7.746,7.9165487,-0.98796302,0.080702856,10.0,0.48543462,637.5197700255394,868.7937155168376,591.6301445075032,6.681850968693303,35.50707719216364,80,9.5
L0318131309,6.6990094,7.746,7.9165487,-0.98796302,0.080702856,10.0,0.48543462,637.5197700255394,868.7937155168376,591.6301445075032,6.681850968693303,35.50707719216364,80,9.416666666666666
L0318131309,6.6990094,7.746,7.9165487,-0.98796302,0.080702856,10.0,0.48543462,637.5197700255394,868.7937155168376,591.6301445075032,6.681850968693303,35.50707719216364,80,9.583333333333334
L0318131309,6.6990094,7.746,7.9165487,-0.98796302,0.080702856,10.0,0.48543462,637.5197700255394,868.7937155168376,591.6301445075032,6.681850968693303,35.50707719216364,80,9.583333333333334
L0318131309,6.6990094,7.746,7.9165487,-0.98796302,0.080702856,10.0,0.48543462,637.5197700255394,868.7937155168376,591.6301445075032,6.681850968693303,35.50707719216364,80,9.5
L0318131309,6.6990094,7.746,7.9165487,-0.98796302,0.080702856,10.0,0.48543462,637.5197700255394,868.7937155168376,591.6301445075032,6.681850968693303,35.50707719216364,80,9.583333333333334
L0318131309,6.6990094,7.746,7.9165487,-0.98796302,0.080702856,10.0,0.48543462,637.5197700255394,868.7937155168376,591.6301445075032,6.681850968693303,35.50707719216364,80,9.583333333333334
L0318131309,6.6990094,7.746,7.9165487,-0.98796302,0.080702856,10.0,0.48543462,637.5197700255394,868.7937155168376,591.6301445075032,6.681850968693303,35.50707719216364,80,9.5
L0318131309,6.6990094,7.746,7.9165487,-0.98796302,0.080702856,10.0,0.48543462,637.5197700255394,868.7937155168376,591.6301445075032,6.681850968693303,35.50707719216364,80,9.666666666666666
L0318131309,6.6990094,7.746,7.9165487,-0.98796302,0.080702856,10.0,0.48543462,637.5197700255394,868.7937155168376,591.6301445075032,6.681850968693303,35.50707719216364,80,9.666666666666666
L0301202156,6.8249965,6.094,6.0939999,0.0,1.0,10.5,0.97086877,637.5197700255394,868.7937155168376,591.6301445075032,6.807515373071936,36.17485259264552,81,11.166666666666666
L0301202156,6.8249965,6.094,6.0939999,0.0,1.0,10.5,0.97086877,637.5197700255394,868.7937155168376,591.6301445075032,6.807515373071936,36.17485259264552,81,11.833333333333334
L0301202156,6.8249965,6.094,6.0939999,0.0,1.0,10.5,0.97086877,637.5197700255394,868.7937155168376,591.6301445075032,6.807515373071936,36.17485259264552,81,12.666666666666666
L0301202156,6.8249965,6.094,6.0939999,0.0,1.0,10.5,0.97086877,637.5197700255394,868.7937155168376,591.6301445075032,6.807515373071936,36.17485259264552,81,11.0
L0301202156,6.8249965,6.094,6.0939999,0.0,1.0,10.5,0.97086877,637.5197700255394,868.7937155168376,591.6301445075032,6.807515373071936,36.17485259264552,81,9.916666666666666
L0301202156,6.8249965,6.094,6.0939999,0.0,1.0,10.5,0.97086877,637.5197700255394,868.7937155168376,591.6301445075032,6.807515373071936,36.17485259264552,81,9.75
L0301202156,6.8249965,6.094,6.0939999,0.0,1.0,10.5,0.97086877,637.5197700255394,868.7937155168376,591.6301445075032,6.807515373071936,36.17485259264552,81,11.333333333333334
L0301202156,6.8249965,6.094,6.0939999,0.0,1.0,10.5,0.97086877,637.5197700255394,868.7937155168376,591.6301445075032,6.807515373071936,36.17485259264552,81,10.75
L0301202156,6.8249965,6.094,6.0939999,0.0,1.0,10.5,0.97086877,637.5197700255394,868.7937155168376,591.6301445075032,6.807515373071936,36.17485259264552,81,10.666666666666666
L0301202156,6.8249965,6.094,6.0939999,0.0,1.0,10.5,0.97086877,637.5197700255394,868.7937155168376,591.6301445075032,6.807515373071936,36.17485259264552,81,11.083333333333334
L0509192146_601D,19.948067,22.748,25.573584,-0.89781278,0.069982126,10.166667,1.3592167,637.5197700255394,868.7937155168376,591.6301445075032,19.89697324615023,105.73168546433931,82,10.25
L0509192146_601D,19.948067,22.748,25.573584,-0.89781278,0.069982126,10.166667,1.3592167,637.5197700255394,868.7937155168376,591.6301445075032,19.89697324615023,105.73168546433931,82,10.25
L0509192146_601D,19.948067,22.748,25.573584,-0.89781278,0.069982126,10.166667,1.3592167,637.5197700255394,868.7937155168376,591.6301445075032,19.89697324615023,105.73168546433931,82,10.25
L0509192146_601D,19.948067,22.748,25.573584,-0.89781278,0.069982126,10.166667,1.3592167,637.5197700255394,868.7937155168376,591.6301445075032,19.89697324615023,105.73168546433931,82,10.25
L0509192146_601D,19.948067,22.748,25.573584,-0.89781278,0.069982126,10.166667,1.3592167,637.5197700255394,868.7937155168376,591.6301445075032,19.89697324615023,105.73168546433931,82,10.25
L0509192146_601D,19.948067,22.748,25.573584,-0.89781278,0.069982126,10.166667,1.3592167,637.5197700255394,868.7937155168376,591.6301445075032,19.89697324615023,105.73168546433931,82,10.25
L0509192146_601D,19.948067,22.748,25.573584,-0.89781278,0.069982126,10.166667,1.3592167,637.5197700255394,868.7937155168376,591.6301445075032,19.89697324615023,105.73168546433931,82,10.25
L0509192146_601D,19.948067,22.748,25.573584,-0.89781278,0.069982126,10.166667,1.3592167,637.5197700255394,868.7937155168376,591.6301445075032,19.89697324615023,105.73168546433931,82,10.25
L0509192146_601D,19.948067,22.748,25.573584,-0.89781278,0.069982126,10.166667,1.3592167,637.5197700255394,868.7937155168376,591.6301445075032,19.89697324615023,105.73168546433931,82,10.25
L0509192146_601D,19.948067,22.748,25.573584,-0.89781278,0.069982126,10.166667,1.3592167,637.5197700255394,868.7937155168376,591.6301445075032,19.89697324615023,105.73168546433931,82,10.25
L0221174033,17.031301,17.505,17.220257,-0.2751112,0.12618171,9.5,0.75512034,637.5197700255394,868.7937155168376,591.6301445075032,16.98767807147087,90.27181232048636,83,10.25
L0221174033,17.031301,17.505,17.220257,-0.2751112,0.12618171,9.5,0.75512034,637.5197700255394,868.7937155168376,591.6301445075032,16.98767807147087,90.27181232048636,83,10.25
L0221174033,17.031301,17.505,17.220257,-0.2751112,0.12618171,9.5,0.75512034,637.5197700255394,868.7937155168376,591.6301445075032,16.98767807147087,90.27181232048636,83,10.166666666666666
L0221174033,17.031301,17.505,17.220257,-0.2751112,0.12618171,9.5,0.75512034,637.5197700255394,868.7937155168376,591.6301445075032,16.98767807147087,90.27181232048636,83,10.333333333333334
L0221174033,17.031301,17.505,17.220257,-0.2751112,0.12618171,9.5,0.75512034,637.5197700255394,868.7937155168376,591.6301445075032,16.98767807147087,90.27181232048636,83,10.333333333333334
L0221174033,17.031301,17.505,17.220257,-0.2751112,0.12618171,9.5,0.75512034,637.5197700255394,868.7937155168376,591.6301445075032,16.98767807147087,90.27181232048636,83,10.25
L0221174033,17.031301,17.505,17.220257,-0.2751112,0.12618171,9.5,0.75512034,637.5197700255394,868.7937155168376,591.6301445075032,16.98767807147087,90.27181232048636,83,10.416666666666666
L0221174033,17.031301,17.505,17.220257,-0.2751112,0.12618171,9.5,0.75512034,637.5197700255394,868.7937155168376,591.6301445075032,16.98767807147087,90.27181232048636,83,10.25
L0221174033,17.031301,17.505,17.220257,-0.2751112,0.12618171,9.5,0.75512034,637.5197700255394,868.7937155168376,591.6301445075032,16.98767807147087,90.27181232048636,83,10.166666666666666
L0221174033,17.031301,17.505,17.220257,-0.2751112,0.12618171,9.5,0.75512034,637.5197700255394,868.7937155168376,591.6301445075032,16.98767807147087,90.27181232048636,83,10.25
L0408110413,18.316805,30.965,26.905146,0.40726185,0.31050289,10.0,3.3980434,637.5197700255394,868.7937155168376,591.6301445075032,18.269889460465055,97.08543013073083,84,11.666666666666666
L0408110413,18.316805,30.965,26.905146,0.40726185,0.31050289,10.0,3.3980434,637.5197700255394,868.7937155168376,591.6301445075032,18.269889460465055,97.08543013073083,84,11.083333333333334
L0408110413,18.316805,30.965,26.905146,0.40726185,0.31050289,10.0,3.3980434,637.5197700255394,868.7937155168376,591.6301445075032,18.269889460465055,97.08543013073083,84,11.333333333333334
L0408110413,18.316805,30.965,26.905146,0.40726185,0.31050289,10.0,3.3980434,637.5197700255394,868.7937155168376,591.6301445075032,18.269889460465055,97.08543013073083,84,11.5
L0408110413,18.316805,30.965,26.905146,0.40726185,0.31050289,10.0,3.3980434,637.5197700255394,868.7937155168376,591.6301445075032,18.269889460465055,97.08543013073083,84,11.166666666666666
L0408110413,18.316805,30.965,26.905146,0.40726185,0.31050289,10.0,3.3980434,637.5197700255394,868.7937155168376,591.6301445075032,18.269889460465055,97.08543013073083,84,11.416666666666666
L0408110413,18.316805,30.965,26.905146,0.40726185,0.31050289,10.0,3.3980434,637.5197700255394,868.7937155168376,591.6301445075032,18.269889460465055,97.08543013073083,84,11.416666666666666
L0408110413,18.316805,30.965,26.905146,0.40726185,0.31050289,10.0,3.3980434,637.5197700255394,868.7937155168376,591.6301445075032,18.269889460465055,97.08543013073083,84,11.25
L0408110413,18.316805,30.965,26.905146,0.40726185,0.31050289,10.0,3.3980434,637.5197700255394,868.7937155168376,591.6301445075032,18.269889460465055,97.08543013073083,84,11.0
L0408110413,18.316805,30.965,26.905146,0.40726185,0.31050289,10.0,3.3980434,637.5197700255394,868.7937155168376,591.6301445075032,18.269889460465055,97.08543013073083,84,11.666666666666666
L0511145829_E8A0,7.4819708,8.338,8.3971109,0.43563476,0.88489974,10.5,0.61782604,637.5197700255394,868.7937155168376,591.6301445075032,7.462806939443168,39.65704462888415,85,11.166666666666666
L0511145829_E8A0,7.4819708,8.338,8.3971109,0.43563476,0.88489974,10.5,0.61782604,637.5197700255394,868.7937155168376,591.6301445075032,7.462806939443168,39.65704462888415,85,10.833333333333334
L0511145829_E8A0,7.4819708,8.338,8.3971109,0.43563476,0.88489974,10.5,0.61782604,637.5197700255394,868.7937155168376,591.6301445075032,7.462806939443168,39.65704462888415,85,10.416666666666666
L0511145829_E8A0,7.4819708,8.338,8.3971109,0.43563476,0.88489974,10.5,0.61782604,637.5197700255394,868.7937155168376,591.6301445075032,7.462806939443168,39.65704462888415,85,13.083333333333334
L0511145829_E8A0,7.4819708,8.338,8.3971109,0.43563476,0.88489974,10.5,0.61782604,637.5197700255394,868.7937155168376,591.6301445075032,7.462806939443168,39.65704462888415,85,11.75
L0511145829_E8A0,7.4819708,8.338,8.3971109,0.43563476,0.88489974,10.5,0.61782604,637.5197700255394,868.7937155168376,591.6301445075032,7.462806939443168,39.65704462888415,85,11.666666666666666
L0511145829_E8A0,7.4819708,8.338,8.3971109,0.43563476,0.88489974,10.5,0.61782604,637.5197700255394,868.7937155168376,591.6301445075032,7.462806939443168,39.65704462888415,85,12.833333333333334
L0511145829_E8A0,7.4819708,8.338,8.3971109,0.43563476,0.88489974,10.5,0.61782604,637.5197700255394,868.7937155168376,591.6301445075032,7.462806939443168,39.65704462888415,85,11.75
L0511145829_E8A0,7.4819708,8.338,8.3971109,0.43563476,0.88489974,10.5,0.61782604,637.5197700255394,868.7937155168376,591.6301445075032,7.462806939443168,39.65704462888415,85,12.0
L0511145829_E8A0,7.4819708,8.338,8.3971109,0.43563476,0.88489974,10.5,0.61782604,637.5197700255394,868.7937155168376,591.6301445075032,7.462806939443168,39.65704462888415,85,10.583333333333334
L0204115017,1.9610834,1.791,1.791,0.0,1.0,10.5,0.75512034,637.5197700255394,868.7937155168376,591.6301445075032,1.9560604014047744,10.394423340273375,86,12.083333333333334
L0204115017,1.9610834,1.791,1.791,0.0,1.0,10.5,0.75512034,637.5197700255394,868.7937155168376,591.6301445075032,1.9560604014047744,10.394423340273375,86,10.083333333333334
L0204115017,1.9610834,1.791,1.791,0.0,1.0,10.5,0.75512034,637.5197700255394,868.7937155168376,591.6301445075032,1.9560604014047744,10.394423340273375,86,10.833333333333334
L0204115017,1.9610834,1.791,1.791,0.0,1.0,10.5,0.75512034,637.5197700255394,868.7937155168376,591.6301445075032,1.9560604014047744,10.394423340273375,86,10.416666666666666
L0204115017,1.9610834,1.791,1.791,0.0,1.0,10.5,0.75512034,637.5197700255394,868.7937155168376,591.6301445075032,1.9560604014047744,10.394423340273375,86,10.416666666666666
L0204115017,1.9610834,1.791,1.791,0.0,1.0,10.5,0.75512034,637.5197700255394,868.7937155168376,591.6301445075032,1.9560604014047744,10.394423340273375,86,10.083333333333334
L0204115017,1.9610834,1.791,1.791,0.0,1.0,10.5,0.75512034,637.5197700255394,868.7937155168376,591.6301445075032,1.9560604014047744,10.394423340273375,86,11.416666666666666
L0204115017,1.9610834,1.791,1.791,0.0,1.0,10.5,0.75512034,637.5197700255394,868.7937155168376,591.6301445075032,1.9560604014047744,10.394423340273375,86,10.666666666666666
L0204115017,1.9610834,1.791,1.791,0.0,1.0,10.5,0.75512034,637.5197700255394,868.7937155168376,591.6301445075032,1.9560604014047744,10.394423340273375,86,9.166666666666666
L0204115017,1.9610834,1.791,1.791,0.0,1.0,10.5,0.75512034,637.5197700255394,868.7937155168376,591.6301445075032,1.9560604014047744,10.394423340273375,86,13.166666666666666
L0522173559_0E5A,7.6472745,8.481,8.5918541,-1.0652115,0.17933108,9.666667,0.27184331,637.5197700255394,868.7937155168376,591.6301445075032,7.6276872406969,40.53321166875279,87,9.0
L0522173559_0E5A,7.6472745,8.481,8.5918541,-1.0652115,0.17933108,9.666667,0.27184331,637.5197700255394,868.7937155168376,591.6301445075032,7.6276872406969,40.53321166875279,87,9.166666666666666
L0522173559_0E5A,7.6472745,8.481,8.5918541,-1.0652115,0.17933108,9.666667,0.27184331,637.5197700255394,868.7937155168376,591.6301445075032,7.6276872406969,40.53321166875279,87,9.25
L0522173559_0E5A,7.6472745,8.481,8.5918541,-1.0652115,0.17933108,9.666667,0.27184331,637.5197700255394,868.7937155168376,591.6301445075032,7.6276872406969,40.53321166875279,87,9.25
L0522173559_0E5A,7.6472745,8.481,8.5918541,-1.0652115,0.17933108,9.666667,0.27184331,637.5197700255394,868.7937155168376,591.6301445075032,7.6276872406969,40.53321166875279,87,9.25
L0522173559_0E5A,7.6472745,8.481,8.5918541,-1.0652115,0.17933108,9.666667,0.27184331,637.5197700255394,868.7937155168376,591.6301445075032,7.6276872406969,40.53321166875279,87,9.083333333333334
L0522173559_0E5A,7.6472745,8.481,8.5918541,-1.0652115,0.17933108,9.666667,0.27184331,637.5197700255394,868.7937155168376,591.6301445075032,7.6276872406969,40.53321166875279,87,8.916666666666666
L0522173559_0E5A,7.6472745,8.481,8.5918541,-1.0652115,0.17933108,9.666667,0.27184331,637.5197700255394,868.7937155168376,591.6301445075032,7.6276872406969,40.53321166875279,87,9.25
L0522173559_0E5A,7.6472745,8.481,8.5918541,-1.0652115,0.17933108,9.666667,0.27184331,637.5197700255394,868.7937155168376,591.6301445075032,7.6276872406969,40.53321166875279,87,9.083333333333334
L0522173559_0E5A,7.6472745,8.481,8.5918541,-1.0652115,0.17933108,9.666667,0.27184331,637.5197700255394,868.7937155168376,591.6301445075032,7.6276872406969,40.53321166875279,87,8.833333333333334
L0522191102_96ED,3.4294188,6.631,6.631,-0.92148149,0.24772875,10.5,0.32417044,637.5197700255394,868.7937155168376,591.6301445075032,3.4206348972782497,18.1771110898661,88,10.083333333333334
L0522191102_96ED,3.4294188,6.631,6.631,-0.92148149,0.24772875,10.5,0.32417044,637.5197700255394,868.7937155168376,591.6301445075032,3.4206348972782497,18.1771110898661,88,10.0
L0522191102_96ED,3.4294188,6.631,6.631,-0.92148149,0.24772875,10.5,0.32417044,637.5197700255394,868.7937155168376,591.6301445075032,3.4206348972782497,18.1771110898661,88,9.916666666666666
L0522191102_96ED,3.4294188,6.631,6.631,-0.92148149,0.24772875,10.5,0.32417044,637.5197700255394,868.7937155168376,591.6301445075032,3.4206348972782497,18.1771110898661,88,10.25
L0522191102_96ED,3.4294188,6.631,6.631,-0.92148149,0.24772875,10.5,0.32417044,637.5197700255394,868.7937155168376,591.6301445075032,3.4206348972782497,18.1771110898661,88,9.916666666666666
L0522191102_96ED,3.4294188,6.631,6.631,-0.92148149,0.24772875,10.5,0.32417044,637.5197700255394,868.7937155168376,591.6301445075032,3.4206348972782497,18.1771110898661,88,9.916666666666666
L0522191102_96ED,3.4294188,6.631,6.631,-0.92148149,0.24772875,10.5,0.32417044,637.5197700255394,868.7937155168376,591.6301445075032,3.4206348972782497,18.1771110898661,88,10.416666666666666
L0522191102_96ED,3.4294188,6.631,6.631,-0.92148149,0.24772875,10.5,0.32417044,637.5197700255394,868.7937155168376,591.6301445075032,3.4206348972782497,18.1771110898661,88,10.333333333333334
L0522191102_96ED,3.4294188,6.631,6.631,-0.92148149,0.24772875,10.5,0.32417044,637.5197700255394,868.7937155168376,591.6301445075032,3.4206348972782497,18.1771110898661,88,10.083333333333334
L0522191102_96ED,3.4294188,6.631,6.631,-0.92148149,0.24772875,10.5,0.32417044,637.5197700255394,868.7937155168376,591.6301445075032,3.4206348972782497,18.1771110898661,88,9.916666666666666
L0506155809_A810,12.072971,10.929,10.934375,0.0,1.0,9.666667,0.75512034,637.5197700255394,868.7937155168376,591.6301445075032,12.04204803345345,63.990940695762156,89,10.25
L0506155809_A810,12.072971,10.929,10.934375,0.0,1.0,9.666667,0.75512034,637.5197700255394,868.7937155168376,591.6301445075032,12.04204803345345,63.990940695762156,89,10.166666666666666
L0506155809_A810,12.072971,10.929,10.934375,0.0,1.0,9.666667,0.75512034,637.5197700255394,868.7937155168376,591.6301445075032,12.04204803345345,63.990940695762156,89,9.333333333333334
L0506155809_A810,12.072971,10.929,10.934375,0.0,1.0,9.666667,0.75512034,637.5197700255394,868.7937155168376,591.6301445075032,12.04204803345345,63.990940695762156,89,10.5
L0506155809_A810,12.072971,10.929,10.934375,0.0,1.0,9.666667,0.75512034,637.5197700255394,868.7937155168376,591.6301445075032,12.04204803345345,63.990940695762156,89,8.916666666666666
L0506155809_A810,12.072971,10.929,10.934375,0.0,1.0,9.666667,0.75512034,637.5197700255394,868.7937155168376,591.6301445075032,12.04204803345345,63.990940695762156,89,11.416666666666666
L0506155809_A810,12.072971,10.929,10.934375,0.0,1.0,9.666667,0.75512034,637.5197700255394,868.7937155168376,591.6301445075032,12.04204803345345,63.990940695762156,89,8.75
L0506155809_A810,12.072971,10.929,10.934375,0.0,1.0,9.666667,0.75512034,637.5197700255394,868.7937155168376,591.6301445075032,12.04204803345345,63.990940695762156,89,10.083333333333334
L0506155809_A810,12.072971,10.929,10.934375,0.0,1.0,9.666667,0.75512034,637.5197700255394,868.7937155168376,591.6301445075032,12.04204803345345,63.990940695762156,89,11.0
L0506155809_A810,12.072971,10.929,10.934375,0.0,1.0,9.666667,0.75512034,637.5197700255394,868.7937155168376,591.6301445075032,12.04204803345345,63.990940695762156,89,9.583333333333334
L0222115217,13.856485,17.629,17.734819,-0.18779625,0.65502739,9.5,0.19417374,637.5197700255394,868.7937155168376,591.6301445075032,13.820993850215261,73.44418452481312,90,10.833333333333334
L0222115217,13.856485,17.629,17.734819,-0.18779625,0.65502739,9.5,0.19417374,637.5197700255394,868.7937155168376,591.6301445075032,13.820993850215261,73.44418452481312,90,10.333333333333334
L0222115217,13.856485,17.629,17.734819,-0.18779625,0.65502739,9.5,0.19417374,637.5197700255394,868.7937155168376,591.6301445075032,13.820993850215261,73.44418452481312,90,9.916666666666666
L0222115217,13.856485,17.629,17.734819,-0.18779625,0.65502739,9.5,0.19417374,637.5197700255394,868.7937155168376,591.6301445075032,13.820993850215261,73.44418452481312,90,11.0
L0222115217,13.856485,17.629,17.734819,-0.18779625,0.65502739,9.5,0.19417374,637.5197700255394,868.7937155168376,591.6301445075032,13.820993850215261,73.44418452481312,90,9.416666666666666
L0222115217,13.856485,17.629,17.734819,-0.18779625,0.65502739,9.5,0.19417374,637.5197700255394,868.7937155168376,591.6301445075032,13.820993850215261,73.44418452481312,90,9.666666666666666
L0222115217,13.856485,17.629,17.734819,-0.18779625,0.65502739,9.5,0.19417374,637.5197700255394,868.7937155168376,591.6301445075032,13.820993850215261,73.44418452481312,90,10.25
L0222115217,13.856485,17.629,17.734819,-0.18779625,0.65502739,9.5,0.19417374,637.5197700255394,868.7937155168376,591.6301445075032,13.820993850215261,73.44418452481312,90,10.75
L0222115217,13.856485,17.629,17.734819,-0.18779625,0.65502739,9.5,0.19417374,637.5197700255394,868.7937155168376,591.6301445075032,13.820993850215261,73.44418452481312,90,10.166666666666666
L0222115217,13.856485,17.629,17.734819,-0.18779625,0.65502739,9.5,0.19417374,637.5197700255394,868.7937155168376,591.6301445075032,13.820993850215261,73.44418452481312,90,10.583333333333334
L0317172945,2.8663063,4.241,4.2410002,-0.72488087,0.32434291,10.5,0.97086877,637.5197700255394,868.7937155168376,591.6301445075032,2.858964719056331,15.192419203126509,91,10.083333333333334
L0317172945,2.8663063,4.241,4.2410002,-0.72488087,0.32434291,10.5,0.97086877,637.5197700255394,868.7937155168376,591.6301445075032,2.858964719056331,15.192419203126509,91,10.083333333333334
L0317172945,2.8663063,4.241,4.2410002,-0.72488087,0.32434291,10.5,0.97086877,637.5197700255394,868.7937155168376,591.6301445075032,2.858964719056331,15.192419203126509,91,9.75
L0317172945,2.8663063,4.241,4.2410002,-0.72488087,0.32434291,10.5,0.97086877,637.5197700255394,868.7937155168376,591.6301445075032,2.858964719056331,15.192419203126509,91,10.166666666666666
L0317172945,2.8663063,4.241,4.2410002,-0.72488087,0.32434291,10.5,0.97086877,637.5197700255394,868.7937155168376,591.6301445075032,2.858964719056331,15.192419203126509,91,10.333333333333334
L0317172945,2.8663063,4.241,4.2410002,-0.72488087,0.32434291,10.5,0.97086877,637.5197700255394,868.7937155168376,591.6301445075032,2.858964719056331,15.192419203126509,91,10.25
L0317172945,2.8663063,4.241,4.2410002,-0.72488087,0.32434291,10.5,0.97086877,637.5197700255394,868.7937155168376,591.6301445075032,2.858964719056331,15.192419203126509,91,10.0
L0317172945,2.8663063,4.241,4.2410002,-0.72488087,0.32434291,10.5,0.97086877,637.5197700255394,868.7937155168376,591.6301445075032,2.858964719056331,15.192419203126509,91,9.666666666666666
L0317172945,2.8663063,4.241,4.2410002,-0.72488087,0.32434291,10.5,0.97086877,637.5197700255394,868.7937155168376,591.6301445075032,2.858964719056331,15.192419203126509,91,10.166666666666666
L0317172945,2.8663063,4.241,4.2410002,-0.72488087,0.32434291,10.5,0.97086877,637.5197700255394,868.7937155168376,591.6301445075032,2.858964719056331,15.192419203126509,91,10.25
L0427185609_0793,8.0948505,5.888,5.8835902,-1.0827501,0.53956592,10.5,0.27184331,637.5197700255394,868.7937155168376,591.6301445075032,8.074116847015093,42.90551996576158,92,10.25
L0427185609_0793,8.0948505,5.888,5.8835902,-1.0827501,0.53956592,10.5,0.27184331,637.5197700255394,868.7937155168376,591.6301445075032,8.074116847015093,42.90551996576158,92,10.416666666666666
L0427185609_0793,8.0948505,5.888,5.8835902,-1.0827501,0.53956592,10.5,0.27184331,637.5197700255394,868.7937155168376,591.6301445075032,8.074116847015093,42.90551996576158,92,9.583333333333334
L0427185609_0793,8.0948505,5.888,5.8835902,-1.0827501,0.53956592,10.5,0.27184331,637.5197700255394,868.7937155168376,591.6301445075032,8.074116847015093,42.90551996576158,92,10.416666666666666
L0427185609_0793,8.0948505,5.888,5.8835902,-1.0827501,0.53956592,10.5,0.27184331,637.5197700255394,868.7937155168376,591.6301445075032,8.074116847015093,42.90551996576158,92,8.583333333333334
L0427185609_0793,8.0948505,5.888,5.8835902,-1.0827501,0.53956592,10.5,0.27184331,637.5197700255394,868.7937155168376,591.6301445075032,8.074116847015093,42.90551996576158,92,10.166666666666666
L0427185609_0793,8.0948505,5.888,5.8835902,-1.0827501,0.53956592,10.5,0.27184331,637.5197700255394,868.7937155168376,591.6301445075032,8.074116847015093,42.90551996576158,92,9.833333333333334
L0427185609_0793,8.0948505,5.888,5.8835902,-1.0827501,0.53956592,10.5,0.27184331,637.5197700255394,868.7937155168376,591.6301445075032,8.074116847015093,42.90551996576158,92,9.583333333333334
L0427185609_0793,8.0948505,5.888,5.8835902,-1.0827501,0.53956592,10.5,0.27184331,637.5197700255394,868.7937155168376,591.6301445075032,8.074116847015093,42.90551996576158,92,10.416666666666666
L0427185609_0793,8.0948505,5.888,5.8835902,-1.0827501,0.53956592,10.5,0.27184331,637.5197700255394,868.7937155168376,591.6301445075032,8.074116847015093,42.90551996576158,92,9.666666666666666
L0311105330,5.4100537,6.427,6.4294305,0.0,1.0,9.5,0.27303511,637.5197700255394,868.7937155168376,591.6301445075032,5.3961967206715356,28.67516417272837,93,10.166666666666666
L0311105330,5.4100537,6.427,6.4294305,0.0,1.0,9.5,0.27303511,637.5197700255394,868.7937155168376,591.6301445075032,5.3961967206715356,28.67516417272837,93,11.166666666666666
L0311105330,5.4100537,6.427,6.4294305,0.0,1.0,9.5,0.27303511,637.5197700255394,868.7937155168376,591.6301445075032,5.3961967206715356,28.67516417272837,93,10.083333333333334
L0311105330,5.4100537,6.427,6.4294305,0.0,1.0,9.5,0.27303511,637.5197700255394,868.7937155168376,591.6301445075032,5.3961967206715356,28.67516417272837,93,8.666666666666666
L0311105330,5.4100537,6.427,6.4294305,0.0,1.0,9.5,0.27303511,637.5197700255394,868.7937155168376,591.6301445075032,5.3961967206715356,28.67516417272837,93,9.666666666666666
L0311105330,5.4100537,6.427,6.4294305,0.0,1.0,9.5,0.27303511,637.5197700255394,868.7937155168376,591.6301445075032,5.3961967206715356,28.67516417272837,93,8.75
L0311105330,5.4100537,6.427,6.4294305,0.0,1.0,9.5,0.27303511,637.5197700255394,868.7937155168376,591.6301445075032,5.3961967206715356,28.67516417272837,93,8.083333333333334
L0311105330,5.4100537,6.427,6.4294305,0.0,1.0,9.5,0.27303511,637.5197700255394,868.7937155168376,591.6301445075032,5.3961967206715356,28.67516417272837,93,9.916666666666666
L0311105330,5.4100537,6.427,6.4294305,0.0,1.0,9.5,0.27303511,637.5197700255394,868.7937155168376,591.6301445075032,5.3961967206715356,28.67516417272837,93,10.416666666666666
L0311105330,5.4100537,6.427,6.4294305,0.0,1.0,9.5,0.27303511,637.5197700255394,868.7937155168376,591.6301445075032,5.3961967206715356,28.67516417272837,93,11.333333333333334
L0506113811_0E33,14.744379,15.669,15.764944,0.0,1.0,9.5,1.031521,637.5197700255394,868.7937155168376,591.6301445075032,14.706613653047151,78.15033119725383,94,9.0
L0506113811_0E33,14.744379,15.669,15.764944,0.0,1.0,9.5,1.031521,637.5197700255394,868.7937155168376,591.6301445075032,14.706613653047151,78.15033119725383,94,11.75
L0506113811_0E33,14.744379,15.669,15.764944,0.0,1.0,9.5,1.031521,637.5197700255394,868.7937155168376,591.6301445075032,14.706613653047151,78.15033119725383,94,10.333333333333334
L0506113811_0E33,14.744379,15.669,15.764944,0.0,1.0,9.5,1.031521,637.5197700255394,868.7937155168376,591.6301445075032,14.706613653047151,78.15033119725383,94,9.583333333333334
L0506113811_0E33,14.744379,15.669,15.764944,0.0,1.0,9.5,1.031521,637.5197700255394,868.7937155168376,591.6301445075032,14.706613653047151,78.15033119725383,94,9.0
L0506113811_0E33,14.744379,15.669,15.764944,0.0,1.0,9.5,1.031521,637.5197700255394,868.7937155168376,591.6301445075032,14.706613653047151,78.15033119725383,94,8.416666666666666
L0506113811_0E33,14.744379,15.669,15.764944,0.0,1.0,9.5,1.031521,637.5197700255394,868.7937155168376,591.6301445075032,14.706613653047151,78.15033119725383,94,10.166666666666666
L0506113811_0E33,14.744379,15.669,15.764944,0.0,1.0,9.5,1.031521,637.5197700255394,868.7937155168376,591.6301445075032,14.706613653047151,78.15033119725383,94,8.0
L0506113811_0E33,14.744379,15.669,15.764944,0.0,1.0,9.5,1.031521,637.5197700255394,868.7937155168376,591.6301445075032,14.706613653047151,78.15033119725383,94,10.75
L0506113811_0E33,14.744379,15.669,15.764944,0.0,1.0,9.5,1.031521,637.5197700255394,868.7937155168376,591.6301445075032,14.706613653047151,78.15033119725383,94,11.583333333333334
L0311105330,5.4100537,6.427,6.4294305,0.0,1.0,9.5,0.27303511,637.5197700255394,868.7937155168376,591.6301445075032,5.3961967206715356,28.67516417272837,95,10.916666666666666
L0311105330,5.4100537,6.427,6.4294305,0.0,1.0,9.5,0.27303511,637.5197700255394,868.7937155168376,591.6301445075032,5.3961967206715356,28.67516417272837,95,9.583333333333334
L0311105330,5.4100537,6.427,6.4294305,0.0,1.0,9.5,0.27303511,637.5197700255394,868.7937155168376,591.6301445075032,5.3961967206715356,28.67516417272837,95,10.083333333333334
L0311105330,5.4100537,6.427,6.4294305,0.0,1.0,9.5,0.27303511,637.5197700255394,868.7937155168376,591.6301445075032,5.3961967206715356,28.67516417272837,95,9.75
L0311105330,5.4100537,6.427,6.4294305,0.0,1.0,9.5,0.27303511,637.5197700255394,868.7937155168376,591.6301445075032,5.3961967206715356,28.67516417272837,95,10.666666666666666
L0311105330,5.4100537,6.427,6.4294305,0.0,1.0,9.5,0.27303511,637.5197700255394,868.7937155168376,591.6301445075032,5.3961967206715356,28.67516417272837,95,10.666666666666666
L0311105330,5.4100537,6.427,6.4294305,0.0,1.0,9.5,0.27303511,637.5197700255394,868.7937155168376,591.6301445075032,5.3961967206715356,28.67516417272837,95,9.833333333333334
L0311105330,5.4100537,6.427,6.4294305,0.0,1.0,9.5,0.27303511,637.5197700255394,868.7937155168376,591.6301445075032,5.3961967206715356,28.67516417272837,95,9.0
L0311105330,5.4100537,6.427,6.4294305,0.0,1.0,9.5,0.27303511,637.5197700255394,868.7937155168376,591.6301445075032,5.3961967206715356,28.67516417272837,95,9.75
L0311105330,5.4100537,6.427,6.4294305,0.0,1.0,9.5,0.27303511,637.5197700255394,868.7937155168376,591.6301445075032,5.3961967206715356,28.67516417272837,95,10.5
L0220130052,2.5403509,4.172,4.1719999,0.80429482,0.48812336,10.0,1.3592167,637.5197700255394,868.7937155168376,591.6301445075032,2.5338442012017337,13.464742339588657,96,10.916666666666666
L0220130052,2.5403509,4.172,4.1719999,0.80429482,0.48812336,10.0,1.3592167,637.5197700255394,868.7937155168376,591.6301445075032,2.5338442012017337,13.464742339588657,96,12.0
L0220130052,2.5403509,4.172,4.1719999,0.80429482,0.48812336,10.0,1.3592167,637.5197700255394,868.7937155168376,591.6301445075032,2.5338442012017337,13.464742339588657,96,11.333333333333334
L0220130052,2.5403509,4.172,4.1719999,0.80429482,0.48812336,10.0,1.3592167,637.5197700255394,868.7937155168376,591.6301445075032,2.5338442012017337,13.464742339588657,96,10.833333333333334
L0220130052,2.5403509,4.172,4.1719999,0.80429482,0.48812336,10.0,1.3592167,637.5197700255394,868.7937155168376,591.6301445075032,2.5338442012017337,13.464742339588657,96,11.416666666666666
L0220130052,2.5403509,4.172,4.1719999,0.80429482,0.48812336,10.0,1.3592167,637.5197700255394,868.7937155168376,591.6301445075032,2.5338442012017337,13.464742339588657,96,11.416666666666666
L0220130052,2.5403509,4.172,4.1719999,0.80429482,0.48812336,10.0,1.3592167,637.5197700255394,868.7937155168376,591.6301445075032,2.5338442012017337,13.464742339588657,96,11.0
L0220130052,2.5403509,4.172,4.1719999,0.80429482,0.48812336,10.0,1.3592167,637.5197700255394,868.7937155168376,591.6301445075032,2.5338442012017337,13.464742339588657,96,10.583333333333334
L0220130052,2.5403509,4.172,4.1719999,0.80429482,0.48812336,10.0,1.3592167,637.5197700255394,868.7937155168376,591.6301445075032,2.5338442012017337,13.464742339588657,96,11.0
L0220130052,2.5403509,4.172,4.1719999,0.80429482,0.48812336,10.0,1.3592167,637.5197700255394,868.7937155168376,591.6301445075032,2.5338442012017337,13.464742339588657,96,11.25
L0208084657,6.7074308,6.294,6.2940001,-1.2838426,0.62126023,10.5,1.3592167,637.5197700255394,868.7937155168376,591.6301445075032,6.690250798636481,35.551713537929345,97,9.583333333333334
L0208084657,6.7074308,6.294,6.2940001,-1.2838426,0.62126023,10.5,1.3592167,637.5197700255394,868.7937155168376,591.6301445075032,6.690250798636481,35.551713537929345,97,9.833333333333334
L0208084657,6.7074308,6.294,6.2940001,-1.2838426,0.62126023,10.5,1.3592167,637.5197700255394,868.7937155168376,591.6301445075032,6.690250798636481,35.551713537929345,97,9.75
L0208084657,6.7074308,6.294,6.2940001,-1.2838426,0.62126023,10.5,1.3592167,637.5197700255394,868.7937155168376,591.6301445075032,6.690250798636481,35.551713537929345,97,9.0
L0208084657,6.7074308,6.294,6.2940001,-1.2838426,0.62126023,10.5,1.3592167,637.5197700255394,868.7937155168376,591.6301445075032,6.690250798636481,35.551713537929345,97,10.333333333333334
L0208084657,6.7074308,6.294,6.2940001,-1.2838426,0.62126023,10.5,1.3592167,637.5197700255394,868.7937155168376,591.6301445075032,6.690250798636481,35.551713537929345,97,10.083333333333334
L0208084657,6.7074308,6.294,6.2940001,-1.2838426,0.62126023,10.5,1.3592167,637.5197700255394,868.7937155168376,591.6301445075032,6.690250798636481,35.551713537929345,97,9.083333333333334
L0208084657,6.7074308,6.294,6.2940001,-1.2838426,0.62126023,10.5,1.3592167,637.5197700255394,868.7937155168376,591.6301445075032,6.690250798636481,35.551713537929345,97,8.916666666666666
L0208084657,6.7074308,6.294,6.2940001,-1.2838426,0.62126023,10.5,1.3592167,637.5197700255394,868.7937155168376,591.6301445075032,6.690250798636481,35.551713537929345,97,9.333333333333334
L0208084657,6.7074308,6.294,6.2940001,-1.2838426,0.62126023,10.5,1.3592167,637.5197700255394,868.7937155168376,591.6301445075032,6.690250798636481,35.551713537929345,97,10.083333333333334
L0412154527,9.9458389,9.988,9.8810558,-0.51401711,0.36172932,10.5,0.97086877,637.5197700255394,868.7937155168376,591.6301445075032,9.920364238992192,52.716401556791965,98,10.333333333333334
L0412154527,9.9458389,9.988,9.8810558,-0.51401711,0.36172932,10.5,0.97086877,637.5197700255394,868.7937155168376,591.6301445075032,9.920364238992192,52.716401556791965,98,10.916666666666666
L0412154527,9.9458389,9.988,9.8810558,-0.51401711,0.36172932,10.5,0.97086877,637.5197700255394,868.7937155168376,591.6301445075032,9.920364238992192,52.716401556791965,98,10.416666666666666
L0412154527,9.9458389,9.988,9.8810558,-0.51401711,0.36172932,10.5,0.97086877,637.5197700255394,868.7937155168376,591.6301445075032,9.920364238992192,52.716401556791965,98,9.75
L0412154527,9.9458389,9.988,9.8810558,-0.51401711,0.36172932,10.5,0.97086877,637.5197700255394,868.7937155168376,591.6301445075032,9.920364238992192,52.716401556791965,98,9.916666666666666
L0412154527,9.9458389,9.988,9.8810558,-0.51401711,0.36172932,10.5,0.97086877,637.5197700255394,868.7937155168376,591.6301445075032,9.920364238992192,52.716401556791965,98,10.916666666666666
L0412154527,9.9458389,9.988,9.8810558,-0.51401711,0.36172932,10.5,0.97086877,637.5197700255394,868.7937155168376,591.6301445075032,9.920364238992192,52.716401556791965,98,10.583333333333334
L0412154527,9.9458389,9.988,9.8810558,-0.51401711,0.36172932,10.5,0.97086877,637.5197700255394,868.7937155168376,591.6301445075032,9.920364238992192,52.716401556791965,98,11.166666666666666
L0412154527,9.9458389,9.988,9.8810558,-0.51401711,0.36172932,10.5,0.97086877,637.5197700255394,868.7937155168376,591.6301445075032,9.920364238992192,52.716401556791965,98,11.166666666666666
L0412154527,9.9458389,9.988,9.8810558,-0.51401711,0.36172932,10.5,0.97086877,637.5197700255394,868.7937155168376,591.6301445075032,9.920364238992192,52.716401556791965,98,10.416666666666666
L0406203532,9.172864,9.388,9.6825838,-0.83586109,0.12632495,10.5,0.37756038,637.5197700255394,868.7937155168376,591.6301445075032,9.149369189434475,48.619366039584754,99,10.25
L0406203532,9.172864,9.388,9.6825838,-0.83586109,0.12632495,10.5,0.37756038,637.5197700255394,868.7937155168376,591.6301445075032,9.149369189434475,48.619366039584754,99,10.5
L0406203532,9.172864,9.388,9.6825838,-0.83586109,0.12632495,10.5,0.37756038,637.5197700255394,868.7937155168376,591.6301445075032,9.149369189434475,48.619366039584754,99,10.333333333333334
L0406203532,9.172864,9.388,9.6825838,-0.83586109,0.12632495,10.5,0.37756038,637.5197700255394,868.7937155168376,591.6301445075032,9.149369189434475,48.619366039584754,99,10.25
L0406203532,9.172864,9.388,9.6825838,-0.83586109,0.12632495,10.5,0.37756038,637.5197700255394,868.7937155168376,591.6301445075032,9.149369189434475,48.619366039584754,99,10.25
L0406203532,9.172864,9.388,9.6825838,-0.83586109,0.12632495,10.5,0.37756038,637.5197700255394,868.7937155168376,591.6301445075032,9.149369189434475,48.619366039584754,99,10.416666666666666
L0406203532,9.172864,9.388,9.6825838,-0.83586109,0.12632495,10.5,0.37756038,637.5197700255394,868.7937155168376,591.6301445075032,9.149369189434475,48.619366039584754,99,10.333333333333334
L0406203532,9.172864,9.388,9.6825838,-0.83586109,0.12632495,10.5,0.37756038,637.5197700255394,868.7937155168376,591.6301445075032,9.149369189434475,48.619366039584754,99,10.25
L0406203532,9.172864,9.388,9.6825838,-0.83586109,0.12632495,10.5,0.37756038,637.5197700255394,868.7937155168376,591.6301445075032,9.149369189434475,48.619366039584754,99,10.333333333333334
L0406203532,9.172864,9.388,9.6825838,-0.83586109,0.12632495,10.5,0.37756038,637.5197700255394,868.7937155168376,591.6301445075032,9.149369189434475,48.619366039584754,99,10.25
L0303103620,16.927584,15.763,15.868688,-0.029722214,0.59315664,10.5,0.28641954,637.5197700255394,868.7937155168376,591.6301445075032,16.884226725825652,89.72207618709034,100,11.083333333333334
L0303103620,16.927584,15.763,15.868688,-0.029722214,0.59315664,10.5,0.28641954,637.5197700255394,868.7937155168376,591.6301445075032,16.884226725825652,89.72207618709034,100,10.5
L0303103620,16.927584,15.763,15.868688,-0.029722214,0.59315664,10.5,0.28641954,637.5197700255394,868.7937155168376,591.6301445075032,16.884226725825652,89.72207618709034,100,11.75
L0303103620,16.927584,15.763,15.868688,-0.029722214,0.59315664,10.5,0.28641954,637.5197700255394,868.7937155168376,591.6301445075032,16.884226725825652,89.72207618709034,100,11.083333333333334
L0303103620,16.927584,15.763,15.868688,-0.029722214,0.59315664,10.5,0.28641954,637.5197700255394,868.7937155168376,591.6301445075032,16.884226725825652,89.72207618709034,100,11.666666666666666
L0303103620,16.927584,15.763,15.868688,-0.029722214,0.59315664,10.5,0.28641954,637.5197700255394,868.7937155168376,591.6301445075032,16.884226725825652,89.72207618709034,100,10.833333333333334
L0303103620,16.927584,15.763,15.868688,-0.029722214,0.59315664,10.5,0.28641954,637.5197700255394,868.7937155168376,591.6301445075032,16.884226725825652,89.72207618709034,100,11.583333333333334
L0303103620,16.927584,15.763,15.868688,-0.029722214,0.59315664,10.5,0.28641954,637.5197700255394,868.7937155168376,591.6301445075032,16.884226725825652,89.72207618709034,100,11.0
L0303103620,16.927584,15.763,15.868688,-0.029722214,0.59315664,10.5,0.28641954,637.5197700255394,868.7937155168376,591.6301445075032,16.884226725825652,89.72207618709034,100,10.75
L0303103620,16.927584,15.763,15.868688,-0.029722214,0.59315664,10.5,0.28641954,637.5197700255394,868.7937155168376,591.6301445075032,16.884226725825652,89.72207618709034,100,11.0
L0422100656_08DF,2.9288561,3.491,3.4909999,-1.2963361,0.54159498,9.5,1.3592167,637.5197700255394,868.7937155168376,591.6301445075032,2.9213543078396476,15.523954874199667,101,8.166666666666666
L0422100656_08DF,2.9288561,3.491,3.4909999,-1.2963361,0.54159498,9.5,1.3592167,637.5197700255394,868.7937155168376,591.6301445075032,2.9213543078396476,15.523954874199667,101,8.416666666666666
L0422100656_08DF,2.9288561,3.491,3.4909999,-1.2963361,0.54159498,9.5,1.3592167,637.5197700255394,868.7937155168376,591.6301445075032,2.9213543078396476,15.523954874199667,101,8.5
L0422100656_08DF,2.9288561,3.491,3.4909999,-1.2963361,0.54159498,9.5,1.3592167,637.5197700255394,868.7937155168376,591.6301445075032,2.9213543078396476,15.523954874199667,101,8.5
L0422100656_08DF,2.9288561,3.491,3.4909999,-1.2963361,0.54159498,9.5,1.3592167,637.5197700255394,868.7937155168376,591.6301445075032,2.9213543078396476,15.523954874199667,101,9.25
L0422100656_08DF,2.9288561,3.491,3.4909999,-1.2963361,0.54159498,9.5,1.3592167,637.5197700255394,868.7937155168376,591.6301445075032,2.9213543078396476,15.523954874199667,101,7.666666666666667
L0422100656_08DF,2.9288561,3.491,3.4909999,-1.2963361,0.54159498,9.5,1.3592167,637.5197700255394,868.7937155168376,591.6301445075032,2.9213543078396476,15.523954874199667,101,8.333333333333334
L0422100656_08DF,2.9288561,3.491,3.4909999,-1.2963361,0.54159498,9.5,1.3592167,637.5197700255394,868.7937155168376,591.6301445075032,2.9213543078396476,15.523954874199667,101,8.166666666666666
L0422100656_08DF,2.9288561,3.491,3.4909999,-1.2963361,0.54159498,9.5,1.3592167,637.5197700255394,868.7937155168376,591.6301445075032,2.9213543078396476,15.523954874199667,101,8.25
L0422100656_08DF,2.9288561,3.491,3.4909999,-1.2963361,0.54159498,9.5,1.3592167,637.5197700255394,868.7937155168376,591.6301445075032,2.9213543078396476,15.523954874199667,101,7.416666666666667
L0513192010_9C9D,4.2271986,4.127,4.1269999,0.78488886,0.45260701,10.0,1.3592167,637.5197700255394,868.7937155168376,591.6301445075032,4.216371313088317,22.40562119480025,102,10.916666666666666
L0513192010_9C9D,4.2271986,4.127,4.1269999,0.78488886,0.45260701,10.0,1.3592167,637.5197700255394,868.7937155168376,591.6301445075032,4.216371313088317,22.40562119480025,102,11.166666666666666
L0513192010_9C9D,4.2271986,4.127,4.1269999,0.78488886,0.45260701,10.0,1.3592167,637.5197700255394,868.7937155168376,591.6301445075032,4.216371313088317,22.40562119480025,102,10.833333333333334
L0513192010_9C9D,4.2271986,4.127,4.1269999,0.78488886,0.45260701,10.0,1.3592167,637.5197700255394,868.7937155168376,591.6301445075032,4.216371313088317,22.40562119480025,102,11.0
L0513192010_9C9D,4.2271986,4.127,4.1269999,0.78488886,0.45260701,10.0,1.3592167,637.5197700255394,868.7937155168376,591.6301445075032,4.216371313088317,22.40562119480025,102,11.083333333333334
L0513192010_9C9D,4.2271986,4.127,4.1269999,0.78488886,0.45260701,10.0,1.3592167,637.5197700255394,868.7937155168376,591.6301445075032,4.216371313088317,22.40562119480025,102,11.666666666666666
L0513192010_9C9D,4.2271986,4.127,4.1269999,0.78488886,0.45260701,10.0,1.3592167,637.5197700255394,868.7937155168376,591.6301445075032,4.216371313088317,22.40562119480025,102,11.083333333333334
L0513192010_9C9D,4.2271986,4.127,4.1269999,0.78488886,0.45260701,10.0,1.3592167,637.5197700255394,868.7937155168376,591.6301445075032,4.216371313088317,22.40562119480025,102,9.833333333333334
L0513192010_9C9D,4.2271986,4.127,4.1269999,0.78488886,0.45260701,10.0,1.3592167,637.5197700255394,868.7937155168376,591.6301445075032,4.216371313088317,22.40562119480025,102,10.666666666666666
L0513192010_9C9D,4.2271986,4.127,4.1269999,0.78488886,0.45260701,10.0,1.3592167,637.5197700255394,868.7937155168376,591.6301445075032,4.216371313088317,22.40562119480025,102,11.0
L0422093610_403C,7.1655722,6.517,6.5170002,-5.5599212e-5,0.19176365,9.5,0.19417374,637.5197700255394,868.7937155168376,591.6301445075032,7.147218743387911,37.98002212557306,103,10.0
L0422093610_403C,7.1655722,6.517,6.5170002,-5.5599212e-5,0.19176365,9.5,0.19417374,637.5197700255394,868.7937155168376,591.6301445075032,7.147218743387911,37.98002212557306,103,10.0
L0422093610_403C,7.1655722,6.517,6.5170002,-5.5599212e-5,0.19176365,9.5,0.19417374,637.5197700255394,868.7937155168376,591.6301445075032,7.147218743387911,37.98002212557306,103,9.583333333333334
L0422093610_403C,7.1655722,6.517,6.5170002,-5.5599212e-5,0.19176365,9.5,0.19417374,637.5197700255394,868.7937155168376,591.6301445075032,7.147218743387911,37.98002212557306,103,10.0
L0422093610_403C,7.1655722,6.517,6.5170002,-5.5599212e-5,0.19176365,9.5,0.19417374,637.5197700255394,868.7937155168376,591.6301445075032,7.147218743387911,37.98002212557306,103,10.083333333333334
L0422093610_403C,7.1655722,6.517,6.5170002,-5.5599212e-5,0.19176365,9.5,0.19417374,637.5197700255394,868.7937155168376,591.6301445075032,7.147218743387911,37.98002212557306,103,10.25
L0422093610_403C,7.1655722,6.517,6.5170002,-5.5599212e-5,0.19176365,9.5,0.19417374,637.5197700255394,868.7937155168376,591.6301445075032,7.147218743387911,37.98002212557306,103,10.166666666666666
L0422093610_403C,7.1655722,6.517,6.5170002,-5.5599212e-5,0.19176365,9.5,0.19417374,637.5197700255394,868.7937155168376,591.6301445075032,7.147218743387911,37.98002212557306,103,10.083333333333334
L0422093610_403C,7.1655722,6.517,6.5170002,-5.5599212e-5,0.19176365,9.5,0.19417374,637.5197700255394,868.7937155168376,591.6301445075032,7.147218743387911,37.98002212557306,103,10.083333333333334
L0422093610_403C,7.1655722,6.517,6.5170002,-5.5599212e-5,0.19176365,9.5,0.19417374,637.5197700255394,868.7937155168376,591.6301445075032,7.147218743387911,37.98002212557306,103,9.75
L0208111357,10.831003,11.519,11.519,0.90265155,0.15832995,9.5,0.29371557,637.5197700255394,868.7937155168376,591.6301445075032,10.803261134022307,57.40807881080987,104,11.0
L0208111357,10.831003,11.519,11.519,0.90265155,0.15832995,9.5,0.29371557,637.5197700255394,868.7937155168376,591.6301445075032,10.803261134022307,57.40807881080987,104,11.083333333333334
L0208111357,10.831003,11.519,11.519,0.90265155,0.15832995,9.5,0.29371557,637.5197700255394,868.7937155168376,591.6301445075032,10.803261134022307,57.40807881080987,104,11.083333333333334
L0208111357,10.831003,11.519,11.519,0.90265155,0.15832995,9.5,0.29371557,637.5197700255394,868.7937155168376,591.6301445075032,10.803261134022307,57.40807881080987,104,11.166666666666666
L0208111357,10.831003,11.519,11.519,0.90265155,0.15832995,9.5,0.29371557,637.5197700255394,868.7937155168376,591.6301445075032,10.803261134022307,57.40807881080987,104,11.416666666666666
L0208111357,10.831003,11.519,11.519,0.90265155,0.15832995,9.5,0.29371557,637.5197700255394,868.7937155168376,591.6301445075032,10.803261134022307,57.40807881080987,104,11.083333333333334
L0208111357,10.831003,11.519,11.519,0.90265155,0.15832995,9.5,0.29371557,637.5197700255394,868.7937155168376,591.6301445075032,10.803261134022307,57.40807881080987,104,11.083333333333334
L0208111357,10.831003,11.519,11.519,0.90265155,0.15832995,9.5,0.29371557,637.5197700255394,868.7937155168376,591.6301445075032,10.803261134022307,57.40807881080987,104,11.083333333333334
L0208111357,10.831003,11.519,11.519,0.90265155,0.15832995,9.5,0.29371557,637.5197700255394,868.7937155168376,591.6301445075032,10.803261134022307,57.40807881080987,104,11.083333333333334
L0208111357,10.831003,11.519,11.519,0.90265155,0.15832995,9.5,0.29371557,637.5197700255394,868.7937155168376,591.6301445075032,10.803261134022307,57.40807881080987,104,11.25
L0303085514,24.783848,36.033,36.033001,-1.4260648,0.051527232,9.5,0.48543462,637.5197700255394,868.7937155168376,591.6301445075032,24.720368173650808,131.36300481304755,105,9.083333333333334
L0303085514,24.783848,36.033,36.033001,-1.4260648,0.051527232,9.5,0.48543462,637.5197700255394,868.7937155168376,591.6301445075032,24.720368173650808,131.36300481304755,105,9.0
L0303085514,24.783848,36.033,36.033001,-1.4260648,0.051527232,9.5,0.48543462,637.5197700255394,868.7937155168376,591.6301445075032,24.720368173650808,131.36300481304755,105,9.0
L0303085514,24.783848,36.033,36.033001,-1.4260648,0.051527232,9.5,0.48543462,637.5197700255394,868.7937155168376,591.6301445075032,24.720368173650808,131.36300481304755,105,9.083333333333334
L0303085514,24.783848,36.033,36.033001,-1.4260648,0.051527232,9.5,0.48543462,637.5197700255394,868.7937155168376,591.6301445075032,24.720368173650808,131.36300481304755,105,9.083333333333334
L0303085514,24.783848,36.033,36.033001,-1.4260648,0.051527232,9.5,0.48543462,637.5197700255394,868.7937155168376,591.6301445075032,24.720368173650808,131.36300481304755,105,9.083333333333334
L0303085514,24.783848,36.033,36.033001,-1.4260648,0.051527232,9.5,0.48543462,637.5197700255394,868.7937155168376,591.6301445075032,24.720368173650808,131.36300481304755,105,9.083333333333334
L0303085514,24.783848,36.033,36.033001,-1.4260648,0.051527232,9.5,0.48543462,637.5197700255394,868.7937155168376,591.6301445075032,24.720368173650808,131.36300481304755,105,9.083333333333334
L0303085514,24.783848,36.033,36.033001,-1.4260648,0.051527232,9.5,0.48543462,637.5197700255394,868.7937155168376,591.6301445075032,24.720368173650808,131.36300481304755,105,9.0
L0303085514,24.783848,36.033,36.033001,-1.4260648,0.051527232,9.5,0.48543462,637.5197700255394,868.7937155168376,591.6301445075032,24.720368173650808,131.36300481304755,105,9.083333333333334
L0411191021,13.624324,15.393,15.393,0.44296265,0.68583673,9.666667,0.27184331,637.5197700255394,868.7937155168376,591.6301445075032,13.5894274931442,72.21365056735819,106,9.833333333333334
L0411191021,13.624324,15.393,15.393,0.44296265,0.68583673,9.666667,0.27184331,637.5197700255394,868.7937155168376,591.6301445075032,13.5894274931442,72.21365056735819,106,10.666666666666666
L0411191021,13.624324,15.393,15.393,0.44296265,0.68583673,9.666667,0.27184331,637.5197700255394,868.7937155168376,591.6301445075032,13.5894274931442,72.21365056735819,106,11.333333333333334
L0411191021,13.624324,15.393,15.393,0.44296265,0.68583673,9.666667,0.27184331,637.5197700255394,868.7937155168376,591.6301445075032,13.5894274931442,72.21365056735819,106,10.166666666666666
L0411191021,13.624324,15.393,15.393,0.44296265,0.68583673,9.666667,0.27184331,637.5197700255394,868.7937155168376,591.6301445075032,13.5894274931442,72.21365056735819,106,11.833333333333334
L0411191021,13.624324,15.393,15.393,0.44296265,0.68583673,9.666667,0.27184331,637.5197700255394,868.7937155168376,591.6301445075032,13.5894274931442,72.21365056735819,106,9.583333333333334
L0411191021,13.624324,15.393,15.393,0.44296265,0.68583673,9.666667,0.27184331,637.5197700255394,868.7937155168376,591.6301445075032,13.5894274931442,72.21365056735819,106,11.833333333333334
L0411191021,13.624324,15.393,15.393,0.44296265,0.68583673,9.666667,0.27184331,637.5197700255394,868.7937155168376,591.6301445075032,13.5894274931442,72.21365056735819,106,9.0
L0411191021,13.624324,15.393,15.393,0.44296265,0.68583673,9.666667,0.27184331,637.5197700255394,868.7937155168376,591.6301445075032,13.5894274931442,72.21365056735819,106,11.166666666666666
L0411191021,13.624324,15.393,15.393,0.44296265,0.68583673,9.666667,0.27184331,637.5197700255394,868.7937155168376,591.6301445075032,13.5894274931442,72.21365056735819,106,10.833333333333334
L0407163825,16.670069,15.273,15.273,-0.95084953,0.51657552,10.5,0.48543462,637.5197700255394,868.7937155168376,591.6301445075032,16.627371308933263,88.35715722113994,107,10.666666666666666
L0407163825,16.670069,15.273,15.273,-0.95084953,0.51657552,10.5,0.48543462,637.5197700255394,868.7937155168376,591.6301445075032,16.627371308933263,88.35715722113994,107,10.083333333333334
L0407163825,16.670069,15.273,15.273,-0.95084953,0.51657552,10.5,0.48543462,637.5197700255394,868.7937155168376,591.6301445075032,16.627371308933263,88.35715722113994,107,10.333333333333334
L0407163825,16.670069,15.273,15.273,-0.95084953,0.51657552,10.5,0.48543462,637.5197700255394,868.7937155168376,591.6301445075032,16.627371308933263,88.35715722113994,107,11.083333333333334
L0407163825,16.670069,15.273,15.273,-0.95084953,0.51657552,10.5,0.48543462,637.5197700255394,868.7937155168376,591.6301445075032,16.627371308933263,88.35715722113994,107,10.166666666666666
L0407163825,16.670069,15.273,15.273,-0.95084953,0.51657552,10.5,0.48543462,637.5197700255394,868.7937155168376,591.6301445075032,16.627371308933263,88.35715722113994,107,10.25
L0407163825,16.670069,15.273,15.273,-0.95084953,0.51657552,10.5,0.48543462,637.5197700255394,868.7937155168376,591.6301445075032,16.627371308933263,88.35715722113994,107,10.0
L0407163825,16.670069,15.273,15.273,-0.95084953,0.51657552,10.5,0.48543462,637.5197700255394,868.7937155168376,591.6301445075032,16.627371308933263,88.35715722113994,107,11.0
L0407163825,16.670069,15.273,15.273,-0.95084953,0.51657552,10.5,0.48543462,637.5197700255394,868.7937155168376,591.6301445075032,16.627371308933263,88.35715722113994,107,10.333333333333334
L0407163825,16.670069,15.273,15.273,-0.95084953,0.51657552,10.5,0.48543462,637.5197700255394,868.7937155168376,591.6301445075032,16.627371308933263,88.35715722113994,107,10.5
L0301104632,12.917445,14.953,14.71543,-0.36983338,0.883672,10.0,0.28358495,637.5197700255394,868.7937155168376,591.6301445075032,12.884359049607017,68.46694628321141,108,10.25
L0301104632,12.917445,14.953,14.71543,-0.36983338,0.883672,10.0,0.28358495,637.5197700255394,868.7937155168376,591.6301445075032,12.884359049607017,68.46694628321141,108,10.833333333333334
L0301104632,12.917445,14.953,14.71543,-0.36983338,0.883672,10.0,0.28358495,637.5197700255394,868.7937155168376,591.6301445075032,12.884359049607017,68.46694628321141,108,11.083333333333334
L0301104632,12.917445,14.953,14.71543,-0.36983338,0.883672,10.0,0.28358495,637.5197700255394,868.7937155168376,591.6301445075032,12.884359049607017,68.46694628321141,108,10.166666666666666
L0301104632,12.917445,14.953,14.71543,-0.36983338,0.883672,10.0,0.28358495,637.5197700255394,868.7937155168376,591.6301445075032,12.884359049607017,68.46694628321141,108,11.083333333333334
L0301104632,12.917445,14.953,14.71543,-0.36983338,0.883672,10.0,0.28358495,637.5197700255394,868.7937155168376,591.6301445075032,12.884359049607017,68.46694628321141,108,11.5
L0301104632,12.917445,14.953,14.71543,-0.36983338,0.883672,10.0,0.28358495,637.5197700255394,868.7937155168376,591.6301445075032,12.884359049607017,68.46694628321141,108,11.0
L0301104632,12.917445,14.953,14.71543,-0.36983338,0.883672,10.0,0.28358495,637.5197700255394,868.7937155168376,591.6301445075032,12.884359049607017,68.46694628321141,108,9.75
L0301104632,12.917445,14.953,14.71543,-0.36983338,0.883672,10.0,0.28358495,637.5197700255394,868.7937155168376,591.6301445075032,12.884359049607017,68.46694628321141,108,10.416666666666666
L0301104632,12.917445,14.953,14.71543,-0.36983338,0.883672,10.0,0.28358495,637.5197700255394,868.7937155168376,591.6301445075032,12.884359049607017,68.46694628321141,108,12.333333333333334
L0208192703,7.3786578,7.898,7.8979998,-0.76590323,0.21273321,10.166667,0.97086877,637.5197700255394,868.7937155168376,591.6301445075032,7.359758559017158,39.109449835845936,109,10.166666666666666
L0208192703,7.3786578,7.898,7.8979998,-0.76590323,0.21273321,10.166667,0.97086877,637.5197700255394,868.7937155168376,591.6301445075032,7.359758559017158,39.109449835845936,109,10.0
L0208192703,7.3786578,7.898,7.8979998,-0.76590323,0.21273321,10.166667,0.97086877,637.5197700255394,868.7937155168376,591.6301445075032,7.359758559017158,39.109449835845936,109,10.0
L0208192703,7.3786578,7.898,7.8979998,-0.76590323,0.21273321,10.166667,0.97086877,637.5197700255394,868.7937155168376,591.6301445075032,7.359758559017158,39.109449835845936,109,9.416666666666666
L0208192703,7.3786578,7.898,7.8979998,-0.76590323,0.21273321,10.166667,0.97086877,637.5197700255394,868.7937155168376,591.6301445075032,7.359758559017158,39.109449835845936,109,9.916666666666666
L0208192703,7.3786578,7.898,7.8979998,-0.76590323,0.21273321,10.166667,0.97086877,637.5197700255394,868.7937155168376,591.6301445075032,7.359758559017158,39.109449835845936,109,9.916666666666666
L0208192703,7.3786578,7.898,7.8979998,-0.76590323,0.21273321,10.166667,0.97086877,637.5197700255394,868.7937155168376,591.6301445075032,7.359758559017158,39.109449835845936,109,10.0
L0208192703,7.3786578,7.898,7.8979998,-0.76590323,0.21273321,10.166667,0.97086877,637.5197700255394,868.7937155168376,591.6301445075032,7.359758559017158,39.109449835845936,109,9.833333333333334
L0208192703,7.3786578,7.898,7.8979998,-0.76590323,0.21273321,10.166667,0.97086877,637.5197700255394,868.7937155168376,591.6301445075032,7.359758559017158,39.109449835845936,109,10.0
L0208192703,7.3786578,7.898,7.8979998,-0.76590323,0.21273321,10.166667,0.97086877,637.5197700255394,868.7937155168376,591.6301445075032,7.359758559017158,39.109449835845936,109,9.5
L0301084123,15.40263,16.025,16.981251,-0.88299346,0.67888528,9.833333,2.5648136,637.5197700255394,868.7937155168376,591.6301445075032,15.363178649357403,81.63929018704401,110,9.583333333333334
L0301084123,15.40263,16.025,16.981251,-0.88299346,0.67888528,9.833333,2.5648136,637.5197700255394,868.7937155168376,591.6301445075032,15.363178649357403,81.63929018704401,110,9.5
L0301084123,15.40263,16.025,16.981251,-0.88299346,0.67888528,9.833333,2.5648136,637.5197700255394,868.7937155168376,591.6301445075032,15.363178649357403,81.63929018704401,110,9.5
L0301084123,15.40263,16.025,16.981251,-0.88299346,0.67888528,9.833333,2.5648136,637.5197700255394,868.7937155168376,591.6301445075032,15.363178649357403,81.63929018704401,110,11.166666666666666
L0301084123,15.40263,16.025,16.981251,-0.88299346,0.67888528,9.833333,2.5648136,637.5197700255394,868.7937155168376,591.6301445075032,15.363178649357403,81.63929018704401,110,9.166666666666666
L0301084123,15.40263,16.025,16.981251,-0.88299346,0.67888528,9.833333,2.5648136,637.5197700255394,868.7937155168376,591.6301445075032,15.363178649357403,81.63929018704401,110,10.083333333333334
L0301084123,15.40263,16.025,16.981251,-0.88299346,0.67888528,9.833333,2.5648136,637.5197700255394,868.7937155168376,591.6301445075032,15.363178649357403,81.63929018704401,110,9.416666666666666
L0301084123,15.40263,16.025,16.981251,-0.88299346,0.67888528,9.833333,2.5648136,637.5197700255394,868.7937155168376,591.6301445075032,15.363178649357403,81.63929018704401,110,9.166666666666666
L0301084123,15.40263,16.025,16.981251,-0.88299346,0.67888528,9.833333,2.5648136,637.5197700255394,868.7937155168376,591.6301445075032,15.363178649357403,81.63929018704401,110,8.416666666666666
L0301084123,15.40263,16.025,16.981251,-0.88299346,0.67888528,9.833333,2.5648136,637.5197700255394,868.7937155168376,591.6301445075032,15.363178649357403,81.63929018704401,110,10.583333333333334
L0306162733,12.714555,13.927,13.927,-1.0632324,0.11789244,10.0,2.6093063,637.5197700255394,868.7937155168376,591.6301445075032,12.681988719594019,67.39155879509742,111,9.25
L0306162733,12.714555,13.927,13.927,-1.0632324,0.11789244,10.0,2.6093063,637.5197700255394,868.7937155168376,591.6301445075032,12.681988719594019,67.39155879509742,111,9.166666666666666
L0306162733,12.714555,13.927,13.927,-1.0632324,0.11789244,10.0,2.6093063,637.5197700255394,868.7937155168376,591.6301445075032,12.681988719594019,67.39155879509742,111,9.333333333333334
L0306162733,12.714555,13.927,13.927,-1.0632324,0.11789244,10.0,2.6093063,637.5197700255394,868.7937155168376,591.6301445075032,12.681988719594019,67.39155879509742,111,9.416666666666666
L0306162733,12.714555,13.927,13.927,-1.0632324,0.11789244,10.0,2.6093063,637.5197700255394,868.7937155168376,591.6301445075032,12.681988719594019,67.39155879509742,111,9.333333333333334
L0306162733,12.714555,13.927,13.927,-1.0632324,0.11789244,10.0,2.6093063,637.5197700255394,868.7937155168376,591.6301445075032,12.681988719594019,67.39155879509742,111,9.25
L0306162733,12.714555,13.927,13.927,-1.0632324,0.11789244,10.0,2.6093063,637.5197700255394,868.7937155168376,591.6301445075032,12.681988719594019,67.39155879509742,111,9.25
L0306162733,12.714555,13.927,13.927,-1.0632324,0.11789244,10.0,2.6093063,637.5197700255394,868.7937155168376,591.6301445075032,12.681988719594019,67.39155879509742,111,9.333333333333334
L0306162733,12.714555,13.927,13.927,-1.0632324,0.11789244,10.0,2.6093063,637.5197700255394,868.7937155168376,591.6301445075032,12.681988719594019,67.39155879509742,111,9.083333333333334
L0306162733,12.714555,13.927,13.927,-1.0632324,0.11789244,10.0,2.6093063,637.5197700255394,868.7937155168376,591.6301445075032,12.681988719594019,67.39155879509742,111,9.333333333333334
L0412201251,20.367945,20.236,20.236,-1.1772221,0.21567266,9.5,0.97086877,637.5197700255394,868.7937155168376,591.6301445075032,20.315775796424756,107.95718473849934,112,9.5
L0412201251,20.367945,20.236,20.236,-1.1772221,0.21567266,9.5,0.97086877,637.5197700255394,868.7937155168376,591.6301445075032,20.315775796424756,107.95718473849934,112,9.333333333333334
L0412201251,20.367945,20.236,20.236,-1.1772221,0.21567266,9.5,0.97086877,637.5197700255394,868.7937155168376,591.6301445075032,20.315775796424756,107.95718473849934,112,9.583333333333334
L0412201251,20.367945,20.236,20.236,-1.1772221,0.21567266,9.5,0.97086877,637.5197700255394,868.7937155168376,591.6301445075032,20.315775796424756,107.95718473849934,112,9.333333333333334
L0412201251,20.367945,20.236,20.236,-1.1772221,0.21567266,9.5,0.97086877,637.5197700255394,868.7937155168376,591.6301445075032,20.315775796424756,107.95718473849934,112,9.916666666666666
L0412201251,20.367945,20.236,20.236,-1.1772221,0.21567266,9.5,0.97086877,637.5197700255394,868.7937155168376,591.6301445075032,20.315775796424756,107.95718473849934,112,9.666666666666666
L0412201251,20.367945,20.236,20.236,-1.1772221,0.21567266,9.5,0.97086877,637.5197700255394,868.7937155168376,591.6301445075032,20.315775796424756,107.95718473849934,112,9.0
L0412201251,20.367945,20.236,20.236,-1.1772221,0.21567266,9.5,0.97086877,637.5197700255394,868.7937155168376,591.6301445075032,20.315775796424756,107.95718473849934,112,9.916666666666666
L0412201251,20.367945,20.236,20.236,-1.1772221,0.21567266,9.5,0.97086877,637.5197700255394,868.7937155168376,591.6301445075032,20.315775796424756,107.95718473849934,112,9.333333333333334
L0412201251,20.367945,20.236,20.236,-1.1772221,0.21567266,9.5,0.97086877,637.5197700255394,868.7937155168376,591.6301445075032,20.315775796424756,107.95718473849934,112,9.666666666666666
L0309093151,12.137979,11.413,11.325791,-0.81644458,0.54548806,10.0,0.58206284,637.5197700255394,868.7937155168376,591.6301445075032,12.106889525954236,64.33550568086399,113,10.333333333333334
L0309093151,12.137979,11.413,11.325791,-0.81644458,0.54548806,10.0,0.58206284,637.5197700255394,868.7937155168376,591.6301445075032,12.106889525954236,64.33550568086399,113,9.583333333333334
L0309093151,12.137979,11.413,11.325791,-0.81644458,0.54548806,10.0,0.58206284,637.5197700255394,868.7937155168376,591.6301445075032,12.106889525954236,64.33550568086399,113,9.333333333333334
L0309093151,12.137979,11.413,11.325791,-0.81644458,0.54548806,10.0,0.58206284,637.5197700255394,868.7937155168376,591.6301445075032,12.106889525954236,64.33550568086399,113,9.416666666666666
L0309093151,12.137979,11.413,11.325791,-0.81644458,0.54548806,10.0,0.58206284,637.5197700255394,868.7937155168376,591.6301445075032,12.106889525954236,64.33550568086399,113,9.0
L0309093151,12.137979,11.413,11.325791,-0.81644458,0.54548806,10.0,0.58206284,637.5197700255394,868.7937155168376,591.6301445075032,12.106889525954236,64.33550568086399,113,10.5
L0309093151,12.137979,11.413,11.325791,-0.81644458,0.54548806,10.0,0.58206284,637.5197700255394,868.7937155168376,591.6301445075032,12.106889525954236,64.33550568086399,113,9.25
L0309093151,12.137979,11.413,11.325791,-0.81644458,0.54548806,10.0,0.58206284,637.5197700255394,868.7937155168376,591.6301445075032,12.106889525954236,64.33550568086399,113,9.916666666666666
L0309093151,12.137979,11.413,11.325791,-0.81644458,0.54548806,10.0,0.58206284,637.5197700255394,868.7937155168376,591.6301445075032,12.106889525954236,64.33550568086399,113,10.083333333333334
L0309093151,12.137979,11.413,11.325791,-0.81644458,0.54548806,10.0,0.58206284,637.5197700255394,868.7937155168376,591.6301445075032,12.106889525954236,64.33550568086399,113,9.833333333333334
L0418164134,16.39921,15.415,15.436542,0.0,1.0,9.5,0.97086877,637.5197700255394,868.7937155168376,591.6301445075032,16.357206070543043,86.92151041921244,114,10.833333333333334
L0418164134,16.39921,15.415,15.436542,0.0,1.0,9.5,0.97086877,637.5197700255394,868.7937155168376,591.6301445075032,16.357206070543043,86.92151041921244,114,9.083333333333334
L0418164134,16.39921,15.415,15.436542,0.0,1.0,9.5,0.97086877,637.5197700255394,868.7937155168376,591.6301445075032,16.357206070543043,86.92151041921244,114,9.583333333333334
L0418164134,16.39921,15.415,15.436542,0.0,1.0,9.5,0.97086877,637.5197700255394,868.7937155168376,591.6301445075032,16.357206070543043,86.92151041921244,114,10.833333333333334
L0418164134,16.39921,15.415,15.436542,0.0,1.0,9.5,0.97086877,637.5197700255394,868.7937155168376,591.6301445075032,16.357206070543043,86.92151041921244,114,11.0
L0418164134,16.39921,15.415,15.436542,0.0,1.0,9.5,0.97086877,637.5197700255394,868.7937155168376,591.6301445075032,16.357206070543043,86.92151041921244,114,10.5
L0418164134,16.39921,15.415,15.436542,0.0,1.0,9.5,0.97086877,637.5197700255394,868.7937155168376,591.6301445075032,16.357206070543043,86.92151041921244,114,9.833333333333334
L0418164134,16.39921,15.415,15.436542,0.0,1.0,9.5,0.97086877,637.5197700255394,868.7937155168376,591.6301445075032,16.357206070543043,86.92151041921244,114,10.166666666666666
L0418164134,16.39921,15.415,15.436542,0.0,1.0,9.5,0.97086877,637.5197700255394,868.7937155168376,591.6301445075032,16.357206070543043,86.92151041921244,114,10.0
L0418164134,16.39921,15.415,15.436542,0.0,1.0,9.5,0.97086877,637.5197700255394,868.7937155168376,591.6301445075032,16.357206070543043,86.92151041921244,114,10.333333333333334
L0509120300_5752,13.777613,10.931,11.074458,0.0,1.0,9.5,0.3691833,637.5197700255394,868.7937155168376,591.6301445075032,13.742323868112718,73.02613552307561,115,10.166666666666666
L0509120300_5752,13.777613,10.931,11.074458,0.0,1.0,9.5,0.3691833,637.5197700255394,868.7937155168376,591.6301445075032,13.742323868112718,73.02613552307561,115,11.083333333333334
L0509120300_5752,13.777613,10.931,11.074458,0.0,1.0,9.5,0.3691833,637.5197700255394,868.7937155168376,591.6301445075032,13.742323868112718,73.02613552307561,115,10.833333333333334
L0509120300_5752,13.777613,10.931,11.074458,0.0,1.0,9.5,0.3691833,637.5197700255394,868.7937155168376,591.6301445075032,13.742323868112718,73.02613552307561,115,9.5
L0509120300_5752,13.777613,10.931,11.074458,0.0,1.0,9.5,0.3691833,637.5197700255394,868.7937155168376,591.6301445075032,13.742323868112718,73.02613552307561,115,10.583333333333334
L0509120300_5752,13.777613,10.931,11.074458,0.0,1.0,9.5,0.3691833,637.5197700255394,868.7937155168376,591.6301445075032,13.742323868112718,73.02613552307561,115,11.25
L0509120300_5752,13.777613,10.931,11.074458,0.0,1.0,9.5,0.3691833,637.5197700255394,868.7937155168376,591.6301445075032,13.742323868112718,73.02613552307561,115,11.083333333333334
L0509120300_5752,13.777613,10.931,11.074458,0.0,1.0,9.5,0.3691833,637.5197700255394,868.7937155168376,591.6301445075032,13.742323868112718,73.02613552307561,115,9.416666666666666
L0509120300_5752,13.777613,10.931,11.074458,0.0,1.0,9.5,0.3691833,637.5197700255394,868.7937155168376,591.6301445075032,13.742323868112718,73.02613552307561,115,10.166666666666666
L0509120300_5752,13.777613,10.931,11.074458,0.0,1.0,9.5,0.3691833,637.5197700255394,868.7937155168376,591.6301445075032,13.742323868112718,73.02613552307561,115,10.666666666666666
L0222115217,13.856485,17.629,17.734819,-0.18779625,0.65502739,9.5,0.19417374,637.5197700255394,868.7937155168376,591.6301445075032,13.820993850215261,73.44418452481312,116,8.833333333333334
L0222115217,13.856485,17.629,17.734819,-0.18779625,0.65502739,9.5,0.19417374,637.5197700255394,868.7937155168376,591.6301445075032,13.820993850215261,73.44418452481312,116,8.666666666666666
L0222115217,13.856485,17.629,17.734819,-0.18779625,0.65502739,9.5,0.19417374,637.5197700255394,868.7937155168376,591.6301445075032,13.820993850215261,73.44418452481312,116,10.5
L0222115217,13.856485,17.629,17.734819,-0.18779625,0.65502739,9.5,0.19417374,637.5197700255394,868.7937155168376,591.6301445075032,13.820993850215261,73.44418452481312,116,9.916666666666666
L0222115217,13.856485,17.629,17.734819,-0.18779625,0.65502739,9.5,0.19417374,637.5197700255394,868.7937155168376,591.6301445075032,13.820993850215261,73.44418452481312,116,10.0
L0222115217,13.856485,17.629,17.734819,-0.18779625,0.65502739,9.5,0.19417374,637.5197700255394,868.7937155168376,591.6301445075032,13.820993850215261,73.44418452481312,116,10.25
L0222115217,13.856485,17.629,17.734819,-0.18779625,0.65502739,9.5,0.19417374,637.5197700255394,868.7937155168376,591.6301445075032,13.820993850215261,73.44418452481312,116,8.666666666666666
L0222115217,13.856485,17.629,17.734819,-0.18779625,0.65502739,9.5,0.19417374,637.5197700255394,868.7937155168376,591.6301445075032,13.820993850215261,73.44418452481312,116,10.0
L0222115217,13.856485,17.629,17.734819,-0.18779625,0.65502739,9.5,0.19417374,637.5197700255394,868.7937155168376,591.6301445075032,13.820993850215261,73.44418452481312,116,10.083333333333334
L0222115217,13.856485,17.629,17.734819,-0.18779625,0.65502739,9.5,0.19417374,637.5197700255394,868.7937155168376,591.6301445075032,13.820993850215261,73.44418452481312,116,10.75
L0408095637,12.288573,9.804,9.8607712,-0.82555562,0.25319707,10.5,0.19417374,637.5197700255394,868.7937155168376,591.6301445075032,12.257097803730261,65.13370620028358,117,10.666666666666666
L0408095637,12.288573,9.804,9.8607712,-0.82555562,0.25319707,10.5,0.19417374,637.5197700255394,868.7937155168376,591.6301445075032,12.257097803730261,65.13370620028358,117,10.083333333333334
L0408095637,12.288573,9.804,9.8607712,-0.82555562,0.25319707,10.5,0.19417374,637.5197700255394,868.7937155168376,591.6301445075032,12.257097803730261,65.13370620028358,117,10.833333333333334
L0408095637,12.288573,9.804,9.8607712,-0.82555562,0.25319707,10.5,0.19417374,637.5197700255394,868.7937155168376,591.6301445075032,12.257097803730261,65.13370620028358,117,10.583333333333334
L0408095637,12.288573,9.804,9.8607712,-0.82555562,0.25319707,10.5,0.19417374,637.5197700255394,868.7937155168376,591.6301445075032,12.257097803730261,65.13370620028358,117,10.666666666666666
L0408095637,12.288573,9.804,9.8607712,-0.82555562,0.25319707,10.5,0.19417374,637.5197700255394,868.7937155168376,591.6301445075032,12.257097803730261,65.13370620028358,117,10.25
L0408095637,12.288573,9.804,9.8607712,-0.82555562,0.25319707,10.5,0.19417374,637.5197700255394,868.7937155168376,591.6301445075032,12.257097803730261,65.13370620028358,117,10.583333333333334
L0408095637,12.288573,9.804,9.8607712,-0.82555562,0.25319707,10.5,0.19417374,637.5197700255394,868.7937155168376,591.6301445075032,12.257097803730261,65.13370620028358,117,10.5
L0408095637,12.288573,9.804,9.8607712,-0.82555562,0.25319707,10.5,0.19417374,637.5197700255394,868.7937155168376,591.6301445075032,12.257097803730261,65.13370620028358,117,10.166666666666666
L0408095637,12.288573,9.804,9.8607712,-0.82555562,0.25319707,10.5,0.19417374,637.5197700255394,868.7937155168376,591.6301445075032,12.257097803730261,65.13370620028358,117,10.083333333333334
L0522201601_AD83,16.37249,21.256,20.036036,-1.3187499,0.26905724,10.5,0.75512034,637.5197700255394,868.7937155168376,591.6301445075032,16.33055450951023,86.77988513614078,118,10.333333333333334
L0522201601_AD83,16.37249,21.256,20.036036,-1.3187499,0.26905724,10.5,0.75512034,637.5197700255394,868.7937155168376,591.6301445075032,16.33055450951023,86.77988513614078,118,10.0
L0522201601_AD83,16.37249,21.256,20.036036,-1.3187499,0.26905724,10.5,0.75512034,637.5197700255394,868.7937155168376,591.6301445075032,16.33055450951023,86.77988513614078,118,10.333333333333334
L0522201601_AD83,16.37249,21.256,20.036036,-1.3187499,0.26905724,10.5,0.75512034,637.5197700255394,868.7937155168376,591.6301445075032,16.33055450951023,86.77988513614078,118,10.333333333333334
L0522201601_AD83,16.37249,21.256,20.036036,-1.3187499,0.26905724,10.5,0.75512034,637.5197700255394,868.7937155168376,591.6301445075032,16.33055450951023,86.77988513614078,118,10.166666666666666
L0522201601_AD83,16.37249,21.256,20.036036,-1.3187499,0.26905724,10.5,0.75512034,637.5197700255394,868.7937155168376,591.6301445075032,16.33055450951023,86.77988513614078,118,10.0
L0522201601_AD83,16.37249,21.256,20.036036,-1.3187499,0.26905724,10.5,0.75512034,637.5197700255394,868.7937155168376,591.6301445075032,16.33055450951023,86.77988513614078,118,10.0
L0522201601_AD83,16.37249,21.256,20.036036,-1.3187499,0.26905724,10.5,0.75512034,637.5197700255394,868.7937155168376,591.6301445075032,16.33055450951023,86.77988513614078,118,10.166666666666666
L0522201601_AD83,16.37249,21.256,20.036036,-1.3187499,0.26905724,10.5,0.75512034,637.5197700255394,868.7937155168376,591.6301445075032,16.33055450951023,86.77988513614078,118,10.666666666666666
L0522201601_AD83,16.37249,21.256,20.036036,-1.3187499,0.26905724,10.5,0.75512034,637.5197700255394,868.7937155168376,591.6301445075032,16.33055450951023,86.77988513614078,118,10.5
L0228120650,16.385487,17.067,17.066999,1.554881,0.59392238,10.5,0.25433803,637.5197700255394,868.7937155168376,591.6301445075032,16.343518219792546,86.84877375156303,119,12.5
L0228120650,16.385487,17.067,17.066999,1.554881,0.59392238,10.5,0.25433803,637.5197700255394,868.7937155168376,591.6301445075032,16.343518219792546,86.84877375156303,119,12.666666666666666
L0228120650,16.385487,17.067,17.066999,1.554881,0.59392238,10.5,0.25433803,637.5197700255394,868.7937155168376,591.6301445075032,16.343518219792546,86.84877375156303,119,12.0
L0228120650,16.385487,17.067,17.066999,1.554881,0.59392238,10.5,0.25433803,637.5197700255394,868.7937155168376,591.6301445075032,16.343518219792546,86.84877375156303,119,13.25
L0228120650,16.385487,17.067,17.066999,1.554881,0.59392238,10.5,0.25433803,637.5197700255394,868.7937155168376,591.6301445075032,16.343518219792546,86.84877375156303,119,12.583333333333334
L0228120650,16.385487,17.067,17.066999,1.554881,0.59392238,10.5,0.25433803,637.5197700255394,868.7937155168376,591.6301445075032,16.343518219792546,86.84877375156303,119,12.583333333333334
L0228120650,16.385487,17.067,17.066999,1.554881,0.59392238,10.5,0.25433803,637.5197700255394,868.7937155168376,591.6301445075032,16.343518219792546,86.84877375156303,119,13.166666666666666
L0228120650,16.385487,17.067,17.066999,1.554881,0.59392238,10.5,0.25433803,637.5197700255394,868.7937155168376,591.6301445075032,16.343518219792546,86.84877375156303,119,13.333333333333334
L0228120650,16.385487,17.067,17.066999,1.554881,0.59392238,10.5,0.25433803,637.5197700255394,868.7937155168376,591.6301445075032,16.343518219792546,86.84877375156303,119,12.833333333333334
L0228120650,16.385487,17.067,17.066999,1.554881,0.59392238,10.5,0.25433803,637.5197700255394,868.7937155168376,591.6301445075032,16.343518219792546,86.84877375156303,119,12.75
L0221181047,11.772655,12.045,12.045,0.59233338,0.24429575,10.5,1.3592167,637.5197700255394,868.7937155168376,591.6301445075032,11.742501244414147,62.39916155987352,120,11.75
L0221181047,11.772655,12.045,12.045,0.59233338,0.24429575,10.5,1.3592167,637.5197700255394,868.7937155168376,591.6301445075032,11.742501244414147,62.39916155987352,120,11.666666666666666
L0221181047,11.772655,12.045,12.045,0.59233338,0.24429575,10.5,1.3592167,637.5197700255394,868.7937155168376,591.6301445075032,11.742501244414147,62.39916155987352,120,11.75
L0221181047,11.772655,12.045,12.045,0.59233338,0.24429575,10.5,1.3592167,637.5197700255394,868.7937155168376,591.6301445075032,11.742501244414147,62.39916155987352,120,11.583333333333334
L0221181047,11.772655,12.045,12.045,0.59233338,0.24429575,10.5,1.3592167,637.5197700255394,868.7937155168376,591.6301445075032,11.742501244414147,62.39916155987352,120,11.833333333333334
L0221181047,11.772655,12.045,12.045,0.59233338,0.24429575,10.5,1.3592167,637.5197700255394,868.7937155168376,591.6301445075032,11.742501244414147,62.39916155987352,120,11.666666666666666
L0221181047,11.772655,12.045,12.045,0.59233338,0.24429575,10.5,1.3592167,637.5197700255394,868.7937155168376,591.6301445075032,11.742501244414147,62.39916155987352,120,11.666666666666666
L0221181047,11.772655,12.045,12.045,0.59233338,0.24429575,10.5,1.3592167,637.5197700255394,868.7937155168376,591.6301445075032,11.742501244414147,62.39916155987352,120,11.916666666666666
L0221181047,11.772655,12.045,12.045,0.59233338,0.24429575,10.5,1.3592167,637.5197700255394,868.7937155168376,591.6301445075032,11.742501244414147,62.39916155987352,120,11.833333333333334
L0221181047,11.772655,12.045,12.045,0.59233338,0.24429575,10.5,1.3592167,637.5197700255394,868.7937155168376,591.6301445075032,11.742501244414147,62.39916155987352,120,11.416666666666666
L0303085514,24.783848,36.033,36.033001,-1.4260648,0.051527232,9.5,0.48543462,637.5197700255394,868.7937155168376,591.6301445075032,24.720368173650808,131.36300481304755,121,9.083333333333334
L0303085514,24.783848,36.033,36.033001,-1.4260648,0.051527232,9.5,0.48543462,637.5197700255394,868.7937155168376,591.6301445075032,24.720368173650808,131.36300481304755,121,9.083333333333334
L0303085514,24.783848,36.033,36.033001,-1.4260648,0.051527232,9.5,0.48543462,637.5197700255394,868.7937155168376,591.6301445075032,24.720368173650808,131.36300481304755,121,9.083333333333334
L0303085514,24.783848,36.033,36.033001,-1.4260648,0.051527232,9.5,0.48543462,637.5197700255394,868.7937155168376,591.6301445075032,24.720368173650808,131.36300481304755,121,9.083333333333334
L0303085514,24.783848,36.033,36.033001,-1.4260648,0.051527232,9.5,0.48543462,637.5197700255394,868.7937155168376,591.6301445075032,24.720368173650808,131.36300481304755,121,9.083333333333334
L0303085514,24.783848,36.033,36.033001,-1.4260648,0.051527232,9.5,0.48543462,637.5197700255394,868.7937155168376,591.6301445075032,24.720368173650808,131.36300481304755,121,9.083333333333334
L0303085514,24.783848,36.033,36.033001,-1.4260648,0.051527232,9.5,0.48543462,637.5197700255394,868.7937155168376,591.6301445075032,24.720368173650808,131.36300481304755,121,9.083333333333334
L0303085514,24.783848,36.033,36.033001,-1.4260648,0.051527232,9.5,0.48543462,637.5197700255394,868.7937155168376,591.6301445075032,24.720368173650808,131.36300481304755,121,9.083333333333334
L0303085514,24.783848,36.033,36.033001,-1.4260648,0.051527232,9.5,0.48543462,637.5197700255394,868.7937155168376,591.6301445075032,24.720368173650808,131.36300481304755,121,9.0
L0303085514,24.783848,36.033,36.033001,-1.4260648,0.051527232,9.5,0.48543462,637.5197700255394,868.7937155168376,591.6301445075032,24.720368173650808,131.36300481304755,121,9.083333333333334
L0228120650,16.385487,17.067,17.066999,1.554881,0.59392238,10.5,0.25433803,637.5197700255394,868.7937155168376,591.6301445075032,16.343518219792546,86.84877375156303,122,13.833333333333334
L0228120650,16.385487,17.067,17.066999,1.554881,0.59392238,10.5,0.25433803,637.5197700255394,868.7937155168376,591.6301445075032,16.343518219792546,86.84877375156303,122,10.833333333333334
L0228120650,16.385487,17.067,17.066999,1.554881,0.59392238,10.5,0.25433803,637.5197700255394,868.7937155168376,591.6301445075032,16.343518219792546,86.84877375156303,122,11.666666666666666
L0228120650,16.385487,17.067,17.066999,1.554881,0.59392238,10.5,0.25433803,637.5197700255394,868.7937155168376,591.6301445075032,16.343518219792546,86.84877375156303,122,12.666666666666666
L0228120650,16.385487,17.067,17.066999,1.554881,0.59392238,10.5,0.25433803,637.5197700255394,868.7937155168376,591.6301445075032,16.343518219792546,86.84877375156303,122,12.5
L0228120650,16.385487,17.067,17.066999,1.554881,0.59392238,10.5,0.25433803,637.5197700255394,868.7937155168376,591.6301445075032,16.343518219792546,86.84877375156303,122,12.166666666666666
L0228120650,16.385487,17.067,17.066999,1.554881,0.59392238,10.5,0.25433803,637.5197700255394,868.7937155168376,591.6301445075032,16.343518219792546,86.84877375156303,122,11.416666666666666
L0228120650,16.385487,17.067,17.066999,1.554881,0.59392238,10.5,0.25433803,637.5197700255394,868.7937155168376,591.6301445075032,16.343518219792546,86.84877375156303,122,13.25
L0228120650,16.385487,17.067,17.066999,1.554881,0.59392238,10.5,0.25433803,637.5197700255394,868.7937155168376,591.6301445075032,16.343518219792546,86.84877375156303,122,12.083333333333334
L0228120650,16.385487,17.067,17.066999,1.554881,0.59392238,10.5,0.25433803,637.5197700255394,868.7937155168376,591.6301445075032,16.343518219792546,86.84877375156303,122,12.166666666666666
L0303194826,4.7241011,7.963,7.9629998,-0.89488572,0.92374587,9.5,3.3980434,637.5197700255394,868.7937155168376,591.6301445075032,4.712001077538435,25.039377078838736,123,10.166666666666666
L0303194826,4.7241011,7.963,7.9629998,-0.89488572,0.92374587,9.5,3.3980434,637.5197700255394,868.7937155168376,591.6301445075032,4.712001077538435,25.039377078838736,123,10.416666666666666
L0303194826,4.7241011,7.963,7.9629998,-0.89488572,0.92374587,9.5,3.3980434,637.5197700255394,868.7937155168376,591.6301445075032,4.712001077538435,25.039377078838736,123,7.5
L0303194826,4.7241011,7.963,7.9629998,-0.89488572,0.92374587,9.5,3.3980434,637.5197700255394,868.7937155168376,591.6301445075032,4.712001077538435,25.039377078838736,123,10.333333333333334
L0303194826,4.7241011,7.963,7.9629998,-0.89488572,0.92374587,9.5,3.3980434,637.5197700255394,868.7937155168376,591.6301445075032,4.712001077538435,25.039377078838736,123,8.75
L0303194826,4.7241011,7.963,7.9629998,-0.89488572,0.92374587,9.5,3.3980434,637.5197700255394,868.7937155168376,591.6301445075032,4.712001077538435,25.039377078838736,123,9.666666666666666
L0303194826,4.7241011,7.963,7.9629998,-0.89488572,0.92374587,9.5,3.3980434,637.5197700255394,868.7937155168376,591.6301445075032,4.712001077538435,25.039377078838736,123,9.583333333333334
L0303194826,4.7241011,7.963,7.9629998,-0.89488572,0.92374587,9.5,3.3980434,637.5197700255394,868.7937155168376,591.6301445075032,4.712001077538435,25.039377078838736,123,8.666666666666666
L0303194826,4.7241011,7.963,7.9629998,-0.89488572,0.92374587,9.5,3.3980434,637.5197700255394,868.7937155168376,591.6301445075032,4.712001077538435,25.039377078838736,123,7.916666666666667
L0303194826,4.7241011,7.963,7.9629998,-0.89488572,0.92374587,9.5,3.3980434,637.5197700255394,868.7937155168376,591.6301445075032,4.712001077538435,25.039377078838736,123,8.333333333333334
L0325123608,17.348629,20.415,20.378521,0.0,1.0,10.5,0.97086877,637.5197700255394,868.7937155168376,591.6301445075032,17.304193287018037,91.95376096668991,124,11.5
L0325123608,17.348629,20.415,20.378521,0.0,1.0,10.5,0.97086877,637.5197700255394,868.7937155168376,591.6301445075032,17.304193287018037,91.95376096668991,124,11.666666666666666
L0325123608,17.348629,20.415,20.378521,0.0,1.0,10.5,0.97086877,637.5197700255394,868.7937155168376,591.6301445075032,17.304193287018037,91.95376096668991,124,12.5
L0325123608,17.348629,20.415,20.378521,0.0,1.0,10.5,0.97086877,637.5197700255394,868.7937155168376,591.6301445075032,17.304193287018037,91.95376096668991,124,11.666666666666666
L0325123608,17.348629,20.415,20.378521,0.0,1.0,10.5,0.97086877,637.5197700255394,868.7937155168376,591.6301445075032,17.304193287018037,91.95376096668991,124,11.166666666666666
L0325123608,17.348629,20.415,20.378521,0.0,1.0,10.5,0.97086877,637.5197700255394,868.7937155168376,591.6301445075032,17.304193287018037,91.95376096668991,124,12.25
L0325123608,17.348629,20.415,20.378521,0.0,1.0,10.5,0.97086877,637.5197700255394,868.7937155168376,591.6301445075032,17.304193287018037,91.95376096668991,124,11.333333333333334
L0325123608,17.348629,20.415,20.378521,0.0,1.0,10.5,0.97086877,637.5197700255394,868.7937155168376,591.6301445075032,17.304193287018037,91.95376096668991,124,10.666666666666666
L0325123608,17.348629,20.415,20.378521,0.0,1.0,10.5,0.97086877,637.5197700255394,868.7937155168376,591.6301445075032,17.304193287018037,91.95376096668991,124,10.916666666666666
L0325123608,17.348629,20.415,20.378521,0.0,1.0,10.5,0.97086877,637.5197700255394,868.7937155168376,591.6301445075032,17.304193287018037,91.95376096668991,124,11.166666666666666
L0516093509_8E36,19.042332,17.459,21.062666,0.0,1.0,10.5,1.3592167,637.5197700255394,868.7937155168376,591.6301445075032,18.993558140160168,100.9309752935722,125,11.25
L0516093509_8E36,19.042332,17.459,21.062666,0.0,1.0,10.5,1.3592167,637.5197700255394,868.7937155168376,591.6301445075032,18.993558140160168,100.9309752935722,125,12.25
L0516093509_8E36,19.042332,17.459,21.062666,0.0,1.0,10.5,1.3592167,637.5197700255394,868.7937155168376,591.6301445075032,18.993558140160168,100.9309752935722,125,10.5
L0516093509_8E36,19.042332,17.459,21.062666,0.0,1.0,10.5,1.3592167,637.5197700255394,868.7937155168376,591.6301445075032,18.993558140160168,100.9309752935722,125,11.166666666666666
L0516093509_8E36,19.042332,17.459,21.062666,0.0,1.0,10.5,1.3592167,637.5197700255394,868.7937155168376,591.6301445075032,18.993558140160168,100.9309752935722,125,11.25
L0516093509_8E36,19.042332,17.459,21.062666,0.0,1.0,10.5,1.3592167,637.5197700255394,868.7937155168376,591.6301445075032,18.993558140160168,100.9309752935722,125,12.416666666666666
L0516093509_8E36,19.042332,17.459,21.062666,0.0,1.0,10.5,1.3592167,637.5197700255394,868.7937155168376,591.6301445075032,18.993558140160168,100.9309752935722,125,11.416666666666666
L0516093509_8E36,19.042332,17.459,21.062666,0.0,1.0,10.5,1.3592167,637.5197700255394,868.7937155168376,591.6301445075032,18.993558140160168,100.9309752935722,125,11.583333333333334
L0516093509_8E36,19.042332,17.459,21.062666,0.0,1.0,10.5,1.3592167,637.5197700255394,868.7937155168376,591.6301445075032,18.993558140160168,100.9309752935722,125,11.583333333333334
L0516093509_8E36,19.042332,17.459,21.062666,0.0,1.0,10.5,1.3592167,637.5197700255394,868.7937155168376,591.6301445075032,18.993558140160168,100.9309752935722,125,11.666666666666666
L0413184859,22.760162,36.075,36.075001,0.0,1.0,9.666667,0.37756038,637.5197700255394,868.7937155168376,591.6301445075032,22.701865518701396,120.6367659433572,126,10.916666666666666
L0413184859,22.760162,36.075,36.075001,0.0,1.0,9.666667,0.37756038,637.5197700255394,868.7937155168376,591.6301445075032,22.701865518701396,120.6367659433572,126,10.916666666666666
L0413184859,22.760162,36.075,36.075001,0.0,1.0,9.666667,0.37756038,637.5197700255394,868.7937155168376,591.6301445075032,22.701865518701396,120.6367659433572,126,11.166666666666666
L0413184859,22.760162,36.075,36.075001,0.0,1.0,9.666667,0.37756038,637.5197700255394,868.7937155168376,591.6301445075032,22.701865518701396,120.6367659433572,126,10.75
L0413184859,22.760162,36.075,36.075001,0.0,1.0,9.666667,0.37756038,637.5197700255394,868.7937155168376,591.6301445075032,22.701865518701396,120.6367659433572,126,12.083333333333334
L0413184859,22.760162,36.075,36.075001,0.0,1.0,9.666667,0.37756038,637.5197700255394,868.7937155168376,591.6301445075032,22.701865518701396,120.6367659433572,126,12.083333333333334
L0413184859,22.760162,36.075,36.075001,0.0,1.0,9.666667,0.37756038,637.5197700255394,868.7937155168376,591.6301445075032,22.701865518701396,120.6367659433572,126,11.583333333333334
L0413184859,22.760162,36.075,36.075001,0.0,1.0,9.666667,0.37756038,637.5197700255394,868.7937155168376,591.6301445075032,22.701865518701396,120.6367659433572,126,7.833333333333333
L0413184859,22.760162,36.075,36.075001,0.0,1.0,9.666667,0.37756038,637.5197700255394,868.7937155168376,591.6301445075032,22.701865518701396,120.6367659433572,126,11.25
L0413184859,22.760162,36.075,36.075001,0.0,1.0,9.666667,0.37756038,637.5197700255394,868.7937155168376,591.6301445075032,22.701865518701396,120.6367659433572,126,9.166666666666666
L0522121607_1755,7.0408559,7.185,7.1885209,-0.83372229,1.7499349,10.5,0.61782604,637.5197700255394,868.7937155168376,591.6301445075032,7.022821884060196,37.318982406592966,127,8.833333333333334
L0522121607_1755,7.0408559,7.185,7.1885209,-0.83372229,1.7499349,10.5,0.61782604,637.5197700255394,868.7937155168376,591.6301445075032,7.022821884060196,37.318982406592966,127,8.666666666666666
L0522121607_1755,7.0408559,7.185,7.1885209,-0.83372229,1.7499349,10.5,0.61782604,637.5197700255394,868.7937155168376,591.6301445075032,7.022821884060196,37.318982406592966,127,10.666666666666666
L0522121607_1755,7.0408559,7.185,7.1885209,-0.83372229,1.7499349,10.5,0.61782604,637.5197700255394,868.7937155168376,591.6301445075032,7.022821884060196,37.318982406592966,127,6.0
L0522121607_1755,7.0408559,7.185,7.1885209,-0.83372229,1.7499349,10.5,0.61782604,637.5197700255394,868.7937155168376,591.6301445075032,7.022821884060196,37.318982406592966,127,9.166666666666666
L0522121607_1755,7.0408559,7.185,7.1885209,-0.83372229,1.7499349,10.5,0.61782604,637.5197700255394,868.7937155168376,591.6301445075032,7.022821884060196,37.318982406592966,127,13.75
L0522121607_1755,7.0408559,7.185,7.1885209,-0.83372229,1.7499349,10.5,0.61782604,637.5197700255394,868.7937155168376,591.6301445075032,7.022821884060196,37.318982406592966,127,11.666666666666666
L0522121607_1755,7.0408559,7.185,7.1885209,-0.83372229,1.7499349,10.5,0.61782604,637.5197700255394,868.7937155168376,591.6301445075032,7.022821884060196,37.318982406592966,127,9.583333333333334
L0522121607_1755,7.0408559,7.185,7.1885209,-0.83372229,1.7499349,10.5,0.61782604,637.5197700255394,868.7937155168376,591.6301445075032,7.022821884060196,37.318982406592966,127,10.416666666666666
L0522121607_1755,7.0408559,7.185,7.1885209,-0.83372229,1.7499349,10.5,0.61782604,637.5197700255394,868.7937155168376,591.6301445075032,7.022821884060196,37.318982406592966,127,9.333333333333334
L0411105747,24.83606,20.831,21.851139,0.54763889,0.37614444,9.5,0.51464736,637.5197700255394,868.7937155168376,591.6301445075032,24.772446441040227,131.63974655255865,128,11.166666666666666
L0411105747,24.83606,20.831,21.851139,0.54763889,0.37614444,9.5,0.51464736,637.5197700255394,868.7937155168376,591.6301445075032,24.772446441040227,131.63974655255865,128,11.5
L0411105747,24.83606,20.831,21.851139,0.54763889,0.37614444,9.5,0.51464736,637.5197700255394,868.7937155168376,591.6301445075032,24.772446441040227,131.63974655255865,128,11.666666666666666
L0411105747,24.83606,20.831,21.851139,0.54763889,0.37614444,9.5,0.51464736,637.5197700255394,868.7937155168376,591.6301445075032,24.772446441040227,131.63974655255865,128,11.166666666666666
L0411105747,24.83606,20.831,21.851139,0.54763889,0.37614444,9.5,0.51464736,637.5197700255394,868.7937155168376,591.6301445075032,24.772446441040227,131.63974655255865,128,11.666666666666666
L0411105747,24.83606,20.831,21.851139,0.54763889,0.37614444,9.5,0.51464736,637.5197700255394,868.7937155168376,591.6301445075032,24.772446441040227,131.63974655255865,128,11.833333333333334
L0411105747,24.83606,20.831,21.851139,0.54763889,0.37614444,9.5,0.51464736,637.5197700255394,868.7937155168376,591.6301445075032,24.772446441040227,131.63974655255865,128,11.833333333333334
L0411105747,24.83606,20.831,21.851139,0.54763889,0.37614444,9.5,0.51464736,637.5197700255394,868.7937155168376,591.6301445075032,24.772446441040227,131.63974655255865,128,11.666666666666666
L0411105747,24.83606,20.831,21.851139,0.54763889,0.37614444,9.5,0.51464736,637.5197700255394,868.7937155168376,591.6301445075032,24.772446441040227,131.63974655255865,128,11.166666666666666
L0411105747,24.83606,20.831,21.851139,0.54763889,0.37614444,9.5,0.51464736,637.5197700255394,868.7937155168376,591.6301445075032,24.772446441040227,131.63974655255865,128,11.333333333333334
L0524095701_65FC,3.7454412,3.608,3.608,-1.643598,0.6295011,10.0,1.3592167,637.5197700255394,868.7937155168376,591.6301445075032,3.7358478569090847,19.852139602477653,129,8.25
L0524095701_65FC,3.7454412,3.608,3.608,-1.643598,0.6295011,10.0,1.3592167,637.5197700255394,868.7937155168376,591.6301445075032,3.7358478569090847,19.852139602477653,129,9.083333333333334
L0524095701_65FC,3.7454412,3.608,3.608,-1.643598,0.6295011,10.0,1.3592167,637.5197700255394,868.7937155168376,591.6301445075032,3.7358478569090847,19.852139602477653,129,7.166666666666667
L0524095701_65FC,3.7454412,3.608,3.608,-1.643598,0.6295011,10.0,1.3592167,637.5197700255394,868.7937155168376,591.6301445075032,3.7358478569090847,19.852139602477653,129,9.25
L0524095701_65FC,3.7454412,3.608,3.608,-1.643598,0.6295011,10.0,1.3592167,637.5197700255394,868.7937155168376,591.6301445075032,3.7358478569090847,19.852139602477653,129,9.083333333333334
L0524095701_65FC,3.7454412,3.608,3.608,-1.643598,0.6295011,10.0,1.3592167,637.5197700255394,868.7937155168376,591.6301445075032,3.7358478569090847,19.852139602477653,129,8.083333333333334
L0524095701_65FC,3.7454412,3.608,3.608,-1.643598,0.6295011,10.0,1.3592167,637.5197700255394,868.7937155168376,591.6301445075032,3.7358478569090847,19.852139602477653,129,8.416666666666666
L0524095701_65FC,3.7454412,3.608,3.608,-1.643598,0.6295011,10.0,1.3592167,637.5197700255394,868.7937155168376,591.6301445075032,3.7358478569090847,19.852139602477653,129,8.5
L0524095701_65FC,3.7454412,3.608,3.608,-1.643598,0.6295011,10.0,1.3592167,637.5197700255394,868.7937155168376,591.6301445075032,3.7358478569090847,19.852139602477653,129,8.083333333333334
L0524095701_65FC,3.7454412,3.608,3.608,-1.643598,0.6295011,10.0,1.3592167,637.5197700255394,868.7937155168376,591.6301445075032,3.7358478569090847,19.852139602477653,129,8.25
L0224080525,23.39341,24.806,24.797972,-0.53226835,0.85791612,10.0,0.37756038,637.5197700255394,868.7937155168376,591.6301445075032,23.333491556160467,123.99320034659647,130,11.416666666666666
L0224080525,23.39341,24.806,24.797972,-0.53226835,0.85791612,10.0,0.37756038,637.5197700255394,868.7937155168376,591.6301445075032,23.333491556160467,123.99320034659647,130,11.916666666666666
L0224080525,23.39341,24.806,24.797972,-0.53226835,0.85791612,10.0,0.37756038,637.5197700255394,868.7937155168376,591.6301445075032,23.333491556160467,123.99320034659647,130,11.083333333333334
L0224080525,23.39341,24.806,24.797972,-0.53226835,0.85791612,10.0,0.37756038,637.5197700255394,868.7937155168376,591.6301445075032,23.333491556160467,123.99320034659647,130,11.583333333333334
L0224080525,23.39341,24.806,24.797972,-0.53226835,0.85791612,10.0,0.37756038,637.5197700255394,868.7937155168376,591.6301445075032,23.333491556160467,123.99320034659647,130,11.083333333333334
L0224080525,23.39341,24.806,24.797972,-0.53226835,0.85791612,10.0,0.37756038,637.5197700255394,868.7937155168376,591.6301445075032,23.333491556160467,123.99320034659647,130,11.0
L0224080525,23.39341,24.806,24.797972,-0.53226835,0.85791612,10.0,0.37756038,637.5197700255394,868.7937155168376,591.6301445075032,23.333491556160467,123.99320034659647,130,11.25
L0224080525,23.39341,24.806,24.797972,-0.53226835,0.85791612,10.0,0.37756038,637.5197700255394,868.7937155168376,591.6301445075032,23.333491556160467,123.99320034659647,130,10.083333333333334
L0224080525,23.39341,24.806,24.797972,-0.53226835,0.85791612,10.0,0.37756038,637.5197700255394,868.7937155168376,591.6301445075032,23.333491556160467,123.99320034659647,130,10.583333333333334
L0224080525,23.39341,24.806,24.797972,-0.53226835,0.85791612,10.0,0.37756038,637.5197700255394,868.7937155168376,591.6301445075032,23.333491556160467,123.99320034659647,130,11.583333333333334
L0425195539_D949,24.769831,23.684,23.684,0.0,1.0,9.5,0.48543462,637.5197700255394,868.7937155168376,591.6301445075032,24.706387075933858,131.28870984325656,131,9.166666666666666
L0425195539_D949,24.769831,23.684,23.684,0.0,1.0,9.5,0.48543462,637.5197700255394,868.7937155168376,591.6301445075032,24.706387075933858,131.28870984325656,131,9.666666666666666
L0425195539_D949,24.769831,23.684,23.684,0.0,1.0,9.5,0.48543462,637.5197700255394,868.7937155168376,591.6301445075032,24.706387075933858,131.28870984325656,131,12.0
L0425195539_D949,24.769831,23.684,23.684,0.0,1.0,9.5,0.48543462,637.5197700255394,868.7937155168376,591.6301445075032,24.706387075933858,131.28870984325656,131,10.916666666666666
L0425195539_D949,24.769831,23.684,23.684,0.0,1.0,9.5,0.48543462,637.5197700255394,868.7937155168376,591.6301445075032,24.706387075933858,131.28870984325656,131,9.5
L0425195539_D949,24.769831,23.684,23.684,0.0,1.0,9.5,0.48543462,637.5197700255394,868.7937155168376,591.6301445075032,24.706387075933858,131.28870984325656,131,8.75
L0425195539_D949,24.769831,23.684,23.684,0.0,1.0,9.5,0.48543462,637.5197700255394,868.7937155168376,591.6301445075032,24.706387075933858,131.28870984325656,131,11.916666666666666
L0425195539_D949,24.769831,23.684,23.684,0.0,1.0,9.5,0.48543462,637.5197700255394,868.7937155168376,591.6301445075032,24.706387075933858,131.28870984325656,131,10.166666666666666
L0425195539_D949,24.769831,23.684,23.684,0.0,1.0,9.5,0.48543462,637.5197700255394,868.7937155168376,591.6301445075032,24.706387075933858,131.28870984325656,131,11.833333333333334
L0425195539_D949,24.769831,23.684,23.684,0.0,1.0,9.5,0.48543462,637.5197700255394,868.7937155168376,591.6301445075032,24.706387075933858,131.28870984325656,131,12.166666666666666
L0424113958_4D35,9.3081961,9.406,9.4060001,0.26234564,1.3335593,10.5,0.97086877,637.5197700255394,868.7937155168376,591.6301445075032,9.284354658103963,49.33667318670976,132,9.333333333333334
L0424113958_4D35,9.3081961,9.406,9.4060001,0.26234564,1.3335593,10.5,0.97086877,637.5197700255394,868.7937155168376,591.6301445075032,9.284354658103963,49.33667318670976,132,11.75
L0424113958_4D35,9.3081961,9.406,9.4060001,0.26234564,1.3335593,10.5,0.97086877,637.5197700255394,868.7937155168376,591.6301445075032,9.284354658103963,49.33667318670976,132,12.416666666666666
L0424113958_4D35,9.3081961,9.406,9.4060001,0.26234564,1.3335593,10.5,0.97086877,637.5197700255394,868.7937155168376,591.6301445075032,9.284354658103963,49.33667318670976,132,11.5
L0424113958_4D35,9.3081961,9.406,9.4060001,0.26234564,1.3335593,10.5,0.97086877,637.5197700255394,868.7937155168376,591.6301445075032,9.284354658103963,49.33667318670976,132,13.25
L0424113958_4D35,9.3081961,9.406,9.4060001,0.26234564,1.3335593,10.5,0.97086877,637.5197700255394,868.7937155168376,591.6301445075032,9.284354658103963,49.33667318670976,132,10.75
L0424113958_4D35,9.3081961,9.406,9.4060001,0.26234564,1.3335593,10.5,0.97086877,637.5197700255394,868.7937155168376,591.6301445075032,9.284354658103963,49.33667318670976,132,12.0
L0424113958_4D35,9.3081961,9.406,9.4060001,0.26234564,1.3335593,10.5,0.97086877,637.5197700255394,868.7937155168376,591.6301445075032,9.284354658103963,49.33667318670976,132,10.75
L0424113958_4D35,9.3081961,9.406,9.4060001,0.26234564,1.3335593,10.5,0.97086877,637.5197700255394,868.7937155168376,591.6301445075032,9.284354658103963,49.33667318670976,132,8.916666666666666
L0424113958_4D35,9.3081961,9.406,9.4060001,0.26234564,1.3335593,10.5,0.97086877,637.5197700255394,868.7937155168376,591.6301445075032,9.284354658103963,49.33667318670976,132,12.916666666666666
L0302200827,16.510647,30.233,28.614876,-1.8466667,0.1604311,9.5,0.75512034,637.5197700255394,868.7937155168376,591.6301445075032,16.468357642654325,87.51216523469353,133,8.333333333333334
L0302200827,16.510647,30.233,28.614876,-1.8466667,0.1604311,9.5,0.75512034,637.5197700255394,868.7937155168376,591.6301445075032,16.468357642654325,87.51216523469353,133,8.333333333333334
L0302200827,16.510647,30.233,28.614876,-1.8466667,0.1604311,9.5,0.75512034,637.5197700255394,868.7937155168376,591.6301445075032,16.468357642654325,87.51216523469353,133,8.25
L0302200827,16.510647,30.233,28.614876,-1.8466667,0.1604311,9.5,0.75512034,637.5197700255394,868.7937155168376,591.6301445075032,16.468357642654325,87.51216523469353,133,8.25
L0302200827,16.510647,30.233,28.614876,-1.8466667,0.1604311,9.5,0.75512034,637.5197700255394,868.7937155168376,591.6301445075032,16.468357642654325,87.51216523469353,133,8.166666666666666
L0302200827,16.510647,30.233,28.614876,-1.8466667,0.1604311,9.5,0.75512034,637.5197700255394,868.7937155168376,591.6301445075032,16.468357642654325,87.51216523469353,133,8.416666666666666
L0302200827,16.510647,30.233,28.614876,-1.8466667,0.1604311,9.5,0.75512034,637.5197700255394,868.7937155168376,591.6301445075032,16.468357642654325,87.51216523469353,133,8.5
L0302200827,16.510647,30.233,28.614876,-1.8466667,0.1604311,9.5,0.75512034,637.5197700255394,868.7937155168376,591.6301445075032,16.468357642654325,87.51216523469353,133,8.333333333333334
L0302200827,16.510647,30.233,28.614876,-1.8466667,0.1604311,9.5,0.75512034,637.5197700255394,868.7937155168376,591.6301445075032,16.468357642654325,87.51216523469353,133,8.25
L0302200827,16.510647,30.233,28.614876,-1.8466667,0.1604311,9.5,0.75512034,637.5197700255394,868.7937155168376,591.6301445075032,16.468357642654325,87.51216523469353,133,8.25
L0519084000_1727,28.754904,24.952,25.864,0.0,1.0,10.0,0.37756038,637.5197700255394,868.7937155168376,591.6301445075032,28.68125295466565,152.41098123869708,134,11.916666666666666
L0519084000_1727,28.754904,24.952,25.864,0.0,1.0,10.0,0.37756038,637.5197700255394,868.7937155168376,591.6301445075032,28.68125295466565,152.41098123869708,134,10.75
L0519084000_1727,28.754904,24.952,25.864,0.0,1.0,10.0,0.37756038,637.5197700255394,868.7937155168376,591.6301445075032,28.68125295466565,152.41098123869708,134,11.083333333333334
L0519084000_1727,28.754904,24.952,25.864,0.0,1.0,10.0,0.37756038,637.5197700255394,868.7937155168376,591.6301445075032,28.68125295466565,152.41098123869708,134,11.083333333333334
L0519084000_1727,28.754904,24.952,25.864,0.0,1.0,10.0,0.37756038,637.5197700255394,868.7937155168376,591.6301445075032,28.68125295466565,152.41098123869708,134,11.583333333333334
L0519084000_1727,28.754904,24.952,25.864,0.0,1.0,10.0,0.37756038,637.5197700255394,868.7937155168376,591.6301445075032,28.68125295466565,152.41098123869708,134,13.083333333333334
L0519084000_1727,28.754904,24.952,25.864,0.0,1.0,10.0,0.37756038,637.5197700255394,868.7937155168376,591.6301445075032,28.68125295466565,152.41098123869708,134,12.083333333333334
L0519084000_1727,28.754904,24.952,25.864,0.0,1.0,10.0,0.37756038,637.5197700255394,868.7937155168376,591.6301445075032,28.68125295466565,152.41098123869708,134,10.0
L0519084000_1727,28.754904,24.952,25.864,0.0,1.0,10.0,0.37756038,637.5197700255394,868.7937155168376,591.6301445075032,28.68125295466565,152.41098123869708,134,11.25
L0519084000_1727,28.754904,24.952,25.864,0.0,1.0,10.0,0.37756038,637.5197700255394,868.7937155168376,591.6301445075032,28.68125295466565,152.41098123869708,134,11.25
L0524090011_2E62,7.5318165,9.458,9.4580002,-1.0049207,0.092293553,9.5,0.75512034,637.5197700255394,868.7937155168376,591.6301445075032,7.512524967728095,39.921244156294485,135,9.0
L0524090011_2E62,7.5318165,9.458,9.4580002,-1.0049207,0.092293553,9.5,0.75512034,637.5197700255394,868.7937155168376,591.6301445075032,7.512524967728095,39.921244156294485,135,9.0
L0524090011_2E62,7.5318165,9.458,9.4580002,-1.0049207,0.092293553,9.5,0.75512034,637.5197700255394,868.7937155168376,591.6301445075032,7.512524967728095,39.921244156294485,135,9.083333333333334
L0524090011_2E62,7.5318165,9.458,9.4580002,-1.0049207,0.092293553,9.5,0.75512034,637.5197700255394,868.7937155168376,591.6301445075032,7.512524967728095,39.921244156294485,135,9.0
L0524090011_2E62,7.5318165,9.458,9.4580002,-1.0049207,0.092293553,9.5,0.75512034,637.5197700255394,868.7937155168376,591.6301445075032,7.512524967728095,39.921244156294485,135,9.166666666666666
L0524090011_2E62,7.5318165,9.458,9.4580002,-1.0049207,0.092293553,9.5,0.75512034,637.5197700255394,868.7937155168376,591.6301445075032,7.512524967728095,39.921244156294485,135,9.083333333333334
L0524090011_2E62,7.5318165,9.458,9.4580002,-1.0049207,0.092293553,9.5,0.75512034,637.5197700255394,868.7937155168376,591.6301445075032,7.512524967728095,39.921244156294485,135,9.083333333333334
L0524090011_2E62,7.5318165,9.458,9.4580002,-1.0049207,0.092293553,9.5,0.75512034,637.5197700255394,868.7937155168376,591.6301445075032,7.512524967728095,39.921244156294485,135,9.166666666666666
L0524090011_2E62,7.5318165,9.458,9.4580002,-1.0049207,0.092293553,9.5,0.75512034,637.5197700255394,868.7937155168376,591.6301445075032,7.512524967728095,39.921244156294485,135,9.083333333333334
L0524090011_2E62,7.5318165,9.458,9.4580002,-1.0049207,0.092293553,9.5,0.75512034,637.5197700255394,868.7937155168376,591.6301445075032,7.512524967728095,39.921244156294485,135,8.916666666666666
L0418140057,8.1094408,8.926,8.629035,-1.6117014,0.16983622,10.5,3.3980434,637.5197700255394,868.7937155168376,591.6301445075032,8.08866977631663,42.982853624728655,136,9.333333333333334
L0418140057,8.1094408,8.926,8.629035,-1.6117014,0.16983622,10.5,3.3980434,637.5197700255394,868.7937155168376,591.6301445075032,8.08866977631663,42.982853624728655,136,9.333333333333334
L0418140057,8.1094408,8.926,8.629035,-1.6117014,0.16983622,10.5,3.3980434,637.5197700255394,868.7937155168376,591.6301445075032,8.08866977631663,42.982853624728655,136,9.583333333333334
L0418140057,8.1094408,8.926,8.629035,-1.6117014,0.16983622,10.5,3.3980434,637.5197700255394,868.7937155168376,591.6301445075032,8.08866977631663,42.982853624728655,136,9.416666666666666
L0418140057,8.1094408,8.926,8.629035,-1.6117014,0.16983622,10.5,3.3980434,637.5197700255394,868.7937155168376,591.6301445075032,8.08866977631663,42.982853624728655,136,9.583333333333334
L0418140057,8.1094408,8.926,8.629035,-1.6117014,0.16983622,10.5,3.3980434,637.5197700255394,868.7937155168376,591.6301445075032,8.08866977631663,42.982853624728655,136,9.583333333333334
L0418140057,8.1094408,8.926,8.629035,-1.6117014,0.16983622,10.5,3.3980434,637.5197700255394,868.7937155168376,591.6301445075032,8.08866977631663,42.982853624728655,136,9.5
L0418140057,8.1094408,8.926,8.629035,-1.6117014,0.16983622,10.5,3.3980434,637.5197700255394,868.7937155168376,591.6301445075032,8.08866977631663,42.982853624728655,136,9.0
L0418140057,8.1094408,8.926,8.629035,-1.6117014,0.16983622,10.5,3.3980434,637.5197700255394,868.7937155168376,591.6301445075032,8.08866977631663,42.982853624728655,136,9.166666666666666
L0418140057,8.1094408,8.926,8.629035,-1.6117014,0.16983622,10.5,3.3980434,637.5197700255394,868.7937155168376,591.6301445075032,8.08866977631663,42.982853624728655,136,9.666666666666666
L0428123453_A627,10.981887,9.523,9.5277777,0.54555511,0.40733337,10.5,1.3592167,637.5197700255394,868.7937155168376,591.6301445075032,10.953758669010137,58.207816430981346,137,12.083333333333334
L0428123453_A627,10.981887,9.523,9.5277777,0.54555511,0.40733337,10.5,1.3592167,637.5197700255394,868.7937155168376,591.6301445075032,10.953758669010137,58.207816430981346,137,11.416666666666666
L0428123453_A627,10.981887,9.523,9.5277777,0.54555511,0.40733337,10.5,1.3592167,637.5197700255394,868.7937155168376,591.6301445075032,10.953758669010137,58.207816430981346,137,12.166666666666666
L0428123453_A627,10.981887,9.523,9.5277777,0.54555511,0.40733337,10.5,1.3592167,637.5197700255394,868.7937155168376,591.6301445075032,10.953758669010137,58.207816430981346,137,10.75
L0428123453_A627,10.981887,9.523,9.5277777,0.54555511,0.40733337,10.5,1.3592167,637.5197700255394,868.7937155168376,591.6301445075032,10.953758669010137,58.207816430981346,137,11.583333333333334
L0428123453_A627,10.981887,9.523,9.5277777,0.54555511,0.40733337,10.5,1.3592167,637.5197700255394,868.7937155168376,591.6301445075032,10.953758669010137,58.207816430981346,137,12.083333333333334
L0428123453_A627,10.981887,9.523,9.5277777,0.54555511,0.40733337,10.5,1.3592167,637.5197700255394,868.7937155168376,591.6301445075032,10.953758669010137,58.207816430981346,137,11.416666666666666
L0428123453_A627,10.981887,9.523,9.5277777,0.54555511,0.40733337,10.5,1.3592167,637.5197700255394,868.7937155168376,591.6301445075032,10.953758669010137,58.207816430981346,137,11.416666666666666
L0428123453_A627,10.981887,9.523,9.5277777,0.54555511,0.40733337,10.5,1.3592167,637.5197700255394,868.7937155168376,591.6301445075032,10.953758669010137,58.207816430981346,137,11.666666666666666
L0428123453_A627,10.981887,9.523,9.5277777,0.54555511,0.40733337,10.5,1.3592167,637.5197700255394,868.7937155168376,591.6301445075032,10.953758669010137,58.207816430981346,137,12.0
L0420124613,23.281601,23.897,23.881687,0.67631936,0.20792013,10.0,1.3592167,637.5197700255394,868.7937155168376,591.6301445075032,23.221968936867142,123.40057380187501,138,11.833333333333334
L0420124613,23.281601,23.897,23.881687,0.67631936,0.20792013,10.0,1.3592167,637.5197700255394,868.7937155168376,591.6301445075032,23.221968936867142,123.40057380187501,138,11.916666666666666
L0420124613,23.281601,23.897,23.881687,0.67631936,0.20792013,10.0,1.3592167,637.5197700255394,868.7937155168376,591.6301445075032,23.221968936867142,123.40057380187501,138,11.916666666666666
L0420124613,23.281601,23.897,23.881687,0.67631936,0.20792013,10.0,1.3592167,637.5197700255394,868.7937155168376,591.6301445075032,23.221968936867142,123.40057380187501,138,12.083333333333334
L0420124613,23.281601,23.897,23.881687,0.67631936,0.20792013,10.0,1.3592167,637.5197700255394,868.7937155168376,591.6301445075032,23.221968936867142,123.40057380187501,138,12.083333333333334
L0420124613,23.281601,23.897,23.881687,0.67631936,0.20792013,10.0,1.3592167,637.5197700255394,868.7937155168376,591.6301445075032,23.221968936867142,123.40057380187501,138,11.666666666666666
L0420124613,23.281601,23.897,23.881687,0.67631936,0.20792013,10.0,1.3592167,637.5197700255394,868.7937155168376,591.6301445075032,23.221968936867142,123.40057380187501,138,12.166666666666666
L0420124613,23.281601,23.897,23.881687,0.67631936,0.20792013,10.0,1.3592167,637.5197700255394,868.7937155168376,591.6301445075032,23.221968936867142,123.40057380187501,138,12.0
L0420124613,23.281601,23.897,23.881687,0.67631936,0.20792013,10.0,1.3592167,637.5197700255394,868.7937155168376,591.6301445075032,23.221968936867142,123.40057380187501,138,11.916666666666666
L0420124613,23.281601,23.897,23.881687,0.67631936,0.20792013,10.0,1.3592167,637.5197700255394,868.7937155168376,591.6301445075032,23.221968936867142,123.40057380187501,138,12.083333333333334
L0612095352_E44C,11.926882,12.776,12.812486,-0.59586799,0.72817743,10.0,0.75512034,637.5197700255394,868.7937155168376,591.6301445075032,11.896333216847065,63.216618241471224,139,9.916666666666666
L0612095352_E44C,11.926882,12.776,12.812486,-0.59586799,0.72817743,10.0,0.75512034,637.5197700255394,868.7937155168376,591.6301445075032,11.896333216847065,63.216618241471224,139,9.916666666666666
L0612095352_E44C,11.926882,12.776,12.812486,-0.59586799,0.72817743,10.0,0.75512034,637.5197700255394,868.7937155168376,591.6301445075032,11.896333216847065,63.216618241471224,139,10.833333333333334
L0612095352_E44C,11.926882,12.776,12.812486,-0.59586799,0.72817743,10.0,0.75512034,637.5197700255394,868.7937155168376,591.6301445075032,11.896333216847065,63.216618241471224,139,10.833333333333334
L0612095352_E44C,11.926882,12.776,12.812486,-0.59586799,0.72817743,10.0,0.75512034,637.5197700255394,868.7937155168376,591.6301445075032,11.896333216847065,63.216618241471224,139,9.0
L0612095352_E44C,11.926882,12.776,12.812486,-0.59586799,0.72817743,10.0,0.75512034,637.5197700255394,868.7937155168376,591.6301445075032,11.896333216847065,63.216618241471224,139,9.0
L0612095352_E44C,11.926882,12.776,12.812486,-0.59586799,0.72817743,10.0,0.75512034,637.5197700255394,868.7937155168376,591.6301445075032,11.896333216847065,63.216618241471224,139,10.25
L0612095352_E44C,11.926882,12.776,12.812486,-0.59586799,0.72817743,10.0,0.75512034,637.5197700255394,868.7937155168376,591.6301445075032,11.896333216847065,63.216618241471224,139,9.333333333333334
L0612095352_E44C,11.926882,12.776,12.812486,-0.59586799,0.72817743,10.0,0.75512034,637.5197700255394,868.7937155168376,591.6301445075032,11.896333216847065,63.216618241471224,139,7.916666666666667
L0612095352_E44C,11.926882,12.776,12.812486,-0.59586799,0.72817743,10.0,0.75512034,637.5197700255394,868.7937155168376,591.6301445075032,11.896333216847065,63.216618241471224,139,10.333333333333334
L0315183653,13.209072,12.556,12.556,-1.3010417,0.35405564,10.0,0.27184331,637.5197700255394,868.7937155168376,591.6301445075032,13.175239094117348,70.01267070036467,140,9.5
L0315183653,13.209072,12.556,12.556,-1.3010417,0.35405564,10.0,0.27184331,637.5197700255394,868.7937155168376,591.6301445075032,13.175239094117348,70.01267070036467,140,9.75
L0315183653,13.209072,12.556,12.556,-1.3010417,0.35405564,10.0,0.27184331,637.5197700255394,868.7937155168376,591.6301445075032,13.175239094117348,70.01267070036467,140,8.916666666666666
L0315183653,13.209072,12.556,12.556,-1.3010417,0.35405564,10.0,0.27184331,637.5197700255394,868.7937155168376,591.6301445075032,13.175239094117348,70.01267070036467,140,9.0
L0315183653,13.209072,12.556,12.556,-1.3010417,0.35405564,10.0,0.27184331,637.5197700255394,868.7937155168376,591.6301445075032,13.175239094117348,70.01267070036467,140,9.416666666666666
L0315183653,13.209072,12.556,12.556,-1.3010417,0.35405564,10.0,0.27184331,637.5197700255394,868.7937155168376,591.6301445075032,13.175239094117348,70.01267070036467,140,9.166666666666666
L0315183653,13.209072,12.556,12.556,-1.3010417,0.35405564,10.0,0.27184331,637.5197700255394,868.7937155168376,591.6301445075032,13.175239094117348,70.01267070036467,140,8.583333333333334
L0315183653,13.209072,12.556,12.556,-1.3010417,0.35405564,10.0,0.27184331,637.5197700255394,868.7937155168376,591.6301445075032,13.175239094117348,70.01267070036467,140,9.75
L0315183653,13.209072,12.556,12.556,-1.3010417,0.35405564,10.0,0.27184331,637.5197700255394,868.7937155168376,591.6301445075032,13.175239094117348,70.01267070036467,140,9.166666666666666
L0315183653,13.209072,12.556,12.556,-1.3010417,0.35405564,10.0,0.27184331,637.5197700255394,868.7937155168376,591.6301445075032,13.175239094117348,70.01267070036467,140,8.333333333333334
L0424113958_4D35,9.3081961,9.406,9.4060001,0.26234564,1.3335593,10.5,0.97086877,637.5197700255394,868.7937155168376,591.6301445075032,9.284354658103963,49.33667318670976,141,9.416666666666666
L0424113958_4D35,9.3081961,9.406,9.4060001,0.26234564,1.3335593,10.5,0.97086877,637.5197700255394,868.7937155168376,591.6301445075032,9.284354658103963,49.33667318670976,141,11.333333333333334
L0424113958_4D35,9.3081961,9.406,9.4060001,0.26234564,1.3335593,10.5,0.97086877,637.5197700255394,868.7937155168376,591.6301445075032,9.284354658103963,49.33667318670976,141,10.583333333333334
L0424113958_4D35,9.3081961,9.406,9.4060001,0.26234564,1.3335593,10.5,0.97086877,637.5197700255394,868.7937155168376,591.6301445075032,9.284354658103963,49.33667318670976,141,9.916666666666666
L0424113958_4D35,9.3081961,9.406,9.4060001,0.26234564,1.3335593,10.5,0.97086877,637.5197700255394,868.7937155168376,591.6301445075032,9.284354658103963,49.33667318670976,141,13.666666666666666
L0424113958_4D35,9.3081961,9.406,9.4060001,0.26234564,1.3335593,10.5,0.97086877,637.5197700255394,868.7937155168376,591.6301445075032,9.284354658103963,49.33667318670976,141,12.416666666666666
L0424113958_4D35,9.3081961,9.406,9.4060001,0.26234564,1.3335593,10.5,0.97086877,637.5197700255394,868.7937155168376,591.6301445075032,9.284354658103963,49.33667318670976,141,10.833333333333334
L0424113958_4D35,9.3081961,9.406,9.4060001,0.26234564,1.3335593,10.5,0.97086877,637.5197700255394,868.7937155168376,591.6301445075032,9.284354658103963,49.33667318670976,141,10.0
L0424113958_4D35,9.3081961,9.406,9.4060001,0.26234564,1.3335593,10.5,0.97086877,637.5197700255394,868.7937155168376,591.6301445075032,9.284354658103963,49.33667318670976,141,12.5
L0424113958_4D35,9.3081961,9.406,9.4060001,0.26234564,1.3335593,10.5,0.97086877,637.5197700255394,868.7937155168376,591.6301445075032,9.284354658103963,49.33667318670976,141,11.666666666666666
L0509120300_5752,13.777613,10.931,11.074458,0.0,1.0,9.5,0.3691833,637.5197700255394,868.7937155168376,591.6301445075032,13.742323868112718,73.02613552307561,142,11.583333333333334
L0509120300_5752,13.777613,10.931,11.074458,0.0,1.0,9.5,0.3691833,637.5197700255394,868.7937155168376,591.6301445075032,13.742323868112718,73.02613552307561,142,11.0
L0509120300_5752,13.777613,10.931,11.074458,0.0,1.0,9.5,0.3691833,637.5197700255394,868.7937155168376,591.6301445075032,13.742323868112718,73.02613552307561,142,10.583333333333334
L0509120300_5752,13.777613,10.931,11.074458,0.0,1.0,9.5,0.3691833,637.5197700255394,868.7937155168376,591.6301445075032,13.742323868112718,73.02613552307561,142,10.0
L0509120300_5752,13.777613,10.931,11.074458,0.0,1.0,9.5,0.3691833,637.5197700255394,868.7937155168376,591.6301445075032,13.742323868112718,73.02613552307561,142,9.083333333333334
L0509120300_5752,13.777613,10.931,11.074458,0.0,1.0,9.5,0.3691833,637.5197700255394,868.7937155168376,591.6301445075032,13.742323868112718,73.02613552307561,142,10.416666666666666
L0509120300_5752,13.777613,10.931,11.074458,0.0,1.0,9.5,0.3691833,637.5197700255394,868.7937155168376,591.6301445075032,13.742323868112718,73.02613552307561,142,9.833333333333334
L0509120300_5752,13.777613,10.931,11.074458,0.0,1.0,9.5,0.3691833,637.5197700255394,868.7937155168376,591.6301445075032,13.742323868112718,73.02613552307561,142,10.166666666666666
L0509120300_5752,13.777613,10.931,11.074458,0.0,1.0,9.5,0.3691833,637.5197700255394,868.7937155168376,591.6301445075032,13.742323868112718,73.02613552307561,142,9.083333333333334
L0509120300_5752,13.777613,10.931,11.074458,0.0,1.0,9.5,0.3691833,637.5197700255394,868.7937155168376,591.6301445075032,13.742323868112718,73.02613552307561,142,10.416666666666666
L0508084108_E789,13.819647,25.351,25.377132,0.0,1.0,10.0,0.97086877,637.5197700255394,868.7937155168376,591.6301445075032,13.784250204806327,73.24893032654242,143,10.416666666666666
L0508084108_E789,13.819647,25.351,25.377132,0.0,1.0,10.0,0.97086877,637.5197700255394,868.7937155168376,591.6301445075032,13.784250204806327,73.24893032654242,143,11.0
L0508084108_E789,13.819647,25.351,25.377132,0.0,1.0,10.0,0.97086877,637.5197700255394,868.7937155168376,591.6301445075032,13.784250204806327,73.24893032654242,143,12.5
L0508084108_E789,13.819647,25.351,25.377132,0.0,1.0,10.0,0.97086877,637.5197700255394,868.7937155168376,591.6301445075032,13.784250204806327,73.24893032654242,143,12.833333333333334
L0508084108_E789,13.819647,25.351,25.377132,0.0,1.0,10.0,0.97086877,637.5197700255394,868.7937155168376,591.6301445075032,13.784250204806327,73.24893032654242,143,11.75
L0508084108_E789,13.819647,25.351,25.377132,0.0,1.0,10.0,0.97086877,637.5197700255394,868.7937155168376,591.6301445075032,13.784250204806327,73.24893032654242,143,11.916666666666666
L0508084108_E789,13.819647,25.351,25.377132,0.0,1.0,10.0,0.97086877,637.5197700255394,868.7937155168376,591.6301445075032,13.784250204806327,73.24893032654242,143,10.833333333333334
L0508084108_E789,13.819647,25.351,25.377132,0.0,1.0,10.0,0.97086877,637.5197700255394,868.7937155168376,591.6301445075032,13.784250204806327,73.24893032654242,143,14.0
L0508084108_E789,13.819647,25.351,25.377132,0.0,1.0,10.0,0.97086877,637.5197700255394,868.7937155168376,591.6301445075032,13.784250204806327,73.24893032654242,143,11.5
L0508084108_E789,13.819647,25.351,25.377132,0.0,1.0,10.0,0.97086877,637.5197700255394,868.7937155168376,591.6301445075032,13.784250204806327,73.24893032654242,143,10.583333333333334
L0427082821_EE6B,24.398325,24.536,28.225277,-1.242533,0.75054938,9.833333,0.41304442,637.5197700255394,868.7937155168376,591.6301445075032,24.335832628588943,129.31959897451347,144,10.25
L0427082821_EE6B,24.398325,24.536,28.225277,-1.242533,0.75054938,9.833333,0.41304442,637.5197700255394,868.7937155168376,591.6301445075032,24.335832628588943,129.31959897451347,144,11.0
L0427082821_EE6B,24.398325,24.536,28.225277,-1.242533,0.75054938,9.833333,0.41304442,637.5197700255394,868.7937155168376,591.6301445075032,24.335832628588943,129.31959897451347,144,10.833333333333334
L0427082821_EE6B,24.398325,24.536,28.225277,-1.242533,0.75054938,9.833333,0.41304442,637.5197700255394,868.7937155168376,591.6301445075032,24.335832628588943,129.31959897451347,144,9.666666666666666
L0427082821_EE6B,24.398325,24.536,28.225277,-1.242533,0.75054938,9.833333,0.41304442,637.5197700255394,868.7937155168376,591.6301445075032,24.335832628588943,129.31959897451347,144,11.0
L0427082821_EE6B,24.398325,24.536,28.225277,-1.242533,0.75054938,9.833333,0.41304442,637.5197700255394,868.7937155168376,591.6301445075032,24.335832628588943,129.31959897451347,144,10.333333333333334
L0427082821_EE6B,24.398325,24.536,28.225277,-1.242533,0.75054938,9.833333,0.41304442,637.5197700255394,868.7937155168376,591.6301445075032,24.335832628588943,129.31959897451347,144,10.666666666666666
L0427082821_EE6B,24.398325,24.536,28.225277,-1.242533,0.75054938,9.833333,0.41304442,637.5197700255394,868.7937155168376,591.6301445075032,24.335832628588943,129.31959897451347,144,9.666666666666666
L0427082821_EE6B,24.398325,24.536,28.225277,-1.242533,0.75054938,9.833333,0.41304442,637.5197700255394,868.7937155168376,591.6301445075032,24.335832628588943,129.31959897451347,144,11.583333333333334
L0427082821_EE6B,24.398325,24.536,28.225277,-1.242533,0.75054938,9.833333,0.41304442,637.5197700255394,868.7937155168376,591.6301445075032,24.335832628588943,129.31959897451347,144,10.416666666666666
L0517115530_69B7,10.38042,9.524,9.5240002,-1.1317855,0.4765189,10.5,0.19417374,637.5197700255394,868.7937155168376,591.6301445075032,10.35383222964926,55.019832369108094,145,9.916666666666666
L0517115530_69B7,10.38042,9.524,9.5240002,-1.1317855,0.4765189,10.5,0.19417374,637.5197700255394,868.7937155168376,591.6301445075032,10.35383222964926,55.019832369108094,145,10.583333333333334
L0517115530_69B7,10.38042,9.524,9.5240002,-1.1317855,0.4765189,10.5,0.19417374,637.5197700255394,868.7937155168376,591.6301445075032,10.35383222964926,55.019832369108094,145,10.0
L0517115530_69B7,10.38042,9.524,9.5240002,-1.1317855,0.4765189,10.5,0.19417374,637.5197700255394,868.7937155168376,591.6301445075032,10.35383222964926,55.019832369108094,145,9.583333333333334
L0517115530_69B7,10.38042,9.524,9.5240002,-1.1317855,0.4765189,10.5,0.19417374,637.5197700255394,868.7937155168376,591.6301445075032,10.35383222964926,55.019832369108094,145,9.5
L0517115530_69B7,10.38042,9.524,9.5240002,-1.1317855,0.4765189,10.5,0.19417374,637.5197700255394,868.7937155168376,591.6301445075032,10.35383222964926,55.019832369108094,145,9.916666666666666
L0517115530_69B7,10.38042,9.524,9.5240002,-1.1317855,0.4765189,10.5,0.19417374,637.5197700255394,868.7937155168376,591.6301445075032,10.35383222964926,55.019832369108094,145,9.916666666666666
L0517115530_69B7,10.38042,9.524,9.5240002,-1.1317855,0.4765189,10.5,0.19417374,637.5197700255394,868.7937155168376,591.6301445075032,10.35383222964926,55.019832369108094,145,9.0
L0517115530_69B7,10.38042,9.524,9.5240002,-1.1317855,0.4765189,10.5,0.19417374,637.5197700255394,868.7937155168376,591.6301445075032,10.35383222964926,55.019832369108094,145,10.166666666666666
L0517115530_69B7,10.38042,9.524,9.5240002,-1.1317855,0.4765189,10.5,0.19417374,637.5197700255394,868.7937155168376,591.6301445075032,10.35383222964926,55.019832369108094,145,8.333333333333334
L0511191236_3F96,7.2170606,8.04,8.14009,-0.63340908,0.12728307,10.5,0.8226254,637.5197700255394,868.7937155168376,591.6301445075032,7.198575264161933,38.2529285336908,146,10.5
L0511191236_3F96,7.2170606,8.04,8.14009,-0.63340908,0.12728307,10.5,0.8226254,637.5197700255394,868.7937155168376,591.6301445075032,7.198575264161933,38.2529285336908,146,10.333333333333334
L0511191236_3F96,7.2170606,8.04,8.14009,-0.63340908,0.12728307,10.5,0.8226254,637.5197700255394,868.7937155168376,591.6301445075032,7.198575264161933,38.2529285336908,146,10.5
L0511191236_3F96,7.2170606,8.04,8.14009,-0.63340908,0.12728307,10.5,0.8226254,637.5197700255394,868.7937155168376,591.6301445075032,7.198575264161933,38.2529285336908,146,10.333333333333334
L0511191236_3F96,7.2170606,8.04,8.14009,-0.63340908,0.12728307,10.5,0.8226254,637.5197700255394,868.7937155168376,591.6301445075032,7.198575264161933,38.2529285336908,146,10.75
L0511191236_3F96,7.2170606,8.04,8.14009,-0.63340908,0.12728307,10.5,0.8226254,637.5197700255394,868.7937155168376,591.6301445075032,7.198575264161933,38.2529285336908,146,10.416666666666666
L0511191236_3F96,7.2170606,8.04,8.14009,-0.63340908,0.12728307,10.5,0.8226254,637.5197700255394,868.7937155168376,591.6301445075032,7.198575264161933,38.2529285336908,146,10.416666666666666
L0511191236_3F96,7.2170606,8.04,8.14009,-0.63340908,0.12728307,10.5,0.8226254,637.5197700255394,868.7937155168376,591.6301445075032,7.198575264161933,38.2529285336908,146,10.416666666666666
L0511191236_3F96,7.2170606,8.04,8.14009,-0.63340908,0.12728307,10.5,0.8226254,637.5197700255394,868.7937155168376,591.6301445075032,7.198575264161933,38.2529285336908,146,10.583333333333334
L0511191236_3F96,7.2170606,8.04,8.14009,-0.63340908,0.12728307,10.5,0.8226254,637.5197700255394,868.7937155168376,591.6301445075032,7.198575264161933,38.2529285336908,146,10.5
L0221181047,11.772655,12.045,12.045,0.59233338,0.24429575,10.5,1.3592167,637.5197700255394,868.7937155168376,591.6301445075032,11.742501244414147,62.39916155987352,147,12.333333333333334
L0221181047,11.772655,12.045,12.045,0.59233338,0.24429575,10.5,1.3592167,637.5197700255394,868.7937155168376,591.6301445075032,11.742501244414147,62.39916155987352,147,11.666666666666666
L0221181047,11.772655,12.045,12.045,0.59233338,0.24429575,10.5,1.3592167,637.5197700255394,868.7937155168376,591.6301445075032,11.742501244414147,62.39916155987352,147,12.333333333333334
L0221181047,11.772655,12.045,12.045,0.59233338,0.24429575,10.5,1.3592167,637.5197700255394,868.7937155168376,591.6301445075032,11.742501244414147,62.39916155987352,147,11.833333333333334
L0221181047,11.772655,12.045,12.045,0.59233338,0.24429575,10.5,1.3592167,637.5197700255394,868.7937155168376,591.6301445075032,11.742501244414147,62.39916155987352,147,12.25
L0221181047,11.772655,12.045,12.045,0.59233338,0.24429575,10.5,1.3592167,637.5197700255394,868.7937155168376,591.6301445075032,11.742501244414147,62.39916155987352,147,11.916666666666666
L0221181047,11.772655,12.045,12.045,0.59233338,0.24429575,10.5,1.3592167,637.5197700255394,868.7937155168376,591.6301445075032,11.742501244414147,62.39916155987352,147,12.083333333333334
L0221181047,11.772655,12.045,12.045,0.59233338,0.24429575,10.5,1.3592167,637.5197700255394,868.7937155168376,591.6301445075032,11.742501244414147,62.39916155987352,147,12.083333333333334
L0221181047,11.772655,12.045,12.045,0.59233338,0.24429575,10.5,1.3592167,637.5197700255394,868.7937155168376,591.6301445075032,11.742501244414147,62.39916155987352,147,12.083333333333334
L0221181047,11.772655,12.045,12.045,0.59233338,0.24429575,10.5,1.3592167,637.5197700255394,868.7937155168376,591.6301445075032,11.742501244414147,62.39916155987352,147,12.25
L0506122828_C357,10.828839,10.401,10.401389,0.94363618,0.69844198,10.5,0.93272221,637.5197700255394,868.7937155168376,591.6301445075032,10.80110267675902,57.39660885899224,148,11.75
L0506122828_C357,10.828839,10.401,10.401389,0.94363618,0.69844198,10.5,0.93272221,637.5197700255394,868.7937155168376,591.6301445075032,10.80110267675902,57.39660885899224,148,12.166666666666666
L0506122828_C357,10.828839,10.401,10.401389,0.94363618,0.69844198,10.5,0.93272221,637.5197700255394,868.7937155168376,591.6301445075032,10.80110267675902,57.39660885899224,148,11.666666666666666
L0506122828_C357,10.828839,10.401,10.401389,0.94363618,0.69844198,10.5,0.93272221,637.5197700255394,868.7937155168376,591.6301445075032,10.80110267675902,57.39660885899224,148,12.5
L0506122828_C357,10.828839,10.401,10.401389,0.94363618,0.69844198,10.5,0.93272221,637.5197700255394,868.7937155168376,591.6301445075032,10.80110267675902,57.39660885899224,148,12.416666666666666
L0506122828_C357,10.828839,10.401,10.401389,0.94363618,0.69844198,10.5,0.93272221,637.5197700255394,868.7937155168376,591.6301445075032,10.80110267675902,57.39660885899224,148,12.583333333333334
L0506122828_C357,10.828839,10.401,10.401389,0.94363618,0.69844198,10.5,0.93272221,637.5197700255394,868.7937155168376,591.6301445075032,10.80110267675902,57.39660885899224,148,13.666666666666666
L0506122828_C357,10.828839,10.401,10.401389,0.94363618,0.69844198,10.5,0.93272221,637.5197700255394,868.7937155168376,591.6301445075032,10.80110267675902,57.39660885899224,148,11.333333333333334
L0506122828_C357,10.828839,10.401,10.401389,0.94363618,0.69844198,10.5,0.93272221,637.5197700255394,868.7937155168376,591.6301445075032,10.80110267675902,57.39660885899224,148,11.833333333333334
L0506122828_C357,10.828839,10.401,10.401389,0.94363618,0.69844198,10.5,0.93272221,637.5197700255394,868.7937155168376,591.6301445075032,10.80110267675902,57.39660885899224,148,11.25
L0407152413,7.2300196,8.115,8.1149998,-2.0302777,0.62814653,10.5,0.75512034,637.5197700255394,868.7937155168376,591.6301445075032,7.211501071775116,38.32161573591107,149,9.5
L0407152413,7.2300196,8.115,8.1149998,-2.0302777,0.62814653,10.5,0.75512034,637.5197700255394,868.7937155168376,591.6301445075032,7.211501071775116,38.32161573591107,149,8.916666666666666
L0407152413,7.2300196,8.115,8.1149998,-2.0302777,0.62814653,10.5,0.75512034,637.5197700255394,868.7937155168376,591.6301445075032,7.211501071775116,38.32161573591107,149,9.333333333333334
L0407152413,7.2300196,8.115,8.1149998,-2.0302777,0.62814653,10.5,0.75512034,637.5197700255394,868.7937155168376,591.6301445075032,7.211501071775116,38.32161573591107,149,9.666666666666666
L0407152413,7.2300196,8.115,8.1149998,-2.0302777,0.62814653,10.5,0.75512034,637.5197700255394,868.7937155168376,591.6301445075032,7.211501071775116,38.32161573591107,149,8.833333333333334
L0407152413,7.2300196,8.115,8.1149998,-2.0302777,0.62814653,10.5,0.75512034,637.5197700255394,868.7937155168376,591.6301445075032,7.211501071775116,38.32161573591107,149,7.416666666666667
L0407152413,7.2300196,8.115,8.1149998,-2.0302777,0.62814653,10.5,0.75512034,637.5197700255394,868.7937155168376,591.6301445075032,7.211501071775116,38.32161573591107,149,9.916666666666666
L0407152413,7.2300196,8.115,8.1149998,-2.0302777,0.62814653,10.5,0.75512034,637.5197700255394,868.7937155168376,591.6301445075032,7.211501071775116,38.32161573591107,149,9.25
L0407152413,7.2300196,8.115,8.1149998,-2.0302777,0.62814653,10.5,0.75512034,637.5197700255394,868.7937155168376,591.6301445075032,7.211501071775116,38.32161573591107,149,8.916666666666666
L0407152413,7.2300196,8.115,8.1149998,-2.0302777,0.62814653,10.5,0.75512034,637.5197700255394,868.7937155168376,591.6301445075032,7.211501071775116,38.32161573591107,149,9.166666666666666
L0524095701_65FC,3.7454412,3.608,3.608,-1.643598,0.6295011,10.0,1.3592167,637.5197700255394,868.7937155168376,591.6301445075032,3.7358478569090847,19.852139602477653,150,8.666666666666666
L0524095701_65FC,3.7454412,3.608,3.608,-1.643598,0.6295011,10.0,1.3592167,637.5197700255394,868.7937155168376,591.6301445075032,3.7358478569090847,19.852139602477653,150,8.583333333333334
L0524095701_65FC,3.7454412,3.608,3.608,-1.643598,0.6295011,10.0,1.3592167,637.5197700255394,868.7937155168376,591.6301445075032,3.7358478569090847,19.852139602477653,150,8.333333333333334
L0524095701_65FC,3.7454412,3.608,3.608,-1.643598,0.6295011,10.0,1.3592167,637.5197700255394,868.7937155168376,591.6301445075032,3.7358478569090847,19.852139602477653,150,9.083333333333334
L0524095701_65FC,3.7454412,3.608,3.608,-1.643598,0.6295011,10.0,1.3592167,637.5197700255394,868.7937155168376,591.6301445075032,3.7358478569090847,19.852139602477653,150,9.25
L0524095701_65FC,3.7454412,3.608,3.608,-1.643598,0.6295011,10.0,1.3592167,637.5197700255394,868.7937155168376,591.6301445075032,3.7358478569090847,19.852139602477653,150,8.916666666666666
L0524095701_65FC,3.7454412,3.608,3.608,-1.643598,0.6295011,10.0,1.3592167,637.5197700255394,868.7937155168376,591.6301445075032,3.7358478569090847,19.852139602477653,150,8.166666666666666
L0524095701_65FC,3.7454412,3.608,3.608,-1.643598,0.6295011,10.0,1.3592167,637.5197700255394,868.7937155168376,591.6301445075032,3.7358478569090847,19.852139602477653,150,8.916666666666666
L0524095701_65FC,3.7454412,3.608,3.608,-1.643598,0.6295011,10.0,1.3592167,637.5197700255394,868.7937155168376,591.6301445075032,3.7358478569090847,19.852139602477653,150,7.416666666666667
L0524095701_65FC,3.7454412,3.608,3.608,-1.643598,0.6295011,10.0,1.3592167,637.5197700255394,868.7937155168376,591.6301445075032,3.7358478569090847,19.852139602477653,150,9.583333333333334
L0418153154,11.235963,14.692,14.448,-1.0483892,0.075166374,9.666667,0.75512034,637.5197700255394,868.7937155168376,591.6301445075032,11.207183894345949,59.55450750215318,151,9.333333333333334
L0418153154,11.235963,14.692,14.448,-1.0483892,0.075166374,9.666667,0.75512034,637.5197700255394,868.7937155168376,591.6301445075032,11.207183894345949,59.55450750215318,151,9.25
L0418153154,11.235963,14.692,14.448,-1.0483892,0.075166374,9.666667,0.75512034,637.5197700255394,868.7937155168376,591.6301445075032,11.207183894345949,59.55450750215318,151,9.25
L0418153154,11.235963,14.692,14.448,-1.0483892,0.075166374,9.666667,0.75512034,637.5197700255394,868.7937155168376,591.6301445075032,11.207183894345949,59.55450750215318,151,9.25
L0418153154,11.235963,14.692,14.448,-1.0483892,0.075166374,9.666667,0.75512034,637.5197700255394,868.7937155168376,591.6301445075032,11.207183894345949,59.55450750215318,151,9.166666666666666
L0418153154,11.235963,14.692,14.448,-1.0483892,0.075166374,9.666667,0.75512034,637.5197700255394,868.7937155168376,591.6301445075032,11.207183894345949,59.55450750215318,151,9.333333333333334
L0418153154,11.235963,14.692,14.448,-1.0483892,0.075166374,9.666667,0.75512034,637.5197700255394,868.7937155168376,591.6301445075032,11.207183894345949,59.55450750215318,151,9.416666666666666
L0418153154,11.235963,14.692,14.448,-1.0483892,0.075166374,9.666667,0.75512034,637.5197700255394,868.7937155168376,591.6301445075032,11.207183894345949,59.55450750215318,151,9.333333333333334
L0418153154,11.235963,14.692,14.448,-1.0483892,0.075166374,9.666667,0.75512034,637.5197700255394,868.7937155168376,591.6301445075032,11.207183894345949,59.55450750215318,151,9.25
L0418153154,11.235963,14.692,14.448,-1.0483892,0.075166374,9.666667,0.75512034,637.5197700255394,868.7937155168376,591.6301445075032,11.207183894345949,59.55450750215318,151,9.333333333333334
L0313170828,2.0496953,2.591,2.5910001,-1.6508889,0.07242953,9.5,0.97086877,637.5197700255394,868.7937155168376,591.6301445075032,2.044445336325564,10.864097195850336,152,8.0
L0313170828,2.0496953,2.591,2.5910001,-1.6508889,0.07242953,9.5,0.97086877,637.5197700255394,868.7937155168376,591.6301445075032,2.044445336325564,10.864097195850336,152,7.916666666666667
L0313170828,2.0496953,2.591,2.5910001,-1.6508889,0.07242953,9.5,0.97086877,637.5197700255394,868.7937155168376,591.6301445075032,2.044445336325564,10.864097195850336,152,7.916666666666667
L0313170828,2.0496953,2.591,2.5910001,-1.6508889,0.07242953,9.5,0.97086877,637.5197700255394,868.7937155168376,591.6301445075032,2.044445336325564,10.864097195850336,152,8.0
L0313170828,2.0496953,2.591,2.5910001,-1.6508889,0.07242953,9.5,0.97086877,637.5197700255394,868.7937155168376,591.6301445075032,2.044445336325564,10.864097195850336,152,7.916666666666667
L0313170828,2.0496953,2.591,2.5910001,-1.6508889,0.07242953,9.5,0.97086877,637.5197700255394,868.7937155168376,591.6301445075032,2.044445336325564,10.864097195850336,152,8.0
L0313170828,2.0496953,2.591,2.5910001,-1.6508889,0.07242953,9.5,0.97086877,637.5197700255394,868.7937155168376,591.6301445075032,2.044445336325564,10.864097195850336,152,7.916666666666667
L0313170828,2.0496953,2.591,2.5910001,-1.6508889,0.07242953,9.5,0.97086877,637.5197700255394,868.7937155168376,591.6301445075032,2.044445336325564,10.864097195850336,152,7.916666666666667
L0313170828,2.0496953,2.591,2.5910001,-1.6508889,0.07242953,9.5,0.97086877,637.5197700255394,868.7937155168376,591.6301445075032,2.044445336325564,10.864097195850336,152,8.166666666666666
L0313170828,2.0496953,2.591,2.5910001,-1.6508889,0.07242953,9.5,0.97086877,637.5197700255394,868.7937155168376,591.6301445075032,2.044445336325564,10.864097195850336,152,8.083333333333334
L0314192920,4.3230166,5.016,5.0159998,0.37359127,0.47761753,9.5,0.75512034,637.5197700255394,868.7937155168376,591.6301445075032,4.3119438907470755,22.913489883922963,153,11.0
L0314192920,4.3230166,5.016,5.0159998,0.37359127,0.47761753,9.5,0.75512034,637.5197700255394,868.7937155168376,591.6301445075032,4.3119438907470755,22.913489883922963,153,10.666666666666666
L0314192920,4.3230166,5.016,5.0159998,0.37359127,0.47761753,9.5,0.75512034,637.5197700255394,868.7937155168376,591.6301445075032,4.3119438907470755,22.913489883922963,153,10.5
L0314192920,4.3230166,5.016,5.0159998,0.37359127,0.47761753,9.5,0.75512034,637.5197700255394,868.7937155168376,591.6301445075032,4.3119438907470755,22.913489883922963,153,10.583333333333334
L0314192920,4.3230166,5.016,5.0159998,0.37359127,0.47761753,9.5,0.75512034,637.5197700255394,868.7937155168376,591.6301445075032,4.3119438907470755,22.913489883922963,153,10.75
L0314192920,4.3230166,5.016,5.0159998,0.37359127,0.47761753,9.5,0.75512034,637.5197700255394,868.7937155168376,591.6301445075032,4.3119438907470755,22.913489883922963,153,10.666666666666666
L0314192920,4.3230166,5.016,5.0159998,0.37359127,0.47761753,9.5,0.75512034,637.5197700255394,868.7937155168376,591.6301445075032,4.3119438907470755,22.913489883922963,153,10.75
L0314192920,4.3230166,5.016,5.0159998,0.37359127,0.47761753,9.5,0.75512034,637.5197700255394,868.7937155168376,591.6301445075032,4.3119438907470755,22.913489883922963,153,9.5
L0314192920,4.3230166,5.016,5.0159998,0.37359127,0.47761753,9.5,0.75512034,637.5197700255394,868.7937155168376,591.6301445075032,4.3119438907470755,22.913489883922963,153,9.833333333333334
L0314192920,4.3230166,5.016,5.0159998,0.37359127,0.47761753,9.5,0.75512034,637.5197700255394,868.7937155168376,591.6301445075032,4.3119438907470755,22.913489883922963,153,10.333333333333334
L0525201113_15C5,20.169359,17.539,19.685833,-0.98651749,0.45229712,10.166667,0.48543462,637.5197700255394,868.7937155168376,591.6301445075032,20.117698442410457,106.90460994568251,154,9.25
L0525201113_15C5,20.169359,17.539,19.685833,-0.98651749,0.45229712,10.166667,0.48543462,637.5197700255394,868.7937155168376,591.6301445075032,20.117698442410457,106.90460994568251,154,10.916666666666666
L0525201113_15C5,20.169359,17.539,19.685833,-0.98651749,0.45229712,10.166667,0.48543462,637.5197700255394,868.7937155168376,591.6301445075032,20.117698442410457,106.90460994568251,154,10.75
L0525201113_15C5,20.169359,17.539,19.685833,-0.98651749,0.45229712,10.166667,0.48543462,637.5197700255394,868.7937155168376,591.6301445075032,20.117698442410457,106.90460994568251,154,10.0
L0525201113_15C5,20.169359,17.539,19.685833,-0.98651749,0.45229712,10.166667,0.48543462,637.5197700255394,868.7937155168376,591.6301445075032,20.117698442410457,106.90460994568251,154,10.25
L0525201113_15C5,20.169359,17.539,19.685833,-0.98651749,0.45229712,10.166667,0.48543462,637.5197700255394,868.7937155168376,591.6301445075032,20.117698442410457,106.90460994568251,154,10.25
L0525201113_15C5,20.169359,17.539,19.685833,-0.98651749,0.45229712,10.166667,0.48543462,637.5197700255394,868.7937155168376,591.6301445075032,20.117698442410457,106.90460994568251,154,10.916666666666666
L0525201113_15C5,20.169359,17.539,19.685833,-0.98651749,0.45229712,10.166667,0.48543462,637.5197700255394,868.7937155168376,591.6301445075032,20.117698442410457,106.90460994568251,154,10.333333333333334
L0525201113_15C5,20.169359,17.539,19.685833,-0.98651749,0.45229712,10.166667,0.48543462,637.5197700255394,868.7937155168376,591.6301445075032,20.117698442410457,106.90460994568251,154,10.916666666666666
L0525201113_15C5,20.169359,17.539,19.685833,-0.98651749,0.45229712,10.166667,0.48543462,637.5197700255394,868.7937155168376,591.6301445075032,20.117698442410457,106.90460994568251,154,10.166666666666666
L0411153041,9.5679007,10.981,10.981,0.0,1.0,10.5,0.27184331,637.5197700255394,868.7937155168376,591.6301445075032,9.543394066689372,50.71319779337174,155,11.333333333333334
L0411153041,9.5679007,10.981,10.981,0.0,1.0,10.5,0.27184331,637.5197700255394,868.7937155168376,591.6301445075032,9.543394066689372,50.71319779337174,155,11.75
L0411153041,9.5679007,10.981,10.981,0.0,1.0,10.5,0.27184331,637.5197700255394,868.7937155168376,591.6301445075032,9.543394066689372,50.71319779337174,155,10.5
L0411153041,9.5679007,10.981,10.981,0.0,1.0,10.5,0.27184331,637.5197700255394,868.7937155168376,591.6301445075032,9.543394066689372,50.71319779337174,155,12.166666666666666
L0411153041,9.5679007,10.981,10.981,0.0,1.0,10.5,0.27184331,637.5197700255394,868.7937155168376,591.6301445075032,9.543394066689372,50.71319779337174,155,12.333333333333334
L0411153041,9.5679007,10.981,10.981,0.0,1.0,10.5,0.27184331,637.5197700255394,868.7937155168376,591.6301445075032,9.543394066689372,50.71319779337174,155,10.0
L0411153041,9.5679007,10.981,10.981,0.0,1.0,10.5,0.27184331,637.5197700255394,868.7937155168376,591.6301445075032,9.543394066689372,50.71319779337174,155,12.333333333333334
L0411153041,9.5679007,10.981,10.981,0.0,1.0,10.5,0.27184331,637.5197700255394,868.7937155168376,591.6301445075032,9.543394066689372,50.71319779337174,155,11.666666666666666
L0411153041,9.5679007,10.981,10.981,0.0,1.0,10.5,0.27184331,637.5197700255394,868.7937155168376,591.6301445075032,9.543394066689372,50.71319779337174,155,13.0
L0411153041,9.5679007,10.981,10.981,0.0,1.0,10.5,0.27184331,637.5197700255394,868.7937155168376,591.6301445075032,9.543394066689372,50.71319779337174,155,12.5
L0511145829_E8A0,7.4819708,8.338,8.3971109,0.43563476,0.88489974,10.5,0.61782604,637.5197700255394,868.7937155168376,591.6301445075032,7.462806939443168,39.65704462888415,156,10.416666666666666
L0511145829_E8A0,7.4819708,8.338,8.3971109,0.43563476,0.88489974,10.5,0.61782604,637.5197700255394,868.7937155168376,591.6301445075032,7.462806939443168,39.65704462888415,156,10.583333333333334
L0511145829_E8A0,7.4819708,8.338,8.3971109,0.43563476,0.88489974,10.5,0.61782604,637.5197700255394,868.7937155168376,591.6301445075032,7.462806939443168,39.65704462888415,156,11.25
L0511145829_E8A0,7.4819708,8.338,8.3971109,0.43563476,0.88489974,10.5,0.61782604,637.5197700255394,868.7937155168376,591.6301445075032,7.462806939443168,39.65704462888415,156,11.333333333333334
L0511145829_E8A0,7.4819708,8.338,8.3971109,0.43563476,0.88489974,10.5,0.61782604,637.5197700255394,868.7937155168376,591.6301445075032,7.462806939443168,39.65704462888415,156,11.833333333333334
L0511145829_E8A0,7.4819708,8.338,8.3971109,0.43563476,0.88489974,10.5,0.61782604,637.5197700255394,868.7937155168376,591.6301445075032,7.462806939443168,39.65704462888415,156,9.916666666666666
L0511145829_E8A0,7.4819708,8.338,8.3971109,0.43563476,0.88489974,10.5,0.61782604,637.5197700255394,868.7937155168376,591.6301445075032,7.462806939443168,39.65704462888415,156,12.083333333333334
L0511145829_E8A0,7.4819708,8.338,8.3971109,0.43563476,0.88489974,10.5,0.61782604,637.5197700255394,868.7937155168376,591.6301445075032,7.462806939443168,39.65704462888415,156,12.416666666666666
L0511145829_E8A0,7.4819708,8.338,8.3971109,0.43563476,0.88489974,10.5,0.61782604,637.5197700255394,868.7937155168376,591.6301445075032,7.462806939443168,39.65704462888415,156,12.333333333333334
L0511145829_E8A0,7.4819708,8.338,8.3971109,0.43563476,0.88489974,10.5,0.61782604,637.5197700255394,868.7937155168376,591.6301445075032,7.462806939443168,39.65704462888415,156,11.166666666666666
L0419164811,22.338934,23.682,24.920334,0.0,1.0,10.5,0.75512034,637.5197700255394,868.7937155168376,591.6301445075032,22.28171642623397,118.40411120017968,157,11.0
L0419164811,22.338934,23.682,24.920334,0.0,1.0,10.5,0.75512034,637.5197700255394,868.7937155168376,591.6301445075032,22.28171642623397,118.40411120017968,157,11.333333333333334
L0419164811,22.338934,23.682,24.920334,0.0,1.0,10.5,0.75512034,637.5197700255394,868.7937155168376,591.6301445075032,22.28171642623397,118.40411120017968,157,11.583333333333334
L0419164811,22.338934,23.682,24.920334,0.0,1.0,10.5,0.75512034,637.5197700255394,868.7937155168376,591.6301445075032,22.28171642623397,118.40411120017968,157,12.166666666666666
L0419164811,22.338934,23.682,24.920334,0.0,1.0,10.5,0.75512034,637.5197700255394,868.7937155168376,591.6301445075032,22.28171642623397,118.40411120017968,157,11.0
L0419164811,22.338934,23.682,24.920334,0.0,1.0,10.5,0.75512034,637.5197700255394,868.7937155168376,591.6301445075032,22.28171642623397,118.40411120017968,157,13.083333333333334
L0419164811,22.338934,23.682,24.920334,0.0,1.0,10.5,0.75512034,637.5197700255394,868.7937155168376,591.6301445075032,22.28171642623397,118.40411120017968,157,13.0
L0419164811,22.338934,23.682,24.920334,0.0,1.0,10.5,0.75512034,637.5197700255394,868.7937155168376,591.6301445075032,22.28171642623397,118.40411120017968,157,11.416666666666666
L0419164811,22.338934,23.682,24.920334,0.0,1.0,10.5,0.75512034,637.5197700255394,868.7937155168376,591.6301445075032,22.28171642623397,118.40411120017968,157,12.416666666666666
L0419164811,22.338934,23.682,24.920334,0.0,1.0,10.5,0.75512034,637.5197700255394,868.7937155168376,591.6301445075032,22.28171642623397,118.40411120017968,157,11.166666666666666
L0522102108_E5FC,12.678038,12.132,12.152687,0.97341681,0.29480347,9.833333,0.370024,637.5197700255394,868.7937155168376,591.6301445075032,12.645565251995395,67.19800600834864,158,11.833333333333334
L0522102108_E5FC,12.678038,12.132,12.152687,0.97341681,0.29480347,9.833333,0.370024,637.5197700255394,868.7937155168376,591.6301445075032,12.645565251995395,67.19800600834864,158,11.916666666666666
L0522102108_E5FC,12.678038,12.132,12.152687,0.97341681,0.29480347,9.833333,0.370024,637.5197700255394,868.7937155168376,591.6301445075032,12.645565251995395,67.19800600834864,158,11.833333333333334
L0522102108_E5FC,12.678038,12.132,12.152687,0.97341681,0.29480347,9.833333,0.370024,637.5197700255394,868.7937155168376,591.6301445075032,12.645565251995395,67.19800600834864,158,11.75
L0522102108_E5FC,12.678038,12.132,12.152687,0.97341681,0.29480347,9.833333,0.370024,637.5197700255394,868.7937155168376,591.6301445075032,12.645565251995395,67.19800600834864,158,11.583333333333334
L0522102108_E5FC,12.678038,12.132,12.152687,0.97341681,0.29480347,9.833333,0.370024,637.5197700255394,868.7937155168376,591.6301445075032,12.645565251995395,67.19800600834864,158,11.5
L0522102108_E5FC,12.678038,12.132,12.152687,0.97341681,0.29480347,9.833333,0.370024,637.5197700255394,868.7937155168376,591.6301445075032,12.645565251995395,67.19800600834864,158,11.5
L0522102108_E5FC,12.678038,12.132,12.152687,0.97341681,0.29480347,9.833333,0.370024,637.5197700255394,868.7937155168376,591.6301445075032,12.645565251995395,67.19800600834864,158,11.916666666666666
L0522102108_E5FC,12.678038,12.132,12.152687,0.97341681,0.29480347,9.833333,0.370024,637.5197700255394,868.7937155168376,591.6301445075032,12.645565251995395,67.19800600834864,158,11.833333333333334
L0522102108_E5FC,12.678038,12.132,12.152687,0.97341681,0.29480347,9.833333,0.370024,637.5197700255394,868.7937155168376,591.6301445075032,12.645565251995395,67.19800600834864,158,11.25
L0311120432,28.674932,27.839,27.839001,1.1501389,0.28391895,10.5,0.19417374,637.5197700255394,868.7937155168376,591.6301445075032,28.601485790035557,151.98710185479715,159,13.25
L0311120432,28.674932,27.839,27.839001,1.1501389,0.28391895,10.5,0.19417374,637.5197700255394,868.7937155168376,591.6301445075032,28.601485790035557,151.98710185479715,159,13.0
L0311120432,28.674932,27.839,27.839001,1.1501389,0.28391895,10.5,0.19417374,637.5197700255394,868.7937155168376,591.6301445075032,28.601485790035557,151.98710185479715,159,13.0
L0311120432,28.674932,27.839,27.839001,1.1501389,0.28391895,10.5,0.19417374,637.5197700255394,868.7937155168376,591.6301445075032,28.601485790035557,151.98710185479715,159,13.25
L0311120432,28.674932,27.839,27.839001,1.1501389,0.28391895,10.5,0.19417374,637.5197700255394,868.7937155168376,591.6301445075032,28.601485790035557,151.98710185479715,159,13.0
L0311120432,28.674932,27.839,27.839001,1.1501389,0.28391895,10.5,0.19417374,637.5197700255394,868.7937155168376,591.6301445075032,28.601485790035557,151.98710185479715,159,13.166666666666666
L0311120432,28.674932,27.839,27.839001,1.1501389,0.28391895,10.5,0.19417374,637.5197700255394,868.7937155168376,591.6301445075032,28.601485790035557,151.98710185479715,159,12.666666666666666
L0311120432,28.674932,27.839,27.839001,1.1501389,0.28391895,10.5,0.19417374,637.5197700255394,868.7937155168376,591.6301445075032,28.601485790035557,151.98710185479715,159,13.166666666666666
L0311120432,28.674932,27.839,27.839001,1.1501389,0.28391895,10.5,0.19417374,637.5197700255394,868.7937155168376,591.6301445075032,28.601485790035557,151.98710185479715,159,13.166666666666666
L0311120432,28.674932,27.839,27.839001,1.1501389,0.28391895,10.5,0.19417374,637.5197700255394,868.7937155168376,591.6301445075032,28.601485790035557,151.98710185479715,159,13.416666666666666
L0420124613,23.281601,23.897,23.881687,0.67631936,0.20792013,10.0,1.3592167,637.5197700255394,868.7937155168376,591.6301445075032,23.221968936867142,123.40057380187501,160,12.0
L0420124613,23.281601,23.897,23.881687,0.67631936,0.20792013,10.0,1.3592167,637.5197700255394,868.7937155168376,591.6301445075032,23.221968936867142,123.40057380187501,160,11.833333333333334
L0420124613,23.281601,23.897,23.881687,0.67631936,0.20792013,10.0,1.3592167,637.5197700255394,868.7937155168376,591.6301445075032,23.221968936867142,123.40057380187501,160,11.583333333333334
L0420124613,23.281601,23.897,23.881687,0.67631936,0.20792013,10.0,1.3592167,637.5197700255394,868.7937155168376,591.6301445075032,23.221968936867142,123.40057380187501,160,11.666666666666666
L0420124613,23.281601,23.897,23.881687,0.67631936,0.20792013,10.0,1.3592167,637.5197700255394,868.7937155168376,591.6301445075032,23.221968936867142,123.40057380187501,160,11.75
L0420124613,23.281601,23.897,23.881687,0.67631936,0.20792013,10.0,1.3592167,637.5197700255394,868.7937155168376,591.6301445075032,23.221968936867142,123.40057380187501,160,11.916666666666666
L0420124613,23.281601,23.897,23.881687,0.67631936,0.20792013,10.0,1.3592167,637.5197700255394,868.7937155168376,591.6301445075032,23.221968936867142,123.40057380187501,160,11.666666666666666
L0420124613,23.281601,23.897,23.881687,0.67631936,0.20792013,10.0,1.3592167,637.5197700255394,868.7937155168376,591.6301445075032,23.221968936867142,123.40057380187501,160,11.916666666666666
L0420124613,23.281601,23.897,23.881687,0.67631936,0.20792013,10.0,1.3592167,637.5197700255394,868.7937155168376,591.6301445075032,23.221968936867142,123.40057380187501,160,12.0
L0420124613,23.281601,23.897,23.881687,0.67631936,0.20792013,10.0,1.3592167,637.5197700255394,868.7937155168376,591.6301445075032,23.221968936867142,123.40057380187501,160,11.75
L0418153154,11.235963,14.692,14.448,-1.0483892,0.075166374,9.666667,0.75512034,637.5197700255394,868.7937155168376,591.6301445075032,11.207183894345949,59.55450750215318,161,9.333333333333334
L0418153154,11.235963,14.692,14.448,-1.0483892,0.075166374,9.666667,0.75512034,637.5197700255394,868.7937155168376,591.6301445075032,11.207183894345949,59.55450750215318,161,9.416666666666666
L0418153154,11.235963,14.692,14.448,-1.0483892,0.075166374,9.666667,0.75512034,637.5197700255394,868.7937155168376,591.6301445075032,11.207183894345949,59.55450750215318,161,9.25
L0418153154,11.235963,14.692,14.448,-1.0483892,0.075166374,9.666667,0.75512034,637.5197700255394,868.7937155168376,591.6301445075032,11.207183894345949,59.55450750215318,161,9.166666666666666
L0418153154,11.235963,14.692,14.448,-1.0483892,0.075166374,9.666667,0.75512034,637.5197700255394,868.7937155168376,591.6301445075032,11.207183894345949,59.55450750215318,161,9.333333333333334
L0418153154,11.235963,14.692,14.448,-1.0483892,0.075166374,9.666667,0.75512034,637.5197700255394,868.7937155168376,591.6301445075032,11.207183894345949,59.55450750215318,161,9.333333333333334
L0418153154,11.235963,14.692,14.448,-1.0483892,0.075166374,9.666667,0.75512034,637.5197700255394,868.7937155168376,591.6301445075032,11.207183894345949,59.55450750215318,161,9.333333333333334
L0418153154,11.235963,14.692,14.448,-1.0483892,0.075166374,9.666667,0.75512034,637.5197700255394,868.7937155168376,591.6301445075032,11.207183894345949,59.55450750215318,161,9.416666666666666
L0418153154,11.235963,14.692,14.448,-1.0483892,0.075166374,9.666667,0.75512034,637.5197700255394,868.7937155168376,591.6301445075032,11.207183894345949,59.55450750215318,161,9.333333333333334
L0418153154,11.235963,14.692,14.448,-1.0483892,0.075166374,9.666667,0.75512034,637.5197700255394,868.7937155168376,591.6301445075032,11.207183894345949,59.55450750215318,161,9.333333333333334
L0427185609_0793,8.0948505,5.888,5.8835902,-1.0827501,0.53956592,10.5,0.27184331,637.5197700255394,868.7937155168376,591.6301445075032,8.074116847015093,42.90551996576158,162,9.166666666666666
L0427185609_0793,8.0948505,5.888,5.8835902,-1.0827501,0.53956592,10.5,0.27184331,637.5197700255394,868.7937155168376,591.6301445075032,8.074116847015093,42.90551996576158,162,10.083333333333334
L0427185609_0793,8.0948505,5.888,5.8835902,-1.0827501,0.53956592,10.5,0.27184331,637.5197700255394,868.7937155168376,591.6301445075032,8.074116847015093,42.90551996576158,162,9.25
L0427185609_0793,8.0948505,5.888,5.8835902,-1.0827501,0.53956592,10.5,0.27184331,637.5197700255394,868.7937155168376,591.6301445075032,8.074116847015093,42.90551996576158,162,9.333333333333334
L0427185609_0793,8.0948505,5.888,5.8835902,-1.0827501,0.53956592,10.5,0.27184331,637.5197700255394,868.7937155168376,591.6301445075032,8.074116847015093,42.90551996576158,162,10.666666666666666
L0427185609_0793,8.0948505,5.888,5.8835902,-1.0827501,0.53956592,10.5,0.27184331,637.5197700255394,868.7937155168376,591.6301445075032,8.074116847015093,42.90551996576158,162,9.75
L0427185609_0793,8.0948505,5.888,5.8835902,-1.0827501,0.53956592,10.5,0.27184331,637.5197700255394,868.7937155168376,591.6301445075032,8.074116847015093,42.90551996576158,162,11.0
L0427185609_0793,8.0948505,5.888,5.8835902,-1.0827501,0.53956592,10.5,0.27184331,637.5197700255394,868.7937155168376,591.6301445075032,8.074116847015093,42.90551996576158,162,9.583333333333334
L0427185609_0793,8.0948505,5.888,5.8835902,-1.0827501,0.53956592,10.5,0.27184331,637.5197700255394,868.7937155168376,591.6301445075032,8.074116847015093,42.90551996576158,162,9.583333333333334
L0427185609_0793,8.0948505,5.888,5.8835902,-1.0827501,0.53956592,10.5,0.27184331,637.5197700255394,868.7937155168376,591.6301445075032,8.074116847015093,42.90551996576158,162,10.25
L0224080525,23.39341,24.806,24.797972,-0.53226835,0.85791612,10.0,0.37756038,637.5197700255394,868.7937155168376,591.6301445075032,23.333491556160467,123.99320034659647,163,10.75
L0224080525,23.39341,24.806,24.797972,-0.53226835,0.85791612,10.0,0.37756038,637.5197700255394,868.7937155168376,591.6301445075032,23.333491556160467,123.99320034659647,163,11.666666666666666
L0224080525,23.39341,24.806,24.797972,-0.53226835,0.85791612,10.0,0.37756038,637.5197700255394,868.7937155168376,591.6301445075032,23.333491556160467,123.99320034659647,163,10.75
L0224080525,23.39341,24.806,24.797972,-0.53226835,0.85791612,10.0,0.37756038,637.5197700255394,868.7937155168376,591.6301445075032,23.333491556160467,123.99320034659647,163,10.583333333333334
L0224080525,23.39341,24.806,24.797972,-0.53226835,0.85791612,10.0,0.37756038,637.5197700255394,868.7937155168376,591.6301445075032,23.333491556160467,123.99320034659647,163,11.75
L0224080525,23.39341,24.806,24.797972,-0.53226835,0.85791612,10.0,0.37756038,637.5197700255394,868.7937155168376,591.6301445075032,23.333491556160467,123.99320034659647,163,11.583333333333334
L0224080525,23.39341,24.806,24.797972,-0.53226835,0.85791612,10.0,0.37756038,637.5197700255394,868.7937155168376,591.6301445075032,23.333491556160467,123.99320034659647,163,11.416666666666666
L0224080525,23.39341,24.806,24.797972,-0.53226835,0.85791612,10.0,0.37756038,637.5197700255394,868.7937155168376,591.6301445075032,23.333491556160467,123.99320034659647,163,10.083333333333334
L0224080525,23.39341,24.806,24.797972,-0.53226835,0.85791612,10.0,0.37756038,637.5197700255394,868.7937155168376,591.6301445075032,23.333491556160467,123.99320034659647,163,9.75
L0224080525,23.39341,24.806,24.797972,-0.53226835,0.85791612,10.0,0.37756038,637.5197700255394,868.7937155168376,591.6301445075032,23.333491556160467,123.99320034659647,163,11.083333333333334
L0204115017,1.9610834,1.791,1.791,0.0,1.0,10.5,0.75512034,637.5197700255394,868.7937155168376,591.6301445075032,1.9560604014047744,10.394423340273375,164,10.0
L0204115017,1.9610834,1.791,1.791,0.0,1.0,10.5,0.75512034,637.5197700255394,868.7937155168376,591.6301445075032,1.9560604014047744,10.394423340273375,164,12.416666666666666
L0204115017,1.9610834,1.791,1.791,0.0,1.0,10.5,0.75512034,637.5197700255394,868.7937155168376,591.6301445075032,1.9560604014047744,10.394423340273375,164,10.5
L0204115017,1.9610834,1.791,1.791,0.0,1.0,10.5,0.75512034,637.5197700255394,868.7937155168376,591.6301445075032,1.9560604014047744,10.394423340273375,164,10.416666666666666
L0204115017,1.9610834,1.791,1.791,0.0,1.0,10.5,0.75512034,637.5197700255394,868.7937155168376,591.6301445075032,1.9560604014047744,10.394423340273375,164,9.083333333333334
L0204115017,1.9610834,1.791,1.791,0.0,1.0,10.5,0.75512034,637.5197700255394,868.7937155168376,591.6301445075032,1.9560604014047744,10.394423340273375,164,9.833333333333334
L0204115017,1.9610834,1.791,1.791,0.0,1.0,10.5,0.75512034,637.5197700255394,868.7937155168376,591.6301445075032,1.9560604014047744,10.394423340273375,164,10.333333333333334
L0204115017,1.9610834,1.791,1.791,0.0,1.0,10.5,0.75512034,637.5197700255394,868.7937155168376,591.6301445075032,1.9560604014047744,10.394423340273375,164,11.5
L0204115017,1.9610834,1.791,1.791,0.0,1.0,10.5,0.75512034,637.5197700255394,868.7937155168376,591.6301445075032,1.9560604014047744,10.394423340273375,164,11.916666666666666
L0204115017,1.9610834,1.791,1.791,0.0,1.0,10.5,0.75512034,637.5197700255394,868.7937155168376,591.6301445075032,1.9560604014047744,10.394423340273375,164,11.25
L0418091045,24.7491,40.274,41.551834,0.0,1.0,10.0,0.48543462,637.5197700255394,868.7937155168376,591.6301445075032,24.685709175044217,131.17882834088536,165,12.083333333333334
L0418091045,24.7491,40.274,41.551834,0.0,1.0,10.0,0.48543462,637.5197700255394,868.7937155168376,591.6301445075032,24.685709175044217,131.17882834088536,165,11.083333333333334
L0418091045,24.7491,40.274,41.551834,0.0,1.0,10.0,0.48543462,637.5197700255394,868.7937155168376,591.6301445075032,24.685709175044217,131.17882834088536,165,10.25
L0418091045,24.7491,40.274,41.551834,0.0,1.0,10.0,0.48543462,637.5197700255394,868.7937155168376,591.6301445075032,24.685709175044217,131.17882834088536,165,10.083333333333334
L0418091045,24.7491,40.274,41.551834,0.0,1.0,10.0,0.48543462,637.5197700255394,868.7937155168376,591.6301445075032,24.685709175044217,131.17882834088536,165,12.0
L0418091045,24.7491,40.274,41.551834,0.0,1.0,10.0,0.48543462,637.5197700255394,868.7937155168376,591.6301445075032,24.685709175044217,131.17882834088536,165,11.583333333333334
L0418091045,24.7491,40.274,41.551834,0.0,1.0,10.0,0.48543462,637.5197700255394,868.7937155168376,591.6301445075032,24.685709175044217,131.17882834088536,165,10.666666666666666
L0418091045,24.7491,40.274,41.551834,0.0,1.0,10.0,0.48543462,637.5197700255394,868.7937155168376,591.6301445075032,24.685709175044217,131.17882834088536,165,10.833333333333334
L0418091045,24.7491,40.274,41.551834,0.0,1.0,10.0,0.48543462,637.5197700255394,868.7937155168376,591.6301445075032,24.685709175044217,131.17882834088536,165,8.166666666666666
L0418091045,24.7491,40.274,41.551834,0.0,1.0,10.0,0.48543462,637.5197700255394,868.7937155168376,591.6301445075032,24.685709175044217,131.17882834088536,165,9.916666666666666
L0204115017,1.9610834,1.791,1.791,0.0,1.0,10.5,0.75512034,637.5197700255394,868.7937155168376,591.6301445075032,1.9560604014047744,10.394423340273375,166,10.0
L0204115017,1.9610834,1.791,1.791,0.0,1.0,10.5,0.75512034,637.5197700255394,868.7937155168376,591.6301445075032,1.9560604014047744,10.394423340273375,166,9.916666666666666
L0204115017,1.9610834,1.791,1.791,0.0,1.0,10.5,0.75512034,637.5197700255394,868.7937155168376,591.6301445075032,1.9560604014047744,10.394423340273375,166,10.416666666666666
L0204115017,1.9610834,1.791,1.791,0.0,1.0,10.5,0.75512034,637.5197700255394,868.7937155168376,591.6301445075032,1.9560604014047744,10.394423340273375,166,10.333333333333334
L0204115017,1.9610834,1.791,1.791,0.0,1.0,10.5,0.75512034,637.5197700255394,868.7937155168376,591.6301445075032,1.9560604014047744,10.394423340273375,166,9.0
L0204115017,1.9610834,1.791,1.791,0.0,1.0,10.5,0.75512034,637.5197700255394,868.7937155168376,591.6301445075032,1.9560604014047744,10.394423340273375,166,11.0
L0204115017,1.9610834,1.791,1.791,0.0,1.0,10.5,0.75512034,637.5197700255394,868.7937155168376,591.6301445075032,1.9560604014047744,10.394423340273375,166,10.75
L0204115017,1.9610834,1.791,1.791,0.0,1.0,10.5,0.75512034,637.5197700255394,868.7937155168376,591.6301445075032,1.9560604014047744,10.394423340273375,166,9.833333333333334
L0204115017,1.9610834,1.791,1.791,0.0,1.0,10.5,0.75512034,637.5197700255394,868.7937155168376,591.6301445075032,1.9560604014047744,10.394423340273375,166,10.083333333333334
L0204115017,1.9610834,1.791,1.791,0.0,1.0,10.5,0.75512034,637.5197700255394,868.7937155168376,591.6301445075032,1.9560604014047744,10.394423340273375,166,11.166666666666666
L0421145134,6.4447136,7.445,7.4450002,0.0,1.0,10.5,0.48543462,637.5197700255394,868.7937155168376,591.6301445075032,6.4282065063397145,34.15922110462883,167,9.916666666666666
L0421145134,6.4447136,7.445,7.4450002,0.0,1.0,10.5,0.48543462,637.5197700255394,868.7937155168376,591.6301445075032,6.4282065063397145,34.15922110462883,167,10.333333333333334
L0421145134,6.4447136,7.445,7.4450002,0.0,1.0,10.5,0.48543462,637.5197700255394,868.7937155168376,591.6301445075032,6.4282065063397145,34.15922110462883,167,10.75
L0421145134,6.4447136,7.445,7.4450002,0.0,1.0,10.5,0.48543462,637.5197700255394,868.7937155168376,591.6301445075032,6.4282065063397145,34.15922110462883,167,11.5
L0421145134,6.4447136,7.445,7.4450002,0.0,1.0,10.5,0.48543462,637.5197700255394,868.7937155168376,591.6301445075032,6.4282065063397145,34.15922110462883,167,11.416666666666666
L0421145134,6.4447136,7.445,7.4450002,0.0,1.0,10.5,0.48543462,637.5197700255394,868.7937155168376,591.6301445075032,6.4282065063397145,34.15922110462883,167,12.25
L0421145134,6.4447136,7.445,7.4450002,0.0,1.0,10.5,0.48543462,637.5197700255394,868.7937155168376,591.6301445075032,6.4282065063397145,34.15922110462883,167,9.0
L0421145134,6.4447136,7.445,7.4450002,0.0,1.0,10.5,0.48543462,637.5197700255394,868.7937155168376,591.6301445075032,6.4282065063397145,34.15922110462883,167,10.583333333333334
L0421145134,6.4447136,7.445,7.4450002,0.0,1.0,10.5,0.48543462,637.5197700255394,868.7937155168376,591.6301445075032,6.4282065063397145,34.15922110462883,167,9.5
L0421145134,6.4447136,7.445,7.4450002,0.0,1.0,10.5,0.48543462,637.5197700255394,868.7937155168376,591.6301445075032,6.4282065063397145,34.15922110462883,167,10.5
L0414082305,7.5771446,8.238,8.2379999,-0.84296256,0.30766001,9.833333,0.37056431,637.5197700255394,868.7937155168376,591.6301445075032,7.557736967116247,40.16149883419867,168,9.416666666666666
L0414082305,7.5771446,8.238,8.2379999,-0.84296256,0.30766001,9.833333,0.37056431,637.5197700255394,868.7937155168376,591.6301445075032,7.557736967116247,40.16149883419867,168,8.833333333333334
L0414082305,7.5771446,8.238,8.2379999,-0.84296256,0.30766001,9.833333,0.37056431,637.5197700255394,868.7937155168376,591.6301445075032,7.557736967116247,40.16149883419867,168,9.75
L0414082305,7.5771446,8.238,8.2379999,-0.84296256,0.30766001,9.833333,0.37056431,637.5197700255394,868.7937155168376,591.6301445075032,7.557736967116247,40.16149883419867,168,9.5
L0414082305,7.5771446,8.238,8.2379999,-0.84296256,0.30766001,9.833333,0.37056431,637.5197700255394,868.7937155168376,591.6301445075032,7.557736967116247,40.16149883419867,168,9.416666666666666
L0414082305,7.5771446,8.238,8.2379999,-0.84296256,0.30766001,9.833333,0.37056431,637.5197700255394,868.7937155168376,591.6301445075032,7.557736967116247,40.16149883419867,168,9.25
L0414082305,7.5771446,8.238,8.2379999,-0.84296256,0.30766001,9.833333,0.37056431,637.5197700255394,868.7937155168376,591.6301445075032,7.557736967116247,40.16149883419867,168,9.583333333333334
L0414082305,7.5771446,8.238,8.2379999,-0.84296256,0.30766001,9.833333,0.37056431,637.5197700255394,868.7937155168376,591.6301445075032,7.557736967116247,40.16149883419867,168,9.083333333333334
L0414082305,7.5771446,8.238,8.2379999,-0.84296256,0.30766001,9.833333,0.37056431,637.5197700255394,868.7937155168376,591.6301445075032,7.557736967116247,40.16149883419867,168,9.25
L0414082305,7.5771446,8.238,8.2379999,-0.84296256,0.30766001,9.833333,0.37056431,637.5197700255394,868.7937155168376,591.6301445075032,7.557736967116247,40.16149883419867,168,9.75
L0526192923_0894,3.8250458,3.85,3.8499999,1.2164394,0.90645874,10.5,0.61782604,637.5197700255394,868.7937155168376,591.6301445075032,3.815248562574976,20.274071638735325,169,12.833333333333334
L0526192923_0894,3.8250458,3.85,3.8499999,1.2164394,0.90645874,10.5,0.61782604,637.5197700255394,868.7937155168376,591.6301445075032,3.815248562574976,20.274071638735325,169,13.333333333333334
L0526192923_0894,3.8250458,3.85,3.8499999,1.2164394,0.90645874,10.5,0.61782604,637.5197700255394,868.7937155168376,591.6301445075032,3.815248562574976,20.274071638735325,169,10.416666666666666
L0526192923_0894,3.8250458,3.85,3.8499999,1.2164394,0.90645874,10.5,0.61782604,637.5197700255394,868.7937155168376,591.6301445075032,3.815248562574976,20.274071638735325,169,11.5
L0526192923_0894,3.8250458,3.85,3.8499999,1.2164394,0.90645874,10.5,0.61782604,637.5197700255394,868.7937155168376,591.6301445075032,3.815248562574976,20.274071638735325,169,12.916666666666666
L0526192923_0894,3.8250458,3.85,3.8499999,1.2164394,0.90645874,10.5,0.61782604,637.5197700255394,868.7937155168376,591.6301445075032,3.815248562574976,20.274071638735325,169,12.0
L0526192923_0894,3.8250458,3.85,3.8499999,1.2164394,0.90645874,10.5,0.61782604,637.5197700255394,868.7937155168376,591.6301445075032,3.815248562574976,20.274071638735325,169,11.75
L0526192923_0894,3.8250458,3.85,3.8499999,1.2164394,0.90645874,10.5,0.61782604,637.5197700255394,868.7937155168376,591.6301445075032,3.815248562574976,20.274071638735325,169,12.333333333333334
L0526192923_0894,3.8250458,3.85,3.8499999,1.2164394,0.90645874,10.5,0.61782604,637.5197700255394,868.7937155168376,591.6301445075032,3.815248562574976,20.274071638735325,169,11.666666666666666
L0526192923_0894,3.8250458,3.85,3.8499999,1.2164394,0.90645874,10.5,0.61782604,637.5197700255394,868.7937155168376,591.6301445075032,3.815248562574976,20.274071638735325,169,12.083333333333334
L0311105330,5.4100537,6.427,6.4294305,0.0,1.0,9.5,0.27303511,637.5197700255394,868.7937155168376,591.6301445075032,5.3961967206715356,28.67516417272837,170,10.666666666666666
L0311105330,5.4100537,6.427,6.4294305,0.0,1.0,9.5,0.27303511,637.5197700255394,868.7937155168376,591.6301445075032,5.3961967206715356,28.67516417272837,170,9.333333333333334
L0311105330,5.4100537,6.427,6.4294305,0.0,1.0,9.5,0.27303511,637.5197700255394,868.7937155168376,591.6301445075032,5.3961967206715356,28.67516417272837,170,9.916666666666666
L0311105330,5.4100537,6.427,6.4294305,0.0,1.0,9.5,0.27303511,637.5197700255394,868.7937155168376,591.6301445075032,5.3961967206715356,28.67516417272837,170,10.0
L0311105330,5.4100537,6.427,6.4294305,0.0,1.0,9.5,0.27303511,637.5197700255394,868.7937155168376,591.6301445075032,5.3961967206715356,28.67516417272837,170,8.333333333333334
L0311105330,5.4100537,6.427,6.4294305,0.0,1.0,9.5,0.27303511,637.5197700255394,868.7937155168376,591.6301445075032,5.3961967206715356,28.67516417272837,170,9.5
L0311105330,5.4100537,6.427,6.4294305,0.0,1.0,9.5,0.27303511,637.5197700255394,868.7937155168376,591.6301445075032,5.3961967206715356,28.67516417272837,170,8.5
L0311105330,5.4100537,6.427,6.4294305,0.0,1.0,9.5,0.27303511,637.5197700255394,868.7937155168376,591.6301445075032,5.3961967206715356,28.67516417272837,170,10.333333333333334
L0311105330,5.4100537,6.427,6.4294305,0.0,1.0,9.5,0.27303511,637.5197700255394,868.7937155168376,591.6301445075032,5.3961967206715356,28.67516417272837,170,8.333333333333334
L0311105330,5.4100537,6.427,6.4294305,0.0,1.0,9.5,0.27303511,637.5197700255394,868.7937155168376,591.6301445075032,5.3961967206715356,28.67516417272837,170,10.25
L0303103620,16.927584,15.763,15.868688,-0.029722214,0.59315664,10.5,0.28641954,637.5197700255394,868.7937155168376,591.6301445075032,16.884226725825652,89.72207618709034,171,12.416666666666666
L0303103620,16.927584,15.763,15.868688,-0.029722214,0.59315664,10.5,0.28641954,637.5197700255394,868.7937155168376,591.6301445075032,16.884226725825652,89.72207618709034,171,11.083333333333334
L0303103620,16.927584,15.763,15.868688,-0.029722214,0.59315664,10.5,0.28641954,637.5197700255394,868.7937155168376,591.6301445075032,16.884226725825652,89.72207618709034,171,11.333333333333334
L0303103620,16.927584,15.763,15.868688,-0.029722214,0.59315664,10.5,0.28641954,637.5197700255394,868.7937155168376,591.6301445075032,16.884226725825652,89.72207618709034,171,11.666666666666666
L0303103620,16.927584,15.763,15.868688,-0.029722214,0.59315664,10.5,0.28641954,637.5197700255394,868.7937155168376,591.6301445075032,16.884226725825652,89.72207618709034,171,11.25
L0303103620,16.927584,15.763,15.868688,-0.029722214,0.59315664,10.5,0.28641954,637.5197700255394,868.7937155168376,591.6301445075032,16.884226725825652,89.72207618709034,171,10.083333333333334
L0303103620,16.927584,15.763,15.868688,-0.029722214,0.59315664,10.5,0.28641954,637.5197700255394,868.7937155168376,591.6301445075032,16.884226725825652,89.72207618709034,171,10.75
L0303103620,16.927584,15.763,15.868688,-0.029722214,0.59315664,10.5,0.28641954,637.5197700255394,868.7937155168376,591.6301445075032,16.884226725825652,89.72207618709034,171,11.083333333333334
L0303103620,16.927584,15.763,15.868688,-0.029722214,0.59315664,10.5,0.28641954,637.5197700255394,868.7937155168376,591.6301445075032,16.884226725825652,89.72207618709034,171,11.583333333333334
L0303103620,16.927584,15.763,15.868688,-0.029722214,0.59315664,10.5,0.28641954,637.5197700255394,868.7937155168376,591.6301445075032,16.884226725825652,89.72207618709034,171,11.25
L0418091045,24.7491,40.274,41.551834,0.0,1.0,10.0,0.48543462,637.5197700255394,868.7937155168376,591.6301445075032,24.685709175044217,131.17882834088536,172,10.666666666666666
L0418091045,24.7491,40.274,41.551834,0.0,1.0,10.0,0.48543462,637.5197700255394,868.7937155168376,591.6301445075032,24.685709175044217,131.17882834088536,172,10.666666666666666
L0418091045,24.7491,40.274,41.551834,0.0,1.0,10.0,0.48543462,637.5197700255394,868.7937155168376,591.6301445075032,24.685709175044217,131.17882834088536,172,9.666666666666666
L0418091045,24.7491,40.274,41.551834,0.0,1.0,10.0,0.48543462,637.5197700255394,868.7937155168376,591.6301445075032,24.685709175044217,131.17882834088536,172,11.916666666666666
L0418091045,24.7491,40.274,41.551834,0.0,1.0,10.0,0.48543462,637.5197700255394,868.7937155168376,591.6301445075032,24.685709175044217,131.17882834088536,172,8.083333333333334
L0418091045,24.7491,40.274,41.551834,0.0,1.0,10.0,0.48543462,637.5197700255394,868.7937155168376,591.6301445075032,24.685709175044217,131.17882834088536,172,12.25
L0418091045,24.7491,40.274,41.551834,0.0,1.0,10.0,0.48543462,637.5197700255394,868.7937155168376,591.6301445075032,24.685709175044217,131.17882834088536,172,9.333333333333334
L0418091045,24.7491,40.274,41.551834,0.0,1.0,10.0,0.48543462,637.5197700255394,868.7937155168376,591.6301445075032,24.685709175044217,131.17882834088536,172,10.5
L0418091045,24.7491,40.274,41.551834,0.0,1.0,10.0,0.48543462,637.5197700255394,868.7937155168376,591.6301445075032,24.685709175044217,131.17882834088536,172,10.916666666666666
L0418091045,24.7491,40.274,41.551834,0.0,1.0,10.0,0.48543462,637.5197700255394,868.7937155168376,591.6301445075032,24.685709175044217,131.17882834088536,172,12.333333333333334
L0303103620,16.927584,15.763,15.868688,-0.029722214,0.59315664,10.5,0.28641954,637.5197700255394,868.7937155168376,591.6301445075032,16.884226725825652,89.72207618709034,173,11.166666666666666
L0303103620,16.927584,15.763,15.868688,-0.029722214,0.59315664,10.5,0.28641954,637.5197700255394,868.7937155168376,591.6301445075032,16.884226725825652,89.72207618709034,173,12.166666666666666
L0303103620,16.927584,15.763,15.868688,-0.029722214,0.59315664,10.5,0.28641954,637.5197700255394,868.7937155168376,591.6301445075032,16.884226725825652,89.72207618709034,173,11.666666666666666
L0303103620,16.927584,15.763,15.868688,-0.029722214,0.59315664,10.5,0.28641954,637.5197700255394,868.7937155168376,591.6301445075032,16.884226725825652,89.72207618709034,173,10.416666666666666
L0303103620,16.927584,15.763,15.868688,-0.029722214,0.59315664,10.5,0.28641954,637.5197700255394,868.7937155168376,591.6301445075032,16.884226725825652,89.72207618709034,173,11.25
L0303103620,16.927584,15.763,15.868688,-0.029722214,0.59315664,10.5,0.28641954,637.5197700255394,868.7937155168376,591.6301445075032,16.884226725825652,89.72207618709034,173,11.75
L0303103620,16.927584,15.763,15.868688,-0.029722214,0.59315664,10.5,0.28641954,637.5197700255394,868.7937155168376,591.6301445075032,16.884226725825652,89.72207618709034,173,10.75
L0303103620,16.927584,15.763,15.868688,-0.029722214,0.59315664,10.5,0.28641954,637.5197700255394,868.7937155168376,591.6301445075032,16.884226725825652,89.72207618709034,173,11.25
L0303103620,16.927584,15.763,15.868688,-0.029722214,0.59315664,10.5,0.28641954,637.5197700255394,868.7937155168376,591.6301445075032,16.884226725825652,89.72207618709034,173,11.0
L0303103620,16.927584,15.763,15.868688,-0.029722214,0.59315664,10.5,0.28641954,637.5197700255394,868.7937155168376,591.6301445075032,16.884226725825652,89.72207618709034,173,10.0
L0426194106_A70E,16.963621,17.153,17.153,-0.9999333,0.25123346,10.0,0.48543462,637.5197700255394,868.7937155168376,591.6301445075032,16.9201714228668,89.91308480707734,174,9.833333333333334
L0426194106_A70E,16.963621,17.153,17.153,-0.9999333,0.25123346,10.0,0.48543462,637.5197700255394,868.7937155168376,591.6301445075032,16.9201714228668,89.91308480707734,174,10.0
L0426194106_A70E,16.963621,17.153,17.153,-0.9999333,0.25123346,10.0,0.48543462,637.5197700255394,868.7937155168376,591.6301445075032,16.9201714228668,89.91308480707734,174,9.583333333333334
L0426194106_A70E,16.963621,17.153,17.153,-0.9999333,0.25123346,10.0,0.48543462,637.5197700255394,868.7937155168376,591.6301445075032,16.9201714228668,89.91308480707734,174,9.916666666666666
L0426194106_A70E,16.963621,17.153,17.153,-0.9999333,0.25123346,10.0,0.48543462,637.5197700255394,868.7937155168376,591.6301445075032,16.9201714228668,89.91308480707734,174,9.75
L0426194106_A70E,16.963621,17.153,17.153,-0.9999333,0.25123346,10.0,0.48543462,637.5197700255394,868.7937155168376,591.6301445075032,16.9201714228668,89.91308480707734,174,9.416666666666666
L0426194106_A70E,16.963621,17.153,17.153,-0.9999333,0.25123346,10.0,0.48543462,637.5197700255394,868.7937155168376,591.6301445075032,16.9201714228668,89.91308480707734,174,9.75
L0426194106_A70E,16.963621,17.153,17.153,-0.9999333,0.25123346,10.0,0.48543462,637.5197700255394,868.7937155168376,591.6301445075032,16.9201714228668,89.91308480707734,174,9.666666666666666
L0426194106_A70E,16.963621,17.153,17.153,-0.9999333,0.25123346,10.0,0.48543462,637.5197700255394,868.7937155168376,591.6301445075032,16.9201714228668,89.91308480707734,174,9.916666666666666
L0426194106_A70E,16.963621,17.153,17.153,-0.9999333,0.25123346,10.0,0.48543462,637.5197700255394,868.7937155168376,591.6301445075032,16.9201714228668,89.91308480707734,174,9.75
L0303180448,10.352387,11.819,11.820167,-0.85047626,0.30886406,10.5,0.97086877,637.5197700255394,868.7937155168376,591.6301445075032,10.325871031654017,54.87124772987354,175,9.416666666666666
L0303180448,10.352387,11.819,11.820167,-0.85047626,0.30886406,10.5,0.97086877,637.5197700255394,868.7937155168376,591.6301445075032,10.325871031654017,54.87124772987354,175,10.416666666666666
L0303180448,10.352387,11.819,11.820167,-0.85047626,0.30886406,10.5,0.97086877,637.5197700255394,868.7937155168376,591.6301445075032,10.325871031654017,54.87124772987354,175,9.833333333333334
L0303180448,10.352387,11.819,11.820167,-0.85047626,0.30886406,10.5,0.97086877,637.5197700255394,868.7937155168376,591.6301445075032,10.325871031654017,54.87124772987354,175,10.666666666666666
L0303180448,10.352387,11.819,11.820167,-0.85047626,0.30886406,10.5,0.97086877,637.5197700255394,868.7937155168376,591.6301445075032,10.325871031654017,54.87124772987354,175,10.083333333333334
L0303180448,10.352387,11.819,11.820167,-0.85047626,0.30886406,10.5,0.97086877,637.5197700255394,868.7937155168376,591.6301445075032,10.325871031654017,54.87124772987354,175,10.0
L0303180448,10.352387,11.819,11.820167,-0.85047626,0.30886406,10.5,0.97086877,637.5197700255394,868.7937155168376,591.6301445075032,10.325871031654017,54.87124772987354,175,10.333333333333334
L0303180448,10.352387,11.819,11.820167,-0.85047626,0.30886406,10.5,0.97086877,637.5197700255394,868.7937155168376,591.6301445075032,10.325871031654017,54.87124772987354,175,10.416666666666666
L0303180448,10.352387,11.819,11.820167,-0.85047626,0.30886406,10.5,0.97086877,637.5197700255394,868.7937155168376,591.6301445075032,10.325871031654017,54.87124772987354,175,10.416666666666666
L0303180448,10.352387,11.819,11.820167,-0.85047626,0.30886406,10.5,0.97086877,637.5197700255394,868.7937155168376,591.6301445075032,10.325871031654017,54.87124772987354,175,10.333333333333334
L0426084835_BA55,3.6968825,3.132,3.1360555,1.1617593,0.3696917,9.5,0.75512034,637.5197700255394,868.7937155168376,591.6301445075032,3.6874135321813886,19.594761622197296,176,10.916666666666666
L0426084835_BA55,3.6968825,3.132,3.1360555,1.1617593,0.3696917,9.5,0.75512034,637.5197700255394,868.7937155168376,591.6301445075032,3.6874135321813886,19.594761622197296,176,11.333333333333334
L0426084835_BA55,3.6968825,3.132,3.1360555,1.1617593,0.3696917,9.5,0.75512034,637.5197700255394,868.7937155168376,591.6301445075032,3.6874135321813886,19.594761622197296,176,10.833333333333334
L0426084835_BA55,3.6968825,3.132,3.1360555,1.1617593,0.3696917,9.5,0.75512034,637.5197700255394,868.7937155168376,591.6301445075032,3.6874135321813886,19.594761622197296,176,11.5
L0426084835_BA55,3.6968825,3.132,3.1360555,1.1617593,0.3696917,9.5,0.75512034,637.5197700255394,868.7937155168376,591.6301445075032,3.6874135321813886,19.594761622197296,176,10.0
L0426084835_BA55,3.6968825,3.132,3.1360555,1.1617593,0.3696917,9.5,0.75512034,637.5197700255394,868.7937155168376,591.6301445075032,3.6874135321813886,19.594761622197296,176,10.833333333333334
L0426084835_BA55,3.6968825,3.132,3.1360555,1.1617593,0.3696917,9.5,0.75512034,637.5197700255394,868.7937155168376,591.6301445075032,3.6874135321813886,19.594761622197296,176,10.583333333333334
L0426084835_BA55,3.6968825,3.132,3.1360555,1.1617593,0.3696917,9.5,0.75512034,637.5197700255394,868.7937155168376,591.6301445075032,3.6874135321813886,19.594761622197296,176,10.25
L0426084835_BA55,3.6968825,3.132,3.1360555,1.1617593,0.3696917,9.5,0.75512034,637.5197700255394,868.7937155168376,591.6301445075032,3.6874135321813886,19.594761622197296,176,10.833333333333334
L0426084835_BA55,3.6968825,3.132,3.1360555,1.1617593,0.3696917,9.5,0.75512034,637.5197700255394,868.7937155168376,591.6301445075032,3.6874135321813886,19.594761622197296,176,11.25
L0520105847_63C7,9.197113,8.959,8.9589996,1.0763154,0.42273614,9.666667,0.97086877,637.5197700255394,868.7937155168376,591.6301445075032,9.17355607953495,48.74789416418072,177,11.333333333333334
L0520105847_63C7,9.197113,8.959,8.9589996,1.0763154,0.42273614,9.666667,0.97086877,637.5197700255394,868.7937155168376,591.6301445075032,9.17355607953495,48.74789416418072,177,11.5
L0520105847_63C7,9.197113,8.959,8.9589996,1.0763154,0.42273614,9.666667,0.97086877,637.5197700255394,868.7937155168376,591.6301445075032,9.17355607953495,48.74789416418072,177,10.833333333333334
L0520105847_63C7,9.197113,8.959,8.9589996,1.0763154,0.42273614,9.666667,0.97086877,637.5197700255394,868.7937155168376,591.6301445075032,9.17355607953495,48.74789416418072,177,12.0
L0520105847_63C7,9.197113,8.959,8.9589996,1.0763154,0.42273614,9.666667,0.97086877,637.5197700255394,868.7937155168376,591.6301445075032,9.17355607953495,48.74789416418072,177,11.416666666666666
L0520105847_63C7,9.197113,8.959,8.9589996,1.0763154,0.42273614,9.666667,0.97086877,637.5197700255394,868.7937155168376,591.6301445075032,9.17355607953495,48.74789416418072,177,11.916666666666666
L0520105847_63C7,9.197113,8.959,8.9589996,1.0763154,0.42273614,9.666667,0.97086877,637.5197700255394,868.7937155168376,591.6301445075032,9.17355607953495,48.74789416418072,177,11.0
L0520105847_63C7,9.197113,8.959,8.9589996,1.0763154,0.42273614,9.666667,0.97086877,637.5197700255394,868.7937155168376,591.6301445075032,9.17355607953495,48.74789416418072,177,12.0
L0520105847_63C7,9.197113,8.959,8.9589996,1.0763154,0.42273614,9.666667,0.97086877,637.5197700255394,868.7937155168376,591.6301445075032,9.17355607953495,48.74789416418072,177,11.083333333333334
L0520105847_63C7,9.197113,8.959,8.9589996,1.0763154,0.42273614,9.666667,0.97086877,637.5197700255394,868.7937155168376,591.6301445075032,9.17355607953495,48.74789416418072,177,11.916666666666666
L0418164134,16.39921,15.415,15.436542,0.0,1.0,9.5,0.97086877,637.5197700255394,868.7937155168376,591.6301445075032,16.357206070543043,86.92151041921244,178,9.833333333333334
L0418164134,16.39921,15.415,15.436542,0.0,1.0,9.5,0.97086877,637.5197700255394,868.7937155168376,591.6301445075032,16.357206070543043,86.92151041921244,178,10.5
L0418164134,16.39921,15.415,15.436542,0.0,1.0,9.5,0.97086877,637.5197700255394,868.7937155168376,591.6301445075032,16.357206070543043,86.92151041921244,178,10.333333333333334
L0418164134,16.39921,15.415,15.436542,0.0,1.0,9.5,0.97086877,637.5197700255394,868.7937155168376,591.6301445075032,16.357206070543043,86.92151041921244,178,11.0
L0418164134,16.39921,15.415,15.436542,0.0,1.0,9.5,0.97086877,637.5197700255394,868.7937155168376,591.6301445075032,16.357206070543043,86.92151041921244,178,9.166666666666666
L0418164134,16.39921,15.415,15.436542,0.0,1.0,9.5,0.97086877,637.5197700255394,868.7937155168376,591.6301445075032,16.357206070543043,86.92151041921244,178,10.666666666666666
L0418164134,16.39921,15.415,15.436542,0.0,1.0,9.5,0.97086877,637.5197700255394,868.7937155168376,591.6301445075032,16.357206070543043,86.92151041921244,178,10.25
L0418164134,16.39921,15.415,15.436542,0.0,1.0,9.5,0.97086877,637.5197700255394,868.7937155168376,591.6301445075032,16.357206070543043,86.92151041921244,178,10.666666666666666
L0418164134,16.39921,15.415,15.436542,0.0,1.0,9.5,0.97086877,637.5197700255394,868.7937155168376,591.6301445075032,16.357206070543043,86.92151041921244,178,9.916666666666666
L0418164134,16.39921,15.415,15.436542,0.0,1.0,9.5,0.97086877,637.5197700255394,868.7937155168376,591.6301445075032,16.357206070543043,86.92151041921244,178,10.083333333333334
L0509192146_601D,19.948067,22.748,25.573584,-0.89781278,0.069982126,10.166667,1.3592167,637.5197700255394,868.7937155168376,591.6301445075032,19.89697324615023,105.73168546433931,179,10.25
L0509192146_601D,19.948067,22.748,25.573584,-0.89781278,0.069982126,10.166667,1.3592167,637.5197700255394,868.7937155168376,591.6301445075032,19.89697324615023,105.73168546433931,179,10.333333333333334
L0509192146_601D,19.948067,22.748,25.573584,-0.89781278,0.069982126,10.166667,1.3592167,637.5197700255394,868.7937155168376,591.6301445075032,19.89697324615023,105.73168546433931,179,10.25
L0509192146_601D,19.948067,22.748,25.573584,-0.89781278,0.069982126,10.166667,1.3592167,637.5197700255394,868.7937155168376,591.6301445075032,19.89697324615023,105.73168546433931,179,10.25
L0509192146_601D,19.948067,22.748,25.573584,-0.89781278,0.069982126,10.166667,1.3592167,637.5197700255394,868.7937155168376,591.6301445075032,19.89697324615023,105.73168546433931,179,10.25
L0509192146_601D,19.948067,22.748,25.573584,-0.89781278,0.069982126,10.166667,1.3592167,637.5197700255394,868.7937155168376,591.6301445075032,19.89697324615023,105.73168546433931,179,10.25
L0509192146_601D,19.948067,22.748,25.573584,-0.89781278,0.069982126,10.166667,1.3592167,637.5197700255394,868.7937155168376,591.6301445075032,19.89697324615023,105.73168546433931,179,10.25
L0509192146_601D,19.948067,22.748,25.573584,-0.89781278,0.069982126,10.166667,1.3592167,637.5197700255394,868.7937155168376,591.6301445075032,19.89697324615023,105.73168546433931,179,10.333333333333334
L0509192146_601D,19.948067,22.748,25.573584,-0.89781278,0.069982126,10.166667,1.3592167,637.5197700255394,868.7937155168376,591.6301445075032,19.89697324615023,105.73168546433931,179,10.25
L0509192146_601D,19.948067,22.748,25.573584,-0.89781278,0.069982126,10.166667,1.3592167,637.5197700255394,868.7937155168376,591.6301445075032,19.89697324615023,105.73168546433931,179,10.25
L0317172945,2.8663063,4.241,4.2410002,-0.72488087,0.32434291,10.5,0.97086877,637.5197700255394,868.7937155168376,591.6301445075032,2.858964719056331,15.192419203126509,180,9.916666666666666
L0317172945,2.8663063,4.241,4.2410002,-0.72488087,0.32434291,10.5,0.97086877,637.5197700255394,868.7937155168376,591.6301445075032,2.858964719056331,15.192419203126509,180,10.416666666666666
L0317172945,2.8663063,4.241,4.2410002,-0.72488087,0.32434291,10.5,0.97086877,637.5197700255394,868.7937155168376,591.6301445075032,2.858964719056331,15.192419203126509,180,10.0
L0317172945,2.8663063,4.241,4.2410002,-0.72488087,0.32434291,10.5,0.97086877,637.5197700255394,868.7937155168376,591.6301445075032,2.858964719056331,15.192419203126509,180,10.083333333333334
L0317172945,2.8663063,4.241,4.2410002,-0.72488087,0.32434291,10.5,0.97086877,637.5197700255394,868.7937155168376,591.6301445075032,2.858964719056331,15.192419203126509,180,10.416666666666666
L0317172945,2.8663063,4.241,4.2410002,-0.72488087,0.32434291,10.5,0.97086877,637.5197700255394,868.7937155168376,591.6301445075032,2.858964719056331,15.192419203126509,180,10.333333333333334
L0317172945,2.8663063,4.241,4.2410002,-0.72488087,0.32434291,10.5,0.97086877,637.5197700255394,868.7937155168376,591.6301445075032,2.858964719056331,15.192419203126509,180,10.833333333333334
L0317172945,2.8663063,4.241,4.2410002,-0.72488087,0.32434291,10.5,0.97086877,637.5197700255394,868.7937155168376,591.6301445075032,2.858964719056331,15.192419203126509,180,10.166666666666666
L0317172945,2.8663063,4.241,4.2410002,-0.72488087,0.32434291,10.5,0.97086877,637.5197700255394,868.7937155168376,591.6301445075032,2.858964719056331,15.192419203126509,180,10.0
L0317172945,2.8663063,4.241,4.2410002,-0.72488087,0.32434291,10.5,0.97086877,637.5197700255394,868.7937155168376,591.6301445075032,2.858964719056331,15.192419203126509,180,9.583333333333334
L0617201157_8F9B,12.729081,14.553,14.577653,0.0,1.0,10.5,0.27184331,637.5197700255394,868.7937155168376,591.6301445075032,12.696477513589626,67.46855164172537,181,10.75
L0617201157_8F9B,12.729081,14.553,14.577653,0.0,1.0,10.5,0.27184331,637.5197700255394,868.7937155168376,591.6301445075032,12.696477513589626,67.46855164172537,181,11.25
L0617201157_8F9B,12.729081,14.553,14.577653,0.0,1.0,10.5,0.27184331,637.5197700255394,868.7937155168376,591.6301445075032,12.696477513589626,67.46855164172537,181,10.583333333333334
L0617201157_8F9B,12.729081,14.553,14.577653,0.0,1.0,10.5,0.27184331,637.5197700255394,868.7937155168376,591.6301445075032,12.696477513589626,67.46855164172537,181,11.75
L0617201157_8F9B,12.729081,14.553,14.577653,0.0,1.0,10.5,0.27184331,637.5197700255394,868.7937155168376,591.6301445075032,12.696477513589626,67.46855164172537,181,11.583333333333334
L0617201157_8F9B,12.729081,14.553,14.577653,0.0,1.0,10.5,0.27184331,637.5197700255394,868.7937155168376,591.6301445075032,12.696477513589626,67.46855164172537,181,11.416666666666666
L0617201157_8F9B,12.729081,14.553,14.577653,0.0,1.0,10.5,0.27184331,637.5197700255394,868.7937155168376,591.6301445075032,12.696477513589626,67.46855164172537,181,11.666666666666666
L0617201157_8F9B,12.729081,14.553,14.577653,0.0,1.0,10.5,0.27184331,637.5197700255394,868.7937155168376,591.6301445075032,12.696477513589626,67.46855164172537,181,11.5
L0617201157_8F9B,12.729081,14.553,14.577653,0.0,1.0,10.5,0.27184331,637.5197700255394,868.7937155168376,591.6301445075032,12.696477513589626,67.46855164172537,181,11.166666666666666
L0617201157_8F9B,12.729081,14.553,14.577653,0.0,1.0,10.5,0.27184331,637.5197700255394,868.7937155168376,591.6301445075032,12.696477513589626,67.46855164172537,181,11.25
L0208195435,38.438034,48.515,46.261375,0.0,1.0,10.166667,0.61782604,637.5197700255394,868.7937155168376,591.6301445075032,38.339581180101966,203.73493435507208,182,10.75
L0208195435,38.438034,48.515,46.261375,0.0,1.0,10.166667,0.61782604,637.5197700255394,868.7937155168376,591.6301445075032,38.339581180101966,203.73493435507208,182,10.333333333333334
L0208195435,38.438034,48.515,46.261375,0.0,1.0,10.166667,0.61782604,637.5197700255394,868.7937155168376,591.6301445075032,38.339581180101966,203.73493435507208,182,10.416666666666666
L0208195435,38.438034,48.515,46.261375,0.0,1.0,10.166667,0.61782604,637.5197700255394,868.7937155168376,591.6301445075032,38.339581180101966,203.73493435507208,182,10.5
L0208195435,38.438034,48.515,46.261375,0.0,1.0,10.166667,0.61782604,637.5197700255394,868.7937155168376,591.6301445075032,38.339581180101966,203.73493435507208,182,10.583333333333334
L0208195435,38.438034,48.515,46.261375,0.0,1.0,10.166667,0.61782604,637.5197700255394,868.7937155168376,591.6301445075032,38.339581180101966,203.73493435507208,182,10.166666666666666
L0208195435,38.438034,48.515,46.261375,0.0,1.0,10.166667,0.61782604,637.5197700255394,868.7937155168376,591.6301445075032,38.339581180101966,203.73493435507208,182,10.916666666666666
L0208195435,38.438034,48.515,46.261375,0.0,1.0,10.166667,0.61782604,637.5197700255394,868.7937155168376,591.6301445075032,38.339581180101966,203.73493435507208,182,10.666666666666666
L0208195435,38.438034,48.515,46.261375,0.0,1.0,10.166667,0.61782604,637.5197700255394,868.7937155168376,591.6301445075032,38.339581180101966,203.73493435507208,182,10.416666666666666
L0208195435,38.438034,48.515,46.261375,0.0,1.0,10.166667,0.61782604,637.5197700255394,868.7937155168376,591.6301445075032,38.339581180101966,203.73493435507208,182,11.916666666666666
L0505115836_B751,4.5813417,4.381,4.4668331,-0.75718516,0.71823877,10.5,0.75512034,637.5197700255394,868.7937155168376,591.6301445075032,4.569607332699075,24.28270266131859,183,10.333333333333334
L0505115836_B751,4.5813417,4.381,4.4668331,-0.75718516,0.71823877,10.5,0.75512034,637.5197700255394,868.7937155168376,591.6301445075032,4.569607332699075,24.28270266131859,183,10.666666666666666
L0505115836_B751,4.5813417,4.381,4.4668331,-0.75718516,0.71823877,10.5,0.75512034,637.5197700255394,868.7937155168376,591.6301445075032,4.569607332699075,24.28270266131859,183,10.083333333333334
L0505115836_B751,4.5813417,4.381,4.4668331,-0.75718516,0.71823877,10.5,0.75512034,637.5197700255394,868.7937155168376,591.6301445075032,4.569607332699075,24.28270266131859,183,10.333333333333334
L0505115836_B751,4.5813417,4.381,4.4668331,-0.75718516,0.71823877,10.5,0.75512034,637.5197700255394,868.7937155168376,591.6301445075032,4.569607332699075,24.28270266131859,183,10.5
L0505115836_B751,4.5813417,4.381,4.4668331,-0.75718516,0.71823877,10.5,0.75512034,637.5197700255394,868.7937155168376,591.6301445075032,4.569607332699075,24.28270266131859,183,10.666666666666666
L0505115836_B751,4.5813417,4.381,4.4668331,-0.75718516,0.71823877,10.5,0.75512034,637.5197700255394,868.7937155168376,591.6301445075032,4.569607332699075,24.28270266131859,183,8.416666666666666
L0505115836_B751,4.5813417,4.381,4.4668331,-0.75718516,0.71823877,10.5,0.75512034,637.5197700255394,868.7937155168376,591.6301445075032,4.569607332699075,24.28270266131859,183,11.5
L0505115836_B751,4.5813417,4.381,4.4668331,-0.75718516,0.71823877,10.5,0.75512034,637.5197700255394,868.7937155168376,591.6301445075032,4.569607332699075,24.28270266131859,183,9.25
L0505115836_B751,4.5813417,4.381,4.4668331,-0.75718516,0.71823877,10.5,0.75512034,637.5197700255394,868.7937155168376,591.6301445075032,4.569607332699075,24.28270266131859,183,10.166666666666666
L0512101224_8B58,8.982934,8.257,8.257,0.87707156,0.32762754,9.5,0.83996612,637.5197700255394,868.7937155168376,591.6301445075032,8.95992566447332,47.61267105403844,184,11.0
L0512101224_8B58,8.982934,8.257,8.257,0.87707156,0.32762754,9.5,0.83996612,637.5197700255394,868.7937155168376,591.6301445075032,8.95992566447332,47.61267105403844,184,11.083333333333334
L0512101224_8B58,8.982934,8.257,8.257,0.87707156,0.32762754,9.5,0.83996612,637.5197700255394,868.7937155168376,591.6301445075032,8.95992566447332,47.61267105403844,184,10.916666666666666
L0512101224_8B58,8.982934,8.257,8.257,0.87707156,0.32762754,9.5,0.83996612,637.5197700255394,868.7937155168376,591.6301445075032,8.95992566447332,47.61267105403844,184,10.0
L0512101224_8B58,8.982934,8.257,8.257,0.87707156,0.32762754,9.5,0.83996612,637.5197700255394,868.7937155168376,591.6301445075032,8.95992566447332,47.61267105403844,184,10.833333333333334
L0512101224_8B58,8.982934,8.257,8.257,0.87707156,0.32762754,9.5,0.83996612,637.5197700255394,868.7937155168376,591.6301445075032,8.95992566447332,47.61267105403844,184,11.166666666666666
L0512101224_8B58,8.982934,8.257,8.257,0.87707156,0.32762754,9.5,0.83996612,637.5197700255394,868.7937155168376,591.6301445075032,8.95992566447332,47.61267105403844,184,10.916666666666666
L0512101224_8B58,8.982934,8.257,8.257,0.87707156,0.32762754,9.5,0.83996612,637.5197700255394,868.7937155168376,591.6301445075032,8.95992566447332,47.61267105403844,184,11.333333333333334
L0512101224_8B58,8.982934,8.257,8.257,0.87707156,0.32762754,9.5,0.83996612,637.5197700255394,868.7937155168376,591.6301445075032,8.95992566447332,47.61267105403844,184,10.75
L0512101224_8B58,8.982934,8.257,8.257,0.87707156,0.32762754,9.5,0.83996612,637.5197700255394,868.7937155168376,591.6301445075032,8.95992566447332,47.61267105403844,184,10.25
L0522173559_0E5A,7.6472745,8.481,8.5918541,-1.0652115,0.17933108,9.666667,0.27184331,637.5197700255394,868.7937155168376,591.6301445075032,7.6276872406969,40.53321166875279,185,9.083333333333334
L0522173559_0E5A,7.6472745,8.481,8.5918541,-1.0652115,0.17933108,9.666667,0.27184331,637.5197700255394,868.7937155168376,591.6301445075032,7.6276872406969,40.53321166875279,185,9.333333333333334
L0522173559_0E5A,7.6472745,8.481,8.5918541,-1.0652115,0.17933108,9.666667,0.27184331,637.5197700255394,868.7937155168376,591.6301445075032,7.6276872406969,40.53321166875279,185,8.916666666666666
L0522173559_0E5A,7.6472745,8.481,8.5918541,-1.0652115,0.17933108,9.666667,0.27184331,637.5197700255394,868.7937155168376,591.6301445075032,7.6276872406969,40.53321166875279,185,9.25
L0522173559_0E5A,7.6472745,8.481,8.5918541,-1.0652115,0.17933108,9.666667,0.27184331,637.5197700255394,868.7937155168376,591.6301445075032,7.6276872406969,40.53321166875279,185,9.0
L0522173559_0E5A,7.6472745,8.481,8.5918541,-1.0652115,0.17933108,9.666667,0.27184331,637.5197700255394,868.7937155168376,591.6301445075032,7.6276872406969,40.53321166875279,185,8.833333333333334
L0522173559_0E5A,7.6472745,8.481,8.5918541,-1.0652115,0.17933108,9.666667,0.27184331,637.5197700255394,868.7937155168376,591.6301445075032,7.6276872406969,40.53321166875279,185,8.833333333333334
L0522173559_0E5A,7.6472745,8.481,8.5918541,-1.0652115,0.17933108,9.666667,0.27184331,637.5197700255394,868.7937155168376,591.6301445075032,7.6276872406969,40.53321166875279,185,8.916666666666666
L0522173559_0E5A,7.6472745,8.481,8.5918541,-1.0652115,0.17933108,9.666667,0.27184331,637.5197700255394,868.7937155168376,591.6301445075032,7.6276872406969,40.53321166875279,185,9.25
L0522173559_0E5A,7.6472745,8.481,8.5918541,-1.0652115,0.17933108,9.666667,0.27184331,637.5197700255394,868.7937155168376,591.6301445075032,7.6276872406969,40.53321166875279,185,8.833333333333334
L0516111321_1561,4.9179726,4.889,4.8889999,-0.90704554,0.21794982,10.5,0.75512034,637.5197700255394,868.7937155168376,591.6301445075032,4.905376006983529,26.06696338374234,186,10.0
L0516111321_1561,4.9179726,4.889,4.8889999,-0.90704554,0.21794982,10.5,0.75512034,637.5197700255394,868.7937155168376,591.6301445075032,4.905376006983529,26.06696338374234,186,10.0
L0516111321_1561,4.9179726,4.889,4.8889999,-0.90704554,0.21794982,10.5,0.75512034,637.5197700255394,868.7937155168376,591.6301445075032,4.905376006983529,26.06696338374234,186,10.25
L0516111321_1561,4.9179726,4.889,4.8889999,-0.90704554,0.21794982,10.5,0.75512034,637.5197700255394,868.7937155168376,591.6301445075032,4.905376006983529,26.06696338374234,186,10.166666666666666
L0516111321_1561,4.9179726,4.889,4.8889999,-0.90704554,0.21794982,10.5,0.75512034,637.5197700255394,868.7937155168376,591.6301445075032,4.905376006983529,26.06696338374234,186,9.75
L0516111321_1561,4.9179726,4.889,4.8889999,-0.90704554,0.21794982,10.5,0.75512034,637.5197700255394,868.7937155168376,591.6301445075032,4.905376006983529,26.06696338374234,186,9.666666666666666
L0516111321_1561,4.9179726,4.889,4.8889999,-0.90704554,0.21794982,10.5,0.75512034,637.5197700255394,868.7937155168376,591.6301445075032,4.905376006983529,26.06696338374234,186,10.0
L0516111321_1561,4.9179726,4.889,4.8889999,-0.90704554,0.21794982,10.5,0.75512034,637.5197700255394,868.7937155168376,591.6301445075032,4.905376006983529,26.06696338374234,186,9.666666666666666
L0516111321_1561,4.9179726,4.889,4.8889999,-0.90704554,0.21794982,10.5,0.75512034,637.5197700255394,868.7937155168376,591.6301445075032,4.905376006983529,26.06696338374234,186,9.833333333333334
L0516111321_1561,4.9179726,4.889,4.8889999,-0.90704554,0.21794982,10.5,0.75512034,637.5197700255394,868.7937155168376,591.6301445075032,4.905376006983529,26.06696338374234,186,9.666666666666666
L0315183653,13.209072,12.556,12.556,-1.3010417,0.35405564,10.0,0.27184331,637.5197700255394,868.7937155168376,591.6301445075032,13.175239094117348,70.01267070036467,187,8.916666666666666
L0315183653,13.209072,12.556,12.556,-1.3010417,0.35405564,10.0,0.27184331,637.5197700255394,868.7937155168376,591.6301445075032,13.175239094117348,70.01267070036467,187,9.583333333333334
L0315183653,13.209072,12.556,12.556,-1.3010417,0.35405564,10.0,0.27184331,637.5197700255394,868.7937155168376,591.6301445075032,13.175239094117348,70.01267070036467,187,9.333333333333334
L0315183653,13.209072,12.556,12.556,-1.3010417,0.35405564,10.0,0.27184331,637.5197700255394,868.7937155168376,591.6301445075032,13.175239094117348,70.01267070036467,187,8.5
L0315183653,13.209072,12.556,12.556,-1.3010417,0.35405564,10.0,0.27184331,637.5197700255394,868.7937155168376,591.6301445075032,13.175239094117348,70.01267070036467,187,9.166666666666666
L0315183653,13.209072,12.556,12.556,-1.3010417,0.35405564,10.0,0.27184331,637.5197700255394,868.7937155168376,591.6301445075032,13.175239094117348,70.01267070036467,187,10.0
L0315183653,13.209072,12.556,12.556,-1.3010417,0.35405564,10.0,0.27184331,637.5197700255394,868.7937155168376,591.6301445075032,13.175239094117348,70.01267070036467,187,9.583333333333334
L0315183653,13.209072,12.556,12.556,-1.3010417,0.35405564,10.0,0.27184331,637.5197700255394,868.7937155168376,591.6301445075032,13.175239094117348,70.01267070036467,187,9.0
L0315183653,13.209072,12.556,12.556,-1.3010417,0.35405564,10.0,0.27184331,637.5197700255394,868.7937155168376,591.6301445075032,13.175239094117348,70.01267070036467,187,9.333333333333334
L0315183653,13.209072,12.556,12.556,-1.3010417,0.35405564,10.0,0.27184331,637.5197700255394,868.7937155168376,591.6301445075032,13.175239094117348,70.01267070036467,187,9.0
L0422093610_403C,7.1655722,6.517,6.5170002,-5.5599212e-5,0.19176365,9.5,0.19417374,637.5197700255394,868.7937155168376,591.6301445075032,7.147218743387911,37.98002212557306,188,10.0
L0422093610_403C,7.1655722,6.517,6.5170002,-5.5599212e-5,0.19176365,9.5,0.19417374,637.5197700255394,868.7937155168376,591.6301445075032,7.147218743387911,37.98002212557306,188,9.833333333333334
L0422093610_403C,7.1655722,6.517,6.5170002,-5.5599212e-5,0.19176365,9.5,0.19417374,637.5197700255394,868.7937155168376,591.6301445075032,7.147218743387911,37.98002212557306,188,9.666666666666666
L0422093610_403C,7.1655722,6.517,6.5170002,-5.5599212e-5,0.19176365,9.5,0.19417374,637.5197700255394,868.7937155168376,591.6301445075032,7.147218743387911,37.98002212557306,188,10.166666666666666
L0422093610_403C,7.1655722,6.517,6.5170002,-5.5599212e-5,0.19176365,9.5,0.19417374,637.5197700255394,868.7937155168376,591.6301445075032,7.147218743387911,37.98002212557306,188,9.833333333333334
L0422093610_403C,7.1655722,6.517,6.5170002,-5.5599212e-5,0.19176365,9.5,0.19417374,637.5197700255394,868.7937155168376,591.6301445075032,7.147218743387911,37.98002212557306,188,9.833333333333334
L0422093610_403C,7.1655722,6.517,6.5170002,-5.5599212e-5,0.19176365,9.5,0.19417374,637.5197700255394,868.7937155168376,591.6301445075032,7.147218743387911,37.98002212557306,188,10.083333333333334
L0422093610_403C,7.1655722,6.517,6.5170002,-5.5599212e-5,0.19176365,9.5,0.19417374,637.5197700255394,868.7937155168376,591.6301445075032,7.147218743387911,37.98002212557306,188,9.75
L0422093610_403C,7.1655722,6.517,6.5170002,-5.5599212e-5,0.19176365,9.5,0.19417374,637.5197700255394,868.7937155168376,591.6301445075032,7.147218743387911,37.98002212557306,188,10.0
L0422093610_403C,7.1655722,6.517,6.5170002,-5.5599212e-5,0.19176365,9.5,0.19417374,637.5197700255394,868.7937155168376,591.6301445075032,7.147218743387911,37.98002212557306,188,9.833333333333334
L0428170536_7ED5,8.1962938,6.943,6.9429998,0.0,1.0,10.0,0.97086877,637.5197700255394,868.7937155168376,591.6301445075032,8.17530031637587,43.44320469922797,189,9.416666666666666
L0428170536_7ED5,8.1962938,6.943,6.9429998,0.0,1.0,10.0,0.97086877,637.5197700255394,868.7937155168376,591.6301445075032,8.17530031637587,43.44320469922797,189,9.75
L0428170536_7ED5,8.1962938,6.943,6.9429998,0.0,1.0,10.0,0.97086877,637.5197700255394,868.7937155168376,591.6301445075032,8.17530031637587,43.44320469922797,189,11.166666666666666
L0428170536_7ED5,8.1962938,6.943,6.9429998,0.0,1.0,10.0,0.97086877,637.5197700255394,868.7937155168376,591.6301445075032,8.17530031637587,43.44320469922797,189,10.916666666666666
L0428170536_7ED5,8.1962938,6.943,6.9429998,0.0,1.0,10.0,0.97086877,637.5197700255394,868.7937155168376,591.6301445075032,8.17530031637587,43.44320469922797,189,10.0
L0428170536_7ED5,8.1962938,6.943,6.9429998,0.0,1.0,10.0,0.97086877,637.5197700255394,868.7937155168376,591.6301445075032,8.17530031637587,43.44320469922797,189,10.166666666666666
L0428170536_7ED5,8.1962938,6.943,6.9429998,0.0,1.0,10.0,0.97086877,637.5197700255394,868.7937155168376,591.6301445075032,8.17530031637587,43.44320469922797,189,10.833333333333334
L0428170536_7ED5,8.1962938,6.943,6.9429998,0.0,1.0,10.0,0.97086877,637.5197700255394,868.7937155168376,591.6301445075032,8.17530031637587,43.44320469922797,189,9.666666666666666
L0428170536_7ED5,8.1962938,6.943,6.9429998,0.0,1.0,10.0,0.97086877,637.5197700255394,868.7937155168376,591.6301445075032,8.17530031637587,43.44320469922797,189,11.083333333333334
L0428170536_7ED5,8.1962938,6.943,6.9429998,0.0,1.0,10.0,0.97086877,637.5197700255394,868.7937155168376,591.6301445075032,8.17530031637587,43.44320469922797,189,11.0
L0419164811,22.338934,23.682,24.920334,0.0,1.0,10.5,0.75512034,637.5197700255394,868.7937155168376,591.6301445075032,22.28171642623397,118.40411120017968,190,12.25
L0419164811,22.338934,23.682,24.920334,0.0,1.0,10.5,0.75512034,637.5197700255394,868.7937155168376,591.6301445075032,22.28171642623397,118.40411120017968,190,11.25
L0419164811,22.338934,23.682,24.920334,0.0,1.0,10.5,0.75512034,637.5197700255394,868.7937155168376,591.6301445075032,22.28171642623397,118.40411120017968,190,10.583333333333334
L0419164811,22.338934,23.682,24.920334,0.0,1.0,10.5,0.75512034,637.5197700255394,868.7937155168376,591.6301445075032,22.28171642623397,118.40411120017968,190,12.166666666666666
L0419164811,22.338934,23.682,24.920334,0.0,1.0,10.5,0.75512034,637.5197700255394,868.7937155168376,591.6301445075032,22.28171642623397,118.40411120017968,190,12.333333333333334
L0419164811,22.338934,23.682,24.920334,0.0,1.0,10.5,0.75512034,637.5197700255394,868.7937155168376,591.6301445075032,22.28171642623397,118.40411120017968,190,10.5
L0419164811,22.338934,23.682,24.920334,0.0,1.0,10.5,0.75512034,637.5197700255394,868.7937155168376,591.6301445075032,22.28171642623397,118.40411120017968,190,12.083333333333334
L0419164811,22.338934,23.682,24.920334,0.0,1.0,10.5,0.75512034,637.5197700255394,868.7937155168376,591.6301445075032,22.28171642623397,118.40411120017968,190,11.833333333333334
L0419164811,22.338934,23.682,24.920334,0.0,1.0,10.5,0.75512034,637.5197700255394,868.7937155168376,591.6301445075032,22.28171642623397,118.40411120017968,190,10.166666666666666
L0419164811,22.338934,23.682,24.920334,0.0,1.0,10.5,0.75512034,637.5197700255394,868.7937155168376,591.6301445075032,22.28171642623397,118.40411120017968,190,12.666666666666666
L0420145724,14.385073,13.773,13.773,0.0,1.0,10.5,1.365725,637.5197700255394,868.7937155168376,591.6301445075032,14.348227957371412,76.24588456703898,191,11.916666666666666
L0420145724,14.385073,13.773,13.773,0.0,1.0,10.5,1.365725,637.5197700255394,868.7937155168376,591.6301445075032,14.348227957371412,76.24588456703898,191,10.916666666666666
L0420145724,14.385073,13.773,13.773,0.0,1.0,10.5,1.365725,637.5197700255394,868.7937155168376,591.6301445075032,14.348227957371412,76.24588456703898,191,11.666666666666666
L0420145724,14.385073,13.773,13.773,0.0,1.0,10.5,1.365725,637.5197700255394,868.7937155168376,591.6301445075032,14.348227957371412,76.24588456703898,191,8.333333333333334
L0420145724,14.385073,13.773,13.773,0.0,1.0,10.5,1.365725,637.5197700255394,868.7937155168376,591.6301445075032,14.348227957371412,76.24588456703898,191,10.25
L0420145724,14.385073,13.773,13.773,0.0,1.0,10.5,1.365725,637.5197700255394,868.7937155168376,591.6301445075032,14.348227957371412,76.24588456703898,191,11.416666666666666
L0420145724,14.385073,13.773,13.773,0.0,1.0,10.5,1.365725,637.5197700255394,868.7937155168376,591.6301445075032,14.348227957371412,76.24588456703898,191,10.5
L0420145724,14.385073,13.773,13.773,0.0,1.0,10.5,1.365725,637.5197700255394,868.7937155168376,591.6301445075032,14.348227957371412,76.24588456703898,191,10.75
L0420145724,14.385073,13.773,13.773,0.0,1.0,10.5,1.365725,637.5197700255394,868.7937155168376,591.6301445075032,14.348227957371412,76.24588456703898,191,11.166666666666666
L0420145724,14.385073,13.773,13.773,0.0,1.0,10.5,1.365725,637.5197700255394,868.7937155168376,591.6301445075032,14.348227957371412,76.24588456703898,191,10.75
L0524095701_65FC,3.7454412,3.608,3.608,-1.643598,0.6295011,10.0,1.3592167,637.5197700255394,868.7937155168376,591.6301445075032,3.7358478569090847,19.852139602477653,192,8.75
L0524095701_65FC,3.7454412,3.608,3.608,-1.643598,0.6295011,10.0,1.3592167,637.5197700255394,868.7937155168376,591.6301445075032,3.7358478569090847,19.852139602477653,192,7.916666666666667
L0524095701_65FC,3.7454412,3.608,3.608,-1.643598,0.6295011,10.0,1.3592167,637.5197700255394,868.7937155168376,591.6301445075032,3.7358478569090847,19.852139602477653,192,8.5
L0524095701_65FC,3.7454412,3.608,3.608,-1.643598,0.6295011,10.0,1.3592167,637.5197700255394,868.7937155168376,591.6301445075032,3.7358478569090847,19.852139602477653,192,9.0
L0524095701_65FC,3.7454412,3.608,3.608,-1.643598,0.6295011,10.0,1.3592167,637.5197700255394,868.7937155168376,591.6301445075032,3.7358478569090847,19.852139602477653,192,8.75
L0524095701_65FC,3.7454412,3.608,3.608,-1.643598,0.6295011,10.0,1.3592167,637.5197700255394,868.7937155168376,591.6301445075032,3.7358478569090847,19.852139602477653,192,7.5
L0524095701_65FC,3.7454412,3.608,3.608,-1.643598,0.6295011,10.0,1.3592167,637.5197700255394,868.7937155168376,591.6301445075032,3.7358478569090847,19.852139602477653,192,7.5
L0524095701_65FC,3.7454412,3.608,3.608,-1.643598,0.6295011,10.0,1.3592167,637.5197700255394,868.7937155168376,591.6301445075032,3.7358478569090847,19.852139602477653,192,8.75
L0524095701_65FC,3.7454412,3.608,3.608,-1.643598,0.6295011,10.0,1.3592167,637.5197700255394,868.7937155168376,591.6301445075032,3.7358478569090847,19.852139602477653,192,9.0
L0524095701_65FC,3.7454412,3.608,3.608,-1.643598,0.6295011,10.0,1.3592167,637.5197700255394,868.7937155168376,591.6301445075032,3.7358478569090847,19.852139602477653,192,8.083333333333334
L0419164811,22.338934,23.682,24.920334,0.0,1.0,10.5,0.75512034,637.5197700255394,868.7937155168376,591.6301445075032,22.28171642623397,118.40411120017968,193,12.0
L0419164811,22.338934,23.682,24.920334,0.0,1.0,10.5,0.75512034,637.5197700255394,868.7937155168376,591.6301445075032,22.28171642623397,118.40411120017968,193,11.333333333333334
L0419164811,22.338934,23.682,24.920334,0.0,1.0,10.5,0.75512034,637.5197700255394,868.7937155168376,591.6301445075032,22.28171642623397,118.40411120017968,193,10.5
L0419164811,22.338934,23.682,24.920334,0.0,1.0,10.5,0.75512034,637.5197700255394,868.7937155168376,591.6301445075032,22.28171642623397,118.40411120017968,193,12.583333333333334
L0419164811,22.338934,23.682,24.920334,0.0,1.0,10.5,0.75512034,637.5197700255394,868.7937155168376,591.6301445075032,22.28171642623397,118.40411120017968,193,12.5
L0419164811,22.338934,23.682,24.920334,0.0,1.0,10.5,0.75512034,637.5197700255394,868.7937155168376,591.6301445075032,22.28171642623397,118.40411120017968,193,10.75
L0419164811,22.338934,23.682,24.920334,0.0,1.0,10.5,0.75512034,637.5197700255394,868.7937155168376,591.6301445075032,22.28171642623397,118.40411120017968,193,12.166666666666666
L0419164811,22.338934,23.682,24.920334,0.0,1.0,10.5,0.75512034,637.5197700255394,868.7937155168376,591.6301445075032,22.28171642623397,118.40411120017968,193,11.0
L0419164811,22.338934,23.682,24.920334,0.0,1.0,10.5,0.75512034,637.5197700255394,868.7937155168376,591.6301445075032,22.28171642623397,118.40411120017968,193,11.666666666666666
L0419164811,22.338934,23.682,24.920334,0.0,1.0,10.5,0.75512034,637.5197700255394,868.7937155168376,591.6301445075032,22.28171642623397,118.40411120017968,193,9.333333333333334
L0511173921_276A,15.668612,15.998,15.998,-2.2331672,0.35177928,9.666667,0.75512034,637.5197700255394,868.7937155168376,591.6301445075032,15.628479379395932,83.04908719460248,194,8.25
L0511173921_276A,15.668612,15.998,15.998,-2.2331672,0.35177928,9.666667,0.75512034,637.5197700255394,868.7937155168376,591.6301445075032,15.628479379395932,83.04908719460248,194,8.666666666666666
L0511173921_276A,15.668612,15.998,15.998,-2.2331672,0.35177928,9.666667,0.75512034,637.5197700255394,868.7937155168376,591.6301445075032,15.628479379395932,83.04908719460248,194,8.0
L0511173921_276A,15.668612,15.998,15.998,-2.2331672,0.35177928,9.666667,0.75512034,637.5197700255394,868.7937155168376,591.6301445075032,15.628479379395932,83.04908719460248,194,7.916666666666667
L0511173921_276A,15.668612,15.998,15.998,-2.2331672,0.35177928,9.666667,0.75512034,637.5197700255394,868.7937155168376,591.6301445075032,15.628479379395932,83.04908719460248,194,8.75
L0511173921_276A,15.668612,15.998,15.998,-2.2331672,0.35177928,9.666667,0.75512034,637.5197700255394,868.7937155168376,591.6301445075032,15.628479379395932,83.04908719460248,194,9.0
L0511173921_276A,15.668612,15.998,15.998,-2.2331672,0.35177928,9.666667,0.75512034,637.5197700255394,868.7937155168376,591.6301445075032,15.628479379395932,83.04908719460248,194,8.25
L0511173921_276A,15.668612,15.998,15.998,-2.2331672,0.35177928,9.666667,0.75512034,637.5197700255394,868.7937155168376,591.6301445075032,15.628479379395932,83.04908719460248,194,8.416666666666666
L0511173921_276A,15.668612,15.998,15.998,-2.2331672,0.35177928,9.666667,0.75512034,637.5197700255394,868.7937155168376,591.6301445075032,15.628479379395932,83.04908719460248,194,8.583333333333334
L0511173921_276A,15.668612,15.998,15.998,-2.2331672,0.35177928,9.666667,0.75512034,637.5197700255394,868.7937155168376,591.6301445075032,15.628479379395932,83.04908719460248,194,8.416666666666666
L0418201900,15.501371,16.171,16.171,-1.1948786,0.21625219,9.5,0.48543462,637.5197700255394,868.7937155168376,591.6301445075032,15.461666740223455,82.1626517916764,195,8.916666666666666
L0418201900,15.501371,16.171,16.171,-1.1948786,0.21625219,9.5,0.48543462,637.5197700255394,868.7937155168376,591.6301445075032,15.461666740223455,82.1626517916764,195,8.916666666666666
L0418201900,15.501371,16.171,16.171,-1.1948786,0.21625219,9.5,0.48543462,637.5197700255394,868.7937155168376,591.6301445075032,15.461666740223455,82.1626517916764,195,9.083333333333334
L0418201900,15.501371,16.171,16.171,-1.1948786,0.21625219,9.5,0.48543462,637.5197700255394,868.7937155168376,591.6301445075032,15.461666740223455,82.1626517916764,195,8.833333333333334
L0418201900,15.501371,16.171,16.171,-1.1948786,0.21625219,9.5,0.48543462,637.5197700255394,868.7937155168376,591.6301445075032,15.461666740223455,82.1626517916764,195,8.583333333333334
L0418201900,15.501371,16.171,16.171,-1.1948786,0.21625219,9.5,0.48543462,637.5197700255394,868.7937155168376,591.6301445075032,15.461666740223455,82.1626517916764,195,9.0
L0418201900,15.501371,16.171,16.171,-1.1948786,0.21625219,9.5,0.48543462,637.5197700255394,868.7937155168376,591.6301445075032,15.461666740223455,82.1626517916764,195,9.166666666666666
L0418201900,15.501371,16.171,16.171,-1.1948786,0.21625219,9.5,0.48543462,637.5197700255394,868.7937155168376,591.6301445075032,15.461666740223455,82.1626517916764,195,8.666666666666666
L0418201900,15.501371,16.171,16.171,-1.1948786,0.21625219,9.5,0.48543462,637.5197700255394,868.7937155168376,591.6301445075032,15.461666740223455,82.1626517916764,195,9.083333333333334
L0418201900,15.501371,16.171,16.171,-1.1948786,0.21625219,9.5,0.48543462,637.5197700255394,868.7937155168376,591.6301445075032,15.461666740223455,82.1626517916764,195,9.333333333333334
L0318131309,6.6990094,7.746,7.9165487,-0.98796302,0.080702856,10.0,0.48543462,637.5197700255394,868.7937155168376,591.6301445075032,6.681850968693303,35.50707719216364,196,9.666666666666666
L0318131309,6.6990094,7.746,7.9165487,-0.98796302,0.080702856,10.0,0.48543462,637.5197700255394,868.7937155168376,591.6301445075032,6.681850968693303,35.50707719216364,196,9.666666666666666
L0318131309,6.6990094,7.746,7.9165487,-0.98796302,0.080702856,10.0,0.48543462,637.5197700255394,868.7937155168376,591.6301445075032,6.681850968693303,35.50707719216364,196,9.666666666666666
L0318131309,6.6990094,7.746,7.9165487,-0.98796302,0.080702856,10.0,0.48543462,637.5197700255394,868.7937155168376,591.6301445075032,6.681850968693303,35.50707719216364,196,9.583333333333334
L0318131309,6.6990094,7.746,7.9165487,-0.98796302,0.080702856,10.0,0.48543462,637.5197700255394,868.7937155168376,591.6301445075032,6.681850968693303,35.50707719216364,196,9.666666666666666
L0318131309,6.6990094,7.746,7.9165487,-0.98796302,0.080702856,10.0,0.48543462,637.5197700255394,868.7937155168376,591.6301445075032,6.681850968693303,35.50707719216364,196,9.583333333333334
L0318131309,6.6990094,7.746,7.9165487,-0.98796302,0.080702856,10.0,0.48543462,637.5197700255394,868.7937155168376,591.6301445075032,6.681850968693303,35.50707719216364,196,9.583333333333334
L0318131309,6.6990094,7.746,7.9165487,-0.98796302,0.080702856,10.0,0.48543462,637.5197700255394,868.7937155168376,591.6301445075032,6.681850968693303,35.50707719216364,196,9.75
L0318131309,6.6990094,7.746,7.9165487,-0.98796302,0.080702856,10.0,0.48543462,637.5197700255394,868.7937155168376,591.6301445075032,6.681850968693303,35.50707719216364,196,9.5
L0318131309,6.6990094,7.746,7.9165487,-0.98796302,0.080702856,10.0,0.48543462,637.5197700255394,868.7937155168376,591.6301445075032,6.681850968693303,35.50707719216364,196,9.666666666666666
L0306195634,5.8598218,5.798,5.7979999,-1.0439502,0.11427998,9.833333,2.1324158,637.5197700255394,868.7937155168376,591.6301445075032,5.8448128122794,31.059091361317293,197,8.916666666666666
L0306195634,5.8598218,5.798,5.7979999,-1.0439502,0.11427998,9.833333,2.1324158,637.5197700255394,868.7937155168376,591.6301445075032,5.8448128122794,31.059091361317293,197,9.25
L0306195634,5.8598218,5.798,5.7979999,-1.0439502,0.11427998,9.833333,2.1324158,637.5197700255394,868.7937155168376,591.6301445075032,5.8448128122794,31.059091361317293,197,9.166666666666666
L0306195634,5.8598218,5.798,5.7979999,-1.0439502,0.11427998,9.833333,2.1324158,637.5197700255394,868.7937155168376,591.6301445075032,5.8448128122794,31.059091361317293,197,9.166666666666666
L0306195634,5.8598218,5.798,5.7979999,-1.0439502,0.11427998,9.833333,2.1324158,637.5197700255394,868.7937155168376,591.6301445075032,5.8448128122794,31.059091361317293,197,9.25
L0306195634,5.8598218,5.798,5.7979999,-1.0439502,0.11427998,9.833333,2.1324158,637.5197700255394,868.7937155168376,591.6301445075032,5.8448128122794,31.059091361317293,197,9.25
L0306195634,5.8598218,5.798,5.7979999,-1.0439502,0.11427998,9.833333,2.1324158,637.5197700255394,868.7937155168376,591.6301445075032,5.8448128122794,31.059091361317293,197,9.083333333333334
L0306195634,5.8598218,5.798,5.7979999,-1.0439502,0.11427998,9.833333,2.1324158,637.5197700255394,868.7937155168376,591.6301445075032,5.8448128122794,31.059091361317293,197,9.166666666666666
L0306195634,5.8598218,5.798,5.7979999,-1.0439502,0.11427998,9.833333,2.1324158,637.5197700255394,868.7937155168376,591.6301445075032,5.8448128122794,31.059091361317293,197,9.083333333333334
L0306195634,5.8598218,5.798,5.7979999,-1.0439502,0.11427998,9.833333,2.1324158,637.5197700255394,868.7937155168376,591.6301445075032,5.8448128122794,31.059091361317293,197,9.0
L0522201601_AD83,16.37249,21.256,20.036036,-1.3187499,0.26905724,10.5,0.75512034,637.5197700255394,868.7937155168376,591.6301445075032,16.33055450951023,86.77988513614078,198,10.166666666666666
L0522201601_AD83,16.37249,21.256,20.036036,-1.3187499,0.26905724,10.5,0.75512034,637.5197700255394,868.7937155168376,591.6301445075032,16.33055450951023,86.77988513614078,198,10.666666666666666
L0522201601_AD83,16.37249,21.256,20.036036,-1.3187499,0.26905724,10.5,0.75512034,637.5197700255394,868.7937155168376,591.6301445075032,16.33055450951023,86.77988513614078,198,10.166666666666666
L0522201601_AD83,16.37249,21.256,20.036036,-1.3187499,0.26905724,10.5,0.75512034,637.5197700255394,868.7937155168376,591.6301445075032,16.33055450951023,86.77988513614078,198,10.0
L0522201601_AD83,16.37249,21.256,20.036036,-1.3187499,0.26905724,10.5,0.75512034,637.5197700255394,868.7937155168376,591.6301445075032,16.33055450951023,86.77988513614078,198,10.583333333333334
L0522201601_AD83,16.37249,21.256,20.036036,-1.3187499,0.26905724,10.5,0.75512034,637.5197700255394,868.7937155168376,591.6301445075032,16.33055450951023,86.77988513614078,198,10.166666666666666
L0522201601_AD83,16.37249,21.256,20.036036,-1.3187499,0.26905724,10.5,0.75512034,637.5197700255394,868.7937155168376,591.6301445075032,16.33055450951023,86.77988513614078,198,10.166666666666666
L0522201601_AD83,16.37249,21.256,20.036036,-1.3187499,0.26905724,10.5,0.75512034,637.5197700255394,868.7937155168376,591.6301445075032,16.33055450951023,86.77988513614078,198,10.5
L0522201601_AD83,16.37249,21.256,20.036036,-1.3187499,0.26905724,10.5,0.75512034,637.5197700255394,868.7937155168376,591.6301445075032,16.33055450951023,86.77988513614078,198,10.166666666666666
L0522201601_AD83,16.37249,21.256,20.036036,-1.3187499,0.26905724,10.5,0.75512034,637.5197700255394,868.7937155168376,591.6301445075032,16.33055450951023,86.77988513614078,198,10.166666666666666
L0328133114,2.5862164,3.963,3.9721668,0.0,1.0,9.5,2.673032,637.5197700255394,868.7937155168376,591.6301445075032,2.5795922241265266,13.707845424196536,199,9.0
L0328133114,2.5862164,3.963,3.9721668,0.0,1.0,9.5,2.673032,637.5197700255394,868.7937155168376,591.6301445075032,2.5795922241265266,13.707845424196536,199,8.916666666666666
L0328133114,2.5862164,3.963,3.9721668,0.0,1.0,9.5,2.673032,637.5197700255394,868.7937155168376,591.6301445075032,2.5795922241265266,13.707845424196536,199,8.5
L0328133114,2.5862164,3.963,3.9721668,0.0,1.0,9.5,2.673032,637.5197700255394,868.7937155168376,591.6301445075032,2.5795922241265266,13.707845424196536,199,9.5
L0328133114,2.5862164,3.963,3.9721668,0.0,1.0,9.5,2.673032,637.5197700255394,868.7937155168376,591.6301445075032,2.5795922241265266,13.707845424196536,199,10.0
L0328133114,2.5862164,3.963,3.9721668,0.0,1.0,9.5,2.673032,637.5197700255394,868.7937155168376,591.6301445075032,2.5795922241265266,13.707845424196536,199,8.583333333333334
L0328133114,2.5862164,3.963,3.9721668,0.0,1.0,9.5,2.673032,637.5197700255394,868.7937155168376,591.6301445075032,2.5795922241265266,13.707845424196536,199,8.166666666666666
L0328133114,2.5862164,3.963,3.9721668,0.0,1.0,9.5,2.673032,637.5197700255394,868.7937155168376,591.6301445075032,2.5795922241265266,13.707845424196536,199,8.75
L0328133114,2.5862164,3.963,3.9721668,0.0,1.0,9.5,2.673032,637.5197700255394,868.7937155168376,591.6301445075032,2.5795922241265266,13.707845424196536,199,11.666666666666666
L0328133114,2.5862164,3.963,3.9721668,0.0,1.0,9.5,2.673032,637.5197700255394,868.7937155168376,591.6301445075032,2.5795922241265266,13.707845424196536,199,9.666666666666666
L0612095352_E44C,11.926882,12.776,12.812486,-0.59586799,0.72817743,10.0,0.75512034,637.5197700255394,868.7937155168376,591.6301445075032,11.896333216847065,63.216618241471224,200,11.333333333333334
L0612095352_E44C,11.926882,12.776,12.812486,-0.59586799,0.72817743,10.0,0.75512034,637.5197700255394,868.7937155168376,591.6301445075032,11.896333216847065,63.216618241471224,200,10.25
L0612095352_E44C,11.926882,12.776,12.812486,-0.59586799,0.72817743,10.0,0.75512034,637.5197700255394,868.7937155168376,591.6301445075032,11.896333216847065,63.216618241471224,200,9.416666666666666
L0612095352_E44C,11.926882,12.776,12.812486,-0.59586799,0.72817743,10.0,0.75512034,637.5197700255394,868.7937155168376,591.6301445075032,11.896333216847065,63.216618241471224,200,10.916666666666666
L0612095352_E44C,11.926882,12.776,12.812486,-0.59586799,0.72817743,10.0,0.75512034,637.5197700255394,868.7937155168376,591.6301445075032,11.896333216847065,63.216618241471224,200,11.75
L0612095352_E44C,11.926882,12.776,12.812486,-0.59586799,0.72817743,10.0,0.75512034,637.5197700255394,868.7937155168376,591.6301445075032,11.896333216847065,63.216618241471224,200,10.25
L0612095352_E44C,11.926882,12.776,12.812486,-0.59586799,0.72817743,10.0,0.75512034,637.5197700255394,868.7937155168376,591.6301445075032,11.896333216847065,63.216618241471224,200,11.0
L0612095352_E44C,11.926882,12.776,12.812486,-0.59586799,0.72817743,10.0,0.75512034,637.5197700255394,868.7937155168376,591.6301445075032,11.896333216847065,63.216618241471224,200,10.083333333333334
L0612095352_E44C,11.926882,12.776,12.812486,-0.59586799,0.72817743,10.0,0.75512034,637.5197700255394,868.7937155168376,591.6301445075032,11.896333216847065,63.216618241471224,200,10.416666666666666
L0612095352_E44C,11.926882,12.776,12.812486,-0.59586799,0.72817743,10.0,0.75512034,637.5197700255394,868.7937155168376,591.6301445075032,11.896333216847065,63.216618241471224,200,12.083333333333334
L0221174033,17.031301,17.505,17.220257,-0.2751112,0.12618171,9.5,0.75512034,637.5197700255394,868.7937155168376,591.6301445075032,16.98767807147087,90.27181232048636,201,10.25
L0221174033,17.031301,17.505,17.220257,-0.2751112,0.12618171,9.5,0.75512034,637.5197700255394,868.7937155168376,591.6301445075032,16.98767807147087,90.27181232048636,201,10.166666666666666
L0221174033,17.031301,17.505,17.220257,-0.2751112,0.12618171,9.5,0.75512034,637.5197700255394,868.7937155168376,591.6301445075032,16.98767807147087,90.27181232048636,201,10.333333333333334
L0221174033,17.031301,17.505,17.220257,-0.2751112,0.12618171,9.5,0.75512034,637.5197700255394,868.7937155168376,591.6301445075032,16.98767807147087,90.27181232048636,201,10.166666666666666
L0221174033,17.031301,17.505,17.220257,-0.2751112,0.12618171,9.5,0.75512034,637.5197700255394,868.7937155168376,591.6301445075032,16.98767807147087,90.27181232048636,201,10.333333333333334
L0221174033,17.031301,17.505,17.220257,-0.2751112,0.12618171,9.5,0.75512034,637.5197700255394,868.7937155168376,591.6301445075032,16.98767807147087,90.27181232048636,201,10.416666666666666
L0221174033,17.031301,17.505,17.220257,-0.2751112,0.12618171,9.5,0.75512034,637.5197700255394,868.7937155168376,591.6301445075032,16.98767807147087,90.27181232048636,201,10.416666666666666
L0221174033,17.031301,17.505,17.220257,-0.2751112,0.12618171,9.5,0.75512034,637.5197700255394,868.7937155168376,591.6301445075032,16.98767807147087,90.27181232048636,201,10.5
L0221174033,17.031301,17.505,17.220257,-0.2751112,0.12618171,9.5,0.75512034,637.5197700255394,868.7937155168376,591.6301445075032,16.98767807147087,90.27181232048636,201,10.25
L0221174033,17.031301,17.505,17.220257,-0.2751112,0.12618171,9.5,0.75512034,637.5197700255394,868.7937155168376,591.6301445075032,16.98767807147087,90.27181232048636,201,10.25
L0515140017_1614,21.810308,21.507,21.507,-1.4440277,0.42095292,9.5,0.37756038,637.5197700255394,868.7937155168376,591.6301445075032,21.754444416408685,115.60220974475186,202,9.416666666666666
L0515140017_1614,21.810308,21.507,21.507,-1.4440277,0.42095292,9.5,0.37756038,637.5197700255394,868.7937155168376,591.6301445075032,21.754444416408685,115.60220974475186,202,9.583333333333334
L0515140017_1614,21.810308,21.507,21.507,-1.4440277,0.42095292,9.5,0.37756038,637.5197700255394,868.7937155168376,591.6301445075032,21.754444416408685,115.60220974475186,202,8.75
L0515140017_1614,21.810308,21.507,21.507,-1.4440277,0.42095292,9.5,0.37756038,637.5197700255394,868.7937155168376,591.6301445075032,21.754444416408685,115.60220974475186,202,9.916666666666666
L0515140017_1614,21.810308,21.507,21.507,-1.4440277,0.42095292,9.5,0.37756038,637.5197700255394,868.7937155168376,591.6301445075032,21.754444416408685,115.60220974475186,202,9.833333333333334
L0515140017_1614,21.810308,21.507,21.507,-1.4440277,0.42095292,9.5,0.37756038,637.5197700255394,868.7937155168376,591.6301445075032,21.754444416408685,115.60220974475186,202,9.583333333333334
L0515140017_1614,21.810308,21.507,21.507,-1.4440277,0.42095292,9.5,0.37756038,637.5197700255394,868.7937155168376,591.6301445075032,21.754444416408685,115.60220974475186,202,8.75
L0515140017_1614,21.810308,21.507,21.507,-1.4440277,0.42095292,9.5,0.37756038,637.5197700255394,868.7937155168376,591.6301445075032,21.754444416408685,115.60220974475186,202,9.583333333333334
L0515140017_1614,21.810308,21.507,21.507,-1.4440277,0.42095292,9.5,0.37756038,637.5197700255394,868.7937155168376,591.6301445075032,21.754444416408685,115.60220974475186,202,9.416666666666666
L0515140017_1614,21.810308,21.507,21.507,-1.4440277,0.42095292,9.5,0.37756038,637.5197700255394,868.7937155168376,591.6301445075032,21.754444416408685,115.60220974475186,202,9.583333333333334
L0509084542_17D2,5.0289755,4.727,4.9911804,0.90199995,0.49816197,10.5,0.37756038,637.5197700255394,868.7937155168376,591.6301445075032,5.016094590971896,26.655317318408265,203,11.583333333333334
L0509084542_17D2,5.0289755,4.727,4.9911804,0.90199995,0.49816197,10.5,0.37756038,637.5197700255394,868.7937155168376,591.6301445075032,5.016094590971896,26.655317318408265,203,11.666666666666666
L0509084542_17D2,5.0289755,4.727,4.9911804,0.90199995,0.49816197,10.5,0.37756038,637.5197700255394,868.7937155168376,591.6301445075032,5.016094590971896,26.655317318408265,203,11.916666666666666
L0509084542_17D2,5.0289755,4.727,4.9911804,0.90199995,0.49816197,10.5,0.37756038,637.5197700255394,868.7937155168376,591.6301445075032,5.016094590971896,26.655317318408265,203,12.333333333333334
L0509084542_17D2,5.0289755,4.727,4.9911804,0.90199995,0.49816197,10.5,0.37756038,637.5197700255394,868.7937155168376,591.6301445075032,5.016094590971896,26.655317318408265,203,11.416666666666666
L0509084542_17D2,5.0289755,4.727,4.9911804,0.90199995,0.49816197,10.5,0.37756038,637.5197700255394,868.7937155168376,591.6301445075032,5.016094590971896,26.655317318408265,203,12.333333333333334
L0509084542_17D2,5.0289755,4.727,4.9911804,0.90199995,0.49816197,10.5,0.37756038,637.5197700255394,868.7937155168376,591.6301445075032,5.016094590971896,26.655317318408265,203,11.666666666666666
L0509084542_17D2,5.0289755,4.727,4.9911804,0.90199995,0.49816197,10.5,0.37756038,637.5197700255394,868.7937155168376,591.6301445075032,5.016094590971896,26.655317318408265,203,12.0
L0509084542_17D2,5.0289755,4.727,4.9911804,0.90199995,0.49816197,10.5,0.37756038,637.5197700255394,868.7937155168376,591.6301445075032,5.016094590971896,26.655317318408265,203,11.583333333333334
L0509084542_17D2,5.0289755,4.727,4.9911804,0.90199995,0.49816197,10.5,0.37756038,637.5197700255394,868.7937155168376,591.6301445075032,5.016094590971896,26.655317318408265,203,10.916666666666666
L0209112655,4.2264585,4.339,4.3390002,0.80419195,0.82975614,10.5,0.19417374,637.5197700255394,868.7937155168376,591.6301445075032,4.215633108735008,22.40169840767445,204,11.416666666666666
L0209112655,4.2264585,4.339,4.3390002,0.80419195,0.82975614,10.5,0.19417374,637.5197700255394,868.7937155168376,591.6301445075032,4.215633108735008,22.40169840767445,204,11.75
L0209112655,4.2264585,4.339,4.3390002,0.80419195,0.82975614,10.5,0.19417374,637.5197700255394,868.7937155168376,591.6301445075032,4.215633108735008,22.40169840767445,204,12.166666666666666
L0209112655,4.2264585,4.339,4.3390002,0.80419195,0.82975614,10.5,0.19417374,637.5197700255394,868.7937155168376,591.6301445075032,4.215633108735008,22.40169840767445,204,11.0
L0209112655,4.2264585,4.339,4.3390002,0.80419195,0.82975614,10.5,0.19417374,637.5197700255394,868.7937155168376,591.6301445075032,4.215633108735008,22.40169840767445,204,12.416666666666666
L0209112655,4.2264585,4.339,4.3390002,0.80419195,0.82975614,10.5,0.19417374,637.5197700255394,868.7937155168376,591.6301445075032,4.215633108735008,22.40169840767445,204,12.916666666666666
L0209112655,4.2264585,4.339,4.3390002,0.80419195,0.82975614,10.5,0.19417374,637.5197700255394,868.7937155168376,591.6301445075032,4.215633108735008,22.40169840767445,204,10.833333333333334
L0209112655,4.2264585,4.339,4.3390002,0.80419195,0.82975614,10.5,0.19417374,637.5197700255394,868.7937155168376,591.6301445075032,4.215633108735008,22.40169840767445,204,11.666666666666666
L0209112655,4.2264585,4.339,4.3390002,0.80419195,0.82975614,10.5,0.19417374,637.5197700255394,868.7937155168376,591.6301445075032,4.215633108735008,22.40169840767445,204,10.666666666666666
L0209112655,4.2264585,4.339,4.3390002,0.80419195,0.82975614,10.5,0.19417374,637.5197700255394,868.7937155168376,591.6301445075032,4.215633108735008,22.40169840767445,204,12.833333333333334
L0303194826,4.7241011,7.963,7.9629998,-0.89488572,0.92374587,9.5,3.3980434,637.5197700255394,868.7937155168376,591.6301445075032,4.712001077538435,25.039377078838736,205,8.5
L0303194826,4.7241011,7.963,7.9629998,-0.89488572,0.92374587,9.5,3.3980434,637.5197700255394,868.7937155168376,591.6301445075032,4.712001077538435,25.039377078838736,205,9.5
L0303194826,4.7241011,7.963,7.9629998,-0.89488572,0.92374587,9.5,3.3980434,637.5197700255394,868.7937155168376,591.6301445075032,4.712001077538435,25.039377078838736,205,9.833333333333334
L0303194826,4.7241011,7.963,7.9629998,-0.89488572,0.92374587,9.5,3.3980434,637.5197700255394,868.7937155168376,591.6301445075032,4.712001077538435,25.039377078838736,205,10.916666666666666
L0303194826,4.7241011,7.963,7.9629998,-0.89488572,0.92374587,9.5,3.3980434,637.5197700255394,868.7937155168376,591.6301445075032,4.712001077538435,25.039377078838736,205,10.166666666666666
L0303194826,4.7241011,7.963,7.9629998,-0.89488572,0.92374587,9.5,3.3980434,637.5197700255394,868.7937155168376,591.6301445075032,4.712001077538435,25.039377078838736,205,9.0
L0303194826,4.7241011,7.963,7.9629998,-0.89488572,0.92374587,9.5,3.3980434,637.5197700255394,868.7937155168376,591.6301445075032,4.712001077538435,25.039377078838736,205,8.0
L0303194826,4.7241011,7.963,7.9629998,-0.89488572,0.92374587,9.5,3.3980434,637.5197700255394,868.7937155168376,591.6301445075032,4.712001077538435,25.039377078838736,205,8.25
L0303194826,4.7241011,7.963,7.9629998,-0.89488572,0.92374587,9.5,3.3980434,637.5197700255394,868.7937155168376,591.6301445075032,4.712001077538435,25.039377078838736,205,9.0
L0303194826,4.7241011,7.963,7.9629998,-0.89488572,0.92374587,9.5,3.3980434,637.5197700255394,868.7937155168376,591.6301445075032,4.712001077538435,25.039377078838736,205,9.5
L0424112134_9086,3.2904012,3.939,3.9389999,-1.2236944,0.4769592,10.5,0.97086877,637.5197700255394,868.7937155168376,591.6301445075032,3.281973368422144,17.440269512323404,206,8.833333333333334
L0424112134_9086,3.2904012,3.939,3.9389999,-1.2236944,0.4769592,10.5,0.97086877,637.5197700255394,868.7937155168376,591.6301445075032,3.281973368422144,17.440269512323404,206,9.583333333333334
L0424112134_9086,3.2904012,3.939,3.9389999,-1.2236944,0.4769592,10.5,0.97086877,637.5197700255394,868.7937155168376,591.6301445075032,3.281973368422144,17.440269512323404,206,9.583333333333334
L0424112134_9086,3.2904012,3.939,3.9389999,-1.2236944,0.4769592,10.5,0.97086877,637.5197700255394,868.7937155168376,591.6301445075032,3.281973368422144,17.440269512323404,206,9.75
L0424112134_9086,3.2904012,3.939,3.9389999,-1.2236944,0.4769592,10.5,0.97086877,637.5197700255394,868.7937155168376,591.6301445075032,3.281973368422144,17.440269512323404,206,9.583333333333334
L0424112134_9086,3.2904012,3.939,3.9389999,-1.2236944,0.4769592,10.5,0.97086877,637.5197700255394,868.7937155168376,591.6301445075032,3.281973368422144,17.440269512323404,206,9.416666666666666
L0424112134_9086,3.2904012,3.939,3.9389999,-1.2236944,0.4769592,10.5,0.97086877,637.5197700255394,868.7937155168376,591.6301445075032,3.281973368422144,17.440269512323404,206,8.583333333333334
L0424112134_9086,3.2904012,3.939,3.9389999,-1.2236944,0.4769592,10.5,0.97086877,637.5197700255394,868.7937155168376,591.6301445075032,3.281973368422144,17.440269512323404,206,8.416666666666666
L0424112134_9086,3.2904012,3.939,3.9389999,-1.2236944,0.4769592,10.5,0.97086877,637.5197700255394,868.7937155168376,591.6301445075032,3.281973368422144,17.440269512323404,206,9.833333333333334
L0424112134_9086,3.2904012,3.939,3.9389999,-1.2236944,0.4769592,10.5,0.97086877,637.5197700255394,868.7937155168376,591.6301445075032,3.281973368422144,17.440269512323404,206,10.416666666666666
L0317192448,11.274001,12.554,12.7925,-1.204236,0.5403493,9.5,0.37756038,637.5197700255394,868.7937155168376,591.6301445075032,11.245124466148575,59.7561221173283,207,8.916666666666666
L0317192448,11.274001,12.554,12.7925,-1.204236,0.5403493,9.5,0.37756038,637.5197700255394,868.7937155168376,591.6301445075032,11.245124466148575,59.7561221173283,207,9.583333333333334
L0317192448,11.274001,12.554,12.7925,-1.204236,0.5403493,9.5,0.37756038,637.5197700255394,868.7937155168376,591.6301445075032,11.245124466148575,59.7561221173283,207,9.833333333333334
L0317192448,11.274001,12.554,12.7925,-1.204236,0.5403493,9.5,0.37756038,637.5197700255394,868.7937155168376,591.6301445075032,11.245124466148575,59.7561221173283,207,9.583333333333334
L0317192448,11.274001,12.554,12.7925,-1.204236,0.5403493,9.5,0.37756038,637.5197700255394,868.7937155168376,591.6301445075032,11.245124466148575,59.7561221173283,207,9.916666666666666
L0317192448,11.274001,12.554,12.7925,-1.204236,0.5403493,9.5,0.37756038,637.5197700255394,868.7937155168376,591.6301445075032,11.245124466148575,59.7561221173283,207,8.5
L0317192448,11.274001,12.554,12.7925,-1.204236,0.5403493,9.5,0.37756038,637.5197700255394,868.7937155168376,591.6301445075032,11.245124466148575,59.7561221173283,207,9.25
L0317192448,11.274001,12.554,12.7925,-1.204236,0.5403493,9.5,0.37756038,637.5197700255394,868.7937155168376,591.6301445075032,11.245124466148575,59.7561221173283,207,9.25
L0317192448,11.274001,12.554,12.7925,-1.204236,0.5403493,9.5,0.37756038,637.5197700255394,868.7937155168376,591.6301445075032,11.245124466148575,59.7561221173283,207,9.083333333333334
L0317192448,11.274001,12.554,12.7925,-1.204236,0.5403493,9.5,0.37756038,637.5197700255394,868.7937155168376,591.6301445075032,11.245124466148575,59.7561221173283,207,9.416666666666666
L0324174405,3.3780484,2.94,2.9400001,-0.80393523,0.8986612,10.5,2.1008279,637.5197700255394,868.7937155168376,591.6301445075032,3.369396074266273,17.904830122743952,208,9.75
L0324174405,3.3780484,2.94,2.9400001,-0.80393523,0.8986612,10.5,2.1008279,637.5197700255394,868.7937155168376,591.6301445075032,3.369396074266273,17.904830122743952,208,8.833333333333334
L0324174405,3.3780484,2.94,2.9400001,-0.80393523,0.8986612,10.5,2.1008279,637.5197700255394,868.7937155168376,591.6301445075032,3.369396074266273,17.904830122743952,208,10.083333333333334
L0324174405,3.3780484,2.94,2.9400001,-0.80393523,0.8986612,10.5,2.1008279,637.5197700255394,868.7937155168376,591.6301445075032,3.369396074266273,17.904830122743952,208,11.666666666666666
L0324174405,3.3780484,2.94,2.9400001,-0.80393523,0.8986612,10.5,2.1008279,637.5197700255394,868.7937155168376,591.6301445075032,3.369396074266273,17.904830122743952,208,10.416666666666666
L0324174405,3.3780484,2.94,2.9400001,-0.80393523,0.8986612,10.5,2.1008279,637.5197700255394,868.7937155168376,591.6301445075032,3.369396074266273,17.904830122743952,208,10.5
L0324174405,3.3780484,2.94,2.9400001,-0.80393523,0.8986612,10.5,2.1008279,637.5197700255394,868.7937155168376,591.6301445075032,3.369396074266273,17.904830122743952,208,9.166666666666666
L0324174405,3.3780484,2.94,2.9400001,-0.80393523,0.8986612,10.5,2.1008279,637.5197700255394,868.7937155168376,591.6301445075032,3.369396074266273,17.904830122743952,208,8.916666666666666
L0324174405,3.3780484,2.94,2.9400001,-0.80393523,0.8986612,10.5,2.1008279,637.5197700255394,868.7937155168376,591.6301445075032,3.369396074266273,17.904830122743952,208,9.833333333333334
L0324174405,3.3780484,2.94,2.9400001,-0.80393523,0.8986612,10.5,2.1008279,637.5197700255394,868.7937155168376,591.6301445075032,3.369396074266273,17.904830122743952,208,9.666666666666666
L0503132818_C75B,2.3941417,3.587,3.5869999,-0.24222183,0.40733337,10.0,0.36150894,637.5197700255394,868.7937155168376,591.6301445075032,2.3880094924682496,12.689782783537803,209,10.25
L0503132818_C75B,2.3941417,3.587,3.5869999,-0.24222183,0.40733337,10.0,0.36150894,637.5197700255394,868.7937155168376,591.6301445075032,2.3880094924682496,12.689782783537803,209,9.916666666666666
L0503132818_C75B,2.3941417,3.587,3.5869999,-0.24222183,0.40733337,10.0,0.36150894,637.5197700255394,868.7937155168376,591.6301445075032,2.3880094924682496,12.689782783537803,209,9.833333333333334
L0503132818_C75B,2.3941417,3.587,3.5869999,-0.24222183,0.40733337,10.0,0.36150894,637.5197700255394,868.7937155168376,591.6301445075032,2.3880094924682496,12.689782783537803,209,9.333333333333334
L0503132818_C75B,2.3941417,3.587,3.5869999,-0.24222183,0.40733337,10.0,0.36150894,637.5197700255394,868.7937155168376,591.6301445075032,2.3880094924682496,12.689782783537803,209,9.666666666666666
L0503132818_C75B,2.3941417,3.587,3.5869999,-0.24222183,0.40733337,10.0,0.36150894,637.5197700255394,868.7937155168376,591.6301445075032,2.3880094924682496,12.689782783537803,209,10.25
L0503132818_C75B,2.3941417,3.587,3.5869999,-0.24222183,0.40733337,10.0,0.36150894,637.5197700255394,868.7937155168376,591.6301445075032,2.3880094924682496,12.689782783537803,209,9.916666666666666
L0503132818_C75B,2.3941417,3.587,3.5869999,-0.24222183,0.40733337,10.0,0.36150894,637.5197700255394,868.7937155168376,591.6301445075032,2.3880094924682496,12.689782783537803,209,10.166666666666666
L0503132818_C75B,2.3941417,3.587,3.5869999,-0.24222183,0.40733337,10.0,0.36150894,637.5197700255394,868.7937155168376,591.6301445075032,2.3880094924682496,12.689782783537803,209,9.333333333333334
L0503132818_C75B,2.3941417,3.587,3.5869999,-0.24222183,0.40733337,10.0,0.36150894,637.5197700255394,868.7937155168376,591.6301445075032,2.3880094924682496,12.689782783537803,209,9.75
L0408115625,2.973696,2.338,2.3380001,0.9745602,0.45571941,10.5,0.61782604,637.5197700255394,868.7937155168376,591.6301445075032,2.9660793576733004,15.761621922493239,210,11.583333333333334
L0408115625,2.973696,2.338,2.3380001,0.9745602,0.45571941,10.5,0.61782604,637.5197700255394,868.7937155168376,591.6301445075032,2.9660793576733004,15.761621922493239,210,10.416666666666666
L0408115625,2.973696,2.338,2.3380001,0.9745602,0.45571941,10.5,0.61782604,637.5197700255394,868.7937155168376,591.6301445075032,2.9660793576733004,15.761621922493239,210,11.833333333333334
L0408115625,2.973696,2.338,2.3380001,0.9745602,0.45571941,10.5,0.61782604,637.5197700255394,868.7937155168376,591.6301445075032,2.9660793576733004,15.761621922493239,210,12.0
L0408115625,2.973696,2.338,2.3380001,0.9745602,0.45571941,10.5,0.61782604,637.5197700255394,868.7937155168376,591.6301445075032,2.9660793576733004,15.761621922493239,210,11.916666666666666
L0408115625,2.973696,2.338,2.3380001,0.9745602,0.45571941,10.5,0.61782604,637.5197700255394,868.7937155168376,591.6301445075032,2.9660793576733004,15.761621922493239,210,10.916666666666666
L0408115625,2.973696,2.338,2.3380001,0.9745602,0.45571941,10.5,0.61782604,637.5197700255394,868.7937155168376,591.6301445075032,2.9660793576733004,15.761621922493239,210,10.916666666666666
L0408115625,2.973696,2.338,2.3380001,0.9745602,0.45571941,10.5,0.61782604,637.5197700255394,868.7937155168376,591.6301445075032,2.9660793576733004,15.761621922493239,210,12.5
L0408115625,2.973696,2.338,2.3380001,0.9745602,0.45571941,10.5,0.61782604,637.5197700255394,868.7937155168376,591.6301445075032,2.9660793576733004,15.761621922493239,210,11.25
L0408115625,2.973696,2.338,2.3380001,0.9745602,0.45571941,10.5,0.61782604,637.5197700255394,868.7937155168376,591.6301445075032,2.9660793576733004,15.761621922493239,210,10.666666666666666
L0422084355_B30C,3.4755299,4.603,4.4025831,-1.0328749,0.63477606,10.0,1.3592167,637.5197700255394,868.7937155168376,591.6301445075032,3.466627891138284,18.421515939800415,211,7.916666666666667
L0422084355_B30C,3.4755299,4.603,4.4025831,-1.0328749,0.63477606,10.0,1.3592167,637.5197700255394,868.7937155168376,591.6301445075032,3.466627891138284,18.421515939800415,211,8.166666666666666
L0422084355_B30C,3.4755299,4.603,4.4025831,-1.0328749,0.63477606,10.0,1.3592167,637.5197700255394,868.7937155168376,591.6301445075032,3.466627891138284,18.421515939800415,211,8.666666666666666
L0422084355_B30C,3.4755299,4.603,4.4025831,-1.0328749,0.63477606,10.0,1.3592167,637.5197700255394,868.7937155168376,591.6301445075032,3.466627891138284,18.421515939800415,211,9.416666666666666
L0422084355_B30C,3.4755299,4.603,4.4025831,-1.0328749,0.63477606,10.0,1.3592167,637.5197700255394,868.7937155168376,591.6301445075032,3.466627891138284,18.421515939800415,211,9.75
L0422084355_B30C,3.4755299,4.603,4.4025831,-1.0328749,0.63477606,10.0,1.3592167,637.5197700255394,868.7937155168376,591.6301445075032,3.466627891138284,18.421515939800415,211,8.916666666666666
L0422084355_B30C,3.4755299,4.603,4.4025831,-1.0328749,0.63477606,10.0,1.3592167,637.5197700255394,868.7937155168376,591.6301445075032,3.466627891138284,18.421515939800415,211,9.666666666666666
L0422084355_B30C,3.4755299,4.603,4.4025831,-1.0328749,0.63477606,10.0,1.3592167,637.5197700255394,868.7937155168376,591.6301445075032,3.466627891138284,18.421515939800415,211,9.75
L0422084355_B30C,3.4755299,4.603,4.4025831,-1.0328749,0.63477606,10.0,1.3592167,637.5197700255394,868.7937155168376,591.6301445075032,3.466627891138284,18.421515939800415,211,9.583333333333334
L0422084355_B30C,3.4755299,4.603,4.4025831,-1.0328749,0.63477606,10.0,1.3592167,637.5197700255394,868.7937155168376,591.6301445075032,3.466627891138284,18.421515939800415,211,9.416666666666666
L0410165954,11.183616,13.363,13.363,-1.1653241,0.14411595,9.5,1.3659452,637.5197700255394,868.7937155168376,591.6301445075032,11.154970972737242,59.277050215740324,212,9.083333333333334
L0410165954,11.183616,13.363,13.363,-1.1653241,0.14411595,9.5,1.3659452,637.5197700255394,868.7937155168376,591.6301445075032,11.154970972737242,59.277050215740324,212,9.166666666666666
L0410165954,11.183616,13.363,13.363,-1.1653241,0.14411595,9.5,1.3659452,637.5197700255394,868.7937155168376,591.6301445075032,11.154970972737242,59.277050215740324,212,9.166666666666666
L0410165954,11.183616,13.363,13.363,-1.1653241,0.14411595,9.5,1.3659452,637.5197700255394,868.7937155168376,591.6301445075032,11.154970972737242,59.277050215740324,212,9.083333333333334
L0410165954,11.183616,13.363,13.363,-1.1653241,0.14411595,9.5,1.3659452,637.5197700255394,868.7937155168376,591.6301445075032,11.154970972737242,59.277050215740324,212,8.833333333333334
L0410165954,11.183616,13.363,13.363,-1.1653241,0.14411595,9.5,1.3659452,637.5197700255394,868.7937155168376,591.6301445075032,11.154970972737242,59.277050215740324,212,9.166666666666666
L0410165954,11.183616,13.363,13.363,-1.1653241,0.14411595,9.5,1.3659452,637.5197700255394,868.7937155168376,591.6301445075032,11.154970972737242,59.277050215740324,212,9.083333333333334
L0410165954,11.183616,13.363,13.363,-1.1653241,0.14411595,9.5,1.3659452,637.5197700255394,868.7937155168376,591.6301445075032,11.154970972737242,59.277050215740324,212,9.0
L0410165954,11.183616,13.363,13.363,-1.1653241,0.14411595,9.5,1.3659452,637.5197700255394,868.7937155168376,591.6301445075032,11.154970972737242,59.277050215740324,212,9.083333333333334
L0410165954,11.183616,13.363,13.363,-1.1653241,0.14411595,9.5,1.3659452,637.5197700255394,868.7937155168376,591.6301445075032,11.154970972737242,59.277050215740324,212,9.083333333333334
L0315095947,2.358423,2.546,2.546,-0.30702385,0.60906285,10.0,0.96923685,637.5197700255394,868.7937155168376,591.6301445075032,2.352382280153028,12.50046126413469,213,8.5
L0315095947,2.358423,2.546,2.546,-0.30702385,0.60906285,10.0,0.96923685,637.5197700255394,868.7937155168376,591.6301445075032,2.352382280153028,12.50046126413469,213,8.916666666666666
L0315095947,2.358423,2.546,2.546,-0.30702385,0.60906285,10.0,0.96923685,637.5197700255394,868.7937155168376,591.6301445075032,2.352382280153028,12.50046126413469,213,9.75
L0315095947,2.358423,2.546,2.546,-0.30702385,0.60906285,10.0,0.96923685,637.5197700255394,868.7937155168376,591.6301445075032,2.352382280153028,12.50046126413469,213,9.166666666666666
L0315095947,2.358423,2.546,2.546,-0.30702385,0.60906285,10.0,0.96923685,637.5197700255394,868.7937155168376,591.6301445075032,2.352382280153028,12.50046126413469,213,10.083333333333334
L0315095947,2.358423,2.546,2.546,-0.30702385,0.60906285,10.0,0.96923685,637.5197700255394,868.7937155168376,591.6301445075032,2.352382280153028,12.50046126413469,213,10.166666666666666
L0315095947,2.358423,2.546,2.546,-0.30702385,0.60906285,10.0,0.96923685,637.5197700255394,868.7937155168376,591.6301445075032,2.352382280153028,12.50046126413469,213,10.5
L0315095947,2.358423,2.546,2.546,-0.30702385,0.60906285,10.0,0.96923685,637.5197700255394,868.7937155168376,591.6301445075032,2.352382280153028,12.50046126413469,213,10.416666666666666
L0315095947,2.358423,2.546,2.546,-0.30702385,0.60906285,10.0,0.96923685,637.5197700255394,868.7937155168376,591.6301445075032,2.352382280153028,12.50046126413469,213,9.416666666666666
L0315095947,2.358423,2.546,2.546,-0.30702385,0.60906285,10.0,0.96923685,637.5197700255394,868.7937155168376,591.6301445075032,2.352382280153028,12.50046126413469,213,10.5
L0208100638,22.823494,22.274,22.363937,-0.83728409,0.97772878,10.5,0.28232047,637.5197700255394,868.7937155168376,591.6301445075032,22.765035304005664,120.97244754618255,214,9.166666666666666
L0208100638,22.823494,22.274,22.363937,-0.83728409,0.97772878,10.5,0.28232047,637.5197700255394,868.7937155168376,591.6301445075032,22.765035304005664,120.97244754618255,214,10.5
L0208100638,22.823494,22.274,22.363937,-0.83728409,0.97772878,10.5,0.28232047,637.5197700255394,868.7937155168376,591.6301445075032,22.765035304005664,120.97244754618255,214,11.583333333333334
L0208100638,22.823494,22.274,22.363937,-0.83728409,0.97772878,10.5,0.28232047,637.5197700255394,868.7937155168376,591.6301445075032,22.765035304005664,120.97244754618255,214,11.416666666666666
L0208100638,22.823494,22.274,22.363937,-0.83728409,0.97772878,10.5,0.28232047,637.5197700255394,868.7937155168376,591.6301445075032,22.765035304005664,120.97244754618255,214,11.416666666666666
L0208100638,22.823494,22.274,22.363937,-0.83728409,0.97772878,10.5,0.28232047,637.5197700255394,868.7937155168376,591.6301445075032,22.765035304005664,120.97244754618255,214,12.083333333333334
L0208100638,22.823494,22.274,22.363937,-0.83728409,0.97772878,10.5,0.28232047,637.5197700255394,868.7937155168376,591.6301445075032,22.765035304005664,120.97244754618255,214,12.166666666666666
L0208100638,22.823494,22.274,22.363937,-0.83728409,0.97772878,10.5,0.28232047,637.5197700255394,868.7937155168376,591.6301445075032,22.765035304005664,120.97244754618255,214,12.166666666666666
L0208100638,22.823494,22.274,22.363937,-0.83728409,0.97772878,10.5,0.28232047,637.5197700255394,868.7937155168376,591.6301445075032,22.765035304005664,120.97244754618255,214,12.0
L0208100638,22.823494,22.274,22.363937,-0.83728409,0.97772878,10.5,0.28232047,637.5197700255394,868.7937155168376,591.6301445075032,22.765035304005664,120.97244754618255,214,9.833333333333334
L0310092132,22.344149,23.74,22.8435,-1.0738335,0.50324446,10.166667,0.37756038,637.5197700255394,868.7937155168376,591.6301445075032,22.286918068853215,118.43175251197681,215,10.5
L0310092132,22.344149,23.74,22.8435,-1.0738335,0.50324446,10.166667,0.37756038,637.5197700255394,868.7937155168376,591.6301445075032,22.286918068853215,118.43175251197681,215,10.75
L0310092132,22.344149,23.74,22.8435,-1.0738335,0.50324446,10.166667,0.37756038,637.5197700255394,868.7937155168376,591.6301445075032,22.286918068853215,118.43175251197681,215,10.666666666666666
L0310092132,22.344149,23.74,22.8435,-1.0738335,0.50324446,10.166667,0.37756038,637.5197700255394,868.7937155168376,591.6301445075032,22.286918068853215,118.43175251197681,215,11.083333333333334
L0310092132,22.344149,23.74,22.8435,-1.0738335,0.50324446,10.166667,0.37756038,637.5197700255394,868.7937155168376,591.6301445075032,22.286918068853215,118.43175251197681,215,10.166666666666666
L0310092132,22.344149,23.74,22.8435,-1.0738335,0.50324446,10.166667,0.37756038,637.5197700255394,868.7937155168376,591.6301445075032,22.286918068853215,118.43175251197681,215,10.0
L0310092132,22.344149,23.74,22.8435,-1.0738335,0.50324446,10.166667,0.37756038,637.5197700255394,868.7937155168376,591.6301445075032,22.286918068853215,118.43175251197681,215,10.75
L0310092132,22.344149,23.74,22.8435,-1.0738335,0.50324446,10.166667,0.37756038,637.5197700255394,868.7937155168376,591.6301445075032,22.286918068853215,118.43175251197681,215,10.25
L0310092132,22.344149,23.74,22.8435,-1.0738335,0.50324446,10.166667,0.37756038,637.5197700255394,868.7937155168376,591.6301445075032,22.286918068853215,118.43175251197681,215,10.333333333333334
L0310092132,22.344149,23.74,22.8435,-1.0738335,0.50324446,10.166667,0.37756038,637.5197700255394,868.7937155168376,591.6301445075032,22.286918068853215,118.43175251197681,215,10.916666666666666
L0417111113,11.456795,12.638,12.65241,-0.78261918,0.65157121,10.0,0.48543462,637.5197700255394,868.7937155168376,591.6301445075032,11.427450268821923,60.72499382368302,216,10.25
L0417111113,11.456795,12.638,12.65241,-0.78261918,0.65157121,10.0,0.48543462,637.5197700255394,868.7937155168376,591.6301445075032,11.427450268821923,60.72499382368302,216,10.0
L0417111113,11.456795,12.638,12.65241,-0.78261918,0.65157121,10.0,0.48543462,637.5197700255394,868.7937155168376,591.6301445075032,11.427450268821923,60.72499382368302,216,10.5
L0417111113,11.456795,12.638,12.65241,-0.78261918,0.65157121,10.0,0.48543462,637.5197700255394,868.7937155168376,591.6301445075032,11.427450268821923,60.72499382368302,216,10.0
L0417111113,11.456795,12.638,12.65241,-0.78261918,0.65157121,10.0,0.48543462,637.5197700255394,868.7937155168376,591.6301445075032,11.427450268821923,60.72499382368302,216,10.166666666666666
L0417111113,11.456795,12.638,12.65241,-0.78261918,0.65157121,10.0,0.48543462,637.5197700255394,868.7937155168376,591.6301445075032,11.427450268821923,60.72499382368302,216,10.166666666666666
L0417111113,11.456795,12.638,12.65241,-0.78261918,0.65157121,10.0,0.48543462,637.5197700255394,868.7937155168376,591.6301445075032,11.427450268821923,60.72499382368302,216,9.833333333333334
L0417111113,11.456795,12.638,12.65241,-0.78261918,0.65157121,10.0,0.48543462,637.5197700255394,868.7937155168376,591.6301445075032,11.427450268821923,60.72499382368302,216,10.833333333333334
L0417111113,11.456795,12.638,12.65241,-0.78261918,0.65157121,10.0,0.48543462,637.5197700255394,868.7937155168376,591.6301445075032,11.427450268821923,60.72499382368302,216,11.583333333333334
L0417111113,11.456795,12.638,12.65241,-0.78261918,0.65157121,10.0,0.48543462,637.5197700255394,868.7937155168376,591.6301445075032,11.427450268821923,60.72499382368302,216,8.916666666666666
L0408195342,6.8925967,6.526,6.5388613,1.3782406,0.40733337,10.5,1.3592167,637.5197700255394,868.7937155168376,591.6301445075032,6.8749424260708265,36.5331571383304,217,12.0
L0408195342,6.8925967,6.526,6.5388613,1.3782406,0.40733337,10.5,1.3592167,637.5197700255394,868.7937155168376,591.6301445075032,6.8749424260708265,36.5331571383304,217,12.166666666666666
L0408195342,6.8925967,6.526,6.5388613,1.3782406,0.40733337,10.5,1.3592167,637.5197700255394,868.7937155168376,591.6301445075032,6.8749424260708265,36.5331571383304,217,11.833333333333334
L0408195342,6.8925967,6.526,6.5388613,1.3782406,0.40733337,10.5,1.3592167,637.5197700255394,868.7937155168376,591.6301445075032,6.8749424260708265,36.5331571383304,217,11.916666666666666
L0408195342,6.8925967,6.526,6.5388613,1.3782406,0.40733337,10.5,1.3592167,637.5197700255394,868.7937155168376,591.6301445075032,6.8749424260708265,36.5331571383304,217,12.25
L0408195342,6.8925967,6.526,6.5388613,1.3782406,0.40733337,10.5,1.3592167,637.5197700255394,868.7937155168376,591.6301445075032,6.8749424260708265,36.5331571383304,217,11.833333333333334
L0408195342,6.8925967,6.526,6.5388613,1.3782406,0.40733337,10.5,1.3592167,637.5197700255394,868.7937155168376,591.6301445075032,6.8749424260708265,36.5331571383304,217,12.083333333333334
L0408195342,6.8925967,6.526,6.5388613,1.3782406,0.40733337,10.5,1.3592167,637.5197700255394,868.7937155168376,591.6301445075032,6.8749424260708265,36.5331571383304,217,11.75
L0408195342,6.8925967,6.526,6.5388613,1.3782406,0.40733337,10.5,1.3592167,637.5197700255394,868.7937155168376,591.6301445075032,6.8749424260708265,36.5331571383304,217,13.083333333333334
L0408195342,6.8925967,6.526,6.5388613,1.3782406,0.40733337,10.5,1.3592167,637.5197700255394,868.7937155168376,591.6301445075032,6.8749424260708265,36.5331571383304,217,11.916666666666666
L0207104220,2.6471188,2.686,2.6965556,-0.89845246,0.60540813,10.5,0.37756038,637.5197700255394,868.7937155168376,591.6301445075032,2.64033863245904,14.030649302929415,218,9.833333333333334
L0207104220,2.6471188,2.686,2.6965556,-0.89845246,0.60540813,10.5,0.37756038,637.5197700255394,868.7937155168376,591.6301445075032,2.64033863245904,14.030649302929415,218,10.416666666666666
L0207104220,2.6471188,2.686,2.6965556,-0.89845246,0.60540813,10.5,0.37756038,637.5197700255394,868.7937155168376,591.6301445075032,2.64033863245904,14.030649302929415,218,9.416666666666666
L0207104220,2.6471188,2.686,2.6965556,-0.89845246,0.60540813,10.5,0.37756038,637.5197700255394,868.7937155168376,591.6301445075032,2.64033863245904,14.030649302929415,218,11.166666666666666
L0207104220,2.6471188,2.686,2.6965556,-0.89845246,0.60540813,10.5,0.37756038,637.5197700255394,868.7937155168376,591.6301445075032,2.64033863245904,14.030649302929415,218,9.25
L0207104220,2.6471188,2.686,2.6965556,-0.89845246,0.60540813,10.5,0.37756038,637.5197700255394,868.7937155168376,591.6301445075032,2.64033863245904,14.030649302929415,218,9.166666666666666
L0207104220,2.6471188,2.686,2.6965556,-0.89845246,0.60540813,10.5,0.37756038,637.5197700255394,868.7937155168376,591.6301445075032,2.64033863245904,14.030649302929415,218,9.0
L0207104220,2.6471188,2.686,2.6965556,-0.89845246,0.60540813,10.5,0.37756038,637.5197700255394,868.7937155168376,591.6301445075032,2.64033863245904,14.030649302929415,218,9.833333333333334
L0207104220,2.6471188,2.686,2.6965556,-0.89845246,0.60540813,10.5,0.37756038,637.5197700255394,868.7937155168376,591.6301445075032,2.64033863245904,14.030649302929415,218,9.25
L0207104220,2.6471188,2.686,2.6965556,-0.89845246,0.60540813,10.5,0.37756038,637.5197700255394,868.7937155168376,591.6301445075032,2.64033863245904,14.030649302929415,218,9.833333333333334
L0228083114,7.5455174,7.239,7.2389998,-1.1671463,0.2293829,9.5,0.48543462,637.5197700255394,868.7937155168376,591.6301445075032,7.526190775084174,39.993863686265904,219,8.916666666666666
L0228083114,7.5455174,7.239,7.2389998,-1.1671463,0.2293829,9.5,0.48543462,637.5197700255394,868.7937155168376,591.6301445075032,7.526190775084174,39.993863686265904,219,8.916666666666666
L0228083114,7.5455174,7.239,7.2389998,-1.1671463,0.2293829,9.5,0.48543462,637.5197700255394,868.7937155168376,591.6301445075032,7.526190775084174,39.993863686265904,219,8.75
L0228083114,7.5455174,7.239,7.2389998,-1.1671463,0.2293829,9.5,0.48543462,637.5197700255394,868.7937155168376,591.6301445075032,7.526190775084174,39.993863686265904,219,9.0
L0228083114,7.5455174,7.239,7.2389998,-1.1671463,0.2293829,9.5,0.48543462,637.5197700255394,868.7937155168376,591.6301445075032,7.526190775084174,39.993863686265904,219,8.333333333333334
L0228083114,7.5455174,7.239,7.2389998,-1.1671463,0.2293829,9.5,0.48543462,637.5197700255394,868.7937155168376,591.6301445075032,7.526190775084174,39.993863686265904,219,8.666666666666666
L0228083114,7.5455174,7.239,7.2389998,-1.1671463,0.2293829,9.5,0.48543462,637.5197700255394,868.7937155168376,591.6301445075032,7.526190775084174,39.993863686265904,219,8.833333333333334
L0228083114,7.5455174,7.239,7.2389998,-1.1671463,0.2293829,9.5,0.48543462,637.5197700255394,868.7937155168376,591.6301445075032,7.526190775084174,39.993863686265904,219,9.166666666666666
L0228083114,7.5455174,7.239,7.2389998,-1.1671463,0.2293829,9.5,0.48543462,637.5197700255394,868.7937155168376,591.6301445075032,7.526190775084174,39.993863686265904,219,8.583333333333334
L0228083114,7.5455174,7.239,7.2389998,-1.1671463,0.2293829,9.5,0.48543462,637.5197700255394,868.7937155168376,591.6301445075032,7.526190775084174,39.993863686265904,219,8.583333333333334
L0412150340,2.3503845,2.427,2.427,-0.22500007,0.22668411,9.5,1.3592167,637.5197700255394,868.7937155168376,591.6301445075032,2.3443643694733023,12.457854421396238,220,9.416666666666666
L0412150340,2.3503845,2.427,2.427,-0.22500007,0.22668411,9.5,1.3592167,637.5197700255394,868.7937155168376,591.6301445075032,2.3443643694733023,12.457854421396238,220,9.25
L0412150340,2.3503845,2.427,2.427,-0.22500007,0.22668411,9.5,1.3592167,637.5197700255394,868.7937155168376,591.6301445075032,2.3443643694733023,12.457854421396238,220,9.666666666666666
L0412150340,2.3503845,2.427,2.427,-0.22500007,0.22668411,9.5,1.3592167,637.5197700255394,868.7937155168376,591.6301445075032,2.3443643694733023,12.457854421396238,220,9.833333333333334
L0412150340,2.3503845,2.427,2.427,-0.22500007,0.22668411,9.5,1.3592167,637.5197700255394,868.7937155168376,591.6301445075032,2.3443643694733023,12.457854421396238,220,9.25
L0412150340,2.3503845,2.427,2.427,-0.22500007,0.22668411,9.5,1.3592167,637.5197700255394,868.7937155168376,591.6301445075032,2.3443643694733023,12.457854421396238,220,9.333333333333334
L0412150340,2.3503845,2.427,2.427,-0.22500007,0.22668411,9.5,1.3592167,637.5197700255394,868.7937155168376,591.6301445075032,2.3443643694733023,12.457854421396238,220,9.666666666666666
L0412150340,2.3503845,2.427,2.427,-0.22500007,0.22668411,9.5,1.3592167,637.5197700255394,868.7937155168376,591.6301445075032,2.3443643694733023,12.457854421396238,220,9.583333333333334
L0412150340,2.3503845,2.427,2.427,-0.22500007,0.22668411,9.5,1.3592167,637.5197700255394,868.7937155168376,591.6301445075032,2.3443643694733023,12.457854421396238,220,9.416666666666666
L0412150340,2.3503845,2.427,2.427,-0.22500007,0.22668411,9.5,1.3592167,637.5197700255394,868.7937155168376,591.6301445075032,2.3443643694733023,12.457854421396238,220,9.166666666666666
L0303182531,4.4103751,4.144,4.1387224,-1.1019167,0.19083004,10.5,0.75512034,637.5197700255394,868.7937155168376,591.6301445075032,4.399078636049657,23.376520284043263,221,9.75
L0303182531,4.4103751,4.144,4.1387224,-1.1019167,0.19083004,10.5,0.75512034,637.5197700255394,868.7937155168376,591.6301445075032,4.399078636049657,23.376520284043263,221,9.916666666666666
L0303182531,4.4103751,4.144,4.1387224,-1.1019167,0.19083004,10.5,0.75512034,637.5197700255394,868.7937155168376,591.6301445075032,4.399078636049657,23.376520284043263,221,9.666666666666666
L0303182531,4.4103751,4.144,4.1387224,-1.1019167,0.19083004,10.5,0.75512034,637.5197700255394,868.7937155168376,591.6301445075032,4.399078636049657,23.376520284043263,221,9.666666666666666
L0303182531,4.4103751,4.144,4.1387224,-1.1019167,0.19083004,10.5,0.75512034,637.5197700255394,868.7937155168376,591.6301445075032,4.399078636049657,23.376520284043263,221,9.416666666666666
L0303182531,4.4103751,4.144,4.1387224,-1.1019167,0.19083004,10.5,0.75512034,637.5197700255394,868.7937155168376,591.6301445075032,4.399078636049657,23.376520284043263,221,9.416666666666666
L0303182531,4.4103751,4.144,4.1387224,-1.1019167,0.19083004,10.5,0.75512034,637.5197700255394,868.7937155168376,591.6301445075032,4.399078636049657,23.376520284043263,221,9.916666666666666
L0303182531,4.4103751,4.144,4.1387224,-1.1019167,0.19083004,10.5,0.75512034,637.5197700255394,868.7937155168376,591.6301445075032,4.399078636049657,23.376520284043263,221,10.0
L0303182531,4.4103751,4.144,4.1387224,-1.1019167,0.19083004,10.5,0.75512034,637.5197700255394,868.7937155168376,591.6301445075032,4.399078636049657,23.376520284043263,221,9.5
L0303182531,4.4103751,4.144,4.1387224,-1.1019167,0.19083004,10.5,0.75512034,637.5197700255394,868.7937155168376,591.6301445075032,4.399078636049657,23.376520284043263,221,9.75
L0412150340,2.3503845,2.427,2.427,-0.22500007,0.22668411,9.5,1.3592167,637.5197700255394,868.7937155168376,591.6301445075032,2.3443643694733023,12.457854421396238,222,9.75
L0412150340,2.3503845,2.427,2.427,-0.22500007,0.22668411,9.5,1.3592167,637.5197700255394,868.7937155168376,591.6301445075032,2.3443643694733023,12.457854421396238,222,9.416666666666666
L0412150340,2.3503845,2.427,2.427,-0.22500007,0.22668411,9.5,1.3592167,637.5197700255394,868.7937155168376,591.6301445075032,2.3443643694733023,12.457854421396238,222,9.333333333333334
L0412150340,2.3503845,2.427,2.427,-0.22500007,0.22668411,9.5,1.3592167,637.5197700255394,868.7937155168376,591.6301445075032,2.3443643694733023,12.457854421396238,222,9.75
L0412150340,2.3503845,2.427,2.427,-0.22500007,0.22668411,9.5,1.3592167,637.5197700255394,868.7937155168376,591.6301445075032,2.3443643694733023,12.457854421396238,222,9.583333333333334
L0412150340,2.3503845,2.427,2.427,-0.22500007,0.22668411,9.5,1.3592167,637.5197700255394,868.7937155168376,591.6301445075032,2.3443643694733023,12.457854421396238,222,9.25
L0412150340,2.3503845,2.427,2.427,-0.22500007,0.22668411,9.5,1.3592167,637.5197700255394,868.7937155168376,591.6301445075032,2.3443643694733023,12.457854421396238,222,9.583333333333334
L0412150340,2.3503845,2.427,2.427,-0.22500007,0.22668411,9.5,1.3592167,637.5197700255394,868.7937155168376,591.6301445075032,2.3443643694733023,12.457854421396238,222,9.25
L0412150340,2.3503845,2.427,2.427,-0.22500007,0.22668411,9.5,1.3592167,637.5197700255394,868.7937155168376,591.6301445075032,2.3443643694733023,12.457854421396238,222,9.333333333333334
L0412150340,2.3503845,2.427,2.427,-0.22500007,0.22668411,9.5,1.3592167,637.5197700255394,868.7937155168376,591.6301445075032,2.3443643694733023,12.457854421396238,222,9.333333333333334
L0511181235_F467,4.2228088,4.127,4.1269999,-1.0818964,0.89017838,10.0,0.97086877,637.5197700255394,868.7937155168376,591.6301445075032,4.211992756852469,22.382353729694415,223,8.5
L0511181235_F467,4.2228088,4.127,4.1269999,-1.0818964,0.89017838,10.0,0.97086877,637.5197700255394,868.7937155168376,591.6301445075032,4.211992756852469,22.382353729694415,223,9.0
L0511181235_F467,4.2228088,4.127,4.1269999,-1.0818964,0.89017838,10.0,0.97086877,637.5197700255394,868.7937155168376,591.6301445075032,4.211992756852469,22.382353729694415,223,10.083333333333334
L0511181235_F467,4.2228088,4.127,4.1269999,-1.0818964,0.89017838,10.0,0.97086877,637.5197700255394,868.7937155168376,591.6301445075032,4.211992756852469,22.382353729694415,223,11.75
L0511181235_F467,4.2228088,4.127,4.1269999,-1.0818964,0.89017838,10.0,0.97086877,637.5197700255394,868.7937155168376,591.6301445075032,4.211992756852469,22.382353729694415,223,9.916666666666666
L0511181235_F467,4.2228088,4.127,4.1269999,-1.0818964,0.89017838,10.0,0.97086877,637.5197700255394,868.7937155168376,591.6301445075032,4.211992756852469,22.382353729694415,223,9.75
L0511181235_F467,4.2228088,4.127,4.1269999,-1.0818964,0.89017838,10.0,0.97086877,637.5197700255394,868.7937155168376,591.6301445075032,4.211992756852469,22.382353729694415,223,8.666666666666666
L0511181235_F467,4.2228088,4.127,4.1269999,-1.0818964,0.89017838,10.0,0.97086877,637.5197700255394,868.7937155168376,591.6301445075032,4.211992756852469,22.382353729694415,223,8.583333333333334
L0511181235_F467,4.2228088,4.127,4.1269999,-1.0818964,0.89017838,10.0,0.97086877,637.5197700255394,868.7937155168376,591.6301445075032,4.211992756852469,22.382353729694415,223,10.666666666666666
L0511181235_F467,4.2228088,4.127,4.1269999,-1.0818964,0.89017838,10.0,0.97086877,637.5197700255394,868.7937155168376,591.6301445075032,4.211992756852469,22.382353729694415,223,9.833333333333334
L0417111113,11.456795,12.638,12.65241,-0.78261918,0.65157121,10.0,0.48543462,637.5197700255394,868.7937155168376,591.6301445075032,11.427450268821923,60.72499382368302,224,10.5
L0417111113,11.456795,12.638,12.65241,-0.78261918,0.65157121,10.0,0.48543462,637.5197700255394,868.7937155168376,591.6301445075032,11.427450268821923,60.72499382368302,224,10.333333333333334
L0417111113,11.456795,12.638,12.65241,-0.78261918,0.65157121,10.0,0.48543462,637.5197700255394,868.7937155168376,591.6301445075032,11.427450268821923,60.72499382368302,224,10.833333333333334
L0417111113,11.456795,12.638,12.65241,-0.78261918,0.65157121,10.0,0.48543462,637.5197700255394,868.7937155168376,591.6301445075032,11.427450268821923,60.72499382368302,224,10.416666666666666
L0417111113,11.456795,12.638,12.65241,-0.78261918,0.65157121,10.0,0.48543462,637.5197700255394,868.7937155168376,591.6301445075032,11.427450268821923,60.72499382368302,224,9.25
L0417111113,11.456795,12.638,12.65241,-0.78261918,0.65157121,10.0,0.48543462,637.5197700255394,868.7937155168376,591.6301445075032,11.427450268821923,60.72499382368302,224,9.25
L0417111113,11.456795,12.638,12.65241,-0.78261918,0.65157121,10.0,0.48543462,637.5197700255394,868.7937155168376,591.6301445075032,11.427450268821923,60.72499382368302,224,10.0
L0417111113,11.456795,12.638,12.65241,-0.78261918,0.65157121,10.0,0.48543462,637.5197700255394,868.7937155168376,591.6301445075032,11.427450268821923,60.72499382368302,224,10.0
L0417111113,11.456795,12.638,12.65241,-0.78261918,0.65157121,10.0,0.48543462,637.5197700255394,868.7937155168376,591.6301445075032,11.427450268821923,60.72499382368302,224,10.416666666666666
L0417111113,11.456795,12.638,12.65241,-0.78261918,0.65157121,10.0,0.48543462,637.5197700255394,868.7937155168376,591.6301445075032,11.427450268821923,60.72499382368302,224,11.333333333333334
L0209092252,3.6055396,3.738,3.7379999,0.73924607,0.46458033,9.833333,0.36150894,637.5197700255394,868.7937155168376,591.6301445075032,3.596304592276295,19.110612517815373,225,11.0
L0209092252,3.6055396,3.738,3.7379999,0.73924607,0.46458033,9.833333,0.36150894,637.5197700255394,868.7937155168376,591.6301445075032,3.596304592276295,19.110612517815373,225,10.25
L0209092252,3.6055396,3.738,3.7379999,0.73924607,0.46458033,9.833333,0.36150894,637.5197700255394,868.7937155168376,591.6301445075032,3.596304592276295,19.110612517815373,225,11.583333333333334
L0209092252,3.6055396,3.738,3.7379999,0.73924607,0.46458033,9.833333,0.36150894,637.5197700255394,868.7937155168376,591.6301445075032,3.596304592276295,19.110612517815373,225,10.833333333333334
L0209092252,3.6055396,3.738,3.7379999,0.73924607,0.46458033,9.833333,0.36150894,637.5197700255394,868.7937155168376,591.6301445075032,3.596304592276295,19.110612517815373,225,11.333333333333334
L0209092252,3.6055396,3.738,3.7379999,0.73924607,0.46458033,9.833333,0.36150894,637.5197700255394,868.7937155168376,591.6301445075032,3.596304592276295,19.110612517815373,225,11.0
L0209092252,3.6055396,3.738,3.7379999,0.73924607,0.46458033,9.833333,0.36150894,637.5197700255394,868.7937155168376,591.6301445075032,3.596304592276295,19.110612517815373,225,9.833333333333334
L0209092252,3.6055396,3.738,3.7379999,0.73924607,0.46458033,9.833333,0.36150894,637.5197700255394,868.7937155168376,591.6301445075032,3.596304592276295,19.110612517815373,225,11.25
L0209092252,3.6055396,3.738,3.7379999,0.73924607,0.46458033,9.833333,0.36150894,637.5197700255394,868.7937155168376,591.6301445075032,3.596304592276295,19.110612517815373,225,10.666666666666666
L0209092252,3.6055396,3.738,3.7379999,0.73924607,0.46458033,9.833333,0.36150894,637.5197700255394,868.7937155168376,591.6301445075032,3.596304592276295,19.110612517815373,225,10.416666666666666
L0417200622,5.5859218,5.647,5.9016252,0.70597231,0.047620066,9.5,0.91523057,637.5197700255394,868.7937155168376,591.6301445075032,5.571614362919844,29.607326202884526,226,10.666666666666666
L0417200622,5.5859218,5.647,5.9016252,0.70597231,0.047620066,9.5,0.91523057,637.5197700255394,868.7937155168376,591.6301445075032,5.571614362919844,29.607326202884526,226,10.666666666666666
L0417200622,5.5859218,5.647,5.9016252,0.70597231,0.047620066,9.5,0.91523057,637.5197700255394,868.7937155168376,591.6301445075032,5.571614362919844,29.607326202884526,226,10.583333333333334
L0417200622,5.5859218,5.647,5.9016252,0.70597231,0.047620066,9.5,0.91523057,637.5197700255394,868.7937155168376,591.6301445075032,5.571614362919844,29.607326202884526,226,10.666666666666666
L0417200622,5.5859218,5.647,5.9016252,0.70597231,0.047620066,9.5,0.91523057,637.5197700255394,868.7937155168376,591.6301445075032,5.571614362919844,29.607326202884526,226,10.583333333333334
L0417200622,5.5859218,5.647,5.9016252,0.70597231,0.047620066,9.5,0.91523057,637.5197700255394,868.7937155168376,591.6301445075032,5.571614362919844,29.607326202884526,226,10.666666666666666
L0417200622,5.5859218,5.647,5.9016252,0.70597231,0.047620066,9.5,0.91523057,637.5197700255394,868.7937155168376,591.6301445075032,5.571614362919844,29.607326202884526,226,10.666666666666666
L0417200622,5.5859218,5.647,5.9016252,0.70597231,0.047620066,9.5,0.91523057,637.5197700255394,868.7937155168376,591.6301445075032,5.571614362919844,29.607326202884526,226,10.666666666666666
L0417200622,5.5859218,5.647,5.9016252,0.70597231,0.047620066,9.5,0.91523057,637.5197700255394,868.7937155168376,591.6301445075032,5.571614362919844,29.607326202884526,226,10.666666666666666
L0417200622,5.5859218,5.647,5.9016252,0.70597231,0.047620066,9.5,0.91523057,637.5197700255394,868.7937155168376,591.6301445075032,5.571614362919844,29.607326202884526,226,10.666666666666666
L0303195215,15.129273,13.632,13.632,-0.64069438,0.42074293,9.5,0.26199123,637.5197700255394,868.7937155168376,591.6301445075032,15.090521809190989,80.19040311726049,227,10.166666666666666
L0303195215,15.129273,13.632,13.632,-0.64069438,0.42074293,9.5,0.26199123,637.5197700255394,868.7937155168376,591.6301445075032,15.090521809190989,80.19040311726049,227,9.916666666666666
L0303195215,15.129273,13.632,13.632,-0.64069438,0.42074293,9.5,0.26199123,637.5197700255394,868.7937155168376,591.6301445075032,15.090521809190989,80.19040311726049,227,10.0
L0303195215,15.129273,13.632,13.632,-0.64069438,0.42074293,9.5,0.26199123,637.5197700255394,868.7937155168376,591.6301445075032,15.090521809190989,80.19040311726049,227,10.166666666666666
L0303195215,15.129273,13.632,13.632,-0.64069438,0.42074293,9.5,0.26199123,637.5197700255394,868.7937155168376,591.6301445075032,15.090521809190989,80.19040311726049,227,9.666666666666666
L0303195215,15.129273,13.632,13.632,-0.64069438,0.42074293,9.5,0.26199123,637.5197700255394,868.7937155168376,591.6301445075032,15.090521809190989,80.19040311726049,227,9.916666666666666
L0303195215,15.129273,13.632,13.632,-0.64069438,0.42074293,9.5,0.26199123,637.5197700255394,868.7937155168376,591.6301445075032,15.090521809190989,80.19040311726049,227,9.416666666666666
L0303195215,15.129273,13.632,13.632,-0.64069438,0.42074293,9.5,0.26199123,637.5197700255394,868.7937155168376,591.6301445075032,15.090521809190989,80.19040311726049,227,9.416666666666666
L0303195215,15.129273,13.632,13.632,-0.64069438,0.42074293,9.5,0.26199123,637.5197700255394,868.7937155168376,591.6301445075032,15.090521809190989,80.19040311726049,227,9.75
L0303195215,15.129273,13.632,13.632,-0.64069438,0.42074293,9.5,0.26199123,637.5197700255394,868.7937155168376,591.6301445075032,15.090521809190989,80.19040311726049,227,9.916666666666666
L0419164627,3.9729338,3.813,3.813,0.89101005,0.42399284,9.5,1.3592167,637.5197700255394,868.7937155168376,591.6301445075032,3.9627577713332314,21.057929418035457,228,10.75
L0419164627,3.9729338,3.813,3.813,0.89101005,0.42399284,9.5,1.3592167,637.5197700255394,868.7937155168376,591.6301445075032,3.9627577713332314,21.057929418035457,228,10.333333333333334
L0419164627,3.9729338,3.813,3.813,0.89101005,0.42399284,9.5,1.3592167,637.5197700255394,868.7937155168376,591.6301445075032,3.9627577713332314,21.057929418035457,228,10.333333333333334
L0419164627,3.9729338,3.813,3.813,0.89101005,0.42399284,9.5,1.3592167,637.5197700255394,868.7937155168376,591.6301445075032,3.9627577713332314,21.057929418035457,228,10.75
L0419164627,3.9729338,3.813,3.813,0.89101005,0.42399284,9.5,1.3592167,637.5197700255394,868.7937155168376,591.6301445075032,3.9627577713332314,21.057929418035457,228,10.0
L0419164627,3.9729338,3.813,3.813,0.89101005,0.42399284,9.5,1.3592167,637.5197700255394,868.7937155168376,591.6301445075032,3.9627577713332314,21.057929418035457,228,10.583333333333334
L0419164627,3.9729338,3.813,3.813,0.89101005,0.42399284,9.5,1.3592167,637.5197700255394,868.7937155168376,591.6301445075032,3.9627577713332314,21.057929418035457,228,9.833333333333334
L0419164627,3.9729338,3.813,3.813,0.89101005,0.42399284,9.5,1.3592167,637.5197700255394,868.7937155168376,591.6301445075032,3.9627577713332314,21.057929418035457,228,10.416666666666666
L0419164627,3.9729338,3.813,3.813,0.89101005,0.42399284,9.5,1.3592167,637.5197700255394,868.7937155168376,591.6301445075032,3.9627577713332314,21.057929418035457,228,11.083333333333334
L0419164627,3.9729338,3.813,3.813,0.89101005,0.42399284,9.5,1.3592167,637.5197700255394,868.7937155168376,591.6301445075032,3.9627577713332314,21.057929418035457,228,10.583333333333334
L0411161512,12.285059,12.137,12.137,-0.45530891,0.67734337,10.166667,0.48543462,637.5197700255394,868.7937155168376,591.6301445075032,12.253592804274074,65.11508077944849,229,9.583333333333334
L0411161512,12.285059,12.137,12.137,-0.45530891,0.67734337,10.166667,0.48543462,637.5197700255394,868.7937155168376,591.6301445075032,12.253592804274074,65.11508077944849,229,9.25
L0411161512,12.285059,12.137,12.137,-0.45530891,0.67734337,10.166667,0.48543462,637.5197700255394,868.7937155168376,591.6301445075032,12.253592804274074,65.11508077944849,229,9.5
L0411161512,12.285059,12.137,12.137,-0.45530891,0.67734337,10.166667,0.48543462,637.5197700255394,868.7937155168376,591.6301445075032,12.253592804274074,65.11508077944849,229,11.083333333333334
L0411161512,12.285059,12.137,12.137,-0.45530891,0.67734337,10.166667,0.48543462,637.5197700255394,868.7937155168376,591.6301445075032,12.253592804274074,65.11508077944849,229,9.333333333333334
L0411161512,12.285059,12.137,12.137,-0.45530891,0.67734337,10.166667,0.48543462,637.5197700255394,868.7937155168376,591.6301445075032,12.253592804274074,65.11508077944849,229,9.0
L0411161512,12.285059,12.137,12.137,-0.45530891,0.67734337,10.166667,0.48543462,637.5197700255394,868.7937155168376,591.6301445075032,12.253592804274074,65.11508077944849,229,11.75
L0411161512,12.285059,12.137,12.137,-0.45530891,0.67734337,10.166667,0.48543462,637.5197700255394,868.7937155168376,591.6301445075032,12.253592804274074,65.11508077944849,229,10.0
L0411161512,12.285059,12.137,12.137,-0.45530891,0.67734337,10.166667,0.48543462,637.5197700255394,868.7937155168376,591.6301445075032,12.253592804274074,65.11508077944849,229,9.916666666666666
L0411161512,12.285059,12.137,12.137,-0.45530891,0.67734337,10.166667,0.48543462,637.5197700255394,868.7937155168376,591.6301445075032,12.253592804274074,65.11508077944849,229,10.083333333333334
L0508190836_7879,5.0038238,4.987,4.987,0.56219292,0.46924904,9.5,0.42780378,637.5197700255394,868.7937155168376,591.6301445075032,4.99100731299177,26.52200457019595,230,9.833333333333334
L0508190836_7879,5.0038238,4.987,4.987,0.56219292,0.46924904,9.5,0.42780378,637.5197700255394,868.7937155168376,591.6301445075032,4.99100731299177,26.52200457019595,230,10.083333333333334
L0508190836_7879,5.0038238,4.987,4.987,0.56219292,0.46924904,9.5,0.42780378,637.5197700255394,868.7937155168376,591.6301445075032,4.99100731299177,26.52200457019595,230,11.333333333333334
L0508190836_7879,5.0038238,4.987,4.987,0.56219292,0.46924904,9.5,0.42780378,637.5197700255394,868.7937155168376,591.6301445075032,4.99100731299177,26.52200457019595,230,10.75
L0508190836_7879,5.0038238,4.987,4.987,0.56219292,0.46924904,9.5,0.42780378,637.5197700255394,868.7937155168376,591.6301445075032,4.99100731299177,26.52200457019595,230,11.0
L0508190836_7879,5.0038238,4.987,4.987,0.56219292,0.46924904,9.5,0.42780378,637.5197700255394,868.7937155168376,591.6301445075032,4.99100731299177,26.52200457019595,230,10.416666666666666
L0508190836_7879,5.0038238,4.987,4.987,0.56219292,0.46924904,9.5,0.42780378,637.5197700255394,868.7937155168376,591.6301445075032,4.99100731299177,26.52200457019595,230,10.333333333333334
L0508190836_7879,5.0038238,4.987,4.987,0.56219292,0.46924904,9.5,0.42780378,637.5197700255394,868.7937155168376,591.6301445075032,4.99100731299177,26.52200457019595,230,9.75
L0508190836_7879,5.0038238,4.987,4.987,0.56219292,0.46924904,9.5,0.42780378,637.5197700255394,868.7937155168376,591.6301445075032,4.99100731299177,26.52200457019595,230,9.75
L0508190836_7879,5.0038238,4.987,4.987,0.56219292,0.46924904,9.5,0.42780378,637.5197700255394,868.7937155168376,591.6301445075032,4.99100731299177,26.52200457019595,230,10.416666666666666
L0222180702,23.212162,24.876,24.745111,-1.5074997,0.40733337,10.5,0.27184331,637.5197700255394,868.7937155168376,591.6301445075032,23.152707793657655,123.0325229773536,231,10.25
L0222180702,23.212162,24.876,24.745111,-1.5074997,0.40733337,10.5,0.27184331,637.5197700255394,868.7937155168376,591.6301445075032,23.152707793657655,123.0325229773536,231,10.25
L0222180702,23.212162,24.876,24.745111,-1.5074997,0.40733337,10.5,0.27184331,637.5197700255394,868.7937155168376,591.6301445075032,23.152707793657655,123.0325229773536,231,10.75
L0222180702,23.212162,24.876,24.745111,-1.5074997,0.40733337,10.5,0.27184331,637.5197700255394,868.7937155168376,591.6301445075032,23.152707793657655,123.0325229773536,231,10.583333333333334
L0222180702,23.212162,24.876,24.745111,-1.5074997,0.40733337,10.5,0.27184331,637.5197700255394,868.7937155168376,591.6301445075032,23.152707793657655,123.0325229773536,231,10.583333333333334
L0222180702,23.212162,24.876,24.745111,-1.5074997,0.40733337,10.5,0.27184331,637.5197700255394,868.7937155168376,591.6301445075032,23.152707793657655,123.0325229773536,231,10.583333333333334
L0222180702,23.212162,24.876,24.745111,-1.5074997,0.40733337,10.5,0.27184331,637.5197700255394,868.7937155168376,591.6301445075032,23.152707793657655,123.0325229773536,231,10.083333333333334
L0222180702,23.212162,24.876,24.745111,-1.5074997,0.40733337,10.5,0.27184331,637.5197700255394,868.7937155168376,591.6301445075032,23.152707793657655,123.0325229773536,231,10.75
L0222180702,23.212162,24.876,24.745111,-1.5074997,0.40733337,10.5,0.27184331,637.5197700255394,868.7937155168376,591.6301445075032,23.152707793657655,123.0325229773536,231,10.25
L0222180702,23.212162,24.876,24.745111,-1.5074997,0.40733337,10.5,0.27184331,637.5197700255394,868.7937155168376,591.6301445075032,23.152707793657655,123.0325229773536,231,10.75
L0520095354_DF9A,6.2822022,5.607,5.6069999,-1.5062038,0.28727388,9.5,1.3592167,637.5197700255394,868.7937155168376,591.6301445075032,6.266111353060231,33.297854224862014,232,7.916666666666667
L0520095354_DF9A,6.2822022,5.607,5.6069999,-1.5062038,0.28727388,9.5,1.3592167,637.5197700255394,868.7937155168376,591.6301445075032,6.266111353060231,33.297854224862014,232,8.0
L0520095354_DF9A,6.2822022,5.607,5.6069999,-1.5062038,0.28727388,9.5,1.3592167,637.5197700255394,868.7937155168376,591.6301445075032,6.266111353060231,33.297854224862014,232,8.75
L0520095354_DF9A,6.2822022,5.607,5.6069999,-1.5062038,0.28727388,9.5,1.3592167,637.5197700255394,868.7937155168376,591.6301445075032,6.266111353060231,33.297854224862014,232,8.0
L0520095354_DF9A,6.2822022,5.607,5.6069999,-1.5062038,0.28727388,9.5,1.3592167,637.5197700255394,868.7937155168376,591.6301445075032,6.266111353060231,33.297854224862014,232,8.166666666666666
L0520095354_DF9A,6.2822022,5.607,5.6069999,-1.5062038,0.28727388,9.5,1.3592167,637.5197700255394,868.7937155168376,591.6301445075032,6.266111353060231,33.297854224862014,232,8.583333333333334
L0520095354_DF9A,6.2822022,5.607,5.6069999,-1.5062038,0.28727388,9.5,1.3592167,637.5197700255394,868.7937155168376,591.6301445075032,6.266111353060231,33.297854224862014,232,7.666666666666667
L0520095354_DF9A,6.2822022,5.607,5.6069999,-1.5062038,0.28727388,9.5,1.3592167,637.5197700255394,868.7937155168376,591.6301445075032,6.266111353060231,33.297854224862014,232,8.25
L0520095354_DF9A,6.2822022,5.607,5.6069999,-1.5062038,0.28727388,9.5,1.3592167,637.5197700255394,868.7937155168376,591.6301445075032,6.266111353060231,33.297854224862014,232,8.416666666666666
L0520095354_DF9A,6.2822022,5.607,5.6069999,-1.5062038,0.28727388,9.5,1.3592167,637.5197700255394,868.7937155168376,591.6301445075032,6.266111353060231,33.297854224862014,232,8.666666666666666
L0513103609_EE66,4.2338395,3.107,3.1070001,-0.92422277,0.13164161,9.666667,0.97086877,637.5197700255394,868.7937155168376,591.6301445075032,4.222995203494859,22.440820271984027,233,8.833333333333334
L0513103609_EE66,4.2338395,3.107,3.1070001,-0.92422277,0.13164161,9.666667,0.97086877,637.5197700255394,868.7937155168376,591.6301445075032,4.222995203494859,22.440820271984027,233,8.916666666666666
L0513103609_EE66,4.2338395,3.107,3.1070001,-0.92422277,0.13164161,9.666667,0.97086877,637.5197700255394,868.7937155168376,591.6301445075032,4.222995203494859,22.440820271984027,233,9.083333333333334
L0513103609_EE66,4.2338395,3.107,3.1070001,-0.92422277,0.13164161,9.666667,0.97086877,637.5197700255394,868.7937155168376,591.6301445075032,4.222995203494859,22.440820271984027,233,8.833333333333334
L0513103609_EE66,4.2338395,3.107,3.1070001,-0.92422277,0.13164161,9.666667,0.97086877,637.5197700255394,868.7937155168376,591.6301445075032,4.222995203494859,22.440820271984027,233,8.666666666666666
L0513103609_EE66,4.2338395,3.107,3.1070001,-0.92422277,0.13164161,9.666667,0.97086877,637.5197700255394,868.7937155168376,591.6301445075032,4.222995203494859,22.440820271984027,233,9.083333333333334
L0513103609_EE66,4.2338395,3.107,3.1070001,-0.92422277,0.13164161,9.666667,0.97086877,637.5197700255394,868.7937155168376,591.6301445075032,4.222995203494859,22.440820271984027,233,8.916666666666666
L0513103609_EE66,4.2338395,3.107,3.1070001,-0.92422277,0.13164161,9.666667,0.97086877,637.5197700255394,868.7937155168376,591.6301445075032,4.222995203494859,22.440820271984027,233,8.916666666666666
L0513103609_EE66,4.2338395,3.107,3.1070001,-0.92422277,0.13164161,9.666667,0.97086877,637.5197700255394,868.7937155168376,591.6301445075032,4.222995203494859,22.440820271984027,233,8.666666666666666
L0513103609_EE66,4.2338395,3.107,3.1070001,-0.92422277,0.13164161,9.666667,0.97086877,637.5197700255394,868.7937155168376,591.6301445075032,4.222995203494859,22.440820271984027,233,9.083333333333334
L0422162140_89B3,10.376189,9.586,9.6171246,-1.4615872,0.11218143,10.0,0.41904747,637.5197700255394,868.7937155168376,591.6301445075032,10.349612066672842,54.997406599172606,234,8.916666666666666
L0422162140_89B3,10.376189,9.586,9.6171246,-1.4615872,0.11218143,10.0,0.41904747,637.5197700255394,868.7937155168376,591.6301445075032,10.349612066672842,54.997406599172606,234,9.0
L0422162140_89B3,10.376189,9.586,9.6171246,-1.4615872,0.11218143,10.0,0.41904747,637.5197700255394,868.7937155168376,591.6301445075032,10.349612066672842,54.997406599172606,234,8.833333333333334
L0422162140_89B3,10.376189,9.586,9.6171246,-1.4615872,0.11218143,10.0,0.41904747,637.5197700255394,868.7937155168376,591.6301445075032,10.349612066672842,54.997406599172606,234,8.666666666666666
L0422162140_89B3,10.376189,9.586,9.6171246,-1.4615872,0.11218143,10.0,0.41904747,637.5197700255394,868.7937155168376,591.6301445075032,10.349612066672842,54.997406599172606,234,9.0
L0422162140_89B3,10.376189,9.586,9.6171246,-1.4615872,0.11218143,10.0,0.41904747,637.5197700255394,868.7937155168376,591.6301445075032,10.349612066672842,54.997406599172606,234,8.916666666666666
L0422162140_89B3,10.376189,9.586,9.6171246,-1.4615872,0.11218143,10.0,0.41904747,637.5197700255394,868.7937155168376,591.6301445075032,10.349612066672842,54.997406599172606,234,8.916666666666666
L0422162140_89B3,10.376189,9.586,9.6171246,-1.4615872,0.11218143,10.0,0.41904747,637.5197700255394,868.7937155168376,591.6301445075032,10.349612066672842,54.997406599172606,234,8.833333333333334
L0422162140_89B3,10.376189,9.586,9.6171246,-1.4615872,0.11218143,10.0,0.41904747,637.5197700255394,868.7937155168376,591.6301445075032,10.349612066672842,54.997406599172606,234,9.166666666666666
L0422162140_89B3,10.376189,9.586,9.6171246,-1.4615872,0.11218143,10.0,0.41904747,637.5197700255394,868.7937155168376,591.6301445075032,10.349612066672842,54.997406599172606,234,8.916666666666666
L0221193538,6.5941443,7.181,7.1810002,-1.7272686,0.57031488,10.0,1.3592167,637.5197700255394,868.7937155168376,591.6301445075032,6.577254463720923,34.95125572989432,235,9.833333333333334
L0221193538,6.5941443,7.181,7.1810002,-1.7272686,0.57031488,10.0,1.3592167,637.5197700255394,868.7937155168376,591.6301445075032,6.577254463720923,34.95125572989432,235,8.833333333333334
L0221193538,6.5941443,7.181,7.1810002,-1.7272686,0.57031488,10.0,1.3592167,637.5197700255394,868.7937155168376,591.6301445075032,6.577254463720923,34.95125572989432,235,9.583333333333334
L0221193538,6.5941443,7.181,7.1810002,-1.7272686,0.57031488,10.0,1.3592167,637.5197700255394,868.7937155168376,591.6301445075032,6.577254463720923,34.95125572989432,235,9.0
L0221193538,6.5941443,7.181,7.1810002,-1.7272686,0.57031488,10.0,1.3592167,637.5197700255394,868.7937155168376,591.6301445075032,6.577254463720923,34.95125572989432,235,8.333333333333334
L0221193538,6.5941443,7.181,7.1810002,-1.7272686,0.57031488,10.0,1.3592167,637.5197700255394,868.7937155168376,591.6301445075032,6.577254463720923,34.95125572989432,235,8.5
L0221193538,6.5941443,7.181,7.1810002,-1.7272686,0.57031488,10.0,1.3592167,637.5197700255394,868.7937155168376,591.6301445075032,6.577254463720923,34.95125572989432,235,9.916666666666666
L0221193538,6.5941443,7.181,7.1810002,-1.7272686,0.57031488,10.0,1.3592167,637.5197700255394,868.7937155168376,591.6301445075032,6.577254463720923,34.95125572989432,235,8.75
L0221193538,6.5941443,7.181,7.1810002,-1.7272686,0.57031488,10.0,1.3592167,637.5197700255394,868.7937155168376,591.6301445075032,6.577254463720923,34.95125572989432,235,8.5
L0221193538,6.5941443,7.181,7.1810002,-1.7272686,0.57031488,10.0,1.3592167,637.5197700255394,868.7937155168376,591.6301445075032,6.577254463720923,34.95125572989432,235,8.666666666666666
L0424084355_8B29,3.378155,4.617,4.5417914,-2.4443059,0.02337363,10.5,1.3592167,637.5197700255394,868.7937155168376,591.6301445075032,3.3695024012275794,17.905395139778964,236,8.333333333333334
L0424084355_8B29,3.378155,4.617,4.5417914,-2.4443059,0.02337363,10.5,1.3592167,637.5197700255394,868.7937155168376,591.6301445075032,3.3695024012275794,17.905395139778964,236,8.333333333333334
L0424084355_8B29,3.378155,4.617,4.5417914,-2.4443059,0.02337363,10.5,1.3592167,637.5197700255394,868.7937155168376,591.6301445075032,3.3695024012275794,17.905395139778964,236,8.333333333333334
L0424084355_8B29,3.378155,4.617,4.5417914,-2.4443059,0.02337363,10.5,1.3592167,637.5197700255394,868.7937155168376,591.6301445075032,3.3695024012275794,17.905395139778964,236,8.333333333333334
L0424084355_8B29,3.378155,4.617,4.5417914,-2.4443059,0.02337363,10.5,1.3592167,637.5197700255394,868.7937155168376,591.6301445075032,3.3695024012275794,17.905395139778964,236,8.333333333333334
L0424084355_8B29,3.378155,4.617,4.5417914,-2.4443059,0.02337363,10.5,1.3592167,637.5197700255394,868.7937155168376,591.6301445075032,3.3695024012275794,17.905395139778964,236,8.333333333333334
L0424084355_8B29,3.378155,4.617,4.5417914,-2.4443059,0.02337363,10.5,1.3592167,637.5197700255394,868.7937155168376,591.6301445075032,3.3695024012275794,17.905395139778964,236,8.333333333333334
L0424084355_8B29,3.378155,4.617,4.5417914,-2.4443059,0.02337363,10.5,1.3592167,637.5197700255394,868.7937155168376,591.6301445075032,3.3695024012275794,17.905395139778964,236,8.333333333333334
L0424084355_8B29,3.378155,4.617,4.5417914,-2.4443059,0.02337363,10.5,1.3592167,637.5197700255394,868.7937155168376,591.6301445075032,3.3695024012275794,17.905395139778964,236,8.333333333333334
L0424084355_8B29,3.378155,4.617,4.5417914,-2.4443059,0.02337363,10.5,1.3592167,637.5197700255394,868.7937155168376,591.6301445075032,3.3695024012275794,17.905395139778964,236,8.25
L0421103706,2.7275372,1.745,1.745,-0.61677772,0.19142446,10.5,0.72463214,637.5197700255394,868.7937155168376,591.6301445075032,2.7205510537075854,14.456894761917768,237,10.166666666666666
L0421103706,2.7275372,1.745,1.745,-0.61677772,0.19142446,10.5,0.72463214,637.5197700255394,868.7937155168376,591.6301445075032,2.7205510537075854,14.456894761917768,237,10.0
L0421103706,2.7275372,1.745,1.745,-0.61677772,0.19142446,10.5,0.72463214,637.5197700255394,868.7937155168376,591.6301445075032,2.7205510537075854,14.456894761917768,237,10.25
L0421103706,2.7275372,1.745,1.745,-0.61677772,0.19142446,10.5,0.72463214,637.5197700255394,868.7937155168376,591.6301445075032,2.7205510537075854,14.456894761917768,237,10.333333333333334
L0421103706,2.7275372,1.745,1.745,-0.61677772,0.19142446,10.5,0.72463214,637.5197700255394,868.7937155168376,591.6301445075032,2.7205510537075854,14.456894761917768,237,10.25
L0421103706,2.7275372,1.745,1.745,-0.61677772,0.19142446,10.5,0.72463214,637.5197700255394,868.7937155168376,591.6301445075032,2.7205510537075854,14.456894761917768,237,10.0
L0421103706,2.7275372,1.745,1.745,-0.61677772,0.19142446,10.5,0.72463214,637.5197700255394,868.7937155168376,591.6301445075032,2.7205510537075854,14.456894761917768,237,9.833333333333334
L0421103706,2.7275372,1.745,1.745,-0.61677772,0.19142446,10.5,0.72463214,637.5197700255394,868.7937155168376,591.6301445075032,2.7205510537075854,14.456894761917768,237,10.333333333333334
L0421103706,2.7275372,1.745,1.745,-0.61677772,0.19142446,10.5,0.72463214,637.5197700255394,868.7937155168376,591.6301445075032,2.7205510537075854,14.456894761917768,237,10.583333333333334
L0421103706,2.7275372,1.745,1.745,-0.61677772,0.19142446,10.5,0.72463214,637.5197700255394,868.7937155168376,591.6301445075032,2.7205510537075854,14.456894761917768,237,10.333333333333334
L0428112810_BDD4,4.2686372,5.007,4.6518888,-0.87798357,0.32767436,10.5,0.97086877,637.5197700255394,868.7937155168376,591.6301445075032,4.257703774802923,22.625260171413,238,9.75
L0428112810_BDD4,4.2686372,5.007,4.6518888,-0.87798357,0.32767436,10.5,0.97086877,637.5197700255394,868.7937155168376,591.6301445075032,4.257703774802923,22.625260171413,238,9.666666666666666
L0428112810_BDD4,4.2686372,5.007,4.6518888,-0.87798357,0.32767436,10.5,0.97086877,637.5197700255394,868.7937155168376,591.6301445075032,4.257703774802923,22.625260171413,238,9.833333333333334
L0428112810_BDD4,4.2686372,5.007,4.6518888,-0.87798357,0.32767436,10.5,0.97086877,637.5197700255394,868.7937155168376,591.6301445075032,4.257703774802923,22.625260171413,238,10.166666666666666
L0428112810_BDD4,4.2686372,5.007,4.6518888,-0.87798357,0.32767436,10.5,0.97086877,637.5197700255394,868.7937155168376,591.6301445075032,4.257703774802923,22.625260171413,238,9.916666666666666
L0428112810_BDD4,4.2686372,5.007,4.6518888,-0.87798357,0.32767436,10.5,0.97086877,637.5197700255394,868.7937155168376,591.6301445075032,4.257703774802923,22.625260171413,238,9.666666666666666
L0428112810_BDD4,4.2686372,5.007,4.6518888,-0.87798357,0.32767436,10.5,0.97086877,637.5197700255394,868.7937155168376,591.6301445075032,4.257703774802923,22.625260171413,238,9.833333333333334
L0428112810_BDD4,4.2686372,5.007,4.6518888,-0.87798357,0.32767436,10.5,0.97086877,637.5197700255394,868.7937155168376,591.6301445075032,4.257703774802923,22.625260171413,238,10.166666666666666
L0428112810_BDD4,4.2686372,5.007,4.6518888,-0.87798357,0.32767436,10.5,0.97086877,637.5197700255394,868.7937155168376,591.6301445075032,4.257703774802923,22.625260171413,238,9.75
L0428112810_BDD4,4.2686372,5.007,4.6518888,-0.87798357,0.32767436,10.5,0.97086877,637.5197700255394,868.7937155168376,591.6301445075032,4.257703774802923,22.625260171413,238,10.333333333333334
L0417200622,5.5859218,5.647,5.9016252,0.70597231,0.047620066,9.5,0.91523057,637.5197700255394,868.7937155168376,591.6301445075032,5.571614362919844,29.607326202884526,239,10.666666666666666
L0417200622,5.5859218,5.647,5.9016252,0.70597231,0.047620066,9.5,0.91523057,637.5197700255394,868.7937155168376,591.6301445075032,5.571614362919844,29.607326202884526,239,10.666666666666666
L0417200622,5.5859218,5.647,5.9016252,0.70597231,0.047620066,9.5,0.91523057,637.5197700255394,868.7937155168376,591.6301445075032,5.571614362919844,29.607326202884526,239,10.666666666666666
L0417200622,5.5859218,5.647,5.9016252,0.70597231,0.047620066,9.5,0.91523057,637.5197700255394,868.7937155168376,591.6301445075032,5.571614362919844,29.607326202884526,239,10.666666666666666
L0417200622,5.5859218,5.647,5.9016252,0.70597231,0.047620066,9.5,0.91523057,637.5197700255394,868.7937155168376,591.6301445075032,5.571614362919844,29.607326202884526,239,10.583333333333334
L0417200622,5.5859218,5.647,5.9016252,0.70597231,0.047620066,9.5,0.91523057,637.5197700255394,868.7937155168376,591.6301445075032,5.571614362919844,29.607326202884526,239,10.666666666666666
L0417200622,5.5859218,5.647,5.9016252,0.70597231,0.047620066,9.5,0.91523057,637.5197700255394,868.7937155168376,591.6301445075032,5.571614362919844,29.607326202884526,239,10.666666666666666
L0417200622,5.5859218,5.647,5.9016252,0.70597231,0.047620066,9.5,0.91523057,637.5197700255394,868.7937155168376,591.6301445075032,5.571614362919844,29.607326202884526,239,10.666666666666666
L0417200622,5.5859218,5.647,5.9016252,0.70597231,0.047620066,9.5,0.91523057,637.5197700255394,868.7937155168376,591.6301445075032,5.571614362919844,29.607326202884526,239,10.666666666666666
L0417200622,5.5859218,5.647,5.9016252,0.70597231,0.047620066,9.5,0.91523057,637.5197700255394,868.7937155168376,591.6301445075032,5.571614362919844,29.607326202884526,239,10.666666666666666
L0302094732,3.1849179,2.677,2.677,0.84774315,0.84303439,10.0,0.49628046,637.5197700255394,868.7937155168376,591.6301445075032,3.176760246869282,16.88117137527882,240,11.25
L0302094732,3.1849179,2.677,2.677,0.84774315,0.84303439,10.0,0.49628046,637.5197700255394,868.7937155168376,591.6301445075032,3.176760246869282,16.88117137527882,240,10.583333333333334
L0302094732,3.1849179,2.677,2.677,0.84774315,0.84303439,10.0,0.49628046,637.5197700255394,868.7937155168376,591.6301445075032,3.176760246869282,16.88117137527882,240,12.75
L0302094732,3.1849179,2.677,2.677,0.84774315,0.84303439,10.0,0.49628046,637.5197700255394,868.7937155168376,591.6301445075032,3.176760246869282,16.88117137527882,240,10.75
L0302094732,3.1849179,2.677,2.677,0.84774315,0.84303439,10.0,0.49628046,637.5197700255394,868.7937155168376,591.6301445075032,3.176760246869282,16.88117137527882,240,10.416666666666666
L0302094732,3.1849179,2.677,2.677,0.84774315,0.84303439,10.0,0.49628046,637.5197700255394,868.7937155168376,591.6301445075032,3.176760246869282,16.88117137527882,240,11.166666666666666
L0302094732,3.1849179,2.677,2.677,0.84774315,0.84303439,10.0,0.49628046,637.5197700255394,868.7937155168376,591.6301445075032,3.176760246869282,16.88117137527882,240,10.333333333333334
L0302094732,3.1849179,2.677,2.677,0.84774315,0.84303439,10.0,0.49628046,637.5197700255394,868.7937155168376,591.6301445075032,3.176760246869282,16.88117137527882,240,10.666666666666666
L0302094732,3.1849179,2.677,2.677,0.84774315,0.84303439,10.0,0.49628046,637.5197700255394,868.7937155168376,591.6301445075032,3.176760246869282,16.88117137527882,240,11.666666666666666
L0302094732,3.1849179,2.677,2.677,0.84774315,0.84303439,10.0,0.49628046,637.5197700255394,868.7937155168376,591.6301445075032,3.176760246869282,16.88117137527882,240,10.916666666666666
L0417203207,14.417366,13.37,13.37,0.62285495,0.82324564,9.5,1.3592167,637.5197700255394,868.7937155168376,591.6301445075032,14.38043824406425,76.41704868628423,241,10.583333333333334
L0417203207,14.417366,13.37,13.37,0.62285495,0.82324564,9.5,1.3592167,637.5197700255394,868.7937155168376,591.6301445075032,14.38043824406425,76.41704868628423,241,11.916666666666666
L0417203207,14.417366,13.37,13.37,0.62285495,0.82324564,9.5,1.3592167,637.5197700255394,868.7937155168376,591.6301445075032,14.38043824406425,76.41704868628423,241,8.833333333333334
L0417203207,14.417366,13.37,13.37,0.62285495,0.82324564,9.5,1.3592167,637.5197700255394,868.7937155168376,591.6301445075032,14.38043824406425,76.41704868628423,241,11.5
L0417203207,14.417366,13.37,13.37,0.62285495,0.82324564,9.5,1.3592167,637.5197700255394,868.7937155168376,591.6301445075032,14.38043824406425,76.41704868628423,241,11.416666666666666
L0417203207,14.417366,13.37,13.37,0.62285495,0.82324564,9.5,1.3592167,637.5197700255394,868.7937155168376,591.6301445075032,14.38043824406425,76.41704868628423,241,9.416666666666666
L0417203207,14.417366,13.37,13.37,0.62285495,0.82324564,9.5,1.3592167,637.5197700255394,868.7937155168376,591.6301445075032,14.38043824406425,76.41704868628423,241,10.416666666666666
L0417203207,14.417366,13.37,13.37,0.62285495,0.82324564,9.5,1.3592167,637.5197700255394,868.7937155168376,591.6301445075032,14.38043824406425,76.41704868628423,241,10.0
L0417203207,14.417366,13.37,13.37,0.62285495,0.82324564,9.5,1.3592167,637.5197700255394,868.7937155168376,591.6301445075032,14.38043824406425,76.41704868628423,241,12.083333333333334
L0417203207,14.417366,13.37,13.37,0.62285495,0.82324564,9.5,1.3592167,637.5197700255394,868.7937155168376,591.6301445075032,14.38043824406425,76.41704868628423,241,9.5
L0411161512,12.285059,12.137,12.137,-0.45530891,0.67734337,10.166667,0.48543462,637.5197700255394,868.7937155168376,591.6301445075032,12.253592804274074,65.11508077944849,242,9.666666666666666
L0411161512,12.285059,12.137,12.137,-0.45530891,0.67734337,10.166667,0.48543462,637.5197700255394,868.7937155168376,591.6301445075032,12.253592804274074,65.11508077944849,242,11.0
L0411161512,12.285059,12.137,12.137,-0.45530891,0.67734337,10.166667,0.48543462,637.5197700255394,868.7937155168376,591.6301445075032,12.253592804274074,65.11508077944849,242,9.583333333333334
L0411161512,12.285059,12.137,12.137,-0.45530891,0.67734337,10.166667,0.48543462,637.5197700255394,868.7937155168376,591.6301445075032,12.253592804274074,65.11508077944849,242,10.083333333333334
L0411161512,12.285059,12.137,12.137,-0.45530891,0.67734337,10.166667,0.48543462,637.5197700255394,868.7937155168376,591.6301445075032,12.253592804274074,65.11508077944849,242,9.25
L0411161512,12.285059,12.137,12.137,-0.45530891,0.67734337,10.166667,0.48543462,637.5197700255394,868.7937155168376,591.6301445075032,12.253592804274074,65.11508077944849,242,8.916666666666666
L0411161512,12.285059,12.137,12.137,-0.45530891,0.67734337,10.166667,0.48543462,637.5197700255394,868.7937155168376,591.6301445075032,12.253592804274074,65.11508077944849,242,9.333333333333334
L0411161512,12.285059,12.137,12.137,-0.45530891,0.67734337,10.166667,0.48543462,637.5197700255394,868.7937155168376,591.6301445075032,12.253592804274074,65.11508077944849,242,9.583333333333334
L0411161512,12.285059,12.137,12.137,-0.45530891,0.67734337,10.166667,0.48543462,637.5197700255394,868.7937155168376,591.6301445075032,12.253592804274074,65.11508077944849,242,10.75
L0411161512,12.285059,12.137,12.137,-0.45530891,0.67734337,10.166667,0.48543462,637.5197700255394,868.7937155168376,591.6301445075032,12.253592804274074,65.11508077944849,242,9.0
L0513152312_49BC,5.6720901,5.414,5.414,0.69124395,0.088283196,10.5,0.51985198,637.5197700255394,868.7937155168376,591.6301445075032,5.6575619567276165,30.06404812950512,243,11.583333333333334
L0513152312_49BC,5.6720901,5.414,5.414,0.69124395,0.088283196,10.5,0.51985198,637.5197700255394,868.7937155168376,591.6301445075032,5.6575619567276165,30.06404812950512,243,11.5
L0513152312_49BC,5.6720901,5.414,5.414,0.69124395,0.088283196,10.5,0.51985198,637.5197700255394,868.7937155168376,591.6301445075032,5.6575619567276165,30.06404812950512,243,11.666666666666666
L0513152312_49BC,5.6720901,5.414,5.414,0.69124395,0.088283196,10.5,0.51985198,637.5197700255394,868.7937155168376,591.6301445075032,5.6575619567276165,30.06404812950512,243,11.5
L0513152312_49BC,5.6720901,5.414,5.414,0.69124395,0.088283196,10.5,0.51985198,637.5197700255394,868.7937155168376,591.6301445075032,5.6575619567276165,30.06404812950512,243,11.583333333333334
L0513152312_49BC,5.6720901,5.414,5.414,0.69124395,0.088283196,10.5,0.51985198,637.5197700255394,868.7937155168376,591.6301445075032,5.6575619567276165,30.06404812950512,243,11.666666666666666
L0513152312_49BC,5.6720901,5.414,5.414,0.69124395,0.088283196,10.5,0.51985198,637.5197700255394,868.7937155168376,591.6301445075032,5.6575619567276165,30.06404812950512,243,11.416666666666666
L0513152312_49BC,5.6720901,5.414,5.414,0.69124395,0.088283196,10.5,0.51985198,637.5197700255394,868.7937155168376,591.6301445075032,5.6575619567276165,30.06404812950512,243,11.5
L0513152312_49BC,5.6720901,5.414,5.414,0.69124395,0.088283196,10.5,0.51985198,637.5197700255394,868.7937155168376,591.6301445075032,5.6575619567276165,30.06404812950512,243,11.583333333333334
L0513152312_49BC,5.6720901,5.414,5.414,0.69124395,0.088283196,10.5,0.51985198,637.5197700255394,868.7937155168376,591.6301445075032,5.6575619567276165,30.06404812950512,243,11.583333333333334
L0222082827,10.835649,10.675,10.675,-1.0806942,0.28575966,9.833333,3.3980434,637.5197700255394,868.7937155168376,591.6301445075032,10.807895234043205,57.432704224924784,244,9.25
L0222082827,10.835649,10.675,10.675,-1.0806942,0.28575966,9.833333,3.3980434,637.5197700255394,868.7937155168376,591.6301445075032,10.807895234043205,57.432704224924784,244,9.916666666666666
L0222082827,10.835649,10.675,10.675,-1.0806942,0.28575966,9.833333,3.3980434,637.5197700255394,868.7937155168376,591.6301445075032,10.807895234043205,57.432704224924784,244,9.583333333333334
L0222082827,10.835649,10.675,10.675,-1.0806942,0.28575966,9.833333,3.3980434,637.5197700255394,868.7937155168376,591.6301445075032,10.807895234043205,57.432704224924784,244,9.0
L0222082827,10.835649,10.675,10.675,-1.0806942,0.28575966,9.833333,3.3980434,637.5197700255394,868.7937155168376,591.6301445075032,10.807895234043205,57.432704224924784,244,9.333333333333334
L0222082827,10.835649,10.675,10.675,-1.0806942,0.28575966,9.833333,3.3980434,637.5197700255394,868.7937155168376,591.6301445075032,10.807895234043205,57.432704224924784,244,9.083333333333334
L0222082827,10.835649,10.675,10.675,-1.0806942,0.28575966,9.833333,3.3980434,637.5197700255394,868.7937155168376,591.6301445075032,10.807895234043205,57.432704224924784,244,9.583333333333334
L0222082827,10.835649,10.675,10.675,-1.0806942,0.28575966,9.833333,3.3980434,637.5197700255394,868.7937155168376,591.6301445075032,10.807895234043205,57.432704224924784,244,9.25
L0222082827,10.835649,10.675,10.675,-1.0806942,0.28575966,9.833333,3.3980434,637.5197700255394,868.7937155168376,591.6301445075032,10.807895234043205,57.432704224924784,244,9.5
L0222082827,10.835649,10.675,10.675,-1.0806942,0.28575966,9.833333,3.3980434,637.5197700255394,868.7937155168376,591.6301445075032,10.807895234043205,57.432704224924784,244,9.5
L0424120539_1A4D,8.7341623,14.491,14.606319,1.0848149,0.33388171,10.0,0.61782604,637.5197700255394,868.7937155168376,591.6301445075032,8.711791153029212,46.29409461568834,245,12.083333333333334
L0424120539_1A4D,8.7341623,14.491,14.606319,1.0848149,0.33388171,10.0,0.61782604,637.5197700255394,868.7937155168376,591.6301445075032,8.711791153029212,46.29409461568834,245,11.75
L0424120539_1A4D,8.7341623,14.491,14.606319,1.0848149,0.33388171,10.0,0.61782604,637.5197700255394,868.7937155168376,591.6301445075032,8.711791153029212,46.29409461568834,245,12.0
L0424120539_1A4D,8.7341623,14.491,14.606319,1.0848149,0.33388171,10.0,0.61782604,637.5197700255394,868.7937155168376,591.6301445075032,8.711791153029212,46.29409461568834,245,11.333333333333334
L0424120539_1A4D,8.7341623,14.491,14.606319,1.0848149,0.33388171,10.0,0.61782604,637.5197700255394,868.7937155168376,591.6301445075032,8.711791153029212,46.29409461568834,245,12.083333333333334
L0424120539_1A4D,8.7341623,14.491,14.606319,1.0848149,0.33388171,10.0,0.61782604,637.5197700255394,868.7937155168376,591.6301445075032,8.711791153029212,46.29409461568834,245,12.0
L0424120539_1A4D,8.7341623,14.491,14.606319,1.0848149,0.33388171,10.0,0.61782604,637.5197700255394,868.7937155168376,591.6301445075032,8.711791153029212,46.29409461568834,245,11.5
L0424120539_1A4D,8.7341623,14.491,14.606319,1.0848149,0.33388171,10.0,0.61782604,637.5197700255394,868.7937155168376,591.6301445075032,8.711791153029212,46.29409461568834,245,11.666666666666666
L0424120539_1A4D,8.7341623,14.491,14.606319,1.0848149,0.33388171,10.0,0.61782604,637.5197700255394,868.7937155168376,591.6301445075032,8.711791153029212,46.29409461568834,245,11.583333333333334
L0424120539_1A4D,8.7341623,14.491,14.606319,1.0848149,0.33388171,10.0,0.61782604,637.5197700255394,868.7937155168376,591.6301445075032,8.711791153029212,46.29409461568834,245,11.166666666666666
L0417203207,14.417366,13.37,13.37,0.62285495,0.82324564,9.5,1.3592167,637.5197700255394,868.7937155168376,591.6301445075032,14.38043824406425,76.41704868628423,246,11.0
L0417203207,14.417366,13.37,13.37,0.62285495,0.82324564,9.5,1.3592167,637.5197700255394,868.7937155168376,591.6301445075032,14.38043824406425,76.41704868628423,246,10.5
L0417203207,14.417366,13.37,13.37,0.62285495,0.82324564,9.5,1.3592167,637.5197700255394,868.7937155168376,591.6301445075032,14.38043824406425,76.41704868628423,246,9.416666666666666
L0417203207,14.417366,13.37,13.37,0.62285495,0.82324564,9.5,1.3592167,637.5197700255394,868.7937155168376,591.6301445075032,14.38043824406425,76.41704868628423,246,11.916666666666666
L0417203207,14.417366,13.37,13.37,0.62285495,0.82324564,9.5,1.3592167,637.5197700255394,868.7937155168376,591.6301445075032,14.38043824406425,76.41704868628423,246,12.166666666666666
L0417203207,14.417366,13.37,13.37,0.62285495,0.82324564,9.5,1.3592167,637.5197700255394,868.7937155168376,591.6301445075032,14.38043824406425,76.41704868628423,246,11.333333333333334
L0417203207,14.417366,13.37,13.37,0.62285495,0.82324564,9.5,1.3592167,637.5197700255394,868.7937155168376,591.6301445075032,14.38043824406425,76.41704868628423,246,11.75
L0417203207,14.417366,13.37,13.37,0.62285495,0.82324564,9.5,1.3592167,637.5197700255394,868.7937155168376,591.6301445075032,14.38043824406425,76.41704868628423,246,10.166666666666666
L0417203207,14.417366,13.37,13.37,0.62285495,0.82324564,9.5,1.3592167,637.5197700255394,868.7937155168376,591.6301445075032,14.38043824406425,76.41704868628423,246,11.166666666666666
L0417203207,14.417366,13.37,13.37,0.62285495,0.82324564,9.5,1.3592167,637.5197700255394,868.7937155168376,591.6301445075032,14.38043824406425,76.41704868628423,246,10.5
L0302095219,3.9861093,4.893,5.0036526,-0.80531758,0.10654131,10.5,0.72638816,637.5197700255394,868.7937155168376,591.6301445075032,3.975899524416608,21.127764145472227,247,9.916666666666666
L0302095219,3.9861093,4.893,5.0036526,-0.80531758,0.10654131,10.5,0.72638816,637.5197700255394,868.7937155168376,591.6301445075032,3.975899524416608,21.127764145472227,247,9.75
L0302095219,3.9861093,4.893,5.0036526,-0.80531758,0.10654131,10.5,0.72638816,637.5197700255394,868.7937155168376,591.6301445075032,3.975899524416608,21.127764145472227,247,10.0
L0302095219,3.9861093,4.893,5.0036526,-0.80531758,0.10654131,10.5,0.72638816,637.5197700255394,868.7937155168376,591.6301445075032,3.975899524416608,21.127764145472227,247,10.083333333333334
L0302095219,3.9861093,4.893,5.0036526,-0.80531758,0.10654131,10.5,0.72638816,637.5197700255394,868.7937155168376,591.6301445075032,3.975899524416608,21.127764145472227,247,10.083333333333334
L0302095219,3.9861093,4.893,5.0036526,-0.80531758,0.10654131,10.5,0.72638816,637.5197700255394,868.7937155168376,591.6301445075032,3.975899524416608,21.127764145472227,247,9.833333333333334
L0302095219,3.9861093,4.893,5.0036526,-0.80531758,0.10654131,10.5,0.72638816,637.5197700255394,868.7937155168376,591.6301445075032,3.975899524416608,21.127764145472227,247,10.0
L0302095219,3.9861093,4.893,5.0036526,-0.80531758,0.10654131,10.5,0.72638816,637.5197700255394,868.7937155168376,591.6301445075032,3.975899524416608,21.127764145472227,247,10.083333333333334
L0302095219,3.9861093,4.893,5.0036526,-0.80531758,0.10654131,10.5,0.72638816,637.5197700255394,868.7937155168376,591.6301445075032,3.975899524416608,21.127764145472227,247,10.083333333333334
L0302095219,3.9861093,4.893,5.0036526,-0.80531758,0.10654131,10.5,0.72638816,637.5197700255394,868.7937155168376,591.6301445075032,3.975899524416608,21.127764145472227,247,10.0
L0421103706,2.7275372,1.745,1.745,-0.61677772,0.19142446,10.5,0.72463214,637.5197700255394,868.7937155168376,591.6301445075032,2.7205510537075854,14.456894761917768,248,10.0
L0421103706,2.7275372,1.745,1.745,-0.61677772,0.19142446,10.5,0.72463214,637.5197700255394,868.7937155168376,591.6301445075032,2.7205510537075854,14.456894761917768,248,10.333333333333334
L0421103706,2.7275372,1.745,1.745,-0.61677772,0.19142446,10.5,0.72463214,637.5197700255394,868.7937155168376,591.6301445075032,2.7205510537075854,14.456894761917768,248,10.166666666666666
L0421103706,2.7275372,1.745,1.745,-0.61677772,0.19142446,10.5,0.72463214,637.5197700255394,868.7937155168376,591.6301445075032,2.7205510537075854,14.456894761917768,248,10.0
L0421103706,2.7275372,1.745,1.745,-0.61677772,0.19142446,10.5,0.72463214,637.5197700255394,868.7937155168376,591.6301445075032,2.7205510537075854,14.456894761917768,248,10.0
L0421103706,2.7275372,1.745,1.745,-0.61677772,0.19142446,10.5,0.72463214,637.5197700255394,868.7937155168376,591.6301445075032,2.7205510537075854,14.456894761917768,248,10.333333333333334
L0421103706,2.7275372,1.745,1.745,-0.61677772,0.19142446,10.5,0.72463214,637.5197700255394,868.7937155168376,591.6301445075032,2.7205510537075854,14.456894761917768,248,9.916666666666666
L0421103706,2.7275372,1.745,1.745,-0.61677772,0.19142446,10.5,0.72463214,637.5197700255394,868.7937155168376,591.6301445075032,2.7205510537075854,14.456894761917768,248,9.916666666666666
L0421103706,2.7275372,1.745,1.745,-0.61677772,0.19142446,10.5,0.72463214,637.5197700255394,868.7937155168376,591.6301445075032,2.7205510537075854,14.456894761917768,248,9.916666666666666
L0421103706,2.7275372,1.745,1.745,-0.61677772,0.19142446,10.5,0.72463214,637.5197700255394,868.7937155168376,591.6301445075032,2.7205510537075854,14.456894761917768,248,10.25
L0508190836_7879,5.0038238,4.987,4.987,0.56219292,0.46924904,9.5,0.42780378,637.5197700255394,868.7937155168376,591.6301445075032,4.99100731299177,26.52200457019595,249,10.25
L0508190836_7879,5.0038238,4.987,4.987,0.56219292,0.46924904,9.5,0.42780378,637.5197700255394,868.7937155168376,591.6301445075032,4.99100731299177,26.52200457019595,249,10.333333333333334
L0508190836_7879,5.0038238,4.987,4.987,0.56219292,0.46924904,9.5,0.42780378,637.5197700255394,868.7937155168376,591.6301445075032,4.99100731299177,26.52200457019595,249,10.333333333333334
L0508190836_7879,5.0038238,4.987,4.987,0.56219292,0.46924904,9.5,0.42780378,637.5197700255394,868.7937155168376,591.6301445075032,4.99100731299177,26.52200457019595,249,11.25
L0508190836_7879,5.0038238,4.987,4.987,0.56219292,0.46924904,9.5,0.42780378,637.5197700255394,868.7937155168376,591.6301445075032,4.99100731299177,26.52200457019595,249,10.75
L0508190836_7879,5.0038238,4.987,4.987,0.56219292,0.46924904,9.5,0.42780378,637.5197700255394,868.7937155168376,591.6301445075032,4.99100731299177,26.52200457019595,249,10.833333333333334
L0508190836_7879,5.0038238,4.987,4.987,0.56219292,0.46924904,9.5,0.42780378,637.5197700255394,868.7937155168376,591.6301445075032,4.99100731299177,26.52200457019595,249,10.5
L0508190836_7879,5.0038238,4.987,4.987,0.56219292,0.46924904,9.5,0.42780378,637.5197700255394,868.7937155168376,591.6301445075032,4.99100731299177,26.52200457019595,249,10.583333333333334
L0508190836_7879,5.0038238,4.987,4.987,0.56219292,0.46924904,9.5,0.42780378,637.5197700255394,868.7937155168376,591.6301445075032,4.99100731299177,26.52200457019595,249,10.083333333333334
L0508190836_7879,5.0038238,4.987,4.987,0.56219292,0.46924904,9.5,0.42780378,637.5197700255394,868.7937155168376,591.6301445075032,4.99100731299177,26.52200457019595,249,8.916666666666666
L0228090731,13.489187,16.073,16.027514,-1.254611,0.078851134,10.5,0.97086877,637.5197700255394,868.7937155168376,591.6301445075032,13.454636624757553,71.49737751801489,250,10.083333333333334
L0228090731,13.489187,16.073,16.027514,-1.254611,0.078851134,10.5,0.97086877,637.5197700255394,868.7937155168376,591.6301445075032,13.454636624757553,71.49737751801489,250,10.166666666666666
L0228090731,13.489187,16.073,16.027514,-1.254611,0.078851134,10.5,0.97086877,637.5197700255394,868.7937155168376,591.6301445075032,13.454636624757553,71.49737751801489,250,10.166666666666666
L0228090731,13.489187,16.073,16.027514,-1.254611,0.078851134,10.5,0.97086877,637.5197700255394,868.7937155168376,591.6301445075032,13.454636624757553,71.49737751801489,250,10.166666666666666
L0228090731,13.489187,16.073,16.027514,-1.254611,0.078851134,10.5,0.97086877,637.5197700255394,868.7937155168376,591.6301445075032,13.454636624757553,71.49737751801489,250,10.166666666666666
L0228090731,13.489187,16.073,16.027514,-1.254611,0.078851134,10.5,0.97086877,637.5197700255394,868.7937155168376,591.6301445075032,13.454636624757553,71.49737751801489,250,10.25
L0228090731,13.489187,16.073,16.027514,-1.254611,0.078851134,10.5,0.97086877,637.5197700255394,868.7937155168376,591.6301445075032,13.454636624757553,71.49737751801489,250,10.166666666666666
L0228090731,13.489187,16.073,16.027514,-1.254611,0.078851134,10.5,0.97086877,637.5197700255394,868.7937155168376,591.6301445075032,13.454636624757553,71.49737751801489,250,10.25
L0228090731,13.489187,16.073,16.027514,-1.254611,0.078851134,10.5,0.97086877,637.5197700255394,868.7937155168376,591.6301445075032,13.454636624757553,71.49737751801489,250,10.25
L0228090731,13.489187,16.073,16.027514,-1.254611,0.078851134,10.5,0.97086877,637.5197700255394,868.7937155168376,591.6301445075032,13.454636624757553,71.49737751801489,250,10.166666666666666
L0427084419_A995,8.5280313,9.495,9.4881248,-0.58758682,0.78229195,10.0,3.3980434,637.5197700255394,868.7937155168376,591.6301445075032,8.50618812431459,45.201528701585005,251,10.916666666666666
L0427084419_A995,8.5280313,9.495,9.4881248,-0.58758682,0.78229195,10.0,3.3980434,637.5197700255394,868.7937155168376,591.6301445075032,8.50618812431459,45.201528701585005,251,9.583333333333334
L0427084419_A995,8.5280313,9.495,9.4881248,-0.58758682,0.78229195,10.0,3.3980434,637.5197700255394,868.7937155168376,591.6301445075032,8.50618812431459,45.201528701585005,251,9.75
L0427084419_A995,8.5280313,9.495,9.4881248,-0.58758682,0.78229195,10.0,3.3980434,637.5197700255394,868.7937155168376,591.6301445075032,8.50618812431459,45.201528701585005,251,10.25
L0427084419_A995,8.5280313,9.495,9.4881248,-0.58758682,0.78229195,10.0,3.3980434,637.5197700255394,868.7937155168376,591.6301445075032,8.50618812431459,45.201528701585005,251,8.833333333333334
L0427084419_A995,8.5280313,9.495,9.4881248,-0.58758682,0.78229195,10.0,3.3980434,637.5197700255394,868.7937155168376,591.6301445075032,8.50618812431459,45.201528701585005,251,9.416666666666666
L0427084419_A995,8.5280313,9.495,9.4881248,-0.58758682,0.78229195,10.0,3.3980434,637.5197700255394,868.7937155168376,591.6301445075032,8.50618812431459,45.201528701585005,251,9.0
L0427084419_A995,8.5280313,9.495,9.4881248,-0.58758682,0.78229195,10.0,3.3980434,637.5197700255394,868.7937155168376,591.6301445075032,8.50618812431459,45.201528701585005,251,9.25
L0427084419_A995,8.5280313,9.495,9.4881248,-0.58758682,0.78229195,10.0,3.3980434,637.5197700255394,868.7937155168376,591.6301445075032,8.50618812431459,45.201528701585005,251,9.583333333333334
L0427084419_A995,8.5280313,9.495,9.4881248,-0.58758682,0.78229195,10.0,3.3980434,637.5197700255394,868.7937155168376,591.6301445075032,8.50618812431459,45.201528701585005,251,9.166666666666666
L0417132132,6.0468841,6.413,6.4130001,1.8325001,0.39731288,10.0,1.2059518,637.5197700255394,868.7937155168376,591.6301445075032,6.031395982391237,32.05058654056628,252,12.25
L0417132132,6.0468841,6.413,6.4130001,1.8325001,0.39731288,10.0,1.2059518,637.5197700255394,868.7937155168376,591.6301445075032,6.031395982391237,32.05058654056628,252,12.666666666666666
L0417132132,6.0468841,6.413,6.4130001,1.8325001,0.39731288,10.0,1.2059518,637.5197700255394,868.7937155168376,591.6301445075032,6.031395982391237,32.05058654056628,252,12.916666666666666
L0417132132,6.0468841,6.413,6.4130001,1.8325001,0.39731288,10.0,1.2059518,637.5197700255394,868.7937155168376,591.6301445075032,6.031395982391237,32.05058654056628,252,12.75
L0417132132,6.0468841,6.413,6.4130001,1.8325001,0.39731288,10.0,1.2059518,637.5197700255394,868.7937155168376,591.6301445075032,6.031395982391237,32.05058654056628,252,12.25
L0417132132,6.0468841,6.413,6.4130001,1.8325001,0.39731288,10.0,1.2059518,637.5197700255394,868.7937155168376,591.6301445075032,6.031395982391237,32.05058654056628,252,12.333333333333334
L0417132132,6.0468841,6.413,6.4130001,1.8325001,0.39731288,10.0,1.2059518,637.5197700255394,868.7937155168376,591.6301445075032,6.031395982391237,32.05058654056628,252,12.166666666666666
L0417132132,6.0468841,6.413,6.4130001,1.8325001,0.39731288,10.0,1.2059518,637.5197700255394,868.7937155168376,591.6301445075032,6.031395982391237,32.05058654056628,252,12.166666666666666
L0417132132,6.0468841,6.413,6.4130001,1.8325001,0.39731288,10.0,1.2059518,637.5197700255394,868.7937155168376,591.6301445075032,6.031395982391237,32.05058654056628,252,11.833333333333334
L0417132132,6.0468841,6.413,6.4130001,1.8325001,0.39731288,10.0,1.2059518,637.5197700255394,868.7937155168376,591.6301445075032,6.031395982391237,32.05058654056628,252,12.75
L0424155218_1832,13.25628,17.09,16.447874,-0.81252515,0.29130676,10.5,0.97086877,637.5197700255394,868.7937155168376,591.6301445075032,13.22232617844508,70.26288950138436,253,10.0
L0424155218_1832,13.25628,17.09,16.447874,-0.81252515,0.29130676,10.5,0.97086877,637.5197700255394,868.7937155168376,591.6301445075032,13.22232617844508,70.26288950138436,253,10.583333333333334
L0424155218_1832,13.25628,17.09,16.447874,-0.81252515,0.29130676,10.5,0.97086877,637.5197700255394,868.7937155168376,591.6301445075032,13.22232617844508,70.26288950138436,253,10.5
L0424155218_1832,13.25628,17.09,16.447874,-0.81252515,0.29130676,10.5,0.97086877,637.5197700255394,868.7937155168376,591.6301445075032,13.22232617844508,70.26288950138436,253,10.666666666666666
L0424155218_1832,13.25628,17.09,16.447874,-0.81252515,0.29130676,10.5,0.97086877,637.5197700255394,868.7937155168376,591.6301445075032,13.22232617844508,70.26288950138436,253,10.416666666666666
L0424155218_1832,13.25628,17.09,16.447874,-0.81252515,0.29130676,10.5,0.97086877,637.5197700255394,868.7937155168376,591.6301445075032,13.22232617844508,70.26288950138436,253,10.416666666666666
L0424155218_1832,13.25628,17.09,16.447874,-0.81252515,0.29130676,10.5,0.97086877,637.5197700255394,868.7937155168376,591.6301445075032,13.22232617844508,70.26288950138436,253,10.666666666666666
L0424155218_1832,13.25628,17.09,16.447874,-0.81252515,0.29130676,10.5,0.97086877,637.5197700255394,868.7937155168376,591.6301445075032,13.22232617844508,70.26288950138436,253,10.083333333333334
L0424155218_1832,13.25628,17.09,16.447874,-0.81252515,0.29130676,10.5,0.97086877,637.5197700255394,868.7937155168376,591.6301445075032,13.22232617844508,70.26288950138436,253,10.333333333333334
L0424155218_1832,13.25628,17.09,16.447874,-0.81252515,0.29130676,10.5,0.97086877,637.5197700255394,868.7937155168376,591.6301445075032,13.22232617844508,70.26288950138436,253,10.0
L0315172146,4.4462228,5.184,5.184,-1.6458081,0.11041148,9.5,2.3599145,637.5197700255394,868.7937155168376,591.6301445075032,4.4348345179522,23.5665255482636,254,8.166666666666666
L0315172146,4.4462228,5.184,5.184,-1.6458081,0.11041148,9.5,2.3599145,637.5197700255394,868.7937155168376,591.6301445075032,4.4348345179522,23.5665255482636,254,8.166666666666666
L0315172146,4.4462228,5.184,5.184,-1.6458081,0.11041148,9.5,2.3599145,637.5197700255394,868.7937155168376,591.6301445075032,4.4348345179522,23.5665255482636,254,8.333333333333334
L0315172146,4.4462228,5.184,5.184,-1.6458081,0.11041148,9.5,2.3599145,637.5197700255394,868.7937155168376,591.6301445075032,4.4348345179522,23.5665255482636,254,8.25
L0315172146,4.4462228,5.184,5.184,-1.6458081,0.11041148,9.5,2.3599145,637.5197700255394,868.7937155168376,591.6301445075032,4.4348345179522,23.5665255482636,254,8.416666666666666
L0315172146,4.4462228,5.184,5.184,-1.6458081,0.11041148,9.5,2.3599145,637.5197700255394,868.7937155168376,591.6301445075032,4.4348345179522,23.5665255482636,254,8.083333333333334
L0315172146,4.4462228,5.184,5.184,-1.6458081,0.11041148,9.5,2.3599145,637.5197700255394,868.7937155168376,591.6301445075032,4.4348345179522,23.5665255482636,254,8.166666666666666
L0315172146,4.4462228,5.184,5.184,-1.6458081,0.11041148,9.5,2.3599145,637.5197700255394,868.7937155168376,591.6301445075032,4.4348345179522,23.5665255482636,254,8.333333333333334
L0315172146,4.4462228,5.184,5.184,-1.6458081,0.11041148,9.5,2.3599145,637.5197700255394,868.7937155168376,591.6301445075032,4.4348345179522,23.5665255482636,254,8.25
L0315172146,4.4462228,5.184,5.184,-1.6458081,0.11041148,9.5,2.3599145,637.5197700255394,868.7937155168376,591.6301445075032,4.4348345179522,23.5665255482636,254,8.083333333333334
L0428112632_7B9C,6.0557985,5.424,5.4239998,-1.0613333,0.4050222,10.0,1.3592167,637.5197700255394,868.7937155168376,591.6301445075032,6.04028754959449,32.097835957610215,255,9.083333333333334
L0428112632_7B9C,6.0557985,5.424,5.4239998,-1.0613333,0.4050222,10.0,1.3592167,637.5197700255394,868.7937155168376,591.6301445075032,6.04028754959449,32.097835957610215,255,8.333333333333334
L0428112632_7B9C,6.0557985,5.424,5.4239998,-1.0613333,0.4050222,10.0,1.3592167,637.5197700255394,868.7937155168376,591.6301445075032,6.04028754959449,32.097835957610215,255,9.5
L0428112632_7B9C,6.0557985,5.424,5.4239998,-1.0613333,0.4050222,10.0,1.3592167,637.5197700255394,868.7937155168376,591.6301445075032,6.04028754959449,32.097835957610215,255,8.75
L0428112632_7B9C,6.0557985,5.424,5.4239998,-1.0613333,0.4050222,10.0,1.3592167,637.5197700255394,868.7937155168376,591.6301445075032,6.04028754959449,32.097835957610215,255,9.0
L0428112632_7B9C,6.0557985,5.424,5.4239998,-1.0613333,0.4050222,10.0,1.3592167,637.5197700255394,868.7937155168376,591.6301445075032,6.04028754959449,32.097835957610215,255,9.333333333333334
L0428112632_7B9C,6.0557985,5.424,5.4239998,-1.0613333,0.4050222,10.0,1.3592167,637.5197700255394,868.7937155168376,591.6301445075032,6.04028754959449,32.097835957610215,255,9.333333333333334
L0428112632_7B9C,6.0557985,5.424,5.4239998,-1.0613333,0.4050222,10.0,1.3592167,637.5197700255394,868.7937155168376,591.6301445075032,6.04028754959449,32.097835957610215,255,9.833333333333334
L0428112632_7B9C,6.0557985,5.424,5.4239998,-1.0613333,0.4050222,10.0,1.3592167,637.5197700255394,868.7937155168376,591.6301445075032,6.04028754959449,32.097835957610215,255,8.666666666666666
L0428112632_7B9C,6.0557985,5.424,5.4239998,-1.0613333,0.4050222,10.0,1.3592167,637.5197700255394,868.7937155168376,591.6301445075032,6.04028754959449,32.097835957610215,255,9.0
L0427084419_A995,8.5280313,9.495,9.4881248,-0.58758682,0.78229195,10.0,3.3980434,637.5197700255394,868.7937155168376,591.6301445075032,8.50618812431459,45.201528701585005,256,10.166666666666666
L0427084419_A995,8.5280313,9.495,9.4881248,-0.58758682,0.78229195,10.0,3.3980434,637.5197700255394,868.7937155168376,591.6301445075032,8.50618812431459,45.201528701585005,256,9.75
L0427084419_A995,8.5280313,9.495,9.4881248,-0.58758682,0.78229195,10.0,3.3980434,637.5197700255394,868.7937155168376,591.6301445075032,8.50618812431459,45.201528701585005,256,10.416666666666666
L0427084419_A995,8.5280313,9.495,9.4881248,-0.58758682,0.78229195,10.0,3.3980434,637.5197700255394,868.7937155168376,591.6301445075032,8.50618812431459,45.201528701585005,256,9.416666666666666
L0427084419_A995,8.5280313,9.495,9.4881248,-0.58758682,0.78229195,10.0,3.3980434,637.5197700255394,868.7937155168376,591.6301445075032,8.50618812431459,45.201528701585005,256,11.333333333333334
L0427084419_A995,8.5280313,9.495,9.4881248,-0.58758682,0.78229195,10.0,3.3980434,637.5197700255394,868.7937155168376,591.6301445075032,8.50618812431459,45.201528701585005,256,9.583333333333334
L0427084419_A995,8.5280313,9.495,9.4881248,-0.58758682,0.78229195,10.0,3.3980434,637.5197700255394,868.7937155168376,591.6301445075032,8.50618812431459,45.201528701585005,256,9.0
L0427084419_A995,8.5280313,9.495,9.4881248,-0.58758682,0.78229195,10.0,3.3980434,637.5197700255394,868.7937155168376,591.6301445075032,8.50618812431459,45.201528701585005,256,9.25
L0427084419_A995,8.5280313,9.495,9.4881248,-0.58758682,0.78229195,10.0,3.3980434,637.5197700255394,868.7937155168376,591.6301445075032,8.50618812431459,45.201528701585005,256,10.0
L0427084419_A995,8.5280313,9.495,9.4881248,-0.58758682,0.78229195,10.0,3.3980434,637.5197700255394,868.7937155168376,591.6301445075032,8.50618812431459,45.201528701585005,256,11.0
L0427093125_84A2,5.1948829,4.408,4.408,-1.0827776,0.10829581,10.5,0.75512034,637.5197700255394,868.7937155168376,591.6301445075032,5.181577045945521,27.53468417801458,257,9.583333333333334
L0427093125_84A2,5.1948829,4.408,4.408,-1.0827776,0.10829581,10.5,0.75512034,637.5197700255394,868.7937155168376,591.6301445075032,5.181577045945521,27.53468417801458,257,9.75
L0427093125_84A2,5.1948829,4.408,4.408,-1.0827776,0.10829581,10.5,0.75512034,637.5197700255394,868.7937155168376,591.6301445075032,5.181577045945521,27.53468417801458,257,9.916666666666666
L0427093125_84A2,5.1948829,4.408,4.408,-1.0827776,0.10829581,10.5,0.75512034,637.5197700255394,868.7937155168376,591.6301445075032,5.181577045945521,27.53468417801458,257,9.75
L0427093125_84A2,5.1948829,4.408,4.408,-1.0827776,0.10829581,10.5,0.75512034,637.5197700255394,868.7937155168376,591.6301445075032,5.181577045945521,27.53468417801458,257,9.75
L0427093125_84A2,5.1948829,4.408,4.408,-1.0827776,0.10829581,10.5,0.75512034,637.5197700255394,868.7937155168376,591.6301445075032,5.181577045945521,27.53468417801458,257,9.583333333333334
L0427093125_84A2,5.1948829,4.408,4.408,-1.0827776,0.10829581,10.5,0.75512034,637.5197700255394,868.7937155168376,591.6301445075032,5.181577045945521,27.53468417801458,257,9.666666666666666
L0427093125_84A2,5.1948829,4.408,4.408,-1.0827776,0.10829581,10.5,0.75512034,637.5197700255394,868.7937155168376,591.6301445075032,5.181577045945521,27.53468417801458,257,9.75
L0427093125_84A2,5.1948829,4.408,4.408,-1.0827776,0.10829581,10.5,0.75512034,637.5197700255394,868.7937155168376,591.6301445075032,5.181577045945521,27.53468417801458,257,9.583333333333334
L0427093125_84A2,5.1948829,4.408,4.408,-1.0827776,0.10829581,10.5,0.75512034,637.5197700255394,868.7937155168376,591.6301445075032,5.181577045945521,27.53468417801458,257,9.833333333333334
L0207104220,2.6471188,2.686,2.6965556,-0.89845246,0.60540813,10.5,0.37756038,637.5197700255394,868.7937155168376,591.6301445075032,2.64033863245904,14.030649302929415,258,10.0
L0207104220,2.6471188,2.686,2.6965556,-0.89845246,0.60540813,10.5,0.37756038,637.5197700255394,868.7937155168376,591.6301445075032,2.64033863245904,14.030649302929415,258,8.5
L0207104220,2.6471188,2.686,2.6965556,-0.89845246,0.60540813,10.5,0.37756038,637.5197700255394,868.7937155168376,591.6301445075032,2.64033863245904,14.030649302929415,258,9.0
L0207104220,2.6471188,2.686,2.6965556,-0.89845246,0.60540813,10.5,0.37756038,637.5197700255394,868.7937155168376,591.6301445075032,2.64033863245904,14.030649302929415,258,9.666666666666666
L0207104220,2.6471188,2.686,2.6965556,-0.89845246,0.60540813,10.5,0.37756038,637.5197700255394,868.7937155168376,591.6301445075032,2.64033863245904,14.030649302929415,258,9.25
L0207104220,2.6471188,2.686,2.6965556,-0.89845246,0.60540813,10.5,0.37756038,637.5197700255394,868.7937155168376,591.6301445075032,2.64033863245904,14.030649302929415,258,9.916666666666666
L0207104220,2.6471188,2.686,2.6965556,-0.89845246,0.60540813,10.5,0.37756038,637.5197700255394,868.7937155168376,591.6301445075032,2.64033863245904,14.030649302929415,258,9.666666666666666
L0207104220,2.6471188,2.686,2.6965556,-0.89845246,0.60540813,10.5,0.37756038,637.5197700255394,868.7937155168376,591.6301445075032,2.64033863245904,14.030649302929415,258,10.166666666666666
L0207104220,2.6471188,2.686,2.6965556,-0.89845246,0.60540813,10.5,0.37756038,637.5197700255394,868.7937155168376,591.6301445075032,2.64033863245904,14.030649302929415,258,8.416666666666666
L0207104220,2.6471188,2.686,2.6965556,-0.89845246,0.60540813,10.5,0.37756038,637.5197700255394,868.7937155168376,591.6301445075032,2.64033863245904,14.030649302929415,258,10.916666666666666
L0513084011_7CC1,26.136597,27.741,27.60811,-2.2960417,0.047526482,9.5,0.37756038,637.5197700255394,868.7937155168376,591.6301445075032,26.069652325431353,138.53304448557316,259,8.583333333333334
L0513084011_7CC1,26.136597,27.741,27.60811,-2.2960417,0.047526482,9.5,0.37756038,637.5197700255394,868.7937155168376,591.6301445075032,26.069652325431353,138.53304448557316,259,8.5
L0513084011_7CC1,26.136597,27.741,27.60811,-2.2960417,0.047526482,9.5,0.37756038,637.5197700255394,868.7937155168376,591.6301445075032,26.069652325431353,138.53304448557316,259,8.5
L0513084011_7CC1,26.136597,27.741,27.60811,-2.2960417,0.047526482,9.5,0.37756038,637.5197700255394,868.7937155168376,591.6301445075032,26.069652325431353,138.53304448557316,259,8.5
L0513084011_7CC1,26.136597,27.741,27.60811,-2.2960417,0.047526482,9.5,0.37756038,637.5197700255394,868.7937155168376,591.6301445075032,26.069652325431353,138.53304448557316,259,8.5
L0513084011_7CC1,26.136597,27.741,27.60811,-2.2960417,0.047526482,9.5,0.37756038,637.5197700255394,868.7937155168376,591.6301445075032,26.069652325431353,138.53304448557316,259,8.5
L0513084011_7CC1,26.136597,27.741,27.60811,-2.2960417,0.047526482,9.5,0.37756038,637.5197700255394,868.7937155168376,591.6301445075032,26.069652325431353,138.53304448557316,259,8.583333333333334
L0513084011_7CC1,26.136597,27.741,27.60811,-2.2960417,0.047526482,9.5,0.37756038,637.5197700255394,868.7937155168376,591.6301445075032,26.069652325431353,138.53304448557316,259,8.583333333333334
L0513084011_7CC1,26.136597,27.741,27.60811,-2.2960417,0.047526482,9.5,0.37756038,637.5197700255394,868.7937155168376,591.6301445075032,26.069652325431353,138.53304448557316,259,8.5
L0513084011_7CC1,26.136597,27.741,27.60811,-2.2960417,0.047526482,9.5,0.37756038,637.5197700255394,868.7937155168376,591.6301445075032,26.069652325431353,138.53304448557316,259,8.583333333333334
L0424125840_2455,5.0778136,4.05,4.0500002,0.99629998,0.18015514,9.5,3.3980434,637.5197700255394,868.7937155168376,591.6301445075032,5.06480760006159,26.91417621575787,260,10.833333333333334
L0424125840_2455,5.0778136,4.05,4.0500002,0.99629998,0.18015514,9.5,3.3980434,637.5197700255394,868.7937155168376,591.6301445075032,5.06480760006159,26.91417621575787,260,10.5
L0424125840_2455,5.0778136,4.05,4.0500002,0.99629998,0.18015514,9.5,3.3980434,637.5197700255394,868.7937155168376,591.6301445075032,5.06480760006159,26.91417621575787,260,10.583333333333334
L0424125840_2455,5.0778136,4.05,4.0500002,0.99629998,0.18015514,9.5,3.3980434,637.5197700255394,868.7937155168376,591.6301445075032,5.06480760006159,26.91417621575787,260,11.25
L0424125840_2455,5.0778136,4.05,4.0500002,0.99629998,0.18015514,9.5,3.3980434,637.5197700255394,868.7937155168376,591.6301445075032,5.06480760006159,26.91417621575787,260,10.666666666666666
L0424125840_2455,5.0778136,4.05,4.0500002,0.99629998,0.18015514,9.5,3.3980434,637.5197700255394,868.7937155168376,591.6301445075032,5.06480760006159,26.91417621575787,260,10.416666666666666
L0424125840_2455,5.0778136,4.05,4.0500002,0.99629998,0.18015514,9.5,3.3980434,637.5197700255394,868.7937155168376,591.6301445075032,5.06480760006159,26.91417621575787,260,11.0
L0424125840_2455,5.0778136,4.05,4.0500002,0.99629998,0.18015514,9.5,3.3980434,637.5197700255394,868.7937155168376,591.6301445075032,5.06480760006159,26.91417621575787,260,10.666666666666666
L0424125840_2455,5.0778136,4.05,4.0500002,0.99629998,0.18015514,9.5,3.3980434,637.5197700255394,868.7937155168376,591.6301445075032,5.06480760006159,26.91417621575787,260,10.75
L0424125840_2455,5.0778136,4.05,4.0500002,0.99629998,0.18015514,9.5,3.3980434,637.5197700255394,868.7937155168376,591.6301445075032,5.06480760006159,26.91417621575787,260,10.75
L0221193538,6.5941443,7.181,7.1810002,-1.7272686,0.57031488,10.0,1.3592167,637.5197700255394,868.7937155168376,591.6301445075032,6.577254463720923,34.95125572989432,261,8.666666666666666
L0221193538,6.5941443,7.181,7.1810002,-1.7272686,0.57031488,10.0,1.3592167,637.5197700255394,868.7937155168376,591.6301445075032,6.577254463720923,34.95125572989432,261,8.083333333333334
L0221193538,6.5941443,7.181,7.1810002,-1.7272686,0.57031488,10.0,1.3592167,637.5197700255394,868.7937155168376,591.6301445075032,6.577254463720923,34.95125572989432,261,8.333333333333334
L0221193538,6.5941443,7.181,7.1810002,-1.7272686,0.57031488,10.0,1.3592167,637.5197700255394,868.7937155168376,591.6301445075032,6.577254463720923,34.95125572989432,261,7.666666666666667
L0221193538,6.5941443,7.181,7.1810002,-1.7272686,0.57031488,10.0,1.3592167,637.5197700255394,868.7937155168376,591.6301445075032,6.577254463720923,34.95125572989432,261,8.5
L0221193538,6.5941443,7.181,7.1810002,-1.7272686,0.57031488,10.0,1.3592167,637.5197700255394,868.7937155168376,591.6301445075032,6.577254463720923,34.95125572989432,261,8.416666666666666
L0221193538,6.5941443,7.181,7.1810002,-1.7272686,0.57031488,10.0,1.3592167,637.5197700255394,868.7937155168376,591.6301445075032,6.577254463720923,34.95125572989432,261,8.25
L0221193538,6.5941443,7.181,7.1810002,-1.7272686,0.57031488,10.0,1.3592167,637.5197700255394,868.7937155168376,591.6301445075032,6.577254463720923,34.95125572989432,261,8.0
L0221193538,6.5941443,7.181,7.1810002,-1.7272686,0.57031488,10.0,1.3592167,637.5197700255394,868.7937155168376,591.6301445075032,6.577254463720923,34.95125572989432,261,8.666666666666666
L0221193538,6.5941443,7.181,7.1810002,-1.7272686,0.57031488,10.0,1.3592167,637.5197700255394,868.7937155168376,591.6301445075032,6.577254463720923,34.95125572989432,261,8.166666666666666
L0208100638,22.823494,22.274,22.363937,-0.83728409,0.97772878,10.5,0.28232047,637.5197700255394,868.7937155168376,591.6301445075032,22.765035304005664,120.97244754618255,262,10.583333333333334
L0208100638,22.823494,22.274,22.363937,-0.83728409,0.97772878,10.5,0.28232047,637.5197700255394,868.7937155168376,591.6301445075032,22.765035304005664,120.97244754618255,262,10.083333333333334
L0208100638,22.823494,22.274,22.363937,-0.83728409,0.97772878,10.5,0.28232047,637.5197700255394,868.7937155168376,591.6301445075032,22.765035304005664,120.97244754618255,262,10.916666666666666
L0208100638,22.823494,22.274,22.363937,-0.83728409,0.97772878,10.5,0.28232047,637.5197700255394,868.7937155168376,591.6301445075032,22.765035304005664,120.97244754618255,262,11.083333333333334
L0208100638,22.823494,22.274,22.363937,-0.83728409,0.97772878,10.5,0.28232047,637.5197700255394,868.7937155168376,591.6301445075032,22.765035304005664,120.97244754618255,262,10.166666666666666
L0208100638,22.823494,22.274,22.363937,-0.83728409,0.97772878,10.5,0.28232047,637.5197700255394,868.7937155168376,591.6301445075032,22.765035304005664,120.97244754618255,262,9.833333333333334
L0208100638,22.823494,22.274,22.363937,-0.83728409,0.97772878,10.5,0.28232047,637.5197700255394,868.7937155168376,591.6301445075032,22.765035304005664,120.97244754618255,262,11.5
L0208100638,22.823494,22.274,22.363937,-0.83728409,0.97772878,10.5,0.28232047,637.5197700255394,868.7937155168376,591.6301445075032,22.765035304005664,120.97244754618255,262,11.75
L0208100638,22.823494,22.274,22.363937,-0.83728409,0.97772878,10.5,0.28232047,637.5197700255394,868.7937155168376,591.6301445075032,22.765035304005664,120.97244754618255,262,12.0
L0208100638,22.823494,22.274,22.363937,-0.83728409,0.97772878,10.5,0.28232047,637.5197700255394,868.7937155168376,591.6301445075032,22.765035304005664,120.97244754618255,262,10.75
L0424084355_8B29,3.378155,4.617,4.5417914,-2.4443059,0.02337363,10.5,1.3592167,637.5197700255394,868.7937155168376,591.6301445075032,3.3695024012275794,17.905395139778964,263,8.333333333333334
L0424084355_8B29,3.378155,4.617,4.5417914,-2.4443059,0.02337363,10.5,1.3592167,637.5197700255394,868.7937155168376,591.6301445075032,3.3695024012275794,17.905395139778964,263,8.333333333333334
L0424084355_8B29,3.378155,4.617,4.5417914,-2.4443059,0.02337363,10.5,1.3592167,637.5197700255394,868.7937155168376,591.6301445075032,3.3695024012275794,17.905395139778964,263,8.333333333333334
L0424084355_8B29,3.378155,4.617,4.5417914,-2.4443059,0.02337363,10.5,1.3592167,637.5197700255394,868.7937155168376,591.6301445075032,3.3695024012275794,17.905395139778964,263,8.333333333333334
L0424084355_8B29,3.378155,4.617,4.5417914,-2.4443059,0.02337363,10.5,1.3592167,637.5197700255394,868.7937155168376,591.6301445075032,3.3695024012275794,17.905395139778964,263,8.333333333333334
L0424084355_8B29,3.378155,4.617,4.5417914,-2.4443059,0.02337363,10.5,1.3592167,637.5197700255394,868.7937155168376,591.6301445075032,3.3695024012275794,17.905395139778964,263,8.333333333333334
L0424084355_8B29,3.378155,4.617,4.5417914,-2.4443059,0.02337363,10.5,1.3592167,637.5197700255394,868.7937155168376,591.6301445075032,3.3695024012275794,17.905395139778964,263,8.333333333333334
L0424084355_8B29,3.378155,4.617,4.5417914,-2.4443059,0.02337363,10.5,1.3592167,637.5197700255394,868.7937155168376,591.6301445075032,3.3695024012275794,17.905395139778964,263,8.25
L0424084355_8B29,3.378155,4.617,4.5417914,-2.4443059,0.02337363,10.5,1.3592167,637.5197700255394,868.7937155168376,591.6301445075032,3.3695024012275794,17.905395139778964,263,8.333333333333334
L0424084355_8B29,3.378155,4.617,4.5417914,-2.4443059,0.02337363,10.5,1.3592167,637.5197700255394,868.7937155168376,591.6301445075032,3.3695024012275794,17.905395139778964,263,8.333333333333334
L0315172146,4.4462228,5.184,5.184,-1.6458081,0.11041148,9.5,2.3599145,637.5197700255394,868.7937155168376,591.6301445075032,4.4348345179522,23.5665255482636,264,8.333333333333334
L0315172146,4.4462228,5.184,5.184,-1.6458081,0.11041148,9.5,2.3599145,637.5197700255394,868.7937155168376,591.6301445075032,4.4348345179522,23.5665255482636,264,8.25
L0315172146,4.4462228,5.184,5.184,-1.6458081,0.11041148,9.5,2.3599145,637.5197700255394,868.7937155168376,591.6301445075032,4.4348345179522,23.5665255482636,264,8.25
L0315172146,4.4462228,5.184,5.184,-1.6458081,0.11041148,9.5,2.3599145,637.5197700255394,868.7937155168376,591.6301445075032,4.4348345179522,23.5665255482636,264,8.25
L0315172146,4.4462228,5.184,5.184,-1.6458081,0.11041148,9.5,2.3599145,637.5197700255394,868.7937155168376,591.6301445075032,4.4348345179522,23.5665255482636,264,8.416666666666666
L0315172146,4.4462228,5.184,5.184,-1.6458081,0.11041148,9.5,2.3599145,637.5197700255394,868.7937155168376,591.6301445075032,4.4348345179522,23.5665255482636,264,8.166666666666666
L0315172146,4.4462228,5.184,5.184,-1.6458081,0.11041148,9.5,2.3599145,637.5197700255394,868.7937155168376,591.6301445075032,4.4348345179522,23.5665255482636,264,8.25
L0315172146,4.4462228,5.184,5.184,-1.6458081,0.11041148,9.5,2.3599145,637.5197700255394,868.7937155168376,591.6301445075032,4.4348345179522,23.5665255482636,264,8.166666666666666
L0315172146,4.4462228,5.184,5.184,-1.6458081,0.11041148,9.5,2.3599145,637.5197700255394,868.7937155168376,591.6301445075032,4.4348345179522,23.5665255482636,264,8.166666666666666
L0315172146,4.4462228,5.184,5.184,-1.6458081,0.11041148,9.5,2.3599145,637.5197700255394,868.7937155168376,591.6301445075032,4.4348345179522,23.5665255482636,264,8.166666666666666
L0417132132,6.0468841,6.413,6.4130001,1.8325001,0.39731288,10.0,1.2059518,637.5197700255394,868.7937155168376,591.6301445075032,6.031395982391237,32.05058654056628,265,12.416666666666666
L0417132132,6.0468841,6.413,6.4130001,1.8325001,0.39731288,10.0,1.2059518,637.5197700255394,868.7937155168376,591.6301445075032,6.031395982391237,32.05058654056628,265,12.166666666666666
L0417132132,6.0468841,6.413,6.4130001,1.8325001,0.39731288,10.0,1.2059518,637.5197700255394,868.7937155168376,591.6301445075032,6.031395982391237,32.05058654056628,265,12.25
L0417132132,6.0468841,6.413,6.4130001,1.8325001,0.39731288,10.0,1.2059518,637.5197700255394,868.7937155168376,591.6301445075032,6.031395982391237,32.05058654056628,265,12.0
L0417132132,6.0468841,6.413,6.4130001,1.8325001,0.39731288,10.0,1.2059518,637.5197700255394,868.7937155168376,591.6301445075032,6.031395982391237,32.05058654056628,265,12.083333333333334
L0417132132,6.0468841,6.413,6.4130001,1.8325001,0.39731288,10.0,1.2059518,637.5197700255394,868.7937155168376,591.6301445075032,6.031395982391237,32.05058654056628,265,12.833333333333334
L0417132132,6.0468841,6.413,6.4130001,1.8325001,0.39731288,10.0,1.2059518,637.5197700255394,868.7937155168376,591.6301445075032,6.031395982391237,32.05058654056628,265,12.416666666666666
L0417132132,6.0468841,6.413,6.4130001,1.8325001,0.39731288,10.0,1.2059518,637.5197700255394,868.7937155168376,591.6301445075032,6.031395982391237,32.05058654056628,265,12.833333333333334
L0417132132,6.0468841,6.413,6.4130001,1.8325001,0.39731288,10.0,1.2059518,637.5197700255394,868.7937155168376,591.6301445075032,6.031395982391237,32.05058654056628,265,12.083333333333334
L0417132132,6.0468841,6.413,6.4130001,1.8325001,0.39731288,10.0,1.2059518,637.5197700255394,868.7937155168376,591.6301445075032,6.031395982391237,32.05058654056628,265,11.75
L0513152312_49BC,5.6720901,5.414,5.414,0.69124395,0.088283196,10.5,0.51985198,637.5197700255394,868.7937155168376,591.6301445075032,5.6575619567276165,30.06404812950512,266,11.5
L0513152312_49BC,5.6720901,5.414,5.414,0.69124395,0.088283196,10.5,0.51985198,637.5197700255394,868.7937155168376,591.6301445075032,5.6575619567276165,30.06404812950512,266,11.5
L0513152312_49BC,5.6720901,5.414,5.414,0.69124395,0.088283196,10.5,0.51985198,637.5197700255394,868.7937155168376,591.6301445075032,5.6575619567276165,30.06404812950512,266,11.416666666666666
L0513152312_49BC,5.6720901,5.414,5.414,0.69124395,0.088283196,10.5,0.51985198,637.5197700255394,868.7937155168376,591.6301445075032,5.6575619567276165,30.06404812950512,266,11.583333333333334
L0513152312_49BC,5.6720901,5.414,5.414,0.69124395,0.088283196,10.5,0.51985198,637.5197700255394,868.7937155168376,591.6301445075032,5.6575619567276165,30.06404812950512,266,11.583333333333334
L0513152312_49BC,5.6720901,5.414,5.414,0.69124395,0.088283196,10.5,0.51985198,637.5197700255394,868.7937155168376,591.6301445075032,5.6575619567276165,30.06404812950512,266,11.583333333333334
L0513152312_49BC,5.6720901,5.414,5.414,0.69124395,0.088283196,10.5,0.51985198,637.5197700255394,868.7937155168376,591.6301445075032,5.6575619567276165,30.06404812950512,266,11.5
L0513152312_49BC,5.6720901,5.414,5.414,0.69124395,0.088283196,10.5,0.51985198,637.5197700255394,868.7937155168376,591.6301445075032,5.6575619567276165,30.06404812950512,266,11.416666666666666
L0513152312_49BC,5.6720901,5.414,5.414,0.69124395,0.088283196,10.5,0.51985198,637.5197700255394,868.7937155168376,591.6301445075032,5.6575619567276165,30.06404812950512,266,11.583333333333334
L0513152312_49BC,5.6720901,5.414,5.414,0.69124395,0.088283196,10.5,0.51985198,637.5197700255394,868.7937155168376,591.6301445075032,5.6575619567276165,30.06404812950512,266,11.5
L0516095837_8ABB,11.082497,10.894,11.811389,0.81983316,0.29336378,9.5,0.37756038,637.5197700255394,868.7937155168376,591.6301445075032,11.05411097273436,58.741084384942354,267,11.166666666666666
L0516095837_8ABB,11.082497,10.894,11.811389,0.81983316,0.29336378,9.5,0.37756038,637.5197700255394,868.7937155168376,591.6301445075032,11.05411097273436,58.741084384942354,267,10.916666666666666
L0516095837_8ABB,11.082497,10.894,11.811389,0.81983316,0.29336378,9.5,0.37756038,637.5197700255394,868.7937155168376,591.6301445075032,11.05411097273436,58.741084384942354,267,10.916666666666666
L0516095837_8ABB,11.082497,10.894,11.811389,0.81983316,0.29336378,9.5,0.37756038,637.5197700255394,868.7937155168376,591.6301445075032,11.05411097273436,58.741084384942354,267,11.25
L0516095837_8ABB,11.082497,10.894,11.811389,0.81983316,0.29336378,9.5,0.37756038,637.5197700255394,868.7937155168376,591.6301445075032,11.05411097273436,58.741084384942354,267,11.0
L0516095837_8ABB,11.082497,10.894,11.811389,0.81983316,0.29336378,9.5,0.37756038,637.5197700255394,868.7937155168376,591.6301445075032,11.05411097273436,58.741084384942354,267,11.416666666666666
L0516095837_8ABB,11.082497,10.894,11.811389,0.81983316,0.29336378,9.5,0.37756038,637.5197700255394,868.7937155168376,591.6301445075032,11.05411097273436,58.741084384942354,267,10.583333333333334
L0516095837_8ABB,11.082497,10.894,11.811389,0.81983316,0.29336378,9.5,0.37756038,637.5197700255394,868.7937155168376,591.6301445075032,11.05411097273436,58.741084384942354,267,10.75
L0516095837_8ABB,11.082497,10.894,11.811389,0.81983316,0.29336378,9.5,0.37756038,637.5197700255394,868.7937155168376,591.6301445075032,11.05411097273436,58.741084384942354,267,10.75
L0516095837_8ABB,11.082497,10.894,11.811389,0.81983316,0.29336378,9.5,0.37756038,637.5197700255394,868.7937155168376,591.6301445075032,11.05411097273436,58.741084384942354,267,11.166666666666666
L0426153057_7EA4,5.0230308,5.642,5.6420002,0.91688883,0.32277089,10.0,0.48543462,637.5197700255394,868.7937155168376,591.6301445075032,5.010165117361426,26.62380834309854,268,11.083333333333334
L0426153057_7EA4,5.0230308,5.642,5.6420002,0.91688883,0.32277089,10.0,0.48543462,637.5197700255394,868.7937155168376,591.6301445075032,5.010165117361426,26.62380834309854,268,11.5
L0426153057_7EA4,5.0230308,5.642,5.6420002,0.91688883,0.32277089,10.0,0.48543462,637.5197700255394,868.7937155168376,591.6301445075032,5.010165117361426,26.62380834309854,268,11.0
L0426153057_7EA4,5.0230308,5.642,5.6420002,0.91688883,0.32277089,10.0,0.48543462,637.5197700255394,868.7937155168376,591.6301445075032,5.010165117361426,26.62380834309854,268,11.583333333333334
L0426153057_7EA4,5.0230308,5.642,5.6420002,0.91688883,0.32277089,10.0,0.48543462,637.5197700255394,868.7937155168376,591.6301445075032,5.010165117361426,26.62380834309854,268,11.583333333333334
L0426153057_7EA4,5.0230308,5.642,5.6420002,0.91688883,0.32277089,10.0,0.48543462,637.5197700255394,868.7937155168376,591.6301445075032,5.010165117361426,26.62380834309854,268,11.583333333333334
L0426153057_7EA4,5.0230308,5.642,5.6420002,0.91688883,0.32277089,10.0,0.48543462,637.5197700255394,868.7937155168376,591.6301445075032,5.010165117361426,26.62380834309854,268,11.25
L0426153057_7EA4,5.0230308,5.642,5.6420002,0.91688883,0.32277089,10.0,0.48543462,637.5197700255394,868.7937155168376,591.6301445075032,5.010165117361426,26.62380834309854,268,11.25
L0426153057_7EA4,5.0230308,5.642,5.6420002,0.91688883,0.32277089,10.0,0.48543462,637.5197700255394,868.7937155168376,591.6301445075032,5.010165117361426,26.62380834309854,268,11.25
L0426153057_7EA4,5.0230308,5.642,5.6420002,0.91688883,0.32277089,10.0,0.48543462,637.5197700255394,868.7937155168376,591.6301445075032,5.010165117361426,26.62380834309854,268,11.833333333333334
L0310092132,22.344149,23.74,22.8435,-1.0738335,0.50324446,10.166667,0.37756038,637.5197700255394,868.7937155168376,591.6301445075032,22.286918068853215,118.43175251197681,269,10.666666666666666
L0310092132,22.344149,23.74,22.8435,-1.0738335,0.50324446,10.166667,0.37756038,637.5197700255394,868.7937155168376,591.6301445075032,22.286918068853215,118.43175251197681,269,11.083333333333334
L0310092132,22.344149,23.74,22.8435,-1.0738335,0.50324446,10.166667,0.37756038,637.5197700255394,868.7937155168376,591.6301445075032,22.286918068853215,118.43175251197681,269,9.583333333333334
L0310092132,22.344149,23.74,22.8435,-1.0738335,0.50324446,10.166667,0.37756038,637.5197700255394,868.7937155168376,591.6301445075032,22.286918068853215,118.43175251197681,269,9.75
L0310092132,22.344149,23.74,22.8435,-1.0738335,0.50324446,10.166667,0.37756038,637.5197700255394,868.7937155168376,591.6301445075032,22.286918068853215,118.43175251197681,269,10.916666666666666
L0310092132,22.344149,23.74,22.8435,-1.0738335,0.50324446,10.166667,0.37756038,637.5197700255394,868.7937155168376,591.6301445075032,22.286918068853215,118.43175251197681,269,10.583333333333334
L0310092132,22.344149,23.74,22.8435,-1.0738335,0.50324446,10.166667,0.37756038,637.5197700255394,868.7937155168376,591.6301445075032,22.286918068853215,118.43175251197681,269,10.166666666666666
L0310092132,22.344149,23.74,22.8435,-1.0738335,0.50324446,10.166667,0.37756038,637.5197700255394,868.7937155168376,591.6301445075032,22.286918068853215,118.43175251197681,269,9.583333333333334
L0310092132,22.344149,23.74,22.8435,-1.0738335,0.50324446,10.166667,0.37756038,637.5197700255394,868.7937155168376,591.6301445075032,22.286918068853215,118.43175251197681,269,10.416666666666666
L0310092132,22.344149,23.74,22.8435,-1.0738335,0.50324446,10.166667,0.37756038,637.5197700255394,868.7937155168376,591.6301445075032,22.286918068853215,118.43175251197681,269,10.0
L0412114415,1.9875909,2.248,2.2479999,1.2022572,0.68110061,10.5,0.97086877,637.5197700255394,868.7937155168376,591.6301445075032,1.982500006722038,10.534922299518197,270,12.333333333333334
L0412114415,1.9875909,2.248,2.2479999,1.2022572,0.68110061,10.5,0.97086877,637.5197700255394,868.7937155168376,591.6301445075032,1.982500006722038,10.534922299518197,270,11.916666666666666
L0412114415,1.9875909,2.248,2.2479999,1.2022572,0.68110061,10.5,0.97086877,637.5197700255394,868.7937155168376,591.6301445075032,1.982500006722038,10.534922299518197,270,13.25
L0412114415,1.9875909,2.248,2.2479999,1.2022572,0.68110061,10.5,0.97086877,637.5197700255394,868.7937155168376,591.6301445075032,1.982500006722038,10.534922299518197,270,12.0
L0412114415,1.9875909,2.248,2.2479999,1.2022572,0.68110061,10.5,0.97086877,637.5197700255394,868.7937155168376,591.6301445075032,1.982500006722038,10.534922299518197,270,11.666666666666666
L0412114415,1.9875909,2.248,2.2479999,1.2022572,0.68110061,10.5,0.97086877,637.5197700255394,868.7937155168376,591.6301445075032,1.982500006722038,10.534922299518197,270,11.833333333333334
L0412114415,1.9875909,2.248,2.2479999,1.2022572,0.68110061,10.5,0.97086877,637.5197700255394,868.7937155168376,591.6301445075032,1.982500006722038,10.534922299518197,270,11.583333333333334
L0412114415,1.9875909,2.248,2.2479999,1.2022572,0.68110061,10.5,0.97086877,637.5197700255394,868.7937155168376,591.6301445075032,1.982500006722038,10.534922299518197,270,12.916666666666666
L0412114415,1.9875909,2.248,2.2479999,1.2022572,0.68110061,10.5,0.97086877,637.5197700255394,868.7937155168376,591.6301445075032,1.982500006722038,10.534922299518197,270,11.25
L0412114415,1.9875909,2.248,2.2479999,1.2022572,0.68110061,10.5,0.97086877,637.5197700255394,868.7937155168376,591.6301445075032,1.982500006722038,10.534922299518197,270,12.416666666666666
L0527094731_C1ED,23.90947,22.455,23.154514,-0.95011103,0.57923114,9.5,0.27184331,637.5197700255394,868.7937155168376,591.6301445075032,23.848229751766503,126.72849763634022,271,10.833333333333334
L0527094731_C1ED,23.90947,22.455,23.154514,-0.95011103,0.57923114,9.5,0.27184331,637.5197700255394,868.7937155168376,591.6301445075032,23.848229751766503,126.72849763634022,271,10.0
L0527094731_C1ED,23.90947,22.455,23.154514,-0.95011103,0.57923114,9.5,0.27184331,637.5197700255394,868.7937155168376,591.6301445075032,23.848229751766503,126.72849763634022,271,10.583333333333334
L0527094731_C1ED,23.90947,22.455,23.154514,-0.95011103,0.57923114,9.5,0.27184331,637.5197700255394,868.7937155168376,591.6301445075032,23.848229751766503,126.72849763634022,271,10.333333333333334
L0527094731_C1ED,23.90947,22.455,23.154514,-0.95011103,0.57923114,9.5,0.27184331,637.5197700255394,868.7937155168376,591.6301445075032,23.848229751766503,126.72849763634022,271,10.75
L0527094731_C1ED,23.90947,22.455,23.154514,-0.95011103,0.57923114,9.5,0.27184331,637.5197700255394,868.7937155168376,591.6301445075032,23.848229751766503,126.72849763634022,271,9.916666666666666
L0527094731_C1ED,23.90947,22.455,23.154514,-0.95011103,0.57923114,9.5,0.27184331,637.5197700255394,868.7937155168376,591.6301445075032,23.848229751766503,126.72849763634022,271,9.5
L0527094731_C1ED,23.90947,22.455,23.154514,-0.95011103,0.57923114,9.5,0.27184331,637.5197700255394,868.7937155168376,591.6301445075032,23.848229751766503,126.72849763634022,271,10.166666666666666
L0527094731_C1ED,23.90947,22.455,23.154514,-0.95011103,0.57923114,9.5,0.27184331,637.5197700255394,868.7937155168376,591.6301445075032,23.848229751766503,126.72849763634022,271,9.583333333333334
L0527094731_C1ED,23.90947,22.455,23.154514,-0.95011103,0.57923114,9.5,0.27184331,637.5197700255394,868.7937155168376,591.6301445075032,23.848229751766503,126.72849763634022,271,9.333333333333334
L0503132818_C75B,2.3941417,3.587,3.5869999,-0.24222183,0.40733337,10.0,0.36150894,637.5197700255394,868.7937155168376,591.6301445075032,2.3880094924682496,12.689782783537803,272,10.0
L0503132818_C75B,2.3941417,3.587,3.5869999,-0.24222183,0.40733337,10.0,0.36150894,637.5197700255394,868.7937155168376,591.6301445075032,2.3880094924682496,12.689782783537803,272,9.666666666666666
L0503132818_C75B,2.3941417,3.587,3.5869999,-0.24222183,0.40733337,10.0,0.36150894,637.5197700255394,868.7937155168376,591.6301445075032,2.3880094924682496,12.689782783537803,272,10.083333333333334
L0503132818_C75B,2.3941417,3.587,3.5869999,-0.24222183,0.40733337,10.0,0.36150894,637.5197700255394,868.7937155168376,591.6301445075032,2.3880094924682496,12.689782783537803,272,10.083333333333334
L0503132818_C75B,2.3941417,3.587,3.5869999,-0.24222183,0.40733337,10.0,0.36150894,637.5197700255394,868.7937155168376,591.6301445075032,2.3880094924682496,12.689782783537803,272,9.75
L0503132818_C75B,2.3941417,3.587,3.5869999,-0.24222183,0.40733337,10.0,0.36150894,637.5197700255394,868.7937155168376,591.6301445075032,2.3880094924682496,12.689782783537803,272,9.833333333333334
L0503132818_C75B,2.3941417,3.587,3.5869999,-0.24222183,0.40733337,10.0,0.36150894,637.5197700255394,868.7937155168376,591.6301445075032,2.3880094924682496,12.689782783537803,272,9.5
L0503132818_C75B,2.3941417,3.587,3.5869999,-0.24222183,0.40733337,10.0,0.36150894,637.5197700255394,868.7937155168376,591.6301445075032,2.3880094924682496,12.689782783537803,272,10.083333333333334
L0503132818_C75B,2.3941417,3.587,3.5869999,-0.24222183,0.40733337,10.0,0.36150894,637.5197700255394,868.7937155168376,591.6301445075032,2.3880094924682496,12.689782783537803,272,10.333333333333334
L0503132818_C75B,2.3941417,3.587,3.5869999,-0.24222183,0.40733337,10.0,0.36150894,637.5197700255394,868.7937155168376,591.6301445075032,2.3880094924682496,12.689782783537803,272,10.0
L0422162140_89B3,10.376189,9.586,9.6171246,-1.4615872,0.11218143,10.0,0.41904747,637.5197700255394,868.7937155168376,591.6301445075032,10.349612066672842,54.997406599172606,273,9.0
L0422162140_89B3,10.376189,9.586,9.6171246,-1.4615872,0.11218143,10.0,0.41904747,637.5197700255394,868.7937155168376,591.6301445075032,10.349612066672842,54.997406599172606,273,8.833333333333334
L0422162140_89B3,10.376189,9.586,9.6171246,-1.4615872,0.11218143,10.0,0.41904747,637.5197700255394,868.7937155168376,591.6301445075032,10.349612066672842,54.997406599172606,273,8.916666666666666
L0422162140_89B3,10.376189,9.586,9.6171246,-1.4615872,0.11218143,10.0,0.41904747,637.5197700255394,868.7937155168376,591.6301445075032,10.349612066672842,54.997406599172606,273,8.916666666666666
L0422162140_89B3,10.376189,9.586,9.6171246,-1.4615872,0.11218143,10.0,0.41904747,637.5197700255394,868.7937155168376,591.6301445075032,10.349612066672842,54.997406599172606,273,8.916666666666666
L0422162140_89B3,10.376189,9.586,9.6171246,-1.4615872,0.11218143,10.0,0.41904747,637.5197700255394,868.7937155168376,591.6301445075032,10.349612066672842,54.997406599172606,273,9.0
L0422162140_89B3,10.376189,9.586,9.6171246,-1.4615872,0.11218143,10.0,0.41904747,637.5197700255394,868.7937155168376,591.6301445075032,10.349612066672842,54.997406599172606,273,8.916666666666666
L0422162140_89B3,10.376189,9.586,9.6171246,-1.4615872,0.11218143,10.0,0.41904747,637.5197700255394,868.7937155168376,591.6301445075032,10.349612066672842,54.997406599172606,273,9.0
L0422162140_89B3,10.376189,9.586,9.6171246,-1.4615872,0.11218143,10.0,0.41904747,637.5197700255394,868.7937155168376,591.6301445075032,10.349612066672842,54.997406599172606,273,8.833333333333334
L0422162140_89B3,10.376189,9.586,9.6171246,-1.4615872,0.11218143,10.0,0.41904747,637.5197700255394,868.7937155168376,591.6301445075032,10.349612066672842,54.997406599172606,273,9.0
L0417200622,5.5859218,5.647,5.9016252,0.70597231,0.047620066,9.5,0.91523057,637.5197700255394,868.7937155168376,591.6301445075032,5.571614362919844,29.607326202884526,274,10.666666666666666
L0417200622,5.5859218,5.647,5.9016252,0.70597231,0.047620066,9.5,0.91523057,637.5197700255394,868.7937155168376,591.6301445075032,5.571614362919844,29.607326202884526,274,10.583333333333334
L0417200622,5.5859218,5.647,5.9016252,0.70597231,0.047620066,9.5,0.91523057,637.5197700255394,868.7937155168376,591.6301445075032,5.571614362919844,29.607326202884526,274,10.583333333333334
L0417200622,5.5859218,5.647,5.9016252,0.70597231,0.047620066,9.5,0.91523057,637.5197700255394,868.7937155168376,591.6301445075032,5.571614362919844,29.607326202884526,274,10.666666666666666
L0417200622,5.5859218,5.647,5.9016252,0.70597231,0.047620066,9.5,0.91523057,637.5197700255394,868.7937155168376,591.6301445075032,5.571614362919844,29.607326202884526,274,10.666666666666666
L0417200622,5.5859218,5.647,5.9016252,0.70597231,0.047620066,9.5,0.91523057,637.5197700255394,868.7937155168376,591.6301445075032,5.571614362919844,29.607326202884526,274,10.666666666666666
L0417200622,5.5859218,5.647,5.9016252,0.70597231,0.047620066,9.5,0.91523057,637.5197700255394,868.7937155168376,591.6301445075032,5.571614362919844,29.607326202884526,274,10.666666666666666
L0417200622,5.5859218,5.647,5.9016252,0.70597231,0.047620066,9.5,0.91523057,637.5197700255394,868.7937155168376,591.6301445075032,5.571614362919844,29.607326202884526,274,10.666666666666666
L0417200622,5.5859218,5.647,5.9016252,0.70597231,0.047620066,9.5,0.91523057,637.5197700255394,868.7937155168376,591.6301445075032,5.571614362919844,29.607326202884526,274,10.666666666666666
L0417200622,5.5859218,5.647,5.9016252,0.70597231,0.047620066,9.5,0.91523057,637.5197700255394,868.7937155168376,591.6301445075032,5.571614362919844,29.607326202884526,274,10.666666666666666
L0410165954,11.183616,13.363,13.363,-1.1653241,0.14411595,9.5,1.3659452,637.5197700255394,868.7937155168376,591.6301445075032,11.154970972737242,59.277050215740324,275,9.25
L0410165954,11.183616,13.363,13.363,-1.1653241,0.14411595,9.5,1.3659452,637.5197700255394,868.7937155168376,591.6301445075032,11.154970972737242,59.277050215740324,275,8.916666666666666
L0410165954,11.183616,13.363,13.363,-1.1653241,0.14411595,9.5,1.3659452,637.5197700255394,868.7937155168376,591.6301445075032,11.154970972737242,59.277050215740324,275,9.083333333333334
L0410165954,11.183616,13.363,13.363,-1.1653241,0.14411595,9.5,1.3659452,637.5197700255394,868.7937155168376,591.6301445075032,11.154970972737242,59.277050215740324,275,9.083333333333334
L0410165954,11.183616,13.363,13.363,-1.1653241,0.14411595,9.5,1.3659452,637.5197700255394,868.7937155168376,591.6301445075032,11.154970972737242,59.277050215740324,275,8.916666666666666
L0410165954,11.183616,13.363,13.363,-1.1653241,0.14411595,9.5,1.3659452,637.5197700255394,868.7937155168376,591.6301445075032,11.154970972737242,59.277050215740324,275,8.75
L0410165954,11.183616,13.363,13.363,-1.1653241,0.14411595,9.5,1.3659452,637.5197700255394,868.7937155168376,591.6301445075032,11.154970972737242,59.277050215740324,275,8.916666666666666
L0410165954,11.183616,13.363,13.363,-1.1653241,0.14411595,9.5,1.3659452,637.5197700255394,868.7937155168376,591.6301445075032,11.154970972737242,59.277050215740324,275,9.083333333333334
L0410165954,11.183616,13.363,13.363,-1.1653241,0.14411595,9.5,1.3659452,637.5197700255394,868.7937155168376,591.6301445075032,11.154970972737242,59.277050215740324,275,9.0
L0410165954,11.183616,13.363,13.363,-1.1653241,0.14411595,9.5,1.3659452,637.5197700255394,868.7937155168376,591.6301445075032,11.154970972737242,59.277050215740324,275,8.75
L0228090731,13.489187,16.073,16.027514,-1.254611,0.078851134,10.5,0.97086877,637.5197700255394,868.7937155168376,591.6301445075032,13.454636624757553,71.49737751801489,276,10.083333333333334
L0228090731,13.489187,16.073,16.027514,-1.254611,0.078851134,10.5,0.97086877,637.5197700255394,868.7937155168376,591.6301445075032,13.454636624757553,71.49737751801489,276,10.166666666666666
L0228090731,13.489187,16.073,16.027514,-1.254611,0.078851134,10.5,0.97086877,637.5197700255394,868.7937155168376,591.6301445075032,13.454636624757553,71.49737751801489,276,10.083333333333334
L0228090731,13.489187,16.073,16.027514,-1.254611,0.078851134,10.5,0.97086877,637.5197700255394,868.7937155168376,591.6301445075032,13.454636624757553,71.49737751801489,276,10.25
L0228090731,13.489187,16.073,16.027514,-1.254611,0.078851134,10.5,0.97086877,637.5197700255394,868.7937155168376,591.6301445075032,13.454636624757553,71.49737751801489,276,10.25
L0228090731,13.489187,16.073,16.027514,-1.254611,0.078851134,10.5,0.97086877,637.5197700255394,868.7937155168376,591.6301445075032,13.454636624757553,71.49737751801489,276,10.166666666666666
L0228090731,13.489187,16.073,16.027514,-1.254611,0.078851134,10.5,0.97086877,637.5197700255394,868.7937155168376,591.6301445075032,13.454636624757553,71.49737751801489,276,10.166666666666666
L0228090731,13.489187,16.073,16.027514,-1.254611,0.078851134,10.5,0.97086877,637.5197700255394,868.7937155168376,591.6301445075032,13.454636624757553,71.49737751801489,276,10.166666666666666
L0228090731,13.489187,16.073,16.027514,-1.254611,0.078851134,10.5,0.97086877,637.5197700255394,868.7937155168376,591.6301445075032,13.454636624757553,71.49737751801489,276,10.166666666666666
L0228090731,13.489187,16.073,16.027514,-1.254611,0.078851134,10.5,0.97086877,637.5197700255394,868.7937155168376,591.6301445075032,13.454636624757553,71.49737751801489,276,10.166666666666666
L0223164110,5.5757542,6.584,6.54,1.3558335,0.65171641,10.5,0.27184331,637.5197700255394,868.7937155168376,591.6301445075032,5.561472805586115,29.553434390453415,277,12.25
L0223164110,5.5757542,6.584,6.54,1.3558335,0.65171641,10.5,0.27184331,637.5197700255394,868.7937155168376,591.6301445075032,5.561472805586115,29.553434390453415,277,11.833333333333334
L0223164110,5.5757542,6.584,6.54,1.3558335,0.65171641,10.5,0.27184331,637.5197700255394,868.7937155168376,591.6301445075032,5.561472805586115,29.553434390453415,277,12.166666666666666
L0223164110,5.5757542,6.584,6.54,1.3558335,0.65171641,10.5,0.27184331,637.5197700255394,868.7937155168376,591.6301445075032,5.561472805586115,29.553434390453415,277,12.583333333333334
L0223164110,5.5757542,6.584,6.54,1.3558335,0.65171641,10.5,0.27184331,637.5197700255394,868.7937155168376,591.6301445075032,5.561472805586115,29.553434390453415,277,12.333333333333334
L0223164110,5.5757542,6.584,6.54,1.3558335,0.65171641,10.5,0.27184331,637.5197700255394,868.7937155168376,591.6301445075032,5.561472805586115,29.553434390453415,277,13.333333333333334
L0223164110,5.5757542,6.584,6.54,1.3558335,0.65171641,10.5,0.27184331,637.5197700255394,868.7937155168376,591.6301445075032,5.561472805586115,29.553434390453415,277,11.916666666666666
L0223164110,5.5757542,6.584,6.54,1.3558335,0.65171641,10.5,0.27184331,637.5197700255394,868.7937155168376,591.6301445075032,5.561472805586115,29.553434390453415,277,11.833333333333334
L0223164110,5.5757542,6.584,6.54,1.3558335,0.65171641,10.5,0.27184331,637.5197700255394,868.7937155168376,591.6301445075032,5.561472805586115,29.553434390453415,277,12.416666666666666
L0223164110,5.5757542,6.584,6.54,1.3558335,0.65171641,10.5,0.27184331,637.5197700255394,868.7937155168376,591.6301445075032,5.561472805586115,29.553434390453415,277,12.5
L0302095219,3.9861093,4.893,5.0036526,-0.80531758,0.10654131,10.5,0.72638816,637.5197700255394,868.7937155168376,591.6301445075032,3.975899524416608,21.127764145472227,278,9.916666666666666
L0302095219,3.9861093,4.893,5.0036526,-0.80531758,0.10654131,10.5,0.72638816,637.5197700255394,868.7937155168376,591.6301445075032,3.975899524416608,21.127764145472227,278,9.916666666666666
L0302095219,3.9861093,4.893,5.0036526,-0.80531758,0.10654131,10.5,0.72638816,637.5197700255394,868.7937155168376,591.6301445075032,3.975899524416608,21.127764145472227,278,9.833333333333334
L0302095219,3.9861093,4.893,5.0036526,-0.80531758,0.10654131,10.5,0.72638816,637.5197700255394,868.7937155168376,591.6301445075032,3.975899524416608,21.127764145472227,278,9.916666666666666
L0302095219,3.9861093,4.893,5.0036526,-0.80531758,0.10654131,10.5,0.72638816,637.5197700255394,868.7937155168376,591.6301445075032,3.975899524416608,21.127764145472227,278,9.75
L0302095219,3.9861093,4.893,5.0036526,-0.80531758,0.10654131,10.5,0.72638816,637.5197700255394,868.7937155168376,591.6301445075032,3.975899524416608,21.127764145472227,278,10.0
L0302095219,3.9861093,4.893,5.0036526,-0.80531758,0.10654131,10.5,0.72638816,637.5197700255394,868.7937155168376,591.6301445075032,3.975899524416608,21.127764145472227,278,10.083333333333334
L0302095219,3.9861093,4.893,5.0036526,-0.80531758,0.10654131,10.5,0.72638816,637.5197700255394,868.7937155168376,591.6301445075032,3.975899524416608,21.127764145472227,278,10.0
L0302095219,3.9861093,4.893,5.0036526,-0.80531758,0.10654131,10.5,0.72638816,637.5197700255394,868.7937155168376,591.6301445075032,3.975899524416608,21.127764145472227,278,9.916666666666666
L0302095219,3.9861093,4.893,5.0036526,-0.80531758,0.10654131,10.5,0.72638816,637.5197700255394,868.7937155168376,591.6301445075032,3.975899524416608,21.127764145472227,278,10.0
L0518103739_0D60,1.8458374,1.586,1.586,2.1002779,0.40733337,10.5,0.27184331,637.5197700255394,868.7937155168376,591.6301445075032,1.8411095854321877,9.78357950146818,279,12.75
L0518103739_0D60,1.8458374,1.586,1.586,2.1002779,0.40733337,10.5,0.27184331,637.5197700255394,868.7937155168376,591.6301445075032,1.8411095854321877,9.78357950146818,279,11.583333333333334
L0518103739_0D60,1.8458374,1.586,1.586,2.1002779,0.40733337,10.5,0.27184331,637.5197700255394,868.7937155168376,591.6301445075032,1.8411095854321877,9.78357950146818,279,12.833333333333334
L0518103739_0D60,1.8458374,1.586,1.586,2.1002779,0.40733337,10.5,0.27184331,637.5197700255394,868.7937155168376,591.6301445075032,1.8411095854321877,9.78357950146818,279,12.25
L0518103739_0D60,1.8458374,1.586,1.586,2.1002779,0.40733337,10.5,0.27184331,637.5197700255394,868.7937155168376,591.6301445075032,1.8411095854321877,9.78357950146818,279,13.166666666666666
L0518103739_0D60,1.8458374,1.586,1.586,2.1002779,0.40733337,10.5,0.27184331,637.5197700255394,868.7937155168376,591.6301445075032,1.8411095854321877,9.78357950146818,279,12.416666666666666
L0518103739_0D60,1.8458374,1.586,1.586,2.1002779,0.40733337,10.5,0.27184331,637.5197700255394,868.7937155168376,591.6301445075032,1.8411095854321877,9.78357950146818,279,13.333333333333334
L0518103739_0D60,1.8458374,1.586,1.586,2.1002779,0.40733337,10.5,0.27184331,637.5197700255394,868.7937155168376,591.6301445075032,1.8411095854321877,9.78357950146818,279,12.666666666666666
L0518103739_0D60,1.8458374,1.586,1.586,2.1002779,0.40733337,10.5,0.27184331,637.5197700255394,868.7937155168376,591.6301445075032,1.8411095854321877,9.78357950146818,279,12.833333333333334
L0518103739_0D60,1.8458374,1.586,1.586,2.1002779,0.40733337,10.5,0.27184331,637.5197700255394,868.7937155168376,591.6301445075032,1.8411095854321877,9.78357950146818,279,12.583333333333334
L0426153057_7EA4,5.0230308,5.642,5.6420002,0.91688883,0.32277089,10.0,0.48543462,637.5197700255394,868.7937155168376,591.6301445075032,5.010165117361426,26.62380834309854,280,11.0
L0426153057_7EA4,5.0230308,5.642,5.6420002,0.91688883,0.32277089,10.0,0.48543462,637.5197700255394,868.7937155168376,591.6301445075032,5.010165117361426,26.62380834309854,280,11.083333333333334
L0426153057_7EA4,5.0230308,5.642,5.6420002,0.91688883,0.32277089,10.0,0.48543462,637.5197700255394,868.7937155168376,591.6301445075032,5.010165117361426,26.62380834309854,280,10.833333333333334
L0426153057_7EA4,5.0230308,5.642,5.6420002,0.91688883,0.32277089,10.0,0.48543462,637.5197700255394,868.7937155168376,591.6301445075032,5.010165117361426,26.62380834309854,280,12.0
L0426153057_7EA4,5.0230308,5.642,5.6420002,0.91688883,0.32277089,10.0,0.48543462,637.5197700255394,868.7937155168376,591.6301445075032,5.010165117361426,26.62380834309854,280,11.166666666666666
L0426153057_7EA4,5.0230308,5.642,5.6420002,0.91688883,0.32277089,10.0,0.48543462,637.5197700255394,868.7937155168376,591.6301445075032,5.010165117361426,26.62380834309854,280,10.333333333333334
L0426153057_7EA4,5.0230308,5.642,5.6420002,0.91688883,0.32277089,10.0,0.48543462,637.5197700255394,868.7937155168376,591.6301445075032,5.010165117361426,26.62380834309854,280,10.5
L0426153057_7EA4,5.0230308,5.642,5.6420002,0.91688883,0.32277089,10.0,0.48543462,637.5197700255394,868.7937155168376,591.6301445075032,5.010165117361426,26.62380834309854,280,11.583333333333334
L0426153057_7EA4,5.0230308,5.642,5.6420002,0.91688883,0.32277089,10.0,0.48543462,637.5197700255394,868.7937155168376,591.6301445075032,5.010165117361426,26.62380834309854,280,10.416666666666666
L0426153057_7EA4,5.0230308,5.642,5.6420002,0.91688883,0.32277089,10.0,0.48543462,637.5197700255394,868.7937155168376,591.6301445075032,5.010165117361426,26.62380834309854,280,11.333333333333334
L0223083200,7.1190052,6.047,6.0469999,-0.072222233,0.69335747,10.0,0.61782604,637.5197700255394,868.7937155168376,591.6301445075032,7.100771017242142,37.73320084724981,281,10.5
L0223083200,7.1190052,6.047,6.0469999,-0.072222233,0.69335747,10.0,0.61782604,637.5197700255394,868.7937155168376,591.6301445075032,7.100771017242142,37.73320084724981,281,9.75
L0223083200,7.1190052,6.047,6.0469999,-0.072222233,0.69335747,10.0,0.61782604,637.5197700255394,868.7937155168376,591.6301445075032,7.100771017242142,37.73320084724981,281,10.833333333333334
L0223083200,7.1190052,6.047,6.0469999,-0.072222233,0.69335747,10.0,0.61782604,637.5197700255394,868.7937155168376,591.6301445075032,7.100771017242142,37.73320084724981,281,11.25
L0223083200,7.1190052,6.047,6.0469999,-0.072222233,0.69335747,10.0,0.61782604,637.5197700255394,868.7937155168376,591.6301445075032,7.100771017242142,37.73320084724981,281,11.416666666666666
L0223083200,7.1190052,6.047,6.0469999,-0.072222233,0.69335747,10.0,0.61782604,637.5197700255394,868.7937155168376,591.6301445075032,7.100771017242142,37.73320084724981,281,9.916666666666666
L0223083200,7.1190052,6.047,6.0469999,-0.072222233,0.69335747,10.0,0.61782604,637.5197700255394,868.7937155168376,591.6301445075032,7.100771017242142,37.73320084724981,281,10.166666666666666
L0223083200,7.1190052,6.047,6.0469999,-0.072222233,0.69335747,10.0,0.61782604,637.5197700255394,868.7937155168376,591.6301445075032,7.100771017242142,37.73320084724981,281,11.5
L0223083200,7.1190052,6.047,6.0469999,-0.072222233,0.69335747,10.0,0.61782604,637.5197700255394,868.7937155168376,591.6301445075032,7.100771017242142,37.73320084724981,281,9.583333333333334
L0223083200,7.1190052,6.047,6.0469999,-0.072222233,0.69335747,10.0,0.61782604,637.5197700255394,868.7937155168376,591.6301445075032,7.100771017242142,37.73320084724981,281,11.166666666666666
L0422162140_89B3,10.376189,9.586,9.6171246,-1.4615872,0.11218143,10.0,0.41904747,637.5197700255394,868.7937155168376,591.6301445075032,10.349612066672842,54.997406599172606,282,9.0
L0422162140_89B3,10.376189,9.586,9.6171246,-1.4615872,0.11218143,10.0,0.41904747,637.5197700255394,868.7937155168376,591.6301445075032,10.349612066672842,54.997406599172606,282,9.0
L0422162140_89B3,10.376189,9.586,9.6171246,-1.4615872,0.11218143,10.0,0.41904747,637.5197700255394,868.7937155168376,591.6301445075032,10.349612066672842,54.997406599172606,282,8.916666666666666
L0422162140_89B3,10.376189,9.586,9.6171246,-1.4615872,0.11218143,10.0,0.41904747,637.5197700255394,868.7937155168376,591.6301445075032,10.349612066672842,54.997406599172606,282,8.833333333333334
L0422162140_89B3,10.376189,9.586,9.6171246,-1.4615872,0.11218143,10.0,0.41904747,637.5197700255394,868.7937155168376,591.6301445075032,10.349612066672842,54.997406599172606,282,9.0
L0422162140_89B3,10.376189,9.586,9.6171246,-1.4615872,0.11218143,10.0,0.41904747,637.5197700255394,868.7937155168376,591.6301445075032,10.349612066672842,54.997406599172606,282,8.833333333333334
L0422162140_89B3,10.376189,9.586,9.6171246,-1.4615872,0.11218143,10.0,0.41904747,637.5197700255394,868.7937155168376,591.6301445075032,10.349612066672842,54.997406599172606,282,9.0
L0422162140_89B3,10.376189,9.586,9.6171246,-1.4615872,0.11218143,10.0,0.41904747,637.5197700255394,868.7937155168376,591.6301445075032,10.349612066672842,54.997406599172606,282,9.0
L0422162140_89B3,10.376189,9.586,9.6171246,-1.4615872,0.11218143,10.0,0.41904747,637.5197700255394,868.7937155168376,591.6301445075032,10.349612066672842,54.997406599172606,282,9.0
L0422162140_89B3,10.376189,9.586,9.6171246,-1.4615872,0.11218143,10.0,0.41904747,637.5197700255394,868.7937155168376,591.6301445075032,10.349612066672842,54.997406599172606,282,8.75
L0426100005_B2C4,11.616196,11.169,11.169,-0.77809566,0.74983376,10.166667,0.32417044,637.5197700255394,868.7937155168376,591.6301445075032,11.586442988888967,61.5698745028336,283,10.166666666666666
L0426100005_B2C4,11.616196,11.169,11.169,-0.77809566,0.74983376,10.166667,0.32417044,637.5197700255394,868.7937155168376,591.6301445075032,11.586442988888967,61.5698745028336,283,9.75
L0426100005_B2C4,11.616196,11.169,11.169,-0.77809566,0.74983376,10.166667,0.32417044,637.5197700255394,868.7937155168376,591.6301445075032,11.586442988888967,61.5698745028336,283,10.083333333333334
L0426100005_B2C4,11.616196,11.169,11.169,-0.77809566,0.74983376,10.166667,0.32417044,637.5197700255394,868.7937155168376,591.6301445075032,11.586442988888967,61.5698745028336,283,9.75
L0426100005_B2C4,11.616196,11.169,11.169,-0.77809566,0.74983376,10.166667,0.32417044,637.5197700255394,868.7937155168376,591.6301445075032,11.586442988888967,61.5698745028336,283,10.75
L0426100005_B2C4,11.616196,11.169,11.169,-0.77809566,0.74983376,10.166667,0.32417044,637.5197700255394,868.7937155168376,591.6301445075032,11.586442988888967,61.5698745028336,283,10.583333333333334
L0426100005_B2C4,11.616196,11.169,11.169,-0.77809566,0.74983376,10.166667,0.32417044,637.5197700255394,868.7937155168376,591.6301445075032,11.586442988888967,61.5698745028336,283,8.916666666666666
L0426100005_B2C4,11.616196,11.169,11.169,-0.77809566,0.74983376,10.166667,0.32417044,637.5197700255394,868.7937155168376,591.6301445075032,11.586442988888967,61.5698745028336,283,10.25
L0426100005_B2C4,11.616196,11.169,11.169,-0.77809566,0.74983376,10.166667,0.32417044,637.5197700255394,868.7937155168376,591.6301445075032,11.586442988888967,61.5698745028336,283,9.666666666666666
L0426100005_B2C4,11.616196,11.169,11.169,-0.77809566,0.74983376,10.166667,0.32417044,637.5197700255394,868.7937155168376,591.6301445075032,11.586442988888967,61.5698745028336,283,9.25
L0417200622,5.5859218,5.647,5.9016252,0.70597231,0.047620066,9.5,0.91523057,637.5197700255394,868.7937155168376,591.6301445075032,5.571614362919844,29.607326202884526,284,10.583333333333334
L0417200622,5.5859218,5.647,5.9016252,0.70597231,0.047620066,9.5,0.91523057,637.5197700255394,868.7937155168376,591.6301445075032,5.571614362919844,29.607326202884526,284,10.666666666666666
L0417200622,5.5859218,5.647,5.9016252,0.70597231,0.047620066,9.5,0.91523057,637.5197700255394,868.7937155168376,591.6301445075032,5.571614362919844,29.607326202884526,284,10.666666666666666
L0417200622,5.5859218,5.647,5.9016252,0.70597231,0.047620066,9.5,0.91523057,637.5197700255394,868.7937155168376,591.6301445075032,5.571614362919844,29.607326202884526,284,10.666666666666666
L0417200622,5.5859218,5.647,5.9016252,0.70597231,0.047620066,9.5,0.91523057,637.5197700255394,868.7937155168376,591.6301445075032,5.571614362919844,29.607326202884526,284,10.666666666666666
L0417200622,5.5859218,5.647,5.9016252,0.70597231,0.047620066,9.5,0.91523057,637.5197700255394,868.7937155168376,591.6301445075032,5.571614362919844,29.607326202884526,284,10.583333333333334
L0417200622,5.5859218,5.647,5.9016252,0.70597231,0.047620066,9.5,0.91523057,637.5197700255394,868.7937155168376,591.6301445075032,5.571614362919844,29.607326202884526,284,10.666666666666666
L0417200622,5.5859218,5.647,5.9016252,0.70597231,0.047620066,9.5,0.91523057,637.5197700255394,868.7937155168376,591.6301445075032,5.571614362919844,29.607326202884526,284,10.583333333333334
L0417200622,5.5859218,5.647,5.9016252,0.70597231,0.047620066,9.5,0.91523057,637.5197700255394,868.7937155168376,591.6301445075032,5.571614362919844,29.607326202884526,284,10.583333333333334
L0417200622,5.5859218,5.647,5.9016252,0.70597231,0.047620066,9.5,0.91523057,637.5197700255394,868.7937155168376,591.6301445075032,5.571614362919844,29.607326202884526,284,10.583333333333334
L0209092252,3.6055396,3.738,3.7379999,0.73924607,0.46458033,9.833333,0.36150894,637.5197700255394,868.7937155168376,591.6301445075032,3.596304592276295,19.110612517815373,285,11.166666666666666
L0209092252,3.6055396,3.738,3.7379999,0.73924607,0.46458033,9.833333,0.36150894,637.5197700255394,868.7937155168376,591.6301445075032,3.596304592276295,19.110612517815373,285,10.916666666666666
L0209092252,3.6055396,3.738,3.7379999,0.73924607,0.46458033,9.833333,0.36150894,637.5197700255394,868.7937155168376,591.6301445075032,3.596304592276295,19.110612517815373,285,11.25
L0209092252,3.6055396,3.738,3.7379999,0.73924607,0.46458033,9.833333,0.36150894,637.5197700255394,868.7937155168376,591.6301445075032,3.596304592276295,19.110612517815373,285,11.583333333333334
L0209092252,3.6055396,3.738,3.7379999,0.73924607,0.46458033,9.833333,0.36150894,637.5197700255394,868.7937155168376,591.6301445075032,3.596304592276295,19.110612517815373,285,11.333333333333334
L0209092252,3.6055396,3.738,3.7379999,0.73924607,0.46458033,9.833333,0.36150894,637.5197700255394,868.7937155168376,591.6301445075032,3.596304592276295,19.110612517815373,285,10.416666666666666
L0209092252,3.6055396,3.738,3.7379999,0.73924607,0.46458033,9.833333,0.36150894,637.5197700255394,868.7937155168376,591.6301445075032,3.596304592276295,19.110612517815373,285,10.833333333333334
L0209092252,3.6055396,3.738,3.7379999,0.73924607,0.46458033,9.833333,0.36150894,637.5197700255394,868.7937155168376,591.6301445075032,3.596304592276295,19.110612517815373,285,10.833333333333334
L0209092252,3.6055396,3.738,3.7379999,0.73924607,0.46458033,9.833333,0.36150894,637.5197700255394,868.7937155168376,591.6301445075032,3.596304592276295,19.110612517815373,285,11.666666666666666
L0209092252,3.6055396,3.738,3.7379999,0.73924607,0.46458033,9.833333,0.36150894,637.5197700255394,868.7937155168376,591.6301445075032,3.596304592276295,19.110612517815373,285,10.666666666666666
L0223083200,7.1190052,6.047,6.0469999,-0.072222233,0.69335747,10.0,0.61782604,637.5197700255394,868.7937155168376,591.6301445075032,7.100771017242142,37.73320084724981,286,10.833333333333334
L0223083200,7.1190052,6.047,6.0469999,-0.072222233,0.69335747,10.0,0.61782604,637.5197700255394,868.7937155168376,591.6301445075032,7.100771017242142,37.73320084724981,286,10.166666666666666
L0223083200,7.1190052,6.047,6.0469999,-0.072222233,0.69335747,10.0,0.61782604,637.5197700255394,868.7937155168376,591.6301445075032,7.100771017242142,37.73320084724981,286,10.75
L0223083200,7.1190052,6.047,6.0469999,-0.072222233,0.69335747,10.0,0.61782604,637.5197700255394,868.7937155168376,591.6301445075032,7.100771017242142,37.73320084724981,286,10.583333333333334
L0223083200,7.1190052,6.047,6.0469999,-0.072222233,0.69335747,10.0,0.61782604,637.5197700255394,868.7937155168376,591.6301445075032,7.100771017242142,37.73320084724981,286,11.166666666666666
L0223083200,7.1190052,6.047,6.0469999,-0.072222233,0.69335747,10.0,0.61782604,637.5197700255394,868.7937155168376,591.6301445075032,7.100771017242142,37.73320084724981,286,10.583333333333334
L0223083200,7.1190052,6.047,6.0469999,-0.072222233,0.69335747,10.0,0.61782604,637.5197700255394,868.7937155168376,591.6301445075032,7.100771017242142,37.73320084724981,286,9.666666666666666
L0223083200,7.1190052,6.047,6.0469999,-0.072222233,0.69335747,10.0,0.61782604,637.5197700255394,868.7937155168376,591.6301445075032,7.100771017242142,37.73320084724981,286,10.166666666666666
L0223083200,7.1190052,6.047,6.0469999,-0.072222233,0.69335747,10.0,0.61782604,637.5197700255394,868.7937155168376,591.6301445075032,7.100771017242142,37.73320084724981,286,10.583333333333334
L0223083200,7.1190052,6.047,6.0469999,-0.072222233,0.69335747,10.0,0.61782604,637.5197700255394,868.7937155168376,591.6301445075032,7.100771017242142,37.73320084724981,286,10.0
L0520102229_D233,8.1211042,8.578,8.8017082,-0.88537025,0.12357531,10.5,0.48543462,637.5197700255394,868.7937155168376,591.6301445075032,8.100303302400091,43.04467369683112,287,10.083333333333334
L0520102229_D233,8.1211042,8.578,8.8017082,-0.88537025,0.12357531,10.5,0.48543462,637.5197700255394,868.7937155168376,591.6301445075032,8.100303302400091,43.04467369683112,287,10.083333333333334
L0520102229_D233,8.1211042,8.578,8.8017082,-0.88537025,0.12357531,10.5,0.48543462,637.5197700255394,868.7937155168376,591.6301445075032,8.100303302400091,43.04467369683112,287,10.166666666666666
L0520102229_D233,8.1211042,8.578,8.8017082,-0.88537025,0.12357531,10.5,0.48543462,637.5197700255394,868.7937155168376,591.6301445075032,8.100303302400091,43.04467369683112,287,10.083333333333334
L0520102229_D233,8.1211042,8.578,8.8017082,-0.88537025,0.12357531,10.5,0.48543462,637.5197700255394,868.7937155168376,591.6301445075032,8.100303302400091,43.04467369683112,287,10.333333333333334
L0520102229_D233,8.1211042,8.578,8.8017082,-0.88537025,0.12357531,10.5,0.48543462,637.5197700255394,868.7937155168376,591.6301445075032,8.100303302400091,43.04467369683112,287,10.416666666666666
L0520102229_D233,8.1211042,8.578,8.8017082,-0.88537025,0.12357531,10.5,0.48543462,637.5197700255394,868.7937155168376,591.6301445075032,8.100303302400091,43.04467369683112,287,10.0
L0520102229_D233,8.1211042,8.578,8.8017082,-0.88537025,0.12357531,10.5,0.48543462,637.5197700255394,868.7937155168376,591.6301445075032,8.100303302400091,43.04467369683112,287,10.083333333333334
L0520102229_D233,8.1211042,8.578,8.8017082,-0.88537025,0.12357531,10.5,0.48543462,637.5197700255394,868.7937155168376,591.6301445075032,8.100303302400091,43.04467369683112,287,10.166666666666666
L0520102229_D233,8.1211042,8.578,8.8017082,-0.88537025,0.12357531,10.5,0.48543462,637.5197700255394,868.7937155168376,591.6301445075032,8.100303302400091,43.04467369683112,287,10.25
L0309185648,8.3038683,9.71,9.6199999,-1.1733341,0.40733337,10.166667,0.75512034,637.5197700255394,868.7937155168376,591.6301445075032,8.282599281657467,44.01338692279798,288,9.916666666666666
L0309185648,8.3038683,9.71,9.6199999,-1.1733341,0.40733337,10.166667,0.75512034,637.5197700255394,868.7937155168376,591.6301445075032,8.282599281657467,44.01338692279798,288,9.916666666666666
L0309185648,8.3038683,9.71,9.6199999,-1.1733341,0.40733337,10.166667,0.75512034,637.5197700255394,868.7937155168376,591.6301445075032,8.282599281657467,44.01338692279798,288,9.666666666666666
L0309185648,8.3038683,9.71,9.6199999,-1.1733341,0.40733337,10.166667,0.75512034,637.5197700255394,868.7937155168376,591.6301445075032,8.282599281657467,44.01338692279798,288,9.333333333333334
L0309185648,8.3038683,9.71,9.6199999,-1.1733341,0.40733337,10.166667,0.75512034,637.5197700255394,868.7937155168376,591.6301445075032,8.282599281657467,44.01338692279798,288,10.75
L0309185648,8.3038683,9.71,9.6199999,-1.1733341,0.40733337,10.166667,0.75512034,637.5197700255394,868.7937155168376,591.6301445075032,8.282599281657467,44.01338692279798,288,10.083333333333334
L0309185648,8.3038683,9.71,9.6199999,-1.1733341,0.40733337,10.166667,0.75512034,637.5197700255394,868.7937155168376,591.6301445075032,8.282599281657467,44.01338692279798,288,10.166666666666666
L0309185648,8.3038683,9.71,9.6199999,-1.1733341,0.40733337,10.166667,0.75512034,637.5197700255394,868.7937155168376,591.6301445075032,8.282599281657467,44.01338692279798,288,10.333333333333334
L0309185648,8.3038683,9.71,9.6199999,-1.1733341,0.40733337,10.166667,0.75512034,637.5197700255394,868.7937155168376,591.6301445075032,8.282599281657467,44.01338692279798,288,9.5
L0309185648,8.3038683,9.71,9.6199999,-1.1733341,0.40733337,10.166667,0.75512034,637.5197700255394,868.7937155168376,591.6301445075032,8.282599281657467,44.01338692279798,288,10.083333333333334
L0419193157,2.7496498,2.878,2.8880417,-1.1776323,0.11981606,10.5,0.61782604,637.5197700255394,868.7937155168376,591.6301445075032,2.7426070158518283,14.574099224284911,289,9.333333333333334
L0419193157,2.7496498,2.878,2.8880417,-1.1776323,0.11981606,10.5,0.61782604,637.5197700255394,868.7937155168376,591.6301445075032,2.7426070158518283,14.574099224284911,289,9.583333333333334
L0419193157,2.7496498,2.878,2.8880417,-1.1776323,0.11981606,10.5,0.61782604,637.5197700255394,868.7937155168376,591.6301445075032,2.7426070158518283,14.574099224284911,289,9.5
L0419193157,2.7496498,2.878,2.8880417,-1.1776323,0.11981606,10.5,0.61782604,637.5197700255394,868.7937155168376,591.6301445075032,2.7426070158518283,14.574099224284911,289,9.416666666666666
L0419193157,2.7496498,2.878,2.8880417,-1.1776323,0.11981606,10.5,0.61782604,637.5197700255394,868.7937155168376,591.6301445075032,2.7426070158518283,14.574099224284911,289,9.583333333333334
L0419193157,2.7496498,2.878,2.8880417,-1.1776323,0.11981606,10.5,0.61782604,637.5197700255394,868.7937155168376,591.6301445075032,2.7426070158518283,14.574099224284911,289,9.416666666666666
L0419193157,2.7496498,2.878,2.8880417,-1.1776323,0.11981606,10.5,0.61782604,637.5197700255394,868.7937155168376,591.6301445075032,2.7426070158518283,14.574099224284911,289,9.416666666666666
L0419193157,2.7496498,2.878,2.8880417,-1.1776323,0.11981606,10.5,0.61782604,637.5197700255394,868.7937155168376,591.6301445075032,2.7426070158518283,14.574099224284911,289,9.416666666666666
L0419193157,2.7496498,2.878,2.8880417,-1.1776323,0.11981606,10.5,0.61782604,637.5197700255394,868.7937155168376,591.6301445075032,2.7426070158518283,14.574099224284911,289,9.166666666666666
L0419193157,2.7496498,2.878,2.8880417,-1.1776323,0.11981606,10.5,0.61782604,637.5197700255394,868.7937155168376,591.6301445075032,2.7426070158518283,14.574099224284911,289,9.5
L0418093957,8.3658895,5.298,5.126646,-1.0898148,0.32887903,10.5,0.75512034,637.5197700255394,868.7937155168376,591.6301445075032,8.344461624364364,44.342120830224744,290,10.916666666666666
L0418093957,8.3658895,5.298,5.126646,-1.0898148,0.32887903,10.5,0.75512034,637.5197700255394,868.7937155168376,591.6301445075032,8.344461624364364,44.342120830224744,290,10.416666666666666
L0418093957,8.3658895,5.298,5.126646,-1.0898148,0.32887903,10.5,0.75512034,637.5197700255394,868.7937155168376,591.6301445075032,8.344461624364364,44.342120830224744,290,9.583333333333334
L0418093957,8.3658895,5.298,5.126646,-1.0898148,0.32887903,10.5,0.75512034,637.5197700255394,868.7937155168376,591.6301445075032,8.344461624364364,44.342120830224744,290,10.0
L0418093957,8.3658895,5.298,5.126646,-1.0898148,0.32887903,10.5,0.75512034,637.5197700255394,868.7937155168376,591.6301445075032,8.344461624364364,44.342120830224744,290,9.5
L0418093957,8.3658895,5.298,5.126646,-1.0898148,0.32887903,10.5,0.75512034,637.5197700255394,868.7937155168376,591.6301445075032,8.344461624364364,44.342120830224744,290,9.5
L0418093957,8.3658895,5.298,5.126646,-1.0898148,0.32887903,10.5,0.75512034,637.5197700255394,868.7937155168376,591.6301445075032,8.344461624364364,44.342120830224744,290,9.5
L0418093957,8.3658895,5.298,5.126646,-1.0898148,0.32887903,10.5,0.75512034,637.5197700255394,868.7937155168376,591.6301445075032,8.344461624364364,44.342120830224744,290,10.666666666666666
L0418093957,8.3658895,5.298,5.126646,-1.0898148,0.32887903,10.5,0.75512034,637.5197700255394,868.7937155168376,591.6301445075032,8.344461624364364,44.342120830224744,290,9.916666666666666
L0418093957,8.3658895,5.298,5.126646,-1.0898148,0.32887903,10.5,0.75512034,637.5197700255394,868.7937155168376,591.6301445075032,8.344461624364364,44.342120830224744,290,9.416666666666666
L0410130753,6.5394502,4.263,4.263,-0.18798614,0.87046248,10.5,3.3980434,637.5197700255394,868.7937155168376,591.6301445075032,6.522700453830027,34.66135799805118,291,10.583333333333334
L0410130753,6.5394502,4.263,4.263,-0.18798614,0.87046248,10.5,3.3980434,637.5197700255394,868.7937155168376,591.6301445075032,6.522700453830027,34.66135799805118,291,10.416666666666666
L0410130753,6.5394502,4.263,4.263,-0.18798614,0.87046248,10.5,3.3980434,637.5197700255394,868.7937155168376,591.6301445075032,6.522700453830027,34.66135799805118,291,11.25
L0410130753,6.5394502,4.263,4.263,-0.18798614,0.87046248,10.5,3.3980434,637.5197700255394,868.7937155168376,591.6301445075032,6.522700453830027,34.66135799805118,291,12.083333333333334
L0410130753,6.5394502,4.263,4.263,-0.18798614,0.87046248,10.5,3.3980434,637.5197700255394,868.7937155168376,591.6301445075032,6.522700453830027,34.66135799805118,291,12.166666666666666
L0410130753,6.5394502,4.263,4.263,-0.18798614,0.87046248,10.5,3.3980434,637.5197700255394,868.7937155168376,591.6301445075032,6.522700453830027,34.66135799805118,291,11.083333333333334
L0410130753,6.5394502,4.263,4.263,-0.18798614,0.87046248,10.5,3.3980434,637.5197700255394,868.7937155168376,591.6301445075032,6.522700453830027,34.66135799805118,291,9.25
L0410130753,6.5394502,4.263,4.263,-0.18798614,0.87046248,10.5,3.3980434,637.5197700255394,868.7937155168376,591.6301445075032,6.522700453830027,34.66135799805118,291,11.75
L0410130753,6.5394502,4.263,4.263,-0.18798614,0.87046248,10.5,3.3980434,637.5197700255394,868.7937155168376,591.6301445075032,6.522700453830027,34.66135799805118,291,11.0
L0410130753,6.5394502,4.263,4.263,-0.18798614,0.87046248,10.5,3.3980434,637.5197700255394,868.7937155168376,591.6301445075032,6.522700453830027,34.66135799805118,291,12.166666666666666
L0303182531,4.4103751,4.144,4.1387224,-1.1019167,0.19083004,10.5,0.75512034,637.5197700255394,868.7937155168376,591.6301445075032,4.399078636049657,23.376520284043263,292,9.75
L0303182531,4.4103751,4.144,4.1387224,-1.1019167,0.19083004,10.5,0.75512034,637.5197700255394,868.7937155168376,591.6301445075032,4.399078636049657,23.376520284043263,292,9.333333333333334
L0303182531,4.4103751,4.144,4.1387224,-1.1019167,0.19083004,10.5,0.75512034,637.5197700255394,868.7937155168376,591.6301445075032,4.399078636049657,23.376520284043263,292,10.083333333333334
L0303182531,4.4103751,4.144,4.1387224,-1.1019167,0.19083004,10.5,0.75512034,637.5197700255394,868.7937155168376,591.6301445075032,4.399078636049657,23.376520284043263,292,9.583333333333334
L0303182531,4.4103751,4.144,4.1387224,-1.1019167,0.19083004,10.5,0.75512034,637.5197700255394,868.7937155168376,591.6301445075032,4.399078636049657,23.376520284043263,292,9.5
L0303182531,4.4103751,4.144,4.1387224,-1.1019167,0.19083004,10.5,0.75512034,637.5197700255394,868.7937155168376,591.6301445075032,4.399078636049657,23.376520284043263,292,9.666666666666666
L0303182531,4.4103751,4.144,4.1387224,-1.1019167,0.19083004,10.5,0.75512034,637.5197700255394,868.7937155168376,591.6301445075032,4.399078636049657,23.376520284043263,292,9.416666666666666
L0303182531,4.4103751,4.144,4.1387224,-1.1019167,0.19083004,10.5,0.75512034,637.5197700255394,868.7937155168376,591.6301445075032,4.399078636049657,23.376520284043263,292,9.75
L0303182531,4.4103751,4.144,4.1387224,-1.1019167,0.19083004,10.5,0.75512034,637.5197700255394,868.7937155168376,591.6301445075032,4.399078636049657,23.376520284043263,292,10.25
L0303182531,4.4103751,4.144,4.1387224,-1.1019167,0.19083004,10.5,0.75512034,637.5197700255394,868.7937155168376,591.6301445075032,4.399078636049657,23.376520284043263,292,9.333333333333334
L0422084355_B30C,3.4755299,4.603,4.4025831,-1.0328749,0.63477606,10.0,1.3592167,637.5197700255394,868.7937155168376,591.6301445075032,3.466627891138284,18.421515939800415,293,8.916666666666666
L0422084355_B30C,3.4755299,4.603,4.4025831,-1.0328749,0.63477606,10.0,1.3592167,637.5197700255394,868.7937155168376,591.6301445075032,3.466627891138284,18.421515939800415,293,8.75
L0422084355_B30C,3.4755299,4.603,4.4025831,-1.0328749,0.63477606,10.0,1.3592167,637.5197700255394,868.7937155168376,591.6301445075032,3.466627891138284,18.421515939800415,293,9.25
L0422084355_B30C,3.4755299,4.603,4.4025831,-1.0328749,0.63477606,10.0,1.3592167,637.5197700255394,868.7937155168376,591.6301445075032,3.466627891138284,18.421515939800415,293,9.083333333333334
L0422084355_B30C,3.4755299,4.603,4.4025831,-1.0328749,0.63477606,10.0,1.3592167,637.5197700255394,868.7937155168376,591.6301445075032,3.466627891138284,18.421515939800415,293,9.666666666666666
L0422084355_B30C,3.4755299,4.603,4.4025831,-1.0328749,0.63477606,10.0,1.3592167,637.5197700255394,868.7937155168376,591.6301445075032,3.466627891138284,18.421515939800415,293,8.583333333333334
L0422084355_B30C,3.4755299,4.603,4.4025831,-1.0328749,0.63477606,10.0,1.3592167,637.5197700255394,868.7937155168376,591.6301445075032,3.466627891138284,18.421515939800415,293,10.5
L0422084355_B30C,3.4755299,4.603,4.4025831,-1.0328749,0.63477606,10.0,1.3592167,637.5197700255394,868.7937155168376,591.6301445075032,3.466627891138284,18.421515939800415,293,10.0
L0422084355_B30C,3.4755299,4.603,4.4025831,-1.0328749,0.63477606,10.0,1.3592167,637.5197700255394,868.7937155168376,591.6301445075032,3.466627891138284,18.421515939800415,293,9.333333333333334
L0422084355_B30C,3.4755299,4.603,4.4025831,-1.0328749,0.63477606,10.0,1.3592167,637.5197700255394,868.7937155168376,591.6301445075032,3.466627891138284,18.421515939800415,293,9.25
L0221203921,4.3161879,6.471,6.4710002,-1.0382916,0.60945606,9.5,1.3592167,637.5197700255394,868.7937155168376,591.6301445075032,4.305132681359921,22.877295401493647,294,9.333333333333334
L0221203921,4.3161879,6.471,6.4710002,-1.0382916,0.60945606,9.5,1.3592167,637.5197700255394,868.7937155168376,591.6301445075032,4.305132681359921,22.877295401493647,294,7.666666666666667
L0221203921,4.3161879,6.471,6.4710002,-1.0382916,0.60945606,9.5,1.3592167,637.5197700255394,868.7937155168376,591.6301445075032,4.305132681359921,22.877295401493647,294,7.416666666666667
L0221203921,4.3161879,6.471,6.4710002,-1.0382916,0.60945606,9.5,1.3592167,637.5197700255394,868.7937155168376,591.6301445075032,4.305132681359921,22.877295401493647,294,9.25
L0221203921,4.3161879,6.471,6.4710002,-1.0382916,0.60945606,9.5,1.3592167,637.5197700255394,868.7937155168376,591.6301445075032,4.305132681359921,22.877295401493647,294,9.166666666666666
L0221203921,4.3161879,6.471,6.4710002,-1.0382916,0.60945606,9.5,1.3592167,637.5197700255394,868.7937155168376,591.6301445075032,4.305132681359921,22.877295401493647,294,7.583333333333333
L0221203921,4.3161879,6.471,6.4710002,-1.0382916,0.60945606,9.5,1.3592167,637.5197700255394,868.7937155168376,591.6301445075032,4.305132681359921,22.877295401493647,294,8.166666666666666
L0221203921,4.3161879,6.471,6.4710002,-1.0382916,0.60945606,9.5,1.3592167,637.5197700255394,868.7937155168376,591.6301445075032,4.305132681359921,22.877295401493647,294,8.166666666666666
L0221203921,4.3161879,6.471,6.4710002,-1.0382916,0.60945606,9.5,1.3592167,637.5197700255394,868.7937155168376,591.6301445075032,4.305132681359921,22.877295401493647,294,7.75
L0221203921,4.3161879,6.471,6.4710002,-1.0382916,0.60945606,9.5,1.3592167,637.5197700255394,868.7937155168376,591.6301445075032,4.305132681359921,22.877295401493647,294,9.25
L0427084419_A995,8.5280313,9.495,9.4881248,-0.58758682,0.78229195,10.0,3.3980434,637.5197700255394,868.7937155168376,591.6301445075032,8.50618812431459,45.201528701585005,295,9.583333333333334
L0427084419_A995,8.5280313,9.495,9.4881248,-0.58758682,0.78229195,10.0,3.3980434,637.5197700255394,868.7937155168376,591.6301445075032,8.50618812431459,45.201528701585005,295,9.333333333333334
L0427084419_A995,8.5280313,9.495,9.4881248,-0.58758682,0.78229195,10.0,3.3980434,637.5197700255394,868.7937155168376,591.6301445075032,8.50618812431459,45.201528701585005,295,9.166666666666666
L0427084419_A995,8.5280313,9.495,9.4881248,-0.58758682,0.78229195,10.0,3.3980434,637.5197700255394,868.7937155168376,591.6301445075032,8.50618812431459,45.201528701585005,295,9.583333333333334
L0427084419_A995,8.5280313,9.495,9.4881248,-0.58758682,0.78229195,10.0,3.3980434,637.5197700255394,868.7937155168376,591.6301445075032,8.50618812431459,45.201528701585005,295,10.583333333333334
L0427084419_A995,8.5280313,9.495,9.4881248,-0.58758682,0.78229195,10.0,3.3980434,637.5197700255394,868.7937155168376,591.6301445075032,8.50618812431459,45.201528701585005,295,10.25
L0427084419_A995,8.5280313,9.495,9.4881248,-0.58758682,0.78229195,10.0,3.3980434,637.5197700255394,868.7937155168376,591.6301445075032,8.50618812431459,45.201528701585005,295,10.333333333333334
L0427084419_A995,8.5280313,9.495,9.4881248,-0.58758682,0.78229195,10.0,3.3980434,637.5197700255394,868.7937155168376,591.6301445075032,8.50618812431459,45.201528701585005,295,10.916666666666666
L0427084419_A995,8.5280313,9.495,9.4881248,-0.58758682,0.78229195,10.0,3.3980434,637.5197700255394,868.7937155168376,591.6301445075032,8.50618812431459,45.201528701585005,295,10.0
L0427084419_A995,8.5280313,9.495,9.4881248,-0.58758682,0.78229195,10.0,3.3980434,637.5197700255394,868.7937155168376,591.6301445075032,8.50618812431459,45.201528701585005,295,10.083333333333334
L0304170124,5.9458594,5.96,6.0563612,0.97611141,0.25486258,9.833333,0.19417374,637.5197700255394,868.7937155168376,591.6301445075032,5.930630040854128,31.515120532530055,296,11.25
L0304170124,5.9458594,5.96,6.0563612,0.97611141,0.25486258,9.833333,0.19417374,637.5197700255394,868.7937155168376,591.6301445075032,5.930630040854128,31.515120532530055,296,10.666666666666666
L0304170124,5.9458594,5.96,6.0563612,0.97611141,0.25486258,9.833333,0.19417374,637.5197700255394,868.7937155168376,591.6301445075032,5.930630040854128,31.515120532530055,296,11.25
L0304170124,5.9458594,5.96,6.0563612,0.97611141,0.25486258,9.833333,0.19417374,637.5197700255394,868.7937155168376,591.6301445075032,5.930630040854128,31.515120532530055,296,11.333333333333334
L0304170124,5.9458594,5.96,6.0563612,0.97611141,0.25486258,9.833333,0.19417374,637.5197700255394,868.7937155168376,591.6301445075032,5.930630040854128,31.515120532530055,296,11.166666666666666
L0304170124,5.9458594,5.96,6.0563612,0.97611141,0.25486258,9.833333,0.19417374,637.5197700255394,868.7937155168376,591.6301445075032,5.930630040854128,31.515120532530055,296,10.916666666666666
L0304170124,5.9458594,5.96,6.0563612,0.97611141,0.25486258,9.833333,0.19417374,637.5197700255394,868.7937155168376,591.6301445075032,5.930630040854128,31.515120532530055,296,11.666666666666666
L0304170124,5.9458594,5.96,6.0563612,0.97611141,0.25486258,9.833333,0.19417374,637.5197700255394,868.7937155168376,591.6301445075032,5.930630040854128,31.515120532530055,296,11.25
L0304170124,5.9458594,5.96,6.0563612,0.97611141,0.25486258,9.833333,0.19417374,637.5197700255394,868.7937155168376,591.6301445075032,5.930630040854128,31.515120532530055,296,11.25
L0304170124,5.9458594,5.96,6.0563612,0.97611141,0.25486258,9.833333,0.19417374,637.5197700255394,868.7937155168376,591.6301445075032,5.930630040854128,31.515120532530055,296,10.916666666666666
L0302160631,3.7689919,4.044,4.0440001,-1.0110912,0.46944028,10.5,1.3592167,637.5197700255394,868.7937155168376,591.6301445075032,3.7593382355922977,19.976966494469995,297,9.333333333333334
L0302160631,3.7689919,4.044,4.0440001,-1.0110912,0.46944028,10.5,1.3592167,637.5197700255394,868.7937155168376,591.6301445075032,3.7593382355922977,19.976966494469995,297,10.0
L0302160631,3.7689919,4.044,4.0440001,-1.0110912,0.46944028,10.5,1.3592167,637.5197700255394,868.7937155168376,591.6301445075032,3.7593382355922977,19.976966494469995,297,9.333333333333334
L0302160631,3.7689919,4.044,4.0440001,-1.0110912,0.46944028,10.5,1.3592167,637.5197700255394,868.7937155168376,591.6301445075032,3.7593382355922977,19.976966494469995,297,11.25
L0302160631,3.7689919,4.044,4.0440001,-1.0110912,0.46944028,10.5,1.3592167,637.5197700255394,868.7937155168376,591.6301445075032,3.7593382355922977,19.976966494469995,297,9.75
L0302160631,3.7689919,4.044,4.0440001,-1.0110912,0.46944028,10.5,1.3592167,637.5197700255394,868.7937155168376,591.6301445075032,3.7593382355922977,19.976966494469995,297,9.583333333333334
L0302160631,3.7689919,4.044,4.0440001,-1.0110912,0.46944028,10.5,1.3592167,637.5197700255394,868.7937155168376,591.6301445075032,3.7593382355922977,19.976966494469995,297,9.833333333333334
L0302160631,3.7689919,4.044,4.0440001,-1.0110912,0.46944028,10.5,1.3592167,637.5197700255394,868.7937155168376,591.6301445075032,3.7593382355922977,19.976966494469995,297,11.166666666666666
L0302160631,3.7689919,4.044,4.0440001,-1.0110912,0.46944028,10.5,1.3592167,637.5197700255394,868.7937155168376,591.6301445075032,3.7593382355922977,19.976966494469995,297,9.833333333333334
L0302160631,3.7689919,4.044,4.0440001,-1.0110912,0.46944028,10.5,1.3592167,637.5197700255394,868.7937155168376,591.6301445075032,3.7593382355922977,19.976966494469995,297,10.333333333333334
L0422092340_003A,8.9541111,3.297,3.2969999,-0.75430554,1.4931295,10.5,2.6246049,637.5197700255394,868.7937155168376,591.6301445075032,8.931176589679433,47.459899670376544,298,8.916666666666666
L0422092340_003A,8.9541111,3.297,3.2969999,-0.75430554,1.4931295,10.5,2.6246049,637.5197700255394,868.7937155168376,591.6301445075032,8.931176589679433,47.459899670376544,298,8.5
L0422092340_003A,8.9541111,3.297,3.2969999,-0.75430554,1.4931295,10.5,2.6246049,637.5197700255394,868.7937155168376,591.6301445075032,8.931176589679433,47.459899670376544,298,11.583333333333334
L0422092340_003A,8.9541111,3.297,3.2969999,-0.75430554,1.4931295,10.5,2.6246049,637.5197700255394,868.7937155168376,591.6301445075032,8.931176589679433,47.459899670376544,298,8.583333333333334
L0422092340_003A,8.9541111,3.297,3.2969999,-0.75430554,1.4931295,10.5,2.6246049,637.5197700255394,868.7937155168376,591.6301445075032,8.931176589679433,47.459899670376544,298,8.5
L0422092340_003A,8.9541111,3.297,3.2969999,-0.75430554,1.4931295,10.5,2.6246049,637.5197700255394,868.7937155168376,591.6301445075032,8.931176589679433,47.459899670376544,298,6.166666666666667
L0422092340_003A,8.9541111,3.297,3.2969999,-0.75430554,1.4931295,10.5,2.6246049,637.5197700255394,868.7937155168376,591.6301445075032,8.931176589679433,47.459899670376544,298,9.5
L0422092340_003A,8.9541111,3.297,3.2969999,-0.75430554,1.4931295,10.5,2.6246049,637.5197700255394,868.7937155168376,591.6301445075032,8.931176589679433,47.459899670376544,298,12.416666666666666
L0422092340_003A,8.9541111,3.297,3.2969999,-0.75430554,1.4931295,10.5,2.6246049,637.5197700255394,868.7937155168376,591.6301445075032,8.931176589679433,47.459899670376544,298,10.833333333333334
L0422092340_003A,8.9541111,3.297,3.2969999,-0.75430554,1.4931295,10.5,2.6246049,637.5197700255394,868.7937155168376,591.6301445075032,8.931176589679433,47.459899670376544,298,10.166666666666666
L0417203207,14.417366,13.37,13.37,0.62285495,0.82324564,9.5,1.3592167,637.5197700255394,868.7937155168376,591.6301445075032,14.38043824406425,76.41704868628423,299,11.083333333333334
L0417203207,14.417366,13.37,13.37,0.62285495,0.82324564,9.5,1.3592167,637.5197700255394,868.7937155168376,591.6301445075032,14.38043824406425,76.41704868628423,299,9.416666666666666
L0417203207,14.417366,13.37,13.37,0.62285495,0.82324564,9.5,1.3592167,637.5197700255394,868.7937155168376,591.6301445075032,14.38043824406425,76.41704868628423,299,10.916666666666666
L0417203207,14.417366,13.37,13.37,0.62285495,0.82324564,9.5,1.3592167,637.5197700255394,868.7937155168376,591.6301445075032,14.38043824406425,76.41704868628423,299,9.916666666666666
L0417203207,14.417366,13.37,13.37,0.62285495,0.82324564,9.5,1.3592167,637.5197700255394,868.7937155168376,591.6301445075032,14.38043824406425,76.41704868628423,299,11.666666666666666
L0417203207,14.417366,13.37,13.37,0.62285495,0.82324564,9.5,1.3592167,637.5197700255394,868.7937155168376,591.6301445075032,14.38043824406425,76.41704868628423,299,10.0
L0417203207,14.417366,13.37,13.37,0.62285495,0.82324564,9.5,1.3592167,637.5197700255394,868.7937155168376,591.6301445075032,14.38043824406425,76.41704868628423,299,9.25
L0417203207,14.417366,13.37,13.37,0.62285495,0.82324564,9.5,1.3592167,637.5197700255394,868.7937155168376,591.6301445075032,14.38043824406425,76.41704868628423,299,11.833333333333334
L0417203207,14.417366,13.37,13.37,0.62285495,0.82324564,9.5,1.3592167,637.5197700255394,868.7937155168376,591.6301445075032,14.38043824406425,76.41704868628423,299,10.083333333333334
L0417203207,14.417366,13.37,13.37,0.62285495,0.82324564,9.5,1.3592167,637.5197700255394,868.7937155168376,591.6301445075032,14.38043824406425,76.41704868628423,299,10.0
L0314100346,4.5801706,4.494,4.494,-0.34944439,0.35708833,10.5,0.37756038,637.5197700255394,868.7937155168376,591.6301445075032,4.568439232282699,24.27649542445462,300,10.416666666666666
L0314100346,4.5801706,4.494,4.494,-0.34944439,0.35708833,10.5,0.37756038,637.5197700255394,868.7937155168376,591.6301445075032,4.568439232282699,24.27649542445462,300,10.75
L0314100346,4.5801706,4.494,4.494,-0.34944439,0.35708833,10.5,0.37756038,637.5197700255394,868.7937155168376,591.6301445075032,4.568439232282699,24.27649542445462,300,10.333333333333334
L0314100346,4.5801706,4.494,4.494,-0.34944439,0.35708833,10.5,0.37756038,637.5197700255394,868.7937155168376,591.6301445075032,4.568439232282699,24.27649542445462,300,10.083333333333334
L0314100346,4.5801706,4.494,4.494,-0.34944439,0.35708833,10.5,0.37756038,637.5197700255394,868.7937155168376,591.6301445075032,4.568439232282699,24.27649542445462,300,10.416666666666666
L0314100346,4.5801706,4.494,4.494,-0.34944439,0.35708833,10.5,0.37756038,637.5197700255394,868.7937155168376,591.6301445075032,4.568439232282699,24.27649542445462,300,10.583333333333334
L0314100346,4.5801706,4.494,4.494,-0.34944439,0.35708833,10.5,0.37756038,637.5197700255394,868.7937155168376,591.6301445075032,4.568439232282699,24.27649542445462,300,10.25
L0314100346,4.5801706,4.494,4.494,-0.34944439,0.35708833,10.5,0.37756038,637.5197700255394,868.7937155168376,591.6301445075032,4.568439232282699,24.27649542445462,300,10.416666666666666
L0314100346,4.5801706,4.494,4.494,-0.34944439,0.35708833,10.5,0.37756038,637.5197700255394,868.7937155168376,591.6301445075032,4.568439232282699,24.27649542445462,300,10.916666666666666
L0314100346,4.5801706,4.494,4.494,-0.34944439,0.35708833,10.5,0.37756038,637.5197700255394,868.7937155168376,591.6301445075032,4.568439232282699,24.27649542445462,300,10.25
L0408171814,11.239086,9.023,9.6107292,0.15509272,1.5398933,9.5,0.75512034,637.5197700255394,868.7937155168376,591.6301445075032,11.210298895285526,59.57106048714692,301,10.666666666666666
L0408171814,11.239086,9.023,9.6107292,0.15509272,1.5398933,9.5,0.75512034,637.5197700255394,868.7937155168376,591.6301445075032,11.210298895285526,59.57106048714692,301,9.5
L0408171814,11.239086,9.023,9.6107292,0.15509272,1.5398933,9.5,0.75512034,637.5197700255394,868.7937155168376,591.6301445075032,11.210298895285526,59.57106048714692,301,9.5
L0408171814,11.239086,9.023,9.6107292,0.15509272,1.5398933,9.5,0.75512034,637.5197700255394,868.7937155168376,591.6301445075032,11.210298895285526,59.57106048714692,301,9.166666666666666
L0408171814,11.239086,9.023,9.6107292,0.15509272,1.5398933,9.5,0.75512034,637.5197700255394,868.7937155168376,591.6301445075032,11.210298895285526,59.57106048714692,301,11.083333333333334
L0408171814,11.239086,9.023,9.6107292,0.15509272,1.5398933,9.5,0.75512034,637.5197700255394,868.7937155168376,591.6301445075032,11.210298895285526,59.57106048714692,301,10.333333333333334
L0408171814,11.239086,9.023,9.6107292,0.15509272,1.5398933,9.5,0.75512034,637.5197700255394,868.7937155168376,591.6301445075032,11.210298895285526,59.57106048714692,301,8.166666666666666
L0408171814,11.239086,9.023,9.6107292,0.15509272,1.5398933,9.5,0.75512034,637.5197700255394,868.7937155168376,591.6301445075032,11.210298895285526,59.57106048714692,301,13.25
L0408171814,11.239086,9.023,9.6107292,0.15509272,1.5398933,9.5,0.75512034,637.5197700255394,868.7937155168376,591.6301445075032,11.210298895285526,59.57106048714692,301,10.333333333333334
L0408171814,11.239086,9.023,9.6107292,0.15509272,1.5398933,9.5,0.75512034,637.5197700255394,868.7937155168376,591.6301445075032,11.210298895285526,59.57106048714692,301,10.75
L0418093957,8.3658895,5.298,5.126646,-1.0898148,0.32887903,10.5,0.75512034,637.5197700255394,868.7937155168376,591.6301445075032,8.344461624364364,44.342120830224744,302,9.916666666666666
L0418093957,8.3658895,5.298,5.126646,-1.0898148,0.32887903,10.5,0.75512034,637.5197700255394,868.7937155168376,591.6301445075032,8.344461624364364,44.342120830224744,302,9.25
L0418093957,8.3658895,5.298,5.126646,-1.0898148,0.32887903,10.5,0.75512034,637.5197700255394,868.7937155168376,591.6301445075032,8.344461624364364,44.342120830224744,302,9.333333333333334
L0418093957,8.3658895,5.298,5.126646,-1.0898148,0.32887903,10.5,0.75512034,637.5197700255394,868.7937155168376,591.6301445075032,8.344461624364364,44.342120830224744,302,9.666666666666666
L0418093957,8.3658895,5.298,5.126646,-1.0898148,0.32887903,10.5,0.75512034,637.5197700255394,868.7937155168376,591.6301445075032,8.344461624364364,44.342120830224744,302,9.5
L0418093957,8.3658895,5.298,5.126646,-1.0898148,0.32887903,10.5,0.75512034,637.5197700255394,868.7937155168376,591.6301445075032,8.344461624364364,44.342120830224744,302,9.5
L0418093957,8.3658895,5.298,5.126646,-1.0898148,0.32887903,10.5,0.75512034,637.5197700255394,868.7937155168376,591.6301445075032,8.344461624364364,44.342120830224744,302,10.083333333333334
L0418093957,8.3658895,5.298,5.126646,-1.0898148,0.32887903,10.5,0.75512034,637.5197700255394,868.7937155168376,591.6301445075032,8.344461624364364,44.342120830224744,302,9.416666666666666
L0418093957,8.3658895,5.298,5.126646,-1.0898148,0.32887903,10.5,0.75512034,637.5197700255394,868.7937155168376,591.6301445075032,8.344461624364364,44.342120830224744,302,9.333333333333334
L0418093957,8.3658895,5.298,5.126646,-1.0898148,0.32887903,10.5,0.75512034,637.5197700255394,868.7937155168376,591.6301445075032,8.344461624364364,44.342120830224744,302,9.833333333333334
L0302095219,3.9861093,4.893,5.0036526,-0.80531758,0.10654131,10.5,0.72638816,637.5197700255394,868.7937155168376,591.6301445075032,3.975899524416608,21.127764145472227,303,10.0
L0302095219,3.9861093,4.893,5.0036526,-0.80531758,0.10654131,10.5,0.72638816,637.5197700255394,868.7937155168376,591.6301445075032,3.975899524416608,21.127764145472227,303,9.833333333333334
L0302095219,3.9861093,4.893,5.0036526,-0.80531758,0.10654131,10.5,0.72638816,637.5197700255394,868.7937155168376,591.6301445075032,3.975899524416608,21.127764145472227,303,10.083333333333334
L0302095219,3.9861093,4.893,5.0036526,-0.80531758,0.10654131,10.5,0.72638816,637.5197700255394,868.7937155168376,591.6301445075032,3.975899524416608,21.127764145472227,303,10.0
L0302095219,3.9861093,4.893,5.0036526,-0.80531758,0.10654131,10.5,0.72638816,637.5197700255394,868.7937155168376,591.6301445075032,3.975899524416608,21.127764145472227,303,10.166666666666666
L0302095219,3.9861093,4.893,5.0036526,-0.80531758,0.10654131,10.5,0.72638816,637.5197700255394,868.7937155168376,591.6301445075032,3.975899524416608,21.127764145472227,303,10.083333333333334
L0302095219,3.9861093,4.893,5.0036526,-0.80531758,0.10654131,10.5,0.72638816,637.5197700255394,868.7937155168376,591.6301445075032,3.975899524416608,21.127764145472227,303,10.083333333333334
L0302095219,3.9861093,4.893,5.0036526,-0.80531758,0.10654131,10.5,0.72638816,637.5197700255394,868.7937155168376,591.6301445075032,3.975899524416608,21.127764145472227,303,10.0
L0302095219,3.9861093,4.893,5.0036526,-0.80531758,0.10654131,10.5,0.72638816,637.5197700255394,868.7937155168376,591.6301445075032,3.975899524416608,21.127764145472227,303,9.916666666666666
L0302095219,3.9861093,4.893,5.0036526,-0.80531758,0.10654131,10.5,0.72638816,637.5197700255394,868.7937155168376,591.6301445075032,3.975899524416608,21.127764145472227,303,10.0
L0412114415,1.9875909,2.248,2.2479999,1.2022572,0.68110061,10.5,0.97086877,637.5197700255394,868.7937155168376,591.6301445075032,1.982500006722038,10.534922299518197,304,11.166666666666666
L0412114415,1.9875909,2.248,2.2479999,1.2022572,0.68110061,10.5,0.97086877,637.5197700255394,868.7937155168376,591.6301445075032,1.982500006722038,10.534922299518197,304,11.833333333333334
L0412114415,1.9875909,2.248,2.2479999,1.2022572,0.68110061,10.5,0.97086877,637.5197700255394,868.7937155168376,591.6301445075032,1.982500006722038,10.534922299518197,304,11.083333333333334
L0412114415,1.9875909,2.248,2.2479999,1.2022572,0.68110061,10.5,0.97086877,637.5197700255394,868.7937155168376,591.6301445075032,1.982500006722038,10.534922299518197,304,13.5
L0412114415,1.9875909,2.248,2.2479999,1.2022572,0.68110061,10.5,0.97086877,637.5197700255394,868.7937155168376,591.6301445075032,1.982500006722038,10.534922299518197,304,10.916666666666666
L0412114415,1.9875909,2.248,2.2479999,1.2022572,0.68110061,10.5,0.97086877,637.5197700255394,868.7937155168376,591.6301445075032,1.982500006722038,10.534922299518197,304,12.916666666666666
L0412114415,1.9875909,2.248,2.2479999,1.2022572,0.68110061,10.5,0.97086877,637.5197700255394,868.7937155168376,591.6301445075032,1.982500006722038,10.534922299518197,304,11.916666666666666
L0412114415,1.9875909,2.248,2.2479999,1.2022572,0.68110061,10.5,0.97086877,637.5197700255394,868.7937155168376,591.6301445075032,1.982500006722038,10.534922299518197,304,12.916666666666666
L0412114415,1.9875909,2.248,2.2479999,1.2022572,0.68110061,10.5,0.97086877,637.5197700255394,868.7937155168376,591.6301445075032,1.982500006722038,10.534922299518197,304,11.083333333333334
L0412114415,1.9875909,2.248,2.2479999,1.2022572,0.68110061,10.5,0.97086877,637.5197700255394,868.7937155168376,591.6301445075032,1.982500006722038,10.534922299518197,304,11.416666666666666
