1.3600411463046982,0.4679587877912438,0.5020850322613718,0.5524566871132719,0.37722512783720313,0.42377497215114324,0.3654536291315628,0.3608407665165852,0.4959784672542904,0.3550236217962329,0.34212857299437893,0.3481171680288626,0.3140529856086789,0.32758918907401197,0.3207222784901761,0.35232843517252466,0.3238136458738985,0.3176262671148175,0.45082247486740995,0.32562095414525144,0.37803549528502545,0.3580852167970439,0.317947894350856,0.32740957661089576,0.3369469708547313,0.2839992799131731,0.25762986070889116,0.504713765851936,0.2353479053678195,0.3351759927442527,0.34979711332910207,0.23825000192022663,0.275779282402085,0.2919075770664889,0.32228203975372427,0.2591892089494362,0.31419620336272663,0.2191459004136388,0.18153465474361072,0.5625843347697417,0.3120436508402275,0.4673064216087526,0.23310520051601577,0.3652053708740442,0.23500202445747398,0.2491083233325421,0.2228995387661967,0.16148432900715412,0.23130023645367503,0.11296901137824461,0.17550505447680284,-0.0764364897318995,0.13342591642201226,-0.04470682848441892,-0.4786208394406319,-0.132007011382951,-0.12328976100347007,0.03623501593675102,-0.12562966969695888
0.4679587877912438,0.8868698442354566,0.4114482910051023,0.3816417542638714,0.5571852786129208,0.3442847498019972,0.40076747238837906,0.3095330911055751,0.3706402867220532,0.3417289259903873,0.3242687116096584,0.3252517823260609,0.28272109989898325,0.34287761149817425,0.30078412660459514,0.3158210654401613,0.3043698879545171,0.23116320885805092,0.31378144500935506,0.28122609314775077,0.3256450548108148,0.3083598843243674,0.2876372877088331,0.30185227368664214,0.3774652223596648,0.3440210879281218,0.27587644278746715,0.4082681499010763,0.2744131965218665,0.3369131825223264,0.319050380986724,0.2800971494788171,0.26961486075908603,0.3007701751042213,0.2554151673797084,0.25752190666818847,0.27884830840953745,0.1963927964393764,0.18242138833820878,0.33604526659028733,0.2841091926827204,0.55041943331666,0.24993738624208064,0.30405891870419605,0.2475780195982099,0.22623723280225339,0.31645675574477244,0.14436377119930083,0.2786977291728736,0.04218806039320167,0.12151063180871717,-0.00500575296330032,0.06502242320298725,0.048219743088604744,-0.15722924198725785,-0.1040962460011002,0.03753469360199433,0.007504088817727922,-0.12455602881927438
0.5020850322613718,0.4114482910051023,1.237751247853138,0.4676719437339548,0.600421365736548,0.5974712890165557,0.5372073118184896,0.45443111829388483,0.5516716935261385,0.5110775291359625,0.47024619975904486,0.5351166396976793,0.47247298700337304,0.464035729306302,0.45457327774476797,0.46462489200088053,0.445699981429333,0.4497994316320171,0.5262737482644309,0.44716759737471184,0.49820882376625875,0.45943468746715294,0.45494510980587616,0.4261846801860041,0.5159946764766774,0.4112077271559184,0.4040564309362578,0.5487246327843969,0.38885437585167143,0.47376516063642293,0.45075634074177573,0.36613389751643005,0.3494116358505464,0.3438941894841731,0.3712729184598172,0.3532599098748533,0.38799624911435504,0.2822137835002,0.30684327618225143,0.4651015585394323,0.39095430661666275,0.4432967808092271,0.3166293737713997,0.33178055515462607,0.2623249030753478,0.3569457571957273,0.2579545289553349,0.19019788392431186,0.5297415428433743,-0.00502638067097213,0.06864802600412336,0.11787291299940227,0.1612945191621902,8.55605345607719e-5,0.02920264606517593,-0.22258998345264408,-0.1579888323972407,-0.04467761036286624,-0.2343185102467658
0.5524566871132719,0.3816417542638714,0.4676719437339548,1.4424881973910524,0.5641001906174107,0.41188980674601283,0.49362872464930674,0.4416036018173449,0.58370659098259,0.5155454945462337,0.4614747116061857,0.4431612713344987,0.42584628530559926,0.413086368417243,0.40331557878290486,0.5267587529562318,0.47212097514529566,0.34687686492831465,0.5993836818799668,0.4176962976761205,0.5038550546799272,0.45362385379937153,0.4284509350638254,0.3775226964377034,0.5781713445106297,0.39088929633504,0.3008601909293181,0.46056342840774556,0.3386632882590244,0.4827084595245828,0.37531902345641893,0.35133734856216015,0.2942066003520663,0.3213326112127233,0.43320323799846816,0.3445637094323895,0.38101253438451377,0.2690464405582297,0.21302116200231008,0.4644395318286811,0.23929795348663094,0.582305306053794,0.3729208788399334,0.46015400664853806,0.4417612587298721,0.4006565188747918,0.22755804991347414,0.19790941774867046,0.5226584557490099,0.06163836651524598,-0.18415762386134202,0.06579132070261014,0.0670584856744625,-0.07230289825530234,-0.11642407355606174,-0.10642041351194334,-0.15162987530064936,-0.007804404676956397,-0.18266444742003496
0.37722512783720313,0.5571852786129208,0.600421365736548,0.5641001906174107,1.1469183374909921,0.494592650197011,0.5906549387798281,0.3975210478899524,0.45365954877905895,0.5083585993751574,0.43042617529977484,0.438310838000276,0.4151144920474108,0.39213336218486106,0.38784100993253023,0.4445326950636718,0.41893225558696984,0.33834461171428243,0.489418422930222,0.3648163390546813,0.4558170571471344,0.44013680005684924,0.39213148129020325,0.3838790181589388,0.5011760447309945,0.4295371948633539,0.3755805678188804,0.44084068990606884,0.4206772248351249,0.3948345270183006,0.37986936583036485,0.3230127715112694,0.29846936676251445,0.32577123570893357,0.34356382663332075,0.30605992848912045,0.3519700217114969,0.22174655181908218,0.21164106548519454,0.38307219255486974,0.35795284308146463,0.5012866960487075,0.30735875186905853,0.36015571624629933,0.2809673574103045,0.31102711578320064,0.25835958486070304,0.18882399225190388,0.3972807198483209,-0.09520405611391346,0.08787441370864184,0.2082308637054316,0.15929360416385493,-0.06243782507351965,-0.20617291273992747,-0.13728240189018343,-0.01941258460783713,0.020401956132163442,-0.25401745242747925
0.42377497215114324,0.3442847498019972,0.5974712890165557,0.41188980674601283,0.494592650197011,0.8025739565812449,0.41769394586281045,0.39872007190691744,0.43188412685849265,0.3627056547115595,0.3936469541698394,0.4233937858587347,0.3709116699075442,0.42180685100243237,0.40965573451958137,0.3756551352954568,0.37105050133661827,0.3744061343387237,0.5000044681654969,0.3408088956825363,0.40029213379625067,0.39150793395316397,0.42458204420628765,0.48924762214447515,0.4595561823866457,0.33446041751077116,0.30834731487616707,0.45580164909510856,0.32138210716185533,0.3954330824432984,0.34721157909228084,0.3323606114396814,0.30860774155313553,0.3189279976268427,0.3177696273917871,0.31381848391536293,0.30566170031560574,0.2410541097921963,0.2929874752962325,0.3981696760793876,0.3088283648304781,0.35502515557888825,0.26702927655217584,0.27448394244187624,0.25308595347599633,0.306215436798048,0.20515711322562483,0.1724893230207496,0.48918727469009876,0.04691257365097321,-0.17265439450320852,0.028427867955785363,0.048737915938276165,-0.03307771465238477,-0.07717659400230478,-0.09225356596929736,-0.07580675705432521,0.006777578461350775,-0.14831532375388579
0.3654536291315628,0.40076747238837906,0.5372073118184896,0.49362872464930674,0.5906549387798281,0.41769394586281045,0.9716901607623639,0.410406174274152,0.415660983124609,0.5524601934072694,0.4825271245362827,0.479986139751617,0.4823518499864871,0.41620562786319304,0.41187344913640805,0.511444513710636,0.4742830632895071,0.4099184979096725,0.5491874036748156,0.49033104468165956,0.4569780702113467,0.42619211106804494,0.41464436415394074,0.378508320772786,0.500867353413357,0.4534067307311686,0.3255920800701974,0.4183081393759319,0.3481914215929643,0.37453546679539784,0.3839168718808666,0.3218689044226362,0.3208875862621632,0.3849408681848349,0.3857475496880186,0.30697550104021104,0.36163691244148344,0.24260236624825893,0.2640831823514509,0.40198938425062675,0.38597216789820527,0.48437094582137025,0.3354293504693973,0.3482761252653577,0.31062964150078365,0.31595731764525936,0.22783234227680155,0.18251713809294592,0.4444117174175892,-0.028310518504299866,0.09669819503176613,0.12712949209049135,-0.002206002559425878,-0.037191941011359766,-0.12490187795818707,-0.1564967872793826,0.13345950463577066,-0.016232596758441842,-0.17193419489873715
0.3608407665165852,0.3095330911055751,0.45443111829388483,0.4416036018173449,0.3975210478899524,0.39872007190691744,0.410406174274152,0.8006435103961436,0.4910549948204868,0.44102712527908233,0.4533381847213378,0.43387799323810744,0.42385353171519746,0.4401009761885627,0.38924530919743905,0.42997172155134755,0.42262179778039427,0.38460095837216274,0.5148990787753633,0.3352260545963055,0.40841404783463914,0.39056456248428423,0.40978597076851786,0.4094984725552317,0.46144588964126787,0.3451134305275459,0.2830673739713341,0.42503535679429194,0.30417903531744184,0.3904710217240193,0.3620330346695353,0.3195255279145639,0.3113072642690573,0.3090186661088577,0.33139779289740434,0.32066858631172124,0.32568519618459296,0.26052940700826466,0.2846210743438108,0.3523397507171487,0.2782607550340516,0.3766194862548728,0.2878890979218804,0.29031285724108313,0.24861299389954977,0.3205700633763728,0.2153373750063639,0.163423445925501,0.4652204135423109,0.06904546652609225,-0.023811338861762222,-0.09568272499448027,0.13900896637288343,-0.0629076390726555,0.014325917827364079,-0.08961231872925263,0.0371645292713582,-0.07169295280694937,-0.1446611117094788
0.4959784672542904,0.3706402867220532,0.5516716935261385,0.58370659098259,0.45365954877905895,0.43188412685849265,0.415660983124609,0.4910549948204868,0.9168646692066695,0.45983214888096474,0.5062704787170645,0.47616011329681,0.4803777336496396,0.42135577454212064,0.43946798050249697,0.46894863185868463,0.4388004740391575,0.35166922568637493,0.6060626594560089,0.3676376906451069,0.5017705193545398,0.4402810378017978,0.4489699947259601,0.40698331929060255,0.5510970690015994,0.35996957285403125,0.32415615414103816,0.4656780200294051,0.343918096886408,0.4508482516366024,0.3468829477509717,0.36564806736286865,0.3200809744265064,0.3326071302677895,0.3846686408583782,0.351873740401969,0.35814734908884427,0.2751726011294138,0.277128572787722,0.3626121247164226,0.3101758638456317,0.415984185942946,0.33165303293032367,0.35369960263777805,0.27897578984576765,0.3676704852416158,0.24153472817482655,0.17798075411632694,0.4885221765523726,-0.013887012581513324,-0.05814588261341928,0.0693375229149203,0.14184928146246042,-0.034373278985001816,0.0691523920065984,-0.06166263259993024,0.01026601546305536,-0.04312074958331532,-0.18638410154091564
0.3550236217962329,0.3417289259903873,0.5110775291359625,0.5155454945462337,0.5083585993751574,0.3627056547115595,0.5524601934072694,0.44102712527908233,0.45983214888096474,0.7888087250424944,0.4645308665727178,0.492632695898826,0.45746980354535205,0.42280127294628744,0.3849870306817924,0.6254510388837675,0.55879255740599,0.31617609247618417,0.5141822087100104,0.3857524985926125,0.4238835684638991,0.4115603991241103,0.4194262891436536,0.3813583419375475,0.4756886315526747,0.4572843435117551,0.31630234043734307,0.4819445502723497,0.34845326722123426,0.44182594246381607,0.408822302047285,0.35245440927738947,0.3505309011318763,0.35636034637392444,0.359578548238756,0.34744909621953596,0.3914766650361818,0.2994631353451743,0.32873967854158453,0.42502560778193543,0.39255414219201035,0.4173626349934578,0.3291633100794104,0.3180589173489335,0.26795029222937883,0.3873261537409457,0.24890725587645762,0.1762499838291943,0.49415094798753245,0.0017869342217782206,0.0192328029933643,0.09769570002352375,0.18300730301483178,0.008443279827381888,0.009677885389233849,-0.11492278409865248,0.03515638639717965,-0.08630506027024827,-0.13944440393514013
0.34212857299437893,0.3242687116096584,0.47024619975904486,0.4614747116061857,0.43042617529977484,0.3936469541698394,0.4825271245362827,0.4533381847213378,0.5062704787170645,0.4645308665727178,0.748727171816883,0.47089723251332755,0.5172071701029545,0.4959253433487888,0.46181868424156464,0.4902400906262947,0.4684682990750885,0.42875608262524467,0.5602630949207521,0.41311153701225073,0.46098777257717705,0.433064718850041,0.42758519156462604,0.436358496433252,0.5152761775522426,0.39456974167156345,0.3597180543998669,0.4021490797243159,0.3257296444981672,0.4503066879677708,0.40575865313739656,0.35592561412266877,0.3440334103441578,0.3635156653963181,0.3754627390622683,0.35869132493312506,0.3950255340045705,0.3061162273634715,0.3177484340404826,0.3868857321191506,0.3575918980387976,0.4132275137700497,0.3242076160881818,0.31437598779062403,0.2774482689169518,0.36095808463447715,0.23151559784630402,0.1769887336323226,0.4204245619433592,0.019668313421807547,0.029927782561782162,0.07580538352224124,0.07311851251014398,-0.02341145872393061,-0.002687190554586976,-0.15916232904171085,0.0017360832701782186,-0.015407279419682614,-0.18220391620035506
0.3481171680288626,0.3252517823260609,0.5351166396976793,0.4431612713344987,0.438310838000276,0.4233937858587347,0.479986139751617,0.43387799323810744,0.47616011329681,0.492632695898826,0.47089723251332755,0.7623101237680314,0.5002240704999183,0.48344929695559885,0.42511498823864596,0.4783927628330053,0.4499389834288004,0.3762188033206858,0.4924687707839926,0.3962317437700009,0.4252872476580138,0.3897051862233153,0.41824062493197317,0.41293733368475893,0.4576554909518558,0.38670073764145957,0.3096581137495405,0.4341518983700827,0.35209998846455104,0.4390649860053348,0.3874151136591777,0.3453336828789365,0.32576412791875964,0.3364050794422905,0.3487017025459968,0.3274930566570168,0.34586577952606595,0.2686961489053916,0.30676021755068,0.4014388019970709,0.32138899296176265,0.3841073677911592,0.3048304069074884,0.285135520069351,0.24859884743267363,0.3340756861957545,0.21814254108533004,0.16733832560181763,0.4772065890693105,0.09396397993515916,0.015245276706818961,0.01667444849372939,0.07021709796870541,-0.0291119428851237,0.03455450792485305,-0.11285939957839862,-0.0021240730512078194,-0.08678530375195206,-0.12125639522393127
0.3140529856086789,0.28272109989898325,0.47247298700337304,0.42584628530559926,0.4151144920474108,0.3709116699075442,0.4823518499864871,0.42385353171519746,0.4803777336496396,0.45746980354535205,0.5172071701029545,0.5002240704999183,0.9286321354482872,0.543636516826799,0.5423653618028571,0.48190153483656206,0.46551445726401725,0.37963105212173837,0.5501124886337845,0.38961003375156084,0.4414347624714925,0.4279394552814035,0.5326615428768432,0.470093582541509,0.5161532829600493,0.45428348877280983,0.3411198872740726,0.4110304591774328,0.3849272353111299,0.46592237492194827,0.42235909776472774,0.35433504984166175,0.358658612962625,0.35310648180553267,0.36365679443529675,0.37832844143322286,0.4316341335166856,0.35013593402509546,0.3633171515549699,0.4236956331287591,0.3392991580812079,0.386208045715744,0.32835237805728085,0.2876738034067173,0.2586057528323464,0.37448537575330515,0.26415502343485164,0.18188303195359556,0.47210062528615715,0.06718790658600772,0.034412856495959175,-0.011215979427963185,0.12066424840258744,0.032081877151982095,0.06860777596943111,-0.10309700037144422,-0.005818360042427018,-0.1110811884029173,-0.19275636765408247
0.32758918907401197,0.34287761149817425,0.464035729306302,0.413086368417243,0.39213336218486106,0.42180685100243237,0.41620562786319304,0.4401009761885627,0.42135577454212064,0.42280127294628744,0.4959253433487888,0.48344929695559885,0.543636516826799,0.8931569973544585,0.4799334736444749,0.4953785640155017,0.483062379304663,0.3638779325667729,0.4626747957773155,0.38721674074118406,0.40530227084321835,0.4045063034604256,0.4138752624844245,0.47705781837462613,0.49242488099814463,0.41356180435070433,0.3502961196335654,0.4459914859610409,0.32639453339393804,0.449818491779827,0.4338436860652371,0.369252537056106,0.3719141552770989,0.3547649754410533,0.34447390763031366,0.3751091989799269,0.39889929100105775,0.31820892614242025,0.34923322625492864,0.44989309776511255,0.36114483525578833,0.3802731781982123,0.30870701764397224,0.29903092085554184,0.24075333819849454,0.38050175501885175,0.2406934280389305,0.1727330826287476,0.47658168502279885,0.059560130853807375,-0.04287993607070199,-0.133886315068018,0.11378923361325387,0.013390927511318292,-0.0621229904880239,-0.1262435209518,-0.025378214984674328,-0.02754034993544117,-0.12238063086336795
0.3207222784901761,0.30078412660459514,0.45457327774476797,0.40331557878290486,0.38784100993253023,0.40965573451958137,0.41187344913640805,0.38924530919743905,0.43946798050249697,0.3849870306817924,0.46181868424156464,0.42511498823864596,0.5423653618028571,0.4799334736444749,0.8146763264073389,0.4511962930617984,0.4589086108419893,0.36492777045091795,0.5036285526662608,0.4870889943899905,0.44007817430474466,0.4125207295525529,0.4855530251499245,0.44744321504495704,0.5200331897933136,0.5333979032070946,0.40761449147123074,0.5090723389262813,0.395700226778573,0.5278750701875621,0.46779634214308724,0.40939515447897273,0.4066817068749918,0.3946715888910468,0.36348161055310063,0.39452919771449113,0.4632655519665784,0.35346046575667106,0.40454503017127924,0.4703942332866659,0.387824322337963,0.3781658711074398,0.34782490430243357,0.3175863129793788,0.26530202232023103,0.38764243625173156,0.24857988867822708,0.17338816376041388,0.5897100030653672,-0.006487982073052242,-0.0630362208610895,0.024663083951095253,0.07712338899522375,0.02180181493376758,0.03728340432587961,-0.1259058625005942,0.0053804047997467064,0.02631734570440507,-0.16943715512216204
0.35232843517252466,0.3158210654401613,0.46462489200088053,0.5267587529562318,0.4445326950636718,0.3756551352954568,0.511444513710636,0.42997172155134755,0.46894863185868463,0.6254510388837675,0.4902400906262947,0.4783927628330053,0.48190153483656206,0.4953785640155017,0.4511962930617984,0.9775898563130391,0.5978595510840355,0.4168527661015271,0.7261483924450894,0.4405741554746626,0.48046937593945316,0.4697523388394368,0.4920121929694879,0.4717276629986395,0.5748942674692565,0.4949854714285159,0.3102191597115374,0.4965770387585492,0.35330681766665806,0.5210417429588646,0.47593630843209034,0.4033027196063988,0.4097237780813851,0.4013964381303899,0.4529279995806035,0.42095109052661467,0.49071730756198567,0.3932469803454487,0.4203533268887381,0.5096087065415935,0.42081631206531983,0.39582523954534615,0.37942843211239363,0.3490956711166603,0.3060179943635252,0.48557071958928927,0.25741121345609747,0.18933112791995646,0.6227373386094823,-0.03218807837760199,-0.04680333704373186,0.06648889665898822,0.16072363749502105,-0.035696067999415895,0.1104609336512496,-0.11831916037234091,0.017919391018383586,-0.09850236869471309,-0.0939143197041304
0.3238136458738985,0.3043698879545171,0.445699981429333,0.47212097514529566,0.41893225558696984,0.37105050133661827,0.4742830632895071,0.42262179778039427,0.4388004740391575,0.55879255740599,0.4684682990750885,0.4499389834288004,0.46551445726401725,0.483062379304663,0.4589086108419893,0.5978595510840355,1.0490785024984464,0.42895104714318016,0.5511558118910271,0.4349191057857807,0.4144847687977139,0.4134846208167712,0.43039251889556807,0.6436098041675391,0.6024763925454771,0.41660145991910336,0.3087752341374094,0.4588509448012673,0.3720640361597348,0.5101341490341992,0.4851914645222755,0.3899302742613834,0.38885844086639026,0.3774423349428678,0.3425596375695755,0.3939817658753977,0.4677387761851517,0.3557694849741525,0.4046541379530408,0.44912085709576327,0.46324841643442194,0.3772545770762056,0.3212707360218379,0.3039388138712368,0.29962863641284626,0.4066374625700256,0.2242045687040917,0.18197342149052745,0.5390856261546351,-0.0928590218374857,0.03963607417348609,0.07638896229313943,0.07866886455079306,0.015324204223786839,0.006688892331732133,-0.1459804241566596,0.025241334982243884,-0.060410917275466096,-0.18848739878733564
0.3176262671148175,0.23116320885805092,0.4497994316320171,0.34687686492831465,0.33834461171428243,0.3744061343387237,0.4099184979096725,0.38460095837216274,0.35166922568637493,0.31617609247618417,0.42875608262524467,0.3762188033206858,0.37963105212173837,0.3638779325667729,0.36492777045091795,0.4168527661015271,0.42895104714318016,1.5556208348006009,0.7716322582388763,0.6016937328344902,0.523487868611962,0.4783088950488646,0.35427636304294624,0.46938773898493713,0.65842806266083,0.14217349849608857,0.30513170893367647,0.2833183351719284,0.4568961839801931,0.5338983506452796,0.40194206384433423,0.3372627495681484,0.3175932151823197,0.39249140894300416,0.5442109820200249,0.36053709779811816,0.4994707300897883,0.2948737596009222,0.3203160400915887,0.4616861820165857,0.21768879213247153,0.32814850541576174,0.3454799412201904,0.42618404721046393,0.2815700677160629,0.3303700819046296,0.2465548994297014,0.15677608197750206,0.5162071149225207,-0.09541778066730693,0.09796582449006914,0.14762659002748202,-0.16617892107304721,-0.07603201450738183,0.3390911436567011,-0.25328385481936316,-0.05435129856628427,-0.035272429122086627,-0.10319193877310805
0.45082247486740995,0.31378144500935506,0.5262737482644309,0.5993836818799668,0.489418422930222,0.5000044681654969,0.5491874036748156,0.5148990787753633,0.6060626594560089,0.5141822087100104,0.5602630949207521,0.4924687707839926,0.5501124886337845,0.4626747957773155,0.5036285526662608,0.7261483924450894,0.5511558118910271,0.7716322582388763,1.9144670672614725,0.5668456455548139,0.6762065709485152,0.6886678431803861,0.5448707328555193,0.6009838866715511,0.6324287902828412,-0.01528029063692493,0.024032605883955175,0.4753964921828547,0.3920200127548843,0.3617406490608258,0.3690680884473273,0.3159384150922523,0.32601073662225927,0.39959099752320604,0.7680064404291341,0.3407358002617837,0.42630698485705426,0.3025550825710409,0.24250877415465955,0.47196825677347737,0.27919353226341714,0.3982519401895084,0.38754300945702674,0.4204109385202871,0.438006878641215,0.3612778180690715,0.3437139856177491,0.19944007420272664,1.0016003866985015,-0.13449950287401857,-0.010227589335368404,0.08313829611760536,0.01936934496927449,-0.09008500573647157,-0.13134415254316925,-0.20733554701542287,0.1706502792382432,-0.0046229984744590846,-0.16541282650121553
0.32562095414525144,0.28122609314775077,0.44716759737471184,0.4176962976761205,0.3648163390546813,0.3408088956825363,0.49033104468165956,0.3352260545963055,0.3676376906451069,0.3857524985926125,0.41311153701225073,0.3962317437700009,0.38961003375156084,0.38721674074118406,0.4870889943899905,0.4405741554746626,0.4349191057857807,0.6016937328344902,0.5668456455548139,1.349333773631304,0.4480757384798068,0.43226551895225473,0.37342155294574036,0.36131095196292873,0.6190247855309906,0.4072515918616136,0.3233834449476458,0.48662808018620296,0.43654763868875374,0.4997522182642033,0.5137674123643579,0.4504073791760304,0.41427397137994765,0.41171092251648556,0.5277539102534123,0.3829697744727275,0.4436672682376956,0.31968255997464556,0.3519815808936373,0.4535498383651181,0.4078260341853414,0.4031561333288806,0.35290396029518,0.3816335986960728,0.3727517157802642,0.36296853099184234,0.18632412382674465,0.1600921468283049,0.6986358665965693,0.05426481412567073,0.05426002392372326,-0.009213891175190515,0.0570672627610752,-0.049389856287108735,0.14118129017261732,-0.18330733206631378,-0.01569027422737488,0.04329667203248563,-0.11250706381698677
0.37803549528502545,0.3256450548108148,0.49820882376625875,0.5038550546799272,0.4558170571471344,0.40029213379625067,0.4569780702113467,0.40841404783463914,0.5017705193545398,0.4238835684638991,0.46098777257717705,0.4252872476580138,0.4414347624714925,0.40530227084321835,0.44007817430474466,0.48046937593945316,0.4144847687977139,0.523487868611962,0.6762065709485152,0.4480757384798068,1.127256067773184,0.784345110704101,0.46597473895411323,0.3787288951359307,0.5632402129443642,0.30789014727023933,0.5039547333317658,0.42735225950556815,0.42043666122089673,0.5153617250061803,0.4064765391184272,0.375312505580907,0.3535271807791823,0.41038006570759067,0.5929980427658736,0.37115180484505844,0.4354500236601441,0.3018544664330511,0.25304637197893,0.3855465079078522,0.3433302494683391,0.34536210606937623,0.36073965235811173,0.4353746004928707,0.32121900530213215,0.38556545282310767,0.21747525479281296,0.16199229110912128,0.8481805806134803,-0.11272348636910307,-0.027830600539636555,0.1740213168306107,0.0942053086036379,-0.05085790434106849,0.0316090550624023,-0.2551409879752569,0.12569129882674876,-0.05768956950753579,-0.14720829323336762
0.3580852167970439,0.3083598843243674,0.45943468746715294,0.45362385379937153,0.44013680005684924,0.39150793395316397,0.42619211106804494,0.39056456248428423,0.4402810378017978,0.4115603991241103,0.433064718850041,0.3897051862233153,0.4279394552814035,0.4045063034604256,0.4125207295525529,0.4697523388394368,0.4134846208167712,0.4783088950488646,0.6886678431803861,0.43226551895225473,0.784345110704101,0.9425427705950462,0.4463936480437073,0.4172601295396485,0.48943177756557393,0.32542747759068225,0.5666490325116211,0.4348512153639388,0.40374768981113207,0.5003661913194151,0.4301859644905371,0.35946434134028915,0.34860314734397857,0.37148271812201056,0.4733113959747462,0.3649650882894388,0.4360588034920165,0.30710367427211427,0.3150310042761522,0.3777549366079907,0.41681363156236745,0.3238704527543416,0.32927227552069915,0.3526064308859283,0.3161638578429428,0.36313858857693765,0.23563860411736728,0.17248769346943235,0.8059038536001996,-0.0902346352494297,0.016389335467381482,0.1551763964703613,0.06541881049423758,-0.00963332710724219,-0.05103160405632264,-0.18891189535246247,0.06849487116771055,-0.014201931709922674,-0.16254678165964234
0.317947894350856,0.2876372877088331,0.45494510980587616,0.4284509350638254,0.39213148129020325,0.42458204420628765,0.41464436415394074,0.40978597076851786,0.4489699947259601,0.4194262891436536,0.42758519156462604,0.41824062493197317,0.5326615428768432,0.4138752624844245,0.4855530251499245,0.4920121929694879,0.43039251889556807,0.35427636304294624,0.5448707328555193,0.37342155294574036,0.46597473895411323,0.4463936480437073,1.3329438463067609,0.5260885956809387,0.41103245707537717,0.5097288623493267,0.3481414223696478,0.5070053402214109,0.3430848355255852,0.5000589655298733,0.466520442666701,0.41901050192963557,0.4167068637688857,0.3329367433495974,0.3434975873549607,0.41828123887685026,0.4669868338329989,0.422968566172158,0.3965157769202761,0.5460920126191763,0.31792277032081206,0.4094586465969934,0.39807550723394214,0.3306550053699001,0.15203143267585542,0.41550252239632796,0.4536647502142947,0.1877214796782034,0.5320279082477304,0.08755600713097143,-0.2145809187379886,0.03289033847925116,0.3125053723436624,0.04011331462359785,0.10794932843960696,-0.11196289557557673,-0.06206831078562989,-0.04087943689955305,-0.1384618251658544
0.32740957661089576,0.30185227368664214,0.4261846801860041,0.3775226964377034,0.3838790181589388,0.48924762214447515,0.378508320772786,0.4094984725552317,0.40698331929060255,0.3813583419375475,0.436358496433252,0.41293733368475893,0.470093582541509,0.47705781837462613,0.44744321504495704,0.4717276629986395,0.6436098041675391,0.46938773898493713,0.6009838866715511,0.36131095196292873,0.3787288951359307,0.4172601295396485,0.5260885956809387,1.2947410531494499,0.6599592763370676,0.3231562876981345,0.20088164210996926,0.5340969586809806,0.41818331802124825,0.5653408995189714,0.5873516903937167,0.45993874531467477,0.43772870089388893,0.35851230741139023,0.24694745414344282,0.47353627900353346,0.5324793016179122,0.4213967339057277,0.4760478933779744,0.4471678594811305,0.5838678482713082,0.3772189369819801,0.2875697368664517,0.277298613522269,0.3389846023376576,0.42821709770590377,0.19056368752962644,0.22436366028404559,0.6525044130849772,0.05106786517936468,0.04004204907106095,-0.10063765061568927,0.029534985439307288,0.03972015456679206,-0.05834869414597948,-0.0843206940551107,-0.04322877754827953,-0.026960836351088598,-0.2015883702666058
0.3369469708547313,0.3774652223596648,0.5159946764766774,0.5781713445106297,0.5011760447309945,0.4595561823866457,0.500867353413357,0.46144588964126787,0.5510970690015994,0.4756886315526747,0.5152761775522426,0.4576554909518558,0.5161532829600493,0.49242488099814463,0.5200331897933136,0.5748942674692565,0.6024763925454771,0.65842806266083,0.6324287902828412,0.6190247855309906,0.5632402129443642,0.48943177756557393,0.41103245707537717,0.6599592763370676,2.3431890456283595,0.5526140437347276,0.3489547310207384,0.44527392324336007,0.5779778829451275,0.730217705421391,0.4786071138816597,0.5168749917182072,0.45377415024706713,0.5697115901300345,0.3525111932640281,0.5819169616646733,0.6231410897213046,0.5166671554121773,0.5928560176203755,0.5116761818169973,0.0408827513803891,0.5159177712174489,0.5018675913970462,0.34128102952157624,0.3287509315776246,0.5695626774635841,0.26360978554421655,0.20757745037919625,0.33458393821759247,0.04559166732609864,0.044984112375714015,0.022986924404586634,-0.21200001928078707,0.003764154868142081,0.45031776218627323,-0.05655999205934723,0.03270266739861727,-0.20648666656815035,-0.2760693291805139
0.2839992799131731,0.3440210879281218,0.4112077271559184,0.39088929633504,0.4295371948633539,0.33446041751077116,0.4534067307311686,0.3451134305275459,0.35996957285403125,0.4572843435117551,0.39456974167156345,0.38670073764145957,0.45428348877280983,0.41356180435070433,0.5333979032070946,0.4949854714285159,0.41660145991910336,0.14217349849608857,-0.01528029063692493,0.4072515918616136,0.30789014727023933,0.32542747759068225,0.5097288623493267,0.3231562876981345,0.5526140437347276,1.619132465477544,0.4901868802434723,0.5554481979694542,0.4351429961983468,0.7133131985717703,0.5944491507791336,0.45638854181484523,0.5023507456208728,0.4339390354756112,0.09276427578506678,0.4378092254660022,0.5558529095534109,0.4136747947301384,0.6620028864103114,0.6194587228637983,0.4595524945608081,0.4468140750578955,0.3940339739948938,0.2579103048970788,0.27154356074994285,0.4784444417529737,0.06721322541351332,0.1742051298101353,0.48757950358396956,0.18622937071807233,0.017833379276937192,0.0466937168871273,0.20379568387192115,0.04777538044833946,0.26074812879207776,-0.027533503372621712,-0.05101937503337258,-0.06399839997239214,-0.140567770329887
0.25762986070889116,0.27587644278746715,0.4040564309362578,0.3008601909293181,0.3755805678188804,0.30834731487616707,0.3255920800701974,0.2830673739713341,0.32415615414103816,0.31630234043734307,0.3597180543998669,0.3096581137495405,0.3411198872740726,0.3502961196335654,0.40761449147123074,0.3102191597115374,0.3087752341374094,0.30513170893367647,0.024032605883955175,0.3233834449476458,0.5039547333317658,0.5666490325116211,0.3481414223696478,0.20088164210996926,0.3489547310207384,0.4901868802434723,1.561958708955717,0.40720764971313517,0.3906596325926446,0.6990377077008137,0.48142497789055766,0.4825877214250881,0.4132935773134702,0.4538904601204173,0.17398813265816687,0.4743761619356331,0.5212549120696537,0.43345564658238595,0.5075531344250545,0.39803541578156443,0.6084013244601125,0.24487466660808996,0.29579478607771337,0.21163515485376294,0.20621317768319725,0.4150295482020736,0.2733955681944902,0.14322965866774667,0.5572398586498263,-0.13907300997606,0.06967691695878862,0.3120864059891139,0.014875935448900313,0.12618182614686102,-0.01407489614982648,-0.051298319315175575,-0.14038767734548996,0.06393875791174178,-0.2114384058656838
0.504713765851936,0.4082681499010763,0.5487246327843969,0.46056342840774556,0.44084068990606884,0.45580164909510856,0.4183081393759319,0.42503535679429194,0.4656780200294051,0.4819445502723497,0.4021490797243159,0.4341518983700827,0.4110304591774328,0.4459914859610409,0.5090723389262813,0.4965770387585492,0.4588509448012673,0.2833183351719284,0.4753964921828547,0.48662808018620296,0.42735225950556815,0.4348512153639388,0.5070053402214109,0.5340969586809806,0.44527392324336007,0.5554481979694542,0.40720764971313517,1.4234543882817463,0.4191437561885915,0.6079054415554193,0.6407359996074963,0.47639903970725633,0.49118780868455053,0.3994065462852554,0.2737215071853571,0.3925948201836053,0.49042305353439625,0.3125207118447542,0.42801203521588926,0.6935277108717265,0.5594456310357814,0.5188870363810655,0.3849105997078723,0.43156884756481506,0.11894143882657846,0.3706141183835518,0.3052592378449917,0.19164307981570586,1.0542704945190586,0.13268719977473542,-0.0664857689202036,0.002902047836901728,0.16338583872028462,0.0029679179324764273,-0.18059094161042374,-0.07091369513732293,-0.08858689627841672,-0.004085562246219598,-0.21410586211058333
0.2353479053678195,0.2744131965218665,0.38885437585167143,0.3386632882590244,0.4206772248351249,0.32138210716185533,0.3481914215929643,0.30417903531744184,0.343918096886408,0.34845326722123426,0.3257296444981672,0.35209998846455104,0.3849272353111299,0.32639453339393804,0.395700226778573,0.35330681766665806,0.3720640361597348,0.4568961839801931,0.3920200127548843,0.43654763868875374,0.42043666122089673,0.40374768981113207,0.3430848355255852,0.41818331802124825,0.5779778829451275,0.4351429961983468,0.3906596325926446,0.4191437561885915,1.3058842745594414,0.4830342547970566,0.4593604146107035,0.5072949707675561,0.3392779739417225,0.35679897212277334,0.41191462955580804,0.3587476064152599,0.3745979670913845,0.20348032440301933,0.2149806495029941,0.3568540006888022,0.19758516087066236,0.30959662295839735,0.31090743896659895,0.331828462209861,0.17082163585383664,0.3149097713997976,0.3401386404900541,0.19148783140367248,0.4776051853444329,-0.14585654898563058,0.1871432534179438,0.17283159469579512,-0.20461344483619423,0.0035747315107849255,0.21702461843463983,-0.20944110897401128,0.07354503315122578,-0.10252618921916078,-0.03583197340666402
0.3351759927442527,0.3369131825223264,0.47376516063642293,0.4827084595245828,0.3948345270183006,0.3954330824432984,0.37453546679539784,0.3904710217240193,0.4508482516366024,0.44182594246381607,0.4503066879677708,0.4390649860053348,0.46592237492194827,0.449818491779827,0.5278750701875621,0.5210417429588646,0.5101341490341992,0.5338983506452796,0.3617406490608258,0.4997522182642033,0.5153617250061803,0.5003661913194151,0.5000589655298733,0.5653408995189714,0.730217705421391,0.7133131985717703,0.6990377077008137,0.6079054415554193,0.4830342547970566,1.9421509024664496,0.7540723362515641,0.6835785152560174,0.6447443073757217,0.6779039099863591,0.2822173449176193,0.7265838677902413,0.8847475551270187,0.7001483020438148,0.9838421551364825,0.6878689200707292,0.638945930039135,0.35638248813910917,0.6097701765874758,0.4082549365309202,0.3455186040381444,0.7044665972697232,0.22039353844794146,0.21223981395303207,1.0047425119553626,-0.058909123016077924,0.07506073742784893,0.05291556719454245,-0.017188924459620086,0.08294455001583115,0.20082586028186644,-0.06030575419462634,-0.11897031069303078,-0.04382813772438175,-0.14280697935608366
0.34979711332910207,0.319050380986724,0.45075634074177573,0.37531902345641893,0.37986936583036485,0.34721157909228084,0.3839168718808666,0.3620330346695353,0.3468829477509717,0.408822302047285,0.40575865313739656,0.3874151136591777,0.42235909776472774,0.4338436860652371,0.46779634214308724,0.47593630843209034,0.4851914645222755,0.40194206384433423,0.3690680884473273,0.5137674123643579,0.4064765391184272,0.4301859644905371,0.466520442666701,0.5873516903937167,0.4786071138816597,0.5944491507791336,0.48142497789055766,0.6407359996074963,0.4593604146107035,0.7540723362515641,1.5445074772617622,0.5084117018855614,0.7948353308422975,0.46765704933174757,0.26775588509470544,0.44770838586082184,0.5946338234759281,0.5549400055414693,0.5588833008192542,0.6904149483257752,1.0759835594410232,0.5293909827934212,0.3731122710353193,0.37430989899209044,0.4606748630804366,0.44285732235349706,0.34968995723306157,0.22963523404827565,1.205965157464089,-0.07065967995508131,0.17867475606594063,0.16272454487279647,0.15278845582055955,-0.051709547567557516,-0.1463205951127819,-0.14340574651633076,-0.1241599063751501,0.014342848990150854,-0.21127081186737098
0.23825000192022663,0.2800971494788171,0.36613389751643005,0.35133734856216015,0.3230127715112694,0.3323606114396814,0.3218689044226362,0.3195255279145639,0.36564806736286865,0.35245440927738947,0.35592561412266877,0.3453336828789365,0.35433504984166175,0.369252537056106,0.40939515447897273,0.4033027196063988,0.3899302742613834,0.3372627495681484,0.3159384150922523,0.4504073791760304,0.375312505580907,0.35946434134028915,0.41901050192963557,0.45993874531467477,0.5168749917182072,0.45638854181484523,0.4825877214250881,0.47639903970725633,0.5072949707675561,0.6835785152560174,0.5084117018855614,1.5236922363499008,0.7147167978032555,0.6641674525571029,0.694863769922741,0.7294198858148462,0.5234449078558983,0.3701343608914358,0.44081625130975916,0.22778641492531845,0.598881305978175,0.4417247078811515,0.5942239375682944,0.374814416726493,0.3533005513586649,0.6143263732859671,0.4933154478066083,0.17393552912748833,0.9121893244450434,0.08346369215999898,-0.2258871880270977,-0.09925054281002381,0.052963312002460315,0.03452617436207164,0.09850563681272895,-0.10966385034539117,-0.043249478944568834,-0.01170205090846153,-0.07701002629844737
0.275779282402085,0.26961486075908603,0.3494116358505464,0.2942066003520663,0.29846936676251445,0.30860774155313553,0.3208875862621632,0.3113072642690573,0.3200809744265064,0.3505309011318763,0.3440334103441578,0.32576412791875964,0.358658612962625,0.3719141552770989,0.4066817068749918,0.4097237780813851,0.38885844086639026,0.3175932151823197,0.32601073662225927,0.41427397137994765,0.3535271807791823,0.34860314734397857,0.4167068637688857,0.43772870089388893,0.45377415024706713,0.5023507456208728,0.4132935773134702,0.49118780868455053,0.3392779739417225,0.6447443073757217,0.7948353308422975,0.7147167978032555,1.0077324964447834,0.71123310298297,0.5175780273796445,0.5643965879769294,0.5194767586819712,0.5628703410643935,0.6149171572344044,0.49355364669283175,0.6969296020870479,0.4560275133089242,0.5114523211596724,0.3316472528639528,0.4297395740443707,0.5075741829607753,0.49065333336786354,0.24621720379807077,0.9202269582622763,0.010855602274848183,-0.196849016169721,-0.06631768123700998,0.21455226412360862,0.006314410959865573,-0.19515615508862613,-0.04783104144581303,0.0007519823504913729,0.016292739144639783,-0.11379249924226909
0.2919075770664889,0.3007701751042213,0.3438941894841731,0.3213326112127233,0.32577123570893357,0.3189279976268427,0.3849408681848349,0.3090186661088577,0.3326071302677895,0.35636034637392444,0.3635156653963181,0.3364050794422905,0.35310648180553267,0.3547649754410533,0.3946715888910468,0.4013964381303899,0.3774423349428678,0.39249140894300416,0.39959099752320604,0.41171092251648556,0.41038006570759067,0.37148271812201056,0.3329367433495974,0.35851230741139023,0.5697115901300345,0.4339390354756112,0.4538904601204173,0.3994065462852554,0.35679897212277334,0.6779039099863591,0.46765704933174757,0.6641674525571029,0.71123310298297,1.4305562134297154,0.8061799936307295,0.5877215457215353,0.49235423704611336,0.5309703773358967,0.5423596498976567,0.2793228644822617,0.45739894028622124,0.47193789877348324,0.6599022051493391,0.3038556119566906,0.44460622176345205,0.5066898299586323,0.5619942146072224,0.19737661233962014,0.8126487291620131,0.0878888474227796,-0.016954232242795624,0.02474205439345208,-0.07751040830226422,-0.012333338193814256,-0.1994929532598937,-0.1625080467817298,0.30263604848511605,-0.04128179713140962,-0.10196392415889895
