0.3675071197412997,0.1535493352807792,0.07168829729419689,0.03752516106689858,0.06237891726441299,0.05098546405269712,0.11314012350268893,0.08801379508191878,0.051462475038084626,0.05008415775981854,0.06561025511532703,0.05669882649125443,0.06842927914918193,0.06672853083925301,0.05732025153709711,0.05196648539721046,0.05967043458648822,0.07014236348663619,0.02448832235265598,0.05751289496877575,0.0579067528800064,0.08496319970084415,0.05281421463111052,0.03449008949485256,0.06123414657303953,0.06075998188769739,0.053725773287265126,0.0301287646815128,0.05349336547407006,0.048353512001837996,0.058030798091821774,0.05509570721354306,0.04805292916047611,0.0038854279185507605,0.028690426928248688,0.0601137769920376,0.06919232417062625,0.07088918569143053,0.04931183198026285,0.041332415143603994,0.07833315524220814,0.052625655198866125,0.05260669786030129,0.07162607351810531,0.0131630197978905,0.09269849621145505,0.07531576691772615,0.0001429021450773491,0.03862256221169577,0.015286534644139963,0.006452487500942063,-0.020283281344436247,0.007760067443385783,-0.013687481120504068,0.0026666189857639903,-0.0049565474228606445,-0.00841717741683054,0.017716047732841363,-0.0077983463883219035
0.1535493352807792,7.162867223403376,0.3827056456519224,0.187544038771005,0.2430954259633189,-0.024926197464174762,0.536793491754587,0.4114369289102485,0.2051874786115291,0.3620073302372755,0.31496065004053386,0.13100409291756715,0.4578275389222524,-0.05097372116336306,0.5676066056035641,0.3608447698029436,0.2575069785696668,0.5573335490163303,0.3841981978645536,0.19754522535192828,0.5140705149833121,0.41099148879428476,-0.2555006547028469,0.18806221409047566,0.20338735623073512,-0.056584975780394856,0.5178924448186666,0.5612444644671593,0.7917849476723169,0.401741329199862,0.44103150274934366,0.10550401342962303,0.5132358770576627,0.2994451507697844,0.5055678685196398,0.6004557646605079,0.9471258130252086,0.2298357472202595,-0.028730807267430616,0.03748906910320699,0.4097470318045345,0.3480254791399933,0.11699541759822878,-0.14624301549177782,0.2833195933599108,0.6104616072413392,0.3942956161412414,-0.23245770737279986,-0.17260808385299373,-0.3697570221524067,0.48412028108572197,-0.012548000478397325,-0.05010305320565517,-0.07744180355417472,-0.1605701828890274,0.015909947383861634,-0.4512640293152846,0.054674732220806994,0.08963538030961817
0.07168829729419689,0.3827056456519224,2.0320281995535443,0.44253130270050606,-0.2770862960747705,0.42554010855682184,0.24675651613460284,0.420799053611039,0.4180817593924177,0.41172531931220124,0.3993910260238609,0.2822155760104287,0.35898653597816316,0.23001643815850506,0.2849726519410022,0.2479717039870698,0.43372342849886214,0.39987856443116826,0.343688014980876,0.4429821880263198,0.3740021987136803,0.5911898097020263,0.19009075379289647,0.30932476130968783,0.3010500889347235,0.42896411351781194,0.26971482337602404,0.34145084182932967,0.588856049797919,-0.0014357328701039838,0.43283170098219387,0.29572509929787577,0.3414375749619246,0.5443694411136525,0.2563474042692674,0.4857585450341825,0.6731150503284997,0.7653650965319092,0.41201482766471464,-0.16838368786809657,0.37222979559754055,0.3519774135351915,0.3012825598709202,0.3648916842019406,0.40196823256984365,0.6689806181931708,0.6140518992947799,-0.1500112530152114,-0.21116892322627737,0.3761320737611239,-0.3019378356797539,0.20036211306488663,-0.13656932824934065,-0.23512869430708164,-0.23158690818088026,-0.046243125594176836,-0.20050391697564593,0.13532526105507975,-0.15401630571236874
0.03752516106689858,0.187544038771005,0.44253130270050606,2.1171500053032095,0.24320436828185052,0.28243678303421893,0.5498210493050968,0.35099431361560485,0.2906633288480745,0.39749552097017044,0.3712503876695186,0.41901549825226425,0.4167273208095623,0.4200029987604794,0.2229543627361336,0.3788368579432983,0.3706910494869057,0.4199170009739413,0.009301943901950138,0.3703511092461821,0.3514799589567981,0.4031691309009826,0.3670847940792605,0.35040238335744645,0.32085660039335934,0.41410632916380025,0.2808574168041478,0.27330870422474607,0.30219035478905315,0.23665486641371178,0.3446507724260335,0.35400748415153077,0.29249510783382676,0.48332327112204765,0.2621135063535631,0.3504538318985194,0.3836015875700506,0.5433884420994871,0.3347832481119957,0.18523294168943225,0.3442898057439146,0.35423322611217295,0.3414690091038985,0.6365812946119243,0.2510752158918784,0.547432780286504,0.55631841622683,-0.047606954862586474,-0.3582339415775356,0.11093628891695034,-0.07886552175259419,0.04613540712284012,-0.04147961142513957,-0.07928006784935057,-0.053700106181511754,-0.025702818941935636,-0.16347383961142728,0.1606487788999227,-0.31211689937991066
0.06237891726441299,0.2430954259633189,-0.2770862960747705,0.24320436828185052,1.509960412775542,0.7279531040155475,0.12207906048207408,0.17903988819046643,0.2161370226901536,0.1954108356892385,0.20508386498619224,0.18635149446849308,0.3635247019417075,0.18600154034972524,0.19757141687822055,0.24383328080910913,0.23059897679112262,0.23225148548601554,-0.005234957034227871,0.20547406637525867,0.20414655460891287,0.2147122215926881,0.25279712601561255,0.20818022063260222,0.1668225433555186,0.3156739356756099,0.1825923843585838,0.1680832218313657,0.2170218328793422,-0.0056014020239168955,0.1406091399557253,0.21528001245452075,0.1465226342040622,0.3835711550700584,0.13482326139676215,0.060148647071754345,0.05476409776623775,0.26158408055211674,0.20247260700077593,0.2231791105079173,0.0462240241612321,0.20443216344401813,0.13938806026251696,0.35320603112148796,-0.1519412012829016,0.11013218559516941,0.27377816471299105,0.047229307984372464,0.34766302581745573,-0.10302694625543264,0.21417157813920962,-0.005486341470123039,-0.06375499886300781,0.04338753353671128,0.0063393977138938885,-0.08601547300545911,-0.2603189867057784,-0.04503273846828744,0.41352063928744903
0.05098546405269712,-0.024926197464174762,0.42554010855682184,0.28243678303421893,0.7279531040155475,1.0520628533125997,0.028290150509156505,0.3294060038915664,0.3285245942048664,0.22655500473609927,0.2796393194048738,0.2289575265584496,0.35712088801494424,0.24468627375968313,0.21340958542273436,0.24272993816887153,0.36011290278632574,0.29197136116422195,0.144149053043032,0.3413795030083074,0.28295922498273557,0.3918742544964084,0.23552794335769692,0.2544368974857602,0.24445537426168693,0.5020535407043664,0.23789908032460808,0.2581929361414964,0.40573409866279714,-0.10895023706240123,0.257716018884542,0.3241274360360035,0.1589956901072221,0.4846266278784393,0.15768596369477264,0.12652737951995835,0.32132021650583403,0.48454156250995023,0.34009577294460464,0.12156438992522671,0.10025891233959647,0.27679352590676365,0.24901574081723707,0.39789202444767063,0.10534817246488805,0.2613751383874935,0.47097457089288763,0.014427595075824489,0.4816962534605369,0.24542001735894434,-0.2632274998386174,0.32621616989519064,-0.28354691673682886,-0.09401439548620541,-0.07177860832201588,-0.05609879662266071,-0.11648693602423038,0.10560115023352352,0.031072369342052285
0.11314012350268893,0.536793491754587,0.24675651613460284,0.5498210493050968,0.12207906048207408,0.028290150509156505,0.8312911620505122,0.18061633466226626,0.16136327615422466,0.2628885465045268,0.23750154460281922,0.2134601593510222,0.29164037695096684,0.05675766451994732,0.15586300790642899,0.1919568142009195,0.27836457180722207,0.2986072951145802,0.15171172042603043,0.16507582827044098,0.22757626035500683,0.3369492662799117,0.20355891857302966,0.2060367617061488,0.18494681587988476,0.13060453884763792,0.1757136500829963,0.18257062571728291,0.23848844448019424,0.22704587729114956,0.23098554642464392,0.14313934349286855,0.2388225531814314,0.31527796000629826,0.1174956695995705,0.2864218325768701,0.2934267550104832,0.2297322286056298,0.25151382099106057,0.07830431500767823,0.25635483626035893,0.19259826894233367,0.20305333056959274,0.30943445647061596,-0.0316975371645281,0.38515444960938444,0.2700891561906048,-0.06195856160883265,-0.06633657713043824,0.17004802896665383,0.010853113667691977,-0.05384204302999712,-0.055046967006754696,-0.11324454199685993,-0.003919030704792077,-0.0004128946150569939,-0.10886877725137666,0.09085779596971277,-0.10589227291260825
0.08801379508191878,0.4114369289102485,0.420799053611039,0.35099431361560485,0.17903988819046643,0.3294060038915664,0.18061633466226626,1.0813854278213355,0.0433098424417688,0.18276022339571465,0.37736202911019945,0.20521468278839097,0.3065868396961237,0.24517288688406103,0.25391464094667,0.21084606073385861,0.3381168955101336,0.351536418266793,0.1674396521843748,0.3597781623317277,0.25961827663708376,0.265427752906517,0.19391454168276118,0.21170065218292647,0.31326071182061244,0.49857037465614945,0.29656753768516375,0.003066119703593109,0.34477665600733803,0.0382440073289715,0.2526660354113442,0.26495887226303655,0.14342542156657345,0.42626695878522697,0.170516215176783,0.18518396144293908,0.29489914491393654,0.33363070929726496,0.3849470766856279,0.0881497546131036,0.2462416310050203,0.26362156407595394,0.21086488096696626,0.178696336286797,-0.03450271296885286,0.3443957570491794,0.4822867036003243,0.04330812281558072,0.4142937287904523,0.15594801210695705,-0.09350680223326113,-0.06425241154470253,0.08206081355482989,-0.0848694498681479,-0.1096393344968006,-0.09693288796506916,-0.042894056356059036,0.2073963204710667,-0.02536447337788254
0.051462475038084626,0.2051874786115291,0.4180817593924177,0.2906633288480745,0.2161370226901536,0.3285245942048664,0.16136327615422466,0.0433098424417688,0.7853860393366694,0.17378763852892934,0.1252674167991033,0.17490244535755275,0.22342201570043554,0.2635679952100555,-0.0008887272870455505,0.25085473463065455,0.2119485110829257,0.22260478928071445,-0.0163155608967482,0.23813348954097174,0.21790956534302713,0.3413217843552104,0.17875692840511903,0.22027588246101779,0.1396493816872234,0.20389734825568076,0.16262642398020696,0.20415401416721504,0.17397330143647965,0.15897869334837753,0.24011924461824205,0.22672791415248028,0.18829714303944464,0.2932997359838509,0.1835428658901348,0.25071881288620823,0.2863257152196297,0.3437255862137135,0.16801534075695115,0.10193784514567167,0.15351412448256432,0.2224624695030786,0.230585944059744,0.2859742304693775,0.19225090451851873,0.3422063155891913,0.30334338178892395,-0.12068695594680319,-0.2249933487169119,-0.10804073450236117,0.031589177900725005,0.011242996929308247,0.07029134372679702,-0.0705560614707412,0.06479954744175906,0.09362990107457118,-0.0329654388055511,-0.09715646199881507,-0.14983202204287555
0.05008415775981854,0.3620073302372755,0.41172531931220124,0.39749552097017044,0.1954108356892385,0.22655500473609927,0.2628885465045268,0.18276022339571465,0.17378763852892934,0.6429906372753411,0.189065818704142,0.1898269978708744,0.23268211224492208,0.12687484714681965,0.2024673042420454,0.17129971845022154,0.2488735129223495,0.29732697187467577,0.0417905711397927,0.32462697786956185,0.2179086290377341,0.2511448355300423,0.1554884170824491,0.20398861517527106,0.180510494286859,0.1727246028820454,0.23312258774992028,0.22411242657018035,0.30098341701493525,0.18797293775419038,0.25734742026116064,0.18621350989706845,0.19156547843744137,0.3300548498476499,0.2518163917389768,0.25134897545613566,0.33240196926826254,0.31359917474421467,0.2575749977386193,0.10354202391637368,0.297500906922336,0.22207603910475043,0.1650932653367721,0.23795115129650748,0.08936657380371545,0.3690398664515701,0.45802759418782474,-0.006690139127877848,0.18795889940151897,0.02175032885311285,0.025419701396427723,-0.017440013678519516,-0.036185514578467845,-0.034191174562593483,0.041940703299553676,-0.0029525110274014705,0.01038850463196977,-0.044699207004416465,-0.1538668629360458
0.06561025511532703,0.31496065004053386,0.3993910260238609,0.3712503876695186,0.20508386498619224,0.2796393194048738,0.23750154460281922,0.37736202911019945,0.1252674167991033,0.189065818704142,0.521182169349465,0.27506780322815677,0.3645616466294243,0.21564766564724772,0.2657882934145365,0.22205103082877953,0.3017934651276976,0.28287265501458175,0.09807512148739478,0.31793869643691575,0.25292371911365535,0.26753187834230474,0.17922938292545562,0.21670855748120832,0.22240815230774938,0.3216495112841899,0.24867080894909813,0.16339430933669752,0.35439947924297616,0.07635294214979257,0.24865442148914807,0.2309056849482319,0.18717441437541002,0.32622317090084296,0.18414978591493947,0.2755535207667083,0.301250906521193,0.3070723999689809,0.27327711039292724,0.09052020912014724,0.22960767459625628,0.24935371453513971,0.1790534218630782,0.16706117168481738,0.0868873377952926,0.37903610026015094,0.3654077661151621,-0.04401600275931158,-0.02793034524284787,0.10029252433158448,-0.06552033030475053,0.045832573137310095,-0.005251370484090883,-0.09860567545871204,-0.09397800921157103,-0.030036203787208216,-0.1210621147919168,0.13381103979282985,-0.07550117199372067
0.05669882649125443,0.13100409291756715,0.2822155760104287,0.41901549825226425,0.18635149446849308,0.2289575265584496,0.2134601593510222,0.20521468278839097,0.17490244535755275,0.1898269978708744,0.27506780322815677,0.7141677663492471,0.2235180966927044,0.2994544789460506,0.12756347925588188,0.24616201177084657,0.2299999435061441,0.22169756386028236,0.0742977348905578,0.24240305665177939,0.1953796576404627,0.17141779978368107,0.15501406270086063,0.17491708864274122,0.24705085387973713,0.3427496344459804,0.26034643345328334,-0.014322721281345504,0.12072261011529883,-0.002512101436390532,0.22232005166247504,0.2881611910500072,0.1066255587646252,0.26816732287560446,0.1138259456755333,0.10027395397520843,0.2470058275334149,0.2980609697932562,0.18538673107291934,0.09730981008334176,0.14376580156033955,0.21439511357431162,0.15370167918021976,0.16711714900135013,0.07555641829833047,0.23813416121003894,0.3808252826506764,0.061999767318931254,0.48204425424229913,-0.04641028709356533,-0.07381082517979373,-0.04220743691657582,0.1218862041224684,-0.0638758379947971,-0.04740397792013478,0.025231862024899097,0.014555533105667871,0.10423731494401839,-0.2428720011350598
0.06842927914918193,0.4578275389222524,0.35898653597816316,0.4167273208095623,0.3635247019417075,0.35712088801494424,0.29164037695096684,0.3065868396961237,0.22342201570043554,0.23268211224492208,0.3645616466294243,0.2235180966927044,0.6876436424383988,0.176599432002596,0.16497789218622566,0.26663907973512446,0.29795947131260264,0.33508122375472277,0.1672197163050654,0.27225196367701754,0.27791964974826044,0.40517335037211744,0.20898363472499304,0.24586499008292645,0.2214467915695325,0.27063768998579374,0.2644314104301795,0.2236615232620011,0.4822079985271291,0.1315223861451711,0.2610011428209859,0.24966425600142567,0.22206473722254186,0.3907622731967881,0.2565443816272796,0.3240302251667483,0.30874461474524,0.31467472014470727,0.3297224229071683,0.1025875907326638,0.2312318419574006,0.260934806043969,0.20625536956800578,0.256345489362365,0.046160040292810296,0.4075795952279941,0.3805398586511245,-0.09320444099312607,0.041425438346025675,0.09587591407395969,-0.025562068171722234,0.011243679910950209,-0.014324439077895075,-0.08979515489760487,-0.036463613710242426,-0.05279729531058413,-0.19413465778393788,0.08254878667047896,0.016663106911494887
0.06672853083925301,-0.05097372116336306,0.23001643815850506,0.4200029987604794,0.18600154034972524,0.24468627375968313,0.05675766451994732,0.24517288688406103,0.2635679952100555,0.12687484714681965,0.21564766564724772,0.2994544789460506,0.176599432002596,0.6232790447923382,0.12491630810143345,0.30996854381548905,0.19548094553969644,0.125252185958214,0.07749123161544003,0.20450387092142,0.19125338143027296,0.24966883275629145,0.13973699531434264,0.20316706708031942,0.1924892483848725,0.29097029771110794,0.16424803184418324,0.10848160817046505,0.13738603947817196,0.08676036957757281,0.18874672976223483,0.35142442342862745,0.10391910453726314,0.21828438031824934,0.19792438443265253,0.142164299639736,0.21402000856991504,0.29517355947641455,0.1523124491053738,0.1127083321573746,0.15169371263065531,0.22045900797324874,0.2117308067919446,0.21853476436984495,0.14635678225436438,0.22138547822436155,0.3568807347963318,-0.0019726152418187036,0.32989401846269123,-0.01764382809081394,-0.019245439272161664,-0.11016498133659966,0.11194293235254202,0.02107554740083577,-0.10470807152028189,0.011363645612683198,0.06882368296798572,0.12316667905637492,-0.21810798677404053
0.05732025153709711,0.5676066056035641,0.2849726519410022,0.2229543627361336,0.19757141687822055,0.21340958542273436,0.15586300790642899,0.25391464094667,-0.0008887272870455505,0.2024673042420454,0.2657882934145365,0.12756347925588188,0.16497789218622566,0.12491630810143345,0.7574296730028578,0.07449961415875919,0.19774356968538911,0.13714674869541632,0.14348404298890352,0.15005403525346314,0.1796885429710348,0.1306545361482847,0.1088150958317332,0.16208027717492987,0.21791695556584112,0.20649934067974787,0.19227823741499422,0.25973037311060504,0.28113929031200874,0.09281332542026346,0.14185914353493395,0.12529983875879175,0.1837262068269206,0.23093252216830965,0.18157703552784912,0.16772419343589137,0.2000257400909837,0.1668137437415108,0.1312947392945382,0.021087328751018663,0.1467527651510601,0.15048658066920545,0.12315326478471206,0.13921998173333786,0.02162513863048213,0.21181656364691837,0.23725690326496104,-0.009929392324903044,0.0695890448226056,0.011115309765214285,-0.10859371473356283,0.20582796513194068,-0.1885727272356043,0.030088098249440122,-0.0909149252473931,0.029943357340669264,-0.11037071627095518,0.06981003087939627,-0.010868453083159969
0.05196648539721046,0.3608447698029436,0.2479717039870698,0.3788368579432983,0.24383328080910913,0.24272993816887153,0.1919568142009195,0.21084606073385861,0.25085473463065455,0.17129971845022154,0.22205103082877953,0.24616201177084657,0.26663907973512446,0.30996854381548905,0.07449961415875919,0.837625137635214,0.26148865758877887,0.23918787194877383,0.23769213116252957,0.24141145897386274,0.24862117020254024,0.39467714068497445,0.12041142299729193,0.22156864489260017,0.2647475070495824,0.20770576350710204,0.24209903995479798,0.22148439627851002,0.2841127043383406,0.22806041680126635,0.26069990303411655,0.283558671223359,0.14872006478704738,0.3435561698154276,0.40277465945770335,0.22499197495390497,0.39858799424162517,0.35637369701845906,0.28296746813639034,0.16801054745405258,0.21102318995049077,0.3366731206245761,0.2930588024578852,0.27974536095402935,0.2409054646704652,0.3166232608051966,0.39787480972588973,-0.06278322905503585,0.13434985713778022,-0.14649138323311853,-0.051376412516073174,-0.06373966044225894,0.12329020576086143,-0.016371520401191785,-0.01046291886473865,0.0007986823223004428,-0.17720262632463926,0.07723904488908921,-0.05413288081158442
0.05967043458648822,0.2575069785696668,0.43372342849886214,0.3706910494869057,0.23059897679112262,0.36011290278632574,0.27836457180722207,0.3381168955101336,0.2119485110829257,0.2488735129223495,0.3017934651276976,0.2299999435061441,0.29795947131260264,0.19548094553969644,0.19774356968538911,0.26148865758877887,0.6715369784183072,0.3003516600577884,0.21746090387202435,0.2707360817132661,0.2796159968623385,0.5573539580405443,0.2312666845739595,0.23751246181889443,0.2526373570853027,0.23183519219986565,0.25993326651254917,0.2524959159449674,0.3514041355469304,0.10304338524193668,0.29728327193016046,0.24248580597419744,0.265736309410562,0.3424349428810856,0.15982666074037472,0.3063365688471977,0.4807760331344792,0.42282016373535464,0.29498772623453257,0.11485962240271436,0.23286225090880003,0.25520318547823106,0.2827458337138232,0.2932361587469103,0.19938658632133197,0.4087982994290812,0.5062999170392518,-0.10712001868174059,0.17581559483976186,0.29155579542499993,-0.05117399263024516,0.011274218109303485,-0.1438957814303691,-0.12757519407240842,-0.04363385525698672,-0.019156955287225073,-0.11236775694235403,0.10217783748097085,-0.11094447149479067
0.07014236348663619,0.5573335490163303,0.39987856443116826,0.4199170009739413,0.23225148548601554,0.29197136116422195,0.2986072951145802,0.351536418266793,0.22260478928071445,0.29732697187467577,0.28287265501458175,0.22169756386028236,0.33508122375472277,0.125252185958214,0.13714674869541632,0.23918787194877383,0.3003516600577884,0.917054711893815,0.06039097321681513,0.24245460334065064,0.29046558114314447,0.3912131237146361,0.393270533772937,0.2252364307366905,0.23029068447928355,0.33554612841981507,0.19767055868718234,0.28023323972259606,0.3966931986395668,0.07621730322659623,0.3298838890609283,0.2277064430870851,0.21894759430778848,0.43450625758641787,0.1445280713012282,0.41639674587691117,0.30512088709210683,0.3441511181482934,0.3032643735320033,0.1267673469295944,0.32769752788297174,0.2564078808603926,0.2490131179342455,0.2686696949391129,0.020994643839206215,0.4601920532502069,0.4305486613125743,-0.0761722965751375,0.03956386693579314,0.10416020231035718,0.2885260735394805,0.06725193641774178,-0.3296844173158321,-0.15951277111224377,-0.03301849164293306,-0.02701760597833102,-0.09004121742267769,0.1350373962303869,-0.1490366906861897
0.02448832235265598,0.3841981978645536,0.343688014980876,0.009301943901950138,-0.005234957034227871,0.144149053043032,0.15171172042603043,0.1674396521843748,-0.0163155608967482,0.0417905711397927,0.09807512148739478,0.0742977348905578,0.1672197163050654,0.07749123161544003,0.14348404298890352,0.23769213116252957,0.21746090387202435,0.06039097321681513,1.3768616908440459,-0.2981460811797836,0.165088041532372,0.4863026987223241,-0.13287990745234138,0.11729222736873289,0.18340838196419423,-0.03300945712174796,0.10687270782753722,0.16255862964749787,0.1982937732752278,0.21620380825771718,0.17549959667236062,0.08692042237755755,0.2612189939959675,0.10106939312993075,0.09608637924474657,0.1044695069301551,0.3924367173529975,0.3203326219985677,0.40357481469360384,-0.13720087608638104,0.08209389365849115,0.0552119777976547,0.2458986958226281,0.17268259923495255,0.08250743141929778,0.13973834347806544,0.15266112972506518,-0.010902822896627525,0.287511911184388,0.4617652453242159,-0.31162248656769964,-0.10155018414448742,0.03431044749411864,-0.13244996376117912,-0.15291415080575424,0.022934879874062526,-0.11539466064622783,0.1663882632095944,-0.017362473601219126
0.05751289496877575,0.19754522535192828,0.4429821880263198,0.3703511092461821,0.20547406637525867,0.3413795030083074,0.16507582827044098,0.3597781623317277,0.23813348954097174,0.32462697786956185,0.31793869643691575,0.24240305665177939,0.27225196367701754,0.20450387092142,0.15005403525346314,0.24141145897386274,0.2707360817132661,0.24245460334065064,-0.2981460811797836,1.5871314434480535,0.3209779742794188,-0.0681252141106765,-0.056253289926914606,0.22510123604800092,0.15554289526942447,0.554846577399089,0.3811249776449794,0.2448589165288567,0.3430048119276545,0.2539770065536682,0.4578094326861785,0.24794580319565396,0.17061988913238293,0.47706927398966614,0.4346908737537052,0.2567414010891251,0.7601709334794805,0.4758594979940599,0.6014603651381635,0.3326963499215511,0.6634723338546265,0.5506050577692124,0.19286872266910174,0.012571864478220422,0.24018445722748613,0.5669912774020419,0.583514664998596,0.28860691391469745,0.5328487942247441,-0.03808906507170812,-0.1360354566983795,-0.007168983736414737,0.1750364180262101,-0.15936617642832188,0.009132454827603532,-0.020272743796182446,-0.04066394590283084,-0.014570042367675593,-0.08971188917915983
0.0579067528800064,0.5140705149833121,0.3740021987136803,0.3514799589567981,0.20414655460891287,0.28295922498273557,0.22757626035500683,0.25961827663708376,0.21790956534302713,0.2179086290377341,0.25292371911365535,0.1953796576404627,0.27791964974826044,0.19125338143027296,0.1796885429710348,0.24862117020254024,0.2796159968623385,0.29046558114314447,0.165088041532372,0.3209779742794188,0.5621554961151396,0.3080734656881641,0.12311371425135688,0.23242601734001622,0.18079664229769693,0.40359406643276574,0.23285493394216947,0.3325820888675984,0.346956444401433,0.1737447101402361,0.355238111768939,0.2595903488475746,0.30579275173569465,0.3232157547572608,0.23413861404875838,0.4070762827431148,0.3961843635111624,0.4037563266831788,0.28464501308369866,0.15003712661396032,0.4208166777076522,0.35761116181131825,0.20562917922384863,0.22470722667133367,0.0836869062592021,0.45311579845942024,0.4420559879135362,-0.03949549171381238,0.09761838304271159,0.14508621073265704,-0.08700250563258556,0.07446669246050673,-0.08208110837173528,-0.09322480569050787,-0.004869792906961071,-0.003529949775450322,-0.16104178405489974,0.031293988244657435,-0.026591745370089754
0.08496319970084415,0.41099148879428476,0.5911898097020263,0.4031691309009826,0.2147122215926881,0.3918742544964084,0.3369492662799117,0.265427752906517,0.3413217843552104,0.2511448355300423,0.26753187834230474,0.17141779978368107,0.40517335037211744,0.24966883275629145,0.1306545361482847,0.39467714068497445,0.5573539580405443,0.3912131237146361,0.4863026987223241,-0.0681252141106765,0.3080734656881641,2.1400282884372666,0.2797678251722101,0.2924870295084252,0.19962021184483184,0.09429986329896217,0.3180942317339632,0.2977067918013061,0.5199848619969312,0.17830177425344657,0.36158998755794075,0.4132107469994179,0.42104070277607275,0.37102904362436556,0.10050047509725955,0.5832908463572297,0.4004963627571312,0.6073830504842505,0.46020391780123476,0.10842349637605964,0.010461905345742449,0.24372845342115143,0.5925057962652909,0.4406257442687745,0.2535947127980828,0.5247419343367689,0.48181748700720084,-0.7363539894701184,0.38196556632503725,0.24784921024511902,-0.09038330890010869,-0.33381779970059144,-0.016669335395447116,-0.08764882675753877,-0.11245953757786994,0.043886913431621044,-0.15694360628406173,0.16519824868393682,-0.23464102445983798
0.05281421463111052,-0.2555006547028469,0.19009075379289647,0.3670847940792605,0.25279712601561255,0.23552794335769692,0.20355891857302966,0.19391454168276118,0.17875692840511903,0.1554884170824491,0.17922938292545562,0.15501406270086063,0.20898363472499304,0.13973699531434264,0.1088150958317332,0.12041142299729193,0.2312666845739595,0.393270533772937,-0.13287990745234138,-0.056253289926914606,0.12311371425135688,0.2797678251722101,1.1728104480188548,0.24612719595054128,0.3201553871090859,0.07895541952404189,-0.0005032014631026878,-0.06370745209904344,0.18906016807854323,0.10760033264389769,0.07203335699778335,0.11700737758002958,0.16897662798740223,0.3370355477189501,-0.1260250134524171,0.2605287304810717,-0.009185105544447408,0.2388450530746865,0.3558210282612928,0.16219350024583187,0.17379857710659458,0.07542604442169352,0.2513840842136701,0.7170995526430174,-0.13640884662122782,0.2823970054928894,0.3517351757065058,0.014881500372779206,-0.13914487822359833,0.10440223926424264,0.0622428767068696,0.11981513372697565,-0.11227111248495625,-0.08226469532021503,0.001546349813050015,-0.03289173192233445,-0.1175831787789623,0.04766528607777852,0.07769732588000113
0.03449008949485256,0.18806221409047566,0.30932476130968783,0.35040238335744645,0.20818022063260222,0.2544368974857602,0.2060367617061488,0.21170065218292647,0.22027588246101779,0.20398861517527106,0.21670855748120832,0.17491708864274122,0.24586499008292645,0.20316706708031942,0.16208027717492987,0.22156864489260017,0.23751246181889443,0.2252364307366905,0.11729222736873289,0.22510123604800092,0.23242601734001622,0.2924870295084252,0.24612719595054128,0.550759867524953,0.23222456941261727,0.1890099587353605,0.20233015528672083,0.23406625025678812,0.16154657856594992,0.3339900415666262,0.22263735297339773,0.2775339530927148,0.4019333933600722,0.19866769470913886,0.11265891372913744,0.2585314168724228,0.35607036910674705,0.38206677828925667,0.0894120062641462,0.08010632217424911,0.19724501068205838,0.24005865170359417,0.2309619470760726,0.32980027674121565,0.10122675285666266,0.360332271108948,0.36292039816707156,-0.05093063270555449,0.03025916068589801,0.007364935196612736,-0.03599812705109089,0.07164704456486291,-0.007534646863086545,-0.04163323300856518,0.0055701427731953985,-0.015520190405715225,0.02569545355268978,-0.06870351480238193,-0.037835622794564025
0.06123414657303953,0.20338735623073512,0.3010500889347235,0.32085660039335934,0.1668225433555186,0.24445537426168693,0.18494681587988476,0.31326071182061244,0.1396493816872234,0.180510494286859,0.22240815230774938,0.24705085387973713,0.2214467915695325,0.1924892483848725,0.21791695556584112,0.2647475070495824,0.2526373570853027,0.23029068447928355,0.18340838196419423,0.15554289526942447,0.18079664229769693,0.19962021184483184,0.3201553871090859,0.23222456941261727,1.0642321900706713,0.1679182579014486,0.19946164355215315,0.0915219248259094,0.27031834824349327,0.23705803993998342,0.17855952410326276,0.1949581575006301,0.15542918124447336,0.43922474962888475,0.27567215861271266,0.11638616969380665,0.287774397004065,0.4005761344704529,0.2575997115776938,0.07831365400401764,0.09910190434701593,0.19141307726338697,0.2691461176379499,0.3660845327440209,0.0892775258310959,0.37004633901342326,0.4140180500645888,-0.03096095833084971,0.04531866480426799,-0.22998555406166818,-0.15319239151448616,0.11416439300996893,0.11086608501697978,-0.016599772456441304,-0.0035119159248778783,-0.008016057279636156,-0.016526238242019473,0.04131219458352086,-0.0786428518528753
0.06075998188769739,-0.056584975780394856,0.42896411351781194,0.41410632916380025,0.3156739356756099,0.5020535407043664,0.13060453884763792,0.49857037465614945,0.20389734825568076,0.1727246028820454,0.3216495112841899,0.3427496344459804,0.27063768998579374,0.29097029771110794,0.20649934067974787,0.20770576350710204,0.23183519219986565,0.33554612841981507,-0.03300945712174796,0.554846577399089,0.40359406643276574,0.09429986329896217,0.07895541952404189,0.1890099587353605,0.1679182579014486,2.4891714433519008,0.3055632153529552,0.404892793311126,0.05511693885279927,-0.46311751716878274,0.27060011570442966,0.46628029071670746,0.04836192985792063,0.531500716121658,0.22037620173002714,0.13891627420800956,-0.04381991932720059,0.5118034358227855,0.2855583633424915,0.20754029547517905,0.42987552077011965,0.5266258551957971,0.20795636565839268,0.20469085425700756,-0.10484683059951562,0.2375825485256284,0.3739526142060226,0.2465989867073667,0.5071802770197998,0.36956686948334616,-0.14490379197954797,0.23319060522163712,-0.5727407936961925,-0.028818372447842962,-0.18765266615705323,-0.02928263012998328,-0.2367404217235121,0.24668364028309647,0.00014676867933185737
0.053725773287265126,0.5178924448186666,0.26971482337602404,0.2808574168041478,0.1825923843585838,0.23789908032460808,0.1757136500829963,0.29656753768516375,0.16262642398020696,0.23312258774992028,0.24867080894909813,0.26034643345328334,0.2644314104301795,0.16424803184418324,0.19227823741499422,0.24209903995479798,0.25993326651254917,0.19767055868718234,0.10687270782753722,0.3811249776449794,0.23285493394216947,0.3180942317339632,-0.0005032014631026878,0.20233015528672083,0.19946164355215315,0.3055632153529552,0.849723900528114,0.299361832258991,0.24028578715057294,0.11731518040388163,0.3150835904001312,0.2585357277447056,0.27361255216690566,0.2872172756484649,0.3279482993343277,0.25211366568834265,0.41902156785571043,0.38776256731308906,0.16852451649375125,0.15552626508766512,0.2559559269768484,0.28385800050258,0.19492660222262892,0.07237864801056207,0.08935964851699034,0.4037364654173474,0.3621418941403612,-0.055130469062770554,0.19078082750065203,-0.0905130093909202,-0.06579113255609026,0.01676518655662552,0.0013577708517953436,0.03727243962923302,0.03365837803878407,0.0023406093890870564,0.009605511261548037,-0.010690258036831405,-0.0915637284014175
0.0301287646815128,0.5612444644671593,0.34145084182932967,0.27330870422474607,0.1680832218313657,0.2581929361414964,0.18257062571728291,0.003066119703593109,0.20415401416721504,0.22411242657018035,0.16339430933669752,-0.014322721281345504,0.2236615232620011,0.10848160817046505,0.25973037311060504,0.22148439627851002,0.2524959159449674,0.28023323972259606,0.16255862964749787,0.2448589165288567,0.3325820888675984,0.2977067918013061,-0.06370745209904344,0.23406625025678812,0.0915219248259094,0.404892793311126,0.299361832258991,1.3066087536069573,0.27907378954837914,0.25491599600913517,0.3308918321415973,0.201458716937897,0.47096536627227775,0.27218768501887486,0.49644675187537124,0.41381694784690476,0.4330574079976346,0.4536460510621634,-0.03254497252433489,0.11439003602629003,0.3937545979049012,0.31396109653931437,0.261978109038999,0.39538368165274623,0.18525466710919614,0.37872697077866296,0.25605454748692863,-0.05988430001909521,-0.1450427873580353,-0.034475070969189864,0.10611120108546411,0.6937686207777696,-0.8737714780833068,0.0796937779237233,-0.035867567099597784,0.03417045288919253,-0.1290553848501596,-0.016484538685515634,0.0030322704159475586
0.05349336547407006,0.7917849476723169,0.588856049797919,0.30219035478905315,0.2170218328793422,0.40573409866279714,0.23848844448019424,0.34477665600733803,0.17397330143647965,0.30098341701493525,0.35439947924297616,0.12072261011529883,0.4822079985271291,0.13738603947817196,0.28113929031200874,0.2841127043383406,0.3514041355469304,0.3966931986395668,0.1982937732752278,0.3430048119276545,0.346956444401433,0.5199848619969312,0.18906016807854323,0.16154657856594992,0.27031834824349327,0.05511693885279927,0.24028578715057294,0.27907378954837914,2.2033671428731103,-0.041644492089611504,0.2278076477187525,0.21770418329610153,0.09540235034939754,0.6134328503907142,0.30554259790717225,0.7870249018382922,0.30084990687165514,-0.2551626387290001,0.4421452310243215,-0.04352264725262741,0.3168140808482047,0.2452880220608944,-0.10509063609771462,-0.3695498667095086,-0.13322390806242884,0.6158213415795838,0.4613114793036278,-0.4488013215485453,0.298248529063184,0.45252538824699723,-0.41476913352842243,0.2587555275513643,-0.24525600361148833,-0.2015316411852297,-0.23131400664433802,-0.046458176808335895,-0.21204376838182293,0.18257927043827604,0.02566468111603879
0.048353512001837996,0.401741329199862,-0.0014357328701039838,0.23665486641371178,-0.0056014020239168955,-0.10895023706240123,0.22704587729114956,0.0382440073289715,0.15897869334837753,0.18797293775419038,0.07635294214979257,-0.002512101436390532,0.1315223861451711,0.08676036957757281,0.09281332542026346,0.22806041680126635,0.10304338524193668,0.07621730322659623,0.21620380825771718,0.2539770065536682,0.1737447101402361,0.17830177425344657,0.10760033264389769,0.3339900415666262,0.23705803993998342,-0.46311751716878274,0.11731518040388163,0.25491599600913517,-0.041644492089611504,2.4730805203944475,0.31364281914368114,-0.03410224054922752,0.48026997795392595,-0.0584869970872874,0.5581147351210137,0.4871279810678758,0.4971005707226856,0.5352161055690587,0.3028112248733185,-0.0031410019587942706,0.6370708466741998,0.180566039201259,0.6667458760842869,0.5981011165487795,0.18198254509104242,0.5527330566979275,0.31290869886097605,0.04260918240433973,-0.06860214726700488,-0.3231384095782376,0.044586431722073896,-0.5512157876743705,0.6846514260028416,-0.03689861688618531,-0.08468466693945596,0.03748384416473966,-0.11691153095968183,0.177427118843252,-0.15609644121420183
0.058030798091821774,0.44103150274934366,0.43283170098219387,0.3446507724260335,0.1406091399557253,0.257716018884542,0.23098554642464392,0.2526660354113442,0.24011924461824205,0.25734742026116064,0.24865442148914807,0.22232005166247504,0.2610011428209859,0.18874672976223483,0.14185914353493395,0.26069990303411655,0.29728327193016046,0.3298838890609283,0.17549959667236062,0.4578094326861785,0.355238111768939,0.36158998755794075,0.07203335699778335,0.22263735297339773,0.17855952410326276,0.27060011570442966,0.3150835904001312,0.3308918321415973,0.2278076477187525,0.31364281914368114,0.8544574414802408,0.24573505724273256,0.3256836082302369,0.33278811819279486,0.3243726327563818,0.5202691470344374,0.713377203060967,0.5960892071301934,0.43098452297277356,0.13049353600117303,0.5508210258423399,0.33923644773501294,0.3008176648357472,0.26263599459044895,0.21420322657371055,0.6000555851109147,0.5379096814507606,-0.023664288411749855,0.17756230197052694,0.1903861398749024,-0.12028052668467552,-0.02528794021684015,0.049176243873876944,-0.18196441714073247,-0.005692327518221578,0.02266552130853204,-0.02401095906670957,0.009077646025006535,-0.17994267249367982
0.05509570721354306,0.10550401342962303,0.29572509929787577,0.35400748415153077,0.21528001245452075,0.3241274360360035,0.14313934349286855,0.26495887226303655,0.22672791415248028,0.18621350989706845,0.2309056849482319,0.2881611910500072,0.24966425600142567,0.35142442342862745,0.12529983875879175,0.283558671223359,0.24248580597419744,0.2277064430870851,0.08692042237755755,0.24794580319565396,0.2595903488475746,0.4132107469994179,0.11700737758002958,0.2775339530927148,0.1949581575006301,0.46628029071670746,0.2585357277447056,0.201458716937897,0.21770418329610153,-0.03410224054922752,0.24573505724273256,0.6969363882835883,0.08319626879869794,0.2637545769279854,0.14318333810292838,0.2167805695517484,0.20348779151398386,0.34398995277038186,0.1197552583581312,0.1362930010065728,0.1790735871157705,0.28454962796649325,0.16492945275712864,0.1273390390891679,0.13044778043860222,0.33500310406350153,0.4471971264574414,-0.06220341383182988,0.47490188266938904,0.03478014028988021,-0.02871526819162576,0.17475873161070438,-0.21988126061297444,-0.0043188140041940624,-0.013306448684347527,-0.02679811279960636,0.3288817754723506,-0.04793296423462274,-0.33869705307671005
0.04805292916047611,0.5132358770576627,0.3414375749619246,0.29249510783382676,0.1465226342040622,0.1589956901072221,0.2388225531814314,0.14342542156657345,0.18829714303944464,0.19156547843744137,0.18717441437541002,0.1066255587646252,0.22206473722254186,0.10391910453726314,0.1837262068269206,0.14872006478704738,0.265736309410562,0.21894759430778848,0.2612189939959675,0.17061988913238293,0.30579275173569465,0.42104070277607275,0.16897662798740223,0.4019333933600722,0.15542918124447336,0.04836192985792063,0.27361255216690566,0.47096536627227775,0.09540235034939754,0.48026997795392595,0.3256836082302369,0.08319626879869794,1.2495716635570726,0.027244019940912367,-0.15238727276731043,0.2982815453793667,0.8349726080491386,0.5889644544180702,-0.13936416813494415,0.01933912154594625,0.13392216218838315,0.290882803487183,0.30533804837601675,0.41851703156443615,0.14424210055122452,0.4435733608753545,0.40691025363690236,-0.12155860796966185,-0.1673146274680375,0.14132740539158772,-0.047414600309892856,0.03301944522875803,0.010208812521638895,-0.07872281604373245,0.014931821315894623,-0.034272482184356357,-0.2539007366745199,-0.0019171701660673191,0.1496840020014122
0.0038854279185507605,0.2994451507697844,0.5443694411136525,0.48332327112204765,0.3835711550700584,0.4846266278784393,0.31527796000629826,0.42626695878522697,0.2932997359838509,0.3300548498476499,0.32622317090084296,0.26816732287560446,0.3907622731967881,0.21828438031824934,0.23093252216830965,0.3435561698154276,0.3424349428810856,0.43450625758641787,0.10106939312993075,0.47706927398966614,0.3232157547572608,0.37102904362436556,0.3370355477189501,0.19866769470913886,0.43922474962888475,0.531500716121658,0.2872172756484649,0.27218768501887486,0.6134328503907142,-0.0584869970872874,0.33278811819279486,0.2637545769279854,0.027244019940912367,1.7584221651291012,0.5977319133024931,0.21868392386753438,0.3309576591465869,0.4249836508279129,0.7560269741890744,-0.04123920577296541,0.23521257668549014,0.35354411573874095,0.35676502714274394,0.43167268374700185,-0.3926594954630587,0.3197823540447616,0.6621571278656485,0.007567226151234768,0.71659851306328,-0.0014734223639254523,-0.040871474118482576,0.048154214411214064,-0.057938879222773756,-0.09779568749012398,-0.15643100050398576,-0.02406952666483673,-0.25310724403627377,0.161979616074725,0.14879627150973626
