0.8556429246496092,0.39125261445428955,0.41311290968211073,0.014146232131434573,0.15007061551466952,0.16365933943745636,0.23215155535341775,0.08493489822006198,0.1691793658126341,0.14927844769152637,0.14677489045850955,0.19374558241195974,0.13599296187346274,0.16819688133756028,0.1564128025249839,0.12672513270795763,0.10259391960388003,0.15137961226747948,0.08763281614072001,0.0734070400852303,0.1969562179073217,0.14118999649234995,0.07856092701689209,0.057986186144958006,0.1299039096842417,0.1657979496354798,0.11327558959271988,0.08827421949942402,0.21093638959915376,0.08578497225343928,0.0992843817568728,0.1468215256324508,0.013898680800338134,0.011270703008699399,0.1439620826785596,0.22678571606245027,0.04012936585678965,0.06181769197530938,0.1047002511067067,0.08068276901229612,0.10928977466766564,0.09972949160831794,0.041554519627557865,0.01432444731301222,0.11736532482835042,0.11274379323633324,0.11741159086779464,-0.028911009940692258,-0.21001198379019742
0.39125261445428955,3.2781667132252634,0.45134688817517865,-0.15536983840207338,0.35546236121773295,0.3818168052736366,0.32042383516689255,0.3057319676350633,0.35262416752291237,0.27710656044361104,0.3401618021258856,0.2736555292469833,0.29196150556822015,0.1372427641297123,0.4503661609720719,0.10269935800977088,0.19370853790261705,0.3068222462178544,-0.12324301653076741,0.13121137352888304,0.5625950807526509,0.17889008407921442,-0.28459964636873314,-0.012707208242267827,0.08937968993002145,0.31523962045503834,0.23073939677391847,0.22113510058518399,0.20852348093444206,0.021248551436993435,0.23093912552795368,0.16674274934705743,-0.038936175707883276,0.22358483039256435,0.3775907363043336,0.1678514645411227,0.17460024589862297,0.08437147169520175,0.16709694525106022,0.12504218480653023,0.1119974093354601,0.16102912612961476,0.01523068824719659,0.000919998879583721,0.2484460224369951,0.10129787054759694,0.1590179785655702,-0.012935945411421061,-0.03581321414780902
0.41311290968211073,0.45134688817517865,2.6105988571501304,0.3325404927374827,0.1483545746397481,0.6586953997176664,0.2555335483937903,0.6953944521460182,0.5116206974295082,0.476229218762115,0.46503379502861947,0.26611292640666784,0.4405016556430122,0.2977980137492942,0.5034817234898369,0.21287662738665586,0.3698948784279908,0.3981893117318854,0.33031885402480055,0.5453419179256037,0.2726956075996612,0.366227457721528,0.3095345297327312,0.3351633853427037,0.3805051117257603,0.6820993696804588,0.31728446477792854,0.31698929555451627,0.8274843580752816,0.024699716085411928,0.2844116147884671,0.3342657832593676,0.1487129389526574,0.7433274215785187,0.4697109967782034,0.6775784427200612,0.5767287537587974,0.3505899159841681,0.07509535613344842,0.08496855185538914,0.30265584675709245,0.33198626155959043,0.25363458513413284,0.02924880302799103,0.8482206381581952,0.5074838957835105,0.2488109001986667,-0.11617698102222267,-0.5146203475534683
0.014146232131434573,-0.15536983840207338,0.3325404927374827,2.1088433606320853,0.46179746533292815,0.49940409660827434,0.4639963634160045,0.4895044168124213,0.2905763320278831,0.42041024463079246,0.43632263394458404,0.5543800034728454,0.43584068719130775,0.5411257763940477,0.3197191720545632,0.5425873641444999,0.3945720975482519,0.40464217584430856,0.15587172336096167,0.4012381672297929,0.24736729703241592,0.413149816178564,0.5219712362099153,0.4747220270269521,0.40930465673863803,0.4998488127424161,0.39107608489406676,0.140055411328821,0.5848608723723481,0.23078749189813644,0.28113073398303023,0.5202800662130739,0.33647979868827416,0.6462831959485196,-0.07096172470894001,0.537687015574641,0.28826169557644177,0.24758510998948705,0.2457193712376473,0.15655485504569203,0.38441623215948306,0.34960867277019925,0.3937623783996422,0.11590019616647312,0.34138153075701677,0.30023681745198516,0.36979766686384136,-0.06780933606874055,0.11674250390590916
0.15007061551466952,0.35546236121773295,0.1483545746397481,0.46179746533292815,1.4787820810980723,0.8724044395082597,0.2999412030963162,0.6866699089780571,0.3752744902422657,0.450857493667056,0.5202805981318214,0.4824308546100236,0.4958125492667644,0.34449742383894155,0.4399263609010654,0.4171263702062586,0.36275193215727186,0.42713955846060586,0.30090094365825476,0.4312328467898173,0.17002140983870181,0.3496881145288955,0.38701989965439537,0.3271073104767627,0.4088977326950325,0.649073554374605,0.3759737717407161,0.12022790595207158,0.5852577980051817,0.08072568069673214,0.30277891536318385,0.39416517630161074,0.17866457496705682,0.6739671043211658,0.08046187023463719,0.42937844330645225,0.4068446914918634,0.2429152390754141,0.16522984123870318,0.15972469818566692,0.3080512642006191,0.3895651775225423,0.2652328396113056,0.0459401732459365,0.35724784297720885,0.2967484393515357,0.28795191583476637,-0.05891495397325977,0.27142669016822846
0.16365933943745636,0.3818168052736366,0.6586953997176664,0.49940409660827434,0.8724044395082597,1.1328390902888008,0.23473810374536477,0.7838832713685651,0.4480401460021239,0.4626842638544562,0.5799792898975594,0.4596021871537174,0.5285036529478095,0.3670540832821164,0.4960912243776307,0.3891226117300649,0.4336859123356951,0.43699575801207685,0.32695624275228713,0.4918980894386752,0.2421546441140065,0.387427786949374,0.3523489181163307,0.3444438458142677,0.4496412602265392,0.7206765351789778,0.40039137426066707,0.21723133854605858,0.6903626109673191,0.10628479711878436,0.32715215812305015,0.4135937223530904,0.13782187718222846,0.7446339431044752,0.314030300974796,0.49821823500455054,0.46156763154584496,0.2840152813403245,0.1840888584919764,0.19219779300649245,0.32845694374979867,0.40426699927925314,0.3210601612644749,0.050886265096094924,0.5633145928169752,0.3438531736574773,0.2905829443817776,-0.06898167194587994,0.13290626713004572
0.23215155535341775,0.32042383516689255,0.2555335483937903,0.4639963634160045,0.2999412030963162,0.23473810374536477,0.6822374521217117,0.2049048198039358,0.26872628765362827,0.21992678948616487,0.2927808563595303,0.43789556885328945,0.285039138581524,0.24215237610664828,0.14846004434768725,0.2857247559501839,0.262941057791399,0.24837979308891886,0.08665079600290282,0.17425829812586016,0.21526394619587416,0.2744289278560914,0.2574258298714996,0.20753148625376427,0.24892784651920913,0.3087945451829462,0.25043284744391875,0.12720223747455858,0.3453005523661825,0.11505396591989488,0.1598583113420941,0.26512380117486645,0.07544486717392747,0.360681693778237,0.18552721236084785,0.31326837907756466,0.13617325423613838,0.10734555851589364,0.17756653540951425,0.1339667805591632,0.15384526282494246,0.20439430912266887,0.1700239617089884,0.051103125605519224,0.23890009773327525,0.15210739217120417,0.18928266220344436,-0.03791185809562743,0.010442145582759346
0.08493489822006198,0.3057319676350633,0.6953944521460182,0.4895044168124213,0.6866699089780571,0.7838832713685651,0.2049048198039358,1.2342136146698932,0.33009885758529944,0.5045855221505069,0.5645195702809459,0.1370205756830466,0.573250131916901,0.3029218800624273,0.4463808097836512,0.33255817541296795,0.42439125277996836,0.4152188668846111,0.2657045056467598,0.48723004819307725,0.1297195273542758,0.35404038296016305,0.34226095800875533,0.33149262185053563,0.43593707058385894,0.770349816721029,0.36537700112082666,0.2478992978539141,0.7046275963205825,0.21478102635327082,0.2964455449946442,0.34768450894225333,0.08889882850661009,0.7306925044646023,0.4303065563617713,0.5266913056137779,0.5240600998034305,0.2729891761937921,0.15033642958291132,0.1948657278219813,0.39361878522010874,0.375885080721221,0.35334220369180563,0.046901642155960675,0.5995031716121316,0.3597322768138214,0.3381730918006073,-0.07255478393782551,0.12057353417019849
0.1691793658126341,0.35262416752291237,0.5116206974295082,0.2905763320278831,0.3752744902422657,0.4480401460021239,0.26872628765362827,0.33009885758529944,0.7116812940509173,0.2462116198500893,0.3582040779402988,0.28198014487612655,0.344922242543919,0.30005065258126773,0.246599885753842,0.2615120008604654,0.32038717672646433,0.3012207747122135,0.143081877714282,0.22407789207421033,0.29123996839071253,0.395151224755182,0.30290021859074145,0.2724036851332428,0.23470601815786274,0.5305562452142275,0.2600771348667631,0.20111056204514258,0.44823680953436673,0.15140493062141833,0.21956601452129487,0.31913316639325506,0.14220545117285838,0.4125468150641962,0.2513168163260293,0.4305636930852287,0.23005342073525392,0.14793646948607056,0.16484407638279497,0.16249241137365364,0.2654749849356936,0.2738864598830581,0.20405340320427523,0.048798071308123796,0.2824337284855092,0.2610958670354878,0.2509835265136158,-0.055704007318662326,-0.01605499986279838
0.14927844769152637,0.27710656044361104,0.476229218762115,0.42041024463079246,0.450857493667056,0.4626842638544562,0.21992678948616487,0.5045855221505069,0.2462116198500893,1.040608616356761,0.38226762723646335,0.4068745179555822,0.3785299663590506,0.3056515775547348,0.44319515942500903,0.3264966633724437,0.3892913368330269,0.3773625747095483,0.30485763958963374,0.4783805337255184,0.2302922956103202,0.25571861642708865,0.27069217557831365,0.31270512988873195,0.3914543156561113,0.45520293174686,0.36422560515164565,0.25998546347103174,0.5493214284343384,0.3048431254454986,0.3137966484928595,0.3197327110658032,0.14119044511532153,0.6361484337316273,0.3599103583726292,0.48771291846264075,0.5012128020093864,0.2569314151710284,0.201671901321059,0.2067622772244566,0.3953760482087577,0.3076969466592372,0.3670758608408652,0.053044112214325284,0.5482876724204093,0.29859845016802994,0.4111454298688437,-0.05707425459475044,0.053468158012353176
0.14677489045850955,0.3401618021258856,0.46503379502861947,0.43632263394458404,0.5202805981318214,0.5799792898975594,0.2927808563595303,0.5645195702809459,0.3582040779402988,0.38226762723646335,0.7564005341047721,0.3738169688642601,0.49382745136746936,0.29252094980269977,0.4499716760082243,0.35795519372739165,0.45004308949814564,0.35544745296761293,0.19186720371502883,0.4032201552752947,0.22926084827510212,0.34157395189317463,0.31106105085311253,0.3171417225429968,0.3622527632454954,0.5887938649450843,0.3689013364176078,0.2611517489746089,0.5784927960533991,0.2076357161577269,0.29744275672872084,0.3369917732678865,0.13335423761090637,0.5394890015871999,0.3779680081443735,0.5034494933844331,0.37724902896020857,0.2255448822477085,0.21770574271995594,0.21814577081018183,0.3044126032143674,0.3717572949383325,0.2704141721363644,0.046222708924922196,0.44938242801911515,0.2999706926148536,0.3152078157107522,-0.06497504625005178,0.03287112542967837
0.19374558241195974,0.2736555292469833,0.26611292640666784,0.5543800034728454,0.4824308546100236,0.4596021871537174,0.43789556885328945,0.1370205756830466,0.28198014487612655,0.4068745179555822,0.3738169688642601,0.9171248591191554,0.3146002834788046,0.33834122246521436,0.2846834262390441,0.37516123921369704,0.36384727503348685,0.3595645754893304,0.2597359301010885,0.2930823509441806,0.297072335903917,0.30025150878714146,0.31488913666946544,0.2700375845389696,0.35780407566633166,0.35570258154084855,0.37401393212142414,0.1587879348888399,0.4258541563113806,0.117210146568611,0.2430355626477263,0.35996168342424384,0.10164981959687121,0.483642219008538,0.2430908140811846,0.37832613801939563,0.18153382226587597,0.16715736711817086,0.25822321280167493,0.19615413764662207,0.1543211916485818,0.27789494112822244,0.25471933797761415,0.06237185540774567,0.36576450624146734,0.17193055766989226,0.2776971619378036,-0.04286510583532511,-0.04847997540313755
0.13599296187346274,0.29196150556822015,0.4405016556430122,0.43584068719130775,0.4958125492667644,0.5285036529478095,0.285039138581524,0.573250131916901,0.344922242543919,0.3785299663590506,0.49382745136746936,0.3146002834788046,0.7781435043887778,0.3294261905754762,0.302438341635595,0.39793565124193714,0.3917219962938952,0.3245687789760475,0.30785246340716643,0.33973678898631954,0.19146164301702617,0.4462604723517264,0.31661002567379,0.33903900461409797,0.3603589359188234,0.5832342453818815,0.387252083784835,0.2523191984026664,0.6355621608195656,0.2448085470057329,0.2677005441279389,0.37507958174423245,0.09414042888288594,0.5597730684143162,0.4091374443226078,0.5346850106312611,0.3425277634643719,0.20629002977481442,0.17598000311703146,0.20481561624141634,0.34368158968414503,0.34061824144647634,0.2814354171276558,0.04536626366556741,0.4292357812048536,0.31398132953270713,0.31634468373018726,-0.06951734665914108,0.0422776116279427
0.16819688133756028,0.1372427641297123,0.2977980137492942,0.5411257763940477,0.34449742383894155,0.3670540832821164,0.24215237610664828,0.3029218800624273,0.30005065258126773,0.3056515775547348,0.29252094980269977,0.33834122246521436,0.3294261905754762,0.6662302860376021,0.28553438103889384,0.45577913492789013,0.3028532595700716,0.28125272835800685,0.20988427619695993,0.29039357675301936,0.2760585266337676,0.3632994032682745,0.351158588959834,0.3864444457211897,0.31796281802028104,0.4405289744450418,0.2931647401204278,0.22033379471784886,0.4682674258043707,0.28575250597963825,0.2509576512286949,0.5275248308730772,0.19249444008477468,0.4208488799695703,0.24628669721956803,0.5281032345506281,0.1633460569895561,0.18438936381912888,0.18656352380744362,0.19619710106912341,0.38836390673630544,0.300881327343925,0.2872338850419285,0.06425969319607493,0.24822073970098688,0.27481548062167305,0.33002717374858387,-0.06103992222597392,0.004107196939638163
0.1564128025249839,0.4503661609720719,0.5034817234898369,0.3197191720545632,0.4399263609010654,0.4960912243776307,0.14846004434768725,0.4463808097836512,0.246599885753842,0.44319515942500903,0.4499716760082243,0.2846834262390441,0.302438341635595,0.28553438103889384,1.0426096080033205,0.32378613626567215,0.3348905503545677,0.3399918692044231,0.25363485658767404,0.41037080605074505,0.2067743823434148,0.18082291563838587,0.38429045712727344,0.33228304415112286,0.3882305207294792,0.46697365131278906,0.3051784768887112,0.24625301302480465,0.5638172140919223,0.2741679281785146,0.2618988433815516,0.2925014498816976,0.1926870808499289,0.5033276249299721,0.30365499134762586,0.5028252114623533,0.429994689090128,0.22640730269320736,0.14134064794612963,0.19445331857910556,0.3311346233330432,0.3476718254364206,0.27175580503587893,0.04928739422835625,0.38122455367504104,0.3330823563702098,0.3355880001418033,-0.06868166675234909,0.05063338084469341
0.12672513270795763,0.10269935800977088,0.21287662738665586,0.5425873641444999,0.4171263702062586,0.3891226117300649,0.2857247559501839,0.33255817541296795,0.2615120008604654,0.3264966633724437,0.35795519372739165,0.37516123921369704,0.39793565124193714,0.45577913492789013,0.32378613626567215,0.8779872149728775,0.3987406543395724,0.3377475286409925,0.22967862663087216,0.19885047075026852,0.24270208826483836,0.45835756628383456,0.3989229546409145,0.37658901164288355,0.35406725376576054,0.3829603855108431,0.3612894070660389,0.2891852178841616,0.561676955917263,0.35985048008837534,0.24871700513065048,0.4437227447348842,0.07940305801060386,0.4842838871649131,0.5029465640899651,0.5445916849846337,0.24424073829028564,0.14059427832922614,0.2361141516360572,0.2533977141526038,0.3246553032511413,0.3703626078772876,0.296075564382454,0.08677837778129446,0.2927195368234554,0.27873115054743963,0.389608083417479,-0.06586649740977683,0.019034405061213986
0.10259391960388003,0.19370853790261705,0.3698948784279908,0.3945720975482519,0.36275193215727186,0.4336859123356951,0.262941057791399,0.42439125277996836,0.32038717672646433,0.3892913368330269,0.45004308949814564,0.36384727503348685,0.3917219962938952,0.3028532595700716,0.3348905503545677,0.3987406543395724,1.044750630288299,0.13265538659605122,0.08387051842002362,0.48316178112609015,0.3666320031139354,0.36077666157374266,0.1404894621713535,0.34904515295621125,0.40522454763620475,0.21331059516612022,0.37610133062401335,0.44503817126147843,0.4550554044594609,0.37859790540609295,0.3215505075335408,0.3132153559380357,0.26684844922662265,0.4676054125426957,0.4788171909068848,0.4954156915236614,0.5128436645579171,0.26123638302828284,0.46061883777684665,0.28101554595097833,0.24908939395430718,0.492985109098279,0.29559007290329514,0.07034776944744542,0.5801457175394731,0.25643732995632185,0.3405974831930939,-0.05517467868470942,0.04199329171633042
0.15137961226747948,0.3068222462178544,0.3981893117318854,0.40464217584430856,0.42713955846060586,0.43699575801207685,0.24837979308891886,0.4152188668846111,0.3012207747122135,0.3773625747095483,0.35544745296761293,0.3595645754893304,0.3245687789760475,0.28125272835800685,0.3399918692044231,0.3377475286409925,0.13265538659605122,1.0848249903705411,0.19360381242481342,0.10788222943249601,0.31071400876084926,0.40858454244063974,0.6696263190187757,0.30934879371684165,0.3624690431507351,0.5964829936373209,0.24852801469302885,0.1984595735289889,0.5252788578504638,0.12858713858154122,0.37021000938371,0.30691310599579014,0.2140679791359265,0.5516348636529836,0.2591990822996107,0.5301095803930936,0.311734315848758,0.11723289391822125,0.10348520067484111,0.2299091197034021,0.4163515993212651,0.16420804880070247,0.441550657770829,0.05665604605862082,0.3323425200972927,0.2900321392834977,0.5694917811542721,-0.061009244224166564,-0.188627623923097
0.08763281614072001,-0.12324301653076741,0.33031885402480055,0.15587172336096167,0.30090094365825476,0.32695624275228713,0.08665079600290282,0.2657045056467598,0.143081877714282,0.30485763958963374,0.19186720371502883,0.2597359301010885,0.30785246340716643,0.20988427619695993,0.25363485658767404,0.22967862663087216,0.08387051842002362,0.19360381242481342,1.9484421029978234,0.39466776485621524,0.0395868756558625,0.1984927687839164,0.1897443647151115,0.19076687420888538,0.27428767755198535,0.12635634325117104,0.20621929165870517,0.08466349995976596,0.3610385282324187,0.06201043032752074,0.16130003450987115,0.17434981370820682,0.12951744997169357,0.38597165470688694,0.09802199390967987,0.2562538141078928,0.34072739847106065,0.22124920986591534,0.09953904744557775,0.10087614194662563,0.2153732734293945,0.1340081088310187,0.23829285967645097,-0.009831269481685723,0.41125103666092455,0.16388428183641757,0.15367250106938313,-0.0285589476952699,0.07157813087295191
0.0734070400852303,0.13121137352888304,0.5453419179256037,0.4012381672297929,0.4312328467898173,0.4918980894386752,0.17425829812586016,0.48723004819307725,0.22407789207421033,0.4783805337255184,0.4032201552752947,0.2930823509441806,0.33973678898631954,0.29039357675301936,0.41037080605074505,0.19885047075026852,0.48316178112609015,0.10788222943249601,0.39466776485621524,2.250916522640838,0.16530093452023048,0.0373991560452901,-0.006729097882511746,0.4074198769532633,0.23757690391991024,0.31007787743585263,0.6262333213491902,0.34756597848973525,0.5602053817594659,0.4516815987956508,0.5986765783695023,0.31963785776285925,0.4650283590019125,0.8077218972501593,0.0564160901890829,0.4210786182892989,1.1569492630334042,1.0720066655400826,0.515405033668271,0.4963867563703164,0.5473160732784867,0.47098546222139637,1.16087354922156,-0.0471842501225487,2.0895753698980912,0.14587753927995248,0.3668784195003701,-0.01700097927654763,-0.12701124730388785
0.1969562179073217,0.5625950807526509,0.2726956075996612,0.24736729703241592,0.17002140983870181,0.2421546441140065,0.21526394619587416,0.1297195273542758,0.29123996839071253,0.2302922956103202,0.22926084827510212,0.297072335903917,0.19146164301702617,0.2760585266337676,0.2067743823434148,0.24270208826483836,0.3666320031139354,0.31071400876084926,0.0395868756558625,0.16530093452023048,1.5525055704420405,0.38388556564540427,-0.05866291191735067,0.10687451984056309,0.1338318115579043,-0.09690287716189337,0.17831585253624557,0.24373332623684166,0.19750769219207354,0.31070748301488627,0.306213062611112,0.2836396552330569,0.059417545276340605,0.2066847893299575,0.3187855281320311,0.27391716036241787,0.10912328043311537,0.13092646625075538,0.5562315482378456,0.36587880244520155,0.28093689539080946,0.23759688422119893,0.13614242475523186,0.05376266089909515,0.34888022002159774,0.07779296034708218,0.37880134194941734,0.0027336667236622448,-0.16013220459916477
0.14118999649234995,0.17889008407921442,0.366227457721528,0.413149816178564,0.3496881145288955,0.387427786949374,0.2744289278560914,0.35404038296016305,0.395151224755182,0.25571861642708865,0.34157395189317463,0.30025150878714146,0.4462604723517264,0.3632994032682745,0.18082291563838587,0.45835756628383456,0.36077666157374266,0.40858454244063974,0.1984927687839164,0.0373991560452901,0.38388556564540427,0.9390988405388896,0.5256332336727115,0.33134173981888165,0.26990295663963704,0.3530302698110693,0.2814983882791334,0.18177877464062267,0.5639004631112542,0.25264300045262994,0.21991307527356857,0.42079555673669944,0.06470735334589749,0.47600608073390466,0.3240337144580374,0.5220218707725924,0.1002724545962762,0.0815461746354219,0.31182966881309787,0.2115554128950385,0.25875141265023743,0.29779477838508933,0.21300588579462512,0.08733808121663103,0.16303049586505508,0.2689840520234557,0.3651104471175334,-0.06371467880853611,-0.050867630695262525
0.07856092701689209,-0.28459964636873314,0.3095345297327312,0.5219712362099153,0.38701989965439537,0.3523489181163307,0.2574258298714996,0.34226095800875533,0.30290021859074145,0.27069217557831365,0.31106105085311253,0.31488913666946544,0.31661002567379,0.351158588959834,0.38429045712727344,0.3989229546409145,0.1404894621713535,0.6696263190187757,0.1897443647151115,-0.006729097882511746,-0.05866291191735067,0.5256332336727115,1.8349642314157284,0.5690571059724424,0.5232504385043568,0.4690533588398023,0.2587116745063814,-0.011701901277619841,0.9022884425187236,0.3863332234222603,-0.011559590967254969,0.3875902671039589,0.18664034918540945,0.5693377502864733,0.04391900817231179,0.8410983599369061,0.01320124978802916,0.03976955011359935,0.07854256171568252,0.2596485126846163,0.35523233048471126,0.23798266715617802,0.3801534051531427,0.12799179991285653,0.02845909411165633,0.4413717486890364,0.5402304257729409,-0.13001156401848019,-0.32075538603098946
0.057986186144958006,-0.012707208242267827,0.3351633853427037,0.4747220270269521,0.3271073104767627,0.3444438458142677,0.20753148625376427,0.33149262185053563,0.2724036851332428,0.31270512988873195,0.3171417225429968,0.2700375845389696,0.33903900461409797,0.3864444457211897,0.33228304415112286,0.37658901164288355,0.34904515295621125,0.30934879371684165,0.19076687420888538,0.4074198769532633,0.10687451984056309,0.33134173981888165,0.5690571059724424,0.9441590166651412,0.37926594455865154,0.21177395987086287,0.33343136443925336,0.4432241309884945,0.42046590285306634,0.5597214663705277,0.41294280666007505,0.44056177035804106,0.8109085654055068,0.444192443241147,0.21639850111996764,0.7317017555499352,0.4918515798630126,0.2485403111965706,0.29718408757839376,0.2379931801283119,0.5354533626169203,0.3648367939780486,0.38297256011625336,0.10839765733673476,0.18923547430793863,0.4253146426701408,0.4417797416420521,-0.08532558980131295,0.310117129476134
0.1299039096842417,0.08937968993002145,0.3805051117257603,0.40930465673863803,0.4088977326950325,0.4496412602265392,0.24892784651920913,0.43593707058385894,0.23470601815786274,0.3914543156561113,0.3622527632454954,0.35780407566633166,0.3603589359188234,0.31796281802028104,0.3882305207294792,0.35406725376576054,0.40522454763620475,0.3624690431507351,0.27428767755198535,0.23757690391991024,0.1338318115579043,0.26990295663963704,0.5232504385043568,0.37926594455865154,1.2922711996984282,0.4131211404822223,0.2996900718074025,0.26186227734416706,0.8875637035832591,0.42192625929521793,0.1661875262615074,0.3318043186076199,0.14926239410012626,0.7360654865930467,0.42422883901015584,0.5139163892679357,0.6655736969677924,0.17183077999437452,0.2844526336715602,0.18384900361859846,0.2807365008070613,0.3300286051691395,0.3118277324646709,0.09910912678315321,0.42778434766300466,0.42284432568284797,0.4296367515737593,-0.08743735773159132,0.36549808020936153
0.1657979496354798,0.31523962045503834,0.6820993696804588,0.4998488127424161,0.649073554374605,0.7206765351789778,0.3087945451829462,0.770349816721029,0.5305562452142275,0.45520293174686,0.5887938649450843,0.35570258154084855,0.5832342453818815,0.4405289744450418,0.46697365131278906,0.3829603855108431,0.21331059516612022,0.5964829936373209,0.12635634325117104,0.31007787743585263,-0.09690287716189337,0.3530302698110693,0.4690533588398023,0.21177395987086287,0.4131211404822223,2.728463236119615,0.40392249714915496,0.2097729560333685,1.0230524875487634,-0.20093305636829226,0.2073732085281723,0.487685934951118,-0.08310424783545442,0.7780416161980049,0.4984144996530139,0.770097982369543,0.18992711574772986,0.19331245652415455,-0.8062915144883489,0.11652678232002545,0.691609933623328,0.4400566608293341,0.4424183632698568,-0.009363251193874818,0.3704412019747513,0.5913458910093822,0.23517351552434437,-0.1348032373841914,-0.1446250527795092
0.11327558959271988,0.23073939677391847,0.31728446477792854,0.39107608489406676,0.3759737717407161,0.40039137426066707,0.25043284744391875,0.36537700112082666,0.2600771348667631,0.36422560515164565,0.3689013364176078,0.37401393212142414,0.387252083784835,0.2931647401204278,0.3051784768887112,0.3612894070660389,0.37610133062401335,0.24852801469302885,0.20621929165870517,0.6262333213491902,0.17831585253624557,0.2814983882791334,0.2587116745063814,0.33343136443925336,0.2996900718074025,0.40392249714915496,0.7752360146446019,0.2653202350443051,0.49904149422222177,0.3094031433645279,0.3143340335702882,0.35324140608541943,0.17141263193477646,0.5014092714532772,0.31369374382678533,0.5179145793125641,0.40626840126239244,0.3295009298479063,0.23691446328763746,0.2644314429990317,0.33243255379272596,0.33327567583645845,0.5056539245417565,0.031615294130178266,0.7527305574306034,0.21173724630655688,0.313643594356375,-0.052040590641748034,-0.15716349602869364
0.08827421949942402,0.22113510058518399,0.31698929555451627,0.140055411328821,0.12022790595207158,0.21723133854605858,0.12720223747455858,0.2478992978539141,0.20111056204514258,0.25998546347103174,0.2611517489746089,0.1587879348888399,0.2523191984026664,0.22033379471784886,0.24625301302480465,0.2891852178841616,0.44503817126147843,0.1984595735289889,0.08466349995976596,0.34756597848973525,0.24373332623684166,0.18177877464062267,-0.011701901277619841,0.4432241309884945,0.26186227734416706,0.2097729560333685,0.2653202350443051,1.1691478493860783,0.14103033522548272,0.39612598207885563,0.45366590553536607,0.21304301133082112,0.9164049456197555,0.2203064645834483,0.805763037144825,0.608794799256949,0.6166732664090365,0.19453363614539643,0.2788899569858729,0.3112452138847048,0.38928325061075797,0.3422043529844583,0.23299461889789422,0.12914306743426274,0.13092073336557988,0.38022091641027783,0.304543771525487,-0.06349598797596258,0.46729486082165717
0.21093638959915376,0.20852348093444206,0.8274843580752816,0.5848608723723481,0.5852577980051817,0.6903626109673191,0.3453005523661825,0.7046275963205825,0.44823680953436673,0.5493214284343384,0.5784927960533991,0.4258541563113806,0.6355621608195656,0.4682674258043707,0.5638172140919223,0.561676955917263,0.4550554044594609,0.5252788578504638,0.3610385282324187,0.5602053817594659,0.19750769219207354,0.5639004631112542,0.9022884425187236,0.42046590285306634,0.8875637035832591,1.0230524875487634,0.49904149422222177,0.14103033522548272,2.939000713396305,0.5032129102328917,0.02247318456960085,0.5358281342417788,-0.3293366619806046,1.0972419753263065,0.5292808417208466,1.2856542301883707,0.5590297355845023,0.2395033706354038,-0.026227368192166096,0.23704574907151846,0.18955811710798046,0.3859087882481842,0.19751991407292732,-0.05495357369913894,0.9189910617485864,0.765834458963321,0.6302967952738399,-0.25668457918326204,-0.3335054908720363
0.08578497225343928,0.021248551436993435,0.024699716085411928,0.23078749189813644,0.08072568069673214,0.10628479711878436,0.11505396591989488,0.21478102635327082,0.15140493062141833,0.3048431254454986,0.2076357161577269,0.117210146568611,0.2448085470057329,0.28575250597963825,0.2741679281785146,0.35985048008837534,0.37859790540609295,0.12858713858154122,0.06201043032752074,0.4516815987956508,0.31070748301488627,0.25264300045262994,0.3863332234222603,0.5597214663705277,0.42192625929521793,-0.20093305636829226,0.3094031433645279,0.39612598207885563,0.5032129102328917,2.4865760880221384,0.3681903855786706,0.2910399951253354,0.10727006615809452,-0.03723869623233224,0.5876666360694418,0.8151875618629137,0.6235368815972636,0.2870752637586285,0.7081552877176397,0.44490391677132113,1.1109084622587344,0.3931433642915038,0.9620370949714553,0.2050364869344236,0.48723644192833904,0.36299147673468024,1.1268737983164574,-0.047816069935009274,0.00947644472224545
0.0992843817568728,0.23093912552795368,0.2844116147884671,0.28113073398303023,0.30277891536318385,0.32715215812305015,0.1598583113420941,0.2964455449946442,0.21956601452129487,0.3137966484928595,0.29744275672872084,0.2430355626477263,0.2677005441279389,0.2509576512286949,0.2618988433815516,0.24871700513065048,0.3215505075335408,0.37021000938371,0.16130003450987115,0.5986765783695023,0.306213062611112,0.21991307527356857,-0.011559590967254969,0.41294280666007505,0.1661875262615074,0.2073732085281723,0.3143340335702882,0.45366590553536607,0.02247318456960085,0.3681903855786706,1.117266351370773,0.27377884454474527,0.5859302304720849,0.3678420082474534,0.2864814306823033,0.6161216219687253,0.6948046286926963,0.37679405132332855,0.35188707326572066,0.26627628962266464,0.6171073074837405,0.3236907231904756,0.4107085350768746,0.05818811414842313,0.5394170375647178,0.2908195832100233,0.37963016903880287,-0.03429781161283536,0.21613896994330195
0.1468215256324508,0.16674274934705743,0.3342657832593676,0.5202800662130739,0.39416517630161074,0.4135937223530904,0.26512380117486645,0.34768450894225333,0.31913316639325506,0.3197327110658032,0.3369917732678865,0.35996168342424384,0.37507958174423245,0.5275248308730772,0.2925014498816976,0.4437227447348842,0.3132153559380357,0.30691310599579014,0.17434981370820682,0.31963785776285925,0.2836396552330569,0.42079555673669944,0.3875902671039589,0.44056177035804106,0.3318043186076199,0.487685934951118,0.35324140608541943,0.21304301133082112,0.5358281342417788,0.2910399951253354,0.27377884454474527,0.7592257552184994,0.1731951424117689,0.49731735333261823,0.23998644489833232,0.6237487366340138,0.06548906518590264,0.201260020798968,0.20028414545874973,0.19247211546570928,0.426587578204232,0.3184696274899751,0.262057796828979,0.06283877384322532,0.22768572365701567,0.3000378778486458,0.33942073926442873,-0.07314221097008318,-0.007771943655133156
0.013898680800338134,-0.038936175707883276,0.1487129389526574,0.33647979868827416,0.17866457496705682,0.13782187718222846,0.07544486717392747,0.08889882850661009,0.14220545117285838,0.14119044511532153,0.13335423761090637,0.10164981959687121,0.09414042888288594,0.19249444008477468,0.1926870808499289,0.07940305801060386,0.26684844922662265,0.2140679791359265,0.12951744997169357,0.4650283590019125,0.059417545276340605,0.06470735334589749,0.18664034918540945,0.8109085654055068,0.14926239410012626,-0.08310424783545442,0.17141263193477646,0.9164049456197555,-0.3293366619806046,0.10727006615809452,0.5859302304720849,0.1731951424117689,2.9068020240786696,-0.08583301395289065,-0.5945237302944028,0.475675797794548,0.8714071107554602,0.2921878245133044,0.26764651413431373,0.10682951774806194,0.4479927966745932,0.3628324760467518,0.32017233728749755,0.11901564569425993,-0.5240600591628624,0.4894050600673553,0.1718454841732865,-0.06579719178244904,1.3794927857557966
0.011270703008699399,0.22358483039256435,0.7433274215785187,0.6462831959485196,0.6739671043211658,0.7446339431044752,0.360681693778237,0.7306925044646023,0.4125468150641962,0.6361484337316273,0.5394890015871999,0.483642219008538,0.5597730684143162,0.4208488799695703,0.5033276249299721,0.4842838871649131,0.4676054125426957,0.5516348636529836,0.38597165470688694,0.8077218972501593,0.2066847893299575,0.47600608073390466,0.5693377502864733,0.444192443241147,0.7360654865930467,0.7780416161980049,0.5014092714532772,0.2203064645834483,1.0972419753263065,-0.03723869623233224,0.3678420082474534,0.49731735333261823,-0.08583301395289065,2.5960992035888055,0.6205806964277654,0.33046671467449923,1.1037099818943374,0.38968700386200456,-0.029934116820539307,0.11894183934634263,0.39182144631424404,0.4163845320355474,0.6565383977704146,0.09252301675145498,1.2024905431124513,0.4408367961555708,0.40982651549529914,-0.06146129791469638,1.2435295877752
0.1439620826785596,0.3775907363043336,0.4697109967782034,-0.07096172470894001,0.08046187023463719,0.314030300974796,0.18552721236084785,0.4303065563617713,0.2513168163260293,0.3599103583726292,0.3779680081443735,0.2430908140811846,0.4091374443226078,0.24628669721956803,0.30365499134762586,0.5029465640899651,0.4788171909068848,0.2591990822996107,0.09802199390967987,0.0564160901890829,0.3187855281320311,0.3240337144580374,0.04391900817231179,0.21639850111996764,0.42422883901015584,0.4984144996530139,0.31369374382678533,0.805763037144825,0.5292808417208466,0.5876666360694418,0.2864814306823033,0.23998644489833232,-0.5945237302944028,0.6205806964277654,2.442013557077161,0.5233771068236983,0.3538831865961545,-0.010538529838277338,0.19939135508782915,0.5588282412692182,0.1754799837790599,0.34548175526447406,0.1670693012992319,0.12128393507615864,0.5352262276446493,0.26830837782035305,0.4196757079559319,-0.052552478271959975,0.0937484147317504
0.22678571606245027,0.1678514645411227,0.6775784427200612,0.537687015574641,0.42937844330645225,0.49821823500455054,0.31326837907756466,0.5266913056137779,0.4305636930852287,0.48771291846264075,0.5034494933844331,0.37832613801939563,0.5346850106312611,0.5281032345506281,0.5028252114623533,0.5445916849846337,0.4954156915236614,0.5301095803930936,0.2562538141078928,0.4210786182892989,0.27391716036241787,0.5220218707725924,0.8410983599369061,0.7317017555499352,0.5139163892679357,0.770097982369543,0.5179145793125641,0.608794799256949,1.2856542301883707,0.8151875618629137,0.6161216219687253,0.6237487366340138,0.475675797794548,0.33046671467449923,0.5233771068236983,3.3628996252269867,0.15468854138639365,0.3265258892676696,0.06792759957972694,0.40137206729951475,0.8974082174843865,0.5553873196106482,-0.09873876163206433,-0.09291079008063456,0.5432506805421046,1.1382257179906092,0.5625492102027212,-0.4366661119627983,-2.5363813407608955
0.04012936585678965,0.17460024589862297,0.5767287537587974,0.28826169557644177,0.4068446914918634,0.46156763154584496,0.13617325423613838,0.5240600998034305,0.23005342073525392,0.5012128020093864,0.37724902896020857,0.18153382226587597,0.3425277634643719,0.1633460569895561,0.429994689090128,0.24424073829028564,0.5128436645579171,0.311734315848758,0.34072739847106065,1.1569492630334042,0.10912328043311537,0.1002724545962762,0.01320124978802916,0.4918515798630126,0.6655736969677924,0.18992711574772986,0.40626840126239244,0.6166732664090365,0.5590297355845023,0.6235368815972636,0.6948046286926963,0.06548906518590264,0.8714071107554602,1.1037099818943374,0.3538831865961545,0.15468854138639365,4.520049449917424,0.7470196215477529,0.4309946055362544,0.1686351665711167,0.6843133873298176,0.5249231183800399,0.7729805420078757,-0.0296022168918263,2.2000903214288314,0.6559682977911251,0.62562109786353,0.006191778932803614,2.506806432011204
0.06181769197530938,0.08437147169520175,0.3505899159841681,0.24758510998948705,0.2429152390754141,0.2840152813403245,0.10734555851589364,0.2729891761937921,0.14793646948607056,0.2569314151710284,0.2255448822477085,0.16715736711817086,0.20629002977481442,0.18438936381912888,0.22640730269320736,0.14059427832922614,0.26123638302828284,0.11723289391822125,0.22124920986591534,1.0720066655400826,0.13092646625075538,0.0815461746354219,0.03976955011359935,0.2485403111965706,0.17183077999437452,0.19331245652415455,0.3295009298479063,0.19453363614539643,0.2395033706354038,0.2870752637586285,0.37679405132332855,0.201260020798968,0.2921878245133044,0.38968700386200456,-0.010538529838277338,0.3265258892676696,0.7470196215477529,0.9621400209825165,0.2168459158971734,0.2587659854750238,0.3844315440477831,0.27110670177074253,0.5936926103808388,-0.015436517260005571,1.2474878099828597,0.1393695350597203,0.25644995828433875,-0.026174670503986537,-0.3202459733315631
0.1047002511067067,0.16709694525106022,0.07509535613344842,0.2457193712376473,0.16522984123870318,0.1840888584919764,0.17756653540951425,0.15033642958291132,0.16484407638279497,0.201671901321059,0.21770574271995594,0.25822321280167493,0.17598000311703146,0.18656352380744362,0.14134064794612963,0.2361141516360572,0.46061883777684665,0.10348520067484111,0.09953904744557775,0.515405033668271,0.5562315482378456,0.31182966881309787,0.07854256171568252,0.29718408757839376,0.2844526336715602,-0.8062915144883489,0.23691446328763746,0.2788899569858729,-0.026227368192166096,0.7081552877176397,0.35188707326572066,0.20028414545874973,0.26764651413431373,-0.029934116820539307,0.19939135508782915,0.06792759957972694,0.4309946055362544,0.2168459158971734,2.5727516747569763,0.5078130412445028,0.03887030396609794,0.2268948981360939,0.377406271096639,0.20716723740605103,0.9148716057354281,-0.2897062030995602,0.39092717620481804,0.09870834451052107,0.5571703851670092
0.08068276901229612,0.12504218480653023,0.08496855185538914,0.15655485504569203,0.15972469818566692,0.19219779300649245,0.1339667805591632,0.1948657278219813,0.16249241137365364,0.2067622772244566,0.21814577081018183,0.19615413764662207,0.20481561624141634,0.19619710106912341,0.19445331857910556,0.2533977141526038,0.28101554595097833,0.2299091197034021,0.10087614194662563,0.4963867563703164,0.36587880244520155,0.2115554128950385,0.2596485126846163,0.2379931801283119,0.18384900361859846,0.11652678232002545,0.2644314429990317,0.3112452138847048,0.23704574907151846,0.44490391677132113,0.26627628962266464,0.19247211546570928,0.10682951774806194,0.11894183934634263,0.5588282412692182,0.40137206729951475,0.1686351665711167,0.2587659854750238,0.5078130412445028,1.1197918004757677,0.26446248870033856,0.23095824299930165,0.5942393328618536,-0.01746104304405506,0.6066597465317732,0.15197657947987256,0.3540719370080266,-0.021962351436609497,0.11024257847046447
0.10928977466766564,0.1119974093354601,0.30265584675709245,0.38441623215948306,0.3080512642006191,0.32845694374979867,0.15384526282494246,0.39361878522010874,0.2654749849356936,0.3953760482087577,0.3044126032143674,0.1543211916485818,0.34368158968414503,0.38836390673630544,0.3311346233330432,0.3246553032511413,0.24908939395430718,0.4163515993212651,0.2153732734293945,0.5473160732784867,0.28093689539080946,0.25875141265023743,0.35523233048471126,0.5354533626169203,0.2807365008070613,0.691609933623328,0.33243255379272596,0.38928325061075797,0.18955811710798046,1.1109084622587344,0.6171073074837405,0.426587578204232,0.4479927966745932,0.39182144631424404,0.1754799837790599,0.8974082174843865,0.6843133873298176,0.3844315440477831,0.03887030396609794,0.26446248870033856,3.8338480647770865,0.19903255609395815,0.6995661509918758,-0.09375787085850668,0.038921978606240054,0.9839214657018877,0.7787047459743854,0.004921459339186132,1.246035470035599
