0.5193751363326655,0.11989171548049743,0.27508446504323203,0.04146292827991967,0.10043894805004619,0.07013139844819091,0.1653463369461405,-0.005838316708828367,0.06202997882333602,0.09097676558558511,0.059960232161925,0.10411010767219761,0.024656252318531188,0.07611767518460344,0.08546570401108362,0.04058969881799841,0.019311804764593158,0.07718476509803869,0.06951431470051925,0.06507884444490349,0.05640357345678643,0.10446991386658659,0.05197855323006165,0.03406223975938221,0.06413291346779311,0.06823371853232878,0.052057340312774855,0.026549622035482688,0.038145563288574026,0.01890321714967833,0.05841403320046996,0.0542914923908827,0.025222567669253577,-0.05628302999651526,0.042023783526295655,0.0977606907563806,0.02773962625900828,0.04545629604529401,0.004712020071409368,0.013339573331797685,0.047746614462458904,0.051261249639146245,0.014005980198547511,0.02451286861943826,0.10451036496647917,0.10494553330484112,0.06360511132431923,-0.012681324179531975,0.08500218036875565,0.007748460563708713,-0.005514528857589575,-0.03319322154273263,0.0220464250093784,0.008186730318025614,-0.014168572606074422,-0.02682820081372278,0.0038021476039645473,0.02958398872155025,-0.03159284415535628
0.11989171548049743,1.7669413974834138,0.619501682941601,-0.002481695294653555,-0.015084386975770503,0.2504028936466323,0.0865499189889139,0.2542295078633502,0.08236786069655162,0.18784293950207012,0.13652709580269284,0.17669174970477358,0.04728965295523478,0.015775403860983736,0.20150919594031036,0.1209125682039111,0.11854865694021643,0.38117999744642167,0.08513679891569716,0.2947208273182676,0.23265880279956308,0.10300706905631789,0.05065897512052394,0.06325721017908117,0.1898428238630954,0.020954322998332272,0.22334976016194885,0.14810965621982397,0.16873162529306776,0.10848506862646172,0.2364857507127955,0.044019160923081335,0.015106244780916876,0.1529793202509156,0.19979217148224038,0.262531608655137,0.20588865372511814,0.16378193347535006,0.14445567331724987,0.10351508581091085,0.15956664449117716,0.19709424220357002,0.2833337059948306,0.023927058320606466,0.34320834288229773,0.29234737456474563,0.21105661434284215,-0.0223193885844102,-0.021127600072885885,-0.029560786540310136,0.03607174383661668,0.05235175842497439,-0.025581193291717683,-0.04066241926409939,-0.010835024060860999,-0.07166639035225178,-0.143439008874706,0.1954001010969175,-0.0010698076991196366
0.27508446504323203,0.619501682941601,1.7215151852747455,0.060979277332159604,-0.01925653935356962,0.4067148956794079,0.15602369843044295,0.4078043752155772,0.28073745188282717,0.4347800783257827,0.31426059087465535,0.32545672519034974,0.0814494850477046,0.1154563979140175,0.3524967091943376,0.07800831476422287,0.3520489353505802,0.2856225486710066,0.23949799088210474,0.3178755631254187,0.24910416250936337,0.20108397424130264,0.1776728146135205,0.18704309082809417,0.2902114831203152,0.18349176038434797,0.19858994899616444,0.17558647435267435,0.47563760901959606,-0.046424427271824865,0.19478900899885745,0.13739626867055615,0.12072153822382226,0.30305234290168825,0.19745164200125231,0.4747898740849192,0.3929081170322468,0.20506690632544344,0.053374616231723966,-0.020280189205683356,0.16877434073460662,0.23809990695661695,0.16438207715791028,0.06696243959152275,0.35570193266175426,0.5269958486978821,0.392380765813877,-0.04489181938246495,0.23216879151281072,-0.09186290159111705,0.031052436551705868,0.16675797630191005,0.08737614679431446,-0.18931342353741748,-0.005637293514684445,-0.07194253428868616,-0.09636006017876801,-0.22369641574753915,0.30740026961650085
0.04146292827991967,-0.002481695294653555,0.060979277332159604,0.6321446433683898,0.35875684130490465,0.21434634920129939,0.2645409788175518,0.09991656597038553,0.12606089451515567,0.020584391007540778,0.09096724208255443,0.13068868027240843,0.05163134682729356,0.14598599007399643,0.09035645444844635,0.1727298304694188,0.08787255630499632,0.04616418206388326,0.16234319166705957,0.13591544664543237,0.06972929472896774,0.07267939319351023,0.050575492650057854,0.08493269951228428,0.10551262725792421,0.10010421544358393,0.10572478551180468,0.02874547471669806,0.1644687015419984,0.10533550352927652,0.040101544317420565,0.1452871868907406,0.040616154872382286,0.2051323783356144,0.07319095544311116,0.08637015447386578,0.16356254413168467,0.08148973154962169,0.10357550119294974,0.006843966724862899,0.05617462148855702,0.07365011162068699,0.09118436173706158,0.0638605527861064,0.057324245255508326,0.06394953681329273,0.08981585729404797,-0.005393887935292911,-0.0128847548002861,0.11640206460488958,-0.1522150625737832,-0.06282040634525798,0.0430602474090053,0.03735332901025144,0.10200635312808078,0.13717871512021648,-0.18050965925351922,0.1704450418989274,-0.22964070101609343
0.10043894805004619,-0.015084386975770503,-0.01925653935356962,0.35875684130490465,0.8921234834544508,-0.007172179909220005,0.24721439165641954,0.06783491689046978,0.0947949838592139,0.017184393919661665,0.041113008215626926,0.10091800167247783,0.05069846163817372,0.11033387062066796,0.08210362021830668,0.1829800238031348,0.048354419431102476,0.05684489614783549,0.2574618895576654,0.09165834365747562,0.07455102035008297,0.08217313862493711,0.048422405199733454,0.08653133910586154,0.08445374647954959,0.063806687484039,0.07707422209020942,0.02633856901633607,0.07744795481392194,0.1389536064865629,0.08295053653581953,0.08775590641075286,0.023683728148312044,0.2488818391653799,0.12906709904049996,0.13441910006091742,0.3238981305998807,0.06183991809680455,0.1083886042859387,0.018867879410033407,0.14101575106837036,0.09843746594113013,0.021826977584877158,0.06365229814520151,0.041267800931588744,0.08027074688501454,0.11205765213020435,-0.004601119011208185,0.09358862504800813,0.1827761711964206,-0.12910360271667087,-0.2254248706042507,0.10742190889624066,0.03634007624460018,0.07638556909840123,0.028087052234014063,-0.15494298573524304,-0.11121369780914757,0.16309297491489472
0.07013139844819091,0.2504028936466323,0.4067148956794079,0.21434634920129939,-0.007172179909220005,1.0496182384540664,0.14367895048607168,0.2320803053598793,0.12342108505710035,0.01125296710153505,0.20554555695032964,0.15246397614894477,0.0701496020867532,0.12165561093739281,0.1380702334956617,0.20107976768256536,0.18492501738299422,0.11725078742111371,0.3039180583340348,0.23539942017467672,0.13743534294359627,0.194656989699933,0.07593701640964459,0.054013141732839005,0.18335839836619244,0.24695703535152358,0.1617392692574872,-0.02267492888733851,0.40971005381731296,0.023598023147605434,0.011972438713642921,0.13245695114658143,-0.12055855790259576,0.1974426724601115,0.11575584154470932,0.09392825650245176,0.04067639528643543,0.1211777260500828,0.2115526896734798,0.059896645608827626,-0.07007347861454258,0.12444345647701369,0.25932500230089695,0.07882778551494371,0.3043678625801779,0.07015841973858934,-0.021350068950063788,-0.014176066302033713,-0.5134704971612263,0.31611337684080626,-0.35678123484883134,-0.1595782757295585,0.06324244773546547,0.06030255140828362,-0.017467947045923044,0.010788199474319781,-0.17040875056184346,0.5834783670832104,-0.44004171118771773
0.1653463369461405,0.0865499189889139,0.15602369843044295,0.2645409788175518,0.24721439165641954,0.14367895048607168,0.6490855466437798,-0.0028461731047952363,0.20743296376591022,0.07115385254679704,0.09978922069020911,0.19983715403710292,0.04920249091807539,0.006290617616417268,0.04405817333298779,0.10299939792952875,0.013620721782935616,0.09217264601780296,0.12533988710056393,0.0825293499973573,0.05507187711686532,0.08467729278631651,0.031228718598414536,0.04822885908138152,0.0872222678176652,0.08111962877646754,0.08794956657016585,0.04268451544312787,0.09924414785743095,0.06146644305394376,0.059309775030220946,0.04813869210652987,-0.005705590772197951,0.19801570400763135,0.13091882693571236,0.1313452898808763,0.1698431895069308,0.05122852909377809,0.07315490955129264,-0.01144935971356893,0.03936151260620662,0.05440571137510251,0.06434503659278944,0.044702312809255455,0.07099152479635805,0.06511207316755274,-0.02209661322771925,-0.005341058355454364,-0.3492546052996426,0.038325237867358565,-0.11672732579433334,0.004697496101171854,0.06427642609535163,-0.0026891377220087157,0.2186690693280164,0.015318493854193687,-0.08086321487817599,0.09366207267827487,-0.2857472708343901
-0.005838316708828367,0.2542295078633502,0.4078043752155772,0.09991656597038553,0.06783491689046978,0.2320803053598793,-0.0028461731047952363,0.9059065822809143,0.04411317285317318,0.11502748527999368,0.2167614677239983,0.14441784754057926,0.05667035993472202,0.15636237581622392,0.15430247128499633,0.17672347840270464,0.4512600980376871,0.13837563739883046,0.10743246931367094,0.2959006484279068,0.13622997134904538,0.11787978049790135,0.07894742287926021,0.09533064451152042,0.24994170615478453,0.12179929275293794,0.15015552421894007,-0.01294175735119138,0.27933146750350735,0.08020836039581847,0.10212915607820627,0.09011525443879378,0.07958049278212259,0.211019970968877,0.01015147492326114,0.14245465842152244,0.18739687536877828,0.15264677862147397,0.1714665897228704,0.06869485695954039,0.06402231667720511,0.1181404205550885,0.3008682443861426,0.023381631373084126,0.16039400685084873,0.24781638797327818,0.30976887590026897,-0.014491448743469698,0.38225114858590614,0.051577026030022365,-0.011202354304906702,-0.07776089646602326,0.19877204659568545,-0.1657109575490516,-0.09349805476020667,0.007174840790404307,-0.14692870368022468,0.5056331600775185,-0.25075833287666666
0.06202997882333602,0.08236786069655162,0.28073745188282717,0.12606089451515567,0.0947949838592139,0.12342108505710035,0.20743296376591022,0.04411317285317318,0.7884521544171375,0.09806929767399092,0.09143540739195974,0.10992063155472272,0.03054589372734231,0.14652836062439747,0.02326387446001857,0.13474041949301266,0.1443450509266626,0.07188151920278513,0.10090600907949855,0.13866791507693058,0.10747958579927608,0.019614918753842525,0.022781424675500823,0.14796475516609858,0.051381070641087524,0.11517490446165748,0.10784152804620534,0.11880073597652673,0.12702247413606235,0.15664117106779685,0.13908490947567043,0.1480469996450664,0.18780105681134576,0.04335896493103684,0.08788742540698284,0.16623355168560988,0.2442216040150623,0.10752680638261222,-0.07755306956719608,-0.013448594340729142,0.08657885110155511,0.09881530463681508,0.09690438212710334,0.02332316469497293,0.15805867058093817,0.17437838794705188,0.23626072929761852,-0.010488566866586037,0.6263409672430941,-0.2043492016581265,0.0043437833457605,0.15032689248139744,0.08921786963127719,-0.03177616626654486,0.0017427402072329003,0.08990653348434297,-0.09130839456937345,-0.23436725944216455,0.20840473715129246
0.09097676558558511,0.18784293950207012,0.4347800783257827,0.020584391007540778,0.017184393919661665,0.01125296710153505,0.07115385254679704,0.11502748527999368,0.09806929767399092,0.5716608184213687,0.0790090268698596,0.11275856861426561,0.03495718643365844,0.055999237413197754,0.2163398051628724,0.03425015629692292,0.12434261262480589,0.18499598381127993,0.03419362320324348,0.03151980386465379,0.07755281397272501,0.04531278233882667,0.13360869762052238,0.08901766406775859,0.12359978426708398,0.020240536454071412,0.09830524021890372,0.09634658209233087,0.18201338313670476,0.055834406303072424,0.11170743487884771,0.06848611592301401,0.017599897006100946,0.2555366535183785,0.17598464041408976,0.2565890100742397,0.2771264664907312,0.04349928701784278,0.03408748104812897,0.020485020562460387,0.1790095494564069,0.0783288038916592,0.007631750857531411,0.044466849984423455,0.028770875681886982,0.25649915354848507,0.28548283300055566,-0.0180581998385866,0.37389851080214276,-0.11463626269155737,0.0801483898605146,0.035668421206002054,0.05952335009694377,-0.08145910048606832,0.001659974806285114,-0.019047374913860854,0.02328815166528993,-0.36682095451752234,0.33525776603069174
0.059960232161925,0.13652709580269284,0.31426059087465535,0.09096724208255443,0.041113008215626926,0.20554555695032964,0.09978922069020911,0.2167614677239983,0.09143540739195974,0.0790090268698596,0.3175170650870302,0.1601571148184811,0.07221705333462929,0.11435428415110199,0.1661471764095236,0.1264811764942849,0.26602805464634516,0.07940718605713229,0.0814729143211638,0.2426582830259611,0.13394623142623566,0.07173796546439574,0.06668287657627921,0.10330212264873088,0.13694110065414877,0.11885082728852868,0.13355623717967902,0.045995646748640005,0.20822490646034017,0.020415329264713834,0.07390467468915454,0.1115165573390755,0.10837787256500563,0.1231363990127884,0.018972140573922016,0.1328139771469397,0.12390713892442472,0.13035938008092735,0.0692118002679271,0.039795890966651905,0.0677132606410549,0.12481949594080047,0.1588600671289519,0.01951689738964299,0.11616374108048422,0.1810972526914207,0.214974328174321,-0.012416422458154329,0.2918143236115883,0.017003211229767022,-0.040350541591596914,0.0032489628040617492,0.061078147520858515,-0.04175500692107244,-0.056938573015627464,0.029798695470738414,-0.0961031806161532,0.19364028408482303,-0.08672352124711658
0.10411010767219761,0.17669174970477358,0.32545672519034974,0.13068868027240843,0.10091800167247783,0.15246397614894477,0.19983715403710292,0.14441784754057926,0.10992063155472272,0.11275856861426561,0.1601571148184811,0.5723544408427608,0.04966591179045038,0.15975770825974603,0.1846801790404238,0.17772952044832696,0.1316054128118743,0.07811556952660074,0.08029366717798542,0.21705507802614657,0.09146419902720276,0.1282395264078137,0.12837124812362327,0.10571519345818091,0.22167975637449783,0.09324665226905537,0.19350912871927042,-0.020119098000152467,0.15708318467489585,-0.06185968233743009,0.009287970175078068,0.1669168644522074,0.053280720685759175,0.1525272660056092,0.02550048326325627,0.23579081649951547,-0.02283036797861948,0.12054535396301057,-0.03283441436806839,0.03868024070722003,0.04976079761685791,0.08329181485929428,0.07604773717223298,-0.004702088886212212,0.008523538636108587,0.16947171817777068,0.1488490020673977,-0.026591215944466264,0.3326007890879719,-0.16389342171344362,-0.032203327075747606,0.02692942451248385,0.1383992641525933,0.0409631434369657,-0.07785800098794814,0.017475544157712554,-0.11702217197231547,0.09115687471052486,0.06571628131136945
0.024656252318531188,0.04728965295523478,0.0814494850477046,0.05163134682729356,0.05069846163817372,0.0701496020867532,0.04920249091807539,0.05667035993472202,0.03054589372734231,0.03495718643365844,0.07221705333462929,0.04966591179045038,0.1593382740916885,0.04301460773161926,0.03685013247132574,0.0457693584919384,0.04727070695179437,0.051967299787471374,0.050698331311515944,0.04807770357049729,0.052002275678336,0.10896222898038972,0.031747506416017944,0.043469914311049296,0.044119377582090405,0.06832372427409154,0.0433357974232751,0.03280124174735766,0.08521011909308877,0.014310531149969637,0.03173643889335139,0.04586898794431716,0.034430304803584055,0.05903985173159016,0.036897115359413354,0.05423478747590561,0.02393677349546039,0.02606031212110874,0.08945868127938836,0.02531368130869672,0.031138433598244423,0.051075885905999804,0.04388987857159545,0.02478479505014249,-0.011359334324008236,0.07242669683207996,0.05472954487266528,-0.004096215760823671,0.05368552728236973,0.06489768436894994,-0.013410064618234655,-0.01727322956605285,-0.0032226174956227027,-0.02301906664298422,0.019137217963675443,-0.008455996155691219,-0.02691057915285939,-0.052804727122839165,0.07231338506750039
0.07611767518460344,0.015775403860983736,0.1154563979140175,0.14598599007399643,0.11033387062066796,0.12165561093739281,0.006290617616417268,0.15636237581622392,0.14652836062439747,0.055999237413197754,0.11435428415110199,0.15975770825974603,0.04301460773161926,0.5765705624549103,0.1164424737363197,0.26690371474966046,0.21182099323654088,0.015236725653081767,0.08624358938450125,0.23912914147950645,0.12025151834857928,0.2048729524910121,0.13132532137103928,0.17999256761231963,0.15621785337010882,0.08277606029316671,0.1370069375210914,-0.0021523853486530155,0.10006684138257403,0.02444240467412545,0.07757032223865964,0.42968549260261574,0.07111791717429158,0.1075227980533377,0.01437469155780797,0.1414833901789732,-0.05514205818532787,0.14936690505210656,-0.041443334044634385,0.0686128284327891,0.1505443916094685,0.1144666283213565,0.04187025311456877,0.021952512477108884,-0.008231758632587249,0.17179611667472544,0.3652594776778353,-0.020788478656849636,1.118792265695276,-0.1094689943350233,0.006017386739389142,-0.10828171607720127,0.06867141632506789,0.11114824203845418,-0.3025440057649039,0.09582959545531564,-0.20668502056575583,-0.08488484153025132,0.4615031796184134
0.08546570401108362,0.20150919594031036,0.3524967091943376,0.09035645444844635,0.08210362021830668,0.1380702334956617,0.04405817333298779,0.15430247128499633,0.02326387446001857,0.2163398051628724,0.1661471764095236,0.1846801790404238,0.03685013247132574,0.1164424737363197,1.123913836812941,-0.06322102530919389,0.14997574271032205,0.17973447148912308,0.11124052149152754,0.23060982939949023,0.23381858279159587,-0.12246970165094169,0.09076998221418887,0.1689018434040895,0.22967906505135113,0.2219290985120774,0.1361468524275886,0.21963940676618407,0.24733858640991194,0.2200055252630862,0.16480613574072442,0.14262244765642962,0.155723437865583,0.21651592042167483,0.17211387665141945,0.30385809159119137,0.42810239218283896,0.1302719732902392,0.19062359430891151,0.06438226220982626,0.17398903996010665,0.2635092754728765,0.25405609908207466,0.03786630741797646,0.4079439877942237,0.31714056505589705,0.26125664851250513,-0.018151850349969897,-0.06827204702933926,0.04150481805533824,-0.03234646841109333,0.1729105832692398,-0.05416637365299607,-0.11427100075802235,0.1503452344841783,0.088025409640571,-0.3189691019886183,-0.2329669080757599,0.2632916524316698
0.04058969881799841,0.1209125682039111,0.07800831476422287,0.1727298304694188,0.1829800238031348,0.20107976768256536,0.10299939792952875,0.17672347840270464,0.13474041949301266,0.03425015629692292,0.1264811764942849,0.17772952044832696,0.0457693584919384,0.26690371474966046,-0.06322102530919389,0.9747138255702018,0.1817553500017641,0.022336107541368905,0.13522528563416866,0.3086891336195027,0.08078256892304525,0.22604379847848033,0.07725137254655694,0.14024209073887575,0.22615291760192513,0.07448341021910829,0.2229768978312664,0.03191954306611931,0.31972566815549636,0.1699497642764503,0.01353536505582805,0.18476637360214088,0.012979037095675935,0.20775813773337942,0.25200332505459705,0.13115368587961507,0.10885211089207669,0.17416751966336738,0.042504498690094414,0.14725442656509802,0.16954975367886913,0.06538295847083014,0.27707725725293714,0.0103109613071614,0.035644419591832954,0.10964693631017361,0.2486190616035012,-0.011876015807384337,0.643569850093165,-0.32159229012927887,-0.1274188115250038,0.07234395764844223,0.2237143994022249,0.1324798742065044,-0.14561440472372328,0.07946755661788052,-0.1415374707403651,0.11037195334987517,0.11413471369471291
0.019311804764593158,0.11854865694021643,0.3520489353505802,0.08787255630499632,0.048354419431102476,0.18492501738299422,0.013620721782935616,0.4512600980376871,0.1443450509266626,0.12434261262480589,0.26602805464634516,0.1316054128118743,0.04727070695179437,0.21182099323654088,0.14997574271032205,0.1817553500017641,1.1050074920890116,0.0492272327389989,0.09518713399199918,0.45939049588911324,0.25499733201661995,0.0012871978522594522,0.15040671178329312,0.232854829967573,0.2616035101955144,-0.043595759766526014,0.21023365315977444,0.14367929136292745,0.2750558921678205,0.14372276187039432,0.12148724801947967,0.16276663446805675,0.4009319924356046,0.15219456795095207,-0.12273128716429388,0.2652545922072957,0.45200339640065473,0.2619348624759327,-0.023164951283282033,0.0225370766661981,0.21062748789327695,0.228175190680053,0.2805650498825998,0.05679710358662366,0.17235429431668384,0.3968747047066685,0.6215969549309662,-0.021928747553678782,1.1687696603833635,0.18499729712948765,0.05752338421592709,-0.23588416166089235,0.004431253221029218,-0.11867260314378164,-0.20625770946566022,0.07357431116851007,-0.1703715733376745,0.0712796495210281,0.22338649539221767
0.07718476509803869,0.38117999744642167,0.2856225486710066,0.04616418206388326,0.05684489614783549,0.11725078742111371,0.09217264601780296,0.13837563739883046,0.07188151920278513,0.18499598381127993,0.07940718605713229,0.07811556952660074,0.051967299787471374,0.015236725653081767,0.17973447148912308,0.022336107541368905,0.0492272327389989,0.6498694510343023,0.06699693508595644,0.03380120152308815,0.14440661457189108,0.0963610009035122,0.3488543178586877,0.0824202108955178,0.12688156267616527,0.2082432553112148,-0.057843922334001256,0.082080589491932,0.08623261443894213,0.0555969588209999,0.16613927585074967,0.02953288283878263,-0.02416256359450209,0.16187431322170545,0.06056770036060776,0.30718321222099665,0.13751156821730964,0.03493753576694206,0.1837830594521762,0.07291302072416095,0.08090421683076729,0.12365629427203292,0.3250122400248624,0.07465226932974614,0.2820719767508754,0.21078092387475392,0.13091640930352216,-0.02319798293183867,0.00548630245102526,0.17431732247871712,0.11613404346456536,-0.12492248439059236,-0.16506104556110707,-0.08675648242546291,0.0468448118142017,-0.09449400451908505,-0.0464807743347497,-0.18476027526595606,0.26289237300443247
0.06951431470051925,0.08513679891569716,0.23949799088210474,0.16234319166705957,0.2574618895576654,0.3039180583340348,0.12533988710056393,0.10743246931367094,0.10090600907949855,0.03419362320324348,0.0814729143211638,0.08029366717798542,0.050698331311515944,0.08624358938450125,0.11124052149152754,0.13522528563416866,0.09518713399199918,0.06699693508595644,0.5448493118715081,0.11904734438561453,0.10551328733916397,0.1405793675272581,0.03273732938395225,0.0872915109651602,0.11995380052212481,0.0914624858017429,0.07378389907659005,0.13901562057946815,0.18146052225847506,0.095252753866787,0.0723166344258446,0.13234203019810822,0.01635153683717527,0.14442446805844605,0.08423603100855756,0.1350297528562627,0.13889179396611231,0.08378977048983077,0.07420938584507168,0.0397920317358906,0.09029591155203373,0.10074691025001595,0.1294687795379391,0.020856704382623832,0.13724100444256038,0.14197740638738932,0.07212437987786546,-0.007742910782872346,-0.19959232119087084,-0.061734229475266404,0.029447847592386604,0.31350728069389405,-0.20726873070505553,-0.033575080351691676,0.027632661352961184,0.010281264673217628,-0.1368505048997094,-0.01905939853628477,0.09048460399845458
0.06507884444490349,0.2947208273182676,0.3178755631254187,0.13591544664543237,0.09165834365747562,0.23539942017467672,0.0825293499973573,0.2959006484279068,0.13866791507693058,0.03151980386465379,0.2426582830259611,0.21705507802614657,0.04807770357049729,0.23912914147950645,0.23060982939949023,0.3086891336195027,0.45939049588911324,0.03380120152308815,0.11904734438561453,1.1368360010667142,0.09997046591190513,0.06429831232060394,0.22779619016526723,0.22326549442531898,0.23384278746097423,0.22074441921767404,0.34721137242497363,0.0819487266679211,0.20499959375287172,0.38642196684741636,-0.041264163404371265,0.22212433945664864,0.2149608925624401,0.21990906922577855,0.003933564656831404,0.208740706921617,0.5217812237551527,0.5148185217896817,0.020877237667420778,0.09246991459596643,0.1821995451428733,0.07091784251159344,0.8583400147588889,0.07622114105894377,0.31832519572181184,0.2571938476096392,0.38319922691177016,-0.01912805455499056,0.7369675043938939,-0.16760943346459103,-0.09455134742081649,0.1084887017133813,0.1303991289460366,-0.007207598063852483,-0.09408988317175593,0.12128011045500028,-0.14683830568383172,0.04803744231953195,0.12019042800891383
0.05640357345678643,0.23265880279956308,0.24910416250936337,0.06972929472896774,0.07455102035008297,0.13743534294359627,0.05507187711686532,0.13622997134904538,0.10747958579927608,0.07755281397272501,0.13394623142623566,0.09146419902720276,0.052002275678336,0.12025151834857928,0.23381858279159587,0.08078256892304525,0.25499733201661995,0.14440661457189108,0.10551328733916397,0.09997046591190513,0.4360808964674246,0.042755313896802434,0.10855078686386782,0.16423035685541373,0.14899495967749907,0.04231779023665075,0.08069203498787236,0.16782600632428205,0.16199527028173621,0.19152213341310334,0.19703355669724287,0.10441683961045975,0.21433607809803587,0.04418226976171463,0.08320720906992721,0.3160510426751677,0.27097176126677325,0.10867757496871845,0.1279762404037601,0.12871410603816535,0.21952212494937332,0.42842134718383457,0.2141773174730765,0.02262564790514567,0.540147789850793,0.3189374285618379,0.3919134334584532,-0.021080561843979963,0.45051220769761763,0.051255577251352796,0.02449940693174128,-0.0546181330251211,0.0021270156572754063,-0.04891241060606536,-0.0881454441686719,0.004131013298034965,-0.2828880512644133,-0.23184978870373302,0.522015972552534
0.10446991386658659,0.10300706905631789,0.20108397424130264,0.07267939319351023,0.08217313862493711,0.194656989699933,0.08467729278631651,0.11787978049790135,0.019614918753842525,0.04531278233882667,0.07173796546439574,0.1282395264078137,0.10896222898038972,0.2048729524910121,-0.12246970165094169,0.22604379847848033,0.0012871978522594522,0.0963610009035122,0.1405793675272581,0.06429831232060394,0.042755313896802434,2.176288938225308,0.3224954354189421,0.00031148499298735033,0.1692124727958572,0.09648982430615372,0.11278490289296593,-0.23432697772767958,-0.3528924307515718,-0.4453815480949403,-0.09841366099190572,0.16429986448673609,-0.13259058247410738,0.055878478876884546,-0.18581564606242576,-0.04637322110005076,-0.23742744257011378,0.0062919873300992775,0.06496461635254241,0.06224601063652278,-0.016158763617639883,0.07022908551392329,-0.17757515727451517,0.09394089096251448,-0.21825290420233961,-0.08759978978437814,0.08226968222721491,-0.005749264462715326,0.8886611307120763,0.17224139127306287,-0.015773011422253666,-0.29717528059201925,0.03945507907652683,0.17057810899220957,-0.3877704991685554,-0.009774729603711525,-0.047352315989099954,0.3465535833008581,-0.012394604240610748
0.05197855323006165,0.05065897512052394,0.1776728146135205,0.050575492650057854,0.048422405199733454,0.07593701640964459,0.031228718598414536,0.07894742287926021,0.022781424675500823,0.13360869762052238,0.06668287657627921,0.12837124812362327,0.031747506416017944,0.13132532137103928,0.09076998221418887,0.07725137254655694,0.15040671178329312,0.3488543178586877,0.03273732938395225,0.22779619016526723,0.10855078686386782,0.3224954354189421,1.2566083788492923,0.2152854643028452,0.264677115535673,0.07457948558535898,0.10912756236148378,-0.15127501450396283,0.30065552490941555,0.21544511772834182,-0.3314653985876639,0.12828653961720782,0.06788879269677305,0.28570246301385144,-0.22789379082706215,0.6615451770581575,0.19427272055742592,0.10347140734612623,-0.03018414307526413,-0.011537151633850905,0.1809716699477469,0.06642596698967626,0.3272224780845316,0.22858575259496475,-0.15353344801871938,0.2187116686135276,0.1634003232446223,-0.06440752254901246,0.8672210360209317,-0.08626414061330849,0.10820915299804691,-0.15052049424430716,0.008318218148040547,0.07191799127964481,-0.1598081197684291,0.01110573680340529,-0.15171393561832697,-0.6397716813041713,0.9213431257831696
0.03406223975938221,0.06325721017908117,0.18704309082809417,0.08493269951228428,0.08653133910586154,0.054013141732839005,0.04822885908138152,0.09533064451152042,0.14796475516609858,0.08901766406775859,0.10330212264873088,0.10571519345818091,0.043469914311049296,0.17999256761231963,0.1689018434040895,0.14024209073887575,0.232854829967573,0.0824202108955178,0.0872915109651602,0.22326549442531898,0.16423035685541373,0.00031148499298735033,0.2152854643028452,0.5878716425468347,0.1826754189294493,-0.07934361066776173,0.1588882081197224,0.26662120707086834,0.06707321669836404,0.44316443557710256,0.06197893558725394,0.2839911998836344,0.47567480204179896,0.06272692379396526,0.08094295782387644,0.39477384208097593,0.35564900297338975,0.15327748620244538,-0.03295526598852083,-0.02375080726522902,0.20158623600195644,0.15109448337761647,0.11555857034474079,0.08880763001427876,-0.01252756718120533,0.31807361359894143,0.2575821893772037,-0.028656653503932445,0.5443589115242273,-0.1681463768622549,-0.023232297127305474,0.1602577150985548,0.004118382362277546,-0.03440938508381744,0.1471236639376701,-0.033043045439619174,-0.22577317725949989,-1.9304499193664095,2.085446294504196
0.06413291346779311,0.1898428238630954,0.2902114831203152,0.10551262725792421,0.08445374647954959,0.18335839836619244,0.0872222678176652,0.24994170615478453,0.051381070641087524,0.12359978426708398,0.13694110065414877,0.22167975637449783,0.044119377582090405,0.15621785337010882,0.22967906505135113,0.22615291760192513,0.2616035101955144,0.12688156267616527,0.11995380052212481,0.23384278746097423,0.14899495967749907,0.1692124727958572,0.264677115535673,0.1826754189294493,0.8594161597914336,0.05602617102972928,0.17106958290995078,0.04584860455919513,0.361323038718329,0.1690506166927161,0.01894635312754668,0.14533387373865775,0.08520144561636712,0.28966655583871354,0.12194821756621299,0.32860774978183355,0.23002455990619736,0.14260480658237995,0.08788659886617978,0.08645455174590032,0.15747997791556878,0.1326800693812623,0.2316157361988023,0.025748657372409684,0.09082665773234333,0.32806570091344434,0.2634446239631762,-0.0348227262628,0.3294532807249185,-0.21190955539118628,0.05897494478289893,0.030852136752255874,0.15388101040516217,-0.007059879070199507,-0.0246489014584874,0.02055407902992361,-0.1771206898873408,-0.2176653545655703,0.386151459686812
0.06823371853232878,0.020954322998332272,0.18349176038434797,0.10010421544358393,0.063806687484039,0.24695703535152358,0.08111962877646754,0.12179929275293794,0.11517490446165748,0.020240536454071412,0.11885082728852868,0.09324665226905537,0.06832372427409154,0.08277606029316671,0.2219290985120774,0.07448341021910829,-0.043595759766526014,0.2082432553112148,0.0914624858017429,0.22074441921767404,0.04231779023665075,0.09648982430615372,0.07457948558535898,-0.07934361066776173,0.05602617102972928,1.5324973237749893,0.14000461917973037,0.047337694632521916,0.3514229565896898,-0.3107586041814796,-0.16285301021652177,0.06831380629745266,-0.04311655979346401,0.0032325500638973248,-0.012925882621923495,0.041617732989040555,-0.09694104712888361,0.06820416615766274,0.14106795610219822,0.09264495352401661,-0.29875140115935866,0.14409631779634832,0.5287873572591385,-0.017869216463804693,0.8598486360289684,-0.08439112923065464,-0.09721038912740387,-0.010234332428697257,-0.5696169967783985,0.28430547979823834,-0.02840403461121703,-0.042548913634720006,-0.21783112371981028,0.005819546949078509,0.002075046543077264,0.04770255553573939,0.11824598408424078,0.6294703280227129,-0.8340757033819781
0.052057340312774855,0.22334976016194885,0.19858994899616444,0.10572478551180468,0.07707422209020942,0.1617392692574872,0.08794956657016585,0.15015552421894007,0.10784152804620534,0.09830524021890372,0.13355623717967902,0.19350912871927042,0.0433357974232751,0.1370069375210914,0.1361468524275886,0.2229768978312664,0.21023365315977444,-0.057843922334001256,0.07378389907659005,0.34721137242497363,0.08069203498787236,0.11278490289296593,0.10912756236148378,0.1588882081197224,0.17106958290995078,0.14000461917973037,0.6532753161416922,0.11115627699417231,0.17305388736529748,0.15669624320617487,-0.052807396261003274,0.17589669161523522,0.1478754027538912,0.12725215094129042,0.1656740772126785,0.21289304427889444,0.2187777713914217,0.18308321294375235,0.010014101859211727,0.06885293165017158,0.16130128390387527,0.10327218852098874,0.24577314953692875,0.06153647828219677,0.07699678957047516,0.19261386187915033,0.1706974212470201,-0.018721441383967523,0.366232686172667,-0.14881099722484015,-0.10007851770921483,0.08386139412367916,0.1043551801136628,0.08874916563448221,-0.06613810497185975,0.08744344014686452,-0.1015108045449636,-0.053876810922203214,0.15226591210117302
0.026549622035482688,0.14810965621982397,0.17558647435267435,0.02874547471669806,0.02633856901633607,-0.02267492888733851,0.04268451544312787,-0.01294175735119138,0.11880073597652673,0.09634658209233087,0.045995646748640005,-0.020119098000152467,0.03280124174735766,-0.0021523853486530155,0.21963940676618407,0.03191954306611931,0.14367929136292745,0.082080589491932,0.13901562057946815,0.0819487266679211,0.16782600632428205,-0.23432697772767958,-0.15127501450396283,0.26662120707086834,0.04584860455919513,0.047337694632521916,0.11115627699417231,1.2176124911940303,-0.17344143600087386,0.4732499069240604,0.26954666707989683,0.07529225570494878,0.4124561479740819,0.008795370648911248,0.7963453529240202,0.4639162702595118,0.5066173852422627,0.1046263482162281,0.23004219029945994,0.10850737603192204,0.30467128631178186,0.2179467308877304,-0.03602866272779877,0.2144345513546395,0.31223808902275607,0.3655128886710353,0.080472820320181,-0.011966033108622732,-0.2306407230712821,0.06150619574379416,-0.11546784524596454,1.016584525559686,-0.9063680507917555,-0.1007945525801523,0.247809532170775,-0.021246805852623153,-0.05797790209439878,-1.5891936348396698,1.3307469099188527
0.038145563288574026,0.16873162529306776,0.47563760901959606,0.1644687015419984,0.07744795481392194,0.40971005381731296,0.09924414785743095,0.27933146750350735,0.12702247413606235,0.18201338313670476,0.20822490646034017,0.15708318467489585,0.08521011909308877,0.10006684138257403,0.24733858640991194,0.31972566815549636,0.2750558921678205,0.08623261443894213,0.18146052225847506,0.20499959375287172,0.16199527028173621,-0.3528924307515718,0.30065552490941555,0.06707321669836404,0.361323038718329,0.3514229565896898,0.17305388736529748,-0.17344143600087386,3.250036854528537,0.4735920592092232,-0.5228157323336515,0.034130742886293565,0.1952859022073168,0.5626790606140052,-0.21391344685020305,0.5015911451619701,0.5473087413769815,0.06331513449748467,6.586809510069301e-5,-0.04242894807667299,0.10660175391492427,0.10114262284961639,0.3772886674607564,-0.18296078689082235,0.12687711996658801,0.30453186246285996,0.45781559127660115,-0.0614827270725223,0.7440431438799666,-0.11268974902587378,0.03705554692147685,-0.18656292976587957,0.3208821879484473,-0.05052939261648496,0.08396792431083894,0.19737366662121744,-0.2004224783470317,0.8509553551422588,-0.8725554478372403
0.01890321714967833,0.10848506862646172,-0.046424427271824865,0.10533550352927652,0.1389536064865629,0.023598023147605434,0.06146644305394376,0.08020836039581847,0.15664117106779685,0.055834406303072424,0.020415329264713834,-0.06185968233743009,0.014310531149969637,0.02444240467412545,0.2200055252630862,0.1699497642764503,0.14372276187039432,0.0555969588209999,0.095252753866787,0.38642196684741636,0.19152213341310334,-0.4453815480949403,0.21544511772834182,0.44316443557710256,0.1690506166927161,-0.3107586041814796,0.15669624320617487,0.4732499069240604,0.4735920592092232,3.6100290850266714,-0.12911030096765622,-0.16958322466389722,0.29858127288417213,-0.08696354614851569,0.9416525663278643,0.7933029411984204,1.2893805169512098,0.28341623417001194,0.23910253493803071,0.1652562558422356,0.8265304916172964,0.23043611801309072,1.5330332260107942,0.244638960682947,0.6057581138669501,0.5450267397231385,0.13442019187670703,-0.04952835193829858,-0.12339281099694129,-0.6652201081153075,0.1860188688031656,-0.3776848415063126,0.6751216862331414,-0.10978752194996227,0.3843796795070623,0.1540365227894066,-0.3110487054300104,-1.2409923598629824,1.137005570172926
0.05841403320046996,0.2364857507127955,0.19478900899885745,0.040101544317420565,0.08295053653581953,0.011972438713642921,0.059309775030220946,0.10212915607820627,0.13908490947567043,0.11170743487884771,0.07390467468915454,0.009287970175078068,0.03173643889335139,0.07757032223865964,0.16480613574072442,0.01353536505582805,0.12148724801947967,0.16613927585074967,0.0723166344258446,-0.041264163404371265,0.19703355669724287,-0.09841366099190572,-0.3314653985876639,0.06197893558725394,0.01894635312754668,-0.16285301021652177,-0.052807396261003274,0.26954666707989683,-0.5228157323336515,-0.12911030096765622,1.9524065132904718,0.19083413787662834,0.07386814658723911,-0.024752780264988047,0.43417706298259295,0.22337660873402623,-0.6297942229658428,0.07276139357585208,0.27653022654890164,0.22521786231415358,0.11426061473467623,0.1820633312998622,-0.33243300059377573,-0.07348297899628765,-0.00827890144579591,0.5801188630376886,0.40295631591695835,-0.019606290734712744,-0.0608929166803309,-0.16302705030490156,-0.06305179061380009,0.23288958917107744,-0.001144211221632905,-0.18617708819610052,0.1544844369180441,-0.08217430682998099,0.17129543578782866,0.21281773974765383,-0.4417872150886431
0.0542914923908827,0.044019160923081335,0.13739626867055615,0.1452871868907406,0.08775590641075286,0.13245695114658143,0.04813869210652987,0.09011525443879378,0.1480469996450664,0.06848611592301401,0.1115165573390755,0.1669168644522074,0.04586898794431716,0.42968549260261574,0.14262244765642962,0.18476637360214088,0.16276663446805675,0.02953288283878263,0.13234203019810822,0.22212433945664864,0.10441683961045975,0.16429986448673609,0.12828653961720782,0.2839911998836344,0.14533387373865775,0.06831380629745266,0.17589669161523522,0.07529225570494878,0.034130742886293565,-0.16958322466389722,0.19083413787662834,0.9928565221139399,0.04573724930505084,0.20935478018387868,-0.06393174365099488,0.11162039201554343,-0.3495602797951723,0.16372109395392928,0.03476269703209101,0.05053475211253033,0.09051689841297651,0.08238160731936085,-0.07708339787567288,-0.0031060001074614684,-0.1571783737956526,0.271061412466931,0.4175762066681902,-0.027242461511374882,0.8839451253882681,-0.11784433226117934,-0.040388826113157174,0.3811673046971175,-0.33944477887271013,0.0775412974652737,-0.22660496190776125,0.15023973557209575,-0.2184524784470533,-0.5649083023887352,0.7788889259425678
0.025222567669253577,0.015106244780916876,0.12072153822382226,0.040616154872382286,0.023683728148312044,-0.12055855790259576,-0.005705590772197951,0.07958049278212259,0.18780105681134576,0.017599897006100946,0.10837787256500563,0.053280720685759175,0.034430304803584055,0.07111791717429158,0.155723437865583,0.012979037095675935,0.4009319924356046,-0.02416256359450209,0.01635153683717527,0.2149608925624401,0.21433607809803587,-0.13259058247410738,0.06788879269677305,0.47567480204179896,0.08520144561636712,-0.04311655979346401,0.1478754027538912,0.4124561479740819,0.1952859022073168,0.29858127288417213,0.07386814658723911,0.04573724930505084,1.9020750587039008,-0.4129448203272904,-0.9196007764851811,0.16189985400205614,0.5135706214993524,0.1864185130621925,-0.26663407540176026,-0.3482328547795981,-0.19247228241965006,0.22017200031525272,-0.060259734018890114,0.0834165313982729,-0.13684762268743078,0.2960991527266782,0.48879301467585873,-0.009594452002880397,1.3866852912007885,0.044492429311197554,-0.035896550142170504,0.1687149409648574,-0.08240103787234651,-0.16762020812911269,-0.05135496737527742,0.2819814165533907,-0.13032070669049303,-0.9451634499606281,0.873212326907145
