0.8592140127665245,0.2023828111336921,0.5188594958694278,0.14347299436352742,0.13667813294777126,0.16586887565440478,0.11773741809157025,0.12317522142622174,0.1968435087959461,0.14556990254778,0.10826261357384377,0.11894287576547029,0.14044598093637495,0.13099011697022142,0.1395819964964508,0.11471476934451048,0.13796646274507043,0.15011038363069198,0.16314266468572325,0.11885971612256183,0.12223859182467513,0.15137474945644244,0.16391186229844804,0.13055567601940435,0.18385003061075852,0.121582727399753,0.09879346096634606,0.12295603113461859,0.1799113926265134,0.0963663890664575,0.146294561630559,0.11575070528772187,0.11917402914794743,0.1303760661146007,0.054331124180297834,0.13878685459616602,0.19082354041283517,0.09808696009462059,0.14982132416949273,0.022472807806882256,0.10007399168232667,0.11475710330911235,0.14701318924331247,0.0990789674711724,0.12054295366270104,0.4014782284142209,0.21767357995198877,0.002746351094500339,0.12826628299919998,0.007157679619835987,0.0644306212959647,0.03978500134695499,0.034452115927214484,-0.08022345829898206,0.05476005416454954,-0.051701482850952635,0.34108043677782435,0.47442968602398844,-0.9075595094904083
0.2023828111336921,1.5211069488028037,0.7424075411852246,0.0455841984947291,0.17855389691552645,0.4878587607720343,0.3592431128497779,0.4680350914545412,0.39732334230445365,0.35582193008294616,0.3969924890635022,0.30910773131774144,0.3901990461930579,0.28766403451323286,0.3490903126518835,0.2822465226052306,0.39104746899560006,0.4485889186153743,0.38399773357921485,0.4303964841876566,0.30040509570100793,0.25699154666556123,-0.002972538147435046,0.3850091468365418,0.28784285287914907,0.36315584288824587,0.27815791865689526,0.3768260978639277,0.46119761876709375,0.16128100521867558,0.2421169409822714,0.27791096763854933,0.31529338606634716,0.4068167330309463,-0.01650652431931966,0.26174506201988723,0.5838205905437821,0.27996041177008213,0.3207455153223362,0.046644423815401036,0.23679701356339017,0.2779981675657373,0.31388549834329577,0.19012251783660683,0.32625003093701715,0.33124366060616145,0.39308272862814425,0.016905080364845722,0.5408578400463273,-0.02749347581053491,0.24331333856912168,0.20770769812008547,-0.05451373941647097,-0.2046086370310332,-0.25021995518679574,-0.10166604979650815,-0.06523393003357035,0.3138478373040814,-0.09903108048932265
0.5188594958694278,0.7424075411852246,2.1890232025686,0.25849590035388886,0.20954005260532638,0.5920138684117879,0.4330430755325417,0.5442568048252298,0.723655686013088,0.4176251507758626,0.4190761190286361,0.3876761261229208,0.5099057786963784,0.3138865538045138,0.41722438014177027,0.32934992279221015,0.6185435635139284,0.4156846854342209,0.5724340446386385,0.4074515429219192,0.3801975937433323,0.5236163072713673,0.37230295317914497,0.5830237334069125,0.4666508348417868,0.43188347658880705,0.3036385347679011,0.4200246791883602,0.7357687595534355,-0.057926872724308874,0.4005853046482807,0.270718913959993,0.3379806864645207,0.7273403905294435,-0.058356466725266114,0.452321130946562,0.979286299860868,0.3181587977248108,0.4478073223507412,-0.13520007681512314,0.32013347099877265,0.35964694570301653,0.18040198385324507,0.3519501302895992,0.3110544154494557,0.8929459284118672,0.60238084690136,0.008476034675499988,0.20085062326428407,0.02638353709659494,0.3261641183305456,0.45836717146679445,0.05213565157382437,-0.4814105212251219,-0.1330034230575255,0.009609313832443378,0.19258538989235077,-0.2696884162986063,-0.17844253777654845
0.14347299436352742,0.0455841984947291,0.25849590035388886,1.240187222214305,0.5385471541896419,0.4987740840411431,0.35299488203460405,0.3982786184966054,0.311845186707114,0.4419429607758282,0.4005639238565504,0.41996292653831496,0.4185221782923207,0.41911315383030945,0.3578978022210138,0.4174600903791352,0.39587122620112963,0.3728060101540607,0.4395647011457149,0.3369645419556979,0.31531409066077803,0.40907293157394303,0.3178162398385062,0.4733543318429965,0.3834057111097069,0.2933964405027752,0.3192303966737414,0.23569711691953593,0.3953496787777811,0.35326224234055303,0.34845769216137534,0.40105216649814757,0.32286594901186283,0.4342253418772847,0.3072761258211317,0.32751124924953445,0.43551038372736667,0.24757361317381435,0.47582006502663354,0.13647085837047995,0.28366338795585566,0.30976013178329703,0.3358490835316302,0.4268100416322184,0.17356455119546516,0.37242959574443935,0.6247615479008237,0.01817472485244449,0.22960534886191694,0.12150601945310803,-0.08844579523504718,-0.049139431949946216,0.011764412735440618,-0.017158357532727268,-0.10808446423632723,0.015039569653445155,0.18288256207200249,0.23480642001250235,-0.5197553473481751
0.13667813294777126,0.17855389691552645,0.20954005260532638,0.5385471541896419,1.6159506079448798,0.5093116383022258,0.4020203682363509,0.4904699072732384,0.3515834456270681,0.5394653123252916,0.4455890819650101,0.4977356916368118,0.5677535567148237,0.4917634863354989,0.4607521762678964,0.5861809954395207,0.39188349638084485,0.4764990013241982,0.8346171309116004,0.34286949201566835,0.32821091785243556,0.4987944196041432,0.35379803416875094,0.5580487420126684,0.3571201571931004,0.3279612873078778,0.3835444573098051,0.24977905392908087,0.5046183961687679,0.37294657537553766,0.3762820247601016,0.4494153051118311,0.4182746318562752,0.38367304993690815,0.27573991263201364,0.4619745743279157,0.42359348734333047,0.2804401486997106,0.5533118459506949,0.16869728587807317,0.29863421981943167,0.33883559162820875,0.32530533559009916,0.34935465478081157,0.017809439241792326,0.3930785861045295,0.5621684739666931,0.027248587502219042,0.7260185531907246,0.3996056187969289,-0.2873376279909266,-0.1989484618821358,0.018123629414137584,-0.03216881306454699,-0.09586713267491973,-0.0636345238481113,0.1801699296581164,0.16399126427005384,-0.3364146714740503
0.16586887565440478,0.4878587607720343,0.5920138684117879,0.4987740840411431,0.5093116383022258,1.1196401850039768,0.5323935612873886,0.7725581569587073,0.6386757769160679,0.5987177420933296,0.67867071470001,0.5677623578931789,0.6840080989006165,0.5974793408090501,0.5562649703532158,0.5848402846461846,0.7013655900671427,0.5754751133675495,0.8100466042483347,0.6552051450868723,0.5265490225980554,0.6636163554817546,0.4172922888842138,0.8398105326639136,0.5968965803821555,0.5749095692526229,0.49884657024291984,0.5332181382783128,0.8348041004287597,0.397183066344768,0.5219465255003893,0.5704006520654569,0.5144999451531725,0.7428656941593802,0.17232822211021526,0.41374392737258475,0.9440991420972988,0.44376938364439955,0.7472585192620792,0.20757355137670774,0.3878144497627377,0.5027813873471093,0.616704614050801,0.3858984640516722,0.42263279312849716,0.48089475813778937,1.0928288064708744,0.040195465074789945,1.0119589850290378,0.1638819104083701,-0.07376497178521987,0.13348329373704743,0.03308949151665218,-0.22175937417371377,-0.12416888721813797,-0.01143013288179127,0.20344881702992335,0.4174314807028973,-0.7153450252487518
0.11773741809157025,0.3592431128497779,0.4330430755325417,0.35299488203460405,0.4020203682363509,0.5323935612873886,0.7966275007708719,0.49396279276245103,0.6009626060763292,0.4582271667931074,0.5367591661854882,0.5606889792190766,0.5648045724772401,0.5066646388099834,0.4127700461525817,0.5165625170720565,0.5531158297913462,0.47549575242825864,0.48582159466620795,0.4019659366583323,0.4242324870277146,0.6014509041864204,0.49556489791797126,0.6631870001350264,0.4774454029982276,0.41279858768798294,0.4127184264894619,0.34712724186387917,0.6168329393805289,0.41174679549798326,0.43710099361417065,0.4712577916516689,0.42093068314472976,0.5245868916669336,0.18712360484462975,0.4742393585853578,0.6832424259811136,0.2815728856230276,0.6444776563171467,0.18002595227000603,0.35010915315045926,0.4049930896924318,0.40418483770091135,0.32042725987278164,0.2823185925862044,0.3802585477683558,0.6240541238404608,0.015070104358826806,0.7875992814596493,-0.051690457359939816,0.0076094738559061275,0.09923249904961981,0.11377029727338463,-0.1811956910871229,-0.10888952548532943,0.07476965645105149,0.14018248840061334,0.025898405872952716,-0.3245196656638723
0.12317522142622174,0.4680350914545412,0.5442568048252298,0.3982786184966054,0.4904699072732384,0.7725581569587073,0.49396279276245103,1.0583217297014513,0.46085840085777263,0.591947836318908,0.7062150110895733,0.5198240562285188,0.6653552726913764,0.5516514339493012,0.49491082334028275,0.5527737970373124,0.6815644931346876,0.5746009200182183,0.657563810476557,0.5847329903809596,0.4436574463297936,0.5691818128666923,0.36998005116583144,0.6677567957768865,0.5200570123434592,0.5741839881953845,0.4665969002942952,0.3813155069903956,0.6935073760483671,0.3951946260169362,0.4666681721067122,0.5031711756592616,0.4942453620134461,0.5975246711836321,0.1743666006681556,0.39678446235602755,0.8220343411553679,0.4037760991493102,0.6791502451567026,0.21386572294721148,0.388446325183902,0.44024682410059646,0.5368727260525347,0.32208233023174987,0.4347947861375941,0.4962803610704063,1.0351817034098612,0.03620303712375243,0.8365553230392104,0.10352272105236694,0.025348698001939906,0.13929035980844365,0.05032427322467006,-0.21202984795329746,-0.2764954500063683,-0.0852390734794787,0.18060396875212612,0.7401251772728331,-0.9607100258442047
0.1968435087959461,0.39732334230445365,0.723655686013088,0.311845186707114,0.3515834456270681,0.6386757769160679,0.6009626060763292,0.46085840085777263,1.0366503329869912,0.4408843486133666,0.46900972449371703,0.4719399570273602,0.5222063298363058,0.591198880602698,0.4647912525316793,0.49923097985584136,0.6055480820206395,0.4517253225597199,0.5356885865808,0.46288301881183475,0.462672584780342,0.589836913014886,0.5333768054108181,0.7455738440902279,0.5679250901256311,0.4410621109999879,0.40714364395960323,0.48522930553986887,0.6510154893380808,0.3851541576375274,0.4955460813870929,0.5315871259367972,0.4243262025673198,0.6294988383439724,0.26996664965029,0.46553406287045807,0.8274921535180998,0.3126633983632831,0.6756849433756859,0.16261555496098085,0.3959935999903336,0.44442475432504513,0.4575704657798929,0.3571351042311095,0.34023153818470875,0.5258068855482709,0.78931238873971,0.01769735459431204,0.5510935095275405,-0.12071734869176946,0.06512993313802405,0.12049299559808037,0.18453945683456086,-0.1974092244198907,0.08224063881595735,0.17076088304372522,0.24430592539757412,-0.17964514135482518,-0.4016122132313636
0.14556990254778,0.35582193008294616,0.4176251507758626,0.4419429607758282,0.5394653123252916,0.5987177420933296,0.4582271667931074,0.591947836318908,0.4408843486133666,0.9373541604769303,0.5455040910901361,0.4820924729599825,0.5391342839563664,0.5163248068272549,0.47327545404892113,0.49049399847093417,0.5528396185018293,0.5085345863214167,0.5323134773392835,0.508647647483372,0.4078386842443643,0.485786651145032,0.3973790894902739,0.6195382210473523,0.4876373642479317,0.39679162814108776,0.41183586357432866,0.4085052963416417,0.5642291300924267,0.48676389894075484,0.46094989408778964,0.4741882861203351,0.4691540844606306,0.5222995423152768,0.36863893562415706,0.4552272271176291,0.6511179343313589,0.3459172898214959,0.6490255275831828,0.22838467293748896,0.43356773159570106,0.41041214078658955,0.35893613435173666,0.4026227905342691,0.2323787497822438,0.48118454619363454,0.8940602320172844,0.024924149411731836,0.7770877115812312,0.07821157156032198,-0.033531762462538535,-0.09266322995160174,0.1332053516744292,-0.0589973726157645,-0.06205257839541998,-0.030878288733561562,0.38411049759594357,0.06440270542445388,-0.5150986613901064
0.10826261357384377,0.3969924890635022,0.4190761190286361,0.4005639238565504,0.4455890819650101,0.67867071470001,0.5367591661854882,0.7062150110895733,0.46900972449371703,0.5455040910901361,0.9807476729845536,0.6035975799993071,0.636209156619517,0.5558794692529299,0.5540514271945437,0.5508156351874366,0.7048473435103411,0.5220051689858484,0.5318016465309143,0.5752942774474658,0.4796720303049307,0.5458912455690912,0.447531411403286,0.6298928602593848,0.5636885447553638,0.5744060297521966,0.48131924526512193,0.45005091037171263,0.675490651454716,0.4392435420063745,0.5056555692366144,0.5200149973042886,0.4714333279171511,0.5383495486030206,0.31357824155455866,0.4726071103850606,0.7686695033511948,0.38891457102252125,0.6687116030472281,0.2635066069039298,0.4410542733078742,0.47518918198666016,0.46651701047254296,0.2824724250842018,0.42193271528631743,0.49503253780062045,0.9837014760231642,0.03453623553993206,0.4847194960280158,0.007950489511775374,-0.028501831861320007,-0.0010344366639856485,0.17745919956746048,-0.12692283612940666,-0.17966124994972438,-0.0016644516206900546,0.177288285596573,0.35619632857156946,-0.6745845444735389
0.11894287576547029,0.30910773131774144,0.3876761261229208,0.41996292653831496,0.4977356916368118,0.5677623578931789,0.5606889792190766,0.5198240562285188,0.4719399570273602,0.4820924729599825,0.6035975799993071,0.8542173135581081,0.5310238620500441,0.5274838619612607,0.43160131800269946,0.5327620562117658,0.5539461865679212,0.4311622598792151,0.5025639794248823,0.4485665045422439,0.393356312055381,0.5279591592537254,0.422048674576718,0.5984952939457614,0.46048274959002883,0.4485954069804581,0.47218805783785645,0.21479591812816565,0.5282287932830254,0.3793900474874167,0.43758394722238236,0.5113087419816237,0.3910513656251159,0.5021468406514265,0.27330115648106074,0.454500035582585,0.5771608538203588,0.3127486160385017,0.6563029520594152,0.22827901409550008,0.36455896977660834,0.3891623913493785,0.39914541115534236,0.3330880676720091,0.2804870174081908,0.3311671898740697,0.6766606905106918,0.0232456801500207,1.036194017486339,-0.013444156584279374,-0.06313015641696702,-0.022672773066105333,0.04717412523114512,-0.06379345650667491,-0.19038404583056165,0.078093388061762,0.14467467975835835,0.21743409579751619,-0.5532003985476214
0.14044598093637495,0.3901990461930579,0.5099057786963784,0.4185221782923207,0.5677535567148237,0.6840080989006165,0.5648045724772401,0.6653552726913764,0.5222063298363058,0.5391342839563664,0.636209156619517,0.5310238620500441,0.9049907094584456,0.5240550134414432,0.4238869553366998,0.5730769024042078,0.6259914221351794,0.5557298041116137,0.6410655299102902,0.4358862305279486,0.43461287444326024,0.7497581674008049,0.43609863625320444,0.671724937753913,0.5263207140545993,0.46270366782757666,0.4772446739966684,0.38356239917177537,0.7632908768355747,0.38236858409623115,0.46459754712832424,0.5071771425979815,0.4630946432214419,0.628219693392726,0.25062818028663153,0.47009917359205416,0.7577055096394373,0.3269807678129103,0.6603585363532332,0.17961555498608378,0.3636413014226467,0.42990328625875684,0.4363830337273188,0.3642403406871896,0.25041989276446314,0.4910944689390016,0.8833556029127914,0.022363063717340877,0.6938345978839857,0.06447225358513067,0.026777746623213045,0.038494893656787925,0.04603205834569262,-0.19444504062214177,-0.15448645907963138,-0.014385494679797326,0.18112097183416556,0.1301576962706943,-0.4119043766741751
0.13099011697022142,0.28766403451323286,0.3138865538045138,0.41911315383030945,0.4917634863354989,0.5974793408090501,0.5066646388099834,0.5516514339493012,0.591198880602698,0.5163248068272549,0.5558794692529299,0.5274838619612607,0.5240550134414432,0.989193528535102,0.5092245485544465,0.6004253276280082,0.6347208601954086,0.41804862738072984,0.501831128202752,0.5879519658574812,0.4395345466925109,0.5392196591111238,0.43659962157520044,0.680283895545864,0.5889669018276121,0.4468332831212783,0.4955794702988801,0.46534110184447963,0.5424350366900561,0.5930583497375819,0.47820181494859065,0.8487636390267217,0.4776128836525504,0.58355872929373,0.4786167199503904,0.46245364549452206,0.6751140005300239,0.3910890944836886,0.6869367344703119,0.27969073765197744,0.5291414851420061,0.4605476526088072,0.62114023482746,0.45171861095141636,0.32081036641499955,0.42165196282944817,0.9237062726502968,0.03232008897684408,1.081022397463393,0.015952893536148878,-0.07790860190767622,-0.1235369819320029,0.1438792151232861,0.0058060710923763794,-0.17695500907120648,0.06119579075960632,0.17014459648052657,0.5356459303022777,-0.8094976140962329
0.1395819964964508,0.3490903126518835,0.41722438014177027,0.3578978022210138,0.4607521762678964,0.5562649703532158,0.4127700461525817,0.49491082334028275,0.4647912525316793,0.47327545404892113,0.5540514271945437,0.43160131800269946,0.4238869553366998,0.5092245485544465,0.7535732774194881,0.41979723813128683,0.5121003877914484,0.4595474224851467,0.46397835985276903,0.4685552046871665,0.39184574120516646,0.3517631021825496,0.41356819368177833,0.618758492102861,0.49033822964015145,0.40687203849372966,0.3631428396544317,0.45387952671351184,0.5312403925964814,0.4485197452943224,0.3941625387141724,0.44623595453092146,0.42787565994324994,0.45568389623268685,0.37606118203857336,0.36720810513629937,0.6055158447334705,0.3016221649593182,0.5287754015414544,0.20835550724479873,0.40022182287573005,0.3912636554455097,0.4443358138033095,0.3186617079446443,0.2418018512339121,0.46836263704612613,0.7651204857350141,0.03324242460025133,0.5969485475394636,0.1897688547269391,-0.10373092536228058,-0.05439916368693303,0.0805869417879951,-0.0008997899241018568,-0.024142708340246562,0.05891496065403857,0.18955484557679642,0.22626594486310783,-0.557372739110246
0.11471476934451048,0.2822465226052306,0.32934992279221015,0.4174600903791352,0.5861809954395207,0.5848402846461846,0.5165625170720565,0.5527737970373124,0.49923097985584136,0.49049399847093417,0.5508156351874366,0.5327620562117658,0.5730769024042078,0.6004253276280082,0.41979723813128683,1.140084559732317,0.5204160826108576,0.5861569539809093,0.5565911335562033,0.43028339744373884,0.3939761545326091,0.5356242102800518,0.2795524551667103,0.6831204002331522,0.44271131146249154,0.3586762627370647,0.5152300253840486,0.43555060463711653,0.5634871132563133,0.4672687607734582,0.40050625006675844,0.5713832859261422,0.37721658222564164,0.4842635826370276,0.4191976491342117,0.47637859557645446,0.5924680242145682,0.28437134044908974,0.610217855552226,0.23169747583612,0.39539857117921756,0.4167172897712543,0.5381561761485844,0.37924738224944643,0.2861733325007317,0.35866171356276566,0.7217402634202902,0.014056070243705657,0.7800259210701983,-0.2992585625620418,-0.10832576034024413,-0.009865064314444207,0.12066316505724765,-0.023290906503201113,-0.02544475355040466,0.001714885299626417,0.14511352723690865,0.22872255826825905,-0.4806593700361857
0.13796646274507043,0.39104746899560006,0.6185435635139284,0.39587122620112963,0.39188349638084485,0.7013655900671427,0.5531158297913462,0.6815644931346876,0.6055480820206395,0.5528396185018293,0.7048473435103411,0.5539461865679212,0.6259914221351794,0.6347208601954086,0.5121003877914484,0.5204160826108576,1.3061565783498197,0.3686328702669675,0.6186742521491965,0.5814026136239654,0.5907054572027974,0.6907610023588788,0.5631996385329445,0.5539449258561483,0.6040375523059114,0.5472590071703366,0.4757947811959917,0.8310612643044272,0.7016523573927563,0.354414562689069,0.585318215987136,0.5866147545255025,0.5352304871362057,0.6255529460345052,0.31808413609959224,0.4777797539623872,1.0790360003167863,0.41571102757323286,0.8136361774331279,0.2999097172126535,0.5940129481514951,0.5772816155936501,0.3826790991458178,0.3184964886876465,0.6156598666295386,0.516898827548152,1.256923356325154,0.04622585309107308,0.6570320965102316,0.3844792860063008,0.1687126606429333,0.14620656815272412,0.027757948645496616,-0.2375929296582155,-0.32051750861918293,0.07974450094119408,0.222560256928351,0.26454156537179446,-0.788937775281745
0.15011038363069198,0.4485889186153743,0.4156846854342209,0.3728060101540607,0.4764990013241982,0.5754751133675495,0.47549575242825864,0.5746009200182183,0.4517253225597199,0.5085345863214167,0.5220051689858484,0.4311622598792151,0.5557298041116137,0.41804862738072984,0.4595474224851467,0.5861569539809093,0.3686328702669675,1.2399923099940027,0.5260505199730808,0.26734855564656623,0.3148543983012819,0.5282607694463417,0.36501513704768124,0.7059266910962697,0.458748333705252,0.3009830721489337,0.3627742520467058,0.42219136956078446,0.6292825372009743,0.38486798237574904,0.33818526709256336,0.3664813965995517,0.4828158958834769,0.4681528345822724,0.15642509999474113,0.35598593788528043,0.5640061242710045,0.2160889289589084,0.5183354711708152,0.129327588959761,0.18150616287870627,0.2985086911816323,0.5342145543030316,0.3068348762900009,0.2586108839595654,0.39628878989736277,0.6826708694110407,0.008355987891995409,0.44141561851966343,0.1655125429057031,0.09779579333452815,-0.044180554639008704,-0.0891659015540132,-0.11704274728504777,-0.07261631866676828,-0.05589176437603602,0.10892374657704947,0.3147533024764241,-0.39214329327914343
0.16314266468572325,0.38399773357921485,0.5724340446386385,0.4395647011457149,0.8346171309116004,0.8100466042483347,0.48582159466620795,0.657563810476557,0.5356885865808,0.5323134773392835,0.5318016465309143,0.5025639794248823,0.6410655299102902,0.501831128202752,0.46397835985276903,0.5565911335562033,0.6186742521491965,0.5260505199730808,1.1805717869493249,0.4217819936858598,0.44278011309896903,0.6258338729195979,0.3295653940907178,0.7146771646378275,0.4633482866814029,0.43345165018148757,0.4117287332561242,0.49090241736449863,0.7376446978688461,0.30167799678353063,0.43596329644982384,0.4850498370866338,0.5019651087961741,0.5654861995802591,0.02363606067585307,0.4649446847307301,0.8333856547869085,0.32674596315468646,0.654099311240057,0.153787674008258,0.30066735897789226,0.41656847248496387,0.4159674359096439,0.3496310195851891,0.3487608298390332,0.5566844256124218,0.6723446075649643,0.03549044155307126,0.7441862338387789,0.018683274590393283,0.47375604597465953,0.37439467640180557,-0.1427136186260667,-0.31227107057143194,-0.1823712678898505,-0.014325996421882243,0.19131255141432663,0.2565031589494595,-0.48487942969596604
0.11885971612256183,0.4303964841876566,0.4074515429219192,0.3369645419556979,0.34286949201566835,0.6552051450868723,0.4019659366583323,0.5847329903809596,0.46288301881183475,0.508647647483372,0.5752942774474658,0.4485665045422439,0.4358862305279486,0.5879519658574812,0.4685552046871665,0.43028339744373884,0.5814026136239654,0.26734855564656623,0.4217819936858598,1.5172067579431816,0.3663033191083876,0.05004469912050113,-0.04846413876686069,0.6329605213430367,0.40652255429692996,0.5429162235726364,0.5606807449893553,0.6479810102190148,0.48229603166038837,0.5305735101680773,0.5789427245306255,0.5964452732612537,0.4787014639060262,0.5150911357972756,0.2361639236138079,0.44207792780199173,0.9309808031941466,0.7802291969330316,0.7422999085645388,0.2935593825170931,0.5718051472928684,0.4251538006903678,0.6813705020868748,0.19997975498680307,0.7266773592191815,0.32358276596362334,0.48865155050297004,0.04095804590291544,1.6059375333467294,0.0624019580593683,-0.2890400389587241,0.07505647572936668,0.16858660558447583,-0.0939799718389363,-0.0011952943550769992,0.02091647125776828,0.1605084521278681,0.42841641390884516,-0.6700127902841182
0.12223859182467513,0.30040509570100793,0.3801975937433323,0.31531409066077803,0.32821091785243556,0.5265490225980554,0.4242324870277146,0.4436574463297936,0.462672584780342,0.4078386842443643,0.4796720303049307,0.393356312055381,0.43461287444326024,0.4395345466925109,0.39184574120516646,0.3939761545326091,0.5907054572027974,0.3148543983012819,0.44278011309896903,0.3663033191083876,0.7832874785116968,0.48307105645294424,0.3770820799000379,0.3840523110470068,0.5073118629200091,0.5119223217860608,0.34490540305393386,0.4817942449733552,0.5711215889752851,0.4338819328115741,0.4551032625216988,0.421969066535803,0.4060832925782866,0.45876919063507304,0.47624533575366,0.4188722339537907,0.8314608907263784,0.28819198592572914,0.4788305459250719,0.2838654777675032,0.6070844245558885,0.6362685813061163,0.3646320907835313,0.223435091896251,0.500618424375057,0.3853965862959379,0.9276713622163044,0.048855364073491066,0.6006761068830676,0.05962862671200262,0.030296158543822203,-0.010252946563083861,0.07680627099546654,-0.09292177691061318,-0.044886508909360336,0.020138057988074286,0.16756956756164124,0.15345287651722006,-0.4461869086967618
0.15137474945644244,0.25699154666556123,0.5236163072713673,0.40907293157394303,0.4987944196041432,0.6636163554817546,0.6014509041864204,0.5691818128666923,0.589836913014886,0.485786651145032,0.5458912455690912,0.5279591592537254,0.7497581674008049,0.5392196591111238,0.3517631021825496,0.5356242102800518,0.6907610023588788,0.5282607694463417,0.6258338729195979,0.05004469912050113,0.48307105645294424,1.5754274314130274,1.0570179657329541,0.6302446423323824,0.5190405815598839,0.3080786693239901,0.40296450072253315,0.2645079143716176,0.9640899365650576,0.3703110820041426,0.5057936083072825,0.5730469357589759,0.48910611521469,0.9187594854438511,0.3164609256875735,0.4127282846193362,0.7833250717356424,0.17473642906761871,0.8356829564725883,0.15534701793975197,0.2886736940566033,0.4534205859992711,0.4262844210584465,0.5228034747645696,0.008202860842461978,0.5245903280987807,1.2018122746442457,0.031175480404129145,0.4945752226211379,0.013932021945674267,0.0536447034758489,0.057753339081030766,-0.01355800698757128,-0.22675655752482668,-0.19170174003016652,0.05440971872264033,0.13063513824072528,-0.080379551326086,-0.2703815814365983
0.16391186229844804,-0.002972538147435046,0.37230295317914497,0.3178162398385062,0.35379803416875094,0.4172922888842138,0.49556489791797126,0.36998005116583144,0.5333768054108181,0.3973790894902739,0.447531411403286,0.422048674576718,0.43609863625320444,0.43659962157520044,0.41356819368177833,0.2795524551667103,0.5631996385329445,0.36501513704768124,0.3295653940907178,-0.04846413876686069,0.3770820799000379,1.0570179657329541,2.589987577524896,0.6806573778219949,0.8021605133847186,0.17224262146023123,0.2411256394282807,0.24766341109865697,1.0020137660340591,0.5694043433026793,0.4519912039246928,0.28775083435249615,0.6555970642332313,0.7715478613523428,0.3108114063529383,0.2735365825130302,0.9239884318316148,0.03705183182554924,0.9134238888836795,0.25250670763847327,0.29661743367703813,0.38647020444322105,0.44396802068265595,0.39019890405091695,-0.13118783242227497,0.6209013940486754,1.484320145848026,0.07901766981570854,0.3386840259168931,0.3330823730279212,-0.10697374402682744,0.0036157120241743813,0.27954612161706405,-0.1942356688861475,0.07828790176931784,0.13110992256762516,0.17001747953577812,-0.16774376899942314,-0.3366347406361484
0.13055567601940435,0.3850091468365418,0.5830237334069125,0.4733543318429965,0.5580487420126684,0.8398105326639136,0.6631870001350264,0.6677567957768865,0.7455738440902279,0.6195382210473523,0.6298928602593848,0.5984952939457614,0.671724937753913,0.680283895545864,0.618758492102861,0.6831204002331522,0.5539449258561483,0.7059266910962697,0.7146771646378275,0.6329605213430367,0.3840523110470068,0.6302446423323824,0.6806573778219949,2.6218737635316436,0.6583528473125415,0.45675011754615275,0.46218608383752613,0.3050360345777503,0.9094565688343997,0.8435028841576421,0.49345017132762814,0.5316469674452363,0.6560062683637988,0.8348002299043894,0.4141623698366266,0.6134739212480643,0.8233045464969669,0.39846853681181266,0.8309717558969155,0.17203680156775109,0.2096094093842212,0.4542041372202681,0.9901680085997014,0.7173340905447071,0.2952613829811496,0.7399660663115626,0.8881710062041686,0.008797752120895305,1.3803430174777362,-0.17502826179709385,-0.015622208582530222,4.712539495449428e-5,0.2700403732888635,-0.1514645311028262,-0.0019648452446855177,0.13585796796845956,0.26533287292909524,0.29464070068957654,-0.7445215451306006
0.18385003061075852,0.28784285287914907,0.4666508348417868,0.3834057111097069,0.3571201571931004,0.5968965803821555,0.4774454029982276,0.5200570123434592,0.5679250901256311,0.4876373642479317,0.5636885447553638,0.46048274959002883,0.5263207140545993,0.5889669018276121,0.49033822964015145,0.44271131146249154,0.6040375523059114,0.458748333705252,0.4633482866814029,0.40652255429692996,0.5073118629200091,0.5190405815598839,0.8021605133847186,0.6583528473125415,2.264990804334407,0.4137029257556302,0.40825444689623736,0.46268501815365354,1.3421046496892408,0.8619332664777855,0.6064696701407667,0.5589460144793138,0.5975288662091225,0.8738182235398118,0.5748638462012866,0.6223998291945463,1.0981438295487689,0.39711907396453244,0.8020874158318394,0.17199904795326668,0.5843690358139028,0.5255382933570214,0.582432424732313,0.6344144655311698,0.26112414744177426,0.8024578527038534,1.2857065994243444,-0.015645219824102958,0.39470924776400496,-0.29792140057401584,-0.06522973180623375,-0.044061773444912425,0.320475491795924,-0.13382323629508605,-0.010865487471990308,0.028341546059370636,0.2627363660374487,0.051226480067922055,-0.47546538743972616
0.121582727399753,0.36315584288824587,0.43188347658880705,0.2933964405027752,0.3279612873078778,0.5749095692526229,0.41279858768798294,0.5741839881953845,0.4410621109999879,0.39679162814108776,0.5744060297521966,0.4485954069804581,0.46270366782757666,0.4468332831212783,0.40687203849372966,0.3586762627370647,0.5472590071703366,0.3009830721489337,0.43345165018148757,0.5429162235726364,0.5119223217860608,0.3080786693239901,0.17224262146023123,0.45675011754615275,0.4137029257556302,1.808850483647348,0.37194431760403146,0.5532045352089267,0.5681471641135657,0.11831873962212604,0.47675697103418063,0.4329937417214778,0.3781077211856908,0.4767912174683677,0.26578024177406395,0.2982693760103263,0.8408255183269854,0.3857006057856136,-0.1702185215342405,0.2126367558769992,0.547109056800625,0.5267864384960761,0.4938274945786731,-0.19789553283201006,0.536985096623092,0.35183804811864416,0.746523941530853,0.08549390940527092,0.7659743378302051,0.2089764181464752,-0.03251676822806885,0.05573634498795518,-0.04883264965115897,-0.17605157790734624,0.01843474840403118,-0.038316499476616785,0.0721015261402455,0.5615035562907673,-0.7176690421765106
0.09879346096634606,0.27815791865689526,0.3036385347679011,0.3192303966737414,0.3835444573098051,0.49884657024291984,0.4127184264894619,0.4665969002942952,0.40714364395960323,0.41183586357432866,0.48131924526512193,0.47218805783785645,0.4772446739966684,0.4955794702988801,0.3631428396544317,0.5152300253840486,0.4757947811959917,0.3627742520467058,0.4117287332561242,0.5606807449893553,0.34490540305393386,0.40296450072253315,0.2411256394282807,0.46218608383752613,0.40825444689623736,0.37194431760403146,0.6104481010182768,0.3831820873122913,0.4534542988095773,0.3962458700862378,0.41282991248252976,0.549587688956668,0.4080407955780463,0.4301296439662019,0.2905280730954814,0.4252796092158314,0.590060845046304,0.3550849298029664,0.5482439032499932,0.21771706105430494,0.39500137585116624,0.36358405031858493,0.4781455652588848,0.24578311644625833,0.34062884233843016,0.2983998666319198,0.6144544529981445,0.020562288147434115,0.8518699935394559,-0.04454050847175862,-0.10713827618396081,0.0019302448217171932,0.07294625673977849,-0.04439223125080691,-0.05068766697805668,0.017671475623361146,0.12544463350065413,0.230597869914626,-0.4538157754327853
0.12295603113461859,0.3768260978639277,0.4200246791883602,0.23569711691953593,0.24977905392908087,0.5332181382783128,0.34712724186387917,0.3813155069903956,0.48522930553986887,0.4085052963416417,0.45005091037171263,0.21479591812816565,0.38356239917177537,0.46534110184447963,0.45387952671351184,0.43555060463711653,0.8310612643044272,0.42219136956078446,0.49090241736449863,0.6479810102190148,0.4817942449733552,0.2645079143716176,0.24766341109865697,0.3050360345777503,0.46268501815365354,0.5532045352089267,0.3831820873122913,2.981917802401864,0.5636609544668333,0.44142512174156323,0.5000361439311363,0.4184244669361762,0.9051161196226467,0.2839397946353641,0.12107961930290659,0.14357857579381053,1.1060836421433824,0.3798250259366282,0.41960388788904013,0.21174366660819227,0.558980458228908,0.4768931743288874,0.7960898801595537,-0.01644074353807312,0.41231392605751743,0.19907272656062167,0.8833605978343855,0.08238089803788724,0.7731936797401696,0.30705867904412526,-0.0490702215908724,0.4494705076385676,-0.10616004002634899,-0.22626631043159726,0.6303975357103068,-0.023237256993003864,0.10904163134837358,0.13053232281005006,-0.05921232009301265
0.1799113926265134,0.46119761876709375,0.7357687595534355,0.3953496787777811,0.5046183961687679,0.8348041004287597,0.6168329393805289,0.6935073760483671,0.6510154893380808,0.5642291300924267,0.675490651454716,0.5282287932830254,0.7632908768355747,0.5424350366900561,0.5312403925964814,0.5634871132563133,0.7016523573927563,0.6292825372009743,0.7376446978688461,0.48229603166038837,0.5711215889752851,0.9640899365650576,1.0020137660340591,0.9094565688343997,1.3421046496892408,0.5681471641135657,0.4534542988095773,0.5636609544668333,3.0351971902688124,0.5045628252621984,0.3289338385506704,0.45403301805207,0.5720866881411546,0.9085764638911504,0.11056395112396829,0.6775129047287621,1.3921995438468158,0.24162219858841563,0.6020275593501032,0.25391144283126554,0.44726244297589923,0.5584403393263924,0.4889258083152331,-0.3063954496929523,0.3895170340369667,1.0030994327853189,1.4893975777577935,-0.02312025097559819,0.9041746394580047,-0.01532930955031342,0.02708537259657931,0.263856676337274,0.13392012810374984,-0.3966192510614326,0.06890242054938113,-0.03242169264632262,0.0136530608330463,-0.13327470808144298,-0.10878112890906166
0.0963663890664575,0.16128100521867558,-0.057926872724308874,0.35326224234055303,0.37294657537553766,0.397183066344768,0.41174679549798326,0.3951946260169362,0.3851541576375274,0.48676389894075484,0.4392435420063745,0.3793900474874167,0.38236858409623115,0.5930583497375819,0.4485197452943224,0.4672687607734582,0.354414562689069,0.38486798237574904,0.30167799678353063,0.5305735101680773,0.4338819328115741,0.3703110820041426,0.5694043433026793,0.8435028841576421,0.8619332664777855,0.11831873962212604,0.3962458700862378,0.44142512174156323,0.5045628252621984,2.7323174482520383,0.6205659720676193,0.6051906882801278,1.1330325565862542,0.11603249353515059,0.9054888050212007,0.669615481262615,0.7726005545952374,0.40205771104880433,0.8769963648866186,0.18067931165825066,0.6148484854271214,0.47190839198788853,1.0301509176298183,1.1751667712042042,0.05047856140040311,0.7224000962565513,1.123498854355318,-0.03901903681258563,0.8890489984444739,-0.14547025109730408,-0.3142274438081374,-0.32482187756886793,0.31646079459268533,0.1345919656023203,0.04871997019617385,-0.05319712911881524,0.20726009959783007,0.974214565921887,-1.0878446449083436
0.146294561630559,0.2421169409822714,0.4005853046482807,0.34845769216137534,0.3762820247601016,0.5219465255003893,0.43710099361417065,0.4666681721067122,0.4955460813870929,0.46094989408778964,0.5056555692366144,0.43758394722238236,0.46459754712832424,0.47820181494859065,0.3941625387141724,0.40050625006675844,0.585318215987136,0.33818526709256336,0.43596329644982384,0.5789427245306255,0.4551032625216988,0.5057936083072825,0.4519912039246928,0.49345017132762814,0.6064696701407667,0.47675697103418063,0.41282991248252976,0.5000361439311363,0.3289338385506704,0.6205659720676193,1.4392068900660873,0.4683551001989026,0.6720690134711325,0.36714269477625605,0.3959549586444612,0.7572583618788473,0.8183387509633204,0.43833780297971736,0.6339963422668964,0.1428406613357544,0.5065303759762888,0.46954117795845796,0.42835360999843847,0.5915642610369323,0.3788928415409647,0.4339372379082985,0.9104490258526934,0.007411100648606232,0.4021669612975163,0.1437294771687661,-0.10640081968662075,0.049227496190432,0.08629401293332728,-0.1566255729404484,-0.024950223333691166,0.04772054547415232,0.35932199661507613,0.010991153009376914,-0.5688430746351123
0.11575070528772187,0.27791096763854933,0.270718913959993,0.40105216649814757,0.4494153051118311,0.5704006520654569,0.4712577916516689,0.5031711756592616,0.5315871259367972,0.4741882861203351,0.5200149973042886,0.5113087419816237,0.5071771425979815,0.8487636390267217,0.44623595453092146,0.5713832859261422,0.5866147545255025,0.3664813965995517,0.4850498370866338,0.5964452732612537,0.421969066535803,0.5730469357589759,0.28775083435249615,0.5316469674452363,0.5589460144793138,0.4329937417214778,0.549587688956668,0.4184244669361762,0.45403301805207,0.6051906882801278,0.4683551001989026,1.2608803872500662,0.44585351577969273,0.602737035229337,0.49686146239190937,0.5059989521215046,0.6018716047572816,0.4023199308935096,0.6475043201890417,0.26223039936494347,0.5720951504860848,0.45399167544425695,0.6104415626306943,0.4737058403042563,0.3217580167079279,0.37016565274396174,0.8654646505080198,0.02656879963530468,0.9616038881127359,-0.02345018526556329,-0.04053089570621307,-0.0008684573423299641,-0.04214934035519516,0.004386487449231223,-0.1708284367574206,0.06544964491756242,0.16194202220016116,0.45413210134837073,-0.7210159597415101
0.11917402914794743,0.31529338606634716,0.3379806864645207,0.32286594901186283,0.4182746318562752,0.5144999451531725,0.42093068314472976,0.4942453620134461,0.4243262025673198,0.4691540844606306,0.4714333279171511,0.3910513656251159,0.4630946432214419,0.4776128836525504,0.42787565994324994,0.37721658222564164,0.5352304871362057,0.4828158958834769,0.5019651087961741,0.4787014639060262,0.4060832925782866,0.48910611521469,0.6555970642332313,0.6560062683637988,0.5975288662091225,0.3781077211856908,0.4080407955780463,0.9051161196226467,0.5720866881411546,1.1330325565862542,0.6720690134711325,0.44585351577969273,1.8335479154190744,0.19361622001002649,0.19680747590722403,0.30505704509800063,1.3022955439256059,0.39530890369305327,0.7429398100069307,0.052780946500024205,0.2366949900135774,0.4512829033078754,0.7326316370403418,0.64967186310635,0.06428651005532782,0.45136103906884983,1.2217599396655938,-0.0019112899936124614,0.8448162183424069,0.4782985348530775,-0.10696095860010398,0.19380547015407568,-0.12287491092516027,-0.18647959046384335,0.18017285458767052,-0.10598223673055766,0.02462693880587929,0.34055223686269404,-0.2935325732087345
0.1303760661146007,0.4068167330309463,0.7273403905294435,0.4342253418772847,0.38367304993690815,0.7428656941593802,0.5245868916669336,0.5975246711836321,0.6294988383439724,0.5222995423152768,0.5383495486030206,0.5021468406514265,0.628219693392726,0.58355872929373,0.45568389623268685,0.4842635826370276,0.6255529460345052,0.4681528345822724,0.5654861995802591,0.5150911357972756,0.45876919063507304,0.9187594854438511,0.7715478613523428,0.8348002299043894,0.8738182235398118,0.4767912174683677,0.4301296439662019,0.2839397946353641,0.9085764638911504,0.11603249353515059,0.36714269477625605,0.602737035229337,0.19361622001002649,2.7445889808665362,0.5068125901212007,0.0174652305653867,1.2088787074149097,0.3074062934905737,0.4165976006954318,-0.18461787790311915,0.45665951047069137,0.5059365298555198,0.7986151573044648,0.8799686021892316,-0.4792493991960885,0.713831579796285,1.1938960057543127,0.10973265135573654,0.9404802359688357,-0.0644017880246443,-0.036251246001482,0.12055787786512469,0.19938914817990414,-0.295057731292781,-0.22941377446358135,0.10370218191311387,-0.10425215945735294,-0.28602677133325377,0.4013049040595371
