0.8506945281823206,0.18090194154243394,0.4934615503927526,0.12994514732395823,0.12274469091944391,0.1529331283676722,0.10693713886807062,0.1271762568953051,0.18004039595973695,0.1410199651419868,0.10844566585531161,0.1320378486665064,0.11593523834580437,0.1316563733195514,0.12567097087754975,0.12210610450523766,0.11526797190307536,0.15281165444070824,0.1276321952698174,0.09492828376231731,0.09843565478497353,0.13204384303664884,0.15063032537893695,0.0924621222479,0.1675720122964805,0.13196774047221485,0.0985246937481439,0.09509586250887375,0.15966921803875858,0.09238134830039907,0.11245144408686639,0.12201393661175114,0.11520301421882354,0.1113004036878905,0.11795200594512083,0.10746566072308145,0.12713111321701862,0.08111832961022708,0.1440980866830308,0.025478586355081656,0.07267461262086065,0.09830208675137472,0.17888138938750323,0.09685266730384123,0.08978506796382267,0.37190250601910446,0.18556383844996135,0.004515973573783912,0.14970822971716582,0.02038029366199757,0.016403738703802215,-0.007978443211264367,0.010355411925058903,-0.01512619525353919,0.10251654369605515,-0.04706248653453974,0.3376947332977241,0.4231271290675659,-0.842104324465812
0.18090194154243394,1.4646255352395936,0.6718980684301821,0.07412300206874185,0.19229163156247925,0.4952412019572001,0.36913437660853954,0.44518107510107385,0.4170385705926875,0.372649524888054,0.41323568506796404,0.338520111309368,0.38977666893648405,0.33902316452940146,0.3928758759633056,0.3148862498195287,0.41884266731071634,0.4540728332792485,0.36072386013845903,0.42078771440230983,0.2909512605928244,0.26952068841711474,0.05637954248536531,0.4646380265061385,0.3243134592270786,0.34668771684466787,0.30469655131266227,0.39230276505988865,0.4471705439966229,0.17926393182676553,0.24927313048593971,0.34022639270762967,0.3182886449058846,0.40650420737907605,0.16251572629326866,0.28343719442449833,0.44415119718670765,0.2664189663666997,0.3734478702630868,0.1127068120132446,0.25363774200548095,0.275157988999031,0.260311764997169,0.22572550743626196,0.22913192033928773,0.312138482892793,0.3742241348589251,0.016147987613806127,0.5858768797647108,-0.011795527056389008,0.17911039895305478,0.07390893062729739,-0.06477195353947429,-0.06278461135150537,-0.28524141389455004,-0.01715932595386691,-0.01629556587516071,0.1860883518599594,-0.08730850212434796
0.4934615503927526,0.6718980684301821,2.0569582839260305,0.2903355500334167,0.2368641266236583,0.5555289903700179,0.3694674903328459,0.5322825711960528,0.6402242736212523,0.4361803198159865,0.4092259028904788,0.380840801245213,0.4893932778625233,0.32714063590839365,0.4279759771736146,0.3310810222968384,0.5750916624335363,0.43502206857692094,0.5045777877371203,0.3347427410566481,0.331252638988601,0.4884796468251905,0.38221442045489995,0.5996512587453204,0.4465030626419087,0.41167129958569737,0.3132225348833543,0.4245127751344785,0.621228774560437,-0.04605780255553974,0.34617798878527983,0.3182982814217726,0.3958155066031557,0.6161863705963881,0.19773041045788237,0.411780836115298,0.655675511086209,0.27244416372304975,0.44729213425993464,-0.0671009601919861,0.2579699188862845,0.32297092383941317,0.18478975527753902,0.3868346787161307,0.152999696960609,0.8777849939874757,0.4913505987769209,0.010025456586484884,0.23353127899752193,0.0991498238433645,0.2190777311927448,0.26905550702275305,-0.020939074041771824,-0.24725164745407552,-0.08707658741911212,-0.03311315242247686,0.2712405846041593,-0.20485072165739837,-0.29144421654200686
0.12994514732395823,0.07412300206874185,0.2903355500334167,1.2420941846269329,0.5385699165067946,0.531183969840034,0.3735559091959113,0.41696294914855686,0.3162966728072623,0.4518641803960935,0.4150255921295886,0.42947806708833214,0.4354043609549925,0.43928959927885164,0.3659878335379554,0.43953907707729356,0.4300959162202685,0.398742867749098,0.45733855015845193,0.333044756284324,0.3128854330281068,0.44306571684797813,0.37270977159469004,0.5632525443422624,0.4223222296042183,0.3176404682749174,0.33793479217040984,0.2970147277672535,0.46319520514746276,0.32599866427283597,0.35385973745959876,0.4331954558114003,0.3625559703384758,0.4769777332279566,0.3031478319121652,0.3483884604914754,0.4225413264639377,0.23991927424457643,0.4947312677533595,0.1355501102360154,0.26387949547837186,0.31042908385743684,0.32152774347545876,0.3799458206366271,0.0945410669402605,0.35713346160708137,0.6172742603434632,0.015808290830938817,0.2660092928590993,0.15930456409360258,-0.10728801937112915,-0.014836846765400855,0.012128851160606791,-0.03863525460954161,-0.10471691876748457,0.015036827424524788,0.10051569476707715,0.1465021261329754,-0.3577796873959814
0.12274469091944391,0.19229163156247925,0.2368641266236583,0.5385699165067946,1.610614627095892,0.5419682497201807,0.40444360474282887,0.48946087164854635,0.34455777316135444,0.5320934725198982,0.45131899779126206,0.492607242264847,0.5774732425945124,0.5210369365785332,0.472334048003268,0.617641317173352,0.4145805920638157,0.48845223780633296,0.8359000920130544,0.33528183835760267,0.3174495593626705,0.5398225351952083,0.4462375398351107,0.7389839984407258,0.4061274624171223,0.31221971603593934,0.40265057829103795,0.3260912780072858,0.5982824698431467,0.3558658076146273,0.36748467890614916,0.4813095382943446,0.43219605932344024,0.4533174500792208,0.33849250429226874,0.47000000787545393,0.35398748734525265,0.2572941873656916,0.5843996382403676,0.19013002965282116,0.2744107028988729,0.3293936963052675,0.2880845491175076,0.28890767775409554,-0.1433930474972262,0.3843460969930172,0.5306703743016392,0.023881291061545733,0.7501474044094583,0.364780810621122,-0.3201198176846931,-0.2147784691292807,0.07647376872911145,0.015458201396212248,0.0006318398136253053,-0.10073384977060532,0.14805558581392064,-0.07620039662597972,-0.02476605231648134
0.1529331283676722,0.4952412019572001,0.5555289903700179,0.531183969840034,0.5419682497201807,1.1137744949285227,0.5259853473196493,0.7541929650615478,0.6162172145431654,0.6250952318629868,0.694513913207016,0.5619746120857779,0.6651221314870656,0.6122193030282644,0.5846770895214954,0.588809534026264,0.7021752911428206,0.5619646913896746,0.7830092444011246,0.6500643751160443,0.5036409871282336,0.6218499181459887,0.3990632953905863,0.9142467097598941,0.5799263115968346,0.5550222026835714,0.512829002451644,0.5970258728962,0.8191318403643444,0.3742235914730067,0.49794345477266316,0.6003667999611185,0.5346907090430861,0.7029068621216477,0.2831157259411709,0.4362150785092079,0.7741838560159434,0.42512826590177155,0.7346656962950444,0.24488426878985886,0.3719612155231108,0.4841081032389948,0.5104090419673442,0.3153551584130126,0.25075301548744267,0.43777322913571004,1.013571873538518,0.03217617169626662,1.0456965511909901,0.15078487564510107,-0.1329703243584444,0.031295161348685395,0.08576103368528958,-0.10560061769088037,-0.08512450355855496,-0.052822546022338136,0.219775043594354,0.2372812611042649,-0.4860676922670562
0.10693713886807062,0.36913437660853954,0.3694674903328459,0.3735559091959113,0.40444360474282887,0.5259853473196493,0.815118952946804,0.4631628802335784,0.6017218592115859,0.4922758069901096,0.5739051989687377,0.5695528816522152,0.53814840382747,0.54158367435348,0.4348604848434499,0.5147205299440767,0.5670634360256669,0.4565174963983349,0.44818425280320423,0.41682598578321634,0.4146996849350932,0.5620598077882999,0.49080407909536206,0.7657907279088928,0.4872717687422523,0.4148086241618067,0.4335063089186306,0.4193141119306355,0.5717646836963381,0.4290313446297563,0.45085349933255614,0.5268710204709695,0.4552559059034258,0.4920547051051028,0.267215990146629,0.5045447606398985,0.5471948914743959,0.27956184126100386,0.6352361806338545,0.21997757811471602,0.35438066221217523,0.40634443627627564,0.37812113734217895,0.2900673041192693,0.18700503244093458,0.3584786151707127,0.5615214927764538,0.010335763488823257,0.896974885737368,-0.10162834363422844,-0.035409501517910946,0.003821536836851037,0.21193642340420507,-0.09658729621197991,-0.1621444748042562,0.0920866493718921,0.1261906294863452,0.12322437888067685,-0.3959795106849735
0.1271762568953051,0.44518107510107385,0.5322825711960528,0.41696294914855686,0.48946087164854635,0.7541929650615478,0.4631628802335784,1.0346599665304486,0.44703324790014765,0.5903185963857701,0.6869571109091986,0.4635010640985396,0.621912931453569,0.5187202220768912,0.5051918127783649,0.5048485881320968,0.6903346577890994,0.5551930338311167,0.6409058724411092,0.5588723835223708,0.4236643638640101,0.5540898869596752,0.449155148695743,0.7598180659444109,0.5138827570029935,0.5395931796981135,0.4530450365576169,0.474546546638494,0.7148175283040836,0.3788575171525768,0.43767723643286593,0.49470688262869567,0.5753707248817822,0.5705876763998231,0.2475259429497517,0.3783475386373437,0.751827120211625,0.37387986585241867,0.67305503454052,0.23026733964433457,0.3580135375757233,0.42623370981100817,0.4735226967021545,0.24864979887743177,0.2473047233387317,0.49921393411998505,1.0204087539832056,0.03325099557237375,0.8600473321351839,0.1463567388919507,-0.0036465747058015497,0.14654971214713744,0.09045678231601441,-0.18822759077630458,-0.13498274190157405,-0.14420893372247884,0.25477829389597345,0.4849171321841682,-0.6998059338942281
0.18004039595973695,0.4170385705926875,0.6402242736212523,0.3162966728072623,0.34455777316135444,0.6162172145431654,0.6017218592115859,0.44703324790014765,1.0453575372788004,0.500325933401724,0.5264858780208547,0.4891343342832974,0.5253705012119861,0.6339641929792519,0.501028789621768,0.49706822985970567,0.6217819042602526,0.4358142991974719,0.4970666619279997,0.48011846150551496,0.46429900063171187,0.5481601565234416,0.5244060863968616,0.8117082131347642,0.5858282648105254,0.4575146130261026,0.4338176434838933,0.571799525133295,0.5951906634258509,0.4059042948677442,0.5244914003978268,0.5890174190692847,0.4832834895917625,0.5795751077863559,0.3422980405107956,0.5087971258512685,0.7134545306533511,0.3149383443061677,0.6413912140624201,0.19967754084648415,0.4105487097781614,0.45651873254655695,0.43088422089329265,0.30684091797958896,0.27038332586816843,0.5214068498713967,0.7706163463628336,0.01215809763147901,0.5948425137917905,-0.1868043373640589,0.057142709020207474,0.016528066748720486,0.30924311197760457,-0.13398536366491234,-0.012646857385141966,0.15914060147912637,0.21071570789933491,0.022691354648310947,-0.5457023831076382
0.1410199651419868,0.372649524888054,0.4361803198159865,0.4518641803960935,0.5320934725198982,0.6250952318629868,0.4922758069901096,0.5903185963857701,0.500325933401724,0.9911091084578988,0.5806227341612863,0.4781904795590939,0.5524934032960094,0.528356635569874,0.5112874394515863,0.4688939369520186,0.611670629616148,0.5004907746856243,0.5538203005032626,0.5271005939904354,0.4223098083098013,0.5086784674725612,0.4953749424956548,0.7755799108527835,0.5119586279238895,0.391217100092561,0.4269192529963854,0.5226184966624537,0.6121507521417878,0.472892095344002,0.48826436799982104,0.4979796587715413,0.5475333507571523,0.5503759311429799,0.3573233588082169,0.47245408832138586,0.6950174177268873,0.34127536950376053,0.6702371180716309,0.23786753790274986,0.44283202868467497,0.4303375881690907,0.3384686058732819,0.32286104446409614,0.1301929000914739,0.5110254392019201,0.9371129007546215,0.021786911455609924,0.8051985718938047,0.11735707001382988,-0.030645812968858918,-0.0042762085303837665,0.19433967539263564,-0.13324376105178318,-0.029160949526047655,-0.05660844903569096,0.4355953109945068,-0.07942449593658661,-0.3819786483258638
0.10844566585531161,0.41323568506796404,0.4092259028904788,0.4150255921295886,0.45131899779126206,0.694513913207016,0.5739051989687377,0.6869571109091986,0.5264858780208547,0.5806227341612863,0.9561262084807776,0.5564766659810232,0.6070163773524366,0.5293058107552766,0.5641986076851813,0.49325069621885304,0.7051580606017177,0.49496544612778454,0.5313524922155138,0.5859300712423794,0.4817555641434935,0.5320017616805104,0.5036816527119984,0.782944755981466,0.561775080416318,0.5349992042550321,0.4707329085836684,0.5331472792987699,0.6906509131794489,0.43541028796835496,0.5128416604109401,0.4985429700228306,0.5301908301079434,0.5384300615683796,0.34140492257617433,0.47755216309106346,0.7298877545317722,0.379556625628997,0.6611652035142133,0.2746504131795928,0.4241293415647512,0.47882465572184657,0.4023759066377564,0.22511487309859426,0.2984747064430753,0.5083161244194094,0.9600771057100174,0.030139896897900115,0.4836306253006698,-0.03251323582726727,-0.027131985899015644,-0.025589651370848638,0.28946800045551657,-0.11272529000940737,-0.11135088957469565,-0.06618437453779472,0.23802979825925222,0.1853294050681087,-0.47828832759256473
0.1320378486665064,0.338520111309368,0.380840801245213,0.42947806708833214,0.492607242264847,0.5619746120857779,0.5695528816522152,0.4635010640985396,0.4891343342832974,0.4781904795590939,0.5564766659810232,0.7978821664758745,0.4809057963638096,0.4967194836080851,0.42695386437996574,0.49037729767134924,0.534598418265705,0.393382026810019,0.4850723455087564,0.4442785298370767,0.37214690333709627,0.4738099153467908,0.4101228702497937,0.668580970745054,0.4537660016040115,0.4144805869671456,0.4501468208725057,0.27097516581554043,0.5132143483898106,0.35677746374002106,0.42867427265836106,0.48150888999357006,0.3966588159129022,0.47465691049382014,0.2531765754365154,0.46642708874646516,0.48848889367287035,0.2976063988083344,0.6072406718488609,0.22235859485465187,0.3368285800345335,0.37227337066156624,0.3403756269878103,0.2750843798350931,0.19721295538066613,0.3327435341789416,0.5860282517724684,0.016847636819347048,1.0077174064426382,-0.09333546644271025,-0.051469811178460084,-0.04980243445977763,0.17853787905402205,-0.055180222911546055,-0.21601943068071294,0.06438339126709192,0.13414660584502425,0.23515432741472067,-0.5225597230916511
0.11593523834580437,0.38977666893648405,0.4893932778625233,0.4354043609549925,0.5774732425945124,0.6651221314870656,0.53814840382747,0.621912931453569,0.5253705012119861,0.5524934032960094,0.6070163773524366,0.4809057963638096,0.9004013372109233,0.5197405016006266,0.4635477635259879,0.524602922086283,0.6286083351293937,0.5263021615736425,0.6278566422255062,0.43157161204497974,0.4255203178468961,0.7299651597242874,0.4765692744536575,0.8154451641577676,0.5155629111483426,0.4061133728319889,0.4732585843742237,0.49232261630532986,0.7589341723078306,0.34758053944403444,0.45213989924428905,0.5060965685117023,0.5141056802612776,0.6162022566984202,0.30628455825183115,0.4716577356102447,0.6925000451009907,0.302930525730816,0.6373817832919269,0.1910442816267372,0.3530049146823212,0.4248137058788342,0.3563022388514598,0.28215181132205536,0.07660201096577399,0.46933513854046854,0.8351851944361842,0.016107898238989064,0.6302255715294416,0.09135744837598729,0.01649055680875493,0.03197627480581096,0.08669377019938512,-0.1785565111925036,-0.024693666126642685,-0.0848797979733983,0.16801764002018468,-0.19843511860664398,0.0048269678572389
0.1316563733195514,0.33902316452940146,0.32714063590839365,0.43928959927885164,0.5210369365785332,0.6122193030282644,0.54158367435348,0.5187202220768912,0.6339641929792519,0.528356635569874,0.5293058107552766,0.4967194836080851,0.5197405016006266,0.9904591004514535,0.5620492032350278,0.5717155614875182,0.640549877924307,0.3945754773401557,0.5306536291497745,0.6203844640464751,0.4560809532026388,0.51896046232444,0.4501776296403143,0.812823418132627,0.599506005434047,0.42636174255072695,0.4931224507864257,0.5909652180550965,0.5938262483785802,0.566596981261916,0.49868227356450795,0.835113904757304,0.5228459141865335,0.6062506337644096,0.4312564267592612,0.5052046527212535,0.7158353400430929,0.3902056508666171,0.6333121600035501,0.2604601144475901,0.529412010310793,0.4744308842357215,0.5416740856453065,0.3352593070666942,0.20884192853292757,0.40656557161002277,0.9152875898823387,0.020847585759489636,1.0034599536755706,-0.02102229504464542,-0.06394030340893317,-0.08168603584315859,0.22264525561143056,-0.04584548181076011,-0.11746806474639311,0.0016691368988039337,0.11361214156690212,0.35232553188279014,-0.4875895911883663
0.12567097087754975,0.3928758759633056,0.4279759771736146,0.3659878335379554,0.472334048003268,0.5846770895214954,0.4348604848434499,0.5051918127783649,0.501028789621768,0.5112874394515863,0.5641986076851813,0.42695386437996574,0.4635477635259879,0.5620492032350278,0.8480749659675266,0.430607590431493,0.575909315514103,0.46583415979227194,0.5209229764558413,0.5187091230903955,0.42767036506127243,0.3681219237620082,0.45821505283497965,0.765546210710916,0.5289672004134279,0.41975408602749464,0.39003456468156356,0.635780287371792,0.6027447214122199,0.45247991650232805,0.4431183638282985,0.48727525863356513,0.5338048308092054,0.49828993183877507,0.3308855485550127,0.41388427547590095,0.7262474189615107,0.3149013819418463,0.5160970342618488,0.19408825461866971,0.4278769532966591,0.4285860145625731,0.4404449083049764,0.22572633642407375,0.16050944142056245,0.4736609210041144,0.828073792958121,0.02706729627309502,0.58979875617687,0.2785844899063341,-0.1015925672771029,0.12505268044592782,0.012180234484327437,-0.11834224024360863,0.024635427525769214,-0.0022745424605476626,0.12578690538933462,0.12716428984619557,-0.31565408872797546
0.12210610450523766,0.3148862498195287,0.3310810222968384,0.43953907707729356,0.617641317173352,0.588809534026264,0.5147205299440767,0.5048485881320968,0.49706822985970567,0.4688939369520186,0.49325069621885304,0.49037729767134924,0.524602922086283,0.5717155614875182,0.430607590431493,1.0915780055470412,0.45711980554537,0.5126881690734104,0.5422519181099793,0.43988878456007396,0.36899626182413375,0.4703221441125051,0.23497689256247958,0.7687320095686829,0.41218203482871546,0.30883188872105355,0.4904403267232712,0.4336507759552623,0.5735610045038242,0.4247370143509777,0.36560564473735363,0.520682868278949,0.32806463165718325,0.471959108494905,0.4190229853988516,0.4829129754267917,0.4737559045081633,0.27216135402345876,0.5493701925444445,0.23035843402594272,0.3693046708445202,0.387126671146227,0.42524550872206723,0.28506720673331787,0.15910576363608536,0.3224644209068016,0.6117885393054927,0.005160644392854153,0.7018707067492795,-0.38857160754981146,-0.13898999155840844,-0.10836458352321796,0.21585671175315627,0.049615130623708543,0.019012826982275494,-0.05201594916530033,0.124488935227835,0.060302901508916824,-0.2132455583034728
0.11526797190307536,0.41884266731071634,0.5750916624335363,0.4300959162202685,0.4145805920638157,0.7021752911428206,0.5670634360256669,0.6903346577890994,0.6217819042602526,0.611670629616148,0.7051580606017177,0.534598418265705,0.6286083351293937,0.640549877924307,0.575909315514103,0.45711980554537,1.313990806336379,0.32534563291489144,0.6296257875854361,0.6220060180515153,0.616554733527809,0.6542830243033252,0.5716637467436338,0.6939156729003928,0.5933683494003774,0.5224965225480966,0.48171204034242016,0.9414958177279988,0.6710568016327956,0.36863682762017164,0.6126976691521423,0.5764479685564692,0.6436079304601606,0.5892022067201587,0.3482677812532525,0.5031809804657486,1.0613873104376597,0.4245349168540878,0.7942824251377435,0.3127943975170449,0.6040174452171251,0.5979270029365813,0.34774158055984783,0.26151907809849784,0.5245407991457961,0.5189770182544451,1.2407903252464763,0.040693687545706916,0.6497057479138197,0.3348607368810051,0.17860985045960814,0.13844495083079691,0.12361936586779848,-0.24684639482640483,-0.27548980655615923,-0.021128277180483247,0.23228527820801395,0.19010598172407042,-0.6046967115272844
0.15281165444070824,0.4540728332792485,0.43502206857692094,0.398742867749098,0.48845223780633296,0.5619646913896746,0.4565174963983349,0.5551930338311167,0.4358142991974719,0.5004907746856243,0.49496544612778454,0.393382026810019,0.5263021615736425,0.3945754773401557,0.46583415979227194,0.5126881690734104,0.32534563291489144,1.141215970174894,0.4932706618892296,0.2514432911462722,0.3008311259847896,0.5076559517675333,0.40687665922583344,0.7923448017596267,0.44916856298399305,0.2762771753536252,0.34505136361404964,0.4314337434624566,0.6480524290792997,0.35395813162419865,0.3067768807112036,0.35121535320906594,0.47843149092721704,0.46678962856640455,0.20675767165815667,0.3591565734249375,0.4677177060937959,0.1920605490257444,0.4835323710895382,0.13019068766231265,0.15865410347586154,0.27677507041524274,0.41698970590040685,0.22970280308670657,0.07713991433078761,0.38663608006351385,0.6277332080478563,0.0004805746651644657,0.3829798675718661,0.1658279475954785,0.04263764429725674,-0.08350174245131908,-0.04904933745922834,-0.07027526099429018,0.016705705108997174,-0.12908476985600217,0.12821628092731008,0.06065310147980496,-0.07220407114105826
0.1276321952698174,0.36072386013845903,0.5045777877371203,0.45733855015845193,0.8359000920130544,0.7830092444011246,0.44818425280320423,0.6409058724411092,0.4970666619279997,0.5538203005032626,0.5313524922155138,0.4850723455087564,0.6278566422255062,0.5306536291497745,0.5209229764558413,0.5422519181099793,0.6296257875854361,0.4932706618892296,1.1457841063731826,0.4242480033983956,0.4397839718831688,0.5961659916852339,0.357643126301194,0.8115696546894567,0.47017826802626217,0.40729204999914104,0.4251800130668636,0.5945431392258388,0.7041922410455045,0.30786594566422076,0.4272457758237802,0.5188577691539525,0.5837762717555319,0.5249682811847165,0.16495098098308553,0.47235760506610086,0.7110975000742147,0.3104233288836275,0.6535390439065641,0.19161721512291097,0.2974432649744984,0.4126783784887582,0.37166462253595883,0.31097892678568667,0.18889211029146516,0.521031435042144,0.6205937721268098,0.030950752316535032,0.7531377253297493,0.03287223209246157,0.4127356847636522,0.31638397407234764,-0.13392578080088385,-0.22217264382064844,-0.10373165952336497,-0.06200019005997199,0.17037202906734816,0.09227178294523114,-0.23196970786422663
0.09492828376231731,0.42078771440230983,0.3347427410566481,0.333044756284324,0.33528183835760267,0.6500643751160443,0.41682598578321634,0.5588723835223708,0.48011846150551496,0.5271005939904354,0.5859300712423794,0.4442785298370767,0.43157161204497974,0.6203844640464751,0.5187091230903955,0.43988878456007396,0.6220060180515153,0.2514432911462722,0.4242480033983956,1.5670896536511927,0.420174317820857,0.06673536608113145,0.031234922637828816,0.7317681116177678,0.4375405342040747,0.5090200935839527,0.5746416416708845,0.7327031666383864,0.5142582308588051,0.5968931838658472,0.612081265889238,0.5965554125790814,0.5300303975496888,0.5079936875516955,0.2965335847047775,0.4727674926730047,0.9802973098361701,0.7990511783183292,0.7853256660594178,0.3458372942165674,0.6500918841246801,0.4710269529829922,0.6948624735607385,0.1772633038711441,0.741001211393242,0.31790685062385066,0.5572289872643312,0.043310721299090214,1.6375145780414455,-0.002846232469645695,-0.27744583211174517,0.02588205652725169,0.238072167321692,-0.06244821462635606,0.04991679746664081,-0.03015899074867464,0.14962079544090864,0.3481598352602631,-0.5229376404834495
0.09843565478497353,0.2909512605928244,0.331252638988601,0.3128854330281068,0.3174495593626705,0.5036409871282336,0.4146996849350932,0.4236643638640101,0.46429900063171187,0.4223098083098013,0.4817555641434935,0.37214690333709627,0.4255203178468961,0.4560809532026388,0.42767036506127243,0.36899626182413375,0.616554733527809,0.3008311259847896,0.4397839718831688,0.420174317820857,0.8454150841986654,0.5165480048788537,0.4804663767191611,0.5283419384814108,0.5451206427828765,0.49180264680656083,0.35162577573056386,0.5765687809679984,0.5964186767777361,0.5177541889016658,0.5029885536795857,0.42653938770873867,0.4761184799305252,0.48199531101436477,0.5335022413421023,0.43129739386222543,0.9403732300428078,0.3126787309620201,0.49492069400741684,0.30809853688108196,0.6685665195645939,0.6882720388878503,0.41708003542642164,0.21615787535315342,0.5352778455527165,0.3951192079246683,1.0119326939799234,0.052135795792049425,0.6433710985672376,0.032688165043779235,0.04693261529001213,-0.04697672277733228,0.12161346008399726,-0.08247459942850074,0.015348658576555594,-0.025345632369824133,0.15107246305273422,0.10976628133869908,-0.3326401771738809
0.13204384303664884,0.26952068841711474,0.4884796468251905,0.44306571684797813,0.5398225351952083,0.6218499181459887,0.5620598077882999,0.5540898869596752,0.5481601565234416,0.5086784674725612,0.5320017616805104,0.4738099153467908,0.7299651597242874,0.51896046232444,0.3681219237620082,0.4703221441125051,0.6542830243033252,0.5076559517675333,0.5961659916852339,0.06673536608113145,0.5165480048788537,1.569609527919749,1.1090908529102181,0.8133260146475031,0.4951187198378161,0.26226061020911573,0.39640369312303114,0.3424689200381231,0.9224403265260955,0.3776072250141578,0.4985701972788279,0.5680369525728418,0.506567259301606,0.8774724864863253,0.38566138041923836,0.4295040601026956,0.7121507138477702,0.16899459212473883,0.8159680439480451,0.19690882111363806,0.3060254308365581,0.4727946878200058,0.37363658443201164,0.43638463499072694,-0.08058522037127373,0.5053699372504291,1.1480477823046968,0.02289730575343924,0.4897781962323576,0.007430850671220686,0.03761413662413215,-0.06137459748656209,0.0499526358524996,-0.14038171435685434,-0.08422292248384879,-0.06485649210962825,0.15020992582034107,-0.2073725002189113,-0.03508050407913941
0.15063032537893695,0.05637954248536531,0.38221442045489995,0.37270977159469004,0.4462375398351107,0.3990632953905863,0.49080407909536206,0.449155148695743,0.5244060863968616,0.4953749424956548,0.5036816527119984,0.4101228702497937,0.4765692744536575,0.4501776296403143,0.45821505283497965,0.23497689256247958,0.5716637467436338,0.40687665922583344,0.357643126301194,0.031234922637828816,0.4804663767191611,1.1090908529102181,2.6471245990829004,0.930815509204578,0.7769668375474377,0.18215214195080942,0.27009739332882865,0.4246945672778946,0.9697599238435902,0.6277715207464923,0.5340158947438302,0.32840812758856636,0.7853912331380073,0.7686807257113542,0.33759318677749633,0.3306677714239743,1.076612428881701,0.07206029886949364,0.9087762794120421,0.27001297723377315,0.35569243817136537,0.47035970769860547,0.4538595667843959,0.29142681493948647,-0.1578437161531548,0.6238832007919064,1.5707507895102395,0.06450245089877543,0.4102269310202264,0.40506250113076125,-0.12237137362695415,-0.008365522016810319,0.29393833891582277,-0.21750670649490794,0.1951005036181008,-0.06339094222439642,0.19513170444075256,-0.16322881533765793,-0.15865811946618422
0.0924621222479,0.4646380265061385,0.5996512587453204,0.5632525443422624,0.7389839984407258,0.9142467097598941,0.7657907279088928,0.7598180659444109,0.8117082131347642,0.7755799108527835,0.782944755981466,0.668580970745054,0.8154451641577676,0.812823418132627,0.765546210710916,0.7687320095686829,0.6939156729003928,0.7923448017596267,0.8115696546894567,0.7317681116177678,0.5283419384814108,0.8133260146475031,0.930815509204578,2.9560762238496268,0.8146540376112428,0.5469239240478793,0.572904541794264,0.6484577124368152,1.1728034738545698,0.9034969095010055,0.6419804420546688,0.6861230708509227,0.8640345756889036,0.9441779708025624,0.5455514671217807,0.8894167702216892,1.0025327481194304,0.4490705804402607,0.9043321330920266,0.263928866217865,0.3527548712821845,0.5873797756595586,0.756375909785488,0.4268067147041992,0.00290153487462081,0.7009978611101769,1.153893096014881,-0.030224024969565295,1.41783549671724,-0.07086967678336693,-0.13224784800226105,-0.01701922396170006,0.3226285724667471,-0.16974544354905918,0.07200215475634081,-0.05689405077437456,0.25328314490629034,-0.15858959185539873,-0.06434944640426303
0.1675720122964805,0.3243134592270786,0.4465030626419087,0.4223222296042183,0.4061274624171223,0.5799263115968346,0.4872717687422523,0.5138827570029935,0.5858282648105254,0.5119586279238895,0.561775080416318,0.4537660016040115,0.5155629111483426,0.599506005434047,0.5289672004134279,0.41218203482871546,0.5933683494003774,0.44916856298399305,0.47017826802626217,0.4375405342040747,0.5451206427828765,0.4951187198378161,0.7769668375474377,0.8146540376112428,2.1683935274316353,0.3668530159795182,0.41132916335252395,0.5466029133169309,1.1905783668707612,0.8183162302158511,0.6242973231073593,0.5819480320436634,0.555151710227956,0.8311292885920242,0.5996135999798442,0.5954125076768985,1.1214437003505329,0.3908790715805937,0.7845247756088353,0.19734119114124368,0.6256806088190918,0.550814504732123,0.5773765715453891,0.5638101126017112,0.27013877920483254,0.72763234064345,1.228329019758515,-0.023707662373258147,0.3851469511977336,-0.26253189348501443,-0.07214916715321526,-0.05913611333087239,0.30336531089117574,-0.10450995531712466,0.023066344220268202,-0.006994205927549711,0.20602183578048633,0.02858923246800529,-0.32481273352465617
0.13196774047221485,0.34668771684466787,0.41167129958569737,0.3176404682749174,0.31221971603593934,0.5550222026835714,0.4148086241618067,0.5395931796981135,0.4575146130261026,0.391217100092561,0.5349992042550321,0.4144805869671456,0.4061133728319889,0.42636174255072695,0.41975408602749464,0.30883188872105355,0.5224965225480966,0.2762771753536252,0.40729204999914104,0.5090200935839527,0.49180264680656083,0.26226061020911573,0.18215214195080942,0.5469239240478793,0.3668530159795182,1.7540275664454075,0.34816888239461313,0.564898677113407,0.4362131229393618,0.10817964131494598,0.45911268680511375,0.42709462354690475,0.3463457871417018,0.44060754316468737,0.33431348579601783,0.23393780573589873,0.764175738284123,0.3506176808178304,-0.1837493254513798,0.2094708988490821,0.5156591350387688,0.5060200990297569,0.5130388712471727,-0.13815309187449606,0.5118853157028462,0.3673169280814698,0.6565566768679669,0.08838554748621202,0.7805219149401701,0.17378322048297018,-0.009354052294053054,0.018116204432493732,0.024776913416368784,-0.13582260508828484,0.039267375293464135,0.0033312649942303166,0.10126486351211765,0.5617704430222858,-0.7672484100073471
0.0985246937481439,0.30469655131266227,0.3132225348833543,0.33793479217040984,0.40265057829103795,0.512829002451644,0.4335063089186306,0.4530450365576169,0.4338176434838933,0.4269192529963854,0.4707329085836684,0.4501468208725057,0.4732585843742237,0.4931224507864257,0.39003456468156356,0.4904403267232712,0.48171204034242016,0.34505136361404964,0.4251800130668636,0.5746416416708845,0.35162577573056386,0.39640369312303114,0.27009739332882865,0.572904541794264,0.41132916335252395,0.34816888239461313,0.6099432727870352,0.456775315571625,0.47669606227740235,0.37787769582828656,0.42186518914872373,0.5434965131430073,0.43206892192489393,0.437519847187598,0.2810986903724506,0.4452451715478882,0.5827211205414047,0.3494289468823221,0.5361104240423016,0.220927267691825,0.3975952985183752,0.36841631816926823,0.4232150739615915,0.1742190653279769,0.2479689987036313,0.29287822753521725,0.601086509608331,0.014022040523173629,0.8285235952757547,-0.06111301411115756,-0.10983828955488345,0.011485239419266583,0.13378196846356072,-0.0635835193627594,-0.005618052363280056,-0.026918384981246428,0.11854397149417926,0.10101169931847578,-0.26072587224256666
0.09509586250887375,0.39230276505988865,0.4245127751344785,0.2970147277672535,0.3260912780072858,0.5970258728962,0.4193141119306355,0.474546546638494,0.571799525133295,0.5226184966624537,0.5331472792987699,0.27097516581554043,0.49232261630532986,0.5909652180550965,0.635780287371792,0.4336507759552623,0.9414958177279988,0.4314337434624566,0.5945431392258388,0.7327031666383864,0.5765687809679984,0.3424689200381231,0.4246945672778946,0.6484577124368152,0.5466029133169309,0.564898677113407,0.456775315571625,3.2542153875664552,0.6139035805360927,0.4946675431947322,0.6251034427074103,0.5265444186476279,1.0757186520333952,0.35318911524515073,0.22708404094154647,0.2247719852789508,1.3204873857886832,0.4054540149185829,0.4943150371741638,0.25251723512184227,0.6497556666049145,0.5604538344300145,0.7579275672966284,-0.09449548701538751,0.2673271740813754,0.2451224290521615,1.0747306705031177,0.06887439989632864,0.7869336584305264,0.3348259426327546,-0.02950379998511643,0.580844096453053,-0.031239901003682582,-0.34378901397473327,0.739598392335107,-0.12318258312490975,0.08209790748999157,-0.06261834905550369,0.2826193549152264
0.15966921803875858,0.4471705439966229,0.621228774560437,0.46319520514746276,0.5982824698431467,0.8191318403643444,0.5717646836963381,0.7148175283040836,0.5951906634258509,0.6121507521417878,0.6906509131794489,0.5132143483898106,0.7589341723078306,0.5938262483785802,0.6027447214122199,0.5735610045038242,0.6710568016327956,0.6480524290792997,0.7041922410455045,0.5142582308588051,0.5964186767777361,0.9224403265260955,0.9697599238435902,1.1728034738545698,1.1905783668707612,0.4362131229393618,0.47669606227740235,0.6139035805360927,2.7744118077820374,0.4973568669629476,0.29265646319238475,0.5029992748942956,0.4945378470644726,0.793331217154697,0.3328746132662934,0.6137444865686358,1.1853522074972436,0.22567812395144282,0.6712677778833097,0.3841447822408891,0.49626990329368437,0.5740065561743989,0.5091815438151966,-0.3193854326802143,0.32541918537126513,0.9532018718360709,1.3524430619399646,-0.02494704627633619,0.9838281162626508,0.010855030141884197,-0.04896301066754324,0.017570350259537813,0.14096904884327519,-0.16130078278858212,0.25467866234212005,-0.21776358314399247,0.12082629806858607,-0.15007602229836303,-0.0068372707858618065
0.09238134830039907,0.17926393182676553,-0.04605780255553974,0.32599866427283597,0.3558658076146273,0.3742235914730067,0.4290313446297563,0.3788575171525768,0.4059042948677442,0.472892095344002,0.43541028796835496,0.35677746374002106,0.34758053944403444,0.566596981261916,0.45247991650232805,0.4247370143509777,0.36863682762017164,0.35395813162419865,0.30786594566422076,0.5968931838658472,0.5177541889016658,0.3776072250141578,0.6277715207464923,0.9034969095010055,0.8183162302158511,0.10817964131494598,0.37787769582828656,0.4946675431947322,0.4973568669629476,2.6997747321092085,0.594021812739464,0.5584821968932835,1.0733413859803629,0.09244383864524396,0.8083419669456773,0.6279253049947424,1.044594630698137,0.4360968632356766,0.912802852773272,0.21077528880961977,0.7164271259746604,0.5400941346258298,1.0977906977854583,1.085346517574774,0.24752949240706712,0.670869957802933,1.2330263760703335,-0.03143827313161087,0.888585726463619,-0.08938144544844365,-0.28650370806378883,-0.2711353388952246,0.2722462167652006,0.06136244206532649,0.23422492079545335,-0.13947773091535265,0.1707185521238576,0.7368028035362433,-0.723041803645887
0.11245144408686639,0.24927313048593971,0.34617798878527983,0.35385973745959876,0.36748467890614916,0.49794345477266316,0.45085349933255614,0.43767723643286593,0.5244914003978268,0.48826436799982104,0.5128416604109401,0.42867427265836106,0.45213989924428905,0.49868227356450795,0.4431183638282985,0.36560564473735363,0.6126976691521423,0.3067768807112036,0.4272457758237802,0.612081265889238,0.5029885536795857,0.4985701972788279,0.5340158947438302,0.6419804420546688,0.6242973231073593,0.45911268680511375,0.42186518914872373,0.6251034427074103,0.29265646319238475,0.594021812739464,1.4567647133351904,0.4865844243937647,0.6802244761587584,0.3235168234083897,0.41976865611810693,0.7801051045532227,0.8509056134512122,0.44370153790691447,0.654430400220513,0.21103827244674753,0.5812328241268401,0.5077336052774746,0.4049370868831014,0.47246290898106824,0.39358655176284224,0.37655754526435165,0.9087046371150687,0.001539858485407745,0.401711339246244,0.10989432227234779,-0.0849755330886102,0.041024361386225346,0.163878348924623,-0.14923629283450215,-0.03493223144847076,0.05874172213305594,0.29818063305787046,-0.028730986684207392,-0.45078022658234895
0.12201393661175114,0.34022639270762967,0.3182982814217726,0.4331954558114003,0.4813095382943446,0.6003667999611185,0.5268710204709695,0.49470688262869567,0.5890174190692847,0.4979796587715413,0.4985429700228306,0.48150888999357006,0.5060965685117023,0.835113904757304,0.48727525863356513,0.520682868278949,0.5764479685564692,0.35121535320906594,0.5188577691539525,0.5965554125790814,0.42653938770873867,0.5680369525728418,0.32840812758856636,0.6861230708509227,0.5819480320436634,0.42709462354690475,0.5434965131430073,0.5265444186476279,0.5029992748942956,0.5584821968932835,0.4865844243937647,1.2579356670834945,0.48296147647593934,0.6491734292553188,0.4384687655475178,0.5428042136771484,0.6095882776329297,0.3824073244960442,0.5827079798622536,0.22356872409022074,0.5376502616282833,0.4530400645215363,0.5241656537868294,0.36676379353987054,0.1605836581032405,0.3673826941301696,0.8424571276412832,0.012712572782310593,0.8688887856116173,-0.039262612135748,-0.03449334085601558,0.06917134239341652,0.022531288100215204,-0.06618360193513417,-0.13219315887812627,0.026965366278690634,0.10813870590069055,0.29243476246836,-0.4433949958404431
0.11520301421882354,0.3182886449058846,0.3958155066031557,0.3625559703384758,0.43219605932344024,0.5346907090430861,0.4552559059034258,0.5753707248817822,0.4832834895917625,0.5475333507571523,0.5301908301079434,0.3966588159129022,0.5141056802612776,0.5228459141865335,0.5338048308092054,0.32806463165718325,0.6436079304601606,0.47843149092721704,0.5837762717555319,0.5300303975496888,0.4761184799305252,0.506567259301606,0.7853912331380073,0.8640345756889036,0.555151710227956,0.3463457871417018,0.43206892192489393,1.0757186520333952,0.4945378470644726,1.0733413859803629,0.6802244761587584,0.48296147647593934,1.9543786700591281,0.179287792251069,0.1499058490803174,0.2789066403561476,1.502446559790888,0.402714950502574,0.8393474521486884,0.08851204190968313,0.2877953085201022,0.511451778347751,0.7925905782364352,0.5911616233330442,0.029135339831580873,0.5336772215381503,1.332658183290901,-0.001107910174536518,0.8393045830131565,0.520911583284672,0.01067396579637566,0.4358031913343999,0.03268307300630787,-0.3934098835887059,0.37892146499231355,-0.2052265882519076,0.09272489846449901,0.16166881581512896,-0.0953902647180851
0.1113004036878905,0.40650420737907605,0.6161863705963881,0.4769777332279566,0.4533174500792208,0.7029068621216477,0.4920547051051028,0.5705876763998231,0.5795751077863559,0.5503759311429799,0.5384300615683796,0.47465691049382014,0.6162022566984202,0.6062506337644096,0.49828993183877507,0.471959108494905,0.5892022067201587,0.46678962856640455,0.5249682811847165,0.5079936875516955,0.48199531101436477,0.8774724864863253,0.7686807257113542,0.9441779708025624,0.8311292885920242,0.44060754316468737,0.437519847187598,0.35318911524515073,0.793331217154697,0.09244383864524396,0.3235168234083897,0.6491734292553188,0.179287792251069,2.6392162969456066,0.6447380934928895,0.04889025402313647,0.9834172152838693,0.2901599254789694,0.3733853542909474,-0.0956668233065339,0.48126951308728794,0.5145236960599416,0.7051426584133367,0.7928980486348246,-0.607514076515567,0.6781149827330338,1.122915404573495,0.09987186249216204,0.8581228105495264,-0.02608062883110464,-0.11226627773405878,-0.07129139360203847,0.16538575363309568,-0.0895293379048301,-0.18724999945737622,-0.009229120477903101,-0.0866627894447218,-0.24064477847244048,0.4664425242945296
