0.320542753479857,0.031218220205455772,0.19568883827089928,0.009659807059955321,0.05594878963698083,0.020931060781554767,0.04338341446673978,0.004132132643106385,0.01807897548973656,0.03724447164008538,0.03873230966338124,0.04614377202554226,0.014943783130821195,-0.00047620995083687083,0.025716452855698412,0.0210367633665437,0.027895618843984882,0.06046596727462193,0.03024510677545101,0.005030245742481253,0.03010237491629212,0.021425473261760315,0.015097451133821112,-0.006403674833706885,0.01064208750878425,0.02642743078372816,0.021036944531647256,0.010016918924074492,-0.011072052640992923,0.030877989231681998,0.03267704406912245,-0.00470049627373464,0.025559157352038144,-0.06140656187586363,-0.005689209408760818,0.01847655522056,0.024557390173579326,0.04439327910759962,0.03350505347851972,-0.011309720682014867,0.02223665426761714,0.019264932485501627,0.03183613328296908,0.014316827716347272,0.055189370891920365,0.05274940407716728,0.04371691804081377,-0.0037034785771773346,-0.010207043375067374,0.05282712080079137,0.017030038710180093,-0.030020345707433917,-0.006826765812878766,-0.026771830980687496,0.05550728301964535,-0.005835507878914352,-0.01990455034922934,0.17695305279673446,-0.2252235247630147
0.031218220205455772,2.3722003470970248,0.24865603497065672,-0.5168725033094035,0.13565143520949147,0.2778491630100901,0.28534901900277854,0.042446491428306796,0.29767726543185014,0.13452456228868812,0.1814064398162355,0.194011470784236,0.19694116005999704,0.20621931833954477,0.3343310341502533,0.14393944849759072,0.22257650405919263,0.22316299510726148,-0.015339826684632601,0.289700170267825,0.16438252395798594,0.18801448676687785,-0.2850825031628741,0.0011745446824335043,0.08700214550082339,0.17029358751837645,0.3107036155075576,0.18848444455792587,0.2934110268493034,-0.044486836898292643,0.21705791755541645,0.21527185715758743,-0.02514700610561994,0.21925534886076212,0.3164646778033739,0.27630024137282627,0.26923623387713463,0.1083145759590412,0.08982811874923607,-0.04956113634005862,0.09652388632267174,0.13430828588905952,0.07857850246356968,-0.4205477711510916,0.33446117779188494,0.04700366817949077,0.07500967711341855,-0.08264755982679506,-0.05608017412345717,-0.07395898574822451,0.06656368294719954,-0.017173905438757065,-0.08269169965530049,-0.029143823659999714,-0.3909203897740408,0.10009698574961107,-0.2629060811609842,0.014583984598429228,0.28713173503070516
0.19568883827089928,0.24865603497065672,2.4024558354373613,0.38433127471071815,0.11877423775707677,0.3772922497775914,0.18117643964701607,0.533963091010154,0.4371305186124659,0.3809102887811495,0.43018965939027254,0.23075271296305808,0.42049291160025865,0.21730939792173043,0.14934928459805993,0.16615791125880594,0.33948404103402774,0.34224441669918754,0.3326936172584129,0.27412543481465707,0.2826407030269342,0.32374547397307185,0.265199449359872,0.2462824833079899,0.2738115044515086,0.35822457512453715,0.18257272573372496,0.26758996322500267,0.3663028170179585,-0.05013760792131027,0.31473088439453645,0.21817700304672286,0.3409747705123405,0.46487079261988373,0.18284291133860886,0.528640467161839,0.7031528925827771,0.10983719327593644,0.29652779729454287,-0.4396845858734555,0.13825337982981104,0.2408377660796932,0.1827385157842415,0.14966024125478353,0.18751829589688135,0.4994681043952934,0.18769702250622333,0.03413449231822198,-0.32350551758073315,0.41207574043658746,0.04357651094063882,0.2411425355123248,-0.10223003036308506,-0.4070098683175813,-0.32288856084282574,-0.047528130108096894,-0.19659208785465862,0.032885675608350914,0.24332209755736048
0.009659807059955321,-0.5168725033094035,0.38433127471071815,2.3010372462864055,0.1926268278072704,0.3743819153779936,0.16943198431228276,0.4282226507444937,0.05499473246671944,0.12398201947101874,0.3361717533129905,0.3038971462029432,0.29011909507162104,0.28601576525669226,0.15611428269519348,0.3267803186459101,0.24578016651121135,0.32233058970477924,0.23315456495470846,0.22387007918299628,0.27185369731841796,0.26546229048326075,0.43915913784313254,0.33114624231787393,0.35215625917910837,0.16655881795284797,0.10608952690172521,0.16373901365124138,-0.0055623224534074,0.3276678941511589,0.2436826615993454,0.267408812586355,0.38838871425141025,0.45099031673827544,-0.2049536160098966,0.06466242300558231,0.5019136910654989,0.4068712299450516,0.3944333453956834,0.07221343641681131,0.21264704457104142,0.23948565466891258,0.4859324598260074,1.146895521866539,0.027157208263088997,0.22976058080110942,0.36625735368610113,0.2527804591534552,0.19885723722534007,0.34919434294351803,-0.06746577960939443,0.16083798055232681,-0.1375380192035629,-0.2374246702580681,0.02662630488232682,-0.015030551508771613,-0.3455137558313305,0.5847095325224163,-0.182178180316726
0.05594878963698083,0.13565143520949147,0.11877423775707677,0.1926268278072704,1.2810313236935782,0.4248944458172473,0.20360786949487808,0.28702446913932816,0.20414361005274562,0.09566238109584346,0.19401657811095,0.3062188897150623,0.3031191471254569,0.30912794605940314,0.2771829694279595,0.3558280319652249,0.19631178884228154,0.22454647246037507,0.48253064038046295,0.28432188637951195,0.2562990565601177,0.2826960281368434,0.26425963512667966,0.2797206699841561,0.2641740046302736,0.20447347311054948,0.21788727360205518,0.05201778785572549,0.3170612612717757,0.28386875230661096,0.23884829524813417,0.27687139821175694,0.21414317455211854,0.4487432752166089,0.018977442494244438,0.29232650797005877,0.36772257041864587,0.26268030892079147,0.31684915859971285,0.11055435974259159,0.17038937400631288,0.2816363159437393,0.23372249010050877,0.29246100187140195,0.04193500675433257,0.20364189347206116,0.282782205743303,0.167604200528061,0.3692669208872563,0.18576147577430696,-0.07259580110340864,-0.2529951623045663,0.20941842069174824,-0.09581823461301912,-0.07725607329012274,0.01991632508330857,-0.5186083358639875,0.65621809538975,-0.13575782093513064
0.020931060781554767,0.2778491630100901,0.3772922497775914,0.3743819153779936,0.4248944458172473,0.8662206624095149,0.21449106890006447,0.33279819501203006,0.31595682730247304,0.1086361760948486,0.3013227976568527,0.3279903461621214,0.3497336378283808,0.39124274765435796,0.23594959890569747,0.3563875780054221,0.3197781501447609,0.19135447479787224,0.4245636490321194,0.3820111349518019,0.3112983012278104,0.3776498208710061,0.12107934420006045,0.28390558336926575,0.3481042384484347,0.3031766823487175,0.28197071275639357,0.22330086444240885,0.4441428462670435,0.2923478849669134,0.28414431933552614,0.38497364279860197,0.14204461361763135,0.4502197155511215,0.2453372806784889,0.26177267531835563,0.4312461956221579,0.3563442162311476,0.38012755656764846,0.07855403489510161,0.13778470494322664,0.2905712820741385,0.3484768458655402,0.28732122953414474,0.2646106971981028,0.181352327505757,0.2949155865117079,0.07846650380935304,0.33117872565254586,0.1491652450816673,-0.34751284371610536,0.04014922707274937,-0.03480029414142134,-0.04776408173402326,-0.14832584161011927,0.044124219606789666,-0.5669091315600034,0.7107164490058263,-0.15464648294980815
0.04338341446673978,0.28534901900277854,0.18117643964701607,0.16943198431228276,0.20360786949487808,0.21449106890006447,1.1032413229328255,0.17520033611928515,0.44923777695785655,0.16793725858273403,0.32062318484200353,0.3788150614945801,0.3341504055032755,0.2632317726147572,-0.05052368094463576,0.31203923432235103,0.317309031024675,0.3323245587195362,0.07836396246114302,0.20654249660264706,0.28235730548226284,0.38421934007035935,0.3007618729157562,0.24722976907035252,0.25873155383435714,0.2832852248633625,0.2667902788929527,0.16171641150223048,0.15867735411235553,0.2133181662933857,0.26177319586979075,0.25703804034514,0.25146560453616773,0.3723774226065328,0.17261110137804336,0.26665211843120173,0.3060181343163664,0.30099297958262905,0.3568347066237652,0.06735328968579758,0.1459866959951291,0.2480607854810888,0.3424387147661319,0.2779087000327757,0.277652986350955,0.11845948641189125,0.25002638940047583,0.06685770863975424,0.3556053858590989,0.034786396522887855,-0.11458024214446076,-0.14260406857197727,0.11284198814007479,-0.07956836461207517,0.10389810825951265,0.13356504182978376,-0.31664936821585643,0.4441654968148249,-0.5385974335850012
0.004132132643106385,0.042446491428306796,0.533963091010154,0.4282226507444937,0.28702446913932816,0.33279819501203006,0.17520033611928515,0.9042890639059216,0.15986982830772048,0.20936395730322918,0.2943632893959869,0.05295119255057565,0.450371345075741,0.31377717473616645,-0.0025723918408351483,0.22870932361584112,0.22149066941580678,0.22504157314762563,0.2807713804949007,0.27153074627295803,0.2286172460058522,0.2522919149675903,0.25862743216077533,0.30335247447255165,0.25647643010895504,0.24795576199070116,0.19854743641228123,0.1963118222825089,0.1983627719585999,0.27539786456551724,0.2218199920490178,0.27108516982827924,0.23876385634949426,0.3576958918362767,0.2258597664645515,0.20629773194956313,0.4122801190011847,0.3059269490295962,0.33193959916655413,-0.02338671929844718,0.19156846025724242,0.20195291071470461,0.31408892384142756,0.3525265674723888,0.06857817670684369,0.19015873592157756,0.290606420942797,0.14927539956616487,0.29881635994260525,0.09029694423126775,-0.08230185303978622,0.07726909798827115,0.10405011571550872,-0.12771931662071107,-0.12878165901194638,-0.18750339435662824,-0.24168986888715757,0.6190615044635707,-0.08963590962621219
0.01807897548973656,0.29767726543185014,0.4371305186124659,0.05499473246671944,0.20414361005274562,0.31595682730247304,0.44923777695785655,0.15986982830772048,0.8862216361815937,0.11507045749207102,0.18781654274824666,0.24547159558218512,0.35110679045290094,0.21142576749933623,-0.03938260512558338,0.16452941598845133,0.21891285446401737,0.3085126244003565,0.1662227692129294,0.16737660101203233,0.265241486776983,0.45112333176937564,0.2776811945138943,0.1962709411117705,0.14682856850041176,0.3598464580081437,0.2200830836507305,0.1312358021782323,0.23353006442836227,0.1305037426811984,0.24173466331935375,0.2258998614225479,0.2560856217664619,0.2699878062487522,0.07550903099816911,0.31439024090984075,0.3070071491900135,0.2933650525724004,0.2450928824183763,0.04877496192422477,0.10016600843029705,0.2155819459047349,0.31015979144725647,0.17361428606336554,0.26091127357857685,0.18634875198924358,0.2196635920285012,-0.0032047770101816925,0.19364000301875614,0.025918394086696845,-0.0033136737047849514,-0.026049246506709506,0.062022255004247524,-0.10191284970690528,0.05713620095076905,0.20150078846229516,-0.28499388601441683,0.03362433122364852,-0.129588300634555
0.03724447164008538,0.13452456228868812,0.3809102887811495,0.12398201947101874,0.09566238109584346,0.1086361760948486,0.16793725858273403,0.20936395730322918,0.11507045749207102,0.7383687909966351,0.16287108892743657,0.10395004186114457,0.22794468648346047,0.13068623424359108,0.20853899325972985,0.16499854057214747,0.21664341734094042,0.27036713435674237,0.11205424163765444,0.08460466729152846,0.1435899007960588,0.18790770071976323,0.29226525059993874,0.19611220328148865,0.21710021438253146,0.08071625653694284,0.14539021517466041,0.16374076967116438,0.10953610301112186,0.25461318779664976,0.17249207886962714,0.12276437554755536,0.17951929424910265,0.37128608969745225,0.1920968469646075,0.20449612738623085,0.32511777207518855,0.14717395497173666,0.21399012876738355,0.001166108607474976,0.25203282185781356,0.14053336303769162,0.19154000334569968,0.3171029021040471,0.00716078039733087,0.1937575887660662,0.29990302820720566,0.08920340682156469,0.12606369354975522,0.03774603829206014,0.051798999834361745,-0.01966197987347315,0.028627140630856744,-0.050323917069666484,-0.11737618088306312,-0.060300355912811535,-0.13545400725061366,0.163856309144505,0.04893061950934887
0.03873230966338124,0.1814064398162355,0.43018965939027254,0.3361717533129905,0.19401657811095,0.3013227976568527,0.32062318484200353,0.2943632893959869,0.18781654274824666,0.16287108892743657,0.6851765921358758,0.31193293793878046,0.2918314222842635,0.2682337951752404,0.21627477746042845,0.2776237563874593,0.32251195179474357,0.25636424222079535,0.16618289046305218,0.3485886056715158,0.24819427518224366,0.24004567188900577,0.20096747661321082,0.2321043027885433,0.21402072604710018,0.3043678655510324,0.20499956233083988,0.20077389406470347,0.3035521488208087,0.21507495243707972,0.2553630049447241,0.24332544496727138,0.19474272623910902,0.3067147947444234,0.26178141325662807,0.32751596485499385,0.3782839768319802,0.24490141665576617,0.2613664432243305,-0.015560509281186834,0.193109964119624,0.23678776464917142,0.20681680081320616,0.06901942093348953,0.19415001103086796,0.21047152382316542,0.25136668469290824,0.09642551555989855,0.17518540844724345,0.020862483414160346,-0.028053225194688943,0.008758958169027659,0.09933730751124316,-0.08704481387260886,-0.13460969436131545,0.008933446380787918,-0.34197961710625424,0.5152369513029208,-0.2460797704682408
0.04614377202554226,0.194011470784236,0.23075271296305808,0.3038971462029432,0.3062188897150623,0.3279903461621214,0.3788150614945801,0.05295119255057565,0.24547159558218512,0.10395004186114457,0.31193293793878046,0.7745740305287858,0.1781448859838816,0.2753204223883182,0.2862223124421138,0.3125992058461047,0.34541936197043754,0.32901347703239797,0.20945714241081337,0.2480717839822448,0.2606825131631784,0.2824442533721535,0.2304381708630075,0.2282726656134672,0.2953186556355202,0.2365196821424347,0.23329124302004145,0.20221247000574535,0.22715831885841078,0.26755466816040824,0.28554847207590534,0.26529059357792256,0.2043110335368221,0.3346574221164103,0.2739064158646208,0.24581114345023636,0.34906530848353273,0.24095014926028901,0.3196679904646742,0.04354473473470452,0.21571426458408788,0.2441656470557703,0.26406053784973454,0.22016798132607285,0.29231060933291886,0.18643179578818503,0.3195655473375431,0.09602050463776161,0.3103083850230335,0.07435250504613011,-0.02451250516621011,-0.161143892542596,0.059006453221354775,-0.043175382801058614,-0.01461984643341631,0.17588237583646713,-0.4173654681439165,0.6019422508862067,-0.6041699339082678
0.014943783130821195,0.19694116005999704,0.42049291160025865,0.29011909507162104,0.3031191471254569,0.3497336378283808,0.3341504055032755,0.450371345075741,0.35110679045290094,0.22794468648346047,0.2918314222842635,0.1781448859838816,0.7478751653547792,0.263675237109056,-0.04508235675208301,0.2555547638627607,0.23378001985531288,0.2499607363033752,0.2488044643918164,0.22807271435154836,0.25932023547756133,0.329855531120651,0.30096729574287234,0.27907263181706193,0.24689198372534396,0.3131068063022644,0.23718470757931578,0.19056242852755292,0.2654801555021244,0.2021923344973601,0.22774793937968688,0.2500103529709324,0.2788060919873273,0.35991239064212255,0.1723610005342599,0.32608348310337965,0.35828237958876447,0.2924928136709875,0.2650967455292434,0.008100045482744652,0.15772186270553118,0.21851636036091798,0.2651957450867691,0.28345635415348797,0.03665596259328684,0.18039009411443363,0.23850156876683912,0.11630037098458489,0.2706546785227901,0.04413693628151504,-0.05848187282042023,0.004768412904209091,0.0738116131527921,-0.09194675750676594,-0.008999593541606532,-0.057303555773603625,-0.3112283392762667,0.08828839858603982,0.2001390069979143
-0.00047620995083687083,0.20621931833954477,0.21730939792173043,0.28601576525669226,0.30912794605940314,0.39124274765435796,0.2632317726147572,0.31377717473616645,0.21142576749933623,0.13068623424359108,0.2682337951752404,0.2753204223883182,0.263675237109056,0.6888159437438245,0.32052920030287524,0.3546130275575563,0.2628432974896892,0.14085801772910936,0.2600703683645612,0.39750538104176075,0.24768238385273084,0.31243539423628097,0.22455838499840394,0.396525140796535,0.34098932657190134,0.20350873850345444,0.28256000677534227,0.1524246014182542,0.3797419368493456,0.4586007902698332,0.2697965081117683,0.5699706361989441,0.16208650334529948,0.3992866886371216,0.27147564047313105,0.2680868669805955,0.3839867292406804,0.3249272567282416,0.3267097332533513,-0.0008761089023601657,0.3186002601499172,0.2510112854184114,0.3573598660318385,0.2586570450594762,0.12611754091677257,0.18439309586507766,0.339323662714329,0.11203233382347323,0.4465974412840177,-0.04268801507577618,-0.09155769576016137,-0.12067176850930685,0.21015429974571395,-0.046846389464672254,-0.3167427795802671,-0.0047818024936683344,-0.576914281672028,0.935164367335041,-0.19611942128428017
0.025716452855698412,0.3343310341502533,0.14934928459805993,0.15611428269519348,0.2771829694279595,0.23594959890569747,-0.05052368094463576,-0.0025723918408351483,-0.03938260512558338,0.20853899325972985,0.21627477746042845,0.2862223124421138,-0.04508235675208301,0.32052920030287524,1.194445761049019,0.19061573147373082,0.25367255606640543,0.19492687690900862,0.1861087827862751,0.3498572723237497,0.19766004118385877,0.11915132935499348,0.19304421926090423,0.2529179846190753,0.3881660028902366,0.057122046635519584,0.14871508592244284,0.19624232894214333,0.4158071013893125,0.4668269164211388,0.212775649882189,0.28175394907198925,0.1143241467343453,0.40530976967366683,0.26968874185193914,0.17178978456439623,0.4576061115208446,0.08842933971481151,0.1879898965563548,-0.03210267637041745,0.4040670958928882,0.22366858703763154,0.17813296736410553,0.18552723733732102,0.047135014941591384,0.2566148306657164,0.3539345454562917,0.10094305883010415,0.24525209254584773,0.02078967075351168,0.027894900141333917,-0.017733319628105135,-0.002214072016784404,-0.0038786987571772426,-0.15582003491955693,0.09593160849934611,-0.7152663874163268,0.965743327449177,-0.2867983673522599
0.0210367633665437,0.14393944849759072,0.16615791125880594,0.3267803186459101,0.3558280319652249,0.3563875780054221,0.31203923432235103,0.22870932361584112,0.16452941598845133,0.16499854057214747,0.2776237563874593,0.3125992058461047,0.2555547638627607,0.3546130275575563,0.19061573147373082,0.9023464135031004,0.33347219675140677,0.16500513512737588,0.24913014163516733,0.24612782903100558,0.24393667396080684,0.44482126538021177,0.13489803850675125,0.2700638339405697,0.1791672682469937,0.17729716689321323,0.25922709040586783,0.2502011458961882,0.3014847093546643,0.42555815595239893,0.23514130925893492,0.32279590859460994,0.12177259257605684,0.37282456493412347,0.3924366280162641,0.19919528859672353,0.34606884346209255,0.21776681130666473,0.3133807999538247,0.04061705961852608,0.2984748426111062,0.28978893058244093,0.31594148929762156,0.2455239609104727,0.1295405556339815,0.12252617320531874,0.326422892119286,-0.0072061178024108675,0.43563976482716366,-0.10317264790024273,-0.15284392861465954,-0.15358604622847138,0.0379610965370935,0.01837483707924012,-0.09265537575469086,-0.00022218631894365247,-0.5405606267754669,0.7583844772430665,-0.25884888250968835
0.027895618843984882,0.22257650405919263,0.33948404103402774,0.24578016651121135,0.19631178884228154,0.3197781501447609,0.317309031024675,0.22149066941580678,0.21891285446401737,0.21664341734094042,0.32251195179474357,0.34541936197043754,0.23378001985531288,0.2628432974896892,0.25367255606640543,0.33347219675140677,0.7444652775185382,0.20932068373990884,0.2128284713828239,0.363614391766998,0.28410256909289733,0.3121067128468118,0.14452874056487697,0.3132743337304981,0.353654035756969,0.2478970494667933,0.23941933190356623,0.4474595629901852,0.2406839852492751,0.3483031189797693,0.33074250613677936,0.2542928011627812,0.3523431668184455,0.3535552581265792,0.3887330173095954,0.31396157084616366,0.5854033379089452,0.34649583174942333,0.35070157467332724,-0.033783435234287625,0.27288417689843336,0.3389076243424274,0.30506503904873467,0.22860092298569112,0.3317833775567691,0.20329596872953581,0.3364457098661391,0.13244396701361638,0.23203771665595352,0.3264063552971782,-0.08999097008760375,0.043130887055431305,-0.17821832487890002,-0.10262684592104324,-0.2764918549660064,0.012086480029089715,-0.3577166363349255,0.595768048762168,-0.27485496399759163
0.06046596727462193,0.22316299510726148,0.34224441669918754,0.32233058970477924,0.22454647246037507,0.19135447479787224,0.3323245587195362,0.22504157314762563,0.3085126244003565,0.27036713435674237,0.25636424222079535,0.32901347703239797,0.2499607363033752,0.14085801772910936,0.19492687690900862,0.16500513512737588,0.20932068373990884,1.026367639842341,0.15349526820475773,0.011420186934911617,0.31957386917942127,0.32900059404127124,0.6186843676157849,0.16489650055561805,0.3288128641276102,0.4189976828413311,0.03420258719669331,0.12766717947815856,0.10750165732270904,0.178946379976763,0.33009901383436063,0.11151627763492754,0.26814005039288713,0.33772239127595716,0.01748811317954264,0.20987128211476494,0.5355280931491713,0.28636670944075426,0.2616968426826805,0.12904630711429638,0.2843774944169852,0.21142967588908596,0.5101801516665633,0.4396560644291633,0.4888199940845648,0.2998459635593325,0.5449705192071007,0.05221947838090802,-0.06995523200728032,0.32557507147885517,0.21973643255507758,-0.2051453925711236,-0.10201375759552239,-0.1322838286742734,0.1859210703717327,0.1275063232320931,-0.2847263690827624,0.5851813564068693,-0.6741772850005393
0.03024510677545101,-0.015339826684632601,0.3326936172584129,0.23315456495470846,0.48253064038046295,0.4245636490321194,0.07836396246114302,0.2807713804949007,0.1662227692129294,0.11205424163765444,0.16618289046305218,0.20945714241081337,0.2488044643918164,0.2600703683645612,0.1861087827862751,0.24913014163516733,0.2128284713828239,0.15349526820475773,0.8808913793287682,0.18194812843607133,0.259606983748392,0.2667604738388638,0.13404535539950158,0.281221688601876,0.41315065674937385,0.16295096449657104,0.17074514325918175,0.24428555671032262,0.3102148638017914,0.3372471081321246,0.25913352804296547,0.25684697651742755,0.2866626612034999,0.3412374704408385,0.10689950772607211,0.23512850824767753,0.4564729702866421,0.336885921854824,0.259330168280104,0.006461709875957373,0.19218016965873508,0.2459174409371821,0.27720756039756905,0.34025395581648754,0.06506303383186751,0.24465919932025929,0.26824786567905096,0.17024128901496777,0.2685553445051298,0.17506132273694472,0.007116634367326826,0.24839049500252255,-0.17626008160848783,-0.15241289875443725,-0.08848656441716654,0.01658545154454891,-0.36587692154930196,0.5610314916920021,-0.1325305038742345
0.005030245742481253,0.289700170267825,0.27412543481465707,0.22387007918299628,0.28432188637951195,0.3820111349518019,0.20654249660264706,0.27153074627295803,0.16737660101203233,0.08460466729152846,0.3485886056715158,0.2480717839822448,0.22807271435154836,0.39750538104176075,0.3498572723237497,0.24612782903100558,0.363614391766998,0.011420186934911617,0.18194812843607133,1.1283856115570081,0.18310790218677428,0.1940851350726883,0.12013966127952462,0.38930915947864436,0.21868900103554817,0.17675136599882496,0.33487075749752027,0.30078851890487157,0.3966149193158991,0.47470659808784765,0.3004991902280106,0.40316571186645894,0.24781038652611587,0.42384008393484773,0.34348833804515333,0.26159234455147473,0.5763288294029424,0.4834302465158719,0.40659330902959107,0.06152407826161027,0.26698672710649163,0.23155384634824233,0.4513654966051403,0.09926844327831513,0.3971098615893722,0.1266596637402252,0.2799681219011224,0.265329588728154,0.5738981804713646,-0.012595070832367751,-0.2178990357933,0.10548573269927465,0.0510079423162666,-0.047200213130080125,-0.23701458933963693,-0.012512357394389165,-0.4735895485849013,0.6809066459827002,-0.11550124931883156
0.03010237491629212,0.16438252395798594,0.2826407030269342,0.27185369731841796,0.2562990565601177,0.3112983012278104,0.28235730548226284,0.2286172460058522,0.265241486776983,0.1435899007960588,0.24819427518224366,0.2606825131631784,0.25932023547756133,0.24768238385273084,0.19766004118385877,0.24393667396080684,0.28410256909289733,0.31957386917942127,0.259606983748392,0.18310790218677428,0.6603156471031956,0.3119585080486293,0.3363476583155272,0.2880658436836333,0.34114404248915586,0.24478006626282425,0.18956907886269705,0.1969851346722539,0.29350942386846735,0.46854733057695713,0.3309681771864385,0.20656884392821226,0.32071917791174315,0.2878678959170419,0.18295406925075364,0.36399122425456143,0.5894487595118738,0.36958693821731475,0.3694599496403272,0.21847843842750045,0.30229682721543316,0.4285039650118035,0.3739626778647217,0.3370752334239723,0.5981579397288357,0.25267027941447945,0.42202575031075107,0.13849869971612197,0.07132689536403113,0.12253029138794033,0.00030748454119969526,-0.12158783057343334,0.0973113099010996,-0.09856295379965882,0.03875843632065794,0.017856783619165296,-0.4321803439449412,0.5950120494603537,-0.27550137613221426
0.021425473261760315,0.18801448676687785,0.32374547397307185,0.26546229048326075,0.2826960281368434,0.3776498208710061,0.38421934007035935,0.2522919149675903,0.45112333176937564,0.18790770071976323,0.24004567188900577,0.2824442533721535,0.329855531120651,0.31243539423628097,0.11915132935499348,0.44482126538021177,0.3121067128468118,0.32900059404127124,0.2667604738388638,0.1940851350726883,0.3119585080486293,1.0106269699060095,0.336195894125978,0.31521390191058546,0.1991742038683052,0.2924938972828896,0.24437017957691798,0.19073747353598786,0.40276195351555283,0.42626601261256997,0.3028065263960168,0.33366397096044625,0.2574442036993272,0.4340376412096532,0.18529033875986864,0.3215712567503874,0.4384399082641823,0.43250845615462397,0.37300477946765387,0.04799580457829913,0.28068644147074856,0.3155418646780894,0.5247950757705018,0.40261047875946177,0.17817279369090322,0.2884717304114021,0.4018024981307386,-0.24369000116035108,0.42047450282821525,-0.012433261022920306,-0.10784500491512235,-0.13528527164687557,0.003951359902806187,-0.08929800901278423,0.013574706996354257,0.06586137992028367,-0.44759888159816485,0.5079824458941361,-0.25926040480334167
0.015097451133821112,-0.2850825031628741,0.265199449359872,0.43915913784313254,0.26425963512667966,0.12107934420006045,0.3007618729157562,0.25862743216077533,0.2776811945138943,0.29226525059993874,0.20096747661321082,0.2304381708630075,0.30096729574287234,0.22455838499840394,0.19304421926090423,0.13489803850675125,0.14452874056487697,0.6186843676157849,0.13404535539950158,0.12013966127952462,0.3363476583155272,0.336195894125978,1.5428815924201968,0.5239622390994544,0.4680425504386312,0.1189913313233006,0.12216063321284502,0.03234937712734006,0.30566575322558825,0.6067153990015526,0.18357225120453705,0.20042390788484585,0.48405294019895007,0.4543444744558551,-0.022765416427575205,0.3572928967409748,0.4343910150147885,0.21503983259426637,0.4075306054304169,0.11932252680378655,0.3523498367246118,0.2170791381529323,0.4375228168428234,0.8623063273367138,-0.05078026265455356,0.3418625826507194,0.5823693382558747,0.27912529568862315,0.396966816204283,0.039161697543235764,0.16458787634644162,-0.23881815483388916,0.2909143620037557,-0.09003131547450229,0.14743431494480225,-0.034883669378438606,-0.3774163214910284,0.5093934644970721,-0.23754895852768884
-0.006403674833706885,0.0011745446824335043,0.2462824833079899,0.33114624231787393,0.2797206699841561,0.28390558336926575,0.24722976907035252,0.30335247447255165,0.1962709411117705,0.19611220328148865,0.2321043027885433,0.2282726656134672,0.27907263181706193,0.396525140796535,0.2529179846190753,0.2700638339405697,0.3132743337304981,0.16489650055561805,0.281221688601876,0.38930915947864436,0.2880658436836333,0.31521390191058546,0.5239622390994544,0.931568882841843,0.5420643116689075,-0.002146403210561681,0.29784808805818824,0.36267760192923815,0.2840505392946404,0.8167975071287681,0.36536330499017566,0.4543013842473724,0.6539859617337533,0.4139267651086991,0.2866003059395077,0.32422713838364187,0.6094998308113169,0.46774750776997703,0.40989525147292327,-0.06101743692904703,0.36623629747564057,0.2911971408832922,0.42682829999057337,0.6020374686476602,-0.1242491649975948,0.2527653221321394,0.5090875042397625,0.3146780865875757,0.773399012873695,-0.054480892188440676,-0.060792779748358686,0.05679706137534905,0.16765459066243266,-0.10865309160252701,-0.14000530701920388,-0.1309260458719183,-0.4624184026909537,0.7608845300809305,-0.09755648647538205
0.01064208750878425,0.08700214550082339,0.2738115044515086,0.35215625917910837,0.2641740046302736,0.3481042384484347,0.25873155383435714,0.25647643010895504,0.14682856850041176,0.21710021438253146,0.21402072604710018,0.2953186556355202,0.24689198372534396,0.34098932657190134,0.3881660028902366,0.1791672682469937,0.353654035756969,0.3288128641276102,0.41315065674937385,0.21868900103554817,0.34114404248915586,0.1991742038683052,0.4680425504386312,0.5420643116689075,2.2389417250041777,0.29025107084778123,0.2551951654648355,0.31818605411852463,0.7110269987160979,0.749144261812579,0.44677137235900266,0.33517903636530055,0.49331002858466566,0.6820056505087474,0.39421712442555773,0.3192657388536442,0.9701945894158647,0.672970722707211,0.24942606194225386,-0.18704880813703909,0.3989840889956208,0.3537569033579996,0.45617153464337634,0.7248804291433728,0.19054340225486974,0.500290437449578,0.5825948890881887,0.14572402710191787,-0.20003176162401673,-0.37622818306250694,0.30933363691958865,0.02684811006118891,0.2362159771606181,-0.11039504383706136,-0.11703814416876845,0.12133162405717027,-0.3899577284160573,0.5881914399362291,-0.2502004009165706
0.02642743078372816,0.17029358751837645,0.35822457512453715,0.16655881795284797,0.20447347311054948,0.3031766823487175,0.2832852248633625,0.24795576199070116,0.3598464580081437,0.08071625653694284,0.3043678655510324,0.2365196821424347,0.3131068063022644,0.20350873850345444,0.057122046635519584,0.17729716689321323,0.2478970494667933,0.4189976828413311,0.16295096449657104,0.17675136599882496,0.24478006626282425,0.2924938972828896,0.1189913313233006,-0.002146403210561681,0.29025107084778123,1.6423586551760714,0.17359780807067884,0.17113937989184275,0.27829842558912465,-0.22908074368146325,0.24558821000112913,0.1735343652601551,0.140980652264128,0.2671435051761541,0.16631741969208702,0.32058237988964333,0.4828244008684298,0.3781045085158173,-0.2045541218110217,0.2059970220964007,0.2951019670438798,0.3276379274039043,0.42406758037845094,-0.18064593235614965,0.6919872805578603,0.1462398023276917,0.1036173170365171,0.06971560076278757,0.15141907816056838,0.08014395811151755,0.17410105308793278,-0.08412934242685062,-0.13559245394326158,-0.057279110383598286,-0.007704103591358204,0.1360381239779511,-0.2002549078158389,-0.04657239942691382,0.03741268367125106
0.021036944531647256,0.3107036155075576,0.18257272573372496,0.10608952690172521,0.21788727360205518,0.28197071275639357,0.2667902788929527,0.19854743641228123,0.2200830836507305,0.14539021517466041,0.20499956233083988,0.23329124302004145,0.23718470757931578,0.28256000677534227,0.14871508592244284,0.25922709040586783,0.23941933190356623,0.03420258719669331,0.17074514325918175,0.33487075749752027,0.18956907886269705,0.24437017957691798,0.12216063321284502,0.29784808805818824,0.2551951654648355,0.17359780807067884,0.8384983533180458,0.22159102720632987,0.11653862635777477,0.3053217579477975,0.2828182035640573,0.31507859608995264,0.2736142484044437,0.28624010764254415,0.2432742315085482,0.32826382654815367,0.29168639979873784,0.3654633720677326,0.2188680477373536,0.12729668288026505,0.2293299152071606,0.23081756315271088,0.357125224784157,0.03110121353363689,0.14499321365605086,0.08905436979891677,0.20134082364222583,0.19400326671416204,0.6290990078322948,-0.16194598608644103,-0.11949768149239696,0.04269874116292847,0.11281222740021914,-0.006960374438091976,-0.02238489898463724,0.05996630678080807,-0.3242201269399615,0.5609719774332121,-0.32725623907199275
0.010016918924074492,0.18848444455792587,0.26758996322500267,0.16373901365124138,0.05201778785572549,0.22330086444240885,0.16171641150223048,0.1963118222825089,0.1312358021782323,0.16374076967116438,0.20077389406470347,0.20221247000574535,0.19056242852755292,0.1524246014182542,0.19624232894214333,0.2502011458961882,0.4474595629901852,0.12766717947815856,0.24428555671032262,0.30078851890487157,0.1969851346722539,0.19073747353598786,0.03234937712734006,0.36267760192923815,0.31818605411852463,0.17113937989184275,0.22159102720632987,1.159933064216148,0.06291315228460052,0.4119040412226196,0.34019168460596766,0.20565389004224996,0.6039486845153099,0.24746653940675256,0.6906606717870224,0.12905797421808815,0.6460267217838533,0.3180150402682979,0.23909316056824825,-0.14402265041982587,0.3313176414392779,0.2292192651657438,0.2623667504164914,0.4000750015167194,-0.07593015170592955,0.03945841753895701,0.28080804021728195,0.26025790810992633,0.5888737832682222,0.2839005902238391,-0.12588434790621478,0.7398342655997358,-0.8669250713269815,-0.041551814109708034,0.005536427010645074,-0.0038185654550643372,-0.2522370874338859,0.2446465214012056,0.08594931196906948
-0.011072052640992923,0.2934110268493034,0.3663028170179585,-0.0055623224534074,0.3170612612717757,0.4441428462670435,0.15867735411235553,0.1983627719585999,0.23353006442836227,0.10953610301112186,0.3035521488208087,0.22715831885841078,0.2654801555021244,0.3797419368493456,0.4158071013893125,0.3014847093546643,0.2406839852492751,0.10750165732270904,0.3102148638017914,0.3966149193158991,0.29350942386846735,0.40276195351555283,0.30566575322558825,0.2840505392946404,0.7110269987160979,0.27829842558912465,0.11653862635777477,0.06291315228460052,2.6910738105179886,0.30732945623854957,0.13081024846796732,0.40795155378420644,0.03068573712899373,0.492565000462513,0.2872527326900789,0.9090165225167703,0.4729886698335831,-0.36775714551820704,0.17031382665714498,0.02542254174297814,0.1972667572828435,0.19710773140211288,-0.4056703819573738,-0.7960525500291401,0.19506225996952611,0.5822987516610656,0.2276206806617661,-0.332842599345111,0.10685087288031513,-0.1442206127452749,-0.0022205089199644097,-0.07914030553465794,0.09533704309291116,-0.023208803649993337,-0.3525543084748762,0.07550704857884505,-0.5072595686795877,0.38764960434770973,0.15678066293808948
0.030877989231681998,-0.044486836898292643,-0.05013760792131027,0.3276678941511589,0.28386875230661096,0.2923478849669134,0.2133181662933857,0.27539786456551724,0.1305037426811984,0.25461318779664976,0.21507495243707972,0.26755466816040824,0.2021923344973601,0.4586007902698332,0.4668269164211388,0.42555815595239893,0.3483031189797693,0.178946379976763,0.3372471081321246,0.47470659808784765,0.46854733057695713,0.42626601261256997,0.6067153990015526,0.8167975071287681,0.749144261812579,-0.22908074368146325,0.3053217579477975,0.4119040412226196,0.30732945623854957,2.7451199230694314,0.4821883643067358,0.37658730725469514,0.5610269179725083,0.13638848258375916,0.7829551305147451,0.19037323526325003,1.1023618817527587,0.8064972692800979,0.6745398546305215,-0.1246733522808016,1.0893217007007208,0.47911076635188704,1.0344178197404263,1.2172198547796886,0.010149568593746649,0.33526585355087185,1.3150810437358968,0.332807092998636,1.4564815677005385,-0.5784562247710556,-0.06676799580942731,-0.4071982479248149,0.6903435468638696,0.11392980510545103,0.10815977999381779,-0.12345271859065728,-0.7976722074871235,1.7289485383403005,-0.830234752650951
0.03267704406912245,0.21705791755541645,0.31473088439453645,0.2436826615993454,0.23884829524813417,0.28414431933552614,0.26177319586979075,0.2218199920490178,0.24173466331935375,0.17249207886962714,0.2553630049447241,0.28554847207590534,0.22774793937968688,0.2697965081117683,0.212775649882189,0.23514130925893492,0.33074250613677936,0.33009901383436063,0.25913352804296547,0.3004991902280106,0.3309681771864385,0.3028065263960168,0.18357225120453705,0.36536330499017566,0.44677137235900266,0.24558821000112913,0.2828182035640573,0.34019168460596766,0.13081024846796732,0.4821883643067358,0.7811590630455302,0.2693000419205221,0.3877196102925178,0.3030946374958364,0.279360648809126,0.5678228233222802,0.8436394466698399,0.5303692252947256,0.337137888519258,0.02088682420872015,0.39454128620326034,0.31279870213827204,0.37443998027050573,0.3463453013346009,0.39359836192255526,0.3596381277850089,0.41608267997946763,0.176568324921779,0.013455557655621803,0.17997303162253817,-0.05059354084135207,0.08029232265100683,-0.023260746485311692,-0.16746770719480972,-0.06808206660712965,0.0698483647792197,-0.30538685505909263,0.4958015472800548,-0.2863160503187471
-0.00470049627373464,0.21527185715758743,0.21817700304672286,0.267408812586355,0.27687139821175694,0.38497364279860197,0.25703804034514,0.27108516982827924,0.2258998614225479,0.12276437554755536,0.24332544496727138,0.26529059357792256,0.2500103529709324,0.5699706361989441,0.28175394907198925,0.32279590859460994,0.2542928011627812,0.11151627763492754,0.25684697651742755,0.40316571186645894,0.20656884392821226,0.33366397096044625,0.20042390788484585,0.4543013842473724,0.33517903636530055,0.1735343652601551,0.31507859608995264,0.20565389004224996,0.40795155378420644,0.37658730725469514,0.2693000419205221,0.8785945295883314,0.09763856949077825,0.3887341342244059,0.2275333615284638,0.3047405325967865,0.20295297658604614,0.3294967467480186,0.303495756405558,-0.007178554158111992,0.32637396292222454,0.2142047782064679,0.295852852290507,0.20881874259334676,0.07090337411708363,0.1549298529638084,0.2857603092454371,0.06421076381205564,0.4559876561930161,-0.03710396021661087,-0.08295702622766507,0.14930510581511863,-0.1532283186827608,-0.005579481447037957,-0.33291219678281186,0.020229120966241076,-0.4773046664276292,0.7513388007545588,-0.1545544361332549
0.025559157352038144,-0.02514700610561994,0.3409747705123405,0.38838871425141025,0.21414317455211854,0.14204461361763135,0.25146560453616773,0.23876385634949426,0.2560856217664619,0.17951929424910265,0.19474272623910902,0.2043110335368221,0.2788060919873273,0.16208650334529948,0.1143241467343453,0.12177259257605684,0.3523431668184455,0.26814005039288713,0.2866626612034999,0.24781038652611587,0.32071917791174315,0.2574442036993272,0.48405294019895007,0.6539859617337533,0.49331002858466566,0.140980652264128,0.2736142484044437,0.6039486845153099,0.03068573712899373,0.5610269179725083,0.3877196102925178,0.09763856949077825,1.586113474857517,0.22248765091415418,-0.14258206756288158,0.3017662638335682,0.8653185413733093,0.5765366676972461,0.28544086683995146,-0.11341367956186403,0.04322545644777898,0.3489981852203604,0.4795319800890819,0.771134704169648,-0.24668341765860802,0.2723276104681056,0.4556847074853878,0.560659398412089,0.7769826200300629,0.36435437201184345,0.05426274652941186,0.21642384235063225,0.010002634227822306,-0.37067746394337825,0.14373681483827766,-0.00720796755167314,-0.2719148368022252,0.23055595365359657,0.016203389346004068
-0.06140656187586363,0.21925534886076212,0.46487079261988373,0.45099031673827544,0.4487432752166089,0.4502197155511215,0.3723774226065328,0.3576958918362767,0.2699878062487522,0.37128608969745225,0.3067147947444234,0.3346574221164103,0.35991239064212255,0.3992866886371216,0.40530976967366683,0.37282456493412347,0.3535552581265792,0.33772239127595716,0.3412374704408385,0.42384008393484773,0.2878678959170419,0.4340376412096532,0.4543444744558551,0.4139267651086991,0.6820056505087474,0.2671435051761541,0.28624010764254415,0.24746653940675256,0.492565000462513,0.13638848258375916,0.3030946374958364,0.3887341342244059,0.22248765091415418,1.8403151952630814,0.358454717361824,0.22075002308105018,0.9281333676708347,0.27278307048178074,0.30886484724101365,-0.1518590937293178,0.3194551037489666,0.34540489005655406,0.4970851943147471,0.7005295060143156,-0.04360213238816266,0.2364363263615749,0.36320911096480046,0.20899761024094823,0.356177061186904,-0.12529174015442965,-0.08572735180892861,0.14895460731036209,0.0914370616324873,-0.1221866822040707,-0.17709928378650056,0.0755680553682207,-0.6015829382523957,0.51190863100632,0.12662919718787963
