1.1063491707224522,0.21618356787873924,0.3511844967631969,0.08989793295433669,0.09012312945826927,0.078279977748138,0.05447927001507766,0.08541958672435958,0.06573217344918432,0.08036111868960372,0.08239887130389552,0.10103388587520677,0.0461236240584983,0.06614250024016696,0.14315276506945765,0.0466912977262951,0.04657807088384111,0.12567061687895256,0.03593396954479869,0.07593510169193611,0.042854041765624226,0.0332863265050041,0.09444838691603843,-0.011663405423693943,0.08018849266248547,0.06697908028620886,0.05452170242927114,-0.010193940731447955,-0.032667600629032234,-0.016188638260823358,0.03771881747300568,0.01156961336559311,0.06619829977013657,-0.13316921830282152,-0.06778675763533584,0.07576180161157313,0.051391076347561425,0.07442339593871307,-0.023788249281657722,-0.070404264316838,0.07972880723064821,0.03473555385767299,0.00540509716864003,0.03547175041332862,-0.05165904982961825,0.11073521346653306,0.028441659653343932,-0.04082101838294126,0.00518168318075467,-0.05122680349376253,0.15467344443258457,-0.05696030876523646,0.02168953091386537,-0.023419156536886632,0.008249728485997017,0.0076957669545736195,-0.038108477657069775,0.009513662631841932,-0.011641439774781454
0.21618356787873924,2.2197786403698756,0.6342419765381283,0.14913831559257734,0.2539779519220309,0.2620815814862301,0.32853501349334824,0.2699898719153194,0.32198619287232383,0.2769966742996704,0.279284880132865,0.32795394890211993,0.16205061905153997,0.24258648910663236,0.4804650164666975,0.15284755616159829,0.26627647007611865,0.4337444891695454,-0.019074338807369612,0.45769240470565065,0.2694095077175929,0.029778854246904504,0.18706397454796547,0.18118206027750094,0.21306137600740874,0.15963507058833207,0.2592520628124707,0.1554833765869805,0.17771975835438925,0.188117817773107,0.3134850563139808,0.1632092534570508,0.21156185940373595,0.3530680308801322,0.036262873253533445,0.44667604966451785,0.3667598781919877,0.23153409321126803,-0.03271649076643053,-0.10595609605279271,0.4189208333620521,0.26501736349620214,0.2774242249896322,0.07479892870347683,0.1079749563909017,0.27428441606576354,0.2675254503442479,-0.08185189595708768,0.33842930078511374,-0.19958233386507754,0.38018599876757575,-0.018664502558509263,0.029472901037800397,-0.07270538686348368,0.008353373318263984,0.06059341144731688,-0.21382394104151228,0.060105612076761884,-0.02061385007802095
0.3511844967631969,0.6342419765381283,1.7758932345876517,0.1270090280159952,0.09737581833289774,0.3769928420162258,0.15459305546724691,0.3830275453656245,0.4440687735013422,0.47430936359265313,0.2991944545930417,0.36650217159436127,0.18383700368159026,0.19552233620414644,0.3026166205484293,0.17032345985866273,0.3113015638057282,0.3587920963801769,0.2719878020898802,0.344405396137308,0.22758403369249397,0.20547411882490124,0.3092735006309573,0.2120470744209423,0.15799789688540725,0.2635696464711161,0.2543916601845938,0.1254760255593421,0.19427461732627407,-0.061620504628358344,0.24427862470048364,0.21933935524205345,0.22158638097672345,0.41766620784485914,-0.10824306623139207,0.5453217870419609,0.4414421963188608,0.2068064104775208,-0.14249370067645997,-0.3400600832356773,0.36163405449836317,0.22751766268977192,0.24806445612501893,0.14540941105550362,0.25802809011501004,0.4896176878996928,0.25140717621884395,-0.1800359668566455,0.02725276600943009,-0.03614987909059055,0.24783908326253054,-0.039588091512640665,0.004338841284714876,-0.11210333608286138,-0.04165476333106926,0.055125309863949555,-0.09812818712279023,0.11191034563519728,-0.19745211501956816
0.08989793295433669,0.14913831559257734,0.1270090280159952,1.1997292505692863,0.5687349984101204,0.25643356267361417,0.27404628148364607,0.3015925313826331,0.12228092200562281,0.12597951652332676,0.19866274423581362,0.2494003025342566,0.1677539075373744,0.1995630870134392,0.21258719682358476,0.1944572010040123,0.18226213128607258,0.30827372334104985,-0.10690858920957826,0.3343670353568517,0.1885422705647635,0.0612704344428053,0.2769252657392728,0.2076850631481853,0.15473086274523193,0.1959752615443151,0.16795289493977705,0.07904820047752123,0.13788876329324257,0.10372908474586098,0.20244200831993225,0.15838484467736755,0.11054707151204476,0.33833697916103833,0.03677619813374182,0.28857554206689473,0.25694240493353343,0.1627034652532954,0.1902896649111952,0.025521235954791666,0.21891108474754686,0.18931800698610343,0.28303982971789043,0.1275230510341319,0.1180970652743947,0.09932984730749161,0.23494623890009722,-0.025301640083497088,0.29464828798946785,0.0011603905820864182,-0.014320783516068393,0.25490207310779867,-0.06650916138599573,-0.05194247712991561,0.09019871147538024,0.03973313874627103,-0.20083887388215624,-0.04540700226295587,0.09051885968735761
0.09012312945826927,0.2539779519220309,0.09737581833289774,0.5687349984101204,1.254659209538654,0.21741820358399983,0.44471062850814524,0.42154869684504004,0.08557652002607098,0.14774259011257865,0.2580523111996729,0.2963328589848298,0.1947732785944687,0.28242788667745805,0.32030652413361166,0.2923453099392563,0.21690369055540065,0.29013042211468615,-0.030851835570009513,0.28818246486423726,0.22497590727257794,0.13817953914674894,0.35871332854423227,0.22806314538352188,0.09887312327652288,0.2159968469841253,0.18935641871921774,-0.0037572356791095237,0.20015288160797895,0.0827773853355276,0.12794149678194647,0.19606456825899587,0.07117604300195733,0.4346075941390745,0.00020871455856847683,0.38379835482122404,0.24752629861995787,0.1218814005038172,0.08637853780555683,0.02999363641809362,0.33446074250786634,0.23153249998084727,0.25446094321994056,0.07935165356422882,0.010696987237431097,0.08302061362187767,0.22538637621891622,-0.007186217090154454,0.5935476337250427,-0.27945871320557547,0.32105653924369004,0.08135675426858228,0.11429629899352375,-0.04400177582673815,-0.022444156995828902,-0.10405304701558189,-0.25853565465555267,0.0413783334595504,0.2924974769677897
0.078279977748138,0.2620815814862301,0.3769928420162258,0.25643356267361417,0.21741820358399983,0.6917158217490935,0.11914312632422323,0.3193718028153434,0.2621127460850526,0.06741136774188704,0.2306170069337845,0.25899465389355936,0.1608519755260896,0.24281949550620693,0.24236343158443513,0.15481128458398857,0.267148240448889,0.19146337513247025,0.15238092810617881,0.4946814876159687,0.2466131140384992,0.34769487832290136,0.16898266292299355,0.24943485974641008,0.15517288708033108,0.2440356680926339,0.2097288364551881,0.12696188493882982,0.3094122209900397,0.08109853379679473,0.24545752200488924,0.2434385655145748,0.16030059931772933,0.4298317001167287,0.0005379458734205617,0.2251197225677341,0.4064320584060365,0.26270846628178596,0.2566705974578284,0.0027031280912785693,0.1514884033252972,0.23444357179795158,0.4014407374850971,0.150310288262259,0.21385106982478683,0.12642801573737178,0.3189242497964476,-0.04414879151894213,0.49241291775900836,0.2033367422361376,-0.45888434241466763,0.28449033577840377,-0.14377551965688998,-0.018411091416396203,0.016067337044381753,-0.004271509375453596,-0.2062484278935462,0.05496738893366749,0.08997603770948841
0.05447927001507766,0.32853501349334824,0.15459305546724691,0.27404628148364607,0.44471062850814524,0.11914312632422323,0.9183211326486764,0.2879731828643529,0.20471932858049052,0.22990769297448466,0.29551663863236705,0.3885980117703715,0.21202615986568454,0.2904795301595385,0.18562093723854964,0.3808125252037444,0.3121021505853034,0.2681925725694528,-0.022993924555586184,0.27366922135273825,0.2935930971486657,0.3476288665540274,0.34469709608578253,0.32195656378881515,0.15753692233517844,0.16141730461543188,0.2627198713553007,0.10014746655591539,0.17832761773831873,0.3118157105236088,0.22601181194251638,0.24297069442686128,0.26851956569650376,0.40303503200314816,0.03464695854861009,0.540790686279815,0.2895766578161251,0.14275986877818833,0.12327414063361286,-0.006457033614449255,0.40754609923122775,0.29514542909773506,0.36671616662006706,0.10738641250522606,0.04580194804229665,0.1304024599293511,0.16712460182386682,-0.06100156707978548,0.653347120063457,-0.2486637990046872,0.14986647447352416,-0.04002157141770772,0.1573915410888994,-0.014576732217944517,0.08118853909979423,0.032406449772112475,-0.29800989844756826,-0.04273313022645363,0.12453857259968294
0.08541958672435958,0.2699898719153194,0.3830275453656245,0.3015925313826331,0.42154869684504004,0.3193718028153434,0.2879731828643529,0.8030055238205303,0.0858895061292622,0.18952458408808373,0.24725387189168282,0.1734366483995898,0.18902890153805382,0.2706996971578729,0.1408712390312527,0.20258806814816674,0.24961333756557133,0.24654035788675607,0.08277772787927053,0.43463695164921134,0.19871159684977358,0.1392432328801201,0.22790428041802818,0.20143956232150936,0.08871180315317384,0.18695186430634606,0.1948032403198025,0.10131693747994844,0.2185325114713894,0.15790437095853907,0.1846900152926525,0.16232424658183708,0.09421633126316306,0.39007385906844816,0.049036504283223814,0.27130703924917643,0.35806471096681153,0.21688555151324876,0.15957459265914464,-0.008111311732392438,0.23927720133049876,0.1981511545838258,0.32379701812477435,0.14489904465063186,0.14783696683750264,0.1483729663692032,0.3254988473682922,-0.04310043098509325,0.5003595619360529,-0.03405886004768466,-0.10261436005983263,0.25793204705179446,-0.04267787848302669,-0.02105643422216698,-0.0828648631369071,-0.08558962388024567,-0.1470515667238076,0.17225605054479812,0.07465924089934241
0.06573217344918432,0.32198619287232383,0.4440687735013422,0.12228092200562281,0.08557652002607098,0.2621127460850526,0.20471932858049052,0.0858895061292622,0.8896528349818877,0.05195898341506069,0.20509564544135428,0.21154507717912024,0.11871257484865118,0.16164509665738547,0.057242556160712624,0.13897301559771952,0.19803178902617277,0.24640183861353201,-0.04342061002524119,0.32651720463321765,0.22880981507865913,0.12898872207389678,0.20660289779571409,0.24191736434026054,0.17700703242449942,0.23613143380882148,0.17805165874905388,0.10794113824950233,0.12200166608916292,0.16944740287080384,0.2738033073249812,0.17319285812499458,0.25022936606827945,0.2953351546779263,0.014899376787791312,0.3131002323899421,0.3518555507595552,0.1869061137250263,0.04620383796806912,-0.10376724180950408,0.2689887625302735,0.2223075067035115,0.3349398358212576,0.11265960871593501,0.16671378628544312,0.15733641426157366,0.2225142228671185,-0.05965367325008289,0.33039908965690445,-0.06038467375627403,-0.07024245729120837,0.0668434360388797,0.04641752327108777,-0.03167055138222957,0.19758546690865159,0.12697424664707707,-0.18207584271069474,-0.14639549875840613,-0.027463128685321345
0.08036111868960372,0.2769966742996704,0.47430936359265313,0.12597951652332676,0.14774259011257865,0.06741136774188704,0.22990769297448466,0.18952458408808373,0.05195898341506069,0.7364180048552279,0.0545477942305093,0.12826775480054572,0.10610430421963327,0.18498997907225423,0.19556856207681492,0.1941756121376325,0.16420702634435919,0.23891101427629147,-0.0015963981792401606,0.1892210300366813,0.12341516505604079,0.036093239523923626,0.20260681330323596,0.13118842535974845,0.11734823404616443,0.13145403492645516,0.14779557541070312,0.05599365333337586,0.10141616814424148,0.13646802061813662,0.13749638027089076,0.1171163991394914,0.06948636332177528,0.251002141810977,0.06368070635764485,0.3402354217206748,0.18595028483999956,0.08852657838605564,-0.021495164193656338,-0.06571441976998468,0.3179936487757085,0.13665837841948036,0.10914730340407854,0.08989489035128495,-0.002643277096922839,0.18135095749470206,0.21287467092464815,-0.07869750606603385,0.3358896232722793,-0.12403046022740698,0.2607192359334862,-0.20904064875556833,0.08965659039700205,-0.0004613817694147147,-0.074292966162556,0.014671644309721574,-0.010833288086399148,0.03521712022624239,-0.02579520360359053
0.08239887130389552,0.279284880132865,0.2991944545930417,0.19866274423581362,0.2580523111996729,0.2306170069337845,0.29551663863236705,0.24725387189168282,0.20509564544135428,0.0545477942305093,0.4494282198910867,0.3049182456412342,0.17133210293727055,0.19200022757748472,0.2513292928258434,0.20637703495231802,0.2309979428722589,0.2056376680824194,-0.0376070144034659,0.33577715038516587,0.19847336745186447,0.11588496005529468,0.21642753980694845,0.2064586951568283,0.18337028260681745,0.19440145069463427,0.2148971218062754,0.10163306616385688,0.1958221524035361,0.13535460317591974,0.193323053043715,0.1787345936251811,0.13301318076147764,0.3332728819559787,0.10102196097771973,0.3165771846953655,0.25613550162792087,0.16681634898268358,0.11828572144226368,-0.0009981729162054423,0.22368695375901856,0.20101811912179562,0.2860244520899399,0.10689501140788253,0.12344814717172369,0.14519010609483593,0.20891378149102569,-0.05310895119518264,0.319066017953587,-0.10117241909711198,-0.052697789007983865,0.10475150316813606,0.041168184737848626,-0.009089410235693256,0.04059204049493063,0.023257516980217784,-0.17745912953857004,0.010890699295027426,0.028716916428160374
0.10103388587520677,0.32795394890211993,0.36650217159436127,0.2494003025342566,0.2963328589848298,0.25899465389355936,0.3885980117703715,0.1734366483995898,0.21154507717912024,0.12826775480054572,0.3049182456412342,0.7194931048841977,0.1663994165514714,0.21650822221838045,0.26450898377740534,0.26195678564820196,0.24933058886589796,0.2758474245484478,0.011602033110894494,0.2898380124896313,0.2202403912183859,0.17024793526872628,0.31740647308492936,0.23540533858151635,0.21430092711425683,0.20650368415807224,0.2808651861310812,0.0618189983821393,0.21788736120349275,0.11533582648954634,0.16315784698766603,0.23636491709632762,0.19249980337168215,0.367449056255827,-0.008724024187175817,0.46287786189263164,0.23096185618199458,0.14482366597221857,0.049703264409947594,-0.049653621432692516,0.30071271891471646,0.22522892834461739,0.29708260275167775,0.08534414197265938,0.01293587336116865,0.17263499784057024,0.20442093811647452,-0.06875861268923009,0.6266491087960161,-0.19091751824172037,0.15411883240641003,-0.04284927601911787,0.10331927535809554,-0.050503179107170455,0.09333331958835829,0.06163841132603433,-0.27687507075994916,-0.0456991799256561,0.04056227001197554
0.0461236240584983,0.16205061905153997,0.18383700368159026,0.1677539075373744,0.1947732785944687,0.1608519755260896,0.21202615986568454,0.18902890153805382,0.11871257484865118,0.10610430421963327,0.17133210293727055,0.1663994165514714,0.3581166675236505,0.14510651987896805,0.015324213962061168,0.18009110558300725,0.14704291837376526,0.15928852757187154,0.05622467476257163,0.18790995753184417,0.1347467532483005,0.1407245855647018,0.14481911383359947,0.1517486536209063,0.11737267912466944,0.1601739587298281,0.17257620289578549,0.08558945116509156,0.12504281298377903,0.08692895569966005,0.13932826456896358,0.15969532404835263,0.12689681310885703,0.23736665597820952,0.05162204262551012,0.2263829390602947,0.15683363023736555,0.09288662072996623,0.16883366896934965,0.01319035667297343,0.16059125626162585,0.13548042579960107,0.19659524155863362,0.09376486566723898,-0.012974582039990572,0.13694136612268706,0.14538313005993939,-0.040986317278055254,0.28083338872632124,0.020387831992931763,0.012439690963040768,0.03263717895201561,-0.0033597342130564875,-0.055308627948368806,0.06501909352318067,-0.011827073138443235,-0.10093335908024045,-0.05369554976058139,0.07609231690416061
0.06614250024016696,0.24258648910663236,0.19552233620414644,0.1995630870134392,0.28242788667745805,0.24281949550620693,0.2904795301595385,0.2706996971578729,0.16164509665738547,0.18498997907225423,0.19200022757748472,0.21650822221838045,0.14510651987896805,0.7000114226462665,0.44243977980382415,0.27995788193603754,0.22958348145650057,0.14066590078652835,0.0964680370773576,0.3227979094107157,0.21782411742103563,0.14242595991970566,0.2652249458291346,0.22693065625986777,0.2208050547752892,0.20959893954785708,0.17083783839088018,0.08650882347536151,0.2666000500020409,0.25516871808223407,0.12611539376092065,0.14405751501784259,0.10368770629127218,0.3596735211670456,0.12274756991744606,0.30655007230671144,0.36187472241226226,0.15231797372993175,0.00431610489701325,-0.007002449476261974,0.34823476552910426,0.22123887483254073,0.37272372493317013,0.13921568287317038,0.0785578531859997,0.02182240216513373,0.282456118846908,-0.03805004328514374,0.740565966653148,-0.12549885881420822,-0.015053811518060546,-0.030247609366396467,0.01624059360360325,0.09710565039954294,-0.1833642072868512,0.008976651850804136,-0.31832252732983696,0.22285600530062624,0.2217861913320274
0.14315276506945765,0.4804650164666975,0.3026166205484293,0.21258719682358476,0.32030652413361166,0.24236343158443513,0.18562093723854964,0.1408712390312527,0.057242556160712624,0.19556856207681492,0.2513292928258434,0.26450898377740534,0.015324213962061168,0.44243977980382415,1.3549820641515546,0.17452194774843255,0.2652332128409792,0.10813068923278572,0.19973177471111345,0.19918063541669792,0.2012824019688283,0.17583158098621762,0.32940247828793573,0.21856976143565188,0.26927360361942976,0.09479399914952528,0.15040904601032593,0.07167037904197876,0.3583904224863805,0.31482468005569764,0.0614943159314322,0.06460278353081474,0.1725053192536488,0.37282744105768817,0.01415543437050471,0.3503254363256244,0.46614712348792064,0.08427982539133361,-0.04864894120434609,-0.07507397886768276,0.41482585452960846,0.20426611322910113,0.38610109057128017,0.0899619779345351,0.1931983287114033,0.16267402464570765,0.2571551857994559,-0.025221968911355013,0.30124447881564964,-0.2819865076024982,0.3522217413448096,0.031985541546700746,0.0603529651949525,-0.11158192489901554,-0.09174197772001114,0.12953063522804248,-0.4942661634523498,0.16347192152726908,0.1830956135988099
0.0466912977262951,0.15284755616159829,0.17032345985866273,0.1944572010040123,0.2923453099392563,0.15481128458398857,0.3808125252037444,0.20258806814816674,0.13897301559771952,0.1941756121376325,0.20637703495231802,0.26195678564820196,0.18009110558300725,0.27995788193603754,0.17452194774843255,1.3249491905916546,0.16785287109329525,0.18782492314816504,0.1096619189402124,0.21033611978628702,0.1848950874571419,0.130841833306503,0.29677700558101366,0.24698299592630849,-0.047699582422019986,0.17426243612320283,0.36114077071815576,0.08312031621365952,0.07689056839273926,0.17720366127849832,0.10069854519765095,0.2479533222485031,0.11575193172252253,0.3336270188901626,0.1602592214479945,0.35869544720879476,0.25582597950206837,0.08295989636547234,0.15775456161778958,0.07397408865431487,0.2946650408151003,0.21363444982514368,0.39479958308371,0.1514481275363015,-0.05826295204116873,-0.028029863544845914,0.17791037863784329,-0.03314309519702182,0.7532132860169078,-0.4209336492160167,-0.16955481079742984,0.09268927100923226,0.20934005281684104,0.07902364586805563,0.10114313696662534,-0.05077142531650403,-0.4070611994668472,-0.11769921437036554,0.4674376671105633
0.04657807088384111,0.26627647007611865,0.3113015638057282,0.18226213128607258,0.21690369055540065,0.267148240448889,0.3121021505853034,0.24961333756557133,0.19803178902617277,0.16420702634435919,0.2309979428722589,0.24933058886589796,0.14704291837376526,0.22958348145650057,0.2652332128409792,0.16785287109329525,0.5961322050504188,0.17426684147278557,0.13711929294670808,0.3058128069781177,0.23087616342334563,0.33933822667019625,0.1890914975270186,0.22163516537465258,0.20095156896371363,0.13190035452021912,0.1929288558161586,0.22513386527111443,0.19013109740654785,0.18554659815731636,0.20080787851520837,0.16856817549501177,0.23994922779942943,0.34871397155439393,0.07522472435752821,0.39062215646737863,0.40036521272410797,0.17488592911097053,0.14043905149917182,0.01149985864593774,0.3142091271065286,0.24142745234488544,0.31969948140904364,0.12522069111925552,0.24085155503243252,0.19580094375981594,0.271856572667697,-0.04390042123293498,0.31234732024242834,0.16400059743578874,0.12582438351872072,-0.004398668755557808,-0.11886415420689883,-0.09517108081254441,-0.11611711349112767,0.020301303574119727,-0.20213176631567395,0.13358049469658692,-0.022449868948881443
0.12567061687895256,0.4337444891695454,0.3587920963801769,0.30827372334104985,0.29013042211468615,0.19146337513247025,0.2681925725694528,0.24654035788675607,0.24640183861353201,0.23891101427629147,0.2056376680824194,0.2758474245484478,0.15928852757187154,0.14066590078652835,0.10813068923278572,0.18782492314816504,0.17426684147278557,1.0967967208756477,-0.012858440268651843,0.22745268757016066,0.2601759985913056,0.031275779336645645,0.5957678548215894,0.15351055126723248,0.22848083853574624,0.40913090340530733,0.14441196004049994,-0.05341479158839634,0.13185495024876656,0.003964477025351142,0.444659421305217,0.1729614894665331,0.04147270598544917,0.42677405411900976,-0.052932544903725016,0.5632446204366645,0.10869957591076286,0.09864204675599614,0.10304901543418417,-0.013393968616798486,0.4456999744835113,0.25421196440890853,0.23009177938912023,0.1266919241153062,-0.0025974204550227773,0.24874396540383126,0.3534079328134453,-0.07697524385940484,0.42435779206322327,0.17815849875477466,0.6179891886579022,-0.5273220212114205,-0.06359868554743178,-0.09986101510368779,0.04941200160211775,0.04680091694378791,-0.11184168605886327,-0.007828029394610452,-0.06727190419690302
0.03593396954479869,-0.019074338807369612,0.2719878020898802,-0.10690858920957826,-0.030851835570009513,0.15238092810617881,-0.022993924555586184,0.08277772787927053,-0.04342061002524119,-0.0015963981792401606,-0.0376070144034659,0.011602033110894494,0.05622467476257163,0.0964680370773576,0.19973177471111345,0.1096619189402124,0.13711929294670808,-0.012858440268651843,1.1695714561425026,-0.35293201382885253,0.05374192212575167,0.5599181197571511,-0.018231910891938388,0.047581750909817686,-0.04193406015211676,-0.06054343939737966,-0.016153012505415724,0.0771627660684995,0.13703695352645995,0.019319817587417257,0.042563094794888255,0.07287265639557056,0.21787297347112494,0.02152329621554431,-0.1607666935804926,0.1489273542905159,0.06672549642659606,-0.11130290419272953,0.04482760029167329,-0.02391577322569932,0.11538348559233179,0.024045306415780527,0.05740208717518867,-0.04252614314438831,0.14737809393130746,0.08179175965631759,-0.08342090253861621,-0.012385486952400448,-0.39165923860125235,0.25620752113166584,0.11440810363410375,-0.06338289828631834,-0.1265284130684595,-0.09812243009469475,-0.16030832875835396,0.005966048461426524,-0.10471137549356672,0.15919027919219333,0.04373421002510109
0.07593510169193611,0.45769240470565065,0.344405396137308,0.3343670353568517,0.28818246486423726,0.4946814876159687,0.27366922135273825,0.43463695164921134,0.32651720463321765,0.1892210300366813,0.33577715038516587,0.2898380124896313,0.18790995753184417,0.3227979094107157,0.19918063541669792,0.21033611978628702,0.3058128069781177,0.22745268757016066,-0.35293201382885253,1.6386168184802525,0.2593242204904264,-0.3663213633315759,0.24137380020290644,0.33055182834886637,0.21248428252332627,0.31089237001028414,0.3931892169794891,0.18551218656433263,0.22401686472392093,0.3740914192972161,0.33534818816114165,0.22418761849596958,0.01856192467233192,0.4734350184692137,0.3508351198657707,0.43367976427584953,0.617557754485443,0.7440148797752028,0.2655922565241963,0.0594004980320072,0.28941428143997816,0.312635954335517,0.43964171754387443,0.2310617917170805,-0.010049131702743363,0.2784000508889178,0.3128166760319415,-0.13391450072931177,1.1409403475669537,-0.11016563644288847,-0.49041699495101765,0.3955308794057579,0.10969547674773063,0.05032396514414119,0.06903886574852075,-0.04268889736022087,-0.13856582456290847,-0.041467186910051385,0.1428527528733194
0.042854041765624226,0.2694095077175929,0.22758403369249397,0.1885422705647635,0.22497590727257794,0.2466131140384992,0.2935930971486657,0.19871159684977358,0.22880981507865913,0.12341516505604079,0.19847336745186447,0.2202403912183859,0.1347467532483005,0.21782411742103563,0.2012824019688283,0.1848950874571419,0.23087616342334563,0.2601759985913056,0.05374192212575167,0.2593242204904264,0.48726881473128436,0.012837768670548906,0.2037060050080341,0.2335723969835429,0.2685108814623268,0.19758318010159848,0.1697277326537175,0.1537294767054159,0.1918704299556547,0.27636615136101983,0.2879498495059698,0.1586899464553659,0.24859055803333505,0.3553251956222549,0.1489733054257323,0.4077512477287555,0.4305837642846093,0.15110419880564416,0.13034430348331624,0.04848838620023825,0.4354789114109828,0.4242631186636771,0.35638519448359696,0.09428625286980252,0.31145855934359723,0.1331311376854235,0.3163149669599611,-0.026482959483507224,0.4723631559204771,-0.03508386382020775,0.06896323768677065,-0.04474891468038618,0.04330152999839991,-0.019805149095516204,0.04308426803116551,0.009635069211743109,-0.21436749568071745,0.01178818818671352,0.14040024369569623
0.0332863265050041,0.029778854246904504,0.20547411882490124,0.0612704344428053,0.13817953914674894,0.34769487832290136,0.3476288665540274,0.1392432328801201,0.12898872207389678,0.036093239523923626,0.11588496005529468,0.17024793526872628,0.1407245855647018,0.14242595991970566,0.17583158098621762,0.130841833306503,0.33933822667019625,0.031275779336645645,0.5599181197571511,-0.3663213633315759,0.012837768670548906,2.6844925485608364,0.07038169289065709,0.1296924769503706,-0.046258270794095606,0.31071353605175417,0.13321204295232605,0.09539173299494287,0.6073554371002352,-0.1260836876595054,0.12548595769623586,0.5228301204341645,0.04195286767643327,0.597610879405883,0.14673982181192452,0.0573000377561152,-0.21308935720937713,-0.1053590360942626,0.43567363646371,0.09570829440507359,-0.10755860052146043,0.005499589417370839,0.3701464650558628,0.1185321436334328,0.28016696586996415,0.010355481859907869,0.15852442835776023,-0.008166455296810655,-0.346028956007158,0.187626965939901,-0.42272278015544273,-0.13901270757307257,-0.1577471060687665,-0.029258635371752297,0.05158516243418778,0.06779533027717138,-0.2505993058150541,-0.0030679377685918917,-0.04773393754129398
0.09444838691603843,0.18706397454796547,0.3092735006309573,0.2769252657392728,0.35871332854423227,0.16898266292299355,0.34469709608578253,0.22790428041802818,0.20660289779571409,0.20260681330323596,0.21642753980694845,0.31740647308492936,0.14481911383359947,0.2652249458291346,0.32940247828793573,0.29677700558101366,0.1890914975270186,0.5957678548215894,-0.018231910891938388,0.24137380020290644,0.2037060050080341,0.07038169289065709,1.4402896713891769,0.33759129854175624,0.28442885662042156,0.12173342993088185,0.18139576508557737,-0.36865309394756346,0.457315252074933,0.3085664812504047,-0.23374727891542127,0.13464571691196178,-0.14455226788580497,0.5514065655473323,-0.19673581359417633,0.8442428269987455,0.18523614394221294,0.04750800852518474,-0.07436559088704084,-0.12001495490671538,0.5392260599666799,0.21936064522015633,0.33249348324693045,0.25962273327681346,-0.16728325928915733,0.3193268345962013,0.32337911037508366,-0.1721881448772018,0.8898692104045336,-0.5845822768343946,0.9102384167911346,-0.32034678406660666,0.25039578246352034,-0.059210622044780094,-0.17304827827055344,-0.014058328138399254,-0.2816618640193041,0.2003145512360166,0.06268022657994975
-0.011663405423693943,0.18118206027750094,0.2120470744209423,0.2076850631481853,0.22806314538352188,0.24943485974641008,0.32195656378881515,0.20143956232150936,0.24191736434026054,0.13118842535974845,0.2064586951568283,0.23540533858151635,0.1517486536209063,0.22693065625986777,0.21856976143565188,0.24698299592630849,0.22163516537465258,0.15351055126723248,0.047581750909817686,0.33055182834886637,0.2335723969835429,0.1296924769503706,0.33759129854175624,0.6321849122031055,0.3351158460560261,0.13147254766567232,0.20574177419741682,0.2230315407972363,0.29581120357115925,0.5056974834769341,0.2937997842059825,0.23110446583688135,0.4314912768963387,0.34035010928629905,0.19928952107487324,0.5399437562291892,0.49224100419357036,0.2100079214508135,0.14120119067529457,-0.04841532274679355,0.4178521757910896,0.24426488943808378,0.4062095371539824,0.18933577032733567,0.17963498257264146,0.14924450077519164,0.30466561031982137,-0.07469243286936147,0.6118060356438942,-0.18524758273461236,-0.1336364584073299,0.16450142031707304,0.08795268454070373,-0.01974441044484844,0.1726246923330734,-0.02807223263929388,-0.19224198711910798,-0.23837358339592923,0.33709657362408313
0.08018849266248547,0.21306137600740874,0.15799789688540725,0.15473086274523193,0.09887312327652288,0.15517288708033108,0.15753692233517844,0.08871180315317384,0.17700703242449942,0.11734823404616443,0.18337028260681745,0.21430092711425683,0.11737267912466944,0.2208050547752892,0.26927360361942976,-0.047699582422019986,0.20095156896371363,0.22848083853574624,-0.04193406015211676,0.21248428252332627,0.2685108814623268,-0.046258270794095606,0.28442885662042156,0.3351158460560261,2.93727885220062,0.2843787029961905,0.14514599813224816,0.16039461536121297,1.5002460383442489,0.5766206413958733,0.18854963387105367,0.20515581053873042,0.08477942993342989,0.7962331748379083,0.3740967211491503,0.48175781243581894,0.7389858211423712,0.1670038953468772,0.6537111564063904,0.22574550977317753,0.3663903669775,0.255242498833276,0.39891736712363735,0.1793038552347468,0.9030170643132078,0.42186984489072027,0.565059190413867,-0.18707897332379717,-0.45292520151801563,-0.4060876464029795,0.3282744988203734,-0.2703434419160876,0.2018485742710647,-0.035209465558406976,0.043678691773663375,0.11222204239941451,-0.039943327916464634,-0.05580477816803626,-0.06063617394546411
0.06697908028620886,0.15963507058833207,0.2635696464711161,0.1959752615443151,0.2159968469841253,0.2440356680926339,0.16141730461543188,0.18695186430634606,0.23613143380882148,0.13145403492645516,0.19440145069463427,0.20650368415807224,0.1601739587298281,0.20959893954785708,0.09479399914952528,0.17426243612320283,0.13190035452021912,0.40913090340530733,-0.06054343939737966,0.31089237001028414,0.19758318010159848,0.31071353605175417,0.12173342993088185,0.13147254766567232,0.2843787029961905,2.1878939221767126,0.2763980123514811,0.08963372954057808,0.17826416042226953,-0.6607345524057399,0.35563123375925487,0.5474610403203455,-0.2081119122705453,0.5032379270804854,0.3702693478372796,0.203040402554421,-0.3576995814049125,0.1023223060905188,0.2894129077194368,0.31655420198269996,0.3078760259777295,0.21478908163479374,0.1908204137619673,0.07501178423567192,0.009300710628205682,-0.07877038905562206,0.1104400299303914,0.0026918573658441824,0.8430709966164486,0.2810806647763244,0.15749056357167238,-0.4351627850280407,-0.16617790243659689,0.08148362937938912,-0.05634244750703237,0.032382298526537456,0.006461424114139225,0.18893482679215684,-0.2185019461947752
0.05452170242927114,0.2592520628124707,0.2543916601845938,0.16795289493977705,0.18935641871921774,0.2097288364551881,0.2627198713553007,0.1948032403198025,0.17805165874905388,0.14779557541070312,0.2148971218062754,0.2808651861310812,0.17257620289578549,0.17083783839088018,0.15040904601032593,0.36114077071815576,0.1929288558161586,0.14441196004049994,-0.016153012505415724,0.3931892169794891,0.1697277326537175,0.13321204295232605,0.18139576508557737,0.20574177419741682,0.14514599813224816,0.2763980123514811,0.5063206614103061,0.1274598162037664,0.16017037915782745,0.12106186033740508,0.15579603599489764,0.287616088754847,0.12907371803412898,0.3426659416933829,0.16492975901697057,0.36098424753160835,0.19566363764146008,0.18548009229318912,0.164030920012342,0.039413150494577144,0.20951829876176883,0.18805194657027585,0.33314170590387615,0.11270103174119366,0.017640432544153997,0.09405964879646464,0.17795546611705543,-0.07276780004553039,0.6700446914464457,-0.13044935222957105,-0.16617627273623373,0.08924581645666742,0.0791254007697039,0.06166958490995809,0.09098039415295545,-0.0023966520523259266,-0.13383947010429867,-0.0747972827008083,0.09788370205605014
-0.010193940731447955,0.1554833765869805,0.1254760255593421,0.07904820047752123,-0.0037572356791095237,0.12696188493882982,0.10014746655591539,0.10131693747994844,0.10794113824950233,0.05599365333337586,0.10163306616385688,0.0618189983821393,0.08558945116509156,0.08650882347536151,0.07167037904197876,0.08312031621365952,0.22513386527111443,-0.05341479158839634,0.0771627660684995,0.18551218656433263,0.1537294767054159,0.09539173299494287,-0.36865309394756346,0.2230315407972363,0.16039461536121297,0.08963372954057808,0.1274598162037664,1.1158659267373303,-0.26802542104049626,0.31542530245870176,0.48309172895471864,0.08680724362181699,0.669163511659221,-0.029014581405021986,0.5754923391999417,0.3181447456609438,0.36998538011161397,0.18313697786519267,0.34913728949427575,0.07591615055653064,0.21141522423064832,0.1332466085654064,0.3362177492786755,0.2747030541836711,0.45805889130908534,-0.045015477283256417,0.06397869685608684,0.024447129534458583,-0.14714688851564295,0.43615995069930946,-0.5985343585500973,0.6097940171573071,-0.5919684940584568,-0.0028400137297529505,0.2890084413109263,0.014057032541242331,-0.051080990165304735,-0.3369723604447907,0.29849164966657876
-0.032667600629032234,0.17771975835438925,0.19427461732627407,0.13788876329324257,0.20015288160797895,0.3094122209900397,0.17832761773831873,0.2185325114713894,0.12200166608916292,0.10141616814424148,0.1958221524035361,0.21788736120349275,0.12504281298377903,0.2666000500020409,0.3583904224863805,0.07689056839273926,0.19013109740654785,0.13185495024876656,0.13703695352645995,0.22401686472392093,0.1918704299556547,0.6073554371002352,0.457315252074933,0.29581120357115925,1.5002460383442489,0.17826416042226953,0.16017037915782745,-0.26802542104049626,3.8603461241343715,0.6254949805267807,-0.2037749169810349,0.3544754528218559,-0.5690470138089573,1.2897152537049905,0.2512744762221523,0.367565859809923,0.5330479916020247,0.006884454166384742,0.06683340658655054,0.1573850825225812,0.028824411035987763,0.17168472613656544,0.2717684154529697,-0.0431690896631674,1.0114016405939354,0.43611124628452447,0.8823465704520742,-0.2340404314855102,0.7876439705274466,-0.4736862364146729,0.059899333327502594,-0.023543998393815893,0.23436886033162332,-0.004238414926100347,-0.23791725467173563,-0.0931038199231004,-0.18228190791193044,0.40166758260584356,-0.07184924875991189
-0.016188638260823358,0.188117817773107,-0.061620504628358344,0.10372908474586098,0.0827773853355276,0.08109853379679473,0.3118157105236088,0.15790437095853907,0.16944740287080384,0.13646802061813662,0.13535460317591974,0.11533582648954634,0.08692895569966005,0.25516871808223407,0.31482468005569764,0.17720366127849832,0.18554659815731636,0.003964477025351142,0.019319817587417257,0.3740914192972161,0.27636615136101983,-0.1260836876595054,0.3085664812504047,0.5056974834769341,0.5766206413958733,-0.6607345524057399,0.12106186033740508,0.31542530245870176,0.6254949805267807,2.268869010490304,0.23671274155479963,-0.02331254127866749,0.5546823049370468,0.18915841890326163,0.4705999855792429,0.45083848916293323,1.064661153726214,0.2808210652885679,-0.3119429645419578,-0.311476350136446,0.9871797954444373,0.28301278346218084,0.9030071227198421,0.35201555092136394,0.6121208783525914,0.3307591781624037,0.7393499162412315,-0.12246131509997278,0.40865155485381116,-0.8214684073966612,0.16548128728846906,0.070711899986769,0.402068102483132,0.019044690060429508,0.18272304709214182,-0.06482296924402874,-0.31991752192763,0.06893462591260235,0.2580892199429187
0.03771881747300568,0.3134850563139808,0.24427862470048364,0.20244200831993225,0.12794149678194647,0.24545752200488924,0.22601181194251638,0.1846900152926525,0.2738033073249812,0.13749638027089076,0.193323053043715,0.16315784698766603,0.13932826456896358,0.12611539376092065,0.0614943159314322,0.10069854519765095,0.20080787851520837,0.444659421305217,0.042563094794888255,0.33534818816114165,0.2879498495059698,0.12548595769623586,-0.23374727891542127,0.2937997842059825,0.18854963387105367,0.35563123375925487,0.15579603599489764,0.48309172895471864,-0.2037749169810349,0.23671274155479963,1.4353711040117854,0.22393254063757062,0.5962729771267348,0.21748109456250378,0.33997976506249367,0.4336373824232048,0.2636398526806416,0.2772963848609137,0.2574265638672615,0.006714894405109085,0.33453729318727043,0.27192259564999355,0.32638807626491345,0.1262588208901281,0.31734843409029173,0.06171251199808211,0.2861855307700046,-0.015131129884063524,-0.1211832232238473,0.4711472503717669,-0.608678479191324,0.15597943716137908,-0.19736280584235383,-0.016183960251562417,0.3678710187210473,0.07838809737223869,-0.012128430285750837,-0.4119377155024425,0.12326842125696426
0.01156961336559311,0.1632092534570508,0.21933935524205345,0.15838484467736755,0.19606456825899587,0.2434385655145748,0.24297069442686128,0.16232424658183708,0.17319285812499458,0.1171163991394914,0.1787345936251811,0.23636491709632762,0.15969532404835263,0.14405751501784259,0.06460278353081474,0.2479533222485031,0.16856817549501177,0.1729614894665331,0.07287265639557056,0.22418761849596958,0.1586899464553659,0.5228301204341645,0.13464571691196178,0.23110446583688135,0.20515581053873042,0.5474610403203455,0.287616088754847,0.08680724362181699,0.3544754528218559,-0.02331254127866749,0.22393254063757062,0.854938885827892,0.06932235324753719,0.5260582063493789,0.17144000059698256,0.3107373918067645,-0.2527228549490564,0.1348462459169723,0.26491722182976274,0.11759005569501291,0.1624146460332089,0.1603930183189099,0.2264685227228872,0.097894713516722,0.13753043382239,0.05724386661121883,0.22371926849039692,-0.07217500642646557,0.33158497940952864,0.026961063064146928,-0.12043032510012179,-0.09284326001180147,0.002564065081583712,0.05674939445086,-0.04738682565619254,0.027544158032564117,0.19133713980650158,0.0263584619749158,-0.2703010516100417
0.06619829977013657,0.21156185940373595,0.22158638097672345,0.11054707151204476,0.07117604300195733,0.16030059931772933,0.26851956569650376,0.09421633126316306,0.25022936606827945,0.06948636332177528,0.13301318076147764,0.19249980337168215,0.12689681310885703,0.10368770629127218,0.1725053192536488,0.11575193172252253,0.23994922779942943,0.04147270598544917,0.21787297347112494,0.01856192467233192,0.24859055803333505,0.04195286767643327,-0.14455226788580497,0.4314912768963387,0.08477942993342989,-0.2081119122705453,0.12907371803412898,0.669163511659221,-0.5690470138089573,0.5546823049370468,0.5962729771267348,0.06932235324753719,2.088033300453438,-0.40895699301595223,-0.36943899128470736,0.2628496545822663,0.7743904649646647,0.1036112530944381,0.012268669837612203,-0.33428796721748705,0.4860641421776587,0.21954539801798628,0.5419667706906289,0.16003732633061585,0.1166739587434115,-0.007864182266233711,0.1359980668652763,0.05647601130487267,0.12757191392768746,0.15132254390693287,-0.18952760297361776,0.2198866086742366,-0.11963662766636159,-0.1928969586646984,0.3056933254806392,0.10162715652766,-0.2504676846532045,-0.2606838312674929,0.2952561762880511
-0.13316921830282152,0.3530680308801322,0.41766620784485914,0.33833697916103833,0.4346075941390745,0.4298317001167287,0.40303503200314816,0.39007385906844816,0.2953351546779263,0.251002141810977,0.3332728819559787,0.367449056255827,0.23736665597820952,0.3596735211670456,0.37282744105768817,0.3336270188901626,0.34871397155439393,0.42677405411900976,0.02152329621554431,0.4734350184692137,0.3553251956222549,0.597610879405883,0.5514065655473323,0.34035010928629905,0.7962331748379083,0.5032379270804854,0.3426659416933829,-0.029014581405021986,1.2897152537049905,0.18915841890326163,0.21748109456250378,0.5260582063493789,-0.40895699301595223,2.314602412698502,0.43746851957316957,0.5318113336421745,0.6441687626667105,0.12048440673403735,0.26918710878580626,0.05413333897014111,0.5672717845908566,0.3790347617757038,0.7454877590800064,0.27653158150186474,0.7108263424644008,0.22888380750109724,0.6896904329610929,-0.0569645241429042,0.6034716303651606,-0.36133830073369166,-0.020001498946911632,0.03725022027953656,0.15466194283683807,-0.0318506453984647,-0.036205015187991664,0.009044508548841453,-0.30127776859318967,0.05308671660680963,0.15429832555861817
