5.632790573919369,0.6629593482055072,0.9395899647665935,1.4589420757844935,2.189832007805415,1.6814253097482517,2.037866772361757,1.4854377676152937,1.529107973095845,1.740783652994298,1.5858658759149866,1.6762726512504549,1.5959346989213794,1.6073186278966265,1.6652698023876253,1.5121713737191533,1.2335322051220896,1.60429121795591,1.367439283192663,1.4481380610909464,1.2101377843168015,1.2428279572620158,0.7329186461777915,1.3230837091108634,1.6115641693231366,1.302897705005224,1.5367054721609124,0.8647468811035027,1.4840126398720372,1.2581234426017527,1.4070828153406512,1.5635468601250726,1.0158545015221057,1.2333328621038453,0.6430752434418677,1.9289721752631364,0.8686336459000106,0.9274875191966151,1.6506888193907567,1.3683063129059105,1.387479319211516,1.181301458554649,1.550728270618748,0.2961326973487829,1.529380091294892,-0.49088704707552366,0.878974371539741,0.7305936749726338,2.4321094604304876,-0.016822233075677196,-0.02391497164085364,-0.15540339060061545,0.043811112473584025,0.07040186574605331,0.6964368888378283,0.1786594994639495,0.4553379638090467,-0.11395212480792186,-1.2238820495622131
0.6629593482055072,2.5701216249472396,0.45254349617048684,0.3470625134418271,0.5601043839059612,0.8213788587510108,0.26864724477411933,0.4506354403684037,0.3785157028838448,0.3526215373083085,0.286140071169888,0.3979337797163296,0.3066077437729826,0.3022505600116822,0.28192093884071817,0.264290957873204,0.1696377203992543,0.4079234658434326,-0.08477448439279577,0.4384104376185477,0.3725253779413808,0.23729738863917268,0.1873800322896378,0.2552081007113996,0.26221748776665227,0.43168111933767045,0.21487077452991316,0.1282025732503147,0.2733501910929024,0.10838106710665442,0.21858424920976854,0.3361297494236872,0.11613831690057881,0.34922756240082037,0.10296929788376219,0.3019964799334888,0.20367386536779525,0.24625070151636966,0.20999686974696258,0.22488720901421816,0.1699196892250495,0.31783823541610234,0.29119772371416064,0.035712396505152504,0.49243160532281116,0.09634307760385502,0.6968419793925178,0.1309897885757605,0.7947489778559026,-0.5783210676362174,0.4096548018338359,0.3170263472790241,-0.02009093301203601,-0.17994765445066851,-0.14758178920936912,-0.05867225955264385,0.07030608550676604,-0.06311869403371222,0.1619984750149976
0.9395899647665935,0.45254349617048684,3.852747561392638,0.6658316174808346,0.4119649396288581,1.0658537975653577,0.7194986405047836,1.1786679938650375,1.1768456693430462,0.9330249221391466,0.8772860282139814,0.8461757995858307,0.9418491228157378,0.7890192016622002,0.8932835232672203,0.7702828594021389,0.8854309919550367,0.9629784490697586,1.0936951699777333,0.8213380026283232,0.6712784257700942,0.6865290516787826,0.09658498776442476,0.8947180344678154,0.5376848381374032,0.8073861066101335,0.9194047199805463,0.6738802629394376,0.6734851741071602,0.5736683524057429,0.6880372744574357,0.7871406657737046,0.7721316562669489,0.7852574047454154,0.5116067875547496,0.9600783897647975,0.7011069964078757,0.5192014762746056,0.9677022756577861,0.6439475147844669,0.6650755139699721,0.6701970708515215,0.8336811710862833,0.07803341663338365,0.8446643825320918,-0.039454739658598637,0.9176832578514926,0.42113656777077346,1.7180249492117456,0.24305364936048196,-0.04324238458886536,0.1431096163107804,-0.13548841367371467,-0.2961666442744867,0.10889075424710912,-0.3003503029791576,-0.11081532322246763,-0.1891618973998864,0.32144482133531316
1.4589420757844935,0.3470625134418271,0.6658316174808346,1.3722835511260345,1.4673312785482384,1.1811123079215375,0.9860886329879495,0.9568496925858021,0.911403754682401,0.9919083511295272,0.9247848870747404,0.9589752538641589,0.955945772318092,0.8880823920248456,0.9086245481057607,0.8872321800958326,0.7836660483676298,0.9775706603023874,0.7424984536694528,0.8655592829647003,0.6804650490824194,0.6962558121750416,0.395262828256599,0.8595206872045795,0.7391376673840756,0.8057302160648588,0.8640194999563673,0.5176310836719992,0.7820078751084331,0.5810622577049286,0.7654117176616698,0.8910774388890176,0.620201263937343,0.9333092529170036,0.31697683554750405,1.0696342522484121,0.5776123669661751,0.5447545122258975,0.9269677213591705,0.7086273436905459,0.7152731855086434,0.6838185735113994,0.9217610424641661,0.20039473936404104,0.903205784061896,-0.2048877732589653,0.826765847887767,0.45099376710687433,1.5765518274246844,0.12477074412407578,-0.05720627749016768,0.07777753366511768,-0.0638581556280208,-0.10069199102418397,0.19989972083626267,-0.08781950905864709,0.0054084068905332966,-0.11491958994697217,-0.10172708254684314
2.189832007805415,0.5601043839059612,0.4119649396288581,1.4673312785482384,2.6212141029238314,1.5145661869267597,1.22944400542746,1.117009915694612,1.112258379815317,1.2504162331123734,1.1656995568302024,1.2235003806576585,1.1912162784074836,1.1383156454498988,1.2032681261442228,1.139493041442803,0.926751842212321,1.173298058538142,0.9248790590045214,1.0767819180962925,0.8734425556806956,0.8686005516232412,0.585548389059605,1.0529715555528842,0.9902402917698419,0.9878634991439224,1.090139414899576,0.5765605199062268,1.0348591665000608,0.7271488738687245,0.983437725836684,1.145293329294064,0.7224153052673178,1.2302291615807055,0.3331684670368309,1.3979801857375125,0.7042638579817868,0.6844525479499878,1.179493935137773,0.9297583020094042,0.9106510715956642,0.8685840073681683,1.1419416542094616,0.26088506754236573,1.1673092379035892,-0.30112266650991937,1.0275882466001027,0.5909005810743234,1.9787750664994181,-0.03958018906111872,0.048481799601857715,0.03100786351729862,0.04309594417721822,-0.05827600931044978,0.18580281086782283,0.018986468983926492,0.16990849276355444,-0.3417643410452479,-0.13928215614171632
1.6814253097482517,0.8213788587510108,1.0658537975653577,1.1811123079215375,1.5145661869267597,1.9122288225844004,1.0123309798751088,1.1597186827181516,1.1457173063270107,1.1336028945759102,1.0917095992255148,1.063311989251534,1.094577739315243,1.0043470792803808,0.9718117392800485,0.9846755512245727,0.9388353124171223,1.1018144194508106,1.0065805775874146,1.0301886175958401,0.8156807005118141,0.8234623586270285,0.33565151406881544,0.961548087712918,0.8424623829411435,0.9671328351483521,1.0622665010140573,0.6071832799766539,0.8830135511705689,0.6587444343043982,0.8614391813032254,1.0273597085296824,0.6650107582129481,1.0414156113737152,0.42380653776484745,1.125126181442887,0.6813426816742687,0.6495919744094049,1.0995311580457583,0.8872321124365629,0.8366034679736422,0.8028690781199995,1.0699524269596408,0.17834338080757484,1.1534058563347318,-0.24029365219549495,1.318435410826853,0.501736114745339,1.9614796599879507,0.34667822898850603,-0.2657609183261885,0.008620169256542062,-0.14344025265075777,-0.043043988491348655,0.10536751401557107,-0.10920086088732141,0.16447817294083716,0.04910486121947392,-0.3696615411302345
2.037866772361757,0.26864724477411933,0.7194986405047836,0.9860886329879495,1.22944400542746,1.0123309798751088,1.4805299667661134,0.8554564100886374,1.0907077766978024,1.0520974364384101,0.9984327978147856,1.0679971606115939,0.9882289091069386,0.8880644466907751,0.9208781780087405,0.9226999098826122,0.8302757515553912,0.9576736240860747,0.8308262814579933,0.8541909482125254,0.7166572699608379,0.716097363112233,0.38905568508771476,0.8089817058987246,0.8421547604198114,0.8445773549007624,0.9818904347158136,0.5806806166837521,0.7626426356768787,0.6827613037791359,0.8532641527448017,0.9094640853444788,0.6101391400933966,0.8639072672359039,0.440038848024807,1.1657205656853944,0.5206605037642461,0.54860927130189,1.0078281774997508,0.7736268317071151,0.8334436372386679,0.7105538049295934,0.9787978291275715,0.18605121761179294,0.9461316027387622,-0.34948229511796675,0.3381344932716747,0.4883246731965724,1.4678047900802127,0.08376113261560873,-0.07197512526555659,-0.029532755868854326,-0.07268118401988304,-0.0008647358614522184,0.3410372715293885,0.1382891626131767,0.14119990741419652,-0.034741361143419455,-0.6732698644823952
1.4854377676152937,0.4506354403684037,1.1786679938650375,0.9568496925858021,1.117009915694612,1.1597186827181516,0.8554564100886374,1.531982734972341,0.9107512935150779,1.0281479291236963,1.0764548790080581,1.0262711353903073,1.0603698601491984,0.9758854416463665,0.9561420657435747,0.9212945928866962,0.9224965868583626,1.0335490197002992,0.9506896212718783,0.9906044542137856,0.7228595537738361,0.7363972419973257,0.26791409847807174,0.9340343050830276,0.7368055410288529,0.9055826817026449,1.0260035040374185,0.5792079143956733,0.8217009420205666,0.6486065708017443,0.8060849899354077,0.9703335859670101,0.6549803725650858,0.9730963403178106,0.4929567146540605,1.0381856037295414,0.637348021127647,0.606907813970222,1.1126224576001307,0.8438279259257468,0.774412256900104,0.7360249332841371,0.9559668292104991,0.13518802559045262,1.0587255381696825,-0.18492941389715864,1.1483086611048299,0.4888494089982559,1.9130528399816702,0.1033855062592204,-0.060116717147856706,0.06033586126951863,-0.026048636039688593,-0.12095648456299829,0.0577237237168557,-0.28312432235701485,0.1920125966467038,0.0443860527870666,-0.18059019189643558
1.529107973095845,0.3785157028838448,1.1768456693430462,0.911403754682401,1.112258379815317,1.1457173063270107,1.0907077766978024,0.9107512935150779,1.4395455602831542,0.9977903622576737,0.9473879994484004,0.9327701656779277,0.9637970430932765,0.8677592590452173,0.8071180366740246,0.8779401250664244,0.8273691138903968,0.9304677325541362,0.9110668944320972,0.837286617111857,0.7093701507278876,0.7234336336651819,0.28880291096236754,0.8129253693100938,0.6985462838877173,0.9334506208629058,0.9243520131393037,0.598778659419296,0.6363711688232403,0.5959074839747379,0.7912652112464534,0.8721612208884146,0.6629136403213854,0.8144694529320184,0.4613711164105662,1.073307977358253,0.6047991903813162,0.5441206154531012,0.9440333800622493,0.717111616667568,0.730219477963026,0.7052005182637562,0.9747242251815569,0.15998663921837245,0.9853642807083156,-0.21292274954361826,0.6939299726207967,0.4687941580509319,1.6618744679326904,0.10706196136170786,-0.046116118899022764,0.016318913007663593,-0.028779799987831246,-0.09998373642184183,0.25507725112825863,0.12084452824607801,0.05199763923204014,-0.18479865621878128,-0.3181575678316418
1.740783652994298,0.3526215373083085,0.9330249221391466,0.9919083511295272,1.2504162331123734,1.1336028945759102,1.0520974364384101,1.0281479291236963,0.9977903622576737,1.3898022542943582,0.9777384195434164,0.9827336653851639,1.0192665333375615,0.9009623394247636,0.9570308329640653,0.9007760013225815,0.8599863431918575,0.9791771479362912,0.94658016699339,0.8425595717704355,0.7102869275605179,0.7584472279318093,0.3636545751881594,0.8485655118659042,0.8158206864672766,0.8250847849737541,1.0209186930694165,0.5793814285355237,0.8553088297921823,0.7280657782805879,0.8189754559050046,0.9021570600475389,0.5978870182354219,0.9538297891755911,0.494311448733979,1.1204074418219383,0.5309625979381412,0.534601798532624,1.052105275529453,0.8387989254947217,0.8174492809112192,0.7112995417797763,0.9663559085288463,0.19922053126975112,0.9480808750081329,-0.2436576936337762,0.7946967072991883,0.453531092328116,1.623796637688111,0.08862780571917593,-0.019850246037701084,-0.12372407616752205,0.0008914951249989547,0.0030445252570881253,0.26170191887059713,0.09640420242549061,0.04884124199172223,-0.29409966632134654,-0.16499939508901487
1.5858658759149866,0.286140071169888,0.8772860282139814,0.9247848870747404,1.1656995568302024,1.0917095992255148,0.9984327978147856,1.0764548790080581,0.9473879994484004,0.9777384195434164,1.303037019359997,1.0291191687108854,1.1052198645433473,0.888588738602654,0.9863123602669569,0.9239127603140037,0.8970077752675171,0.9983567648653915,0.9027224714229427,0.9733529011108284,0.7492715697129553,0.731651390241737,0.25023534024250776,0.8627494375640206,0.7578226065270462,0.8404075536840055,1.1218892273166936,0.5868407690943572,0.7797594405372219,0.6894844843110933,0.8407038583687637,0.9042219483509712,0.6324979233585876,0.9058448739498702,0.4910582973902539,1.0379392142219264,0.565598055134946,0.5935652652275183,1.1173643266937698,0.8885143895168438,0.8792251169091526,0.7413557003436385,0.9405691619770933,0.1295392633678941,0.968958519026932,-0.2477160873557565,0.8037639969077911,0.459861359938866,1.6191013637734204,0.1762688962962074,-0.09465341143443111,-0.10844676836256584,-0.0052609014813621326,-0.0005778558990945249,0.12252875616021765,-0.040823744602331076,0.05997213251265631,-0.13078020970643647,-0.16308173435061157
1.6762726512504549,0.3979337797163296,0.8461757995858307,0.9589752538641589,1.2235003806576585,1.063311989251534,1.0679971606115939,1.0262711353903073,0.9327701656779277,0.9827336653851639,1.0291191687108854,1.3092725695017655,0.9677054851103754,0.8934844162574282,0.9447774681547368,0.9219538051064284,0.8107591941703354,0.9179906891480224,0.8085157823114838,0.8815514138884677,0.7032539404222424,0.6793323339006319,0.37591175774146524,0.8166975669268476,0.7886768532671219,0.8911325335683505,1.0275010799109994,0.5144699948832132,0.7797249297433482,0.5777973531041557,0.8305597247079863,0.9124512155478869,0.5890863601102717,0.9134670169140239,0.42292535721975866,1.1308840211319617,0.515765988871132,0.556907329324589,0.992421321440334,0.7990373639844753,0.7485933928851485,0.7041661685573216,0.916565442632092,0.12813327036078356,1.0227927937334584,-0.28808644087029117,0.7524361968972877,0.5169670279772488,1.7220769973363967,-0.14770776692571136,0.011443722157468472,0.05535870988823968,0.03153024918561626,-0.03575920640952627,0.18602432935539756,0.020359067775707528,0.03005201293772337,-0.15392291718467932,-0.20982008425995957
1.5959346989213794,0.3066077437729826,0.9418491228157378,0.955945772318092,1.1912162784074836,1.094577739315243,0.9882289091069386,1.0603698601491984,0.9637970430932765,1.0192665333375615,1.1052198645433473,0.9677054851103754,1.3232916896528755,0.9596369422785221,0.8334499801072978,0.9776213145932365,0.9081680044652574,1.0332023540552921,0.957075692576377,0.942608392178806,0.7480625506363603,0.9362794865566422,0.26782417971797373,0.9531285086631511,0.7984554357217404,0.8324031905976662,1.0995883788756782,0.6226972057328106,0.9033115770477049,0.7651425086253348,0.8192856108995906,0.9617908368993064,0.718883023468729,0.9558375263528329,0.49285649545549903,1.0588506764006707,0.6051167178106515,0.5841443958740765,1.0858495904104384,0.8095453342718227,0.8571848898482929,0.7452700461943427,1.0254077181883081,0.1848737768995458,0.9353715908889344,-0.13173891368740012,0.9041241635050578,0.36503060365872375,1.8029745309649279,0.25117322114168517,-0.0696055598555848,-0.1283070893314842,-0.02065855747117567,-0.06523468705106007,0.10537904898152481,-0.12009216852281954,-0.05595631020538862,-0.16016526097177994,0.07138704012288845
1.6073186278966265,0.3022505600116822,0.7890192016622002,0.8880823920248456,1.1383156454498988,1.0043470792803808,0.8880644466907751,0.9758854416463665,0.8677592590452173,0.9009623394247636,0.888588738602654,0.8934844162574282,0.9596369422785221,1.1239009729177445,0.970608434296012,0.9400266508497749,0.7978111433970598,0.9175563832639344,0.8554184865190685,0.8937044765432027,0.73511575489602,0.7270347059325022,0.35470429690683813,0.9575538002507165,0.7696787194530967,0.8170910229292728,0.7887923370289447,0.5854326971363032,0.7843824956461731,0.6775076293827543,0.7688929098458951,1.0526353316358912,0.6595961148740217,0.9223225553085026,0.4379359392537212,1.1388279086512538,0.582952822640609,0.5638604341572603,0.9041730591568449,0.7165594637160653,0.763554438118848,0.7313458750178109,0.9893232553772823,0.19036009238860124,0.9697319950605621,-0.2780009570825659,0.8820346582771209,0.4966983589128305,1.7838813523525654,0.204345811154142,-0.07522773610648624,-0.04727917547713043,-0.03859482154275153,-0.042759225715787906,0.13602100551896215,-0.1162229582303772,0.3251472002247116,-0.09100992536646087,-0.3024138628791883
1.6652698023876253,0.28192093884071817,0.8932835232672203,0.9086245481057607,1.2032681261442228,0.9718117392800485,0.9208781780087405,0.9561420657435747,0.8071180366740246,0.9570308329640653,0.9863123602669569,0.9447774681547368,0.8334499801072978,0.970608434296012,1.7575197478792184,0.8645581093035012,0.7812510711228577,0.9979563297204243,0.9487168887796893,0.9626510044081833,0.7570313013847336,0.3933277111094413,0.3060588911343068,0.9215812229403715,0.7417645559811752,0.7093812872879098,0.8253660215816133,0.6287626267220483,0.6945368485540041,0.6641200335967024,0.8402924133862978,0.9307679319162697,0.7322867832703821,0.8941696287112333,0.4184013570221239,1.212410209875932,0.6801102234018717,0.5800018184399626,1.0107785033569716,0.793122453377481,0.8446390097251338,0.7499526794028714,0.8472342445587793,0.1330212201445765,0.8189799279152203,-0.3735234410207963,0.5638821296385926,0.6771686628968714,1.4149437684689634,0.036208814464117015,-0.06820172256429266,0.13438762473090918,0.013174805987989533,-0.15065659711271936,0.30100883302924347,-0.0028821045014268813,0.30973267134498583,-0.2528212923487312,-0.31631335455915066
1.5121713737191533,0.264290957873204,0.7702828594021389,0.8872321800958326,1.139493041442803,0.9846755512245727,0.9226999098826122,0.9212945928866962,0.8779401250664244,0.9007760013225815,0.9239127603140037,0.9219538051064284,0.9776213145932365,0.9400266508497749,0.8645581093035012,1.1781347647554117,0.8139066711456556,0.9273636832669467,0.8779597505903903,0.8379669844559975,0.7032131630981404,0.7326137154482442,0.28834609006042516,0.8785474158299982,0.6863516054984409,0.7483715358132885,0.924664105005553,0.5772206795489433,0.6992243479910887,0.6633873004926969,0.7602919412650109,0.9203637475889368,0.6241185128889163,0.8910198008901329,0.47522692122432225,1.052121075575683,0.5752206417796414,0.5327696587728837,0.9603961162606092,0.7535097371056373,0.7568074649354413,0.7100570336239787,0.9713418212227818,0.1711591241583205,0.9536910725354723,-0.22161782197509788,0.8123762408987867,0.44218049020292477,1.6251286281277229,0.10426914925552817,-0.07300451445515717,-0.017743287719009678,0.012177443357887285,-0.05184373697344043,0.14397404632286295,-0.0532025826238153,0.02969834389990932,-0.13622277914718467,-0.0716539145581433
1.2335322051220896,0.1696377203992543,0.8854309919550367,0.7836660483676298,0.926751842212321,0.9388353124171223,0.8302757515553912,0.9224965868583626,0.8273691138903968,0.8599863431918575,0.8970077752675171,0.8107591941703354,0.9081680044652574,0.7978111433970598,0.7812510711228577,0.8139066711456556,1.1615509529343186,0.8264174156848355,0.87474260122332,0.844941428229935,0.7135160183819862,0.7238474692067365,0.22123907175044583,0.7895176614761886,0.7342819929113982,0.776074344289489,0.9606984581535272,0.6707345198417602,0.7054322334283547,0.616303027018759,0.7676980087999503,0.8017794373313147,0.6376233960739218,0.829140638194603,0.5116354849287307,1.0387619017417946,0.6596667104274637,0.5511210905104001,0.9169165041732676,0.6541002457351808,0.7415972027236722,0.7109397478610476,0.9367615290139383,0.12473086544151148,1.0553947713487413,-0.18088394969529664,0.8510823262377611,0.40575218914516825,1.4755982720376346,0.35321379840570727,-0.10826417818837486,-0.09765739552986084,-0.15261029802857198,-0.05733508741330267,-0.04883284213813911,-0.0946855026099628,-0.06042727008158274,0.073798537120676,-0.20028576927434555
1.60429121795591,0.4079234658434326,0.9629784490697586,0.9775706603023874,1.173298058538142,1.1018144194508106,0.9576736240860747,1.0335490197002992,0.9304677325541362,0.9791771479362912,0.9983567648653915,0.9179906891480224,1.0332023540552921,0.9175563832639344,0.9979563297204243,0.9273636832669467,0.8264174156848355,1.7354665363273019,1.0683361127917732,0.8332794792838785,0.766855897230801,0.7297211721616348,0.30340582851330056,0.9777079771260945,0.7625527044840761,0.7650257094877169,0.9819072159199815,0.686340753555104,0.7658575956520663,0.6792171287966696,0.8342587153623734,0.9438134352288242,0.7685161959388506,0.9427389874169481,0.41216742308007304,1.1899360936300822,0.6025076263542434,0.5264634618485453,1.0227706299905857,0.8004377145580868,0.8263150763168542,0.7443469413268645,0.9969063068136635,0.14971703441988282,0.8922144684647295,-0.1842556059274652,0.7461194005547515,0.4622922260538801,1.5208011374879638,0.27233944216556727,0.10902291166569579,-0.05137575637887827,-0.2581649864919408,-0.15813723885171702,0.2602457994290031,-0.10260587065985936,0.1912475363238328,-0.020015280590698716,-0.36863323102345624
1.367439283192663,-0.08477448439279577,1.0936951699777333,0.7424984536694528,0.9248790590045214,1.0065805775874146,0.8308262814579933,0.9506896212718783,0.9110668944320972,0.94658016699339,0.9027224714229427,0.8085157823114838,0.957075692576377,0.8554184865190685,0.9487168887796893,0.8779597505903903,0.87474260122332,1.0683361127917732,2.0319209581276962,0.6610316760392051,0.7585174415888664,0.7374805081159197,0.013994372843796241,0.9532196644032672,0.6726483254298341,0.5948262910673232,0.9703979654078789,0.7705160409359888,0.6633197222925008,0.7427414608215607,0.796460763457016,0.8551094256770514,0.973205066451486,0.789566041513517,0.3583247825169807,1.0938948840999876,0.8678875763324091,0.49491529736543394,1.1438772059414821,0.7849816067912249,0.8473257959130351,0.7272582632368877,1.0020287195165052,0.12179502197746725,0.7598156589755249,-0.2710810394106216,0.3680082938913441,0.5332928902398243,1.3015720579852679,0.7233003926364441,-0.19175847894268874,-0.1000129030629082,-0.27834704316712117,-0.20169923299107442,0.19177191512698355,-0.039554957606064325,0.1091102733789038,0.09215182731942041,-0.3326817219590088
1.4481380610909464,0.4384104376185477,0.8213380026283232,0.8655592829647003,1.0767819180962925,1.0301886175958401,0.8541909482125254,0.9906044542137856,0.837286617111857,0.8425595717704355,0.9733529011108284,0.8815514138884677,0.942608392178806,0.8937044765432027,0.9626510044081833,0.8379669844559975,0.844941428229935,0.8332794792838785,0.6610316760392051,1.8673543824007262,0.7018064144833669,0.556407641714755,0.16332190579985495,0.9848367561996295,0.8058234458727916,0.6601833101363344,0.8906907758097325,0.6088250920185645,0.7942926419068705,0.9440746030013076,0.928275394484673,0.8737036169276005,0.7419337255177696,0.8269875246212752,0.47628188507632163,0.9826592360232294,1.0734201816477988,0.9901938997087202,1.207226618950278,0.9479210985666074,1.1455596893827884,0.7781090946307492,0.9633458927177432,0.12706333992673738,1.0357525087517476,-0.3161604074783763,0.5827988751177431,0.6439858422073638,1.68214555208552,0.04689136337117685,-0.11331806227872321,0.02649140903961856,0.12362323410080533,-0.1055811316458542,0.15859703460705926,-0.1570818360146221,0.17963219178393033,-0.04082071787540441,-0.21838193313219004
1.2101377843168015,0.3725253779413808,0.6712784257700942,0.6804650490824194,0.8734425556806956,0.8156807005118141,0.7166572699608379,0.7228595537738361,0.7093701507278876,0.7102869275605179,0.7492715697129553,0.7032539404222424,0.7480625506363603,0.73511575489602,0.7570313013847336,0.7032131630981404,0.7135160183819862,0.766855897230801,0.7585174415888664,0.7018064144833669,0.9019958924761691,0.6196341957690776,0.3225499487541974,0.7104908121277099,0.6193490278203142,0.7297682810833397,0.7183345034072192,0.5182650907015341,0.5609161334506658,0.5848604609859427,0.657673320601088,0.7455413230934924,0.5781028223737477,0.7244569824120494,0.3627936542041964,0.994705741435892,0.5587549826903501,0.47305709315567734,0.718534113902317,0.6384043892941861,0.7120550294405149,0.7803581208354062,0.890238703701395,0.1357568985197413,0.9307697621485267,-0.2517818895113898,0.6740652574701445,0.45997746248888505,1.3664939025866052,0.14255545597288524,0.00727476655775104,-0.0543337984555059,-0.06348261135555684,-0.06944608553535234,0.155218073300715,-0.028823803174332044,0.04303418133378865,-0.060681672497176854,-0.13331917070878083
1.2428279572620158,0.23729738863917268,0.6865290516787826,0.6962558121750416,0.8686005516232412,0.8234623586270285,0.716097363112233,0.7363972419973257,0.7234336336651819,0.7584472279318093,0.731651390241737,0.6793323339006319,0.9362794865566422,0.7270347059325022,0.3933277111094413,0.7326137154482442,0.7238474692067365,0.7297211721616348,0.7374805081159197,0.556407641714755,0.6196341957690776,1.6227105134337547,0.4977543785035627,0.7916054495773114,0.8081195344395466,0.6809838677610315,0.816051070407251,0.44111487708142827,1.1667292159350464,0.8104433015925019,0.5612211543277299,0.7587136040411424,0.6265133263449375,0.8131925806692251,0.34665319460263583,0.8591574086140471,0.44410557197956174,0.3970638687848056,0.7947287484443263,0.4762387754977542,0.5768713331444527,0.5859860934228389,1.1274675271626275,0.3038283346676458,0.8744895032501359,0.3407116798691297,1.0543631087600505,-0.20055061655174802,1.6998581310804872,0.1675040273294162,0.032714100702039665,-0.20751943971298265,0.021897523891541,-0.057802881093511255,0.04649781622933796,-0.05811917004081358,-0.2807411222122807,0.04276847532864897,0.051765006557875935
0.7329186461777915,0.1873800322896378,0.09658498776442476,0.395262828256599,0.585548389059605,0.33565151406881544,0.38905568508771476,0.26791409847807174,0.28880291096236754,0.3636545751881594,0.25023534024250776,0.37591175774146524,0.26782417971797373,0.35470429690683813,0.3060588911343068,0.28834609006042516,0.22123907175044583,0.30340582851330056,0.013994372843796241,0.16332190579985495,0.3225499487541974,0.4977543785035627,1.6562105188427887,0.42161894831850305,0.5933184383584127,0.2080621732628411,0.1894337472185855,-0.11103035211397469,0.7617090166337063,0.3705824304281814,0.4234049355069892,0.3677617244060116,0.26243499918278546,0.6055261319785225,-0.2097909447518289,1.2845340929856972,0.308033630841024,0.17182034516685463,0.5251502550633366,0.34706960084243393,0.18206156698909776,0.3114132918056492,0.42537781002160574,0.45390032705169986,0.3271384706831967,-0.1892954450544109,0.2433001008457839,0.3736911206919202,0.7915529603650712,-0.44004144616762075,0.20985663202277313,-0.04703439473504295,0.23535277324290613,-0.020216546465483334,0.10110975964477971,0.026158627006594555,0.06695682633972805,-0.37590015318746556,0.11230433459692181
1.3230837091108634,0.2552081007113996,0.8947180344678154,0.8595206872045795,1.0529715555528842,0.961548087712918,0.8089817058987246,0.9340343050830276,0.8129253693100938,0.8485655118659042,0.8627494375640206,0.8166975669268476,0.9531285086631511,0.9575538002507165,0.9215812229403715,0.8785474158299982,0.7895176614761886,0.9777079771260945,0.9532196644032672,0.9848367561996295,0.7104908121277099,0.7916054495773114,0.42161894831850305,1.5200867947410341,0.6899858539005601,0.5731812166032136,0.7847146385003874,0.6701809682507472,0.9140697699225813,1.0047078629896187,0.7982066635909137,0.9985259707784074,0.9922922262692235,0.9677265216429102,0.4098408580943751,1.2183941309089659,0.6399971570885273,0.6005870941152452,1.087306193512996,0.8770799545681905,0.9492101004179395,0.7268135534145018,1.0538841734571187,0.25528854265327827,0.7326071481185723,-0.24680905209096435,0.8055943252799125,0.5245708286692656,1.9531858120179908,0.15539364991491889,-0.057725210249830385,-0.05034958885867997,0.03397913699569543,-0.13886499145811385,0.1370171399261025,-0.28195929346462256,0.21861876394777321,0.1103796312100008,-0.2221259872904958
1.6115641693231366,0.26221748776665227,0.5376848381374032,0.7391376673840756,0.9902402917698419,0.8424623829411435,0.8421547604198114,0.7368055410288529,0.6985462838877173,0.8158206864672766,0.7578226065270462,0.7886768532671219,0.7984554357217404,0.7696787194530967,0.7417645559811752,0.6863516054984409,0.7342819929113982,0.7625527044840761,0.6726483254298341,0.8058234458727916,0.6193490278203142,0.8081195344395466,0.5933184383584127,0.6899858539005601,2.156944024617626,0.7542090420425416,0.8043584975594618,0.4756425268645003,1.7474448584315614,0.8759713595553813,0.8400176191477802,0.7803907378145637,0.39352820413213174,0.9651512141874652,0.5604723650951875,1.176978154379501,0.6966391807234958,0.5154378916065824,0.8328642128609209,0.4076893211308372,0.7012054634692244,0.6146174834557211,0.7260237238008053,0.26203708167670386,0.7783761843648905,0.1433491333902972,0.714811913513443,0.07658777563293952,0.6326658896690104,-0.12880306163443433,0.1702705833046466,-0.00019075502553033848,0.021645669101761456,-0.04408743746255018,0.19756986229230122,0.05277026882214627,0.2158346984379264,-0.2625737953347716,-0.3213602141813119
1.302897705005224,0.43168111933767045,0.8073861066101335,0.8057302160648588,0.9878634991439224,0.9671328351483521,0.8445773549007624,0.9055826817026449,0.9334506208629058,0.8250847849737541,0.8404075536840055,0.8911325335683505,0.8324031905976662,0.8170910229292728,0.7093812872879098,0.7483715358132885,0.776074344289489,0.7650257094877169,0.5948262910673232,0.6601833101363344,0.7297682810833397,0.6809838677610315,0.2080621732628411,0.5731812166032136,0.7542090420425416,2.089784744782821,0.604274574470195,0.5942501578542025,0.48121989656681835,0.13476638125038384,0.6070632011584804,0.8357367363301001,0.5218348137194476,0.6486527762853866,0.5084200381361774,1.0170807382661682,0.6662139411837805,0.46703870756642873,-0.19232059553654898,0.3003089568793907,0.39627971530778594,0.740993325646858,1.2337129303364138,0.07021158669916769,1.5052898146103029,-0.38817595016738643,1.0334069803799844,0.6723517487338423,2.410460083730388,0.0949628092406601,0.05763233147394777,0.030182552278605165,-0.1549753188600718,-0.060920815090506654,0.17672739831432735,0.07343726137341308,-0.18261874142422635,0.01032772291753297,-0.16783572866021781
1.5367054721609124,0.21487077452991316,0.9194047199805463,0.8640194999563673,1.090139414899576,1.0622665010140573,0.9818904347158136,1.0260035040374185,0.9243520131393037,1.0209186930694165,1.1218892273166936,1.0275010799109994,1.0995883788756782,0.7887923370289447,0.8253660215816133,0.924664105005553,0.9606984581535272,0.9819072159199815,0.9703979654078789,0.8906907758097325,0.7183345034072192,0.816051070407251,0.1894337472185855,0.7847146385003874,0.8043584975594618,0.604274574470195,2.6617127789741364,0.6962096982867833,0.6535480609014468,0.9008532176448554,1.0814181125216347,0.8393936403046969,0.6351293143682062,0.9331615737532283,0.6107927970893235,1.1746989569694504,0.2343737403542037,0.5915639135303592,1.321760709328494,1.4190359540785278,1.202787982003312,0.7186154276445903,1.0051030406306,-0.05391510938922692,1.081103265159138,-0.18376015685551497,0.9153491353202535,0.42782582294379107,1.9476784906635738,0.10716529348679835,-0.11762664022230365,-0.21618616599504267,-0.008605061557403714,0.1474530005529931,0.1480211210062186,0.013818345682576758,-0.011423881170820271,-0.25174812378778477,-0.021015183314960568
0.8647468811035027,0.1282025732503147,0.6738802629394376,0.5176310836719992,0.5765605199062268,0.6071832799766539,0.5806806166837521,0.5792079143956733,0.598778659419296,0.5793814285355237,0.5868407690943572,0.5144699948832132,0.6226972057328106,0.5854326971363032,0.6287626267220483,0.5772206795489433,0.6707345198417602,0.686340753555104,0.7705160409359888,0.6088250920185645,0.5182650907015341,0.44111487708142827,-0.11103035211397469,0.6701809682507472,0.4756425268645003,0.5942501578542025,0.6962096982867833,1.2558814208527869,0.27726171135513383,0.6145653654398455,0.6664091311458182,0.6286375178298204,0.8007289768567476,0.508811144026527,0.8076490926657547,1.0346983106680843,0.43761584057954417,0.38852581780772455,0.5507981078878509,0.5710738709591369,0.6525916001913449,0.5171687217922313,0.8269472165407313,0.19775378110286887,0.5408028407597253,-0.20482719868956972,0.3800071651796621,0.4427201653501393,0.9699150033114798,0.48437754741664424,-0.07632865055100353,0.2014082720623113,-0.5380486197579584,-0.11603445855093791,0.33720278492834244,-0.03308868635648678,0.13329812442164712,-0.12235001936567301,-0.08848353567998712
1.4840126398720372,0.2733501910929024,0.6734851741071602,0.7820078751084331,1.0348591665000608,0.8830135511705689,0.7626426356768787,0.8217009420205666,0.6363711688232403,0.8553088297921823,0.7797594405372219,0.7797249297433482,0.9033115770477049,0.7843824956461731,0.6945368485540041,0.6992243479910887,0.7054322334283547,0.7658575956520663,0.6633197222925008,0.7942926419068705,0.5609161334506658,1.1667292159350464,0.7617090166337063,0.9140697699225813,1.7474448584315614,0.48121989656681835,0.6535480609014468,0.27726171135513383,4.4150917829226435,1.433484160737323,0.6786105414503751,0.8223653915350139,0.10626254850540492,1.546598828594437,0.6051194552095197,1.2210658770256517,0.8896544331496629,0.3867799758884231,1.2833245366377486,0.4754391306460456,0.8149352785085203,0.5373581173823742,0.20855200492767004,0.18590536107437683,0.27746850619531516,0.36818340600742466,1.2519795976274506,-0.19613649967017804,1.8023097183497625,-0.037840200538728476,0.11440422189343624,-0.058155093852836286,0.03157260297368324,-0.031295428332029765,-0.03225457623897764,-0.25044331420141863,-0.06290488840420971,-0.434331967739924,0.43043120604716195
1.2581234426017527,0.10838106710665442,0.5736683524057429,0.5810622577049286,0.7271488738687245,0.6587444343043982,0.6827613037791359,0.6486065708017443,0.5959074839747379,0.7280657782805879,0.6894844843110933,0.5777973531041557,0.7651425086253348,0.6775076293827543,0.6641200335967024,0.6633873004926969,0.616303027018759,0.6792171287966696,0.7427414608215607,0.9440746030013076,0.5848604609859427,0.8104433015925019,0.3705824304281814,1.0047078629896187,0.8759713595553813,0.13476638125038384,0.9008532176448554,0.6145653654398455,1.433484160737323,2.7435716122307836,0.7220883504614483,0.6224204425968448,0.5936816823123825,0.6834498824832482,1.045721121718264,0.7663722229732501,0.19743080154303125,0.5398196436706564,1.5340005250170952,1.6025230387899616,1.450571928875439,0.6057495368954859,1.4391773160169068,0.5321367244169846,0.8689225716768737,-0.05257321452591323,0.7990871607497855,0.18261495595581648,1.3066812459108998,-0.19497166239395103,0.09117977827711021,-0.5282579144653583,0.43561617631766236,0.0977322355769505,0.20570862656819644,-0.08804412037318123,-0.19323179189713569,0.8394268497882527,-0.6742284072639829
1.4070828153406512,0.21858424920976854,0.6880372744574357,0.7654117176616698,0.983437725836684,0.8614391813032254,0.8532641527448017,0.8060849899354077,0.7912652112464534,0.8189754559050046,0.8407038583687637,0.8305597247079863,0.8192856108995906,0.7688929098458951,0.8402924133862978,0.7602919412650109,0.7676980087999503,0.8342587153623734,0.796460763457016,0.928275394484673,0.657673320601088,0.5612211543277299,0.4234049355069892,0.7982066635909137,0.8400176191477802,0.6070632011584804,1.0814181125216347,0.6664091311458182,0.6786105414503751,0.7220883504614483,1.4797781690772829,0.7989927226533275,0.7428455816330196,0.8436348403341962,0.46171221855156913,1.422637103867131,0.6152337341878169,0.6483369954696585,1.0530752578049873,0.8365296924273328,0.9226124033798984,0.6808570142613838,0.8541082171099234,0.22088492558883335,0.8070329005393336,-0.2803509065900475,0.4434769751993311,0.5413745619589887,0.9943140183991217,0.208863067658277,-0.056508290651780695,-0.04978355038375791,-0.03861050326431984,-0.0899024616114844,0.2757573330819606,0.028342656866807526,0.2715628604949721,-0.33403169633769536,-0.2348079218554784
1.5635468601250726,0.3361297494236872,0.7871406657737046,0.8910774388890176,1.145293329294064,1.0273597085296824,0.9094640853444788,0.9703335859670101,0.8721612208884146,0.9021570600475389,0.9042219483509712,0.9124512155478869,0.9617908368993064,1.0526353316358912,0.9307679319162697,0.9203637475889368,0.8017794373313147,0.9438134352288242,0.8551094256770514,0.8737036169276005,0.7455413230934924,0.7587136040411424,0.3677617244060116,0.9985259707784074,0.7803907378145637,0.8357367363301001,0.8393936403046969,0.6286375178298204,0.8223653915350139,0.6224204425968448,0.7989927226533275,1.221519103321967,0.6501601687711107,0.9745960087765889,0.4038183987730317,1.1855144242616458,0.5159943995278596,0.5664880759248545,0.8984654804974334,0.7080257641350983,0.7805978871310262,0.7358010508378872,0.9437867882132303,0.17855606102196445,0.9257248239728427,-0.2775897796038886,0.8368607162080708,0.471584310059142,1.748105426635289,0.2448543887657783,-0.04106743403190378,0.07221875809359916,-0.25620452360787216,-0.03400526936916853,0.16772159565827044,-0.13205662486837644,0.5637251929625917,-0.1797953923772932,-0.45081071261470707
1.0158545015221057,0.11613831690057881,0.7721316562669489,0.620201263937343,0.7224153052673178,0.6650107582129481,0.6101391400933966,0.6549803725650858,0.6629136403213854,0.5978870182354219,0.6324979233585876,0.5890863601102717,0.718883023468729,0.6595961148740217,0.7322867832703821,0.6241185128889163,0.6376233960739218,0.7685161959388506,0.973205066451486,0.7419337255177696,0.5781028223737477,0.6265133263449375,0.26243499918278546,0.9922922262692235,0.39352820413213174,0.5218348137194476,0.6351293143682062,0.8007289768567476,0.10626254850540492,0.5936816823123825,0.7428455816330196,0.6501601687711107,1.9814895358479045,0.3004898688976584,-0.20690667719755904,1.0896938468029205,0.9727135585103766,0.503895403702335,0.6404372148235262,0.5318483125982126,0.7643705175647713,0.6107195099624321,1.1269542820309193,0.20381005186755552,0.3073614687856107,-0.20861834049359068,0.3088650701269203,0.5771230620203451,1.3554206190351326,0.27129138374993905,-0.07694917567712818,0.0061832630465139355,0.03942052942688201,-0.3261058224658149,0.3677867278071286,-0.13102248592954271,-0.1083605693739609,0.02317848579148127,0.0017190308311112496
1.2333328621038453,0.34922756240082037,0.7852574047454154,0.9333092529170036,1.2302291615807055,1.0414156113737152,0.8639072672359039,0.9730963403178106,0.8144694529320184,0.9538297891755911,0.9058448739498702,0.9134670169140239,0.9558375263528329,0.9223225553085026,0.8941696287112333,0.8910198008901329,0.829140638194603,0.9427389874169481,0.789566041513517,0.8269875246212752,0.7244569824120494,0.8131925806692251,0.6055261319785225,0.9677265216429102,0.9651512141874652,0.6486527762853866,0.9331615737532283,0.508811144026527,1.546598828594437,0.6834498824832482,0.8436348403341962,0.9745960087765889,0.3004898688976584,2.2484478182185126,0.7591495702160522,1.2904468308323007,0.6358301418917827,0.46191874705736524,1.1845826539869968,0.4229669585756975,0.7500262615616978,0.7213155020978088,1.0045611958672045,0.3649337164584941,0.9677961697768175,-0.12862527350936173,1.1765517942159003,0.3756289150500749,1.450811858645637,-0.055373719729600986,-0.00871283577826298,-0.06448078469373732,0.12186923768498427,-0.10952128846769438,0.010812211915541247,-0.1572441359088389,0.1519391584705891,-0.2594558452142312,0.028798265422654443
0.6430752434418677,0.10296929788376219,0.5116067875547496,0.31697683554750405,0.3331684670368309,0.42380653776484745,0.440038848024807,0.4929567146540605,0.4613711164105662,0.494311448733979,0.4910582973902539,0.42292535721975866,0.49285649545549903,0.4379359392537212,0.4184013570221239,0.47522692122432225,0.5116354849287307,0.41216742308007304,0.3583247825169807,0.47628188507632163,0.3627936542041964,0.34665319460263583,-0.2097909447518289,0.4098408580943751,0.5604723650951875,0.5084200381361774,0.6107927970893235,0.8076490926657547,0.6051194552095197,1.045721121718264,0.46171221855156913,0.4038183987730317,-0.20690667719755904,0.7591495702160522,2.4925705419215816,0.4816531871962531,-0.11036129010686695,0.2304323428342917,0.571279515162369,0.3400364781735523,0.466179411753055,0.3575188842808038,0.5176258488155254,0.17005827413356606,0.649112995962822,0.13546157516586455,0.8308395159017942,0.10755975470498001,0.5405728182428295,-0.0949924696306002,-0.09202948509181474,-0.13248839739050375,0.1963824128452164,0.07434643505724228,0.06984807159558734,0.027683024087681942,-0.037104732660221136,0.02683612506913839,-0.09751013317329522
