4.477708456703343,0.5027706439128804,0.08201861871074331,0.6652389694276488,0.5247828954091586,0.3998884327570675,0.5457245590803288,0.6042885212825777,0.515417724072916,0.5367513218167058,0.5507948074200187,0.395482600175317,0.34367077892556064,0.4980509561437582,0.49004754179429355,0.48030467349237677,0.3925380529220012,0.4793803508551248,0.4478319900765463,0.3466579738147787,0.4328230781017333,0.3046620438368656,0.44928475830400216,0.5081384422166074,0.6406305472868312,0.6869987508789596,0.2979455543033419,0.5147857261966727,0.5247768759043753,0.4347958337173439,0.3792805458133019,0.43496841353085663,0.5449618295871405,0.6671303518979554,0.3760238322334257,0.456817584469568,0.7603758446064994,0.4851851125869006,0.43645797671921777,0.5753201065413381,0.39054045615573085,0.572107272554611,0.19948926583293933,0.20078420382566206,0.5249106308809135,0.4368399465520988,0.432967114030995,0.43288816217234716,0.5301183923635961,-0.14387232459951546,0.2547687375567763,-0.2530635255803137,0.21460854676081198,0.3151987457134986,0.23587600542400353,0.10642064168949443,0.2029887119077869,-0.18545152324828773,-0.058374471986037964
0.5027706439128804,2.0735273436853108,0.7210073484744423,0.6422764934341701,0.6215919106596643,0.6255340061572063,0.6712545217200544,0.638313017594398,0.6388713424928641,0.6068570136859804,0.6144275660648117,0.6908704298881593,0.6917769654856232,0.7310951841546786,0.6188304401070753,0.6288747651976994,0.6246673977762183,0.6600737843246991,0.7783830640592202,0.7045666757051422,0.7803459151919172,0.5519359525199159,0.8051423773514279,0.6924414933979998,1.0517847895480628,0.6281827413803941,0.6835536228573217,0.535067677328285,0.7916093543080651,0.8531501260739722,0.6601514134757591,0.6337112485145604,0.6871573943047528,0.7774541074225333,0.5766436368610984,0.6942597685737888,0.8335596340781624,0.6106721910169632,0.6402492635787489,0.6812241419259955,0.6077182318603968,0.6179196984782789,0.42156658447637974,0.802662527883543,0.5316204067026179,0.6304816316199924,0.5242927806982985,0.6099303696567563,0.33715498011595746,-0.02582201453711081,-0.0034134032883864278,0.028855984928440586,0.009193313984682643,0.038082974957248814,0.3833430290286367,0.06311954918524927,-0.2548081188198862,-0.15820704304405042,0.11924573405246813
0.08201861871074331,0.7210073484744423,3.0748341119359104,0.7846742572434573,0.817332347694187,0.8348225789166512,0.7311761175267173,0.6869371498992627,0.8189290279197379,0.8156956278398062,0.6345308298678138,1.0104207829488212,0.8593019033555831,0.8368582552589366,0.73108704719788,0.6992754016504421,0.7552243512620895,0.8316258417319519,0.9610664720643152,1.0776889658592312,0.8772330884229205,0.7758171988527992,1.015676861254886,0.8289302069722002,0.7349065962722617,0.7876243208856396,0.8404388379453398,0.7641873880563002,0.8549751831546094,0.9444445880184331,0.7934755173688908,0.8443730770152897,0.9446091153196554,0.9306713518264461,0.7178441411466417,0.8953479889755206,0.9978623061124624,0.7735881655669948,0.8077285390291787,0.852878544881432,0.7201600952231731,0.7699456563087477,0.6267193393760213,1.1351674091780715,0.8165851601133124,0.90615263436698,0.7097869961976486,0.774446060743396,0.5244107513726088,0.011198511289924126,-0.02392613100498535,0.023294503314974947,-0.061775318892541994,0.08418156306904236,-0.06970632107626151,0.04840887833793661,-0.19977718058518804,0.09658094933011152,-0.06377024246546187
0.6652389694276488,0.6422764934341701,0.7846742572434573,2.009108559248508,0.9425275173520912,0.5731778615467922,0.8642796302589524,0.6750891925439657,0.7936277612359598,0.6888080787489064,0.8073145033397725,0.7825085470398805,0.7331752265090952,0.7881254315517867,0.7710350402427847,0.7144884343097555,0.6831959473170048,0.6237362844897879,0.7173026946997338,0.7386954953872057,0.7898479430415611,0.676676662222747,0.748895040842167,0.6727497566197315,0.5875650704320945,0.6993819603608449,0.7071019159513111,0.5720123702548349,0.69605559955549,0.6814015837799136,0.7432138285237168,0.7764353007470133,0.6808195469483139,0.9060691904295788,0.6777806000766557,0.7850005245124329,0.9856589378407724,0.6572109948261275,0.7002406373284675,0.8363213789983316,0.7778734862291694,0.7298446333984991,0.5398480540209588,0.8038181921174835,0.8654589982826664,0.7759477555249624,0.7716491587489342,0.7148220284251445,0.858034732084465,-0.04594569543847971,-0.031193308558780133,0.06628296929501788,-0.004829209159736282,-0.016037299061430917,-0.145810951171779,-0.06641336562596313,0.02494120229813181,0.058858767645940946,0.07900647546580916
0.5247828954091586,0.6215919106596643,0.817332347694187,0.9425275173520912,1.7544788417281147,0.6580444191535622,0.780469388769673,0.6199318838840757,0.6678791181473248,0.6995126875030437,0.68085508499082,0.6996017504219404,0.6803074799342258,0.6842580346109839,0.6610208687917566,0.6315449321518118,0.6177073969069823,0.6601017102943559,0.6968068780459171,0.6757531398638057,0.7299651655910167,0.6409790723919775,0.7359476143735596,0.6860166976133096,0.5889325320217773,0.5787719340888113,0.6685610151226086,0.483840508927739,0.6437546763472595,0.6897588651075526,0.6746987939571844,0.6876287628185055,0.6437638226156429,0.8158962656983274,0.5861709897901138,0.6973231353475579,0.8481859893170021,0.6031524308575039,0.6325919251925656,0.7033116467745762,0.5971317337228077,0.6215760205915688,0.5205332467368239,0.7358835798267875,0.7653084697888368,0.67787498313241,0.6736164362002425,0.6271213453916841,0.7384103013394483,0.12335447656450982,-0.08379994141652611,0.0307682182327359,0.06164534478525489,-0.05695747376992026,-0.12862255760779265,0.02970819798652525,0.03659879287226975,-0.04666072576453581,0.037373772107635525
0.3998884327570675,0.6255340061572063,0.8348225789166512,0.5731778615467922,0.6580444191535622,1.393207828690353,0.7501618698313396,0.6735345426594818,0.6539939518911307,0.7274103558550782,0.6819249076247945,0.7208862070478412,0.7194462263121163,0.770015817116248,0.7319122219455183,0.7140407074493329,0.6495762923661925,0.6830289404499326,0.8016233843511158,0.737538476849178,0.7402930255763098,0.6755210540408131,0.8679964827308704,0.6960354955940002,0.691340428909378,0.5734970494577781,0.738323965052065,0.678437496175612,0.7005526016680016,0.7987084619591137,0.6564391318620999,0.6977911985096394,0.7082741011716106,0.7826931055776861,0.5903567481968718,0.6661823145915818,0.775755567513062,0.5197462580995661,0.613863641085218,0.6692553096455545,0.5412168891214931,0.593704605963931,0.479300300643553,0.7478579244462638,0.7005230505728094,0.6315617422472227,0.6656367376287423,0.5501527387313977,0.6467759448297116,0.056627050868460524,-0.07507692838825147,0.04243979267299749,-0.027605522605479278,-0.0008979394677182411,-0.037832509518256764,0.0627944444005319,-0.04418226793349645,-0.0033479013847031265,0.024749918654823642
0.5457245590803288,0.6712545217200544,0.7311761175267173,0.8642796302589524,0.780469388769673,0.7501618698313396,1.157705090253927,0.7074560856697738,0.8095914656027353,0.7471269337866692,0.779947108388972,0.7317237645821776,0.7255450581532197,0.777976359186157,0.7410991069580453,0.7208035562076903,0.645940287174255,0.6990105086111735,0.7804471372868376,0.7500260861830129,0.7808316078013992,0.7000362252067496,0.8085591948448271,0.7212283177956382,0.7104395822676254,0.6248127023326843,0.7315675398719352,0.6756928967163964,0.6652866203053914,0.7535556819862322,0.6559917780857549,0.7033897151404651,0.6946442225496978,0.8168534036553557,0.5909811788452444,0.704959391200728,0.8438273217304242,0.5791463494608906,0.6315324502255606,0.6968628919846657,0.5658714023842487,0.6279023279036757,0.47161754918377824,0.6686096536235578,0.7540555383914619,0.6632907660472649,0.660343057569128,0.6242584975705586,0.7170213488734083,-0.022241178567582724,-0.16626753382718099,0.0630641267755936,0.009090698128549115,0.06251552686994974,-0.0680652319929418,0.040772637138248836,-0.033242440946896185,-0.06851024280678784,0.11024736844067862
0.6042885212825777,0.638313017594398,0.6869371498992627,0.6750891925439657,0.6199318838840757,0.6735345426594818,0.7074560856697738,1.0710823539470988,0.724152642833328,0.7497200628790388,0.707158811784302,0.7627299785983946,0.7063936981655458,0.7127459047200759,0.7360269556204235,0.6942852604707607,0.6570966468071051,0.6759143408770856,0.742396620038687,0.7491837874413356,0.7437098569914304,0.6747440510166784,0.7718253768600344,0.6452492938070669,0.6849692022416091,0.7194727368806851,0.6682463653932537,0.6687339547330535,0.762836065266058,0.6943925580298701,0.6625596770469686,0.669322258282834,0.6808537844302575,0.7875163411005504,0.564438418332426,0.714453860133033,0.8029863375740561,0.6156452319530813,0.6138251147156544,0.6839059967547325,0.5335507865341875,0.6852812303686812,0.4707963309150761,0.7447915817459582,0.741589399437658,0.6557239719076521,0.6205567904957144,0.6086554775028069,0.5638215814075686,-0.012631900092586506,-0.03834360456373808,-0.05828957287244578,0.05201358877813627,0.0024533073832489123,-0.04126042587236413,0.0662385048672358,-0.07394058096927107,0.05321929140743671,-0.02471166982838973
0.515417724072916,0.6388713424928641,0.8189290279197379,0.7936277612359598,0.6678791181473248,0.6539939518911307,0.8095914656027353,0.724152642833328,1.4254826603461257,0.7959144072873819,0.7820748402622282,0.7424318105246163,0.7273415223419794,0.7830465105374347,0.7936417999559108,0.7842307725666501,0.6953966281043366,0.7160468543756063,0.7359846932013581,0.7949279386750915,0.7252616568209523,0.8009001076308194,0.7547974824122289,0.6802169202516124,0.5871303905904973,0.6948188492575637,0.6737014498021145,0.5580468793819601,0.8337175705990352,0.7498093877885593,0.6669119789676333,0.6937462540187199,0.6842704516357454,0.8104347630073386,0.5870169801666427,0.7077077844376142,0.7700347327283471,0.5798299885246695,0.6122299301093267,0.6981743401501479,0.5561201289588279,0.6200121047046866,0.4210654242148145,0.6960297523535536,0.7034104868448078,0.5967161159546042,0.6373169048029542,0.6261977525537037,0.6035492749638289,-0.11702046208966004,-0.01461445789948238,0.008607990184011581,-0.013569268832013604,0.05865700448737174,-0.07818009705124511,0.05771356505869798,-0.03319248834531598,0.032320077720177226,0.01680693746331469
0.5367513218167058,0.6068570136859804,0.8156956278398062,0.6888080787489064,0.6995126875030437,0.7274103558550782,0.7471269337866692,0.7497200628790388,0.7959144072873819,1.054565656037619,0.7328744123499549,0.7554200458018231,0.6890429922771277,0.7042017927132396,0.7198409007722157,0.6802367462574147,0.6535967668125535,0.7228012436131503,0.7596793134949303,0.6993797868202035,0.7205747588024526,0.6888645194190238,0.8010223094604869,0.710706215531628,0.6291165286874296,0.6612513141238059,0.6888202094582958,0.6538322453224072,0.716925563883203,0.7062773002584932,0.6925670680359738,0.681337748510239,0.694735506526366,0.8264454282168642,0.6139695877807522,0.7255370930494268,0.7775090225550161,0.6120695067463743,0.6323642510167922,0.7017063683381033,0.5923450884278895,0.59843995207859,0.4737775290882523,0.7861954566742277,0.7278053948671315,0.6920063263601784,0.6630603746453885,0.6461575083577719,0.6517268090915342,-0.02735287320051963,-0.04749766106951417,-0.012126860631118846,0.004936986322003866,0.021319189947396684,-0.1660263244313099,0.14961073724821408,-0.04413227011066321,0.12921690863590102,-0.08710335414596425
0.5507948074200187,0.6144275660648117,0.6345308298678138,0.8073145033397725,0.68085508499082,0.6819249076247945,0.779947108388972,0.707158811784302,0.7820748402622282,0.7328744123499549,1.3067343943072087,0.7539359652637303,0.7084623134733687,0.7471817091949928,0.7748833263849292,0.7815684731400967,0.684014733733864,0.6975963101326232,0.7982632119751887,0.8203071389078023,0.6896939178408643,0.746097017752179,0.8269424344782742,0.675033642328548,0.7295551052532652,0.6281488563143113,0.7019402127531723,0.654386764880483,0.6595887842545121,0.6958774095075582,0.6617748544069013,0.6588988834326306,0.677942754300794,0.8235729021694509,0.5764379497006951,0.6982412296467618,0.7408903230529825,0.5615690742393052,0.5917458937253406,0.6790265220828451,0.5665504223286585,0.6019520214069337,0.4259319154661347,0.6997711462944536,0.7063413676793127,0.6561203729466367,0.6067996394483801,0.6443366490976221,0.5919052718577943,-0.07536720322113327,-0.11957080916036365,0.025573915179657753,-0.04099473285044932,0.027531215458069712,-0.1411604134800342,0.06556336201237847,-0.05832682614758841,0.03995602693133175,0.045729215005886906
0.395482600175317,0.6908704298881593,1.0104207829488212,0.7825085470398805,0.6996017504219404,0.7208862070478412,0.7317237645821776,0.7627299785983946,0.7424318105246163,0.7554200458018231,0.7539359652637303,1.0754869188501506,0.7510918360551619,0.7671319372021701,0.7867478796965272,0.6673146462626243,0.700065244861858,0.7575855861850169,0.807989533574681,0.7288689775819439,0.7509510270821664,0.7057722037437804,0.8518958448722525,0.6599760934754236,0.7066942964119642,0.6522677201851894,0.7476133130425352,0.6539616546144985,0.7720811956825812,0.8299807108209364,0.7190705685950224,0.7216138277377531,0.7410418772131098,0.8347492203880179,0.6217926018543638,0.7596844966740748,0.8017341521693035,0.6328933245409424,0.6620284689571679,0.7065530211528629,0.5988088492018241,0.6634752642174635,0.5163383641451308,0.8323238212953076,0.7412592173148208,0.7023999334994862,0.6394099716042245,0.6593566579463473,0.5831457190678773,-0.029131187631767877,-0.07427847192441907,0.021338846043373702,0.011274020092600472,-0.010781588248118715,-0.10243626184854812,0.06014838268245736,-0.11918250513300331,0.021697725272438476,0.014811849362556894
0.34367077892556064,0.6917769654856232,0.8593019033555831,0.7331752265090952,0.6803074799342258,0.7194462263121163,0.7255450581532197,0.7063936981655458,0.7273415223419794,0.6890429922771277,0.7084623134733687,0.7510918360551619,0.9792305517110997,0.6694507269508163,0.6785136616920525,0.6704378157652688,0.665994712041254,0.6778274284305205,0.7953653591081321,0.7965925258418498,0.8532994703805659,0.8272520784750272,0.8311870758607776,0.6902785209061574,0.6422984265318351,0.7065565925326313,0.7194363058379311,0.5917221487694726,0.749338802704232,0.7460196803428875,0.717798201071797,0.7565163410265838,0.7388254901618283,0.8515366015769653,0.6201314765001945,0.750596618716524,0.8340573926329493,0.5999184179932133,0.659957703765195,0.7355832277718233,0.5922859440123315,0.6588905199833861,0.4974972269681532,0.751651034699194,0.8165091586090153,0.683773771625513,0.6968722662766534,0.6601526295493438,0.7141195137959877,-0.014336427020089337,-0.0954279664482136,-0.020629342403056816,0.024337262811095415,-0.009230834824570194,-0.08598040558852987,-0.004010157507744909,-0.1000615691581676,-0.001417975950214464,0.07594827562263498
0.4980509561437582,0.7310951841546786,0.8368582552589366,0.7881254315517867,0.6842580346109839,0.770015817116248,0.777976359186157,0.7127459047200759,0.7830465105374347,0.7042017927132396,0.7471817091949928,0.7671319372021701,0.6694507269508163,1.2804376169252631,0.8014860276837066,0.7390353475271928,0.6730812122152711,0.7062586196773869,0.7643094161171048,0.7470583415666358,0.7327116905533602,0.6852052563705634,0.8372233247605411,0.7465212156014084,0.7675704118885498,0.45604828393208,0.6980368845576698,0.6395885162928194,0.7427456044075015,0.8159147893527294,0.6633899113510562,0.6802854833878841,0.6964824033652527,0.7459734192230013,0.5818308005022077,0.7093129269970513,0.7996123220427673,0.5750657942013737,0.6257385058615667,0.6583437460620069,0.5582028405308757,0.6414173591099177,0.44826289901168814,0.783226859604335,0.7420724635284253,0.6482490716400818,0.5933324584702141,0.6080429077682864,0.5365992082875002,-0.06214482651233088,-0.02869610877673825,0.012597101334932947,-0.03018567690186797,0.07272274359061752,0.0009136306094706856,-0.021853717977734836,-0.09869123851707735,-0.015456645545005575,0.06486950018990528
0.49004754179429355,0.6188304401070753,0.73108704719788,0.7710350402427847,0.6610208687917566,0.7319122219455183,0.7410991069580453,0.7360269556204235,0.7936417999559108,0.7198409007722157,0.7748833263849292,0.7867478796965272,0.6785136616920525,0.8014860276837066,1.1248571430840448,0.7409651783667274,0.7069845507780705,0.6861559644688583,0.7419714614038792,0.7531875946114838,0.7033638026816932,0.7531363006421362,0.8050567748265444,0.7041304889120362,0.6931506891843459,0.4749380814599962,0.711494499399667,0.6520054537844682,0.7698107539484444,0.795707529736034,0.6670408888027535,0.6821439001150953,0.6959484246921948,0.802077664276528,0.5661918091017959,0.7040497352228723,0.7820083573375127,0.5773360691475711,0.615890715234281,0.6433401348620179,0.5577546037849593,0.6286151849511471,0.47289748174755897,0.734418254400668,0.6649865668563335,0.6234598988424741,0.5916553014284025,0.6094510288993965,0.5717135593745838,-0.16386212122998595,0.008735346448754013,0.050091050513523395,-0.0016878657852392467,0.00687671333420056,-0.1272819178618756,0.07752625009409764,-0.0672033738285027,-0.034985136742381295,0.049513032009697686
0.48030467349237677,0.6288747651976994,0.6992754016504421,0.7144884343097555,0.6315449321518118,0.7140407074493329,0.7208035562076903,0.6942852604707607,0.7842307725666501,0.6802367462574147,0.7815684731400967,0.6673146462626243,0.6704378157652688,0.7390353475271928,0.7409651783667274,1.2438898674406886,0.7043861980975255,0.6599990716680517,0.7260832551802994,0.7083869291599706,0.6518155569069103,0.7478876819299565,0.7886566961989246,0.6593313044853737,0.678625392066801,0.6119812192316273,0.660379956482003,0.5196148071125559,0.7188116999245197,0.7254291700548547,0.6939631073573208,0.6727181050837292,0.6813586529069848,0.7849862985898584,0.5806398514076555,0.710196282045624,0.7738736605321466,0.5873221692421073,0.6140833680146156,0.6795884383624902,0.578044172167799,0.6240452600395225,0.47635985583742824,0.7088135259533724,0.6967958840117564,0.634001173194415,0.607353673222711,0.6395697167582576,0.6397776777717511,0.06773563985044302,-0.024963236608572036,0.006689955939701885,-0.08510752317331413,-0.008850040111107137,-0.11814235939516836,0.05056253695653286,-0.0669807860068933,0.060717218250484685,0.003872082324684196
0.3925380529220012,0.6246673977762183,0.7552243512620895,0.6831959473170048,0.6177073969069823,0.6495762923661925,0.645940287174255,0.6570966468071051,0.6953966281043366,0.6535967668125535,0.684014733733864,0.700065244861858,0.665994712041254,0.6730812122152711,0.7069845507780705,0.7043861980975255,0.9390085838825195,0.7032170537611118,0.711648358933624,0.697271116231755,0.649969755647166,0.7799832264335536,0.7591831227230927,0.6812067023183043,0.7064550181626239,0.6251857534053737,0.6695814833008397,0.5509432895685785,0.7445290195180015,0.712549592521679,0.6725362343565616,0.6876928647740947,0.7079016223204161,0.7906153283639119,0.5530479083737665,0.7104137826691356,0.7945194555655887,0.5771985042221228,0.599906643353384,0.6710606448684261,0.513509033568597,0.6492154321220726,0.5193283743378194,0.7049982325189856,0.7613340273963061,0.6336153502244929,0.6269027013907813,0.6159737487658421,0.665144076651276,-0.006325123664529225,0.02083106643826696,-0.0332826732967813,-0.00644879888384426,-0.01696551363753455,-0.11686702858308054,0.03458319239127604,-0.07120031584394375,0.029353968662286806,0.01393155264028084
0.4793803508551248,0.6600737843246991,0.8316258417319519,0.6237362844897879,0.6601017102943559,0.6830289404499326,0.6990105086111735,0.6759143408770856,0.7160468543756063,0.7228012436131503,0.6975963101326232,0.7575855861850169,0.6778274284305205,0.7062586196773869,0.6861559644688583,0.6599990716680517,0.7032170537611118,1.1018947088261106,0.7513531446929268,0.6660161548631894,0.7050162638270967,0.7401215406187542,0.8286678843410875,0.781522325174422,0.8754267011559561,0.8546046028509591,0.6235068096313297,0.5617809477769993,0.7586556450304696,0.7881465240334403,0.7289329278410932,0.7568213724560316,0.8294351004388594,0.8640484908345429,0.6034882623711616,0.8026673794801956,0.8091834261862877,0.672804884300981,0.6822049938692384,0.7373288261103208,0.5554315412200849,0.6678340311633306,0.6635081722451939,0.7454544107406319,0.7806704722917781,0.7079218118201449,0.6892728576812486,0.6816022403187162,0.798148637997019,0.028624219093243822,-0.06792334099788563,-0.030572689635661343,0.021762285483663005,-0.005506324437945633,-0.08318495698064764,-0.004314393966285145,-0.18589735266469234,0.03620976109421453,0.134898365133845
0.4478319900765463,0.7783830640592202,0.9610664720643152,0.7173026946997338,0.6968068780459171,0.8016233843511158,0.7804471372868376,0.742396620038687,0.7359846932013581,0.7596793134949303,0.7982632119751887,0.807989533574681,0.7953653591081321,0.7643094161171048,0.7419714614038792,0.7260832551802994,0.711648358933624,0.7513531446929268,1.2046487019669077,0.8613013171453258,0.8031801105695711,0.729626744888914,1.142402387878767,0.7339534346228849,0.7786015485135008,0.7468496124422912,0.834573697743827,0.7234259306001245,0.8451280311743928,0.8961076234710245,0.7681624439954626,0.819192177297923,0.8152697595981915,0.9100548566864259,0.6627057423886831,0.8159511660359312,0.8656439634023702,0.6255205384278445,0.687277448596757,0.7526272665679545,0.610245202962581,0.6968550466191094,0.5196831298466053,0.8724653439628713,0.7935287921137872,0.7553078368210898,0.7046222501526486,0.692444025013197,0.6287173212766686,-0.09242139507248114,-0.08494289446793388,-0.006816413976363532,0.02946196422005995,0.0034596133493980143,-0.11767482388853463,0.03658662762050274,-0.09807347931120301,0.02702654536466855,0.05660443038244576
0.3466579738147787,0.7045666757051422,1.0776889658592312,0.7386954953872057,0.6757531398638057,0.737538476849178,0.7500260861830129,0.7491837874413356,0.7949279386750915,0.6993797868202035,0.8203071389078023,0.7288689775819439,0.7965925258418498,0.7470583415666358,0.7531875946114838,0.7083869291599706,0.697271116231755,0.6660161548631894,0.8613013171453258,1.6383881494510768,0.8034448196595582,0.7934772577053335,0.9095035695501933,0.7403991043237333,0.7254249345244251,0.747659170105129,0.7424086401726818,0.7459669449478522,0.8040525181265945,0.7043122701878437,0.7351069719168816,0.745240731187161,0.7923815540797601,0.9197421996421271,0.6422874884408355,0.7781373414532232,0.834706420738125,0.6162199424612161,0.6699606768678931,0.7373925416500082,0.6046704699815906,0.6594197097373774,0.5293926917825388,0.7640391309487933,0.9881782775877327,0.710500561372755,0.7377569871862789,0.6744102064007098,0.7174670705211913,-0.10514723870273227,-0.03860702809020478,0.01253522178804047,0.0033805874822318443,-0.02905544809742637,-0.04803250419198104,0.029138410585470648,-0.25811867427347995,0.035463640986428846,0.08237203876267074
0.4328230781017333,0.7803459151919172,0.8772330884229205,0.7898479430415611,0.7299651655910167,0.7402930255763098,0.7808316078013992,0.7437098569914304,0.7252616568209523,0.7205747588024526,0.6896939178408643,0.7509510270821664,0.8532994703805659,0.7327116905533602,0.7033638026816932,0.6518155569069103,0.649969755647166,0.7050162638270967,0.8031801105695711,0.8034448196595582,1.402720259463442,0.3623852502726244,0.8754175635910599,0.8193203752773122,0.7794866920803197,0.8352236562930667,0.8601931688541575,0.6707207643484501,1.061438558287797,0.9669595874463307,0.80039526194741,0.8285515936761055,0.7923880427904899,0.9383108685995899,0.6929781905011109,0.8510712366090882,1.1073586283636938,0.7486874268673812,0.8245734496876567,0.8242430965533553,0.7448523440844389,0.7650507852810005,0.4745116619944404,0.9209877355023344,0.7970269612974943,0.7045609474740329,0.7111870267008418,0.7559677317595322,0.5772758124184456,0.059751831810285275,-0.07169334725213516,-0.009777989232382628,0.005501968765981398,-0.013087692251239048,-0.09799912325873189,0.002779831707462618,-0.03704418005724496,-0.016885573388184815,0.08668977972034635
0.3046620438368656,0.5519359525199159,0.7758171988527992,0.676676662222747,0.6409790723919775,0.6755210540408131,0.7000362252067496,0.6747440510166784,0.8009001076308194,0.6888645194190238,0.746097017752179,0.7057722037437804,0.8272520784750272,0.6852052563705634,0.7531363006421362,0.7478876819299565,0.7799832264335536,0.7401215406187542,0.729626744888914,0.7934772577053335,0.3623852502726244,2.2355490100156388,0.7757954660116396,0.7579879574408797,0.400930702069912,0.578938324612318,0.6125346877246739,0.4546509440065735,0.3151495115576648,0.38730857762801524,0.6941489776049038,0.8102146016307167,0.750189244891055,0.8829096305965205,0.5883483550114424,0.7057610800428378,0.685160867025682,0.431859694504421,0.5234340662934651,0.8142332265089641,0.49899484024724544,0.5933460721074362,0.6469396943260126,0.4979057049347819,0.8945220683904996,0.7567271825853917,0.8771270943834297,0.6194625856075554,1.3118877089857934,-0.24842580146928003,-0.12730165397700308,0.029589580195431404,-0.05849850361090961,0.086385636406966,-0.07917545871570061,-0.012653660278362594,-0.14057432207417234,0.008725334852177937,0.1235241472235645
0.44928475830400216,0.8051423773514279,1.015676861254886,0.748895040842167,0.7359476143735596,0.8679964827308704,0.8085591948448271,0.7718253768600344,0.7547974824122289,0.8010223094604869,0.8269424344782742,0.8518958448722525,0.8311870758607776,0.8372233247605411,0.8050567748265444,0.7886566961989246,0.7591831227230927,0.8286678843410875,1.142402387878767,0.9095035695501933,0.8754175635910599,0.7757954660116396,1.688098794793293,0.8981974997164337,0.845468910630048,0.9000603687438465,0.9493257508748928,0.7794792606400942,0.8509582188623911,0.938759359335457,0.8681460763834384,0.9470724880340787,0.9542733222752774,1.0293313594744413,0.7425286598365992,0.8852532050080728,0.9279015422401439,0.7828495090718005,0.8235512968973111,0.8254682145251804,0.748026543972969,0.7732973828028974,0.6125427602750878,0.936374363210326,0.9388689855884687,0.8777267421156743,0.8282090354808173,0.790004976304676,0.7875584785170234,-0.08163720056174899,-0.12685407144095104,0.05727170145675524,-0.004440979305507102,-0.049856773633190354,-0.11346472092223293,0.01173687382885764,-0.12811563289972064,0.046067850594896084,0.07200824260198636
0.5081384422166074,0.6924414933979998,0.8289302069722002,0.6727497566197315,0.6860166976133096,0.6960354955940002,0.7212283177956382,0.6452492938070669,0.6802169202516124,0.710706215531628,0.675033642328548,0.6599760934754236,0.6902785209061574,0.7465212156014084,0.7041304889120362,0.6593313044853737,0.6812067023183043,0.781522325174422,0.7339534346228849,0.7403991043237333,0.8193203752773122,0.7579879574408797,0.8981974997164337,1.5816589795466227,0.7749041819064224,0.6333457493695925,0.9078464499597634,0.7556780382837928,0.7757136095402968,0.7429609548015167,0.7545001084417448,0.7999913278420883,0.8359335614377612,0.910680133080188,0.6288967192833909,0.8193193929636545,0.9642528355474502,0.678429446466111,0.7183194877883083,0.7319930414517503,0.6945501300932889,0.8261696395756767,0.546431830558469,0.766361943584741,0.6511991410618192,0.7316070324963957,0.6662730321238826,0.6827953075154002,0.6758350312124893,-0.08351158248557278,-0.012463738468123636,-0.03406168674484512,-0.08964925011296739,0.13954815410472435,-0.13076688189142177,0.023551792622105976,-0.09948355409222982,-0.012193738749437955,0.18152371628858235
0.6406305472868312,1.0517847895480628,0.7349065962722617,0.5875650704320945,0.5889325320217773,0.691340428909378,0.7104395822676254,0.6849692022416091,0.5871303905904973,0.6291165286874296,0.7295551052532652,0.7066942964119642,0.6422984265318351,0.7675704118885498,0.6931506891843459,0.678625392066801,0.7064550181626239,0.8754267011559561,0.7786015485135008,0.7254249345244251,0.7794866920803197,0.400930702069912,0.845468910630048,0.7749041819064224,3.5855325648920213,1.0789290182855131,0.6942299670901106,0.33421864389659495,0.726088647094074,1.3146635485731446,0.7870402540808233,0.6609202456776835,1.0020638811875584,0.9621787607441954,0.7266199852964766,0.8154875752573679,0.9662562140327544,0.7389294679640814,0.8054580390128744,0.7013587530143748,0.6223082356641497,0.6279659143175826,0.5828209370318246,0.845000640560161,0.5589652636686538,0.7319718266787911,0.4743227032688621,0.6799601944865769,0.5568091304824059,0.04374567147884475,-0.06017490710765731,0.029621973980518444,0.10297907247820744,0.035053200541856754,0.11395220544017584,-0.21706592279156495,-0.1769379166891046,0.04694502991274134,0.25959203887673044
0.6869987508789596,0.6281827413803941,0.7876243208856396,0.6993819603608449,0.5787719340888113,0.5734970494577781,0.6248127023326843,0.7194727368806851,0.6948188492575637,0.6612513141238059,0.6281488563143113,0.6522677201851894,0.7065565925326313,0.45604828393208,0.4749380814599962,0.6119812192316273,0.6251857534053737,0.8546046028509591,0.7468496124422912,0.747659170105129,0.8352236562930667,0.578938324612318,0.9000603687438465,0.6333457493695925,1.0789290182855131,3.083742768969435,0.5187588845136211,0.53598829433751,0.6839471805637962,0.28160590130492535,0.8446788164518826,1.007324120800844,1.0829328614161902,0.9905170247382706,0.7418361835483256,0.961514034752275,0.8940990097138264,0.8779733038694311,0.870419480340971,0.8444519294876849,0.6654232564841481,0.7895617758602456,0.6556479304388506,0.7624976841744813,1.2232291113718918,0.9467401363282888,0.9744830531509999,0.8359654362968074,0.8482231580478777,0.20708607632190376,-0.0929366343841589,-0.18810451142892856,0.11591377984462957,-0.03717670843686639,-0.1100203084079695,-0.07930643786243435,-0.11084081319959611,0.13341863896587625,0.04761637981225405
0.2979455543033419,0.6835536228573217,0.8404388379453398,0.7071019159513111,0.6685610151226086,0.738323965052065,0.7315675398719352,0.6682463653932537,0.6737014498021145,0.6888202094582958,0.7019402127531723,0.7476133130425352,0.7194363058379311,0.6980368845576698,0.711494499399667,0.660379956482003,0.6695814833008397,0.6235068096313297,0.834573697743827,0.7424086401726818,0.8601931688541575,0.6125346877246739,0.9493257508748928,0.9078464499597634,0.6942299670901106,0.5187588845136211,1.670309065287467,0.8755910439924012,0.9411082346196386,1.2514922192036766,0.8097724773816886,0.8834759089596389,0.7842993893446444,0.95971826874753,0.6464061852348391,0.8068370248979517,1.0068412770531041,0.6932069262674517,0.7286153470814378,0.765486642714269,0.8521805259862103,0.7361904576357748,0.42141149253976157,0.7793657325998008,0.5809866844162843,0.7411739537520806,0.6799005044845503,0.7314595930862914,0.6242795584572904,-0.0788233321993439,-0.09412236004003659,0.14447687564495268,-0.07562038558021306,0.008151028392177009,-0.2679196783961502,0.09146640521519778,0.08335732897111683,-0.07547630741602401,0.2169903992012963
0.5147857261966727,0.535067677328285,0.7641873880563002,0.5720123702548349,0.483840508927739,0.678437496175612,0.6756928967163964,0.6687339547330535,0.5580468793819601,0.6538322453224072,0.654386764880483,0.6539616546144985,0.5917221487694726,0.6395885162928194,0.6520054537844682,0.5196148071125559,0.5509432895685785,0.5617809477769993,0.7234259306001245,0.7459669449478522,0.6707207643484501,0.4546509440065735,0.7794792606400942,0.7556780382837928,0.33421864389659495,0.53598829433751,0.8755910439924012,3.3481555933038636,0.8174667742404591,0.3621230571273019,0.6553588342366984,0.7040688762758084,0.8424433002863736,0.79146936434,0.5903833792469437,0.7691823063391201,0.6636993098728511,0.729185061913483,0.6726181334530793,0.665442836591041,0.4886354088792323,0.8332432628256453,0.4641464367650946,1.1002439348357675,0.90651875020057,0.9967983556957716,0.6367034039462752,0.7563195766832126,0.19296536862123018,-0.22135084571462235,-0.04623253647101914,-0.009391149428308068,0.021187340928821914,0.08192369689657227,-0.05587432031588594,0.06223927649924146,-0.19216861039395025,0.09946589431492826,-0.07179413965969372
0.5247768759043753,0.7916093543080651,0.8549751831546094,0.69605559955549,0.6437546763472595,0.7005526016680016,0.6652866203053914,0.762836065266058,0.8337175705990352,0.716925563883203,0.6595887842545121,0.7720811956825812,0.749338802704232,0.7427456044075015,0.7698107539484444,0.7188116999245197,0.7445290195180015,0.7586556450304696,0.8451280311743928,0.8040525181265945,1.061438558287797,0.3151495115576648,0.8509582188623911,0.7757136095402968,0.726088647094074,0.6839471805637962,0.9411082346196386,0.8174667742404591,4.79615860257794,1.6400534367730717,1.1174125558493662,0.9882995912229746,0.7215273552368043,1.2987045013290297,0.8586558341799689,1.266463179024535,1.1925479902716645,0.9453838479821055,0.9196413616882718,1.364956128043578,1.0867907899541354,1.5038728989097871,0.04395945789511442,0.9687340299228648,0.41471711257653254,-0.34227931675132517,1.0172751976594119,0.9946847931950891,0.2636234127837622,-0.15548115023954712,0.17316119506883418,-0.052107836692650365,0.1067553841517316,-0.03366120964133508,0.1187599900735546,-0.028598981915728034,-0.0617135658498409,-0.006319693074970724,-0.1121704896188671
0.4347958337173439,0.8531501260739722,0.9444445880184331,0.6814015837799136,0.6897588651075526,0.7987084619591137,0.7535556819862322,0.6943925580298701,0.7498093877885593,0.7062773002584932,0.6958774095075582,0.8299807108209364,0.7460196803428875,0.8159147893527294,0.795707529736034,0.7254291700548547,0.712549592521679,0.7881465240334403,0.8961076234710245,0.7043122701878437,0.9669595874463307,0.38730857762801524,0.938759359335457,0.7429609548015167,1.3146635485731446,0.28160590130492535,1.2514922192036766,0.3621230571273019,1.6400534367730717,3.637629825907973,0.8232873354691762,0.7958767032853823,0.7811708812748567,1.0049947519559432,0.6939295395675253,0.8013505179095373,1.1953763386541159,0.7714356890571773,0.8058202450261319,0.6963436232040701,1.023633808284428,0.5721716894832566,0.042007405080875276,0.9615266217990196,-0.10588834864482177,0.3376565091532711,-0.0035530369869300133,0.6221090271301574,-0.20588113453819717,-0.10304544943996108,0.011051823164643771,0.12915784089346738,0.049792824178823525,-0.005067110744612029,-0.2251051389551999,0.16656028779382792,-0.05998149580451434,-0.053868344279960206,0.05784481318068138
0.3792805458133019,0.6601514134757591,0.7934755173688908,0.7432138285237168,0.6746987939571844,0.6564391318620999,0.6559917780857549,0.6625596770469686,0.6669119789676333,0.6925670680359738,0.6617748544069013,0.7190705685950224,0.717798201071797,0.6633899113510562,0.6670408888027535,0.6939631073573208,0.6725362343565616,0.7289329278410932,0.7681624439954626,0.7351069719168816,0.80039526194741,0.6941489776049038,0.8681460763834384,0.7545001084417448,0.7870402540808233,0.8446788164518826,0.8097724773816886,0.6553588342366984,1.1174125558493662,0.8232873354691762,1.7337415714689808,0.9851340280040339,0.8354507378702329,1.1373287356233654,1.026547603460143,1.1902864980312653,1.0091679079184646,0.9009550452002045,0.9248498413128268,0.9598475300141518,0.8731793032617133,0.808388091415505,0.7710979811621701,0.9428051282284257,1.1985138285743735,0.8645227220897144,1.0394353468309514,0.935719300965389,1.2819307776038906,0.18788000040854974,-0.1406063185105453,-0.03240291353786868,0.04840989353897776,-0.13420802874455673,-0.13930508097658784,0.01590191386901254,-0.12489438083001023,0.04524099896541969,0.0666017204116094
0.43496841353085663,0.6337112485145604,0.8443730770152897,0.7764353007470133,0.6876287628185055,0.6977911985096394,0.7033897151404651,0.669322258282834,0.6937462540187199,0.681337748510239,0.6588988834326306,0.7216138277377531,0.7565163410265838,0.6802854833878841,0.6821439001150953,0.6727181050837292,0.6876928647740947,0.7568213724560316,0.819192177297923,0.745240731187161,0.8285515936761055,0.8102146016307167,0.9470724880340787,0.7999913278420883,0.6609202456776835,1.007324120800844,0.8834759089596389,0.7040688762758084,0.9882995912229746,0.7958767032853823,0.9851340280040339,2.0864041409189964,0.9928503019788607,1.28585301862778,0.9873194888733878,0.9166363100488786,1.0805254942858462,0.751139676812275,0.8895241948343148,1.1286953045691057,0.882474942349093,0.724036878376759,0.7109057672340255,0.7783802901344643,0.927258712122006,0.8971046973250802,1.3852875823920237,0.9617465607788279,1.5162290845880708,-0.046707781204724595,-0.05791494088387967,0.03871063621157462,-0.042443980694465734,0.0026950213804204683,-0.038695847722145855,-0.1941294395335252,-0.0135747133705329,-0.028580936840212127,0.18619255633512596
0.5449618295871405,0.6871573943047528,0.9446091153196554,0.6808195469483139,0.6437638226156429,0.7082741011716106,0.6946442225496978,0.6808537844302575,0.6842704516357454,0.694735506526366,0.677942754300794,0.7410418772131098,0.7388254901618283,0.6964824033652527,0.6959484246921948,0.6813586529069848,0.7079016223204161,0.8294351004388594,0.8152697595981915,0.7923815540797601,0.7923880427904899,0.750189244891055,0.9542733222752774,0.8359335614377612,1.0020638811875584,1.0829328614161902,0.7842993893446444,0.8424433002863736,0.7215273552368043,0.7811708812748567,0.8354507378702329,0.9928503019788607,1.8052818604522864,1.0263117247435738,0.7923626318122701,0.9319919958999937,0.9484127350751439,0.9071837295509877,0.9505574383183708,0.7716316266299988,0.7732114390956912,0.8166217441778182,0.5585922934626971,0.7464559205733641,1.2386494423535432,0.990554983826459,0.8992292761456908,0.8515857456309042,0.9624343138562672,-0.03813788585075902,-0.08952553817272534,-0.0673194928535795,0.06896487077631182,0.02637456802194606,-0.11304809491340521,-0.0019116619159558696,-0.19600623671873105,0.02425878044762773,0.14372814908638903
0.6671303518979554,0.7774541074225333,0.9306713518264461,0.9060691904295788,0.8158962656983274,0.7826931055776861,0.8168534036553557,0.7875163411005504,0.8104347630073386,0.8264454282168642,0.8235729021694509,0.8347492203880179,0.8515366015769653,0.7459734192230013,0.802077664276528,0.7849862985898584,0.7906153283639119,0.8640484908345429,0.9100548566864259,0.9197421996421271,0.9383108685995899,0.8829096305965205,1.0293313594744413,0.910680133080188,0.9621787607441954,0.9905170247382706,0.95971826874753,0.79146936434,1.2987045013290297,1.0049947519559432,1.1373287356233654,1.28585301862778,1.0263117247435738,2.0969297386800125,0.9774324700545464,1.0637760476547944,1.1491370650423576,0.9116324865734201,0.9615049622478248,1.3747214549097142,1.158464687478024,0.9343649607051878,0.740295444984952,0.8271194016666791,0.9487180868084667,0.8934771419218702,1.3821577799315088,1.0572396403043944,1.6598109246564894,-0.09712582065321472,-0.0796467176935769,0.0939010198745158,0.003511989333711768,-0.04645529836575122,-0.18243534375214435,0.0870909140153096,-0.12380408919140878,0.024821540405056984,0.020881061377868795
0.3760238322334257,0.5766436368610984,0.7178441411466417,0.6777806000766557,0.5861709897901138,0.5903567481968718,0.5909811788452444,0.564438418332426,0.5870169801666427,0.6139695877807522,0.5764379497006951,0.6217926018543638,0.6201314765001945,0.5818308005022077,0.5661918091017959,0.5806398514076555,0.5530479083737665,0.6034882623711616,0.6627057423886831,0.6422874884408355,0.6929781905011109,0.5883483550114424,0.7425286598365992,0.6288967192833909,0.7266199852964766,0.7418361835483256,0.6464061852348391,0.5903833792469437,0.8586558341799689,0.6939295395675253,1.026547603460143,0.9873194888733878,0.7923626318122701,0.9774324700545464,1.6168168411085264,0.878735001574124,0.6673885826018182,0.5140144532266923,0.908722494324676,0.8203538164756015,0.7067741613844691,0.4997661296633174,0.510330375508564,0.7426220677394582,1.2911208734676358,0.6817203168073735,1.079469005662857,0.9917847819983158,1.6246571760171191,0.14978273023196273,-0.19530172863847925,0.053325918739562266,0.03664926370031978,-0.07880796088632058,-0.010186987421383647,-0.04620790626887372,-0.05951814368451193,0.04323388429318761,0.04066557464438703
