2.149507875691586,1.3550202485347613,1.1702836234884741,0.15149081923446853,0.47023874173046154,0.4171829785223398,0.530386237165286,0.38725487008676684,0.43030549365698406,0.4650532306750791,0.42073415814228793,0.4623827190733854,0.46062291821676066,0.5180093862015276,0.5125376290643712,0.3639974025280692,0.3535046211591503,0.45179747915614676,0.4169554701803685,0.3646687369112911,0.383291486513968,0.38310166035386467,0.13768666628701773,0.22101429302174003,0.4683066884155187,0.43286574922772725,0.3664544934970645,0.30182538540215587,0.5022411024793076,0.06310121453516286,0.516060089936284,0.5561395531351246,0.20234904753801672,-0.14970924048885098,0.2941050303014337,0.5310073793072618,0.26566257179506486,0.2752366109702089,0.30712331558476924,0.23541446096367333,0.44442942219043235,0.3507057982900247,0.2248492990829473,0.05570102192497274,0.41849964337410017,0.5281940637370341,0.34712551966365673,-0.07800937971426933,-0.23739560527330492,0.07532171672498666,0.018454819667659897,0.012712266996015513,-0.12853356192964238,0.015940440375654535,0.2405802276039843,-0.12538709005996254,0.4901925456199853,0.01818020220128824,-0.5244547980854045,-0.029773133846654063
1.3550202485347613,7.406449186158727,1.374605302245868,0.4008423050307841,0.6879785141541137,0.14475805890926355,0.827404689808223,0.5428743070761193,0.7900370589688868,0.8687605333005554,0.6464341752121977,0.6453311454685597,0.9545773902671791,0.7458840338624204,1.5342077803526954,0.3877160004870551,0.6564227018633026,0.32476866822863915,0.7091084575109949,0.9577399665639263,0.7152489100501016,0.5170484765357695,-0.7236342468946508,0.33517587742306665,0.11753241725106035,0.6838146981351472,0.62530108263187,0.7774078936229679,0.5464384932304409,0.5773316522511543,0.9403902503178034,0.7421885248421924,0.5003016156440813,0.3536667695695686,0.8445469131033544,0.733456070707845,0.886111690551048,0.5086587917478013,0.5333407314684006,0.3058086741372224,0.9747349722074279,0.6569792887656818,0.41618999703846166,0.06924933962515276,0.5675608007588505,0.6493549212535594,0.5622698599678585,0.015610457789667812,0.542119803518702,0.2084452345947281,-0.3847877901170309,-0.145743131255072,0.0817293499192271,0.14433337542455882,-0.3720917476808084,0.09927967000524918,0.31271841964079705,0.173785759857637,-0.20684203506054916,0.28305831237891654
1.1702836234884741,1.374605302245868,2.883925673133744,0.6488044482615117,0.18430894642057824,0.722065633995552,0.6210906736109392,0.7759923644977359,0.8581977852763409,0.7917717064783389,0.7160041018301325,0.6781492919998647,0.6879185496361505,0.6070759332178024,0.584143415377177,0.5549876659848841,0.6329348371338444,0.7718045833473802,0.8109028243573506,0.4830469280322017,0.6268270991374961,0.6923224721783848,0.33299532252927544,0.499872091015967,0.7177240079697922,0.6941684230789903,0.5310592444695197,0.39385691170488524,0.7985149508144646,-0.2889606275645994,0.6656241288103937,0.7098340285891375,0.30521442771449636,0.4564748774978456,0.3794657503156201,0.9482931901438273,0.4583923632577746,0.3439009677477656,0.5102394673415976,0.1186696395096931,0.5502230495296361,0.5774996041588747,0.26543359677804496,0.0916608257882212,0.33276072168096993,0.9591796876516746,0.4014040126450855,-0.18363715440443537,-0.576792517819914,0.13673902203186883,0.08929036289258163,0.13060192778732385,-0.06413264471881663,-0.24995924907569356,-0.006925161416635151,-0.28416887189371154,0.21989808832590646,-0.2177071948942127,0.11989710494446379,0.1488701383838598
0.15149081923446853,0.4008423050307841,0.6488044482615117,2.0775956984450383,0.46878616914140386,0.4223482219387601,0.46449759931590384,0.4350969697501721,0.359182480588985,0.3204088057712112,0.482777139246191,0.5422412780596826,0.4010088418313563,0.4567162242829328,0.2976032770281939,0.44612610634428657,0.3864952231805452,0.6881213077292123,0.18628562667141668,0.44047962313710226,0.35974484717658106,0.4061390979509274,0.40893047870062377,0.38052464660327967,0.3951786598273868,0.4433903562851548,0.37225903586154335,0.06391627132215648,0.4065060350877223,-0.007384299966393016,0.5099732704915266,0.4348364235132215,0.2638841190400029,0.5030008930359295,-0.16036103346959718,0.5271805409856204,0.3350937754732227,0.26796165560500257,0.3636016267611271,0.09711552495888326,0.27564299030703215,0.3457575698548801,0.21051988170987457,0.11927251921356861,-0.07958029217181493,0.3918748413971691,0.41577615652673344,-0.07027160274400711,0.068042638541225,0.09005197778157852,-0.027653010103220146,0.2899526875938568,-0.11384467674115788,-0.40071169889211433,-0.25793968269438877,-0.10361544518669105,-0.059403391030576055,0.049986833530980816,0.0061770214797254525,-0.0180789673554242
0.47023874173046154,0.6879785141541137,0.18430894642057824,0.46878616914140386,1.3552067813160478,0.2075077497395686,0.40307136022957424,0.4446131338381381,0.27068529768877053,0.21190320643347246,0.2940044859257141,0.33301451349405875,0.3720054164441731,0.31715526040892,0.25856047874580423,0.3558075684353609,0.2738249646185055,0.4166689932206832,0.16447140616448677,0.3528715973624006,0.26247476465090985,0.318110246778184,0.24869984831510417,0.20331978121556854,0.10126189251129857,0.3455820325739978,0.27938897727519063,0.06862349870213406,0.3042874474646472,0.15371267345750814,0.3575608108589909,0.30642270758206314,0.17165814244629532,0.3307595982946879,-0.07866153041017938,0.36870332370386943,0.35344224466359503,0.18126804497323445,0.2504113006231274,0.15515378826594664,0.316629952038127,0.2690442018503004,0.21084606160389902,0.05536822709955005,0.061489357996978425,0.22249818219410225,0.33313052241466323,-0.03008711610508769,0.12171886390777333,0.13938006117399565,-0.17320067135561426,-0.0853103773329553,-0.10381707273833296,0.1137343352745906,-0.1277156003434007,-0.07705137682008092,-0.1338178330269632,0.11506161612869352,-0.02239526922322781,-0.109064860649975
0.4171829785223398,0.14475805890926355,0.722065633995552,0.4223482219387601,0.2075077497395686,1.1623196190234557,0.32323429567593637,0.5530677360459093,0.3802000521396023,0.2678192918452015,0.4024698995372719,0.3981166877713369,0.4639357671662181,0.47432962807138795,0.36316458603133456,0.34600624684586984,0.41359662806023834,0.47304662623789767,0.3680392526025394,0.4276734655627612,0.350132430836455,0.3761363096843862,0.2191083989991768,0.408925062059265,0.7276804915977961,0.5041653207903029,0.36080493384838513,0.1616150335198724,0.7399532225728919,-0.014657082190726,0.5428929291622645,0.5149506941298853,-0.05649183792571337,0.3728570060401498,0.27123187494586803,0.39936733715836265,0.10895763549957453,0.2805558054903677,0.3293391605216509,0.19857608775355987,0.1515275931046893,0.3415066751950975,0.27728174872988937,0.07579276272535096,0.19536654036131987,0.37410165478908913,0.3067608939287732,-0.08119643946104814,0.06245059440504506,0.07678842641888563,-0.21335293921074308,0.10246603173879487,-0.10249362004748902,-0.015256617424650848,0.0405556831111971,-0.11791362296807553,0.2511202258369691,-0.056738942815185656,-0.1463508896935081,0.033370173682762065
0.530386237165286,0.827404689808223,0.6210906736109392,0.46449759931590384,0.40307136022957424,0.32323429567593637,0.7735100434356775,0.2319359746783706,0.507948711728677,0.3041438504534949,0.4345969832264545,0.5252721255846564,0.3788902365613573,0.32289645544256973,0.17514279878530759,0.4212467528684482,0.3725210210539229,0.48323875991966875,0.330580144573183,0.3483118875573428,0.3481592493831881,0.45822122187914316,0.2894563008673714,0.3146511205728609,0.3210880762147787,0.3798457048837062,0.3324684984175851,0.14088387049035042,0.34506766657347143,0.04119479703439796,0.4149304121836697,0.3772891921977221,0.1497159389842154,0.3561548518415581,0.11399391426627975,0.47393571926814454,0.26453855209261634,0.23103208813107257,0.3839930132946361,0.173096157691185,0.3119587755259123,0.3144753494632042,0.2464310003912963,0.06110905109198182,0.0707472174869315,0.3791766777516088,0.3217710045247147,-0.06980233579826481,0.28484711213542246,-0.0636421283487255,-0.09082690173289976,0.10981076409406554,-0.05283552511234469,-0.12057566461524355,-0.152317469212391,0.10448013634857371,-0.02293536840515313,0.10213098521623677,-0.3680913623227983,0.05232674910906895
0.38725487008676684,0.5428743070761193,0.7759923644977359,0.4350969697501721,0.4446131338381381,0.5530677360459093,0.2319359746783706,1.1036670567481355,0.2884706123313971,0.3101179685143485,0.362433576134262,0.22698939014869532,0.4486826067512765,0.4478021814894517,0.37496329670856665,0.3213027295322851,0.3431116020745584,0.46017670312255876,0.3342194579034186,0.39539626392570537,0.356003700762001,0.32105584893400196,0.17521297781057785,0.2852522359520624,0.4220289359106998,0.4751020869421133,0.32968040203704,0.18129803997893928,0.4531318449837287,0.032484211778149474,0.4279364347853886,0.46938868221717245,0.1283961889582239,0.3653563150192683,0.276137824098654,0.4093660922159747,0.27713212913435026,0.25120355752284,0.3689898365900207,0.17095893420429878,0.29371184082956003,0.3484707186394744,0.2376764964671028,0.06308730417626325,0.15547689075531765,0.39884623271746944,0.32614995507154193,-0.037308865715122326,0.06684057370850041,0.16600347203756785,-0.14293456334249924,0.0011415274089566236,0.09343435363601839,-0.07719026049401738,0.04897886251289192,-0.27484723504334285,0.298405093791172,-0.07343273814795973,0.15470120021124223,0.09207699424571801
0.43030549365698406,0.7900370589688868,0.8581977852763409,0.359182480588985,0.27068529768877053,0.3802000521396023,0.507948711728677,0.2884706123313971,0.9064254246570862,0.31784756975597417,0.37629625114147797,0.3925745147430762,0.4181918692544381,0.3462348687883054,0.11859586787614927,0.40194626506168785,0.4086966685379913,0.45812514922374287,0.47356335541599376,0.28304603707202963,0.3999244476300678,0.6195340590912657,0.280214553029887,0.36181708416084396,0.1875249203880867,0.4370545436574414,0.31065163052192213,0.21750750644157807,0.3935460461858065,0.03327246084546016,0.4284610482752335,0.4125521097573445,0.21416372508745396,0.321293261541856,0.16922883655148277,0.51504148423213,0.3395734982760132,0.21944270118119277,0.4061112864703497,0.15757946424336722,0.32669217739274786,0.34366133914462943,0.19792267954387707,0.06541610497154225,0.0843215864211341,0.4296475728381507,0.32321523581529354,-0.10023228954561446,0.29132850378325303,0.06404286886369857,-0.03413782185458755,0.06163887208833302,-0.04332687749914944,-0.11493874548046226,-0.0862400467710021,0.061730615348981284,0.014071026876363668,-0.09817482330187499,-0.09943172045441039,0.12210348671216938
0.4650532306750791,0.8687605333005554,0.7917717064783389,0.3204088057712112,0.21190320643347246,0.2678192918452015,0.3041438504534949,0.3101179685143485,0.31784756975597417,0.806472166621438,0.2301464291454008,0.2623511351650514,0.2839808479337627,0.29341787775125333,0.40607448605020807,0.26639009343955267,0.29050590706133733,0.3212605122933508,0.3193049078772079,0.1914957515324355,0.24534915670616006,0.28414984180775454,0.23756554488583811,0.2753817065669737,0.3246451461412903,0.2656007614455068,0.22700707166733,0.18891933142669795,0.37551571782475546,0.12306992260914193,0.24836503426978687,0.30875472062778686,0.14866747003072223,0.2752489145613745,0.19489597371967363,0.4204343381116759,0.31109126630313433,0.1333621933757987,0.24150441838337236,0.10268150912586424,0.3118379104987882,0.24499598013901155,0.16191909435350876,0.05810696902344898,0.15133947502215028,0.37531343312189536,0.3011780127421533,-0.052843164393725925,-0.05744026546573494,0.05326084686739595,0.006353597783226395,-0.015981438454316876,0.0036831038118208754,-0.0016647847485385238,0.031376360733252874,-0.055312920674315404,0.16912472814548443,-0.10450099512271165,-0.008782106030501413,0.055121475869427485
0.42073415814228793,0.6464341752121977,0.7160041018301325,0.482777139246191,0.2940044859257141,0.4024698995372719,0.4345969832264545,0.362433576134262,0.37629625114147797,0.2301464291454008,0.6826604353562857,0.5021374744017439,0.3897797260511284,0.3418910289362603,0.3034438430091225,0.34929587462579714,0.37074716781074435,0.4794939815895565,0.2164305551531404,0.45930325616669715,0.3400786615282246,0.3573383108143764,0.21434556848423142,0.2927200897181556,0.2471713990154106,0.39613901732608237,0.33709629999308294,0.15130550768526835,0.38811457008988265,0.001089634095071344,0.45895378837662426,0.3789796516470502,0.10993393085900705,0.32495292657945124,0.26023803602514933,0.4427614400978511,0.24529120277592723,0.2591220150017773,0.37355471608163665,0.21231552849847896,0.31574037144330713,0.3301737805788965,0.23998645597830578,0.050867723662382125,0.16345450475072681,0.39330577445501697,0.3068712293582348,-0.04321274829604265,0.14349694397089802,-0.06618920013576818,0.00029561783813775676,0.03890351215258449,0.1302960581069795,-0.13207678531549571,-0.13896110380847365,-0.020194108102650325,0.03924403469227574,0.07671371169281346,-0.22004355357542127,0.05579750437426348
0.4623827190733854,0.6453311454685597,0.6781492919998647,0.5422412780596826,0.33301451349405875,0.3981166877713369,0.5252721255846564,0.22698939014869532,0.3925745147430762,0.2623511351650514,0.5021374744017439,0.781835168757802,0.4131775333001093,0.37253605664038236,0.2511372215878336,0.3920728415318034,0.4035128151760516,0.5283964293586246,0.2775547659832427,0.3885537343725614,0.33388611803277124,0.38913741706279503,0.2632617952129951,0.2815748323682598,0.39441229715525944,0.4027500011891811,0.38622359368281894,0.1333927883368964,0.34346947520320426,-0.07948729403835325,0.4228578001906707,0.421538458872602,0.11088345617706635,0.3403662688130234,0.13290811061241067,0.5214447615296686,0.15026429768014388,0.23477239208231745,0.34459792044627086,0.20797674440532404,0.2879851474696239,0.31494839250932266,0.23105541107710215,0.05295574416374653,0.12434106614114607,0.3967982906790753,0.28879047397570107,-0.08007067626718845,0.011345961472726299,-0.23888292463779018,0.09939760871907251,0.1593704021756843,-0.08025458062768759,-0.15035965657952335,-0.21422124911851287,0.052897780065675463,-0.03494055219518263,0.12227618344711157,-0.3794490908067378,-0.00802638459298874
0.46062291821676066,0.9545773902671791,0.6879185496361505,0.4010088418313563,0.3720054164441731,0.4639357671662181,0.3788902365613573,0.4486826067512765,0.4181918692544381,0.2839808479337627,0.3897797260511284,0.4131775333001093,0.8255506323753805,0.4203368242123312,0.3163984946550131,0.45371738915154364,0.44788205752310056,0.40860195383166664,0.4948923712001271,0.40262643885752886,0.3536033513918051,0.47126425269870764,0.1058842930491803,0.3323512269388848,0.4274239460205124,0.35456158368743207,0.41518452937713857,0.2730520704546071,0.6153855716268878,0.149734826837331,0.4449661437397812,0.48321778470943755,0.15567785901505085,0.3377331140104563,0.4069795393921403,0.4972628909583695,0.3498247237260194,0.24663737382354228,0.4026970712457451,0.20903771633271195,0.4277524272123243,0.36395681208420017,0.27839104036082174,0.06533520639745606,0.12880158396355174,0.46403951819796896,0.35040016859441264,-0.06450094860290889,0.24530938579441014,0.15167620312022853,-0.17432782612272352,-0.06678932954806849,0.03700047311649679,-0.04344441211293655,-0.032436285748971366,-0.11125230720599111,0.10015333978639199,-0.05602072104983472,-0.03999948981124651,0.03353421757601802
0.5180093862015276,0.7458840338624204,0.6070759332178024,0.4567162242829328,0.31715526040892,0.47432962807138795,0.32289645544256973,0.4478021814894517,0.3462348687883054,0.29341787775125333,0.3418910289362603,0.37253605664038236,0.4203368242123312,0.748535447740352,0.4328020165875022,0.3524268820779099,0.36749002969970174,0.3613961024362283,0.33004238579218037,0.4152895647205747,0.3509583675253429,0.3494796601004593,0.17141541349592654,0.33124754429611364,0.4230523666719794,0.4218141145585056,0.3523711624582382,0.23961287658091054,0.4574648919418805,0.13073433864934955,0.4578526496246619,0.5726471066073169,0.16863915423158807,0.22443281268187107,0.29986682950118043,0.5141644205657862,0.3026062979902867,0.2541571844984998,0.3016808838047499,0.2247275878986256,0.378089542139307,0.35827811558464534,0.21873439626731947,0.06959854194715051,0.21323687200743163,0.38557318527820944,0.3358482851777613,-0.05675462821181855,-0.0036066244658411756,0.1279643126846886,-0.07330187879259067,-0.022277361786271124,0.035577273933490576,-0.07920647477351482,-0.004442221122685101,-0.12226849745899829,0.3594902628433908,-0.08101369787147848,-0.06665721660416074,-0.029987750771415408
0.5125376290643712,1.5342077803526954,0.584143415377177,0.2976032770281939,0.25856047874580423,0.36316458603133456,0.17514279878530759,0.37496329670856665,0.11859586787614927,0.40607448605020807,0.3034438430091225,0.2511372215878336,0.3163984946550131,0.4328020165875022,1.2004939127641656,0.11059069110941687,0.257682977333798,0.19560875584022283,0.1812966729864256,0.44123339912408693,0.30139350949485344,0.08810074518493746,0.1378395010760977,0.28464482080017584,0.3344644819970209,0.3177956849480772,0.25465732800781543,0.26710966751259946,0.4483437561031349,0.2862318198997171,0.31764009157022977,0.34917404010912617,0.16429900112340365,0.21329479153560893,0.3003187861445705,0.38347135759286805,0.3734507302996334,0.21482400339347407,0.20854059806988062,0.16521636181952315,0.3607112957475883,0.29733154468852996,0.26035070559821955,0.05192271122331595,0.2908453598287634,0.3478083296100866,0.30263857058140686,0.01166028039520286,-0.021779257765677844,0.09008480407449529,-0.10542696964668694,0.01963114284521936,0.050351428140927176,0.03527467865015427,0.11227392305232269,-0.021568766032149363,0.2493270241502427,-0.06123662097438364,-0.07097637866808292,0.029063387014876704
0.3639974025280692,0.3877160004870551,0.5549876659848841,0.44612610634428657,0.3558075684353609,0.34600624684586984,0.4212467528684482,0.3213027295322851,0.40194626506168785,0.26639009343955267,0.34929587462579714,0.3920728415318034,0.45371738915154364,0.3524268820779099,0.11059069110941687,0.9406291724708258,0.3881230948143953,0.5065216756368295,0.4809546350537092,0.2491573412686254,0.35314116506203297,0.6303951772850306,0.3086370347025413,0.313519615997402,0.25801373205890993,0.24158393374228077,0.40628281879924644,0.2759420161508775,0.47053417535840064,0.11807011533190404,0.3544694568824592,0.45124889957387987,0.13406241520895432,0.3409387854696872,0.4329797764004865,0.5212956209735783,0.36580178096349814,0.18444946180141633,0.4333170624371271,0.2313376005530146,0.4294124414224443,0.38593746892141195,0.3463479309882644,0.09325508787653478,0.05938678897908911,0.3748657715850093,0.37733021613832113,-0.09679181578903383,0.31635476089107595,0.0008278800751272874,-0.15424930743934298,-0.05356443306564845,-0.04413721254566694,-0.1020910035698153,0.019832055065100846,-0.027974167566335372,-0.007107125460217517,-0.04771770106797351,-0.022261504159875666,0.027008901927286
0.3535046211591503,0.6564227018633026,0.6329348371338444,0.3864952231805452,0.2738249646185055,0.41359662806023834,0.3725210210539229,0.3431116020745584,0.4086966685379913,0.29050590706133733,0.37074716781074435,0.4035128151760516,0.44788205752310056,0.36749002969970174,0.257682977333798,0.3881230948143953,0.8416534561881307,0.40168120776431004,0.40326588770304533,0.4329357178083377,0.3739017993927759,0.4082570011173482,0.15837093946600614,0.28942324712127576,0.5064424970703307,0.33284361656655204,0.35249605171137566,0.3672686855771051,0.467378599155812,0.05261122948376023,0.431668817956824,0.37569515896841327,0.22669163454958677,0.313404827581555,0.37152471179467417,0.5236683074910784,0.3956862758684888,0.27001720003970986,0.44917630010992887,0.2424605463831948,0.38749017726170254,0.3824221181697319,0.29711562742299824,0.07681284443918601,0.24955438460222554,0.3553351035360825,0.3447658615488844,-0.059503436117842805,0.05374822807225023,0.44232281243955396,-0.1382829879072994,-0.003640036590897635,-0.1831128378211282,-0.09057709714663897,-0.2238715914826052,-0.057847599537062463,-0.07015979421568054,0.10049134768425116,-0.1170263091273986,-0.00934587570137919
0.45179747915614676,0.32476866822863915,0.7718045833473802,0.6881213077292123,0.4166689932206832,0.47304662623789767,0.48323875991966875,0.46017670312255876,0.45812514922374287,0.3212605122933508,0.4794939815895565,0.5283964293586246,0.40860195383166664,0.3613961024362283,0.19560875584022283,0.5065216756368295,0.40168120776431004,1.4418573573414974,0.3099759341736713,0.3307969826968232,0.46034655282998393,0.48506049598678086,0.4866152985180688,0.34695038092990155,0.6022034869958953,0.4897195005973058,0.364679362962131,0.2175968802252958,0.4408790266228765,-0.28869818163858657,0.9197823215596153,0.45111171490644225,0.21680224543630816,0.3887728460353047,0.053215987855281345,0.677756843680786,0.22429659186051615,0.229488468810236,0.27777367498614774,0.21692153695190958,0.4346861886159258,0.40011904827526434,0.23384606205711747,0.05933534124368519,0.07714935673599067,0.4561876588591619,0.6094445030474522,-0.12982165864582462,-0.5700819468612348,0.24032667967988933,0.2931527168647666,0.10414544723739863,-0.4439793418517881,-0.223514393240675,-0.08681588145492308,-0.14270869380482362,-0.052865678401228376,-0.0061671187833393796,-0.02890122101126685,-0.056573282162602455
0.4169554701803685,0.7091084575109949,0.8109028243573506,0.18628562667141668,0.16447140616448677,0.3680392526025394,0.330580144573183,0.3342194579034186,0.47356335541599376,0.3193049078772079,0.2164305551531404,0.2775547659832427,0.4948923712001271,0.33004238579218037,0.1812966729864256,0.4809546350537092,0.40326588770304533,0.3099759341736713,1.3961783087493551,0.05484936016048692,0.40576730865503824,0.49277457397545077,-0.048798757588909066,0.2998741001299543,0.720707120029891,0.2322135973458626,0.305287191552024,0.4023321098257548,0.632115769406048,0.3356253642761453,0.4687862467443554,0.39525657746778686,0.33932786539687926,0.20015308370922533,0.35111848182069827,0.47135187111614874,0.4950424991318719,0.15102560806276483,0.4213135962108653,0.05468916446208117,0.402193087902012,0.32427942906041846,0.26085166224196576,0.05643292397784739,0.18284149066472372,0.4005326524788593,0.38290862258206815,-0.06933560374381988,0.13412667678569226,0.45044471391348434,-0.26446824264893753,-0.04721940566173946,-0.15290610604170818,-0.09910776014503068,0.019495202741170666,-0.07570750784709361,0.06152875388077781,-0.07238745058314586,0.10999115584263314,0.09193661211245802
0.3646687369112911,0.9577399665639263,0.4830469280322017,0.44047962313710226,0.3528715973624006,0.4276734655627612,0.3483118875573428,0.39539626392570537,0.28304603707202963,0.1914957515324355,0.45930325616669715,0.3885537343725614,0.40262643885752886,0.4152895647205747,0.44123339912408693,0.2491573412686254,0.4329357178083377,0.3307969826968232,0.05484936016048692,1.3125630920423137,0.28826672676527787,0.25355206258112145,0.11426155845734885,0.29038765262734656,0.04898706109070665,0.3556256785656254,0.43528482088563936,0.1907858796332618,0.5257827057824713,0.5478335455455338,0.511838846529292,0.3914021533298004,0.118217164705774,0.4909123431591714,0.2850112016147349,0.4188020265566608,0.7514615954266686,0.6122410847042972,0.505148045573469,0.31868716573228917,0.5555545108612415,0.42953119432563447,0.4161381945900727,0.07286740821965203,0.37783321604794246,0.4290860738829539,0.5185345440729027,0.05828477267693278,0.5278679414688906,0.08378573054720007,-0.2919224218441274,0.03236533186099888,0.09611335975985161,-0.08933337692752663,-0.09747619592281911,-0.03814134093182547,0.10550080887463324,0.06730766579552076,-0.1900704897581029,-0.029286516499667584
0.383291486513968,0.7152489100501016,0.6268270991374961,0.35974484717658106,0.26247476465090985,0.350132430836455,0.3481592493831881,0.356003700762001,0.3999244476300678,0.24534915670616006,0.3400786615282246,0.33388611803277124,0.3536033513918051,0.3509583675253429,0.30139350949485344,0.35314116506203297,0.3739017993927759,0.46034655282998393,0.40576730865503824,0.28826672676527787,0.6289997184957289,0.38488237261277203,0.17520865584957176,0.28151529606969644,0.4055676524249656,0.404522616013653,0.3015387381142255,0.3346623505171697,0.46042242989465365,0.12607618828205625,0.5381883102736252,0.40796225355453686,0.24091103122188748,0.22172040180363817,0.3281043674601891,0.5942331910965559,0.3661636706211085,0.22613420904509673,0.368349252187497,0.24819767168749327,0.5163142825355322,0.44999081582450007,0.3088182841408988,0.07382511535592502,0.3111413178562984,0.3675944419135466,0.39241602971084444,-0.05502920075105942,-0.0823560383877969,0.14694762295934197,-0.03389278097195811,0.02622004912413879,-0.07777648282664315,-0.04623554320096667,0.008003385805332969,-0.07078585888823932,0.020358506432706754,-0.04936226243357383,0.10774755419520639,0.1330126870896193
0.38310166035386467,0.5170484765357695,0.6923224721783848,0.4061390979509274,0.318110246778184,0.3761363096843862,0.45822122187914316,0.32105584893400196,0.6195340590912657,0.28414984180775454,0.3573383108143764,0.38913741706279503,0.47126425269870764,0.3494796601004593,0.08810074518493746,0.6303951772850306,0.4082570011173482,0.48506049598678086,0.49277457397545077,0.25355206258112145,0.38488237261277203,0.7614627777677538,0.3246613485291415,0.33915700689263373,0.18848558951303765,0.3246107588765502,0.36038465276027015,0.2341240582392482,0.47046640376898347,0.10494023323139334,0.3969497606940388,0.4466650251045127,0.180072007784437,0.3555320829651736,0.27642158362421604,0.5467431522686343,0.3558968833852512,0.20979112253398827,0.4517857197374203,0.19022226182963772,0.3875602442149027,0.36351077372307367,0.264879762976839,0.08259705493502931,0.01680253906306631,0.42889880208634334,0.3654500857825477,-0.12595818491633917,0.4040528429836436,0.09017800165323281,-0.14611642243283154,-0.036137365887368066,-0.04880194664806361,-0.10167836543689104,-0.04665056847218215,0.0011847391855706179,-0.0012256321330298295,-0.06872786479595124,-0.0567782635402842,0.07382362580654993
0.13768666628701773,-0.7236342468946508,0.33299532252927544,0.40893047870062377,0.24869984831510417,0.2191083989991768,0.2894563008673714,0.17521297781057785,0.280214553029887,0.23756554488583811,0.21434556848423142,0.2632617952129951,0.1058842930491803,0.17141541349592654,0.1378395010760977,0.3086370347025413,0.15837093946600614,0.4866152985180688,-0.048798757588909066,0.11426155845734885,0.17520865584957176,0.3246613485291415,1.4118023534300714,0.39885017689426244,0.25003713968613855,0.1110746307997784,0.13788840979806263,-0.1630926275080266,0.40926354222197264,0.06523773726703821,-0.22786232226063194,0.16455146655024877,0.0710390216599382,0.3485174970531634,-0.27431185694578497,0.5224731542264403,0.2671971973798468,0.06923971017214264,0.3269105187493123,0.1850846095799914,0.16993543917847623,0.17789834692890633,0.21460644515186664,0.09422455016458299,-0.10917447869245889,0.3826821850404407,0.3322092892570035,-0.08479251287705007,-0.013485031383431993,-0.060268136710604756,0.16169375347014858,0.05635987462531022,0.019475182500677726,-0.1180023672041472,-0.024823767100416574,0.04139221553380142,-0.07428053096673601,-0.05262155831913548,-0.09675032891115458,-0.03471545757057809
0.22101429302174003,0.33517587742306665,0.499872091015967,0.38052464660327967,0.20331978121556854,0.408925062059265,0.3146511205728609,0.2852522359520624,0.36181708416084396,0.2753817065669737,0.2927200897181556,0.2815748323682598,0.3323512269388848,0.33124754429611364,0.28464482080017584,0.313519615997402,0.28942324712127576,0.34695038092990155,0.2998741001299543,0.29038765262734656,0.28151529606969644,0.33915700689263373,0.39885017689426244,1.0176545130816201,0.5239466006213274,0.20459131512367865,0.2344866690043646,0.14788574048899597,0.4495647286706164,0.26625996306581223,0.5590993219649474,0.3642677401214145,0.13205147468216252,0.2108074114117955,0.1482035050608451,0.5310883542355586,0.23723674927187502,0.1923235577877585,0.3197542947070797,0.12388695415863443,0.2576380975177685,0.2698137064253244,0.0458839242052774,0.05847958814335565,0.04058524711444697,0.3239754840879751,0.35435587604916924,-0.08503586510819704,0.14431877396966558,-0.010452050947084339,-0.11395348526594319,0.1350846578902637,0.04955988930346724,-0.08147629703957526,0.09076354571306164,0.03856453274842945,0.3185810879754901,-0.46141488534463804,0.08823705537027433,0.08081527869033572
0.4683066884155187,0.11753241725106035,0.7177240079697922,0.3951786598273868,0.10126189251129857,0.7276804915977961,0.3210880762147787,0.4220289359106998,0.1875249203880867,0.3246451461412903,0.2471713990154106,0.39441229715525944,0.4274239460205124,0.4230523666719794,0.3344644819970209,0.25801373205890993,0.5064424970703307,0.6022034869958953,0.720707120029891,0.04898706109070665,0.4055676524249656,0.18848558951303765,0.25003713968613855,0.5239466006213274,3.8352353457057724,0.33729435160806576,0.2781303578239096,0.14634558596561142,1.4336208883031556,-0.09730890894908838,0.8609755421062161,0.47788979243408886,0.17496216635688935,0.46087176242982936,0.1667391116080819,0.6567486779650292,0.147305228288787,0.25265423022955574,0.22985454943410297,0.1673057252645524,0.3378877409783856,0.3227992804688135,0.27345218098348445,0.03523510314430646,0.7108709533432441,0.7641626184479061,0.3680631832708089,-0.18100025870151037,-1.498199594904656,-1.1365506533456327,1.1515927396687358,0.27260547425901543,0.17983179187377035,-0.3330554904083535,-0.010174445471251861,-0.1954896791671238,0.2263421671651895,-0.09723532155195859,-0.009389392612307096,-0.017881440738052014
0.43286574922772725,0.6838146981351472,0.6941684230789903,0.4433903562851548,0.3455820325739978,0.5041653207903029,0.3798457048837062,0.4751020869421133,0.4370545436574414,0.2656007614455068,0.39613901732608237,0.4027500011891811,0.35456158368743207,0.4218141145585056,0.3177956849480772,0.24158393374228077,0.33284361656655204,0.4897195005973058,0.2322135973458626,0.3556256785656254,0.404522616013653,0.3246107588765502,0.1110746307997784,0.20459131512367865,0.33729435160806576,1.4051791414657184,0.2879754727173053,0.23455412709713203,0.11225018187499235,-0.20948769454694352,0.565423634010171,0.5013661362087106,0.2663877391504101,0.3340777657372166,0.06665096472355761,0.3911660267108026,0.07408762861571584,0.2581090614364506,-0.2697610407303521,0.13279580170517044,0.22286101807891587,0.38706418892361666,0.2068310922786091,0.0017335946744299116,0.03607352342655631,0.3614395577720026,0.17967435740460017,-0.037152978292311144,-0.10790396612984306,0.10651248706263923,0.021355710978320584,0.19337759635555776,-0.27208433221696304,-0.07700266963700826,-0.16092852800281635,-0.06368741363275975,-0.015008392633900487,0.20117478651104195,-0.13313622217924995,0.08023638609835121
0.3664544934970645,0.62530108263187,0.5310592444695197,0.37225903586154335,0.27938897727519063,0.36080493384838513,0.3324684984175851,0.32968040203704,0.31065163052192213,0.22700707166733,0.33709629999308294,0.38622359368281894,0.41518452937713857,0.3523711624582382,0.25465732800781543,0.40628281879924644,0.35249605171137566,0.364679362962131,0.305287191552024,0.43528482088563936,0.3015387381142255,0.36038465276027015,0.13788840979806263,0.2344866690043646,0.2781303578239096,0.2879754727173053,0.703925893196798,0.27340710412487296,0.3240677755849004,0.1287843063696733,0.36635361437128233,0.43168312851257673,0.23300667627643679,0.3032694091594942,0.30248282872404536,0.47871273662986313,0.3488959710660014,0.24502496284675512,0.346266002233891,0.2011687762939221,0.37648821740635485,0.3302821102930412,0.3369374988605532,0.06511246373432249,0.14106296797459994,0.33953126257089095,0.30035634472085654,-0.03738699818286133,0.26763103198432175,0.04842108785699773,-0.17271775771728537,0.06741064679126337,-0.003808623215934581,-0.07513656036163148,-0.003877807101804863,-0.055739799839957686,0.14559504676745755,-0.051091747187887886,-0.07978156858787806,0.026969492619452168
0.30182538540215587,0.7774078936229679,0.39385691170488524,0.06391627132215648,0.06862349870213406,0.1616150335198724,0.14088387049035042,0.18129803997893928,0.21750750644157807,0.18891933142669795,0.15130550768526835,0.1333927883368964,0.2730520704546071,0.23961287658091054,0.26710966751259946,0.2759420161508775,0.3672686855771051,0.2175968802252958,0.4023321098257548,0.1907858796332618,0.3346623505171697,0.2341240582392482,-0.1630926275080266,0.14788574048899597,0.14634558596561142,0.23455412709713203,0.27340710412487296,1.3931745143794658,-0.0709451685588906,0.014517476887881015,0.3639000067537915,0.345461253866913,0.6333005290401867,-0.05572567389817107,1.1764024317548842,0.37689084046935084,0.3777513926776961,0.15904627943634894,0.20374264974223882,0.31778826849508246,0.38188162069690057,0.33023727706856715,0.37678309942558874,0.11786903946699177,0.3728984157518509,0.005811141144137766,0.18877314146327595,0.02864748323682247,0.025872312673925636,0.6866577867448647,-0.2923674980139283,0.6042049929129836,-0.9442584306272784,0.055583670919591446,0.38445876016629804,-0.09531290236063308,0.27041380291326556,-0.3136593991067959,0.3520386324639,0.07843576699310038
0.5022411024793076,0.5464384932304409,0.7985149508144646,0.4065060350877223,0.3042874474646472,0.7399532225728919,0.34506766657347143,0.4531318449837287,0.3935460461858065,0.37551571782475546,0.38811457008988265,0.34346947520320426,0.6153855716268878,0.4574648919418805,0.4483437561031349,0.47053417535840064,0.467378599155812,0.4408790266228765,0.632115769406048,0.5257827057824713,0.46042242989465365,0.47046640376898347,0.40926354222197264,0.4495647286706164,1.4336208883031556,0.11225018187499235,0.3240677755849004,-0.0709451685588906,3.7026388762063,0.6725614188588815,0.20209896248303302,0.37881489167007437,0.22046400347969444,0.2694800593806011,-0.07631980104901603,0.7039767353580254,0.9251709626212408,0.2245266493097315,0.5436739301036014,0.21729054270809886,1.0433938186710674,0.41028662668628557,0.3688448377297947,-0.022162877324286137,0.4496214454796101,1.054043492254092,0.684417818785453,-0.08050991420614745,0.4179331028913812,-0.25597129176885325,0.3243393425038428,-0.4018643559959933,0.4046979328824306,-0.14298957172364873,-0.14562468260951225,-0.145853772766311,-0.2212366730630452,0.17692355260677067,0.04285830346936483,-0.1439335603012796
0.06310121453516286,0.5773316522511543,-0.2889606275645994,-0.007384299966393016,0.15371267345750814,-0.014657082190726,0.04119479703439796,0.032484211778149474,0.03327246084546016,0.12306992260914193,0.001089634095071344,-0.07948729403835325,0.149734826837331,0.13073433864934955,0.2862318198997171,0.11807011533190404,0.05261122948376023,-0.28869818163858657,0.3356253642761453,0.5478335455455338,0.12607618828205625,0.10494023323139334,0.06523773726703821,0.26625996306581223,-0.09730890894908838,-0.20948769454694352,0.1287843063696733,0.014517476887881015,0.6725614188588815,3.8327164419173156,0.1751764121116416,0.022230234170526074,0.49805531812946285,0.08238242274494291,-0.05369591355142375,0.18466233288628084,1.7305339309281562,0.3233957754118872,0.7923256126349246,0.0075931809407587215,0.6684944212795833,0.19820520190452268,0.5245453494999903,0.1024405165182808,0.7078846259655756,0.20939064858056816,1.5077970111982073,0.11991664070101397,1.2569584951580655,-0.08329023249738207,-0.6902455712693205,-0.5977360003658925,0.8187589643960146,0.12643343618713024,0.040807082017422065,0.070199503304958,0.042747292394876776,0.3000793382486564,-0.300756737457337,0.15510437066328256
0.516060089936284,0.9403902503178034,0.6656241288103937,0.5099732704915266,0.3575608108589909,0.5428929291622645,0.4149304121836697,0.4279364347853886,0.4284610482752335,0.24836503426978687,0.45895378837662426,0.4228578001906707,0.4449661437397812,0.4578526496246619,0.31764009157022977,0.3544694568824592,0.431668817956824,0.9197823215596153,0.4687862467443554,0.511838846529292,0.5381883102736252,0.3969497606940388,-0.22786232226063194,0.5590993219649474,0.8609755421062161,0.565423634010171,0.36635361437128233,0.3639000067537915,0.20209896248303302,0.1751764121116416,2.9544069079009434,0.5482091364841709,0.21696379640152694,0.082683897279356,0.19858489446505417,0.8467505287611233,0.05253835222077329,0.3184356597023163,0.13347757939582092,0.09330956902775149,0.543186193906806,0.4326192022486576,-0.10785212543416321,0.02562929386257699,0.23758876211006,0.2947626709294862,0.6290372354745811,-0.1550208017481923,-0.831478240071005,0.21683333751271622,-0.04981895864088305,0.27269857672445164,-0.36804438948414525,-0.13581292713012694,0.009339226349725139,-0.06991913054519261,0.3854514590345697,-0.3650797376734889,0.0009436731550180729,0.03896167549716961
0.5561395531351246,0.7421885248421924,0.7098340285891375,0.4348364235132215,0.30642270758206314,0.5149506941298853,0.3772891921977221,0.46938868221717245,0.4125521097573445,0.30875472062778686,0.3789796516470502,0.421538458872602,0.48321778470943755,0.5726471066073169,0.34917404010912617,0.45124889957387987,0.37569515896841327,0.45111171490644225,0.39525657746778686,0.3914021533298004,0.40796225355453686,0.4466650251045127,0.16455146655024877,0.3642677401214145,0.47788979243408886,0.5013661362087106,0.43168312851257673,0.345461253866913,0.37881489167007437,0.022230234170526074,0.5482091364841709,0.9287604956235681,0.14637596782181495,0.21445524497863458,0.3579140438479907,0.6201765739875316,0.15644211738347802,0.2651041531282617,0.29353055817905044,0.24460910118776763,0.42643900057858963,0.4119268721076418,0.1068527635243451,0.062389758463402674,0.22656038088781558,0.47027456409443086,0.33695146554300814,-0.09288080520152606,0.01779185913814111,0.12871409897401168,-0.03447675500978351,0.14435543731704256,-0.23749625514696332,-0.015754542908099023,0.11871380400710267,-0.17870531002237428,0.8019651121198618,-0.39481880523935625,-0.11715382671107621,0.09051092520182269
0.20234904753801672,0.5003016156440813,0.30521442771449636,0.2638841190400029,0.17165814244629532,-0.05649183792571337,0.1497159389842154,0.1283961889582239,0.21416372508745396,0.14866747003072223,0.10993393085900705,0.11088345617706635,0.15567785901505085,0.16863915423158807,0.16429900112340365,0.13406241520895432,0.22669163454958677,0.21680224543630816,0.33932786539687926,0.118217164705774,0.24091103122188748,0.180072007784437,0.0710390216599382,0.13205147468216252,0.17496216635688935,0.2663877391504101,0.23300667627643679,0.6333005290401867,0.22046400347969444,0.49805531812946285,0.21696379640152694,0.14637596782181495,1.669227584130828,-0.06616154716120916,-0.3389801235635814,0.1590323274312488,0.7922613498261198,0.11932513598561659,0.08855606868911005,-0.05488397030128521,-0.12280615545284788,0.22792910846814077,0.2262957326354308,0.10632859991841635,0.09207157072967384,0.017469609074615564,0.45879971339135195,0.034049385986400345,-0.007310720683238986,0.5489950503777372,-0.17371219183561865,0.34675860082081383,-0.30429378958074027,-0.3165877868416813,0.013479329968286496,-0.15590158343364374,-0.18741974798783254,0.07060521293006149,0.2715627982398467,-0.12389160237572973
