2.193204434166846,1.4070646824455748,1.169385807984522,0.16403796620965438,0.49187343525416627,0.4224898899410846,0.5559476164523778,0.40639374630148695,0.449289073394085,0.4503852691464379,0.4458276095019176,0.47998977235689144,0.4775346509391647,0.529150801754508,0.525293407242393,0.3698064037091864,0.36395998689602627,0.459954935828926,0.43220988163667085,0.39838304888165577,0.37564033844153927,0.39501308327402695,0.12945953955399797,0.23062944563315138,0.4661971104631327,0.44575965851205296,0.38252294951885385,0.30594550137144694,0.5073987710043538,0.09408036466974735,0.5638011439085608,0.5805301013001224,0.20961274979806038,-0.15097716429972544,0.28315632163477106,0.5523731914008345,0.2985050108662188,0.2894120622435843,0.3426429218807091,0.23801186006991495,0.45462216116104237,0.35429785052119633,0.2118417076735984,0.0546977534050314,0.4261015821434048,0.5559981173821275,0.3661657729048723,-0.0775246033959292,-0.15402839463687007,0.07452144880835157,0.0210213939784081,0.006749112565511129,-0.11039841143797191,-0.00029630908594259676,0.14605174847569666,-0.07360150288497341,0.5594820821931984,0.12856500760561632,-0.6950867174146526,0.005032590442286098
1.4070646824455748,7.378390540187618,1.307804543228699,0.3231477114652383,0.6706022873041104,0.12473629378263312,0.8167672078746,0.5045809083997529,0.7613139762243737,0.8606331655299361,0.629170217093306,0.6554520645404626,0.9385634096699182,0.7361498238788804,1.5647963537398026,0.37103812531169744,0.6279571723543023,0.3216791317227317,0.6953106833712444,0.9600606802826358,0.7006669138785893,0.4909632989775567,-0.743617186791962,0.3333506192329869,0.0956918525040379,0.6692418590138892,0.6241424654708617,0.8416732056599026,0.47929881043555417,0.5187793086684706,0.990767568390316,0.7587834799020757,0.4995317934876002,0.2945427078894367,0.8790278771251304,0.733285653063087,0.8295888657279538,0.5055202158776372,0.4948593891094103,0.32426205794039414,0.9812573138288502,0.6460390928625485,0.3594830963024477,0.07014338753641475,0.5343344945226326,0.6169819518966095,0.5377325583825769,0.019815946255588007,0.529287382963117,0.19108827323651942,-0.3917851653832754,-0.05230743861412649,-0.02661770894551512,0.18883579703557424,-0.25180219607804843,0.18292473705474502,0.4140027232297299,0.03293484076551458,-0.245784106448319,0.3014214145155342
1.169385807984522,1.307804543228699,2.8532738016557464,0.616589883843667,0.15319323253300765,0.7295014303458908,0.6220553221454245,0.7754672997774357,0.8437967732489042,0.784422754564943,0.7118747203925433,0.6776457280410534,0.6728665331574825,0.5877681828969901,0.5605572270649039,0.55565933514233,0.6337780835647489,0.7789794907059114,0.7915451613091641,0.4704722548101685,0.6070074144841159,0.6868137351179964,0.33562887174863604,0.4841311531334458,0.6770386055485371,0.6863301499673311,0.5220381328541678,0.39560423083505397,0.7917640979104485,-0.315993150415821,0.6481536527042587,0.6903707356689723,0.26328103224278504,0.4436198988751951,0.3856937301538336,0.9297778291840846,0.47066494606003595,0.33659264178679604,0.506395239869598,0.12449128682866538,0.5499094711072713,0.5597385500838499,0.22640849488955822,0.08580248294635506,0.33418498022173326,0.9569819998047137,0.3898241742277316,-0.1708277264429226,-0.529415853871728,0.12840240126528998,0.104299598203019,0.20758960122784487,-0.11364144847133463,-0.2378666149246163,-0.023929613465057797,-0.24368525193922047,0.21007614443021333,-0.23717655645775307,0.08398825995294024,0.12317086024475914
0.16403796620965438,0.3231477114652383,0.616589883843667,2.0532149529678407,0.4532715967256999,0.4281126730883629,0.4643269855139468,0.4502836671185124,0.33495421266252934,0.2999976296297478,0.4722322328955973,0.5193605133015703,0.39015345850494004,0.44876786552375986,0.28130351095915646,0.43963392122745804,0.4002814758022636,0.7106679134976185,0.17295465430032433,0.4207004750041087,0.3496361778407174,0.3931431900568878,0.42190559407721057,0.363092174207426,0.34551282288912144,0.4257831263748062,0.3631531140330345,0.11780304311744799,0.3945319993597253,-0.057376966650407125,0.48411013994338326,0.4333448900520714,0.24539599690543074,0.46496562301747907,-0.1614475463192023,0.5141336771857455,0.3933870758325573,0.2576596049385746,0.3772148718918763,0.1067526706831211,0.2917290938590229,0.3367756224368449,0.1789738863706142,0.1146980064826938,-0.07256421263461901,0.37081235650766803,0.4063307424454172,-0.05153778163431747,0.05544905577142863,0.3605131430629623,-0.05107564079003605,0.47355634735746094,-0.33936683091874154,-0.3986440055883794,-0.17217317063368098,-0.1342391768611903,-0.03902539115177878,-0.021377931728099934,0.08761076985231467,-0.08677284074331475
0.49187343525416627,0.6706022873041104,0.15319323253300765,0.4532715967256999,1.3463591151081193,0.19919958844497254,0.3897265275406681,0.4279288445134058,0.23642400920346285,0.19674987312857925,0.27887891324243863,0.3240362927295252,0.35965101285412243,0.32389981005332114,0.2835168635448719,0.34020828360421823,0.25864259227237185,0.4131488361464386,0.1517089878431203,0.34674671386213796,0.24917630349188016,0.29088500089722696,0.25027288632978945,0.1947348321250831,0.13894475843068663,0.33441414369066985,0.27213868329057694,0.0916587021991533,0.301777733319203,0.14290106890670062,0.3578652572536273,0.31224618502662077,0.17854606881953652,0.3016897041822374,-0.08663993892705966,0.36210369633644574,0.3557434165885589,0.17528502605667043,0.23787940116538298,0.16690556610469456,0.3181720846177144,0.2621562398673052,0.2086268661635209,0.05819228656801238,0.08859888638433414,0.21416648149324186,0.32711966924807573,-0.027514179963302486,0.1163807599254351,0.18594374818987722,-0.1360935009782115,-0.019875788512803045,-0.18676284277272126,0.09654016170560524,-0.09510455884772769,-0.06122929073386794,-0.052637819694250895,0.14651448978676293,-0.09651336777159636,-0.15038760138456522
0.4224898899410846,0.12473629378263312,0.7295014303458908,0.4281126730883629,0.19919958844497254,1.1551156427199696,0.330836863411404,0.5490606319419458,0.37253190343644826,0.25835679797130606,0.4118993993339772,0.40520296568406344,0.46412580750055155,0.46913734171012245,0.3511910007422547,0.34451161389727214,0.4198469704336236,0.4833985972197093,0.3570742854952516,0.43430547665614755,0.34308506518484233,0.37245084711261894,0.21747419310881952,0.39393531439110463,0.7092198448960688,0.503835048131527,0.3582416889233706,0.1481199942800543,0.7509167637536123,-0.03199667149800998,0.5385424285266217,0.4971096376088433,-0.046159532665179775,0.37109422194751196,0.25647035900207693,0.4028291206241821,0.12706837215095823,0.2830961687202373,0.33334734782359476,0.19418204012487916,0.1480674799709559,0.3364387932457181,0.25693641458385785,0.07560117190694282,0.1732843393614988,0.3844109709015314,0.30372355883742647,-0.07713027264700134,0.049106106030156776,0.08958709221606663,-0.20783376758139022,0.10765536680202599,-0.06943104211144291,-0.046721133325025935,-0.0017339433587767027,-0.13568683806372203,0.18829820486770635,-0.039271106642356536,-0.10706159754162058,0.012453297938070587
0.5559476164523778,0.8167672078746,0.6220553221454245,0.4643269855139468,0.3897265275406681,0.330836863411404,0.7779134249868057,0.250450272066355,0.5072037051219616,0.2970992399275789,0.44492108779960293,0.5173113269980714,0.3833360645605089,0.3355332562316953,0.17393237819977886,0.4202656842272712,0.3937944183121932,0.4819660786420753,0.337608350651631,0.35714168802520363,0.3443886945483916,0.4575715693432481,0.2777468147331296,0.307004235144638,0.2828609790584093,0.37024751242105786,0.33710547083207093,0.1641972529018935,0.33131634581008956,0.023634507770440176,0.42551230784181715,0.38992299504933536,0.14874376915224066,0.33665999415980724,0.1472041467556376,0.4856034165676603,0.31232860721340483,0.2340161216850193,0.4140571955342941,0.16081160446596454,0.32359498337903103,0.3147644650155945,0.20226853486999843,0.05819185170462257,0.055401068532571006,0.3889424463249506,0.3165993876083271,-0.061437335679315294,0.3023369985606896,0.10713886708794962,-0.13420421246065695,0.15937970992142783,-0.07244179870003034,-0.15840924037842738,-0.17987918626622182,0.11371317712013473,0.013447024078640268,0.10135489068601862,-0.39540842381183744,0.031150443728993442
0.40639374630148695,0.5045809083997529,0.7754672997774357,0.4502836671185124,0.4279288445134058,0.5490606319419458,0.250450272066355,1.0902475218160506,0.291927381167992,0.29617330671315617,0.3772111417554446,0.26344397211862425,0.44067278469495214,0.4403877460033793,0.34771408285413996,0.326943320762305,0.3448522072580812,0.49127337613679195,0.3129164349369782,0.40037095480817564,0.3480406539871568,0.3247109516470761,0.18988100241951303,0.282444373734479,0.42142369560812365,0.49340301176372026,0.3320357917839631,0.18171190510486443,0.4435203934916694,-0.024619081548680175,0.4358194058477177,0.4660854789303616,0.13255159305842143,0.35747926592634743,0.24658405583106405,0.40189001696953436,0.2586033807416515,0.26154418418794395,0.35441686532156524,0.18802360214754152,0.27973784158102,0.3400437490062869,0.22595637760524376,0.06186384311555511,0.1433590424023011,0.39942596400396735,0.31563082565210643,-0.031191679867947096,0.08263688092374664,0.10234627130513951,-0.1003606914020054,0.15793913753032585,0.012253077259525442,-0.12702015341512457,0.03323063002558741,-0.25890722473531436,0.28170200500001735,-0.06643561438996647,0.10797651657034961,0.05716041500029611
0.449289073394085,0.7613139762243737,0.8437967732489042,0.33495421266252934,0.23642400920346285,0.37253190343644826,0.5072037051219616,0.291927381167992,0.9019754128595737,0.31276871392925265,0.3780880364985966,0.38679984286111285,0.40490203779195194,0.34921934453019493,0.11165319422166499,0.39788696528811657,0.4161003808079713,0.44527850689904636,0.4668262433193145,0.28315973511686615,0.384776545683461,0.6132442239702915,0.27515318643994763,0.3523440970569113,0.15957785703673735,0.42185481296935595,0.30993990557940465,0.23269662378289377,0.3681477443300366,0.021673340428422186,0.4235597148182219,0.41994282814028716,0.2003242521321389,0.29521785324220934,0.20394775110889912,0.5095282307943265,0.367273071641577,0.22093461444025184,0.4253220547666498,0.15232631980678574,0.33165938926678057,0.33549978967820665,0.18133254481801708,0.058915100381946583,0.10424752375220149,0.438079202117167,0.3138448025775822,-0.09066111215723191,0.31308784586293387,0.1093586937639102,-0.03192061528563075,0.14745983158835457,-0.054185228783376685,-0.14688943423600206,-0.07924142502132542,0.10206940791920042,0.06837600640657579,-0.06689798056656172,-0.23880424513989487,0.0958298807534696
0.4503852691464379,0.8606331655299361,0.784422754564943,0.2999976296297478,0.19674987312857925,0.25835679797130606,0.2970992399275789,0.29617330671315617,0.31276871392925265,0.8112497782186744,0.22460830532022827,0.2638270200137339,0.2798931471155664,0.2831712441175761,0.4011435209369879,0.270363235172607,0.28705835802682145,0.31647386766127916,0.3179679373407082,0.18991943611415169,0.24080832546646622,0.28436971481024403,0.23145980151604517,0.27255306440160815,0.3043407709948786,0.2601839252231388,0.2237175950206333,0.18079944330582376,0.37151414643749514,0.13050776721175714,0.24640745915022222,0.2947189538687994,0.14002401573649326,0.27891413023760636,0.2028448276470626,0.42121598159623835,0.30427499840444144,0.1311661606465781,0.2371768887698622,0.10040304316829567,0.3136596522503179,0.24201684875669663,0.14757485914576726,0.05821790300571203,0.13703027931907574,0.3691010260928647,0.2994964197009166,-0.054111739667538905,-0.06080092653626531,0.004901667358307835,-0.004509351874461542,-0.06597012781227776,0.04678159121073394,0.0183934883083482,0.01942080539309831,-0.04443853618786217,0.13126117700642967,-0.14172542774092162,0.04770586286644709,0.07474521109497213
0.4458276095019176,0.629170217093306,0.7118747203925433,0.4722322328955973,0.27887891324243863,0.4118993993339772,0.44492108779960293,0.3772111417554446,0.3780880364985966,0.22460830532022827,0.6847788462957418,0.500078301485027,0.3927254882300473,0.34276353118233455,0.29634773040573636,0.35579001210641936,0.3800722905262362,0.4934924434241259,0.21884744768387754,0.45889447999496974,0.3379626035788652,0.36216268915867833,0.21173860168508946,0.28737019275919395,0.23394480649982807,0.39652572191393426,0.3397987072526825,0.17728954516475834,0.3761815335183064,-0.02882259864016426,0.4728310334241072,0.3893747796380625,0.09836841706223391,0.3119236286218142,0.28341577664594014,0.4452212589546896,0.26098282185609534,0.26108607155657626,0.3834803159023476,0.21356572793145148,0.32515839498892196,0.3288879116788876,0.19998372731676936,0.04777124382719766,0.1612403375402273,0.3936851967346663,0.30159320103280957,-0.038113357502254856,0.15740306797741607,0.004921149999326266,0.0027611138338242123,0.11764958932848107,0.04735308834402773,-0.15240517924983055,-0.13933552180954478,-0.011514937967424156,0.0736100141578862,0.050592853430563925,-0.22790716197956204,0.040942173315412195
0.47998977235689144,0.6554520645404626,0.6776457280410534,0.5193605133015703,0.3240362927295252,0.40520296568406344,0.5173113269980714,0.26344397211862425,0.38679984286111285,0.2638270200137339,0.500078301485027,0.7481132967825966,0.427044490950915,0.38074476148941344,0.26293834852633186,0.3929066302636867,0.4257458653862703,0.5248962772380555,0.2974350297587705,0.39022849642388846,0.3364468144856602,0.39004423023859064,0.24821048445913552,0.2697941405655446,0.3304240015986428,0.38694033896076085,0.3869051754450627,0.1590820478844928,0.34149966436517887,-0.06736486583745338,0.42355645322462954,0.4240050068172742,0.10620159458696744,0.32394671218545457,0.17556215970383224,0.5381995037737992,0.20973757431851597,0.23049283155045386,0.37928427924397456,0.19440785959206208,0.3137723343674314,0.31881356764560925,0.17371850479310416,0.05207291573349746,0.09349089849225117,0.3951684888738685,0.29564974546709644,-0.07227274264866092,0.05180184602506557,0.03949378556497466,-0.00685315781880851,0.11281173593195445,-0.08698663684595398,-0.1420943620538434,-0.22975516850707697,0.032938066965042964,-0.016891928923799916,0.08618643563394762,-0.2980155235130547,-0.011911675063145161
0.4775346509391647,0.9385634096699182,0.6728665331574825,0.39015345850494004,0.35965101285412243,0.46412580750055155,0.3833360645605089,0.44067278469495214,0.40490203779195194,0.2798931471155664,0.3927254882300473,0.427044490950915,0.8190674671363898,0.41907727808245104,0.32163929432850163,0.4522728263588437,0.4487110997283307,0.41740696521850573,0.47897329972364644,0.4070125394500796,0.3438029707328846,0.462417307127847,0.10479297456171073,0.3202770471270744,0.43036834309770283,0.3517915794789163,0.4141863140409247,0.27195837521349436,0.6112889455646888,0.12912440500896857,0.44807371347183245,0.47684009325621285,0.14659345060212367,0.32895516797100216,0.4144722720027651,0.4917888848794762,0.345783970021133,0.25035682122556446,0.39563465564483935,0.21315885915817534,0.4274693021352855,0.35657476054758813,0.25803386330093236,0.06395130581657488,0.13063977436975596,0.4662003257675263,0.34537242802363266,-0.05938867654180839,0.25007173184833653,0.11469564743248792,-0.1583006332104266,-0.007504299386328351,0.03114579542286368,-0.05502638717001468,-0.07042593220144674,-0.08849092319121217,0.099113791253976,-0.021674919271913184,-0.10089466989874873,0.012847113056343446
0.529150801754508,0.7361498238788804,0.5877681828969901,0.44876786552375986,0.32389981005332114,0.46913734171012245,0.3355332562316953,0.4403877460033793,0.34921934453019493,0.2831712441175761,0.34276353118233455,0.38074476148941344,0.41907727808245104,0.7424460941822826,0.42498930803143775,0.35591439923833007,0.3658816709773095,0.37113527977055377,0.3253502477430577,0.4275736637790045,0.3420988005012208,0.3529325768063254,0.17534765022706003,0.3338832087440376,0.3993553432333204,0.41884357483630796,0.356091983485228,0.23835169137657924,0.45860881221218674,0.14343363570285952,0.4680586435373762,0.5658934144276616,0.1768477622249154,0.2181023680444394,0.29127392092784327,0.5131304616127987,0.31949964124950625,0.2621344679351326,0.3108748842568375,0.23167457774604228,0.38086908127380126,0.3571881952747131,0.2200217872866356,0.07071582966420532,0.2005979767137208,0.37344048201190744,0.3455376532372877,-0.052322766020387615,0.018499507560293824,0.1558879166679615,-0.1080400180466806,-0.017900174139599722,0.03269718674470705,-0.07897024625955873,0.034382956190362045,-0.11744064836976312,0.34135262195053073,-0.09994325768148135,-0.03975552388907378,-0.03283318212171414
0.525293407242393,1.5647963537398026,0.5605572270649039,0.28130351095915646,0.2835168635448719,0.3511910007422547,0.17393237819977886,0.34771408285413996,0.11165319422166499,0.4011435209369879,0.29634773040573636,0.26293834852633186,0.32163929432850163,0.42498930803143775,1.2112209868810448,0.10340988144987891,0.25294625871580245,0.19968241485330407,0.1780025514142712,0.44612406266695037,0.2912697312486791,0.08193285449769698,0.13209138129503772,0.2803364305673802,0.3281717378493902,0.31605546529763767,0.2532302236792259,0.27515075784969245,0.4458006489300811,0.29410424328855767,0.3339616308693507,0.3489607865600909,0.1620811452767809,0.19952478165108406,0.26648007087582953,0.38681989230332064,0.35145493933714905,0.21325562494251246,0.19286799769677593,0.1739455187036469,0.36844058388669904,0.290929742742943,0.24900923754710644,0.052077163322150816,0.3084153856186317,0.327269840580871,0.30580086672356327,0.006329306161755185,-0.04805081997071976,0.09991538916565056,-0.10120330716365619,-0.014851559952203655,-0.023805085369851087,0.10782602682215668,0.0807922614553878,-0.005407799860382571,0.24064725019650246,-0.03877377493503889,-0.09343082696654642,0.04706567545982071
0.3698064037091864,0.37103812531169744,0.55565933514233,0.43963392122745804,0.34020828360421823,0.34451161389727214,0.4202656842272712,0.326943320762305,0.39788696528811657,0.270363235172607,0.35579001210641936,0.3929066302636867,0.4522728263588437,0.35591439923833007,0.10340988144987891,0.9362080707621119,0.3960741559391464,0.5103396585250634,0.4683251954413945,0.25688374949780524,0.3461231127933864,0.6255204617886977,0.29755359668692855,0.3015151492267455,0.23380082921067952,0.24189523704096957,0.4054785182860246,0.2823532515080064,0.46327382142627965,0.09483444464503586,0.3579476894698232,0.44359605486110437,0.14508369074316485,0.32837868877535253,0.4408955384899754,0.5154447663826542,0.3731534188545492,0.1906293802295374,0.425871987063734,0.22115330323340798,0.4238401268311975,0.3806341418119292,0.3425395263313455,0.09227837148095754,0.030347012221501553,0.39094315098801014,0.37073496986559906,-0.08645442394107335,0.32005160625487183,-0.017431275071649526,-0.1870695030831311,0.026029137196319777,-0.016260526927591657,-0.12107092695943741,-0.035793738108309076,-0.029287480818037784,-0.028931191690829836,0.007194527133441902,-0.0588029523519669,0.01160728218108705
0.36395998689602627,0.6279571723543023,0.6337780835647489,0.4002814758022636,0.25864259227237185,0.4198469704336236,0.3937944183121932,0.3448522072580812,0.4161003808079713,0.28705835802682145,0.3800722905262362,0.4257458653862703,0.4487110997283307,0.3658816709773095,0.25294625871580245,0.3960741559391464,0.8603004607782009,0.4172286241223472,0.4080413021975586,0.42511941038076456,0.3707545218029317,0.41606332505838894,0.17151418698069723,0.2811050610850134,0.4939837854527932,0.3171916000644698,0.35428946360992725,0.370566042382067,0.4659135214500163,0.03640510645938739,0.42019958494330517,0.36713016378685187,0.20611258886812953,0.3193626932385511,0.3634716048422068,0.5250016666908064,0.44210625024979183,0.26485421779100043,0.48601766907730837,0.23430321047872935,0.3951687885947279,0.376214803083977,0.24548512727842786,0.07572595245971442,0.23138053113797596,0.3673034794224679,0.3448743622443057,-0.05516320864750602,0.09944779517600745,0.5536651308009758,-0.13248044656521363,0.05187624710271767,-0.2495311101276027,-0.14293426937258172,-0.24080850780648258,-0.03670282844857815,-0.09478072856944283,0.06920819678565325,-0.11568672071897208,-0.04033340438343774
0.459954935828926,0.3216791317227317,0.7789794907059114,0.7106679134976185,0.4131488361464386,0.4833985972197093,0.4819660786420753,0.49127337613679195,0.44527850689904636,0.31647386766127916,0.4934924434241259,0.5248962772380555,0.41740696521850573,0.37113527977055377,0.19968241485330407,0.5103396585250634,0.4172286241223472,1.4537036318888659,0.30472477065559167,0.320255798768233,0.4567203952380964,0.4825945830710797,0.4912548287291735,0.32996724082879364,0.6095026560937445,0.4805603404536077,0.36382220767170653,0.22380429403685612,0.4740737569405888,-0.29979312663240654,0.894876220454354,0.4535413528239473,0.19206768382106867,0.39415232846834847,0.03174498831324719,0.6872569192357277,0.2869081779087414,0.2205342677053215,0.29764870011380745,0.22760234898149284,0.4542493016706733,0.3964743363256657,0.19063451697590594,0.059763420132551655,0.08187350265039735,0.49550672193089534,0.6079380996350559,-0.12218442472612667,-0.580790801473249,0.2495395596622295,0.36249565088269675,0.15815372531280794,-0.49271561452258095,-0.24311004099398126,-0.16587727201901914,-0.1952715075983538,-0.04532847632264505,0.015053292729770542,0.052786834193459455,-0.08485973032211408
0.43220988163667085,0.6953106833712444,0.7915451613091641,0.17295465430032433,0.1517089878431203,0.3570742854952516,0.337608350651631,0.3129164349369782,0.4668262433193145,0.3179679373407082,0.21884744768387754,0.2974350297587705,0.47897329972364644,0.3253502477430577,0.1780025514142712,0.4683251954413945,0.4080413021975586,0.30472477065559167,1.3770360997337856,0.05463148602418249,0.39140845670223434,0.48018607065262714,-0.05181067481431639,0.28666203393354817,0.6801990274773343,0.224833324103168,0.30202228997316677,0.41595567839709857,0.6039540949654033,0.3114613706719081,0.453371575046468,0.39030466640195116,0.33295048198745314,0.17379674875251747,0.33015322996256846,0.45200313122705876,0.495460617941352,0.1513276841194594,0.41536822636106624,0.05359030563243263,0.3950762687014159,0.3100874164109291,0.2528142004890045,0.053833691101641566,0.18220450863889306,0.3964513941580904,0.3692760657133239,-0.05798102520096096,0.1572132363715077,0.4788955071763924,-0.276290549265642,0.05859365261073312,-0.22565040666826153,-0.08775678526090111,0.015246898751728402,-0.04461038418686514,0.06183097856242579,-0.049737374927286124,0.019837948287941477,0.07216030953416873
0.39838304888165577,0.9600606802826358,0.4704722548101685,0.4207004750041087,0.34674671386213796,0.43430547665614755,0.35714168802520363,0.40037095480817564,0.28315973511686615,0.18991943611415169,0.45889447999496974,0.39022849642388846,0.4070125394500796,0.4275736637790045,0.44612406266695037,0.25688374949780524,0.42511941038076456,0.320255798768233,0.05463148602418249,1.3297738675463526,0.2797765184848162,0.25735953836553394,0.10162084501892463,0.30002654730221784,0.016360591623383783,0.3473569778654536,0.4446040648187707,0.2021454208022406,0.5120957778404424,0.5666228735229071,0.5301237854409054,0.40267526257025404,0.12119643252329387,0.47593090339022337,0.33926770668575834,0.4163500326792857,0.7630834945555501,0.6218809420387886,0.5230285210947272,0.31761728898662844,0.5592945258200572,0.43303722705817205,0.42553434829022446,0.0735400451640851,0.35007664806038397,0.43077694831083463,0.5240287389922336,0.0650271909359361,0.5886490150757757,0.08270536459405985,-0.3773696062863047,0.017478682764490217,0.17338481305791556,-0.10152853612586923,-0.0029136076459437147,-0.020181928131112165,0.18005098538417716,0.02411718245418801,-0.22902566507753178,-0.035122827420841635
0.37564033844153927,0.7006669138785893,0.6070074144841159,0.3496361778407174,0.24917630349188016,0.34308506518484233,0.3443886945483916,0.3480406539871568,0.384776545683461,0.24080832546646622,0.3379626035788652,0.3364468144856602,0.3438029707328846,0.3420988005012208,0.2912697312486791,0.3461231127933864,0.3707545218029317,0.4567203952380964,0.39140845670223434,0.2797765184848162,0.6202628711589769,0.3741807107306746,0.16743589039878504,0.26008386717912246,0.3893536088380178,0.40188482386934626,0.2934271647281131,0.3240416407505158,0.4615459574349297,0.11428102559318049,0.521228123498405,0.3856252241579098,0.23261819445943338,0.22130534375079516,0.30679562828487444,0.5741802772758039,0.363656518420581,0.21969325530214492,0.34562541896158344,0.2483083856633359,0.5078139215468226,0.4359772133159354,0.2882890691120794,0.07306050051539778,0.2915610558068026,0.3607826727631591,0.38186132754470936,-0.04549577836318914,-0.05916415624878161,0.09457346469663581,-0.01836133820809175,0.03753312273805877,-0.062314647901003016,-0.033142313115445826,-0.0754165838082699,-0.06584718287734363,-0.04049949450375393,0.011320946824221545,0.1266696640754515,0.13268890243814316
0.39501308327402695,0.4909632989775567,0.6868137351179964,0.3931431900568878,0.29088500089722696,0.37245084711261894,0.4575715693432481,0.3247109516470761,0.6132442239702915,0.28436971481024403,0.36216268915867833,0.39004423023859064,0.462417307127847,0.3529325768063254,0.08193285449769698,0.6255204617886977,0.41606332505838894,0.4825945830710797,0.48018607065262714,0.25735953836553394,0.3741807107306746,0.7541304219814573,0.31706664086811526,0.32699508023269475,0.16417484759043258,0.31725660299901604,0.35921626804726925,0.2427750616458042,0.4540678093875062,0.08245451614067324,0.39475062080553697,0.4439890732449607,0.17998551254889925,0.33741100468029855,0.29713769407208473,0.5393404000034375,0.37159384961086833,0.21395223722330342,0.4551425665999273,0.18084022359145407,0.38498545875913787,0.35622089706479193,0.2510038521355839,0.0794743976861989,0.004892456438499502,0.44178840834578986,0.35623591385838893,-0.11515098678078309,0.4159933376017627,0.09767530125817131,-0.16374877938702848,0.05358604499855808,-0.0336197716138276,-0.13414651383344953,-0.07629442337262446,0.01865596288523205,0.0077558271997905685,-0.02727557504865148,-0.13583034337493344,0.04931374630374945
0.12945953955399797,-0.743617186791962,0.33562887174863604,0.42190559407721057,0.25027288632978945,0.21747419310881952,0.2777468147331296,0.18988100241951303,0.27515318643994763,0.23145980151604517,0.21173860168508946,0.24821048445913552,0.10479297456171073,0.17534765022706003,0.13209138129503772,0.29755359668692855,0.17151418698069723,0.4912548287291735,-0.05181067481431639,0.10162084501892463,0.16743589039878504,0.31706664086811526,1.425825526029672,0.3927460974909756,0.2756759489029041,0.09875456503435591,0.13158393174970856,-0.16962116353854725,0.4333546230762738,0.059226010717077573,-0.24259171512556726,0.159774529088782,0.06705990519790418,0.345017704227936,-0.2948451047211329,0.5327954344727615,0.3036266500588434,0.06531396400522567,0.33822732019692586,0.18188625389130963,0.18045227796653218,0.17281081609708637,0.18835165580075838,0.09034936399512396,-0.06262931548295378,0.37320034372187166,0.3313732707513465,-0.08622153661087482,-0.09216570246235155,0.07740640512627525,0.2026541854623825,0.09522049645740875,-0.016818909408388413,-0.13856908851308433,-0.06127702544481729,0.0016654346963808624,-0.09046445790436428,-0.02312091888569225,-0.05219257141775406,-0.07813538685291178
0.23062944563315138,0.3333506192329869,0.4841311531334458,0.363092174207426,0.1947348321250831,0.39393531439110463,0.307004235144638,0.282444373734479,0.3523440970569113,0.27255306440160815,0.28737019275919395,0.2697941405655446,0.3202770471270744,0.3338832087440376,0.2803364305673802,0.3015151492267455,0.2811050610850134,0.32996724082879364,0.28666203393354817,0.30002654730221784,0.26008386717912246,0.32699508023269475,0.3927460974909756,1.0109708726130642,0.5030840702965134,0.19057542647012563,0.23166973084336176,0.15352989090978206,0.4350079251728693,0.281439958717386,0.5549404302723483,0.3706764243082968,0.1334110380513312,0.18509671069962225,0.1581188643633701,0.5254338675484531,0.26200452128555973,0.20236094705030092,0.3242187191489443,0.12856186393817196,0.2637872659690669,0.26543016864959224,0.07903297014422056,0.05506420101253498,0.09285852667838324,0.3172247477627694,0.35347734279840776,-0.07972508929320021,0.10033698797658268,-0.014996758952309126,-0.10906065745189643,0.16615808700324244,0.052584205251759636,-0.07837208109944693,0.12092345584885004,0.04596511132959541,0.36772043141489424,-0.4000205448052819,-0.01060722923541514,0.06376597640430821
0.4661971104631327,0.0956918525040379,0.6770386055485371,0.34551282288912144,0.13894475843068663,0.7092198448960688,0.2828609790584093,0.42142369560812365,0.15957785703673735,0.3043407709948786,0.23394480649982807,0.3304240015986428,0.43036834309770283,0.3993553432333204,0.3281717378493902,0.23380082921067952,0.4939837854527932,0.6095026560937445,0.6801990274773343,0.016360591623383783,0.3893536088380178,0.16417484759043258,0.2756759489029041,0.5030840702965134,3.8764900009139507,0.32297289781478417,0.24992701959444288,0.15569672047898625,1.4958342254156263,-0.12793095206736385,0.8290862437952952,0.46465111825138766,0.1286278187810776,0.4330862114556296,0.12955647410808932,0.6966110781573106,0.16043771083423958,0.23615733745854525,0.16389501127679268,0.22258013333162108,0.3882941214880361,0.30991606745735284,0.22612462531228558,0.024931404505302356,0.8702312962739304,0.7397470641847667,0.35026044411200286,-0.19146508551858982,-1.7497586677346835,-1.1258272215585454,1.3752936346088702,0.28030617155399623,0.026125311297714914,-0.18195952719639613,-0.004125888526239987,-0.2661837904972602,0.20539628893351738,-0.1435920639698905,0.1689983608744791,-0.060497017951197385
0.44575965851205296,0.6692418590138892,0.6863301499673311,0.4257831263748062,0.33441414369066985,0.503835048131527,0.37024751242105786,0.49340301176372026,0.42185481296935595,0.2601839252231388,0.39652572191393426,0.38694033896076085,0.3517915794789163,0.41884357483630796,0.31605546529763767,0.24189523704096957,0.3171916000644698,0.4805603404536077,0.224833324103168,0.3473569778654536,0.40188482386934626,0.31725660299901604,0.09875456503435591,0.19057542647012563,0.32297289781478417,1.3974364460691544,0.284290986218539,0.24702536256995372,0.1156302950824527,-0.21642388367293464,0.5489681486268941,0.4986963108038439,0.2531684204335977,0.33167624825538633,0.09635682872221911,0.38403218771048014,0.09037374808918847,0.2526064024472673,-0.280930596950331,0.14031510276647385,0.23083158168854723,0.38642674633518764,0.19313074251352413,0.002010200992593541,0.02367856275068283,0.3692036858667424,0.16930864471392196,-0.029258687737324908,-0.12050952651189496,-0.009862848531829916,0.032540828653041566,0.22640533797014165,-0.23956178409908296,-0.062294794872479235,-0.09155975507041973,-0.09763350486824593,-0.007476975366968178,0.12287381974758421,0.004877253261659979,0.08416529936695445
0.38252294951885385,0.6241424654708617,0.5220381328541678,0.3631531140330345,0.27213868329057694,0.3582416889233706,0.33710547083207093,0.3320357917839631,0.30993990557940465,0.2237175950206333,0.3397987072526825,0.3869051754450627,0.4141863140409247,0.356091983485228,0.2532302236792259,0.4054785182860246,0.35428946360992725,0.36382220767170653,0.30202228997316677,0.4446040648187707,0.2934271647281131,0.35921626804726925,0.13158393174970856,0.23166973084336176,0.24992701959444288,0.284290986218539,0.7057192791383935,0.2809906551942823,0.31559282592688886,0.12870282014086246,0.3733650740325406,0.4330047956206088,0.23888233991251726,0.2890155832615192,0.3142978786411144,0.4783608627783756,0.36706421855130233,0.2516339014251968,0.35314741778065184,0.20060045655680675,0.37921351572685985,0.32833083765593707,0.3331053519746889,0.06463709285352914,0.13189298847206096,0.33955864644662415,0.30126642777992385,-0.030683369662799158,0.28911888425697885,0.08504903309824588,-0.20910967842713366,0.09533052331145353,0.00538959131238044,-0.08468369324022697,-0.002122046053752504,-0.043018482100026185,0.16360951831138612,-0.04208440449187218,-0.10777878135274421,0.0197810061367834
0.30594550137144694,0.8416732056599026,0.39560423083505397,0.11780304311744799,0.0916587021991533,0.1481199942800543,0.1641972529018935,0.18171190510486443,0.23269662378289377,0.18079944330582376,0.17728954516475834,0.1590820478844928,0.27195837521349436,0.23835169137657924,0.27515075784969245,0.2823532515080064,0.370566042382067,0.22380429403685612,0.41595567839709857,0.2021454208022406,0.3240416407505158,0.2427750616458042,-0.16962116353854725,0.15352989090978206,0.15569672047898625,0.24702536256995372,0.2809906551942823,1.453993066596036,-0.07732150447609441,0.023014801999458958,0.3759552792704244,0.37418424979215,0.6466155636578304,-0.05340478255036487,1.0654519991838682,0.37911250426675414,0.4322167138215297,0.1642738410603126,0.2093270021314509,0.3285157892749252,0.38754337580899567,0.3282774857843965,0.4383278238969808,0.12025075078209588,0.3963633351390158,0.06934381688302493,0.19218476544434662,0.030190308152329762,0.03464532558145561,0.4560197913873012,-0.18735194843714878,0.7765665494907925,-1.1780085304270207,0.06628910746555972,0.3399512184648644,-0.05836070267003241,0.3216382921805113,-0.21506172517613092,0.20436363310280214,0.1212561113307617
0.5073987710043538,0.47929881043555417,0.7917640979104485,0.3945319993597253,0.301777733319203,0.7509167637536123,0.33131634581008956,0.4435203934916694,0.3681477443300366,0.37151414643749514,0.3761815335183064,0.34149966436517887,0.6112889455646888,0.45860881221218674,0.4458006489300811,0.46327382142627965,0.4659135214500163,0.4740737569405888,0.6039540949654033,0.5120957778404424,0.4615459574349297,0.4540678093875062,0.4333546230762738,0.4350079251728693,1.4958342254156263,0.1156302950824527,0.31559282592688886,-0.07732150447609441,3.7409389671211226,0.6356100005726766,0.18145134406072777,0.3692834943884001,0.21691911575774078,0.2581607499375766,-0.08618265768520735,0.7114926252684343,0.9134163947703197,0.2267777803078499,0.5103840922619768,0.23833365932500905,1.052633358293263,0.408792940898819,0.35437052165417493,-0.02479101814021063,0.5114883303675135,1.0324790968005455,0.6814529368206208,-0.08357609654870093,0.27432511798015424,-0.19772760035923193,0.42200247316056433,-0.3751134658337605,0.3492765434971795,-0.15451532407965496,-0.08674171625701414,-0.2248236125622052,-0.2607088781912071,0.13950908980528262,0.1692237709252015,-0.22073260304000125
0.09408036466974735,0.5187793086684706,-0.315993150415821,-0.057376966650407125,0.14290106890670062,-0.03199667149800998,0.023634507770440176,-0.024619081548680175,0.021673340428422186,0.13050776721175714,-0.02882259864016426,-0.06736486583745338,0.12912440500896857,0.14343363570285952,0.29410424328855767,0.09483444464503586,0.03640510645938739,-0.29979312663240654,0.3114613706719081,0.5666228735229071,0.11428102559318049,0.08245451614067324,0.059226010717077573,0.281439958717386,-0.12793095206736385,-0.21642388367293464,0.12870282014086246,0.023014801999458958,0.6356100005726766,3.788208015755218,0.19820025379044803,0.01355479268853452,0.5654108363697017,0.016978777451948188,0.0060864403912617845,0.16429739037116683,1.6603994063235175,0.342071517475462,0.756219131941708,-0.009981709201721796,0.6415938825631805,0.1947381073457937,0.5747930286920835,0.09987611545229058,0.6780409817968706,0.1408489235580329,1.4899957596122644,0.12618083823967755,1.195892212972666,0.1067548468630958,-0.8239612202047332,-0.6011167518256023,0.8930151394769261,0.08116184935599946,0.3097806255089321,0.09054015652399601,0.04895698410896104,0.1813651177570962,-0.37174247378134884,0.05009972830464898
0.5638011439085608,0.990767568390316,0.6481536527042587,0.48411013994338326,0.3578652572536273,0.5385424285266217,0.42551230784181715,0.4358194058477177,0.4235597148182219,0.24640745915022222,0.4728310334241072,0.42355645322462954,0.44807371347183245,0.4680586435373762,0.3339616308693507,0.3579476894698232,0.42019958494330517,0.894876220454354,0.453371575046468,0.5301237854409054,0.521228123498405,0.39475062080553697,-0.24259171512556726,0.5549404302723483,0.8290862437952952,0.5489681486268941,0.3733650740325406,0.3759552792704244,0.18145134406072777,0.19820025379044803,2.957359239641411,0.5797554293086207,0.16978335568415995,0.06220707033357655,0.23526172815764154,0.8544021860318902,0.07754654206049982,0.324996404126605,0.15154102862427493,0.12121219010154882,0.5718880554605803,0.4326953216542115,-0.10850601124329647,0.026202385336467997,0.2767262281529669,0.33903632914849413,0.6268406215846052,-0.1494730633366695,-0.7921350178954167,0.015367643240996223,-0.01600815632360761,0.2754333532897904,-0.3324756788264338,-0.07684389231643961,-0.014127484751391604,-0.022101945938971124,0.5387579001727147,-0.32708522075970375,-0.16694987846628603,0.07470593383380586
0.5805301013001224,0.7587834799020757,0.6903707356689723,0.4333448900520714,0.31224618502662077,0.4971096376088433,0.38992299504933536,0.4660854789303616,0.41994282814028716,0.2947189538687994,0.3893747796380625,0.4240050068172742,0.47684009325621285,0.5658934144276616,0.3489607865600909,0.44359605486110437,0.36713016378685187,0.4535413528239473,0.39030466640195116,0.40267526257025404,0.3856252241579098,0.4439890732449607,0.159774529088782,0.3706764243082968,0.46465111825138766,0.4986963108038439,0.4330047956206088,0.37418424979215,0.3692834943884001,0.01355479268853452,0.5797554293086207,0.9390792202220555,0.16362449301075174,0.19446267565642933,0.32746814117367457,0.6295668963749309,0.18233127749761835,0.26867597476104127,0.29343936496492695,0.25298667242995165,0.4299563729801323,0.404477475076168,0.09451038206700868,0.06156566095803889,0.23354842469423026,0.47918838391221175,0.3327361659611709,-0.0888548083507385,0.019749835527552505,0.083750814806776,0.0134451864642168,0.22747927272785082,-0.3126481055118345,-0.020644367748933506,0.14758467492015404,-0.13471429846812127,0.8548226310507427,-0.39711672856695884,-0.17790495834713563,0.10288400880576504
0.20961274979806038,0.4995317934876002,0.26328103224278504,0.24539599690543074,0.17854606881953652,-0.046159532665179775,0.14874376915224066,0.13255159305842143,0.2003242521321389,0.14002401573649326,0.09836841706223391,0.10620159458696744,0.14659345060212367,0.1768477622249154,0.1620811452767809,0.14508369074316485,0.20611258886812953,0.19206768382106867,0.33295048198745314,0.12119643252329387,0.23261819445943338,0.17998551254889925,0.06705990519790418,0.1334110380513312,0.1286278187810776,0.2531684204335977,0.23888233991251726,0.6466155636578304,0.21691911575774078,0.5654108363697017,0.16978335568415995,0.16362449301075174,1.6427966143580213,-0.06681332925911147,-0.30488886587440567,0.12200279990758855,0.8308351531920815,0.12497296514906327,0.0998775159733557,-0.0348733874817684,-0.11087313346744418,0.23377259271527387,0.3031362122063939,0.10869431166359143,0.12007940605154224,0.006211813172455565,0.4718497047961387,0.04951856504367971,0.0523370868623864,0.4557824975170616,-0.25330441393133896,0.35777672299668695,-0.3171945026167955,-0.2555094731445159,0.17830730645374143,-0.1715695687121885,-0.10401814637808042,0.027246365668181186,0.2921434013924226,-0.13048880127715878
