0.9724149660705502,0.15603494700419318,0.3499475188570659,0.14525019114302787,0.22552500925454042,0.2043889394153885,0.1392292441351213,0.19422897873444314,0.0859639957313945,0.13508088712222627,0.13450438513408006,0.15128039320928782,0.10600995901935309,0.15430834990812925,0.19848886631809307,0.15694814358235612,0.11097464541686304,0.1905232744212023,0.13849541627038306,0.08486020340040244,0.13053449396013347,0.13978863809741596,0.153110476234489,0.03734710375005623,0.22647238923223614,0.095158202999318,0.10293980154378012,-0.010056210151302812,0.2625587696607269,0.062403997644498846,0.07519981706650666,0.10785192052484345,0.06590670454228523,0.06171415172448744,0.12772070577627806,0.14095942800337696,0.1570806299200353,0.07524357203534736,0.18291282286470817,0.07543309334884368,0.06749740609456989,-0.08094518890924109,0.10357642697687232,0.0891325362672867,0.04834815209652028,0.22601690077598233,0.12470759631787934,0.0037199137879304137,0.07504130330883554,0.07079711876672763,-0.1648425240994401,0.08540321973619466,0.03503154878472003,-0.030164725993538814,0.22234665558753283,-0.02725022134405039,-0.022425222346558114,-0.1689737350130303,0.053064336597904875
0.15603494700419318,2.2672918731813705,0.27555593362509295,-0.4598192670673467,0.03828606133001671,0.23894279980405836,0.3251930541042411,0.10204735487573685,0.258864445167662,0.04659503914265727,0.11969885156133334,0.17496246131434062,0.09780686812964612,0.10624041254154566,0.2742583081425077,0.05308264154071896,0.1093250289969515,0.13529469261823485,0.03886134653960388,0.0037078983984793917,0.16720800204164155,0.13925828399161952,-0.02637593815853247,0.023266297244533312,0.08186882629053228,0.2403230054532448,0.09300876517378984,0.17406358338063968,0.19435591156666834,-0.01919856188709981,0.07237014540950797,0.15483592142918076,0.04036381334143377,0.1058217363927308,-0.031994125105813856,0.17256251397040048,-0.0033111542920827436,0.031060187034125348,-0.06351144479227819,0.01935570519419936,0.06543014182675824,0.11618737693122914,0.0398393402834662,-0.022777091123852802,0.00718974197009572,0.09921722778127218,0.056650571882716404,0.00808560030340668,0.2217396403657386,-0.36884117024923,0.45703058988039114,-0.11201934577469223,0.020682000467470596,-0.004029346375652872,-0.35014889995358683,0.08331468913910497,0.08350819451145235,0.3753318995320051,-0.2987266389951106
0.3499475188570659,0.27555593362509295,2.392116213649135,-0.006341320957681283,-0.027535740522048113,0.450313095209727,0.01645488954923846,0.3090458199383212,0.3553501697336775,0.22514129223228155,0.10265929281131206,0.28149716907290956,0.17700228062202866,0.24475963813377613,0.30442286515290545,0.21293594763783052,0.3152067299316673,0.269055370378552,0.22121796424552015,0.2692738552757934,0.269281856001795,0.3020279256339393,0.1170770327178897,0.18873850111570414,0.2238841856809863,0.4069191918986447,0.23302874959780384,0.2973066601979716,0.39597703578122234,-0.20004893878074348,0.25009504982102326,0.36578705729557404,0.15079457294680068,0.31275674544592685,-0.07224294934659321,0.5933729856443364,0.13731395357164194,0.1580727305673466,0.21949955027511267,-0.16316763257719136,0.18686170616488748,0.5204590765296836,0.07670897855222376,0.02216008428312973,0.36959252048084273,0.6126397045847065,0.13108460927870463,0.024526497430755034,-0.385241269822248,0.17788304590706153,-0.06248457392938877,0.12173137394700585,-0.038632767481660286,-0.2577363486791821,0.23318445234563748,0.03268662179583524,0.35383087611853953,-0.1760511426668405,-0.40665809491787147
0.14525019114302787,-0.4598192670673467,-0.006341320957681283,2.0837719612203944,0.4539495483201513,0.46126551602676463,-0.20865638914136386,0.4813649504393731,0.02639919939587683,0.4403599903370015,0.34867395901873477,0.28130330853935764,0.19573950702918078,0.36628403689931904,0.255667995268671,0.3613110378345158,0.2920997777430229,0.23937746344576788,0.2622734657475499,0.3980045376048731,0.26382955853960205,0.19328516841386909,0.1865930295207269,0.26668934366341357,0.2978840356291421,0.4070608351221116,0.26047758402617166,0.14356866594796572,0.3252853392415989,0.14404945171816458,0.22973938009122308,0.36599112132293166,0.14361352236811256,0.3562412594358038,0.2539825147121787,0.2756150937321351,0.27740006595792027,0.2239360288495276,0.49242191218424985,0.2182482673976863,0.1883327825815835,-0.041783318016904894,0.21577597434465204,0.30435672503961636,0.036368308156250466,0.3004951279518006,0.2587694162448661,0.032842953409209626,0.2682535281230069,0.31848417893358294,-0.42977703289097674,0.2850447520818065,-0.01961964779241589,-0.19118067443806785,-0.20589608898385645,-0.11168928381451,0.22765630735799153,0.17551275461394691,-0.26508731001829294
0.22552500925454042,0.03828606133001671,-0.027535740522048113,0.4539495483201513,1.1277814796909968,0.36844200236265573,0.3180924669364729,0.2897791567806601,0.03994075983035473,0.24409344211140485,0.27241482951755924,0.2874903165710186,0.20301607643134242,0.2721941531894786,0.24079967413867606,0.3504417220661234,0.22509987948310928,0.1638101544890925,0.47178349111067747,0.1495768482275786,0.21854277227780208,0.21326168917799232,0.13162804723272067,0.19445568641386354,0.2489166892479551,0.3293669653070874,0.19190618521946198,0.12671984753142929,0.26651275236563116,0.11779309538757536,0.1579052061043396,0.2201132455462757,0.1638848639627434,0.17825531486327748,0.16646657565949388,0.24351708993483695,0.20846932563910156,0.09338152037002402,0.32075218685883106,0.1562174945317869,0.19252909543388452,0.14059900158824004,0.09621640749960683,0.14232269219341903,-0.05232016835309197,0.1985755936687786,0.1563778706659845,0.04233354089997658,0.18785699300258688,0.174554115860574,-0.13504902127552118,-0.16095002545682935,0.04737137944518947,0.051028443998496584,-0.06936874736897759,-0.06206416785291857,-0.16512995250393667,-0.04120717740872071,0.2350704550817633
0.2043889394153885,0.23894279980405836,0.450313095209727,0.46126551602676463,0.36844200236265573,0.9907061177729843,-0.012929598286275133,0.49702575908550717,0.3488149699211613,0.314569058675902,0.3695544571637997,0.36971704691278306,0.23665048933076316,0.4210851962573903,0.36254762214985414,0.4046657531278318,0.42100586223302316,0.18418817108283705,0.4375597845730868,0.337795648943089,0.3285095811810529,0.361735233470996,0.12202228597032495,0.2702803777207423,0.3339225252300548,0.6083080814502279,0.3032269584919632,0.2709340449636838,0.521849789709897,0.07023769121034543,0.2212736816081899,0.45763927346391015,0.10002847377082602,0.34939616231833426,0.22206324504171054,0.3848462398059188,0.20894503501853945,0.19729209221540617,0.4682041707281067,0.17027128584985254,0.15734115544923827,0.06009933463694741,0.21447532462460903,0.2164253923218548,0.03565312999690614,0.3597986554968611,0.20677751893963559,0.03214831106137418,0.4376045049584255,0.40180675058238013,-0.6236284565844467,0.23326203663526693,-0.07800216141460294,-0.03628289643803192,-0.04663366848306865,-0.041122003991812074,0.24775074953116857,0.04644089789449777,-0.22220453752265085
0.1392292441351213,0.3251930541042411,0.01645488954923846,-0.20865638914136386,0.3180924669364729,-0.012929598286275133,1.5659440550782548,0.1017258871322646,0.31562700007548594,0.032914984877659474,0.2885851287972743,0.2919182632151946,0.2011083513694107,0.26322735184637247,-0.026501474165918845,0.2889013955278038,0.26488850359485266,0.2816497573471455,0.12062040752727862,0.017420131668498193,0.13900649001084073,0.2919223229774775,0.33592217665601504,0.14438856805657913,0.20194342196008558,-0.03431475671249426,0.15615846200037947,-0.10952630828447339,0.20328360936309053,0.1493925324222324,0.07623042049608046,0.16367813177937235,0.15923074985540886,0.2338495418311828,0.10095528007258653,0.16807150571640178,0.23449407432585842,0.04165048022267614,0.18843421620742232,0.10523678405561185,0.05149268257568064,-0.045489481623874894,0.1670529527849376,0.12424454989719212,-0.10769129091596773,0.12704318082682917,0.21214115266979275,0.009509153966715709,0.5918545199408094,-0.03773091317851675,0.09086247156686622,-0.05598162798630978,0.08361600875164207,-0.07724823252341445,-0.07126231854802025,0.07516994204027767,-0.06414643359671834,0.1547005564896042,-0.17670774870333364
0.19422897873444314,0.10204735487573685,0.3090458199383212,0.4813649504393731,0.2897791567806601,0.49702575908550717,0.1017258871322646,0.8695465558053967,0.141271372788655,0.3782595596248248,0.39629179553037464,0.24533386142718114,0.25882884735726236,0.4368138697034038,0.2719793070510212,0.3647314698969821,0.4138454972635057,0.28747664020108044,0.2935553896721649,0.34637760302557175,0.25240992889664987,0.2680532629697738,0.23626922077295923,0.24378863783338386,0.33291331868160307,0.39827904173997813,0.2647474071570863,0.03860421563773865,0.4407177357268522,0.1557076440163055,0.1850248298485556,0.3270222695235445,0.17220578929385497,0.34939644263401975,0.20169232456385464,0.276916723366725,0.3372486355400776,0.2032911922806617,0.44878131115515785,0.17178654684144823,0.1456264457058043,-0.013454403886908281,0.27234912791158994,0.19483788022624515,-0.008293346778828087,0.32466303694274107,0.2758051420003666,0.02759065693980869,0.4667450760993975,0.36865138501786,-0.30498440870718224,0.18007459314547603,-0.009023218149933086,-0.22964694351208054,0.043602022062724115,-0.12161652101962094,0.1320237951321117,0.09115149778092385,-0.04688126013174175
0.0859639957313945,0.258864445167662,0.3553501697336775,0.02639919939587683,0.03994075983035473,0.3488149699211613,0.31562700007548594,0.141271372788655,0.9568846938805748,0.10602065096121888,0.18368125565290133,0.26581354344121083,0.16813843179564245,0.32986737607335415,0.08931054721314181,0.19954925325046904,0.27069484739167887,0.21612631332695617,0.12741271468377094,0.17828515484316781,0.2035836262185319,0.4625266129490248,0.15955669346460918,0.2236534427903813,0.11644551083183333,0.3447758854457133,0.20271741087602704,0.1492543615142978,0.18141933133320662,0.06521741609313186,0.2870401491852478,0.38400770951182905,0.16802946489139364,0.306437686325372,0.06069589042602546,0.27716110561966656,0.1512762564755949,0.13775416902085622,0.2216434957573473,0.04434873646017234,0.10743388160391448,0.014589578650283895,0.1420954747011247,0.1395945634600443,-0.04696850317711256,0.24926797153874147,0.20304050347645602,0.0009597769461695574,0.7344946025494036,0.0016116013861204176,-0.11618213314123568,0.136743479662368,0.0005148817437185896,-0.0792506251603823,0.023389651061671922,0.1580283255847838,0.41360216091873814,0.04666004270520553,-0.5925267745097216
0.13508088712222627,0.04659503914265727,0.22514129223228155,0.4403599903370015,0.24409344211140485,0.314569058675902,0.032914984877659474,0.3782595596248248,0.10602065096121888,0.7708361241276809,0.32465879657400193,0.243196451091532,0.23096341893692765,0.3125855454066439,0.23457386156055518,0.24731564712879225,0.3203432228954135,0.24420987980498635,0.2197913554917959,0.4064936058851462,0.262888613968268,0.19741796973446413,0.1504370699238326,0.2497356661648109,0.2615335359570108,0.33078915846634865,0.24363208693134528,0.12919885083184507,0.34710529573623455,0.21297186494130166,0.2686646339604835,0.290704291890612,0.1715343707080061,0.343803174823877,0.2900208411205605,0.3008209843429214,0.35849443646925133,0.21407414901102034,0.42268642521805416,0.210136403511805,0.27951364575585175,0.04931837624570445,0.19568739552739986,0.1606175384034555,0.012146150861946236,0.3784670535031488,0.322411877186838,0.040703591044351395,0.31134375658311025,0.15337055785667597,-0.24141733514205307,0.13169333519733392,0.06105415136553729,-0.10002625722730485,0.16071748997841329,-0.026924588269462642,0.13120945284192662,-0.31344056869908005,0.12847356688959838
0.13450438513408006,0.11969885156133334,0.10265929281131206,0.34867395901873477,0.27241482951755924,0.3695544571637997,0.2885851287972743,0.39629179553037464,0.18368125565290133,0.32465879657400193,0.799689471633996,0.3587774598004697,0.22132593072649898,0.2914955396080186,0.24132711439755347,0.3405551099839796,0.3922827044105256,0.24781877878922062,0.21217684093742542,0.2785259167668199,0.24338024402928185,0.2546500029311569,0.2233796154248526,0.253251827240526,0.28435316486657936,0.2901274812500141,0.2741459869313595,0.09327038918972143,0.3846627760486289,0.18391641286633184,0.2062244054877938,0.3064792949709495,0.171514899502413,0.23778619916458404,0.21973930915587517,0.3178732120462648,0.21064407915471145,0.1675996501570093,0.3350817421478814,0.1972281262041598,0.15805638333959096,0.014143493639665014,0.22077308642941604,0.12532875234705904,0.004896499746125784,0.34714497366749814,0.2387970520620026,0.02869423557040838,0.22261285309623716,0.10385271840607362,-0.2241600952577672,0.09548574218569125,0.0982885325590823,-0.05812542542393506,-0.05041746298619742,-0.03529524290854897,0.0636300493176652,0.14619948463031,-0.20800145759805955
0.15128039320928782,0.17496246131434062,0.28149716907290956,0.28130330853935764,0.2874903165710186,0.36971704691278306,0.2919182632151946,0.24533386142718114,0.26581354344121083,0.243196451091532,0.3587774598004697,0.6085519860909342,0.17814318978860802,0.35049470191320303,0.24914834524717497,0.3471281498164253,0.34786486979634385,0.19088269058163337,0.23952649983782764,0.15865802928214018,0.21086687202757173,0.291536343632223,0.21287956042876102,0.23205277010160003,0.29770200584750767,0.19628641449069723,0.27295767800166204,0.07799672648896082,0.304690212714315,0.14904008643890776,0.1466054104143727,0.3524521342810404,0.12882973750125315,0.2377889825559651,0.14827676794754444,0.35579114942758794,0.10753783599977276,0.11200988342518052,0.273875903241053,0.15204014990162965,0.15619841507729107,0.07356595753035532,0.13528453534226473,0.11075639420944983,0.00018806571079753082,0.32684455337810703,0.2144285948042551,0.027473873594387077,0.3814648427943814,-0.040659448991109744,-0.03412604215065708,-0.0283278496744325,0.039795818922484745,0.03415012572486913,-0.05580651064243494,0.08717664463037386,0.17557876180839527,0.08422351418696311,-0.4512768266254109
0.10600995901935309,0.09780686812964612,0.17700228062202866,0.19573950702918078,0.20301607643134242,0.23665048933076316,0.2011083513694107,0.25882884735726236,0.16813843179564245,0.23096341893692765,0.22132593072649898,0.17814318978860802,0.3778126770971118,0.18465251334570146,0.06813480719870035,0.2142140660305874,0.22513091908893154,0.1841084154248329,0.15666061740826884,0.1778799520874169,0.14349033831865182,0.20916671188331085,0.18809234634861813,0.1692704104657424,0.18093093617199746,0.13048767436425887,0.19081746707257555,0.03459654845934282,0.2950609076969434,0.13619969602434565,0.09855557359063907,0.20137666407536833,0.1246720073607415,0.2280668450786366,0.19438029226075462,0.210587500786291,0.22611288242216718,0.09974071181380592,0.2519128184567107,0.12027075959299409,0.1169046002973684,0.028458678750360535,0.12445301482917763,0.16345501968070988,-0.07530803190477477,0.23253405636359376,0.1754978634210182,0.022200216875083983,0.24509031131279985,0.2106490908788596,-0.07120048330029567,-0.05598926251445295,-0.04214933236751076,-0.04345559866203139,-0.027009271552661574,-0.04251842633496134,-0.010675782113834855,-0.18618607264949688,0.2207947344024578
0.15430834990812925,0.10624041254154566,0.24475963813377613,0.36628403689931904,0.2721941531894786,0.4210851962573903,0.26322735184637247,0.4368138697034038,0.32986737607335415,0.3125855454066439,0.2914955396080186,0.35049470191320303,0.18465251334570146,0.9813541552175687,0.26711702472838744,0.47508401321408544,0.47131353442413254,0.20104984228170414,0.25087190321722247,0.24466137585770906,0.27021928021701125,0.3952364780236764,0.2355292442647082,0.30018162565017403,0.29411197611678375,0.3865175896134317,0.24220936321100942,0.17453813670816964,0.3786681793137422,0.21665828525990383,0.2412094166737071,0.39875231282187007,0.15473543108789223,0.27051891494758523,0.22151125507257002,0.3274201939835035,0.2172910446804088,0.1646353785577538,0.3546451544336044,0.1758151164185856,0.2258844367270599,0.02530297704115049,0.17486317789503916,0.1917836445942177,-0.07835944652994598,0.2619618137893333,0.26127323835537053,0.022224602889642946,0.8630431828550091,0.07247024431053814,-0.21233741066893355,0.08009732915393777,0.05792343541789607,0.004812467598838987,0.0027711177651870288,0.017899374733712333,0.23715001124277285,0.010795562675599129,-0.14394637716872552
0.19848886631809307,0.2742583081425077,0.30442286515290545,0.255667995268671,0.24079967413867606,0.36254762214985414,-0.026501474165918845,0.2719793070510212,0.08931054721314181,0.23457386156055518,0.24132711439755347,0.24914834524717497,0.06813480719870035,0.26711702472838744,0.9251030535180577,0.12240285096969393,0.2972924851226143,0.14038641753098702,0.2047176307672568,0.17800857559014682,0.2244057177250636,0.13660877232433213,0.15771846925836236,0.24235712341452978,0.25885110878325335,0.4075658101039416,0.16598882328848324,0.2739527378057994,0.2845316956481082,0.1872096726620179,0.18576104423209985,0.23226111182391748,0.16832220370723913,0.17220945184429456,0.1061822099949319,0.284126609771772,0.15674290571480715,0.11973788040102068,0.19416816965060138,0.07360697119353966,0.23030770880548015,0.1349706873575018,0.1355119928783048,0.09561864147633427,0.019518836555558656,0.2920231963969257,0.17072560320318092,0.03398800391741072,0.08647987163026792,0.07994432877304318,-0.2499391209928651,0.16123434736068454,-0.020229282054621964,0.017889357811132985,0.09417061674098932,0.034817137535752676,0.11098323576422199,-0.14044931699905464,0.09296829634994798
0.15694814358235612,0.05308264154071896,0.21293594763783052,0.3613110378345158,0.3504417220661234,0.4046657531278318,0.2889013955278038,0.3647314698969821,0.19954925325046904,0.24731564712879225,0.3405551099839796,0.3471281498164253,0.2142140660305874,0.47508401321408544,0.12240285096969393,0.9812313993366573,0.35357452737465905,0.18896607753362768,0.2689527593940724,0.27744385918322684,0.2483383117586339,0.5015500818715375,0.18213495148617875,0.28629222668167664,0.2729465316001558,0.21187329096203905,0.3509543514775758,0.20984482071342997,0.4548143859333022,0.25933478368594776,0.1861029368659169,0.39716489130387855,0.1457991290337515,0.32842472870476996,0.3007202403251537,0.3642020883176075,0.24243801660617953,0.18593957831471747,0.38974139794777746,0.19012301921313,0.24037758255395214,0.04900808780436154,0.2376553444710768,0.1884094204563538,-0.08726982562002909,0.2704538263688926,0.24810637884857742,0.0034071690738206885,0.6564819051874492,-0.014935378015096437,-0.2676209293142983,0.11482677867697318,0.10030609877703675,-0.03164463244155467,0.036991453302908456,-0.01950687892117902,-0.04442440238207051,-0.03719967041755879,0.06986337368574193
0.11097464541686304,0.1093250289969515,0.3152067299316673,0.2920997777430229,0.22509987948310928,0.42100586223302316,0.26488850359485266,0.4138454972635057,0.27069484739167887,0.3203432228954135,0.3922827044105256,0.34786486979634385,0.22513091908893154,0.47131353442413254,0.2972924851226143,0.35357452737465905,0.8352017906491409,0.26124157064926656,0.2246936993040314,0.19767497312332208,0.2883524490107604,0.3660320018676737,0.30326080195740474,0.261435573100806,0.3362603965679363,0.2695540699613086,0.25854217867381846,0.1579609327065006,0.43958099451097216,0.21053792295794024,0.18002402090474715,0.327994056476512,0.19754856842672203,0.3024932853095846,0.2152686385527856,0.3671099865403174,0.3084967301510712,0.13875916117373555,0.32965591092198815,0.1703966072702367,0.2010266836833061,-0.017371249845534925,0.21498863201572993,0.18369279225548607,-0.041787578997806926,0.3478895767662431,0.28464806117538927,0.01978368440217496,0.5341699921869266,0.1855530936984121,-0.26639823159871906,0.07809231879279839,0.04363240987214555,-0.008610372045840448,-0.018609098813642942,-0.05297692764521072,0.09392397489621165,0.05991500464677428,-0.03019336351983189
0.1905232744212023,0.13529469261823485,0.269055370378552,0.23937746344576788,0.1638101544890925,0.18418817108283705,0.2816497573471455,0.28747664020108044,0.21612631332695617,0.24420987980498635,0.24781877878922062,0.19088269058163337,0.1841084154248329,0.20104984228170414,0.14038641753098702,0.18896607753362768,0.26124157064926656,0.8646479361891662,0.13726079263397284,0.08675720550199185,0.18079076150033133,0.24204134691761398,0.39177291315199514,0.12168511032471632,0.20777978755418172,0.13873565645352573,0.15963222182869677,-0.018074009226096525,0.24736027458495602,-0.03091037694661643,0.3486977494382067,0.2102972545840511,0.12969728196079128,0.2974764615051239,0.09709660770900148,0.23604270727332383,0.2782331060342833,0.07911466228268742,0.24943992435875809,0.1135119537086725,0.07870738071586324,-0.004907220639858898,0.18452797533187001,0.11442107564087528,0.010091600215932051,0.28994991361342515,0.35127292405917515,0.018047134423166352,0.3590655226122888,0.024031469553138143,0.053809799024984124,0.1453391063563323,-0.02163962951456155,-0.16923269334450497,-0.005938575692321358,0.006885422839380684,0.13500234432875302,0.13348823050810169,-0.2688968553931839
0.13849541627038306,0.03886134653960388,0.22121796424552015,0.2622734657475499,0.47178349111067747,0.4375597845730868,0.12062040752727862,0.2935553896721649,0.12741271468377094,0.2197913554917959,0.21217684093742542,0.23952649983782764,0.15666061740826884,0.25087190321722247,0.2047176307672568,0.2689527593940724,0.2246936993040314,0.13726079263397284,0.8440269176000536,0.14392670525261989,0.22090605473046546,0.21661873279099578,-0.009142888008497742,0.18481043544875192,0.2500079076312786,0.25823724193598874,0.1764424756785466,0.29198207743447674,0.2029542049314465,0.058524162107539066,0.20362583408166446,0.26696576789158827,0.1885334933821855,0.1626571889533313,0.06373350055422226,0.25321130433598654,0.15685001874250257,0.10192252279244271,0.39622006637879903,0.10832112432773225,0.1473429642136307,0.12994416613155693,0.02785434485335578,0.11119622300898135,0.024135909842309202,0.2198298455781131,0.12616257636221181,0.041493066293089347,0.1255315065924556,0.16746802335831665,0.06189724971888939,0.13864784221492887,-0.23149454827107124,-0.10395625072104439,0.007797082033940175,-0.025696288926104267,0.12300504992302404,-0.15548135885898315,0.03286402844950538
0.08486020340040244,0.0037078983984793917,0.2692738552757934,0.3980045376048731,0.1495768482275786,0.337795648943089,0.017420131668498193,0.34637760302557175,0.17828515484316781,0.4064936058851462,0.2785259167668199,0.15865802928214018,0.1778799520874169,0.24466137585770906,0.17800857559014682,0.27744385918322684,0.19767497312332208,0.08675720550199185,0.14392670525261989,1.6665511702076723,0.36152098543636296,0.06234507336925758,-0.2687286422674494,0.31995460136871645,0.13588587761411472,0.670658317620572,0.4284130711846163,0.4273531001594607,0.3366136628816897,0.3095937606571633,0.6311966825680612,0.4319193124309255,0.298689136534355,0.3908203366922717,0.26172616267193605,0.2855429230699173,0.659360887735884,0.7704299833037161,0.8525043714014507,0.3895474630906874,0.5329345910184786,0.3743215592916538,0.46614023376205815,0.14498577235294194,0.32176422340900923,0.5656772056258353,0.38117633641312904,0.11044485109553027,0.2366724843230132,0.2405033613015057,-0.48727175383513893,0.2816634413529863,0.11517543272347087,-0.2081564533377812,0.08348484305149062,-0.056708355705742376,0.3756579861682032,-0.05086447412397239,-0.2448555785799666
0.13053449396013347,0.16720800204164155,0.269281856001795,0.26382955853960205,0.21854277227780208,0.3285095811810529,0.13900649001084073,0.25240992889664987,0.2035836262185319,0.262888613968268,0.24338024402928185,0.21086687202757173,0.14349033831865182,0.27021928021701125,0.2244057177250636,0.2483383117586339,0.2883524490107604,0.18079076150033133,0.22090605473046546,0.36152098543636296,0.7285757407433707,0.2351012518083856,0.05451400007431399,0.24967470550721227,0.13622388097893004,0.5719431793322389,0.2139316100112076,0.31379264798412965,0.3184254948277329,0.12844402227024065,0.3389599476377853,0.33881603415897193,0.2588017288860374,0.17594724932299283,0.1562370852281118,0.40938404311051535,0.07158905110198055,0.20600504010583678,0.3695519786106097,0.20797259167425478,0.3287348861478182,0.19698275545427563,0.09937609435547189,0.0901294047809621,-0.04226917220166957,0.3248706660736213,0.17922143808115787,0.028586044406148873,0.19301345945524317,0.2116681293520563,-0.24196585966886322,0.10837276266232285,-0.030132458454435098,-0.06436887557562748,0.056716366905096474,-0.02114560155907064,-0.03918697079156205,-0.16789432799017337,0.21650533651176435
0.13978863809741596,0.13925828399161952,0.3020279256339393,0.19328516841386909,0.21326168917799232,0.361735233470996,0.2919223229774775,0.2680532629697738,0.4625266129490248,0.19741796973446413,0.2546500029311569,0.291536343632223,0.20916671188331085,0.3952364780236764,0.13660877232433213,0.5015500818715375,0.3660320018676737,0.24204134691761398,0.21661873279099578,0.06234507336925758,0.2351012518083856,0.9211783095110753,0.2400316222167372,0.28385962082858507,0.14296684909891905,0.26447528246666,0.2560597239529666,0.134778883323944,0.32096432945629777,0.1376693769979978,0.26776233027813673,0.47803860616916666,0.17460570983057855,0.3287800159536435,0.11619853255635584,0.3812185051191256,0.0941467105701064,0.10973754407495194,0.3521757550759686,0.09640984155778853,0.15548188816331995,0.05163735910622954,0.084582829913032,0.19739429297573594,-0.18551414986907158,0.23683407750305163,0.22768270773874047,-0.04662737258762671,1.0538364455400488,0.05962547762226972,-0.12697602208070471,-0.025910075604234136,0.0452514181455962,-0.043959373018845685,0.010442393167285012,0.06093558003274381,0.2585746409130705,-0.12298068533150526,-0.1611677283037196
0.153110476234489,-0.02637593815853247,0.1170770327178897,0.1865930295207269,0.13162804723272067,0.12202228597032495,0.33592217665601504,0.23626922077295923,0.15955669346460918,0.1504370699238326,0.2233796154248526,0.21287956042876102,0.18809234634861813,0.2355292442647082,0.15771846925836236,0.18213495148617875,0.30326080195740474,0.39177291315199514,-0.009142888008497742,-0.2687286422674494,0.05451400007431399,0.2400316222167372,1.33688800222568,0.3197919006542025,0.4418190476625686,-0.24646070944210333,0.059003960683488836,-0.533764417067373,0.4973586505026179,0.35075901335542525,-0.36458173414374545,0.04128754016959207,0.19180415834535156,0.2964887550004516,0.20537210656828758,0.21669085961027496,0.486737272085904,-0.09977152082517618,0.40596332405054486,0.19594565125774518,-0.014966036870907928,-0.22323079450374608,0.18714236797297562,0.3699218304141669,-0.17967263173955617,0.30027226192846074,0.3265743017956413,0.028173091812843543,0.4317469337840622,0.3629339713240471,-0.20151287911507296,-0.03193973608904058,-0.022744569665567458,-0.09508279902008704,-0.05222410568005532,-0.02020499683524311,-0.2024532945477475,-0.23961683925616178,0.42744642983112763
0.03734710375005623,0.023266297244533312,0.18873850111570414,0.26668934366341357,0.19445568641386354,0.2702803777207423,0.14438856805657913,0.24378863783338386,0.2236534427903813,0.2497356661648109,0.253251827240526,0.23205277010160003,0.1692704104657424,0.30018162565017403,0.24235712341452978,0.28629222668167664,0.261435573100806,0.12168511032471632,0.18481043544875192,0.31995460136871645,0.24967470550721227,0.28385962082858507,0.3197919006542025,0.7121451523450146,0.25587525458767785,0.23458757882482875,0.23485364296256284,0.18067565749119366,0.21426202685344065,0.3943095669756704,0.3554374698904752,0.41856849595979234,0.3526659428547331,0.19992882889131103,0.1377233049527573,0.42255061220480644,0.22357622621637274,0.1982926922768346,0.3240334006728258,0.1337318842144002,0.27246580444545965,0.11363547816254539,0.0386553144031171,0.20151471989299402,-0.11305779080530882,0.40061876403620733,0.2678202997258023,0.03973156162784789,0.3780423172446574,0.10888331954230537,-0.1541518249580904,0.0464497613001875,0.03201333145521108,-0.05548208647417929,0.03197081495920642,0.011884575532293063,0.430537387106372,-0.5383227013399702,0.10929685340697455
0.22647238923223614,0.08186882629053228,0.2238841856809863,0.2978840356291421,0.2489166892479551,0.3339225252300548,0.20194342196008558,0.33291331868160307,0.11644551083183333,0.2615335359570108,0.28435316486657936,0.29770200584750767,0.18093093617199746,0.29411197611678375,0.25885110878325335,0.2729465316001558,0.3362603965679363,0.20777978755418172,0.2500079076312786,0.13588587761411472,0.13622388097893004,0.14296684909891905,0.4418190476625686,0.25587525458767785,1.1477073622971858,0.10047982746088222,0.19550191775792863,0.006749044980909168,0.5451506490463306,0.3124172718945966,-0.03591889558287778,0.2528458940971541,0.1036655375491879,0.3780884862125031,0.3038830405045901,0.325292279665719,0.3261323135262251,0.12077479169989658,0.349831132969693,0.16899152013981408,0.1681694384956504,-0.048765769351375665,0.19351297597657727,0.2020962467494436,-0.02130323816435175,0.41359422065822493,0.28139509618795566,0.026305140491169506,0.2268768425865699,-0.13349946293249984,-0.213930868726634,0.19792810439802683,0.12371052650819188,-0.050581564345226676,0.021277008566422093,-0.004121936805036937,0.16909557279781645,-0.19055530153028935,0.0028148565540466993
0.095158202999318,0.2403230054532448,0.4069191918986447,0.4070608351221116,0.3293669653070874,0.6083080814502279,-0.03431475671249426,0.39827904173997813,0.3447758854457133,0.33078915846634865,0.2901274812500141,0.19628641449069723,0.13048767436425887,0.3865175896134317,0.4075658101039416,0.21187329096203905,0.2695540699613086,0.13873565645352573,0.25823724193598874,0.670658317620572,0.5719431793322389,0.26447528246666,-0.24646070944210333,0.23458757882482875,0.10047982746088222,3.1425881620498197,0.3085520681651258,0.7423354467440647,0.31518755211221516,-0.7133182721495394,0.39636376152211583,0.8685477331141211,0.15301279994804703,0.17403446458402583,0.07041883748106798,0.5589573834789262,-0.8948086107547407,0.3234562073936717,0.598250314839328,0.2297888439426484,0.3420855131624168,0.42470046640926784,-0.02682100674418003,0.05672341253571263,-0.31381789760996504,0.2088592966209851,-0.2112803975151686,0.030950447478204662,0.32258875412113197,0.616827747654396,-0.8550461636786636,0.35198312233818385,-0.08669684473998603,-0.13244397866659177,0.014820171463763687,0.04741429406813592,0.5294115703106987,-0.08579439780315332,-0.298753407548091
0.10293980154378012,0.09300876517378984,0.23302874959780384,0.26047758402617166,0.19190618521946198,0.3032269584919632,0.15615846200037947,0.2647474071570863,0.20271741087602704,0.24363208693134528,0.2741459869313595,0.27295767800166204,0.19081746707257555,0.24220936321100942,0.16598882328848324,0.3509543514775758,0.25854217867381846,0.15963222182869677,0.1764424756785466,0.4284130711846163,0.2139316100112076,0.2560597239529666,0.059003960683488836,0.23485364296256284,0.19550191775792863,0.3085520681651258,0.4733821446583743,0.21893418303466639,0.27441946367314096,0.15001208600179228,0.2717425653172166,0.3801821308579647,0.1678761361295535,0.25840411234508337,0.18139668172913148,0.3746353401167327,0.19672639820188828,0.23383097746258102,0.3344852172178411,0.1703180821719236,0.216423402088928,0.11823167108579286,0.23704133547828402,0.11167770087681982,0.0284656637802859,0.344095708489079,0.19747646536335342,0.03429019052831672,0.30466897014103317,0.06466072166774044,-0.18036127808712374,0.08967259746861929,0.05513278217761154,-0.06007519160091169,-0.0012138360066434085,-0.0022496719534293476,0.27826108613856004,-0.017002975180767887,-0.25205653233934083
-0.010056210151302812,0.17406358338063968,0.2973066601979716,0.14356866594796572,0.12671984753142929,0.2709340449636838,-0.10952630828447339,0.03860421563773865,0.1492543615142978,0.12919885083184507,0.09327038918972143,0.07799672648896082,0.03459654845934282,0.17453813670816964,0.2739527378057994,0.20984482071342997,0.1579609327065006,-0.018074009226096525,0.29198207743447674,0.4273531001594607,0.31379264798412965,0.134778883323944,-0.533764417067373,0.18067565749119366,0.006749044980909168,0.7423354467440647,0.21893418303466639,2.2806057242410906,-0.17240173969323339,-0.0075337086857956165,0.5857396917181855,0.4170017862252913,0.3075578075612467,-0.022503327449859778,-0.023840904287368535,0.5655832185809853,-0.23683617023354073,0.25463782847369654,0.12841571907845034,-0.03519496802940965,0.4553323908560399,0.42900928264702,-0.08016493469960238,0.20030144432950278,0.1997213410364279,0.13898986146924483,-0.07483827594496471,0.04801973896943693,-0.21162347549548316,-0.30439656013033756,-0.13697142611311103,0.5340868033552247,-0.21601460397118122,0.048701466868919636,-0.04031742343524894,0.06809627373379447,0.510931852090117,-0.25962844419744463,-0.17150405149348535
0.2625587696607269,0.19435591156666834,0.39597703578122234,0.3252853392415989,0.26651275236563116,0.521849789709897,0.20328360936309053,0.4407177357268522,0.18141933133320662,0.34710529573623455,0.3846627760486289,0.304690212714315,0.2950609076969434,0.3786681793137422,0.2845316956481082,0.4548143859333022,0.43958099451097216,0.24736027458495602,0.2029542049314465,0.3366136628816897,0.3184254948277329,0.32096432945629777,0.4973586505026179,0.21426202685344065,0.5451506490463306,0.31518755211221516,0.27441946367314096,-0.17240173969323339,1.980150920927605,0.2546641088780408,-0.2384993061996164,0.2532167649858606,0.07194443060624384,0.4111763312086361,0.33315544270893227,0.5585072981951326,0.3831001852256135,0.09976100192163229,0.4367223542297245,0.30562029734078106,0.054354944724843306,-0.21537523434097008,0.4089140166986221,-0.012418751084088086,0.01035421392104197,0.6829624811263174,0.30435052475444996,0.011057403058465561,0.3718652019480538,0.5815394154065986,-0.7886396794371349,0.24835560826441466,-0.08556709283871715,-0.048655948299845146,0.07481248860121492,-0.10872686812939554,-0.3020359307596083,-0.04203922678716881,0.39266799277000924
0.062403997644498846,-0.01919856188709981,-0.20004893878074348,0.14404945171816458,0.11779309538757536,0.07023769121034543,0.1493925324222324,0.1557076440163055,0.06521741609313186,0.21297186494130166,0.18391641286633184,0.14904008643890776,0.13619969602434565,0.21665828525990383,0.1872096726620179,0.25933478368594776,0.21053792295794024,-0.03091037694661643,0.058524162107539066,0.3095937606571633,0.12844402227024065,0.1376693769979978,0.35075901335542525,0.3943095669756704,0.3124172718945966,-0.7133182721495394,0.15001208600179228,-0.0075337086857956165,0.2546641088780408,2.5395113438762578,0.0553841867743298,-0.02603571692698302,0.29191303655195,0.047954868502220145,0.6511476783506186,0.24127478307421643,0.899079886715862,0.27080781446766816,0.20607491628023197,0.1491204095629285,0.7260458616945308,0.36915976568463876,0.5100350094731458,0.2981923642608834,0.41807428805509195,0.46459802927593313,0.8908083628159628,0.0575450957567601,0.3817952468889118,-0.2096141645552507,0.019149419749233735,-0.32112296906165533,0.22141582849881683,0.17840937537376783,0.16147762222034945,-0.0745648376276162,-0.17719898804288556,0.09125126098135648,0.028401588993272765
0.07519981706650666,0.07237014540950797,0.25009504982102326,0.22973938009122308,0.1579052061043396,0.2212736816081899,0.07623042049608046,0.1850248298485556,0.2870401491852478,0.2686646339604835,0.2062244054877938,0.1466054104143727,0.09855557359063907,0.2412094166737071,0.18576104423209985,0.1861029368659169,0.18002402090474715,0.3486977494382067,0.20362583408166446,0.6311966825680612,0.3389599476377853,0.26776233027813673,-0.36458173414374545,0.3554374698904752,-0.03591889558287778,0.39636376152211583,0.2717425653172166,0.5857396917181855,-0.2384993061996164,0.0553841867743298,1.5426090987117782,0.5193547342578658,0.27455661050698493,0.11317129542996762,0.04289396260393844,0.47505417293640384,-0.0032879692435486057,0.36638003717296347,0.21289878222842157,0.08236091199667735,0.33661799488105887,0.30743164188157374,0.004695870595248553,0.02005494072695907,0.16070831390977894,0.40346489446787276,0.24408044422523312,0.04542320503759104,0.22286348805078177,-0.14277456066206956,0.040550189988885176,0.2484390485116168,-0.00391961572435651,-0.10901065629850196,0.13918307168915933,0.09959980071302896,0.9047719989145393,-0.18717017681450618,-0.7555574445264335
0.10785192052484345,0.15483592142918076,0.36578705729557404,0.36599112132293166,0.2201132455462757,0.45763927346391015,0.16367813177937235,0.3270222695235445,0.38400770951182905,0.290704291890612,0.3064792949709495,0.3524521342810404,0.20137666407536833,0.39875231282187007,0.23226111182391748,0.39716489130387855,0.327994056476512,0.2102972545840511,0.26696576789158827,0.4319193124309255,0.33881603415897193,0.47803860616916666,0.04128754016959207,0.41856849595979234,0.2528458940971541,0.8685477331141211,0.3801821308579647,0.4170017862252913,0.2532167649858606,-0.02603571692698302,0.5193547342578658,1.071830067144508,0.12443515726265775,0.26846696933738906,0.046264205568813305,0.6694296320729375,-0.24877308730681444,0.2563385759566596,0.5024689766031468,0.1919309096872763,0.2370252467870247,0.17218836436795013,-0.11121554732879277,0.13774653883175345,-0.08558414313673712,0.509445709149074,0.1787736823739551,0.02076591628666712,0.7403923365963702,0.12052823054693103,-0.15703129871691204,0.09734522918805058,0.03154501137271704,-0.10822324233747671,-0.13004620755729251,0.05140840801259159,1.4548579391691339,-0.33705025134784894,-0.9878733270705725
0.06590670454228523,0.04036381334143377,0.15079457294680068,0.14361352236811256,0.1638848639627434,0.10002847377082602,0.15923074985540886,0.17220578929385497,0.16802946489139364,0.1715343707080061,0.171514899502413,0.12882973750125315,0.1246720073607415,0.15473543108789223,0.16832220370723913,0.1457991290337515,0.19754856842672203,0.12969728196079128,0.1885334933821855,0.298689136534355,0.2588017288860374,0.17460570983057855,0.19180415834535156,0.3526659428547331,0.1036655375491879,0.15301279994804703,0.1678761361295535,0.3075578075612467,0.07194443060624384,0.29191303655195,0.27455661050698493,0.12443515726265775,1.1193673092544236,0.03932020194213723,-0.18992418014400897,0.2552785975273037,0.4614520745906513,0.19154810689918164,0.13243283425933375,-0.03697508065048215,0.16903394505714173,0.044177984561998854,0.15505810164162714,0.11346844769463868,-0.27411818722526177,0.3017290496016304,0.243176446378989,0.054938620325645574,0.2722892390403673,0.23124760766116448,-0.11365224021428713,0.13720505456849444,-0.10038898997671045,-0.16391876907727435,0.055159907663233955,-0.04127525538135848,-0.10142488018493655,-0.1979609439582256,0.30610680287328934
0.06171415172448744,0.1058217363927308,0.31275674544592685,0.3562412594358038,0.17825531486327748,0.34939616231833426,0.2338495418311828,0.34939644263401975,0.306437686325372,0.343803174823877,0.23778619916458404,0.2377889825559651,0.2280668450786366,0.27051891494758523,0.17220945184429456,0.32842472870476996,0.3024932853095846,0.2974764615051239,0.1626571889533313,0.3908203366922717,0.17594724932299283,0.3287800159536435,0.2964887550004516,0.19992882889131103,0.3780884862125031,0.17403446458402583,0.25840411234508337,-0.022503327449859778,0.4111763312086361,0.047954868502220145,0.11317129542996762,0.26846696933738906,0.03932020194213723,1.4002620524856768,0.393054773069124,0.17205794771186622,0.6810236648438477,0.20267205723748752,0.2935300336661383,0.051084821792148384,0.20548436967887843,-0.13050897272893972,0.39481876268707017,0.3135283102933673,-0.25821869523142615,0.1592635784480397,0.39601252928840114,0.05369326779892648,0.944140971598727,-0.1074646960316285,-0.21950188777799062,0.166408645878826,0.197989422342365,-0.1604171323481706,-0.0721946191168726,-0.011595563180951503,-0.048908597591513586,-0.177586546339623,0.3263043006825389
