1.2161030391428636,0.28260611460622526,0.2104088525483776,0.09458393863278633,0.14781602236042007,0.09526913624954549,0.2545014483180683,0.18028025406659223,0.08350468930816132,0.1719521262280292,0.12511285995396018,0.14878220608084056,0.08387578438503232,0.15283319192373074,0.1569731694452326,0.11094124678361893,0.15120631042036797,0.2014889271314035,0.0922067605218805,0.08861430968600255,0.13245479754497588,0.10398718280183938,0.08610378009703167,-0.04019263772349198,0.12160660118637165,0.1839138419395879,0.12285875623329857,0.005768072817830449,0.057905919000588536,0.013836038254646086,0.10641901315551147,0.04663884522145411,0.0861326050942067,-0.09339374435629592,0.13345250243154136,0.07318162872814724,0.16692372921498752,0.0705844636354537,0.09325342686227878,0.049853802567570854,0.11668161087490701,0.11872677161359908,0.03582131508074935,0.03611807791069967,0.07357841677740617,0.11090499863730638,0.0996948791195978,-0.003433321797418223,-0.01859470834338738,-0.14634450369934943,0.008201269503337433
0.28260611460622526,1.7973502961811028,0.9725129296223068,0.14479191860785542,-0.05257210286687035,0.19424829228867269,0.27477369344377855,0.31345309617860745,0.2365487364855704,0.3233029037288624,0.2636415842315579,0.18076254689870253,0.13721313397689436,0.15620605904873006,0.4173842519048093,0.10249347362642927,0.27373645822607245,0.6579045075797413,0.10336771764463869,0.3548810928813917,0.37482826927796664,0.15036972117378508,-0.18614605525709071,0.26313446849277294,0.07898326113321451,0.6024911495736046,0.30660150516682416,0.31770625328073154,0.2992614536024535,-0.03757506350642309,0.2017839574002838,0.259164761894658,0.2102982939326704,0.2184050120914558,0.22013772457195244,0.22678198426735388,0.392565947144731,0.2420428233146629,0.0759194016867541,0.008579824333930175,0.336910660556365,0.3312480399988173,0.035612673769764895,0.03251692826006543,0.2221355980764196,0.37785493643863427,0.2830957866921795,-0.023042365959817932,-0.2507182437733357,-0.11219393163616484,-0.046309201260430394
0.2104088525483776,0.9725129296223068,1.9410481088355789,0.08618716636259681,-0.45093201115376746,0.2399015396665474,0.31527246844705964,0.32565733003950625,0.32093753188845076,0.40486881041131423,0.25565936306894405,0.24516707702738003,0.14663493148098364,0.13378087858079912,0.269130223717819,0.05235986414023316,0.23901167860863975,0.3499294426421049,0.0014893855481914336,0.20467476213511268,0.2171714117609928,0.18470613970741884,0.005257017940851262,0.2357113440923515,0.08538404200070848,0.4331938824400337,0.3134722601208999,0.21019666033013615,0.31152492824441147,-0.18989091776513323,0.19376000852613684,0.20286200700813625,0.15473552308798347,0.22608998812576198,0.1176921676282736,0.33696776133523243,0.27097490896801885,0.21831007429189808,-0.0008569628090416444,-0.1466458002236717,0.20971745744993298,0.20255963511865843,-0.03537113341015802,0.08296538278294896,0.23898449982341463,0.4520883732218821,0.09191009186566763,-0.04649437942926046,-0.5535500776895834,-0.1358403099291711,-0.0327484435110538
0.09458393863278633,0.14479191860785542,0.08618716636259681,0.9805460187685494,0.4043182372384324,0.19473102185558502,0.30091304938291,0.14547266555260577,0.09085717538317573,0.19944433180471954,0.1563236059978668,0.2877110717447699,0.11285476958494599,0.15765422841673443,0.1284565762290376,0.1746270359027193,0.13284437007795918,0.13268755377212102,0.22234738676666702,0.13891028451663806,0.15739694936075313,0.13662172028843833,0.1513348621205031,0.1513365572466901,0.17357319978339544,0.12564257973261955,0.04094589629890261,0.013005423229007041,0.20168110952309243,0.08083754001899471,0.1339976975165532,0.18113913117713795,0.07108905767286822,0.23666549916714846,0.07202683265989318,0.16797996939615797,0.10036794790911276,0.10680507122414647,0.25925878212099945,0.06839504004427535,0.05465889958348247,0.1496058489949256,0.033135969564097326,0.13748314413991586,0.06089013714901617,0.13437911904624789,0.1008314140595566,0.006235899183641432,0.051195345982951335,-0.06156339495332082,-0.034258527188965986
0.14781602236042007,-0.05257210286687035,-0.45093201115376746,0.4043182372384324,1.073767351018263,0.2970918168562918,0.15044962391882327,0.1392326140869456,0.0926361607443254,0.12785172330456987,0.14714120687005555,0.24977510559525884,0.13289547973643465,0.15439391524461388,0.189060187922175,0.24008973022565386,0.1396719466067082,0.15764701926700084,0.47706632330054294,0.10349177391998411,0.16481817205314206,0.1854473213915853,0.09655269916488728,0.1535092551628371,0.18044197513322188,0.09367372922148105,-0.033051665303994934,0.020728321523997218,0.22772628828630195,0.09979239025643773,0.10495966112937515,0.2283082369038842,0.03099466734689687,0.2724205597308179,0.05023367615423863,0.10342349884941156,0.071780957916752,0.06115815646000775,0.3382360392524006,0.1381202361819512,0.00588318329234404,0.15103677136557783,0.07195974222794092,0.07353260412969456,-0.03917487235509276,0.030101968613474646,0.1385603010701252,0.030279678443521685,0.47686363558641914,-0.06322683180037997,-0.004074063228007897
0.09526913624954549,0.19424829228867269,0.2399015396665474,0.19473102185558502,0.2970918168562918,0.5967808161717573,0.04623282067535122,0.28795419529340527,0.20758782051157368,0.15656989169118024,0.20156488674302764,0.25507231220925275,0.13550205989758068,0.1401331564174753,0.18107242182933486,0.18391047433467678,0.21381293577337773,0.2438429159160469,0.3689185069071899,0.17996381673151804,0.17432971650131185,0.21715265463770267,-0.024430914185364166,0.17850712806154737,0.16814751919854537,0.24817080555713128,0.14936277576216256,0.1845001267542081,0.27404738309509724,0.010398748398695559,0.146138750596804,0.2396984728441147,0.0010444742925886268,0.26221670960610854,0.08250282739871406,0.17533960707191984,0.16526807701565596,0.12229944789738666,0.2174162343900356,0.08166572122775509,0.06756673887156331,0.1577659635763971,0.1224256369665401,0.06363344831874274,0.031700360419889224,0.15379529299340985,0.20188161561959136,0.011227081070753346,0.2526802567020842,-0.046696265497812195,0.021843256057788536
0.2545014483180683,0.27477369344377855,0.31527246844705964,0.30091304938291,0.15044962391882327,0.04623282067535122,0.7993506120563886,0.1581859500588989,0.2217731947309252,0.214856314672848,0.18428715928025624,0.37264271478972133,0.13822692364376124,0.15922845810812672,0.03410943203552515,0.20695312187213152,0.19686931668405458,0.12651808453847152,0.06968484117561703,0.12433834469431942,0.20501044883028063,0.2143021228899783,0.31010231159296486,0.16604124819112803,0.17897140457198496,0.17251527263675281,0.14386717041340447,-0.05461131377647658,0.24208525168651673,0.029863962941945744,0.16142696500671902,0.19234476474292642,0.1383211045915552,0.23110911752769933,0.06968503098539099,0.2112541840814077,0.11964141567300621,0.0950769393592666,0.23448782540159852,0.06636548276805959,0.06294739480031918,0.1962679649251635,0.03328595058925305,0.0899943337152079,0.02215328112295275,0.18205807580855463,-0.018510187639214828,0.017233520137046186,0.300563860279782,-0.10172686121653814,-0.010410530023682288
0.18028025406659223,0.31345309617860745,0.32565733003950625,0.14547266555260577,0.1392326140869456,0.28795419529340527,0.1581859500588989,0.8650023814211452,0.09105819398836984,0.3178912626947833,0.28424546022575836,0.016863393370074014,0.1760981525329952,0.14462904451215522,0.17803190948155756,0.15822078305891704,0.2668799364291975,0.37492934923105586,0.2116918310654163,0.22991339519072862,0.14733511752412323,0.14943248306354517,0.04928214989579516,0.1966735603408243,0.1575275782629391,0.27325741559611566,0.26531736430242786,0.17164432502109028,0.2518322901612705,0.13305679448673569,0.16905995731349893,0.14929786928617095,0.0907547876553016,0.21361965797772878,0.14339663010041234,0.23549711285437427,0.2858007183551135,0.15082319215372536,0.1424204134568529,0.08168219130460488,0.21034728829994695,0.15211630880103968,0.184433751714236,0.05276367290991181,0.07310573392406243,0.2410439217577293,0.31561310167973716,0.00223828893274562,-0.050474152421337855,-0.006540604692694888,0.00033835019939738875
0.08350468930816132,0.2365487364855704,0.32093753188845076,0.09085717538317573,0.0926361607443254,0.20758782051157368,0.2217731947309252,0.09105819398836984,0.8130981125282903,0.03864112444328267,0.1160729932111403,0.13659454559933726,0.09762804191290078,0.13893334102087368,-0.008626018824550002,0.07518254099205036,0.12276605059839499,0.14804110778790697,0.12146949487292957,0.11326721560923769,0.18198735053810342,0.3719369354771185,0.19590410194371424,0.1829591528375889,0.04498491900972227,0.21823843861552888,0.2497820592580019,0.09953128675623535,0.1553844068714544,0.08514421009247061,0.15891605331718375,0.17717504293792158,0.18833250990930142,0.15607814534167633,0.023087086126472315,0.25583471053118356,0.16243655222807285,0.11159213423837794,0.1527033567571783,0.06985978533631963,0.08771159710815568,0.1637455031716789,0.15367561446718725,0.05673505642637387,0.034061777289280254,0.27234171875630503,0.12244561642563158,-0.044026430401303905,-0.169903661270811,-0.039749219373590855,-9.593443030873522e-6
0.1719521262280292,0.3233029037288624,0.40486881041131423,0.19944433180471954,0.12785172330456987,0.15656989169118024,0.214856314672848,0.3178912626947833,0.03864112444328267,0.7926509041717484,0.2136133474491203,0.263983283919493,0.15936819576662287,0.1460837320675683,0.24461213877294452,0.14375456256612645,0.250525286009313,0.2592549734250188,0.13581188578657635,0.14540481945680153,0.11495599509288093,0.11349048915385088,0.2002511094184593,0.18252045564442815,0.19702906950875204,0.18365458028573137,0.2010610858576902,0.016702196416310766,0.2781404102038196,0.09381577774667371,0.17588159632033104,0.14634549748607734,0.045379507975558446,0.2728043618016004,0.20191620692615195,0.2318735049881519,0.22660941339346263,0.11118114588635561,0.17574464815203378,0.05808762858493699,0.17032566586177908,0.12471437491885341,0.08860234161714359,0.08063238160534486,0.022719547347742654,0.2497838486488868,0.1851544876297518,0.015752078695575742,0.13652665747707876,-0.06321442105973675,-0.0028280759618914157
0.12511285995396018,0.2636415842315579,0.25565936306894405,0.1563236059978668,0.14714120687005555,0.20156488674302764,0.18428715928025624,0.28424546022575836,0.1160729932111403,0.2136133474491203,0.5875728081054032,0.20860894421996792,0.17063406934457787,0.11110283489034452,0.2398243866678479,0.16460978280093227,0.2587601030837056,0.2756356644268889,0.16073751574549824,0.2613220129792431,0.23879250546162242,0.13661606441430488,0.0701100776874142,0.2064299622418719,0.1426227168522924,0.28513289829211785,0.281785392881429,0.17394374619052622,0.2367108802072223,0.08748805614688106,0.19975337319699457,0.18979847783371961,0.1364923226572981,0.21457015792269835,0.21103978985320979,0.24464724811761063,0.2172477151216722,0.1635340594432272,0.16503820487563003,0.10522684187666566,0.18276897373991854,0.22558417621857219,0.10867717670349596,0.028759618668432695,0.09622259203367715,0.2745903242215634,0.19113495075504758,0.008441978596333416,-0.18778393434557036,-0.03623588959001566,-0.003790441957841803
0.14878220608084056,0.18076254689870253,0.24516707702738003,0.2877110717447699,0.24977510559525884,0.25507231220925275,0.37264271478972133,0.016863393370074014,0.13659454559933726,0.263983283919493,0.20860894421996792,0.9054745887790095,0.1271252850495312,0.16254073197205285,0.07969838399957326,0.24189029951928018,0.12449493769861643,0.010918285730543285,0.21100207113432984,0.11455583248252604,0.13566723748774281,0.20010968354296177,0.1754872871026901,0.1335656880275971,0.17077388626185447,0.08172190815378019,0.1161599491108039,-0.003882132567229286,0.19423274321029912,-0.014896707658560628,0.17468835810467634,0.25358098297321313,0.07591789237195146,0.23723631077167107,0.0512325134047648,0.14186722480137615,0.14088056435520296,0.08674613516914698,0.22997387217133394,0.07320675198671708,-0.042212163027758494,0.1408861336500042,0.07279989220875828,0.07721814539663112,-0.023470379798565127,0.106657802500101,-0.023894088979229698,0.04666247109758787,0.6904335445751939,-0.07112089675805375,0.01192231623017704
0.08387578438503232,0.13721313397689436,0.14663493148098364,0.11285476958494599,0.13289547973643465,0.13550205989758068,0.13822692364376124,0.1760981525329952,0.09762804191290078,0.15936819576662287,0.17063406934457787,0.1271252850495312,0.3484637058095068,0.11194285202719613,-0.005797607093617668,0.12801630688714938,0.12167497204648274,0.1252637468111881,0.1215868013505292,0.11319289762734396,0.09023391587375834,0.12905488718368827,0.10848230685341519,0.14136238132158582,0.1427307035143342,0.1228828324882719,0.17238337358047323,0.06643217652129631,0.2057472752391422,0.0717238084894892,0.10952952590710192,0.133664552921569,0.09744361950294386,0.15850129092005769,0.15401060777616307,0.13420274878326494,0.1168932953418933,0.0781241328262462,0.12340867352367584,0.06847748391468339,0.0926184129603703,0.10140226095285118,0.09286777404962718,0.05601026419065102,-0.01364737941592364,0.16936150496870733,0.10345655363417287,0.007659495100556553,0.10340568649115892,-0.013018062223229555,-0.001393206441961606
0.15283319192373074,0.15620605904873006,0.13378087858079912,0.15765422841673443,0.15439391524461388,0.1401331564174753,0.15922845810812672,0.14462904451215522,0.13893334102087368,0.1460837320675683,0.11110283489034452,0.16254073197205285,0.11194285202719613,0.5261074607848782,0.21210109512602243,0.21961799381820535,0.20865104327922004,0.1914886786815101,0.13337387780534946,0.1704690523144128,0.19416460213650139,0.18589266265334956,0.16158650646501047,0.1639245377815822,0.1622034006499806,0.21452238425254794,0.034710952010706175,0.02533648619556463,0.19229405011686515,0.10114910554247342,0.12643517410703328,0.1569875547639686,0.05165059749197245,0.1772504139522175,0.11859836996909559,0.12117119900770192,0.21413218094848915,0.09626578322697653,0.17714312147861164,0.09332776723265442,0.16212269401663892,0.17788203591005539,0.19615512489669296,0.06408101796244516,0.02872567249132181,0.1379356345615382,0.17643844750600607,0.01668242125263364,0.36116830425753915,-0.028512593141034097,0.012967155954143588
0.1569731694452326,0.4173842519048093,0.269130223717819,0.1284565762290376,0.189060187922175,0.18107242182933486,0.03410943203552515,0.17803190948155756,-0.008626018824550002,0.24461213877294452,0.2398243866678479,0.07969838399957326,-0.005797607093617668,0.21210109512602243,1.068850438562485,0.10261310234240859,0.4003214504263523,0.47550657282793407,0.14161710630119845,0.28496865641410174,0.2745262569351019,0.05441580063982668,0.03085322080099005,0.2590764093927388,0.16113851848949862,0.4367311429697489,0.20603845995299477,0.16525929868740777,0.22569535168462315,0.0960989370457808,0.1783512478948824,0.1563253041651013,0.10777260981970418,0.20962038417070342,0.22922297216922422,0.195396539789781,0.344349822122015,0.13501984282352358,0.11269707525469207,0.08126401097095212,0.2745886749280866,0.2483638759423713,0.15056111767786637,0.004254264059045658,0.0869986162112226,0.25066474929413174,0.2937723439108299,0.03503175950683314,0.023716674644127096,-0.0990920090072205,0.033681105263351246
0.11094124678361893,0.10249347362642927,0.05235986414023316,0.1746270359027193,0.24008973022565386,0.18391047433467678,0.20695312187213152,0.15822078305891704,0.07518254099205036,0.14375456256612645,0.16460978280093227,0.24189029951928018,0.12801630688714938,0.21961799381820535,0.10261310234240859,0.7733709712982607,0.1417768423663889,0.18631158405405085,0.24534003229225906,0.11237572258226321,0.17804411059005634,0.38591920921900563,0.05811378912302723,0.19080714076994607,0.0821536946032155,0.17601849503473765,0.08544862098261934,0.263296134592382,0.2431365865510631,0.1082599185766818,0.10835654252687776,0.28503555807821845,0.05221077823941417,0.21728676092241228,0.15074218337124076,0.13388927487565488,0.08183678251419906,0.07828421066423086,0.224983551914546,0.11478319755617249,0.16547953887772918,0.2325622161862435,0.15734021429918654,0.10444306173736315,-0.06469259334208899,0.11313971525675288,0.14767293797088232,-0.009222356135707743,0.49437767102307545,-0.03209216433321175,0.029540163555098083
0.15120631042036797,0.27373645822607245,0.23901167860863975,0.13284437007795918,0.1396719466067082,0.21381293577337773,0.19686931668405458,0.2668799364291975,0.12276605059839499,0.250525286009313,0.2587601030837056,0.12449493769861643,0.12167497204648274,0.20865104327922004,0.4003214504263523,0.1417768423663889,1.0637199505300963,0.6020514278681673,0.19173608939205233,0.29445608616530916,0.36256970585930626,0.14666717733498563,0.0594595638682803,0.21620017808941316,0.20934430768764078,0.4428597510972988,0.30169206620872463,0.1883639439417654,0.29300388124380894,-0.034595681477276326,0.20339075078140875,0.17245509969840161,0.20728641602116316,0.2241604841301004,0.2178736840248557,0.1514705055790155,0.40589652791390685,0.16735113668024873,0.1567901978716234,0.13329503696674103,0.2613859723209767,0.2955490007351687,0.19706283831011626,0.0066715173880595585,0.07344314005202508,0.2831823596207837,0.31819750448174355,0.03398895277261843,0.12819730788751849,-0.06902163012030242,0.03540250769413932
0.2014889271314035,0.6579045075797413,0.3499294426421049,0.13268755377212102,0.15764701926700084,0.2438429159160469,0.12651808453847152,0.37492934923105586,0.14804110778790697,0.2592549734250188,0.2756356644268889,0.010918285730543285,0.1252637468111881,0.1914886786815101,0.47550657282793407,0.18631158405405085,0.6020514278681673,2.0075600987316755,0.22373816518621853,-0.005955788888942427,0.46684927826041484,0.12420576822865967,0.0168536507232447,0.3011800426785732,0.12390851459066374,0.9263454677051646,0.46472710801804423,0.19387821907884448,0.3431969600765143,-0.23212340619579466,0.22572148157910035,0.19865369718775416,0.17355724598023867,0.25522805390735664,0.36850783946352517,0.2735886972578095,0.3967539575941444,0.038874510350102746,0.05522146817065739,0.14462814792715742,0.44931384652327366,0.3580516786782374,0.08291977192164576,-0.06259665035515938,-0.08909595710971516,0.34755227571228753,0.8298106051000479,-0.04437036820865532,-0.43445317925808424,-0.04507830392454163,0.004425290487772201
0.0922067605218805,0.10336771764463869,0.0014893855481914336,0.22234738676666702,0.47706632330054294,0.3689185069071899,0.06968484117561703,0.2116918310654163,0.12146949487292957,0.13581188578657635,0.16073751574549824,0.21100207113432984,0.1215868013505292,0.13337387780534946,0.14161710630119845,0.24534003229225906,0.19173608939205233,0.22373816518621853,0.7684527239289739,0.04572354785658836,0.18264850822062048,0.2235510514223524,-0.14960528036316775,0.16664586360849276,0.16509101167841606,0.06720942518024897,0.08500827132242139,0.23346980605584278,0.21984419917472786,0.12494414568655096,0.12653072603779222,0.22593662828416813,0.08560325172306149,0.19989209776369424,0.04898898679659497,0.1681133641105368,0.16886216545279473,0.07878525048265217,0.21808583941527432,0.04030181321132292,0.0767330814597711,0.15128451541587523,0.02016538307588943,0.057340701856844284,-0.00850910245630026,0.1135748584846344,0.18122186465836415,0.014040102232642808,0.2463317661469012,-0.04184723957433673,0.008541436898662312
0.08861430968600255,0.3548810928813917,0.20467476213511268,0.13891028451663806,0.10349177391998411,0.17996381673151804,0.12433834469431942,0.22991339519072862,0.11326721560923769,0.14540481945680153,0.2613220129792431,0.11455583248252604,0.11319289762734396,0.1704690523144128,0.28496865641410174,0.11237572258226321,0.29445608616530916,-0.005955788888942427,0.04572354785658836,1.1212125537821354,0.23577028163395902,0.11333653550765763,0.10803890910934041,0.27859165522013785,0.2712464841348468,0.46056735140390864,0.21328431771665016,0.27753471486659387,0.314497235815985,0.291751636856803,0.3183072808730644,0.2948326044083201,0.1936616666625969,0.33428533030040936,0.189732599891681,0.24134724214601344,0.4922529184969362,0.4988435750580257,0.48926262687875155,0.2824093686478026,0.36848882819701106,0.3469428980887911,0.2954270620495019,0.05278555325173358,0.3113400730401152,0.41059735225782173,0.10406488895994088,0.10323021822670317,0.46351094713817953,-0.023248073410679634,-0.02632650653548879
0.13245479754497588,0.37482826927796664,0.2171714117609928,0.15739694936075313,0.16481817205314206,0.17432971650131185,0.20501044883028063,0.14733511752412323,0.18198735053810342,0.11495599509288093,0.23879250546162242,0.13566723748774281,0.09023391587375834,0.19416460213650139,0.2745262569351019,0.17804411059005634,0.36256970585930626,0.46684927826041484,0.18264850822062048,0.23577028163395902,0.7794016304199365,0.1631124133936899,0.1495664900964158,0.2141466826577487,0.14032259940244934,0.5308019676949125,0.2145986502431176,0.15547535205060042,0.24821758564828514,0.07149697721257059,0.21179548746009144,0.28320319936756855,0.14520086204986202,0.2736333609350833,0.3041716287117655,0.16923628576141517,0.18449300046148379,0.1439941004033898,0.25273776692826266,0.14863465945442467,0.4058354698618056,0.5435361957041495,0.06938005768014538,0.07148157454467331,0.038139137603977746,0.2664773545229675,0.2694884168686446,0.03748503630994772,0.20834006384341167,-0.050581962104716056,0.005709590151772064
0.10398718280183938,0.15036972117378508,0.18470613970741884,0.13662172028843833,0.1854473213915853,0.21715265463770267,0.2143021228899783,0.14943248306354517,0.3719369354771185,0.11349048915385088,0.13661606441430488,0.20010968354296177,0.12905488718368827,0.18589266265334956,0.05441580063982668,0.38591920921900563,0.14666717733498563,0.12420576822865967,0.2235510514223524,0.11333653550765763,0.1631124133936899,0.8312404889532378,0.14921285076049293,0.18483340713895913,0.09964275458797306,0.17120873626795763,0.19947212788368435,0.1346377657433397,0.22092556312373796,0.07817538537953504,0.15136831582365276,0.28776904990634306,0.1266174141971604,0.23808254315915803,0.07103673451214117,0.15692855017270657,0.16878468138651243,0.12069539349356391,0.2773364704460226,0.11912060004280242,0.11666768050982722,0.1867319623333639,0.3166780358009945,0.09644561415241387,-0.03042827469226402,0.20450437586758752,0.10252970477099152,-0.10321790753570563,0.5520656652981477,-0.04705488675808211,0.02086071256177488
0.08610378009703167,-0.18614605525709071,0.005257017940851262,0.1513348621205031,0.09655269916488728,-0.024430914185364166,0.31010231159296486,0.04928214989579516,0.19590410194371424,0.2002511094184593,0.0701100776874142,0.1754872871026901,0.10848230685341519,0.16158650646501047,0.03085322080099005,0.05811378912302723,0.0594595638682803,0.0168536507232447,-0.14960528036316775,0.10803890910934041,0.1495664900964158,0.14921285076049293,2.3936430488449085,0.22275665789854704,0.4993343523701704,-0.23859024817636193,0.13402260157820292,-1.0349681445809293,0.4873801299424191,0.35406428594462824,0.340515318388921,-0.06381560275941893,0.15774048507686253,0.4740116249161317,0.08872450424210586,0.6063841870121739,0.38298451247669324,0.0005718987964047591,0.8457763628274109,0.3546238160165684,-0.02423746569563881,0.12350366919811859,0.3923006176017746,0.22011534930846344,-0.002738259414645855,0.37987800448833436,0.19560171001481416,0.14061288544026218,0.4590047932068817,-0.11121421216446184,0.0033080221645013486
-0.04019263772349198,0.26313446849277294,0.2357113440923515,0.1513365572466901,0.1535092551628371,0.17850712806154737,0.16604124819112803,0.1966735603408243,0.1829591528375889,0.18252045564442815,0.2064299622418719,0.1335656880275971,0.14136238132158582,0.1639245377815822,0.2590764093927388,0.19080714076994607,0.21620017808941316,0.3011800426785732,0.16664586360849276,0.27859165522013785,0.2141466826577487,0.18483340713895913,0.22275665789854704,1.1715201739556957,0.14832804126855367,0.45136709915675727,0.285171167837744,0.1742020361019283,0.323644091526308,0.4698323936120312,0.19186328549332285,0.3543835879353608,0.5822850378518268,0.22746443683590425,0.30325820225104355,0.452025938187435,0.36627284558199075,0.21090364961808128,0.03861305031694478,0.08250383948494783,0.1758568212527223,0.260798939823918,0.22537529045739885,0.076944573451268,-0.020400890456927633,0.3853419340263927,0.3962277835178538,0.03894784795776783,-0.1183976515602474,-0.11573175159586752,0.00710646558731018
0.12160660118637165,0.07898326113321451,0.08538404200070848,0.17357319978339544,0.18044197513322188,0.16814751919854537,0.17897140457198496,0.1575275782629391,0.04498491900972227,0.19702906950875204,0.1426227168522924,0.17077388626185447,0.1427307035143342,0.1622034006499806,0.16113851848949862,0.0821536946032155,0.20934430768764078,0.12390851459066374,0.16509101167841606,0.2712464841348468,0.14032259940244934,0.09964275458797306,0.4993343523701704,0.14832804126855367,2.2041207550299684,-0.23736566995822286,0.15699004740199735,-0.15979195698107157,0.9436061677567785,0.459050098022789,0.35204529526545597,0.08143201150551327,0.11872854983672153,0.5452783934874177,0.34168816239422445,0.44413915437754503,0.39783384171167,0.20453189925103823,0.3256834250711606,0.1403557730820287,0.19677675751371146,0.12424535573558923,0.07619609261522067,0.10396431717406415,-0.044398401515618344,0.6315321237108574,0.2862722985646707,0.006340559425844639,0.16106078964759152,-0.04550669582686904,-0.015335660763750498
0.1839138419395879,0.6024911495736046,0.4331938824400337,0.12564257973261955,0.09367372922148105,0.24817080555713128,0.17251527263675281,0.27325741559611566,0.21823843861552888,0.18365458028573137,0.28513289829211785,0.08172190815378019,0.1228828324882719,0.21452238425254794,0.4367311429697489,0.17601849503473765,0.4428597510972988,0.9263454677051646,0.06720942518024897,0.46056735140390864,0.5308019676949125,0.17120873626795763,-0.23859024817636193,0.45136709915675727,-0.23736566995822286,3.5184859109943707,0.30605660521662287,0.3023074692767909,-0.2588726253189858,-0.9210872446639082,0.18400919982149672,0.632461053416802,0.03776308097154091,0.2022294296734092,0.6042149443750454,-0.09313299757416137,-0.43321552731620366,0.1952878143165264,0.2798930688573019,0.26391045095954113,0.7329327239703616,0.6259909008617904,-0.043472087719433936,0.013045065973292158,-0.3243450674632038,0.232081299650106,-0.06125217451166192,0.03561166584212671,0.5179288501350853,-0.07493529369171884,0.019945306890954025
0.12285875623329857,0.30660150516682416,0.3134722601208999,0.04094589629890261,-0.033051665303994934,0.14936277576216256,0.14386717041340447,0.26531736430242786,0.2497820592580019,0.2010610858576902,0.281785392881429,0.1161599491108039,0.17238337358047323,0.034710952010706175,0.20603845995299477,0.08544862098261934,0.30169206620872463,0.46472710801804423,0.08500827132242139,0.21328431771665016,0.2145986502431176,0.19947212788368435,0.13402260157820292,0.285171167837744,0.15699004740199735,0.30605660521662287,2.740436292807462,0.14903023239991947,0.08085266473631293,0.032666187830252956,0.5674226626815162,0.20586418136529047,0.7453813926933001,0.15663614423270117,0.623635320719484,0.7208269326536182,0.7095044073972819,0.29101954965017324,-0.13321277269395643,0.24611437269697156,0.4236174804206577,0.23607433395499763,0.3167318853784285,-0.16368246701711003,-0.12024096118922523,0.9269921218605002,0.25350376140914815,0.03370058294031017,-0.6382663694227022,0.016726653497136482,0.018972827454990637
0.005768072817830449,0.31770625328073154,0.21019666033013615,0.013005423229007041,0.020728321523997218,0.1845001267542081,-0.05461131377647658,0.17164432502109028,0.09953128675623535,0.016702196416310766,0.17394374619052622,-0.003882132567229286,0.06643217652129631,0.02533648619556463,0.16525929868740777,0.263296134592382,0.1883639439417654,0.19387821907884448,0.23346980605584278,0.27753471486659387,0.15547535205060042,0.1346377657433397,-1.0349681445809293,0.1742020361019283,-0.15979195698107157,0.3023074692767909,0.14903023239991947,3.9884287994977763,-0.6586195576575455,0.44385337191975094,0.3606077778925152,0.22876000193066381,0.4463944631339971,-0.20291554918461527,-0.04930659243666095,0.784097968279982,0.34635041994497884,0.22034266644926628,-0.15926338572229745,-0.1090028144638016,0.7472705696417432,0.26047876915711005,0.23119877304214473,0.2538340692473937,0.09519966711597559,0.3292016721810587,0.27465140599896654,-0.030194577792839024,-0.9860320492161799,0.10101460542367148,0.04328845415009764
0.057905919000588536,0.2992614536024535,0.31152492824441147,0.20168110952309243,0.22772628828630195,0.27404738309509724,0.24208525168651673,0.2518322901612705,0.1553844068714544,0.2781404102038196,0.2367108802072223,0.19423274321029912,0.2057472752391422,0.19229405011686515,0.22569535168462315,0.2431365865510631,0.29300388124380894,0.3431969600765143,0.21984419917472786,0.314497235815985,0.24821758564828514,0.22092556312373796,0.4873801299424191,0.323644091526308,0.9436061677567785,-0.2588726253189858,0.08085266473631293,-0.6586195576575455,2.785633420198626,0.13568741223979683,0.03424746122989945,0.3351282489779379,0.06027773047631811,0.8704121925637653,0.05282206724204616,0.44865321762544913,-0.37888128620434985,0.04244606886188706,0.34510200711841593,0.04866348913007176,0.06013243342464853,0.20323084890138884,-0.46052775711504595,-0.11917088999321805,-0.2533661453659553,0.555686755312404,0.25244384977797946,0.022362841953602917,0.6927147248251161,-0.1458545411008362,-0.000664676569071983
0.013836038254646086,-0.03757506350642309,-0.18989091776513323,0.08083754001899471,0.09979239025643773,0.010398748398695559,0.029863962941945744,0.13305679448673569,0.08514421009247061,0.09381577774667371,0.08748805614688106,-0.014896707658560628,0.0717238084894892,0.10114910554247342,0.0960989370457808,0.1082599185766818,-0.034595681477276326,-0.23212340619579466,0.12494414568655096,0.291751636856803,0.07149697721257059,0.07817538537953504,0.35406428594462824,0.4698323936120312,0.459050098022789,-0.9210872446639082,0.032666187830252956,0.44385337191975094,0.13568741223979683,2.866793654523624,0.38893221933148736,-0.029811091145129108,0.5075791268080492,0.057721540058799405,0.3338677834395922,0.9967056747059866,1.0555983641051045,0.3043439238439317,-0.16032421285327436,-0.02590458889999306,0.6066308520975845,0.08902899356917554,0.6547554757574344,0.26427469713663554,0.2607272252287355,0.5420867114882298,1.2680642508372362,0.009392602845944708,-0.8971086588197257,-0.02587285532997779,-0.00643727663363396
0.10641901315551147,0.2017839574002838,0.19376000852613684,0.1339976975165532,0.10495966112937515,0.146138750596804,0.16142696500671902,0.16905995731349893,0.15891605331718375,0.17588159632033104,0.19975337319699457,0.17468835810467634,0.10952952590710192,0.12643517410703328,0.1783512478948824,0.10835654252687776,0.20339075078140875,0.22572148157910035,0.12653072603779222,0.3183072808730644,0.21179548746009144,0.15136831582365276,0.340515318388921,0.19186328549332285,0.35204529526545597,0.18400919982149672,0.5674226626815162,0.3606077778925152,0.03424746122989945,0.38893221933148736,0.9913889718289353,0.14350659989633174,0.25992042439112156,0.28490858457073864,0.2589681338164496,0.9956681585676087,0.7320901974048781,0.3076765942460664,0.42719448348200423,0.19721092538134755,0.4575762835407481,0.22511372026169185,0.19451163127187374,0.11813700605760646,0.17207773459820375,0.6154010928432845,0.31175993581863687,0.036223718506633314,-0.3485446819904902,-0.04658560115505217,0.0005660739233546498
0.04663884522145411,0.259164761894658,0.20286200700813625,0.18113913117713795,0.2283082369038842,0.2396984728441147,0.19234476474292642,0.14929786928617095,0.17717504293792158,0.14634549748607734,0.18979847783371961,0.25358098297321313,0.133664552921569,0.1569875547639686,0.1563253041651013,0.28503555807821845,0.17245509969840161,0.19865369718775416,0.22593662828416813,0.2948326044083201,0.28320319936756855,0.28776904990634306,-0.06381560275941893,0.3543835879353608,0.08143201150551327,0.632461053416802,0.20586418136529047,0.22876000193066381,0.3351282489779379,-0.029811091145129108,0.14350659989633174,1.121051285200746,0.12575485274867296,0.41860444651917716,-0.061812031921392986,0.16199957331830578,-0.14897628804222662,0.21326005262394826,0.23149979963381861,0.05701679152563602,0.20864064653092484,0.3314263000618001,0.003568071344391097,0.029180155603992137,-0.1956154532036399,0.27017909002084833,0.06363900494298418,0.013038547366331957,0.49361332895618,-0.06256996950461848,0.0029518575352789765
0.0861326050942067,0.2102982939326704,0.15473552308798347,0.07108905767286822,0.03099466734689687,0.0010444742925886268,0.1383211045915552,0.0907547876553016,0.18833250990930142,0.045379507975558446,0.1364923226572981,0.07591789237195146,0.09744361950294386,0.05165059749197245,0.10777260981970418,0.05221077823941417,0.20728641602116316,0.17355724598023867,0.08560325172306149,0.1936616666625969,0.14520086204986202,0.1266174141971604,0.15774048507686253,0.5822850378518268,0.11872854983672153,0.03776308097154091,0.7453813926933001,0.4463944631339971,0.06027773047631811,0.5075791268080492,0.25992042439112156,0.12575485274867296,1.9088650858817664,-0.27448945606551706,-0.0549881839310962,0.24735338060627132,0.7862230859953476,0.2237913727306849,-0.31975551317707235,-0.0058038413393464924,-0.09180163015289024,0.2080781396778373,0.2713918317404467,0.04340832653551671,-0.19134858094839563,0.5159288514229151,0.4083586587634448,0.0994228350189105,-0.40153423951882433,-0.060650358839893705,-0.02856628929769624
-0.09339374435629592,0.2184050120914558,0.22608998812576198,0.23666549916714846,0.2724205597308179,0.26221670960610854,0.23110911752769933,0.21361965797772878,0.15607814534167633,0.2728043618016004,0.21457015792269835,0.23723631077167107,0.15850129092005769,0.1772504139522175,0.20962038417070342,0.21728676092241228,0.2241604841301004,0.25522805390735664,0.19989209776369424,0.33428533030040936,0.2736333609350833,0.23808254315915803,0.4740116249161317,0.22746443683590425,0.5452783934874177,0.2022294296734092,0.15663614423270117,-0.20291554918461527,0.8704121925637653,0.057721540058799405,0.28490858457073864,0.41860444651917716,-0.27448945606551706,1.5329931858408947,0.3474331572471388,0.4470121614445943,0.09010601511074331,0.14595244534233745,0.7077915616961243,0.16692843108429295,0.2115257306030921,0.2534257330275239,0.019534640216764276,0.13530281818869858,-0.17513872864528543,0.4018774350777009,0.1809539799962303,0.06815764156672273,1.0638941160990316,-0.11744143015276659,-0.009608077136361208
0.13345250243154136,0.22013772457195244,0.1176921676282736,0.07202683265989318,0.05023367615423863,0.08250282739871406,0.06968503098539099,0.14339663010041234,0.023087086126472315,0.20191620692615195,0.21103978985320979,0.0512325134047648,0.15401060777616307,0.11859836996909559,0.22922297216922422,0.15074218337124076,0.2178736840248557,0.36850783946352517,0.04898898679659497,0.189732599891681,0.3041716287117655,0.07103673451214117,0.08872450424210586,0.30325820225104355,0.34168816239422445,0.6042149443750454,0.623635320719484,-0.04930659243666095,0.05282206724204616,0.3338677834395922,0.2589681338164496,-0.061812031921392986,-0.0549881839310962,0.3474331572471388,3.6866926467945684,-0.41124514300069404,0.3180929696192329,0.19882743207467884,0.2485721959133057,0.5896104817831072,0.42372475376809177,0.25302770370573696,0.19186638305966894,0.27982773509611675,0.09256941944945161,0.27622591097265925,0.34474696659679616,0.07774343860346421,0.571944980561655,-0.1481570970845988,0.029701517490055424
0.07318162872814724,0.22678198426735388,0.33696776133523243,0.16797996939615797,0.10342349884941156,0.17533960707191984,0.2112541840814077,0.23549711285437427,0.25583471053118356,0.2318735049881519,0.24464724811761063,0.14186722480137615,0.13420274878326494,0.12117119900770192,0.195396539789781,0.13388927487565488,0.1514705055790155,0.2735886972578095,0.1681133641105368,0.24134724214601344,0.16923628576141517,0.15692855017270657,0.6063841870121739,0.452025938187435,0.44413915437754503,-0.09313299757416137,0.7208269326536182,0.784097968279982,0.44865321762544913,0.9967056747059866,0.9956681585676087,0.16199957331830578,0.24735338060627132,0.4470121614445943,-0.41124514300069404,3.708706996429975,0.008607053517853715,0.19862714978064971,0.1837700562746791,0.133081876307591,0.5588947334100846,0.20144756787647056,-0.3321598856315793,-0.09364231875505123,-0.2876109944997279,1.159402354147571,0.6359179357467192,0.017033486603033214,-2.595437066538891,-0.15262652322909104,-0.002274003006687878
0.16692372921498752,0.392565947144731,0.27097490896801885,0.10036794790911276,0.071780957916752,0.16526807701565596,0.11964141567300621,0.2858007183551135,0.16243655222807285,0.22660941339346263,0.2172477151216722,0.14088056435520296,0.1168932953418933,0.21413218094848915,0.344349822122015,0.08183678251419906,0.40589652791390685,0.3967539575941444,0.16886216545279473,0.4922529184969362,0.18449300046148379,0.16878468138651243,0.38298451247669324,0.36627284558199075,0.39783384171167,-0.43321552731620366,0.7095044073972819,0.34635041994497884,-0.37888128620434985,1.0555983641051045,0.7320901974048781,-0.14897628804222662,0.7862230859953476,0.09010601511074331,0.3180929696192329,0.008607053517853715,4.629511217839147,0.5104820670004948,-0.26333988122949203,0.10826589330282776,0.3892313597543715,0.1618151068677157,1.5072839460662986,0.108101793973056,1.8503745694300422,0.7300782422158277,0.8583187391885247,0.11135803862605975,0.6358718385316995,-0.059463893151652056,0.01569871206023098
0.0705844636354537,0.2420428233146629,0.21831007429189808,0.10680507122414647,0.06115815646000775,0.12229944789738666,0.0950769393592666,0.15082319215372536,0.11159213423837794,0.11118114588635561,0.1635340594432272,0.08674613516914698,0.0781241328262462,0.09626578322697653,0.13501984282352358,0.07828421066423086,0.16735113668024873,0.038874510350102746,0.07878525048265217,0.4988435750580257,0.1439941004033898,0.12069539349356391,0.0005718987964047591,0.21090364961808128,0.20453189925103823,0.1952878143165264,0.29101954965017324,0.22034266644926628,0.04244606886188706,0.3043439238439317,0.3076765942460664,0.21326005262394826,0.2237913727306849,0.14595244534233745,0.19882743207467884,0.19862714978064971,0.5104820670004948,1.043435116084823,0.06027776091994971,0.16814920670626612,0.19854178329250216,0.18073009700787662,0.4183136053328297,0.13109259766748182,0.5140093229799567,0.3033705053328944,0.14753676868456467,0.06361195956253035,-0.28051277895757276,-0.025220301880070736,-0.02630087845169787
0.09325342686227878,0.0759194016867541,-0.0008569628090416444,0.25925878212099945,0.3382360392524006,0.2174162343900356,0.23448782540159852,0.1424204134568529,0.1527033567571783,0.17574464815203378,0.16503820487563003,0.22997387217133394,0.12340867352367584,0.17714312147861164,0.11269707525469207,0.224983551914546,0.1567901978716234,0.05522146817065739,0.21808583941527432,0.48926262687875155,0.25273776692826266,0.2773364704460226,0.8457763628274109,0.03861305031694478,0.3256834250711606,0.2798930688573019,-0.13321277269395643,-0.15926338572229745,0.34510200711841593,-0.16032421285327436,0.42719448348200423,0.23149979963381861,-0.31975551317707235,0.7077915616961243,0.2485721959133057,0.1837700562746791,-0.26333988122949203,0.06027776091994971,3.519354830360806,0.8254867122380475,0.08883009131796213,0.2841360020488112,-0.10259779996060409,0.375005400557438,0.2803078532174377,0.09743455832101988,-0.1053361108037223,-0.04476512938111446,1.5216982586352028,-0.14687286890381335,-0.03462475044392548
