0.538139461164593,0.2887444534580234,0.32939187021516747,0.03629035960608747,0.05135036749161967,0.11660819371343713,0.16168297835110051,0.09654171127289314,0.15122402869040935,0.07335362196776186,0.10474059383291243,0.10812684049647539,0.058130996975208946,0.1229873925374296,0.1277300277862262,0.09796962604659813,0.09276076164254629,0.13730652334456644,0.07885977206166728,0.11576606525963314,0.11185988385898005,0.10681743560696016,0.08560273870315638,0.06208122125945869,0.1187607530994663,0.10085008280410201,0.12635357791910196,0.04787165530464274,0.1038857757576741,0.017887247318217496,0.12819588132080928,0.12428062262363938,0.055579106908643615,0.03840094211173193,0.08974610050801683,0.12734992183882024,0.07984538136703893,0.06819798411086424,0.10371196892640017,0.020605356299533993,0.09677443602643082,0.0838527869730068,0.10234299056625651,0.031319670991108335,0.0846172934792283,0.13453589293012597,0.08284573346633106,1.6923315776775226e-5,0.0737228976874975,-0.009405903311116825,0.0018768759423030915,-0.012348541172430146,0.0002307160854214306,7.337440548671523e-5,0.029194891039621983,0.0014728372233347878,0.12349273696117334,0.04350382251147973,-0.19234628187865307
0.2887444534580234,7.281780374493666,0.3595588407079117,0.36921805650429773,0.37727552502939443,-0.0127247732931863,0.5611111669108475,0.3058184324642501,0.842735410037302,0.5937002750839251,0.35492970487644177,0.3972017065832468,0.2612288530723051,0.23896360677098025,0.6876292045357811,0.2905473220224535,0.4046834968747724,0.8705697342008223,0.2986579972755127,0.4180894383482224,0.5382251223024866,0.08345637560964002,-0.8857272737041912,0.12384880755343784,0.18789282572806834,0.6486736660217112,1.0533966439619025,0.9608790528799528,0.45262848790540794,-0.20668969096849543,0.33971837804069877,0.2652325121541925,0.14212777362719403,0.3571882158339098,0.4137992449557175,0.4168945462037829,0.2282274857476806,0.20916782000904363,0.012280835331782721,0.10125606437813153,0.1290187348022687,0.23230769527510095,0.40578737545906146,-0.1630893616594194,0.41875494669749896,0.06213593951257327,0.20262336973687972,0.004684211170121908,0.15242914759442075,0.047768610605927256,0.500197146794235,-0.35176329015983826,-0.23882132751778354,-0.0022726783483159015,0.15149221260704399,0.0685038313381644,-0.5202573561287487,-0.13494266239794017,0.367383181042969
0.32939187021516747,0.3595588407079117,2.5280362782826105,-0.0026251449893974184,-0.7713182571092335,0.2278652000328213,0.16484092722735577,0.223527638166308,0.47281821431696,0.0977485121687125,0.05499079916487776,0.07148084010948975,0.08215388426125794,0.13637270367260892,0.22019917901093042,0.09327326096086884,0.19058249642638417,0.1844888796005449,-0.17806126948358844,0.23981157973807296,0.21357838610663393,0.19911751659408927,0.2980209293721347,0.17299868925145884,0.19040025274978506,0.24301959375873533,-0.004887915065123179,0.0221992866773852,0.39386210537129984,-0.36053465243195,0.12151616378716668,0.07053222014246462,0.09282738898333455,0.20089316583671113,0.3705106532454765,0.14034920780682283,0.14585497606196757,0.15507997313318894,-0.009368920453708884,-0.43663859370976654,0.05713226687742334,0.12197044498083365,0.1401771895622649,0.12483295020668375,0.28784905960229257,0.31626000391181747,0.06447313386246133,-0.018002877886471435,-0.07169434312447576,-0.09266027527367272,0.07586898607532053,0.20122185736323286,-0.11916942416269725,-0.03475447394622925,0.22645537006790276,-0.18029534402702158,-0.496397111301972,-0.42486804022002317,0.7798055873559863
0.03629035960608747,0.36921805650429773,-0.0026251449893974184,1.113687071607596,0.5858251789120312,0.36556136922526283,0.34645292352210205,0.37480606110198894,0.2674611974432622,0.305000810985431,0.3015653048477756,0.3466219538421702,0.1878507582399795,0.308549067704306,0.2272640549079706,0.3089676214930263,0.28129487979307755,0.30590554532330816,0.45391216242647975,0.2484329839970497,0.2928555786246474,0.2489164871469168,0.09176692791848623,0.31741531459828914,0.25285207651120223,0.3127936415775138,0.21713229503719275,0.1508450046754886,0.24480615717825716,0.22169652481064483,0.21339314637007104,0.2753764179471309,0.32219890543592705,0.2535342025925625,0.05760949939570736,0.295118791404851,0.321094067797683,0.14042116637756058,0.28841510612925386,0.08520709626514363,0.2771948246414359,0.21429553786392447,0.2380099632064576,0.09183539344515936,-0.05281484404266552,0.27676140907554564,0.25896395514718806,0.021534836457855443,0.1455865750157138,0.13794870689640934,-0.06940691167244198,0.04920433779412062,0.014788304594773118,-0.11393954510115367,0.018292973747233498,-0.03194814594190867,-0.13035745900325585,0.12103692731136861,-0.06677951386152088
0.05135036749161967,0.37727552502939443,-0.7713182571092335,0.5858251789120312,1.5751293690336472,0.43340210614149355,0.2520409695151921,0.2799209585503281,0.13418938832529775,0.34864272276298247,0.37361277302208507,0.41651192129146875,0.20449875169597068,0.2850256065896013,0.2360235062396066,0.3303244142859416,0.266088446519324,0.293676561522567,0.9058642513145544,0.21779494755783896,0.308963336254982,0.23084046796855973,-0.10180009830272514,0.3138367014264664,0.23018719806373208,0.2640496590350141,0.27929738305549995,0.24805852937892967,0.13594722186550842,0.4135133780586757,0.2756591402915572,0.3056220158470302,0.3779517183375102,0.23185466220363954,-0.05272659277428504,0.3554021919034592,0.39847819545332214,0.12328671126141232,0.368333598184906,0.2758006394864795,0.3834982770089528,0.24292565168835606,0.22295949666136008,0.03178565759907288,-0.16564761963182575,0.31232588647418524,0.278561195094758,0.0387044319501619,0.15048376245523656,0.23262742753422067,-0.05687091552780711,-0.15806267907551108,0.1373996890053999,-0.1116751817126353,-0.05984405361215488,0.024279429502563128,0.09807590643783268,0.16387589862538765,-0.24388479377798444
0.11660819371343713,-0.0127247732931863,0.2278652000328213,0.36556136922526283,0.43340210614149355,0.8249058521640099,0.14068518712378955,0.3189521401962513,0.22837510166877256,0.1880140817164189,0.3159656089438396,0.3505467265128562,0.18090564094638625,0.3369475761579412,0.22273162179232198,0.27584824576032874,0.2867377531238426,0.187496347104933,0.5842609599402501,0.3935409228274167,0.2991192297971157,0.2559400441745627,-0.0048539560148127036,0.3139876449816052,0.2422680040076073,0.2913358762481807,0.19451099079152193,0.23685210437057466,0.2843979678040444,0.15742130769905252,0.21770487919671688,0.3361242399999511,0.23694270438193077,0.2647035665509491,0.0937619123699052,0.25606772434655617,0.2774111884346277,0.2163415915411706,0.31012430214823034,0.1006243372560139,0.2664674984239624,0.2108974817396296,0.2602125220695245,0.07811733262410635,0.06565924580252995,0.2717352109851454,0.2562703953888358,0.028247367191279023,0.23835596573459006,0.07647689691246853,-0.2767212967134503,0.18301274416263133,-0.0617001730819644,-0.02258644616542066,-0.004932071788631538,-0.05372630009897141,0.10598971192521638,0.07040879281550279,-0.14022026362163525
0.16168297835110051,0.5611111669108475,0.16484092722735577,0.34645292352210205,0.2520409695151921,0.14068518712378955,0.5621277952404572,0.18177009158290322,0.2443514178499517,0.1435817694126253,0.22217844256401573,0.2507900324661594,0.11489514711309025,0.11241278874426713,0.1192088379319275,0.16418538299317087,0.20765028515196393,0.2283802986811367,0.18135456020947532,0.16659931276684978,0.2113510521759433,0.1946436134280474,0.09045872984997419,0.18069678013814963,0.1635237064951537,0.18029962818963516,0.2201873184753185,0.08123775211102816,0.15722104266927278,0.09539181525495048,0.16461069875661066,0.16592787216153881,0.20622901089801143,0.1585059019324532,0.07621807630429836,0.22781803551541624,0.17699114650383557,0.09770946675874288,0.20233779981924388,0.056163662079195924,0.15407678702986102,0.15942660810005613,0.15192814812651032,0.03711431320130538,0.0058429825764710775,0.1619792088721128,0.09767432813944037,0.0013141621622244826,0.08516017472922344,0.051497162305622964,-0.010424974510409404,-0.0363979793611532,0.03713282060759985,-0.06126660784836762,0.020043537621965018,0.060762108531788664,-0.02716478093794414,0.0795784651863696,-0.2243044994374846
0.09654171127289314,0.3058184324642501,0.223527638166308,0.37480606110198894,0.2799209585503281,0.3189521401962513,0.18177009158290322,0.8789659553592359,0.18409128251378656,0.2689290513243076,0.19344172608921192,0.10952772415881883,0.1820257404616973,0.3101634246457185,0.09400477937802111,0.20321919327172858,0.22127245024197129,0.2939717754135574,0.3400147457260254,0.2664132834342372,0.20768639822170565,0.19462162737492716,0.014677099604844146,0.26270026843437766,0.23889292172184207,0.28412992497758177,0.17068385816751144,0.18227103379270646,0.28314525903684157,0.07450290518016209,0.168215467170556,0.30154100899151076,0.1602868940849213,0.23785457790632947,0.17549452112922143,0.17110459646754128,0.2667571878080613,0.13673223226506678,0.31369039022089595,0.1038678946231254,0.14971363610340302,0.1710504308057046,0.19923847557122173,0.07763926950175075,0.0950374417651828,0.18715598785139542,0.28368841459612876,0.02026679638422317,0.3431561784630209,-0.023483133204248722,0.036953425680294756,0.07325557987365729,-0.016945640528046816,-0.039127799199065116,-0.014728283845904895,-0.1733110657245195,0.2864087973656022,0.10915683343566628,-0.18637655560928068
0.15122402869040935,0.842735410037302,0.47281821431696,0.2674611974432622,0.13418938832529775,0.22837510166877256,0.2443514178499517,0.18409128251378656,1.1969211605550736,0.19452722743000384,0.06549646892669482,0.18523665980401066,0.09364208834063131,0.2057158112515972,0.30232305065022613,0.20327523956441318,0.2466151012492995,0.3654431281285529,0.25713523397708155,0.1588028590060039,0.3318483716872952,0.23097311132248433,0.21760731995614224,0.27769123596900774,0.2087751023854245,0.39138708845772735,0.3133776576110706,0.11805888827336634,0.21454420957861334,0.0950409315457169,0.3034743826954089,0.2238913776187814,0.35978296968479473,0.24173213921822148,0.1859408832360124,0.29527625501757665,0.40032142972873025,0.10017277483875353,0.2000976185969101,-0.0040953521877655,0.28068799355636503,0.24338299073387204,0.26155573959343825,0.06120341707602037,0.01225326842108374,0.3178341335029048,0.24065576105168898,0.027277468499713,0.22261924139454653,-0.06731933331727606,0.16054641358495847,0.15243499483394682,-0.011008825421745229,-0.15335448231180984,0.18221245996261798,0.09112597719531705,-0.11463944488139166,-0.12126267497120502,-0.0563505400064586
0.07335362196776186,0.5937002750839251,0.0977485121687125,0.305000810985431,0.34864272276298247,0.1880140817164189,0.1435817694126253,0.2689290513243076,0.19452722743000384,1.0108922339025335,0.26843009659454864,0.30297459343979244,0.18377957625513383,0.19906561161258424,0.2847357944118443,0.24505500508808373,0.32006104086466625,0.4746216647293304,0.33087043077166206,0.0980628745853444,0.18623728475137982,0.2609076032216078,0.20925551581363014,0.2944693892675492,0.24641799169695888,0.2023291224780409,0.3519201325777507,0.1708835658070608,0.2931810039427505,0.28761478420229974,0.24624262508416306,0.2390980571008668,0.2726477284788384,0.2801924833399317,0.3225014192479713,0.3218392354151418,0.4573784928781654,0.06214747358374997,0.2849086663373124,0.14195608682007033,0.27876487387925303,0.3052451464393867,0.2556666509545832,0.06197381858351803,0.09700290619288482,0.28022393911834276,0.41757412190155946,0.009681166257832921,0.19897971160131925,0.06493312930850144,0.1828559759699832,0.0045244184933450355,-0.1932577065494517,-0.027174195133857753,0.15266751249845134,-0.009363195907017993,0.060064489626063935,-0.17330327888478156,-0.03681432552335696
0.10474059383291243,0.35492970487644177,0.05499079916487776,0.3015653048477756,0.37361277302208507,0.3159656089438396,0.22217844256401573,0.19344172608921192,0.06549646892669482,0.26843009659454864,0.7565316687128228,0.46347851324255973,0.16233359363529362,0.21429263721515204,0.29548031222514426,0.2635543539756151,0.26563426352640107,0.2232262245045524,0.3490270781012367,0.35627295467706693,0.23912700901112255,0.15572343882204318,0.032742531180436976,0.2566568172569478,0.2387730163805202,0.22412902530219045,0.27390568204935756,0.19416737190692468,0.2632546271520858,0.17489742053268253,0.20728625929721362,0.2666872449786858,0.18585513756002262,0.2487950776770286,0.20969762659523478,0.2672329094085728,0.2152875948951379,0.18474350968660644,0.3595295022109726,0.1765066244563771,0.19035885412856857,0.21603022401408842,0.20187345753935776,0.03279933991402409,0.12367270089474477,0.21182050326590832,0.20585186242499823,0.019918387165280077,0.007528235777472235,-0.1139532392618776,-0.013617091749480078,0.05597404038719302,0.07646176909254221,0.017717080119031895,0.04502981787460321,-0.004035710591937105,0.08177643441895006,-0.0022361165534477753,-0.18394030590630245
0.10812684049647539,0.3972017065832468,0.07148084010948975,0.3466219538421702,0.41651192129146875,0.3505467265128562,0.2507900324661594,0.10952772415881883,0.18523665980401066,0.30297459343979244,0.46347851324255973,0.6950129685964839,0.15667080182771273,0.21385671583858787,0.28669383093801104,0.28286582978235203,0.26951489175549215,0.2493709007140242,0.39470900356494676,0.27745260205075717,0.24001298030568094,0.17123319625177377,0.05879816777088773,0.234784245749164,0.2662474386256768,0.2325118590800184,0.26729242456857577,0.19935527082302953,0.20145775283235895,0.14750987451497347,0.22991931962324405,0.2683355605424295,0.2107725027316597,0.20875894854542998,0.14802241727076357,0.32803493824175284,0.16585627698505595,0.15312877138843167,0.32402987418343127,0.14994004456272408,0.21695620340537905,0.1947563360937919,0.17749802367879725,0.02469038796080298,0.07491871479543212,0.2283240555730994,0.1900378878546124,0.017134490176458527,0.029541463297423763,-0.03338838746982975,-0.03401675084180461,0.14862922879549453,-0.06398612489399846,-0.023701079198199703,0.05234017799612411,0.06598963437624382,-0.049543549208392657,-0.02562496923087388,-0.16254660210727867
0.058130996975208946,0.2612288530723051,0.08215388426125794,0.1878507582399795,0.20449875169597068,0.18090564094638625,0.11489514711309025,0.1820257404616973,0.09364208834063131,0.18377957625513383,0.16233359363529362,0.15667080182771273,0.3217008667629559,0.14688767619786308,0.09724101714150715,0.14765211355674518,0.15194515929615218,0.14198552406576634,0.19401144524642966,0.1293840913757044,0.11953281048716649,0.21038994029143773,0.04593697264455569,0.16268674762991697,0.12365977559475279,0.10673719193593204,0.151827348626244,0.09319670129928989,0.22186014852431446,0.10623820630832255,0.09730458361003626,0.1710435439062847,0.12310624547079412,0.148073893697941,0.15299059734752404,0.14298042599779315,0.18898421986174013,0.068256466530788,0.1839061864595276,0.06115358375527158,0.10158454413897536,0.13421038188224632,0.15611432786934906,0.04592962492155102,0.06833321533795923,0.1346699286403624,0.15432425506107078,-0.006684100889703107,0.19793968615935476,0.024438561015883313,-0.02393331871433228,0.02521666375385023,-0.007026161172546934,-0.026634747207207,0.023177009696703235,-0.04012801857981025,0.017478708965829124,0.005179880768412097,-0.04489120617565858
0.1229873925374296,0.23896360677098025,0.13637270367260892,0.308549067704306,0.2850256065896013,0.3369475761579412,0.11241278874426713,0.3101634246457185,0.2057158112515972,0.19906561161258424,0.21429263721515204,0.21385671583858787,0.14688767619786308,0.43959451929353255,0.2595111020271419,0.2874989563889886,0.20571556668086735,0.1943217849683401,0.30002828902033,0.26345579148805987,0.2103811404444863,0.17829662576071215,0.056952755602316364,0.2620700351230316,0.21013895183403256,0.290639396551884,0.19189183260457024,0.1568438988591018,0.23587491232411886,0.17529597308316958,0.1957098507443405,0.3227589539537058,0.17444499345438388,0.20922390182046194,0.1552899011094776,0.21838696206941274,0.22865844969938817,0.14656159230214097,0.17696875566604187,0.0680839840825725,0.2064568210620045,0.1758886626888824,0.19241681003564046,0.06291353814073172,0.06051050202033909,0.19631339726808608,0.2508640513034193,0.027259247748827507,0.3445131361004279,0.01378118020729298,-0.032813759487552635,-0.004806493697530467,0.0017627494126184816,-0.00781280081385421,-0.012162468069568454,-0.06396107100701184,0.15160445356512273,0.0362893782018514,-0.09637092589184035
0.1277300277862262,0.6876292045357811,0.22019917901093042,0.2272640549079706,0.2360235062396066,0.22273162179232198,0.1192088379319275,0.09400477937802111,0.30232305065022613,0.2847357944118443,0.29548031222514426,0.28669383093801104,0.09724101714150715,0.2595111020271419,0.7463924727131275,0.27278505865814423,0.26608592474700055,0.23792364110372427,0.24375321805846079,0.2692061719541769,0.2871261512303805,0.10128121980101674,0.21698156818682768,0.29123930251155106,0.28374767347786484,0.29023402075889726,0.3087442142130519,0.13339634365189568,0.238188830756813,0.2873401508576491,0.2595302831892438,0.2305854424417652,0.2745769124344836,0.24450227799666094,0.2574579684480773,0.3153525020864241,0.3613681641094086,0.1427326840921891,0.20438758110681168,0.057497559188335066,0.3069554349070556,0.2663500041690407,0.26117858993286663,0.051502803497059095,0.07340218424229132,0.31340189787618905,0.2751667523494676,0.044577698506835906,0.022314983929100127,0.19689054310051352,-0.07458353273736475,0.197751991075373,-0.1652134988124802,-0.06260358179414426,0.11001148418111144,-0.0007997422030560388,-0.07180035131750204,-0.0733246224197247,0.015129230048111455
0.09796962604659813,0.2905473220224535,0.09327326096086884,0.3089676214930263,0.3303244142859416,0.27584824576032874,0.16418538299317087,0.20321919327172858,0.20327523956441318,0.24505500508808373,0.2635543539756151,0.28286582978235203,0.14765211355674518,0.2874989563889886,0.27278505865814423,0.5850136006107746,0.26976377641363775,0.20767113247686486,0.29821833153939026,0.21676930691957141,0.2242616139716447,0.20518599492619777,0.14201752126228334,0.26577010629990805,0.2669614606792046,0.23804894254241862,0.23391759612142646,0.15235075551302663,0.30401888360157375,0.20730120855052378,0.20081783654226304,0.27653343756062615,0.20283538478191088,0.21802935697901543,0.25165499193946,0.27613872540220946,0.2968695318869628,0.11970797118672263,0.22978520304870517,0.11268209172425314,0.24204289435038054,0.2332793522179827,0.22852889585403996,0.0818964351342795,0.058429241937583844,0.23374307116187756,0.24684710607395907,0.018595307757246365,0.17632202050530182,-0.01679596478951619,-0.04202996084559193,0.07429884948852204,-0.016994080620845575,-0.03221876928939146,0.03689835092849575,-0.03204737096301902,-0.014603887707047904,-0.007213977622868254,-0.029005892246263053
0.09276076164254629,0.4046834968747724,0.19058249642638417,0.28129487979307755,0.266088446519324,0.2867377531238426,0.20765028515196393,0.22127245024197129,0.2466151012492995,0.32006104086466625,0.26563426352640107,0.26951489175549215,0.15194515929615218,0.20571556668086735,0.26608592474700055,0.26976377641363775,0.5886219989859006,0.24918081938837777,0.2935632839338059,0.31925511397327583,0.24010460604253722,0.32541215967046927,0.18315285732261005,0.2690473827444795,0.2536832535549727,0.21020202344973166,0.316557051882296,0.22588252394964461,0.2563721274654604,0.20452387845553494,0.24973642075810418,0.22591924774516783,0.2913308698183138,0.24558713445259728,0.25621602717707526,0.32488673567460474,0.4122811717016212,0.17328317533218004,0.2787653788024594,0.1227716759325756,0.2681676716104311,0.3474712916007412,0.3108638734292908,0.08681720083906357,0.12651288790232051,0.2910694351566165,0.2886761457893602,0.01264501553866436,0.17394650029474057,0.1328621014707426,0.034354005528467985,0.015825676729497654,-0.10926993792713614,-0.06977845035201874,-0.008794272455289734,-0.019432756804901623,-0.04314167849246859,0.023424026334615194,-0.060116833246175214
0.13730652334456644,0.8705697342008223,0.1844888796005449,0.30590554532330816,0.293676561522567,0.187496347104933,0.2283802986811367,0.2939717754135574,0.3654431281285529,0.4746216647293304,0.2232262245045524,0.2493709007140242,0.14198552406576634,0.1943217849683401,0.23792364110372427,0.20767113247686486,0.24918081938837777,1.1942997735921053,0.3151068316983679,0.02159468656431444,0.3384601223206451,0.28319774336627973,0.3067626313043341,0.3270752119573898,0.219249262784809,0.3896565387055181,0.15809562474304387,0.0437524371552663,0.30125330283604235,0.12226441600529057,0.23590825490982997,0.26675706182616804,0.23186037992410505,0.28946568518069415,0.2774227552260789,0.28926231005001457,0.4334328809512044,0.027694021069927372,0.14886175702155846,0.1633080331329332,0.3151568405267795,0.3232590416699173,0.26445058767040314,0.05407850479435481,0.11819104807844381,0.3864343247487981,0.5603841463510154,0.013686081607242731,0.2921087736878027,0.2286670406194873,0.521188709882404,-0.38067302084027255,-0.24683170479705122,-0.14397835809372947,0.06512572284944743,-0.0026640405907630035,0.09585145492231355,0.14588520906226118,-0.38404970314783404
0.07885977206166728,0.2986579972755127,-0.17806126948358844,0.45391216242647975,0.9058642513145544,0.5842609599402501,0.18135456020947532,0.3400147457260254,0.25713523397708155,0.33087043077166206,0.3490270781012367,0.39470900356494676,0.19401144524642966,0.30002828902033,0.24375321805846079,0.29821833153939026,0.2935632839338059,0.3151068316983679,1.0948831412459046,0.29068352095431577,0.34619371267700794,0.2400419099980016,-0.10983954481695507,0.34954963127114314,0.2522164494284772,0.2509846845152983,0.2158515992394964,0.38776154717025085,0.22749029654015732,0.2727939991656574,0.26838078628055456,0.3444596854895478,0.4250672116569583,0.22880794005520438,0.032293087616756956,0.3016784584108368,0.4348993894797045,0.16238794039725882,0.4037177140715841,0.1785498765831489,0.3806022933237779,0.26018822547682324,0.23924333504381437,0.03641855588284553,-0.07767103251051424,0.34251204096146554,0.24474827234669252,0.048982110362607946,0.11244723135416597,-0.12319497083577316,0.3089872948684449,0.567511197406851,-0.2792763260900086,-0.138603581819247,0.028009803904819008,-0.010840684432095956,0.1486408283432712,0.057295367305002884,-0.20575198073175777
0.11576606525963314,0.4180894383482224,0.23981157973807296,0.2484329839970497,0.21779494755783896,0.3935409228274167,0.16659931276684978,0.2664132834342372,0.1588028590060039,0.0980628745853444,0.35627295467706693,0.27745260205075717,0.1293840913757044,0.26345579148805987,0.2692061719541769,0.21676930691957141,0.31925511397327583,0.02159468656431444,0.29068352095431577,1.158008138342108,0.11997979098538619,0.06639951945510303,0.0023026671672623754,0.34805262056754316,0.22675102843964914,0.3096985976348378,0.3431708740146316,0.17988837317756587,0.3129649966495098,0.30360242034114493,0.1679070127563986,0.2624587044573855,0.2391569898662813,0.32714695011595785,0.20632585139142953,0.17546131970399848,0.40626500280399735,0.5406446465588292,0.3236049978846304,0.1659374427028018,0.14588907347407287,0.29820218416710625,0.2705504502047598,-0.0018623721738170837,0.23111329060940186,0.10680332682026794,0.18194558352922913,0.1013561149754987,0.24763669460727517,-0.08076363419782968,-0.17402142622794278,0.1345358149722853,0.0599355641392609,0.04132060122468743,0.014544409449027169,-0.05903164372380769,0.09949474391343575,0.02050907814224046,-0.09325164089086238
0.11185988385898005,0.5382251223024866,0.21357838610663393,0.2928555786246474,0.308963336254982,0.2991192297971157,0.2113510521759433,0.20768639822170565,0.3318483716872952,0.18623728475137982,0.23912700901112255,0.24001298030568094,0.11953281048716649,0.2103811404444863,0.2871261512303805,0.2242616139716447,0.24010460604253722,0.3384601223206451,0.34619371267700794,0.11997979098538619,0.7750281472795841,0.2432187345840417,0.1523385907125736,0.24202262130677826,0.20832595716694755,0.34893769719838713,0.16552236912807936,0.0705359571286309,0.26094471106102374,0.18949272694421462,0.29088369031651734,0.2114693262847297,0.26002386999798377,0.18245588260047768,0.3072891680375487,0.30416002547751836,0.31211241599725154,0.09046708368125773,0.23255580412649335,0.10960739911429854,0.46180277773684364,0.2863795482772827,0.3068109004994198,0.0752563516689378,0.11372845561758088,0.38235048541734484,0.2955892003743621,0.023859237412191786,0.1397740431364145,0.06957623003732923,0.06284787065764937,0.0249681211285709,-0.0195756400672951,-0.09742855657974435,0.027726749005875156,-0.02196585529240565,-0.3088972188821553,0.09586864313098693,0.12309177489774707
0.10681743560696016,0.08345637560964002,0.19911751659408927,0.2489164871469168,0.23084046796855973,0.2559400441745627,0.1946436134280474,0.19462162737492716,0.23097311132248433,0.2609076032216078,0.15572343882204318,0.17123319625177377,0.21038994029143773,0.17829662576071215,0.10128121980101674,0.20518599492619777,0.32541215967046927,0.28319774336627973,0.2400419099980016,0.06639951945510303,0.2432187345840417,1.0651773985223452,0.40687374947234956,0.309706994439058,0.18227398857164695,0.12742194991634556,0.26854674447722515,-0.012901943726206365,0.23393351684899197,0.35265549492980575,0.24177363615871234,0.26597485527174786,0.37660994259256175,0.1844265744063628,0.2795974893435391,0.3322398274219439,0.4271955082965788,0.09166106612630097,0.29973856911592056,0.04728175247858974,0.24784749027671285,0.32717428119512126,0.41921374611624235,0.1714561902958057,0.0296020714508317,0.4094842997594323,0.37807645306937304,-0.11667209417713192,0.9334113254526374,0.0932857184404731,0.012722173752108575,-0.10264773812671422,-0.023615376683590133,-0.08191625868981468,-0.0034434591234115026,-0.00013684306367803262,-0.07977555920004233,0.06168783152842969,-0.05525882930118133
0.08560273870315638,-0.8857272737041912,0.2980209293721347,0.09176692791848623,-0.10180009830272514,-0.0048539560148127036,0.09045872984997419,0.014677099604844146,0.21760731995614224,0.20925551581363014,0.032742531180436976,0.05879816777088773,0.04593697264455569,0.056952755602316364,0.21698156818682768,0.14201752126228334,0.18315285732261005,0.3067626313043341,-0.10983954481695507,0.0023026671672623754,0.1523385907125736,0.40687374947234956,1.695903902036264,0.36111929461957165,0.37239459923421336,-0.14279191782916945,0.06038251736353041,-0.924590805700737,0.2134575187065003,0.6361342473750664,0.25684731738255057,0.02045407915966187,0.4900063893296372,0.17924904354027815,0.331007364586833,0.41261226439879506,0.6093250271734365,0.028311984889640828,0.465727505377198,0.03464650164545713,0.4063410033722579,0.40879521452312423,0.2484225850062115,0.22170309582265577,-0.12107723674192893,0.5559073019749806,0.4719148658294929,0.018610073809268834,0.03985784402488924,0.26216305239818016,-0.13531218874759526,0.15421721812764141,-0.013965990862262054,-0.1542815369137804,0.09606006316728978,-0.016429709928316515,-0.1434693524635289,-0.11657939985444997,-0.010509121344731245
0.06208122125945869,0.12384880755343784,0.17299868925145884,0.31741531459828914,0.3138367014264664,0.3139876449816052,0.18069678013814963,0.26270026843437766,0.27769123596900774,0.2944693892675492,0.2566568172569478,0.234784245749164,0.16268674762991697,0.2620700351230316,0.29123930251155106,0.26577010629990805,0.2690473827444795,0.3270752119573898,0.34954963127114314,0.34805262056754316,0.24202262130677826,0.309706994439058,0.36111929461957165,0.9282351423660528,0.291764941199349,0.3411759195619127,0.2627316877763967,-0.034015769821875784,0.27553154422225407,0.8174452659130892,0.09892124665343277,0.3834044637827561,0.7576750176169232,0.29139055600886526,0.34305327165350924,0.35226096068697255,0.7011749558725252,0.20998392693432938,0.24440754690775843,-0.041685893531375154,0.32659580486818607,0.40056844519559176,0.2921035212806018,0.06658297261315956,-0.04890933890798508,0.3299641406235031,0.5315447885813965,0.06483362574777768,0.5658212329214646,0.0655446139063376,0.003985393855968539,0.1509322671980473,-0.05973391326581655,-0.1044971099705898,0.10865040063529444,-0.11916796892426784,0.20753463400519814,-0.17036928273275814,-0.03649004134588282
0.1187607530994663,0.18789282572806834,0.19040025274978506,0.25285207651120223,0.23018719806373208,0.2422680040076073,0.1635237064951537,0.23889292172184207,0.2087751023854245,0.24641799169695888,0.2387730163805202,0.2662474386256768,0.12365977559475279,0.21013895183403256,0.28374767347786484,0.2669614606792046,0.2536832535549727,0.219249262784809,0.2522164494284772,0.22675102843964914,0.20832595716694755,0.18227398857164695,0.37239459923421336,0.291764941199349,0.8848736864042006,0.15990620721227095,0.23767089463454816,-0.02992210383660189,0.35496857315608993,0.24014945326288534,0.2602715238251232,0.2164354443783689,0.24788796052310513,0.2812740608996886,0.2280596185018293,0.3449153389826429,0.3246804164787302,0.1281926092223338,0.3013569913197395,0.05877848119345516,0.25956995551480844,0.2688726237201289,0.20950365624084308,0.0879695393112671,0.028396042983298928,0.3452359015300897,0.26418767276591026,0.011352713367774627,-0.10291842204907978,-0.1388288563596184,-0.11377031626343159,0.24878687744294786,0.04112209085721778,-0.05742030723419838,0.07510536991011249,-0.028841284826855867,0.04276465440233103,-0.054960125557735634,-0.09311214171278194
0.10085008280410201,0.6486736660217112,0.24301959375873533,0.3127936415775138,0.2640496590350141,0.2913358762481807,0.18029962818963516,0.28412992497758177,0.39138708845772735,0.2023291224780409,0.22412902530219045,0.2325118590800184,0.10673719193593204,0.290639396551884,0.29023402075889726,0.23804894254241862,0.21020202344973166,0.3896565387055181,0.2509846845152983,0.3096985976348378,0.34893769719838713,0.12742194991634556,-0.14279191782916945,0.3411759195619127,0.15990620721227095,1.644308315853505,0.34781593407878175,0.26433243092963177,0.17103432325969972,-0.048743777240637956,0.18857981896829712,0.38788524476148334,0.11991033365031716,0.35704919532241647,0.16522808752294288,0.17635666810152031,0.11299285090068358,0.16787597691213918,-0.680568092486663,-0.06401068149402789,0.36385986058320935,0.20340283064378833,0.2157173599813919,-0.048108109846174224,-0.09582344251698123,0.059959069862093116,0.19784450664783204,0.08125446815692434,0.7493673507677553,0.1447698920433753,0.26595968469783837,-0.3956118717290308,-0.13728935768855396,-0.06318981452116743,-0.13845071642903994,-0.12323524542005895,-0.3051703474258432,0.4508541079743278,0.046540459185459356
0.12635357791910196,1.0533966439619025,-0.004887915065123179,0.21713229503719275,0.27929738305549995,0.19451099079152193,0.2201873184753185,0.17068385816751144,0.3133776576110706,0.3519201325777507,0.27390568204935756,0.26729242456857577,0.151827348626244,0.19189183260457024,0.3087442142130519,0.23391759612142646,0.316557051882296,0.15809562474304387,0.2158515992394964,0.3431708740146316,0.16552236912807936,0.26854674447722515,0.06038251736353041,0.2627316877763967,0.23767089463454816,0.34781593407878175,1.5978987527420498,0.31877322063420505,0.2799574754479914,0.3233208852835237,0.3491980805545187,0.2991729319814469,0.3692313971101636,0.2595646370901125,0.3740150226632758,0.5960565797461254,0.3943011423383485,0.21605210498681432,0.17038507697876223,0.23547511612628708,0.21905521141135637,0.3866648674496799,0.7285634308060668,-0.08402565285202479,0.4347510286056667,0.12471526767728665,0.2568297649220931,0.026239917573776028,0.34132615394191146,-0.11186843770435866,-0.14881788817828365,0.08240658872465628,-0.026590014690117292,0.08633799854641343,0.13667662973370734,0.16323981333977358,0.3184682097099533,0.010547287060704083,-0.5128377801768408
0.04787165530464274,0.9608790528799528,0.0221992866773852,0.1508450046754886,0.24805852937892967,0.23685210437057466,0.08123775211102816,0.18227103379270646,0.11805888827336634,0.1708835658070608,0.19416737190692468,0.19935527082302953,0.09319670129928989,0.1568438988591018,0.13339634365189568,0.15235075551302663,0.22588252394964461,0.0437524371552663,0.38776154717025085,0.17988837317756587,0.0705359571286309,-0.012901943726206365,-0.924590805700737,-0.034015769821875784,-0.02992210383660189,0.26433243092963177,0.31877322063420505,2.3669160438711963,-0.056390580911891114,-0.37500201960371754,0.18752492189882078,0.25964436178952416,-0.14184542987141435,0.011622064197075387,0.0793321224571149,0.24562734119979693,-0.10669376961721494,0.07783799219323095,-0.04265410336758256,-0.035366004935232016,-0.05798990217686238,-0.15507029215603352,0.31073850967440947,0.2873056165590435,0.3612192724586923,-0.2683725039748961,-0.1686571293392788,-0.008934924831726974,0.014509287583325786,-0.477546388047503,0.2111335981985405,0.316512970659832,-0.4195811750147268,0.17469345724472354,0.21406770325480542,0.01824417799682087,0.2972645632833249,-0.1623250568148051,0.02277931538031733
0.1038857757576741,0.45262848790540794,0.39386210537129984,0.24480615717825716,0.13594722186550842,0.2843979678040444,0.15722104266927278,0.28314525903684157,0.21454420957861334,0.2931810039427505,0.2632546271520858,0.20145775283235895,0.22186014852431446,0.23587491232411886,0.238188830756813,0.30401888360157375,0.2563721274654604,0.30125330283604235,0.22749029654015732,0.3129649966495098,0.26094471106102374,0.23393351684899197,0.2134575187065003,0.27553154422225407,0.35496857315608993,0.17103432325969972,0.2799574754479914,-0.056390580911891114,2.150545276419979,-0.25045475156951313,-0.04933025288610286,0.27599713348173965,-0.02514188207396387,0.7507086267019627,0.46986679893940064,0.17486843977435765,0.41776380468704527,0.09339406828269538,0.13362134576771934,0.1335109448839196,0.13930818683186708,0.3104344715438684,0.26256222276390273,-0.032228437908362675,0.41866506805964876,0.21287079854572397,0.2208410335986005,0.0005582389196028077,0.2903194299587732,-0.041312804834494024,-0.06011533615905248,0.19415083334978728,-0.13143431577626719,0.05706792726232404,0.05887522956350505,-0.120329767110938,-0.07873549964437118,0.14179475264114905,-0.1365066112522957
0.017887247318217496,-0.20668969096849543,-0.36053465243195,0.22169652481064483,0.4135133780586757,0.15742130769905252,0.09539181525495048,0.07450290518016209,0.0950409315457169,0.28761478420229974,0.17489742053268253,0.14750987451497347,0.10623820630832255,0.17529597308316958,0.2873401508576491,0.20730120855052378,0.20452387845553494,0.12226441600529057,0.2727939991656574,0.30360242034114493,0.18949272694421462,0.35265549492980575,0.6361342473750664,0.8174452659130892,0.24014945326288534,-0.048743777240637956,0.3233208852835237,-0.37500201960371754,-0.25045475156951313,3.185067726608328,0.14034025792269242,0.19391551891976225,0.8557939110316376,-0.12521722249948053,0.5346545453154913,0.3390150620695428,1.076462842844303,0.23191160708317454,0.6853937636383506,0.040545529202347066,0.6761531543306399,0.47007934255458445,0.44742370351808625,0.12192732761954364,0.10230817962769533,0.3247452340160681,1.3023472987704312,0.0968362312751499,1.1733634493821068,0.0051520889681928635,-0.11593258512715479,-0.08035261822192358,0.14569540997587557,-0.003812127637129752,0.00945047178114035,0.004123459328929597,-0.006361283050501352,0.31143632866897963,-0.29820478446878607
0.12819588132080928,0.33971837804069877,0.12151616378716668,0.21339314637007104,0.2756591402915572,0.21770487919671688,0.16461069875661066,0.168215467170556,0.3034743826954089,0.24624262508416306,0.20728625929721362,0.22991931962324405,0.09730458361003626,0.1957098507443405,0.2595302831892438,0.20081783654226304,0.24973642075810418,0.23590825490982997,0.26838078628055456,0.1679070127563986,0.29088369031651734,0.24177363615871234,0.25684731738255057,0.09892124665343277,0.2602715238251232,0.18857981896829712,0.3491980805545187,0.18752492189882078,-0.04933025288610286,0.14034025792269242,1.237568872724433,0.28488031148537546,0.17774243370469048,0.10158799481575137,0.24313274200320664,0.6759508033054473,0.23985647758625508,0.132854642117763,0.3085844407059495,0.0911251193448114,0.2304827467718422,0.2929236914203433,0.20776863415130384,0.06684570450036759,0.33636831089921493,0.42606056759487243,0.23267336145841863,-0.017101983862673895,-0.19982189532515598,0.08444658101495896,-0.02016144860852037,0.07681985618323704,-0.02048105103488755,-0.08952685536703102,0.2532989875259458,0.05506311047095789,0.3012622265519975,-0.34822649713937076,-0.18502932755121726
0.12428062262363938,0.2652325121541925,0.07053222014246462,0.2753764179471309,0.3056220158470302,0.3361242399999511,0.16592787216153881,0.30154100899151076,0.2238913776187814,0.2390980571008668,0.2666872449786858,0.2683355605424295,0.1710435439062847,0.3227589539537058,0.2305854424417652,0.27653343756062615,0.22591924774516783,0.26675706182616804,0.3444596854895478,0.2624587044573855,0.2114693262847297,0.26597485527174786,0.02045407915966187,0.3834044637827561,0.2164354443783689,0.38788524476148334,0.2991729319814469,0.25964436178952416,0.27599713348173965,0.19391551891976225,0.28488031148537546,0.7468886213579159,0.19623642754462062,0.2789016285497644,0.09469670608394548,0.3060333096218841,0.19974341083449917,0.16044565996810556,0.17141468220510098,0.0626014842934572,0.13902914798268998,0.19074434631199533,0.1358735452944322,0.0415822234473338,0.0880488999873766,0.16943716881997042,0.28467146516450836,0.012238735997788979,0.5289632669365734,-0.0335653667132845,0.027673573843245723,0.1296011294689228,-0.162703315533909,-0.011677548286547382,0.08533062236440557,-0.06470087401053254,0.774006372113729,-0.1670237231016697,-0.5503500384376913
0.055579106908643615,0.14212777362719403,0.09282738898333455,0.32219890543592705,0.3779517183375102,0.23694270438193077,0.20622901089801143,0.1602868940849213,0.35978296968479473,0.2726477284788384,0.18585513756002262,0.2107725027316597,0.12310624547079412,0.17444499345438388,0.2745769124344836,0.20283538478191088,0.2913308698183138,0.23186037992410505,0.4250672116569583,0.2391569898662813,0.26002386999798377,0.37660994259256175,0.4900063893296372,0.7576750176169232,0.24788796052310513,0.11991033365031716,0.3692313971101636,-0.14184542987141435,-0.02514188207396387,0.8557939110316376,0.17774243370469048,0.19623642754462062,1.8276797915703749,0.0251001949753844,-0.014322960591073443,0.2530920526464102,0.8592124729087469,0.1879936614796415,0.27736198923195654,-0.1658131330732442,0.35904564919960646,0.36918546510403816,0.42587894561286116,0.04991423764443709,-0.4466603077262575,0.42850535703017084,0.4395867389179538,0.102417043242226,0.35436442018217956,0.2050166386220795,0.000648222113231195,0.5092769440929295,-0.12942670336712517,-0.27590483932504084,0.12317170115534985,0.021645181980095504,-0.1335410912798424,-0.020285140632131212,-0.05844858712132985
0.03840094211173193,0.3571882158339098,0.20089316583671113,0.2535342025925625,0.23185466220363954,0.2647035665509491,0.1585059019324532,0.23785457790632947,0.24173213921822148,0.2801924833399317,0.2487950776770286,0.20875894854542998,0.148073893697941,0.20922390182046194,0.24450227799666094,0.21802935697901543,0.24558713445259728,0.28946568518069415,0.22880794005520438,0.32714695011595785,0.18245588260047768,0.1844265744063628,0.17924904354027815,0.29139055600886526,0.2812740608996886,0.35704919532241647,0.2595646370901125,0.011622064197075387,0.7507086267019627,-0.12521722249948053,0.10158799481575137,0.2789016285497644,0.0251001949753844,1.6335180399630311,0.2570977355051445,0.08973581029956999,0.5303988162825902,0.18384702126699937,0.01696978877968595,-0.06410266630077914,0.09190179811750124,0.38474189617525306,0.21661062791666516,0.15154853372470442,-0.20630568503932045,-0.09401714981102902,0.2283780660895852,0.043078099637733076,0.28803115894222064,4.365346245436812e-6,0.013583927076590478,-0.08133533755380393,-0.030189243685530297,0.027271570976126973,0.012801579555263426,-0.02373596090242225,0.07191154353145401,0.01196032029450448,-0.09769096742068599
