0.8797599672608639,0.20284214562613814,0.2983287243954241,0.003892665872597609,0.08262873652105651,0.05626179941890016,0.2331163589123712,0.05032194286622567,0.09103314714915207,0.08705009468610343,0.0671862607976915,0.11298568963533999,0.05271396635856173,0.13341767026018453,0.06947581846167078,0.0874213434546243,0.035575099186705456,0.11276887064921215,0.06529776964361361,0.047002174346715005,0.05024042465371029,0.09421651382514971,0.10575060227774778,0.022365107443997813,0.13424435882531566,0.05344332447068668,0.03550148583197518,-0.032169134882855215,0.10670016114125291,-0.03126180770500402,0.052181182497749536,-0.01752000149396092,0.07847673536991995,-0.024724894982685815,0.07675961265428018,0.023364912764708885,0.0921514569972082,0.03402587771389083,0.029999442602849886,-0.03269997389086282,0.08593198536580958,0.04348604882071412,0.06481798695539677,0.06341228178975006,0.03018175062467932,0.0767615323692437,0.04859496088202307,-0.014547984897468341,0.001995637914638728,-0.02598775050726823,0.009900250021334097,-0.03383652951540292,0.04133059668745482,0.00817510366708576,0.07990566952417341,0.014312357655477488,0.02772505135811806,0.1278887661298831,-0.26196797143971434
0.20284214562613814,3.043018716070859,0.21314281425332665,-0.045610060708274155,0.06994141821830444,0.0629527313014031,0.2209807231638245,-0.009594475403107799,0.2634497902985516,0.08132402059210851,0.11382535185854611,0.0942214163842824,0.06590925145446401,0.00855894703801554,0.22691215199968207,0.06648380480018111,0.14701806324403713,0.12244809540970414,0.1061126097611859,0.0008732418337264654,0.0816319035495688,0.12190077891445028,-0.3039790463032614,-0.012966461540295885,0.16971731430219725,0.01592903810100115,0.2729485043615967,0.2272555489739357,0.22554504106605236,-0.045974640346434385,0.16106225052610396,0.0848461886606638,-0.031001680252099074,0.08299216355151785,0.10187859827497774,0.1331789087808321,0.17207233276868744,0.020468176847305,0.09538641826106685,0.04958390480781153,-0.006126886238386513,0.06393041421971639,0.0776759075090787,0.0765513692929641,0.19989641191328741,0.11907552798158483,0.007908731039993958,-0.032381237381092096,-0.08560304866142635,-0.012797378307304336,0.5179971626807901,0.23774934350254984,-0.17474192679451847,-0.05610814812608108,-0.25782034133017157,0.0721795695787703,-0.012292321832481242,0.11326342611023915,0.05595588116475746
0.2983287243954241,0.21314281425332665,1.9437421081879966,0.12693378698878455,-0.014416400578226,0.3090636404395746,0.14942304121592737,0.26107711937685696,0.3912480658383638,0.22430547117890037,0.17538853779646751,0.2379860590031676,0.0906769259764916,0.16554850821431902,0.1794296779815569,0.16057800199472186,0.23414123634595757,0.24988355194872178,0.22832631824018929,0.3272365952527534,0.20570017736539895,0.300314426028435,0.22797318938750932,0.1182212925552196,0.2138295573861019,0.21238167430190313,0.13623744655620865,0.17875320186273225,0.3318181341899683,-0.3262890405441333,0.1461671116502881,0.12322478982213697,0.14880604380702017,0.2225727295657082,0.11290946639969428,0.3718836423218632,0.27120939045437864,0.17284240544979806,0.08424644715900635,-0.24809898864706667,0.28960732661724226,0.21594387417353025,0.1086218214704129,0.2713421965515123,0.011671684806405212,0.42952907165174625,0.015555680059171335,-0.04760548536049873,-0.2173721438967925,0.04013886606425881,0.015151256392397868,0.10533798064133072,0.08571692372077445,-0.14872701783962763,0.025041791877994945,0.10625166744373181,-0.15643904113769294,-0.1741496038229858,0.12120280387361594
0.003892665872597609,-0.045610060708274155,0.12693378698878455,0.9922597431644244,0.33365965143051457,0.2714252352012507,0.23133545869737174,0.16751097060355055,0.14783216063958662,0.1983213223363757,0.18172229733182063,0.23751103313286723,0.13426935862644804,0.2288015966425246,0.15888831579345492,0.19676037922581321,0.16379898434325163,0.18093050241216316,0.21917423326423338,0.15469394686736526,0.13823311307233635,0.17083904105001554,0.14610169072559534,0.13109355663480765,0.13837650644812902,0.1713291784109656,0.04913234349566034,0.1270935772896152,0.1630400420002251,0.08654969908532124,0.13177339732528376,0.16028120862241663,0.09434593872379814,0.2375383656203516,0.14412489682294866,0.08688924611178543,0.17000210088212547,0.08366266091671151,0.1678662398684535,-0.002789352617513148,0.1290340670501211,0.1405033411435993,0.10978809203824345,0.28242077530758664,-0.0765400175914833,0.1349222222303873,0.15757125757674012,0.008324878220306017,0.017328557782952916,0.14235340997782645,-0.1045069281443118,0.18875303567931076,-0.0873234899921836,-0.08663161395430473,0.0027584180520509854,-0.011689102747484323,-0.0977928670242723,-0.002438908402386119,0.10140762772258398
0.08262873652105651,0.06994141821830444,-0.014416400578226,0.33365965143051457,1.0959467564108714,0.388948033213762,0.10601239957705282,0.18850179188112248,0.2636911000089077,0.12393458856177507,0.19831361736410555,0.25001145569988986,0.1619574959870949,0.1705219137297731,0.2972246660017439,0.2153597243869957,0.14405329772533226,0.15147817827171825,0.5813935646661075,0.2688512805532723,0.1361265483401187,0.19464170988422433,0.1917396045014683,0.15315878109187767,0.022220218245431883,0.1665574854446408,0.014145962867186303,0.060528539721508776,0.13734368172273914,-0.054028002716516234,0.10451744384147574,0.21539203835765666,0.14147134972275116,0.170953700337761,0.015274085953196148,0.08676631298935336,0.16217019182378867,0.1382868736957974,0.13370928988795372,0.06049398446322348,0.12435979115184488,0.14679253433299408,0.03679077728677179,0.051647176744949175,-0.04224469844955831,0.11800273358612437,0.0867866722375047,0.005925576789418405,0.1431402963928725,0.2570241736831064,-0.03848013551395094,-0.07456886165630898,0.19493325972002382,-0.10889417455219662,-0.032302257174041726,-0.08315060706476154,-0.13343159931403925,-0.013947917559988247,0.23893631970083912
0.05626179941890016,0.0629527313014031,0.3090636404395746,0.2714252352012507,0.388948033213762,0.9355553595005437,0.020794182993488865,0.3010141297232923,0.40203562121534425,0.187229189262827,0.2463830907325676,0.2586709725119226,0.15315010461047146,0.23812784537463938,0.287256842055164,0.18551502353426627,0.2344127820916453,0.19948490170051053,0.5240093863147831,0.2979843792796161,0.16659200926956444,0.24928748378575585,0.1839014517300667,0.1708166929563493,0.08952026686263112,0.3438678278579066,0.10603733665944208,0.1860360938587377,0.25090245539185435,-0.022531907360536906,0.12009925275640254,0.26830484139579897,0.14599604035458347,0.21609399837092153,0.06638383184308654,0.122969092284189,0.27321673791312734,0.15772880216891358,0.10194754667415248,-0.014920120385548562,0.20367035889645477,0.185023310140774,0.12939743733124923,0.08556134231869073,-0.032446953505409305,0.15423357622829362,0.09313895610301666,-0.00839121013176551,0.16083372693138254,0.015981286072619904,-0.40493252499009447,0.012251436310424321,0.019216370563813232,-0.06475618849473473,-0.04653199772815618,-0.020755886073871497,-0.1206466219417813,0.04057289845766669,0.12082409817301402
0.2331163589123712,0.2209807231638245,0.14942304121592737,0.23133545869737174,0.10601239957705282,0.020794182993488865,0.6731784151077038,-0.055944160330626644,0.23328380824070682,0.11606476925718107,0.10740371318479972,0.2184540945714965,0.057556722732784574,0.002866693921669949,0.07494138475520412,0.08702065367833386,0.14255003479079845,0.11586184259352485,0.05350632484455108,0.040347774450905295,0.08252933994142175,0.14684944472987457,0.11638368984934364,0.05841429792949928,0.10649351589949907,0.08911959272134536,0.09327098963031712,0.09148600903571238,0.12400916447824754,0.0399747556120951,0.07222799404664236,0.07573475507239368,0.06040697776813983,0.14491557266476646,0.0962231264143397,0.10281937564434904,0.1036920202890742,0.029736743236745196,0.11157669322096779,-0.01727940286564328,0.06280865157869626,0.08185124062066708,0.07448485656821328,0.11221050270197075,-0.00852690873861979,0.09358462115154269,0.06918651276310435,-0.015064286128096124,0.01851621315941833,-0.004397319567034145,-0.04051960976021803,0.13866307234043707,-0.05910391675957526,-0.057478228088692886,0.11000269171810781,0.054877060234264856,-0.08252968841616797,0.06182050910597381,-0.19428121972194096
0.05032194286622567,-0.009594475403107799,0.26107711937685696,0.16751097060355055,0.18850179188112248,0.3010141297232923,-0.055944160330626644,0.7826141465928793,0.015461937253144091,0.20812686725448667,0.238626998401676,0.2027703819965071,0.17699746376828643,0.25723581921464234,0.11636919435686553,0.20159910629001573,0.16615629602231236,0.17691235206746247,0.24614586041627026,0.24813976411880864,0.11453081064226767,0.13016964101272926,0.12343899568377575,0.08320333365761111,0.12854905652162044,0.31246909023107805,0.1625734178623971,0.00805110512458902,0.1503614278634104,0.14210258268902387,0.07200612330680058,0.05223864369854864,0.05597025776899396,0.13935146168868173,0.13229709164858092,0.14998564772237377,0.15462986704992931,0.12982703416214594,0.13057512142306685,0.02711528758773485,0.15352211414970998,0.14261430863445043,0.13171045982270227,0.07479909704102061,0.04827555768754328,0.1393079641548861,0.17081586286398232,0.007543098955382112,0.09746659234022215,0.06611626419325496,-0.11794359916740949,0.10158507649387857,-0.028441838111243053,-0.059073522226780174,-0.10981093069540666,-0.05178938675273094,0.03235522595291144,0.13243665873614255,-0.03717556477280145
0.09103314714915207,0.2634497902985516,0.3912480658383638,0.14783216063958662,0.2636911000089077,0.40203562121534425,0.23328380824070682,0.015461937253144091,0.9434368957750194,0.08251115789808575,0.1323733975265717,0.24025989484379992,0.04455515342450055,0.08712957956584799,0.2755662880773816,0.0939567118512789,0.21665463267281615,0.12672820611391158,0.33437635088748047,0.20627843745842506,0.18374817488093198,0.3812638571863203,0.17783260063690765,0.17765986708324064,0.04380006340277575,0.26481570020941186,0.13484799956709376,0.21779363490538656,0.10205786047837048,0.07844503292196947,0.15522250463180132,0.2529099645388496,0.20438315934715645,0.17058688111311132,0.06536535102136219,0.19377049292506754,0.17137213549864827,0.11730029263084726,0.16922589136821772,-0.033918477916291316,0.08670536259516763,0.16606235808942993,0.12970177441315356,0.11333893813813999,0.0015275859605194493,0.2630893587996032,0.10205960883944111,-0.04883305543605115,0.1851046920315436,0.0670977160312474,-0.08661368298084425,0.14914923051255807,0.13734228369153156,-0.18326794964932913,0.016610077602851554,0.10694984442573552,-0.2080822952348889,-0.06554541644531428,0.1059085133567655
0.08705009468610343,0.08132402059210851,0.22430547117890037,0.1983213223363757,0.12393458856177507,0.187229189262827,0.11606476925718107,0.20812686725448667,0.08251115789808575,0.5629877803723057,0.1574084228932529,0.1529055053054798,0.16362772174091417,0.1380322306497428,0.10411835415142018,0.13789172727039545,0.13547320158812828,0.17207176090401316,0.12149759203904593,0.1345480645528862,0.09864235373400677,0.1308523021622506,0.11081970966619374,0.08382569807167654,0.10694116084110775,0.15560419021132604,0.13999694326922557,0.10298172542487066,0.18515100871923554,0.01794210109588615,0.08734934225551548,0.12311698851707335,0.040013137757413345,0.2016775637277515,0.1093987384965976,0.13251992192469245,0.12946245517557775,0.0773708956891446,0.09488783724707144,0.03432470170785187,0.12850103213980016,0.1128706537291241,0.08155618519324262,0.11898008765119071,-0.013409690032723118,0.09350292857908651,0.1585110585118885,-0.010154811149253278,0.03250116791126727,-0.0722680254922111,-0.0321147305848347,-0.10912515750742639,0.023909859531005606,0.02356770414525785,0.02629230058626736,0.08582870495888639,-0.03944293201928898,-0.07318502945092242,0.008949001993319425
0.0671862607976915,0.11382535185854611,0.17538853779646751,0.18172229733182063,0.19831361736410555,0.2463830907325676,0.10740371318479972,0.238626998401676,0.1323733975265717,0.1574084228932529,0.38851125173842976,0.22051183470797006,0.20556331188911148,0.1433529528107245,0.2264347450883163,0.1701813949860596,0.22705616532533512,0.15105881985199532,0.20743386104428796,0.21170519980585964,0.11077364158563924,0.1595978809751109,0.15592133835222702,0.0998606995131885,0.0988107092049389,0.21387476520914864,0.1683721853691936,0.19563705403363388,0.1714958235335466,0.01794243614267944,0.07503086708623333,0.12417571032535953,0.07171747404194123,0.12552354746887776,0.09058116994193909,0.14115905975560197,0.13337398272016485,0.11151204222578388,0.1033477718780896,0.04044343559333574,0.12494145242067392,0.1285196715094894,0.09443202175048857,0.021880584202750637,0.03899554734443276,0.11167236023898774,0.1160928380388345,-0.010144169395268843,0.08046916316598418,0.009954778695388316,-0.06411194709542557,0.0077940022470988895,0.03765732292402704,-0.03430370387698579,-0.05425080011526755,0.025439607649069846,-0.06498231597706419,0.04698793491413797,0.008917471395940388
0.11298568963533999,0.0942214163842824,0.2379860590031676,0.23751103313286723,0.25001145569988986,0.2586709725119226,0.2184540945714965,0.2027703819965071,0.24025989484379992,0.1529055053054798,0.22051183470797006,0.5777121835576183,0.09144528456348987,0.15816724273282598,0.19706368475145414,0.1843455494551461,0.20560321533303724,0.20236386908691645,0.24540279359517414,0.21654300410444316,0.15106006817713497,0.1918421580079378,0.19978786164543252,0.09448102777357727,0.13419143471187994,0.24120574869622652,0.16154235564547798,0.02474294639421379,0.209380050784512,-0.008412113721668932,0.06289982084203154,0.10761676951662821,0.08970639185258907,0.16326808975999849,0.12000262762986348,0.19278740690777738,0.1493859900430381,0.11645856404579559,0.15751812594817632,0.034834875180225974,0.13516483281796352,0.15976133450368532,0.09580581011085149,0.029684217062576207,0.06245314168456574,0.14434535139680635,0.13115511052110676,-0.006361820927343117,0.10889793308281646,0.058893241216772356,-0.08084585884092776,0.07139799236234899,0.021866668419596356,-0.07093434168126801,0.04826519144327052,0.03807011103750001,-0.23683595445971942,0.006829621047528072,0.03694022698595732
0.05271396635856173,0.06590925145446401,0.0906769259764916,0.13426935862644804,0.1619574959870949,0.15315010461047146,0.057556722732784574,0.17699746376828643,0.04455515342450055,0.16362772174091417,0.20556331188911148,0.09144528456348987,0.37359661643033704,0.1357186332126025,0.08148755247636338,0.1633539912693319,0.1144331492426135,0.12245812560844632,0.12402605424448641,0.09616666798158427,0.09231689250940354,0.14393324775134445,0.11256205025751043,0.08429674350361986,0.07997761333205583,0.1597434072770921,0.10683284540011523,0.10445236938272168,0.14491942954213005,0.08478673086307752,0.045782872579019376,0.06901474921270277,0.0641071272006622,0.10167959440431869,0.10073959988997018,0.09404027246790443,0.09344688643183433,0.05346574996913981,0.06783270190829466,0.011514628586896952,0.11342724534782565,0.0958790787326465,0.0801186489874319,0.07203577667477368,-0.04108069792576677,0.08846974815360412,0.1132879122036869,-0.012277878121335191,0.06670304267852487,0.02219051327378906,-0.04342847380808502,-0.06213268104163699,0.018156978427125315,-0.03168622855695549,-0.011832978592975319,-0.041311407193561855,-0.09460760321566708,0.0283384970700396,0.11254341755870521
0.13341767026018453,0.00855894703801554,0.16554850821431902,0.2288015966425246,0.1705219137297731,0.23812784537463938,0.002866693921669949,0.25723581921464234,0.08712957956584799,0.1380322306497428,0.1433529528107245,0.15816724273282598,0.1357186332126025,0.5303522954001403,0.13708092516805284,0.24154740109209452,0.10663893538764198,0.11077148737327597,0.1842482222281058,0.17094997826559702,0.09339035587909665,0.14707272390320156,0.11378710782415119,0.09869791092437359,0.16323360419924335,0.21370189065583764,0.005670886938498491,0.0966474477232094,0.10226102311905395,0.09558190870419787,0.07318390116626221,0.07719234685018769,0.1066680036586548,0.0726556888757863,0.1304086009101995,0.017295445960687193,0.15485531452803938,0.08818991387075319,0.04672071989875859,0.0063325625773668435,0.15820852994908982,0.11145951718108567,0.10440415959907985,0.15217406986761597,-0.010242553019438928,0.09501551106859833,0.13515248177790373,0.0024617209688196006,0.14337462240216936,-0.028893849595352183,-0.03142774769198738,-0.016311531004847172,-0.013052174642874557,0.021301499964788632,-0.09378023277791353,0.0165511553253111,-0.07127187518541815,0.02976721536341913,0.13703003314331408
0.06947581846167078,0.22691215199968207,0.1794296779815569,0.15888831579345492,0.2972246660017439,0.287256842055164,0.07494138475520412,0.11636919435686553,0.2755662880773816,0.10411835415142018,0.2264347450883163,0.19706368475145414,0.08148755247636338,0.13708092516805284,0.6427607796793031,0.1125230715883068,0.21045663500440326,0.09781955586277005,0.31671606783539336,0.22379685608022648,0.10776714343895981,0.14713985482218506,0.1599242416802909,0.1092540606704902,0.10421103831166932,0.16642947503938088,0.1604048524022775,0.2544579964165609,0.16046397704535936,0.04385882582370675,0.06392469558928456,0.1316682101176399,0.10472843602291683,0.11817486205840637,0.07267988033164556,0.12117822441278736,0.1685732732796727,0.11257562451130565,0.09946035854957538,0.026391028620929242,0.12908121318227364,0.11804612623901999,0.1147325169340161,0.019671474454734522,0.0389094659041441,0.1192983718007227,0.09709798977860812,0.0028107556751657907,0.12353482428313582,0.18852327369911037,-0.10141168227857592,0.2084185902183809,-0.06000326063051546,-0.056953711603050274,-0.05269691405278554,0.08797145106598704,-0.14864405614782472,0.01895389820016815,0.08321052859684405
0.0874213434546243,0.06648380480018111,0.16057800199472186,0.19676037922581321,0.2153597243869957,0.18551502353426627,0.08702065367833386,0.20159910629001573,0.0939567118512789,0.13789172727039545,0.1701813949860596,0.1843455494551461,0.1633539912693319,0.24154740109209452,0.1125230715883068,0.5801595484976749,0.17754425214897815,0.16211913062353248,0.2310378683613712,0.1485833435388883,0.12563731847257514,0.28103433625849106,0.13440839974955365,0.13097143505550488,0.1531570917308428,0.15576969747366548,0.08474256378368503,0.1572093457098357,0.17287151103660306,0.1417864191651661,0.12015005216723139,0.16810429414794756,0.0788260008270777,0.15286288032256246,0.17901130854563582,0.09426691929701143,0.11876301737399303,0.07916528376092759,0.13768649780672468,0.03701235802941939,0.13047080205468933,0.15632374129843524,0.1360241299091713,0.20295507378574396,-0.027536403053774142,0.15432677095956562,0.18205781092625642,-0.0390928767312484,0.11494981435102421,-0.0007039425183854764,-0.046387045163915765,0.11948102143900316,0.052795816580803935,-0.03887922723087801,-0.021999303244267163,-0.003269413233084561,-0.1263928838373199,-0.010052183673436927,0.16058201107660255
0.035575099186705456,0.14701806324403713,0.23414123634595757,0.16379898434325163,0.14405329772533226,0.2344127820916453,0.14255003479079845,0.16615629602231236,0.21665463267281615,0.13547320158812828,0.22705616532533512,0.20560321533303724,0.1144331492426135,0.10663893538764198,0.21045663500440326,0.17754425214897815,0.6571031920158927,0.11811699791308504,0.22857438084439857,0.2962841235271295,0.17296340797388976,0.22376433935501783,0.1375146890673056,0.1544573148583055,0.15784428572784986,0.16078603439266753,0.20809908344500597,0.6232292336119356,0.1888330110748454,0.07244318890995262,0.14969705203999095,0.189525446369969,0.1307089583594022,0.1830988914493648,0.13295593703696634,0.19691915275330774,0.2961296892155359,0.15523947781026948,0.1971140017593019,0.034133505640750524,0.1952033517362317,0.21867482900915264,0.1221668875330881,0.07359954589314283,0.1074847173184191,0.17497792760987224,0.16785011001136713,0.0031033608684408387,0.08171717660004892,0.029898341688598423,-0.03700160378873233,0.07941348934519893,-0.12317376460787013,-0.09891061326006745,-0.07849693234261551,-0.01061352636645763,-0.12506164077864868,-0.0005340647318775189,0.15409319070240912
0.11276887064921215,0.12244809540970414,0.24988355194872178,0.18093050241216316,0.15147817827171825,0.19948490170051053,0.11586184259352485,0.17691235206746247,0.12672820611391158,0.17207176090401316,0.15105881985199532,0.20236386908691645,0.12245812560844632,0.11077148737327597,0.09781955586277005,0.16211913062353248,0.11811699791308504,0.8747564049597247,0.24636181941382254,0.06777368188756315,0.1790286555606578,0.15129402069241338,0.43979918885763736,0.11783380828184986,0.1123549697665366,0.2992035421554996,0.02856258560350216,0.1305925559912361,0.1668026417530959,-0.024508878638981192,0.31662367969484184,0.11407555506003932,0.1855020550036004,0.17623667475300644,0.15354431334621832,0.07695917903116736,0.26042333185359146,0.04136202219040266,0.045504170649780004,0.0038894008247235185,0.1003145160970959,0.15821479069409808,0.13158014230189322,0.05224502153704757,0.02361723042572882,0.19079054017241207,0.38155477607590504,-0.01969122653540408,-0.13943133039156794,-0.07771719604533339,0.24377012308624985,-0.12436236422028736,-0.29880866328970046,-0.06809138092829004,0.06083644567904482,-0.002960763191631868,-0.09751134447507122,0.08695012123678841,-0.05510497161944278
0.06529776964361361,0.1061126097611859,0.22832631824018929,0.21917423326423338,0.5813935646661075,0.5240093863147831,0.05350632484455108,0.24614586041627026,0.33437635088748047,0.12149759203904593,0.20743386104428796,0.24540279359517414,0.12402605424448641,0.1842482222281058,0.31671606783539336,0.2310378683613712,0.22857438084439857,0.24636181941382254,1.2461507187157779,0.481238012555152,0.17493254695555832,0.23793570855647697,0.13161857327423943,0.1332618233193311,0.08471901767217842,0.2065526894755861,0.03948971118367365,0.14366917488721606,0.1255283844872673,-0.04202507331830288,0.19625631631191476,0.1651815057564392,0.16849982464126004,0.1686113945557052,0.027785075299314396,0.12007213914655257,0.16425952091670523,0.24208309889406682,0.12895851712784978,0.060424195381659065,0.13045475176519497,0.18808899237741333,0.12594397488423187,0.07484714955572859,0.08987318929123493,0.2343943714326994,0.13128696745342686,0.005216102092927747,0.06984981935738056,0.2353274567637074,0.3824901621168633,0.5537914249412069,-0.5096699451458134,-0.19883981691685876,-0.09051940753351281,-0.030603956123308833,-0.11714821212688498,0.08820905459482997,0.10504089840848091
0.047002174346715005,0.0008732418337264654,0.3272365952527534,0.15469394686736526,0.2688512805532723,0.2979843792796161,0.040347774450905295,0.24813976411880864,0.20627843745842506,0.1345480645528862,0.21170519980585964,0.21654300410444316,0.09616666798158427,0.17094997826559702,0.22379685608022648,0.1485833435388883,0.2962841235271295,0.06777368188756315,0.481238012555152,1.6048263137252328,0.18186478855128088,0.18708050003291185,0.2486681439684329,0.1729708119731789,0.18209243750444012,0.28594099726237804,0.19499954452078147,0.16197047067549047,0.3666059852238692,-0.014822108691781855,-0.04056184228386811,0.21661464828423652,-0.060092549754471696,0.29195163564212695,0.06351669047222229,0.1679545992737685,0.3482042863396393,0.7450542101675534,0.1255761583951192,0.28726508722631955,0.07263490234057665,0.2663186817270934,0.31827226103396117,-0.2487760493270605,0.5804293342088765,0.22680232568554898,0.1655384237587004,0.022700474712840382,0.25048580932800746,0.0682260972653355,0.09910443238926687,0.1846134044161863,0.08257845147292243,-0.10101514175162787,-0.09205584943551098,-0.016633914022166692,-0.17780382515577328,0.06806405992512854,0.14911240495902708
0.05024042465371029,0.0816319035495688,0.20570017736539895,0.13823311307233635,0.1361265483401187,0.16659200926956444,0.08252933994142175,0.11453081064226767,0.18374817488093198,0.09864235373400677,0.11077364158563924,0.15106006817713497,0.09231689250940354,0.09339035587909665,0.10776714343895981,0.12563731847257514,0.17296340797388976,0.1790286555606578,0.17493254695555832,0.18186478855128088,0.4814734014155273,0.19162524839500197,0.11295553700047661,0.2125176388645557,0.07161641398620826,0.07434107732703912,0.0659365203451291,0.06045861542601729,0.14038527077535262,0.16078985344733657,0.30309270301727503,0.25184255154896035,0.2655915832112712,0.10886011694144106,0.17024000317807172,0.15665126618801611,0.26187743877333913,0.10463345279905636,0.2951476477648062,0.06520807767289549,0.07366451190416941,0.3199492332558449,0.15559989478831032,0.16102390925784213,0.21905319437809134,0.20974585047773014,0.23894200633164486,0.03942616160935795,0.038490852565967376,0.12782844882659916,-0.043722788119814754,0.08996489385339324,0.025734625055087616,-0.12433294220420421,0.01990863174597171,0.008365759601360398,-0.31324987801208054,-0.019734305980815582,0.28761754092200587
0.09421651382514971,0.12190077891445028,0.300314426028435,0.17083904105001554,0.19464170988422433,0.24928748378575585,0.14684944472987457,0.13016964101272926,0.3812638571863203,0.1308523021622506,0.1595978809751109,0.1918421580079378,0.14393324775134445,0.14707272390320156,0.14713985482218506,0.28103433625849106,0.22376433935501783,0.15129402069241338,0.23793570855647697,0.18708050003291185,0.19162524839500197,0.788872404316614,0.23138400955803226,0.18093072179081007,0.12506634980908268,0.1676746525011402,0.14173475542195665,0.15921307335513127,0.2109467845028155,0.1460670243886438,0.10744733703425915,0.19362189843316654,0.22199225741992265,0.1586321343899663,0.10163299706461415,0.2521221405634616,0.12341399949509203,0.10996293740921662,0.19040788015490973,0.0075948212863579355,0.1759960349570173,0.1995845004077679,0.1676118308319798,0.23766471992375798,-0.11658681266274475,0.33913206853574274,0.1536691547670906,-0.1708827003644269,0.37464750468432095,0.07743401337041857,-0.07383814054016392,0.09940516780116518,0.10570327186488898,-0.13842218283746094,-0.016058163979586277,0.032518187508244624,-0.16444693935424476,-0.055326267639993654,0.1704013630327131
0.10575060227774778,-0.3039790463032614,0.22797318938750932,0.14610169072559534,0.1917396045014683,0.1839014517300667,0.11638368984934364,0.12343899568377575,0.17783260063690765,0.11081970966619374,0.15592133835222702,0.19978786164543252,0.11256205025751043,0.11378710782415119,0.1599242416802909,0.13440839974955365,0.1375146890673056,0.43979918885763736,0.13161857327423943,0.2486681439684329,0.11295553700047661,0.23138400955803226,1.6302527644479206,0.2062472163993425,0.14449187285675802,0.13009277952652884,0.08929679317681352,0.07533255212763965,0.39432147701222303,0.0508120982319701,-0.2518139487241925,-0.04974983838278658,0.3297246944409116,0.2250742244500864,0.00975446775573069,0.22982907174126835,0.3092422507364587,0.10630907123855983,0.040885757315490726,-0.06406699117319845,0.4320495736746879,0.13933830316246332,0.0663462034352565,-0.10799028578574513,-0.3385691330142859,0.17056055592739022,0.2988769833638517,0.009344243067421786,0.3140060681158122,0.057710095464277696,-0.2673430591833697,-0.11681636062803848,0.20160376115640838,-0.09849193860693879,0.11252201525337477,-0.023034790832509748,-0.23996862385049123,-0.07541442150762065,0.20423989917159413
0.022365107443997813,-0.012966461540295885,0.1182212925552196,0.13109355663480765,0.15315878109187767,0.1708166929563493,0.05841429792949928,0.08320333365761111,0.17765986708324064,0.08382569807167654,0.0998606995131885,0.09448102777357727,0.08429674350361986,0.09869791092437359,0.1092540606704902,0.13097143505550488,0.1544573148583055,0.11783380828184986,0.1332618233193311,0.1729708119731789,0.2125176388645557,0.18093072179081007,0.2062472163993425,0.6522489293978075,0.0558753486519358,0.0231851059644612,0.06278949373779194,0.20525719060693642,0.028757097734714996,0.4263008886253965,0.35626521266230143,0.6947188868433833,0.42444170200630427,0.17442939880790154,0.07807284016190616,0.0952201933976902,0.35143245143070295,0.10406028061355303,0.15462430285702292,-0.025721862879687214,0.015067527236813694,0.18777697094165227,0.08254865313787597,0.09142676788968322,-0.013801451079977978,0.25638017488917875,0.31588541059990527,0.02028079273707951,0.04308890252310134,0.08696989609044456,-0.14325416981112546,0.09325288659169402,0.15462314464819088,-0.15031601204143644,0.05962897869564687,-0.0067456292316151285,-0.09440300766158871,-0.3815126607933777,0.4418976468770359
0.13424435882531566,0.16971731430219725,0.2138295573861019,0.13837650644812902,0.022220218245431883,0.08952026686263112,0.10649351589949907,0.12854905652162044,0.04380006340277575,0.10694116084110775,0.0988107092049389,0.13419143471187994,0.07997761333205583,0.16323360419924335,0.10421103831166932,0.1531570917308428,0.15784428572784986,0.1123549697665366,0.08471901767217842,0.18209243750444012,0.07161641398620826,0.12506634980908268,0.14449187285675802,0.0558753486519358,1.7539925915009955,0.043367904398033036,0.12565979282748013,-0.018361000325263683,0.7564603157601939,0.2800037393126157,-0.00936012882373878,-0.037418739234048544,-0.033655007025634696,0.34844212892257653,0.4537164038720902,0.10704168318331032,0.19233070567332894,0.10226697202430284,0.22796650825179204,-0.005454943872309373,0.13030793527556225,0.12389595270989305,0.2054819957903789,0.3282587323139824,-0.012758464453193378,0.31759553797840734,0.2432809835404604,-0.030543738892547426,-0.18595610877802468,0.13538147094183067,0.009520163931631137,0.2581221935112438,0.027455466466669673,-0.058749330404710316,0.0031773200714841623,0.012290201417391103,0.0488648341012086,-0.02532178448728091,-0.058976508987913255
0.05344332447068668,0.01592903810100115,0.21238167430190313,0.1713291784109656,0.1665574854446408,0.3438678278579066,0.08911959272134536,0.31246909023107805,0.26481570020941186,0.15560419021132604,0.21387476520914864,0.24120574869622652,0.1597434072770921,0.21370189065583764,0.16642947503938088,0.15576969747366548,0.16078603439266753,0.2992035421554996,0.2065526894755861,0.28594099726237804,0.07434107732703912,0.1676746525011402,0.13009277952652884,0.0231851059644612,0.043367904398033036,1.6883510099122139,0.11313458742528625,0.23404610972029233,-0.07903451761578893,-0.001702591711066412,0.08875645449397064,0.2022273221556373,-0.00019687993552225695,0.1918536084282756,0.10370661138146119,0.08350793553731069,-0.045653229057568315,0.14225432884504993,-0.5275177726348326,-0.015776007547193077,0.056552022336004044,0.16159119431440166,0.1968143815165124,-0.1772056883049786,0.027762617192629756,0.11198418085237101,0.10343149640568039,-0.06335079313334992,-0.042395072701974644,-0.28439644061292735,-0.2719001716563684,-0.13423100061846083,-0.3082526308025988,0.04068191997498275,-0.02568505928278414,0.008076972252813536,-0.06709564904254517,0.1723419418505762,-0.10192892811310288
0.03550148583197518,0.2729485043615967,0.13623744655620865,0.04913234349566034,0.014145962867186303,0.10603733665944208,0.09327098963031712,0.1625734178623971,0.13484799956709376,0.13999694326922557,0.1683721853691936,0.16154235564547798,0.10683284540011523,0.005670886938498491,0.1604048524022775,0.08474256378368503,0.20809908344500597,0.02856258560350216,0.03948971118367365,0.19499954452078147,0.0659365203451291,0.14173475542195665,0.08929679317681352,0.06278949373779194,0.12565979282748013,0.11313458742528625,1.1571929027313428,0.2952871228550701,0.20996626026515136,-0.059862001300107485,0.022228678208999052,0.12790712498266615,-0.047663541854946624,0.12920847987902073,0.09129652381723334,0.4723590296275195,0.13507743332478722,0.12747912686666477,0.07342923986552988,0.1691816231357588,0.17606899118950245,0.11587230363927768,0.35937222327109264,-0.2748461015664898,0.21757638026917991,0.047101314563596806,-0.001250859758449571,-0.008147971875646708,0.1317696458118691,0.002784178997091054,-0.24092339147465353,0.13516874441546953,0.08269357869908163,-0.0010737626017643786,0.02135502975052774,0.007022052562558063,-0.020342735492504888,0.16291783564066467,-0.14334392721590886
-0.032169134882855215,0.2272555489739357,0.17875320186273225,0.1270935772896152,0.060528539721508776,0.1860360938587377,0.09148600903571238,0.00805110512458902,0.21779363490538656,0.10298172542487066,0.19563705403363388,0.02474294639421379,0.10445236938272168,0.0966474477232094,0.2544579964165609,0.1572093457098357,0.6232292336119356,0.1305925559912361,0.14366917488721606,0.16197047067549047,0.06045861542601729,0.15921307335513127,0.07533255212763965,0.20525719060693642,-0.018361000325263683,0.23404610972029233,0.2952871228550701,2.846675560226023,-0.12456472726343913,-0.0005631935475770157,0.2623894281396747,0.38164162408358915,0.15346609420380072,0.20205947222023204,0.07283526348658932,0.05245072831395444,0.3206328489266158,0.09349935285384361,0.0719928560662223,-0.010670393002215617,0.17523642957350372,-0.018259483076966187,0.1755147554064151,0.11567742153842125,-0.10928725515707415,0.0746073871664662,0.10985892472961094,0.016360138131984895,0.11476765247126819,-0.14070425629485098,-0.03926929318119526,0.09182184951269098,-0.19649262240365795,-0.06054327903733959,0.15951856699209027,0.027293896228014036,-0.04225545401695576,-0.15131028418315792,0.33751472304568936
0.10670016114125291,0.22554504106605236,0.3318181341899683,0.1630400420002251,0.13734368172273914,0.25090245539185435,0.12400916447824754,0.1503614278634104,0.10205786047837048,0.18515100871923554,0.1714958235335466,0.209380050784512,0.14491942954213005,0.10226102311905395,0.16046397704535936,0.17287151103660306,0.1888330110748454,0.1668026417530959,0.1255283844872673,0.3666059852238692,0.14038527077535262,0.2109467845028155,0.39432147701222303,0.028757097734714996,0.7564603157601939,-0.07903451761578893,0.20996626026515136,-0.12456472726343913,2.688057491546881,-0.1675440115845963,-0.4919977166766418,0.1574372844529245,-0.3280318298145662,0.7002241693659939,0.28911153773112697,0.5180820593073852,-0.1980813816835696,0.15315897122735692,0.29437019817614024,0.10283455631855917,0.46419794191270397,0.16374589447176804,0.042469901620854164,-0.05807803957619548,-0.4588042548221638,0.23443916343662893,0.1662036440653373,-0.09403744693509483,0.36926835724918616,0.14387028378373073,-0.5156353674013457,0.2668643157025268,-0.1347894743736621,0.02740205584907827,-0.04522348420801369,-0.005050924751469115,-0.21302086364744516,0.029786312946074738,0.15268561468055672
-0.03126180770500402,-0.045974640346434385,-0.3262890405441333,0.08654969908532124,-0.054028002716516234,-0.022531907360536906,0.0399747556120951,0.14210258268902387,0.07844503292196947,0.01794210109588615,0.01794243614267944,-0.008412113721668932,0.08478673086307752,0.09558190870419787,0.04385882582370675,0.1417864191651661,0.07244318890995262,-0.024508878638981192,-0.04202507331830288,-0.014822108691781855,0.16078985344733657,0.1460670243886438,0.0508120982319701,0.4263008886253965,0.2800037393126157,-0.001702591711066412,-0.059862001300107485,-0.0005631935475770157,-0.1675440115845963,2.4600767516874154,0.312190674146398,0.4070720670092187,0.1413593520382382,0.07578619489330767,0.5253627763080463,0.11339863305884554,0.2453638664219891,0.0018361528965106894,0.41511943295798037,-0.10669185596956647,-0.0458826747702454,0.11798845016539614,0.3124710027926319,0.5046069982066965,0.15591182844688883,0.4539089956423949,0.9685807339700654,-0.03616086160310472,-0.11754463340650916,0.0806663978152035,-0.08871864514022586,0.2013570443063432,0.086072004570051,-0.13013859975189476,0.055940340146024135,-0.12373007536387302,-0.10746336918774965,-0.09832522955799877,0.23636129629000233
0.052181182497749536,0.16106225052610396,0.1461671116502881,0.13177339732528376,0.10451744384147574,0.12009925275640254,0.07222799404664236,0.07200612330680058,0.15522250463180132,0.08734934225551548,0.07503086708623333,0.06289982084203154,0.045782872579019376,0.07318390116626221,0.06392469558928456,0.12015005216723139,0.14969705203999095,0.31662367969484184,0.19625631631191476,-0.04056184228386811,0.30309270301727503,0.10744733703425915,-0.2518139487241925,0.35626521266230143,-0.00936012882373878,0.08875645449397064,0.022228678208999052,0.2623894281396747,-0.4919977166766418,0.312190674146398,1.777415509048671,0.6455972335539533,0.2536621241075907,0.1335431824380757,0.47027163125965976,-0.048452748830171054,0.27235841945551875,0.022920039863759616,0.22394513171016772,0.02213686768290526,-0.403097920100454,0.20672978335194245,0.1318003923902316,0.44502009817780874,0.35817173500273203,0.29787576414867584,0.36195477676296767,-0.013147932397355915,-0.669337120900739,-0.013657869816742423,0.31745994915183673,0.11688482926285575,-0.14828839247462194,-0.13948557127006053,0.08811023755674754,0.04876337791754424,0.21298198915649544,-0.2575900846258792,-0.02985712952260982
-0.01752000149396092,0.0848461886606638,0.12322478982213697,0.16028120862241663,0.21539203835765666,0.26830484139579897,0.07573475507239368,0.05223864369854864,0.2529099645388496,0.12311698851707335,0.12417571032535953,0.10761676951662821,0.06901474921270277,0.07719234685018769,0.1316682101176399,0.16810429414794756,0.189525446369969,0.11407555506003932,0.1651815057564392,0.21661464828423652,0.25184255154896035,0.19362189843316654,-0.04974983838278658,0.6947188868433833,-0.037418739234048544,0.2022273221556373,0.12790712498266615,0.38164162408358915,0.1574372844529245,0.4070720670092187,0.6455972335539533,2.2929686449026128,-0.035544132295410744,0.47385885217405627,-0.3081968571488911,0.13798502192470247,-0.041890412704685034,0.13222999546862324,0.11836126429007128,0.03584372182178986,-0.3507974093803658,0.18948414655670637,0.037342284965755035,-0.019030018105265185,0.1018672936066922,0.373739719539537,0.3921853661319872,-0.093586945039656,-0.18823482858691132,-0.09654566884672627,-0.05991839812220854,0.15173468401628215,0.09729783577497339,-0.15095267783199737,-0.06387950278743604,0.186545341352475,-0.09159896942053647,-0.39679467751149367,0.3545941560754057
0.07847673536991995,-0.031001680252099074,0.14880604380702017,0.09434593872379814,0.14147134972275116,0.14599604035458347,0.06040697776813983,0.05597025776899396,0.20438315934715645,0.040013137757413345,0.07171747404194123,0.08970639185258907,0.0641071272006622,0.1066680036586548,0.10472843602291683,0.0788260008270777,0.1307089583594022,0.1855020550036004,0.16849982464126004,-0.060092549754471696,0.2655915832112712,0.22199225741992265,0.3297246944409116,0.42444170200630427,-0.033655007025634696,-0.00019687993552225695,-0.047663541854946624,0.15346609420380072,-0.3280318298145662,0.1413593520382382,0.2536621241075907,-0.035544132295410744,1.7520748476722965,-0.31318045884552326,-0.06885628216390645,-0.235956720103841,0.8184629732351304,-0.0012732222780362488,-0.12460435710913477,-0.22406486011412552,-0.00959920207981062,0.248595503098504,0.15326527859888506,0.014615321589573415,-0.222954303862517,0.1748936198480029,0.23628266694580127,0.1626748122380176,0.21220885183633817,0.19348929263265632,-0.28699341296274694,0.09176992887557629,0.1172107120333054,-0.23378590021887252,0.2355822204834835,-0.01729235229366377,-0.1842000262988739,-0.2177539393245134,0.2818162062006565
