0.9045904566711924,0.15652057961552202,0.28417247678354113,0.08987484051559362,0.11079569073503084,0.09744520131661605,0.12797160076814365,0.0718399616927168,0.10334972898002491,0.08131528819581404,0.09132264252599889,0.11084923860405664,0.047077149766703054,0.10595961121660574,0.10185237052429365,0.10091889577202033,0.10981663869261969,0.1247524874308997,0.10290933542662711,0.10521729120198094,0.09771869087222147,0.13068322905811405,0.050160541522396,0.05304132234761053,0.09493749332943956,0.017339288195961703,0.15037828588753874,0.1436935039234515,0.057999226192263366,0.12187961120936518,0.12722849220327112,0.1422746345149253,0.04257372983815381,-0.39768013662277973,0.15365462847772798,0.19190113323146576,0.04575658806926262,0.10986491643277634,0.2148477434279061,0.08849621428261722,0.13962760747346306,0.08565180713809556,0.1805488021349333,0.00801544931163973,0.31596300126502813,0.23082677164377124,0.11870055097134796,-0.05154511889933069,-0.04857489382591272,-0.10384494741740215,-0.01764130083883006,-0.011554944050132082,0.19641525877314198,-0.051005614184719314,0.17690453485478336,-0.0664218337751693,0.19341759520856205,0.14703001679791586,-0.44150467066649335
0.15652057961552202,2.5097418835323313,0.951259977463036,0.2906067456428173,0.30263711409743416,0.28185138388737213,0.3709404100785479,0.35226421372514816,0.37317982976119096,0.2782741385226707,0.3030450091499756,0.2519076397600499,0.2717067740345772,0.30255116589242287,0.46008861389599076,0.3239547989789915,0.3699844397165581,0.5081254665129188,0.376910370491665,0.38197080011185996,0.5430050352554291,0.3617266884964906,-0.029568183571017016,0.2118114884219422,0.3406838573857084,0.37586590230427724,0.4671600192631234,0.16173943523586565,0.5034617969524133,0.13734072012879917,0.46121003794265614,0.24785877324026945,0.1850088210913161,0.5002460213339943,0.40993241865779,0.41634515480507184,0.7028237256417242,0.49227297437021095,0.00015833098305444382,0.05438384868498736,0.47191785851464524,0.5249372309685228,0.320451277479164,0.040569876121412954,0.30997756990286496,0.3543914991358139,0.35748267169487463,-0.03660040161320347,-0.12525125539382798,-0.3726822745199823,0.2785388966727515,0.07437438018205084,0.05464792412028704,-0.10823006963817454,-0.26318856057108947,-0.06536018225886733,-0.353511764006418,0.18059121058935146,0.3443588176254962
0.28417247678354113,0.951259977463036,1.987213827270194,0.286628230283127,0.21916946275094962,0.4490503125790987,0.23669609596618293,0.47010779520128193,0.4715364489050395,0.4368396530742006,0.36204786667882505,0.3475058789229067,0.282887984431316,0.3672063595566274,0.3692031888010058,0.3251908325799096,0.4279023137353373,0.41268004220239884,0.385200584518677,0.33150719536051976,0.42666036470724267,0.4736727812128042,0.23103090985502509,0.3191107490709074,0.4372978713417419,0.2601787050451142,0.2976500854631847,0.29346556413207797,0.5342753323936571,-0.0005600346828109484,0.395181298636838,0.2907534192149127,0.298691176823854,0.39620365473655106,0.5953712961858262,0.45048605186937773,0.5565001707144166,0.579662364369395,0.0808856462485349,-0.11030932178205,0.30269118602023887,0.4242434903443627,0.33618292517714915,0.1509647090110545,0.41657842313887217,0.6103005296634414,0.2926874741719275,-0.14533985153832163,-0.39640382878876596,-0.007666454220976324,0.006715620618371561,0.11015060173159665,0.06465175312782048,-0.13057911450543846,0.14787858015189112,0.11695544660161805,-0.1630983578022141,-0.35535075337667626,0.13660534248958847
0.08987484051559362,0.2906067456428173,0.286628230283127,0.897009490155611,0.3089091346423561,0.26451133834051005,0.19468977996199385,0.2820750794129186,0.13802225501707951,0.27342124977492405,0.1962947488501453,0.28893404779187765,0.16241834567092067,0.2599892608940897,0.17600656847052948,0.27108076468029685,0.20704764841064954,0.3063379699842221,0.22954191942637694,0.20091824954746756,0.1801104948286642,0.21370659303816766,0.1871322376708314,0.19901572525747893,0.21690527507134655,0.302968218900991,0.1360260092706571,0.14216778042694156,0.2792927101201223,0.07689770874414062,0.21994869975070652,0.24313922976340457,0.17123855821950762,0.3563185006439305,-0.032037652484892806,0.15906028158114816,0.39336600019303647,0.20523013609045412,0.24342446566719483,0.03984014321089606,0.17694017469608028,0.17812628992727225,0.1571871065163934,0.03716485743535892,0.07114218389170386,0.1646319854006934,0.22741900820187905,0.013201125515089703,0.1885512973190648,0.2851519667320396,-0.297176576630682,0.15561775315172946,0.05998298894250839,-0.2139942938353457,0.05299470404178173,-0.08799178935082527,-0.015401168740415553,0.04899322828752386,-0.06682780427490057
0.11079569073503084,0.30263711409743416,0.21916946275094962,0.3089091346423561,0.8121710106125086,0.2551075992981023,0.2723654238071756,0.31841009834982925,0.25733578655790124,0.20170349310301405,0.23621263434226095,0.27329373390708606,0.21140610714769842,0.297901748334547,0.25239682273563097,0.3194207298707343,0.23397955759284983,0.2776474185250853,0.41665119172071424,0.17831133406191627,0.2277439550177901,0.27138062161215737,0.1335342418899351,0.2035990071454688,0.210953552516134,0.347096453706516,0.08947868652487864,0.24623847401350793,0.2710640314382624,-0.036605129915793407,0.2675785439173968,0.3080370529169174,0.16773682843740673,0.5576792973010104,-0.027574461231090804,0.1299375622769018,0.4097321747607296,0.28270627442000956,0.2093363248660667,0.05498071453909089,0.18996620199416359,0.2196629983290315,0.10701646317029394,0.06322364423923137,-0.0013895097520476925,0.06820643728389172,0.18097741224466826,0.022270977673694566,0.2847461615903829,0.329462876483667,-0.13044324226043855,-0.17751416797830513,0.07738327054434038,-0.08456353668053804,-0.004696294489100648,-0.08799398319000885,0.07920984437459937,0.036067564834935416,-0.0530776944882207
0.09744520131661605,0.28185138388737213,0.4490503125790987,0.26451133834051005,0.2551075992981023,0.8284605625275732,0.1698866022217357,0.30730766886651595,0.35658926812842,0.31011295575354036,0.31834806400400645,0.26648695372586567,0.2149688362605309,0.4170694557737963,0.36771301978086596,0.31664708376112516,0.40232080884171323,0.29968196555505355,0.43008722423275647,0.3702953621437559,0.3980918294167505,0.38459319489884475,0.1731595560688901,0.30844966847818617,0.29985961281035445,0.5018140307929279,0.3027138519109362,0.4396242451975825,0.39468475809563197,0.0980966104778593,0.3736758728958319,0.4169933481658626,0.18474224868086508,0.4469737558483807,0.20633988622241142,0.25264648747983454,0.4987127667243216,0.3104980811219256,0.37210477056399466,0.14081573449281604,0.22867544328209072,0.37795926853087985,0.25922134643070077,0.11707261419066849,0.2378650537552016,0.13099591026628374,0.25551044363885894,-0.012590618099422779,0.38120369129206844,0.34927968333899073,-0.37757393466508643,-0.02246511816753421,0.027913290346590385,-0.04107958105606039,0.09320081462516273,-0.04601334297983455,0.17747033336815277,-0.05331677886533484,-0.17096351265117893
0.12797160076814365,0.3709404100785479,0.23669609596618293,0.19468977996199385,0.2723654238071756,0.1698866022217357,0.6932863615622191,0.10547747617708872,0.32513189726960867,0.17215121926490767,0.24303009032906378,0.3010811398927168,0.18024901369579924,0.2648814894581957,0.22822228859990526,0.2918018499363169,0.2681204182901443,0.2909619254834955,0.2559579197622629,0.2806022533864978,0.33243088411077826,0.3167090303250567,0.25381366353128954,0.24264259520115064,0.2716393491779119,0.29168076791004627,0.25172638213626475,0.11091106894664779,0.2862175759594465,0.12198433590411215,0.23857328308466003,0.2826705118356952,0.23086367512015243,0.44019860674275596,0.11669328486494052,0.2369118494280835,0.3935427244820413,0.23135529495930893,0.2055436383760428,0.11260061583931762,0.2685557772762278,0.3226060944173763,0.17757451856102954,0.03468610759990461,0.04833892612550788,0.09728578261306957,0.25742730388966234,0.02118265783812143,0.3999226133896394,-0.01708303016645643,-0.040140973714755286,0.10414006536643106,-0.028158359689000517,-0.09976072752913624,0.016315740516649923,0.046180432167465736,0.01378343632569869,0.037080564120461956,-0.1637874770392918
0.0718399616927168,0.35226421372514816,0.47010779520128193,0.2820750794129186,0.31841009834982925,0.30730766886651595,0.10547747617708872,0.8214781249472421,0.15245129569845012,0.28147633162492125,0.27388353594705217,0.16845428450180489,0.2396221240290602,0.36159510203550266,0.16732177724811279,0.25894374921876495,0.2784412735473958,0.23206457971753944,0.262246879953734,0.26583640036622336,0.17446249172113007,0.24476441394616405,0.16272248548190296,0.21230133887089583,0.30889354111251266,0.2730738907021449,0.3142221859274339,0.28832693222305883,0.2796113578878165,0.15435351513821777,0.19854426329966446,0.21961198149806618,0.17814280165217516,0.34451615095861815,0.2780507872133062,0.18532829489747366,0.39873332568291403,0.2911664916113973,0.18984998653375837,0.04164343902919885,0.22734311796471945,0.18702708797978299,0.2930981052422115,0.07918084253651222,0.14307254405749337,0.15413101810599245,0.2244434109596488,0.029482120853648257,0.24762943077746752,0.09322820464505951,-0.12979336680062328,-0.07302401522055615,0.24698566508976777,-0.14588242936297358,-0.006876055050633607,-0.03978905554606048,0.005817211187619594,0.24778282408148275,-0.25297957292057993
0.10334972898002491,0.37317982976119096,0.4715364489050395,0.13802225501707951,0.25733578655790124,0.35658926812842,0.32513189726960867,0.15245129569845012,0.9644556806628709,0.16357426190752974,0.23559447853497556,0.19511425563339513,0.22581775510446941,0.32723505468114394,0.2434668009185597,0.26013269694829916,0.3233246461333407,0.2810641697306066,0.33805051164068833,0.31346298736135525,0.3444745890637678,0.5504395098602622,0.2859332847944495,0.3180281165116128,0.2625272444787304,0.37819106114412937,0.3889140034389584,0.30487980818968435,0.23482096802074978,0.19653416168407298,0.37074749405956614,0.36417046485681387,0.3953381059831325,0.17063481381885093,0.2123672747364059,0.34352600936795147,0.40963717038776765,0.313237569895402,0.3202878803671888,0.1064084456676603,0.213880055121747,0.3292168276300149,0.2619912612227971,0.05446826552300649,0.2215739336742598,0.18875184251649518,0.2812371350118344,-0.09055941646263908,0.43593580660446585,0.1317941796467505,-0.059318354499313705,0.131611747886295,-0.1954338574172415,-0.07912417803958119,0.1210752555189584,0.10029485103741978,0.1393386492186944,-0.12008380119872326,-0.26376376928018747
0.08131528819581404,0.2782741385226707,0.4368396530742006,0.27342124977492405,0.20170349310301405,0.31011295575354036,0.17215121926490767,0.28147633162492125,0.16357426190752974,0.5040865601875596,0.27438349007858487,0.2909672999075723,0.20837020166538656,0.27944290281152107,0.28264506859341787,0.2367422368762832,0.2560513646520272,0.25126449772380327,0.22847041988872882,0.20549967465593755,0.21655785519094758,0.22277937092440853,0.21330078629108604,0.20414945541621393,0.30255921983216033,0.2135499038206654,0.24562216961338829,0.2896208706300816,0.3042022400598449,0.07085310844501962,0.20229558743174197,0.20034817453221881,0.15947420375261773,0.43567115806811807,0.2945042667408526,0.17502887395330713,0.35838487199273855,0.23466890921395328,0.1302491357095263,0.027773301202245082,0.20007024645874966,0.22380023311322325,0.18468084142916902,0.06161774741421642,0.08687049136472814,0.060661787153429875,0.20817959636047417,0.005078090385554171,0.17545993245372782,-0.01701798650044842,-0.06913601070145131,-0.041409635666269214,0.06893157066941337,0.04128055977571627,0.251368721365649,0.12096480105141488,-0.0692760607358533,-0.24102994367407687,-0.009728593664083525
0.09132264252599889,0.3030450091499756,0.36204786667882505,0.1962947488501453,0.23621263434226095,0.31834806400400645,0.24303009032906378,0.27388353594705217,0.23559447853497556,0.27438349007858487,0.4444010004298197,0.37867292384260404,0.2027456916081568,0.27510400350147046,0.30260891955210667,0.24935939777184832,0.31047091867990834,0.2355470633765469,0.2282312964785472,0.29699387135532185,0.27573755802502076,0.25242621656111863,0.22443851751500205,0.2446680707303963,0.31513374649704995,0.28917626212124603,0.29879133228090604,0.27523169908300915,0.28567833514841945,0.14241353357945027,0.22463446783267435,0.2753810639134544,0.1852280414350483,0.3707342734090589,0.3097656459663988,0.21927380075721406,0.36516848658293305,0.2569442780194209,0.20288278605774646,0.0980284344368705,0.23340664453066995,0.27703646166507306,0.2312643635587862,0.06673306836589749,0.16151795590367166,0.1094833395036047,0.2325268796115976,0.016726002735485582,0.2443815157174951,-0.010508202963048005,-0.11907190845110241,-0.09881629430927462,0.22540744947698144,-0.01214946857210099,0.05211449846001261,0.021751217173262644,0.026076563537491104,0.005665454118700848,-0.1436960576665905
0.11084923860405664,0.2519076397600499,0.3475058789229067,0.28893404779187765,0.27329373390708606,0.26648695372586567,0.3010811398927168,0.16845428450180489,0.19511425563339513,0.2909672999075723,0.37867292384260404,1.001428732753488,0.15067092977142996,0.2799609319245152,0.23959539604368785,0.27093673331790574,0.22613268971470218,0.26116199992416855,0.24294671273107427,0.2586057130594263,0.23471883898291987,0.225726967229965,0.3388187923176139,0.24302107769943393,0.42539641898146485,0.16662820182282165,0.3100582683991444,0.13317081760319718,0.31652212074624453,0.15982629434146353,0.08376038947336295,0.2925536980624691,0.18207600392988746,0.3745057537802477,0.283566752085339,0.15980539895390475,0.32358068693637515,0.24454398810548503,0.2854737356812389,0.09688737056664798,0.197359309039231,0.237445945150443,0.25697202379122125,0.08154478993370398,0.14823256702102444,0.04400361894570086,0.2553497208166129,0.05913199010191061,0.45577201996160005,-0.042315487445674836,-0.031739799744554445,-0.04085893072270884,0.11162170314145012,0.02742243276322694,0.10676643039943284,0.09968923228735994,-0.09645017989791371,0.04991130149526415,-0.1904386916599238
0.047077149766703054,0.2717067740345772,0.282887984431316,0.16241834567092067,0.21140610714769842,0.2149688362605309,0.18024901369579924,0.2396221240290602,0.22581775510446941,0.20837020166538656,0.2027456916081568,0.15067092977142996,0.3291405321423315,0.20515882720937473,0.12471884232851957,0.22023692805684764,0.18491241195034272,0.18646151102837627,0.2025302701573501,0.18080268681402287,0.18535738092182588,0.24585215641857827,0.1785847515502147,0.19353196536891437,0.19933762677795572,0.1900662254199522,0.1706800008310301,0.1316514264557517,0.26255693638189875,0.11273479934985399,0.1702179211188397,0.21602132304735924,0.14587589056960432,0.2713774880091557,0.21466985374066339,0.1803884264444103,0.27395940966225923,0.20309858633110514,0.18644246235746909,0.08500739567047154,0.16106317288842806,0.1895187436892278,0.13884809225714465,0.04972441052119544,0.12198129935062622,0.09796875213553033,0.18154242017789238,-0.025589400310987265,0.183828175580067,0.11300331238653766,-0.03374346534209344,-0.04366237051029858,-0.0550063265304382,-0.009798424615005265,0.005585740875460466,-0.026277918488175966,-0.0037303486038222284,-0.09462236082653337,0.09042991766936143
0.10595961121660574,0.30255116589242287,0.3672063595566274,0.2599892608940897,0.297901748334547,0.4170694557737963,0.2648814894581957,0.36159510203550266,0.32723505468114394,0.27944290281152107,0.27510400350147046,0.2799609319245152,0.20515882720937473,0.7453335223364405,0.35794539486529375,0.3694111340855932,0.362030219270305,0.2821972289469055,0.3054495240895636,0.3227381359254534,0.32135104693758476,0.3443569159837066,0.2333456141755706,0.2765609915568131,0.3332465065533733,0.4297939249792109,0.3261546783231544,0.3878614410498011,0.31721023356479333,0.1516661711553445,0.2922835853444838,0.3274618073571163,0.2143925981722695,0.4061399318175714,0.323181643726562,0.2161723408534096,0.4377162694112483,0.28772293871100774,0.27366783090730973,0.10741319458902587,0.3187661311625738,0.3169681070053074,0.32610070194976903,0.09744797033060194,0.11438397601843199,0.10425811347717576,0.26691310461953555,0.054623353161269025,0.5642551758307117,-0.015248417393642357,-0.16523132016991252,-0.05417540115965213,0.28732145845117324,-0.038443293458068996,0.05526868850056181,0.029647834243441924,0.02040151859407628,0.12721334143946586,-0.24163445533544903
0.10185237052429365,0.46008861389599076,0.3692031888010058,0.17600656847052948,0.25239682273563097,0.36771301978086596,0.22822228859990526,0.16732177724811279,0.2434668009185597,0.28264506859341787,0.30260891955210667,0.23959539604368785,0.12471884232851957,0.35794539486529375,1.031977946098081,0.13733354880296947,0.37591015784332743,0.16777542897753178,0.23745591238512478,0.38060507277028244,0.3113417845807649,0.17871557218134554,0.12776042287098222,0.2661335895520257,0.36864072059518904,0.46941716608518946,0.38894449533138076,0.548209981263738,0.23079771280869973,0.2694713325444267,0.27502203157022925,0.22887380815944938,0.24887040098798133,0.47931884577785766,0.28071562324368204,0.1838781450168954,0.4140698262474257,0.25486469392592775,0.04349875726582306,-0.001013656663798962,0.317195526174183,0.30521386713328896,0.2747587823939093,0.058956702474162695,-0.002123953209181787,0.04543915658077553,0.2481776983257661,0.09987580433037309,0.4246598923959421,-0.1129419308475122,-0.21201639879978443,-0.08666832553533096,0.31593104624148816,0.08899989457650401,0.0715490913590723,0.12308378332503808,-0.04544834325525302,-0.0070365458039224095,-0.08075627625212513
0.10091889577202033,0.3239547989789915,0.3251908325799096,0.27108076468029685,0.3194207298707343,0.31664708376112516,0.2918018499363169,0.25894374921876495,0.26013269694829916,0.2367422368762832,0.24935939777184832,0.27093673331790574,0.22023692805684764,0.3694111340855932,0.13733354880296947,0.9127205863060874,0.249204342717737,0.267736990192335,0.3554102541922953,0.33427095726691025,0.22855017977001188,0.5082889226179522,0.21679212355634173,0.2882623389878852,0.3296537975551584,0.22536895466007364,0.2277480089131529,0.26816334577105294,0.47385480846342887,0.022436701172304542,0.25200065121041204,0.40054017991636287,0.18801280029368558,0.3604499026153131,0.48306806349174486,0.2643346995196271,0.3839315317688201,0.192366999735254,0.4678886801329495,0.199560150835441,0.23915308297619364,0.2402712499189227,0.3108139272785001,0.17650711039268424,0.14618598685756662,0.13056580358715686,0.20068834500992233,-0.0744950995817073,0.4224393113894334,0.15529355896794686,-0.13961577142925385,0.28598150159526536,-0.23156414974540152,-0.05672536046600813,0.15409520632474463,-0.005075141859998352,0.035187066089711144,-0.05591238306924918,-0.11263604703650491
0.10981663869261969,0.3699844397165581,0.4279023137353373,0.20704764841064954,0.23397955759284983,0.40232080884171323,0.2681204182901443,0.2784412735473958,0.3233246461333407,0.2560513646520272,0.31047091867990834,0.22613268971470218,0.18491241195034272,0.362030219270305,0.37591015784332743,0.249204342717737,0.7138753591908064,0.321819870764258,0.31827068994629604,0.3378336496325598,0.3985448075036897,0.3069482011867885,0.17295262358135,0.2592556595070084,0.2801769643963552,0.3715579371745825,0.25180258250448095,0.6846397066933038,0.2642340027898982,0.09191931466398232,0.36453325561187955,0.29930949536008067,0.253652950241206,0.3825572234605647,0.3209540985314,0.23702116578802365,0.55396268414009,0.2964205355251956,0.22077128562229967,0.1212428871151327,0.32965941118872183,0.3992464447789925,0.2718273767277336,0.05112730881041241,0.2734193861109901,0.13494071785147507,0.2763467620794003,0.035835487240405174,0.22429928506799568,0.002427858017585664,-0.09579882532871363,0.0067049197804248594,0.10634207496767142,-0.05417658601050522,0.060032480347699625,0.010025012773008962,0.04917194982382879,0.02114330650755089,-0.26167184906710766
0.1247524874308997,0.5081254665129188,0.41268004220239884,0.3063379699842221,0.2776474185250853,0.29968196555505355,0.2909619254834955,0.23206457971753944,0.2810641697306066,0.25126449772380327,0.2355470633765469,0.26116199992416855,0.18646151102837627,0.2821972289469055,0.16777542897753178,0.267736990192335,0.321819870764258,1.019391970074746,0.35735332089871413,0.06616878138861954,0.3848448557931562,0.2771425688057928,0.31707416782730413,0.15826893452887436,0.14419452313321035,0.5631542981688087,-0.15943685648102807,0.27443330741711847,0.22549917173386022,-0.08780709750363519,0.602867878265144,0.32660442885094554,0.10176552236448061,0.45318570502586314,0.17435471916763473,0.12892723013221283,0.4556478614847297,0.2567954097538666,0.32955556103197314,0.15610008276845758,0.263416227236683,0.36456848032574124,0.16321403889625843,0.02605274257768796,0.2498156344408264,0.25949805977555696,0.49268236156928796,0.0025147507574298698,0.1315212519489781,-0.035620216088148644,0.19922026255401898,0.15897749270291472,-0.28655257428586367,-0.11151448221971014,0.09456300606129579,0.025694860580851995,0.033734630204920055,0.07170760701280034,-0.26433056215049344
0.10290933542662711,0.376910370491665,0.385200584518677,0.22954191942637694,0.41665119172071424,0.43008722423275647,0.2559579197622629,0.262246879953734,0.33805051164068833,0.22847041988872882,0.2282312964785472,0.24294671273107427,0.2025302701573501,0.3054495240895636,0.23745591238512478,0.3554102541922953,0.31827068994629604,0.35735332089871413,0.7573918478372802,0.17496327452485605,0.33631738407648565,0.3434297911818716,0.005103052225354613,0.23613457331139773,0.15944733728464136,0.31026640657478627,0.0903956285079198,0.35233016465137657,0.16438239564260318,0.0448549865548132,0.4673581797066798,0.3385501486284863,0.26907209526347814,0.39458505240927,0.10664513065350646,0.1788819446898102,0.36268073737881223,0.3810777677472878,0.2986088175623057,0.06413995806974522,0.1772339842792568,0.31124799040886153,0.19789068528201265,0.13312974872392253,0.17474674467251697,0.05356806919139332,0.26056952314909904,0.02522106448223812,0.2582839859958425,0.07683734312885979,0.3111981972219898,0.6062902463609964,-0.866470297099092,-0.07807438169621182,0.0448667804662804,-0.021326270569853426,0.09734136066144884,-0.01892239595608027,-0.11724552526127559
0.10521729120198094,0.38197080011185996,0.33150719536051976,0.20091824954746756,0.17831133406191627,0.3702953621437559,0.2806022533864978,0.26583640036622336,0.31346298736135525,0.20549967465593755,0.29699387135532185,0.2586057130594263,0.18080268681402287,0.3227381359254534,0.38060507277028244,0.33427095726691025,0.3378336496325598,0.06616878138861954,0.17496327452485605,1.3076655387523877,0.11538044754522789,0.29959967902932955,0.3355106930652939,0.3587258738501462,0.44968637761886493,0.4880648121466171,0.6134619257736625,0.44868529609543767,0.4459816321370395,0.2986121340084558,0.14205272141352215,0.34099836046134646,0.3229922508614265,0.3016616191354081,0.28673880444590666,0.16741146128361611,0.7049546571021095,0.1185690037690411,0.8312758000425768,0.16881511930692955,0.3630700323470769,0.13355764140616944,0.38255347474172247,0.10906513257746756,0.18271126243399008,-0.026667099734496064,0.23118267091943334,0.20983551343295317,1.2238928399912272,0.04553552339978641,-0.3688279232879016,-0.005033740184588747,0.39685591502545325,-0.10581238970330285,0.15968728908098712,-0.07059082614637131,0.15271338573585733,-0.07398028207411951,-0.18546118064003778
0.09771869087222147,0.5430050352554291,0.42666036470724267,0.1801104948286642,0.2277439550177901,0.3980918294167505,0.33243088411077826,0.17446249172113007,0.3444745890637678,0.21655785519094758,0.27573755802502076,0.23471883898291987,0.18535738092182588,0.32135104693758476,0.3113417845807649,0.22855017977001188,0.3985448075036897,0.3848448557931562,0.33631738407648565,0.11538044754522789,0.8501346969603027,0.2920423811852886,0.1668984350149391,0.2249033961358292,0.24348777848533482,0.412475261547544,0.24242888189205702,0.06863333951690566,0.28142719224069646,0.14515157078018717,0.42744674387715326,0.3452916424376881,0.08176318522669834,0.47245085803266457,0.5206870936129828,0.39869229616009877,0.46256992674111297,0.3512665117714331,-0.03707621119241855,0.19469901665611147,0.48377736645626196,0.7842245341277034,0.20703797361700615,0.03855438096122988,0.2730284587909467,0.22785016985421952,0.34115810351313647,0.0015870448769467244,-0.09072920998009801,0.09141916196466503,-0.0338558097192642,0.050478720768277106,-0.16244609816990208,-0.024203429282620252,0.024707658287325494,-0.010406426913252918,-0.0062537859506554975,-0.001983230615933187,-0.06865993973307896
0.13068322905811405,0.3617266884964906,0.4736727812128042,0.21370659303816766,0.27138062161215737,0.38459319489884475,0.3167090303250567,0.24476441394616405,0.5504395098602622,0.22277937092440853,0.25242621656111863,0.225726967229965,0.24585215641857827,0.3443569159837066,0.17871557218134554,0.5082889226179522,0.3069482011867885,0.2771425688057928,0.3434297911818716,0.29959967902932955,0.2920423811852886,0.9012153669155676,0.3169435316451784,0.31317365061245406,0.3187817712749463,0.3024838602646067,0.38556832445763484,0.23417307195364304,0.37018768958520254,0.11144620347667793,0.29536727867244505,0.419436329757028,0.3006960833701375,0.21292534654600312,0.33500333888687356,0.4272311545180312,0.38362130268997463,0.2643974206573456,0.47368918199678534,0.17892911017901603,0.20673631296970965,0.29616014605739954,0.3636808541444493,0.13289151258137666,0.24897156790551359,0.3458844068612055,0.24283056441067344,-0.2816588388596027,0.41393237478617284,0.22241324254127703,-0.14850849593843216,0.09819249323564075,-0.11843264462178076,-0.09692507472086735,0.1110390733960544,0.03425504054087099,0.05994309994202259,-0.05552258877396837,-0.19325139901329713
0.050160541522396,-0.029568183571017016,0.23103090985502509,0.1871322376708314,0.1335342418899351,0.1731595560688901,0.25381366353128954,0.16272248548190296,0.2859332847944495,0.21330078629108604,0.22443851751500205,0.3388187923176139,0.1785847515502147,0.2333456141755706,0.12776042287098222,0.21679212355634173,0.17295262358135,0.31707416782730413,0.005103052225354613,0.3355106930652939,0.1668984350149391,0.3169435316451784,1.7200687299124233,0.4382597434523522,0.6466014328403279,-0.07044044890582614,0.47327958188146824,0.26662774552869684,0.6368259078796823,0.3607399092046722,-0.4307332976490342,0.15673727643210814,0.40843605152730983,0.3042197549649601,0.35412376859623096,0.13521070327684348,0.6036886635124559,-0.09368924849969341,0.7682045813623585,0.06349791999639154,0.3508376125944805,0.1690743898681971,0.2990822286571645,0.06251386107488485,-0.07641619831664316,0.035627793158963465,0.39564953819542653,0.15689982511055597,1.050201850451893,0.20942039769215554,-0.3327224281547013,-0.3238022366493293,0.35302354464422475,-0.04584843388277164,0.27972719428488163,-0.010222079741960205,-0.029199217546104356,-0.18575318101222682,0.035555268999691594
0.05304132234761053,0.2118114884219422,0.3191107490709074,0.19901572525747893,0.2035990071454688,0.30844966847818617,0.24264259520115064,0.21230133887089583,0.3180281165116128,0.20414945541621393,0.2446680707303963,0.24302107769943393,0.19353196536891437,0.2765609915568131,0.2661335895520257,0.2882623389878852,0.2592556595070084,0.15826893452887436,0.23613457331139773,0.3587258738501462,0.2249033961358292,0.31317365061245406,0.4382597434523522,0.6432832080348261,0.3883542712668748,0.26625313332490785,0.3947717858802861,0.3134689835052839,0.22616892028498528,0.4989421190394241,0.2165232879182392,0.35542383348521195,0.6534184797542908,0.2991023464966281,0.3452756878865004,0.2555123403063442,0.4873629767961284,0.25343835324767733,0.3194264958250456,0.022538938629570033,0.1477930613021829,0.23365029698821224,0.22457105506505173,0.10082898716715184,0.003836111229063187,0.056989861915591286,0.3496679193894418,0.05479995474703275,0.5837875811162436,0.1545710304559882,-0.2048638075250725,0.04043216119877376,0.05832060378703758,-0.07310722107288768,0.2083586588626747,-0.08642748240275569,0.19739992653256805,-0.3162415941581766,-0.0026109895342663093
0.09493749332943956,0.3406838573857084,0.4372978713417419,0.21690527507134655,0.210953552516134,0.29985961281035445,0.2716393491779119,0.30889354111251266,0.2625272444787304,0.30255921983216033,0.31513374649704995,0.42539641898146485,0.19933762677795572,0.3332465065533733,0.36864072059518904,0.3296537975551584,0.2801769643963552,0.14419452313321035,0.15944733728464136,0.44968637761886493,0.24348777848533482,0.3187817712749463,0.6466014328403279,0.3883542712668748,1.6062265670430826,0.11574065154032732,0.6323301609568599,0.2867676914233391,0.6588704191562597,0.3630950056909927,-0.19846522223066163,0.2338784545451228,0.27639663123597935,0.5669916058002722,0.4804961320883483,0.30236971687073144,0.585689574863353,0.36223205963160815,0.2071453734334792,-0.010967074462655968,0.45922524312087504,0.27041668658904916,0.4739452084123158,0.17639193160124966,0.05687305048371048,0.04000222784506079,0.30117980019578744,0.0641341546456769,0.37528652021498227,-0.176769060853065,-0.3929223919498819,-0.011497346440033597,0.36601941448011915,0.0482657223260611,0.1794336221224034,0.08510540897258552,-0.02129217780400453,-0.04352362942568935,-0.16722870771318843
0.017339288195961703,0.37586590230427724,0.2601787050451142,0.302968218900991,0.347096453706516,0.5018140307929279,0.29168076791004627,0.2730738907021449,0.37819106114412937,0.2135499038206654,0.28917626212124603,0.16662820182282165,0.1900662254199522,0.4297939249792109,0.46941716608518946,0.22536895466007364,0.3715579371745825,0.5631542981688087,0.31026640657478627,0.4880648121466171,0.412475261547544,0.3024838602646067,-0.07044044890582614,0.26625313332490785,0.11574065154032732,2.4258495256218384,0.31824088851295734,0.24572442301017192,-0.05644567593373328,-0.42400927588862614,0.835620685118595,0.6723933108967864,0.2812349350804099,0.6406105089357514,0.09494297480403259,0.21249953281682224,-0.17911403728616568,0.36810627614826497,0.3582168052605473,0.29658882699983474,0.22589000517809046,0.3757324823519495,0.03973418161485827,-0.04957950106743931,-0.23957814699083907,-0.1864665208641844,0.1187706633279605,0.15780610433630718,1.2716458481477533,0.7333818054435698,-0.5287656399071724,0.03666648277578859,-0.19393121234829355,-0.11845018140654812,-0.1358300583936487,-0.027242443451754833,0.10620698788695428,0.15298033069444197,-0.20962796279599186
0.15037828588753874,0.4671600192631234,0.2976500854631847,0.1360260092706571,0.08947868652487864,0.3027138519109362,0.25172638213626475,0.3142221859274339,0.3889140034389584,0.24562216961338829,0.29879133228090604,0.3100582683991444,0.1706800008310301,0.3261546783231544,0.38894449533138076,0.2277480089131529,0.25180258250448095,-0.15943685648102807,0.0903956285079198,0.6134619257736625,0.24242888189205702,0.38556832445763484,0.47327958188146824,0.3947717858802861,0.6323301609568599,0.31824088851295734,1.9929225248201647,0.30333692730556466,0.3735879461039837,0.19476142612041786,-0.06419122928031243,0.2834899363969822,0.5310807129931381,0.10071534030813209,0.5496360736334284,0.5565825791325362,0.36736566060867565,0.541699224933947,0.48186976159150247,0.26438232581593757,0.4939199949333037,0.28063826489535876,1.0542047863090036,0.07591551104152958,0.5082428817927664,-0.245348585510684,0.07604770777070556,0.1869005383483153,1.0869818321974563,-0.004383176666713454,-0.3814968677476765,-0.15441223158124934,0.43226400017747113,-0.0037381589419059977,0.2220740387957971,0.011538144272367584,0.11107574412622852,0.18632372495589974,-0.4165553232026128
0.1436935039234515,0.16173943523586565,0.29346556413207797,0.14216778042694156,0.24623847401350793,0.4396242451975825,0.11091106894664779,0.28832693222305883,0.30487980818968435,0.2896208706300816,0.27523169908300915,0.13317081760319718,0.1316514264557517,0.3878614410498011,0.548209981263738,0.26816334577105294,0.6846397066933038,0.27443330741711847,0.35233016465137657,0.44868529609543767,0.06863333951690566,0.23417307195364304,0.26662774552869684,0.3134689835052839,0.2867676914233391,0.24572442301017192,0.30333692730556466,3.9053367832507733,-0.15041534580948704,-0.0659444625612794,0.2876585607224844,0.23760675639933468,0.5544122149809588,0.1952472464004823,0.33551629831787533,-0.25864403340557807,0.8336078744162486,0.21997954872105296,0.47710770494475513,0.13247865144876156,0.45961621636448874,0.014824151497088565,0.6386576978342057,0.08382225570829313,0.10872803576668517,-0.3917092059505586,0.14801958543734692,0.3563022146596412,1.2436302860383928,-0.46814573746961835,-0.16198118248928445,-0.12021246528865327,0.7424104483970274,-0.027054048649292076,0.618527603639914,0.058698487488043134,0.18290423145833454,-0.2596098280289808,0.3061205652890018
0.057999226192263366,0.5034617969524133,0.5342753323936571,0.2792927101201223,0.2710640314382624,0.39468475809563197,0.2862175759594465,0.2796113578878165,0.23482096802074978,0.3042022400598449,0.28567833514841945,0.31652212074624453,0.26255693638189875,0.31721023356479333,0.23079771280869973,0.47385480846342887,0.2642340027898982,0.22549917173386022,0.16438239564260318,0.4459816321370395,0.28142719224069646,0.37018768958520254,0.6368259078796823,0.22616892028498528,0.6588704191562597,-0.05644567593373328,0.3735879461039837,-0.15041534580948704,2.348087926461955,-0.2516633542790089,-0.34591009393390904,0.27324061349451234,-0.08709062597363545,0.7587394531412542,0.3338683181762453,0.6083583537871344,0.13141886806521028,-0.31075750069799096,0.45466717854408,0.20911591602636642,0.4175711620201612,0.29038123145113737,0.018499255758228365,-0.07570807210059621,-0.1802758861429271,0.32181965306659505,0.0587293242934585,-0.18808497091187884,0.3458229724221154,0.8146923136011801,-0.8047542695307214,0.03838891550293553,-0.1873744912661489,0.039721167874598756,0.013263224783059292,0.027861515112203625,-0.04471627378570486,-0.020266407705666657,-0.09901350084027
0.12187961120936518,0.13734072012879917,-0.0005600346828109484,0.07689770874414062,-0.036605129915793407,0.0980966104778593,0.12198433590411215,0.15435351513821777,0.19653416168407298,0.07085310844501962,0.14241353357945027,0.15982629434146353,0.11273479934985399,0.1516661711553445,0.2694713325444267,0.022436701172304542,0.09191931466398232,-0.08780709750363519,0.0448549865548132,0.2986121340084558,0.14515157078018717,0.11144620347667793,0.3607399092046722,0.4989421190394241,0.3630950056909927,-0.42400927588862614,0.19476142612041786,-0.0659444625612794,-0.2516633542790089,2.895477474995356,0.14933256357054261,0.13011819524542131,0.3202247470513098,-0.25982620747136126,0.16490642503696373,0.21485897805813525,0.8291428399472063,0.386276067504199,0.04891240206586112,-0.2835800499267128,0.4761317135811884,0.1516125149538126,0.40151648067594514,0.151696028922896,0.34480481027411286,0.35609217708198454,1.168877016114817,0.10935254748857762,0.4208386574149043,-0.5068827883780078,-0.05237102937995776,-0.25369299233631193,0.574682984421155,0.015566989837613511,0.1498889081061364,-0.27519067137482417,0.1275774971142314,-0.0652933406502707,-0.01998648811438787
0.12722849220327112,0.46121003794265614,0.395181298636838,0.21994869975070652,0.2675785439173968,0.3736758728958319,0.23857328308466003,0.19854426329966446,0.37074749405956614,0.20229558743174197,0.22463446783267435,0.08376038947336295,0.1702179211188397,0.2922835853444838,0.27502203157022925,0.25200065121041204,0.36453325561187955,0.602867878265144,0.4673581797066798,0.14205272141352215,0.42744674387715326,0.29536727867244505,-0.4307332976490342,0.2165232879182392,-0.19846522223066163,0.835620685118595,-0.06419122928031243,0.2876585607224844,-0.34591009393390904,0.14933256357054261,2.1118551301762913,0.5210107809243096,0.3862123816670529,0.33068451169928026,0.1799813600754871,0.4388259614187374,0.38389728838465137,0.5955158930097538,0.2042035095896053,0.1325380392292607,0.05452088223323635,0.41410159630113597,0.06814109527963026,0.0924057372239427,0.5223803832116898,0.20569787513530052,0.4131555754439367,-0.12659365195417435,-0.3969732058294285,0.13193922602504124,0.18015888390127885,0.4684791892687272,-0.6152397713499108,-0.11136996576867575,0.17191741834457588,-0.025874195785242995,0.3412965547907965,-0.2583612962903507,-0.32340096066038027
0.1422746345149253,0.24785877324026945,0.2907534192149127,0.24313922976340457,0.3080370529169174,0.4169933481658626,0.2826705118356952,0.21961198149806618,0.36417046485681387,0.20034817453221881,0.2753810639134544,0.2925536980624691,0.21602132304735924,0.3274618073571163,0.22887380815944938,0.40054017991636287,0.29930949536008067,0.32660442885094554,0.3385501486284863,0.34099836046134646,0.3452916424376881,0.419436329757028,0.15673727643210814,0.35542383348521195,0.2338784545451228,0.6723933108967864,0.2834899363969822,0.23760675639933468,0.27324061349451234,0.13011819524542131,0.5210107809243096,0.7271318360626153,0.2018372082041228,0.31228539091749846,0.23072471543666379,0.37342249610676875,0.21822550641139654,0.24372744645767166,0.4393994093209485,0.19426904577243503,0.22727226146220508,0.32623375259792853,0.09926277640065143,0.06119949783999515,0.14193521767539138,0.13438322495507368,0.2635204873380221,-0.0649854090617133,0.45786036897967225,0.23992035788948898,-0.19267623483462182,0.04532460973894607,-0.05076023159888518,-0.09138875682747356,0.18606965228734865,-0.1373751986629274,0.595859162382926,-0.33124181142595555,-0.3568564942078371
0.04257372983815381,0.1850088210913161,0.298691176823854,0.17123855821950762,0.16773682843740673,0.18474224868086508,0.23086367512015243,0.17814280165217516,0.3953381059831325,0.15947420375261773,0.1852280414350483,0.18207600392988746,0.14587589056960432,0.2143925981722695,0.24887040098798133,0.18801280029368558,0.253652950241206,0.10176552236448061,0.26907209526347814,0.3229922508614265,0.08176318522669834,0.3006960833701375,0.40843605152730983,0.6534184797542908,0.27639663123597935,0.2812349350804099,0.5310807129931381,0.5544122149809588,-0.08709062597363545,0.3202247470513098,0.3862123816670529,0.2018372082041228,2.0027500989669913,0.08709965770440968,-0.008529364054117042,-0.08182635868959806,0.48767334473711954,0.5284804991557025,0.0830186537421145,-0.1726133909560136,-0.3744261143091226,0.09492200332278546,0.34567507327935576,0.11330263787774067,-0.30942893907004787,-0.26585364198652267,0.30957852423577914,0.2685864975907763,1.0391745793535954,0.3492425356424934,-0.09717146150544868,0.48889200654876663,-0.39806334730717335,-0.15906755464190267,0.19736591232705686,0.07170281401511604,-0.01176748234433541,-0.15838621107126702,-0.05715160705147191
-0.39768013662277973,0.5002460213339943,0.39620365473655106,0.3563185006439305,0.5576792973010104,0.4469737558483807,0.44019860674275596,0.34451615095861815,0.17063481381885093,0.43567115806811807,0.3707342734090589,0.3745057537802477,0.2713774880091557,0.4061399318175714,0.47931884577785766,0.3604499026153131,0.3825572234605647,0.45318570502586314,0.39458505240927,0.3016616191354081,0.47245085803266457,0.21292534654600312,0.3042197549649601,0.2991023464966281,0.5669916058002722,0.6406105089357514,0.10071534030813209,0.1952472464004823,0.7587394531412542,-0.25982620747136126,0.33068451169928026,0.31228539091749846,0.08709965770440968,2.7180546757128186,0.05101969909875085,-0.02138061399920968,0.9297715658984574,0.3881743296202791,-0.34686109270277654,-0.19546647784470347,0.345346965635306,0.4970168385959833,-0.07496815992176997,0.18449135767411753,-0.7905158717434922,-0.3528777694258424,0.23861426756270845,0.19473380026237325,0.4361186164426349,0.21287004123590195,-0.192058596752117,-0.21540816488452105,0.013832640305463996,0.07305719686846349,-0.10019416921039209,0.1452234013973701,-0.18836886586454038,-0.12985781301907323,0.24028725822075958
