0.9330626293461834,0.4541090118330696,0.387013370834284,0.22411624492141086,0.06464215580394148,0.0068396329764666,0.20758492703558643,0.039570418243682105,0.07563684081624023,0.12160685775617659,0.10684821829039351,0.13323871062930087,0.07360001773597619,0.04595407478414772,0.13214727579192082,0.0836390159079827,0.06333980394140312,0.16037378764333693,0.12778744861935815,0.17732325747762662,0.05291279713760716,0.08707856919370911,0.008427275449878785,-0.2074632550319589,0.11216675706548353,0.15983796671226827,0.08710889412894149,0.13943500761204136,-0.0033884061126350598,0.1790409256603027,-0.007629007503886351,0.033846598247393264,0.19713021301494207,-0.2888670163194867,-0.0009356234381465603,0.07728606265917383,0.10767863062631167,0.0990482635463863,0.04261798242713828,0.08382381754943573,0.07924217252897889,0.013287199983211175,0.08505730636071347,-0.0027804075608583298,0.23184240337195108,0.1770780044543797,0.08704415066116385,0.01691296234491653,0.022171331465880618,0.09176966012728961,0.08049729998820994,0.004147521074467654,-0.08151677002438311,-0.023977508342116125,0.11746088680961317,-0.021090445557925188,0.25840772141858376,0.09773757614597119,-0.42723204408283105
0.4541090118330696,5.77022546724396,0.8407943129976635,-0.1320645082579973,0.09871049636334035,-0.1349558839919989,0.9316356895960446,0.13639850970828057,0.4962047791202123,0.20294778402026561,0.37968166138203585,0.33899004349995304,0.22627475717878823,0.1888920555149874,0.6517295404881187,0.25875992845033985,0.17410220656336584,0.8101898335185928,0.6058912714766711,0.0073227055644659485,0.42560481726703703,0.3663653171308284,-0.49301413108888814,-0.01706801056175142,0.01402525775464388,-0.06704055046794165,0.2868735312220048,0.21870215429168452,0.23379268265857658,0.39616600475680397,0.6397124233764004,0.23256345137963613,0.37950768045860267,0.261971093077093,0.41526982650528316,0.34627180729741436,-0.09863196066732528,0.04642846646170049,0.6002537138727599,0.3358559283158099,0.24493323759391974,0.23386088348456532,0.3593763324670877,0.0769043913075291,0.7219460126016936,0.4206333965506712,0.4768559668873579,0.008157510471448646,0.3164958638268967,0.17981663100816908,0.4792399199165589,-0.24814922953146595,-0.35824552465945075,-0.17008346149082693,-0.9671041016984637,0.22452536115213517,-0.48478587807747126,0.6433071312144617,0.5329002448444322
0.387013370834284,0.8407943129976635,3.1175784234377524,0.3474774910387348,0.25277956759921016,0.6610708490111958,0.4897966691083377,0.45298386819002245,0.9404360266341075,0.5600419732171662,0.5618967181773403,0.6777851491389655,0.34532612564771764,0.4450662280842754,0.6758975603000817,0.44421593640004453,0.7571647875604608,0.43647958128607,0.9840323715608923,0.8099627814800714,0.6219977540591158,0.6887954671947412,0.6774014609628795,0.75239469902639,0.5075292405717473,0.48330008053506623,0.4504368199883615,0.8381379621564977,0.780951191644244,0.7248645057300682,0.3433754027198,0.34077916060583047,0.655160829575496,0.4758915837912938,0.7701849834320487,0.45128716491698817,0.48492671076556115,0.3770310208690916,0.8413895532563271,0.562813031240612,0.6330778533604662,0.5252694753349536,0.5934896334131855,0.0143083298985896,0.7986172395098191,0.7849701937340499,1.029140543144802,0.12479862911048042,0.981277360218304,0.010287061821267755,-0.051626256800345945,-0.06827711886942514,0.2762324363272722,-0.21337801814736773,-0.07766454134535117,-0.010452960740764454,-0.8916849766097827,-0.1139230121031923,1.0622306314796661
0.22411624492141086,-0.1320645082579973,0.3474774910387348,3.4067193861680685,-0.43601467762129054,0.02346665724100263,0.042486542122227265,0.12074444436420773,-0.02414993147163109,0.2978772238888531,0.06076633332437623,0.24447887185985534,0.03310715679233352,0.13194221926296698,0.031210958298243028,0.17875476926805903,0.17331044017177125,-0.04106348188738432,0.1749918207348174,0.11611579698760552,-0.05700330390821297,0.0727321377516435,-0.037388590007639146,-0.2236719991918365,0.05263789498370666,0.09613637102981147,0.128962691965292,0.29038941451610184,0.025121615227620842,0.18610360671244114,-0.28236456370109725,0.20059424156718864,0.1553509634156823,-0.08749047715845529,-0.9485590357494389,0.24891971775084426,0.13272633324561825,0.06991156739720007,-0.1138118604276891,-0.20056503444453475,0.12205636282053714,-0.08220002988824249,-0.028450211751345374,0.0738748353891278,-0.1668937926354338,0.02983032165722154,-0.09432278638105343,-0.0165055763864153,0.13261427873829779,0.08835746232607311,-0.18963606853872275,0.07936194883158017,-0.2891041181145964,0.006529897028782934,-0.4255763938999165,-0.01959136327615735,0.0985564062120647,0.4615845084278068,-0.16616171560997953
0.06464215580394148,0.09871049636334035,0.25277956759921016,-0.43601467762129054,1.3560961308648987,0.6214680986825232,9.889763630523302e-5,0.3122571041397033,0.31452941408336726,0.1063539956958308,0.26466832065718,0.32940120546366936,0.1973538623998232,0.3402733760801419,0.31853842730387394,0.2919646898645962,0.19245235033060987,0.20874612961661418,0.12275070033426928,0.28271094467055213,0.24578695480279233,0.2982041109635951,0.3714240811102318,0.39100172212360407,0.26585423076567277,0.3153743001281743,0.20320840639037355,0.1282765308541731,0.4046546327252041,-0.36381984423087577,0.23019342947882665,0.3394534325306207,0.04020267399182123,0.593329805396658,-0.030727390714680784,0.2004054335169072,0.15430756648538133,0.16085403979549262,0.13547262138361496,0.07618651516377259,0.21444300808925146,0.3226231664702306,0.17256905330075592,-0.006313083159979486,0.03085570864201367,0.3565308582226754,0.33482423622469726,0.008195911168217992,0.013147583743462154,-0.19314212059883995,0.17737095142916623,0.12967172273769997,0.18464632374893586,-0.0433981864679461,-0.022545154313088674,-0.14741492958393243,-0.23546872408865774,0.06855988545424133,0.29647325190246293
0.0068396329764666,-0.1349558839919989,0.6610708490111958,0.02346665724100263,0.6214680986825232,0.9185340387775177,-0.10826588119606988,0.4288885208566859,0.4421183632276443,0.24040307087246798,0.3058800496351933,0.40920768544456193,0.2015305533027122,0.4254677144385562,0.3535914694213669,0.3556367492554445,0.4244267752836347,0.20714031153241266,0.33483521555373297,0.480663043909829,0.3350619655102666,0.39889965084871015,0.4046970379198712,0.562116899132276,0.3110883787379406,0.40468569289402473,0.2909207508251123,0.47368717617557615,0.4469950787279616,-0.011063699980768973,0.30488441262538774,0.40288865002635976,0.15537638982533453,0.439799067907929,0.2770108468811482,0.2098040358907718,0.13030015699993266,0.25505772194278425,0.38905063497880116,0.2401247508580154,0.22323444862978756,0.3077789009945377,0.3290915691728433,0.004112926141159237,0.25940400763851823,0.3867945947313218,0.49402873383129176,0.04338334904218268,0.43859138974684375,0.04276748114629828,-0.3436964596861288,0.19430605655991975,-0.05145252252766203,0.053210881781258684,-0.06769903381996992,-0.06661103384598496,-0.30729141159550105,0.13969566401022115,0.2499764037391057
0.20758492703558643,0.9316356895960446,0.4897966691083377,0.042486542122227265,9.889763630523302e-5,-0.10826588119606988,1.165509711961957,0.1581492081968205,0.34733611178177537,0.10752033881065884,0.30694508464687686,0.3036464143548388,0.186435287415719,0.14096051157988695,0.25221997533858814,0.20822475714918845,0.30537662157577555,0.3203683027563252,0.38950979165891,0.278828477801841,0.30316583671872627,0.28857019981749993,0.35278544761168756,0.4217174116004269,0.24318715146946002,0.10379485084382763,0.22508728970993266,0.3019247944182148,0.2036581336685205,0.23735089683376193,0.265826430640168,0.15689795596189543,0.3533830773946233,0.29377643047534124,0.26801006640812536,0.17094903136236309,0.17971239795552643,0.12569438189686516,0.4332622743775128,0.2305476889414538,0.3332758261183231,0.1784041543098441,0.27708500776072303,0.01998227462877671,0.46624845964804,0.2842913901478001,0.5221136733235933,0.06101221424073244,0.5057324391652652,0.062282332663149226,-0.024883436639016904,-0.17722467170989908,-0.020314960446963078,-0.06588094998097171,-0.1680821044691974,0.220841911159001,-0.16445570975754994,0.15576124679348263,-0.09749326625744963
0.039570418243682105,0.13639850970828057,0.45298386819002245,0.12074444436420773,0.3122571041397033,0.4288885208566859,0.1581492081968205,0.650758336665629,0.2453958686056721,0.21716643020166262,0.2277206693695394,0.1334465589146554,0.2111577469672242,0.27881975317021385,0.16125893087239232,0.22583015016252234,0.30138077016463016,0.23471820527405432,0.27014005071109914,0.37259472245236375,0.23506142907804684,0.24275818111336966,0.25697597402498173,0.3777792796674967,0.23818160626516083,0.24371148536958953,0.19751139000332021,0.31641018180638725,0.2841593914585627,0.20483606528608192,0.2371512056136126,0.18487719709971218,0.19379381120401468,0.3485421081676074,0.2942180312196005,0.12419004829035463,0.21701846160704794,0.1985165729460686,0.39548657109851443,0.2037635098046925,0.1871278432864145,0.1263606797598598,0.28965217273756727,0.012852040583998168,0.278810915084897,0.22463113513840927,0.41059180972526166,0.044832479397714155,0.46947003675664817,0.02951602874842447,-0.19210224274986765,0.019677886460759846,0.24053324854991553,-0.14178605363317345,-0.12056597796872322,-0.02277909140421478,-0.1307411627012146,0.20440067923200086,0.02431598167819067
0.07563684081624023,0.4962047791202123,0.9404360266341075,-0.02414993147163109,0.31452941408336726,0.4421183632276443,0.34733611178177537,0.2453958686056721,0.8878980800700601,0.2647847557622906,0.3273383184751591,0.38191992292936405,0.2072823353734873,0.35312767998241285,0.3826439814786096,0.2895999364008042,0.42885480199846887,0.3360150342192549,0.5452931056240105,0.36854396127812766,0.3843650618181931,0.5692811182070273,0.4481939110284947,0.5757819481025926,0.25361323077489173,0.3400663742755945,0.27331597084410936,0.4905325324890757,0.3582781026607632,0.20272321340902977,0.35082156976313683,0.32970668283304005,0.4019034959360656,0.3084515226887419,0.37670739849209295,0.20197054747132587,0.09225168398230542,0.1877220491259674,0.4436510827693188,0.2915975925045174,0.2878069295647408,0.3473506599407203,0.34312604257395873,0.011096615084826615,0.35360188897374417,0.4942150035016909,0.6369948738227368,0.02753810801283834,0.7000386311868699,-0.10228340506934441,0.04835166936825042,-0.057085455694833115,0.045842824361992746,-0.05166268968028622,-0.06232756332756442,0.1519936183006673,-0.46568931932078783,0.015528594382268014,0.339299322898936
0.12160685775617659,0.20294778402026561,0.5600419732171662,0.2978772238888531,0.1063539956958308,0.24040307087246798,0.10752033881065884,0.21716643020166262,0.2647847557622906,0.5685679975443491,0.20185918871952802,0.2559806506129213,0.17827959113022668,0.22983041120875497,0.24318883680291517,0.20735657327336132,0.286472972327323,0.2178363416480322,0.288038188397524,0.3649645872110014,0.20784783947438024,0.22810116454545554,0.16385471240554608,0.16198686889077704,0.183673458697836,0.22638435315992958,0.2186414395871835,0.3016665062010238,0.32343764786115325,0.2211492316694357,0.14863010593318382,0.22059775523600172,0.15994610928379335,0.32320252375838204,0.28624411097005203,0.17320250470435208,0.26569047889843334,0.17959469763035868,0.31697792783253553,0.20041384084298094,0.3328041711171597,0.10640835862552678,0.24610479278994254,0.011840968696497423,0.3851208890889672,0.29772217320489386,0.4509324145130629,0.044796929597201184,0.29264219070574826,0.0954205405513609,-0.0462921922169139,0.0015240111522889295,-0.0875569114184572,-0.021116253750962145,0.04552726419768173,0.03198408218563439,-0.1749694345451753,-0.060186958719199796,0.14863742046733436
0.10684821829039351,0.37968166138203585,0.5618967181773403,0.06076633332437623,0.26466832065718,0.3058800496351933,0.30694508464687686,0.2277206693695394,0.3273383184751591,0.20185918871952802,0.4757182543200397,0.35879225742169707,0.19407627327753624,0.24868639245867805,0.36301245779680097,0.27448455918974646,0.3637354428198753,0.2633538280481295,0.26754997295940136,0.31397139143395547,0.2791409243114079,0.29748677579301364,0.3411407107226957,0.4147415921905626,0.2405787222168352,0.19799117353898474,0.24370121080383025,0.32473731335599176,0.34336213055142806,0.19754299540396847,0.2744283768057721,0.2336238236946288,0.22827291875227532,0.31208545971748647,0.3929947332896603,0.1644002460259452,0.1412388875536105,0.15219585927050774,0.33806871380758347,0.26013248616773954,0.2942897786927739,0.2666050070544648,0.2629298345609852,0.009410172571071755,0.3241638751844849,0.36573389626554437,0.5063767952634276,0.06786959850096967,0.4190669986650966,-0.050897396629475025,0.002046126858831849,-0.08415757738052525,0.08894315915409708,0.014898233209841067,-0.1271442794793542,0.050850633448547844,-0.20597802031471718,0.14012579683472193,0.06536455507913973
0.13323871062930087,0.33899004349995304,0.6777851491389655,0.24447887185985534,0.32940120546366936,0.40920768544456193,0.3036464143548388,0.1334465589146554,0.38191992292936405,0.2559806506129213,0.35879225742169707,0.6528525335038677,0.16252058366140648,0.3042136153456264,0.3683940464400181,0.34344121712246806,0.38462959103775346,0.16071928151064127,0.34404286696061426,0.3662221078042938,0.29211878934370533,0.35879204449562524,0.33336625668015446,0.39992257918428153,0.30005349248511626,0.23018870434673147,0.3154154603426804,0.33658250298414416,0.42131581720482036,0.19172792541355818,0.18558105757157847,0.3336245514305065,0.19445584671661428,0.3500561933519783,0.32004442381130677,0.29518032093238017,0.10126570945566912,0.17779174020618174,0.2798869571122064,0.2582603796548701,0.3560978365187304,0.30799178103900354,0.281166369211669,0.011814419598398478,0.34276775079516447,0.43821693151109753,0.48934800568895737,0.0552107271507335,0.32776673088946495,-0.19057963669520522,-0.022625313031273346,-0.0452675400774126,-0.005106427983402976,0.1180232552064773,-0.1312199582462954,0.05817307323378088,-0.2712956511436745,0.12962037593959877,0.13786757163557178
0.07360001773597619,0.22627475717878823,0.34532612564771764,0.03310715679233352,0.1973538623998232,0.2015305533027122,0.186435287415719,0.2111577469672242,0.2072823353734873,0.17827959113022668,0.19407627327753624,0.16252058366140648,0.31286343982882964,0.1814524133726684,0.13045200900342374,0.1993682545051999,0.19934299664275495,0.18762124735100755,0.2303323345043383,0.22422233045670267,0.16185253260741325,0.20846752316450876,0.24251978283300926,0.24129925401021202,0.17292873018207025,0.1562707789564612,0.17851531006269783,0.21106204717433055,0.24953844634464045,0.16737768066427877,0.13211664320506422,0.14687792009268325,0.17304092511970973,0.2343287255861994,0.2440554797005008,0.11349804979968085,0.17107247757099656,0.11399463595599743,0.24119467078950657,0.15715274884624011,0.20339361787701343,0.09139679432582878,0.1737420660908163,0.00883412882560432,0.14483314538133688,0.21482479850978212,0.3129129418666297,0.03240325835074905,0.3528487175434931,0.025221018188072056,-0.05260315058157938,-0.034967311802656796,0.10459765079626061,-0.05662683860940954,-0.0573647625087809,-0.022677209468051348,-0.06616350271964494,0.05379443746175718,0.06287417619023618
0.04595407478414772,0.1888920555149874,0.4450662280842754,0.13194221926296698,0.3402733760801419,0.4254677144385562,0.14096051157988695,0.27881975317021385,0.35312767998241285,0.22983041120875497,0.24868639245867805,0.3042136153456264,0.1814524133726684,0.5617720043809101,0.3847840406583201,0.40221928978103627,0.3629590810723256,0.23082554500403826,0.33002645731215496,0.33439901674350725,0.311192447457566,0.375837823873589,0.3822037017016526,0.40312659355567254,0.25387340747900794,0.3449827370193945,0.2801797351999329,0.31231158437019585,0.3698567568331052,0.24225836036245654,0.21292320940957257,0.48186175389835156,0.2225434319470577,0.38125944025406494,0.3136238017582851,0.2707230945015434,0.07239282980632372,0.17798184660922536,0.37294768123959265,0.24342407949344122,0.35702717494520636,0.26184687277218005,0.3112492432550755,0.014508418030857036,0.35882833855424967,0.41731801048624784,0.5154331135806676,0.04943771100744513,0.473878651877548,0.11150091204205119,-0.12016678881229548,-0.06949322341953422,-0.02459721899357568,0.06470268950458936,-0.15977164289207113,0.0034565484349061842,-0.2856513579957195,0.2305412670029267,0.08328509873446759
0.13214727579192082,0.6517295404881187,0.6758975603000817,0.031210958298243028,0.31853842730387394,0.3535914694213669,0.25221997533858814,0.16125893087239232,0.3826439814786096,0.24318883680291517,0.36301245779680097,0.3683940464400181,0.13045200900342374,0.3847840406583201,0.871379357748408,0.33261430113718304,0.40057168525875886,0.42763001227915576,0.4204033815218224,0.30695971245084064,0.36406338519116066,0.349797072389177,0.45164861238157916,0.43326385072401175,0.3004025642074568,0.3473427638279655,0.2657583137229086,0.4052443330473395,0.4276101267648037,0.25938163286186317,0.30438656013172405,0.38438836730166864,0.27985300207259567,0.37886577168466085,0.3813007911412305,0.26100614592407995,0.13308462889828548,0.13837398446357507,0.44423573678942835,0.28024945762180525,0.4071006901770727,0.34003732165775413,0.33522823027719156,0.01129757098627146,0.42428862297153214,0.48313017487091564,0.6111571064982854,0.08418484290589269,0.5105281210494124,0.3205514939191391,-0.05249740658971618,0.06378037267908584,-0.3113832623390055,-0.003917564621934239,-0.16595200176802657,0.1359327420763922,-0.40502731972393896,0.18297350212311886,0.16784558633116725
0.0836390159079827,0.25875992845033985,0.44421593640004453,0.17875476926805903,0.2919646898645962,0.3556367492554445,0.20822475714918845,0.22583015016252234,0.2895999364008042,0.20735657327336132,0.27448455918974646,0.34344121712246806,0.1993682545051999,0.40221928978103627,0.33261430113718304,0.5651807175797426,0.40146443309196567,0.1883783318733722,0.30196121198516557,0.3680109711193024,0.2831016451708963,0.4176475310655083,0.25902708091678595,0.3496638532154676,0.27127061398188285,0.3189318152249332,0.30046544140261944,0.3408855066369757,0.3469213749135504,0.22485574713800247,0.20974510195752097,0.35919847944304095,0.20087173912871945,0.34575391978962,0.4267793954624524,0.22230411513046935,0.11983782554450452,0.18453033963661106,0.34514148696687685,0.26555126870924123,0.34981468861323645,0.2913737880717061,0.33233974350777273,0.020278119363006504,0.3846664019851176,0.39555444401027107,0.4965844023098778,0.03291102963521998,0.43389016940336544,-0.0017279442867286837,-0.10697844450476074,-0.08792543934277856,0.05154769629839635,0.07706846476861037,-0.1637973385507391,0.021257180007903335,-0.25678263096051657,0.2371774362564237,0.051051252195912195
0.06333980394140312,0.17410220656336584,0.7571647875604608,0.17331044017177125,0.19245235033060987,0.4244267752836347,0.30537662157577555,0.30138077016463016,0.42885480199846887,0.286472972327323,0.3637354428198753,0.38462959103775346,0.19934299664275495,0.3629590810723256,0.40057168525875886,0.40146443309196567,1.164328769815262,0.20668089024470992,0.42423283168134274,0.4969430867760399,0.42640260795200075,0.4129962434737664,0.4550978480860984,0.5440866983260512,0.38332325669861417,0.2734551182937499,0.3235905636474745,1.0488910931296578,0.3438151221599887,0.2643519312548084,0.3070375835213565,0.3432114555162898,0.5318497321787997,0.35504069074046957,0.46830983791845465,0.15181716474625273,0.4470485801604559,0.23048781173617383,0.5194875831145297,0.3075033668849019,0.5450415479624982,0.6568515354111133,0.39864164891608067,0.016943566667426555,0.6844991571592315,0.5258035375861903,0.8809730959702279,0.16259424803672684,0.4628360795637384,0.09299582982511762,-0.22935062832169448,-0.29527021126220354,-0.04783822393023952,0.11806528896157009,-0.11935193621855471,0.017759158397252655,-0.42246801423252206,0.19785945113270706,0.19877762634909388
0.16037378764333693,0.8101898335185928,0.43647958128607,-0.04106348188738432,0.20874612961661418,0.20714031153241266,0.3203683027563252,0.23471820527405432,0.3360150342192549,0.2178363416480322,0.2633538280481295,0.16071928151064127,0.18762124735100755,0.23082554500403826,0.42763001227915576,0.1883783318733722,0.20668089024470992,0.8331933938751995,0.29428865243077246,0.09399468045119817,0.30156179138824146,0.2639185228089792,0.4183357230005434,0.32213757245919966,0.16944655304115203,0.32162882441002705,0.14633193031633002,0.25685496390738066,0.17484043146044745,0.010648288204355877,0.48437441487107563,0.2199564524372255,0.27352392114267243,0.27348905065578166,0.3031684869092766,0.1653557239407591,-0.04137505101814067,0.045861077820951016,0.4581730421374413,0.24868769016773534,0.1888909239915431,0.04372502640458597,0.29968059458880714,0.01881243313784088,0.5827259423379372,0.3042809940057473,0.4458764236390173,0.006174496542145609,0.30449400541940946,0.2020964697465113,0.2438586610813978,-0.014944650048250597,-0.36583257892563836,-0.1342308154213602,-0.1409063928164063,0.16393200907023664,-0.08340662263009406,0.19572859381447605,-0.2170273101977118
0.12778744861935815,0.6058912714766711,0.9840323715608923,0.1749918207348174,0.12275070033426928,0.33483521555373297,0.38950979165891,0.27014005071109914,0.5452931056240105,0.288038188397524,0.26754997295940136,0.34404286696061426,0.2303323345043383,0.33002645731215496,0.4204033815218224,0.30196121198516557,0.42423283168134274,0.29428865243077246,1.6824249146155523,0.5074427379697162,0.4340705595161405,0.44632877853244013,0.2849291099775418,0.37128687813381595,0.2310509801190249,0.40437749951520996,0.2844658003316658,0.5849944421780593,0.4825238613574937,0.38056343782801855,0.3091143000889713,0.3139935202543747,0.41181883692512233,0.34969551776618885,0.3760692645472185,0.4495254240535697,0.12172515220175724,0.239295556395293,0.6040355436547832,0.32198648368132965,0.503873626895079,0.3147372720943378,0.38576004615390797,0.014189607217591474,0.6559313326384267,0.5772927961912908,0.6175273514719154,0.07402348761635642,0.4949503239677053,0.38926828289675086,-0.22241187142402485,-0.27422180190902906,-0.1660716111077157,0.007235977347264632,-0.08248573075468488,0.1108977780904545,-0.4059700842419624,0.04620203127535899,0.3313118590192188
0.17732325747762662,0.0073227055644659485,0.8099627814800714,0.11611579698760552,0.28271094467055213,0.480663043909829,0.278828477801841,0.37259472245236375,0.36854396127812766,0.3649645872110014,0.31397139143395547,0.3662221078042938,0.22422233045670267,0.33439901674350725,0.30695971245084064,0.3680109711193024,0.4969430867760399,0.09399468045119817,0.5074427379697162,1.6640282730905926,0.27187746585915495,0.34958952716921277,0.48496880303517653,0.4446746681466208,0.4261021856182654,0.4786649312914643,0.4683710896883002,0.8487740670774104,0.31398479614864727,0.36695551771925866,0.11406645391087984,0.31672826465859844,0.31446394128812777,0.44978897449127203,0.5462460954953329,0.12432203833883944,0.9122037828070062,0.7587504900496063,0.3730081620420993,0.4412922905942708,0.5196821534361058,-0.12087217985181653,0.5887218715495434,-0.04969064355800509,0.803694843072315,0.44606901842092755,0.6944855450042688,0.11547797549858546,0.5982863297176514,0.06619120671626838,-0.49781929571009925,0.3409176571344508,0.08700009069129601,-0.046549093144536986,0.06331838994900456,-0.05294389813102757,-0.2485153343858945,0.0645409331746918,0.18212627807857193
0.05291279713760716,0.42560481726703703,0.6219977540591158,-0.05700330390821297,0.24578695480279233,0.3350619655102666,0.30316583671872627,0.23506142907804684,0.3843650618181931,0.20784783947438024,0.2791409243114079,0.29211878934370533,0.16185253260741325,0.311192447457566,0.36406338519116066,0.2831016451708963,0.42640260795200075,0.30156179138824146,0.4340705595161405,0.27187746585915495,0.6574375358882234,0.3344120358856592,0.28771505635315436,0.4551924029284497,0.2655050973328773,0.4706157383182373,0.2292096573365455,0.2529007466325901,0.46692380925361554,0.22410239083900657,0.47383534559537166,0.27658519708195134,0.44358885491728467,0.3670340318022998,0.5715436575936714,0.2989637656253807,0.1113222671718037,0.1407275013274856,0.8965193510420896,0.45616648025283085,0.5011118552578413,0.5356490408802256,0.4059216513063233,0.03270167022108627,1.1281599517699206,0.5149073361369904,0.8161823719623411,0.14400539040433072,0.45837967516185263,0.22097889910515245,-0.04349436977634918,-0.31710777790720346,0.04356414294791078,-0.006508560556236963,-0.07115871550114276,0.03299324639374971,-0.3956002308310433,0.07869636657105038,0.222259767546752
0.08707856919370911,0.3663653171308284,0.6887954671947412,0.0727321377516435,0.2982041109635951,0.39889965084871015,0.28857019981749993,0.24275818111336966,0.5692811182070273,0.22810116454545554,0.29748677579301364,0.35879204449562524,0.20846752316450876,0.375837823873589,0.349797072389177,0.4176475310655083,0.4129962434737664,0.2639185228089792,0.44632877853244013,0.34958952716921277,0.3344120358856592,0.5957715181637526,0.37671891003128416,0.45561754038266866,0.2784713487077426,0.35043866404613866,0.28459149170656467,0.3843537449595528,0.3869781267694948,0.22195707346390026,0.25416472581950794,0.3408617762266788,0.3106030971942967,0.3248856572307659,0.40878942432467325,0.2129233367607878,0.09435824166795778,0.17809625094249998,0.4082347708196708,0.2793714431831141,0.31616542117105756,0.3466567483887617,0.34946509130513054,0.01954181508066373,0.3433317653963883,0.4605338952880762,0.5771003719409162,0.00018080993391237735,0.6198271252862474,-0.03179971322692476,-0.0418450504620261,-0.10760161699965902,0.06400785837321689,0.011649278652483885,-0.11724021967401885,0.08100681486272863,-0.3526840778661563,0.1374836366152416,0.18064141250299556
0.008427275449878785,-0.49301413108888814,0.6774014609628795,-0.037388590007639146,0.3714240811102318,0.4046970379198712,0.35278544761168756,0.25697597402498173,0.4481939110284947,0.16385471240554608,0.3411407107226957,0.33336625668015446,0.24251978283300926,0.3822037017016526,0.45164861238157916,0.25902708091678595,0.4550978480860984,0.4183357230005434,0.2849291099775418,0.48496880303517653,0.28771505635315436,0.37671891003128416,2.114420961367434,0.9634625887069542,0.5513226206331524,0.26924964723029726,0.2856915108611844,0.6676376655461862,0.53948596613726,0.3834243611998148,-0.2064610265112088,0.33103201153933204,0.48377518655002566,0.3832433607875372,0.22595348818209002,0.15814606932621883,0.4473364946968159,0.14852851983100562,0.30120268533364364,0.33960828199478116,0.5704530589120275,0.13088865472717098,0.32478417872981247,-0.04425825804645109,-0.061817688135447246,0.4729768336161349,0.7933460750942966,0.1395685355717776,1.1016943733639037,0.06401752775110066,-0.2582036507494011,0.1350948730318127,0.08043561742895944,-0.05613867522442392,-0.008989395336048391,0.01702623222075137,-0.4727125763010244,0.1039606109720861,0.35280889073286836
-0.2074632550319589,-0.01706801056175142,0.75239469902639,-0.2236719991918365,0.39100172212360407,0.562116899132276,0.4217174116004269,0.3777792796674967,0.5757819481025926,0.16198686889077704,0.4147415921905626,0.39992257918428153,0.24129925401021202,0.40312659355567254,0.43326385072401175,0.3496638532154676,0.5440866983260512,0.32213757245919966,0.37128687813381595,0.4446746681466208,0.4551924029284497,0.45561754038266866,0.9634625887069542,1.9361153824654793,0.426609019821359,-0.042437473244974176,0.3271981787911068,0.7210535690806652,0.17799243448125612,0.22821219000177428,0.805034243603513,0.3291367828373429,0.4609823516783649,0.19401103509350232,0.8611666655383318,-0.007431448600966159,-0.12340218892514823,0.2181758456032379,0.5283216753548596,0.5099126670833801,0.23315173541563736,0.35531398326153035,0.33370139244455715,0.01293554183515013,0.10406908256656874,0.5265760579273697,0.8823571890539619,0.15536806302008285,1.1841516291064353,-0.15665926500370184,-0.24071000614353255,0.04299137152273037,0.22215635216864568,0.023134745939317594,-0.15099081667064482,0.10625063261693692,-0.45336681726026107,0.12008101415152184,0.3095680884462635
0.11216675706548353,0.01402525775464388,0.5075292405717473,0.05263789498370666,0.26585423076567277,0.3110883787379406,0.24318715146946002,0.23818160626516083,0.25361323077489173,0.183673458697836,0.2405787222168352,0.30005349248511626,0.17292873018207025,0.25387340747900794,0.3004025642074568,0.27127061398188285,0.38332325669861417,0.16944655304115203,0.2310509801190249,0.4261021856182654,0.2655050973328773,0.2784713487077426,0.5513226206331524,0.426609019821359,1.204074231003021,0.34950561729643176,0.24893124403310482,0.31890332543174815,0.7408762431627364,0.2803216314192896,0.01581233495770692,0.22095981477771365,0.2574359716034345,0.40010332238500806,0.3241273862551486,0.3861032423152589,0.5223156500781779,0.21694221171955563,0.14757381898040625,0.17315558974226078,0.49216345353873886,0.21616539192546946,0.30004848046583454,0.009741595087618562,0.3955718374317047,0.6178368676109626,0.4824593012460081,0.05561813747106856,-0.08403661467108767,-0.3888649287715772,0.0674166704705107,0.0935924337811092,0.24112846864698756,-0.029979681835664046,-0.011525884906379775,0.020667565086459803,-0.15190660757871866,0.036427258423891384,0.034940976630538544
0.15983796671226827,-0.06704055046794165,0.48330008053506623,0.09613637102981147,0.3153743001281743,0.40468569289402473,0.10379485084382763,0.24371148536958953,0.3400663742755945,0.22638435315992958,0.19799117353898474,0.23018870434673147,0.1562707789564612,0.3449827370193945,0.3473427638279655,0.3189318152249332,0.2734551182937499,0.32162882441002705,0.40437749951520996,0.4786649312914643,0.4706157383182373,0.35043866404613866,0.26924964723029726,-0.042437473244974176,0.34950561729643176,2.57414509045597,0.21694943451595114,0.25324327135554614,0.3358594005322508,-0.08483801347696482,0.09112536384788829,0.38978074433279025,0.3497547359747253,0.4906059619336917,0.3132780191768359,0.29110003014289565,0.037584478615149505,0.18664403004026608,0.5934442784075478,0.4385362744116348,0.6015388523828239,0.24776596203419282,0.2687065039417277,-0.07759842693573979,1.0460043268250758,0.3100794725431892,0.441404819544896,0.1317163573408214,1.1214817418885652,0.2584374144734192,0.03444650724790983,-0.051032263761742275,-0.3275355330008465,-0.0506742323058062,-0.050476528712142484,-0.011482255798837816,-0.12173881132161149,0.03774394640020096,0.025929318400325776
0.08710889412894149,0.2868735312220048,0.4504368199883615,0.128962691965292,0.20320840639037355,0.2909207508251123,0.22508728970993266,0.19751139000332021,0.27331597084410936,0.2186414395871835,0.24370121080383025,0.3154154603426804,0.17851531006269783,0.2801797351999329,0.2657583137229086,0.30046544140261944,0.3235905636474745,0.14633193031633002,0.2844658003316658,0.4683710896883002,0.2292096573365455,0.28459149170656467,0.2856915108611844,0.3271981787911068,0.24893124403310482,0.21694943451595114,0.48146038187524615,0.35835991958220714,0.2525026641642092,0.1931543920328905,0.17122988338890446,0.3297947022051884,0.2006996456634661,0.3171391639835277,0.3332163867791136,0.22467506764707976,0.23186077049729356,0.23877501437597676,0.2642163813939689,0.2541417209598295,0.3700226476614594,0.14337399892787733,0.2975605220545534,-0.008001594452547282,0.340722446847564,0.3558249560707675,0.43165080913838233,0.06569937422298426,0.4117023227358938,-0.0020639507629367977,-0.14085614817469574,0.06017623457383619,-0.025121453571625475,0.04197420987505017,-0.10249919876910651,0.024898771479508943,-0.16675876302292617,0.1432926080759315,0.035282643676769664
0.13943500761204136,0.21870215429168452,0.8381379621564977,0.29038941451610184,0.1282765308541731,0.47368717617557615,0.3019247944182148,0.31641018180638725,0.4905325324890757,0.3016665062010238,0.32473731335599176,0.33658250298414416,0.21106204717433055,0.31231158437019585,0.4052443330473395,0.3408855066369757,1.0488910931296578,0.25685496390738066,0.5849944421780593,0.8487740670774104,0.2529007466325901,0.3843537449595528,0.6676376655461862,0.7210535690806652,0.31890332543174815,0.25324327135554614,0.35835991958220714,4.861863469044023,-0.41030198469710966,0.02632938829407074,0.2826652421021731,0.3628583773901765,1.2559740201142435,0.020543758674929476,-0.016212483887227885,-0.281456542717262,1.242769095715976,0.3416730043988562,0.07248458204300122,0.05949885692361937,0.7491372600757544,0.6865110288679054,0.2805873373079782,-0.010321626795174677,-0.7441140966487364,0.25699474386496196,0.7095747089764701,0.3729764321678108,1.3639130020754084,0.014950536758774571,-0.8951937668872094,0.9486500184186205,-0.433145288058384,-0.01431513161167262,0.3556002726540501,-0.020413806905062514,-0.3447140432002748,-0.13130020570702425,1.1037496548302903
-0.0033884061126350598,0.23379268265857658,0.780951191644244,0.025121615227620842,0.4046546327252041,0.4469950787279616,0.2036581336685205,0.2841593914585627,0.3582781026607632,0.32343764786115325,0.34336213055142806,0.42131581720482036,0.24953844634464045,0.3698567568331052,0.4276101267648037,0.3469213749135504,0.3438151221599887,0.17484043146044745,0.4825238613574937,0.31398479614864727,0.46692380925361554,0.3869781267694948,0.53948596613726,0.17799243448125612,0.7408762431627364,0.3358594005322508,0.2525026641642092,-0.41030198469710966,3.2792662128950467,0.8340796056342085,-0.22759364706747812,0.33131961231777085,0.015364823436805185,1.0591236180442445,0.5466314188708093,0.8115010765038351,0.8340375351440958,0.07677435597551613,0.44447033527546226,0.3421702271612558,1.3491280069405345,0.099117628700927,0.2601659065329636,-0.03404743108432837,0.29737126354062987,0.7515176027613123,0.7598000027378037,0.047437851635169205,0.7804515988893146,-0.03156555031782361,-0.013322853718952426,-0.20885796740715637,0.22846333048138695,0.0650169094297974,-0.11985770768246488,-0.10018050149147249,-0.39787467633433987,0.0045891361505774695,0.37126880229495457
0.1790409256603027,0.39616600475680397,0.7248645057300682,0.18610360671244114,-0.36381984423087577,-0.011063699980768973,0.23735089683376193,0.20483606528608192,0.20272321340902977,0.2211492316694357,0.19754299540396847,0.19172792541355818,0.16737768066427877,0.24225836036245654,0.25938163286186317,0.22485574713800247,0.2643519312548084,0.010648288204355877,0.38056343782801855,0.36695551771925866,0.22410239083900657,0.22195707346390026,0.3834243611998148,0.22821219000177428,0.2803216314192896,-0.08483801347696482,0.1931543920328905,0.02632938829407074,0.8340796056342085,3.981583534188411,-0.5508039783396806,0.1420917689828219,0.40724729745266935,0.01676353347570628,1.0512967433228402,0.5369587949898548,0.6435930766267747,0.18660991141150182,0.9681166448231507,0.7349967568207776,0.2957428636636882,0.25951215128479593,0.704998920191379,0.04598043920033702,0.7963215279631669,0.2210048876901835,0.6476267856280856,0.24685353196331042,2.0054143305945016,-0.13834848177194348,0.07106694549008101,-1.2543359234772633,1.0110495956226555,-0.015136912496861,-0.0579323084458917,-0.3012065727497167,-0.4209591956152565,0.24260772543093886,0.682461346329873
-0.007629007503886351,0.6397124233764004,0.3433754027198,-0.28236456370109725,0.23019342947882665,0.30488441262538774,0.265826430640168,0.2371512056136126,0.35082156976313683,0.14863010593318382,0.2744283768057721,0.18558105757157847,0.13211664320506422,0.21292320940957257,0.30438656013172405,0.20974510195752097,0.3070375835213565,0.48437441487107563,0.3091143000889713,0.11406645391087984,0.47383534559537166,0.25416472581950794,-0.2064610265112088,0.805034243603513,0.01581233495770692,0.09112536384788829,0.17122988338890446,0.2826652421021731,-0.22759364706747812,-0.5508039783396806,1.862627365605375,0.17972949786488307,0.24862409050146797,0.12287313473794584,0.8594855647062181,0.007027916928545207,-0.695090651960281,0.13407441171451753,0.6613321825107725,0.36870602815050063,-0.16460038192487703,0.3520165498977934,0.21482763869219262,0.07961126451370876,0.8511271298162943,0.4467506467349935,0.6121069649904561,0.021718708045335322,-0.17498804326581105,0.014689376298238462,0.25403281503264946,-0.15710941992987545,-0.1854307555474285,0.0009058714981101835,-0.11460677274728324,0.25727065427019935,0.06690101381230054,0.043031110724866706,-0.4181310779094207
0.033846598247393264,0.23256345137963613,0.34077916060583047,0.20059424156718864,0.3394534325306207,0.40288865002635976,0.15689795596189543,0.18487719709971218,0.32970668283304005,0.22059775523600172,0.2336238236946288,0.3336245514305065,0.14687792009268325,0.48186175389835156,0.38438836730166864,0.35919847944304095,0.3432114555162898,0.2199564524372255,0.3139935202543747,0.31672826465859844,0.27658519708195134,0.3408617762266788,0.33103201153933204,0.3291367828373429,0.22095981477771365,0.38978074433279025,0.3297947022051884,0.3628583773901765,0.33131961231777085,0.1420917689828219,0.17972949786488307,0.8892520318735209,0.21685859378114192,0.4380598149221573,0.08905139867891869,0.3302842618564877,-0.028961620541763298,0.20172106543810733,0.16873182188734548,0.1419497526917503,0.4081413466083783,0.1653943888921201,0.21263874943139532,0.005181056202322219,0.25769826911000004,0.46164575711873046,0.47292166138446967,0.03693050836798368,0.3171381647948352,0.0996444530243091,0.0026105147545578936,0.23929433433554922,-0.5616726815154077,0.13462698849601093,-0.20860989730006024,0.04805514087155425,-0.24922723851571096,0.2359679554932898,-0.015297866999044493
0.19713021301494207,0.37950768045860267,0.655160829575496,0.1553509634156823,0.04020267399182123,0.15537638982533453,0.3533830773946233,0.19379381120401468,0.4019034959360656,0.15994610928379335,0.22827291875227532,0.19445584671661428,0.17304092511970973,0.2225434319470577,0.27985300207259567,0.20087173912871945,0.5318497321787997,0.27352392114267243,0.41181883692512233,0.31446394128812777,0.44358885491728467,0.3106030971942967,0.48377518655002566,0.4609823516783649,0.2574359716034345,0.3497547359747253,0.2006996456634661,1.2559740201142435,0.015364823436805185,0.40724729745266935,0.24862409050146797,0.21685859378114192,2.174436464345146,-0.14781206500750518,0.13392796184505681,-0.3921138479587067,1.1623418856833407,0.15520895038808083,0.29853838707060104,0.0896379044029425,-0.03767900925858504,0.5365086975151327,0.22369371793238194,0.018108115095117082,-0.08921076442906274,0.6306322355273835,1.0997381366615555,0.3844407775499899,1.16549838380463,0.1490977800827817,-0.26293178013854923,-0.23424042386765714,0.23455940723923277,-0.18077504010327264,0.08312697186586306,-0.05738628698295911,-0.23649326676687543,-0.02238904351755697,0.40378265905626964
-0.2888670163194867,0.261971093077093,0.4758915837912938,-0.08749047715845529,0.593329805396658,0.439799067907929,0.29377643047534124,0.3485421081676074,0.3084515226887419,0.32320252375838204,0.31208545971748647,0.3500561933519783,0.2343287255861994,0.38125944025406494,0.37886577168466085,0.34575391978962,0.35504069074046957,0.27348905065578166,0.34969551776618885,0.44978897449127203,0.3670340318022998,0.3248856572307659,0.3832433607875372,0.19401103509350232,0.40010332238500806,0.4906059619336917,0.3171391639835277,0.020543758674929476,1.0591236180442445,0.01676353347570628,0.12287313473794584,0.4380598149221573,-0.14781206500750518,1.7493155578714614,0.37666706296351904,0.4598294917650157,0.60764208191933,0.1913613038390475,0.5562242540720473,0.15541677233630224,0.7640599441522726,0.212708960499872,0.4597185365074016,0.04238252116926579,0.6263450753339946,0.3142748318232338,0.6492899571443544,0.015474856989527434,0.14868841848042044,-0.188810470568215,0.028668812161462873,-0.11418077333275771,0.15462999694832238,-0.04647676685152693,-0.16248794286156565,0.01630174982897817,-0.3991912435557278,0.062479692336284254,0.30642423417809656
