0.9377355994082986,0.2136133596828279,0.3383811062350335,0.07086778012581003,0.2869745731375304,0.1568846839290242,0.26357845258821927,0.21332329926905913,0.09581694759736029,0.12792514797863916,0.1555838420566031,0.1690902804246031,0.17490297242382755,0.1577851820166552,0.15543885228279664,0.14895530827161982,0.09174968756334917,0.20345826017834379,0.14863903701305162,0.09443143501339055,0.1365672710214555,0.2442386069961458,0.14460849466294345,0.06192364382205368,0.15304835832642025,0.09927750249433374,0.10513655450320589,-0.010209384440016152,0.28466384102891584,0.04953257978840265,0.10054599405544752,0.07719180421107648,0.06357858637228425,-0.022934423852832606,0.1719885403772466,0.15327343062862084,0.0787072417609643,0.0884691509718933,0.1417099465209171,0.02588197120632919,0.12372552450692226,0.06431349356746222,0.09383189015522295,0.03714034101488246,0.06585233348669976,0.18717462747109892,0.13133858582821198,-0.08897214798712064,0.09301349215501763,0.06021225572311908,-0.04162892909818928,-0.06583275095029519,0.013401323047052964,-0.011542507406124785,0.16499645259420812,-0.01870889490241625,-0.19551213314263438,-0.0011723062821233433,0.03347496281071343
0.2136133596828279,1.6627927569371423,0.6502164302805238,-0.007229255797189293,-0.017700172819291263,0.29608135100379296,0.13028630048566134,0.17231291620158948,0.1442728389255755,0.17513687346909293,0.17269719511417492,0.1497000402013139,0.14696008719234005,0.07145492603581066,0.1700232699418392,0.052282603734272085,0.13114852584936168,0.24771553355716924,0.10261185373073477,0.21116525479448303,0.2300245418640816,0.16371029133200685,0.06846208863042387,0.07513518379505191,0.12526934112342306,0.1436306935203022,0.07913201181616399,0.15206438150897564,0.3521034194498701,-0.02650694464642939,0.09388344629337872,0.09559936673941033,-0.015388476869744393,0.17785779084565628,0.19979606507602232,0.11555733774524936,0.24889147816336396,0.11618972583954576,0.12171977531009245,0.042440901828808844,0.13026645130319292,0.13479494235813289,0.24062011680290848,0.050518111796528424,0.298768547007531,0.14612720144636684,0.13198403753436033,-0.033147505372195595,0.08039270226800717,-0.08014833366950364,0.12148863694951122,0.07814356762863885,-0.06626021001403443,-0.0017702450147647837,-0.25979840676091875,-0.004795726813465068,-0.0615178559963224,0.31512424942961287,-0.13101853454576076
0.3383811062350335,0.6502164302805238,1.706337584582715,0.039855775048955114,-0.18704596453703115,0.35714109790293996,0.2335732241355911,0.18905316535780392,0.3221976984571347,0.267532450183173,0.2874141395328417,0.21076860713090098,0.2307627267000355,0.0728096155817119,0.24022655868526785,0.07214192494641393,0.2356291804953158,0.24113584235494182,0.18996561946491813,0.15728793186186243,0.27050416780264114,0.27902243946989164,0.09343406431216206,0.09205420498192604,0.17061962285906773,0.1387783842382453,0.0675633825759546,0.20762477105332192,0.47606501928545153,-0.21911617014993304,0.1303311606528832,0.11884950443272316,-0.024535010025029058,0.2918298494904221,0.3922406509573827,0.3255711698497016,0.2052735285418634,0.1060549624410926,0.20612667541994212,-0.12690787882985022,0.2069178311746739,0.20089999923480167,0.10418905561006297,0.06634943920384484,0.26161516690399006,0.3176403894684118,0.07298163699795031,-0.14301312348280576,-0.21999042832950852,0.036958327784746996,0.028275501523260572,0.14619925921933355,-0.07434908007383978,-0.07572330807947893,0.14694235412214143,-0.018101554418729796,-0.1281568678299762,0.011238672553350489,-0.032200042020146986
0.07086778012581003,-0.007229255797189293,0.039855775048955114,1.1657787154282624,0.4507112797860795,0.2298330244066699,0.3585852174784647,0.2743734276473001,0.11871000964016212,0.15561989345274216,0.1837709560577482,0.26476683372317955,0.22656454354425984,0.2245872729360206,0.1625292557186782,0.2598179555464683,0.19382914346157315,0.18072226288244583,0.18621086272749704,0.17873986996195562,0.10793458746780378,0.17579283104393506,0.1409775620406218,0.11256357013504352,0.15261273531707015,0.24725797287561765,-0.019445844106288166,-0.04885484554199013,0.26453795901030047,0.13440696322608225,0.11378629927017087,0.19375281379814385,-0.006602041572112512,0.40826603160942476,-0.2794617003294867,0.15792293781637298,0.20291492913254414,0.12034115810651276,0.1287943234824259,0.032036606496251924,0.0766154039508443,0.059219695166911564,0.16123119954264256,0.03187057013927988,-0.005731312921293955,0.10207314580726656,0.1657666681205776,-0.0600783854936889,0.02796764547540333,0.10220475811268409,-0.049314529658004466,-0.1420259553053035,0.052158933614910336,-0.026699059250481428,-0.154685172398111,0.01734266432749381,-0.1615591544539429,0.30044193186132084,-0.12846418780080465
0.2869745731375304,-0.017700172819291263,-0.18704596453703115,0.4507112797860795,1.2295518646260035,0.17448801397441288,0.30929289820873784,0.29310311325264776,0.08235703445362687,0.11882929610738809,0.16134698206571652,0.2523152442246277,0.26266560037710224,0.22114693010354972,0.21048716432180106,0.315663748327186,0.1374464751263512,0.24073124523040315,0.33162932945521634,0.16753629391774205,0.056774148857536566,0.24189007035412383,0.24948491273439677,0.16047575245265544,0.12805622116613952,0.2554651047176741,-0.08905272569904285,-0.12020858550478977,0.30132683308420766,0.21845164683098736,0.14605081701662284,0.17661591648081235,0.05772288396438375,0.314693540786835,-0.2950102026173481,0.23911431102074,0.24480427117360107,0.13639045784400008,0.1130778565860737,0.06099311747174144,0.13236967217628784,0.10771128852396922,0.12375076751545754,0.02459509381233377,-0.13929394651721205,0.1496118122694906,0.21972624982633707,-0.06760088483046534,0.13239929819666743,0.25688658417327653,-0.14452102258984653,-0.27117347079624643,0.07688171200654943,-0.05052239192463627,-0.13961072856756493,-0.03901271416234028,-0.3250742911421002,0.339409851562069,0.039526004064510255
0.1568846839290242,0.29608135100379296,0.35714109790293996,0.2298330244066699,0.17448801397441288,0.7744910549752896,0.2262262749178903,0.23193516184316101,0.19080517042598938,0.12887559564135873,0.20309125006309614,0.1830252080379175,0.20438771282996665,0.10353955589941014,0.14989672565097778,0.1354164787202937,0.1719435952252268,0.21307311104302745,0.3373111670243817,0.2755111102669225,0.11907014852801158,0.24506507334991787,0.15717384460536363,0.08632455995810998,0.1576726499729856,0.25701084582052214,0.07486971155483944,0.0209309565601943,0.41475896593580314,0.0009253158247151557,0.08372444740648073,0.1891342969366944,-0.11375800139448006,0.3748159100368784,0.08553004011922999,0.06136320775771324,0.13217812325656722,0.15026837637593707,0.11695954662924,0.07007338343175598,-0.04263149359119529,0.08527725204538288,0.41051169950996624,0.07013888418308412,0.17730543210158267,0.12085255998559183,0.15435208450099766,-0.09027418129259566,0.10409340253163601,0.029835391660959366,-0.07844592407455726,-0.032342714406358504,-0.027582844382943485,0.013324968019095081,-0.11346814655251825,-0.03170595174422559,-0.1478375401570664,0.5077510683318176,-0.3334145553306141
0.26357845258821927,0.13028630048566134,0.2335732241355911,0.3585852174784647,0.30929289820873784,0.2262262749178903,0.735615818703634,0.23458209895434848,0.251780211990711,0.14008146290614817,0.23148018669259662,0.2971214515270196,0.27223592885342035,0.16575999431974386,0.15505714153462719,0.22547449664248376,0.21718194936225263,0.19685266588560454,0.14208535452856222,0.12226528820169637,0.15790173178542824,0.23366600899907652,0.1331809309165896,0.10363400544870209,0.18194712802704285,0.2709795526575785,0.018114527492038537,-0.02173390865471451,0.2592901002168901,0.06212993703171115,0.12816248945305647,0.16611955846214702,0.016308114213165536,0.35006287557267235,0.12262481644182163,0.18728565769535893,0.18217623645717004,0.09684958640157412,0.18686729393510346,0.0456954533853735,0.06668073150538582,0.12136042743964338,0.0951067647175738,0.0441572638813397,0.06847892782344578,0.14964812672431804,0.09585543538593505,-0.08406374459900942,0.026953466760326596,0.0946740348343368,-0.061225551002565076,-0.15897918958407356,0.09439650870775215,-0.02900467100159765,0.02774747003790728,0.04585520856969341,-0.2426737077486348,0.5996540463112386,-0.6499006884899257
0.21332329926905913,0.17231291620158948,0.18905316535780392,0.2743734276473001,0.29310311325264776,0.23193516184316101,0.23458209895434848,1.01806650186311,-0.024559354564760685,0.1608916802075121,0.3142953682167632,0.1699186660852978,0.3153168802608848,0.19698179904388557,0.18441356529296468,0.204473121922497,0.3307788298137424,0.3208477785893815,0.21820872523126847,0.3734744116212441,0.13813264991861168,0.28017806593298955,0.24602344150493186,0.20576721291763864,0.2884367825910291,0.3804003242742025,0.3409264924272621,-0.18873928983362973,0.15571587799681819,0.17200585894244638,0.11077594972747112,0.10414895946926901,0.09805971868307053,0.2552700841817579,0.3497932952939994,-0.011275681915197865,0.32086306937467585,0.2006515727945905,0.2529926101165975,0.1545610991213721,0.07335847888564682,0.09915518392331625,0.5901862685589442,0.04819274840346257,0.2166039907360309,0.23179097325638467,0.3081441775202496,0.024468785880376077,0.46933425302013754,0.18363231599319987,-0.015609485891965362,-0.06157125881437474,-0.0030505317130212406,-0.09402639039639277,0.020090255081950677,-0.16164312164106967,-0.20704850612984527,0.19318552789427446,0.20359990348028756
0.09581694759736029,0.1442728389255755,0.3221976984571347,0.11871000964016212,0.08235703445362687,0.19080517042598938,0.251780211990711,-0.024559354564760685,0.7629026860778927,0.1094785217617438,0.12988120828974184,0.15057530856784,0.16958331120931625,0.1544664561390319,0.14835371541951253,0.1285718703504629,0.1993665608950086,0.11807872194830128,0.1078119770371086,0.08653762251856503,0.1711989795491466,0.12807100110283412,-0.004117719729714187,0.05180578374428481,0.07548560571906782,0.21902227621942583,0.024997432948626067,0.1947796627736633,0.09238285555955608,-0.00725516837507642,0.14234194393183983,0.12170968848568238,0.03735164941432377,0.23339364757544187,0.1024147638509336,0.13915356882088997,0.15656265500516997,0.08251804962862487,0.16847938482476407,0.008120477371495573,0.06376446291528598,0.09938596709438446,0.042651795768459316,0.04472999422137394,0.13930405682543223,0.1003934381897759,0.06124550029290894,-0.031103857936840035,-0.01868239134851251,-0.01809712861842581,0.012850537553371745,0.09412375967552397,0.0021404923155827764,-0.06193036106877274,0.0748163759069165,0.13854261947429009,-0.20301601249121862,-0.11111118743019055,0.10828400804176538
0.12792514797863916,0.17513687346909293,0.267532450183173,0.15561989345274216,0.11882929610738809,0.12887559564135873,0.14008146290614817,0.1608916802075121,0.1094785217617438,0.5763418124293916,0.16969573490436515,0.12983876511188017,0.2048085385982295,0.12284175350452502,0.21316425186668073,0.15368363283594336,0.20516360883523543,0.22830253875262219,0.09938353763993212,0.10690158667991151,0.1134738266009467,0.1432705451908247,0.0984902948082441,0.09043823171987919,0.13617763956480466,0.11286117601293627,0.10045631429560152,0.12214475850566871,0.2072273941559544,0.09540390852432015,0.1584434601372635,0.08501889182760856,0.045660739255312506,0.29341247459900666,0.10366456882514578,0.20918773340038635,0.2602645375094545,0.09478192158273996,0.17812523923898124,0.02485702757717958,0.20827024618784357,0.11128142097510825,0.11374915245590655,0.047617116624887997,0.02054516595593461,0.13595326702907543,0.20941496407698135,-0.01936648477805089,0.016724881568695924,0.10059779323204306,-0.01872855826205526,0.028451854924882336,-0.03631335767229621,-0.05127489028653255,0.12460310666558455,0.04733448728792185,-0.1621830078426291,-0.379906648674796,0.45676147287364
0.1555838420566031,0.17269719511417492,0.2874141395328417,0.1837709560577482,0.16134698206571652,0.20309125006309614,0.23148018669259662,0.3142953682167632,0.12988120828974184,0.16969573490436515,0.4650297934459042,0.25995147657889844,0.31968458280202616,0.15832639031771936,0.22160845938184384,0.20498073483913343,0.32356921306192077,0.21027149075774407,0.13536716481619968,0.2779009964100433,0.17678768926294747,0.24762878515826445,0.11044042856646359,0.15299395452750764,0.17844119361905117,0.24729437960770226,0.14833483976382492,0.06639747904070864,0.26048983304091305,0.08714636771030648,0.14811123056197756,0.15376491116354138,0.0600206023490378,0.18486158406775127,0.2615667922505613,0.16216234845880542,0.18811370653087786,0.15526847141498165,0.21129945706144304,0.11732560642897161,0.14181908935708593,0.13018869695983712,0.23723938707840345,0.054145399537648436,0.1375275495459841,0.18282384517949823,0.18429511792439968,-0.048803645846074245,0.1578705538127712,0.06012887883736106,-0.008966537648881683,-0.05419975357271356,0.005424208045627078,-0.0070824648520619315,-0.06636615591603252,-0.025278711588453805,-0.2001382077525618,-0.01538716035489645,0.21973963416091846
0.1690902804246031,0.1497000402013139,0.21076860713090098,0.26476683372317955,0.2523152442246277,0.1830252080379175,0.2971214515270196,0.1699186660852978,0.15057530856784,0.12983876511188017,0.25995147657889844,0.652581014387386,0.2289779834151051,0.2025055615637334,0.22299609721920333,0.2411712285313181,0.2815000615479804,0.16948275393862258,0.14315206852057297,0.2169390775843217,0.17008466455640794,0.21869356478987526,0.13020027369668088,0.13876111373077155,0.22488015329028635,0.23144075086024635,0.19732415332514316,-0.09080030080197116,0.2529273939674241,0.07248682961193108,0.1190352403870744,0.2160498600252434,0.07871806592438488,0.20390753008443843,0.2732990226729153,0.07769632127103678,0.10305048571096526,0.1197518769608848,0.23344464021758649,0.17215072302382464,0.03202594334982198,0.10422980827887963,0.19728625668289015,0.04114432355571112,0.143175513197848,0.17336404413542755,0.15334631030788554,-0.024022542633726357,0.3388291888718366,0.06793974772079245,-0.0019791711890144253,-0.16097675022928257,0.06907099596844608,-0.013267994506128757,-0.3332474986708638,0.08606412282488846,-0.18311542084297067,-0.040487297672196665,0.06155097903573465
0.17490297242382755,0.14696008719234005,0.2307627267000355,0.22656454354425984,0.26266560037710224,0.20438771282996665,0.27223592885342035,0.3153168802608848,0.16958331120931625,0.2048085385982295,0.31968458280202616,0.2289779834151051,0.5990458195484933,0.2135152199937012,0.12169417540944828,0.2693489181635287,0.30583526670943917,0.21367312645711276,0.18870070387844085,0.2443420856599166,0.16374227745619022,0.33360678759214746,0.10643749529306568,0.1753487629451953,0.17748461170851768,0.2452766531165306,0.13944513022290633,0.07439795419035047,0.3447512508231769,0.06611200433113125,0.14934493227582843,0.21511341848997587,0.08802722348398956,0.22129617921968803,0.17612306153665072,0.21644776285535353,0.1955056893035188,0.1636797897548744,0.20152362428624823,0.08404395577299867,0.18754741322240057,0.11646428214116485,0.2558128095786106,0.055101470057644694,-0.03404124147174427,0.23417417139949548,0.1786660005219858,-0.059181233892061584,0.2797417472255756,0.1766294612773884,-0.0389292537528922,-0.03966936761690418,0.0060893003645560075,-0.1179116937306201,-0.1334756145331112,-0.01866837343885282,-0.1583735177245004,-0.029479048965747545,0.21075913193323223
0.1577851820166552,0.07145492603581066,0.0728096155817119,0.2245872729360206,0.22114693010354972,0.10353955589941014,0.16575999431974386,0.19698179904388557,0.1544664561390319,0.12284175350452502,0.15832639031771936,0.2025055615637334,0.2135152199937012,0.5591207208701726,0.19026844186351552,0.3024739299825544,0.1819151820251422,0.12471784580695716,0.13726598751149297,0.2198839995242511,0.11929903202965261,0.2259778290106012,0.08722475144415129,0.16382146681695584,0.13331048116037242,0.2064503328201609,0.07644147874094996,0.12056455450177583,0.1789792424090369,0.19863456704676932,0.11530863978778241,0.12392963368143421,0.10222302706295264,0.09258945160580882,0.19209139169132955,0.10677230882240389,0.18452949885445077,0.12588256315966648,0.1102470833972585,0.1273314812889923,0.16911572451918008,0.1351011304141593,0.2903519501180224,0.06463989495505028,0.12233767058195588,0.0897901466911361,0.19247578699436793,-0.009264552109677889,0.39449760886091134,-0.03843337963995899,0.014061759311669414,-0.10155225403877206,-0.0338642230615957,0.07825479853286813,-0.18569443185222342,0.0017206842399911913,-0.294745955530451,-0.15581752689552036,0.6354677683164487
0.15543885228279664,0.1700232699418392,0.24022655868526785,0.1625292557186782,0.21048716432180106,0.14989672565097778,0.15505714153462719,0.18441356529296468,0.14835371541951253,0.21316425186668073,0.22160845938184384,0.22299609721920333,0.12169417540944828,0.19026844186351552,0.6621532404954195,0.18054266898923307,0.19805224420893958,0.2324956990321455,0.16190839146444932,0.16490600319516777,0.1503488850228364,0.08751915129161905,0.0261604539780736,0.13449708942928806,0.20988031073439548,0.18845982622217367,0.05241458881741698,0.18780156270014703,0.1523206154864939,0.2340532353466538,0.17212452679127527,0.0657026495262017,0.10900771842751228,0.2397237702564216,0.14352307347920193,0.15790589040382697,0.3804624874012863,0.09434989215299323,0.18757437760204496,0.01837468107121075,0.17455832137604232,0.17366083008166705,0.13747233966921976,0.0455501030909194,0.14849505460758508,0.1596988253853671,0.24146484543341876,0.028486572184573036,0.005516817637846656,0.2522306612353923,-0.04300276169107667,0.06499909776570412,-0.14177482942667452,-0.08599792065243424,0.07864149779986473,0.04389551198681936,-0.3776489309905275,0.1840334687271322,0.10454102430749165
0.14895530827161982,0.052282603734272085,0.07214192494641393,0.2598179555464683,0.315663748327186,0.1354164787202937,0.22547449664248376,0.204473121922497,0.1285718703504629,0.15368363283594336,0.20498073483913343,0.2411712285313181,0.2693489181635287,0.3024739299825544,0.18054266898923307,0.5485543684716166,0.21379837325152998,0.17698033071231745,0.18223969921621075,0.18761553096076128,0.08975430234496705,0.22806621419036452,0.11743224391778138,0.16340836370552103,0.18176886633073272,0.1826750917458806,0.07573439227010043,0.064650632695615,0.24547100006270486,0.11446431294372586,0.10437954123681017,0.18675681573626357,0.08092491601202334,0.20008204552834402,0.23019421852374203,0.13598110229164537,0.15457811461840493,0.10773451368973913,0.14010411419911462,0.11923702144866706,0.11989004157167024,0.11921918636161226,0.23791373220461826,0.07238227469491945,0.015166977274034384,0.12874085082720121,0.16886136636050048,-0.03740077433579086,0.20620252607172856,-0.023392179572262327,-0.015737350924284035,-0.08291739726973842,0.027557164039845608,-0.0086091430864488,-0.11465686597610664,0.0053408875029338,-0.2772830351006572,-0.2002926182253766,0.5254116179379915
0.09174968756334917,0.13114852584936168,0.2356291804953158,0.19382914346157315,0.1374464751263512,0.1719435952252268,0.21718194936225263,0.3307788298137424,0.1993665608950086,0.20516360883523543,0.32356921306192077,0.2815000615479804,0.30583526670943917,0.1819151820251422,0.19805224420893958,0.21379837325152998,0.9421949817435848,0.1405963610626185,0.15660776774808616,0.3807006536035763,0.24743762073643336,0.3118931865920038,0.00814700493729141,0.1448320840473296,0.20618136674371373,0.11467697610185233,0.28710277367785286,0.22701957877184886,0.34466823661515816,0.0019553375546185344,0.1757856060981615,0.10848258851598262,0.10539244192723808,0.16553684609253141,0.2326643846556666,0.1994178396123735,0.3440538876223487,0.19411757809865285,0.4145802631981112,0.13771335311871394,0.25216220597574956,0.12610927001157288,0.2563080914826783,0.08540565700936732,0.1813015363394938,0.1978750063370316,0.17657578639604837,-0.004545610495163423,0.40963939003416844,0.3716401904789231,0.008660149767158879,-0.05941035517344079,-0.10524760948755303,-0.10169107114708974,0.06441080208408038,-0.006325446268260787,-0.2514596299866343,-0.3828265781238354,0.7285041741537436
0.20345826017834379,0.24771553355716924,0.24113584235494182,0.18072226288244583,0.24073124523040315,0.21307311104302745,0.19685266588560454,0.3208477785893815,0.11807872194830128,0.22830253875262219,0.21027149075774407,0.16948275393862258,0.21367312645711276,0.12471784580695716,0.2324956990321455,0.17698033071231745,0.1405963610626185,0.8680869084664272,0.17987580501456832,-0.0540721633859466,0.22506392467662434,0.32761421970547105,0.28323170392149677,0.13390428555333947,0.17864183377492684,0.14294165840217488,0.05785744994140281,0.13094046133223164,0.31627939445004877,0.03577317596531012,0.2570565281795873,0.06313487995712365,0.13277184870558195,0.25610020306434295,0.17724408477404907,0.26154089175209094,0.384614104200213,0.07322483442600664,0.22759268194645718,0.07208457183834158,0.17301176574586122,0.16232958111882972,0.37083005724310997,0.04709995971393937,0.18091403113264465,0.23297976204364793,0.42407369552792384,-0.12595221854157498,-0.17002855629932087,0.22258894809408572,0.08403581155667315,0.008812291181291081,-0.24576336674870414,-0.09110832282773958,0.05714833283079106,-0.0518773183035002,-0.24620538564978584,0.17553457833378655,0.010179023921024002
0.14863903701305162,0.10261185373073477,0.18996561946491813,0.18621086272749704,0.33162932945521634,0.3373111670243817,0.14208535452856222,0.21820872523126847,0.1078119770371086,0.09938353763993212,0.13536716481619968,0.14315206852057297,0.18870070387844085,0.13726598751149297,0.16190839146444932,0.18223969921621075,0.15660776774808616,0.17987580501456832,0.684980356819423,0.132639414086393,0.135676133617973,0.24444766272294974,0.12505578387004002,0.09991069913695967,0.10658706839531132,0.11985010521249306,0.06653974798747422,0.08343738842088,0.24488349285190947,0.11889287798430853,0.12328367041357118,0.13337615793091562,-0.001800225819082571,0.21426840156203553,0.017924042081284387,0.21370033438539085,0.09392473814355201,0.1300174677616628,0.12757210440871555,0.037030063305779876,0.09796973715697255,0.09254767005078883,0.11997292527330021,0.026935053652624805,0.070271722995341,0.19517980437004687,0.12821016505256655,-0.10305819768139637,-0.009607838624978235,0.0619111165512107,0.06632123016635824,0.1285545594908618,-0.1083888585472058,-0.061968810700906145,-0.027346126676776692,-0.02842270464889335,-0.1786185920995493,0.26788159586204086,-0.05638163747320555
0.09443143501339055,0.21116525479448303,0.15728793186186243,0.17873986996195562,0.16753629391774205,0.2755111102669225,0.12226528820169637,0.3734744116212441,0.08653762251856503,0.10690158667991151,0.2779009964100433,0.2169390775843217,0.2443420856599166,0.2198839995242511,0.16490600319516777,0.18761553096076128,0.3807006536035763,-0.0540721633859466,0.132639414086393,1.1659953848551075,0.04179056002510778,0.2923920299491549,0.05569670890188072,0.27629752351998943,0.2267807919168514,0.3661483541566621,0.40773038991830696,0.0609961927734922,0.22280630620409256,0.3654319760556541,0.11022867283603172,0.24930365742936905,0.1818266912292726,0.15696682853586094,0.12958789627072353,-0.03792362149170851,0.3581147682151051,0.4334024364142516,0.0741429846261755,0.1275829049211223,0.05888915435926525,0.087985795291143,0.8291168520711368,0.05516219294315082,0.360482797584521,0.13598786054597545,0.13942733944077138,0.0800079233002323,0.7878357685304951,-0.14020425953256171,-0.08595481971201649,-0.11494449645354829,0.2481520533278311,-0.0067977459961352385,-0.14085412747876608,-0.05512689643350933,-0.11497802363616094,0.028982505181819534,0.2801444711570909
0.1365672710214555,0.2300245418640816,0.27050416780264114,0.10793458746780378,0.056774148857536566,0.11907014852801158,0.15790173178542824,0.13813264991861168,0.1711989795491466,0.1134738266009467,0.17678768926294747,0.17008466455640794,0.16374227745619022,0.11929903202965261,0.1503488850228364,0.08975430234496705,0.24743762073643336,0.22506392467662434,0.135676133617973,0.04179056002510778,0.7361080359155286,0.21437722835257145,0.12240169848094383,0.11805119925804182,0.10003910280142653,-0.025586601447129566,0.02518392724956906,0.20920846603236046,0.19213943894522673,0.1863067870125722,0.18984551500940494,0.08391453875883702,-0.011642525726461125,0.02407841557246187,0.3288497052555107,0.2669490355097229,0.2500012738897947,0.094955366644018,0.4108360966323635,0.125197244386915,0.29264989834195365,0.2114885115664114,0.09015866680099317,0.09880099732780409,0.5439779211583543,0.1622602184466963,0.250592526651805,-0.0492991049132134,-0.01797522771830084,0.10403282190366703,0.07929204944482728,-0.016309567889749032,-0.0597817006055497,-0.022833841466120663,0.012444274957787627,-1.2315618252320265e-5,-0.17981435852696467,0.08865286622611308,0.06701740266953951
0.2442386069961458,0.16371029133200685,0.27902243946989164,0.17579283104393506,0.24189007035412383,0.24506507334991787,0.23366600899907652,0.28017806593298955,0.12807100110283412,0.1432705451908247,0.24762878515826445,0.21869356478987526,0.33360678759214746,0.2259778290106012,0.08751915129161905,0.22806621419036452,0.3118931865920038,0.32761421970547105,0.24444766272294974,0.2923920299491549,0.21437722835257145,1.5573466490563295,0.3872827194620825,0.31996348760264043,0.2143006608760124,0.09919458044426238,0.48794557770121605,0.11017169242473156,0.601632336119237,0.174382969361863,0.19717529281191673,0.30280261273268927,0.2952191771860134,0.009344552142245551,0.2590521857128605,0.5837085018940279,0.08190999462425293,0.25194463621851265,0.2130487848169145,0.1600434075086882,0.2777616597108838,0.27874746467769046,0.4701664883072683,0.09139472451210935,0.010359284601324518,0.5761210416467748,0.2873715767196818,-0.6289843415713232,0.6299379260790472,-0.04197482091344755,-0.025395286784236724,-0.3349489354045851,0.12231770181199364,0.03235319837779414,-0.04252066474711755,-0.06712684583873071,-0.21862802707507428,-0.3855390566407988,0.6597131330919763
0.14460849466294345,0.06846208863042387,0.09343406431216206,0.1409775620406218,0.24948491273439677,0.15717384460536363,0.1331809309165896,0.24602344150493186,-0.004117719729714187,0.0984902948082441,0.11044042856646359,0.13020027369668088,0.10643749529306568,0.08722475144415129,0.0261604539780736,0.11743224391778138,0.00814700493729141,0.28323170392149677,0.12505578387004002,0.05569670890188072,0.12240169848094383,0.3872827194620825,1.341801682023049,0.23172354538362022,0.3136051205427999,-0.003729453558039317,-0.1227060434478409,-0.5581157658535565,0.5205876523250745,0.31270896719852503,-0.05773967286373473,0.008223555689909935,-0.030306366851493856,0.255662209745729,0.12121038135232248,0.48057493531242124,-0.033133198974041135,-0.0013344069185696633,0.17790580872061326,0.03220071041600579,0.1671315624746187,0.010932366573079208,0.320378016859952,0.12490055536436359,-0.20348164274641958,0.24435755357140032,0.3206818664269599,-0.24536227325164753,-0.1010383706116415,-0.05182863408409211,0.016011402609741533,-0.18900473554665334,0.08549831702939688,0.01518576355968634,0.09962976518781694,-0.1244895301741549,-0.22395539485040136,0.4090871996743823,-0.1662303447008459
0.06192364382205368,0.07513518379505191,0.09205420498192604,0.11256357013504352,0.16047575245265544,0.08632455995810998,0.10363400544870209,0.20576721291763864,0.05180578374428481,0.09043823171987919,0.15299395452750764,0.13876111373077155,0.1753487629451953,0.16382146681695584,0.13449708942928806,0.16340836370552103,0.1448320840473296,0.13390428555333947,0.09991069913695967,0.27629752351998943,0.11805119925804182,0.31996348760264043,0.23172354538362022,0.597602537214793,0.24889578316706926,0.15430283734829997,0.0863671156997686,0.06300002015009205,0.10456920243620463,0.5860805779759922,0.14272174427619463,0.28730931388694486,0.45411526881096287,0.005751874614524507,0.2737305084996244,0.23365941562392062,0.35524044381567565,0.21406454448408388,0.1894739628873311,0.1099207580661084,0.0868110838824133,0.17823917612937076,0.3460842857279291,0.06653899682225389,0.2072817337508531,0.22169991217850388,0.37618934701660384,-0.031865767403102145,0.26276137336957106,0.04622367787044869,-0.019906692288052266,-0.20784594620760868,0.09527059975494871,-0.03075573583755452,0.021713809329042866,-0.15975160700709254,-0.0201418059099928,0.10374096275081751,0.06426815046000643
0.15304835832642025,0.12526934112342306,0.17061962285906773,0.15261273531707015,0.12805622116613952,0.1576726499729856,0.18194712802704285,0.2884367825910291,0.07548560571906782,0.13617763956480466,0.17844119361905117,0.22488015329028635,0.17748461170851768,0.13331048116037242,0.20988031073439548,0.18176886633073272,0.20618136674371373,0.17864183377492684,0.10658706839531132,0.2267807919168514,0.10003910280142653,0.2143006608760124,0.3136051205427999,0.24889578316706926,0.9567350133832264,0.15720924970305514,0.3509567726274672,-0.07975794534175389,0.2694929278834572,0.315813252585238,0.013050217726573297,0.10604713929376607,0.20647388148901952,0.3008790247615878,0.32631746062991496,0.12925706720683822,0.3926261341055841,0.14931167178200885,0.18141665919793803,0.048709040235922194,0.0843944194056306,0.15138168904407656,0.37525696869874486,0.08705994504356587,0.13762231875726827,0.2620897528276284,0.27287166330696044,-0.027075967832387766,-0.05272194657915149,0.006725042115557963,-0.016371464550795065,-0.09201411808589118,0.09783588501474282,-0.07432492175084943,0.012955360400511892,0.01481326032817426,-0.13912219551132832,0.03200837387911895,0.02837799194102313
0.09927750249433374,0.1436306935203022,0.1387783842382453,0.24725797287561765,0.2554651047176741,0.25701084582052214,0.2709795526575785,0.3804003242742025,0.21902227621942583,0.11286117601293627,0.24729437960770226,0.23144075086024635,0.2452766531165306,0.2064503328201609,0.18845982622217367,0.1826750917458806,0.11467697610185233,0.14294165840217488,0.11985010521249306,0.3661483541566621,-0.025586601447129566,0.09919458044426238,-0.003729453558039317,0.15430283734829997,0.15720924970305514,1.4524637196354944,-0.3092276748809332,-0.058980735864727254,-0.49567595336506093,0.36704070627936747,0.06902314570571165,0.2909592688529922,0.01941307319420979,0.2889559420011286,0.16375803233595745,-0.23238816623343006,0.13496492599288853,0.22641686819797952,-0.5165196356318783,0.08244841504254637,-0.17171027788116172,0.19674493959618067,0.8004738814723013,-0.05358901461245044,0.5137812279058086,0.07648896874061305,0.2062720501527474,0.05035487002764711,0.11298711392440289,-0.15423397995737717,-0.0032069235326589083,-0.3179283686585295,0.12289214110964577,0.02917848268343879,-0.2347012001930708,0.011131373842821337,-0.13451692495065476,1.425788990663601,-1.2630719965982278
0.10513655450320589,0.07913201181616399,0.0675633825759546,-0.019445844106288166,-0.08905272569904285,0.07486971155483944,0.018114527492038537,0.3409264924272621,0.024997432948626067,0.10045631429560152,0.14833483976382492,0.19732415332514316,0.13944513022290633,0.07644147874094996,0.05241458881741698,0.07573439227010043,0.28710277367785286,0.05785744994140281,0.06653974798747422,0.40773038991830696,0.02518392724956906,0.48794557770121605,-0.1227060434478409,0.0863671156997686,0.3509567726274672,-0.3092276748809332,3.3157509427943883,0.5563425279032995,-0.17402386596146985,-0.43777023844229895,0.24365585076121068,0.03644932147115507,0.6610651525897533,-0.15721820455188293,0.5183612617660959,0.05443638483018401,0.3232151484911165,0.22313291325715306,0.33833003360253394,0.35837444285544373,0.3494079112790527,0.25999106856608933,0.4482017037512844,0.11211065994572719,-0.151891508365067,0.29169754135533493,-0.14288323003902914,0.2542646653907562,1.8566326468278491,-0.1328075116966054,-0.12046773418590216,0.4170629141613474,0.11420293524574723,-0.10790039227754647,-0.1140597448908131,0.03700655340065005,0.016950622471792354,-3.043802142433729,3.0966879375377467
-0.010209384440016152,0.15206438150897564,0.20762477105332192,-0.04885484554199013,-0.12020858550478977,0.0209309565601943,-0.02173390865471451,-0.18873928983362973,0.1947796627736633,0.12214475850566871,0.06639747904070864,-0.09080030080197116,0.07439795419035047,0.12056455450177583,0.18780156270014703,0.064650632695615,0.22701957877184886,0.13094046133223164,0.08343738842088,0.0609961927734922,0.20920846603236046,0.11017169242473156,-0.5581157658535565,0.06300002015009205,-0.07975794534175389,-0.058980735864727254,0.5563425279032995,1.7176909849929078,-0.1480944441552606,-0.16167336332438348,0.33791626494754967,0.04162512041858944,0.2856631346126766,-0.10025739237479003,0.11996733657143431,0.4955047813617825,0.45662507101446204,0.1319062386425843,0.11422795573604023,0.013141684442990884,0.5801755556227473,0.41213356951346397,-0.019623405446541925,0.16471882704990676,0.18756254267026934,-0.06405346128209163,-0.027406313463877244,0.1173402574881856,0.030181437768638585,-0.0665059012715545,-0.03278991573293261,0.6240973601922862,-0.44225921395245843,-0.020800166636780474,0.06887570368163275,0.06937984444080687,-0.07238080066410775,-0.7408861954917632,0.8560897361300486
0.28466384102891584,0.3521034194498701,0.47606501928545153,0.26453795901030047,0.30132683308420766,0.41475896593580314,0.2592901002168901,0.15571587799681819,0.09238285555955608,0.2072273941559544,0.26048983304091305,0.2529273939674241,0.3447512508231769,0.1789792424090369,0.1523206154864939,0.24547100006270486,0.34466823661515816,0.31627939445004877,0.24488349285190947,0.22280630620409256,0.19213943894522673,0.601632336119237,0.5205876523250745,0.10456920243620463,0.2694929278834572,-0.49567595336506093,-0.17402386596146985,-0.1480944441552606,3.6404074482373594,-0.48970499376033716,0.019268452172932816,0.2782342730319421,-0.11001756203025596,0.5216370038979861,-0.272579636573585,0.9708579743946619,-0.3904848438872364,0.047238748373515285,0.5086938430063028,0.0032224711235856953,0.7509371686161357,-0.10320062558007148,-0.5120841191234593,-0.03541992376768152,-0.9341491728040504,0.2833135499604355,0.08228896372705655,-0.3469862939106924,0.68004102637519,0.6841922275368792,-0.3645162107788541,0.012282995378656387,-0.3024241727670143,-0.008413931051878877,-0.14112309521653107,-0.020411825319368908,-0.2872035770689442,-0.30728592739800964,0.6028995252151298
0.04953257978840265,-0.02650694464642939,-0.21911617014993304,0.13440696322608225,0.21845164683098736,0.0009253158247151557,0.06212993703171115,0.17200585894244638,-0.00725516837507642,0.09540390852432015,0.08714636771030648,0.07248682961193108,0.06611200433113125,0.19863456704676932,0.2340532353466538,0.11446431294372586,0.0019553375546185344,0.03577317596531012,0.11889287798430853,0.3654319760556541,0.1863067870125722,0.174382969361863,0.31270896719852503,0.5860805779759922,0.315813252585238,0.36704070627936747,-0.43777023844229895,-0.16167336332438348,-0.48970499376033716,3.1493720307404622,0.32373044130376105,0.1775661364152886,0.23630538137244528,-0.1107613045652049,-0.06282679901726398,0.19271825525621156,0.6707494666742118,0.2898570788418886,0.28684833709125923,-0.13580555386986992,0.12078125917171677,0.04859159033405474,0.6575442631897125,0.04638700478367312,0.8278619372703149,0.23134674050771156,1.345683812245828,-0.09201032220944906,-0.11865752461144173,-0.06479608983965165,-0.0023717246762676373,-0.6364464993275599,0.3893554001447147,0.07139818482856343,0.31676638186995465,-0.19641171644953997,-0.2316344898422728,2.600517229024198,-2.2269635057586754
0.10054599405544752,0.09388344629337872,0.1303311606528832,0.11378629927017087,0.14605081701662284,0.08372444740648073,0.12816248945305647,0.11077594972747112,0.14234194393183983,0.1584434601372635,0.14811123056197756,0.1190352403870744,0.14934493227582843,0.11530863978778241,0.17212452679127527,0.10437954123681017,0.1757856060981615,0.2570565281795873,0.12328367041357118,0.11022867283603172,0.18984551500940494,0.19717529281191673,-0.05773967286373473,0.14272174427619463,0.013050217726573297,0.06902314570571165,0.24365585076121068,0.33791626494754967,0.019268452172932816,0.32373044130376105,0.8856010718349835,0.14911530419824356,0.2278983749011393,0.14983283619786905,0.08139716537033577,0.4305074582226267,0.4634397306680868,0.21488429987667446,0.28814201018237334,0.03345266586438237,0.2747287842855869,0.20419971566477185,-0.008691495790577845,0.05211352433840236,0.2770171213229496,0.21947353446884107,0.31329999213632226,-0.07806299411357798,-0.2917713242931976,0.2024471284510562,-0.038196116623642716,0.052649244712432375,-0.09374740572109568,-0.05295564147864466,0.08219480720980119,0.03019784428136327,-0.03292023789587446,-0.37043084808822513,0.30520586434683944
0.07719180421107648,0.09559936673941033,0.11884950443272316,0.19375281379814385,0.17661591648081235,0.1891342969366944,0.16611955846214702,0.10414895946926901,0.12170968848568238,0.08501889182760856,0.15376491116354138,0.2160498600252434,0.21511341848997587,0.12392963368143421,0.0657026495262017,0.18675681573626357,0.10848258851598262,0.06313487995712365,0.13337615793091562,0.24930365742936905,0.08391453875883702,0.30280261273268927,0.008223555689909935,0.28730931388694486,0.10604713929376607,0.2909592688529922,0.03644932147115507,0.04162512041858944,0.2782342730319421,0.1775661364152886,0.14911530419824356,0.9310933056385645,0.08965222868224768,0.09096165874252231,-0.05378099598348825,0.20914282582639637,-0.2098367979432773,0.2144107170581987,0.001958659914038989,0.07370803017864487,-0.011791294866216879,0.010054979013504906,0.10278218312913477,-0.016064692788557874,0.08285842840382154,0.23247447868466486,0.15096975886860983,-0.1669924936221446,0.05088135211994533,-0.10358097281540447,0.03786086235459075,-0.2465994327716468,0.2069780641093108,-0.004926494561910886,-0.4445945296879972,0.06924029138812815,0.4233098169989644,-0.10665955829405377,-0.2971188003301208
0.06357858637228425,-0.015388476869744393,-0.024535010025029058,-0.006602041572112512,0.05772288396438375,-0.11375800139448006,0.016308114213165536,0.09805971868307053,0.03735164941432377,0.045660739255312506,0.0600206023490378,0.07871806592438488,0.08802722348398956,0.10222302706295264,0.10900771842751228,0.08092491601202334,0.10539244192723808,0.13277184870558195,-0.001800225819082571,0.1818266912292726,-0.011642525726461125,0.2952191771860134,-0.030306366851493856,0.45411526881096287,0.20647388148901952,0.01941307319420979,0.6610651525897533,0.2856631346126766,-0.11001756203025596,0.23630538137244528,0.2278983749011393,0.08965222868224768,1.7638255786090742,-0.37235397068545234,0.13722408272830372,-0.10344515526039565,0.43807656333358413,0.1744787409882924,0.02936061597664685,0.022471193259253484,-0.33111790373978445,0.14682674033827958,0.020601486737266538,0.09774176173346283,-0.12528794962169879,0.18823075635829806,0.2632955816202626,0.18371220864598525,0.5813190674258332,0.17085044061747198,-0.02119690243742306,-0.12144385893032522,-0.05805186234419999,-0.13485117823749057,0.11080486985789957,0.003733264473993474,-0.06604265080509103,-0.5568759405744279,0.5481206487213269
