0.9316195428757948,0.21622921247388793,0.33250763193998834,0.07100391788366937,0.28653963370837554,0.1491564107915581,0.2618748412362793,0.2060442095545017,0.10273024394680731,0.13648517458774925,0.15740160182582946,0.1720364680049352,0.16527947500684184,0.16405178322294076,0.14991436959996726,0.14871675850819838,0.09808285288214422,0.19495773204105876,0.14604581425045696,0.09737531447728058,0.1407087088094555,0.2391537210375738,0.14134543336976535,0.056973982079961426,0.1471763960485781,0.08879375341661411,0.11268283334942975,-0.008657225334608396,0.28093630732085473,0.053615960461006786,0.10294584860035758,0.07760235562494527,0.07003502229766237,-0.02646078561274616,0.16310421124423768,0.1582866806987377,0.08598718596580272,0.09237161925334031,0.15231366362481788,0.026331204866600063,0.1304127505312443,0.059799968858895276,0.06977191392000033,0.038354970442120814,0.07090018323690324,0.18948360113340434,0.1323189260845784,-0.085212035459789,0.09999947447338145,0.08579228399981007,-0.04308176449884279,-0.054791054765137515,0.013552284108168658,-0.022771477817067523,0.15349323821058966,-0.01729379173979011,-0.1955935457000284,-0.03797355017522869,0.06529177222753059
0.21622921247388793,1.7470530431552431,0.6667653728841214,0.029764420735752698,0.05540466329349888,0.3173142208996474,0.1340820430886979,0.21620690118957692,0.1442665718566761,0.183862439576068,0.20621095368349351,0.18515617439812865,0.19607805479139073,0.10747469077502779,0.18811206600538163,0.09206597363823808,0.16359225705561314,0.27159707300525077,0.1327540913399667,0.25652655736334745,0.2544756360423476,0.19965311050143697,0.09720073423763836,0.11301597991355156,0.1385952816802255,0.1793146851910613,0.08265838794386554,0.14470856640031096,0.3721681842342165,0.021617942714010036,0.09180030348344959,0.0965793511664782,0.01670834390734877,0.2192371018925266,0.19628580127420422,0.11181376416616856,0.3190490813726617,0.14778394386576527,0.15784568759430787,0.05478033369465859,0.13887379034787373,0.1615709526121168,0.3473319127819953,0.06742229293082114,0.31290645176129417,0.17289551154371935,0.17350803880211216,-0.025606958514105476,0.13238332339045475,-0.08634774193453547,0.12947598031012605,0.042798256563913124,-0.037526807098966344,-0.07187018244526792,-0.46384591518681595,-0.09833367241930066,-0.18065861420022689,0.29737652868640446,0.11946766627998019
0.33250763193998834,0.6667653728841214,1.7117691400519126,0.04327893582072944,-0.1810884696327351,0.3348437076634255,0.2308178334776794,0.16278903780504922,0.3250825147939694,0.2620218209773171,0.2952084810784626,0.24157254422190663,0.24900519804243257,0.08888498125740585,0.24516280910446767,0.08849537221599711,0.24791041244880743,0.22864305843636004,0.18965362995686713,0.17191615697541152,0.27921852005681697,0.296797777192576,0.0851763499976987,0.1031635710136954,0.16739005842772278,0.1383314015805922,0.07040238036389555,0.2130224037096463,0.4849875330093071,-0.2147780966384815,0.134485765754298,0.1342013530611746,-0.0017866528771355746,0.27697745028708937,0.4004394566032936,0.33366172071566735,0.1928070490518015,0.11226359297917392,0.19837194650268888,-0.12588862815581645,0.21628893049558923,0.20605840488564603,0.09720356200522111,0.06722226921325904,0.27087306746084877,0.3232002754417326,0.07422750846360335,-0.151847462500611,-0.18374611640170058,0.03490730522219512,0.043579798290893756,0.11968891072886369,-0.06687918819584338,-0.0922503658783398,0.10671625494249398,-0.02282233845928237,-0.12831046075769,-0.09137009418145901,0.06687392659784445
0.07100391788366937,0.029764420735752698,0.04327893582072944,1.186998432811742,0.48066437371453913,0.23930428769794576,0.3673547224041262,0.29600727938297733,0.13122250426959958,0.16971972104163974,0.1956548910976482,0.2773685897792217,0.2243395490340971,0.23946865079669685,0.15195780718929908,0.2656732628556403,0.20798450017448142,0.18871416574230282,0.2022146076049447,0.19714480628399644,0.11289197171965253,0.17401803884950995,0.16623175212925673,0.14015132494916555,0.14899883497378183,0.2625736397197981,-0.04323563828519885,-0.06639022607053414,0.2630107696254325,0.1661288484268999,0.11296735182292887,0.1889873685407651,0.017766912474423288,0.4224734584073538,-0.2964250597771378,0.14706309897285696,0.25083530432160045,0.13500861010278972,0.1509081256994837,0.009218352881251429,0.0674338423148983,0.054490820885586704,0.21086015760939208,0.03529728072219385,0.011058431913992733,0.11333125442948801,0.1894900764964499,-0.051816387658477917,0.03155028701178637,0.20272843323549028,-0.05320370882107079,-0.1179798413330787,0.002619015227578544,-0.09756417707206917,-0.13872593366786345,-0.053103844356949856,-0.1760005085036263,0.43516291821819425,-0.24296421650262054
0.28653963370837554,0.05540466329349888,-0.1810884696327351,0.48066437371453913,1.2798736985039794,0.19012013215958282,0.3000859606229112,0.3231574018727443,0.10208989663402608,0.14328771626308456,0.1780499834210236,0.254722973992759,0.25831223529517794,0.23445969951240433,0.20670620671892911,0.3248077212514381,0.16002022574659175,0.2522911942992075,0.3577639721148423,0.1946226755402688,0.07080512247847835,0.24078310111179604,0.268974550211143,0.17591444958261848,0.11546140845421471,0.26576758248460325,-0.08589550131360567,-0.12114899559775211,0.30352693405536674,0.22909681166135432,0.1487887572168925,0.16858295432175918,0.09184994516665332,0.34090805262956075,-0.32730833964038347,0.22142050565095658,0.3065790546363301,0.15854129667430095,0.14280864070551855,0.04581224706769582,0.12852335763684966,0.10312913522032607,0.18102825817881213,0.03293703723339257,-0.11863901865642686,0.1606279254872125,0.2382796709773006,-0.05402793923529531,0.15564918518840815,0.39256098663069605,-0.15129299104673177,-0.20752390744339622,-0.01020200792400217,-0.13508093298408777,-0.2069289036869168,-0.09728998021829703,-0.3791957348698689,0.19397585756514044,0.2672301030966909
0.1491564107915581,0.3173142208996474,0.3348437076634255,0.23930428769794576,0.19012013215958282,0.7760594488426119,0.22732649368841065,0.23819794503399144,0.2126511234917748,0.15149148584694522,0.21486283207965132,0.20262354415641226,0.20034752090178798,0.1280377629754823,0.14752541261474167,0.1450262010655169,0.1858437832067994,0.2140671526261269,0.33890478533564067,0.28867632092134093,0.11973857398157203,0.2427559501306689,0.17408363819120648,0.0970398377698253,0.16913301129436586,0.2776675566326959,0.06584972260387213,0.01868231582999941,0.39716850896693606,0.020902381988057512,0.08333044453858435,0.19009519514578024,-0.10600907502727011,0.3923671635320432,0.08980988735007246,0.04590330427321764,0.15839511531844105,0.1571172544210023,0.12555025310193085,0.07230801936212133,-0.05423224020329696,0.09828108858397158,0.4959775084877279,0.07243663470648325,0.17649854264219594,0.10918524859440658,0.16506593398140781,-0.08349697074721596,0.08511999941048438,0.06160720130693079,-0.08400424564729002,-0.04609972687064667,-0.026498266510106654,0.004506530964031646,-0.15592476098348887,-0.03474510437488179,-0.16219339600444563,0.6291175939050779,-0.4775977602493255
0.2618748412362793,0.1340820430886979,0.2308178334776794,0.3673547224041262,0.3000859606229112,0.22732649368841065,0.7570431934492836,0.2307486025679424,0.27718141206443475,0.15913330655279737,0.24057148822489713,0.32882183233185813,0.24833832572862133,0.18618920264769206,0.14475033085442193,0.22856511981081729,0.22210196749034894,0.19566366483731118,0.1409165503107535,0.1306685602034606,0.1520132119104948,0.22424102858728912,0.14402670239247697,0.10913171284086151,0.1893326798153586,0.2744551879047113,0.01191555923568157,-0.04292429927793283,0.257824633673059,0.05087242578782632,0.13217598190877372,0.16456644711645368,0.030901607612357475,0.3580818416236308,0.10962191767799107,0.1860075727704201,0.17869103624411267,0.09953947258045598,0.19173669013380898,0.025330359672747375,0.054923023487958036,0.10573340957149699,0.07706034544298739,0.042613308252922213,0.071967373610624,0.15587901509805,0.09668320099740853,-0.07871986516980127,0.051090268547778525,0.12159201756618512,-0.056946086509520835,-0.14888647580853054,0.08719959358807453,-0.07982120960230807,0.049162656364180275,0.08475555643260616,-0.2224266957804264,0.6683486519415912,-0.8200311052021544
0.2060442095545017,0.21620690118957692,0.16278903780504922,0.29600727938297733,0.3231574018727443,0.23819794503399144,0.2307486025679424,1.0508036139798271,-0.014714690717348254,0.20988491582710295,0.30733474483354895,0.15497968209740695,0.2993292197464327,0.2142725688599955,0.19430354224698096,0.21574287839759165,0.3445491798937827,0.33919460788596906,0.23683058858203102,0.3899316953843675,0.1508439773831554,0.2839267062652016,0.26190621996775154,0.20405581431721898,0.2887883021016683,0.404340357653651,0.33305644417911373,-0.17808096966343515,0.1277558073750341,0.21894884196157163,0.12148683466608126,0.10815900608447784,0.13112277836458502,0.2836134020848919,0.32577881752524723,-0.021919731570505297,0.37038509301235695,0.2181398057546442,0.2801736163862229,0.15577669642873848,0.07104869340925163,0.10391229236102195,0.6686659914596486,0.052713448707685545,0.23707044129946167,0.24345421264384157,0.342188887090076,0.01633262910897155,0.4213163281486969,0.2335036381163529,-0.007828307215178744,-0.06748461815308236,-0.017961731547449303,-0.15472731298215453,-0.023128932742663547,-0.16959288343672976,-0.23942282304596624,0.4062050140960808,0.0077267119146708346
0.10273024394680731,0.1442665718566761,0.3250825147939694,0.13122250426959958,0.10208989663402608,0.2126511234917748,0.27718141206443475,-0.014714690717348254,0.7871643039721167,0.09348405779744441,0.1350046903349737,0.176931766570396,0.1780906247397291,0.14129147068316247,0.13744675604836734,0.12171821405786165,0.18728326962874536,0.1178969380471431,0.11977027668735137,0.09379469104236775,0.16091951150833356,0.14420533852555423,0.004089777149638687,0.058553176445810734,0.07572333026204268,0.22723936796651675,0.030181678404351382,0.1625236121508356,0.12189536717396524,-0.038456432209486635,0.14537572038265026,0.13332924749021974,0.03359889277437376,0.24514381003000094,0.09149831217755956,0.1419030295898148,0.11615827718442032,0.07779041120630564,0.1460217047044888,0.01146857953328071,0.04988070818758166,0.08442558489042841,0.009822536037275216,0.0382107520270829,0.13463792787290046,0.10934211556899431,0.050802520832079326,-0.044920300141701654,0.049327936491779155,-0.006620659240856655,0.03469981646366316,0.04519054438604337,0.005153689051111449,-0.06809837598846287,0.038554465500650316,0.17461039407827153,-0.15558738573832703,-0.07307594733923356,-0.0014900269574781438
0.13648517458774925,0.183862439576068,0.2620218209773171,0.16971972104163974,0.14328771626308456,0.15149148584694522,0.15913330655279737,0.20988491582710295,0.09348405779744441,0.537760112217317,0.1734672543437952,0.12854326375549133,0.2307072977874202,0.110754539279951,0.21375425849436663,0.15459233173027115,0.20445636878145826,0.23290712128992505,0.11252923997176652,0.1293342991828569,0.1177584773182902,0.17282117676511907,0.11936259616633292,0.1102134065693481,0.13995489846244286,0.13936359613837834,0.10417435669271713,0.10175122179982113,0.21053536482424579,0.12549651320351266,0.14879304027673593,0.0887129864662014,0.03981371263432404,0.29291228363677474,0.1202996661455883,0.1921992469824213,0.261794212540841,0.09931980176224618,0.16839782267800316,0.03178061982282653,0.19693058729511279,0.11849088017143541,0.18718999664020444,0.04815049848274089,0.04427497728264061,0.13673859347431727,0.22296110338941863,-0.02996009763518149,0.05933132846236448,0.09831162386865616,-0.030902618535235717,-0.0017933610888200581,-0.029355405121557585,-0.036033192824396466,0.1432206075892203,-0.009623976918767423,-0.1621332115493099,-0.1669263638863352,0.2902315086996744
0.15740160182582946,0.20621095368349351,0.2952084810784626,0.1956548910976482,0.1780499834210236,0.21486283207965132,0.24057148822489713,0.30733474483354895,0.1350046903349737,0.1734672543437952,0.4647723824741093,0.2636738722351901,0.32831994945644066,0.15963878941634388,0.20797170735374826,0.20211550015062754,0.32574247389723915,0.20997059502231336,0.1373403848654981,0.27716375070768556,0.18208988698053616,0.24749249899620857,0.114509663384017,0.15253946398878998,0.16966378721912995,0.2509920831611861,0.13729082145183938,0.061169033120413996,0.2644059405853833,0.09069265921870423,0.14292178667034025,0.1572182353005355,0.06283035780810095,0.1921520697310228,0.2458900621869287,0.1556026155696668,0.1965333638196388,0.15455937909187592,0.21743512576844853,0.11212646744552461,0.13433155401745922,0.1320400078921274,0.24843138749784396,0.056392602710834745,0.1299001432970693,0.18063773293231244,0.186464380762106,-0.04665923593127262,0.15547763651785979,0.09115178898678049,-0.011567787436563696,-0.07898542796651338,0.018046217322411726,-0.015862803520872465,-0.09485523482825788,-0.05158907882340809,-0.20820801666346633,0.008920816050570147,0.2173162410804645
0.1720364680049352,0.18515617439812865,0.24157254422190663,0.2773685897792217,0.254722973992759,0.20262354415641226,0.32882183233185813,0.15497968209740695,0.176931766570396,0.12854326375549133,0.2636738722351901,0.6576371548879039,0.20400861680767685,0.19645145897298488,0.2000869570124795,0.2286156863530949,0.27316446050189963,0.17417186313062896,0.14412330340003168,0.2060709549192024,0.16676447143673645,0.19974604350738698,0.14095424830081663,0.14454003053377268,0.21375892517182285,0.24862677088495316,0.14701570268752226,-0.1066355478474076,0.2534985616710856,0.06645432670747091,0.11880919881857623,0.21077369646911828,0.07920544786027985,0.21630262969716316,0.23950332769983815,0.07376055818479695,0.11500445765955863,0.11859895562207529,0.24129581606037462,0.1400915155723721,0.009970434204877088,0.09367236068147748,0.19762634532675644,0.03955761537908113,0.159463272000472,0.1736933452828979,0.1529203897520181,-0.018378899223100324,0.32600500413048134,0.13955793643025155,-0.004641565553201167,-0.1356695954190245,0.03592915448888442,-0.06611886111018492,-0.3100669102017779,0.08408843840160374,-0.15713668864934888,0.2483027372186934,-0.2929569852542318
0.16527947500684184,0.19607805479139073,0.24900519804243257,0.2243395490340971,0.25831223529517794,0.20034752090178798,0.24833832572862133,0.2993292197464327,0.1780906247397291,0.2307072977874202,0.32831994945644066,0.20400861680767685,0.5808051931479385,0.2212563243312619,0.1009818848588014,0.26775269533007395,0.3143380771597166,0.21862279382465222,0.18660834578166724,0.2522873698953917,0.17860681101558643,0.3519569531781763,0.11695712719536208,0.18357498539500589,0.15283799944758927,0.23883531473762407,0.14132325977042237,0.10026625547851792,0.3422001948900301,0.08218649104819856,0.1513084271855356,0.2010892889431549,0.10502109114145539,0.2155369760876659,0.17853119856456331,0.2164115622305584,0.2122884279337209,0.1696763545069653,0.2155050414581644,0.08677668953215296,0.198076666622529,0.1231328827612153,0.2815422653840869,0.06303105675199609,-1.649975705579873e-5,0.23021836812837934,0.1932570517092796,-0.07492460804569111,0.28969157541727564,0.180268178057831,-0.023040232240717166,-0.05013928893582128,-0.024665648116929367,-0.12318649608562722,-0.12558418031001536,-0.07708612263926258,-0.1972387154191796,-0.2203355527384924,0.5009678267141445
0.16405178322294076,0.10747469077502779,0.08888498125740585,0.23946865079669685,0.23445969951240433,0.1280377629754823,0.18618920264769206,0.2142725688599955,0.14129147068316247,0.110754539279951,0.15963878941634388,0.19645145897298488,0.2212563243312619,0.5405547027052644,0.17413829656054536,0.28682548103444466,0.16844969942440438,0.12718532343324587,0.14212897244208586,0.20723993309365663,0.1176183376134141,0.21101448226688116,0.09656454288289812,0.1648390310413855,0.13133698978085612,0.22373057954046913,0.0545410131993252,0.10288988614847118,0.1755473743891608,0.20221651271556854,0.10656041585183572,0.13128857625292437,0.09469748968291578,0.11097655068234887,0.1677696356593813,0.09098976318176857,0.1988226447720895,0.12047377428928371,0.11979688374590099,0.11129843410847895,0.14310251643639874,0.1341754312382603,0.3288643061473208,0.06280587512469213,0.10597968410567334,0.09014321434579282,0.19065925900802325,0.00478656802869821,0.37483215141685816,0.0394325638733758,0.00429228643850077,-0.09343653727644204,-0.029056256436200547,0.05073085298095908,-0.224835222551994,-0.027850376264848584,-0.2648991992151113,0.11603619506070673,0.3524586598498809
0.14991436959996726,0.18811206600538163,0.24516280910446767,0.15195780718929908,0.20670620671892911,0.14752541261474167,0.14475033085442193,0.19430354224698096,0.13744675604836734,0.21375425849436663,0.20797170735374826,0.2000869570124795,0.1009818848588014,0.17413829656054536,0.6894628603883618,0.1814404774450632,0.1714900055134064,0.2313067603997492,0.16048335709245015,0.16572192235969635,0.1439289653415246,0.08441423331055348,0.019945323567784196,0.13458726325738654,0.20128558929728216,0.2050283534335404,0.06317789650632381,0.20230375439977785,0.11695037170164033,0.23798146817581867,0.17166898750061516,0.0595523678965535,0.10209146957699007,0.24054494320344808,0.16168847690953048,0.13736878510359632,0.37080099845121745,0.09084711821210499,0.16059952530428348,0.018928854316427518,0.17193120320891161,0.1823241828101251,0.20231013691047875,0.045229405843591176,0.18051639024470126,0.1481755103232088,0.23913603452149268,0.02861710455859503,0.031560406242927254,0.18708725263268955,-0.057554124440639384,0.1026990678035145,-0.12545644052807475,-0.07818591876960368,0.10138067196229207,0.03933542099348903,-0.3775080773263205,0.15268367970810304,0.16074848736324268
0.14871675850819838,0.09206597363823808,0.08849537221599711,0.2656732628556403,0.3248077212514381,0.1450262010655169,0.22856511981081729,0.21574287839759165,0.12171821405786165,0.15459233173027115,0.20211550015062754,0.2286156863530949,0.26775269533007395,0.28682548103444466,0.1814404774450632,0.5419167022530037,0.21247939727020249,0.1907789024053356,0.19408453423337516,0.1863759642652498,0.0967111943906258,0.2319342371709654,0.1290725128335048,0.1748451351349115,0.18203268322829064,0.1958406041974931,0.06097586148556582,0.06904310390921792,0.24189729889604614,0.13443185499564328,0.10556434955479037,0.1805345191619262,0.0927485951657748,0.21100440158478478,0.2104314402060429,0.13088795310365264,0.18327661540641124,0.11050588104926382,0.16269214909964333,0.10284531131804099,0.11165721216219424,0.1214076359226249,0.28969382841901437,0.07405686668124693,0.03493427135302974,0.13785290989027998,0.18326264626002173,-0.03550088194704941,0.21448787473797779,0.05728317660376056,-0.010276428634051798,-0.062197772064164686,-0.010760573958211691,-0.0630419580470578,-0.11177080958235451,-0.018474611360433088,-0.2803774637291922,-0.005034189799801117,0.34394893110370145
0.09808285288214422,0.16359225705561314,0.24791041244880743,0.20798450017448142,0.16002022574659175,0.1858437832067994,0.22210196749034894,0.3445491798937827,0.18728326962874536,0.20445636878145826,0.32574247389723915,0.27316446050189963,0.3143380771597166,0.16844969942440438,0.1714900055134064,0.21247939727020249,0.9375979802259907,0.15245555410988296,0.16215408115107768,0.3846502786269602,0.25459148735709497,0.33679012541028513,0.020719501566705777,0.13960560318559706,0.17699491419967908,0.14103003715593923,0.28139068803159706,0.21975015336833006,0.34446697825639794,0.00917448613143973,0.17277937957441133,0.12718591918819175,0.11220615783178012,0.16198781164632994,0.22354028704208334,0.199522398537156,0.3336866268177422,0.19413844551619328,0.4047996780946414,0.14837090492155067,0.24560089794296278,0.12395295353668466,0.2772972220138496,0.08338495768715605,0.18165437966950423,0.20624583251503045,0.1845102245629831,-0.026063403305984466,0.42697057200101657,0.3593376834621026,0.008556449088685499,-0.11234416115825545,-0.08311829693793003,-0.10449012608988574,0.011569217321716185,-0.04947383780706058,-0.22747120566652138,-0.18319814365009915,0.5512761961457061
0.19495773204105876,0.27159707300525077,0.22864305843636004,0.18871416574230282,0.2522911942992075,0.2140671526261269,0.19566366483731118,0.33919460788596906,0.1178969380471431,0.23290712128992505,0.20997059502231336,0.17417186313062896,0.21862279382465222,0.12718532343324587,0.2313067603997492,0.1907789024053356,0.15245555410988296,0.8793512409434688,0.18918257710672387,-0.03254810577792969,0.23791864544611838,0.34968359644572283,0.2818727402079844,0.13641515373313465,0.16719238076012255,0.18494621097868597,0.05706843443150979,0.14345296859440057,0.2872820390343539,0.0706070255853182,0.269015127042471,0.08309721962803751,0.15067848881482707,0.25993086795903303,0.18809774149857592,0.2440090206391553,0.3995056217585907,0.08812579215384989,0.2334584909093531,0.0809525589432439,0.16257825805315781,0.1741059470473374,0.47975759997985856,0.04811519103377796,0.23862457138731827,0.23919172707022832,0.4457045656505036,-0.13774982937232552,-0.15661216105324235,0.23943697402732303,0.10281782744463205,-0.019935879792420695,-0.24789420955837188,-0.13001870448901415,0.039720709013993084,-0.053021548358052964,-0.2487617127476438,0.36436572025945424,-0.19220090121114833
0.14604581425045696,0.1327540913399667,0.18965362995686713,0.2022146076049447,0.3577639721148423,0.33890478533564067,0.1409165503107535,0.23683058858203102,0.11977027668735137,0.11252923997176652,0.1373403848654981,0.14412330340003168,0.18660834578166724,0.14212897244208586,0.16048335709245015,0.19408453423337516,0.16215408115107768,0.18918257710672387,0.7010575697737702,0.1468899064598987,0.14301013243277508,0.2544748751938421,0.12927397995666381,0.10590114499857903,0.1011160419187815,0.1393618016939562,0.06658896689383823,0.08500781670596735,0.23080869397045745,0.12614912036884332,0.13176145262334363,0.13967261351851787,0.018651192259685825,0.21967393636866722,0.007869063612233542,0.20672097478744716,0.1164318524783281,0.1418274116905618,0.12865558980350997,0.034557684563184636,0.09570183073433265,0.09561652589984855,0.16142068986877225,0.03002075308213376,0.10036633193546611,0.2121936004772847,0.14017692686620659,-0.1055083433808913,-0.003189373825184368,0.07183505164541948,0.08327181401037582,0.12309592580018319,-0.12586861540034025,-0.1163916971355604,-0.052490715913866795,-0.041168500848159,-0.19426072206700662,0.21055720829261554,0.016931809323055436
0.09737531447728058,0.25652655736334745,0.17191615697541152,0.19714480628399644,0.1946226755402688,0.28867632092134093,0.1306685602034606,0.3899316953843675,0.09379469104236775,0.1293342991828569,0.27716375070768556,0.2060709549192024,0.2522873698953917,0.20723993309365663,0.16572192235969635,0.1863759642652498,0.3846502786269602,-0.03254810577792969,0.1468899064598987,1.1517917195731244,0.0456090065562866,0.28749976271481187,0.06742865118484201,0.27842158670820133,0.2360472379523696,0.35878407976377197,0.41572157924115005,0.07258628125454111,0.24553166328065162,0.3623593230689715,0.1196157590654973,0.24488077112203366,0.22283075021328527,0.19833286421654384,0.09369150210905937,-0.02501451573467492,0.3962644456100275,0.43226295202011533,0.1409863829781724,0.11223619347458791,0.05072478466511835,0.07052283171987209,0.7552678633343406,0.05813488191406642,0.3089960251778105,0.16754564962142887,0.15023871495307314,0.07568526402335139,0.7756433595807412,-0.05068516663751857,-0.10039561558500514,-0.05386356135054825,0.20651458461617214,-0.08307630830046918,-0.1724672011070428,-0.0734195347042203,-0.12775084689642938,0.03201199640376473,0.28539575444634585
0.1407087088094555,0.2544756360423476,0.27921852005681697,0.11289197171965253,0.07080512247847835,0.11973857398157203,0.1520132119104948,0.1508439773831554,0.16091951150833356,0.1177584773182902,0.18208988698053616,0.16676447143673645,0.17860681101558643,0.1176183376134141,0.1439289653415246,0.0967111943906258,0.25459148735709497,0.23791864544611838,0.14301013243277508,0.0456090065562866,0.7422220152568577,0.2202766427960513,0.1115796454116064,0.10917652331451778,0.08138594190631492,-0.01962808343804337,0.04396772589464124,0.21734919532964705,0.19826207917780558,0.17949003244318104,0.19426899698237168,0.09320338177753766,0.00910284410854687,0.024882771908475553,0.33342843272740225,0.2644124665049882,0.2693630753715874,0.10367171312149728,0.41982625281921526,0.13033150745965685,0.30266707267084003,0.214668467778707,0.09113563255406376,0.10147358463885375,0.5461845742710687,0.16998793552189664,0.25637069556637204,-0.04505458365161758,-0.00446720945812495,0.13342425902624774,0.08937460762738494,-0.019854001073104775,-0.08641460597376152,-0.05060879145157584,-0.009717116670002588,-0.043673864323810936,-0.19574566078887878,-0.01454904151768068,0.22985215521708235
0.2391537210375738,0.19965311050143697,0.296797777192576,0.17401803884950995,0.24078310111179604,0.2427559501306689,0.22424102858728912,0.2839267062652016,0.14420533852555423,0.17282117676511907,0.24749249899620857,0.19974604350738698,0.3519569531781763,0.21101448226688116,0.08441423331055348,0.2319342371709654,0.33679012541028513,0.34968359644572283,0.2544748751938421,0.28749976271481187,0.2202766427960513,1.5685215796627807,0.377683603060021,0.31807528953145225,0.2217347082878492,0.10755775193672487,0.5335744104569837,0.17085164316758047,0.6046828903848269,0.16454089215445525,0.20945161178534483,0.29590623069044136,0.35227166228066703,0.04531107918607253,0.23215443732027072,0.5927067140302669,0.12753147301446174,0.2519486488048861,0.26383407835309747,0.12532296762457884,0.27204004804267984,0.2768326764268129,0.5111617157210502,0.09169455936114411,-0.05166944966838461,0.5914861048963276,0.2899369821333702,-0.6247158808336039,0.6643173295447676,0.02183216460040445,-0.02531000182668396,-0.25725346304890395,0.039613208956076854,-0.0819566460097497,-0.02202896426513333,-0.05639218147594353,-0.23970434163878043,-0.36358046561129936,0.6448514880806935
0.14134543336976535,0.09720073423763836,0.0851763499976987,0.16623175212925673,0.268974550211143,0.17408363819120648,0.14402670239247697,0.26190621996775154,0.004089777149638687,0.11936259616633292,0.114509663384017,0.14095424830081663,0.11695712719536208,0.09656454288289812,0.019945323567784196,0.1290725128335048,0.020719501566705777,0.2818727402079844,0.12927397995666381,0.06742865118484201,0.1115796454116064,0.377683603060021,1.3429588419720038,0.246245671818408,0.33074440817036455,0.024140327739926533,-0.1246988334392463,-0.5680394586358372,0.5314668357196183,0.33245797205903194,-0.0635639827694781,0.022608180523406945,0.013376878199919067,0.3135992525009719,0.10376981972286863,0.4476255639346306,-0.03723401665317204,-0.0035810981466179695,0.18860420312260567,0.0053800346743085245,0.11493264459247131,0.0024457674473831784,0.3687852394194977,0.12777237588343363,-0.26019177841298674,0.23261158117349529,0.32817553526873705,-0.23566037902815404,-0.09905073648541748,-0.03759532382994989,0.015312095456659201,-0.22514672759157073,0.12290849641552912,-0.027587548173076862,0.027946834217540985,-0.11062528403741922,-0.24601273750386737,0.4573504165076235,-0.23025011229303383
0.056973982079961426,0.11301597991355156,0.1031635710136954,0.14015132494916555,0.17591444958261848,0.0970398377698253,0.10913171284086151,0.20405581431721898,0.058553176445810734,0.1102134065693481,0.15253946398878998,0.14454003053377268,0.18357498539500589,0.1648390310413855,0.13458726325738654,0.1748451351349115,0.13960560318559706,0.13641515373313465,0.10590114499857903,0.27842158670820133,0.10917652331451778,0.31807528953145225,0.246245671818408,0.6055892692906371,0.26524778697085066,0.18673302416408186,0.06812401484892731,0.047003275510871564,0.12110441518235203,0.5906393101556171,0.12452849698553192,0.296527378133847,0.5025087783520131,0.07093131213513386,0.2524510226298277,0.1932531597976502,0.3112421471777825,0.2054188077598675,0.1700026071243917,0.0690419913219918,0.025581261193305303,0.16147518779602513,0.36905632036455455,0.0704634139348923,0.15265483812160197,0.20604831830652676,0.379432679870593,-0.03601600358916947,0.2422031404036242,0.028200521259778524,-0.016956888380133237,-0.18725659969678082,0.0948729868941099,-0.0722301825922117,-0.06437294830757953,-0.1352996720860264,-0.06044707405849659,0.016439586984211663,0.15454763567493066
0.1471763960485781,0.1385952816802255,0.16739005842772278,0.14899883497378183,0.11546140845421471,0.16913301129436586,0.1893326798153586,0.2887883021016683,0.07572333026204268,0.13995489846244286,0.16966378721912995,0.21375892517182285,0.15283799944758927,0.13133698978085612,0.20128558929728216,0.18203268322829064,0.17699491419967908,0.16719238076012255,0.1011160419187815,0.2360472379523696,0.08138594190631492,0.2217347082878492,0.33074440817036455,0.26524778697085066,0.9816264631541657,0.172934516048974,0.36870269355630936,-0.07187488483703967,0.252237818660521,0.33854861207091674,-0.00042497884031813594,0.09237142469526764,0.2116184602621872,0.3324578017289261,0.3295398611867447,0.11519256863238773,0.34903790952467906,0.14832180126073477,0.16488085175205713,0.029726202532966317,0.054250517133383504,0.14489884450157056,0.4339922314830861,0.09039897116283326,0.1163213735149498,0.24152043182146762,0.2713130282328635,-0.043111114374214166,-0.029635074163080945,-0.21855541980697568,-0.061629479853025367,-0.023429736555314294,0.1888700146915556,-0.07071197657531916,0.0043737961567239594,0.02760004658581073,-0.12542119991174272,0.23089835634201036,-0.20131185370236704
0.08879375341661411,0.1793146851910613,0.1383314015805922,0.2625736397197981,0.26576758248460325,0.2776675566326959,0.2744551879047113,0.404340357653651,0.22723936796651675,0.13936359613837834,0.2509920831611861,0.24862677088495316,0.23883531473762407,0.22373057954046913,0.2050283534335404,0.1958406041974931,0.14103003715593923,0.18494621097868597,0.1393618016939562,0.35878407976377197,-0.01962808343804337,0.10755775193672487,0.024140327739926533,0.18673302416408186,0.172934516048974,1.4395763336798566,-0.30799791934962806,-0.04156260310764192,-0.45015835000039267,0.36330339918756144,0.09882298587772065,0.2877685832902037,0.05291483719342675,0.3265630524814414,0.15547414893598713,-0.22142340485010276,0.1901938699952237,0.2341006559372247,-0.4415960087815226,0.06685854336825675,-0.17508641527348093,0.19464898192879623,0.824644993928827,-0.04834167895138614,0.49673614130750043,0.09828242420716278,0.22716529307774377,0.04494032183667678,0.10982294454583913,0.0785111148933161,-0.0028294802883559195,-0.24534327689144764,-0.00310428790668803,-0.048534396995926696,-0.26796120421277314,0.015106455015930173,-0.14386361430232739,1.3477513876150347,-1.2077409498643203
0.11268283334942975,0.08265838794386554,0.07040238036389555,-0.04323563828519885,-0.08589550131360567,0.06584972260387213,0.01191555923568157,0.33305644417911373,0.030181678404351382,0.10417435669271713,0.13729082145183938,0.14701570268752226,0.14132325977042237,0.0545410131993252,0.06317789650632381,0.06097586148556582,0.28139068803159706,0.05706843443150979,0.06658896689383823,0.41572157924115005,0.04396772589464124,0.5335744104569837,-0.1246988334392463,0.06812401484892731,0.36870269355630936,-0.30799791934962806,3.3745013753960746,0.6418919432042476,-0.21090387084513418,-0.4025208987406315,0.24858060575367752,0.007610595654867683,0.6673704200064452,-0.17790787744476824,0.5091814016964721,0.10505647407395374,0.3887371051694879,0.2270581618951243,0.3609695161085593,0.37508838656198584,0.39886573709188455,0.29092859612067273,0.584447653301825,0.10836723295050425,-0.16177987371304253,0.31041798866953807,-0.14123265002134705,0.21998264083680552,1.88053148289527,-0.23138492646486095,-0.1667725355629149,0.4389274297012447,0.1551065498972883,-0.129534221553988,0.01349905368567458,0.04949770634690202,0.02198598002558377,-2.3527332131109313,2.4245754505308494
-0.008657225334608396,0.14470856640031096,0.2130224037096463,-0.06639022607053414,-0.12114899559775211,0.01868231582999941,-0.04292429927793283,-0.17808096966343515,0.1625236121508356,0.10175122179982113,0.061169033120413996,-0.1066355478474076,0.10026625547851792,0.10288988614847118,0.20230375439977785,0.06904310390921792,0.21975015336833006,0.14345296859440057,0.08500781670596735,0.07258628125454111,0.21734919532964705,0.17085164316758047,-0.5680394586358372,0.047003275510871564,-0.07187488483703967,-0.04156260310764192,0.6418919432042476,1.769820315148347,-0.1646373086160771,-0.1657971724890668,0.34157785007940766,0.052293545741480055,0.2789030481182273,-0.11700117231194324,0.16813200447931206,0.5005051870987992,0.4762509534803642,0.13366315488212502,0.08420552462803893,0.03899995055956098,0.6079261145609031,0.4514862361853606,0.16893571474159907,0.15944105576434295,0.19332842661077398,-0.07289116683770111,-0.031112886014458864,0.0979738125383208,0.10566935488486766,-0.11216507397870784,-0.05420131199559681,0.6074640770826265,-0.43308656750340324,0.002006258074966479,0.10781417463269694,0.048696935366476644,-0.06133523915643526,-0.7414424225993175,0.920456613188381
0.28093630732085473,0.3721681842342165,0.4849875330093071,0.2630107696254325,0.30352693405536674,0.39716850896693606,0.257824633673059,0.1277558073750341,0.12189536717396524,0.21053536482424579,0.2644059405853833,0.2534985616710856,0.3422001948900301,0.1755473743891608,0.11695037170164033,0.24189729889604614,0.34446697825639794,0.2872820390343539,0.23080869397045745,0.24553166328065162,0.19826207917780558,0.6046828903848269,0.5314668357196183,0.12110441518235203,0.252237818660521,-0.45015835000039267,-0.21090387084513418,-0.1646373086160771,3.5847017215663435,-0.48292914955968025,-0.004734448899043317,0.2828053677678315,-0.11347434845186255,0.5070168160225379,-0.31185598698132594,0.9526077344670845,-0.4222976273590771,0.033895454974010066,0.41531998663261643,-0.0536260972730733,0.7058094442998524,-0.11998553281824517,-0.4931395373607574,-0.04038069594682327,-0.9368599405753236,0.27387956288754206,0.07243373466460692,-0.33921561928309163,0.7196253803016854,0.5313324307743704,-0.38799913413188486,0.021369799284961154,-0.2450309345865277,-0.02744364138587454,-0.14310583975263094,-0.015054650815537685,-0.27643802593606176,-0.3669561958099989,0.6414061391268906
0.053615960461006786,0.021617942714010036,-0.2147780966384815,0.1661288484268999,0.22909681166135432,0.020902381988057512,0.05087242578782632,0.21894884196157163,-0.038456432209486635,0.12549651320351266,0.09069265921870423,0.06645432670747091,0.08218649104819856,0.20221651271556854,0.23798146817581867,0.13443185499564328,0.00917448613143973,0.0706070255853182,0.12614912036884332,0.3623593230689715,0.17949003244318104,0.16454089215445525,0.33245797205903194,0.5906393101556171,0.33854861207091674,0.36330339918756144,-0.4025208987406315,-0.1657971724890668,-0.48292914955968025,3.122403186130799,0.30739290110210155,0.1553573694459434,0.24322294119297128,-0.07372909635080473,-0.09115876281824659,0.16377064849576076,0.6891969737612262,0.3022396214620614,0.34990137064729093,-0.1302440380677253,0.12315629367493787,0.04789760353034735,0.6528367937954506,0.06391337810259083,0.783282854006717,0.23364465678070695,1.3574785103174047,-0.06963474009865603,-0.15274755881449278,-0.12687150010398487,-0.020586262720247914,-0.546249570884782,0.32708758394397397,0.013024499331844555,0.20885117219197313,-0.243883464397457,-0.29711274484681727,1.8703286098739045,-1.4042852113300328
0.10294584860035758,0.09180030348344959,0.134485765754298,0.11296735182292887,0.1487887572168925,0.08333044453858435,0.13217598190877372,0.12148683466608126,0.14537572038265026,0.14879304027673593,0.14292178667034025,0.11880919881857623,0.1513084271855356,0.10656041585183572,0.17166898750061516,0.10556434955479037,0.17277937957441133,0.269015127042471,0.13176145262334363,0.1196157590654973,0.19426899698237168,0.20945161178534483,-0.0635639827694781,0.12452849698553192,-0.00042497884031813594,0.09882298587772065,0.24858060575367752,0.34157785007940766,-0.004734448899043317,0.30739290110210155,0.8813099751799371,0.15514243926057536,0.23050968114225112,0.13579627468074762,0.08078543443880072,0.4041168685677286,0.463674631728573,0.21771433088136907,0.2632175486382502,0.03512439346886313,0.27335582242410167,0.2124869162198657,0.07986355027697255,0.05025340215964281,0.31719138955896314,0.2161858553521572,0.31085820284442095,-0.06826861754205739,-0.23243877057195894,0.2351472259563662,-0.030530065129830468,0.07625182445530125,-0.1508132038852194,-0.08785654655569927,0.08754020857940072,0.040664371954737516,-0.019549232007193013,-0.27830841742118767,0.19942157683875147
0.07760235562494527,0.0965793511664782,0.1342013530611746,0.1889873685407651,0.16858295432175918,0.19009519514578024,0.16456644711645368,0.10815900608447784,0.13332924749021974,0.0887129864662014,0.1572182353005355,0.21077369646911828,0.2010892889431549,0.13128857625292437,0.0595523678965535,0.1805345191619262,0.12718591918819175,0.08309721962803751,0.13967261351851787,0.24488077112203366,0.09320338177753766,0.29590623069044136,0.022608180523406945,0.296527378133847,0.09237142469526764,0.2877685832902037,0.007610595654867683,0.052293545741480055,0.2828053677678315,0.1553573694459434,0.15514243926057536,0.9013028369680545,0.07229812995905496,0.0667272467387413,-0.06520512688757932,0.21677920098000902,-0.16501493531395464,0.21752056171240663,0.031868621407992896,0.06752511299430868,0.008651889928267195,0.01682077794934526,0.1334624814811388,-0.014345622043504667,0.11606349410465516,0.22505667925660905,0.15118321000517485,-0.15520907434546913,0.06173987505450033,0.06833075757240657,0.04796196769032771,-0.1714894565383598,0.06416948897845329,-0.035541922359490954,-0.36187973453990924,0.055255430055681565,0.4184258400389603,-0.08777217654126578,-0.3189086191379993
0.07003502229766237,0.01670834390734877,-0.0017866528771355746,0.017766912474423288,0.09184994516665332,-0.10600907502727011,0.030901607612357475,0.13112277836458502,0.03359889277437376,0.03981371263432404,0.06283035780810095,0.07920544786027985,0.10502109114145539,0.09469748968291578,0.10209146957699007,0.0927485951657748,0.11220615783178012,0.15067848881482707,0.018651192259685825,0.22283075021328527,0.00910284410854687,0.35227166228066703,0.013376878199919067,0.5025087783520131,0.2116184602621872,0.05291483719342675,0.6673704200064452,0.2789030481182273,-0.11347434845186255,0.24322294119297128,0.23050968114225112,0.07229812995905496,1.731963566870868,-0.3896770484745311,0.0901534951544149,-0.06800966532515844,0.44280961335930075,0.2040803166061919,0.05516136217910434,0.026902219943480896,-0.2919493900151295,0.15700342798265077,0.18857933587326528,0.10023931588943709,-0.07316033698351683,0.20605467872796215,0.2755707617748773,0.15988632876850956,0.6788560024563662,0.18337785536061404,-0.028228287340490495,-0.07970028657047916,-0.025681829657935695,-0.236031532809933,0.08232674101286748,-0.0067720398848994875,-0.06488164055105963,-0.5360271378823627,0.5534042353529925
-0.02646078561274616,0.2192371018925266,0.27697745028708937,0.4224734584073538,0.34090805262956075,0.3923671635320432,0.3580818416236308,0.2836134020848919,0.24514381003000094,0.29291228363677474,0.1921520697310228,0.21630262969716316,0.2155369760876659,0.11097655068234887,0.24054494320344808,0.21100440158478478,0.16198781164632994,0.25993086795903303,0.21967393636866722,0.19833286421654384,0.024882771908475553,0.04531107918607253,0.3135992525009719,0.07093131213513386,0.3324578017289261,0.3265630524814414,-0.17790787744476824,-0.11700117231194324,0.5070168160225379,-0.07372909635080473,0.13579627468074762,0.0667272467387413,-0.3896770484745311,1.934998176639849,-0.21927431463070304,0.15156173531469327,0.650876602778284,0.09719462272139953,0.09380554543736919,-0.1787998060509419,0.08970422778592949,0.18358661853623692,0.3625090692438523,0.07906693006440509,-0.24015043331727814,-0.05667014421882851,0.13424100570883102,-0.020433014732804667,-0.2876772495895251,-0.05093007653743481,-0.1431264721258214,0.017963707263159948,0.08426890375656951,-0.094404615685235,-0.11486519966295346,0.032916466111859936,-0.41255497903345056,0.584439636926147,-0.2677585298265319
