2.1562630823726305,0.6385053397157249,1.0578475646510532,0.001916969321694654,0.14614483412618565,0.3405757527826351,0.41345847177839373,0.3783807937444242,0.18776811815144148,0.3812569587126442,0.32120641309517906,0.35169905357843395,0.17467424038573676,0.40859009098075166,0.4446391811357588,0.28022941457492,0.10594794301643422,0.39313614822884413,0.15321820072026524,0.2058765826039883,0.206893708687905,0.24051753681865745,0.318118054004778,0.23295592700071333,0.3838338063399169,0.13885691561202182,0.22713284128258662,0.11885995481376838,0.39299751786339865,-0.01747124530937908,0.2733110872728265,0.3673302658138155,0.1824919831520176,0.3687064458483032,0.12292387006394195,0.25280153447798115,0.3591887196665487,0.15850856642949326,0.3192896251047294,0.06767820322073892,0.21723551711905695,0.1963317918227151,0.17482501725877309,0.03992556081210254,0.13530658805575393,0.5446790939350813,0.4865613268241877,-0.018278502715289528,0.26270105359655493,0.07735398007257761,-0.1896614790832852,0.12264591964886784,0.07394744198144108,-0.09339396295993704,0.5019644701971645,-0.10218822079272713,0.4985255509080264,-0.3887692214877809,-0.3673941662098464
0.6385053397157249,4.104617771790004,0.49054297053651597,-0.3416531370735684,0.031257390545926265,0.25570143479092217,0.02456254293324198,0.1874049898852654,0.02333802830284073,0.19259008098366548,0.09444765760498586,0.11852233443419069,0.05796873808334042,0.04290060400341038,0.2673142697126678,0.04871529640906451,0.10710825315943519,0.22567903568128272,0.03499542006101195,0.11872749837779961,0.16683602263930258,0.012700300301121023,0.10141489149280355,-0.014575426985924178,0.16159103282922122,-0.004507624500241397,0.09510584061871272,0.07039481049989647,0.10484312460577147,-0.03835089461286652,0.09467984285895614,0.08448154912103144,0.006250929625993288,0.215731677357362,0.011507585365360725,0.0738327764408116,0.1362527444877191,0.08289614915638699,0.13895499059397148,0.10891527821387241,0.1360392018668716,0.12193688616424077,0.11969314453920926,0.1389666081101434,0.02760012108780702,0.1314357667562393,0.13939968280965037,0.012326243204749131,-0.10073321179764991,-0.13289260505381978,0.12188833226502459,0.07085768841140724,-0.23475726393042265,0.04990065968717476,-0.6028317090414208,0.01609086624713589,0.0716788040413042,0.5271140015773079,-0.10250959170637099
1.0578475646510532,0.49054297053651597,2.3325922281016154,0.10556257880812957,-0.24831552062193013,0.4374618007319503,0.2807932654055673,0.6138760481693503,0.24514022270977115,0.6069593455669259,0.4290358028613951,0.3740912398014982,0.25808197782625564,0.34238309345955986,0.453922197176755,0.2849869506357512,0.3432148539342021,0.41134263616939,0.15739742307702428,0.37549441270755796,0.31639183301724955,0.29464362805017547,0.31763416487013296,0.2896334265615371,0.4091712256623208,0.35175943042784524,0.2861451793075041,0.2983611235983641,0.46126545445369393,-0.2873421250932014,0.3529158161926169,0.3117244513248092,0.29810462023773454,0.7482563091535516,0.22703220493220155,0.33408301315007305,0.8251718775846993,0.23919278784060832,0.2986107357490827,-0.009464571732358719,0.33072611725049234,0.31751819437095835,0.24150016842590025,0.09770446219033066,0.19700929744385925,0.666091687888468,0.6851015822058724,-0.0006148797151578907,0.0065953675225752005,0.23567766777425841,-0.2948307867395837,0.33126844766521435,-0.0576473452693649,-0.23201892307340913,0.39107611932122577,-0.23629432444509557,-0.004428791385895731,-0.5001899589384305,0.32684051232282657
0.001916969321694654,-0.3416531370735684,0.10556257880812957,1.3773644720533482,0.4553263900439124,0.326575158083032,0.36514221594293184,0.30779080755461136,0.05481713579726198,0.14898659812429416,0.22178787535640268,0.25789815533679955,0.09994528642416385,0.3281131741138958,0.1984120701464178,0.27883116128341395,0.1720547360833401,0.14148856268614404,0.21920321717186886,0.21170438533394126,0.15387510338344712,0.15661914946649352,0.1391431733989047,0.18273416610809312,0.2201875822682962,0.27797826860429664,0.1638518552174421,0.13683351492701198,0.1838286398641306,0.10629067412179123,0.1579207450404291,0.22917437028029455,0.1760700782660454,0.25172697751292405,0.1449286350820684,0.15159342888090016,0.25928264744942386,0.13750415893336607,0.15176015746279178,0.09655228384726336,0.24655608570804763,0.16070027888086744,0.13240172219168622,0.026217484476293677,-0.10791595659533595,0.2699353025306165,0.24485501538542426,0.03129647023401523,0.27246952184246376,0.1051542876545879,-0.15125274909096634,-0.0017532222627237633,0.08521177331478128,-0.03469667023715037,0.021670029451055534,-0.10548445446894476,-0.03647980246721986,-0.017046015571949884,0.11315287511783016
0.14614483412618565,0.031257390545926265,-0.24831552062193013,0.4553263900439124,0.949548570035635,0.4244262966837733,0.195561060050807,0.2199837096225625,-0.021053359894323012,0.10043628170237781,0.19069095341480063,0.24330249024011483,0.10025426119138642,0.2747680173798817,0.3258366728376366,0.2624190441768843,0.14346814299910907,0.17641925752386098,0.34871152840084774,0.206903476743986,0.14737701527974284,0.10384106443921838,0.1357419883251785,0.1320354338957622,0.20082194287458888,0.15682352055951831,0.145105432547293,0.10787610195736386,0.17916791803663737,0.22285615613798423,0.15046219885201545,0.2053634324719771,0.2050601049472095,0.09672634994893295,0.09294258382604771,0.1641438278003615,0.16388880446297757,0.13950417819952443,0.18552866786415556,0.1428044078327731,0.2617603882269948,0.15214499750650712,0.1012636625951464,-0.008693983323672128,-0.13265139008638557,0.30156985652451085,0.20206329078851615,0.032499996579999336,0.1145576605313501,0.17733683707350215,-0.04882663086609278,-0.19156045047769832,0.11475212939989249,-0.011606338814592387,-0.042275174021533884,-0.12140428242698564,0.03780416925727504,0.05280751649851137,0.03940680678594522
0.3405757527826351,0.25570143479092217,0.4374618007319503,0.326575158083032,0.4244262966837733,0.7560582197398733,0.14481376544851904,0.43127881778415805,0.05685588725709661,0.22126617666560355,0.27561243837480875,0.3171519595958374,0.13005704611720154,0.31760716544442674,0.35155463641291174,0.3002418335472379,0.2475410110468583,0.20917454287971807,0.33025491614534397,0.3827494638804994,0.20712892286739762,0.16888538837881018,0.17654018572700342,0.19556679333618637,0.3305925906800777,0.20704108425219936,0.22104254109918908,0.24511350344010724,0.31281187803973654,0.029740035134088624,0.2223075546491799,0.28388802984918765,0.17793362113379627,0.3258509297915492,0.21224051264695487,0.12223922964020185,0.4139811955191649,0.2271079841423867,0.2834455274595445,0.1354619999208176,0.24549747982353834,0.19898623364009183,0.22530540146861092,0.09340543903342745,0.07394924357855022,0.3897650681873113,0.45425499053830964,0.047804512168720587,0.08930351290505704,0.3085221565800906,-0.5982285876592047,0.3330875610410053,-0.11884770339390513,-0.0139448177316321,0.03449011465117087,-0.14176414366682352,0.13591236778213137,-0.02977757159644232,-0.021821557255525863
0.41345847177839373,0.02456254293324198,0.2807932654055673,0.36514221594293184,0.195561060050807,0.14481376544851904,0.8579351733908823,0.3632691734568026,0.17787921344900015,0.13173501340893462,0.3038512051825163,0.3019707222821757,0.09219884862426311,0.22294495399637723,0.10024147866392799,0.2097048907184768,0.15537069379079574,0.27528465556906484,0.1144144813595766,0.0924353966798949,0.1237544913356686,0.18654021344079516,0.2148149377556806,0.1426113245501716,0.22186481921775808,0.2745038843531773,0.14931549164513125,0.08793160310419385,0.10037758936332235,0.0851042978088875,0.1738539319595757,0.20934950833913335,0.1637521310157154,0.1567474689136927,0.07177948764867899,0.21469142340567807,0.14363553392327008,0.0814555468447849,0.2353773800600973,0.08479897450233169,0.1580261638798799,0.12226200915791922,0.11048222946634934,0.05001047742435858,-0.060392363823057474,0.2957332461684242,0.07958814640050371,-0.017256016794058054,0.2922915171344607,0.08057382499027478,-0.14695365427332904,-0.0011732723505285905,0.057873403897022765,-0.10915924933938775,0.057011625421795595,0.06194568668907282,0.12191747233592048,0.024657967609892625,-0.3141212900031795
0.3783807937444242,0.1874049898852654,0.6138760481693503,0.30779080755461136,0.2199837096225625,0.43127881778415805,0.3632691734568026,1.1098108274715606,-0.0966372772317027,0.3332263866595599,0.35151256401190334,0.15143876286428307,0.12027770735641401,0.3668986796151183,0.3044712318437864,0.2769567147901329,0.23844561421978522,0.30796326240691374,0.2641854074683399,0.4374144342596053,0.19093761702192028,0.12895119781314768,0.17573480590915555,0.17189655802247295,0.37125536200799164,0.3133705266386151,0.234693541167554,0.2687611301037063,0.3175805711643823,0.10873340581753796,0.24067681676774907,0.31614007869004873,0.23393712966039829,0.38285424213115576,0.22735564524215934,0.17241160348653806,0.5194743351346471,0.25902478000521706,0.35459250996939057,0.15570069633252143,0.3173054104313525,0.20292159948849484,0.21952577732151432,0.13075274895503275,0.0757314133760533,0.438248941381642,0.5453977676292179,0.04515738444281298,0.29298410996528285,0.19797099359226591,-0.2521245240317125,0.09681979416535626,-0.003318481365435833,-0.054454291351993284,0.053141133074443715,-0.25075044002010327,0.3039038823690923,-0.0445373805964931,0.031198347138412533
0.18776811815144148,0.02333802830284073,0.24514022270977115,0.05481713579726198,-0.021053359894323012,0.05685588725709661,0.17787921344900015,-0.0966372772317027,0.8789306369387296,-0.029105660689527198,0.05360823483789235,0.028207927081473995,0.12225719786223682,0.05215042222565019,-0.062312060856024504,0.013344551666618111,0.06957155850501186,0.09749552812818255,-0.09404059079826892,-0.01879191731483274,0.07101380992110592,0.3227775894209624,0.14690786270624406,0.09859695002177388,-0.001271508156537223,0.3694989236601274,0.044598046726714434,0.036060503604747746,0.12470732379070452,-0.05541137072538689,0.05080120164001897,0.10232559689102655,0.06540385388610293,0.1764195919625408,0.035728122832025165,0.02158497001739451,0.1237832426599812,0.0035966910374595814,-0.023446594580019044,-0.024300890013350354,0.013608194271917173,0.06709806600938747,0.10337563202855955,0.027735904358432862,-0.09911141809676198,-0.009052567114126074,0.10368035647917875,0.0020314935777395134,0.745803352507891,0.007128068776060299,-0.008788794969023057,0.003914592121818,0.0328444642542341,-0.06113971290754473,0.054338467610346795,0.1903265139325238,-0.0033322233454571365,-0.030902688941455734,-0.21351784971668286
0.3812569587126442,0.19259008098366548,0.6069593455669259,0.14898659812429416,0.10043628170237781,0.22126617666560355,0.13173501340893462,0.3332263866595599,-0.029105660689527198,0.8008895651526611,0.21979558735261973,0.23644824888883212,0.17396581446893422,0.29800172891134924,0.34618802451040165,0.2251031327336117,0.18384427960523872,0.28489995047921873,0.09765521918488396,0.3057232357061698,0.20889948542291853,0.15007299913774363,0.25141459345244666,0.2438829914180097,0.2758899657157179,0.13347787916001086,0.21063545870996725,0.18322990240434,0.3250728788032396,0.09604428463379575,0.24546027941408283,0.23821702930836142,0.2200788805449751,0.4459568257875933,0.22863198469575408,0.21067606213703224,0.49138846489215376,0.18474998192900202,0.29037590544821357,0.14530137511724733,0.3420121866968293,0.2135759686542039,0.18244000717063846,0.049025109891542906,0.0001749489975555192,0.45728780243834855,0.589448707516987,0.028906355071505112,0.20810288846276062,0.10151011229062581,-0.11338059067584745,-0.023804768790313263,0.11565118314203549,-0.06709210854547314,0.18256800769849388,-0.10253739711826473,0.14851566245302583,-0.23245963325464872,0.03773580808063296
0.32120641309517906,0.09444765760498586,0.4290358028613951,0.22178787535640268,0.19069095341480063,0.27561243837480875,0.3038512051825163,0.35151256401190334,0.05360823483789235,0.21979558735261973,0.55995024628281,0.33624624894697835,0.1353496947295987,0.24059815136226356,0.34683138846886835,0.24907359813209481,0.2783976575033403,0.2510738136104107,0.1699482778393534,0.2887798994805424,0.20175195800773238,0.14048782735289883,0.1928106853342314,0.19572519044358047,0.2738454271652962,0.23880319005008693,0.20494827092134002,0.22387120509392527,0.2131721529003435,0.06005219875059385,0.24400867346992453,0.22361524478992098,0.2019282622762915,0.27175451858490096,0.23546723883786508,0.21195840154114687,0.3781511333459775,0.17603120944773934,0.2831829595372837,0.14473484061443492,0.23722518210135674,0.20624540243463566,0.1617180435721049,0.054660075975084044,0.04982208194360583,0.39199185422381855,0.33628151902318787,0.01939376504994296,0.12278834315083247,0.109439950949086,-0.15042753789558486,0.09863393762526285,0.046341116857645866,-0.09274232317159892,0.051229080148395195,-0.08925606061269051,0.06124266145843233,-0.03389456983354225,-0.07291073823625926
0.35169905357843395,0.11852233443419069,0.3740912398014982,0.25789815533679955,0.24330249024011483,0.3171519595958374,0.3019707222821757,0.15143876286428307,0.028207927081473995,0.23644824888883212,0.33624624894697835,0.6877710011005737,0.15478271558920656,0.31200578571111065,0.310262574124381,0.35196420266161493,0.2730207343686578,0.18894736242256424,0.20308110147547484,0.23008946353563112,0.196568319418248,0.1580242242887658,0.17959902978558615,0.18312493989081702,0.3249599781603557,0.19616157100333517,0.24901185652455388,0.14551475314430623,0.14977122713206906,-0.02724609934482642,0.2317599026887243,0.27619363790277,0.2047676487099164,0.3017973148189638,0.13361869144446625,0.1945523311962913,0.30284706734531763,0.15065176698029387,0.24336229639404766,0.11411976320895245,0.19483866017457702,0.19410026260690078,0.16957745117880874,0.035787675321924665,-0.005975808596254192,0.37155297262986625,0.34025693386178096,0.009400383666954023,0.09349085459093999,0.07016751714497661,-0.21530925218886207,0.11290812891729661,0.12360300094513335,-0.08781840134382664,0.024822648643822626,-0.008187287150289409,0.022159246267212954,-0.012450215058526738,-0.20679870359083088
0.17467424038573676,0.05796873808334042,0.25808197782625564,0.09994528642416385,0.10025426119138642,0.13005704611720154,0.09219884862426311,0.12027770735641401,0.12225719786223682,0.17396581446893422,0.1353496947295987,0.15478271558920656,0.46001015243333837,0.10934046709334122,0.13919201250694252,0.17152404481102662,0.17081344198005108,0.1799862650127632,0.07752837093154899,0.09325155522738068,0.12359999079800656,0.19767540994386565,0.13426950268839244,0.10536093894909579,0.14011302097099113,0.0840809722187836,0.1516840348791227,0.13696796574898298,0.2905585519184142,0.0696778678682669,0.12746539034128773,0.15559406522998023,0.07640621843072448,0.1763219064590951,0.18766544783727726,0.14831152391662855,0.19633296511224888,0.053450143174296985,0.18700552438502804,0.09174238472550139,0.12202857705317834,0.12192466798965539,0.12254569785083042,0.07788575479808277,0.013940606891814528,0.23830646956139248,0.23970567115432864,-0.009061836415096093,0.14298356372108906,0.07476410286680055,-0.03188570096296648,0.00835147176695265,-0.04179595778324041,-0.016796860799116894,0.0681135831110314,-0.05391691972306339,-0.01615705793773991,-0.03586399204006963,-0.03291864572615674
0.40859009098075166,0.04290060400341038,0.34238309345955986,0.3281131741138958,0.2747680173798817,0.31760716544442674,0.22294495399637723,0.3668986796151183,0.05215042222565019,0.29800172891134924,0.24059815136226356,0.31200578571111065,0.10934046709334122,0.7822308274089382,0.33257295508836143,0.46117574160449437,0.1810195229914598,0.17729677271421068,0.20361875404861193,0.31311585802330083,0.2068119173672153,0.2177105576574984,0.1801194339234175,0.22530808147618012,0.32924083406960303,0.36536011238388016,0.2704977703737359,0.1912203250812348,0.3098418011386042,0.11023209468936802,0.22599820045430438,0.4888013282797445,0.23194583030719215,0.38394310776883084,0.20500564853029518,0.18655715862645392,0.4136686830256398,0.20863212561242084,0.12456505358839415,0.11616879341545826,0.3556211777247326,0.21761695259317715,0.22883546802649765,0.04095857677193483,-0.10041898031390917,0.38370477603540376,0.5536148515024323,0.03243600353245873,0.7169089649244528,0.1572474968613708,-0.14570989402736287,-0.027180423952593753,0.10577334465839737,-0.044727517710193655,0.0724029323799221,-0.17305218384833443,0.36290351811246774,-0.13477996085159719,-0.0413907586134764
0.4446391811357588,0.2673142697126678,0.453922197176755,0.1984120701464178,0.3258366728376366,0.35155463641291174,0.10024147866392799,0.3044712318437864,-0.062312060856024504,0.34618802451040165,0.34683138846886835,0.310262574124381,0.13919201250694252,0.33257295508836143,1.3391868323030023,0.21510824809894005,0.20088879491819703,0.4123596174670213,0.28122781171233163,0.28536253772263026,0.24215770317375265,0.03397457148531121,0.17722535245524418,0.20519640001661404,0.4276409998220838,0.11161589639088658,0.22589645042853462,0.26787536234820425,0.3713327165507435,0.15630817630351915,0.28120269576978935,0.26389533071676763,0.26092622076287636,0.32454775749514186,0.16960025408022442,0.3065035684185624,0.3733590589608128,0.1577560509364565,0.2884364736051159,0.10720308292821246,0.3367318897848259,0.23603565523091585,0.1320863679797542,-0.039846241196859554,-0.012585570972244527,0.5766403774825994,0.40372318366273746,-0.004230165925885095,-0.0440341671031759,0.21298345957490966,-0.11164245747727236,0.21707114064589866,-0.12260492934344801,-0.1697447550117682,0.2447584173846842,-0.13001333518268363,0.19526771801279677,-0.2310000737591003,-0.008671214555037915
0.28022941457492,0.04871529640906451,0.2849869506357512,0.27883116128341395,0.2624190441768843,0.3002418335472379,0.2097048907184768,0.2769567147901329,0.013344551666618111,0.2251031327336117,0.24907359813209481,0.35196420266161493,0.17152404481102662,0.46117574160449437,0.21510824809894005,0.6394344867659721,0.28752450737627167,0.12970076843918127,0.21704747456919696,0.3124177805345211,0.2122413162190225,0.2688919573448458,0.07470471403568783,0.18976197530157837,0.3178542624759345,0.2868246521723756,0.28090223336158365,0.23088327586880802,0.33676488005875044,0.1157137014682997,0.21849026526339352,0.35106737609341965,0.16970944572891664,0.3082700310364345,0.2680980651500725,0.18092708028059215,0.3838497089869554,0.18855821685749083,0.17816545711549941,0.1468309397702498,0.2905304930861661,0.22135283491409738,0.23399898125384794,0.045167758819974646,-0.0029935504326129713,0.3308691442073445,0.43784380235530684,0.02207359261488947,0.37074316494210063,0.06149886760210477,-0.17711438700796742,0.07527606141275398,0.06282121968141757,-0.0006191140071166041,-0.0005163313951927689,-0.06551034078444803,0.0465735575888782,0.006541779256735567,-0.042897507649040496
0.10594794301643422,0.10710825315943519,0.3432148539342021,0.1720547360833401,0.14346814299910907,0.2475410110468583,0.15537069379079574,0.23844561421978522,0.06957155850501186,0.18384427960523872,0.2783976575033403,0.2730207343686578,0.17081344198005108,0.1810195229914598,0.20088879491819703,0.28752450737627167,0.8875765274865411,0.05790320997371968,0.18292010444247803,0.46757152383330824,0.3665082169367636,0.18064720163156472,0.14246632781614493,0.2341543594178641,0.2430562982640808,0.2256215988794691,0.24433077399382938,0.5853592130228801,0.14825071785152139,0.10982227221189267,0.28140761038711815,0.17238148375773754,0.43924612341955577,0.29696205330597353,0.40697543955462967,0.1812881777504413,0.7504865233257689,0.27000540557957975,0.27815503192165214,0.24343387275677153,0.32179831614869525,0.415084598673036,0.29998230068584036,0.016152632848797595,0.15230263580314063,0.43121176282208834,0.5813204619806963,0.06419435240840654,0.10761844606920314,0.28934407236122883,-0.21281399936311948,0.06841192278692762,-0.09780183235983764,-0.11417834703771441,-0.17946394257945167,-0.05749707267310993,-0.18551255573328268,0.15374464005538524,-0.07592561414523083
0.39313614822884413,0.22567903568128272,0.41134263616939,0.14148856268614404,0.17641925752386098,0.20917454287971807,0.27528465556906484,0.30796326240691374,0.09749552812818255,0.28489995047921873,0.2510738136104107,0.18894736242256424,0.1799862650127632,0.17729677271421068,0.4123596174670213,0.12970076843918127,0.05790320997371968,1.1552995667710462,0.1869912954332514,-0.10281265232416763,0.10518593559558513,0.16456691411293953,0.5542295696723482,0.056721647119503706,0.22634652687033105,-0.04936309062989128,0.16399170207813543,0.19030373723848612,0.25240913926114406,-0.021029038926646204,0.23976867192533247,0.15595199879589033,0.23724578442376157,0.2199020144334511,0.022315831339757303,0.2567233081513225,0.28253478895507556,-0.027395377210873435,0.31179527587271155,0.09405839411809534,0.1441138803105139,0.07190537081918619,0.1660122643019102,-0.006313840691782466,-0.012480257540204976,0.4092362751026241,0.272540899286843,-0.038567631273974695,-0.022035459914480825,0.5287826514239502,0.13984761218654773,-0.13532433182125525,-0.40887914576196077,-0.22242023500391545,0.14935284789470116,-0.06554990594611051,0.12244408666763759,-0.03961108740328814,-0.12457899411043183
0.15321820072026524,0.03499542006101195,0.15739742307702428,0.21920321717186886,0.34871152840084774,0.33025491614534397,0.1144144813595766,0.2641854074683399,-0.09404059079826892,0.09765521918488396,0.1699482778393534,0.20308110147547484,0.07752837093154899,0.20361875404861193,0.28122781171233163,0.21704747456919696,0.18292010444247803,0.1869912954332514,0.6313246184276966,0.13872727826693917,0.14159013319304367,0.0799562418501166,0.018594763695229864,0.07159322230278002,0.18293052484633732,0.038525878334824105,0.13084952997749802,0.23220727842165437,0.14672840346365496,0.1611639695843558,0.16440358782538622,0.16991099963676695,0.22561118208393854,0.0419082919264889,0.06157429115965504,0.1969809494189306,0.2202497341108487,0.12290334152454084,0.2107689851309635,0.07517136812442611,0.23655610911406055,0.13265074777014066,0.07308946693485055,-0.013150458700788311,0.005438320066968194,0.33295372229984216,0.11512351726215725,0.012726737148113112,-0.2084140731860814,0.14952549343652205,-0.010531003398362977,0.18665223547066379,-0.24485354968807363,-0.08759585697982113,0.011319155673854702,-0.11498616834033554,0.042405677505140696,0.0005907669551929318,0.057738460089321625
0.2058765826039883,0.11872749837779961,0.37549441270755796,0.21170438533394126,0.206903476743986,0.3827494638804994,0.0924353966798949,0.4374144342596053,-0.01879191731483274,0.3057232357061698,0.2887798994805424,0.23008946353563112,0.09325155522738068,0.31311585802330083,0.28536253772263026,0.3124177805345211,0.46757152383330824,-0.10281265232416763,0.13872727826693917,1.4988594717119335,0.3393385000025484,0.12183507860903019,-0.10705926063430621,0.3299895315519413,0.3033537714573258,0.1727070801931215,0.41318619353704705,0.39055226875930443,0.25289125358065073,0.48977298750513665,0.3814632167146255,0.2990413387048199,0.3249064755143677,0.4034020424735131,0.40924198754660834,0.2195946389591725,0.9059925178977281,0.6973508648913382,0.5390506793854526,0.3374974200440614,0.3161299326041067,0.3540634696344545,0.5294935482429929,0.25235107011338637,0.5202257992878119,0.4633800630104472,0.5062741122062762,0.05714907091295335,0.4208731547452779,0.1389718652321622,-0.5996522809058452,0.30849421180039993,0.233054926370706,-0.0650923293800822,-0.008910862513455024,-0.22076907195868528,0.1941809084981233,-0.046282322405338895,0.029813582436967308
0.206893708687905,0.16683602263930258,0.31639183301724955,0.15387510338344712,0.14737701527974284,0.20712892286739762,0.1237544913356686,0.19093761702192028,0.07101380992110592,0.20889948542291853,0.20175195800773238,0.196568319418248,0.12359999079800656,0.2068119173672153,0.24215770317375265,0.2122413162190225,0.3665082169367636,0.10518593559558513,0.14159013319304367,0.3393385000025484,0.6832382963850719,0.16249950014571615,0.06489857901420801,0.1977792358511086,0.19160884825584626,0.34495792107755613,0.1862219907951356,0.22460845683624195,0.1987698426365387,0.140284607918771,0.27683947969627454,0.2070824072231951,0.30996483791532187,0.31289875451304267,0.219236274082961,0.2843343972116542,0.5800209246067829,0.229470234544777,0.20906782844120478,0.2064675487888601,0.42328937677880596,0.5744673403702452,0.30803106985519146,-0.10355993138927694,0.15408482531368148,0.43658911516342624,0.4868713459252797,0.037526587270031574,-0.048696854437717325,0.13348127620133962,-0.09329197927253087,-0.07780820375677418,0.07645208407398162,-0.06185782634081595,0.10436733530253173,-0.044350216720747,-0.1094892644454621,-0.05421471725677217,0.11466965660394621
0.24051753681865745,0.012700300301121023,0.29464362805017547,0.15661914946649352,0.10384106443921838,0.16888538837881018,0.18654021344079516,0.12895119781314768,0.3227775894209624,0.15007299913774363,0.14048782735289883,0.1580242242887658,0.19767540994386565,0.2177105576574984,0.03397457148531121,0.2688919573448458,0.18064720163156472,0.16456691411293953,0.0799562418501166,0.12183507860903019,0.16249950014571615,0.818008481757131,0.2207286291490778,0.16020222146330085,0.15102881874035748,0.2447373328305044,0.1703386360685912,0.12360951066628628,0.3956488778029733,0.0023108969171649054,0.1347906103277809,0.24966401052579293,0.11711164487603465,0.33490599318259384,0.1379082121509384,0.09241352906912917,0.3047610204231915,0.08852182190967745,0.15370383318762276,0.06468873228566276,0.11721167219892818,0.16310058911856087,0.259256543951694,0.04861269362730364,-0.013506795510244063,0.16783729501059938,0.34947321764291917,0.009933547662743458,0.5704104137037693,0.12812031342430927,-0.10463975969830491,0.04002756717697779,-0.009164629916286589,-0.07415110308171335,0.06072022516026237,0.04000569076035811,-0.04850950784957144,-0.026083013526643304,-0.06001195652953054
0.318118054004778,0.10141489149280355,0.31763416487013296,0.1391431733989047,0.1357419883251785,0.17654018572700342,0.2148149377556806,0.17573480590915555,0.14690786270624406,0.25141459345244666,0.1928106853342314,0.17959902978558615,0.13426950268839244,0.1801194339234175,0.17722535245524418,0.07470471403568783,0.14246632781614493,0.5542295696723482,0.018594763695229864,-0.10705926063430621,0.06489857901420801,0.2207286291490778,1.6735581740522978,0.45898481458715656,0.41214136804375356,-0.09380574318076504,0.006679832142962576,0.16001116437796298,0.34297977853566053,-0.0939008015489145,0.10020014116558122,0.06766250687174025,0.371890399888502,0.5776639536795288,0.01051125845614156,0.02674136125778897,0.49659645031855937,-0.09112541958185671,0.41763048717909534,0.1538247388788513,0.10725793665665118,0.09557481500282697,0.15176758854282899,0.07585630975675393,-0.36627395493152665,0.4159749049555203,0.6051309602602086,0.0710475425159918,0.4950742336229668,0.38543658735514774,-0.2538390115463495,0.010801584118600658,0.08074156454712526,-0.2294311537171471,0.08595489607151013,0.04478973367258535,-0.025649719378121116,-0.08561521580225115,-0.03516983462353122
0.23295592700071333,-0.014575426985924178,0.2896334265615371,0.18273416610809312,0.1320354338957622,0.19556679333618637,0.1426113245501716,0.17189655802247295,0.09859695002177388,0.2438829914180097,0.19572519044358047,0.18312493989081702,0.10536093894909579,0.22530808147618012,0.20519640001661404,0.18976197530157837,0.2341543594178641,0.056721647119503706,0.07159322230278002,0.3299895315519413,0.1977792358511086,0.16020222146330085,0.45898481458715656,1.1613504516204927,0.28968938434502833,0.1266875237906617,0.10843189785606996,0.22516244697041482,0.23969925165965147,0.12039941690227832,0.3149533545690844,0.16912823859531886,0.3099464602639959,0.34184998347632534,0.1866912611439642,0.20530834507534315,0.47160704961521305,0.18181147410208387,0.23847933856103834,0.15146737384398723,0.32813276926058943,0.21050838374800027,0.12206004874694198,-0.01998682012398025,-0.1544676976655161,0.4380658360849882,0.4270517892506295,0.030175942035683197,0.3721898481510681,0.04702952905358264,-0.30501878111239555,0.11225124610615714,0.26121842233183185,-0.08213671066431837,0.164367360232034,0.058767272385611545,0.09415110230761949,-0.33075923017689485,0.05663935927633318
0.3838338063399169,0.16159103282922122,0.4091712256623208,0.2201875822682962,0.20082194287458888,0.3305925906800777,0.22186481921775808,0.37125536200799164,-0.001271508156537223,0.2758899657157179,0.2738454271652962,0.3249599781603557,0.14011302097099113,0.32924083406960303,0.4276409998220838,0.3178542624759345,0.2430562982640808,0.22634652687033105,0.18293052484633732,0.3033537714573258,0.19160884825584626,0.15102881874035748,0.41214136804375356,0.28968938434502833,0.8206340350000658,0.15902491872812977,0.21754141382960004,0.21742214408876134,0.5097704223904962,0.1309372359750363,0.24837484603353402,0.25708393129367707,0.17547230772957442,0.4686092937413719,0.2577634193908658,0.17977581705849788,0.46901444146295795,0.1898706315528664,0.3233684930766942,0.14249674002709956,0.25425757751816447,0.20744356047077303,0.18701943942285915,0.11010362638319802,0.021050942116939145,0.4910803423613486,0.5314457115223773,0.019586246544805036,0.18023587759388685,-0.21879352854867806,-0.3045312103440062,0.33223675321394036,0.1376794169575747,-0.03211957090751867,0.09995196274104534,-0.03248320083236209,0.14295795633073569,-0.11119103155308836,-0.10026575487228268
0.13885691561202182,-0.004507624500241397,0.35175943042784524,0.27797826860429664,0.15682352055951831,0.20704108425219936,0.2745038843531773,0.3133705266386151,0.3694989236601274,0.13347787916001086,0.23880319005008693,0.19616157100333517,0.0840809722187836,0.36536011238388016,0.11161589639088658,0.2868246521723756,0.2256215988794691,-0.04936309062989128,0.038525878334824105,0.1727070801931215,0.34495792107755613,0.2447373328305044,-0.09380574318076504,0.1266875237906617,0.15902491872812977,3.3973530365975857,0.1317093572490135,0.14178457676091838,0.4229847410323991,-0.33977955483714267,0.08378003704746977,0.5360643926712223,0.2860302526809276,0.6202944120060785,0.1585164681836894,0.26040281667547793,0.5534630611639717,0.2013083494061072,-1.4510452645339214,-0.17742081370673907,0.7364422518884469,0.3911233250889854,0.21403110986069276,-0.34831043234395315,-0.7536001121211862,0.34371558966228016,0.49344337517801334,0.1362328607136169,1.9521353165334356,0.10234403455223667,0.27422076307869814,-0.4836373688856526,0.015688429051001793,-0.01151354239096337,-0.07021384289105455,0.12666346463854597,-0.2194628441097093,0.12845137936997622,0.07140209914705191
0.22713284128258662,0.09510584061871272,0.2861451793075041,0.1638518552174421,0.145105432547293,0.22104254109918908,0.14931549164513125,0.234693541167554,0.044598046726714434,0.21063545870996725,0.20494827092134002,0.24901185652455388,0.1516840348791227,0.2704977703737359,0.22589645042853462,0.28090223336158365,0.24433077399382938,0.16399170207813543,0.13084952997749802,0.41318619353704705,0.1862219907951356,0.1703386360685912,0.006679832142962576,0.10843189785606996,0.21754141382960004,0.1317093572490135,0.8984881386579369,0.2328454575211707,0.046323947918456225,0.20562275203694078,0.27939189601083936,0.2781201094201399,0.1677203667721291,0.24967133956051288,0.25686812164934136,0.31684020813345737,0.34995788642807296,0.21960556673682136,0.25372381876407785,0.13357670178915954,0.15577045187114272,0.19143080688106903,0.45367620172114853,0.19502842283327024,0.1253672985642432,0.23276538517122822,0.2598425122288059,-0.04250115493563987,0.3216831923224084,0.08749772743713027,-0.22440593029725042,0.16654879605946266,0.028688638307727964,-0.04222242646975013,0.015784242130602543,-0.08678504485105563,0.1408751382792809,-0.008423737921667968,-0.0791274945619471
0.11885995481376838,0.07039481049989647,0.2983611235983641,0.13683351492701198,0.10787610195736386,0.24511350344010724,0.08793160310419385,0.2687611301037063,0.036060503604747746,0.18322990240434,0.22387120509392527,0.14551475314430623,0.13696796574898298,0.1912203250812348,0.26787536234820425,0.23088327586880802,0.5853592130228801,0.19030373723848612,0.23220727842165437,0.39055226875930443,0.22460845683624195,0.12360951066628628,0.16001116437796298,0.22516244697041482,0.21742214408876134,0.14178457676091838,0.2328454575211707,1.5404898511023803,0.09406571088302348,0.16273375609794377,0.2696678045143057,0.17991695816608216,0.9016214035110148,0.02921991651252702,0.7488601246541208,0.03801582637228047,0.8903537097565369,0.23533489325838122,0.25600580187600663,0.2849451249659668,0.2974318366123021,0.2237588819922654,0.2623194356832149,-0.07403144689120467,-0.09056554012375931,0.43794081385289835,0.4562106533621971,0.11810214670427172,0.32927440078617765,0.3857451216540532,-0.3676713953012449,0.6122946911561166,-0.5847213895682088,-0.10467011329265141,0.28581892746121823,-0.15609657412575134,0.028492008475744866,-0.278619804007075,0.3907762725185196
0.39299751786339865,0.10484312460577147,0.46126545445369393,0.1838286398641306,0.17916791803663737,0.31281187803973654,0.10037758936332235,0.3175805711643823,0.12470732379070452,0.3250728788032396,0.2131721529003435,0.14977122713206906,0.2905585519184142,0.3098418011386042,0.3713327165507435,0.33676488005875044,0.14825071785152139,0.25240913926114406,0.14672840346365496,0.25289125358065073,0.1987698426365387,0.3956488778029733,0.34297977853566053,0.23969925165965147,0.5097704223904962,0.4229847410323991,0.046323947918456225,0.09406571088302348,3.643502349719233,0.415365924712555,0.08796304183474338,0.3212258208505846,0.1726467012180136,0.1678742442037197,-0.05403470744268459,0.3335448463153278,0.4712142133264638,0.026529106122966026,-0.003785364244941405,0.10867663167699074,-0.02477356822063152,0.18476838828570105,-0.05424164242957075,-0.40191920000593323,0.3440569381435648,0.6146250540249661,0.9994459353957431,-0.1386198929453264,1.210114673929118,0.0393572693269753,-0.16818274118236667,0.3506772477379611,-0.23022979909487615,0.02235851081904299,0.27980277715323,-0.1950466036826133,0.09015735819468462,-0.20381674359126992,0.05751572843402059
-0.01747124530937908,-0.03835089461286652,-0.2873421250932014,0.10629067412179123,0.22285615613798423,0.029740035134088624,0.0851042978088875,0.10873340581753796,-0.05541137072538689,0.09604428463379575,0.06005219875059385,-0.02724609934482642,0.0696778678682669,0.11023209468936802,0.15630817630351915,0.1157137014682997,0.10982227221189267,-0.021029038926646204,0.1611639695843558,0.48977298750513665,0.140284607918771,0.0023108969171649054,-0.0939008015489145,0.12039941690227832,0.1309372359750363,-0.33977955483714267,0.20562275203694078,0.16273375609794377,0.415365924712555,2.655566081116238,0.19752044939604557,0.09301838190110348,0.17536180695480008,-0.7936140320507851,0.42142866831996445,0.5682509926804854,0.22824285294519295,0.31419989859997116,0.697620468682193,0.3429092405416295,0.524846976555169,0.1552883919732121,0.30009323175037167,0.3327701697508959,0.4089293679959247,0.28324583465360464,0.08082063993064947,-0.11603053266497662,0.45963511772539356,-0.28044160726782363,0.09015578234847603,-0.3437898917393836,0.2832934127979085,0.21410185003811105,-0.009226368441502064,-0.23405681660836947,0.19283179631062922,0.1612354166724829,-0.10853454990028157
0.2733110872728265,0.09467984285895614,0.3529158161926169,0.1579207450404291,0.15046219885201545,0.2223075546491799,0.1738539319595757,0.24067681676774907,0.05080120164001897,0.24546027941408283,0.24400867346992453,0.2317599026887243,0.12746539034128773,0.22599820045430438,0.28120269576978935,0.21849026526339352,0.28140761038711815,0.23976867192533247,0.16440358782538622,0.3814632167146255,0.27683947969627454,0.1347906103277809,0.10020014116558122,0.3149533545690844,0.24837484603353402,0.08378003704746977,0.27939189601083936,0.2696678045143057,0.08796304183474338,0.19752044939604557,0.7438064894873151,0.20415084234062025,0.24495280062364744,0.2558050314494192,0.266063446443916,0.5183973535954264,0.6449316635523219,0.28407848084330717,0.40651688258176255,0.18630130357021885,0.4727893432950007,0.26868179099867984,0.18132827573373628,0.04631144034883165,0.17248554320009024,0.6282814509164371,0.35450322009907653,-0.04290597527560845,-0.24726880135187232,0.21651684787030923,-0.19110955837551022,0.10469171457975017,0.004398813659401319,-0.13819328862711713,0.12516938021592636,-0.02663070996653333,0.10848440271960817,-0.1658386318653238,-0.04918200310370644
0.3673302658138155,0.08448154912103144,0.3117244513248092,0.22917437028029455,0.2053634324719771,0.28388802984918765,0.20934950833913335,0.31614007869004873,0.10232559689102655,0.23821702930836142,0.22361524478992098,0.27619363790277,0.15559406522998023,0.4888013282797445,0.26389533071676763,0.35106737609341965,0.17238148375773754,0.15595199879589033,0.16991099963676695,0.2990413387048199,0.2070824072231951,0.24966401052579293,0.06766250687174025,0.16912823859531886,0.25708393129367707,0.5360643926712223,0.2781201094201399,0.17991695816608216,0.3212258208505846,0.09301838190110348,0.20415084234062025,0.7516295969220002,0.14327579081361735,0.27249979516519124,0.1533159595450423,0.25311178969560666,0.23463888036169908,0.2160779797239034,0.022995842882136765,0.09755466295522494,0.30688220001969246,0.20876231269706702,0.15901042668670465,0.029872680432691635,-0.016109503049242115,0.3910394115746272,0.47383868053661754,-0.0008008955860413911,0.7906603933208527,0.05379411310999813,-0.0838951846346091,0.13384702065823104,-0.12449024134097482,0.022132012808921825,0.11916401271647308,-0.20959619995809947,0.6858031349731941,-0.2154039108427709,-0.2997764565694405
0.1824919831520176,0.006250929625993288,0.29810462023773454,0.1760700782660454,0.2050601049472095,0.17793362113379627,0.1637521310157154,0.23393712966039829,0.06540385388610293,0.2200788805449751,0.2019282622762915,0.2047676487099164,0.07640621843072448,0.23194583030719215,0.26092622076287636,0.16970944572891664,0.43924612341955577,0.23724578442376157,0.22561118208393854,0.3249064755143677,0.30996483791532187,0.11711164487603465,0.371890399888502,0.3099464602639959,0.17547230772957442,0.2860302526809276,0.1677203667721291,0.9016214035110148,0.1726467012180136,0.17536180695480008,0.24495280062364744,0.14327579081361735,2.7820324948109594,-0.47997298734825555,-0.5573548936192889,0.18891336937427958,1.1236287019803524,0.25539347088268066,0.005444388591473121,0.05752960701133395,0.27312388627628775,0.29162734422052544,0.19863331157431813,-0.6747516010200884,-1.1165313737780798,0.8379923210843997,0.48092723555987404,0.024627626464248733,1.1238946057625765,0.5479705150056544,-0.23440665334215022,-0.12132455177651645,0.2748198871910598,-0.49162388088497266,0.21173549075608636,-0.19728803535072542,-0.13061020483553848,-0.1742281218428415,0.40195842635730145
0.3687064458483032,0.215731677357362,0.7482563091535516,0.25172697751292405,0.09672634994893295,0.3258509297915492,0.1567474689136927,0.38285424213115576,0.1764195919625408,0.4459568257875933,0.27175451858490096,0.3017973148189638,0.1763219064590951,0.38394310776883084,0.32454775749514186,0.3082700310364345,0.29696205330597353,0.2199020144334511,0.0419082919264889,0.4034020424735131,0.31289875451304267,0.33490599318259384,0.5776639536795288,0.34184998347632534,0.4686092937413719,0.6202944120060785,0.24967133956051288,0.02921991651252702,0.1678742442037197,-0.7936140320507851,0.2558050314494192,0.27249979516519124,-0.47997298734825555,3.2469394944735432,0.6034919775392411,-0.1296119667225081,1.2119611190094008,0.25131773015347514,-0.08238315122992848,-0.20797125430179803,0.4741226599941461,0.41252924547939773,0.43029151495286855,0.44481630617408396,-0.192334115586292,0.20419008008921813,1.2399665444681003,0.26136047012371216,1.2565593571746019,-0.019828901168971628,-0.2516806230592152,-0.02815864081856374,0.39582646006947925,-0.2725337624068907,0.023617057985586724,0.0861438168379005,-0.3224269699255383,-0.16754633958346937,0.4486522917474793
