2.1433494200453485,0.6088580965335735,1.0719764993764265,0.01619693773593052,0.1393529605604954,0.33061431547098274,0.4732701784003203,0.4205152447233658,0.20504857066024484,0.3441977384448556,0.3375919696176302,0.34694005448897774,0.17386310966028112,0.4130043312838069,0.4235355820274064,0.29924884663252643,0.12291172836582001,0.39284883017199734,0.14808810532393998,0.16439004838241425,0.17682143467282926,0.24310207779935541,0.2900244411771787,0.19454586961355602,0.374127983136031,0.2641582504546584,0.2243987121676647,0.08315914355957742,0.38362411092438387,-0.030839209674051286,0.25734105085450626,0.4081516494913216,0.17422217775585996,0.3504834256193245,0.10716857464120375,0.27141465479856564,0.25035159912418614,0.14382259296483937,0.2969383779308556,0.06156326915831612,0.21996662483075674,0.1778736229473133,0.156112094080677,0.07423345155568488,0.03774811140171223,0.5519847877401984,0.43426886907944573,-0.025804689862304372,0.3881713108871104,-0.040608378272412364,-0.12392467919358216,0.09205230331594635,0.1262059655640855,-0.047029640678751476,0.2700194687580136,-0.047818292844495756,0.5601101325785038,-0.08506145528085243,-0.6660741911398793
0.6088580965335735,3.977918359551599,0.42452056696022716,-0.3687335885957242,0.014188858513552106,0.22422516110662286,0.021906830538749738,0.2395490533082391,-0.013265458807624484,0.14545029018499675,0.11363944248499627,0.13852534839613445,0.077153736492401,0.030281369510851745,0.3127686319369876,0.058742950488707486,0.1503297032872594,0.30811676358542334,0.052218903983363534,0.07446882985909362,0.19738347436858034,0.012461910301188348,0.09304056246152588,-0.058801911378965684,0.16902276898353272,0.11388792440695673,0.09030254236428881,0.1503779406100827,0.11244755939610221,-0.06479567311432788,0.09098016111037888,0.09475308154163993,0.02604693949822284,0.23949660803210593,0.016705404855787212,0.07388116651779497,0.14166793286402599,0.056617734242473364,0.12652523711362396,0.09725554663182846,0.13541459512458834,0.14365207435137992,0.08393119561500562,0.1411855517113301,-0.05813335972691949,0.10841680359138459,0.13732406697167235,0.016327990628078833,-0.053222849969558006,-0.01735424725384675,0.17654524544716957,0.11809627847965531,-0.42754982521244533,0.04738483694085698,-0.6671292043709472,-0.008234495084354396,0.017484971587230433,0.5884006694856738,0.008331224538604484
1.0719764993764265,0.42452056696022716,2.3085831731111415,0.08234513636683959,-0.3035399237944185,0.448769675236047,0.3448183781009687,0.6881900551250065,0.2880594382533078,0.5792991767544825,0.4451346445884258,0.3739739460876315,0.24900887083907391,0.3253042277346651,0.4047245439897261,0.3057521055585148,0.3594098362440431,0.4349603886139148,0.15428649758662524,0.33572058640572194,0.28994438616917934,0.31312129126116234,0.30156154515905115,0.29431472033538436,0.4108872019565438,0.47219823934139055,0.2808596971330045,0.33985085944347043,0.4457584474955095,-0.34183714685593886,0.35317317277689686,0.3752053533174703,0.27038492572833567,0.709198531708558,0.18607748376800812,0.3335131649101982,0.7359859147023562,0.22893508530134785,0.27273410259306136,-0.013508957959076326,0.29491411598002504,0.3024461105987165,0.24527245789539753,0.09787905556630992,0.16979934241310118,0.683021760009584,0.6670027548800687,-0.011996838727014722,0.16486772475644185,0.16705560228337055,-0.2997003364244136,0.48843226369108483,-0.1701703538242599,-0.20669070386807845,0.37026290489399477,-0.07347832521483551,0.22780248296049496,-0.3635638181597623,-0.16155457203600512
0.01619693773593052,-0.3687335885957242,0.08234513636683959,1.336653915169345,0.40379071505768543,0.2641794347480115,0.3505908476017862,0.187639143202625,0.05244456296412533,0.11978422637909963,0.1938785765025204,0.24609178202121765,0.11466246057466067,0.31253298068618396,0.25382478250296053,0.27505898554568864,0.1426609408048751,0.15079095214883137,0.17838693423606383,0.15128685444096138,0.15501372308466693,0.1541748322893249,0.15291066686909696,0.197638932250481,0.21777317628979911,0.3322975936926868,0.15219325523120888,0.10440668281700861,0.17428004557283489,0.0935401904503665,0.15406224908181568,0.23414116920912448,0.16184167088277857,0.2539077190923674,0.15397063562535684,0.16948489672110828,0.16995999395885233,0.10557810133977602,0.12948430393227847,0.0876385218200875,0.2601234331439156,0.1682193203676739,0.11627976721286273,0.0378862731134988,-0.18560046672309166,0.27492856812314637,0.19276160231484246,0.02423495279292803,0.2763685376027044,-0.013585094835904131,-0.08226711041232447,-0.09528294144723161,0.20408430697469526,-0.0028421384519242035,0.039110254820306826,0.022278777438088006,0.020388979344617465,-0.07157272076043161,0.025067553407585395
0.1393529605604954,0.014188858513552106,-0.3035399237944185,0.40379071505768543,0.9154678982927217,0.3361835925730144,0.1596131312562497,0.08087255938969522,-0.013807881895008554,0.0797060830151997,0.15234884960221928,0.22297566941533803,0.11386725355427663,0.251784277259647,0.3608985718261342,0.23559835843052937,0.07506345798820138,0.1437719933224573,0.2821407431361337,0.15129628250457022,0.14334173137357217,0.08922504242905999,0.13782712135851122,0.13513761001222324,0.1968047147456271,0.149471715557635,0.12238231684046627,0.016371159514775174,0.1762607862776422,0.25786260967705965,0.12650591878875175,0.16948528101682864,0.16319069058589164,0.0992538550891225,0.1332735661874556,0.16041487060625081,0.03827401112979909,0.10577738321466132,0.16796703218160844,0.14859973112904734,0.2863274287039617,0.15077467065224273,0.06893487681892184,0.00756348875413263,-0.22043780567456067,0.2793878712767075,0.149613181170121,0.03649820362932195,0.08541775565019837,-0.06454719535941607,0.07721983278743202,-0.4481394340619218,0.38196344593857257,0.09213711450586191,-0.04007927911144707,-0.05671356207275949,0.019815707722922158,0.02659449159409624,0.07480712264258693
0.33061431547098274,0.22422516110662286,0.448769675236047,0.2641794347480115,0.3361835925730144,0.6992862940382313,0.11954991558573792,0.37621460740378937,0.06130974415856247,0.2050285764259977,0.26909908851253306,0.3105351070064555,0.15238296633390913,0.29658708395358757,0.4006215262634231,0.28400552904042137,0.25827313617818404,0.24389023443790644,0.3025911970424027,0.33396168593273634,0.21163945748060625,0.16613451619934919,0.17476224194035364,0.18541916537799638,0.3028378048300737,0.2579456117997495,0.20319249769016318,0.27073764603267375,0.2907315876795563,-0.009005008485292617,0.22060937202000522,0.2781059227217175,0.20589045599385639,0.34945389463532167,0.18298714084440879,0.13313508830314597,0.4068078315877272,0.20103027171520685,0.26756668175211207,0.10436990546006164,0.23311793940229938,0.20385139267875937,0.20553262054262555,0.10392956372292203,0.0015935640920004116,0.3883022945110224,0.43118368611379426,0.038758724166411386,0.13072697163774805,0.2905522235960147,-0.5129118134047588,0.3102343696675191,-0.15960180906343013,-0.0621324966360678,0.024655604240062284,-0.09804611246515545,0.1422836973960768,-0.030265770180771177,-0.027768154538486207
0.4732701784003203,0.021906830538749738,0.3448183781009687,0.3505908476017862,0.1596131312562497,0.11954991558573792,0.8772671209976419,0.23342794838642594,0.16604363821896778,0.11076005204753063,0.2962832761007273,0.3065228552384569,0.12081004676744903,0.2332843293010857,0.13343728323616852,0.2630003770472761,0.1760411029795211,0.2456885287185883,0.09459575291539209,0.050301981982973656,0.13498336764985205,0.20405722358873402,0.21182884762358742,0.14204987342312733,0.22311175097642846,0.38595439023785005,0.1624217161795638,0.04510329096043839,0.1205143250986482,0.08238790194506891,0.16614055380142795,0.25466419543380014,0.1686590515790559,0.13594291065020314,0.09320592118718492,0.276804758122142,0.045659568485310074,0.061263439885222,0.1932510829878236,0.07750404541301335,0.18260181474288434,0.1446974674185934,0.101470622333179,0.056799666126993296,-0.1295966510572986,0.3482749195577462,-0.0007995455268618534,-0.02963988859491584,0.30911681074718567,-0.06483594139133035,-0.08293237053043198,-0.035958721645670676,0.25680311112861975,-0.04593919450384295,0.03923037899232482,0.08595745940589884,0.11874104018528903,0.03870468869426159,-0.4078950183453312
0.4205152447233658,0.2395490533082391,0.6881900551250065,0.187639143202625,0.08087255938969522,0.37621460740378937,0.23342794838642594,0.9874386513451402,-0.06693677209181398,0.3317071111563137,0.35063695088222174,0.16397498181147152,0.1620920438538311,0.34840738293208295,0.3335243658170405,0.2973092552519179,0.269444114567018,0.2720993914161875,0.22231262092129073,0.40899362574189363,0.18508768271372733,0.1419275465873116,0.1419249782244758,0.1591108158495427,0.3593834711090512,0.3467929960795094,0.22566823197699326,0.28677269123227955,0.3395898396307696,0.0425693946333645,0.2318166210978098,0.35107923119382073,0.2079686975262972,0.38762844079634384,0.23014485624770134,0.17531267421010127,0.4737219838955246,0.24276811286289263,0.3306157802289191,0.12323980816451309,0.2625403812705967,0.19604323417333436,0.21235309272349778,0.14547830880659698,0.080052890301438,0.44486269337747897,0.5446558837008235,0.028276899084045803,0.3597294868605123,0.03370996150292413,-0.27880411456244064,0.3372064521157421,-0.0610569552106311,-0.0570894227833427,0.02656329517785772,-0.19679120076513582,0.397411131181303,-0.0031369489106404993,-0.1902222162032126
0.20504857066024484,-0.013265458807624484,0.2880594382533078,0.05244456296412533,-0.013807881895008554,0.06130974415856247,0.16604363821896778,-0.06693677209181398,0.8696780516500805,0.012159425904577635,0.06917822664773732,0.02336146849999603,0.12461421564622974,0.08376631769744763,-0.044419506686083125,0.060783457211337745,0.10536588334211436,0.09255147728248753,-0.07997752187969184,0.015836806499155923,0.07619942339440412,0.3365052157301435,0.13896318352246817,0.10085724741395498,0.012957007706015525,0.38952339130520647,0.08163689204802943,0.04825709162787527,0.14663412004281692,-0.0330464115560162,0.0653053364520004,0.15768414024553834,0.07182223726092289,0.18137199391011108,0.07157135078408897,0.05510180088671219,0.15423691766905942,0.028718604557963188,-0.01372303187320784,-0.010409172882910026,0.03969757093413485,0.08539609511421811,0.10701056926683948,0.04047278896926879,-0.04536603239776002,0.03089654158784268,0.14334176870939286,0.0007034929593959297,0.7817407087217325,-0.036095802269265724,0.003985030548963703,0.03422851028175831,0.08586374859810071,-0.047295650851808445,0.06078826894668056,0.12499369746511355,0.06529834846440281,-0.034201798282762,-0.26648837414150356
0.3441977384448556,0.14545029018499675,0.5792991767544825,0.11978422637909963,0.0797060830151997,0.2050285764259977,0.11076005204753063,0.3317071111563137,0.012159425904577635,0.856252047417697,0.23325413207160806,0.24832739745930724,0.17835223672645256,0.30650250896227116,0.3149057409874946,0.23326160647844676,0.19339706375543536,0.25988984798127884,0.0840701406749157,0.3168957370016883,0.20273234524068523,0.16635232910752754,0.2514140809288125,0.26927165572728035,0.2737388150830171,0.12884008522463888,0.20263867344475386,0.1925796480772825,0.3230887119421268,0.08551231866591012,0.2546911680498691,0.23482210241057971,0.2129262541106394,0.4670149746252639,0.24339314175447188,0.19140829249842842,0.5147608854197561,0.1943987166595867,0.27596660165666687,0.14950218319087857,0.3579558783216292,0.21829094304228153,0.19891088599377177,0.03753213000703352,-0.0010793631414986933,0.4513768040115368,0.6301223167540011,0.03737207199107449,0.2396311998261594,0.06847484800724447,-0.09953251033099673,-0.03266375790377632,0.1283447303570301,-0.06330303927242477,0.1805569700828333,0.0023419265638294755,0.14012415451719648,-0.18704714743446144,-0.1014813067724238
0.3375919696176302,0.11363944248499627,0.4451346445884258,0.1938785765025204,0.15234884960221928,0.26909908851253306,0.2962832761007273,0.35063695088222174,0.06917822664773732,0.23325413207160806,0.5687660742206339,0.3302862907095568,0.14047199574131833,0.23555963142116318,0.3287977107997932,0.25113070016778927,0.2844375562493689,0.2290189881021016,0.1527649476177113,0.2889132695221294,0.2015533367645048,0.14809332324715724,0.1894625506910349,0.20546694925263073,0.2718466492245903,0.24995735403573993,0.20431779352518153,0.22975084944701246,0.21913438010281908,0.04060020516061691,0.2443527758805106,0.22709195987506686,0.18755125851815982,0.2879227123400893,0.24516469823454462,0.2084631136104591,0.37242347288489913,0.17829690995395608,0.2745315111512992,0.14282724303240946,0.23473094672256692,0.21177401948495445,0.1627014175548522,0.05887074348879287,0.044651704793407666,0.3965987511770089,0.3452431095298925,0.020701483634445392,0.14418522733390488,0.041329226092092684,-0.15399330629807084,0.13690592075313218,0.0629859665307776,-0.07510225372035695,0.04972876708780537,-0.04825670831056898,0.08999198253624711,-0.02601329640376085,-0.1471880448439837
0.34694005448897774,0.13852534839613445,0.3739739460876315,0.24609178202121765,0.22297566941533803,0.3105351070064555,0.3065228552384569,0.16397498181147152,0.02336146849999603,0.24832739745930724,0.3302862907095568,0.6793245542885212,0.1550784629532889,0.3099958300457407,0.3047344470259462,0.33412644887704795,0.27548078290698824,0.19084837254878484,0.19529020112357146,0.23397257563701895,0.20605030598659232,0.1541170140542486,0.18247140175473717,0.19223886478877078,0.31477303370964915,0.1921098832629886,0.23997942570954645,0.1666009070058385,0.14202813107533327,-0.038694406172582685,0.23737216259471736,0.25346303070878723,0.20798432121211005,0.3293598681057939,0.14507691595454622,0.18695305519567298,0.33288387036137407,0.15334926558899883,0.23465681995812218,0.11450238755991671,0.21877144865482318,0.21187906563118974,0.16903009851374332,0.036679175305942245,-0.030010041776764286,0.36809303780499525,0.3455124661917282,0.019235685772321345,0.05751584815591192,0.07443321021688355,-0.17902335256033566,0.06591472352838541,0.10089713359515055,-0.07727664536175569,0.0453536454376861,0.03152757669251038,-0.03051242697840293,-0.038482447689810836,-0.13690664520186804
0.17386310966028112,0.077153736492401,0.24900887083907391,0.11466246057466067,0.11386725355427663,0.15238296633390913,0.12081004676744903,0.1620920438538311,0.12461421564622974,0.17835223672645256,0.14047199574131833,0.1550784629532889,0.45371743345264076,0.10782685203860863,0.12098387941390727,0.16204024106157425,0.1802947736939405,0.1794288216795663,0.08485440723621206,0.10901411475308759,0.12327121945237876,0.1952754594201697,0.13506816933310486,0.10787421463201141,0.14504604778691144,0.08308306264486504,0.15295600258280065,0.14724161145567058,0.2894604871599841,0.06753260306906092,0.1294307801210097,0.14969806960048967,0.0793816162326448,0.19036328778631204,0.17894676512709826,0.13871516104263312,0.22035774680414597,0.06502433261773016,0.18775116627078423,0.09389198738196108,0.12056772757600805,0.12568700331805113,0.12999215868562558,0.08024020017656154,0.025247040708381838,0.23431091029316073,0.2536821368690891,-0.004384486104519085,0.1507287500778402,0.10517278008357495,-0.04039408931791529,0.015071993351453697,-0.06068950610561489,-0.027330148896684094,0.045654528416488004,-0.05006308940941912,-0.01450842867850104,-0.017480386811791405,-0.036423729809545884
0.4130043312838069,0.030281369510851745,0.3253042277346651,0.31253298068618396,0.251784277259647,0.29658708395358757,0.2332843293010857,0.34840738293208295,0.08376631769744763,0.30650250896227116,0.23555963142116318,0.3099958300457407,0.10782685203860863,0.8286125572450928,0.35760833400326525,0.448273790321012,0.1724282392321956,0.1435150482934974,0.18734191344319323,0.33922453417202314,0.19956215471874922,0.21133363869234126,0.15268804753209156,0.233624943608854,0.3344563020364522,0.31670829293039293,0.26899344252760393,0.1865062816424213,0.29927232459517966,0.12641076811324164,0.2371455500471959,0.5002122547201125,0.21544906760066804,0.4036834548892816,0.23995458579577986,0.17988999704757994,0.40450760637763644,0.22381275964447467,0.14165781694634727,0.11571183341618767,0.37474641309770934,0.22304476318733474,0.22088834579811895,0.04795227285372125,-0.0913663535639764,0.3840361078214996,0.5694000918415887,0.0361125113936645,0.7372689192785293,0.04452698925763932,-0.1271501193844495,-0.06536609698963528,0.1520862869205384,-0.017546785063579203,0.07867565298851116,-0.09239562981090026,0.4462521650034008,-0.12191510506931523,-0.1767930496070697
0.4235355820274064,0.3127686319369876,0.4047245439897261,0.25382478250296053,0.3608985718261342,0.4006215262634231,0.13343728323616852,0.3335243658170405,-0.044419506686083125,0.3149057409874946,0.3287977107997932,0.3047344470259462,0.12098387941390727,0.35760833400326525,1.3440060709314274,0.16010788929236316,0.19672850675865564,0.36786261955111477,0.2873986562734197,0.309826110050195,0.23282118661406775,0.004571312829769923,0.1336323807190111,0.2073619011325462,0.4261451837915449,0.07803062507006002,0.21101339342926723,0.26179255761270925,0.32713963057600615,0.1671816034130736,0.2785361137101135,0.24658688514944005,0.22464307101762584,0.3243862575633762,0.15816049010628783,0.28346161870148084,0.3293489301764839,0.17351278981183935,0.2993432315471319,0.11858903278158316,0.3464262803699789,0.22981035933726623,0.13139957893447185,-0.019247753799915685,-0.02657086443056388,0.5540790121729606,0.3776344001653216,0.003743257209247896,-0.058093848806734336,0.20046657446497276,-0.10388626476651054,0.14730449442620366,-0.14949409334262448,-0.11283974267515072,0.13673334992193012,-0.046726343397496935,0.22570346293996738,-0.0968576979608205,-0.15346424628787642
0.29924884663252643,0.058742950488707486,0.3057521055585148,0.27505898554568864,0.23559835843052937,0.28400552904042137,0.2630003770472761,0.2973092552519179,0.060783457211337745,0.23326160647844676,0.25113070016778927,0.33412644887704795,0.16204024106157425,0.448273790321012,0.16010788929236316,0.5970515191553717,0.24973290023449934,0.10987244207507318,0.18881393381111153,0.31065908882394955,0.1959227838033832,0.2667324587618412,0.0724880611443171,0.18766574132223104,0.2944125064513806,0.2539218383901642,0.2622861097215237,0.19834286569340492,0.313940545726401,0.1116943405443533,0.21184413348096517,0.33372969457378454,0.14324547616700115,0.31388355615150976,0.2729178891266269,0.16642419703144867,0.36438081413702783,0.1888058961907948,0.19976734900812546,0.1395694186275491,0.27751743067556967,0.20806435888119348,0.21281056302682996,0.07095488806705623,0.012373503831113745,0.3075481075224187,0.4168422020582826,0.02448731678839518,0.3738029129021432,-0.02379405517301388,-0.17461961888351693,0.04216057532765418,0.11890626439624338,0.014663670982323388,0.026152442190920278,-0.04571766732727736,0.08519384146807198,-0.03150232568488982,-0.050393392083046114
0.12291172836582001,0.1503297032872594,0.3594098362440431,0.1426609408048751,0.07506345798820138,0.25827313617818404,0.1760411029795211,0.269444114567018,0.10536588334211436,0.19339706375543536,0.2844375562493689,0.27548078290698824,0.1802947736939405,0.1724282392321956,0.19672850675865564,0.24973290023449934,0.9024148774370305,0.06852109433891859,0.17646549766687594,0.4509884700429804,0.36184631197793893,0.17079479552594823,0.1192042483061785,0.20676852832448653,0.23715533201692432,0.20932219618785308,0.230469784700333,0.6435582085496085,0.12519007831539614,0.050487392053872204,0.2823333845459792,0.148307700881818,0.40974963142066884,0.3286368837647618,0.3710304651186936,0.15753372545895217,0.8188575255836094,0.2665081001385641,0.2628204540681003,0.22358622161098032,0.2902320694128436,0.3999584628300872,0.2793071847999513,0.017496210426569684,0.19123755641412177,0.3985248894610637,0.5938004731268772,0.06286879350829977,0.11635375827386453,0.44687679935843294,-0.20371278992696568,0.11667327024413546,-0.29162301300987536,-0.17002902767560293,-0.19277377267026372,-0.019226614421419205,-0.18561634599356464,0.16916452074880298,-0.09227003418224858
0.39284883017199734,0.30811676358542334,0.4349603886139148,0.15079095214883137,0.1437719933224573,0.24389023443790644,0.2456885287185883,0.2720993914161875,0.09255147728248753,0.25988984798127884,0.2290189881021016,0.19084837254878484,0.1794288216795663,0.1435150482934974,0.36786261955111477,0.10987244207507318,0.06852109433891859,1.079469687088031,0.1690091910967522,-0.11326987629234644,0.09999082262658286,0.14484072492624392,0.49996472961946126,0.047334739437595835,0.24895565805562608,0.005897043610305953,0.145679552566203,0.19409335897330374,0.2535018605444541,-0.029732350719289015,0.21011812113741785,0.13977127031981545,0.2128880879336462,0.21827978420768018,0.011232198105538034,0.24487700015482738,0.21499499771140526,-0.028104739860818673,0.2605428356298053,0.08476962131074449,0.14100156454418641,0.06351451836345931,0.14691656413046542,0.000631468566575145,-0.053230057893493866,0.38538965172821,0.21958493279361854,-0.033827764189455455,-0.04477139043485686,0.45576782761940093,0.17855388940941805,-0.15730850445904826,-0.38992995653230894,-0.13041047326309946,0.0850871781656302,-0.08580353136628541,0.06701946663258826,-0.006450193737945477,-0.0656039602112941
0.14808810532393998,0.052218903983363534,0.15428649758662524,0.17838693423606383,0.2821407431361337,0.3025911970424027,0.09459575291539209,0.22231262092129073,-0.07997752187969184,0.0840701406749157,0.1527649476177113,0.19529020112357146,0.08485440723621206,0.18734191344319323,0.2873986562734197,0.18881393381111153,0.17646549766687594,0.1690091910967522,0.602491529611218,0.12454499147220008,0.14548043586571197,0.06853865758656304,-0.005185243280408412,0.07179974202878342,0.17838357043973987,0.0515174438003455,0.1172587397798232,0.2389492608751652,0.1328988811339657,0.15094889685070947,0.15485458513867414,0.15398577771719607,0.21926806524338813,0.04842860952386346,0.05110581969739195,0.19030350595493367,0.1837611535170773,0.11416832322265233,0.19859788899776695,0.07053158561690322,0.22931227455748712,0.12727390671671585,0.06526590075417442,-0.015177978287629453,-0.03507441521587224,0.3169697007589626,0.0831463723006041,0.010654565578359197,-0.19564241080890468,0.11768266478268075,0.021611871976664816,0.15965005611938218,-0.24475100994414778,-0.06237570836638338,-0.0015190177557449292,-0.0779593241097285,0.046746912639256524,0.0040665219713278584,0.05425111412466287
0.16439004838241425,0.07446882985909362,0.33572058640572194,0.15128685444096138,0.15129628250457022,0.33396168593273634,0.050301981982973656,0.40899362574189363,0.015836806499155923,0.3168957370016883,0.2889132695221294,0.23397257563701895,0.10901411475308759,0.33922453417202314,0.309826110050195,0.31065908882394955,0.4509884700429804,-0.11326987629234644,0.12454499147220008,1.511897535786518,0.3420888475230025,0.13784099021255064,-0.09580639299006607,0.35117351848716,0.2843924901104864,0.06625910247692877,0.41235154330558443,0.4185471082395941,0.25978510052648196,0.48931454079121184,0.3961315850135469,0.27592488264199105,0.30271783391499885,0.4033577231046158,0.41115267480541823,0.19759100806724056,0.9485138805290442,0.6957005487853493,0.5762482136278685,0.34117786969111535,0.3123934399982737,0.33994632046327944,0.5438575945112462,0.24655591370871005,0.5747879976026178,0.44067498849447423,0.539652705385697,0.05725891539803291,0.42869967535339454,0.15867007218932724,-0.5726442023070822,0.29949482134064737,0.1676110243344313,-0.08861044751799499,0.027651751524557393,-0.15099412085803743,0.2236149295336571,-0.06006156280994966,-0.03500756390747476
0.17682143467282926,0.19738347436858034,0.28994438616917934,0.15501372308466693,0.14334173137357217,0.21163945748060625,0.13498336764985205,0.18508768271372733,0.07619942339440412,0.20273234524068523,0.2015533367645048,0.20605030598659232,0.12327121945237876,0.19956215471874922,0.23282118661406775,0.1959227838033832,0.36184631197793893,0.09999082262658286,0.14548043586571197,0.3420888475230025,0.6719979351896711,0.1520859162074064,0.05958755815379348,0.1917707647008242,0.18732511377971806,0.268251768555442,0.17088104049509747,0.22312186560022376,0.17861665078666952,0.1452289891010813,0.27955502011135996,0.16846774986907248,0.29874706155551994,0.29725119166712355,0.19380759049599325,0.27377003050844534,0.608463223335672,0.22901590597710883,0.23025821998866816,0.20863998634653871,0.40978074799874814,0.5495526911137903,0.2672010986027164,-0.08783707017639915,0.18736991041313406,0.4111799378391393,0.47203201226594127,0.03837919177410482,-0.08985015960425462,0.16460825719614142,-0.07757413474801991,-0.11468253679283788,0.04890883367007782,-0.06891782554706821,0.037140683304647655,-0.027481425826340812,-0.16829925742171004,0.018290820980331773,0.12226533924851384
0.24310207779935541,0.012461910301188348,0.31312129126116234,0.1541748322893249,0.08922504242905999,0.16613451619934919,0.20405722358873402,0.1419275465873116,0.3365052157301435,0.16635232910752754,0.14809332324715724,0.1541170140542486,0.1952754594201697,0.21133363869234126,0.004571312829769923,0.2667324587618412,0.17079479552594823,0.14484072492624392,0.06853865758656304,0.13784099021255064,0.1520859162074064,0.8246135776685493,0.22310125897721003,0.15857316282540737,0.1518858787834059,0.19436022520660956,0.17258859921982705,0.10587638683401285,0.3919001536212368,0.017808671421711875,0.13325821195762486,0.2506463626052398,0.08792154425269974,0.3244783772674636,0.15099907513542876,0.08846016313422479,0.30959007052700394,0.09979091983871391,0.18038164050234112,0.07679290167579259,0.1163077772393616,0.15581610163320303,0.24564226086117627,0.06778566290916359,0.053925240770446,0.15871152611149225,0.35460227320367077,0.012489706067134542,0.5460239528757956,0.05909778983659811,-0.08993034591612516,0.025587828042709666,0.04366041547968413,-0.046387335964527446,0.07024103946187157,0.015956362795162285,-0.02448370096198479,-0.03675058104369997,-0.07241496440989961
0.2900244411771787,0.09304056246152588,0.30156154515905115,0.15291066686909696,0.13782712135851122,0.17476224194035364,0.21182884762358742,0.1419249782244758,0.13896318352246817,0.2514140809288125,0.1894625506910349,0.18247140175473717,0.13506816933310486,0.15268804753209156,0.1336323807190111,0.0724880611443171,0.1192042483061785,0.49996472961946126,-0.005185243280408412,-0.09580639299006607,0.05958755815379348,0.22310125897721003,1.6993763443402607,0.47163219729113715,0.42473290070907954,-0.1765291091959368,0.0015796746473304708,0.12457026403979461,0.3389563197648514,-0.0609915650764353,0.08706928477663327,0.038818113230242944,0.293356189866944,0.5509574422655633,0.06522861074794332,0.0064035232404735494,0.4818076072030362,-0.08224995102166736,0.4299371932919777,0.1964482352453324,0.1316604066505355,0.09873746011785747,0.16247581867047298,0.0680832432256806,-0.2756840232592991,0.39113730933393304,0.6055802834239505,0.08594716467834758,0.3588809619916203,0.24445948610009002,-0.1902375746432404,-0.09817934883352052,0.19603727364260823,-0.11525521719375295,0.11586674097883955,0.022397055384150585,-0.08826221123508714,-0.11612561170712955,0.032888291020939424
0.19454586961355602,-0.058801911378965684,0.29431472033538436,0.197638932250481,0.13513761001222324,0.18541916537799638,0.14204987342312733,0.1591108158495427,0.10085724741395498,0.26927165572728035,0.20546694925263073,0.19223886478877078,0.10787421463201141,0.233624943608854,0.2073619011325462,0.18766574132223104,0.20676852832448653,0.047334739437595835,0.07179974202878342,0.35117351848716,0.1917707647008242,0.15857316282540737,0.47163219729113715,1.184358262649525,0.2753406413587212,0.010305474645989202,0.11200468371431214,0.2327166707710698,0.20533138356104358,0.12665376708493492,0.3332351993652491,0.14426812730088176,0.27969225285370924,0.32620559154325063,0.22063128193631176,0.19143495895875487,0.5364845566675377,0.1964454315934797,0.28345880985768074,0.1694802760513035,0.3543795601361688,0.21334868823172443,0.15200179798008592,-0.04199859654243926,-0.052854002311212914,0.424246694550909,0.4402415031996758,0.037644969862715,0.2319525821439459,0.05005872546481608,-0.2987485182291171,0.10345342719049953,0.2679279064980299,-0.09181822900881946,0.2944462701401513,0.06337613101151475,0.04857537379923513,-0.4317502666677447,0.14110264542830853
0.374127983136031,0.16902276898353272,0.4108872019565438,0.21777317628979911,0.1968047147456271,0.3028378048300737,0.22311175097642846,0.3593834711090512,0.012957007706015525,0.2737388150830171,0.2718466492245903,0.31477303370964915,0.14504604778691144,0.3344563020364522,0.4261451837915449,0.2944125064513806,0.23715533201692432,0.24895565805562608,0.17838357043973987,0.2843924901104864,0.18732511377971806,0.1518858787834059,0.42473290070907954,0.2753406413587212,0.7710821992060154,0.1249441583985766,0.20040320689000993,0.20467759531131596,0.48412282607086604,0.11463657251141168,0.24982570609596985,0.24661996305478306,0.1570846733950709,0.4469072049126686,0.24837575857023736,0.17534989304104828,0.494548104335593,0.18196987279621002,0.3197555837365755,0.14993600656388184,0.263158242488255,0.2063485123832556,0.18323928272597031,0.08316508591613227,0.06311611531178363,0.47879382221494043,0.5354506488397455,0.022329133452086876,0.14859120704023984,-0.07501736204572167,-0.19384416939538163,0.1769021760308278,0.10256082414748223,-0.045891085460656206,0.08481099560395561,-0.013277950023636692,0.14118177082185437,-0.08077327956618396,-0.14084372794067074
0.2641582504546584,0.11388792440695673,0.47219823934139055,0.3322975936926868,0.149471715557635,0.2579456117997495,0.38595439023785005,0.3467929960795094,0.38952339130520647,0.12884008522463888,0.24995735403573993,0.1921098832629886,0.08308306264486504,0.31670829293039293,0.07803062507006002,0.2539218383901642,0.20932219618785308,0.005897043610305953,0.0515174438003455,0.06625910247692877,0.268251768555442,0.19436022520660956,-0.1765291091959368,0.010305474645989202,0.1249441583985766,3.4640489309640325,0.09404000288638248,0.11134852514259162,0.3484423287096435,-0.4478656205106027,0.05424145115409049,0.5694239119663911,0.16067591085585192,0.5702225815293659,0.1442426455558816,0.2433104008051894,0.5020363861460477,0.17458346426690974,-1.4969551678589685,-0.22261910458588005,0.6936563528013723,0.329156779453121,0.0988542284159189,-0.3147668028819432,-0.6007830442352249,0.2807294080630873,0.42153042971888266,0.13033287794025952,1.8556887395919435,0.1676305164589654,0.3023916386320484,-0.4162208760886794,-0.15685361540936973,-0.015067948055247863,-0.0949335021863098,0.11476619454920754,-0.14807947595490661,0.18804386246530405,-0.09152195520844919
0.2243987121676647,0.09030254236428881,0.2808596971330045,0.15219325523120888,0.12238231684046627,0.20319249769016318,0.1624217161795638,0.22566823197699326,0.08163689204802943,0.20263867344475386,0.20431779352518153,0.23997942570954645,0.15295600258280065,0.26899344252760393,0.21101339342926723,0.2622861097215237,0.230469784700333,0.145679552566203,0.1172587397798232,0.41235154330558443,0.17088104049509747,0.17258859921982705,0.0015796746473304708,0.11200468371431214,0.20040320689000993,0.09404000288638248,0.8957835157110116,0.2361207803640674,0.03631399772561789,0.20441147765801723,0.2801712298014175,0.26606014549542156,0.14408249662055417,0.23795330939049356,0.2587483218691786,0.3036561973268997,0.3571839808206625,0.21826268283555844,0.26895348164480154,0.1282586097087031,0.15452962140073426,0.17889748797421265,0.4383108076363354,0.20511829661006936,0.1820281609115781,0.20391099131160742,0.25571399680322865,-0.04041463476445727,0.31979910019697766,0.05436164098190985,-0.21092267917764138,0.17468342428292083,0.018628858336492252,-0.039061345968400475,0.033405237089308426,-0.05840670888583918,0.16070603516334175,-0.01644803670754993,-0.1117084113024353
0.08315914355957742,0.1503779406100827,0.33985085944347043,0.10440668281700861,0.016371159514775174,0.27073764603267375,0.04510329096043839,0.28677269123227955,0.04825709162787527,0.1925796480772825,0.22975084944701246,0.1666009070058385,0.14724161145567058,0.1865062816424213,0.26179255761270925,0.19834286569340492,0.6435582085496085,0.19409335897330374,0.2389492608751652,0.4185471082395941,0.22312186560022376,0.10587638683401285,0.12457026403979461,0.2327166707710698,0.20467759531131596,0.11134852514259162,0.2361207803640674,1.6550315246645337,0.05099752211663148,0.0873360234022834,0.2877284423067644,0.17224794025656703,0.8622447172510967,0.07351292788194103,0.7400928390563813,0.02690804099937719,1.046542525741859,0.26496235006993685,0.26025378960072904,0.2819643712156755,0.26422366948678633,0.21560873785534218,0.28305402944028585,-0.09238077653621746,0.06892623416748195,0.4089353266792258,0.49780481838961754,0.1141552949230107,0.2866854193790318,0.6168013183657676,-0.38607999866622306,0.7898113972526553,-0.8974222108019745,-0.2024307359696453,0.2710258020929157,-0.1415697974729449,0.05533772310386376,-0.2624939155692012,0.3370203018583485
0.38362411092438387,0.11244755939610221,0.4457584474955095,0.17428004557283489,0.1762607862776422,0.2907315876795563,0.1205143250986482,0.3395898396307696,0.14663412004281692,0.3230887119421268,0.21913438010281908,0.14202813107533327,0.2894604871599841,0.29927232459517966,0.32713963057600615,0.313940545726401,0.12519007831539614,0.2535018605444541,0.1328988811339657,0.25978510052648196,0.17861665078666952,0.3919001536212368,0.3389563197648514,0.20533138356104358,0.48412282607086604,0.3484423287096435,0.03631399772561789,0.05099752211663148,3.7795330356341,0.3984061254493366,0.05100018192185218,0.33062614876234475,0.12052676434918462,0.18535403615110807,-0.037485525576821006,0.2672465421397902,0.4833828896805659,0.04507125094840444,-0.005740230616134873,0.13166181935713478,-0.10923746662818118,0.16046537316828738,-0.0870971288611314,-0.4790416612854754,0.47220597984372364,0.5391887681661122,1.0699162311465469,-0.13235745231882715,1.2615216561293316,0.1290531662517477,-0.09207627099142164,0.2624357693378761,-0.18901696261017373,-0.005074712822845398,0.27503552592164915,-0.24561781851333536,0.134330668618831,-0.1747071698039172,0.017315529380434333
-0.030839209674051286,-0.06479567311432788,-0.34183714685593886,0.0935401904503665,0.25786260967705965,-0.009005008485292617,0.08238790194506891,0.0425693946333645,-0.0330464115560162,0.08551231866591012,0.04060020516061691,-0.038694406172582685,0.06753260306906092,0.12641076811324164,0.1671816034130736,0.1116943405443533,0.050487392053872204,-0.029732350719289015,0.15094889685070947,0.48931454079121184,0.1452289891010813,0.017808671421711875,-0.0609915650764353,0.12665376708493492,0.11463657251141168,-0.4478656205106027,0.20441147765801723,0.0873360234022834,0.3984061254493366,2.7122220807077415,0.19141378844799478,0.05826506490784468,0.15462462483480566,-0.8182749642035216,0.43206786300330685,0.526873450749514,0.19068280635169643,0.30575908378668637,0.7494969863907228,0.34924187344723134,0.5351883460025533,0.15290090940343867,0.3808047694731309,0.3391634172577479,0.4561115385879054,0.23548666286700526,0.059914155232439176,-0.1078676238918828,0.41202112019820303,-0.30071716013000227,0.09948050316811385,-0.49892257893290753,0.4041664024245295,0.22584306033976367,0.060584659178231776,-0.2188474085512445,0.170409815431161,0.11208903801004652,-0.05719008890905475
0.25734105085450626,0.09098016111037888,0.35317317277689686,0.15406224908181568,0.12650591878875175,0.22060937202000522,0.16614055380142795,0.2318166210978098,0.0653053364520004,0.2546911680498691,0.2443527758805106,0.23737216259471736,0.1294307801210097,0.2371455500471959,0.2785361137101135,0.21184413348096517,0.2823333845459792,0.21011812113741785,0.15485458513867414,0.3961315850135469,0.27955502011135996,0.13325821195762486,0.08706928477663327,0.3332351993652491,0.24982570609596985,0.05424145115409049,0.2801712298014175,0.2877284423067644,0.05100018192185218,0.19141378844799478,0.7553651621041726,0.19619326463228684,0.2331662480067712,0.2548333835438076,0.2617590293736724,0.5157354125261211,0.6467082950970345,0.29432974708339454,0.41222251180812314,0.19295756146753398,0.4920343503009428,0.2732365702485942,0.20330985841490348,0.03576398454961163,0.1751715948078708,0.6305274405955539,0.34933861916634446,-0.04101957217996872,-0.27767573154879754,0.1945042900032558,-0.16825644524571728,0.0849044118194839,0.01103210226187305,-0.11964317591286072,0.14351084297848749,0.01122972815486994,0.1273133134243345,-0.17412788037078133,-0.08908759053806235
0.4081516494913216,0.09475308154163993,0.3752053533174703,0.23414116920912448,0.16948528101682864,0.2781059227217175,0.25466419543380014,0.35107923119382073,0.15768414024553834,0.23482210241057971,0.22709195987506686,0.25346303070878723,0.14969806960048967,0.5002122547201125,0.24658688514944005,0.33372969457378454,0.148307700881818,0.13977127031981545,0.15398577771719607,0.27592488264199105,0.16846774986907248,0.2506463626052398,0.038818113230242944,0.14426812730088176,0.24661996305478306,0.5694239119663911,0.26606014549542156,0.17224794025656703,0.33062614876234475,0.05826506490784468,0.19619326463228684,0.7857608796824714,0.13677627657980243,0.29413064099251407,0.15144268934662594,0.24864580786318785,0.20374491742185388,0.21030832023568843,0.01825636136777019,0.06018200712839739,0.2864809824129695,0.1837963702692253,0.1194138921295649,0.023897841219153806,-0.03845914545694906,0.3863484382414702,0.4671467476121962,-0.0075401115760218235,0.886782429817447,-0.02163001935235255,-0.08402976383187674,0.19919853911003113,-0.14333275485430097,0.015202078031318608,0.12501313564338476,-0.1642452342587417,0.815855573314493,-0.1958802973371664,-0.4623384179748868
0.17422217775585996,0.02604693949822284,0.27038492572833567,0.16184167088277857,0.16319069058589164,0.20589045599385639,0.1686590515790559,0.2079686975262972,0.07182223726092289,0.2129262541106394,0.18755125851815982,0.20798432121211005,0.0793816162326448,0.21544906760066804,0.22464307101762584,0.14324547616700115,0.40974963142066884,0.2128880879336462,0.21926806524338813,0.30271783391499885,0.29874706155551994,0.08792154425269974,0.293356189866944,0.27969225285370924,0.1570846733950709,0.16067591085585192,0.14408249662055417,0.8622447172510967,0.12052676434918462,0.15462462483480566,0.2331662480067712,0.13677627657980243,2.717229085664147,-0.5388512864582329,-0.5335407941422438,0.1425005931949753,1.077529884120131,0.2721621132937098,0.03561478650540026,0.06429847433996168,0.26566090725173214,0.2780955228529339,0.18298431003877005,-0.6563083821757947,-0.9831274821043974,0.7807747527928048,0.4328341822049151,0.0310594837476648,0.9570305383933491,0.5348882892500564,-0.19579475866431645,-0.14393034604644372,0.21033284669073463,-0.4252601783480833,0.2657999800523561,-0.18384280503011513,-0.054103729078567586,-0.2155591971198237,0.3374167450890768
0.3504834256193245,0.23949660803210593,0.709198531708558,0.2539077190923674,0.0992538550891225,0.34945389463532167,0.13594291065020314,0.38762844079634384,0.18137199391011108,0.4670149746252639,0.2879227123400893,0.3293598681057939,0.19036328778631204,0.4036834548892816,0.3243862575633762,0.31388355615150976,0.3286368837647618,0.21827978420768018,0.04842860952386346,0.4033577231046158,0.29725119166712355,0.3244783772674636,0.5509574422655633,0.32620559154325063,0.4469072049126686,0.5702225815293659,0.23795330939049356,0.07351292788194103,0.18535403615110807,-0.8182749642035216,0.2548333835438076,0.29413064099251407,-0.5388512864582329,3.2144549022470765,0.614576727911456,-0.13305639501311942,1.2376182117719408,0.2572687323409853,-0.11350364223695963,-0.19531594697638874,0.44967144609286364,0.3852798611347355,0.3398916411506216,0.46776340135706956,-0.13291010545275933,0.19413045713210744,1.2786431767181896,0.26439233975157045,1.274141753214268,0.05620075808828002,-0.22548041918509712,-0.022599990564330992,0.2832906965525359,-0.22997499003161392,-0.09337980360183372,0.10936247621269453,-0.2661418262311379,-0.07140725878965071,0.29738595849063376
