1.6576945803490966,0.45938061211606,1.1448445793086048,0.03164243496041234,0.2039844676953054,0.2528254635796399,0.4854079360619061,0.3518661656195686,0.13980584916462635,0.41566756012802636,0.3311472324637872,0.34590514493549807,0.23415050949895932,0.42168421477978535,0.37660801758824397,0.23257118243809363,0.22895417219796416,0.38528695118667416,0.14452002380875006,0.15062047910208326,0.29147901176537144,0.609276783902211,0.41607708858904746,0.13269884843820196,0.43923771526966654,0.068356797531867,0.17066702417182272,0.13123576320351918,0.27511412682343384,0.26723514566680456,0.38138621465316785,-0.030022748154263895,0.15562097345668294,0.015210012319432717,0.4197973482756587,0.2655422078686517,0.23898322984524636,0.3762682185133232,0.5167195279801023,0.3392590839035757,0.34510763304291836,0.26634252609864145,0.48335363250257846,0.5249735274900463,0.2214894537613957,0.12348863315625874,0.262055784001054,-0.014761627203640866,0.6463088661649085,-0.1631520176283678,0.040953084322869135,-0.11715386820761918,0.0897864223453015,0.00444953204644592,0.020463020306882865,-0.02977557764397651,0.09137820068748681,0.1548827294233012,-0.27484011040490414
0.45938061211606,2.1268451369524297,0.5534721035512933,-0.06091909234516299,-0.04418825748082063,0.16047403623198161,0.21488691271655724,0.17485156571342003,0.10318775513602153,0.23733576001794673,0.17364580351163048,0.1625474345456264,0.09565549464245614,0.10598433496176313,0.32658049562822616,0.03549214671830406,0.1278409521313051,0.24051237236665546,-0.007118884068050867,0.0915802709770261,0.1910542257701261,0.19542259289165836,-0.2187221492983151,0.07204190100086712,0.17972628621134148,-0.16461165125534413,0.1817481095845761,0.3416897686846087,0.16681249313314775,0.06792318986147117,0.16218475301128918,0.2004498436174795,0.08630943902337328,0.0819961510085863,0.08416917680388777,0.07256471981735396,0.20815040862828801,0.13999911601377624,0.14245098079360974,0.11759096956116875,0.2037527409271769,0.13211451631112606,0.20347402081290356,0.08240321761214126,0.1538991318124417,0.04510593996845519,0.15422119099234322,0.013911401751907483,0.29449488249481237,-0.19690294907024844,0.2088101741748492,0.10692585534952571,-0.062198748526888,-0.06691134210232395,-0.20279174563383973,-0.027471046950632554,-0.01705596889407142,0.23882959684854782,-0.05832608413778328
1.1448445793086048,0.5534721035512933,3.0173406155220213,0.037833004710618325,-0.19280875211943163,0.48568600057225175,0.34243339383212423,0.6523868083014449,0.22396084625060175,0.700297345722732,0.4940017620727964,0.48192636516259035,0.32083073470444934,0.4036407042854908,0.3956753319746711,0.1938200223979329,0.40043612091758474,0.4839934065418086,0.20160458952592308,0.3203318308197622,0.3855941975543081,0.6745049307199058,0.37419542565786373,0.33930293771896075,0.4732386893042242,0.13153082409841307,0.2515783994062925,0.2959521886017453,0.6034885489057863,0.2459688638623882,0.36221896296840744,0.13188784326125344,0.1938217754794302,0.24491458445280195,0.6703913885766333,0.23239989001014982,0.4057280447018823,0.5500987227322084,0.6941864956905105,0.44679395432140345,0.4390869198906007,0.3699233833185769,0.7406088634831163,0.6630540118005716,0.4409903083563389,0.13280414990212555,0.43947257056101025,0.01018298979470795,0.6407134154717581,-0.18099937582266892,0.08322438782564107,0.005720349030912088,0.01400784669151256,-0.0041098127483442685,0.18896221090287144,-0.058385537990029095,-0.12361316633867067,-0.11841554291316492,0.054347547563848644
0.03164243496041234,-0.06091909234516299,0.037833004710618325,0.7905370627599483,0.2946157923384734,0.18548644912842938,0.16254636428695443,0.146066487923832,0.07846770709832146,0.11985885674091631,0.13611689316886408,0.17210265329876814,0.1280055187139759,0.25093836406802056,0.13975824389198857,0.2070892081416706,0.15679749238127247,0.16780873821269193,0.09029512100250225,0.08854060307551909,0.12745890376180047,0.20113039499326,0.14668857299770738,0.17851325447960736,0.12733992163361188,0.14351130046247143,0.13464855375435938,0.08671583387763712,0.09396558366157964,0.024697391346519965,0.11467732459318035,0.2576543888488063,0.05143872270923924,0.2065705799068646,0.11545995930629945,0.0830767093364553,0.10653146053870816,0.19930243685593446,0.119120228110493,0.10337878697497965,0.15652518271749358,0.1297002997035464,0.23253534441358412,0.23548373523578775,0.07319241821295815,0.019285193390869218,0.11916725211713879,0.004219934444947939,0.09313934167686751,0.2169350979568242,-0.08952454084656718,0.0145065159845528,-0.12639799996077078,-0.001242463082546817,0.026892287197652215,0.010376963224100052,-0.14263084417352342,-0.009119473413432081,0.10961305021719078
0.2039844676953054,-0.04418825748082063,-0.19280875211943163,0.2946157923384734,0.9789425654835128,0.17519313935835046,0.10628986085051227,-0.01835000551157537,-0.02575777234514576,0.0486810907844587,0.09327567598205207,0.11421246319519342,0.10078066057030861,0.1709867726262267,0.21365463025178535,0.23630559060686346,0.06119058260493435,0.09336893845864604,0.26275673588634857,0.09941554488699313,0.10525963066056448,0.19539630929693905,0.13385711973900913,0.1326141891394365,0.10560484716697753,0.1156954278072769,0.121869235643037,-0.014333746831362284,0.031025016570465195,0.1373713766164422,0.12641376153357162,0.26753892565048104,0.02266258095672905,0.23486118572098438,0.15116067334193153,0.10401285920192221,0.060102573274181684,0.15555359899073903,0.09319696606255921,0.06112258768229156,0.16192219580445186,0.11763094587006499,0.13226313224644468,0.1882428919406624,-0.01981274282156564,0.013743514292217785,0.08761190770718778,-0.00038323975329993264,0.1971036195474178,0.15109379048048333,-0.1639125312957073,-0.23754740272152264,0.15143409263419982,0.033844630328041095,0.0009014911627891549,0.0049516236152973596,-0.14644206707506274,0.007031304680818512,0.12798577446595932
0.2528254635796399,0.16047403623198161,0.48568600057225175,0.18548644912842938,0.17519313935835046,0.5864598584831283,0.05814451673673807,0.23157909658202197,0.11096076881367047,0.1247377112572489,0.19272871250278215,0.23277219558416493,0.15307083369804492,0.21995293734335475,0.19967600382949555,0.1629006124442257,0.2027335722571781,0.1658922373837817,0.2346736988247187,0.2560440736530941,0.17687611849324036,0.31219331914914195,0.09244343950204345,0.20010645068434266,0.17311266060994346,0.13820031696998114,0.17083389533371704,0.17571542167360438,0.15729708435176043,0.041693371526320064,0.17699279242626023,0.3007212700712588,0.06956707039230677,0.2016967963629885,0.20162571894430512,0.08219603522541125,0.12844022147636297,0.30266555059377553,0.23277444995255583,0.1691397658152922,0.24494828575018956,0.1713852631198081,0.349803062915922,0.3107723209835431,0.11143278590272297,0.013325250513737263,0.20558688050652824,0.010470641795823011,0.3706663005182646,0.24559982062293265,-0.23527182292420562,-0.04710228147752343,-0.14361999858818422,0.033713906007114595,0.001387558255283122,-0.00874633760882691,-0.10260992055401869,0.035855615412840686,0.04131875939786029
0.4854079360619061,0.21488691271655724,0.34243339383212423,0.16254636428695443,0.10628986085051227,0.05814451673673807,0.560671546903742,0.09819283021153355,0.13202375913338593,0.17414405923581502,0.1876160315957653,0.23166258001578086,0.1618476615213264,0.047363681952473105,0.12697622294200409,0.15929967730234007,0.15382308590600144,0.2129320538344144,0.01902639066525505,0.0021763403450470835,0.166616298546688,0.3437037921715385,0.22062641603023378,0.1250384090013836,0.19509235724427468,0.08898693908284999,0.12146117707178117,0.06846576818283157,0.19705333915219558,0.12316581513441716,0.1655542508774263,0.13767082554469615,0.16133764884953358,0.1205428677563149,0.07520583658897842,0.2288940629461891,0.10830845144291182,0.16845990338977768,0.19025544969477026,0.10119077099975675,0.11716494371923453,0.14142862700066922,0.10090025431610923,0.19900195456223946,0.007156282042467511,0.06535197502777751,0.07659208848395437,-0.014955974068449616,0.303188180184568,-0.019036013609832484,-0.02089019326428359,-0.07509052659182121,0.06126022710696827,-0.03424874366843604,0.02632699271176733,9.289392485383431e-5,-0.045633811675138664,0.006660980295565528,-0.03236504320052512
0.3518661656195686,0.17485156571342003,0.6523868083014449,0.146066487923832,-0.01835000551157537,0.23157909658202197,0.09819283021153355,0.6283974903459839,0.0051064516708284905,0.27057510258449013,0.26051522103984043,0.20999189207180236,0.19232618900980528,0.2661366079819565,0.14003591671533255,0.15760105027454085,0.2261727559509434,0.2001078696182486,0.11301582381281004,0.21845051175860655,0.14755062584671844,0.2429136849140228,0.0996551477438623,0.14072896943033117,0.22269371596907073,0.13851138247138095,0.14855324712505344,0.18354323439613146,0.21290920016563275,0.050629494895485266,0.1561629093437621,0.14233669320282744,0.01484484379428459,0.16105966779080153,0.30959877309607636,0.079659903579497,0.1402796684806501,0.22530490334849976,0.34368890870125257,0.19280897856081333,0.17957085864169922,0.15245358347720311,0.3120750002421221,0.2732758516757461,0.2175425002054308,0.03792522557102209,0.23284932603660957,0.01643991886669018,0.3353829896590463,-0.022857462351996687,-0.006940186412747847,0.054817540549186375,-0.06198652247514122,-0.0010953095364043758,-0.08608255364285543,-0.09536294791309065,0.07323192581164119,0.17202966058939842,-0.1635647080068082
0.13980584916462635,0.10318775513602153,0.22396084625060175,0.07846770709832146,-0.02575777234514576,0.11096076881367047,0.13202375913338593,0.0051064516708284905,0.5509093534057987,0.01372982026729902,0.060668082585256924,0.05312100256146151,0.07178800437988547,0.05540187176063252,-0.001765152422849602,0.048524423264808804,0.10310217053358588,0.10101640024325881,-0.011311547987432094,0.004420430626460659,0.09391457094774462,0.16350088365954832,0.11820840448014935,0.0989750909007945,0.01012363978507972,0.17491607851068716,0.05701668020198247,0.06783423673063979,0.0799291507318072,0.09667852516828043,0.051646444850860646,0.03252903034352979,0.18606879722926434,-0.014853121879173604,-0.1094138577388115,0.09469907372625372,0.13564443674778148,0.15607709289368435,0.013361508102892859,0.06590093864515038,0.01751971151836775,0.07468248616431865,0.16996646404052537,0.14647857531128083,0.1226458730788031,0.10302875452953698,0.07737627957655005,-0.009377452767865507,-0.17224084824611033,-0.02562737630592222,0.06871219713197996,0.03322805650871202,0.029274211678882795,-0.05088321963366388,0.08941088820839245,0.07650072036715913,0.024177339659858882,-0.06606176557567403,-0.09994293064003766
0.41566756012802636,0.23733576001794673,0.700297345722732,0.11985885674091631,0.0486810907844587,0.1247377112572489,0.17414405923581502,0.27057510258449013,0.01372982026729902,0.7221823005984724,0.16634751483612165,0.15008633863449516,0.1425284244047995,0.19713380576618098,0.1809946525894997,0.18481996388586747,0.23286681834017123,0.2611181638064397,0.058750808495897144,0.08012205119922318,0.16544943317550156,0.33600577936766857,0.19445363594405823,0.16498026180901243,0.22356074883490312,0.044817347014112864,0.15524162240061024,0.1198215127811862,0.223226543241646,0.22686122146086027,0.19539204039518637,0.13361495369203738,0.035617610973252604,0.22872537048373995,0.3800622969719774,0.1073145663092865,0.2306781236816927,0.21557571757087018,0.38496902793864757,0.2216629953442736,0.2572836395772296,0.18271209800336186,0.34183267464605005,0.3464810820183848,0.18089440132040374,0.059300860445957206,0.2881265401955856,0.007961616880755418,0.447768254303424,-0.11443622488596254,0.054709375118921356,-0.15976917929859705,0.1000451346007646,-0.009334505546467347,0.008369978447411476,-0.04497625354218546,0.030442622684727895,0.015534615146911407,-0.05930502808335968
0.3311472324637872,0.17364580351163048,0.4940017620727964,0.13611689316886408,0.09327567598205207,0.19272871250278215,0.1876160315957653,0.26051522103984043,0.060668082585256924,0.16634751483612165,0.3754555356133741,0.2847744789733059,0.16226243226794412,0.18324154667679785,0.2310815893052145,0.1557565428601278,0.23099167265479,0.1787030634902319,0.08493451312037097,0.19593956667069004,0.17484758583287396,0.23331019646948564,0.137110985756277,0.1512284443079614,0.2066486539171406,0.134620511459733,0.16193043756433362,0.13338068965163902,0.21455523057893733,0.050859868162923996,0.20592430736183084,0.1618187041056416,0.055889647857526835,0.16408506230897985,0.2746749844901336,0.14543770278246804,0.13946293835964066,0.22766969766533193,0.25506228022368177,0.1604896573235797,0.18724311598255225,0.17116355852474052,0.26840937877291404,0.23430334296919442,0.1805842043620894,0.06749539801450494,0.15388323776775995,0.013892604272957543,0.17014817594514936,-0.0318281812030594,-0.0004895463439603704,0.010049359523200662,0.04106844672090909,-0.03557949115070903,-0.003896165673516131,0.000550199265591634,-0.03677944058545291,0.03825930400385285,-0.07115378897420165
0.34590514493549807,0.1625474345456264,0.48192636516259035,0.17210265329876814,0.11421246319519342,0.23277219558416493,0.23166258001578086,0.20999189207180236,0.05312100256146151,0.15008633863449516,0.2847744789733059,0.5724666383166951,0.16275458814334381,0.18995067216448505,0.15127670454824052,0.19910516085219163,0.2431281265222496,0.23829024005293695,0.12080086277734015,0.1258430111818029,0.1660397856884578,0.2863541843103769,0.17825927995894567,0.1470737058384352,0.24295288145993926,0.10342418366092856,0.18667085103869385,0.1535954326233745,0.23616386247667573,-0.13587500919112339,0.16542846150880441,0.24111135758962482,0.09085180615335342,0.15334826916301558,0.12308933039670392,0.20747467374814013,0.004715108337462491,0.2480264115011445,0.17523704358447872,0.1559000733374387,0.1686323177251796,0.15155058094141158,0.2062977257956708,0.2176620558202435,0.09011559839368037,0.03962678641080408,0.08606074982689028,0.0013996410849182015,0.2478442482074212,0.09844525496749625,-0.01703040606733079,0.055148885860696294,-0.19505715362944928,0.020543902574535488,-0.0015175766437555377,0.026820541347699414,-0.06999395545562699,0.014888495071743672,-0.07344609980713313
0.23415050949895932,0.09565549464245614,0.32083073470444934,0.1280055187139759,0.10078066057030861,0.15307083369804492,0.1618476615213264,0.19232618900980528,0.07178800437988547,0.1425284244047995,0.16226243226794412,0.16275458814334381,0.2846977564818812,0.11572771601231317,0.03856832981468299,0.1514566197326208,0.14763083656300227,0.1562352460537379,0.08732492120535505,0.08202978091926273,0.13597971990735705,0.2307766595353427,0.1261727929933438,0.12352024336116761,0.14132086598116655,0.1525386053102303,0.12195414474013043,0.10889398137780006,0.2007545550464117,0.05262049277224852,0.11152511163442325,0.08124163796851812,0.09205694648132262,0.11300954951287315,0.2133949605145583,0.08787520327588542,0.10914262862721327,0.16138557678578871,0.22870580471836716,0.13427174054600396,0.1084606960049522,0.12694037263076438,0.21948840850879484,0.25189349193776145,0.09736261081785144,0.027068864769160525,0.11948385359897866,0.0034420976916920976,0.1961421553256278,-0.011208313458458515,-0.03489854049105921,-0.05507181535014082,0.026397415348492066,0.014851050297883516,0.06883124050453365,0.001177946217847638,-0.06581916481271725,-0.06594891830113471,0.05541017326129786
0.42168421477978535,0.10598433496176313,0.4036407042854908,0.25093836406802056,0.1709867726262267,0.21995293734335475,0.047363681952473105,0.2661366079819565,0.05540187176063252,0.19713380576618098,0.18324154667679785,0.18995067216448505,0.11572771601231317,0.5986166392593353,0.2624604118990351,0.230459849797769,0.22146951170085977,0.1469800681750339,0.11991853735025436,0.19486751724138793,0.15559281270118755,0.29090304751694457,0.1816446885229454,0.16116933556671761,0.22778922550706518,0.012474621269446484,0.14731231863139252,0.14732383521424358,0.053245752860475094,0.10054202199520651,0.2070515510852128,0.17089168602341262,0.008075104232427717,0.14885208705033245,0.2917114467167046,0.05755089490605191,0.1390739318324446,0.28805730535082547,0.22553781720426108,0.21082914485893722,0.3005316412279479,0.17081286640893578,0.4003100693792592,0.38084141484460066,0.1394003999256128,0.014856156031498586,0.194325293930195,0.01455044037793899,0.34473010350241806,0.059464810612774255,-0.019119472632282548,-0.012909137801187728,-0.10283700191971239,0.03267728655487747,-0.06331748946981045,9.001541519557673e-5,-0.05819865866129004,0.11980737956817697,-0.010208287052199946
0.37660801758824397,0.32658049562822616,0.3956753319746711,0.13975824389198857,0.21365463025178535,0.19967600382949555,0.12697622294200409,0.14003591671533255,-0.001765152422849602,0.1809946525894997,0.2310815893052145,0.15127670454824052,0.03856832981468299,0.2624604118990351,0.9226753585879739,0.04446767254659598,0.15122066592062935,0.07209692175992724,0.10475678957248186,0.2898492034427876,0.16134327587199315,0.15973372386088874,0.09437894767876989,0.18364501615499865,0.21039328380780062,-0.009993594755099878,0.15342673838565218,0.0799672087916761,0.09379528073779536,0.32304049592852124,0.22592842182424494,0.2185179406669245,0.048030094976140976,0.2087418164568441,0.2563110144649624,0.10639374441135649,0.26890151478570257,0.15551220852631445,0.2130999656122255,0.12568191262197048,0.3113312058723727,0.17182435402155802,0.2794766012166691,0.14468510966305853,0.13456708209864404,0.07153751070441078,0.21605500130684216,0.03302747506227736,0.2743758629932676,-0.02276096044041707,-0.04693308488429656,0.009470536432980589,0.07608227949473913,-0.05198836468822264,-0.05689386885313894,0.010643569261132189,-0.1046853366636593,0.12384857675413845,0.014206058416898438
0.23257118243809363,0.03549214671830406,0.1938200223979329,0.2070892081416706,0.23630559060686346,0.1629006124442257,0.15929967730234007,0.15760105027454085,0.048524423264808804,0.18481996388586747,0.1557565428601278,0.19910516085219163,0.1514566197326208,0.230459849797769,0.04446767254659598,0.9485989808116446,0.2585148949281528,0.23208943020490308,0.12535696066641477,-0.0008371392901907162,0.18315688886117135,0.4217849932497089,0.2131526762424481,0.23033425459244236,0.22920676434793005,0.23367213949531934,0.2416013661755209,0.29835385003195386,0.22203949062094716,0.0539765117995551,0.15618204841726824,0.3458914255047766,0.06275024834345284,0.2498474771033237,0.3792300986131089,0.08828306042354432,0.07522996038484932,0.3474319493205371,0.26275049563328556,0.22511016514266996,0.20829394508427462,0.22154375886319344,0.5435070503573117,0.6535156122272134,0.21208432575726235,-0.005790415906378232,0.1600161556544132,-0.006127069540705253,0.1691153939388979,-0.2159096329671701,-0.02558806586366479,-0.1640416177285309,0.07117412716225846,0.07236568507379791,0.047651493768907115,-0.008909118662302531,-0.14257331667588488,-0.033367033118929336,0.13512608807661122
0.22895417219796416,0.1278409521313051,0.40043612091758474,0.15679749238127247,0.06119058260493435,0.2027335722571781,0.15382308590600144,0.2261727559509434,0.10310217053358588,0.23286681834017123,0.23099167265479,0.2431281265222496,0.14763083656300227,0.22146951170085977,0.15122066592062935,0.2585148949281528,0.8291086829974398,0.10698960607894151,0.06739208439286391,0.24788468758595392,0.23502678213917455,0.4714332257905214,0.16184701164536966,0.18588656886639435,0.33396787446163106,-0.042358434939827126,0.21836351879718494,0.43637962587308676,0.25047635177403116,0.02396234408655534,0.30661949145327877,0.25401279453761344,0.24785432045044417,0.18869726736618087,0.21797882494327356,0.20392954629960236,0.16586362273440608,0.4915766076769058,0.13970767042841706,0.17571585341135448,0.327178788451977,0.25656591874099544,0.48179217109700423,0.5105198129823013,0.1917092709627801,0.05160362805119704,0.16876330999733175,0.012006844314240943,0.23610268541747445,0.2270151527044329,-0.06930222793255882,-0.08226647040404224,-0.17814143496840337,0.03837178926012257,-0.16217370130920628,-0.004370436409179522,-0.11755557370451546,0.14181818193230744,-0.043613549476676984
0.38528695118667416,0.24051237236665546,0.4839934065418086,0.16780873821269193,0.09336893845864604,0.1658922373837817,0.2129320538344144,0.2001078696182486,0.10101640024325881,0.2611181638064397,0.1787030634902319,0.23829024005293695,0.1562352460537379,0.1469800681750339,0.07209692175992724,0.23208943020490308,0.10698960607894151,1.058101001058386,0.10007733829568818,-0.20225046345289097,0.23513874180319827,0.29727463140703775,0.3351778532218279,0.20370400726445967,0.19007616881378836,0.5113414565730442,0.05291305732502712,0.038389582426432874,0.3409339082653535,-0.12513016449205533,0.05828017320023918,0.004949012042738528,-0.053076031128167514,0.16271505536415776,0.3088140819766891,0.08245277352455586,0.23256024781732432,0.09296889126519069,0.3425017883302151,0.2694429098790882,0.08269039313425249,0.19907784542714135,0.4490116938639641,0.3293594656962117,0.3398154994890602,0.08578007924163429,0.3243414328411179,-0.026851984083741474,0.12222668139389313,0.29242084701341153,0.24305635314530952,-0.2513236625773313,-0.36795456382194225,-0.029305956507419177,0.08710776741863498,-0.007810849457723732,-0.04184196575033618,-0.056882802019853775,0.0514462455975499
0.14452002380875006,-0.007118884068050867,0.20160458952592308,0.09029512100250225,0.26275673588634857,0.2346736988247187,0.01902639066525505,0.11301582381281004,-0.011311547987432094,0.058750808495897144,0.08493451312037097,0.12080086277734015,0.08732492120535505,0.11991853735025436,0.10475678957248186,0.12535696066641477,0.06739208439286391,0.10007733829568818,0.5066472277353021,0.15444804375583693,0.07821070609211689,0.13813445712450334,0.028448441091797567,0.07839999693452,0.13204815587467938,0.047911000637291826,0.07738051130438162,0.11413320162016263,0.0819607274449011,0.015190968687113927,0.11607983372907053,0.14315893309731476,0.00514591661157006,0.10942905662959412,0.0424747196509987,0.11904846213652377,0.02897193400848734,0.14842726555973057,0.10132228998421038,0.05150857943378077,0.1271636717887515,0.07378679754827815,0.06542112117162555,0.04899249991785623,0.03064709814616821,0.03181268958123174,0.03044205949341452,0.0024987419965013845,0.1796082961712771,0.10757107510832971,-0.017628314022741225,0.1679761175402777,-0.17120562192355737,-0.037379930420611,-0.026501568168918264,-0.009381409919364961,-0.04084472689597825,0.05419297874203384,0.006557142624585687
0.15062047910208326,0.0915802709770261,0.3203318308197622,0.08854060307551909,0.09941554488699313,0.2560440736530941,0.0021763403450470835,0.21845051175860655,0.004420430626460659,0.08012205119922318,0.19593956667069004,0.1258430111818029,0.08202978091926273,0.19486751724138793,0.2898492034427876,-0.0008371392901907162,0.24788468758595392,-0.20225046345289097,0.15444804375583693,1.318167960642197,0.08154277918441229,-0.20519773712032963,-0.018426452014019507,0.09426545159833621,0.1828072413941351,0.422246186016643,0.2889382523899616,0.07667559949969203,0.39917000925048834,0.06881586111712029,0.2690420759668252,0.3052518269035521,-0.14480237793184725,0.28808295082631885,0.29906047822387577,0.29900989790579324,0.02815178764485317,0.2061608479240021,0.2885714886346125,0.2573756709947535,0.24516564377057726,0.19462646523373503,0.00976229662597492,-0.27984516182496055,0.2622856128351715,0.05150083485354668,-0.00790767019196248,0.09744199043988629,0.029634693116743206,-0.06028453608106665,-0.18727819867057946,0.07199500735303435,0.23214781938263446,-0.10331237778545156,-0.03376080201875384,-0.0025665405144779385,0.008044448740230584,0.042994398004906995,-0.07989103448201428
0.29147901176537144,0.1910542257701261,0.3855941975543081,0.12745890376180047,0.10525963066056448,0.17687611849324036,0.166616298546688,0.14755062584671844,0.09391457094774462,0.16544943317550156,0.17484758583287396,0.1660397856884578,0.13597971990735705,0.15559281270118755,0.16134327587199315,0.18315688886117135,0.23502678213917455,0.23513874180319827,0.07821070609211689,0.08154277918441229,0.4674330309104489,0.3313325125617809,0.19393406849835143,0.2305979848436996,0.20604722423554675,0.05118860391121194,0.13887874772075537,0.16160264094880383,0.1693759552073517,0.1895750711490898,0.29196025739091636,0.17044865380928945,0.22619716268141107,0.1465863658531993,0.3164621181577421,0.12663696909460304,0.34514739261228494,0.37647124020835543,0.240071029996986,0.2356825138105515,0.3296875592835496,0.32529207250810643,0.5224524559645232,0.41876565642376906,0.3617959615890046,0.02033092304854824,0.2145969706906271,0.04281412910289524,0.15509145165378874,0.07248676199568577,-0.012526561724916742,-0.08926117504841645,-0.006796120499867532,0.004844113442333388,0.05820100873970615,-0.019573233748027344,-0.19616008971052246,-0.03061404798880587,0.18749980347914633
0.609276783902211,0.19542259289165836,0.6745049307199058,0.20113039499326,0.19539630929693905,0.31219331914914195,0.3437037921715385,0.2429136849140228,0.16350088365954832,0.33600577936766857,0.23331019646948564,0.2863541843103769,0.2307766595353427,0.29090304751694457,0.15973372386088874,0.4217849932497089,0.4714332257905214,0.29727463140703775,0.13813445712450334,-0.20519773712032963,0.3313325125617809,2.103519400352997,0.3610071296559954,0.42539738117751147,0.255661154476623,-0.28558867722459186,0.25830229043365754,0.5689299145918636,0.16051930739985523,0.47523739686806604,0.45945647213507634,0.48501640877615354,0.5949435380368838,0.2523315334437871,0.2983395008651958,0.23626693707324856,0.3893773943659475,0.9718554109620892,0.5863515774429172,0.33183972613877544,0.6181656352657068,0.35058839724812163,0.8372952806538224,1.284879266538143,-0.16418119013356341,0.11555270881373086,0.4264917830927531,-0.22149125324938163,2.2741451518639524,-0.16262215162867344,-0.20189375267234985,-0.307924113669714,0.049953867390124945,0.12483893238325404,0.04163629397845176,-0.024395826100138168,-0.05862829587421839,-0.0653841255200378,0.1384018991000872
0.41607708858904746,-0.2187221492983151,0.37419542565786373,0.14668857299770738,0.13385711973900913,0.09244343950204345,0.22062641603023378,0.0996551477438623,0.11820840448014935,0.19445363594405823,0.137110985756277,0.17825927995894567,0.1261727929933438,0.1816446885229454,0.09437894767876989,0.2131526762424481,0.16184701164536966,0.3351778532218279,0.028448441091797567,-0.018426452014019507,0.19393406849835143,0.3610071296559954,1.5071030330917836,0.1581336791182771,0.24609977350033874,0.06065068152794869,0.03777202340091553,-0.6432300277758213,0.281271166709326,0.016338097159703743,0.18089966995739373,-0.15346247485940911,0.0774649040748261,0.20461626456799276,0.2101577028308795,0.35075927710025245,-0.053133138888614255,0.2557750689441818,0.2283117498062981,0.2597834789507194,0.19794289605772805,0.18780423300267954,0.3197653001133151,0.6271981668588681,-0.1002406779625829,0.16502668176894628,0.10872889205268384,-0.005352001635159922,-0.013147624332446244,0.16346746386884178,0.04979514976740549,-0.15087916954467914,-0.04272269964152499,0.02494537040400769,0.038302278324089056,0.02096487356566998,-0.17002530370235153,-0.05176281987241976,0.06403388742428322
0.13269884843820196,0.07204190100086712,0.33930293771896075,0.17851325447960736,0.1326141891394365,0.20010645068434266,0.1250384090013836,0.14072896943033117,0.0989750909007945,0.16498026180901243,0.1512284443079614,0.1470737058384352,0.12352024336116761,0.16116933556671761,0.18364501615499865,0.23033425459244236,0.18588656886639435,0.20370400726445967,0.07839999693452,0.09426545159833621,0.2305979848436996,0.42539738117751147,0.1581336791182771,0.6974063045814848,0.1367626727747284,0.029446685599187915,0.2076585914341018,0.22931510208996267,0.09206637774473786,0.47298641055072876,0.12721385711163083,0.4323016353387866,0.33872616703509345,0.19104273961166449,0.26733490776454677,0.005400853081867505,0.41747526918190364,0.439795986022463,0.2479999962416969,0.2694456701299467,0.36342407352277256,0.25286058064510303,0.7480128303147304,0.5773470264380337,0.2515955010291513,-0.0018963677913456747,0.3075771030299511,0.036337784757567285,0.28882154008757954,0.012218102455433486,-0.08436906085735088,-0.1375954196450567,0.07544103457680956,0.035379469753260805,0.2334034755347248,-0.0026475199339276796,-0.16633123543782619,-0.3404195014509782,0.44120204020254006
0.43923771526966654,0.17972628621134148,0.4732386893042242,0.12733992163361188,0.10560484716697753,0.17311266060994346,0.19509235724427468,0.22269371596907073,0.01012363978507972,0.22356074883490312,0.2066486539171406,0.24295288145993926,0.14132086598116655,0.22778922550706518,0.21039328380780062,0.22920676434793005,0.33396787446163106,0.19007616881378836,0.13204815587467938,0.1828072413941351,0.20604722423554675,0.255661154476623,0.24609977350033874,0.1367626727747284,1.1255951929544163,0.06448020620983681,0.17826431689929584,0.23296801678146634,0.5399643685423037,-0.09463242257979554,0.36316556568645586,0.24940013149794693,0.025756208996445963,0.2695626289323571,0.28956082920612847,0.2573409291972046,0.07629920365731774,0.32637838162745386,0.36038835491245425,0.2045731023578704,0.19314499845627633,0.19682025656449306,0.38174152412709594,0.34317889596760937,0.31165762073925174,0.06456857214659205,0.1147272088284693,0.02388032674192488,0.10869443855522436,-0.3584593285883952,0.17503327158275786,0.17705124499963265,0.08832560046941645,-0.05407968703168893,-0.009710534589268644,-0.011784929811589092,-0.04428836974869155,0.03278362996292892,-0.03202192135135833
0.068356797531867,-0.16461165125534413,0.13153082409841307,0.14351130046247143,0.1156954278072769,0.13820031696998114,0.08898693908284999,0.13851138247138095,0.17491607851068716,0.044817347014112864,0.134620511459733,0.10342418366092856,0.1525386053102303,0.012474621269446484,-0.009993594755099878,0.23367213949531934,-0.042358434939827126,0.5113414565730442,0.047911000637291826,0.422246186016643,0.05118860391121194,-0.28558867722459186,0.06065068152794869,0.029446685599187915,0.06448020620983681,3.093393810738294,0.12769184998605382,-0.1544612162343873,0.4354194152152057,-0.3591962591189031,-0.1767484028844477,0.029101079859557625,-0.42955172181955403,0.18279049761064162,0.44568412021949716,0.13610886541596307,-0.02325953390887587,-0.10577299209060502,0.2788287692763113,0.1870356288196301,-0.4790329135244494,0.17358147112865366,0.21179562260174523,-0.21104106122976654,1.0731097434094807,0.11730854547818169,0.0280324620377811,-0.03279306450298032,-1.1155964792941595,0.26099354692486043,0.10198054695238594,-0.31731012015457044,-0.12856631013681252,-0.10124181424507873,0.22788477624311046,0.012522991769036417,0.18441290320017273,-0.17942230730185646,-0.22674375978036998
0.17066702417182272,0.1817481095845761,0.2515783994062925,0.13464855375435938,0.121869235643037,0.17083389533371704,0.12146117707178117,0.14855324712505344,0.05701668020198247,0.15524162240061024,0.16193043756433362,0.18667085103869385,0.12195414474013043,0.14731231863139252,0.15342673838565218,0.2416013661755209,0.21836351879718494,0.05291305732502712,0.07738051130438162,0.2889382523899616,0.13887874772075537,0.25830229043365754,0.03777202340091553,0.2076585914341018,0.17826431689929584,0.12769184998605382,0.7030709996453273,0.22250296824414859,0.0826490007426472,-0.053556961098596506,0.2641531803536712,0.6825640537003557,0.04401655881498367,0.27674331991085094,0.17051520822376814,0.22761624921392887,0.0006592381639147565,0.34454532746296707,0.0926662062000687,0.16694623965434383,0.2872488347240544,0.18224484116020942,0.33417767058456577,0.2086757808218154,0.12383628737986765,0.06327878493364948,0.06268727673244627,0.008880881336762736,0.08490291423456198,-0.017006472895114658,-0.11292749636748405,0.010422390756048033,0.1259149405770219,-0.011071469909910259,0.01981188405537345,-0.004190538243929552,-0.05640712643371465,-0.03273390059879831,0.05668388025170047
0.13123576320351918,0.3416897686846087,0.2959521886017453,0.08671583387763712,-0.014333746831362284,0.17571542167360438,0.06846576818283157,0.18354323439613146,0.06783423673063979,0.1198215127811862,0.13338068965163902,0.1535954326233745,0.10889398137780006,0.14732383521424358,0.0799672087916761,0.29835385003195386,0.43637962587308676,0.038389582426432874,0.11413320162016263,0.07667559949969203,0.16160264094880383,0.5689299145918636,-0.6432300277758213,0.22931510208996267,0.23296801678146634,-0.1544612162343873,0.22250296824414859,2.486096557879327,-0.14502853958474105,0.0697057071622585,0.466738532087633,0.4596303112524737,0.35919278888479067,-0.028220768477113214,-0.08100769874735066,0.28138871607204347,0.08266350594683965,0.6484745784748781,0.18545767387019546,0.15606675685966123,0.3489695337812643,0.14617410417480894,0.7445287507726294,1.304943540224366,0.2911469545839087,-0.2770624134021834,-0.017225162830352598,0.03526526777684131,-0.0009624753283712965,-0.5101410069400296,0.0009511451445647636,0.4998374379193626,-0.44329514531867403,0.15125117809104624,0.2717460251367828,-0.03783637405254329,0.0443398468011519,-0.23717253415485406,0.39280093422544227
0.27511412682343384,0.16681249313314775,0.6034885489057863,0.09396558366157964,0.031025016570465195,0.15729708435176043,0.19705333915219558,0.21290920016563275,0.0799291507318072,0.223226543241646,0.21455523057893733,0.23616386247667573,0.2007545550464117,0.053245752860475094,0.09379528073779536,0.22203949062094716,0.25047635177403116,0.3409339082653535,0.0819607274449011,0.39917000925048834,0.1693759552073517,0.16051930739985523,0.281271166709326,0.09206637774473786,0.5399643685423037,0.4354194152152057,0.0826490007426472,-0.14502853958474105,3.460151979450117,-0.43381777893595497,-0.6275613882585828,-0.39121670436898287,0.08843866821190952,0.596962127078403,0.5279462804502769,0.2718543156573708,0.24483993843841975,-0.16187231146547115,0.3483685302964992,-0.008367450597419541,-0.4246575353382786,0.20667254492961792,0.452512474457236,-0.25390661584887797,0.5431128910273574,0.38086899717317896,0.18791651226779063,-0.03557819112109872,0.0009119976305585649,-0.2631859898659701,0.257134686158999,-0.025334179962796168,0.028314912860961654,-0.20668785483600266,0.12154048465225635,0.020901670210166853,-0.12162602531937128,-0.21491616936386163,0.11069367680879375
0.26723514566680456,0.06792318986147117,0.2459688638623882,0.024697391346519965,0.1373713766164422,0.041693371526320064,0.12316581513441716,0.050629494895485266,0.09667852516828043,0.22686122146086027,0.050859868162923996,-0.13587500919112339,0.05262049277224852,0.10054202199520651,0.32304049592852124,0.0539765117995551,0.02396234408655534,-0.12513016449205533,0.015190968687113927,0.06881586111712029,0.1895750711490898,0.47523739686806604,0.016338097159703743,0.47298641055072876,-0.09463242257979554,-0.3591962591189031,-0.053556961098596506,0.0697057071622585,-0.43381777893595497,4.490670370526858,0.1363018313808608,-0.5512327395302798,0.6727156735269756,0.011266714017573606,1.1626818848354799,-0.12807775445978223,1.6080278227479472,-0.07565175439523818,0.6587997706626665,0.3320267041570655,0.4164979313179092,0.28878340369380867,0.956783663484264,0.501575406035742,0.39747126949333805,-0.10498625204323643,1.635723493318727,0.1134511139022261,1.6343437479168592,-0.4460647738554618,-0.23259206838597213,-0.807954439310951,0.8706165008942942,-0.05902796832765062,0.277614969630437,0.010238691132989272,-0.016363319430513182,0.06843447667054423,0.035631759988794906
0.38138621465316785,0.16218475301128918,0.36221896296840744,0.11467732459318035,0.12641376153357162,0.17699279242626023,0.1655542508774263,0.1561629093437621,0.051646444850860646,0.19539204039518637,0.20592430736183084,0.16542846150880441,0.11152511163442325,0.2070515510852128,0.22592842182424494,0.15618204841726824,0.30661949145327877,0.05828017320023918,0.11607983372907053,0.2690420759668252,0.29196025739091636,0.45945647213507634,0.18089966995739373,0.12721385711163083,0.36316556568645586,-0.1767484028844477,0.2641531803536712,0.466738532087633,-0.6275613882585828,0.1363018313808608,1.656142580814565,0.4168999592305338,0.13076106287943293,0.07182789168688553,0.3238966076943164,0.5153865173070956,0.24436267554754018,0.5456525931683264,0.3923911258702244,0.25660658149340526,0.697525375913891,0.2886514244533348,0.27412655443164974,0.5097371881847043,0.17007762735536391,-0.04016614353637985,0.08549826419785521,0.05502164847637102,0.469905979808865,0.009097840587754308,-0.13707154876942895,0.13119898837847768,0.08397925896544604,-0.0670492560606942,0.12961511184891253,-0.011253259817954001,0.008349515979969906,-0.05142017737289048,0.002767023377594717
-0.030022748154263895,0.2004498436174795,0.13188784326125344,0.2576543888488063,0.26753892565048104,0.3007212700712588,0.13767082554469615,0.14233669320282744,0.03252903034352979,0.13361495369203738,0.1618187041056416,0.24111135758962482,0.08124163796851812,0.17089168602341262,0.2185179406669245,0.3458914255047766,0.25401279453761344,0.004949012042738528,0.14315893309731476,0.3052518269035521,0.17044865380928945,0.48501640877615354,-0.15346247485940911,0.4323016353387866,0.24940013149794693,0.029101079859557625,0.6825640537003557,0.4596303112524737,-0.39121670436898287,-0.5512327395302798,0.4168999592305338,3.511932969655598,-0.1533384918544317,0.9081157113131948,-0.4993603762445101,0.22404453578955186,-0.7467491188156246,0.7188151988091168,-0.48617968550314256,0.022232199915269882,0.5137503961017359,0.1504041008588477,0.18801811716451564,0.3697294493600452,-0.24061659661311074,-0.06264795638244049,-0.09874092593064278,-0.04783729572773287,0.17798902215112208,0.11307524037566276,-0.15354595839547835,-0.06841214507020517,0.1583625138730954,0.0635221028846624,-0.23334047511033534,-0.07276635952571796,-0.178614253609183,0.026437531605191383,0.1927616971985319
0.15562097345668294,0.08630943902337328,0.1938217754794302,0.05143872270923924,0.02266258095672905,0.06956707039230677,0.16133764884953358,0.01484484379428459,0.18606879722926434,0.035617610973252604,0.055889647857526835,0.09085180615335342,0.09205694648132262,0.008075104232427717,0.048030094976140976,0.06275024834345284,0.24785432045044417,-0.053076031128167514,0.00514591661157006,-0.14480237793184725,0.22619716268141107,0.5949435380368838,0.0774649040748261,0.33872616703509345,0.025756208996445963,-0.42955172181955403,0.04401655881498367,0.35919278888479067,0.08843866821190952,0.6727156735269756,0.13076106287943293,-0.1533384918544317,2.01356223082567,-0.35370797407844473,-0.8746848799621569,-0.055900864520872826,0.7554919326944409,0.5498868147526589,-0.49140912871964976,-0.10651116919395845,0.12677010343931525,0.15763203045914298,0.728484921867447,0.4976608416672906,-0.17361147603518726,0.07177029986798525,0.24233222540844793,0.09547315740690608,0.02593657461320384,0.08534273646628625,-0.1524438503127661,-0.03931653616010675,-0.10567810003304434,0.07487926011775575,0.2759162953487513,0.016078205808082262,-0.23600221321869952,-0.33388637565161194,0.5879552906858886
