1.0910302270582426,0.4079828732350773,0.3359196350546112,-0.03762161218784345,0.27353069299758126,0.21229940876770204,0.30726824813697984,0.22536243648362642,0.0979681835079598,0.16730341357376333,0.19992144611159002,0.20143328177297862,0.18132889109382322,0.2213599824622096,0.2172027119089871,0.21021381000212158,0.18142677134913027,0.18096117609855875,0.05599146083717638,0.17818881222712818,0.22331548626912523,0.16177092220745562,0.12555349723091888,0.08025345954549454,0.21440622125527947,0.12204068417428517,0.1638280200802966,0.12145654398016596,0.22765250281466604,-0.0033645625904409346,0.16554761956869438,0.11840416854902655,0.09809392253897799,0.06487536916552862,0.2148676417248649,0.19218935611367685,0.12059848521609556,0.12639948851857682,0.1715663801473953,0.1381657844068897,0.19647831944161617,0.19257249633035384,0.17470422291081308,0.03413994559660711,0.11843553373198237,0.3031886724622201,0.26794270205908766,0.02845298759982166,0.0069993271751614345,-0.09141160988816772,-0.0280693908303862,0.0003066405248495982,0.0599830133703062,0.01267636359352882,0.1644433622410133,0.03575005021993239,-0.17726680799694702,-0.13571038746214034,0.16472034189964563
0.4079828732350773,4.817679289815423,0.43164653391908797,-0.39801492972902125,0.25100802756220686,0.46122043051360845,-0.011516382625545404,0.1152028859982329,0.1527429543003522,0.12976982741039886,0.0758126041861808,0.09719415897092207,0.058690079779528746,0.11998435382847196,0.007578196017563218,0.055664823927177004,-0.036922431479748635,0.06858889598611614,-0.30692080564980395,0.2869028878348475,0.3537342842068779,0.05857927365715018,-0.022111221834243314,-0.06502051311945238,0.05419601080361887,0.34629860820652847,0.08787260926921259,0.036432763131117964,0.2500613299026855,-0.18780664658637639,0.0400084966617288,0.04912512900682959,-0.10796899393728956,0.15126041501612025,0.07003350497888253,0.06074894089673697,0.0568052984296942,0.21384759782703988,-0.13952599489369916,0.0869651799467221,0.0856469384868644,0.2502380723917632,0.20460250365080856,0.003929967788400254,0.36203836834051983,0.14429975927414848,0.29892380349576336,0.0022788919516738134,1.3161453913270185,-0.6703659285732848,0.2664025101525982,0.36032150782551814,-0.02712696457296482,-0.014126776276965158,-1.0330145949751957,-0.01971610626206097,0.21504573283830505,0.8377291472120663,-0.4103372604745968
0.3359196350546112,0.43164653391908797,2.471085528194142,0.24086226036091465,0.045398440478961494,0.6190026117949177,0.11842973928584967,0.3271545986661583,0.24919710192290107,0.4929185853832182,0.4117931826391322,0.4450207721831608,0.3972694318223266,0.36405765153535574,0.3180808685067994,0.4102177760668135,0.49952958000750775,0.28084053707256335,0.2552412914572021,0.3670087927202027,0.3841002074793638,0.3537028383957214,0.15237918620852084,0.25713818904338626,0.3545074971286188,0.28281509265227933,0.3625447958359646,0.3567294839507996,0.4830938035623041,-0.4481860233025789,0.31569031773890954,0.32312725712289053,0.2546245882352693,0.4125236742853564,0.44597879341982516,0.4804476841898482,0.44365528650009356,0.2967586243119617,0.21608468318003618,0.08761699571179526,0.4052454942162479,0.36877107056761965,0.30045577017801545,0.08307160557742067,0.30915408766478425,0.7150624044113165,0.7111286305413649,-0.025846278564182347,0.33540140603891344,-0.024972957918313467,-0.10637960815377862,0.19010235943340234,-0.0370794779241746,-0.06070936619530022,0.04015501760201366,0.03581504837808446,-0.1797648055089232,-0.263619090480928,0.2683752448853128
-0.03762161218784345,-0.39801492972902125,0.24086226036091465,2.8929534915693282,0.7142786152289641,0.521086268742112,0.6923232688439601,0.9098840465753246,0.34153645736076566,0.42409413583220384,0.44032112866030754,0.5603942424278477,0.39675175896141796,0.675826441804653,0.359757076260746,0.6154695148557431,0.5713559173364604,0.32421308747193195,0.14157852316982325,0.4208621712585005,0.35572670240967963,0.4289925851301119,0.4137093192383917,0.43065804958085474,0.4118387439573419,0.5418571752580378,0.39799562742270295,-0.07574996913884677,0.5648880832369835,0.2582988683990007,0.24399258330659201,0.4338540257962625,0.3497048687471908,0.5610203743727232,-0.38500358019795156,0.4020688148168889,0.4579712951393828,0.3051451317220908,0.37970182233180455,0.13887546012606058,0.22945933875159027,0.3663629096810967,0.4034956568607673,0.03648013907460908,0.1369432987838008,0.5121762131226297,0.8071381507747987,-0.16607453246072315,0.8859057407886902,-0.2537398476807604,0.006957850266969449,0.25572560334414307,0.12499853710133045,-0.17281626433881148,-0.3350229208111544,-0.022293480566972366,-0.35131997982081,0.46764709398587817,0.06279518871803441
0.27353069299758126,0.25100802756220686,0.045398440478961494,0.7142786152289641,1.7627517837863966,0.5561549515433214,0.3627550582571009,0.6096482828929908,0.21678893286014295,0.24033773561056643,0.3675153433257464,0.4423590664267939,0.35041467684808125,0.41189245127928725,0.3058999820466828,0.43975859445858534,0.382987900050256,0.29848693159420503,0.0544115072540978,0.3695009443299847,0.3010411466458568,0.3063598642052673,0.3549253683908142,0.32885842185300856,0.31702031342214304,0.4067698438469198,0.2918451870816965,-0.12801557585729847,0.5099598073955949,-0.010089757556546253,0.20724339263668484,0.36810263889099726,0.2770525648045078,0.4560891468120436,-0.3158232814184415,0.35224158717504983,0.351983251621562,0.25219009787610985,0.23507281052160478,0.09991299858988756,0.16132872329674544,0.3113415721570369,0.13852912129094494,0.02201936038955752,-0.025233397927476076,0.4101271168773099,0.6774969973621144,-0.059905403045688324,0.5374805041754437,-0.3197706405514477,0.10307031374478273,0.15776033989439214,0.2423095460880442,-0.17206064748399127,-0.15338056971408034,-0.26591517535993936,-0.3310379588179668,0.009322322401592628,0.6204569367358105
0.21229940876770204,0.46122043051360845,0.6190026117949177,0.521086268742112,0.5561549515433214,1.0753535327100325,0.030238867008784046,0.4122001360024375,0.2088056914164018,0.22903863764432766,0.37622268085192995,0.427202255192464,0.33434986646274106,0.4854844652905229,0.25470293009150347,0.446517478356534,0.4423028820783803,0.21586047523587978,0.15236503136418877,0.4414451206530408,0.409246083836118,0.34065119486467665,0.19958830915573114,0.25412586122103764,0.3245263467011442,0.3610081652825289,0.32093972624401657,0.15956467884462225,0.5366875255298077,-0.15268066961266924,0.2018026170976895,0.38927042764033626,0.10456892241737699,0.46438238565051676,0.16198501435925775,0.21749978223705957,0.3461805022924166,0.29955928116236386,0.21574729421870345,0.17288720319470297,0.22031532058537473,0.37197541337674184,0.3722859292766703,0.05657275762571257,0.27018339410042413,0.4150855292735138,0.858234541064038,0.13341206930322877,0.2840329173450593,0.011727839975095957,-0.2605544907734255,0.2358492704393413,-0.1084176054862747,0.013967690123421942,-0.07010964333860437,-0.09755188459832505,-0.28651245860245883,0.03801749644594861,0.32968233458191015
0.30726824813697984,-0.011516382625545404,0.11842973928584967,0.6923232688439601,0.3627550582571009,0.030238867008784046,0.9790741006217512,0.3161501044321452,0.15213471239663945,0.24994305037545256,0.2882233460897461,0.3094795952232901,0.24690526277534827,0.13613724223254633,0.24334573268497295,0.23093594698322112,0.29272700233033305,0.2759627267219475,0.0872542704934326,0.21820819240982012,0.23190339856734515,0.2320808543253216,0.22798957334633488,0.23242524590675936,0.21428535523321346,0.1728154725473767,0.2283634641140511,0.024507254013840383,0.2145184628787179,0.18697510012972868,0.20581361861580016,0.24055572577881812,0.23048629358860648,0.21634176111984588,-0.047455640153257664,0.3152814695994095,0.18730108133582274,0.1453416664625237,0.2829508784828541,0.1295123043141607,0.16071303193026104,0.21227608222277897,0.1980147111242658,0.02598286230015635,0.06764754749180461,0.34790652493276425,0.1337048742632146,-0.14359891833959224,0.27114596486075343,-0.10709372600303262,0.026883376708155507,0.06410973731656124,0.13033799870397586,-0.08696224589498354,-0.027799508345894817,0.12262959152481823,-0.10137805420940225,0.07017046746172995,-0.084219592121066
0.22536243648362642,0.1152028859982329,0.3271545986661583,0.9098840465753246,0.6096482828929908,0.4122001360024375,0.3161501044321452,1.185226619315201,0.189028124763403,0.38962384175386056,0.3012349155561112,0.26529777983281705,0.3208428582745413,0.5161856870464233,0.24475071383148655,0.41191362127220155,0.4568063337140275,0.22191718029568291,0.16349018334719984,0.4155313019647612,0.2701572597697179,0.2886594046519168,0.23309157483850979,0.27667569860484115,0.358870404152668,0.41781565065651727,0.2788893066341185,0.0571530275521193,0.47860736851735824,0.24039328329136087,0.20682969363689363,0.19967497826186703,0.20039195873078522,0.44770036985939127,0.15804924757519392,0.2186216767083908,0.4772691447598004,0.2608895710327488,0.40102715504356384,0.1697202175468682,0.2587794874723291,0.2891589432324475,0.35205585066057327,0.05363821067021806,0.22723279554951104,0.422861016227379,0.8040676586066071,0.03743150624979137,0.7843501392675154,-0.20924854644703,-0.0233234298276089,0.19028131904935655,0.1912096160566015,-0.17083603671582176,-0.18894497028113233,-0.045985938186361944,-0.3894620636056967,0.35709005548212835,0.1725529315425918
0.0979681835079598,0.1527429543003522,0.24919710192290107,0.34153645736076566,0.21678893286014295,0.2088056914164018,0.15213471239663945,0.189028124763403,0.8154734954969693,0.10542482193435036,0.12537485267826376,0.1311170024609843,0.15738368561485075,0.19900749176822422,0.14432468028457496,0.14236961323557912,0.12297042765088873,0.06828043292287131,-0.07357879162622007,0.20351920115532704,0.18092012677844346,0.3135484280008719,0.18593838849116157,0.240856446468126,0.1107054201110338,0.3842966320026648,0.1619248219684367,0.008814937488077459,0.17620502217774173,0.04210379752699735,0.15373579252399036,0.2763585785407295,0.19153239469060873,0.2720681700574092,0.030983204647177243,0.17474231947537883,0.19633286449084172,0.1617242139798168,0.10663847722166583,0.06591990422067391,0.15373187659452392,0.18628793963813084,0.1763303642981961,0.03769081044132333,0.029272211672881517,0.2665190617142876,0.325389876771288,-0.03770139820218255,0.8493069828092861,-0.33917781303311056,-0.02763639042314847,0.09907557468018266,0.249294969801948,-0.0818768247284313,-0.06680396852130364,0.028583451335015338,-0.03164569764419909,0.010319809885590383,0.052471854160202266
0.16730341357376333,0.12976982741039886,0.4929185853832182,0.42409413583220384,0.24033773561056643,0.22903863764432766,0.24994305037545256,0.38962384175386056,0.10542482193435036,0.720766851251479,0.24900747488938946,0.26105038938235503,0.2674146950519811,0.2556522419175692,0.24125263340177333,0.2570264348549303,0.3030453967430935,0.16572286193339547,0.08007073420159201,0.21100208079123386,0.18980324261640547,0.21300687311795719,0.17909851172364222,0.19391354919293374,0.2480150859207397,0.20525570772233778,0.22098822659851755,0.08748938423688027,0.31667303993154683,0.020971041513751797,0.17086671262742323,0.2144798193996873,0.09326094784297102,0.30372870530200163,0.21053414257536635,0.23722367059363852,0.2631555092901372,0.13866224248452463,0.20549103120264475,0.1342589831731483,0.31188579860661875,0.1993665797832923,0.2167479210979987,0.05139421939779573,0.07042550459029932,0.37596832665868274,0.5528859278530034,0.0027163153087217877,0.33418974485014435,-0.09585252986219064,-0.024412148454352252,-0.0350215024068672,0.13361567247711767,0.006770134225901676,0.02877362046461328,0.06446877889459326,-0.005877480078932648,-0.10275717260295984,0.04638513757606091
0.19992144611159002,0.0758126041861808,0.4117931826391322,0.44032112866030754,0.3675153433257464,0.37622268085192995,0.2882233460897461,0.3012349155561112,0.12537485267826376,0.24900747488938946,0.590392712651944,0.3815067537782739,0.4131787123729085,0.2721389032842541,0.3152951026937022,0.33956626529812484,0.4001157558235081,0.2600627316346919,0.08943381671033428,0.353552153759597,0.28353332719905167,0.25731957554394064,0.18025846481362018,0.24263170908805035,0.269857936524717,0.2543732592851532,0.30787782393422564,0.15881573772598973,0.39047354804089257,0.02431413745390429,0.22980148215818283,0.2897836370792784,0.19283988097395074,0.29820980270625685,0.1959659400544151,0.3048523464497066,0.2740597109607293,0.2127527482062672,0.2820063280983733,0.17540205463461037,0.2641077056669353,0.284352744619864,0.2830377386051469,0.04947954607695788,0.1470507555443766,0.4365559012715066,0.48079843197039457,0.003848590405824189,0.3528441476036158,0.006334375720520159,-0.10677186835154005,0.024297111003226082,0.042806212308768896,0.002356013976932041,-0.005879881960338572,-0.005773622102348628,-0.14173483259348674,-0.025221940743249904,0.13338086731690818
0.20143328177297862,0.09719415897092207,0.4450207721831608,0.5603942424278477,0.4423590664267939,0.427202255192464,0.3094795952232901,0.26529777983281705,0.1311170024609843,0.26105038938235503,0.3815067537782739,0.6693627562691885,0.2642591352157334,0.31256243243349024,0.260516090014634,0.36726213592998314,0.37172318938578586,0.3357486522150321,0.10319451163102668,0.27144780282172426,0.2925299295283625,0.2470651484807624,0.2227446509961161,0.22060883870767242,0.3041974276539338,0.27824547177770814,0.3186191399163027,0.11813546437473829,0.2927506348483288,-0.06293038064554006,0.23779147837884732,0.33098997990971063,0.17632059813138845,0.29668773713605173,0.16402243784021614,0.34983292250996956,0.16719503540013755,0.19703077833014068,0.21028936096118986,0.15888824260376289,0.21314497336276886,0.2797731385611904,0.26907049239107445,0.02970964971543254,0.20555998025481445,0.43857232242712885,0.49822945424377063,-0.0031305091205804706,0.026097710318477938,-0.07914135836230826,-0.061027592496992085,0.003930064563392911,0.06517732867862978,0.006554900270959081,-0.06026296293374971,0.06327241575284061,-0.20691142694730358,0.017038207367041903,-0.0014558799261311821
0.18132889109382322,0.058690079779528746,0.3972694318223266,0.39675175896141796,0.35041467684808125,0.33434986646274106,0.24690526277534827,0.3208428582745413,0.15738368561485075,0.2674146950519811,0.4131787123729085,0.2642591352157334,0.6557438762091511,0.2747695524825226,0.1737899308797264,0.3318614574620867,0.33748299066933796,0.2580541894100448,0.16800100587239988,0.2650765871632303,0.25838748671650086,0.3370105632623083,0.1697451302798151,0.2735518237383098,0.23172401431955145,0.2699389762675165,0.3048337496089674,0.17986017198669985,0.39985216302410725,0.0537054769264418,0.212028026184394,0.26998115760773955,0.2521908982632192,0.26695221451080076,0.16892669113242934,0.2910541375062009,0.2982533282389746,0.16228947677195169,0.29362330754735644,0.14278867997597347,0.2280523116580477,0.2616004196078148,0.2703089250354671,0.062299476862953986,0.08185489978492812,0.39597300588872003,0.44225271279238637,-0.027326395635050914,0.4806284455795385,0.09786724272651598,-0.08664189304481688,0.03833060556343615,-0.023538463840732344,-0.06156412098319256,0.014820213085016628,-0.048745176316846786,-0.07864620079481426,-0.10245135198198292,0.2059091133820081
0.2213599824622096,0.11998435382847196,0.36405765153535574,0.675826441804653,0.41189245127928725,0.4854844652905229,0.13613724223254633,0.5161856870464233,0.19900749176822422,0.2556522419175692,0.2721389032842541,0.31256243243349024,0.2747695524825226,0.6824568609373465,0.33557222698905015,0.4695614728447127,0.36932217236473236,0.11438241170276946,0.13690809606696766,0.3276373474473508,0.29543034965131626,0.2600665583013013,0.17676174340685888,0.2602683748983245,0.3052061015572375,0.36948662714236225,0.26800689614335405,0.16183749646245713,0.4079029108016016,0.09889861883574932,0.16404616026251959,0.28251408170732994,0.15316354336928237,0.33706385098362723,0.23561143135567672,0.23924746874777345,0.3067479461421691,0.2276011003213388,0.19629629466507922,0.16623623989556843,0.30204371473880137,0.30582418187208693,0.31646999569945455,0.05567679362711786,0.1393463748976279,0.4189935107707613,0.6605606155936271,0.08619641693044626,0.7038429634770081,-0.11128839853600116,-0.10712815217302563,0.05273818460857887,0.053267365219359854,0.015162332863733302,-0.08043594693486553,-0.019463278920738437,-0.3742062386952286,0.17125021201935345,0.2840629302463684
0.2172027119089871,0.007578196017563218,0.3180808685067994,0.359757076260746,0.3058999820466828,0.25470293009150347,0.24334573268497295,0.24475071383148655,0.14432468028457496,0.24125263340177333,0.3152951026937022,0.260516090014634,0.1737899308797264,0.33557222698905015,0.8941005959030937,0.29274390051543553,0.3633841173895305,0.15071737479665645,0.12270441910187059,0.3754236995865512,0.25946123827718365,0.09057134384966127,0.1331556378991967,0.26581913674179464,0.2628246442325565,0.1809380640825327,0.24942038609882952,0.2649821445230745,0.3251347086831296,0.246928440040468,0.22198811513134845,0.2707183016904323,0.22841511181141974,0.23848758392097524,0.23357235935056656,0.3211676197726243,0.2962787050081419,0.22990492673162852,0.2561802410862717,0.1763817329495142,0.3489315308378226,0.2745732547055667,0.24035391876003223,0.050329681971642434,0.054420243750621815,0.4943267306695736,0.45730702020744446,-0.002789554650688735,0.5767969844425972,0.16051855438276025,-0.14105283141337016,0.08506083325537662,-0.08288513294558968,0.016812527296429867,0.047465629575021054,0.09396797769707514,-0.2985008878062751,-0.024178830214301655,0.2861066001830151
0.21021381000212158,0.055664823927177004,0.4102177760668135,0.6154695148557431,0.43975859445858534,0.446517478356534,0.23093594698322112,0.41191362127220155,0.14236961323557912,0.2570264348549303,0.33956626529812484,0.36726213592998314,0.3318614574620867,0.4695614728447127,0.29274390051543553,0.7341776892993912,0.4494288342043912,0.19673333334602575,0.16611505961455705,0.31886375840825826,0.325944580438537,0.35067172111669287,0.18430885003933517,0.25856397269111414,0.29911077325624147,0.2625198764046427,0.33665236293238776,0.19770774285973092,0.4375243290690966,0.06838931385670621,0.21366819251223693,0.2903430969088888,0.1675120600576265,0.3490946717014689,0.36031082261467495,0.3080622023413524,0.3227387990779351,0.22592644697345723,0.26314962736781644,0.2011503601151699,0.32432221004213346,0.34870160010838186,0.36359628726635634,0.05990401309150328,0.17779234750189019,0.4627361255172423,0.6200560852570919,0.048225804240719976,0.39596318663223773,-0.2541482938030777,-0.10441392318059538,0.047985442946761075,0.15082070779414028,0.0008401119168606658,0.01330341411697208,-0.029324473157358158,-0.3147335720391699,-0.014300272412432669,0.3270327881867566
0.18142677134913027,-0.036922431479748635,0.49952958000750775,0.5713559173364604,0.382987900050256,0.4423028820783803,0.29272700233033305,0.4568063337140275,0.12297042765088873,0.3030453967430935,0.4001157558235081,0.37172318938578586,0.33748299066933796,0.36932217236473236,0.3633841173895305,0.4494288342043912,0.9458829281730506,0.22636424331744154,0.19051467147308795,0.464066089371384,0.3215458484397753,0.30247116787202066,0.19209675925423333,0.2586217568272764,0.36019172921269255,0.1836806234027364,0.334856858720358,0.2794228956977421,0.4939142677273475,0.016177525086064647,0.2683636976962454,0.2543520556236099,0.2417700127206218,0.3435484203840917,0.24760782757302202,0.3293375363475316,0.4980643612469554,0.3009978477799923,0.3776016813368884,0.22420781411072335,0.35186982787295545,0.33372039989560165,0.3710966337146068,0.0658241684728618,0.23328272738908026,0.5074867002596606,0.7459134128754937,-0.0040106504800051495,0.43604381699025235,0.3771854052211084,-0.12018704407190177,0.10720238282172011,-0.18381436743192336,-0.029444752656351967,0.0797184152679073,-0.06060690131349422,-0.27152612620168926,-0.0695336324534442,0.3942034805806307
0.18096117609855875,0.06858889598611614,0.28084053707256335,0.32421308747193195,0.29848693159420503,0.21586047523587978,0.2759627267219475,0.22191718029568291,0.06828043292287131,0.16572286193339547,0.2600627316346919,0.3357486522150321,0.2580541894100448,0.11438241170276946,0.15071737479665645,0.19673333334602575,0.22636424331744154,1.080095484394487,0.12966121147990187,0.045064941523765195,0.248710366297346,0.24610546783485088,0.3764486843720618,0.21195844294380756,0.23540222578176706,0.27999265206194907,0.21080749757915446,0.26426538533595967,0.2134834406370659,-0.11412644209621449,0.3059742310864871,0.1794974423771027,0.3396554267544123,0.13598959675181718,0.013904580256038203,0.3468169479935192,0.19106914638501724,0.0931122597781906,0.17593980388681038,0.1111883139873633,0.09610474985184442,0.18471233755117897,0.3022592751905535,0.03694406290884749,0.23774317328298497,0.34132213740394396,0.29136584312619307,-0.05163592967644983,0.09055072885744997,0.43166280417595015,0.12335793235729754,0.11624225835305399,-0.41963233047924325,-0.1320250256637809,-0.006619555084595055,0.0427771319516687,-0.06020488872583031,-0.0037415718605898866,-0.07789162963063694
0.05599146083717638,-0.30692080564980395,0.2552412914572021,0.14157852316982325,0.0544115072540978,0.15236503136418877,0.0872542704934326,0.16349018334719984,-0.07357879162622007,0.08007073420159201,0.08943381671033428,0.10319451163102668,0.16800100587239988,0.13690809606696766,0.12270441910187059,0.16611505961455705,0.19051467147308795,0.12966121147990187,1.019583911211833,-0.03920229725237108,0.14421221308677626,0.11718902894975458,-0.1513363897828158,0.09170504610943099,0.1493408488322099,-0.019157063813990058,0.07476471409319181,0.273514760653176,0.10561371594870407,0.244928457842437,0.08926709943813495,0.04127021074989467,0.18108715742040754,0.003478387498102062,0.1335813088413708,0.07686745554213624,0.14144883001183525,0.002891874958055747,0.2568443231753997,0.032852960225339504,0.0639793135452508,0.10492763700333681,0.03465180131229388,0.020064048291003583,0.021959763710343454,0.1965050389305363,-0.01700114350222866,0.1965525299273634,-0.33559941763187334,0.49563467880374934,-0.032564250121651137,0.06215335127596766,-0.34606262847900343,-0.054763344572827534,0.08288039589996027,-0.018157106501308393,-0.09906565452025445,-0.037587432913449625,0.07673799497635132
0.17818881222712818,0.2869028878348475,0.3670087927202027,0.4208621712585005,0.3695009443299847,0.4414451206530408,0.21820819240982012,0.4155313019647612,0.20351920115532704,0.21100208079123386,0.353552153759597,0.27144780282172426,0.2650765871632303,0.3276373474473508,0.3754236995865512,0.31886375840825826,0.464066089371384,0.045064941523765195,-0.03920229725237108,1.3231413531695362,0.224544130209562,0.1153873366279066,0.05699831368490476,0.33974950101806217,0.28178095873802356,0.17244544894767042,0.41016870088916785,0.152247898666425,0.5267280488800539,0.5149789941266013,0.42013714421415926,0.35476844279341746,0.25484897793918854,0.492505426617235,0.28064424422050255,0.21904843729600273,0.7914213255897865,0.6923949873993879,0.563012886294304,0.36943520753239734,0.4343202151543379,0.3437921056842575,0.7730054706115379,0.060564369859573794,0.7189169965937439,0.6656883591467065,0.6829390550026064,0.27496580588788533,0.8721381519821844,-0.2628139337461488,-0.20845580805428993,0.013874837846435827,0.349445049643116,-0.04301076458372319,-0.037124750313610254,-0.083034441903265,-0.20992834009972083,-0.0019064299360534384,0.3183919530145895
0.22331548626912523,0.3537342842068779,0.3841002074793638,0.35572670240967963,0.3010411466458568,0.409246083836118,0.23190339856734515,0.2701572597697179,0.18092012677844346,0.18980324261640547,0.28353332719905167,0.2925299295283625,0.25838748671650086,0.29543034965131626,0.25946123827718365,0.325944580438537,0.3215458484397753,0.248710366297346,0.14421221308677626,0.224544130209562,0.6932097740027463,0.24957016072900337,0.11845951807159452,0.14723488893770326,0.2195102847863472,0.20862245403459884,0.23465387738570254,0.25164708676216263,0.30066916977308883,-0.0821973945927832,0.21166785270851965,0.22146548459787807,0.21003634006673083,0.21639644532209135,0.27315515890888487,0.2775910099380137,0.22304399464513291,0.19588861028979812,0.14159079803031163,0.201020065388436,0.23396954758647928,0.4845546344998199,0.2674327924504156,0.0272133212695001,0.23658583229259442,0.38513174379368276,0.570031871595379,0.010765120274563993,0.1841556512726586,-0.039497540320327124,-0.08803758201133187,0.13741493398464563,-0.05130477419380753,0.004454975082217988,-0.049159589833659985,0.01861402386610944,-0.17541030198941346,0.05046340937686029,0.12127117863855907
0.16177092220745562,0.05857927365715018,0.3537028383957214,0.4289925851301119,0.3063598642052673,0.34065119486467665,0.2320808543253216,0.2886594046519168,0.3135484280008719,0.21300687311795719,0.25731957554394064,0.2470651484807624,0.3370105632623083,0.2600665583013013,0.09057134384966127,0.35067172111669287,0.30247116787202066,0.24610546783485088,0.11718902894975458,0.1153873366279066,0.24957016072900337,0.7613266004988786,0.32106078170090313,0.25471435079413035,0.18243416172128438,0.2606448613309717,0.24746345765129008,0.05400719305480957,0.38975352209780684,-0.06571129537383183,0.17604901771621978,0.3799085689856719,0.1571479854085428,0.3680853761513274,0.13199131632896344,0.286580035898751,0.17410214884200276,0.1472425304154842,0.26105985824114125,0.10977516357347109,0.1974584178431716,0.24419078321705154,0.22788564061342712,0.07712821513202175,-0.008636997958075534,0.34402329709877094,0.4643314925816358,-0.03796385928843462,0.2673153029770303,-0.1429686407103827,-0.06111733478926411,-0.016078957004550365,0.13972666111431864,-0.06382106492027473,0.006268598795072793,-0.0021142624959154636,-0.12001500442533825,-0.05786482225352302,0.13723922704593713
0.12555349723091888,-0.022111221834243314,0.15237918620852084,0.4137093192383917,0.3549253683908142,0.19958830915573114,0.22798957334633488,0.23309157483850979,0.18593838849116157,0.17909851172364222,0.18025846481362018,0.2227446509961161,0.1697451302798151,0.17676174340685888,0.1331556378991967,0.18430885003933517,0.19209675925423333,0.3764486843720618,-0.1513363897828158,0.05699831368490476,0.11845951807159452,0.32106078170090313,1.32766649268093,0.4214481500513102,0.3127993976535501,0.09808603761585517,0.16710839381426632,-0.09836793831830272,0.48262762551859867,0.1313424849198299,0.038018752298137656,0.30554535830961504,0.32109109565826327,0.29840776924416457,-0.17954779512463515,0.4908538457049145,0.27292850627972154,0.09479279198958736,0.30453679940569234,0.14135283853791786,0.1466591208806094,0.1522126771780415,0.2011400961055152,0.13596584672421175,-0.10289440867940805,0.40545195228166203,0.5542702553775336,-0.07054250425628228,0.5026968455600157,-0.11558459707922872,-0.002940084195853979,0.19280760522127693,0.17284185957591305,-0.10938393073329387,0.02282010831430403,-0.04357211825088176,-0.13086268026289072,-0.028050634351582046,0.14624983022452628
0.08025345954549454,-0.06502051311945238,0.25713818904338626,0.43065804958085474,0.32885842185300856,0.25412586122103764,0.23242524590675936,0.27667569860484115,0.240856446468126,0.19391354919293374,0.24263170908805035,0.22060883870767242,0.2735518237383098,0.2602683748983245,0.26581913674179464,0.25856397269111414,0.2586217568272764,0.21195844294380756,0.09170504610943099,0.33974950101806217,0.14723488893770326,0.25471435079413035,0.4214481500513102,0.7850320504902613,0.26442323159650394,0.13585048315101017,0.27323534372068375,0.17902065065229397,0.3580831253394094,0.5478500860699101,0.22663540034748791,0.5466910990241671,0.6387822641536613,0.16295305939188023,0.055381140788261965,0.6546909890624687,0.32599352512018354,0.261379376659693,0.35543521962981145,0.12357541552226962,0.17617491717603548,0.23638904932303603,0.2077610627548401,0.06189949925386497,0.024966036272351003,0.5955575837129374,0.5978979906143865,-0.3723111705501686,0.9802545233205155,-0.06513541740954568,-0.18488199426284976,0.1033426517587266,0.2784209401155901,-0.13765116376428327,0.05533014747165729,-0.07703499352458804,-0.15361843944562248,-0.16778131701759838,0.3708877237369444
0.21440622125527947,0.05419601080361887,0.3545074971286188,0.4118387439573419,0.31702031342214304,0.3245263467011442,0.21428535523321346,0.358870404152668,0.1107054201110338,0.2480150859207397,0.269857936524717,0.3041974276539338,0.23172401431955145,0.3052061015572375,0.2628246442325565,0.29911077325624147,0.36019172921269255,0.23540222578176706,0.1493408488322099,0.28178095873802356,0.2195102847863472,0.18243416172128438,0.3127993976535501,0.26442323159650394,1.038288705366472,0.19718672606391136,0.25020431404791227,0.09096334532591548,0.7485097079351242,0.23324120262975592,0.21396516769874815,0.27079542995252914,0.09792867470292081,0.4687943391522864,0.21684150900941407,0.3062190932950655,0.44688134840532995,0.21150957873973372,0.2879960721404256,0.14127593889975526,0.2954665191405269,0.23632808200321018,0.3158200402386823,0.07570144994088315,0.22452908372520686,0.5604694112380912,0.5566793532648849,-0.12972875815595086,-0.15462625221070112,-0.2544987837354083,0.011738535302820565,0.028503699058640874,0.15278170450246906,-0.021731564763970763,0.007857932812617874,0.00266166193410154,-0.1615457611478321,0.05796952153149873,0.020134009050722698
0.12204068417428517,0.34629860820652847,0.28281509265227933,0.5418571752580378,0.4067698438469198,0.3610081652825289,0.1728154725473767,0.41781565065651727,0.3842966320026648,0.20525570772233778,0.2543732592851532,0.27824547177770814,0.2699389762675165,0.36948662714236225,0.1809380640825327,0.2625198764046427,0.1836806234027364,0.27999265206194907,-0.019157063813990058,0.17244544894767042,0.20862245403459884,0.2606448613309717,0.09808603761585517,0.13585048315101017,0.19718672606391136,1.5424218445058713,0.20485352065139448,0.09458441561237514,0.19387948892837495,-0.2574610221073035,0.1889148567796155,0.27278360280068414,0.06418330428183722,0.44668189933971764,0.08233846235121577,-0.037817922677601694,0.19944789088854187,0.14092252974603203,-0.3134478840961059,0.07316160980877337,0.37218001014616375,0.24582549357533034,0.2671880071927179,0.011899169732888265,0.029588020181413037,0.2709678597928966,0.3183184074875474,0.38330959005477977,1.4933142243783653,-0.13474858296120062,0.14209337969659014,0.0014369269765610129,-0.10367844821939266,-0.01173750366506805,-0.401432268432884,-0.0337508511445542,-0.04340201021506991,0.554196969065505,-0.2851174437517504
0.1638280200802966,0.08787260926921259,0.3625447958359646,0.39799562742270295,0.2918451870816965,0.32093972624401657,0.2283634641140511,0.2788893066341185,0.1619248219684367,0.22098822659851755,0.30787782393422564,0.3186191399163027,0.3048337496089674,0.26800689614335405,0.24942038609882952,0.33665236293238776,0.334856858720358,0.21080749757915446,0.07476471409319181,0.41016870088916785,0.23465387738570254,0.24746345765129008,0.16710839381426632,0.27323534372068375,0.25020431404791227,0.20485352065139448,0.5444858346108967,0.16348163338955016,0.30128841068458756,0.0846546359924562,0.2628930306531868,0.44435799240730117,0.2296336155959055,0.28932990185347746,0.21123879790475966,0.41637085789645395,0.24692412459661126,0.2684500921310226,0.2719671666563598,0.1935307187268017,0.2919847418227512,0.26999331755940015,0.41690484349590157,0.027084355150000856,0.21578644195790941,0.5007594172844565,0.453623266467742,-0.0612933687665,0.48952026655534786,-0.09061274848131612,-0.10672095059142069,0.06415073687230996,0.11306501280138395,-0.015547529642301144,0.020011378885665444,0.02983201117290114,-0.16958049317225327,-0.09700744371621876,0.2239149777820328
0.12145654398016596,0.036432763131117964,0.3567294839507996,-0.07574996913884677,-0.12801557585729847,0.15956467884462225,0.024507254013840383,0.0571530275521193,0.008814937488077459,0.08748938423688027,0.15881573772598973,0.11813546437473829,0.17986017198669985,0.16183749646245713,0.2649821445230745,0.19770774285973092,0.2794228956977421,0.26426538533595967,0.273514760653176,0.152247898666425,0.25164708676216263,0.05400719305480957,-0.09836793831830272,0.17902065065229397,0.09096334532591548,0.09458441561237514,0.16348163338955016,1.3262478593875877,0.07116984096832851,-0.2544284712117939,0.23535295377507012,0.03728957549420653,0.6158998359886225,-0.22448039823937074,0.7606024320730495,0.38659490933213353,0.37449572079812066,0.12906897681659055,0.12338428199845629,0.18719701266907293,0.3557078237059757,0.27027545873057807,0.08186413723121663,0.09124395385010346,-0.06524165699720343,0.3719261113093151,0.1403653579407081,0.0272299741345084,0.6918208250181036,0.629818724418954,-0.23892843392506258,0.7028179507553469,-1.1030699177066685,0.06703146156448003,0.18755483502805856,0.085561521594306,-0.140926096689769,-0.17189797310471516,0.1701924000039721
0.22765250281466604,0.2500613299026855,0.4830938035623041,0.5648880832369835,0.5099598073955949,0.5366875255298077,0.2145184628787179,0.47860736851735824,0.17620502217774173,0.31667303993154683,0.39047354804089257,0.2927506348483288,0.39985216302410725,0.4079029108016016,0.3251347086831296,0.4375243290690966,0.4939142677273475,0.2134834406370659,0.10561371594870407,0.5267280488800539,0.30066916977308883,0.38975352209780684,0.48262762551859867,0.3580831253394094,0.7485097079351242,0.19387948892837495,0.30128841068458756,0.07116984096832851,2.4366617055141893,0.2560351158527967,0.07024664900570607,0.1498701372851354,-0.022729603146903966,0.7096782593448526,0.13719039989549062,0.5716469385823961,1.0377248452703904,0.2222775885358739,0.2749183570413846,0.169362020470631,0.600171725519736,0.3209404539097638,0.20693382336014665,0.03783668739719542,0.22493232573684904,0.6103014713290598,0.7704559261175985,-0.28051928966006673,1.4050913494815473,-0.25076169525758696,0.0025937787635827536,0.15503008135434043,0.046442990535991595,-0.015270948528741175,-0.12814935347221287,-0.296387455804696,-0.21099033240470919,0.27461644472944036,0.22807634855931197
-0.0033645625904409346,-0.18780664658637639,-0.4481860233025789,0.2582988683990007,-0.010089757556546253,-0.15268066961266924,0.18697510012972868,0.24039328329136087,0.04210379752699735,0.020971041513751797,0.02431413745390429,-0.06293038064554006,0.0537054769264418,0.09889861883574932,0.246928440040468,0.06838931385670621,0.016177525086064647,-0.11412644209621449,0.244928457842437,0.5149789941266013,-0.0821973945927832,-0.06571129537383183,0.1313424849198299,0.5478500860699101,0.23324120262975592,-0.2574610221073035,0.0846546359924562,-0.2544284712117939,0.2560351158527967,3.8109650171995395,0.18298307752832627,0.0365717578224192,0.2520797425383788,-0.2018735790238465,0.013117723423789652,0.28177457110870485,0.4385678689345854,0.32196327513505574,0.7922703897285528,0.1854958370140197,-0.04644408840806748,0.023572887226179347,0.43962377204844316,0.07329262028789184,0.7895544692456091,0.3491379441826343,0.5761934713238994,-0.1330765271385529,0.30021882617184215,-0.23851720575255814,-0.11050241528155606,-0.7377605208603057,1.0129215226359933,-0.1003299635350579,-0.2606401159385787,-0.29889662582991056,0.08908797196256937,0.4367723809371636,-0.17684259429630447
0.16554761956869438,0.0400084966617288,0.31569031773890954,0.24399258330659201,0.20724339263668484,0.2018026170976895,0.20581361861580016,0.20682969363689363,0.15373579252399036,0.17086671262742323,0.22980148215818283,0.23779147837884732,0.212028026184394,0.16404616026251959,0.22198811513134845,0.21366819251223693,0.2683636976962454,0.3059742310864871,0.08926709943813495,0.42013714421415926,0.21166785270851965,0.17604901771621978,0.038018752298137656,0.22663540034748791,0.21396516769874815,0.1889148567796155,0.2628930306531868,0.23535295377507012,0.07024664900570607,0.18298307752832627,0.9262437284144457,0.19257853347190418,0.43275792906675253,0.07861532493167989,0.17587105125256794,0.5348955468038471,0.3070030816860516,0.3298436152176693,0.31197609355382,0.16128022140617135,0.25181037551835206,0.2448758424971985,0.2989474762000993,0.0612225927897869,0.27493478799788595,0.6062498415234239,0.4743326336875549,-0.1485310073587522,0.1345349301299281,0.10165398748562857,-0.120954418080534,-0.11771791820798087,0.14875479063458877,-0.10224686925007825,0.09049077484176853,0.06922800680838083,-0.052796961283792646,-0.1607433819748793,0.04293463962025373
0.11840416854902655,0.04912512900682959,0.32312725712289053,0.4338540257962625,0.36810263889099726,0.38927042764033626,0.24055572577881812,0.19967497826186703,0.2763585785407295,0.2144798193996873,0.2897836370792784,0.33098997990971063,0.26998115760773955,0.28251408170732994,0.2707183016904323,0.2903430969088888,0.2543520556236099,0.1794974423771027,0.04127021074989467,0.35476844279341746,0.22146548459787807,0.3799085689856719,0.30554535830961504,0.5466910990241671,0.27079542995252914,0.27278360280068414,0.44435799240730117,0.03728957549420653,0.1498701372851354,0.0365717578224192,0.19257853347190418,1.5957349316724359,0.16809391953172406,0.4456120751308542,0.09060748580121568,0.6210419210926014,-0.29384929032693047,0.29350906106446273,0.241300522707433,0.1251511166006447,0.30579605537087345,0.28916134156431805,0.26424642892980144,0.031180620409177233,0.03161848033854499,0.6466228420684459,0.5864490580070308,-0.3023268429094321,0.18739115459281497,-0.1086405019148172,-0.1474342412540659,0.18999023719542496,0.12258793778175675,0.04750596869624934,0.05763371385576416,0.1746750953273703,-0.22939167726611287,-0.2349910254529742,0.25305462405688833
0.09809392253897799,-0.10796899393728956,0.2546245882352693,0.3497048687471908,0.2770525648045078,0.10456892241737699,0.23048629358860648,0.20039195873078522,0.19153239469060873,0.09326094784297102,0.19283988097395074,0.17632059813138845,0.2521908982632192,0.15316354336928237,0.22841511181141974,0.1675120600576265,0.2417700127206218,0.3396554267544123,0.18108715742040754,0.25484897793918854,0.21003634006673083,0.1571479854085428,0.32109109565826327,0.6387822641536613,0.09792867470292081,0.06418330428183722,0.2296336155959055,0.6158998359886225,-0.022729603146903966,0.2520797425383788,0.43275792906675253,0.16809391953172406,1.822571531179579,-0.4483682927045795,-0.2361651475052514,0.7009877501667646,0.5651616916465761,0.2729484344350222,0.36529757368465493,0.08624746211379494,-0.009935390042293117,0.3021901332065366,0.1932149489578659,0.04690413021962972,-0.24543210502238919,0.7241847726098194,0.6346970844301331,-0.7203244234728562,1.180560674713643,0.2473811548651082,-0.2896031123237374,0.3090028677190404,0.09986423130002414,-0.3662360772297325,0.12272952089698828,-0.12835889746330675,-0.15852692663768375,-0.10369869898137768,0.3437454650710606
0.06487536916552862,0.15126041501612025,0.4125236742853564,0.5610203743727232,0.4560891468120436,0.46438238565051676,0.21634176111984588,0.44770036985939127,0.2720681700574092,0.30372870530200163,0.29820980270625685,0.29668773713605173,0.26695221451080076,0.33706385098362723,0.23848758392097524,0.3490946717014689,0.3435484203840917,0.13598959675181718,0.003478387498102062,0.492505426617235,0.21639644532209135,0.3680853761513274,0.29840776924416457,0.16295305939188023,0.4687943391522864,0.44668189933971764,0.28932990185347746,-0.22448039823937074,0.7096782593448526,-0.2018735790238465,0.07861532493167989,0.4456120751308542,-0.4483682927045795,1.9649197070877906,0.24786576401602273,-0.27872641262739917,0.9800667414593888,0.18383775985133066,0.003827932806413313,0.01083410020818283,0.5211884447035592,0.24904685154937645,0.4863360041406496,0.14090773726842343,0.09287045432992512,0.14141476279040388,0.6459745542784514,0.6762108632851213,-0.09010607399774914,-0.5334751509086492,0.07837071224083489,0.04196114951725616,0.3178969794464582,-0.045882624134496404,-0.034267533043262265,-0.005536571643118269,-0.22880237181363003,-0.014011803339112797,0.22663273850754337
