0.7389910263651956,0.10815844991920233,0.1646244238040482,0.07596634020908778,0.21388101255551117,0.10864142658519012,0.22788695106103055,0.1196801682809857,0.10465912661266846,0.09724178792426943,0.10941712904007114,0.15069773896395833,0.1489918307312535,0.16558779792746364,0.11758014008138756,0.13405235733591808,0.09650635397947224,0.09897941956887767,0.13204088745604736,0.07100378104941023,0.10865689110159656,0.13014318565410263,0.0014751003402941098,0.04397790511901556,0.08012702661928368,0.12388699102088241,0.10606981003434063,0.08119972676373344,0.10341687878735635,0.08359243900858988,0.10311120843969906,0.12941126897935074,0.12371564765692918,-0.009362483897960976,0.05072167995998428,0.09778693760932924,0.061701226948935324,0.10893408009388032,0.10629131134651364,0.039586163960909936,0.07655675148678517,0.0731070204827491,0.08164476856399737,0.06625680532912898,0.04632816690970142,0.0723263780424438,0.09446117005946712,-0.007792220323265715,0.14947632798814794,0.010075954858322656,-0.029981113686046078,0.014951561211401966,0.02073848214478286,-0.01355558732152565,-0.001623886407531871,-0.008026313795273127,0.0589484832187123,-0.00023886127057932087,-0.028011190577962322,-0.004741862085803616
0.10815844991920233,1.7579987415028504,0.7783828299734293,-0.161767800205412,0.05600574901293728,0.43291752147629986,0.010726652514782872,0.3025358879301098,0.16249385288859103,0.17730806055383921,0.23336270220171007,0.18776022017883834,0.218354227940816,0.06883377324448982,0.22058654697003055,0.13434963043424075,0.2788579144635073,0.35902106027297886,0.1647123218849917,0.31100884470272394,0.27903699034233503,0.16962443945980638,0.15589820027639426,0.05196691086599031,0.07851644589183776,0.1330718064763176,0.1545355868989382,0.15352767225583666,0.5147566563806213,0.15729386533327383,0.07084168418968875,0.023809323416172794,0.2382838625500073,0.2415990769810044,0.06970850841069584,0.07935491527721623,0.4276026208887308,0.1454371982029428,0.3070485192603129,-0.025377716732124106,0.01819080563430602,0.13228875254660774,0.26589714121860547,0.03247657084892091,0.5839754393432794,0.30091487386081006,0.28363737628602703,-0.030148354678646804,-0.18475166904080562,0.01408328331188915,0.12079873320616558,0.15928859887467564,-0.02690502167487264,-0.14790589671385204,-0.1507209008228336,-0.20917817535689395,-0.694927929808683,0.10770875640648044,0.6742841403396587,0.04264490814172974
0.1646244238040482,0.7783828299734293,1.9682867686112784,0.2777280213253203,-0.184912485577343,0.5447898809597892,0.2639279737358445,0.37839270974804906,0.5008032285480198,0.42223136446290677,0.3913456721809582,0.3937235962094295,0.34450165746343686,0.07849257146295285,0.3898378440539322,0.23943519356042794,0.3654058851348767,0.41395612021271594,0.25933998235288636,0.23745546069212298,0.31871885594209953,0.3940668098779096,0.2536324528278571,0.2811145932930012,0.3385622823205549,0.2711960777869247,0.2768672097643057,0.17733921129029534,0.3727234837948476,-0.20550393139724005,0.2783130197139128,0.2973689917246504,0.2469886406387174,0.3282150110992097,0.035419981130573895,0.46854837842888036,0.35057367547688395,0.14233247753034547,0.4052775193324907,-0.16831592713276064,0.01924349814182658,0.16601106899638524,0.11314968689442288,0.10064864126165954,0.7452777053775724,0.6538402760452215,0.221137624239006,-0.2663299153729613,-0.743962874958314,0.14525521597961927,-0.06201281667558939,0.37862665665321443,-0.10155840041709821,-0.2586440817687996,0.11253955449163021,0.11018224420513911,0.10506014429612341,-0.2989580033012427,-0.2626318706138373,0.134227940923654
0.07596634020908778,-0.161767800205412,0.2777280213253203,2.223091804592293,0.14364256944461018,0.3105930044683681,0.46514003987256763,0.3792234966752726,0.3047785285912646,0.24567849074460038,0.3019745678704988,0.4235345811044735,0.45963768659455106,0.512929235728355,0.3664418711366565,0.430503164517233,0.2781019394188441,0.2774384538505798,0.1605522984670974,0.27603801462964395,0.26877971410614354,0.37111804832407497,0.3305956476416418,0.38922960943686913,0.356367332203057,0.3152532743536569,0.30508164997548093,0.16526699526845198,0.3262982897198197,0.12412526880539676,0.27817641550315514,0.34604779054152857,0.30642805072550533,0.3227648976814682,-0.07215200920757742,0.2859028675507136,0.23674226670429016,0.14725617466420018,0.3587211655402378,0.13437648086762036,0.23439669920376288,0.19336329618811712,0.2699832263580282,0.23958556859873112,0.2902281072579688,0.18808796728870725,0.27919426218657245,-0.018167909482557597,0.2137566615253196,0.297999155197886,-0.09755934932424375,0.296993302740745,-0.25381157143544136,-0.18352630492931718,0.14606107511751015,0.19528222012706134,-0.07082940205453594,-0.08537284071582778,-0.29689857997905467,-0.027095775747457196
0.21388101255551117,0.05600574901293728,-0.184912485577343,0.14364256944461018,1.272901373135596,0.29628368453720694,0.1973315759229446,0.26484253209528447,0.1364673339679727,0.0795461825058605,0.2082751654136156,0.2492706268430509,0.32526116393105375,0.2881203972299818,0.2613499320306482,0.2905502431153335,0.19360524626636708,0.13368245835384862,0.43839618826788185,0.15875955066326256,0.1994263408590023,0.22625155347481346,0.03959378577307609,0.16582723056253826,0.13729851310407337,0.28522441619091177,0.19347157587489233,0.14033271527296604,0.299069547063414,0.20204060671725693,0.19229920078014334,0.3218014487639272,0.21257216626343245,0.3612092645941373,0.11225248539903285,0.1358321303420426,0.2700054805487853,0.16309800743548747,0.276035840928932,0.1547805887664779,0.27255261753918625,0.2254404771658204,0.17622303088678704,0.1406194507306927,-0.05526292351627945,-0.011987356334022911,0.22495538432204493,0.10981123441175374,0.5519919332341333,0.3532688709171744,-0.12151324628370119,-0.14404817683767973,-0.01336177718202285,-0.0960274207535313,0.03211368562145048,-0.11340284158585397,-0.05035080838739004,-0.0491297344973983,0.20196591349306361,-0.15950998483107748
0.10864142658519012,0.43291752147629986,0.5447898809597892,0.3105930044683681,0.29628368453720694,1.0343764630506425,0.031341858047226584,0.49873287102092245,0.2654152929225476,0.10491928609631392,0.38718427638652736,0.373686476545342,0.4131717565333663,0.2483081622901224,0.3397348140322031,0.24792947927578482,0.3354240270353229,0.2513527903604412,0.41363261990908684,0.3114133638589303,0.3692393277382831,0.29292502252911773,0.17372083097318738,0.2626403340189751,0.31997659976759424,0.3659970561211788,0.2816827684395107,0.17160321660752234,0.5520373902474842,0.09045981218668799,0.21885602014251568,0.36703513530653653,0.14702431106358582,0.40324696684755085,0.10773971246488567,0.20024719059303964,0.33533914372785345,0.24148914273259645,0.4544933502877643,0.08154805725704611,-0.019360617257253826,0.2116421255300661,0.305436685674969,0.17531392302635584,0.35094949634098715,0.22395122290827932,0.2698859522357339,-0.022668483140387306,0.11170491293197984,0.3850326896574948,-0.41772818670250833,0.16679139819290856,-0.10185780560227886,-0.08324332075684865,0.08770588178998595,-0.03089375118274576,-0.03797060131921081,-0.09188649589496621,-0.018283804449775988,0.17125921384581488
0.22788695106103055,0.010726652514782872,0.2639279737358445,0.46514003987256763,0.1973315759229446,0.031341858047226584,0.9394579775533025,0.1169917080313332,0.27516952603222133,0.19679037222073875,0.26094473522925327,0.40792114672307644,0.33413093927026044,0.16714486787564406,0.16721649843435782,0.27822578204494175,0.2181787411751246,0.2420121854485099,0.15393196587723734,0.2058873812230936,0.2084249590043661,0.28791555696549953,0.14530179383958688,0.24390211969546255,0.27031205126433067,0.2417653055320616,0.24536287982354515,0.12444509488137681,0.15620481274295397,0.03879412432780331,0.2315272237207222,0.30717697650420883,0.22494369747129697,0.2654335353694378,0.027694570462330117,0.25430395496850644,0.10881192374052243,0.09211552975585192,0.23095864472618122,0.09565451748731338,0.21164944453744763,0.15506240320392145,0.16444288668633925,0.1267639148759113,0.1612862922284151,0.09896537739646885,0.157294511565283,-0.023040216397153694,0.25028726346011,-0.04323756099705111,0.05286505481939188,0.14597959260749133,-0.0416251947019004,-0.056836301297054026,0.07836446253575813,0.18705810757250593,0.14801984241390773,-0.037558080773919846,-0.41220210136879665,0.013156522580506473
0.1196801682809857,0.3025358879301098,0.37839270974804906,0.3792234966752726,0.26484253209528447,0.49873287102092245,0.1169917080313332,0.8701312051508443,0.24157688557236065,0.242175344113381,0.3224877888559041,0.12054258352833892,0.4204319439176757,0.29869883721884416,0.31925274513485885,0.26218942402574286,0.3595889599030454,0.25781030591529824,0.29522374974326027,0.3030720912557643,0.3153483022831826,0.27685108046187024,0.20509787652264388,0.23131046620182286,0.20407107206829125,0.3410868872508272,0.25063979366275096,0.1543070456234756,0.4288932261378213,0.2080283590554484,0.23358115034481375,0.25912488261628464,0.19907262593715164,0.36021720432456134,0.21335137749387537,0.219370986322471,0.32461546533237917,0.15076138219544835,0.5039960768182972,0.08851853995858686,0.17541887625900998,0.20857146282150138,0.2800302816602405,0.1240260202575178,0.3430122721894095,0.22760861685270134,0.3098842740851833,0.021395378683749064,0.2794148678217857,0.332135108373911,-0.21769715726848438,0.27348839192404817,-0.0674369968031358,-0.2341719705852647,-0.003797218519782534,-0.08178478200307089,-0.03767012722095778,0.0038362420115740266,0.016639224935578133,0.041030769637591925
0.10465912661266846,0.16249385288859103,0.5008032285480198,0.3047785285912646,0.1364673339679727,0.2654152929225476,0.27516952603222133,0.24157688557236065,0.9823356355269475,0.252581278113434,0.24814827216223959,0.18388741443115514,0.23090660683164263,0.2642259902269407,0.37726963562009214,0.21277473601079486,0.2614226528559911,0.2838928242788511,0.16828496640450136,0.27188755274746884,0.24141899087983712,0.5639403800709704,0.2568470918014059,0.36466876502991097,0.3538830712459008,0.39924588553787027,0.21402213319251903,0.31549106386429066,0.12896805359385652,0.08392128455171315,0.31360931662821906,0.2855904730017438,0.36962365246250034,0.20150519848043902,0.17190667739139295,0.29094425554277853,0.3307426380541949,0.2394803661216315,0.2672214239229783,0.04088516732395176,0.12692955716054785,0.22198197953981547,0.21374503014180776,0.10219967633901253,0.1570723665059542,0.29959697771193977,0.2575360438414435,-0.13304230416817714,0.25023726380500827,0.04077099657372772,-0.10544872917501234,0.15266573474946862,-0.017409550380773468,-0.1183047922505705,0.24364830190187103,0.23745694051132213,0.0637256500086171,-0.32517524786128427,-0.2112489959322489,0.10685909412710934
0.09724178792426943,0.17730806055383921,0.42223136446290677,0.24567849074460038,0.0795461825058605,0.10491928609631392,0.19679037222073875,0.242175344113381,0.252581278113434,0.8052884615849188,0.21304368279445096,0.20991918661142064,0.1777417893169225,0.1632656644745024,0.2589540449390384,0.24039087753946825,0.20971182097911245,0.3442040973293418,0.11154707660963809,0.12343400786544664,0.1317882339352174,0.2559848958725931,0.2599949549726308,0.19520010457913592,0.24973253327922912,0.21243406105096696,0.18586133412622127,0.19364878150796616,0.27135668363916027,0.13121773179742233,0.21259939510048964,0.2160415025650406,0.16846281487893958,0.34541729767237594,0.2273176689991491,0.24448828264294448,0.25272460147883646,0.02868211951983884,0.25674296247154127,0.035100652159294456,0.31012999442258404,0.16108689390612793,0.10675756732993362,0.09305409277560928,0.19180720702432696,0.18684527709581855,0.28839140413932074,-0.05133592609053657,0.12786412445742945,0.07475723966513816,0.0205091011920653,0.01307026176288024,-0.022111471757887205,-0.052357324207808004,0.043401011626865896,-0.010078485050286395,0.19333612578506126,-0.1554444560080781,-0.09787141269236159,0.006548640391503691
0.10941712904007114,0.23336270220171007,0.3913456721809582,0.3019745678704988,0.2082751654136156,0.38718427638652736,0.26094473522925327,0.3224877888559041,0.24814827216223959,0.21304368279445096,0.5479399082929682,0.31066920617481847,0.36623121430155064,0.20635006310606352,0.37761026482869064,0.2768300134198133,0.34571673852117474,0.24001281530589458,0.20910800184420664,0.3436391476185483,0.25314674210868315,0.275027351531789,0.18265932491720846,0.2760759259778671,0.31749998514820355,0.2735916944897367,0.25910897241994924,0.23388774180565938,0.37402268055705645,0.13643615985266444,0.2536676872242926,0.3035691592522411,0.19532139784999886,0.3728996308669413,0.28364945285445936,0.2502517547394574,0.2824504129931035,0.12206432584586457,0.37850237939739784,0.09529681618543348,0.17716851989876792,0.227786185425484,0.21577919752144284,0.10675087383138832,0.3216363889758478,0.1789275528036167,0.24755524178233188,-0.029346329105545323,0.11218759813354218,0.10549464477122121,-0.13930838841712373,0.10705679920504932,0.009883987630226444,-0.04977460907470676,0.08857794476479128,0.037394581817927736,0.07423876337671996,-0.10409963762607252,-0.17592883154672612,0.06565622642035863
0.15069773896395833,0.18776022017883834,0.3937235962094295,0.4235345811044735,0.2492706268430509,0.373686476545342,0.40792114672307644,0.12054258352833892,0.18388741443115514,0.20991918661142064,0.31066920617481847,0.778367344763156,0.31736653988634345,0.24200372353501323,0.20433093249088655,0.28995437320163175,0.1742885686116117,0.27216643720548456,0.21576218164517993,0.16749059001354155,0.2308479220457605,0.24060376377465506,0.14823428537571204,0.17601977385531378,0.26746301575980047,0.35114447214248784,0.2990161342446406,0.017942890739352138,0.25797150585904416,-0.030962159528189287,0.15871761329638961,0.3981354907733225,0.16072247699749154,0.31817457290552903,-0.014168796168130764,0.2292025375636963,0.025457361850877432,0.13190485999902848,0.22486957862895138,0.10195978404653913,0.12838064541203223,0.1480173527826644,0.1975115945430534,0.15043699321966952,0.1751822995097759,0.12447816075641988,0.1757020124200424,-0.01483090149490154,0.17898742080055063,-0.005472512032107668,-0.031539082099875534,-0.01437630601386907,0.03947779152885307,-0.01749312938734625,0.10017116867448314,0.09039584922343286,0.0431811937123345,-0.09881300975703175,-0.21477096153849332,0.027308330261571197
0.1489918307312535,0.218354227940816,0.34450165746343686,0.45963768659455106,0.32526116393105375,0.4131717565333663,0.33413093927026044,0.4204319439176757,0.23090660683164263,0.1777417893169225,0.36623121430155064,0.31736653988634345,0.8029499337753847,0.38285373344741014,0.2557398759882511,0.354131170459232,0.32701340344404495,0.20583625034790412,0.30128900943963816,0.3431325554290921,0.3097185547016195,0.3169304558631483,0.19684230256136995,0.3072031490660518,0.31762992771559806,0.2739301317305835,0.34461638973910136,0.22111338766994906,0.4863814913707293,0.2110657127670267,0.25942735028983466,0.3976490744756513,0.2713813760083005,0.409342651516495,0.28641932523868724,0.2928512534346559,0.2607948246377725,0.0902371549469256,0.4868378540233429,0.10992274501178707,0.21016897460365158,0.23517236534688854,0.2795745280577021,0.14593289118662112,0.28139633160832733,0.2116292929457249,0.2748751045940522,0.0055277652212469604,0.30182393635728155,0.18485799170589923,-0.17071857593650688,0.24019714548995313,0.002004220820512202,-0.19013547517883372,0.10588353279161984,0.0025746710728623418,0.03634550591992884,-0.09491008183312025,-0.1425492359238504,0.02832366265745919
0.16558779792746364,0.06883377324448982,0.07849257146295285,0.512929235728355,0.2881203972299818,0.2483081622901224,0.16714486787564406,0.29869883721884416,0.2642259902269407,0.1632656644745024,0.20635006310606352,0.24200372353501323,0.38285373344741014,1.006090748605114,0.45989750030376625,0.49696117904062975,0.30597070669032655,0.045143261352105335,0.20348384374440032,0.34431885046025174,0.1623277866432601,0.3725692565706672,0.07839968022008614,0.25942661328302014,0.2592638936295716,0.3894622842021419,0.2928714824056885,0.39453736869622674,0.3149676948533346,0.34587784898218704,0.2373066635179355,0.34047786212152803,0.2598271141366186,0.3214585834474834,0.44883593525792653,0.21840441580104655,0.2903886921070955,0.24640521469430338,0.191245963085688,0.1256227875687544,0.42431548924568596,0.2990264142034284,0.2875398615995689,0.16736650620803545,-0.057461965138436905,0.011593194297508056,0.26301766399160975,0.079316695955219,0.7556235266858674,0.047878085558779544,-0.057946563786999444,0.01553042478309122,-0.04514695306333357,0.010304171562317268,0.013242165258597404,-0.031154325019340505,-0.07504693616821008,-0.004588286317917095,0.1217080463167332,-0.05074826348641588
0.11758014008138756,0.22058654697003055,0.3898378440539322,0.3664418711366565,0.2613499320306482,0.3397348140322031,0.16721649843435782,0.31925274513485885,0.37726963562009214,0.2589540449390384,0.37761026482869064,0.20433093249088655,0.2557398759882511,0.45989750030376625,1.145227111855268,0.4357725715181965,0.4563207164347585,0.22224983759174202,0.2565553092304621,0.43150977769309606,0.24158185855266381,0.4064137261334764,0.2808014267741386,0.3881412590367133,0.4105992562368927,0.30127606457774536,0.27737175066982445,0.5357741248513427,0.3998157499565838,0.31850475145143,0.35799449141970213,0.31684964589903286,0.37868476327236866,0.387625465730576,0.41090801913255376,0.3012306275347047,0.5861275888680966,0.21728905145537178,0.4162057982886509,0.11843185891950574,0.33933013661147904,0.34291715989804095,0.2755807212024779,0.1125629343762749,0.3399247130041285,0.26289971383185623,0.36495418519648115,0.007780676178915967,0.2955459470647695,0.7243854676432221,-0.13871494086391103,0.15647521930721003,-0.433929981091328,-0.2341971020278673,0.19565356153604116,0.08982142732114752,-0.0506542490178933,-0.1902740509881498,-0.11608787913528727,-0.14267941775440487
0.13405235733591808,0.13434963043424075,0.23943519356042794,0.430503164517233,0.2905502431153335,0.24792947927578482,0.27822578204494175,0.26218942402574286,0.21277473601079486,0.24039087753946825,0.2768300134198133,0.28995437320163175,0.354131170459232,0.49696117904062975,0.4357725715181965,0.8080181997105836,0.3439733846554252,0.17600179967607746,0.2514605786485098,0.32282896997668303,0.17856645800455334,0.47997500223468087,0.2684267181930738,0.33199554087950334,0.3773346743514301,0.24257943507727286,0.34569666038657165,0.3318256194968713,0.32653398340273887,0.32249087036909624,0.26477875804068035,0.41601767911489645,0.2811270693914235,0.39152381599711905,0.4135142247042486,0.3127855081286996,0.36353233342414554,0.21092219094524564,0.36843250494322904,0.1645500135483766,0.3607891898991726,0.3277783981465093,0.2945750340578389,0.19670214626936847,0.18952418756620848,0.14929859577637672,0.3174003007062044,-0.007509782910542666,0.45079441242913043,0.08047568862022256,-0.036081897386888905,0.030488770678363048,-0.04364422407599251,-0.10761097242139145,0.14346183651706326,-0.010794186174040881,0.04133681013548276,-0.14736195039567335,-0.07251896858935436,-0.07670388974452692
0.09650635397947224,0.2788579144635073,0.3654058851348767,0.2781019394188441,0.19360524626636708,0.3354240270353229,0.2181787411751246,0.3595889599030454,0.2614226528559911,0.20971182097911245,0.34571673852117474,0.1742885686116117,0.32701340344404495,0.30597070669032655,0.4563207164347585,0.3439733846554252,0.9200807082293191,0.19337319908289347,0.2890015724252746,0.5123838219657281,0.23456409911898196,0.3365223907597138,0.14088814004178077,0.32131134564922015,0.4277541267233856,0.2060660115895214,0.27670858516954433,0.5188922373713237,0.3690874764209261,0.2895970708340888,0.3210291760060575,0.2934568444251626,0.36504914038038266,0.3949884901373945,0.4867407149079214,0.26653002060143766,0.6000134094066217,0.26646007774438435,0.39208310003539,0.11546993809798073,0.28121199501665145,0.3743398390866839,0.2740708073575325,0.09066873876425728,0.5179477831753466,0.18336490642665718,0.361487206558936,0.02336255871370269,0.1342199882438149,0.2144546315933428,-0.07837826045240551,0.3076386502565489,-0.1008686072047706,-0.12229274292393043,0.04885264199639077,-0.00016753643352094072,0.04194595783976757,-0.06712982090339195,-0.20550563768890592,0.020595932868347877
0.09897941956887767,0.35902106027297886,0.41395612021271594,0.2774384538505798,0.13368245835384862,0.2513527903604412,0.2420121854485099,0.25781030591529824,0.2838928242788511,0.3442040973293418,0.24001281530589458,0.27216643720548456,0.20583625034790412,0.045143261352105335,0.22224983759174202,0.17600179967607746,0.19337319908289347,1.149698492556392,0.17406705284200627,-0.005110274070740699,0.3364625918871852,0.22724937409189486,0.7132486355505244,0.27678218878777716,0.372590332143615,0.3137551618676845,0.07351144723661965,0.2793374100204707,0.30174867827324187,-0.03090208472490794,0.3202987389680907,0.190456831583046,0.41346764198638386,0.3089749478866648,0.026652136538412103,0.15052298788546675,0.35090675143556094,0.009846311828639476,0.3496378073037247,0.11935382420090453,0.16810169868538832,0.11856081293078294,0.2888531928073881,0.08111464846699432,0.5937038906575294,0.2622653508931766,0.5096868202516709,-0.016889817040156355,0.0025640048019831873,0.158561570564994,0.05446333901820718,0.20964554353581358,-0.0807201619925749,-0.1273876520350977,0.20085324019935585,0.18084966326991184,0.1230874565064614,-0.08378528207402097,-0.46830978691288755,0.06890945297015556
0.13204088745604736,0.1647123218849917,0.25933998235288636,0.1605522984670974,0.43839618826788185,0.41363261990908684,0.15393196587723734,0.29522374974326027,0.16828496640450136,0.11154707660963809,0.20910800184420664,0.21576218164517993,0.30128900943963816,0.20348384374440032,0.2565553092304621,0.2514605786485098,0.2890015724252746,0.17406705284200627,0.7768090687287578,0.078763252860092,0.295419148373019,0.2462216505633465,-0.09099804782853509,0.15112854292810868,0.13982324162337295,0.20437933157978838,0.19903108364462455,0.2511611339640876,0.20142545724491048,0.17426779697609032,0.2532044890422582,0.33388062015691483,0.22956434422951838,0.25454890053781176,0.1296187599252484,0.22957507083204198,0.16725106475747617,0.23160359692606947,0.3692162439592408,0.09724327685915157,0.20310882544489467,0.1847252144369859,0.19007448998004794,0.145589194715767,0.30024569551414654,0.09664620610626928,0.23573974649195473,0.06408929700729363,0.24589164866629631,0.19786303083274182,0.07320690685984252,0.38433577128185337,-0.27545199934425313,-0.1447602414581565,-0.012852835118481766,-0.03285258580972636,0.09447216500730629,0.035811611901868066,-0.12961878727183274,0.02176899495399218
0.07100378104941023,0.31100884470272394,0.23745546069212298,0.27603801462964395,0.15875955066326256,0.3114133638589303,0.2058873812230936,0.3030720912557643,0.27188755274746884,0.12343400786544664,0.3436391476185483,0.16749059001354155,0.3431325554290921,0.34431885046025174,0.43150977769309606,0.32282896997668303,0.5123838219657281,-0.005110274070740699,0.078763252860092,1.2249020323675281,0.1255896477541346,0.32652252914414914,0.07792976091821666,0.42099953664853185,0.6455967885983455,0.11442536517112796,0.37245805071857807,0.35772208980620374,0.45187588191658795,0.5441883155948986,0.30691095807063057,0.27885226143816544,0.2926938242275206,0.4396470539952821,0.4692614655760696,0.15366147106742475,0.9385986335174386,0.37997394144496854,0.5263396255730785,0.18471349718918265,0.18116980310764239,0.4061189258088432,0.524108932754776,0.08447221277697764,0.6141936348923984,0.19703904402406924,0.38847934437618475,0.10035848305547865,0.3927185511287153,0.13061238945089182,-0.18596838287451106,0.08687978568237631,0.056661995182214785,-0.15786883757524414,0.18181634198873253,0.019286621718193942,0.03761897850085772,-0.14203464337596486,-0.1260047076364253,-0.03945539719688905
0.10865689110159656,0.27903699034233503,0.31871885594209953,0.26877971410614354,0.1994263408590023,0.3692393277382831,0.2084249590043661,0.3153483022831826,0.24141899087983712,0.1317882339352174,0.25314674210868315,0.2308479220457605,0.3097185547016195,0.1623277866432601,0.24158185855266381,0.17856645800455334,0.23456409911898196,0.3364625918871852,0.295419148373019,0.1255896477541346,0.8288618065138273,0.22118449852991673,0.3720256984248796,0.2080196989949376,0.18238380548724878,0.2686071924975944,0.16724839451943402,0.27453293994360173,0.28202638273827474,0.11189496603785475,0.23555462395633292,0.2717834068594307,0.3970953270067556,0.24587774967867942,0.054442520448263865,0.22866612214721643,0.1557456281373181,0.20212017153493964,0.3694920644695038,0.18928864833075082,0.14114378738988906,0.18847119122795222,0.3103888674529292,0.20589510403936612,0.5495011953634088,0.15105198533574823,0.32271419292482095,0.049272076682341806,0.1480598607677415,0.15115646198601254,-0.1145531942454389,0.29082166060427933,-0.07063310773340428,-0.06986864320495723,-0.0012028299259687868,0.04495031602871587,-0.2216209378597799,0.013805848470849568,0.08404312589848936,0.21346021701162138
0.13014318565410263,0.16962443945980638,0.3940668098779096,0.37111804832407497,0.22625155347481346,0.29292502252911773,0.28791555696549953,0.27685108046187024,0.5639403800709704,0.2559848958725931,0.275027351531789,0.24060376377465506,0.3169304558631483,0.3725692565706672,0.4064137261334764,0.47997500223468087,0.3365223907597138,0.22724937409189486,0.2462216505633465,0.32652252914414914,0.22118449852991673,0.8207186398141821,0.24997724850545897,0.35418872316638916,0.4059036568715462,0.3251082716826212,0.2999689994167477,0.32552364898297576,0.2520199157555681,0.24469693872441656,0.2969020697708677,0.39816338975471105,0.3675001633923086,0.3001046887044806,0.275456821742289,0.37330738444211065,0.3757495106790846,0.3060194630874091,0.34646919733742526,0.11711291745001617,0.23697970225428755,0.3091221808443254,0.29294197323238275,0.16742931462527755,0.16350473450514852,0.32305653524226297,0.31902461494915446,-0.19078853277268534,0.44264260015128015,0.048324694363003795,-0.0823758356810641,0.07247148816178714,-0.02775282089184036,-0.1343991030906521,0.18958387976733998,0.10562423512766483,0.05453103478096562,-0.23467795975628195,-0.15122708111060623,0.0037219637324772156
0.0014751003402941098,0.15589820027639426,0.2536324528278571,0.3305956476416418,0.03959378577307609,0.17372083097318738,0.14530179383958688,0.20509787652264388,0.2568470918014059,0.2599949549726308,0.18265932491720846,0.14823428537571204,0.19684230256136995,0.07839968022008614,0.2808014267741386,0.2684267181930738,0.14088814004178077,0.7132486355505244,-0.09099804782853509,0.07792976091821666,0.3720256984248796,0.24997724850545897,2.0815430602223994,0.7093163314674932,0.9765328430583284,-0.14984252697667907,0.1181878386602185,0.27718514191841803,0.47259217942010406,0.202462068192678,0.03291545061900876,0.013323172612428897,0.7773236783621414,0.3507516868846005,-0.1515839801447714,0.01315597193508177,0.7916828535951865,-0.16313441475416998,0.6901023622367405,0.14667900753622914,0.002306748542160224,0.1524967710316915,0.3040046653362181,0.164469197873391,0.3778038363696748,0.3023776165483191,0.5871172335283028,0.12096476896810616,0.40247352374435286,0.6134233736614616,-0.3494009318940134,0.1610546163185229,-0.05130302847179229,-0.2531029156571513,0.3105210202229345,0.14389159552536715,-0.2049766681612654,-0.3822953734858218,0.1771663017897134,0.030164069879406615
0.04397790511901556,0.05196691086599031,0.2811145932930012,0.38922960943686913,0.16582723056253826,0.2626403340189751,0.24390211969546255,0.23131046620182286,0.36466876502991097,0.19520010457913592,0.2760759259778671,0.17601977385531378,0.3072031490660518,0.25942661328302014,0.3881412590367133,0.33199554087950334,0.32131134564922015,0.27678218878777716,0.15112854292810868,0.42099953664853185,0.2080196989949376,0.35418872316638916,0.7093163314674932,1.2152173289181603,0.6715969867790523,0.04943796739438023,0.25426083689031387,0.3864191198326804,0.21720753599598241,0.30643929073957443,0.4000374825519093,0.21062057631612577,0.4572642950715491,0.2084710740935358,0.2603915787897826,0.2457989055445883,0.5634885647370891,0.18739673479708807,0.3992645547263987,0.11090633068211489,0.17251379682218898,0.2722315850963398,0.2262372561572133,0.129924273179531,0.17378925131879666,0.22383761419202738,0.36655555504600484,0.02156057251401539,0.3849590114593995,0.2377964098187742,-0.16395769880465766,0.21296358416289515,-0.060239938071004806,-0.17210012022631838,0.3579113088538435,0.20445346230729516,0.056091375180226055,-0.539242885600971,0.02270558619961402,0.015637031607232683
0.08012702661928368,0.07851644589183776,0.3385622823205549,0.356367332203057,0.13729851310407337,0.31997659976759424,0.27031205126433067,0.20407107206829125,0.3538830712459008,0.24973253327922912,0.31749998514820355,0.26746301575980047,0.31762992771559806,0.2592638936295716,0.4105992562368927,0.3773346743514301,0.4277541267233856,0.372590332143615,0.13982324162337295,0.6455967885983455,0.18238380548724878,0.4059036568715462,0.9765328430583284,0.6715969867790523,2.7030852075458873,0.09616833826646963,0.36313539324058863,0.3579059176058834,0.6257234408135371,0.5586620943053828,-0.052905688544249645,0.36010550718766055,0.34597662561931103,0.7954992915598895,0.4776292270186189,0.3089146152796034,1.0335402977112298,0.14016429791902638,0.5255665244434033,0.149899535718209,0.335479197077571,0.4544025736074089,0.497359710840624,0.26410778887291536,0.6408254033700372,0.31335721915141723,0.545369346935177,-0.08043902473370487,-0.09854992373059673,0.21877692653719458,-0.20206429667715975,-0.08099805659651095,0.007019772546790775,-0.1277269297507115,0.47197345607302615,0.44195111401612375,0.3961069660620439,-0.48699710338236857,-0.709129806786667,0.018109749684825115
0.12388699102088241,0.1330718064763176,0.2711960777869247,0.3152532743536569,0.28522441619091177,0.3659970561211788,0.2417653055320616,0.3410868872508272,0.39924588553787027,0.21243406105096696,0.2735916944897367,0.35114447214248784,0.2739301317305835,0.3894622842021419,0.30127606457774536,0.24257943507727286,0.2060660115895214,0.3137551618676845,0.20437933157978838,0.11442536517112796,0.2686071924975944,0.3251082716826212,-0.14984252697667907,0.04943796739438023,0.09616833826646963,1.6979898169784258,0.26227318429503715,0.4406777660950018,0.008482441181550466,-0.23825105511029704,0.16678948135501012,0.5855832004238057,0.292895874223107,0.34647474016177426,0.5000203775456425,0.3069577450669105,-0.34697743643589807,0.22687584898023538,-0.2614414740217212,0.09154133382072908,0.517277470188234,0.2813640709880277,0.21062657795524672,0.10606174555073931,-0.46161531738482714,-0.08884573457226057,0.03286794096738586,0.11631214463345939,0.7149092099002909,0.054532285810540204,-0.26573762654108235,-0.0007037789654053773,-0.02408648902287186,0.04358136506679525,0.09759388954798669,0.047641753411406924,0.14931720280780889,-0.10002211218017501,-0.122632062449199,0.052587061120047136
0.10606981003434063,0.1545355868989382,0.2768672097643057,0.30508164997548093,0.19347157587489233,0.2816827684395107,0.24536287982354515,0.25063979366275096,0.21402213319251903,0.18586133412622127,0.25910897241994924,0.2990161342446406,0.34461638973910136,0.2928714824056885,0.27737175066982445,0.34569666038657165,0.27670858516954433,0.07351144723661965,0.19903108364462455,0.37245805071857807,0.16724839451943402,0.2999689994167477,0.1181878386602185,0.25426083689031387,0.36313539324058863,0.26227318429503715,0.5943988167420388,0.2570692644703482,0.21033199545222583,0.2146157353495684,0.2323778886148999,0.4517492616923945,0.2341513716327101,0.345573535303667,0.31018493741186753,0.3189283163749054,0.283662887607752,0.22199052731669508,0.2941534600680303,0.1260543495146507,0.26143057709816087,0.272196994886058,0.32083448423561095,0.12018801002122644,0.14809623344015457,0.13061610405036395,0.20110331299168147,0.03455964678296395,0.33101737114777285,0.08345335820195153,-0.08418049049341479,0.1422666519192585,-0.004870997318882431,-0.10761151191672919,0.11994162573364257,0.004948461472284011,0.2343147956698076,-0.08588270105661042,-0.2664275680408108,-0.007281027778554297
0.08119972676373344,0.15352767225583666,0.17733921129029534,0.16526699526845198,0.14033271527296604,0.17160321660752234,0.12444509488137681,0.1543070456234756,0.31549106386429066,0.19364878150796616,0.23388774180565938,0.017942890739352138,0.22111338766994906,0.39453736869622674,0.5357741248513427,0.3318256194968713,0.5188922373713237,0.2793374100204707,0.2511611339640876,0.35772208980620374,0.27453293994360173,0.32552364898297576,0.27718514191841803,0.3864191198326804,0.3579059176058834,0.4406777660950018,0.2570692644703482,1.4569208127958513,0.0328487707628562,0.2412600240078673,0.34466455517300687,0.31782019257064137,0.7966361121987853,0.21576850329271027,1.036276216771573,0.17751998196322294,0.5521574363106719,0.24543486010080537,0.17665564824682836,0.11757668670762343,0.36016448003306656,0.3985798226883669,0.2729680638905399,0.03689742053819296,0.08508191163271848,-0.058250862577468636,0.3158473161502511,0.17341935290880597,0.6012048197701753,0.31551580730007645,-0.08769807588794867,0.41624774572386125,-0.4361683908189961,-0.03942111532048004,0.22247665830049568,0.024122303924345823,0.12990272222126098,-0.1897542214810418,-0.05130607410801147,0.07041291809424731
0.10341687878735635,0.5147566563806213,0.3727234837948476,0.3262982897198197,0.299069547063414,0.5520373902474842,0.15620481274295397,0.4288932261378213,0.12896805359385652,0.27135668363916027,0.37402268055705645,0.25797150585904416,0.4863814913707293,0.3149676948533346,0.3998157499565838,0.32653398340273887,0.3690874764209261,0.30174867827324187,0.20142545724491048,0.45187588191658795,0.28202638273827474,0.2520199157555681,0.47259217942010406,0.21720753599598241,0.6257234408135371,0.008482441181550466,0.21033199545222583,0.0328487707628562,2.6422951635298233,0.42653151324369815,0.07154559136319358,0.2239178224602817,0.2723044791453643,0.8886871986968656,-0.0988162612317468,0.3697472703480432,0.1742320856415285,-0.4713381066984026,0.7593313476103886,0.07372940587295605,0.39220672045974253,0.08300245903330442,0.16350417183831464,-0.07605041780663424,0.5147564041002796,0.3225519629769576,0.4103016932589464,-0.14608827586947523,0.3771661116871549,0.8790447032611757,-0.6025348770406944,-0.11527545488818586,-0.26710810544211294,-0.13145199977630914,-0.058098791923060444,-0.10617702797342146,-0.2812622666124277,0.028540522251681237,0.14089982921741662,-0.10701370056997125
0.08359243900858988,0.15729386533327383,-0.20550393139724005,0.12412526880539676,0.20204060671725693,0.09045981218668799,0.03879412432780331,0.2080283590554484,0.08392128455171315,0.13121773179742233,0.13643615985266444,-0.030962159528189287,0.2110657127670267,0.34587784898218704,0.31850475145143,0.32249087036909624,0.2895970708340888,-0.03090208472490794,0.17426779697609032,0.5441883155948986,0.11189496603785475,0.24469693872441656,0.202462068192678,0.30643929073957443,0.5586620943053828,-0.23825105511029704,0.2146157353495684,0.2412600240078673,0.42653151324369815,2.0812616714189827,0.30005679265165935,0.04653419296740446,0.12835306406313493,0.1935629588627942,0.7236303243126578,0.268186127076182,0.6994911671183659,0.33923712308802606,0.5862594812463747,0.14826695253119182,0.6765728290985012,0.37926923784704536,0.7589258086554592,0.341784989242311,0.9603978061465529,0.1724339715207116,0.7880956714124867,0.09230392900797697,0.4547947749748127,-0.04270115046762666,-0.03696733843745127,-0.13761670805146523,0.18217469369093175,-0.06240134030526327,-0.023757046697138608,-0.19300479629607023,-0.2821495716974529,0.2170668228879184,0.18461291267891844,-0.17940184963633796
0.10311120843969906,0.07084168418968875,0.2783130197139128,0.27817641550315514,0.19229920078014334,0.21885602014251568,0.2315272237207222,0.23358115034481375,0.31360931662821906,0.21259939510048964,0.2536676872242926,0.15871761329638961,0.25942735028983466,0.2373066635179355,0.35799449141970213,0.26477875804068035,0.3210291760060575,0.3202987389680907,0.2532044890422582,0.30691095807063057,0.23555462395633292,0.2969020697708677,0.03291545061900876,0.4000374825519093,-0.052905688544249645,0.16678948135501012,0.2323778886148999,0.34466455517300687,0.07154559136319358,0.30005679265165935,1.1615121334447605,0.2985961309941463,0.20885432276999025,0.25622975282127325,0.37274952594991395,0.4092247465723097,0.35945065309594354,0.4218870299622782,0.3764703231918186,0.11196491481071971,0.3312674116127972,0.2719216266207096,0.20546497637559702,0.20511325188627824,0.36435124867225954,0.12371241944205559,0.3317478529902564,0.02436774252413721,0.12564096059706362,0.08491722445096307,-0.00077405297469734,0.29740790492582836,-0.08227338469168596,-0.10558765763858537,0.21600937352427102,0.18289771116061354,0.36105549602301285,-0.23376251363402076,-0.5216863108150191,0.02911242979194332
0.12941126897935074,0.023809323416172794,0.2973689917246504,0.34604779054152857,0.3218014487639272,0.36703513530653653,0.30717697650420883,0.25912488261628464,0.2855904730017438,0.2160415025650406,0.3035691592522411,0.3981354907733225,0.3976490744756513,0.34047786212152803,0.31684964589903286,0.41601767911489645,0.2934568444251626,0.190456831583046,0.33388062015691483,0.27885226143816544,0.2717834068594307,0.39816338975471105,0.013323172612428897,0.21062057631612577,0.36010550718766055,0.5855832004238057,0.4517492616923945,0.31782019257064137,0.2239178224602817,0.04653419296740446,0.2985961309941463,1.2626391669783967,0.2793359570652214,0.5664507182822163,0.3816701534018125,0.4700333736206928,0.05046900400651014,0.3538531657555563,0.252321400199813,0.14575362822516377,0.4052402901387837,0.33781667912814584,0.18718121517582403,0.16769783130358829,-0.0659646891344438,0.05516913436547833,0.22334159014544985,0.046517739092334004,0.4978370224534312,0.09222128307047896,-0.05765192889584322,0.20071612227997015,-0.054540022858589846,-0.11595119404837938,0.14125084017513956,-0.08693940043633004,0.9111830712274545,-0.16586957950246828,-0.7322594157386728,-0.027279497698958845
0.12371564765692918,0.2382838625500073,0.2469886406387174,0.30642805072550533,0.21257216626343245,0.14702431106358582,0.22494369747129697,0.19907262593715164,0.36962365246250034,0.16846281487893958,0.19532139784999886,0.16072247699749154,0.2713813760083005,0.2598271141366186,0.37868476327236866,0.2811270693914235,0.36504914038038266,0.41346764198638386,0.22956434422951838,0.2926938242275206,0.3970953270067556,0.3675001633923086,0.7773236783621414,0.4572642950715491,0.34597662561931103,0.292895874223107,0.2341513716327101,0.7966361121987853,0.2723044791453643,0.12835306406313493,0.20885432276999025,0.2793359570652214,2.181804391207116,-0.10561421220342677,-0.3299502663276628,-0.08839687121953789,0.5320052249566638,0.16139484755359254,0.1980612536232613,0.12913892695584311,-0.3306803453031448,0.25815956780470223,0.31445745941260944,0.07020031545830083,0.31965159120481146,0.10251176040524036,0.5309035543481835,0.2198622436681731,0.610064471199387,0.31211113665478507,-0.2326318516179975,0.2863962405817263,-0.09874087214241795,-0.3039717540309356,0.21618498001461509,-0.0015647519656484755,-0.17639691007588307,-0.1717600965972509,0.18919658679965248,-0.07600816041679474
