1.0769841021284037,0.4050136332067932,0.7161609958621065,0.10049497674156689,0.045036498161327335,0.22579627611290076,0.29167907049134073,0.13620007277302593,0.27523553873208134,0.21941485621167678,0.22948933314533937,0.26609659405633046,0.2145638432554475,0.23001914570160312,0.24462152565455317,0.1938729382435597,0.11805550902890478,0.25839157549096164,0.11788516425429657,0.10075068870094875,0.24365297343243025,0.22888032356425456,0.14494211151820605,0.11868135135201983,0.36859741886329705,0.22381600117096737,0.20443162314255953,0.14759608346699715,0.3631543819626528,-0.08431938143964555,0.21320520145377703,0.3249242977224179,0.0946559231548076,0.3213135688341421,0.21821219729090038,0.27292892194013596,0.0053436988567336615,0.07260123420081564,0.15644864463242728,0.08658764283870604,0.24962625033718258,0.1515221740157273,0.15268606573511156,0.03896231444122296,0.45637982159795965,0.15362428102448672,0.11657932510028153,-0.018055187367110086,0.10634504423520769,-0.09958261534837012,-0.008296977906625943,0.004792618366843766,0.015181663864437821,0.027725340872544007,0.004435997004074769,-0.07678692138492155,0.2804038452794843,0.10493489047559451,-0.3442777262174153
0.4050136332067932,1.9597279282118332,1.3781739451770885,0.12577066081086796,0.05727881162913367,0.4835265774944795,0.31622463288709096,0.44225485309876644,0.35417776747321716,0.4282915981541442,0.4183418041248797,0.37964841946968986,0.35242451987446893,0.2553087703868514,0.34222896312554907,0.302168485777131,0.38949017765828164,0.5605837884280256,0.22787018511053891,0.48068771290484114,0.48447626052445075,0.313299397814851,0.17925013944256896,0.1157082116064182,0.6010947016822306,0.48730016408390897,0.6355929934233332,0.42102900788564773,0.6864087395089031,-0.19815843449403653,0.3916999314143773,0.32686369726715314,0.2981887815051559,0.6692908951337393,0.4979733955900777,0.45963867374360967,0.37475788525539855,0.23407569026918285,0.2547261429363867,0.2229596263842782,0.5405466972179191,0.37917131772283424,0.6368593808196679,0.05911839671201525,1.2099018334024128,0.168209089302153,0.24876251355622397,0.01590865338039969,-0.13598404536599842,-0.150391404861679,0.1025405491389936,0.05056506288215489,-0.03597764529074544,-0.007948504804322,-0.17595884509494936,-0.24610253161670717,-0.3884853016762585,0.5467304191755216,0.05805403285502991
0.7161609958621065,1.3781739451770885,2.7527007924267224,0.2521859592080379,-0.04894880256088563,0.7615563346572898,0.5299338210323343,0.662345074411266,0.6932968290514613,0.7134398710416461,0.6969522202554037,0.6259422602350468,0.5659749015275243,0.44932335345775465,0.6188090157829563,0.434216489596338,0.5588539126361528,0.6534023721801837,0.3742768949385408,0.4578830807637409,0.6084511050376012,0.5169956843475058,0.316868732031117,0.38418125472783743,0.8029068321179806,0.6500280798924086,0.7560969015062879,0.47054424816622,0.9160813738090279,-0.5791128013240281,0.5833924817406222,0.5232183004863983,0.1794081072640053,1.0517559372704652,0.7083282149354,0.6595350165928001,0.2902864094444152,0.22662142057923212,0.4533547403057514,0.20061371760605473,0.7377048547366806,0.45779500158184194,0.6410971049295228,0.15493845494746947,1.4682201444780627,0.4555356242664172,0.22941799306330352,-0.038023754908456595,-0.32049224454259273,-0.15920161477419348,-0.003758433985780473,0.16881601027814222,-0.04210893038312218,0.000758850833812847,0.19168884426367966,0.08193133537921528,0.07887476005564276,-0.3300476179736337,-0.1243111582103313
0.10049497674156689,0.12577066081086796,0.2521859592080379,1.437021399956833,0.5803496948997685,0.44393621279141743,0.48866973170839545,0.4123461497668955,0.3181446768454143,0.21377669772248686,0.30497748164277827,0.4063750178319422,0.443451920437398,0.3982361894234196,0.362522033012991,0.43218677446287335,0.34158061035868864,0.27012206000078987,0.34912154315681154,0.2283639922433891,0.30811623161403207,0.3431196365164356,0.17754255664859891,0.20968362786871506,0.21525484981378182,0.41247842678276775,0.2313597730765407,0.1976789662622537,0.3562315080836691,0.1015199413455352,0.24582699570209612,0.3669803825332288,0.22531054071974968,0.2462185591291646,0.04024056863628148,0.3672523435083764,0.18088816574160213,0.14573236334095865,0.31059921158132225,0.16689656552645304,0.24610235297575841,0.2485016992585608,0.058951601473443555,0.060218576165134326,0.43776471700250064,0.04095111227955697,0.26564865024745016,-0.014330656518817734,0.15185500079068004,0.2191278423471854,-0.08272915937479829,0.013411193046436643,-0.15246826784223325,0.001162273190178768,0.17316557119665138,0.08549255282361262,-0.02153298399929775,-0.02301316467072375,-0.26003900741988195
0.045036498161327335,0.05727881162913367,-0.04894880256088563,0.5803496948997685,1.4149314863148406,0.36149478296597315,0.3731689121119289,0.2634916995442353,0.18681205180399513,0.12361459572296352,0.21438948596063925,0.3389504719899172,0.39349617892793126,0.27769104726902916,0.3507845156523695,0.405111794621711,0.26127284901529113,0.2122462458270986,0.5352531005863926,0.17968266410825376,0.22370018633856542,0.2808398245230541,0.14010419550055966,0.18034652602081674,0.026656923326619415,0.34002453940914257,0.13812581117232775,0.15577387439514745,0.21518375593077682,0.2744878705267633,0.2042168717571877,0.3306520461148045,0.3173186363559924,-0.061839554024138724,-0.09812230209141416,0.33893703288544813,0.3333590128662931,0.15452071157532296,0.2695670212047466,0.12600748622718635,0.12979640941164483,0.2570637191202598,-0.20555566337148473,0.03981814626093469,0.1673152920312447,-0.05305662141973767,0.2733344766291787,0.0167973918198749,0.30413805577882985,0.4854198747745625,-0.14894780405333116,-0.2172761305444772,-0.11192901322718268,0.053923451312722,0.0929495739258839,0.004048407064894939,-0.057464757262424185,-0.05432147301888158,-0.01800707217227174
0.22579627611290076,0.4835265774944795,0.7615563346572898,0.44393621279141743,0.36149478296597315,1.026506176756883,0.29126381340280116,0.4177816143148942,0.38192645483287657,0.1533297154942504,0.3878469045147495,0.4571174432171814,0.4261818153348527,0.29924839314213014,0.4007395740686194,0.3479797325090539,0.37851663302737304,0.3574550678810457,0.520229784205518,0.38494472034829746,0.36634442193416994,0.3347665474242228,0.18516896935874705,0.2477922224255421,0.3784067004390532,0.467245539550648,0.3142760309777511,0.2941907694460093,0.5925889298463761,-0.14402623286866098,0.2949483006394695,0.37714568019966954,0.043854328142509676,0.4559053437414101,0.3718583204413924,0.21456704191097492,0.30408989657139623,0.20130862980874134,0.3888021981161593,0.24196093950955133,0.2117994265862113,0.27978344512092396,0.4908566391290369,0.09461028931753929,0.7907578590268057,0.13741135904350787,0.2781721538556948,0.008668657295228024,0.2395056072191326,0.3672983957925565,-0.2806495200143393,0.14997943790915394,-0.2747557823879996,-0.004656121886430382,0.20631857108808402,0.03534058367617259,0.03248760998045908,-0.10827448361778541,-0.21670425813380814
0.29167907049134073,0.31622463288709096,0.5299338210323343,0.48866973170839545,0.3731689121119289,0.29126381340280116,0.8827885173082557,0.3051460541414949,0.4222970891843972,0.3170730521254043,0.3950041450501933,0.513914369721522,0.5060765933116745,0.3584757430501015,0.4400271523695416,0.45640228068957284,0.427228627212359,0.3483648548501743,0.2367726667976708,0.16394555683095138,0.35813141456171566,0.41470286864830297,0.22091545103044832,0.211032694184821,0.3654012962185484,0.4534949850234418,0.2957567761539327,0.31615383026985233,0.4465713442442313,0.10152495004156681,0.3019294640817089,0.4660937501875477,0.2800118144042492,0.3930452404429508,0.31064090216767215,0.4863036770777177,0.0907631342811887,0.11772187410350547,0.306648012547667,0.16878388272532263,0.35384748146848133,0.3116230877102789,-0.0025815487048359673,0.03968604206243311,0.5286371209805212,0.10870675072382668,0.20318466718119105,-0.0235658024343295,0.29831291207244104,0.15043473787202646,-0.03776490165266679,-0.010489048546714043,-0.10595586670181507,0.006236328373567502,0.19623006259168616,0.02567651711329129,0.04663269780607274,-0.05006822112289051,-0.34235290130643947
0.13620007277302593,0.44225485309876644,0.662345074411266,0.4123461497668955,0.2634916995442353,0.4177816143148942,0.3051460541414949,0.9393009594139602,0.21868240937990202,0.3527984771592128,0.35748791620318415,0.14953134486893016,0.45440220372852486,0.36718725713705863,0.287500489714281,0.32596505169514156,0.41815403920873934,0.2618607686392671,0.2702023513630326,0.43613692609311305,0.3014513454398709,0.2839542324442888,0.10805298226561974,0.1634968659849184,0.26545556666121956,0.40750208361263407,0.40765945840244566,0.22495827811110453,0.39401347295857536,0.035749929487864984,0.25932414751906785,0.2770006752850579,0.11067041089710473,0.43289723320706247,0.42430239055819485,0.16274852172677626,0.30030141933012433,0.20891329996360739,0.4714426604159703,0.22414351149033043,0.4303643537280876,0.27594918932283624,0.4905719454985701,0.07385225274731912,0.7846397650546653,0.07100100278742771,0.30687688261823043,0.024175606510817103,0.29893524243618375,-0.023795370014713036,-0.049986254629485624,-0.03377547610179893,0.08054482912969235,0.002091798378217364,0.0419463277602688,0.009183536210031883,0.009819169511366806,0.13029987162841836,-0.266234485442553
0.27523553873208134,0.35417776747321716,0.6932968290514613,0.3181446768454143,0.18681205180399513,0.38192645483287657,0.4222970891843972,0.21868240937990202,1.2267883580782684,0.14483572065103223,0.3182997200529557,0.3484625608122041,0.310908523884513,0.325928550389798,0.4625268253262064,0.23481970518488227,0.31052829738739784,0.27074833942236554,0.20171256849197833,0.3555313156803804,0.32445428275301513,0.5189217492832099,0.21528680170701248,0.2973801143024416,0.44465338571868873,0.5542829359192909,0.38056519249113013,0.33758286796705306,0.35252736582192157,0.045028125263984094,0.3430156556905399,0.40766901868141525,0.332619558946426,0.5993577630974969,0.319141641569951,0.41811203269076835,0.25334834007730167,0.20272590494670473,0.27200856974532933,0.17500569204406338,0.3200733035961129,0.3250032536537829,0.24422793932279943,0.06049730902828307,0.6511367181263068,0.2329690270813631,0.2085988756684595,-0.03235691879240427,0.2263426941697592,-0.2131820638570683,-0.06471875021528407,0.16661462289010745,0.11467335488008716,-0.12083121474358532,0.2947369912753876,0.0803258987396049,0.1436703118725419,-0.3303312459860863,-0.2056449194915039
0.21941485621167678,0.4282915981541442,0.7134398710416461,0.21377669772248686,0.12361459572296352,0.1533297154942504,0.3170730521254043,0.3527984771592128,0.14483572065103223,0.841293195144747,0.25625955998206873,0.2628712185696806,0.30436405518597304,0.3132527762211327,0.2708417072272468,0.2750101234325612,0.31157757713625545,0.3497604886270147,0.06776867303566256,0.199684174822954,0.21722798773458799,0.23986321603161856,0.20220254261579618,0.17353270222869857,0.3069726721110394,0.2900862068677007,0.42209150767683795,0.27768898197920366,0.38428410392661777,0.08358922469615507,0.2780951717513718,0.2940503778311934,0.19903583863793692,0.4116103516497168,0.3735798253860631,0.3572223338727836,0.19442773933475202,0.11825720748740147,0.2348271974916505,0.14089390298132654,0.4924386089224888,0.2434677962248541,0.2730989072704702,0.04800099261375294,0.5603676813196085,0.0589194452444366,0.3006259565141794,0.008351427125680318,0.15717408913271597,0.01179232342854855,0.020242463483523886,-0.16309532612718236,-0.0026315370188088835,0.09254442705362109,-0.02440462328281867,-0.019960312637756855,0.11624741966070001,-0.09057313184294535,-0.0048759610540198275
0.22948933314533937,0.4183418041248797,0.6969522202554037,0.30497748164277827,0.21438948596063925,0.3878469045147495,0.3950041450501933,0.35748791620318415,0.3182997200529557,0.25625955998206873,0.6560231216337162,0.40684878870489805,0.37531079825117236,0.2767691686850709,0.46570919835727725,0.36061072279008877,0.44545208971039196,0.29452186655905116,0.1990181245971923,0.3914120415933317,0.35427122829427615,0.3073969972180475,0.17792422210728034,0.24646405872487404,0.4200122625752034,0.40322860335425437,0.3559069470880831,0.3108211945165738,0.4885602803395039,0.016117758665049574,0.32017292667978176,0.348175186415296,0.19921634004389166,0.43915467933734437,0.43915820500199176,0.33254312095305416,0.21027923568849077,0.20125145371374376,0.3506420082177419,0.21965903254179936,0.40095355659243037,0.32723704546419013,0.32286563505486504,0.06309402847058182,0.7059353042574709,0.1232266876154056,0.25202716661639085,0.002769276987012386,0.0695777019470367,-0.04761838631092728,-0.08977666457665448,-0.028232233671378303,0.09599775752355884,0.015503567377504593,0.09590770258486211,0.05121715282100239,0.03235078896117608,-0.09460498270047997,-0.14993790691770398
0.26609659405633046,0.37964841946968986,0.6259422602350468,0.4063750178319422,0.3389504719899172,0.4571174432171814,0.513914369721522,0.14953134486893016,0.3484625608122041,0.2628712185696806,0.40684878870489805,0.7564704945524434,0.3772655565534668,0.27363693125138566,0.3972630051842974,0.3628308672022734,0.3248303948456459,0.40765651306805945,0.2815232107864733,0.1450976272727417,0.32588915349731234,0.3234347649827787,0.25491877029883864,0.22621323186011283,0.395055510560992,0.45141079556553854,0.2561657414349414,0.25467998091408806,0.4798174004267937,-0.08142722242218985,0.31075543717430887,0.4544751840660546,0.18106971968684543,0.3989224543377984,0.23298258775527314,0.4973587436356145,0.024001968716931287,0.10528028771115057,0.23804736584302003,0.16649096717142362,0.28627934047759046,0.25288068946528586,0.0898618118874511,0.04329555811753419,0.5143358613753115,0.08995424396894454,0.20422722302341184,-0.013692526733766983,0.14931534680137604,0.2379640524057577,-0.06436995551293972,0.10252684848032911,-0.282282451067605,0.005525450214174095,0.16090622270822486,0.030434502887200503,0.055456275632742434,-0.15578872544332312,-0.15923039869162436
0.2145638432554475,0.35242451987446893,0.5659749015275243,0.443451920437398,0.39349617892793126,0.4261818153348527,0.5060765933116745,0.45440220372852486,0.310908523884513,0.30436405518597304,0.37531079825117236,0.3772655565534668,0.7008107070414225,0.35593262722278307,0.3339362488998932,0.4258882843326009,0.39351582011007935,0.31887403677016846,0.3114731093828756,0.25493023951361643,0.3534647857570461,0.394894146490544,0.20192734754171424,0.2272714546716811,0.33310834587056243,0.4088530390084099,0.3178400094172767,0.28062480889910385,0.4775715735222974,0.0945796976550936,0.2767307188863443,0.43435510468137756,0.20935662522871207,0.40540611194299897,0.3507023661562597,0.3211712698104502,0.17581339685911063,0.14828738643514397,0.3930722001269248,0.19781891193051945,0.37686477105436317,0.2932120243619805,0.24113312897367353,0.0754696807947707,0.5470248918351983,0.09807798043748435,0.29374672533735485,-0.003641628737996872,0.38177787999284113,0.11703084912923482,-0.06598345446837164,-0.06051807605043848,-0.023263712112597385,-0.0038169369495479463,0.15018206671734574,0.022906736881764023,0.037285371360578315,-0.10444104558931536,-0.1750597629143215
0.23001914570160312,0.2553087703868514,0.44932335345775465,0.3982361894234196,0.27769104726902916,0.29924839314213014,0.3584757430501015,0.36718725713705863,0.325928550389798,0.3132527762211327,0.2767691686850709,0.27363693125138566,0.35593262722278307,0.6472656082249355,0.32646941732031776,0.4332238544279131,0.2972317514921074,0.2162840438450922,0.22668200923307041,0.2533218797785467,0.26163722898457975,0.34662296842461354,0.157553938784922,0.20522320145265077,0.2648945875197431,0.3786307917624246,0.30179043791961296,0.3014263304136738,0.3450115642829649,0.17565616995726485,0.23713200466904372,0.36277928668087944,0.2120972473017803,0.31327039591032607,0.34658794885975414,0.2789317210666838,0.21303440762939607,0.14995724326362644,0.2434931812120951,0.1698112120156731,0.3934568745022579,0.2798015189800319,0.25582336839722714,0.06383388908432203,0.46244280558460366,0.004112340874759008,0.3029647581170325,0.007395933862682594,0.4414966018996552,-0.0052174058212087595,-0.03787758254094211,-0.05051699053906566,-0.032490800585703486,0.05786683370409064,-0.05249008072821166,0.005280412387838188,0.10112573456732699,-0.050822271395938756,-0.0036241266420493842
0.24462152565455317,0.34222896312554907,0.6188090157829563,0.362522033012991,0.3507845156523695,0.4007395740686194,0.4400271523695416,0.287500489714281,0.4625268253262064,0.2708417072272468,0.46570919835727725,0.3972630051842974,0.3339362488998932,0.32646941732031776,0.9429290175909668,0.34980494962293046,0.4444520656590072,0.24393934365686662,0.26599255796274596,0.39559879429776795,0.3680325582646247,0.29155749915720974,0.09588377181739278,0.2511510837099532,0.3232274326968567,0.4544846648547131,0.3705124949449069,0.4281476261405731,0.45180208570581926,0.11127223625191471,0.3357104730009834,0.3819134189040734,0.2856267034966953,0.3162616904305132,0.4457949605275076,0.34522091874870725,0.31907971597652773,0.20528901386468995,0.2964711049284457,0.21524023055182284,0.4243939988743372,0.3661275409682171,0.19881704585842772,0.05058579639519625,0.7939215552922969,0.045478665363550774,0.256185492096118,0.010208735524249746,0.13474341534016476,0.3307788570229652,-0.2141247408748681,-0.05621609676847299,-0.11286290409484141,0.14424697517026303,0.16710788992914188,0.06008945341389738,0.10188386103102787,-0.19665435159607927,-0.18414998741089408
0.1938729382435597,0.302168485777131,0.434216489596338,0.43218677446287335,0.405111794621711,0.3479797325090539,0.45640228068957284,0.32596505169514156,0.23481970518488227,0.2750101234325612,0.36061072279008877,0.3628308672022734,0.4258882843326009,0.4332238544279131,0.34980494962293046,0.7953008456580446,0.46807163404530255,0.24665334094414237,0.3221391824006256,0.3118958017667052,0.3145189370040751,0.4366884713371422,0.12392441969804384,0.22829074708072572,0.30952898570962556,0.35811756538424383,0.2997499385173006,0.3692978875962446,0.4553764619089383,0.29444432260724895,0.29871728775048867,0.4377249253494193,0.24138291535512676,0.3694725211680688,0.4634139892406832,0.37572894748844277,0.23934673916843283,0.17877929616488586,0.34484816495179205,0.21293962355362794,0.4351945402713103,0.3763907117324064,0.27690246920902345,0.0786099570064279,0.5203767221812844,0.06290917892631322,0.3534840832142865,-0.0024286411034925405,0.41773779914095094,-0.029275814577311963,-0.059480491174249465,0.015455366922333904,-0.005391450759500626,-0.0033587003634101115,0.030874344737507286,0.019365846375732913,-0.0029337529138678117,-0.05605334879732282,-0.05245076901053852
0.11805550902890478,0.38949017765828164,0.5588539126361528,0.34158061035868864,0.26127284901529113,0.37851663302737304,0.427228627212359,0.41815403920873934,0.31052829738739784,0.31157757713625545,0.44545208971039196,0.3248303948456459,0.39351582011007935,0.2972317514921074,0.4444520656590072,0.46807163404530255,1.2778307681597654,0.22164509382647515,0.32632133099402777,0.6660450979706265,0.41689127107674506,0.39689816235067304,0.10788761474098803,0.3048765112119863,0.7238116614877106,0.3541619024081949,0.4445902944231123,0.6959611726683989,0.5988187425737878,0.29947787416350585,0.4334256996639033,0.34337042137099877,0.4384986306599237,0.5645687737452545,0.6334674776755613,0.38604639213489383,0.6399251338844443,0.3398193228083877,0.3911307565982419,0.32886670100816734,0.578475289507492,0.5445472989649186,0.5485039735485103,0.052523992720210376,1.085600147569243,0.1599782580818075,0.44544496416806073,0.033091164894071115,0.16215375037403,0.43997763176476146,-0.016455260660783032,0.05146859146600602,-0.23066800972192775,-0.10413891939171271,0.062363900056170984,0.10150772818228938,-0.022220606525115736,-0.1680533929903963,-0.14843012672482678
0.25839157549096164,0.5605837884280256,0.6534023721801837,0.27012206000078987,0.2122462458270986,0.3574550678810457,0.3483648548501743,0.2618607686392671,0.27074833942236554,0.3497604886270147,0.29452186655905116,0.40765651306805945,0.31887403677016846,0.2162840438450922,0.24393934365686662,0.24665334094414237,0.22164509382647515,1.0694997629223821,0.18153994153050027,-0.042913050831057155,0.43479359327806855,0.3081128841043456,0.7720433148733491,0.29221129573204163,0.5088547365385389,0.4086396900181872,-0.1203690202247789,0.30277714282367124,0.637881885035123,-0.17918535906356942,0.3540176585597377,0.31902471224934315,0.18455091396466713,0.6173454863258541,0.22038615487502491,0.3273961827491619,0.2179024114890589,-0.005111624325653779,0.2850171036989391,0.23289520721266765,0.3965271609178311,0.17652648569726442,0.3117030313749621,0.05052686208824971,0.6078792398411701,0.22781026607994392,0.472177373094784,-0.01948543343560575,0.04907880433690208,0.5076722842158178,0.04718368220577887,-0.007436913806562074,-0.36255513479781604,-0.09793982101348082,0.2725982816308031,0.05978062428082847,0.01473399709613253,-0.19245303409912534,-0.1702327151461162
0.11788516425429657,0.22787018511053891,0.3742768949385408,0.34912154315681154,0.5352531005863926,0.520229784205518,0.2367726667976708,0.2702023513630326,0.20171256849197833,0.06776867303566256,0.1990181245971923,0.2815232107864733,0.3114731093828756,0.22668200923307041,0.26599255796274596,0.3221391824006256,0.32632133099402777,0.18153994153050027,0.9116694380682827,0.18138205558515214,0.29343634215758285,0.27195069468702515,-0.011152276654269957,0.14417331991083696,0.12375665897877043,0.22959694585166232,0.10285803866880444,0.23237488620655197,0.2652591643615898,0.10235132809437715,0.22248430373855377,0.2708386663123456,0.1748352133550163,0.19572298866688792,0.053736754286477666,0.2997806948046813,0.26606983189072425,0.14161227137949786,0.3482220921940312,0.10167285830908966,0.11582758603231712,0.21831581916541892,-0.05286477216774358,0.06990948874116591,0.3515914853894146,0.08287600665969046,0.16603038246257096,0.020856185516296803,0.1861328160131635,0.2692980785630753,0.0883030158632985,0.29565855872728,-0.30835019009420017,-0.12081917761687665,0.02878160161137924,0.03219806128258208,-0.021489698524673535,-0.0005626680987082294,-0.09477156427440288
0.10075068870094875,0.48068771290484114,0.4578830807637409,0.2283639922433891,0.17968266410825376,0.38494472034829746,0.16394555683095138,0.43613692609311305,0.3555313156803804,0.199684174822954,0.3914120415933317,0.1450976272727417,0.25493023951361643,0.2533218797785467,0.39559879429776795,0.3118958017667052,0.6660450979706265,-0.042913050831057155,0.18138205558515214,1.5365870711266216,0.19988760995256966,0.29435822396111505,-0.15410527097397633,0.2942006574582711,0.692644332376479,0.4407949245140698,0.6497080362156105,0.5150854775051787,0.48421255584014505,0.511584646038839,0.4565581928260092,0.29460461269407956,0.457169047784223,0.47167836609991515,0.5992200345286198,0.24098997757456114,0.9346562530701475,0.7190836262371618,0.46313059218688396,0.42790239049880535,0.4881120221763352,0.5478171137520077,0.8173339175738179,-0.02003284135664896,1.2173821841812296,0.05454484505496249,0.29564972847790416,0.1174917596107789,0.5338836740891028,-0.2635016624654391,-0.19460831653193622,-0.04929520399851782,0.3481269742976217,-0.04350157621951785,0.11197244720550469,0.026492127657387232,0.14878469545636527,-0.2496522199271731,-0.03478480227154577
0.24365297343243025,0.48447626052445075,0.6084511050376012,0.30811623161403207,0.22370018633856542,0.36634442193416994,0.35813141456171566,0.3014513454398709,0.32445428275301513,0.21722798773458799,0.35427122829427615,0.32588915349731234,0.3534647857570461,0.26163722898457975,0.3680325582646247,0.3145189370040751,0.41689127107674506,0.43479359327806855,0.29343634215758285,0.19988760995256966,1.0886668438896754,0.3319422397166975,0.3465401980348706,0.20432463210006255,0.45262984450408794,0.3003720647863956,0.18961860843151507,0.41264705933026363,0.5104542775648142,-0.027075773795878725,0.2769428269325451,0.40363437551439996,0.24947277882782098,0.5270004447731191,0.38122645809348743,0.2915976610354674,0.24867466625169773,0.12301584899459297,0.2811593399915161,0.35847072555793236,0.4632131028960624,0.3500025588399933,0.27091648906962174,0.07490315981927956,1.2577502794197017,0.02085299979604068,0.30139417364339266,-0.01702221544450647,0.05118754549389227,0.20998667450132458,-0.02887590948576827,0.10070033329605502,-0.16848502930733192,-0.0009573323639691776,0.08852516624216421,0.018351055437752485,-0.03382503805007344,0.0009575683048002771,-0.1782324445455253
0.22888032356425456,0.313299397814851,0.5169956843475058,0.3431196365164356,0.2808398245230541,0.3347665474242228,0.41470286864830297,0.2839542324442888,0.5189217492832099,0.23986321603161856,0.3073969972180475,0.3234347649827787,0.394894146490544,0.34662296842461354,0.29155749915720974,0.4366884713371422,0.39689816235067304,0.3081128841043456,0.27195069468702515,0.29435822396111505,0.3319422397166975,0.8552406835131235,0.2979454873104537,0.26261212572156867,0.48624321058283676,0.37472435371578966,0.28331849328064324,0.33145939298928695,0.4214251418974091,0.2247059452769865,0.28197651851381567,0.4724599225118701,0.35476575570895086,0.5345076355640177,0.31701118431049524,0.36316991864803494,0.28346862282921576,0.19219492851700132,0.31331645521562707,0.19936815475592579,0.34330896699389496,0.35613448996703484,0.23739431962179053,0.10696293238515678,0.3780361924914648,0.24982154177295834,0.3377838759543215,-0.07787974581914647,0.7669606572067852,-0.11189889026174529,-0.027029575125487038,0.053212091497187905,0.041697741798359896,-0.1049803652900624,0.1657937356976213,0.0421510812423875,0.08124093852578657,-0.19468429045567115,-0.13657039023298898
0.14494211151820605,0.17925013944256896,0.316868732031117,0.17754255664859891,0.14010419550055966,0.18516896935874705,0.22091545103044832,0.10805298226561974,0.21528680170701248,0.20220254261579618,0.17792422210728034,0.25491877029883864,0.20192734754171424,0.157553938784922,0.09588377181739278,0.12392441969804384,0.10788761474098803,0.7720433148733491,-0.011152276654269957,-0.15410527097397633,0.3465401980348706,0.2979454873104537,1.647679923395754,0.480789871253934,0.4785269774796864,0.031172531342202853,0.07550661887176555,0.2055491920089016,0.6262342967419933,-0.029198086805220735,-0.03428772548399973,0.11810690982471796,0.29516123253227255,0.6062687575577587,0.10388988410870811,0.06785369709684623,0.3431171393192022,-0.09812448696870807,0.3755815143255883,0.2938333859522123,0.22289687887470921,0.1181881347715314,0.44928750152671665,0.0606722210338271,0.2987335535227053,0.21843267208453546,0.4548996504535962,0.01613031243880207,0.31202272339332526,0.3725239980782723,-0.17934898474861274,0.08634211085689801,-0.08178040307626208,-0.11693211410848872,0.3775091652887894,0.1345201098483726,-0.04758987230058064,-0.5476578175174647,0.20412111827266458
0.11868135135201983,0.1157082116064182,0.38418125472783743,0.20968362786871506,0.18034652602081674,0.2477922224255421,0.211032694184821,0.1634968659849184,0.2973801143024416,0.17353270222869857,0.24646405872487404,0.22621323186011283,0.2272714546716811,0.20522320145265077,0.2511510837099532,0.22829074708072572,0.3048765112119863,0.29221129573204163,0.14417331991083696,0.2942006574582711,0.20432463210006255,0.26261212572156867,0.480789871253934,0.7732946101788626,0.45451027774334435,0.18108569394122043,0.3101218073398717,0.2660121760748068,0.4144461668583344,0.13156017247441662,0.36775756406864024,0.20689115439514355,0.25177177333263445,0.3251055542131219,0.24102626823230242,0.3638002513074394,0.2721587284173313,0.14744772235669373,0.2527974641394689,0.2204690187487729,0.32181339697920225,0.25287953272510055,0.49949475597136045,0.07478824549113962,0.5036254487484483,0.132194128086297,0.2790644588561405,0.01544993175313747,-0.012933152966747194,0.057296432959143336,-0.12715425756706947,0.10327752630606261,0.05082403969832557,-0.08745549963083062,0.414208885119404,0.14328223208777618,0.15309313285125947,-0.9904211221274066,0.4417255323414557
0.36859741886329705,0.6010947016822306,0.8029068321179806,0.21525484981378182,0.026656923326619415,0.3784067004390532,0.3654012962185484,0.26545556666121956,0.44465338571868873,0.3069726721110394,0.4200122625752034,0.395055510560992,0.33310834587056243,0.2648945875197431,0.3232274326968567,0.30952898570962556,0.7238116614877106,0.5088547365385389,0.12375665897877043,0.692644332376479,0.45262984450408794,0.48624321058283676,0.4785269774796864,0.45451027774334435,2.8793769426888294,0.49799057501035665,0.42234737754698604,0.5124234594550826,1.1147173264048256,0.1285954995489745,0.6592832517302667,0.4476508904024194,0.29531525105228473,1.2114306440848386,0.761264741193099,0.7542677867868735,0.11401246467767477,0.34324703939217505,0.3179212281734602,0.4010627475649112,0.7231804379035512,0.46638979940791675,1.0112419190501016,0.04463766537640043,1.2481699139192342,0.29259444170355753,0.42171774676015256,-0.02204612332293755,0.026028735130483416,-0.39129184776042114,0.09725290858807965,0.08475850210386493,0.1514009560935862,-0.14787454205334838,0.21833792138488786,0.08276673881599197,0.10340939127075374,-0.39012309039532483,-0.063495008928289
0.22381600117096737,0.48730016408390897,0.6500280798924086,0.41247842678276775,0.34002453940914257,0.467245539550648,0.4534949850234418,0.40750208361263407,0.5542829359192909,0.2900862068677007,0.40322860335425437,0.45141079556553854,0.4088530390084099,0.3786307917624246,0.4544846648547131,0.35811756538424383,0.3541619024081949,0.4086396900181872,0.22959694585166232,0.4407949245140698,0.3003720647863956,0.37472435371578966,0.031172531342202853,0.18108569394122043,0.49799057501035665,1.6081433379443366,0.6247645683415267,0.5742581709543112,0.30568789875196195,-0.048354769134496614,0.44973690808494743,0.6624249581224916,0.5116090474065194,0.5390482742244151,0.4753072016268437,0.5942343583636841,-0.011500181863965835,0.2441227580892252,-0.19577009415465899,0.2376003753235128,0.6135994939344833,0.4643262938176372,0.37313311369311825,-0.0488255772163038,0.9798835854877609,-0.06363500942615972,0.22927653537968867,0.010682139680894324,0.10579181865880649,0.3725698952079262,-0.12534786226985278,-0.24271737135206095,-0.2900690389454902,0.10108846673060266,0.0958825371718967,-0.05994806683783908,0.09759752473771449,0.037456668716270174,-0.2356157227298941
0.20443162314255953,0.6355929934233332,0.7560969015062879,0.2313597730765407,0.13812581117232775,0.3142760309777511,0.2957567761539327,0.40765945840244566,0.38056519249113013,0.42209150767683795,0.3559069470880831,0.2561657414349414,0.3178400094172767,0.30179043791961296,0.3705124949449069,0.2997499385173006,0.4445902944231123,-0.1203690202247789,0.10285803866880444,0.6497080362156105,0.18961860843151507,0.28331849328064324,0.07550661887176555,0.3101218073398717,0.42234737754698604,0.6247645683415267,1.7775838017587235,0.5283045013450978,0.24584336011246777,0.19485857133971243,0.33910599617910864,0.3525605962701913,0.5711737009992639,0.2906362468953977,0.6109050314107779,0.5333672243983818,0.30121460967992997,0.3182823767623534,0.12834790957652092,0.2948037654741681,0.6782685687714741,0.4882770280301442,0.9023782135927585,0.013083177667806383,1.2173954431863514,-0.08642753228498992,0.14320677603016446,0.06875657753931423,0.012942512176114215,-0.32931180169057817,-0.1909568423471351,-0.11815960228823008,0.27992275405516526,0.16937699836593556,0.1269960370430503,-0.017402564504383378,0.089179707846738,-0.10793502703262389,-0.035268229364695806
0.14759608346699715,0.42102900788564773,0.47054424816622,0.1976789662622537,0.15577387439514745,0.2941907694460093,0.31615383026985233,0.22495827811110453,0.33758286796705306,0.27768898197920366,0.3108211945165738,0.25467998091408806,0.28062480889910385,0.3014263304136738,0.4281476261405731,0.3692978875962446,0.6959611726683989,0.30277714282367124,0.23237488620655197,0.5150854775051787,0.41264705933026363,0.33145939298928695,0.2055491920089016,0.2660121760748068,0.5124234594550826,0.5742581709543112,0.5283045013450978,1.518193327932931,0.37698766138057616,0.472343637414615,0.37098496623448524,0.42047670662475434,0.886201711086338,0.45459909659148645,0.9728652131192321,0.23463233377644616,0.629785709377767,0.26928693590350516,0.139007864009996,0.3483621575157287,0.6748388057110202,0.5553926249290244,0.5801534701463515,0.03165724534537109,1.0906857842767859,-0.01996814861163655,0.4860026657885815,0.08461194364584376,0.41045506190729414,0.6690688049410585,-0.19944396843748738,0.19217336006721583,-0.5963383261805224,0.05969222545082306,0.14401322678361173,-0.012529131078120849,0.10749001663647792,-0.23601235839024604,0.0029350386694894912
0.3631543819626528,0.6864087395089031,0.9160813738090279,0.3562315080836691,0.21518375593077682,0.5925889298463761,0.4465713442442313,0.39401347295857536,0.35252736582192157,0.38428410392661777,0.4885602803395039,0.4798174004267937,0.4775715735222974,0.3450115642829649,0.45180208570581926,0.4553764619089383,0.5988187425737878,0.637881885035123,0.2652591643615898,0.48421255584014505,0.5104542775648142,0.4214251418974091,0.6262342967419933,0.4144461668583344,1.1147173264048256,0.30568789875196195,0.24584336011246777,0.37698766138057616,2.7857251435540427,0.10570030699654963,0.38943066143906196,0.4871984371856532,0.10304190903813726,1.161554625281744,0.7182501532749879,0.7802113643108657,-0.09581444724605305,0.17597238797025003,0.6897010294823414,0.31879004210863604,0.9833956634806226,0.3213771402237434,0.7234721295565398,-0.016624668672923677,0.975150810779452,0.4539590228288764,0.5292413331474947,-0.03325745589196903,0.20502874756884554,0.41030085650245746,-0.22899463291490565,-0.04670077237133369,-0.16261475322075084,-0.010855544178275462,0.16894198710949682,0.07729128909207396,-0.0796333640024399,-0.19098585490757297,-0.05135711785704787
-0.08431938143964555,-0.19815843449403653,-0.5791128013240281,0.1015199413455352,0.2744878705267633,-0.14402623286866098,0.10152495004156681,0.035749929487864984,0.045028125263984094,0.08358922469615507,0.016117758665049574,-0.08142722242218985,0.0945796976550936,0.17565616995726485,0.11127223625191471,0.29444432260724895,0.29947787416350585,-0.17918535906356942,0.10235132809437715,0.511584646038839,-0.027075773795878725,0.2247059452769865,-0.029198086805220735,0.13156017247441662,0.1285954995489745,-0.048354769134496614,0.19485857133971243,0.472343637414615,0.10570030699654963,4.043428156964289,0.18112228218458803,0.30736375889541684,0.6275822218587997,-0.18635414314511015,0.5801752957082266,0.8218108547528641,0.5333800110931538,0.37600577846423705,0.6528665874734625,0.026267063910188175,0.8325746173582997,0.34187992824383906,0.09194948251798038,0.027212233145869333,-0.257686168030235,-0.017429694625034724,1.6851626110098217,0.10371398556163494,0.9832185866523128,-0.34387156202342656,0.0532696380720331,-0.5171058836022926,0.4986705911668669,0.004948149043770095,0.12325540917368925,-0.04800908414669743,0.1761869376719389,0.07048444354980217,-0.30428633004107836
0.21320520145377703,0.3916999314143773,0.5833924817406222,0.24582699570209612,0.2042168717571877,0.2949483006394695,0.3019294640817089,0.25932414751906785,0.3430156556905399,0.2780951717513718,0.32017292667978176,0.31075543717430887,0.2767307188863443,0.23713200466904372,0.3357104730009834,0.29871728775048867,0.4334256996639033,0.3540176585597377,0.22248430373855377,0.4565581928260092,0.2769428269325451,0.28197651851381567,-0.03428772548399973,0.36775756406864024,0.6592832517302667,0.44973690808494743,0.33910599617910864,0.37098496623448524,0.38943066143906196,0.18112228218458803,1.063595034078358,0.37375840791688286,0.2511438144116666,0.4239134621048639,0.39647479570866234,0.8876139375452632,0.13083718901926608,0.28191700280357085,0.30577577002843814,0.22809258761858842,0.6315291929873669,0.3499159970046849,0.35059471506592055,0.09422934417173007,0.913320855001484,0.09935009545931786,0.32983271311616247,0.010031859877292043,-0.28464825573294567,-0.018646211311633996,0.06416638861176949,0.0061729938397400135,-0.010805809002898072,-0.0710802535844967,0.23153590083628645,0.06517580246032868,0.19078903053820762,-0.41565544192302184,-0.07157995838657744
0.3249242977224179,0.32686369726715314,0.5232183004863983,0.3669803825332288,0.3306520461148045,0.37714568019966954,0.4660937501875477,0.2770006752850579,0.40766901868141525,0.2940503778311934,0.348175186415296,0.4544751840660546,0.43435510468137756,0.36277928668087944,0.3819134189040734,0.4377249253494193,0.34337042137099877,0.31902471224934315,0.2708386663123456,0.29460461269407956,0.40363437551439996,0.4724599225118701,0.11810690982471796,0.20689115439514355,0.4476508904024194,0.6624249581224916,0.3525605962701913,0.42047670662475434,0.4871984371856532,0.30736375889541684,0.37375840791688286,1.1968750754854676,0.45513869124277156,0.4257806663780729,0.28272602298111266,0.6071488993103665,-0.04765913262161447,0.22834658637176694,0.1482256885599994,0.15988968763353983,0.425688339074468,0.3554641875781412,0.0008102839427428733,-0.00461390841507669,0.6161789548455425,0.06251651141444246,0.3968255569489637,-0.0008759207238603864,0.6390543085195256,0.16232183408303846,-0.03877968067558946,-0.016508796652731618,-0.18761785972432132,0.06776154001319068,0.013657022646098275,-0.2765600168651971,0.8646808955245833,-0.3554547606528857,-0.36714214329066774
0.0946559231548076,0.2981887815051559,0.1794081072640053,0.22531054071974968,0.3173186363559924,0.043854328142509676,0.2800118144042492,0.11067041089710473,0.332619558946426,0.19903583863793692,0.19921634004389166,0.18106971968684543,0.20935662522871207,0.2120972473017803,0.2856267034966953,0.24138291535512676,0.4384986306599237,0.18455091396466713,0.1748352133550163,0.457169047784223,0.24947277882782098,0.35476575570895086,0.29516123253227255,0.25177177333263445,0.29531525105228473,0.5116090474065194,0.5711737009992639,0.886201711086338,0.10304190903813726,0.6275822218587997,0.2511438144116666,0.45513869124277156,2.0615238679543983,-0.07557078488964905,-0.17173742554522026,0.35449959418288474,0.7219549902188324,0.2946606606125192,-0.1308422282001192,0.17682027163687591,0.06285033806386645,0.4749658176573283,-0.024355693868525315,0.021496415549090677,0.4925907914276724,-0.20431244048381228,0.5348355835282432,0.10626185317547507,0.3789010540722976,0.25984436193314864,-0.15336511788397755,-0.13620050320140206,-0.03392780877466668,0.007264384772523386,0.13387729035041196,-0.08234232092562656,0.07504929516896976,-0.14279584699472672,0.038583745023079534
0.3213135688341421,0.6692908951337393,1.0517559372704652,0.2462185591291646,-0.061839554024138724,0.4559053437414101,0.3930452404429508,0.43289723320706247,0.5993577630974969,0.4116103516497168,0.43915467933734437,0.3989224543377984,0.40540611194299897,0.31327039591032607,0.3162616904305132,0.3694725211680688,0.5645687737452545,0.6173454863258541,0.19572298866688792,0.47167836609991515,0.5270004447731191,0.5345076355640177,0.6062687575577587,0.3251055542131219,1.2114306440848386,0.5390482742244151,0.2906362468953977,0.45459909659148645,1.161554625281744,-0.18635414314511015,0.4239134621048639,0.4257806663780729,-0.07557078488964905,4.302526377293438,1.286448908729721,0.46461297635155,0.45734599336735077,0.1619608550708499,0.4685264637246444,0.07980376312533925,0.8845229176535352,0.49580523281000255,1.079835731092046,0.13395172728741647,1.345787133724937,0.45654361659400633,0.4042683773583179,0.049775773178388084,1.0433684542811648,-0.6297594396856656,0.22775719625850335,0.33160152365472695,0.2947428998095689,-0.4356447543757919,0.00897705399289786,0.13657595997009095,-0.2098893832798284,-0.0929120485388988,0.06744798960867926
