0.8537007408746734,0.17052845760459165,0.2723312808487436,-0.009089926500364868,0.1226469253790769,0.04168756572563332,0.26685409746867483,-0.04552858889544283,0.10093738509488029,0.11762021344456178,0.0957607008336546,0.1572597595848265,0.05783377916858915,0.18238966306255774,0.10828277287497262,0.1209895060787219,0.07886633179878201,0.09096156165770378,0.06463931763466305,0.0354342970372952,0.10660844418558224,0.11505554676540622,0.08236646362685102,0.10596324598325177,0.07666343307827739,-0.0171215596326177,0.08002125494743456,0.010320531689010724,0.21550250364885595,0.024183807211028772,0.11549723809525896,0.07043980227328883,0.0898612723480592,-0.05526785543140642,0.07661732777247297,0.12190535522184909,0.0984387532735715,0.16587167816814424,-0.0054183146483456615,0.038474133023872606,0.14090731788109756,0.10508601724716395,0.06105598373771902,0.04206363658684017,0.03396636904224933,0.2065183228685669,-0.017228978588656806,0.0637537800025598,0.042955102361959416,-0.03274384570793257,-0.012845561344244373,-0.08498626110379953,0.08576450887804025,0.03547508893194566,-0.02149781699225006,-0.013322577706115262,-0.057779286913728356,0.0915072648671851,-0.052301321171177376
0.17052845760459165,3.3331952536565765,0.38354739224235956,0.11063171231424099,0.1509547234091551,0.12790311592502301,0.33707725182308795,0.18343770194746367,0.2750439187513499,0.31270440044338127,0.2116624405527827,0.25005973554427235,0.14367202515747873,-0.08334503056882069,0.40474538855070274,0.029180663285776946,0.1826832370599187,0.4643636995703277,0.11933596836119152,0.18391874982099868,0.3052704621686479,0.18801316137670768,-0.12269963409394635,-0.3304095133103652,0.1861809407863694,0.13404927454306365,0.7467844477189797,0.24089475695743262,0.56223733556849,-0.14448054222855564,0.165932018651572,0.17110341387161734,0.26194651232973853,0.14223426111417142,0.21153736343987375,0.2642786040252529,0.5163878268515113,0.1922123365492475,0.06850371243900194,0.12598715535491806,0.34073762205185315,0.30431395808103956,0.028626520264493697,0.036718301855374294,0.22333362812223562,0.4168696249216682,0.010813363519783816,0.12492111385807007,-0.09257453797990196,-0.15214134415104794,0.20440561964877726,0.13784571123697828,-0.12602361215564586,0.054396931042046445,-0.11500474675161994,0.05314139757115304,-0.08457773155804654,-0.1724228835859912,0.33873404901650295
0.2723312808487436,0.38354739224235956,1.4728418767270148,0.23140830801411735,-0.054909277130580726,0.4050934580615342,0.28978829000425926,0.32297481411253864,0.391240271553995,0.3286706593659567,0.3425874601543821,0.2971896660476292,0.20452010672585424,0.09158949516145996,0.3104618623791751,0.16088307421785045,0.3620756458810408,0.3152311967254982,0.19529369143507028,0.28804076896639896,0.2855655045616976,0.3252384501365686,0.23766675458193137,0.20309131979846673,0.24785585981010777,0.1635105626269415,0.2271187522667836,0.22837210035256292,0.5793714906748799,-0.4509295144310215,0.2630540648812876,0.21749956981292698,0.15984759502576798,0.2781101287896365,0.30463002427342734,0.39313565812594964,0.36037734063631194,0.44624697598053514,0.24222637908918587,0.05554334298466047,0.31143027943604934,0.3141071466701085,0.12851175061233275,0.16764424310450293,0.19485913100228208,0.7040792017093764,0.18060060314568516,0.09560219240315898,-0.3520029929396565,0.04103837570710113,-0.05070431261479825,0.21579497606716178,-0.04132720230235829,-0.1436685951567546,-0.04911742095880267,-0.0007501404423723426,-0.043399780255104645,0.08043307233001705,-0.1485294722526211
-0.009089926500364868,0.11063171231424099,0.23140830801411735,1.1852581204359596,0.29374568470337475,0.31425311076222484,0.3185506826532871,0.24380823115694303,0.2587523942004696,0.22825906026999926,0.2332673325171633,0.33032546484141606,0.18140450864806504,0.3584543376881145,0.2659669147067807,0.31977243710466635,0.2103403122105687,0.29521146510408647,0.21627665207880495,0.22883978118926698,0.22018438561103781,0.2853388509311037,0.3182496483075112,0.2345063045311451,0.27884445702113014,0.23630135921990672,0.13464347143186017,0.008228744594951768,0.36355628023222003,0.06717067508525931,0.20125798693325722,0.18311221891265533,0.10237984238879276,0.3235752813353296,-0.004677954677890299,0.24790132691513758,0.3108636805280158,0.27726287403421646,0.25522960597298394,0.1287170992043035,0.19211562871254312,0.21583412183955655,0.35439862029901026,0.13215183596994592,0.12202269343459908,0.1970727635211464,0.21982545189141534,0.07217919573866782,0.21858615969025627,0.10307410795629815,-0.09945200243775706,-0.018662989457645714,0.013112817562429194,-0.010745987693212299,-0.12821299435781722,0.11169592037786603,-0.27606573389310235,0.21826879133123864,-0.07953404499701709
0.1226469253790769,0.1509547234091551,-0.054909277130580726,0.29374568470337475,0.680480441316041,0.21723632669479878,0.20028179270197877,0.1279896411076498,0.1457665122596026,0.16234414205841763,0.13314721382604916,0.21547252769830372,0.12683584339308143,0.14390382722298894,0.24638857579955334,0.21904782656965807,0.08463439245626299,0.20428804725536584,0.3020740268837675,0.10206267034874919,0.15882653541102318,0.1876562804975953,0.22072220169221315,0.13676555338444363,0.22840552300292993,0.18703561982747532,0.12971116834735932,-0.08687984383788873,0.17413788118620438,0.1965235372121828,0.11116360456331045,0.1405320081567601,0.08999310706965678,0.27765783497024715,-0.008488836810678696,0.17417997404122507,0.24367871303509042,0.1531905543517929,0.2051574109145185,0.09821567964883564,0.10950046701595849,0.15182982210061768,0.24250957891585997,0.08546410866981516,0.09840899226025174,0.08730055395741022,0.16665501412062442,0.0665103952186816,0.23341763572263452,0.12100150055972428,-0.1001834830142149,-0.2931602675533759,0.24985714664009925,0.017995949444072196,-0.05049846446502911,0.06962298254153315,-0.18061319801928025,0.0749407112411318,0.002630739262857533
0.04168756572563332,0.12790311592502301,0.4050934580615342,0.31425311076222484,0.21723632669479878,0.6789817218251166,0.10053779529892246,0.36129119547969873,0.22912211242722455,0.13097161711211042,0.2840089378970396,0.23277132801916647,0.1810812234427649,0.17033793948089399,0.22516660528809113,0.20447315428793053,0.28614499278497874,0.20808902122745931,0.3462385932318605,0.29317419967592423,0.22648504799416222,0.25228492213515763,0.17268550547266562,0.18990233133434334,0.23540131343725784,0.25602942746591095,0.20143267668847734,0.11631214581437747,0.377977232220879,-0.09305059421536802,0.17490362563006126,0.1752012322668396,0.08141439690934206,0.2597296795956904,0.14297459391958126,0.16606652609130748,0.3462145123364852,0.28805355367571933,0.31051811783630245,0.14106959537210037,0.18796707593590503,0.22090526039682468,0.29568602450207065,0.157536879824496,0.14735158500314768,0.24297275970446136,0.38816660106648193,0.09977495712559023,0.180196486098945,0.29431697701237847,-0.2156281962592262,0.02461303198427982,-0.10140400022521617,-0.02684407375936659,-0.15893123628695824,0.05384318547011133,-0.17583915525708768,0.32480417174137594,-0.2219747705988583
0.26685409746867483,0.33707725182308795,0.28978829000425926,0.3185506826532871,0.20028179270197877,0.10053779529892246,0.5757822916658982,0.02799514153421024,0.22724891799619676,0.15896688046215735,0.15769405965536737,0.29592555838558016,0.11871437074884443,0.010226641963785383,0.16140077091367194,0.15135748277018277,0.13789804084470964,0.22476256848246962,0.11118150085884276,0.10983041385494628,0.17056049770291276,0.21349478101234057,0.2055330050562814,0.13506406402758583,0.18195813952455636,0.12052387689149406,0.15128960854754936,0.022344952563166497,0.22210941294377362,0.031134593091128645,0.15727884212595886,0.15521988084206034,0.11749765003897093,0.2133795561713353,0.04378927023086998,0.2585835240330216,0.17402007829925376,0.21317866092399784,0.13288628583178383,0.0665322474267912,0.10698507530826139,0.17139051774483233,0.13393457601259473,0.0775289752553633,0.09713270433195365,0.21930014011629798,-0.04811880497063649,0.03431856038853565,0.02718859024482968,-0.0619358880915962,-0.013412409330308713,-0.02124123008456328,0.18577787936122717,-0.08004282274559181,-0.03917498759959786,0.05696687867803043,-0.09358658236743869,-0.08883708768198137,0.07121969862439655
-0.04552858889544283,0.18343770194746367,0.32297481411253864,0.24380823115694303,0.1279896411076498,0.36129119547969873,0.02799514153421024,0.7790236392217296,0.10135507748717412,0.24693579737001106,0.2705607621397055,0.12396720189381007,0.22427041186394495,0.13067793201360162,0.1761282796414055,0.16180868653244315,0.27983143786324055,0.22030002143872193,0.23296884844839194,0.2579314677498407,0.18227013914190504,0.16619452831582465,0.1717376004917438,0.10614493315247779,0.24270215624365835,0.19545337638765478,0.20045311203478608,0.11288063035832285,0.28234532243579363,-0.1319329538069476,0.10307665882179606,0.12579900731687935,0.09126922548131937,0.2861920254954081,0.28939875744336835,0.09694963220238158,0.33442123045690086,0.21045191039373692,0.3383710794584546,0.16382404567451314,0.2034093709610866,0.19477023267249374,0.22689925142198636,0.1426438311666353,0.0856572419804325,0.25587461115332427,0.4065115479650584,0.1285486494895736,0.14458581931309714,0.11829897903091458,-0.08027318219833524,0.20259363760723678,-0.1301591838577475,-0.07610154929794828,-0.17762792192670787,0.002008342735064199,-0.10222814571238865,0.3108574425137733,-0.19058348073734271
0.10093738509488029,0.2750439187513499,0.391240271553995,0.2587523942004696,0.1457665122596026,0.22912211242722455,0.22724891799619676,0.10135507748717412,0.7146685190640022,0.1915542961730754,0.15122718127745774,0.20729539729338733,0.1417458125905801,0.1098555861351922,0.08694602643464941,0.14031479583021433,0.17197552892683354,0.26153645673354203,0.11784885169627424,0.0924363572710618,0.18681797280962212,0.3693552745003985,0.21720058943700563,0.16380210352063942,0.1597778981610381,0.19372593527395934,0.1747103331790895,0.053928280926153066,0.2724010994416018,0.004224660592481942,0.24512743127348513,0.158305858784277,0.1658156583505458,0.08558280479678027,0.09213525501269715,0.27098452940012746,0.18603242765227945,0.27864367677309065,0.1103483241317759,0.07934496998228406,0.14358042211638056,0.1889459347086095,0.23432166944637578,0.10744547997053801,0.12119835383048282,0.23108471181569396,0.07853608247058416,-0.05624142764655105,0.0035741124510348093,0.09614572999824178,-0.09099641966627924,-0.09351427208613165,0.11129373960174427,-0.03220450367248762,0.006673683310625515,0.18053980490757954,-0.14186308084080324,-0.03052934516397538,-0.12443387894748495
0.11762021344456178,0.31270440044338127,0.3286706593659567,0.22825906026999926,0.16234414205841763,0.13097161711211042,0.15896688046215735,0.24693579737001106,0.1915542961730754,0.7640131696100545,0.1716301173239179,0.17765518540707548,0.1437800722208352,0.08372378067710474,0.2484172580827421,0.154058959137394,0.184644055823653,0.31431856220833276,0.11390699225533263,0.12799669959050006,0.15811830495744447,0.19949630771919774,0.28863437733649866,0.059170147755463975,0.2543746719019928,0.13325606569982193,0.24390372367985,-0.0035472246122244637,0.3371339009365875,-0.02366050797141971,0.11038500589793361,0.17082240960521897,0.08449398727507137,0.36570395995193106,0.16564412111441,0.2783698339371183,0.2643964578899732,0.14717773645307855,0.2623642546810403,0.10087549437465061,0.2127975814932372,0.18282290965227044,0.05138600634111117,0.13222212594898783,0.005745014336907351,0.23885402306573594,0.17886680072387534,0.04834654089609092,0.03568686080599183,-0.017097692116711697,0.009909519094883119,-0.11554539036292132,0.18528834371929762,-0.056273071571420585,-0.36675702054349996,0.059004167010395944,0.03255135207672873,-0.16184368525166093,0.2962003319340532
0.0957607008336546,0.2116624405527827,0.3425874601543821,0.2332673325171633,0.13314721382604916,0.2840089378970396,0.15769405965536737,0.2705607621397055,0.15122718127745774,0.1716301173239179,0.54100317434026,0.2138181555930023,0.1680622394787458,0.16173535811979972,0.2241763285544226,0.1919481873495555,0.319007941695223,0.17972860916264805,0.1642885100484936,0.305562272902004,0.23050250020050472,0.18215614632753968,0.16120746317608856,0.16056439092123256,0.21816512669713622,0.20223738040833886,0.23729387807663818,0.13232525812675908,0.3174062655424069,-0.09655597446240675,0.1611417454451526,0.15878316430416142,0.12144962539138517,0.23804212112870765,0.2323557038846917,0.19968805718958313,0.3178081125886341,0.2623296274932425,0.23050101459452974,0.16596676359134666,0.2384417122941246,0.24395784797365508,0.2081670370911182,0.1326512399838376,0.1370253786279283,0.2904756523297137,0.22429566934324321,0.1332355435263428,0.02051643280462426,0.07513618001581798,-0.08485652025010222,-0.011102897792670433,0.06005503506116823,-0.03054289600438959,-0.20842196286349296,0.029042961740595466,-0.12352397584519587,0.19153026057881817,-0.05272059053761874
0.1572597595848265,0.25005973554427235,0.2971896660476292,0.33032546484141606,0.21547252769830372,0.23277132801916647,0.29592555838558016,0.12396720189381007,0.20729539729338733,0.17765518540707548,0.2138181555930023,0.5846317174255166,0.12811895852885744,0.13746757058360717,0.23932826989813008,0.20169919777645326,0.19922507207637508,0.1779481796426963,0.14202126935434156,0.18931651652219528,0.1779525638384131,0.20415964628073272,0.21521929019429223,0.1345479502350799,0.2682911350441513,0.1672277951797032,0.2398475617276998,-0.05600606162288692,0.2799865404141425,0.03189542472517478,0.08577674671161527,0.19789289170038069,0.10841932000186252,0.22527786183572848,0.1913982938360186,0.17698374197077016,0.2122756381535913,0.2359681245299744,0.18841761373069144,0.1278713848091121,0.15932703123012817,0.18902225112521148,0.20158515262073445,0.08805002613482299,0.10024352539191317,0.32898527289569823,0.189644686254382,0.13535019810768914,0.2692809589191365,-0.005317987500340948,-0.0695648304955301,-0.19384384062688625,0.22620784537119787,0.002385897601021761,0.06252221549193147,0.027178066575634523,-0.16129593069971856,0.14771108631031135,-0.3351743500729056
0.05783377916858915,0.14367202515747873,0.20452010672585424,0.18140450864806504,0.12683584339308143,0.1810812234427649,0.11871437074884443,0.22427041186394495,0.1417458125905801,0.1437800722208352,0.1680622394787458,0.12811895852885744,0.332571080992581,0.10377354217492765,0.06085123653078324,0.1499783327543306,0.150994500679147,0.14350963229573963,0.12675806989503657,0.13126062106086744,0.12686598907697796,0.1743468025409572,0.12409326983911875,0.08342741314091229,0.1399673800299186,0.12566366121275052,0.1149122608078941,0.06508809743248277,0.26808696817563943,-0.08376706868790398,0.07781748940276598,0.13824522225861946,0.07738166143271695,0.1744970035517317,0.15979825956975913,0.11945035605318394,0.16048356788916956,0.1359689627610951,0.19783454401116066,0.10118837296617986,0.12626179914249203,0.13223428288883238,0.13476088478933626,0.09840108089047275,-0.003935190380137568,0.181036066906742,0.1414792791072279,0.04129619362742559,0.1212798713351152,0.13432893433481785,-0.04279228558558874,0.004901709246524572,-0.04197285154359489,-0.04881721842305253,-0.09675722991109509,0.02060858435917944,-0.07028915204089449,0.049450953847799295,0.01889598573507764
0.18238966306255774,-0.08334503056882069,0.09158949516145996,0.3584543376881145,0.14390382722298894,0.17033793948089399,0.010226641963785383,0.13067793201360162,0.1098555861351922,0.08372378067710474,0.16173535811979972,0.13746757058360717,0.10377354217492765,0.6630582303640029,0.17453895711160283,0.2987132495434874,0.17773147549485255,0.10434358960984903,0.11242455916418356,0.18098747397460296,0.16217474189130449,0.16335292529787998,0.1858620408625969,0.1947410105883577,0.15592270806121208,0.11613374633869537,0.03286688594602406,0.006272903419969871,0.32538355762676957,0.058065483226980213,0.10927586689025306,0.07734805063404408,0.057879084535038657,0.09573578545479895,0.16655384515240906,0.06965560560911022,0.2556779751233528,0.19656848600011742,0.08442592042072448,0.14786427743768252,0.24330537354169002,0.16968854797094945,0.3272452881078898,0.10833917901226196,0.07841122384199699,0.087407476767769,0.21140789223506815,0.14040064228217067,0.41894998444522463,0.13159149899321526,-0.08177401439159991,-0.10966604605847727,-0.13619144188449447,0.15053224446074157,-0.29122481953237184,0.012116380397110972,-0.2597154805021165,0.533407902402597,-0.11162984459367989
0.10828277287497262,0.40474538855070274,0.3104618623791751,0.2659669147067807,0.24638857579955334,0.22516660528809113,0.16140077091367194,0.1761282796414055,0.08694602643464941,0.2484172580827421,0.2241763285544226,0.23932826989813008,0.06085123653078324,0.17453895711160283,1.097169917712182,0.16895540292726058,0.18827268255212679,0.4039072735244911,0.1836507506643298,0.28646325482211477,0.29397273877005287,0.1470467282587756,0.533777035671944,0.3125617037261419,0.4388164167659252,0.24635563393538248,0.23737360932498014,-0.08528021486282564,0.38308848379972066,0.16460395764330393,0.18802075156395412,0.1039587305078327,0.1331516249103238,0.4125699672614342,0.19802867111323488,0.31300723988877144,0.5167464549589023,0.24596862965038088,0.3374694551402194,0.1912635695195163,0.328116048727741,0.3109766517123031,0.25181498461762336,0.17105968755871556,0.16636985222965806,0.3235057027056769,0.2233385559321155,0.23920267799929404,0.1300174120896052,0.04618227014839433,-0.05847238739976152,-0.012229714900886353,0.01905108184132457,0.0022529459658205374,-0.3322743477540528,0.11872234792814917,-0.3112710593519542,0.1942704062178527,0.1951511986886881
0.1209895060787219,0.029180663285776946,0.16088307421785045,0.31977243710466635,0.21904782656965807,0.20447315428793053,0.15135748277018277,0.16180868653244315,0.14031479583021433,0.154058959137394,0.1919481873495555,0.20169919777645326,0.1499783327543306,0.2987132495434874,0.16895540292726058,0.8172351971903145,0.23258243552018965,0.15432080805575052,0.1700137260042637,0.17392711631941993,0.21911176074514954,0.3902140804619786,0.30850467838173395,0.25431310339431695,0.28404816839243274,0.10073421316401748,0.18642253136013243,0.037388876455479975,0.4011217705666167,-0.03803511083291318,0.09287465451847653,0.21967388043965377,0.0654454103797503,0.22554534040180663,0.4220837280822843,0.17250759617758352,0.22142052788264915,0.2953326237548711,0.2723289511730725,0.27840382000981945,0.26129811474605913,0.24246640646280115,0.4458553252128521,0.1955535554425582,0.14152292106465475,0.13489328666639727,0.20208582032740222,0.012827805415532283,0.34566729069816293,-0.19008847671955556,-0.12177362578514989,-0.04996490110775967,0.17349975650797406,0.06664818523445079,-0.2268704862447499,0.024194232573411578,-0.25128541402438626,0.3536906129056661,-0.02020888042497431
0.07886633179878201,0.1826832370599187,0.3620756458810408,0.2103403122105687,0.08463439245626299,0.28614499278497874,0.13789804084470964,0.27983143786324055,0.17197552892683354,0.184644055823653,0.319007941695223,0.19922507207637508,0.150994500679147,0.17773147549485255,0.18827268255212679,0.23258243552018965,1.0056518905023055,0.033727769639590184,0.23190595513101975,0.4088564516640655,0.3325604609057648,0.21171752148492667,0.0634500537758413,0.31789127899214586,0.19820333715643135,-0.042802933646420654,0.3722172033890126,0.6558460133659544,0.2997512434858878,-0.17331094299624802,0.31270587856635984,0.12705235376048152,0.29230770215278046,0.17290265208013947,0.30828135346246704,0.29779704595140366,0.5824600264574382,0.4138008612781809,0.14449351153961895,0.2485440723535476,0.4899867024723664,0.38575896612405053,0.3116149024586451,0.2573801156328582,0.24948942698082088,0.2588250689946783,0.3399510543405338,0.2761470000055322,0.10645537809923042,0.19467850900255504,0.032100966935740896,0.24580232419995984,-0.24879974204658603,-0.08739951345520218,-0.750202831201796,0.08494225293671649,-0.12234126392093138,0.41423406493956927,-0.046904937951303564
0.09096156165770378,0.4643636995703277,0.3152311967254982,0.29521146510408647,0.20428804725536584,0.20808902122745931,0.22476256848246962,0.22030002143872193,0.26153645673354203,0.31431856220833276,0.17972860916264805,0.1779481796426963,0.14350963229573963,0.10434358960984903,0.4039072735244911,0.15432080805575052,0.033727769639590184,0.9116210571667691,0.1586367903697922,0.07403714551470736,0.2833702086038161,0.2514366094557765,0.6846351673626445,0.19384812212865862,0.321476906647588,0.4527779626634261,-0.05198017060436766,-0.3301363084314528,0.3999258702425031,0.040401880848800135,0.3130003137564198,0.1506640018136561,0.07634207198776595,0.41009534221664573,0.15527604913814405,0.3411362060871959,0.35590198166774917,0.23642163991806198,0.34161462894084654,0.20630474925264633,0.16132268659034082,0.2853351168726047,0.27614364836625077,0.09804232233559577,0.1951465642647755,0.3677928449641736,0.22116447010955909,0.08954147232694525,-0.00534067268117315,0.319285609188675,0.03618615168034906,-0.17755217665351664,-0.09560978275025944,-0.060156119317548926,-0.12098246663193128,0.09528709957781996,-0.1438051899873228,0.07653267586510439,-0.03037456260598883
0.06463931763466305,0.11933596836119152,0.19529369143507028,0.21627665207880495,0.3020740268837675,0.3462385932318605,0.11118150085884276,0.23296884844839194,0.11784885169627424,0.11390699225533263,0.1642885100484936,0.14202126935434156,0.12675806989503657,0.11242455916418356,0.1836507506643298,0.1700137260042637,0.23190595513101975,0.1586367903697922,0.6285774816882757,0.09304885009971606,0.17712535157068512,0.18478004058982242,0.05219453704110204,0.19148021747372374,0.1449691452513155,0.05317363793806145,0.05829346808834394,0.3122315737138332,0.10374811769707903,0.003957049191547607,0.23919558827434878,0.1081433221486317,0.11351297093384895,0.19077987975508207,0.0169803991139071,0.1880720880460635,0.21673188601968263,0.27057255421006066,0.20047753928930653,0.09006888025560245,0.16278128646162196,0.15530550496149637,0.27845974344413943,0.11121888426641796,0.14747633318730502,0.09768250915730557,0.11983203433644603,0.07832617692962542,0.009528260804003716,-0.08309099274988346,0.15345633903480138,0.6365012683028015,-0.4317325183401439,-0.14945200766897135,-0.08597033851060608,0.06868281506136564,-0.13167920361852226,0.14918473009688318,-0.01732306883100352
0.0354342970372952,0.18391874982099868,0.28804076896639896,0.22883978118926698,0.10206267034874919,0.29317419967592423,0.10983041385494628,0.2579314677498407,0.0924363572710618,0.12799669959050006,0.305562272902004,0.18931651652219528,0.13126062106086744,0.18098747397460296,0.28646325482211477,0.17392711631941993,0.4088564516640655,0.07403714551470736,0.09304885009971606,1.147536615058626,0.1804402131169697,0.09771723417823741,0.16720495146814837,0.3540057003516519,0.25702054985433087,0.4044319067813315,0.4270936639689734,0.1438661614970938,0.39974856826887817,0.008561938032307481,0.22136212825923238,0.2402410685556215,0.11706129486232295,0.36869463987478535,0.1474745487489809,0.14595037415096812,0.5319811186276868,0.30146228739473246,0.5236748676541096,0.2582081616614146,0.33899253157702497,0.22371605747022735,0.16725239803660166,0.1803000981801513,0.141172773606402,0.27528162981014037,0.13279708361533699,0.3881931552511175,0.7986066636330735,0.037402576074027395,-0.19866003567725346,-0.08357164441530328,0.1940879371749378,0.008547187271386182,-0.33000565478303834,0.03988276385202905,-0.08273866030462504,0.09777409089864332,0.05584040361842104
0.10660844418558224,0.3052704621686479,0.2855655045616976,0.22018438561103781,0.15882653541102318,0.22648504799416222,0.17056049770291276,0.18227013914190504,0.18681797280962212,0.15811830495744447,0.23050250020050472,0.1779525638384131,0.12686598907697796,0.16217474189130449,0.29397273877005287,0.21911176074514954,0.3325604609057648,0.2833702086038161,0.17712535157068512,0.1804402131169697,0.5508265872617115,0.22402218508169613,0.25905794320888975,0.21861331112856058,0.2371744597804613,0.17848628085327944,0.19510680984835096,0.13187333781223678,0.30444391089435163,0.04035983253187903,0.2853567770606516,0.15159635064338062,0.23837894195462866,0.22769133673139547,0.41131159844176524,0.339953440898208,0.4977891096619221,0.41212146023542284,0.14323066874835913,0.2959990592069679,0.42391830644308154,0.5174150244365625,0.40731591608642265,0.16246905915800056,0.41891362718251207,0.3198560487446456,0.305692750431319,0.25657652319027235,-0.029359174412459492,0.16570964659411824,-0.025878854614880906,-0.09737643571470107,-0.006698849619993901,0.007832684923973479,-0.20396097176409786,0.02635130246935618,-0.1924964622638335,0.37139817772379624,-0.06121339067601535
0.11505554676540622,0.18801316137670768,0.3252384501365686,0.2853388509311037,0.1876562804975953,0.25228492213515763,0.21349478101234057,0.16619452831582465,0.3693552745003985,0.19949630771919774,0.18215614632753968,0.20415964628073272,0.1743468025409572,0.16335292529787998,0.1470467282587756,0.3902140804619786,0.21171752148492667,0.2514366094557765,0.18478004058982242,0.09771723417823741,0.22402218508169613,0.7633810232145172,0.3051924079040877,0.18147887198104048,0.2289103600644009,0.1694484467804809,0.1686945001598625,0.064058269209861,0.4421704347498162,-0.025309473053041678,0.16475596468726328,0.26297317167870227,0.16602721707733348,0.23066838371360057,0.20079954930710778,0.3108634650836243,0.17982757043968742,0.37235837646530223,0.2421267341322888,0.16668472096320183,0.17683318109222587,0.23522020962809395,0.46339729197555074,0.172714343647931,0.1471470666201058,0.19531241481812173,0.15418897891676756,-0.27832503859685415,0.25705550798257115,-0.0021639531725918763,-0.10947942635281241,-0.02259983782443502,0.08211412453897049,-0.0429844480513972,-0.11295387328540707,0.08321805468178758,-0.1761567577190735,0.23991615655019954,-0.12833967101661814
0.08236646362685102,-0.12269963409394635,0.23766675458193137,0.3182496483075112,0.22072220169221315,0.17268550547266562,0.2055330050562814,0.1717376004917438,0.21720058943700563,0.28863437733649866,0.16120746317608856,0.21521929019429223,0.12409326983911875,0.1858620408625969,0.533777035671944,0.30850467838173395,0.0634500537758413,0.6846351673626445,0.05219453704110204,0.16720495146814837,0.25905794320888975,0.3051924079040877,1.5400466339708274,0.5858211088896886,0.6052280290041041,0.20388021493618114,0.055080817632813396,-0.7517313946461825,0.6608282141110384,0.31915230721385945,-0.04693740640580827,0.10587970996026133,0.016223316631732026,0.5350793214405303,0.21290713570862668,0.44544592044508247,0.4447904915890747,0.15463901888504827,0.6591474130293068,0.32362701247455605,0.293743130748883,0.29191202416093165,0.18016329813250115,0.2739013771218181,-0.06839206012029846,0.5423933036525511,0.3705328532978595,0.19039211244397064,0.3676697033735952,0.20638937959761997,-0.0953058830369466,-0.5368755776844151,0.3178293325179317,0.05107100305740474,-0.4225221890145943,0.05706420504233943,-0.22086182966259793,0.11832854465199258,0.10318872792753175
0.10596324598325177,-0.3304095133103652,0.20309131979846673,0.2345063045311451,0.13676555338444363,0.18990233133434334,0.13506406402758583,0.10614493315247779,0.16380210352063942,0.059170147755463975,0.16056439092123256,0.1345479502350799,0.08342741314091229,0.1947410105883577,0.3125617037261419,0.25431310339431695,0.31789127899214586,0.19384812212865862,0.19148021747372374,0.3540057003516519,0.21861331112856058,0.18147887198104048,0.5858211088896886,1.4503111426802542,0.40624375168272653,-0.1543676298187394,0.029286076184608257,0.3870984297700724,0.18955866489734677,0.5794293156327767,0.773067978346538,0.07253577239965874,0.17736394349657397,0.07829810641349953,0.05868979114078644,0.5123987938844026,0.3359431462756984,0.4117523901671003,0.1810410491405338,0.1169645784974398,0.5277457843225598,0.23656588031202944,0.13688258261376407,0.25882517381399706,-0.023421790244593694,0.2792930808274371,0.20398070241635632,0.25284026604306725,0.11368540479202233,-0.19098973288235407,-0.08849275546710078,0.23188229255271103,0.08759670685151758,-0.06548826936119602,-0.1298297604519045,0.09389071663688736,-0.1116535948004567,0.00855272117756645,0.09707628491434327
0.07666343307827739,0.1861809407863694,0.24785585981010777,0.27884445702113014,0.22840552300292993,0.23540131343725784,0.18195813952455636,0.24270215624365835,0.1597778981610381,0.2543746719019928,0.21816512669713622,0.2682911350441513,0.1399673800299186,0.15592270806121208,0.4388164167659252,0.28404816839243274,0.19820333715643135,0.321476906647588,0.1449691452513155,0.25702054985433087,0.2371744597804613,0.2289103600644009,0.6052280290041041,0.40624375168272653,0.9868489154563689,0.2184596028019663,0.295377591984057,-0.29688283184306136,0.4599965956008197,0.2609632863266883,0.06845504123403272,0.1776866494030128,0.07380036368072115,0.5413412299190363,0.354114247611261,0.2703317184084346,0.4636249694447094,0.2621276224402402,0.4836324761475668,0.2218346922924515,0.2464938062999502,0.2762328584731647,0.23174928751116072,0.19723715375042,0.16751975099756988,0.4230465788035863,0.35382469964966046,0.14770625810403115,0.13810451755966136,-0.061619921521820775,-0.0968152829059691,-0.2988639132845608,0.34099848099022945,0.020883692465446895,-0.23031648680424494,0.0930898368473036,-0.15339126221119223,0.06885713446155833,-0.04880977597832377
-0.0171215596326177,0.13404927454306365,0.1635105626269415,0.23630135921990672,0.18703561982747532,0.25602942746591095,0.12052387689149406,0.19545337638765478,0.19372593527395934,0.13325606569982193,0.20223738040833886,0.1672277951797032,0.12566366121275052,0.11613374633869537,0.24635563393538248,0.10073421316401748,-0.042802933646420654,0.4527779626634261,0.05317363793806145,0.4044319067813315,0.17848628085327944,0.1694484467804809,0.20388021493618114,-0.1543676298187394,0.2184596028019663,2.1018341376487952,0.2416238642217087,-0.503769205979466,-0.22170545772460026,-0.22189316566115588,0.0948364845865117,0.40688267674909495,0.08739902489090313,0.5494151799492355,0.3434808669216597,-0.011787142043013597,-0.016376721614120494,0.22213367056778202,0.3533470068250472,0.2726584885964033,-0.4441976742146054,0.19686590154892747,0.5004318269428675,-0.051816664393909605,0.5923283569747632,-0.04970850784833913,-0.19059018927822105,0.044085237893915996,0.4021514547952227,0.7358289273387062,-0.3226633579887122,-0.4990421084234903,0.014003135099631988,-0.03094892176684204,0.15445443031434614,0.04960002359857881,-0.11009131954972279,0.27049180718638793,-0.5120986749745412
0.08002125494743456,0.7467844477189797,0.2271187522667836,0.13464347143186017,0.12971116834735932,0.20143267668847734,0.15128960854754936,0.20045311203478608,0.1747103331790895,0.24390372367985,0.23729387807663818,0.2398475617276998,0.1149122608078941,0.03286688594602406,0.23737360932498014,0.18642253136013243,0.3722172033890126,-0.05198017060436766,0.05829346808834394,0.4270936639689734,0.19510680984835096,0.1686945001598625,0.055080817632813396,0.029286076184608257,0.295377591984057,0.2416238642217087,1.3514254235018948,0.21259141071931711,0.17119394015853798,0.11470175680805897,-0.0031070675212831853,0.17981572104404203,0.26306591849465366,0.02980021356074043,0.4052582855300807,0.05422130993994304,0.4181317464257024,0.30356524913641764,0.23030624268344424,0.25330045194091017,0.4435608510696229,0.25372350446281866,0.3334808593882444,0.23499045900217094,0.16009252032403387,0.5059003674793949,0.20240832035697193,0.40933048885799217,0.6215420738644942,-0.04389278754537999,-0.16045216058177833,-0.2418891323557294,0.22496668053573432,0.24044198268916037,0.0072094128452003265,-0.002069168542215217,-0.08251224048649562,0.417412518793573,-0.520200109601576
0.010320531689010724,0.24089475695743262,0.22837210035256292,0.008228744594951768,-0.08687984383788873,0.11631214581437747,0.022344952563166497,0.11288063035832285,0.053928280926153066,-0.0035472246122244637,0.13232525812675908,-0.05600606162288692,0.06508809743248277,0.006272903419969871,-0.08528021486282564,0.037388876455479975,0.6558460133659544,-0.3301363084314528,0.3122315737138332,0.1438661614970938,0.13187333781223678,0.064058269209861,-0.7517313946461825,0.3870984297700724,-0.29688283184306136,-0.503769205979466,0.21259141071931711,2.881578058527238,-0.27558238731322576,-0.24395737530049738,0.6967064081594313,0.03650329722696468,0.46525924054745293,-0.1399966221227379,-0.06698607774741787,0.5886479369980627,0.2161885243933221,0.33125096224245537,-0.23394064149238378,-0.12030405210746058,0.6318437444621288,0.12914062052964426,0.35275046151876366,0.4366916284453632,0.15305104427207594,-0.6308239138961867,-0.24550908933984003,0.18557415343263625,-0.24387767138698369,-0.49364778746944765,0.15658644525922638,1.7207850078823401,-1.081803144275269,-0.23081913195347017,-0.06976257093371127,0.05589183182158195,0.0340833426874083,-0.4054984263866969,1.3033110966299446
0.21550250364885595,0.56223733556849,0.5793714906748799,0.36355628023222003,0.17413788118620438,0.377977232220879,0.22210941294377362,0.28234532243579363,0.2724010994416018,0.3371339009365875,0.3174062655424069,0.2799865404141425,0.26808696817563943,0.32538355762676957,0.38308848379972066,0.4011217705666167,0.2997512434858878,0.3999258702425031,0.10374811769707903,0.39974856826887817,0.30444391089435163,0.4421704347498162,0.6608282141110384,0.18955866489734677,0.4599965956008197,-0.22170545772460026,0.17119394015853798,-0.27558238731322576,3.0537233908216432,-0.5700179790491963,-0.12939546084428635,0.2753369198575793,-0.10710891128165968,0.4009855782787243,0.23497928163505763,0.5331566248550066,0.13248628158774056,-0.14439447907982866,0.6081758483105035,0.28373050785735154,0.5790616127462687,0.30153044395052403,-0.344365502266846,0.03525516050652786,-0.14628658576064388,0.5975799929598453,0.23702848595852477,-0.08601750537720362,0.5872942663923025,0.6978421283735834,-0.2586338790644437,-0.44107871119416514,-0.29844429485144364,0.24990674381264658,-0.788168480137394,0.030051136611531876,-0.1951917552877676,-0.33462689938711715,0.9841974634286451
0.024183807211028772,-0.14448054222855564,-0.4509295144310215,0.06717067508525931,0.1965235372121828,-0.09305059421536802,0.031134593091128645,-0.1319329538069476,0.004224660592481942,-0.02366050797141971,-0.09655597446240675,0.03189542472517478,-0.08376706868790398,0.058065483226980213,0.16460395764330393,-0.03803511083291318,-0.17331094299624802,0.040401880848800135,0.003957049191547607,0.008561938032307481,0.04035983253187903,-0.025309473053041678,0.31915230721385945,0.5794293156327767,0.2609632863266883,-0.22189316566115588,0.11470175680805897,-0.24395737530049738,-0.5700179790491963,3.047849234609741,0.31409581787216273,-0.011613449644702569,0.2597330685165687,-0.17868463796857179,-0.3481369103753259,0.30983919907230206,0.5524030455759911,0.4690227270736007,-0.3868028005761572,-0.22621473274351475,0.3105357898650715,0.010767148323754734,0.6241332143902533,-0.003629912274883561,0.2535700759468501,0.6808248720465163,0.5669263833173671,0.411387949436399,0.013671566930198718,-0.07390001993142038,-0.08134079543365426,-0.5408615946474763,0.43154546207024463,0.2308349678234387,0.772033377431528,-0.15302133838710819,-0.10631192868956127,0.9615405500028128,-1.4788937117614853
0.11549723809525896,0.165932018651572,0.2630540648812876,0.20125798693325722,0.11116360456331045,0.17490362563006126,0.15727884212595886,0.10307665882179606,0.24512743127348513,0.11038500589793361,0.1611417454451526,0.08577674671161527,0.07781748940276598,0.10927586689025306,0.18802075156395412,0.09287465451847653,0.31270587856635984,0.3130003137564198,0.23919558827434878,0.22136212825923238,0.2853567770606516,0.16475596468726328,-0.04693740640580827,0.773067978346538,0.06845504123403272,0.0948364845865117,-0.0031070675212831853,0.6967064081594313,-0.12939546084428635,0.31409581787216273,1.5472834277284888,0.12321606059218934,0.3068483765088859,0.019951873257800592,0.013815020840680384,0.527963959879043,0.26544047256664094,0.5935909528706699,-0.1707486923985014,0.012279868591219052,0.4032632379163483,0.28497113484642417,0.23273445902939105,0.14577377258683685,0.2593012806518202,0.1201997506001967,0.03930515261004955,0.16259999061420596,-0.4605064145002604,0.09467395691497857,-0.05229922006728043,0.5691046573949554,-0.3574296443808913,-0.1352153003787896,0.06759726462055853,0.17511779558371857,-0.012401695085105744,-0.10752942983472799,0.031040236567792295
0.07043980227328883,0.17110341387161734,0.21749956981292698,0.18311221891265533,0.1405320081567601,0.1752012322668396,0.15521988084206034,0.12579900731687935,0.158305858784277,0.17082240960521897,0.15878316430416142,0.19789289170038069,0.13824522225861946,0.07734805063404408,0.1039587305078327,0.21967388043965377,0.12705235376048152,0.1506640018136561,0.1081433221486317,0.2402410685556215,0.15159635064338062,0.26297317167870227,0.10587970996026133,0.07253577239965874,0.1776866494030128,0.40688267674909495,0.17981572104404203,0.03650329722696468,0.2753369198575793,-0.011613449644702569,0.12321606059218934,0.7848762269807246,0.13387280897374715,0.3220396549268465,0.18580088180859872,0.24648223205502878,-0.007219511816746543,0.34173098499364885,0.26296136211470705,0.1395643555908357,0.07304617192031888,0.15816563717997467,0.1677259501322644,0.09242016509003875,0.16121014374881776,0.17150957249761054,0.08215139607705456,0.031044457678800916,0.17614300348467604,0.03551795938549354,-0.06297031117692614,-0.20052775726329736,0.24456418524590132,-0.04537645197006164,-0.15831670488890665,-0.04111960922297768,0.28510965420900625,0.03967060367419855,-0.18908594645055363
0.0898612723480592,0.26194651232973853,0.15984759502576798,0.10237984238879276,0.08999310706965678,0.08141439690934206,0.11749765003897093,0.09126922548131937,0.1658156583505458,0.08449398727507137,0.12144962539138517,0.10841932000186252,0.07738166143271695,0.057879084535038657,0.1331516249103238,0.0654454103797503,0.29230770215278046,0.07634207198776595,0.11351297093384895,0.11706129486232295,0.23837894195462866,0.16602721707733348,0.016223316631732026,0.17736394349657397,0.07380036368072115,0.08739902489090313,0.26306591849465366,0.46525924054745293,-0.10710891128165968,0.2597330685165687,0.3068483765088859,0.13387280897374715,1.5537496480847102,-0.07377908503569441,0.07069543906751061,0.1058507136260987,0.7842656027455923,0.3453646265510327,-0.20334494954820564,0.017460801478504887,0.0428034626793148,0.28140256898134874,0.3250182944589008,0.16999984778788302,0.2591488676655461,0.0802419204115394,0.4332412667643807,0.3525710370940379,-0.060760680639326686,0.3465431673897172,-0.16556489007020514,0.12259781208721236,-0.19253927286130693,-0.135939787673531,0.06663864885157945,-0.05583048788912378,-0.058970089030188556,0.23420040381168014,-0.09239728892196605
-0.05526785543140642,0.14223426111417142,0.2781101287896365,0.3235752813353296,0.27765783497024715,0.2597296795956904,0.2133795561713353,0.2861920254954081,0.08558280479678027,0.36570395995193106,0.23804212112870765,0.22527786183572848,0.1744970035517317,0.09573578545479895,0.4125699672614342,0.22554534040180663,0.17290265208013947,0.41009534221664573,0.19077987975508207,0.36869463987478535,0.22769133673139547,0.23066838371360057,0.5350793214405303,0.07829810641349953,0.5413412299190363,0.5494151799492355,0.02980021356074043,-0.1399966221227379,0.4009855782787243,-0.17868463796857179,0.019951873257800592,0.3220396549268465,-0.07377908503569441,1.6701188228562411,0.24201328123722032,0.40899444614026376,0.4864267171623113,0.08824706384268942,0.5860339158222089,0.08091261333210954,-0.03818397388072396,0.2745190516904086,0.15391702547730843,0.1399690507313983,0.11528032002511612,-0.001656958400482077,0.2851506671035188,-0.013864689173043345,0.19304569164542015,0.07408176086547154,-0.1104492264454439,-0.03770787384035112,0.21973474712934316,-0.2254860953353448,-0.5639166014761021,0.06966403951111404,-0.10595960491353586,-0.5047154269445397,0.9899772533428527
