0.3434082281241855,0.08213657025102,0.15213165213986582,0.02929021368712226,0.06629524093865531,0.04197996179606367,0.055052193492175355,0.03239339685170255,0.05379370475058975,0.03277246137648094,0.03643987004654967,0.0512392643169306,0.014240278792319006,0.04770955444694622,0.04241214411747422,0.03651134682014759,0.018039942592525136,0.048465574846865395,0.02199397532979549,0.014492716712894725,0.04274432031387957,0.0642611655767709,0.029399947060431565,0.018229464413570737,0.04137738175626911,0.03017734108136623,0.027727500121194664,0.0058545850495379526,0.03546045124111176,-0.0026576935724177807,0.04101589318242467,0.041710877328444695,0.02632152306612638,-0.016588879478428464,-0.0004904977209047175,0.02173324757063296,0.013044858692875583,0.08094128882166814,0.029705906674378144,0.003990594825362524,0.036039502788608256,0.030898029679120018,0.03947545245955186,0.05669927258965887,0.054901904926776296,0.05445471100654548,0.04570934897749974,-0.006451460880574486,-0.0027283222427594996,-0.013371567122962918,0.009856161654580755,0.01695831894430967,0.026077997547087683,-0.021814775129474752,0.037124518783192235,-0.0017572933073202554,0.018706310138905488,0.03244869017073622,-0.057695720935167685
0.08213657025102,1.5184803429151439,0.4323913083054784,-0.12923985793076515,0.05377310105869817,0.1845359109309906,0.062210061296327356,0.13336732396466383,0.12522087008119645,0.05875451980331299,0.11995877940936099,0.0876897078640512,0.04556150693759564,0.05847536027612071,0.19275614924151582,0.0514594224094979,0.11337222473311814,0.2122815371995324,0.009099200772951097,0.1385008020938718,0.1370844572330617,0.08079485909443548,-0.09476999918281472,0.018560175947956913,0.08813813070228266,0.1757151580199778,0.11166927070435838,0.17453230523014254,0.15166066905925488,-0.07454530397129129,0.0236635407011089,0.060665552756639526,0.12144441543752635,0.1606292271197604,0.09633325910906847,0.04028986901588246,0.21014525051720592,0.16270410298842228,-0.004159819969926444,-0.0021181592014670276,0.062024125024402695,0.09716064096192863,0.17918176022083387,0.03525620370317842,0.22736294524033107,0.1504840152441973,0.10820561440270439,-0.001232159616055401,-0.11614838971393515,-0.16196613440693103,0.23986662814632698,0.2347663552050265,-0.12086185351644212,-0.1368586920411218,-0.32962646879057333,-0.07449497608713956,-0.14971212445919832,0.25784522637767987,0.20954518550946927
0.15213165213986582,0.4323913083054784,1.5645677732074352,0.1275709275076162,-0.12291842967322304,0.17725603748270663,0.13003407635398406,0.2454320256150878,0.31624982333914414,0.21635383251294596,0.1887707766917917,0.13132566356358588,0.03717302865712766,0.09673488604390523,0.17545472751384028,0.08109607134505277,0.2330365128792069,0.12469110379095434,0.20780898916183194,0.15523779324516976,0.12644252129492073,0.2928343070542452,0.039913894392615445,0.12237877949623184,0.16448331126664326,0.1745140648953736,0.1243455649028327,0.11164131157025728,0.20292981083393105,-0.3785787288640817,0.1540379108609225,0.10676917053919618,0.2068380330742404,0.2923963680561289,0.056023612581320964,0.15165699049853443,0.20604904206623248,0.33693855077169704,0.15072387946824722,-0.19619964939188989,0.12678253771952788,0.15610606388013432,0.1406923862877591,0.16901625404936488,0.2691126614677583,0.36629404823690703,0.23462642460295086,-0.03307340346363215,-0.17688639878043852,-0.015060446409381851,0.02034742235910208,0.25646384502521846,0.05436132164472249,-0.2627947486121951,-0.1382769009876182,0.12454273958944252,-0.03602864118229288,0.04091906077408244,-0.24694511441934075
0.02929021368712226,-0.12923985793076515,0.1275709275076162,1.7317358845133477,0.3579465402638218,0.2760274473219401,0.24808166698877815,0.23101163349906725,0.07036568836259813,0.2046068596878619,0.1633121865878496,0.3023221528783143,0.062138437054117146,0.3038531579840355,0.13784180511276758,0.2601051573482606,0.15857813763398307,0.2162594225081725,0.016305312525098724,0.07219209640166468,0.19306668355471276,0.268189356684118,0.20430167460516244,0.07091161967816757,0.18318976319076835,0.12651707572050871,0.10884827509526901,0.01777537301857547,0.14289323191296618,-0.046808818499938135,0.10875650757596468,0.19638356034551765,0.12309388800885,0.2751693286372883,-0.0630757751174598,0.2144718976170829,0.07919333733312654,0.15551666346568654,0.15446504446535805,0.08044248170047544,-0.012386639922336688,0.1258655659641621,0.03887125021340582,0.13839845232081943,0.013068536169121627,0.13113033966759996,0.1729556524249729,-0.005881058257240223,0.11704194259135538,-0.03985620671561384,0.017100315334041622,0.22534533333662235,-0.003209797597882205,-0.14433564694799653,-0.38958229765151,0.08711663056621151,-0.028157867050046043,0.3950212066894765,-0.3551411014914129
0.06629524093865531,0.05377310105869817,-0.12291842967322304,0.3579465402638218,1.3962442143456866,0.21372380609045177,0.08399926871638289,0.17711264968949653,0.006600965231686517,0.10692325108378392,0.1195208329091427,0.196886559325711,0.07835078328919233,0.16410005441531425,0.1382302923764313,0.19395205907445248,0.04553593582076324,0.14871619163967695,0.05389827497788753,0.09217497993640218,0.07280666401173577,0.11619939353818888,0.12822513107074882,0.07113059149521837,0.10804063718144394,0.17272778799355842,0.06809485777987265,-0.04439348462558387,0.1096723118703631,-0.057948021915059905,0.09644028866763014,0.1520018133557661,0.07764025224520646,0.15991617829898638,-0.11299692893265825,0.16676083690413987,0.021616725492276428,0.014116099008983881,0.11329724681143047,0.07936290253095822,-0.02891300377916918,0.14315854084457802,-0.12686726176633123,0.024289740768615294,-0.10342189252004833,0.0667049910000198,0.07060700002670746,0.011775723991441035,0.05307446002352539,-0.033919787717340166,0.1017248446163485,0.08422159625373694,0.06815233530344167,-0.10649604228140123,-0.05169279423037495,-0.0806639302939801,-0.05182006826837887,0.16653087423343105,0.06877936601209318
0.04197996179606367,0.1845359109309906,0.17725603748270663,0.2760274473219401,0.21372380609045177,0.5925301843328118,0.06094677224374642,0.2482733996422877,0.053782252724016176,0.1339704902017134,0.16763433457046298,0.15055899188259428,0.07297220657056529,0.18229736561004745,0.19476778014703977,0.16620137921720213,0.18241674263128418,0.15667937871539486,0.15223820561387316,0.20705465933702313,0.2555972325737908,0.24324014493886983,0.03574051848718147,0.11523384773419867,0.15386609388744782,0.18013166196327968,0.12414506109477258,0.09495879954810064,0.21188675380397567,-0.007065418544261449,0.1090691546343682,0.1820211356775251,0.02591770085007154,0.21382931523202,0.07899684922507125,0.057746202059058914,0.1802784931675088,0.21460629403187054,0.21354301820309385,0.08416271637724922,-0.010896888565079746,0.14867702194853352,0.1988303732713909,0.16774450790863957,0.2078029033643973,0.07952544785050916,0.20225193872838315,-0.012680560796189575,0.02594148302422001,0.10997008187249396,-0.1843270927371051,0.12893143197150392,-0.0645790300302257,-0.05562153134272051,-0.14643328547517023,-0.019141302996495947,-0.02060944719740463,0.19464988814942774,-0.029606846681744906
0.055052193492175355,0.062210061296327356,0.13003407635398406,0.24808166698877815,0.08399926871638289,0.06094677224374642,0.4057692409149761,0.042461358245007096,0.17209301245588357,0.10247149266894823,0.11521354850625125,0.24020441758655123,0.04613927992928884,0.10340700987152837,0.07694901140000526,0.129697099495421,0.124125125547136,0.13953030732592495,0.07683851848385612,0.05671775624069112,0.17402600145493036,0.18623189493752126,0.13664100189727765,0.08104804901498326,0.11490988984037055,0.0451708720531422,0.09976047999517666,0.03445158836073558,0.07393806354647167,0.01894979394199247,0.1039225161228742,0.1195260065355436,0.14037459126358795,0.14851049335667504,-0.018460055432374854,0.1137824353438906,0.09537609770443703,0.1289838186607214,0.11646886606717084,0.05741755577273237,0.03695916286120347,0.08522582755247124,0.08165136577221162,0.11317958928721993,0.0496086959981774,0.10718619679135809,0.14685740939856964,-0.00431729941327987,0.09439704433182733,-0.043716385674561056,0.018742780740411493,0.06967966543763358,0.023226134423638228,-0.08814757732378484,-0.033632034875103425,0.08633278579515836,-0.039408949891543026,0.03985110680989931,-0.09833065977469586
0.03239339685170255,0.13336732396466383,0.2454320256150878,0.23101163349906725,0.17711264968949653,0.2482733996422877,0.042461358245007096,0.7101856651051524,-0.07484292921089472,0.11323266601362585,0.15644163674792572,-0.026923926908436827,0.09081294317220634,0.19148329963829255,0.1295730502573672,0.1452603134857764,0.2350575066296982,0.1514349269939632,0.11481696113508554,0.13707905672201334,0.1384295427325029,0.17711711619064646,0.051602502538248295,0.03116613523804113,0.1466945787474443,0.1674337135290827,0.09870073989536193,0.022886673210644692,0.15217544415855358,0.06887699242425864,0.07028150013189166,0.10368184479554492,0.05565802545096081,0.19815211990628065,0.09705045881336133,0.09321586550004801,0.16290625348599524,0.15337020059049297,0.15766713239107014,0.014310453208950804,0.05135881522850198,0.11125429149408797,0.13969469113343896,0.10601499730274447,0.13663331429775258,0.12934356327047195,0.14648643458684893,-0.008176355352610683,0.025817746060328745,0.03910150827842196,-0.05283799791271131,0.08850693948569847,0.04525860871067174,-0.11137638600923966,-0.21067017768413998,-0.07159835835223279,-0.023254291030657053,0.37537041361003,-0.11589897646923554
0.05379370475058975,0.12522087008119645,0.31624982333914414,0.07036568836259813,0.006600965231686517,0.053782252724016176,0.17209301245588357,-0.07484292921089472,0.8023067703483685,-0.018475377775639387,0.06719973461122591,0.11829668633759925,0.02994096545377356,0.0934867919557648,0.14863291980974108,0.05330472651007254,0.11102182920529863,0.07661891553040998,0.012364815334405277,-0.015016974516427363,0.14410343632642494,0.15562963432758548,0.16871406279828058,0.13818262329943948,0.07920163066086063,0.09031764813954661,0.07198109251782665,0.07198719162738845,0.04303191568779975,-0.03722744129276062,0.11196763731347566,0.05758534691343639,0.16485773463152859,0.13830595229346876,-0.019641375119564878,0.1109077017221757,0.00988955098765274,0.13938378782675565,0.001537555371957792,0.02749450151426851,0.0574062641148638,0.0674179042471467,0.005981946687983127,0.17948158247346493,0.014803253461557428,0.10853620235007302,0.10005796689307049,0.001357091647127352,0.10546908107159952,-0.21023621009373525,0.12587156806642763,-0.003737579258968364,0.12670140738050134,-0.005106116311702589,0.03973159017742445,0.23466361431200028,-0.0685976241263875,-0.06781827177577343,-0.20841385248210764
0.03277246137648094,0.05875451980331299,0.21635383251294596,0.2046068596878619,0.10692325108378392,0.1339704902017134,0.10247149266894823,0.11323266601362585,-0.018475377775639387,0.5134052622253771,0.14082286756836782,0.13540589594838745,0.05913642503078408,0.12697840210731007,0.10620193975335279,0.11283305182738451,0.17361137499534005,0.10777144853781949,0.04785288541377561,0.12921827917207798,0.06823270267773562,0.09990286545681756,0.055991401047716244,0.12046364846307836,0.11697824102715867,0.08165859748234036,0.11389906524398921,0.06840729961769193,0.16331011238704018,-0.05679772877205265,0.09751486966643862,0.08694472619804061,0.0573498895580298,0.15067917450278356,0.09108980545359073,0.08816074247417581,0.13584848666162802,0.08868013929607926,0.10333338756942274,0.05025752272488603,0.12986641540088267,0.0832440342174696,0.1150851534196626,0.06964445146743611,0.04974704438695434,0.09830525734021883,0.19512366457480315,-0.005940641979809923,0.002666357194130451,0.019589455776931344,-0.0582638283353941,0.07184466332776135,-0.0013957866653512463,-0.018153237916861787,0.11114580278751426,0.043659330028478695,0.0008636330882852962,-0.1616067765247044,0.017014540894100375
0.03643987004654967,0.11995877940936099,0.1887707766917917,0.1633121865878496,0.1195208329091427,0.16763433457046298,0.11521354850625125,0.15644163674792572,0.06719973461122591,0.14082286756836782,0.35144591777477424,0.17848198123357242,0.06846405419072463,0.11074393599429984,0.16582924737642074,0.12499449113709626,0.23295207171164314,0.1062299664444185,0.060372898025493574,0.13891208551360532,0.09692302765575966,0.11423369844272852,0.07784186017064691,0.09248087480954033,0.1249108205429424,0.09950679300612479,0.13193860105371033,0.06223781265625568,0.15893396406171406,-0.04610188224780238,0.10351088045163433,0.11009997412230277,0.07267391803209984,0.1414495694526395,0.09730546246949306,0.1318955342936764,0.11013761932845913,0.10432980601338818,0.09274723811101764,0.05774488540697759,0.0687947304418939,0.10480510918052738,0.08601236394100595,0.06794438915491281,0.0450081516709493,0.09789308872092725,0.12181564629347118,0.0012641338850499638,0.006501884551877354,-0.03754278029943508,-0.01899643483790937,0.05517500281753594,0.0598315822888744,-0.025634915751165374,-0.1401780963422226,0.015117062134848444,-0.002584443738229624,0.1321991257737667,-0.11845164603183032
0.0512392643169306,0.0876897078640512,0.13132566356358588,0.3023221528783143,0.196886559325711,0.15055899188259428,0.24020441758655123,-0.026923926908436827,0.11829668633759925,0.13540589594838745,0.17848198123357242,0.6815367404049503,0.046642616521622736,0.15421262303316804,0.09268792433160732,0.20673362523558483,0.10988123761280201,0.18512298433041532,0.08671572777138109,0.06755458004324712,0.15059921773116175,0.16057223224053782,0.1414299634328623,0.07636840106501352,0.14656300331179659,0.09151062503939299,0.17134390295278537,-0.024188458276882208,0.10094790583619084,-0.07448246504580036,0.09748251433522935,0.19443325797756061,0.07685364491743543,0.1331753479258536,0.0102588840334788,0.1615418491496264,0.03479658619679915,0.11942625287593839,0.12017688446488894,0.1085840275025217,0.0029661196203757075,0.10601378315292409,0.11953743599583333,0.04927334350241239,0.08323217522031007,0.10469860615374726,0.12432143071306492,-0.003002745874801676,0.025479820304301147,-0.0390216682635044,0.0284175741547926,0.03323252036238255,0.0628749822792456,-0.04286215313651046,-0.08094142591425829,0.05197227339136187,-0.058781751011073045,0.11633772464993247,-0.1039795790537336
0.014240278792319006,0.04556150693759564,0.03717302865712766,0.062138437054117146,0.07835078328919233,0.07297220657056529,0.04613927992928884,0.09081294317220634,0.02994096545377356,0.05913642503078408,0.06846405419072463,0.046642616521622736,0.1815163687170102,0.06513987270299654,0.03392574859615002,0.07014521365178011,0.06533843288242167,0.058153795177868964,0.04309519676765234,0.017480570659811418,0.04433218996718403,0.06905768927151552,0.05440181862962296,0.049686276273496595,0.06118152635631247,0.0594424249668357,0.0639782002976936,0.0420781663713945,0.09598091692522465,0.02335695408085368,0.027011170369080188,0.06645087962392067,0.033374971185977625,0.05575555805022005,0.058591055554781286,0.05311398028507688,0.02880848197907842,0.02903705365346057,0.04166111474363693,0.03130010198752673,0.05768837337566437,0.046349190331655674,0.05124239673111115,0.06824146791436818,-0.02124773828627944,0.04039325682015524,0.04077888919767727,-0.0036025319678847927,0.024614218669724332,0.022689318726122662,0.0033450007983548066,-0.007211584495321135,-0.017822728085657227,-0.004892549167436945,-0.016174175933846666,-0.021686768938474356,-0.0096278824359285,-0.0075077442156421615,0.0488352610965873
0.04770955444694622,0.05847536027612071,0.09673488604390523,0.3038531579840355,0.16410005441531425,0.18229736561004745,0.10340700987152837,0.19148329963829255,0.0934867919557648,0.12697840210731007,0.11074393599429984,0.15421262303316804,0.06513987270299654,0.5286184267143088,0.13655508652354925,0.26627463146413205,0.1416241830705226,0.1141157748311234,0.05744616688990348,0.05067210758891142,0.10222740233234306,0.24457901549854136,0.142221471428867,0.09586941407882839,0.11346439156532162,0.11875418401358656,0.027399552996534807,0.06527041157512543,0.0819100666606744,0.07007726494816621,0.09323230567044187,0.10770797526810068,0.029807526969351416,0.13678864383951614,0.10195623055250304,0.16582797198990698,0.07509676835816145,0.13081674396790083,0.12460198454329613,0.07307761270170075,0.09088794925378445,0.11495480511192588,0.001327164868698937,0.18216757461754898,0.0527240524383865,0.08286925843949318,0.10271737710241505,-0.014599201226142154,0.10817319572173785,-0.05970566443428591,0.04660531732841927,-0.007100503642428522,0.05981390577342041,-0.006314769272973635,-0.1855778272862051,0.04401208141048806,-0.12844128104897254,0.20862227884355444,-0.06242673859784176
0.04241214411747422,0.19275614924151582,0.17545472751384028,0.13784180511276758,0.1382302923764313,0.19476778014703977,0.07694901140000526,0.1295730502573672,0.14863291980974108,0.10620193975335279,0.16582924737642074,0.09268792433160732,0.03392574859615002,0.13655508652354925,0.7135824136666405,0.137735686226187,0.20374784681125502,0.09455158447487459,0.07007459894680325,0.16183569735678574,0.028801745325447995,0.17030051236513372,0.10352354303118588,0.1298256920639557,0.14192033252914688,0.1443757786828213,0.11433039039838912,0.16131856300012712,0.1356415756324552,0.009574955160175005,0.138921970788052,0.068583393121397,0.09743061558931107,0.19034125487097686,0.08573286733251459,0.13604653417260532,0.19177939017192172,0.12860020592487492,0.10748906013668287,0.008483037844012099,0.10466986428940613,0.13450836395368415,0.059924984314214294,0.09960662252742951,-0.002543279624119995,0.08337043314138239,0.1289824287691877,-0.0009310049355417782,0.09480097343659509,0.09057318561083581,-0.14332215303478027,0.2773717379076186,-0.15054498037319217,-0.033732782322582235,-0.11538625337963819,0.13066888818557176,-0.10978682726207149,0.11622492580513624,-0.10124363926957945
0.03651134682014759,0.0514594224094979,0.08109607134505277,0.2601051573482606,0.19395205907445248,0.16620137921720213,0.129697099495421,0.1452603134857764,0.05330472651007254,0.11283305182738451,0.12499449113709626,0.20673362523558483,0.07014521365178011,0.26627463146413205,0.137735686226187,0.4517289323118607,0.14755035939099617,0.11036767472761641,0.1273561303953565,0.07307002367657212,0.09570212255133717,0.24853517588589263,0.12112827176394834,0.09468387653088625,0.13806047824707335,0.092331115126412,0.1173796167028583,0.07610843295801119,0.1347445032891038,0.07433871128343525,0.10605762740505838,0.1590669106763747,0.07151409590666738,0.1459491737806304,0.12557040155970903,0.1646807977932562,0.07029425454000213,0.15349027339779872,0.14778386636337207,0.08745262122165877,0.09574866897792039,0.16672542007362007,0.07998122378709624,0.1561618886895763,0.05563088624205357,0.09117143905220461,0.12775170333107833,-0.00862900617730985,0.1090479182778207,-0.05477212586919604,-0.020945790338985377,0.06518902847564195,0.06786587165893261,-0.04200139023283905,-0.1494423947250345,0.05784179179009593,-0.09325774971578946,0.17888274652651281,-0.1006188880413965
0.018039942592525136,0.11337222473311814,0.2330365128792069,0.15857813763398307,0.04553593582076324,0.18241674263128418,0.124125125547136,0.2350575066296982,0.11102182920529863,0.17361137499534005,0.23295207171164314,0.10988123761280201,0.06533843288242167,0.1416241830705226,0.20374784681125502,0.14755035939099617,0.9705405283454546,-0.027494198023165776,0.12842902331010436,0.25960253974897374,0.09408709508367921,0.1778994144594035,0.10900610691145299,0.09494095021878261,0.19029905495417637,-0.12948720695640545,0.17763655841704917,0.12827219465392528,0.24919717463696098,-0.026805460391009235,0.1326806292791096,0.07755633221954704,0.20205354576514112,0.23532806718485613,0.09049142975144367,0.12959719029393807,0.34914103023234627,0.1782719800807064,0.1489383410953332,0.05993397296978973,0.07612519686125314,0.12317010198658744,0.1473562473652446,0.11697507742325106,0.044975785018678986,0.12895429717346574,0.3016820296711003,0.004579861509225793,0.033890124150409574,0.029170320186852793,-0.010870832990783678,0.008101374658521435,-0.0053218992702896446,-0.056277443097077454,-0.09467840401062526,0.0171836908740208,-0.036248592566811726,0.12445325186627211,-0.15344941568700246
0.048465574846865395,0.2122815371995324,0.12469110379095434,0.2162594225081725,0.14871619163967695,0.15667937871539486,0.13953030732592495,0.1514349269939632,0.07661891553040998,0.10777144853781949,0.1062299664444185,0.18512298433041532,0.058153795177868964,0.1141157748311234,0.09455158447487459,0.11036767472761641,-0.027494198023165776,0.8865784310037312,0.13432441671583795,-0.2607623225321262,0.1827524859063081,0.28467564090022035,0.23470929361758863,0.09265192006829459,0.08943220784477737,0.26273655388138506,0.03424570648189409,0.15400869849128532,0.0681076624858126,-0.030119135009641963,0.04831561443987131,0.10361012838017047,0.050503621893224944,0.06669888572597865,0.05568847457767161,0.1044560114368984,0.08261679244706185,0.07210826509152907,0.06785350197031971,0.1043688438083581,0.11455285155195724,0.004114456171027164,0.24141253056878872,0.19684523112768548,0.17036970641546284,0.08872773993223776,0.03472942142525069,-0.04164828907434831,-0.010288918451086763,0.032278587909130026,0.2585101097296031,-0.07886452954400415,-0.23124150193724813,-0.04199153174426377,-0.20418104765450037,-0.004143428765909325,-0.07077999403769114,0.2062645479713486,0.04807793519445341
0.02199397532979549,0.009099200772951097,0.20780898916183194,0.016305312525098724,0.05389827497788753,0.15223820561387316,0.07683851848385612,0.11481696113508554,0.012364815334405277,0.04785288541377561,0.060372898025493574,0.08671572777138109,0.04309519676765234,0.05744616688990348,0.07007459894680325,0.1273561303953565,0.12842902331010436,0.13432441671583795,1.056221890157527,0.06610341905193169,0.12735728390145293,0.3749163695379275,-0.20163787886145204,0.03075765293356599,-0.005723801284429537,-0.048412170856198505,0.043297810645216574,0.12087626296782635,-0.02454194720763592,0.1421935311479857,0.10753150528451617,0.1458878609567781,0.1250312971758069,0.04485717610874997,0.01753510811551417,0.11378261206923905,0.23821327428852182,0.1307420371320946,0.2979682680884473,-0.07729009168026972,-0.013596681103049098,0.09873214104792316,0.018733953600304377,-0.0008260107386103796,0.22377893915992192,0.12370003328055157,0.1351252309915386,-0.03186453992739232,0.09396623668397441,0.31080260109855185,-0.014720879809022645,-0.06690739355688512,-0.17190469967287297,-0.1473877896853524,-0.12453664041083035,-0.018456457360578254,0.008544336620524078,0.09479468400115572,-0.05685646929989013
0.014492716712894725,0.1385008020938718,0.15523779324516976,0.07219209640166468,0.09217497993640218,0.20705465933702313,0.05671775624069112,0.13707905672201334,-0.015016974516427363,0.12921827917207798,0.13891208551360532,0.06755458004324712,0.017480570659811418,0.05067210758891142,0.16183569735678574,0.07307002367657212,0.25960253974897374,-0.2607623225321262,0.06610341905193169,1.0661043271163733,0.10712242121914585,-0.17482324786379502,-0.1260350953797872,0.04300705413867182,0.1238680246888594,0.2866001362124529,0.2494512344443416,0.18714380789452503,0.23250465156143452,-0.029203550130384042,0.2129060585833175,0.1318283088732195,0.2192601588458643,0.29401291095974486,0.17793503989198467,-0.04418620665424656,0.4737312771490621,0.36891879263328087,0.3462210464516833,0.23504690615943274,0.14159183816338325,0.2781347366483707,0.5739723232815632,-0.08447163427238583,0.5521829012347523,0.12505633069803,0.38452149334343655,0.08606077153440718,0.05405403036925291,0.14926806455262898,-0.2883781810222691,0.26793463562371833,0.02254045242649204,-0.08759810763945007,0.06143016895675227,-0.041747502560606116,0.04624272870762207,-0.0009494068222587948,-0.027562361318769744
0.04274432031387957,0.1370844572330617,0.12644252129492073,0.19306668355471276,0.07280666401173577,0.2555972325737908,0.17402600145493036,0.1384295427325029,0.14410343632642494,0.06823270267773562,0.09692302765575966,0.15059921773116175,0.04433218996718403,0.10222740233234306,0.028801745325447995,0.09570212255133717,0.09408709508367921,0.1827524859063081,0.12735728390145293,0.10712242121914585,1.0754235662689196,-0.08128077893430528,0.014978447181970793,-0.05869065937040902,0.1282229864842212,-0.27881346985516786,0.036695029970757714,0.15003267040605162,0.0679701103550228,0.2540785611242489,0.07495218599743667,0.11293254737455084,-0.011239831632089239,0.19055896192144425,0.3510271224134091,-0.013006591186381831,0.33032647864286657,0.20348794787609958,0.10142685241309891,0.17548901233789502,0.060625674527671064,0.10262365180769345,0.20600813691533365,0.2602758209060009,0.5687514818214453,0.053167250406839076,0.28523295405634863,0.027088662493885144,-0.2993484864286723,-0.09421913376122866,0.034221774976888886,0.017655643850771664,0.07062003421546831,-0.008061258988046298,-0.19694558205526094,-0.03317133813583361,-0.04399631812653312,0.13585320958436534,-0.11127781635277836
0.0642611655767709,0.08079485909443548,0.2928343070542452,0.268189356684118,0.11619939353818888,0.24324014493886983,0.18623189493752126,0.17711711619064646,0.15562963432758548,0.09990286545681756,0.11423369844272852,0.16057223224053782,0.06905768927151552,0.24457901549854136,0.17030051236513372,0.24853517588589263,0.1778994144594035,0.28467564090022035,0.3749163695379275,-0.17482324786379502,-0.08128077893430528,1.6204970667898524,0.2611163100941976,0.052605091143619255,0.21418223357341235,0.1850549490577609,0.10990661976951333,0.051576377038683764,0.05518084735439436,-0.027074480976520876,0.2630704570148707,0.3775538460529886,0.27348363897317535,0.3702876500986024,-0.06578072994620676,0.08976228323168045,0.028698876673851504,0.47765406023960455,0.5139072068508146,-0.012725683399221015,0.12018029392648194,0.21237660935957112,0.057824558999121284,0.45215244496134877,-0.2409797776435251,0.28267727896608247,0.34320000513587723,-0.19291419488186734,0.9798401767364201,0.0771004673303157,-0.0277022936460721,0.010600873621551878,-0.0055126620525093985,-0.19488480610145587,-0.20550280458661477,0.10807584205299794,-0.05181615846020086,0.28594239173741054,-0.178132179215791
0.029399947060431565,-0.09476999918281472,0.039913894392615445,0.20430167460516244,0.12822513107074882,0.03574051848718147,0.13664100189727765,0.051602502538248295,0.16871406279828058,0.055991401047716244,0.07784186017064691,0.1414299634328623,0.05440181862962296,0.142221471428867,0.10352354303118588,0.12112827176394834,0.10900610691145299,0.23470929361758863,-0.20163787886145204,-0.1260350953797872,0.014978447181970793,0.2611163100941976,1.6022168815965332,0.13227445105713587,0.2975440866833544,-0.20484444052311,0.057725399138977576,-0.19041838202707434,0.18849339196137968,0.048869798608570464,0.22178755883671,-0.028545120515566437,0.1846641046132255,0.3387780557474584,-0.1736028972352847,0.4628017098933102,0.11592146463127737,0.14438525392360563,0.23023483813729656,0.24080302306958992,0.0765822714362987,-0.0257041201872976,0.027779137821351753,0.6380657517724335,-0.3864468045014193,0.15649062013979473,0.14104286385731024,0.03053681832981144,0.06252677142034228,-0.2139608267257569,0.08349626473577659,-0.008959719182716964,0.18001356742672525,-0.06608158274223053,-0.02487503733272374,0.1301962984113607,-0.130958770467703,0.014969378011320488,0.009207151673846415
0.018229464413570737,0.018560175947956913,0.12237877949623184,0.07091161967816757,0.07113059149521837,0.11523384773419867,0.08104804901498326,0.03116613523804113,0.13818262329943948,0.12046364846307836,0.09248087480954033,0.07636840106501352,0.049686276273496595,0.09586941407882839,0.1298256920639557,0.09468387653088625,0.09494095021878261,0.09265192006829459,0.03075765293356599,0.04300705413867182,-0.05869065937040902,0.052605091143619255,0.13227445105713587,0.5905069024645887,0.07147760309952023,0.17449995677478006,0.06549318866808065,0.07396782086143161,0.1139430093635361,0.07473026378056048,0.11029867325012206,0.04445839472028292,0.060894820867262334,-0.061454099608393,0.053819611736563334,0.20147077264704655,-0.01454067629297598,0.02394354896364884,0.06451974199874835,0.014103321778025197,0.0875642507885437,0.06555793859709833,-0.014621311115604482,0.06253596974274375,0.014711994809484024,0.08924990561532789,0.013846406567004243,-0.004861994186779557,-0.0280190636296895,0.007319572608275772,-0.06422308541757588,0.022269731190010345,0.01680679499775007,-0.008420031620421783,0.22640584887084186,0.10919192449202988,-0.04889187160634813,-0.5092091458130001,0.3073132630545613
0.04137738175626911,0.08813813070228266,0.16448331126664326,0.18318976319076835,0.10804063718144394,0.15386609388744782,0.11490988984037055,0.1466945787474443,0.07920163066086063,0.11697824102715867,0.1249108205429424,0.14656300331179659,0.06118152635631247,0.11346439156532162,0.14192033252914688,0.13806047824707335,0.19029905495417637,0.08943220784477737,-0.005723801284429537,0.1238680246888594,0.1282229864842212,0.21418223357341235,0.2975440866833544,0.07147760309952023,0.887304141916847,-0.052451507234958485,0.14069016567853757,0.013600730100501847,0.37831584715371386,0.0879943388866714,0.2052073631387009,0.12329060880632528,0.12496550027984862,0.4396450976186318,0.11376597155303643,0.3016334327450826,0.14821176102364547,0.17711927357349808,0.19869250898018506,0.06481714320495448,0.06448127871140996,0.08880142927725143,0.09924331218455117,0.15528509930929094,-0.04427036420983875,0.1958814082265645,0.1760291255687767,-0.010008502850394996,0.0882132041177645,-0.26917384003938766,-0.0684039412034743,0.20063842245467906,0.18552313322339492,-0.09417301572793448,-0.08893412019873156,0.08733332613216394,0.000705389611940045,0.09615430809708152,-0.15970414880027364
0.03017734108136623,0.1757151580199778,0.1745140648953736,0.12651707572050871,0.17272778799355842,0.18013166196327968,0.0451708720531422,0.1674337135290827,0.09031764813954661,0.08165859748234036,0.09950679300612479,0.09151062503939299,0.0594424249668357,0.11875418401358656,0.1443757786828213,0.092331115126412,-0.12948720695640545,0.26273655388138506,-0.048412170856198505,0.2866001362124529,-0.27881346985516786,0.1850549490577609,-0.20484444052311,0.17449995677478006,-0.052451507234958485,2.1232039609262925,0.10804674665337027,0.2515172071423951,-0.18953787838979896,-0.29232395614412815,0.18443683619448553,0.33453222707677743,0.19208659712281265,0.005127817128872709,0.027997386902761982,-0.003933718039481311,-0.3298562297156327,0.10467999154129871,0.2992057022441922,-0.018247230743063943,0.428805117467085,0.3930419375838347,0.16937838627712062,-0.08107606298341306,0.37811857621799005,0.08769359708721301,-0.027556101053898628,-0.012559025810532063,0.2958103909858381,0.4245861994840742,-0.23062585852167433,0.0866658906356106,-0.28709872313425483,-0.10266288718202544,0.09045519774333176,-0.02745426421146247,-0.07374279643073009,0.09390379579210938,0.1584403002548883
0.027727500121194664,0.11166927070435838,0.1243455649028327,0.10884827509526901,0.06809485777987265,0.12414506109477258,0.09976047999517666,0.09870073989536193,0.07198109251782665,0.11389906524398921,0.13193860105371033,0.17134390295278537,0.0639782002976936,0.027399552996534807,0.11433039039838912,0.1173796167028583,0.17763655841704917,0.03424570648189409,0.043297810645216574,0.2494512344443416,0.036695029970757714,0.10990661976951333,0.057725399138977576,0.06549318866808065,0.14069016567853757,0.10804674665337027,0.5539891569983563,0.1117329274033647,0.11597578705706763,0.011505157379460996,0.16081048018322683,0.1560559065583331,0.1578439836310544,0.1392621154192806,0.09941434431795142,0.18806758298534368,0.19160446275148507,0.2189229649701772,0.10618910280637808,0.10001631576882097,0.12220869025370895,0.1440746212010386,0.42037595680527784,-0.020703681336452125,0.11004505651812582,0.13679359361288568,0.12679082016677581,0.0143379687284737,0.06882619675205745,0.0157018855344746,-0.10978288837999056,0.16119364984820292,0.02198518034726799,-0.053553300132770904,0.008175214208102861,0.021939796398428905,0.05527110007969409,0.05121349196022939,-0.0851338721768658
0.0058545850495379526,0.17453230523014254,0.11164131157025728,0.01777537301857547,-0.04439348462558387,0.09495879954810064,0.03445158836073558,0.022886673210644692,0.07198719162738845,0.06840729961769193,0.06223781265625568,-0.024188458276882208,0.0420781663713945,0.06527041157512543,0.16131856300012712,0.07610843295801119,0.12827219465392528,0.15400869849128532,0.12087626296782635,0.18714380789452503,0.15003267040605162,0.051576377038683764,-0.19041838202707434,0.07396782086143161,0.013600730100501847,0.2515172071423951,0.1117329274033647,1.0783013834622035,-0.1138495640334957,0.19533640014775985,0.17999433674111656,0.06568055254649244,0.3705077222839492,0.12159819425699481,0.4612779313979151,0.113618067581796,0.32591570965152705,0.17131498662716457,0.05835259020500356,0.051575057671191145,0.3746983612491147,0.2079103631067218,0.11423997343393374,0.3281449641053829,0.2035625389224228,0.03910672212701509,0.11621188071734248,0.03368582676413484,-0.04724496549258231,0.2253286325727526,0.04486340241906754,0.39897783641509016,-0.6583231458405914,0.01887624824332019,-0.1534629589227071,-0.0019384850698302852,-0.042088307459368396,-0.014667353299971705,0.03327075675756722
0.03546045124111176,0.15166066905925488,0.20292981083393105,0.14289323191296618,0.1096723118703631,0.21188675380397567,0.07393806354647167,0.15217544415855358,0.04303191568779975,0.16331011238704018,0.15893396406171406,0.10094790583619084,0.09598091692522465,0.0819100666606744,0.1356415756324552,0.1347445032891038,0.24919717463696098,0.0681076624858126,-0.02454194720763592,0.23250465156143452,0.0679701103550228,0.05518084735439436,0.18849339196137968,0.1139430093635361,0.37831584715371386,-0.18953787838979896,0.11597578705706763,-0.1138495640334957,1.8101389302933792,-0.31217506519773164,-0.22958425659266263,0.08191568357410661,0.031020508514186834,0.2880189954410146,-0.02434915178640278,0.24251297440970074,-0.22089410166714793,-0.24750093532095935,-0.06360145730480404,-0.008365593986440932,0.22500037482972227,0.02614134536699595,0.04455572862649839,-0.2538548937400766,-0.39284196010541506,0.10422445097954838,0.054423328136643294,-0.03447021113131571,0.05511874234855077,0.0068821220687130275,-0.24428622871703062,0.12555816776475293,0.017623129329295297,0.05540815068598535,-0.013112884054312622,0.012249051908956568,0.002346811091565073,0.08092614421177374,-0.06335303802258851
-0.0026576935724177807,-0.07454530397129129,-0.3785787288640817,-0.046808818499938135,-0.057948021915059905,-0.007065418544261449,0.01894979394199247,0.06887699242425864,-0.03722744129276062,-0.05679772877205265,-0.04610188224780238,-0.07448246504580036,0.02335695408085368,0.07007726494816621,0.009574955160175005,0.07433871128343525,-0.026805460391009235,-0.030119135009641963,0.1421935311479857,-0.029203550130384042,0.2540785611242489,-0.027074480976520876,0.048869798608570464,0.07473026378056048,0.0879943388866714,-0.29232395614412815,0.011505157379460996,0.19533640014775985,-0.31217506519773164,3.033929328853914,0.0961820858253066,0.15588523764318696,-0.019357284042953928,-0.3730604522505186,0.3615596172390452,0.6491478049241362,0.11266210512400303,0.1529143194561227,0.0866298401384076,-0.13678245539963238,0.13384321930349782,0.09494613927078512,-0.08597883016844056,0.1598950787342823,0.7302097465249203,0.43167684949333296,0.0655626777392074,-0.016504909108676018,0.013889035052381392,-0.0620528453024504,-0.03157460246544918,0.09219290784942848,0.032301653171352085,-0.00919041580608433,0.22421373269221057,-0.24283460755028097,0.025492134064834988,-0.004362632569821038,0.26530674250483877
0.04101589318242467,0.0236635407011089,0.1540379108609225,0.10875650757596468,0.09644028866763014,0.1090691546343682,0.1039225161228742,0.07028150013189166,0.11196763731347566,0.09751486966643862,0.10351088045163433,0.09748251433522935,0.027011170369080188,0.09323230567044187,0.138921970788052,0.10605762740505838,0.1326806292791096,0.04831561443987131,0.10753150528451617,0.2129060585833175,0.07495218599743667,0.2630704570148707,0.22178755883671,0.11029867325012206,0.2052073631387009,0.18443683619448553,0.16081048018322683,0.17999433674111656,-0.22958425659266263,0.0961820858253066,1.1496919246945092,0.1791863001248024,0.19133467584271024,0.05054662738660984,0.15668798655868912,0.5207716997315665,0.3102914362115253,0.24662879524037376,0.38736374979948307,0.11593424775059179,0.18307160075404513,0.15557555533407869,-0.09292229271150018,0.2614524130343218,0.23083919942368,0.22870077059695154,0.18813455492184364,0.00112464649941513,-0.027056038640169772,0.10997469300408491,-0.1184363085018214,0.12787228698435654,0.027159302223053485,-0.13311235151374834,0.013187880576232217,0.1385029092540679,0.06528021662163204,-0.05458286315024088,-0.13860313969374569
0.041710877328444695,0.060665552756639526,0.10676917053919618,0.19638356034551765,0.1520018133557661,0.1820211356775251,0.1195260065355436,0.10368184479554492,0.05758534691343639,0.08694472619804061,0.11009997412230277,0.19443325797756061,0.06645087962392067,0.10770797526810068,0.068583393121397,0.1590669106763747,0.07755633221954704,0.10361012838017047,0.1458878609567781,0.1318283088732195,0.11293254737455084,0.3775538460529886,-0.028545120515566437,0.04445839472028292,0.12329060880632528,0.33453222707677743,0.1560559065583331,0.06568055254649244,0.08191568357410661,0.15588523764318696,0.1791863001248024,0.6667808453169718,0.12489392447301936,0.10566776257361923,0.01678223121721934,0.14917407971613303,-0.07332794610774702,0.14139615097521396,0.2127071931519256,0.01338814079180253,0.06462207793383745,0.22039900819466526,0.08643557513543666,-0.0321616606104203,0.16913564522569893,0.1936995090348434,0.1868628000856809,-0.04253122843719979,0.2533228399885086,0.036359293133865836,-0.04986276526987341,0.10694683104951547,-0.013170771439908082,-0.10690365051714097,-0.12757535771491385,-0.07756950811698048,0.3442722111936231,0.00318304000580638,-0.1980628419065291
0.02632152306612638,0.12144441543752635,0.2068380330742404,0.12309388800885,0.07764025224520646,0.02591770085007154,0.14037459126358795,0.05565802545096081,0.16485773463152859,0.0573498895580298,0.07267391803209984,0.07685364491743543,0.033374971185977625,0.029807526969351416,0.09743061558931107,0.07151409590666738,0.20205354576514112,0.050503621893224944,0.1250312971758069,0.2192601588458643,-0.011239831632089239,0.27348363897317535,0.1846641046132255,0.060894820867262334,0.12496550027984862,0.19208659712281265,0.1578439836310544,0.3705077222839492,0.031020508514186834,-0.019357284042953928,0.19133467584271024,0.12489392447301936,1.7769425804933818,0.217562429680821,-0.5190356498264591,-0.08941389928712082,0.30524803065829365,0.4869591310591831,0.08122044762911715,-0.008187847015720028,-0.2670412317092663,0.3122428886314718,0.07954582966115523,0.4094865338191728,-0.20106797791551342,0.16700614313735956,0.7354852137296062,0.10691896605020552,0.340927904500862,-0.10128846306782638,-0.08932459776709949,0.2152407163446543,0.10391608418571827,-0.2735084990018812,-0.03963954444433727,0.03880417143961099,-0.10094636594547018,0.10330856813045239,0.15363431283988455
