2.0530928501111285,0.3856487120159037,1.244008141842682,-0.015475975730931115,0.169860642398835,0.13620180062719703,0.3009099524220183,0.06375279639354624,0.07457621438063503,0.2345794729930254,0.05423002539507792,0.32116786516223417,0.12289639176482092,0.17106013232193407,0.22137167479315317,0.1918068728308547,0.1757681183914763,0.27248224380490416,0.13741763155846792,0.06890923221569513,0.12750528753283782,0.1458406074163038,0.23794534262510397,0.1417367927623583,0.18410638316328137,0.045957471740288136,0.21657094355104034,0.10868151391336425,0.16962855097725502,0.14388855327866135,0.1260949158608435,0.23726475875123182,0.18240522833494985,-0.001136360792733538,-0.07506778759337951,0.20902274809917595,0.12877550631133092,0.08056279190102712,0.072117011986458,0.16853648116097888,0.1404255307198904,0.1257445883906026,0.17784019616952182,0.032436304297328224,0.015390889257669458,0.2106862266334287,0.23667039341626198,-0.0838767238764759,0.5756029600019835,0.05723703460635942,0.11760264217822983,0.14701031810330825,-0.26866061515075707,0.01828100779572449,0.06261471481405524,-0.08140423657465523,0.487304844787667,0.04581766866886177,-0.40423027899911884
0.3856487120159037,2.363874567938205,1.3130395375798491,-0.33082336074648927,0.30163106593786515,0.4936778408774572,0.20878895506890527,0.5006334202305088,0.11027805834906118,0.3733421902633217,0.28630327939844935,0.34313389044174636,0.3899249738230141,0.23163502820946968,0.27400307196404367,0.41010486636847515,0.362441473000637,0.5495886286923787,0.28587334780881285,0.33017826892979757,0.3419067519453892,0.3095501963087625,0.3198433316111112,0.2019051898102102,0.33941075136995846,0.12853336180961863,0.3676211618811714,0.1759747933296488,0.7500474860903954,0.37324135053158203,0.21010188187110543,0.22012904352905302,0.27777054182458555,0.4434667899873856,0.06165366599067693,0.4562237755406153,0.588326675219298,0.15992932266594564,0.3574230813479731,0.1498745038036073,0.467027944563898,0.3141321837655909,0.17931217995772666,-0.027736575947896996,0.09151057452163994,0.3383464355168832,0.3654667528855121,-0.088991073719914,0.8245065889997203,0.015232724531298352,0.05794500218571415,0.12112940615925781,-0.0991493795920214,-0.16281609214259948,-0.1972288750625912,-0.1601348721743272,-0.33257273900032075,0.22153446447622702,0.2569078106021219
1.244008141842682,1.3130395375798491,3.6753997908266145,-0.23221526431181935,0.28920965312002,0.743757681005296,0.40300347377843954,0.8270474667209714,0.2112707742651286,0.639993642337356,0.3239107584303795,0.5852037416398259,0.6096269807311714,0.3978279928324264,0.48722534893259295,0.6591858872365274,0.7000150122339636,0.6592385539046497,0.4667414236227531,0.22745305523988113,0.4608167939069489,0.5072837205654418,0.4905149169739792,0.3753143708070818,0.5292910067823994,0.18052778507566597,0.5768560144037075,0.35093637824252705,0.7580160222155803,0.3966807226434858,0.3203652668505977,0.4238509031519315,0.428538103041297,0.55980159031211,0.1614733104139429,0.6988662834774308,0.6153619692150589,0.10900053821889091,0.49498444036349853,0.27693019082174275,0.6229776258550146,0.43826205233024806,0.13144426861168332,0.034859202860646185,-0.0686877250191986,0.5363398223671834,0.5792773712374837,-0.18520749666067177,1.3214056874020716,0.27149106713633375,0.028027898637964902,0.2619371815555784,-0.3214806628819414,-0.17803724644092297,0.12900738322705843,0.07999663559807106,-0.04782095310270982,-0.15393914793474575,-0.0826503334021489
-0.015475975730931115,-0.33082336074648927,-0.23221526431181935,2.741518336050181,0.08487922146248562,0.13635877578437086,0.05323692497969409,0.12669402660340684,0.016150205756337722,0.02887585682171927,0.234964889404376,0.20307858420025793,0.18140219946581254,0.17625535088637703,0.11457951503342001,0.20482314098237614,0.14587096965721155,0.05624079604160941,0.051226827819640705,0.13971523737831362,0.14351015769126588,0.1269252439837293,0.12831024293124677,0.1670398510420199,0.1647768454463606,0.22857812617166007,0.13858995441884114,0.14123795131144307,0.14523681050789788,0.1659159429807647,0.06817074448838469,0.17398872177644206,0.04516338100654637,0.21657370563049572,0.24243472191513982,0.09314373259249774,-0.03010670684861819,0.08995459835260838,0.09097912414957551,0.03232111112530851,0.10043931056355872,0.1349709037058538,-0.036634347396743275,0.4638408229590945,0.33229634533561836,0.08589924227416808,0.1952756631632699,-0.027448509098840727,-0.9589703647125225,-0.11376211250360414,0.011872544389909076,-0.0759068470077618,0.0227158128032148,0.07026656641771006,0.0191115929228411,-0.12355324728491622,-0.08464953659061432,-0.01359926211622458,0.0799133993863199
0.169860642398835,0.30163106593786515,0.28920965312002,0.08487922146248562,1.207587703693135,0.5118318898119809,0.133254675813882,0.34142803949054024,0.12812911742278904,0.17747366415673038,0.28407902498419824,0.3189375858287039,0.3131440981880588,0.24143792605641637,0.24252000326360176,0.28635016270088154,0.22253541990715958,0.21235993183923418,0.47031434244800313,0.08259155059876842,0.22366095262034125,0.24135146634054228,0.15559860135310102,0.17946709610118772,0.22220144050194476,0.17088812771143091,0.17831812829819674,0.07159683665732385,0.33054011949580914,0.07932754993710327,0.1648087954002379,0.2263176875351414,0.18903190071615172,0.35453750615657315,0.06701688795659964,0.31976003189467916,0.24073937386373964,0.07213417501257129,0.28741643592966437,0.1271103104564772,0.2803446140726052,0.1993532314319344,-0.036854352732261036,0.024333365254891826,-0.059334663903840054,0.25607686499645166,0.19376042462749507,-0.07216397048756114,0.5160726094782198,0.258712191598855,-0.06412261158408385,-0.2078615417995578,0.17546911924891234,-0.035334954161752204,-0.04460450023379878,-0.08285593139302314,-0.06153889156094342,0.06007155822882137,0.08843077418596633
0.13620180062719703,0.4936778408774572,0.743757681005296,0.13635877578437086,0.5118318898119809,0.9461772839475621,-0.02452548066178778,0.6445999898628699,0.1652945486701381,0.2886894840356775,0.4090290644401548,0.3336788283839914,0.40075381905019636,0.29627294498006584,0.29041194940970944,0.3440236777049979,0.3817434979928746,0.2810258734834065,0.4166836809608992,0.29192476292337965,0.3196876433294503,0.2997431773683366,0.1861156459886373,0.2588712140654768,0.3543236410701158,0.2623322140307718,0.2985882687233854,0.1503114840350429,0.5369238754470521,0.28631986377749646,0.233206202901044,0.2840381882258224,0.22663480086042917,0.4281186587913999,0.16323647584341866,0.3849687882182318,0.3757172026627263,0.1737411257161258,0.42210275213839993,0.19861858144659944,0.39001099097980446,0.2972925177703855,0.19073362311435124,0.011266352504333443,0.022884492284393366,0.28000190694816895,0.3207204966117093,-0.08985164393237653,0.8983898388600698,0.19117554646371038,-0.3307295440647921,-0.08865924792475981,0.12126237770037862,-0.011569923136041074,-0.02110683656641827,-0.055506861979181026,-0.06848019613062689,0.03929698259030178,0.025820102103906444
0.3009099524220183,0.20878895506890527,0.40300347377843954,0.05323692497969409,0.133254675813882,-0.02452548066178778,1.4318148616724709,0.12689659077179916,0.33071667628659096,0.3426095232717514,0.40352963221257343,0.6345799617932223,0.42154815964407955,0.39354468486038485,0.33995027211368245,0.5082979556800853,0.42096859846104373,0.2630525757251523,0.12215297583304217,0.33486229300468134,0.2950556611840134,0.3591520467115234,0.2432794691599494,0.28727577772944324,0.4082483533511598,0.1976323530628792,0.413049677778156,0.1840916344174706,0.436509839630681,0.33572631317576956,0.22551429561099784,0.41585319446200536,0.19066939306613723,0.5233542424965696,0.180685525449852,0.42184868880226867,0.2478154076099765,0.18355528285318384,0.25483006772111905,0.3124226991780596,0.36292090121541437,0.32595910338317047,0.37289135912895033,0.04847578893773506,0.22427969869411113,0.3201304825402465,0.4180863809218208,-0.1302936687431662,0.7224904855082472,-0.3832690467704078,0.025686851048220903,0.16439616669829607,0.03171795989252755,0.04028523709920303,0.15213833353364034,0.1239755218898803,0.1285992022741494,-0.10505014643868377,-0.37427439477672575
0.06375279639354624,0.5006334202305088,0.8270474667209714,0.12669402660340684,0.34142803949054024,0.6445999898628699,0.12689659077179916,1.176675024191373,0.05729974590832509,0.6965239055970661,0.5643898620681735,0.22300306341302858,0.5766831016982928,0.40886113962365367,0.30162660975508276,0.49251604158606554,0.4806186390316975,0.44973609143667365,0.36622070794165823,0.4461888733584054,0.3598770630216593,0.3580365112974456,0.2625591286000019,0.29072306422131483,0.4704656345395973,0.33628279720451143,0.40571912287104306,0.16418485346629558,0.58242739211836,0.43646471406144977,0.33190545836832225,0.37180560820136344,0.1637352086632308,0.6557291193483853,0.3280038115023371,0.473046218524767,0.4800732117760596,0.2436960647396448,0.6509846277999799,0.268281785225624,0.5202863858904436,0.37484768098455695,0.3655079573436001,0.04958185014719727,0.1263705682961222,0.41139521953664165,0.6005699332040552,-0.09349140525745965,0.9498071975986301,0.1898670781962042,-0.19504141695862773,-0.0285451447255557,0.22703136385765313,-0.13789567174553413,-0.014878004707300083,-0.0013278728808641808,0.0653184299770854,0.04635358163185056,-0.21670847054204448
0.07457621438063503,0.11027805834906118,0.2112707742651286,0.016150205756337722,0.12812911742278904,0.1652945486701381,0.33071667628659096,0.05729974590832509,0.7747231394931714,0.11412501340362337,0.18621811686717737,0.21251631945115107,0.18472911210974968,0.23801265485150508,0.1982768488552742,0.09026200116663957,0.22337104455080017,0.1544826037763563,0.0836290855015067,0.21293381382497623,0.19430716459248884,0.2973476960312781,0.14324294757521977,0.22089070709880096,0.17043343729972615,0.11627701415296664,0.17951300379577703,0.11646335181290661,0.14927425270656708,0.1977622348522336,0.22021107961568143,0.21982812746724262,0.3090062281464936,0.14520648154943946,0.05382184318770325,0.24570717223046973,0.22048170392784672,0.15300973860413689,0.11710539025140201,0.08437606382180743,0.20744866804442474,0.18157860633272946,0.0755582313435738,0.04512681975084283,0.17228975233567265,0.2641968648286902,0.22966641725562276,-0.08120291288339457,0.035415183426422296,-0.10717419319990772,-0.012407095594887754,0.01635837363476401,0.21123646653623887,-0.07215403184176429,0.11919799420247261,0.06856937620929292,0.17663839551306745,-0.10548070437900227,-0.2886450195491786
0.2345794729930254,0.3733421902633217,0.639993642337356,0.02887585682171927,0.17747366415673038,0.2886894840356775,0.3426095232717514,0.6965239055970661,0.11412501340362337,1.4587717827488231,0.538345405032521,0.3937544442424083,0.5030224407685089,0.5049029940872604,0.3895538718655948,0.5140257632494447,0.4451807874249818,0.4721509174039185,0.21715793446310902,0.5854822642715332,0.362779031266084,0.358194596092632,0.3236175219292355,0.3430377973082183,0.49772981849862385,0.35570126795388013,0.46318331213539793,0.18963708685474573,0.59169460698551,0.48665839327095767,0.38286143544852147,0.47188833720547607,0.12225773972843057,0.8731435332951623,0.40153897756824497,0.5079724035578429,0.506300389181095,0.3018104549423973,0.6981399909740431,0.4055573012696105,0.607266046977873,0.4194358729353184,0.5852581570727617,0.07218616079751373,0.23140336516721902,0.44304549111223634,0.896792066923363,-0.1010753338729855,1.0871632485555205,-0.034912258474196683,-0.06700503527084929,-0.05287904750099137,0.23588382622754914,-0.07894653899634102,0.10298192262086447,-0.05136822066522477,0.2908158156439027,-0.15349260359967787,-0.2551039230168337
0.05423002539507792,0.28630327939844935,0.3239107584303795,0.234964889404376,0.28407902498419824,0.4090290644401548,0.40352963221257343,0.5643898620681735,0.18621811686717737,0.538345405032521,0.7326554395542481,0.4186469695124234,0.46261627884180206,0.3755478529508493,0.4175229688736021,0.4308760594149543,0.4884501931791163,0.28322522181192755,0.2133993348635301,0.4783995442792064,0.34541344598916185,0.3019920758740592,0.21838814092001058,0.304023861837201,0.430011004982064,0.3221863578800625,0.40466094390165497,0.20077867605170988,0.5057646933847235,0.38318165780838626,0.28459302128044706,0.35218400400654803,0.19496027523457177,0.5608141684525159,0.3599427583843246,0.4631133563951334,0.39132146429452513,0.2496996377093185,0.45867247920497356,0.26653313692882796,0.4793884763611985,0.3685322105759016,0.2748127491511675,0.04318474347429523,0.31074512939382926,0.37253541210746344,0.5062551453557201,-0.11445623627341735,0.4434679553511156,-0.018243212186488243,-0.1492083111933877,-0.11802286119992107,0.30007001683746826,0.002320093043622187,0.043804189223374645,0.008240739233857392,0.012055633766632214,-0.022540896635561386,-0.19748558539755093
0.32116786516223417,0.34313389044174636,0.5852037416398259,0.20307858420025793,0.3189375858287039,0.3336788283839914,0.6345799617932223,0.22300306341302858,0.21251631945115107,0.3937544442424083,0.4186469695124234,0.8662455966199906,0.355682237503626,0.37840859416297756,0.37304670069477275,0.38465511782368583,0.3990280445181752,0.22369928842885542,0.22624703295942314,0.28927082773552026,0.2772566897086535,0.27496265939480846,0.2552072766236932,0.2633812096442213,0.42550938979340386,0.19676903363284387,0.40722664278733073,0.10306414432636958,0.49100871580357414,0.26414944351696656,0.1546622908968438,0.379396162605397,0.17471833062601183,0.49489558483415536,0.11945511907856003,0.42993380780721535,0.2450787950360683,0.16165503849487303,0.2976299690403736,0.25724845134515056,0.3979248014845297,0.2891661398916656,0.17898054405406946,0.03830617812344736,0.04950545587504823,0.3165254802562063,0.4014112925350519,-0.11504699364919417,0.9356198947662646,-0.14046391848223236,-0.047503968834769955,-0.011164328874972344,0.1530948403976862,0.02097902024514917,0.036541941598795605,0.03525074661353359,0.06009241094866384,-0.007681848449285871,-0.24416548075667552
0.12289639176482092,0.3899249738230141,0.6096269807311714,0.18140219946581254,0.3131440981880588,0.40075381905019636,0.42154815964407955,0.5766831016982928,0.18472911210974968,0.5030224407685089,0.46261627884180206,0.355682237503626,0.6713123353581694,0.4426165271442645,0.27764943586434754,0.5488860022537129,0.40044448289827567,0.33640674840599977,0.27521791761823616,0.3017122183595127,0.32229269460298365,0.42310240207143324,0.26206880270619665,0.289968034924235,0.4028162877976106,0.2567277997910959,0.384318292855189,0.17478550280213334,0.5262434393596825,0.3359586673833739,0.23780574586437273,0.3859568825876888,0.191313416324247,0.5779198482485303,0.28528137342267457,0.46131990942638884,0.341432109572338,0.16842255842939075,0.47982828387470405,0.24266714940536485,0.43804990033536534,0.3373811186909242,0.19990759210445777,0.06855475117406422,0.05255715509789237,0.3686340237047337,0.45287259481035463,-0.11585346364891332,0.6346269388206314,0.017437939654510543,-0.10461770642808185,-0.0672610953874384,0.20029919524419895,-0.07332186779253215,0.11680535218754531,-0.03312392320997903,-0.10582034724478327,-0.14761165652378555,0.06488786706488608
0.17106013232193407,0.23163502820946968,0.3978279928324264,0.17625535088637703,0.24143792605641637,0.29627294498006584,0.39354468486038485,0.40886113962365367,0.23801265485150508,0.5049029940872604,0.3755478529508493,0.37840859416297756,0.4426165271442645,0.7250003776665107,0.37068779551950043,0.5426852170539376,0.37492007237716607,0.2304496689121603,0.18178549033045033,0.367739943977808,0.3380939777864613,0.3836707079727077,0.27249081341045134,0.3395821716331649,0.4023753170762334,0.3496324565521975,0.36911157752241475,0.17073229899140543,0.4392169874942247,0.35485955059855884,0.22389909641093506,0.5364781393121365,0.1678149689507059,0.5730454288938507,0.34017053540934944,0.5115334057219759,0.2920774672821744,0.22187103392392826,0.44080458219784435,0.3073543055684022,0.4786364112346946,0.37197985987764254,0.2600480783282078,0.07306112856364905,0.12723396498643708,0.394160213589086,0.4935573328248316,-0.1413980241045742,0.7750577928985527,0.007109069989328639,-0.07957758944111505,-0.17232039242956515,0.320448765834577,0.0009306868570902589,0.024319991218689226,-0.07672282256789367,0.19322142883498308,-0.06914796959094087,-0.14567865038899427
0.22137167479315317,0.27400307196404367,0.48722534893259295,0.11457951503342001,0.24252000326360176,0.29041194940970944,0.33995027211368245,0.30162660975508276,0.1982768488552742,0.3895538718655948,0.4175229688736021,0.37304670069477275,0.27764943586434754,0.37068779551950043,0.977077132848779,0.32554991740498473,0.44680567260267134,0.2843196530150728,0.21730117156933376,0.4327813011837677,0.34797327371234205,0.1567299030275186,0.24550272370829412,0.32637699380088725,0.41419748044547666,0.36859101625611423,0.33493057391294206,0.3438601154191307,0.420202798475553,0.37379718883076474,0.31186625664179046,0.3334557069050257,0.2576066851529859,0.4381191563929622,0.3564274186178534,0.4735334798288135,0.4155063445842141,0.21087903647613823,0.3972254682082974,0.24858854476562556,0.4961409396956088,0.3552384087530267,0.33325980426467583,0.06612083374761608,0.3023064004708974,0.37239281849480493,0.4266685005249496,-0.11335510123726006,0.5367689104064897,0.25638892163749183,-0.11144241652165764,0.15859420120347334,-0.13067761606963682,-0.029393064681969915,0.1105843696678797,0.07371687571526306,0.060302521514868056,-0.0854723194171704,-0.22203302376310913
0.1918068728308547,0.41010486636847515,0.6591858872365274,0.20482314098237614,0.28635016270088154,0.3440236777049979,0.5082979556800853,0.49251604158606554,0.09026200116663957,0.5140257632494447,0.4308760594149543,0.38465511782368583,0.5488860022537129,0.5426852170539376,0.32554991740498473,1.446296940227454,0.3885985913119938,0.38196116179205203,0.2565375581739053,0.21806106955604337,0.3899359435792239,0.6271825019955685,0.350084999725028,0.30621107655403823,0.5547948798682161,0.22266263185726032,0.46232114160902166,0.24345605067826434,0.6338391475971407,0.41202942291454,0.18891847901435038,0.4874308871678535,0.041364270990763265,0.7998864420552453,0.525460670144327,0.6147574079048261,0.3428544822854855,0.12716364461145763,0.5616711306682238,0.32234252960156146,0.4815226680219886,0.47350006779479065,0.2867203376531709,0.055339041113761374,0.06931090662117571,0.41442569835439663,0.5499759193648762,-0.18848968007574346,0.6817933798303261,-0.29280335175912364,-0.12037717765188671,0.05530517041658232,0.18746819779912086,-0.05567410653000612,0.1786630818647694,0.012003122166794592,-0.1890482645339062,-0.15452674396723454,0.07900012293573516
0.1757681183914763,0.362441473000637,0.7000150122339636,0.14587096965721155,0.22253541990715958,0.3817434979928746,0.42096859846104373,0.4806186390316975,0.22337104455080017,0.4451807874249818,0.4884501931791163,0.3990280445181752,0.40044448289827567,0.37492007237716607,0.44680567260267134,0.3885985913119938,0.9141147784615019,0.2629714116812194,0.24779434296189323,0.5050287806657795,0.38661972592062843,0.3027996522351751,0.21263781315173075,0.3355417328038571,0.36987903418382406,0.26459890300756445,0.3848567634910743,0.39940816647237704,0.44767967361660566,0.3544401169613868,0.32669297720123225,0.35328487369272643,0.37819612031394234,0.4282812641199193,0.3473307424576255,0.5206496751265423,0.6161961879939433,0.2589686966937333,0.370951178226481,0.22725879943456112,0.546226717723868,0.42142334053151487,0.1185203683517242,0.0622435088028059,0.3464426593925898,0.4229482098227944,0.5381003624847212,-0.1323224541253649,0.5416949662429724,0.37827454181986697,-0.04789777706236514,0.020353094688945132,-0.1356048532970614,-0.04790773872978447,0.015367757492718544,0.027639787542496106,0.014427951965439396,-0.01443153947692534,-0.2594166020524021
0.27248224380490416,0.5495886286923787,0.6592385539046497,0.05624079604160941,0.21235993183923418,0.2810258734834065,0.2630525757251523,0.44973609143667365,0.1544826037763563,0.4721509174039185,0.28322522181192755,0.22369928842885542,0.33640674840599977,0.2304496689121603,0.2843196530150728,0.38196116179205203,0.2629714116812194,0.9389653255773566,0.23106349404506193,0.19372330637046406,0.2665664573562162,0.32686333914256105,0.5310450001306594,0.21588493175306542,0.32239173440351293,0.25350840043343104,0.21832670650053365,0.1678188157881443,0.4677042402834339,0.14827544864453515,0.41056855458862285,0.2632204708910072,0.15418763538210897,0.5282980007970383,0.07256368736487488,0.40456350984616996,0.38312666102084814,0.11812386492541252,0.4405997052045635,0.1622201618934573,0.3456236048405216,0.2519870188225984,0.28153024927377035,0.09981689376197518,0.09515380734347827,0.36428470054079326,0.4752929623353097,-0.09229589691674464,0.4916590519943975,0.23775151824731103,0.16586976206713705,0.17873872500893848,-0.3598858209131619,-0.21925877901865287,0.067313265859525,0.0679916311453005,0.05730800509391691,-0.024157023638000527,-0.2041373122386996
0.13741763155846792,0.28587334780881285,0.4667414236227531,0.051226827819640705,0.47031434244800313,0.4166836809608992,0.12215297583304217,0.36622070794165823,0.0836290855015067,0.21715793446310902,0.2133993348635301,0.22624703295942314,0.27521791761823616,0.18178549033045033,0.21730117156933376,0.2565375581739053,0.24779434296189323,0.23106349404506193,0.6730827957631941,0.05272598187369324,0.2167431631141671,0.21807643366927096,0.09549814031521259,0.16529398803380546,0.16770397958566063,0.11925604439479302,0.166520731523212,0.19299951798345158,0.24986837470373785,0.13672322911145457,0.2115486055153502,0.20540158528855,0.20613406866740086,0.24780474433900196,0.07348893840420459,0.2970091684249009,0.22089269457429642,0.04865909636761195,0.2590099627068925,0.10132371577264634,0.2664877933932456,0.17564389516544682,0.08413888388171235,0.022646518759466952,-0.0009697525087702932,0.24679895784444056,0.16865111867666352,-0.05233403931430223,0.4177682213018335,0.2657403057714539,0.06157158503338483,0.2532415739385918,-0.2569621752212474,-0.11232368562390901,-0.009745461517183078,-0.016849250687518316,-0.0024693213936508676,0.01767591908110345,-0.014898671710967858
0.06890923221569513,0.33017826892979757,0.22745305523988113,0.13971523737831362,0.08259155059876842,0.29192476292337965,0.33486229300468134,0.4461888733584054,0.21293381382497623,0.5854822642715332,0.4783995442792064,0.28927082773552026,0.3017122183595127,0.367739943977808,0.4327813011837677,0.21806106955604337,0.5050287806657795,0.19372330637046406,0.05272598187369324,2.0602202734169874,0.4247843797737959,0.07586596105148892,-0.031523926427056634,0.3859673269225927,0.39485735075763845,0.6631933400605138,0.5324613145797528,0.3259189959271607,0.5133330109959866,0.7730379096675307,0.5638396279306792,0.3650835453850269,0.24059167482784727,0.6757730267019901,0.5069505291017211,0.3374839955197877,1.1743677384116376,0.9477521026169552,0.79498709043459,0.5552933333154888,0.7512827710689718,0.6530151887785953,1.254235885484908,0.023008926605240555,0.9496709242215224,0.3321254881980767,0.9018238757689255,0.0197495609498503,1.4613455209323567,0.0361440659147166,-0.33979068144687435,-0.03001676651403624,0.20955266218424182,-0.053259532323092044,0.11844079609947823,-0.06744199238074981,0.22784093454761115,-0.09303203426026085,-0.22872334778990008
0.12750528753283782,0.3419067519453892,0.4608167939069489,0.14351015769126588,0.22366095262034125,0.3196876433294503,0.2950556611840134,0.3598770630216593,0.19430716459248884,0.362779031266084,0.34541344598916185,0.2772566897086535,0.32229269460298365,0.3380939777864613,0.34797327371234205,0.3899359435792239,0.38661972592062843,0.2665664573562162,0.2167431631141671,0.4247843797737959,0.615523754754935,0.27794825138796403,0.17429938341272602,0.32901070096464663,0.3238994219101753,0.30300468195225577,0.29017531374727,0.335805275318697,0.40173665302704137,0.3868797255618973,0.3729545007165984,0.3232893197151664,0.4041569003853028,0.4425549519891319,0.33622787438466784,0.5810922053289439,0.5020839266900659,0.24277604251385643,0.4082864199393199,0.2675264145501057,0.6232851192982644,0.4469280866359229,0.1920635984680194,0.04191297303518955,0.35625148694645525,0.38392477911824946,0.4152483107141344,-0.1399042713673894,0.5871365759244186,0.07654307785972174,-0.11135344687110116,-0.030596288475520365,0.0901249312433145,-0.044536884287741225,0.10454404882947348,-0.007370658880503488,-0.04231859507131623,-0.08146540732285192,-0.04276531981530145
0.1458406074163038,0.3095501963087625,0.5072837205654418,0.1269252439837293,0.24135146634054228,0.2997431773683366,0.3591520467115234,0.3580365112974456,0.2973476960312781,0.358194596092632,0.3019920758740592,0.27496265939480846,0.42310240207143324,0.3836707079727077,0.1567299030275186,0.6271825019955685,0.3027996522351751,0.32686333914256105,0.21807643366927096,0.07586596105148892,0.27794825138796403,0.8217578408688749,0.3939195670968833,0.2646392017585731,0.3605079150689084,0.12498487694066161,0.2768098414148164,0.1107332037779818,0.4920570512874459,0.23622698244711537,0.1464884375723114,0.35956689289641613,0.1612836365846443,0.5257053034698949,0.1903385574703505,0.40243934065404824,0.21971741747546147,0.07806625655034939,0.41589098378904665,0.19522933891591682,0.29852253805870665,0.26909379781231907,0.128823937694255,0.08016656993046023,-0.017697708770601683,0.3171950390264666,0.4105936088857168,-0.1290173009920973,0.45077328095552527,-0.11678425927576247,-0.05309495928350618,-0.09994086543088453,0.1839837456172891,-0.0703592854239686,0.10640564424685083,0.01514889907802695,-0.08436642708282419,-0.10306944330016383,-0.017283892378526764
0.23794534262510397,0.3198433316111112,0.4905149169739792,0.12831024293124677,0.15559860135310102,0.1861156459886373,0.2432794691599494,0.2625591286000019,0.14324294757521977,0.3236175219292355,0.21838814092001058,0.2552072766236932,0.26206880270619665,0.27249081341045134,0.24550272370829412,0.350084999725028,0.21263781315173075,0.5310450001306594,0.09549814031521259,-0.031523926427056634,0.17429938341272602,0.3939195670968833,1.4111876634966443,0.3918704231692153,0.5101864312038544,0.007578672646442317,0.17766533216223768,-0.11554973264661982,0.572440388035691,0.39628303075911064,-0.20909369645606724,0.22987823832521773,0.13869576277241102,0.531581541488088,-0.17791158531349358,0.6264330587016238,0.18092579503882295,-0.03466042360470557,0.5169879351064383,0.11314773788918901,0.417568742750575,0.14817038685947867,0.33888444984426314,0.23633018467539704,-0.2057423558691553,0.38275583687329506,0.3701193074246713,-0.16286084752026844,0.5055072958681727,-0.12716974931611838,0.0582087390276841,-0.10871504159643847,0.2034313644578032,-0.12851307630231495,0.00022255994340925913,-0.01881997122289973,-0.08160682823470057,0.0066293323186316306,0.02699454643938727
0.1417367927623583,0.2019051898102102,0.3753143708070818,0.1670398510420199,0.17946709610118772,0.2588712140654768,0.28727577772944324,0.29072306422131483,0.22089070709880096,0.3430377973082183,0.304023861837201,0.2633812096442213,0.289968034924235,0.3395821716331649,0.32637699380088725,0.30621107655403823,0.3355417328038571,0.21588493175306542,0.16529398803380546,0.3859673269225927,0.32901070096464663,0.2646392017585731,0.3918704231692153,0.7521743576878571,0.36274885992342654,0.14314685350603187,0.2625568619351793,0.31661180558897534,0.4358563865223346,0.5851278400961328,0.3791804844517392,0.3224437264414249,0.6758023799874121,0.3374004220430378,0.15016738070368665,0.5742336951253275,0.4558455160129715,0.21082006333105233,0.30900963940200715,0.14617440033198173,0.43893066407928444,0.3483810659926456,0.25905802206722095,0.14486173175903927,-0.013958687089233958,0.4668293686159519,0.3844353061981256,-0.19256985986457573,0.632827519305211,-0.08653550421098996,-0.176181749505403,0.05785759893608477,0.2398602875406124,-0.09573668222323686,0.16877981851801632,-0.05461798479679703,0.10861270138317311,-0.22852762226198764,0.03836849707169696
0.18410638316328137,0.33941075136995846,0.5292910067823994,0.1647768454463606,0.22220144050194476,0.3543236410701158,0.4082483533511598,0.4704656345395973,0.17043343729972615,0.49772981849862385,0.430011004982064,0.42550938979340386,0.4028162877976106,0.4023753170762334,0.41419748044547666,0.5547948798682161,0.36987903418382406,0.32239173440351293,0.16770397958566063,0.39485735075763845,0.3238994219101753,0.3605079150689084,0.5101864312038544,0.36274885992342654,0.9755650252796533,0.1582287246759479,0.38093769752886786,0.10630864474621037,0.7483832508003591,0.6173795223481671,0.11462859338630696,0.3537739154717749,0.1423616593472023,0.7595226308925902,0.33886741408221527,0.5630914699329823,0.3601433704181526,0.20723988264996632,0.600155704438891,0.2658550996515902,0.4830577559175884,0.3544089996166471,0.5410363492864757,0.08775123553858225,0.07465575449834153,0.425982346548198,0.5808906616139587,-0.18030220371456934,0.9221519327562597,-0.6202379658863573,-0.26245742339555916,-0.04386664717584231,0.5126915948609845,-0.019962392234925446,0.07206167751774159,0.0070088275490474495,0.024074938141535156,-0.04832063613636509,-0.13441674727507674
0.045957471740288136,0.12853336180961863,0.18052778507566597,0.22857812617166007,0.17088812771143091,0.2623322140307718,0.1976323530628792,0.33628279720451143,0.11627701415296664,0.35570126795388013,0.3221863578800625,0.19676903363284387,0.2567277997910959,0.3496324565521975,0.36859101625611423,0.22266263185726032,0.26459890300756445,0.25350840043343104,0.11925604439479302,0.6631933400605138,0.30300468195225577,0.12498487694066161,0.007578672646442317,0.14314685350603187,0.1582287246759479,2.1010613196107397,0.3926405792583369,0.3233915993357695,-0.09008844968475095,-0.4076856890715525,0.291730590292488,0.46946200654053905,-0.2802619616744299,0.5998153685955098,0.5728944064099816,-0.04256126560286138,0.025330568223896305,0.351297432581388,0.5429089738803715,0.6946669364908937,0.09582961646240741,0.405328133795977,1.2715376415614439,0.06046854769375623,1.1910480042269336,-0.10817892772100314,0.35212610002322825,0.0917033625505774,0.04269459580193127,0.5664241901049342,-0.1052147090581432,-0.007573829849489295,-0.6895039653769139,0.055189015001591867,0.018352563655836252,-0.012711311078889993,0.10040796010340548,0.031577810796236616,-0.22728239921559487
0.21657094355104034,0.3676211618811714,0.5768560144037075,0.13858995441884114,0.17831812829819674,0.2985882687233854,0.413049677778156,0.40571912287104306,0.17951300379577703,0.46318331213539793,0.40466094390165497,0.40722664278733073,0.384318292855189,0.36911157752241475,0.33493057391294206,0.46232114160902166,0.3848567634910743,0.21832670650053365,0.166520731523212,0.5324613145797528,0.29017531374727,0.2768098414148164,0.17766533216223768,0.2625568619351793,0.38093769752886786,0.3926405792583369,0.9221370652517518,0.23491616338577215,0.44225088347444524,0.3200479806389942,0.22675357949428063,0.3828286431513171,0.1707526382338729,0.49597082358951156,0.32770732710162004,0.4140149485534747,0.3955305034283525,0.26127136328930783,0.4156442081181997,0.2989545533000908,0.387170108275122,0.361575482887766,0.3884920721387812,0.043006782963698136,0.3212637111858953,0.31917473359933946,0.4623517355422069,-0.1098759152149726,0.6400537051891123,-0.020472620601906338,-0.17525505225310392,0.09885509702506397,0.0821547999116748,-0.015542194115969077,0.0952931606214595,0.008748793257474267,0.10945969574802658,-0.0863166896740759,-0.1822130102966541
0.10868151391336425,0.1759747933296488,0.35093637824252705,0.14123795131144307,0.07159683665732385,0.1503114840350429,0.1840916344174706,0.16418485346629558,0.11646335181290661,0.18963708685474573,0.20077867605170988,0.10306414432636958,0.17478550280213334,0.17073229899140543,0.3438601154191307,0.24345605067826434,0.39940816647237704,0.1678188157881443,0.19299951798345158,0.3259189959271607,0.335805275318697,0.1107332037779818,-0.11554973264661982,0.31661180558897534,0.10630864474621037,0.3233915993357695,0.23491616338577215,1.2012322206849466,0.02785310983762488,0.22520430281647247,0.5256592542208679,0.23900658824982543,0.7211925203739395,0.027540215343589997,0.9964730345899189,0.37088826454839313,0.4579870305940192,0.12237726453320415,0.13128434256261254,0.10515945276318213,0.354426641797269,0.3701642377827669,-0.181179261342963,0.1900781829430606,0.24889570592931956,0.28132781416124936,0.19129901614898043,-0.10312563541355795,0.15052471685282398,0.4401134521817649,-0.09933333638490853,0.6635647646332391,-0.8397201540888825,-0.026401477463907863,0.22595641659313398,0.008326637220323372,0.07213482635713267,-0.22176829350698468,0.021940823359851317
0.16962855097725502,0.7500474860903954,0.7580160222155803,0.14523681050789788,0.33054011949580914,0.5369238754470521,0.436509839630681,0.58242739211836,0.14927425270656708,0.59169460698551,0.5057646933847235,0.49100871580357414,0.5262434393596825,0.4392169874942247,0.420202798475553,0.6338391475971407,0.44767967361660566,0.4677042402834339,0.24986837470373785,0.5133330109959866,0.40173665302704137,0.4920570512874459,0.572440388035691,0.4358563865223346,0.7483832508003591,-0.09008844968475095,0.44225088347444524,0.02785310983762488,3.1676856690621413,0.7619554020128033,0.157901808334845,0.394558800686798,-0.16754146226882818,1.1706666874563905,0.32670475317567255,0.6947764130285926,0.08477754990273437,0.09176895473023462,0.7184982780965687,0.3170274209455493,0.5982692089999532,0.3475101192527327,-0.29414076306583375,-0.07027852258463463,-0.19977932931088294,0.49394146918458504,1.1097758885434723,-0.2607090230766843,1.5723551490919678,-0.04993625191604055,-0.5241790339606416,-0.04062617271246101,0.18851464094235793,0.043545992704012944,-0.1538221105003169,-0.1235986791004642,-0.2559722615574479,0.20324560187945867,0.04828265766450918
0.14388855327866135,0.37324135053158203,0.3966807226434858,0.1659159429807647,0.07932754993710327,0.28631986377749646,0.33572631317576956,0.43646471406144977,0.1977622348522336,0.48665839327095767,0.38318165780838626,0.26414944351696656,0.3359586673833739,0.35485955059855884,0.37379718883076474,0.41202942291454,0.3544401169613868,0.14827544864453515,0.13672322911145457,0.7730379096675307,0.3868797255618973,0.23622698244711537,0.39628303075911064,0.5851278400961328,0.6173795223481671,-0.4076856890715525,0.3200479806389942,0.22520430281647247,0.7619554020128033,3.283587080533935,0.2528587332103465,0.2359318897089168,0.37908692415756745,0.2399072269319463,0.5656940603414888,0.7913512091234861,0.49231581067145613,0.4255912462647156,0.8020479735495462,0.4962575959788124,1.1464223507196587,0.40645006731622,2.476022132484379,0.25637381968818884,0.6399269268914161,0.38752228824126533,0.4658196101627315,-0.09789622427561755,1.5085701792749644,-0.8769442765241874,-0.22570748410133237,-0.16341043105573558,0.8961633715557124,0.07182088322800838,-0.022811753104847628,-0.2604021008022141,0.021030666614327696,0.10029363114987135,0.07355146405195735
0.1260949158608435,0.21010188187110543,0.3203652668505977,0.06817074448838469,0.1648087954002379,0.233206202901044,0.22551429561099784,0.33190545836832225,0.22021107961568143,0.38286143544852147,0.28459302128044706,0.1546622908968438,0.23780574586437273,0.22389909641093506,0.31186625664179046,0.18891847901435038,0.32669297720123225,0.41056855458862285,0.2115486055153502,0.5638396279306792,0.3729545007165984,0.1464884375723114,-0.20909369645606724,0.3791804844517392,0.11462859338630696,0.291730590292488,0.22675357949428063,0.5256592542208679,0.157901808334845,0.2528587332103465,1.4020058170346366,0.26706091812144855,0.6502469364851259,0.2968012242344527,0.33152465983024826,0.38246684374047085,0.5721644098254256,0.36384915944123475,0.24730625266188827,0.1308878653383289,0.3650324423529913,0.3880362803837915,0.07330843287960233,0.09454371267411588,0.09767547781319166,0.47961093839442553,0.4867310096185723,-0.12618524220365243,0.5337049846731965,0.3647516351565794,-0.08121607235101966,0.36570096672909586,-0.28923491497299214,-0.16944345476573663,0.2516852761259889,0.08252279641824276,0.302992701859282,-0.2818897158133037,-0.2649650087716007
0.23726475875123182,0.22012904352905302,0.4238509031519315,0.17398872177644206,0.2263176875351414,0.2840381882258224,0.41585319446200536,0.37180560820136344,0.21982812746724262,0.47188833720547607,0.35218400400654803,0.379396162605397,0.3859568825876888,0.5364781393121365,0.3334557069050257,0.4874308871678535,0.35328487369272643,0.2632204708910072,0.20540158528855,0.3650835453850269,0.3232893197151664,0.35956689289641613,0.22987823832521773,0.3224437264414249,0.3537739154717749,0.46946200654053905,0.3828286431513171,0.23900658824982543,0.394558800686798,0.2359318897089168,0.26706091812144855,0.6725167364194369,0.08263765605213612,0.5789393227564731,0.32171733176712547,0.41682215185537985,0.2021811780497921,0.2279243844949342,0.388770756304716,0.361875002086062,0.3799358065296274,0.3609902121829233,0.440572923777593,0.05020890934854895,0.24553940293401444,0.3422083492186974,0.5182022764227024,-0.12047661742857708,0.7034311732423472,0.09494168932949082,-0.03510208919222927,0.17012964475066167,-0.16814037258243625,0.022877468090566847,0.06953343750013156,-0.0859360998731817,0.39560283754629727,-0.13116947985734567,-0.26952430175009756
0.18240522833494985,0.27777054182458555,0.428538103041297,0.04516338100654637,0.18903190071615172,0.22663480086042917,0.19066939306613723,0.1637352086632308,0.3090062281464936,0.12225773972843057,0.19496027523457177,0.17471833062601183,0.191313416324247,0.1678149689507059,0.2576066851529859,0.041364270990763265,0.37819612031394234,0.15418763538210897,0.20613406866740086,0.24059167482784727,0.4041569003853028,0.1612836365846443,0.13869576277241102,0.6758023799874121,0.1423616593472023,-0.2802619616744299,0.1707526382338729,0.7211925203739395,-0.16754146226882818,0.37908692415756745,0.6502469364851259,0.08263765605213612,2.4814642584172644,-0.5020895249708646,-0.6031343673314407,0.6656192012177179,1.136190819481918,0.19026782637432021,-0.20160249357024038,-0.12270491955586887,0.49266612307448426,0.40272841931844305,-0.5629433174957608,0.18318875011858643,-0.4213731677635381,0.7809929478325094,0.05788831987076377,-0.31427525816945057,0.45263031806516923,0.020328264967460683,-0.1930807127300929,0.046692600492702074,0.40433037264868743,-0.316732303169837,0.21754755661362338,-0.07043536542677094,-0.03772429709097994,-0.2312293230020082,0.23342828887574668
-0.001136360792733538,0.4434667899873856,0.55980159031211,0.21657370563049572,0.35453750615657315,0.4281186587913999,0.5233542424965696,0.6557291193483853,0.14520648154943946,0.8731435332951623,0.5608141684525159,0.49489558483415536,0.5779198482485303,0.5730454288938507,0.4381191563929622,0.7998864420552453,0.4282812641199193,0.5282980007970383,0.24780474433900196,0.6757730267019901,0.4425549519891319,0.5257053034698949,0.531581541488088,0.3374004220430378,0.7595226308925902,0.5998153685955098,0.49597082358951156,0.027540215343589997,1.1706666874563905,0.2399072269319463,0.2968012242344527,0.5789393227564731,-0.5020895249708646,2.467221730941036,0.7150835604011897,0.5052859911060252,0.49353910417947133,0.20986746661773428,1.130612217592977,0.5255837752056443,0.6296051330442943,0.5167298333142484,1.1588253460236895,0.03494505701727857,0.5198948888492615,0.3651375811877665,1.2244247116521447,-0.09577397679126655,1.431729177553886,-0.5442900567131352,-0.14507163928245376,-0.22025740024113075,0.40908354895196214,-0.0282669294089668,0.03508683161135187,0.02741810838864141,-0.028230959413317967,-0.04955077069103874,-0.10844331820682306
