0.983318112941591,0.2314022720827965,0.3529581479020393,-0.23511773018362908,0.2064110232651847,0.026680982556411784,0.1966031340130211,0.030817970716489222,0.035892112053872875,0.05480948793960867,0.08464456412485787,0.11801771578389234,0.05859939413878578,0.07352647104503424,0.08608978567117992,0.09907615645642182,0.07130245914230669,0.1383626833581116,0.08148337941102989,-0.010670484858879576,0.05233910340777202,0.05046119372858846,0.006204591730953833,0.03763187032189641,0.053428788953595235,0.02925638758299359,0.06804693052782924,0.003487928245934927,0.05823149791876542,0.006789993046942006,0.115791378883284,0.10579495986397573,0.03478726500827369,-0.07219258188024945,-0.03194221128068358,0.1277929894892461,0.14154042245372966,0.036807898616827865,-0.017632599804544756,-0.0697961583901697,0.05830866436055552,0.04547243072330856,-0.038745370826276784,-0.013153313785266739,0.0635934885248993,0.15603330589471948,0.09139647746857736,-0.013637702727389664,-0.11289438152160493,0.0018108843330459094,-0.00849758251231193,-0.1398506129226165,0.131894214547581,-0.006701429458276985,0.0019110356722163366,-0.012821777872504636,0.11883007423630575,0.18064009569339642,-0.3656066881608966
0.2314022720827965,2.2971470044178415,0.2626121566599815,-0.7363532539863773,-0.10326680922037244,0.07900568777802319,0.05837245941864002,-0.0073008742307403545,-0.000281975954570868,0.07873627367472372,0.07635560147917092,0.08077034965830988,0.028724458123683076,-0.077132437283154,0.06357195182481004,0.0737451896200499,0.16002180857598977,0.4240437372636781,0.04810223898952726,-0.14427751275818435,0.06164025942860578,-0.007166216120373425,-0.1358243942726039,-0.015627343834022395,0.03195151571651358,-0.09026485633188934,0.08536441710367554,0.2081378174001058,0.14109269857954357,0.10318517946394033,-0.011083374011366989,0.04109410030192696,-0.020298021201129703,-0.10920294436306553,-0.13505315986762284,0.1932976502469173,0.38939599136074704,-0.03356987870262238,-0.11522847261088992,-0.036402974064530906,0.09612479464293731,0.03465546148212765,-0.05401249481040028,0.03744236414473756,0.03464355783272951,0.17022776531962894,-0.03941794798256242,-0.00984921249904859,-0.2852597130866877,-0.10236211145364113,0.267745024623806,0.23433964444207317,-0.1563299944455645,-0.047715316003219335,-0.25937677207579185,-0.095799462091056,-0.04875155532812256,0.03680970007470899,0.39665026557160116
0.3529581479020393,0.2626121566599815,2.1243623970203753,-0.15953901957989503,0.08738521137504283,0.16477987474612957,0.16682554611883577,0.14594023001630033,0.14506476235049204,0.1301382653909702,0.10886381030071646,0.16374340109958038,0.12506781942055686,-0.00024601539087470346,0.14703936954842622,0.1680946038058158,0.2627673934537275,0.2081422987319403,0.13889369677755065,0.18492672479159783,0.13997936136644695,0.15695979395853019,0.1320580130902979,0.07025331671392226,0.15452997800465332,0.2939415327606329,0.14440875995651434,0.22582534297905146,0.17489487650950206,-0.5180081643197774,0.19080468854243515,0.08472865448536819,0.3179282505127478,0.4750006183336009,-0.2712806978631672,0.45896818408423856,0.21342467074383623,0.1538578390362575,0.12068955033571563,-0.4986307784167415,0.14095072427653627,0.13558521392668563,-0.12459419550986386,0.0504542654220675,0.30828350730057785,0.5284340602397146,0.163945871186957,-0.02394125075500649,-0.5582609207104167,0.09834703210977438,0.07115516229304332,0.0052881942626708716,0.06549880800036277,-0.22926167671624484,0.02931516148692682,0.09766478497270169,-0.1777722688796254,-0.16006724059456037,-0.04459772270145574
-0.23511773018362908,-0.7363532539863773,-0.15953901957989503,2.6782313334337777,0.31734965106329077,0.4244879807525652,0.3857710023030691,0.5354453977720797,0.08737631502783282,0.13671494777084503,0.3205308765610916,0.349822427809652,0.24486921549976728,0.5437579508467492,0.2522283159208404,0.3747660182374529,0.2714393503693573,0.09869864940553355,0.27986196903169924,0.43780991962578036,0.24546495116911562,0.32385656605348107,0.4339876832380136,0.2845734911506313,0.4085805515361677,0.3976617028557422,0.2569223654488373,0.027747969711577183,0.4503724217436145,0.3359525891815231,0.1169519014250857,0.2957451856276113,0.09222744756429467,0.5077065105515134,0.4225871077134491,0.19193406441903574,0.023184598795706807,0.21308030279180226,0.3623067635627457,0.26873458784926246,0.30908573930158256,0.25515271638207077,0.38266089495347244,0.04641251488694069,0.3368203652961745,0.3503547785458978,0.5454945380005016,0.0483208043632975,0.3170138338212691,0.0651845907189972,-0.0817727662504289,-0.20742125436790368,0.09047293809449783,0.028057762325182364,0.028446725979251634,0.11023849791006705,-0.14317814858754901,0.0918362411171843,-0.13433496408368714
0.2064110232651847,-0.10326680922037244,0.08738521137504283,0.31734965106329077,1.1927397507710626,0.13183654670887693,0.22949825112386035,0.1739603746519489,-0.048042915054944346,0.06064490952775193,0.15545655166914374,0.2003334928255666,0.13529066451390462,0.14049696232877126,0.20890148199737565,0.19034946500451264,0.05012636360487396,0.08363601233295959,0.4743429620408823,0.04031103407062464,0.05924603616533829,0.09390198972007507,0.2075053462023112,0.08535103117278013,0.12305608152785961,0.13313049062204893,0.07214486668743103,-0.054860596792778764,0.23231240213492946,-0.1545468464730134,-0.019963861117392335,0.14047068656493653,0.022504644734954716,0.29427519991933315,-0.012325412343251177,0.07983753492786107,0.07637188120896587,0.04448660185892532,0.1414620229236367,0.041862153736810195,0.050379010046523814,0.06668223144280255,-0.011798456977617135,-0.009527787863747868,-0.09333831829848421,0.026721528512022953,0.17729196468378047,0.0016850661939655498,-0.003628228310073895,0.1635236458899565,-0.16087444222377653,-0.4929010989744607,0.3509005147659569,0.030832406363330223,0.021841154256443188,-0.13864361531419742,0.005646550184215204,0.036001356208126584,0.08076386315686275
0.026680982556411784,0.07900568777802319,0.16477987474612957,0.4244879807525652,0.13183654670887693,0.6918796422725882,0.09185733555941543,0.444329424841176,0.07691598883219791,0.12509911232636864,0.25765747410547,0.24867602983036627,0.17494264297817008,0.2530268911462949,0.15798961712347173,0.21741177316586802,0.2910449717896301,0.15118533173711743,0.3127015206534577,0.35567628132766393,0.17012336563095254,0.27775937952048446,0.3149367312877863,0.16103415146043235,0.2689953203755513,0.28215533389042924,0.2017602642301821,0.017884537011710742,0.43785352079312134,0.13461401924423494,0.08257921033749313,0.23990243358789892,-0.007903800524498432,0.2972066623344573,0.0951287996961351,0.22420774842280766,0.14191910699531046,0.19835969227994873,0.246674206951976,0.10506330628211548,0.1368082997571335,0.17366564388147643,0.17481898251923003,0.04549434456915232,0.10108540809947586,0.2651690514013168,0.279626349581971,-0.00435760707197937,0.2135759574246062,0.11653693514797442,-0.127107961275987,-0.28010237342850486,0.2589450136136295,-0.04055821275265821,-0.017128179406819224,-0.013408565504057638,-0.035529503548236294,0.08729204699945248,-0.05438291483314078
0.1966031340130211,0.05837245941864002,0.16682554611883577,0.3857710023030691,0.22949825112386035,0.09185733555941543,0.6297331449797752,0.17103569248509673,0.09819683781187295,0.015529312270999348,0.20178703302793344,0.2555733896047843,0.12761355780085273,0.14510434043150688,0.12507771194669096,0.1999970519993559,0.1554936388753495,0.15785384550898496,0.12271934732158961,0.1761918639250566,0.1318895437196393,0.18412526742370816,0.1675690991846535,0.11286766241154575,0.1816658523437698,0.17934049874777347,0.15064007974323373,-0.008369486917492197,0.194850269139807,0.09921875480990529,0.07688640082281817,0.14408314637103406,0.10581072621675976,0.20299161758556844,0.0853452866305206,0.18003528755535042,0.08149323922571959,0.10158808644989137,0.1192293305586923,0.04968138105668893,0.15267040330872825,0.12555070653057923,0.14144452791949078,0.011978667002106676,0.1606437917052848,0.2284741991586634,0.16747213427868637,0.018733422384323,0.14825603043351515,-0.02188558387392011,-0.0006086227405886409,-0.11370884627061717,0.14346674407044918,-0.020455791483265696,-0.0763042480564767,0.09054120235404141,-0.08320920928989507,0.15987183750690076,-0.21470724656436643
0.030817970716489222,-0.0073008742307403545,0.14594023001630033,0.5354453977720797,0.1739603746519489,0.444329424841176,0.17103569248509673,0.8337814333258056,-0.005624579964308612,0.18547321976316783,0.281855266846105,0.12423006597689966,0.21157840627028415,0.28364127165533265,0.12460649020701153,0.25163100933817384,0.35675489319174214,0.19580066491560033,0.26546367182755115,0.3971677357394964,0.2041434345579449,0.32996621112849794,0.3470484690131564,0.17955152657130025,0.3268824358263189,0.3258735294338568,0.21543565268739853,-0.036631846779927715,0.4139817619307323,0.18303956769589183,0.11821159361462816,0.20515912990722793,0.11295585983612205,0.3453685280585006,0.15591992440655666,0.23389465420819638,0.189078393954853,0.21287225597919293,0.3796000849333727,0.143622936605117,0.1899866253496339,0.20063580034956963,0.23176545609321775,0.05535960106017162,0.17049735537449237,0.3305280819392436,0.4135856268235368,0.0037472334053860273,0.28895590350472744,0.21670905722015088,-0.048539599200494596,-0.11208994359730595,0.1011138815474927,-0.14508963210779777,-0.03838530247297448,0.035798792859250285,-0.019368811325294725,0.15448823275276308,-0.14718491489382698
0.035892112053872875,-0.000281975954570868,0.14506476235049204,0.08737631502783282,-0.048042915054944346,0.07691598883219791,0.09819683781187295,-0.005624579964308612,0.557296620413563,0.16890306258011092,0.11057207040825044,0.13514864278074862,0.0562277583465415,0.1358699500409805,0.1381981282044708,0.11352328245697779,0.11321255025670153,0.14685479585014174,-0.07222281480084822,0.16919587250351278,0.12654432201969942,0.07479536307499758,0.12361421582279404,0.13845167189308896,0.12515549260191489,0.20896618022667202,0.10809677517529184,0.1934333401826444,0.06197911539501484,0.14621831846731886,0.16553183027720042,0.11410335360966138,0.2454472361722803,0.07221360411146531,0.1522527291494177,0.07378391966921996,0.1213451771009014,0.09417485932467391,0.06746184602754285,0.016979608007478424,0.16843336634739145,0.13182897914176545,0.14965765217954619,-0.007304203265964761,0.22071773642154402,0.209895976074624,0.29562157967165703,0.07323681222924962,0.19573254221314015,-0.0854258645835509,-0.09733188050084797,-0.21346449820846639,0.3282766464046402,0.006840273001409392,-0.0034428064128792153,0.13088349863905685,-0.056574396408133436,0.04784561749357502,-0.20637767004550628
0.05480948793960867,0.07873627367472372,0.1301382653909702,0.13671494777084503,0.06064490952775193,0.12509911232636864,0.015529312270999348,0.18547321976316783,0.16890306258011092,0.8524427044065243,0.22842195242126614,0.22197138652247572,0.1685160934166443,0.15724323915337202,0.19481551785467233,0.1667781531959531,0.2694204549405792,0.35671373059539224,0.06436903800550596,0.4807708250372717,0.24862253556517266,0.23309220307510284,0.3788703292071876,0.2473068753771743,0.27427213601664907,0.27999292981515345,0.21498260080937812,0.23323474688690898,0.3776103102077849,0.19830040808072183,0.21149430186477536,0.23151210509954964,0.25250887335020045,0.5850180745835523,0.3201858228488252,0.25184423334127587,0.19990290901600732,0.259023512905915,0.41231483021576915,0.25561909771510444,0.5284812992699135,0.25245480556617617,0.19920512827111375,-0.002944463425680352,0.3748633110266762,0.4526214202643691,0.9311740359706518,0.08285839236109838,0.20725527434203875,0.013333022356723966,-0.020048365605670318,-0.08649443332753193,0.17379585910088088,-0.02406324465059539,-0.025398760674706918,-0.027742978822017646,0.055035391870158386,0.003805906467237207,-0.10345504059566167
0.08464456412485787,0.07635560147917092,0.10886381030071646,0.3205308765610916,0.15545655166914374,0.25765747410547,0.20178703302793344,0.281855266846105,0.11057207040825044,0.22842195242126614,0.5011789288060593,0.29610660259570226,0.1828537970587042,0.18520124098217913,0.2464358537754252,0.19348634458755368,0.3101214305311597,0.20320550124850256,0.13307691561757093,0.27067663926260843,0.1741110003342293,0.20762506238705458,0.2922866453239627,0.18598005080078645,0.26137738472656813,0.24231907430044297,0.1960721740983109,0.10567343998246065,0.32001802383004924,0.17133634880561024,0.1555686081146759,0.20970946742613772,0.18444823002137709,0.26673615872243217,0.17404374303791803,0.22115778946964554,0.155783688049086,0.15521463398611246,0.23693281111561978,0.11227006901827404,0.22257130520513943,0.17783425447103204,0.163738429588086,0.012207186833212511,0.1493570447981221,0.31629878939325967,0.4321563740553948,0.035551728581592605,0.0966730256238708,0.04955931693467042,-0.07394269062983863,-0.18405216048443884,0.2182531145077705,-0.051933810370878124,-0.0439752984557846,0.057996760691329925,-0.021252147527276336,0.11836145215326077,-0.2015647756297417
0.11801771578389234,0.08077034965830988,0.16374340109958038,0.349822427809652,0.2003334928255666,0.24867602983036627,0.2555733896047843,0.12423006597689966,0.13514864278074862,0.22197138652247572,0.29610660259570226,0.5816920928891834,0.11413646463985151,0.22644949297071854,0.21416381001642099,0.223561995568747,0.2184301141911471,0.2283144310651595,0.14499716601191834,0.2605948116407622,0.16159312652885754,0.17968117528845545,0.31710629247194494,0.17927288525229607,0.30097234128632255,0.22014689128970374,0.21085866917976745,-0.04492230365179612,0.3469608025768591,0.15895064978125328,0.07817472061971817,0.22510896817547194,0.12223479109378681,0.3378414432494244,0.18986923395510924,0.21428894101444404,0.10640119931329814,0.15676767133158218,0.16599664169383754,0.125569560215403,0.2566113455020115,0.17061232885949348,0.1753730721793414,0.0011738095616359054,0.23410227423234423,0.33005195205879123,0.4523639841879816,0.050614421711329495,0.15169344210684904,-0.046974296799491166,-0.04009511795499355,-0.27610643676893015,0.24924795947895748,0.044060103101535936,-0.11706618112670725,0.05202852421384752,-0.07990342497202824,0.12978462631405674,-0.16056136222658862
0.05859939413878578,0.028724458123683076,0.12506781942055686,0.24486921549976728,0.13529066451390462,0.17494264297817008,0.12761355780085273,0.21157840627028415,0.0562277583465415,0.1685160934166443,0.1828537970587042,0.11413646463985151,0.3306109916685186,0.11379512212914525,0.08925257520896514,0.12166945376659526,0.14992935773355753,0.13181613544083023,0.11914096796780922,0.1931136804854986,0.13651585513887698,0.27652422849405506,0.14261603209541107,0.12995613298003678,0.13633367842444982,0.2088690330042955,0.14547844172848334,0.08358470854206765,0.21125169547227615,0.11016544175719281,0.07429577514515762,0.16107803973143134,0.11054050433630455,0.1974887535638342,0.13476537003744748,0.1818392005358243,0.0653765247765032,0.11118840092941318,0.23676032935272104,0.0898624313803168,0.172792083433438,0.1304116696622859,0.11165467853778738,0.035169822322909085,0.12433335595531322,0.24061078592270319,0.23800455901077483,-0.0071565767417560485,0.21024760164608808,0.09251410180883633,-0.032375435492067825,-0.08811983237740272,0.028889111345677235,-0.045007039811010646,-0.01576119559335829,-0.00886287148452781,-0.041994990495515735,0.06626638354668807,-0.06449976503316605
0.07352647104503424,-0.077132437283154,-0.00024601539087470346,0.5437579508467492,0.14049696232877126,0.2530268911462949,0.14510434043150688,0.28364127165533265,0.1358699500409805,0.15724323915337202,0.18520124098217913,0.22644949297071854,0.11379512212914525,0.6402020361685016,0.21302177863188124,0.27691734544754393,0.2541880660263949,0.12949449953091904,0.13970995720678364,0.22159430983965162,0.13913318415418535,0.16799092664833595,0.28318755653451033,0.1825342666071552,0.2595547649990711,0.23721171968295082,0.14708015966978377,0.13992256096122951,0.2592114948827962,0.2220657435964452,0.11804303887690125,0.17685411597046186,0.10092117687413536,0.23298755463970003,0.2430328505383077,0.09809345633356412,0.14315740845349798,0.12428507450283624,0.13367856591009158,0.14408587453021743,0.22796348685489787,0.15853853401537715,0.21427220795503116,0.03400544740063354,0.16576514199598927,0.25925806603934076,0.4107232022824432,0.06089672236145909,0.33891518495450457,-0.0484295555784365,-0.059454242083481615,-0.16375299674040386,0.1747257245556871,0.039721707892502546,-0.033824143980295734,0.04567619596750577,-0.08333599530119376,0.115640572868959,-0.007819061782330551
0.08608978567117992,0.06357195182481004,0.14703936954842622,0.2522283159208404,0.20890148199737565,0.15798961712347173,0.12507771194669096,0.12460649020701153,0.1381981282044708,0.19481551785467233,0.2464358537754252,0.21416381001642099,0.08925257520896514,0.21302177863188124,0.7184385710371001,0.12591399479648233,0.17240545952840292,0.17768762873311808,0.12932882709177512,0.16723050656211785,0.159185307280603,-0.04458675263607567,0.2167999139740595,0.14106711748136275,0.2813738366546083,0.2430662309882004,0.12484623543674828,0.2808992631525957,0.24422563288981464,0.13762323719665875,0.11034850303476831,0.09221179007149542,0.19986982351738936,0.2865603880348519,0.19093364632543697,0.10475416330268023,0.12162084321069197,0.06780900221297614,0.23402755972763914,0.07073932634842764,0.2255352168780156,0.15231336920978875,0.18803171967049834,0.0006113823541311524,0.337769826517611,0.223265031991136,0.344194454489265,0.10421131581276369,0.00044301419460646515,0.13218413402022172,-0.04726409584024787,-0.10311350670527347,-0.052763912179711166,0.03246290291849565,-0.03065908016600466,0.14649522262743395,-0.15100487744027544,0.13121334483936062,-0.1601217161668932
0.09907615645642182,0.0737451896200499,0.1680946038058158,0.3747660182374529,0.19034946500451264,0.21741177316586802,0.1999970519993559,0.25163100933817384,0.11352328245697779,0.1667781531959531,0.19348634458755368,0.223561995568747,0.12166945376659526,0.27691734544754393,0.12591399479648233,0.5670716782282282,0.20241614494650767,0.16791477696624804,0.1514169802842165,0.1711405924916832,0.12386947049291701,0.15967592436495784,0.20543491329555397,0.17386748277538194,0.27159444137617933,0.16736126217096328,0.18451398944855596,0.07938077977579304,0.25021465985702274,0.16123571817160515,0.05799708982432693,0.209670585367916,0.09695341225398688,0.28555575412627915,0.1854979833222996,0.145865730574477,0.12438162824719218,0.0958809693670272,0.21259571357225493,0.0941554680642033,0.18864416858019145,0.15106784525767541,0.1722122806984647,0.058716051576534825,0.1322241816160564,0.23840838614875834,0.32891058870447154,0.034637708465171446,0.14612428652833823,0.0024781257005652424,-0.034341958104082124,-0.15342342754859198,0.19488099623563637,-0.02426583263618215,-0.03000986974219032,0.02878821929456782,-0.06851054489321158,0.10214528941999292,-0.07337103359355641
0.07130245914230669,0.16002180857598977,0.2627673934537275,0.2714393503693573,0.05012636360487396,0.2910449717896301,0.1554936388753495,0.35675489319174214,0.11321255025670153,0.2694204549405792,0.3101214305311597,0.2184301141911471,0.14992935773355753,0.2541880660263949,0.17240545952840292,0.20241614494650767,1.0743203654717726,0.1430062849693802,0.12585995191020108,0.2579138905917366,0.13199919658221324,0.21092564412294898,0.29729611772403486,0.23081605557616935,0.2557595510043811,0.13551799290071112,0.17403235777198614,0.2597533085942944,0.3522853047783374,0.13334231584192607,0.12326825572616688,0.16851855304441857,0.39865962068894073,0.2590707563062445,0.00893986802576171,0.15816981142991987,0.32799727796643896,0.17784030389963,0.024219429132714264,0.02181038928428789,0.20841765897352468,0.15005618158250697,0.19054778794526755,0.008195522736046531,0.028158343936440164,0.3453125771954476,0.6917792889677367,0.04910622588401758,-0.0043031475309561655,-0.10032312040102785,-0.061898494853032116,-0.1880660968288481,0.3591566275730969,-0.07660089586064431,0.0816770561295761,-0.028750535220350835,-0.043546775862756536,0.038092965086131136,0.037226466618532114
0.1383626833581116,0.4240437372636781,0.2081422987319403,0.09869864940553355,0.08363601233295959,0.15118533173711743,0.15785384550898496,0.19580066491560033,0.14685479585014174,0.35671373059539224,0.20320550124850256,0.2283144310651595,0.13181613544083023,0.12949449953091904,0.17768762873311808,0.16791477696624804,0.1430062849693802,0.8980246503257253,0.05560103425646295,0.036867328213663425,0.2090451793171708,0.2540482880575659,0.5412336214282703,0.20620314426298306,0.25569231298984196,0.44704022343594224,0.059458258564260895,0.19616339296086066,0.29173511897633825,0.08151741648059331,0.15919135694270334,0.18108800318838555,0.11078079262743787,0.3664788567304582,0.24798796101313084,0.21845610417787492,0.20031095340128915,0.050137056841866805,0.30948315264581583,0.15061613698295168,0.305641533315238,0.19548414171780162,0.167161148943088,0.009162818053445635,0.28305209627834305,0.36819503041736373,0.48075995939309285,0.01840446764998594,0.13028066610170927,0.019266031786440308,0.03110672070818333,-0.25715513988803157,0.2285789307570312,-0.03276986832951429,-0.1888256616461619,0.022826331931075083,-0.028620195732682242,0.2231429001296984,-0.14486868584964563
0.08148337941102989,0.04810223898952726,0.13889369677755065,0.27986196903169924,0.4743429620408823,0.3127015206534577,0.12271934732158961,0.26546367182755115,-0.07222281480084822,0.06436903800550596,0.13307691561757093,0.14499716601191834,0.11914096796780922,0.13970995720678364,0.12932882709177512,0.1514169802842165,0.12585995191020108,0.05560103425646295,0.6136346508072119,0.2030778803170275,0.08510286346393293,0.11404083046575103,0.08498477729868678,0.06107738127996096,0.10368375613053714,0.12471925150286071,0.10047694232801942,0.09887309932839597,0.23548637551664775,-0.06726498044561614,0.02649833128422313,0.1223195172947183,-0.0438743080557167,0.2889861002681372,-0.0019223376125185917,0.1275367824806402,-0.01858201513907497,0.11837220693102901,0.21305169927940848,0.106067126287129,0.07691615612667617,0.06518607788691973,0.0726014765817908,0.025531393677556257,0.1637279175054312,0.13523562085052554,0.1098422819666321,-0.00650186373429623,-0.02104711037523318,0.09261518914932451,0.19719336715473482,0.5922839660604997,-0.6464992132064574,-0.08480193485793776,-0.03346152857378682,-0.06549429282232289,-0.006833133671492923,0.06626060083398061,0.029274765567539395
-0.010670484858879576,-0.14427751275818435,0.18492672479159783,0.43780991962578036,0.04031103407062464,0.35567628132766393,0.1761918639250566,0.3971677357394964,0.16919587250351278,0.4807708250372717,0.27067663926260843,0.2605948116407622,0.1931136804854986,0.22159430983965162,0.16723050656211785,0.1711405924916832,0.2579138905917366,0.036867328213663425,0.2030778803170275,2.5149483599668545,0.3192632514690021,0.28012384221963715,0.21616423604471455,0.3029616198701041,0.3023609849496624,0.5790027469220823,0.5144616780633028,0.1321892484772347,0.5306356641735589,0.23995589201559486,0.4005094430743575,0.34206941581740724,0.18883197941555221,0.6563620697184227,0.2548987557691716,0.2618973204457054,0.7206071000920886,1.0873974047100454,0.4490023785358611,0.521220114673214,0.80170575432732,0.4379423524951211,0.6005902818207705,-0.18264758732879494,0.814473807477583,0.685468091034805,1.0513171044167287,0.24122908269749227,0.9892018435867418,0.06380572412313538,-0.19563747032263917,0.11843789749808091,0.2314949976614596,-0.05618930957089608,0.03576751319782808,-0.02963816250491325,0.0896798520868276,0.06823264754860048,-0.19571228072951394
0.05233910340777202,0.06164025942860578,0.13997936136644695,0.24546495116911562,0.05924603616533829,0.17012336563095254,0.1318895437196393,0.2041434345579449,0.12654432201969942,0.24862253556517266,0.1741110003342293,0.16159312652885754,0.13651585513887698,0.13913318415418535,0.159185307280603,0.12386947049291701,0.13199919658221324,0.2090451793171708,0.08510286346393293,0.3192632514690021,0.5263257500185133,0.2681046420719315,0.232340648399977,0.1892537658922821,0.17824469321229722,0.2820952819256164,0.15459015822528954,0.27538548048193967,0.17441928615404145,0.34541227261282703,0.3688806937655508,0.20759878532175274,0.26445396247495556,0.23458227352403943,0.320776369370277,0.2871023417109958,0.2605011795319952,0.2205321441025491,0.33393807001323417,0.2057939982322365,0.49440805433776835,0.39913133296375763,0.20377005766250758,0.05436519457195046,0.6764369997385258,0.4464879809177405,0.6471947561071417,0.09442205504804534,0.08115050556057296,0.09084190319588004,0.040850576686984996,-0.21586865602147587,0.044537933492818566,-0.019826039621414646,-0.09261800581646071,0.022924523163724463,-0.1440290351137157,0.12564708245780426,-0.03743577314392795
0.05046119372858846,-0.007166216120373425,0.15695979395853019,0.32385656605348107,0.09390198972007507,0.27775937952048446,0.18412526742370816,0.32996621112849794,0.07479536307499758,0.23309220307510284,0.20762506238705458,0.17968117528845545,0.27652422849405506,0.16799092664833595,-0.04458675263607567,0.15967592436495784,0.21092564412294898,0.2540482880575659,0.11404083046575103,0.28012384221963715,0.2681046420719315,1.2666407299145241,0.8896206524198692,0.2444765237285236,0.3005125836970821,0.24680569295346186,0.1958769429473375,-0.014736675446030472,0.37686104776207546,0.29646115769895115,0.18270083968828515,0.31190178682375597,0.20383057882386932,0.382872068418221,0.2744230982272455,0.4133073094725901,0.0534931206341845,0.21504492348197182,0.4309671202823054,0.1796137600579805,0.3448356515411263,0.25482086443928503,0.14313939741761503,0.14845546830023224,-0.02112776680490131,0.5938063292940322,0.5651751072422049,-0.22059832203685792,0.7321118319764129,0.1119301901074769,-0.04348226055786299,-0.3896472128343483,0.35127585136173667,-0.11880015954095739,-0.05083402906323822,-0.04916466133088649,-0.09704577637927644,0.056437950391015665,0.02339417488516042
0.006204591730953833,-0.1358243942726039,0.1320580130902979,0.4339876832380136,0.2075053462023112,0.3149367312877863,0.1675690991846535,0.3470484690131564,0.12361421582279404,0.3788703292071876,0.2922866453239627,0.31710629247194494,0.14261603209541107,0.28318755653451033,0.2167999139740595,0.20543491329555397,0.29729611772403486,0.5412336214282703,0.08498477729868678,0.21616423604471455,0.232340648399977,0.8896206524198692,2.7209105216808536,0.3380632584256319,0.7213478309217755,0.12986311633548356,0.18562644573485107,-0.12982157908979888,0.9081463007412697,0.2769355189397203,0.24145458964173316,0.16481669906694596,0.33466833719674655,0.9957169099558163,0.348654102848369,0.4973617327957835,0.08523832649079476,0.12498305578331538,0.5994104458303114,0.22672115044751992,0.42463737283728487,0.2460687729397236,0.1278569734775398,0.08118187308254725,-0.36696579767509596,0.7076401218025218,1.1987442342661232,-0.11717524642736554,0.2861712150861099,0.14496506116184996,-0.17205056102938798,-0.8007102210220145,0.7460066447064658,-0.10064276865786635,0.012575966776315124,-0.04365497971958108,-0.2449007723788373,0.010338398534505093,0.19174170848630484
0.03763187032189641,-0.015627343834022395,0.07025331671392226,0.2845734911506313,0.08535103117278013,0.16103415146043235,0.11286766241154575,0.17955152657130025,0.13845167189308896,0.2473068753771743,0.18598005080078645,0.17927288525229607,0.12995613298003678,0.1825342666071552,0.14106711748136275,0.17386748277538194,0.23081605557616935,0.20620314426298306,0.06107738127996096,0.3029616198701041,0.1892537658922821,0.2444765237285236,0.3380632584256319,0.6867093230119485,0.3057896521269258,0.0860982629093502,0.15985098265034056,0.28340260952709223,0.24893391619924302,0.41922023379898793,0.06374990751079833,0.2646657948162189,0.4483978637780259,0.2976095096694922,0.3101089153802826,0.14883102457574274,0.31975187353013707,0.18342783831672899,0.24718193745170677,0.11734269441742533,0.31848321631019816,0.20701570969980393,0.2490146646506891,0.08058054134123747,0.15104525204078678,0.4376844501077895,0.5515227080193358,0.11206229865157898,0.3521187258088963,0.013802682507132092,-0.08182395344117366,-0.23330209831648438,0.2801001147666739,-0.062212171748637884,0.06887656453289788,-0.08260570428821,0.028635612993006366,-0.1313850205050528,0.15064980397453978
0.053428788953595235,0.03195151571651358,0.15452997800465332,0.4085805515361677,0.12305608152785961,0.2689953203755513,0.1816658523437698,0.3268824358263189,0.12515549260191489,0.27427213601664907,0.26137738472656813,0.30097234128632255,0.13633367842444982,0.2595547649990711,0.2813738366546083,0.27159444137617933,0.2557595510043811,0.25569231298984196,0.10368375613053714,0.3023609849496624,0.17824469321229722,0.3005125836970821,0.7213478309217755,0.3057896521269258,1.0668341468858606,0.18735399925689522,0.20053136127455298,-0.08049209795187831,0.659824291812124,0.3418591807741306,-0.1495784260500399,0.15269989254745892,0.251253495052808,0.6891601100394373,0.3671915449767389,0.2013647340180938,0.17803197440114654,0.1634354843441458,0.46883600263123426,0.1352098597570264,0.26945522580786707,0.19506822064631224,0.31857673687259885,0.10062372251775611,0.17437868710759535,0.5012974664535909,0.5928612470473088,0.0568647964647844,0.22477190626440993,0.10331267075867737,-0.052863430070443,-0.3747824779175034,0.2739502241992187,-0.03854853388508344,-0.020903210472365444,0.0801952378138722,-0.12335463809764995,0.07437216315048274,-0.09584193872462468
0.02925638758299359,-0.09026485633188934,0.2939415327606329,0.3976617028557422,0.13313049062204893,0.28215533389042924,0.17934049874777347,0.3258735294338568,0.20896618022667202,0.27999292981515345,0.24231907430044297,0.22014689128970374,0.2088690330042955,0.23721171968295082,0.2430662309882004,0.16736126217096328,0.13551799290071112,0.44704022343594224,0.12471925150286071,0.5790027469220823,0.2820952819256164,0.24680569295346186,0.12986311633548356,0.0860982629093502,0.18735399925689522,1.7441300783327507,0.23362654046251294,0.5137715092880162,0.2662739993426548,-0.31452362640900294,0.2566048780403204,0.2991541476794274,0.21046615286026765,0.4871830156955735,0.45795041930997704,0.11301982679351548,-0.2574293465408958,0.2569224502546518,0.5328514569916079,0.34265586474950144,0.35390821887545226,0.3059045568402269,0.4584545396616729,-0.13573634826339184,1.027567937028296,0.257047903983024,0.37733973656475456,0.1152586594354057,0.712847629745613,0.11797941318667138,-0.17947214735192832,-0.14145715900864567,-0.00414763726081804,-0.016453650429842065,-0.03999012961781414,0.1204881743085462,-0.2014520386745189,0.165978821905817,-0.16876057999261335
0.06804693052782924,0.08536441710367554,0.14440875995651434,0.2569223654488373,0.07214486668743103,0.2017602642301821,0.15064007974323373,0.21543565268739853,0.10809677517529184,0.21498260080937812,0.1960721740983109,0.21085866917976745,0.14547844172848334,0.14708015966978377,0.12484623543674828,0.18451398944855596,0.17403235777198614,0.059458258564260895,0.10047694232801942,0.5144616780633028,0.15459015822528954,0.1958769429473375,0.18562644573485107,0.15985098265034056,0.20053136127455298,0.23362654046251294,0.44775053273222537,0.1363454743399913,0.22046329447438945,0.15405176434057274,0.1854947466178855,0.27337605988680225,0.12103660780877222,0.27396395848495614,0.1493044318936251,0.26305180280698925,0.17454044383610753,0.25769095030439537,0.2284129223356163,0.17367144073039573,0.30942309318766553,0.17945857753678085,0.2713741662804177,-0.0324199820981958,0.340487841318475,0.30634055519051634,0.37605985464662056,0.0549169179884399,0.26551803055375267,0.016903001670623433,-0.05455617192179919,-0.08015435692627393,0.1514069524170148,-0.033786885259210656,-0.022823297423686727,0.030943927010593595,0.07864842951151634,0.06663966852734933,-0.19978196164181128
0.003487928245934927,0.2081378174001058,0.22582534297905146,0.027747969711577183,-0.054860596792778764,0.017884537011710742,-0.008369486917492197,-0.036631846779927715,0.1934333401826444,0.23323474688690898,0.10567343998246065,-0.04492230365179612,0.08358470854206765,0.13992256096122951,0.2808992631525957,0.07938077977579304,0.2597533085942944,0.19616339296086066,0.09887309932839597,0.1321892484772347,0.27538548048193967,-0.014736675446030472,-0.12982157908979888,0.28340260952709223,-0.08049209795187831,0.5137715092880162,0.1363454743399913,3.632114032383784,-0.5632900509053905,0.12634409665106452,0.47498718671691326,0.19135190063497567,0.6551982144543653,0.23597278702893945,0.2543790193150722,0.011420741830595707,0.39209383662754144,0.08792661268606848,0.36941350179627097,0.0800745014759154,0.7701327240301056,0.29335648073438125,0.26420309673540165,0.06501802311593671,0.7643207602003468,0.21173947360622938,0.27118977927448934,0.2490500413679696,0.22497252155654332,-0.25609515787486203,-0.06763038554580884,0.8211177538955426,-0.3497965322020405,-0.1160848523306721,0.006551220590024972,0.06033538340617683,-0.09925613179074842,0.002943488166400677,0.07911057209037774
0.05823149791876542,0.14109269857954357,0.17489487650950206,0.4503724217436145,0.23231240213492946,0.43785352079312134,0.194850269139807,0.4139817619307323,0.06197911539501484,0.3776103102077849,0.32001802383004924,0.3469608025768591,0.21125169547227615,0.2592114948827962,0.24422563288981464,0.25021465985702274,0.3522853047783374,0.29173511897633825,0.23548637551664775,0.5306356641735589,0.17441928615404145,0.37686104776207546,0.9081463007412697,0.24893391619924302,0.659824291812124,0.2662739993426548,0.22046329447438945,-0.5632900509053905,2.701681777196189,0.2914414142408562,-0.5486525191870161,0.2925769081137955,0.05527333816872041,1.1682262044277623,-0.02917694441644557,0.8332545893373156,-0.9266993975327137,0.18128189762108166,0.42552570702680653,0.23947462718217224,0.34326105823884534,0.10020213128916435,0.0018719080320955838,-0.21549815940603126,-0.11781723641382433,0.6532061863027732,0.638535890781516,-0.08882179312319835,0.45873142059638405,0.04697542682327372,-0.08713362184094109,-0.399610514133885,0.08998159800619561,0.13106991134495383,-0.12617745590687812,-0.026366671536560558,-0.09819063415861827,0.11717068820361058,-0.04050550182446807
0.006789993046942006,0.10318517946394033,-0.5180081643197774,0.3359525891815231,-0.1545468464730134,0.13461401924423494,0.09921875480990529,0.18303956769589183,0.14621831846731886,0.19830040808072183,0.17133634880561024,0.15895064978125328,0.11016544175719281,0.2220657435964452,0.13762323719665875,0.16123571817160515,0.13334231584192607,0.08151741648059331,-0.06726498044561614,0.23995589201559486,0.34541227261282703,0.29646115769895115,0.2769355189397203,0.41922023379898793,0.3418591807741306,-0.31452362640900294,0.15405176434057274,0.12634409665106452,0.2914414142408562,2.3777652961489393,0.08457515401605957,0.26313511707683823,0.0590135428749794,-0.4598496423137788,0.9110276084703426,0.4404372171642938,0.29522363552794784,0.16074466455287417,-0.059858106657588915,0.23433258698337492,0.824782297348694,0.3725228268796574,0.7295929806675001,0.4157023047313166,0.6879639970917164,1.0429461995633396,0.48872543705715826,0.09095896090075305,0.15437587994060667,-0.3218380424705096,0.11936612556672074,-0.5074264290461766,0.2555853154024387,0.2933412596190312,0.03145947071272715,-0.22109746172654426,-0.025278350365115932,0.14026987858186732,0.09413825124025602
0.115791378883284,-0.011083374011366989,0.19080468854243515,0.1169519014250857,-0.019963861117392335,0.08257921033749313,0.07688640082281817,0.11821159361462816,0.16553183027720042,0.21149430186477536,0.1555686081146759,0.07817472061971817,0.07429577514515762,0.11804303887690125,0.11034850303476831,0.05799708982432693,0.12326825572616688,0.15919135694270334,0.02649833128422313,0.4005094430743575,0.3688806937655508,0.18270083968828515,0.24145458964173316,0.06374990751079833,-0.1495784260500399,0.2566048780403204,0.1854947466178855,0.47498718671691326,-0.5486525191870161,0.08457515401605957,2.235227774541362,0.45124921587119554,0.2476124406086593,-0.17862801387819452,0.17657156924875203,0.3761604292744843,0.9119086382962281,0.3154087297495593,0.25416476073443606,0.11716842466690792,0.47292294576775773,0.39025009345228684,-0.10412111771533683,0.08295736724658132,0.37577725950986984,0.4687963129966538,0.9613297338839158,0.06176067080457396,-0.6059947870807172,0.3832046131816081,-0.11568142976118415,0.14538309149549392,-0.21621621418768963,-0.18881906493396708,0.0022890220231997545,0.2074454569821151,0.4518374072887427,-0.14279882075422992,-0.4813367418735401
0.10579495986397573,0.04109410030192696,0.08472865448536819,0.2957451856276113,0.14047068656493653,0.23990243358789892,0.14408314637103406,0.20515912990722793,0.11410335360966138,0.23151210509954964,0.20970946742613772,0.22510896817547194,0.16107803973143134,0.17685411597046186,0.09221179007149542,0.209670585367916,0.16851855304441857,0.18108800318838555,0.1223195172947183,0.34206941581740724,0.20759878532175274,0.31190178682375597,0.16481669906694596,0.2646657948162189,0.15269989254745892,0.2991541476794274,0.27337605988680225,0.19135190063497567,0.2925769081137955,0.26313511707683823,0.45124921587119554,0.8905067939221678,-0.010884579059896555,0.19669135942246316,0.2191501674815389,0.3924463907954885,0.10121738198799728,0.21882300396595444,0.27542238494578225,0.1931075958909494,0.3932383544400785,0.23471657613986868,0.027114408697785083,-0.004506542313647444,0.22745361878280068,0.4785993471681838,0.5398204616281626,-0.01280025113214237,0.15936088142448993,0.02772649403977135,-0.03219330136914361,-0.2708720847834007,0.24503464026274965,-0.05740826295013824,-0.07709152845696841,0.027302483573445592,0.5278567922592782,-0.17325768816900838,-0.36390840942692887
0.03478726500827369,-0.020298021201129703,0.3179282505127478,0.09222744756429467,0.022504644734954716,-0.007903800524498432,0.10581072621675976,0.11295585983612205,0.2454472361722803,0.25250887335020045,0.18444823002137709,0.12223479109378681,0.11054050433630455,0.10092117687413536,0.19986982351738936,0.09695341225398688,0.39865962068894073,0.11078079262743787,-0.0438743080557167,0.18883197941555221,0.26445396247495556,0.20383057882386932,0.33466833719674655,0.4483978637780259,0.251253495052808,0.21046615286026765,0.12103660780877222,0.6551982144543653,0.05527333816872041,0.0590135428749794,0.2476124406086593,-0.010884579059896555,2.047005207882106,0.13526258449245226,-0.24014124269690607,-0.23184831416728152,0.40271694111412815,0.1585580662544652,0.15438007641088325,-0.11628817842489546,0.01030650748918894,0.22103395139199689,0.40256022021144566,0.09809468689226677,0.15495350561365157,0.37774105042540657,0.9743949562147725,0.3238384559092092,0.32948322636099225,0.11888947027052427,-0.18488847995326368,-0.13852001319869633,0.28834426097304017,-0.24346542594221426,0.061180423604996155,0.1537763469400609,-0.3555129647397887,0.001106706893449095,0.2525598948106974
-0.07219258188024945,-0.10920294436306553,0.4750006183336009,0.5077065105515134,0.29427519991933315,0.2972066623344573,0.20299161758556844,0.3453685280585006,0.07221360411146531,0.5850180745835523,0.26673615872243217,0.3378414432494244,0.1974887535638342,0.23298755463970003,0.2865603880348519,0.28555575412627915,0.2590707563062445,0.3664788567304582,0.2889861002681372,0.6563620697184227,0.23458227352403943,0.382872068418221,0.9957169099558163,0.2976095096694922,0.6891601100394373,0.4871830156955735,0.27396395848495614,0.23597278702893945,1.1682262044277623,-0.4598496423137788,-0.17862801387819452,0.19669135942246316,0.13526258449245226,2.8882813917324657,0.37930308321722866,0.31807551558322433,-0.42167211671112387,0.2499342491549943,0.8893448915835803,0.14885215890616502,0.6271767848416431,0.22351637145672026,0.5024301173883525,0.13228801880626867,0.16495706016393627,0.340961030892778,0.88191551699541,0.1212499124748837,0.5217720698854575,-0.22154994160546052,-0.040007223605456776,0.16868055485262834,0.31794237606506925,-0.07216030713192674,-0.06623786184561906,0.09151845393419784,-0.29825738325042694,0.09903091640068781,-0.0406807656333727
