0.6341864728130183,0.1890371386929341,0.4157069912281002,0.015387569977678529,0.10822284529230602,0.04833410589635113,0.15005675957836243,0.07130619471682603,0.0818058719382516,0.056256272437918045,0.0828567835841845,0.0981325081034983,0.05636138831744055,0.09484639187812016,0.08104074421787244,0.09389392651397206,0.07372109063233573,0.1000721077546194,0.06269408057165902,-0.0031043976582948835,0.0777900660967315,0.08767272262110051,0.04380030748131805,0.04194157719302877,0.09666128436280629,0.03637387516974837,0.12746123531896286,0.044426347644278795,0.08480927464575527,0.019190835685570937,0.09741212052307739,0.07620718548360986,0.049636226371775075,0.0896692130570244,0.05274040075030533,0.15603526381220703,0.0975169252668065,0.07862994439324218,0.010187493388363661,-0.12549882143940852,-0.008524989173050324,0.06546916736346792,0.05038596059326181,0.00714044710638016,0.10976664401923168,0.137336880354319,0.0752568917693322,-0.003172228177083147,-0.018629394258954306,-0.035860057152963774,-0.02365283370120601,0.015263786155091297,0.06674367818799293,-0.03443303579939759,0.09191607634550944,0.014038056442728862,-0.009574825050771693,0.26101851790394043,-0.37157348267878765
0.1890371386929341,1.7547973698498993,1.2103746990798652,-0.04354388784905502,-0.11150371044890162,0.3141867280639828,-0.04994962938985549,0.26468922646469445,0.08737132883622091,0.09102734790835705,0.1230785621369615,0.11980410545286689,0.1186642018751887,0.07368197198085573,0.09828542591592593,0.1267089008900429,0.08753551151483259,0.492193076551687,0.16338014438597656,0.29764153605586746,0.2446570872965403,0.11882415688395771,0.19627079646254786,0.054900831604772285,0.21716518802463863,0.20744152064408167,0.2217419185281462,0.2040974755621472,0.22712089430652782,-0.058935475954606034,0.2876286916375068,0.06224351547388908,-0.005150660648953652,0.3272521420116951,0.2137755880517053,0.42543180145383214,0.5901180597268871,0.20584442124242716,0.10678000063481798,-0.2673583179378588,0.08817642479856676,0.1839965572881739,0.059421444740262855,0.008472652428769809,0.3931166239295769,0.3979637919137939,0.11260617357963043,0.007524529082948308,-0.5085399090300835,-0.12293174766692981,0.22758490372113896,0.15509559548337323,-0.1442201640540329,-0.2194723443939559,-0.2018539187594847,-0.1382611291026808,-0.32458124836231517,0.21433678919780563,0.33109478308117135
0.4157069912281002,1.2103746990798652,2.969608689899479,-0.09249970720912383,-0.2971720917553533,0.2535890116473831,-0.057729492204782074,0.22018388405496078,0.11483067742948869,0.033057192745661754,0.10489157201599136,0.10923265667963464,0.09225020666377085,0.06373928554051643,0.06873133566734418,0.09590646587142788,0.09868367256828488,0.30283481306103627,0.10224897132463935,-0.06358734753871283,0.13918460522751364,0.11843959629550989,0.10834954093647131,0.09665460488151477,0.18810732431227165,0.023435676155033402,0.28936695767750603,0.23502172499010499,0.016713310113207862,-0.4510611644554606,0.2698548032498626,0.11109880532390366,0.11282892247085155,0.41752904135556324,0.10686002934984903,0.5367626433140745,0.5803171423466454,0.26788982023612656,-0.24220826779799934,-1.0708731592321856,-0.15492861841056524,0.07032993819242814,-0.11495596508609897,-0.01399349230743877,0.3620471798515075,0.6259800533653216,-0.005465926239230482,-0.05122336958132862,-0.973935613126773,-0.1305022999592844,0.0981010512417503,0.5476490308158231,-0.1473825886322284,-0.3582424673341395,0.006323437625893548,0.011222570495550694,0.05937099968464327,-0.3465847083974589,0.13477516629740952
0.015387569977678529,-0.04354388784905502,-0.09249970720912383,0.8713272327929819,0.48313406407428305,0.24513875396963186,0.32427138357688384,0.21169255240766974,0.12459203881902364,0.2201141974806674,0.22889142043082572,0.28358755731192076,0.17355743739793145,0.19596499548830418,0.25015682817373613,0.2543166375456462,0.20255553386547123,0.13663183669534973,0.2671407718835711,0.10661336431403023,0.1458936273522126,0.18607167593171034,0.12299138796187889,0.135308233760666,0.2040661048358372,0.17953623621419643,0.20605273904911792,0.01395034149333541,0.15324317340550406,0.0932610677148026,0.1618289308118237,0.18465452981797534,0.1818926204194638,0.09836462941268008,-0.10303898890950157,0.20294586243645762,0.10812909909813641,0.1758050176677465,0.18477694530024835,0.18263379054365983,0.12319685996032222,0.16024117107480693,0.18170563807876075,0.046990370849420794,0.058607509209642875,0.012579127222054617,0.15117686923022483,0.03550518069688332,0.21429711390479256,0.33181353690715104,-0.19737658317662427,0.06301517581421098,0.05149935083628892,0.05742797763709585,0.022237926557083808,0.03398096294783504,-0.12366757980302047,0.1766108869976867,-0.09748963672974024
0.10822284529230602,-0.11150371044890162,-0.2971720917553533,0.48313406407428305,1.3946143786777272,0.12174729676266673,0.25444576220765547,0.17989738940352618,-0.01233444678365661,0.16207411582282777,0.19180887079663478,0.2951304358664185,0.19382545809962606,0.1655660323464311,0.3399323443078979,0.3268096293668842,0.11126552707313851,0.04035017633067149,0.531214538242283,0.03656656524339162,0.08545887579106373,0.14627380460291228,0.050289636676700375,0.1154797973599494,0.20493572145124025,0.11281136951317366,0.16283630168249658,-0.06578551424451601,0.10935745517084884,0.0882075111057726,0.13963143860989213,0.13965153676903996,0.23070803648501545,0.012881607344799775,-0.18951479689656342,0.16859450525146483,0.07648282063332543,0.1731788405573318,0.23395623584761,0.22483660618688195,0.10162300053314458,0.11654679441816196,0.14680909341616882,0.03852627230369483,0.0038252162407958635,-0.07879765470519402,0.03902811381829095,0.04484266614790718,0.15700722688313015,0.5313684091627581,-0.35088983733712176,-0.08935406015107725,0.2090886568397858,0.13275113737756758,0.006195960388190602,-0.06053087921160596,-0.1822042534091326,0.19186841771660076,0.09183775315709464
0.04833410589635113,0.3141867280639828,0.2535890116473831,0.24513875396963186,0.12174729676266673,1.0581065281572921,-0.12431167761809062,0.3876639965737214,0.22667562866465998,0.23038843753769853,0.255051193315182,0.253760298565228,0.18104958871075627,0.2370748917837533,0.2438662228834951,0.15962988897092203,0.27420735393976864,0.17809725141220806,0.48365008243909097,0.44974260809804073,0.268943050153895,0.20110073749244917,0.07759804801121511,0.18387228517201984,0.24627703873442255,0.31864176518533055,0.22627792536135685,0.08763234163274124,0.2705460851264698,0.04243503103128298,0.254950562764645,0.23964753082909598,0.09748658615702925,0.3142498479729055,0.08477847052743771,0.15038039293605626,0.43857106995139844,0.4103406776031932,0.41989878260385216,0.10010771949859128,0.16735277294716308,0.25257688356165076,0.22256779845249716,0.04312413997419552,0.3157612847136708,0.1362067505855976,0.42792236202218986,0.04746708619849395,0.14025763688791063,0.4782420949475218,-0.39160488965463597,0.13391824410870407,-0.03499122247446265,-0.016066995068641347,-0.0315449676894812,-0.07593646149180563,-0.036564918467949736,0.18112490365847767,-0.07857122900260481
0.15005675957836243,-0.04994962938985549,-0.057729492204782074,0.32427138357688384,0.25444576220765547,-0.12431167761809062,0.8443350178504985,0.0035653459146179484,0.17344878910343522,0.15521012130097303,0.25788866182619635,0.2515031225298952,0.15410755476128193,-0.039702088771106626,0.25768806275638095,0.129481685113975,0.23193724925585144,0.12077569497139616,0.02103908532650358,-0.03731679126839883,0.1433816869369913,0.1506807141194213,0.09880808300218104,0.0967207502903405,0.12218693107477963,0.07600726799162794,0.21766367889075688,0.11402110841020033,0.0344757837347533,0.19957895145347324,0.13787351457021682,0.08534128028972668,0.200099362392831,-0.036698071882715955,0.0047853028134133,0.2830769932883361,0.051466608113313175,0.04190780241319398,0.025266732729209162,0.07483951331006079,0.11125813275124098,0.13353735852029325,0.13404052465193686,0.023831568431601054,0.01497846975966916,0.035282583666301465,-0.07468526811801798,0.02117333128804479,0.12672397346501177,0.16434672839714223,-0.14052711175343993,0.17461305768840596,-0.016300655369578646,0.052225716277847584,0.0200782267709576,0.10185375716673728,-0.13774366491540735,0.23939855338903354,-0.24655215148389412
0.07130619471682603,0.26468922646469445,0.22018388405496078,0.21169255240766974,0.17989738940352618,0.3876639965737214,0.0035653459146179484,0.6922081921704457,0.07562081234126138,0.21348402301824512,0.27038324872466135,0.14686999902727574,0.18317703760742732,0.19042498127027674,0.21097753288738774,0.1450956082312269,0.24267258173327091,0.2109421859013551,0.26534334094639955,0.30335599583916,0.13585375208169745,0.11800253743577384,0.08962953318058041,0.10079295970178889,0.2483820038478761,0.2575553327978206,0.24951828603159526,0.04227120435000192,0.19098020967711798,0.09803794150930625,0.206053799735213,0.15614853851890176,0.04427827186543895,0.213677445459538,0.19323260688659083,0.16483852282607964,0.3005351659675281,0.2514235446881921,0.2971164468942832,0.0973523014365111,0.10953166950568392,0.14913444458691202,0.20436842393617302,0.025548834338403503,0.23377639675720893,0.21166735631408223,0.35416767584432257,0.03812762702658326,0.10424737062670766,0.157363747431496,-0.07727509835615107,0.07090932096436986,0.1861424905136859,-0.10547792759352098,-0.02430450860876609,-0.0944733374680528,0.024931446754262853,0.3933250879231355,-0.3010101160041357
0.0818058719382516,0.08737132883622091,0.11483067742948869,0.12459203881902364,-0.01233444678365661,0.22667562866465998,0.17344878910343522,0.07562081234126138,0.7740715086328691,0.15300730704622542,0.24343429859057203,0.17233120199815832,0.13654736533872486,0.10515380561110416,0.17094355547800247,0.02757589311508861,0.26459079758474247,0.19161480064719938,0.13657750910246153,0.16159012707496992,0.21713620742355066,0.36144619962061314,0.14879924102127692,0.15409869193785963,0.08028037279508383,0.2357079835655626,0.26675455454274005,0.17962975575666704,0.03696759374448563,0.16837871630697068,0.21307680100364815,0.1745080377883596,0.23455577899495092,0.10724359555768566,0.0741309489577295,0.26583164928152253,0.27139222566262533,0.2618452048612162,0.16897802409253662,0.08628866369261246,0.13446561415163827,0.19521508788421604,0.2972520247643054,0.03671706099382154,0.24372956052319156,0.16364985019107406,0.21568261144682976,0.023794339560868256,0.3727714402940752,0.1841526603199903,-0.02698819427299705,0.26804320011056165,-0.035191239839786385,-0.11307802293101372,0.02118285438045354,0.11423846679875961,-0.010628978179220615,0.27366149951603164,-0.5216999766386311
0.056256272437918045,0.09102734790835705,0.033057192745661754,0.2201141974806674,0.16207411582282777,0.23038843753769853,0.15521012130097303,0.21348402301824512,0.15300730704622542,0.7271328572218756,0.2079926784545129,0.2107203545363123,0.1859902564987806,0.17275583179660625,0.233968224491929,0.12445978644760756,0.26218813356816917,0.27698079015970134,0.1465601986942516,0.295816266019802,0.1683147109811529,0.14546590380470328,0.1532683599226411,0.16049493800537157,0.19089930711615483,0.19066660003845573,0.25170034065924385,0.1396874505572382,0.27394070494484385,0.1802593727166615,0.2522676150602821,0.16135511680935907,0.18031554989241952,0.26742623908197877,0.1671051883761709,0.271448299382306,0.3653715899774937,0.18654525338219302,0.3327716354934008,0.19683319934459978,0.2339014520433285,0.18430879226891095,0.12587765395644626,0.04151307645243908,0.07314068956993633,0.21288780699190543,0.43200539566462776,0.05448463519481669,0.24185024515065437,0.15352628154092307,-0.06913342464552348,-0.08232559724000735,0.08431714196502012,-0.08649072980928131,0.035577560694174025,0.12297220526574222,-0.02463118786747949,0.036854800467148535,-0.19539023178721485
0.0828567835841845,0.1230785621369615,0.10489157201599136,0.22889142043082572,0.19180887079663478,0.255051193315182,0.25788866182619635,0.27038324872466135,0.24343429859057203,0.2079926784545129,0.4681152031220226,0.2586035921023197,0.19114867007215738,0.09801122226206366,0.3024992640038622,0.10289900327820546,0.28138071645031537,0.15489688456028589,0.17642784241682438,0.20602369398497794,0.18257214354903745,0.1690217012322445,0.10872438377805214,0.14526491268517114,0.18416530975800718,0.17476564748655493,0.2525002154390058,0.09390187463080858,0.13429783381541338,0.1431295930892718,0.20547296925406294,0.14218426332752496,0.16577708708936023,0.14176165386349684,0.12862029484945356,0.25109341358666537,0.23842850147115863,0.19992258529032286,0.19471355374621163,0.0919026392147373,0.13322924386827484,0.17439244533065285,0.1643467698537042,0.02494147915715951,0.1383371351450719,0.16402574449714954,0.2187838492055443,0.04198912386090732,0.1401097578181287,0.1796380073970607,-0.10809945437714555,0.10413460113983511,0.15223826182775319,-0.05532585077334841,-0.024318835430474306,0.014085412383840415,-0.04377637323180733,0.2410222129506639,-0.2534254375540678
0.0981325081034983,0.11980410545286689,0.10923265667963464,0.28358755731192076,0.2951304358664185,0.253760298565228,0.2515031225298952,0.14686999902727574,0.17233120199815832,0.2107203545363123,0.2586035921023197,0.5595189183898818,0.16009701301296433,0.16892721730694474,0.21354896960609737,0.19427663607019757,0.20045009772171107,0.20467994525529712,0.22509462403041627,0.1568254326383686,0.18146002627469063,0.1752388829390816,0.13465611906154565,0.11567433423024913,0.23588974297099966,0.22769868698184015,0.2122906522445362,0.07865004274832625,0.13407634676102106,0.027486892503165408,0.20170123070410803,0.20305103016507856,0.0806822024054258,0.15269391414414726,0.06183034335039587,0.30050538020388295,0.09987097114358208,0.1736937585748709,0.2161910628616001,0.14989819371252763,0.06776105475224624,0.1799675000592655,0.12360728243697461,0.028690374596822332,0.18437698192966373,0.08326541681522366,0.16744049605999448,0.032262927536263364,0.053180124625788125,0.2004512281147128,-0.086802374321415,0.10927019811673683,-0.0557074769950763,0.02012277844532671,0.03143087474689699,0.035854528152850736,-0.12751460022865366,0.23686869402711908,-0.2436531243682348
0.05636138831744055,0.1186642018751887,0.09225020666377085,0.17355743739793145,0.19382545809962606,0.18104958871075627,0.15410755476128193,0.18317703760742732,0.13654736533872486,0.1859902564987806,0.19114867007215738,0.16009701301296433,0.3353053079066381,0.1162304254358519,0.12606384850210736,0.16290790763393684,0.17512048627914342,0.10183666715133774,0.15126411330704614,0.14955369473166713,0.11152885877763438,0.1610172485355489,0.07769047578673352,0.13343341974418868,0.13755662931317442,0.14820228309802047,0.1604289981346698,0.07731469252173767,0.20100403315291873,0.07539821450864537,0.1429662417038321,0.13568904784651878,0.10369015055488547,0.15664476558733278,0.10803751570858104,0.1929356888035859,0.16454927595048668,0.09894495984115624,0.17918794235185076,0.0594659048454327,0.08206397802519533,0.12059122340252608,0.08232477741343724,0.02629613493602687,0.018338086012614933,0.08978565654331415,0.16238506456363822,0.02196682988241883,0.19056029262663657,0.18807914204930104,-0.1212797715089445,0.060583802953696454,0.05045767254703542,-0.04963033312321354,0.03060308128488867,-0.040675265487283944,-0.09059667138573665,-0.0884783928350969,0.16773133173243887
0.09484639187812016,0.07368197198085573,0.06373928554051643,0.19596499548830418,0.1655660323464311,0.2370748917837533,-0.039702088771106626,0.19042498127027674,0.10515380561110416,0.17275583179660625,0.09801122226206366,0.16892721730694474,0.1162304254358519,0.5745204277354594,0.05490196723814261,0.28789158470435944,0.11879059315509259,0.11840953463633068,0.13997363554880296,0.2477626192335195,0.16399982123976828,0.19295349050241414,0.12779068622487433,0.15034652111673857,0.1889570337253146,0.23688361460245824,0.08099303776759531,0.01847376815317772,0.2685141735671505,0.03982376232392078,0.14097737676110725,0.2992400415264176,0.01390109899777626,0.26607936590112813,0.1308113824975125,0.13521864996505392,0.16568830875009538,0.19191694248137123,0.25843938276423994,0.12859394284993983,0.07239311799923917,0.18037194653022184,0.14509883663046583,0.041121284603697045,0.1986167111256143,0.03604734504088417,0.34648682893114213,0.026689169658973198,0.33198422311597253,0.16995374896813578,-0.06933280069898363,-0.2188132778692833,0.14009233871937496,-0.0018930293283267094,-0.04834429150580217,0.000991568168633144,0.09948247616933509,-0.041809874702315175,-0.023452583981556852
0.08104074421787244,0.09828542591592593,0.06873133566734418,0.25015682817373613,0.3399323443078979,0.2438662228834951,0.25768806275638095,0.21097753288738774,0.17094355547800247,0.233968224491929,0.3024992640038622,0.21354896960609737,0.12606384850210736,0.05490196723814261,1.1543757751612318,-0.017896848435673577,0.27988182315604604,0.028296858734436995,0.22437391812414006,0.2166476759591924,0.17646085186572058,0.05181304136466872,0.0437151979995382,0.14179151608924695,0.2655538213509272,0.06238318198107702,0.26553715135418837,0.19992724277760424,0.11323668984757501,0.2910283988632556,0.19826141813463147,0.048058956401068116,0.2670213317858365,0.08808274837046134,0.09742128135546253,0.2320011678522859,0.3964733387338071,0.19693718434233834,0.1162789204238366,0.01638384908352349,0.27073560771247834,0.163415866705719,0.18328289582756938,0.019624371825311418,0.10889573852511643,0.18503666119491316,0.19397821179440913,0.056749692132123566,0.0007872499524674051,0.2770066912604744,-0.24316980785456055,0.22732130178226098,-0.010192654646426571,-0.019374234322222305,-0.013071484141156928,0.06076726843865008,-0.20128309353173923,0.30485554121894703,-0.2002972328630513
0.09389392651397206,0.1267089008900429,0.09590646587142788,0.2543166375456462,0.3268096293668842,0.15962988897092203,0.129481685113975,0.1450956082312269,0.02757589311508861,0.12445978644760756,0.10289900327820546,0.19427663607019757,0.16290790763393684,0.28789158470435944,-0.017896848435673577,0.6677137972298731,0.10731155865354984,0.11952296761120455,0.16615541356700433,0.1321649616921832,0.13464422359854616,0.3198030358187847,0.10704459559893334,0.12810143135400648,0.20584079074583034,0.1637746364849594,0.1251595390852715,0.04444870014264778,0.29955221037500124,0.09529093981076076,0.1359913923275472,0.22462817219289966,-0.01637783627506901,0.24035324790267268,0.17967461548989103,0.1580449476466621,0.12857037456876608,0.16657049388859602,0.2441677434035733,0.12296228647896802,0.030946969743015286,0.17010049798620347,0.1721733544767316,0.0526532426919174,0.1800951375714782,-0.0031464800734355837,0.24321316122898248,-0.01841001473014706,0.284499870815346,0.17684560160650087,-0.20047357047613237,-0.037789233773380934,0.04299696760194077,0.05774832650375768,0.06434317405245273,-0.03268855903640976,-0.17696656187267362,0.13075830575207112,-0.003898304030400152
0.07372109063233573,0.08753551151483259,0.09868367256828488,0.20255553386547123,0.11126552707313851,0.27420735393976864,0.23193724925585144,0.24267258173327091,0.26459079758474247,0.26218813356816917,0.28138071645031537,0.20045009772171107,0.17512048627914342,0.11879059315509259,0.27988182315604604,0.10731155865354984,0.663304598657223,0.08952971845165895,0.1346440521249847,0.22491372741816967,0.2286345657040575,0.20174772118031525,0.07676899292366336,0.15592777455399773,0.18467976030441707,0.10571632466600746,0.25254751868468345,0.14937186285071838,0.21342579475541532,0.21820912201193518,0.19721722162419902,0.13391877628173401,0.17440802412568088,0.18970834875412798,0.14561842557541516,0.2123219679340484,0.38197691226518765,0.21192223540764718,0.1785197915655845,0.07727735195463405,0.17779030724477998,0.1992858807594818,0.19569459197756608,0.037678475783226396,0.1959863497362173,0.18182997722342623,0.38100608963254395,0.032335785469101035,0.20281965081297523,0.14780023192275132,-0.08933631920715444,-0.15230852708219525,0.025458981899000668,-0.04031822008931437,0.05806115126967083,0.005835217814894333,-0.09315465261715801,0.2415700121113844,-0.25198677406822184
0.1000721077546194,0.492193076551687,0.30283481306103627,0.13663183669534973,0.04035017633067149,0.17809725141220806,0.12077569497139616,0.2109421859013551,0.19161480064719938,0.27698079015970134,0.15489688456028589,0.20467994525529712,0.10183666715133774,0.11840953463633068,0.028296858734436995,0.11952296761120455,0.08952971845165895,1.0688620495716965,0.13429294509872902,0.09450633717315514,0.2280046791842909,0.17369581866361308,0.5567287944636975,0.018673157124509857,0.22960215222395852,0.5122181118400597,-0.029777309239820183,0.13082124373951218,0.24749962343751128,-0.09852688642490978,0.3066989940495539,0.154546183623132,-0.08062556325095356,0.20997381404770032,0.07180557189874463,0.3889275771495216,0.16840912635055122,-0.028988718274333348,0.31071516122629944,0.19013726195697636,0.048984660952056905,0.19358826111723088,0.11864489448814215,0.05198457032901598,0.2598433075495119,0.24567806045254137,0.21031014351541744,0.014795707416370435,-0.02743973325802065,-0.21239951694437853,0.49053861282389005,-0.34332297673218426,-0.3907522041672375,-0.13323343907424803,0.014994767962174355,0.05137902399341655,-0.15070995977126989,0.5184126096475333,-0.49615220427924134
0.06269408057165902,0.16338014438597656,0.10224897132463935,0.2671407718835711,0.531214538242283,0.48365008243909097,0.02103908532650358,0.26534334094639955,0.13657750910246153,0.1465601986942516,0.17642784241682438,0.22509462403041627,0.15126411330704614,0.13997363554880296,0.22437391812414006,0.16615541356700433,0.1346440521249847,0.13429294509872902,0.8560276459129885,0.19463642381819696,0.1714958894990615,0.14680704496313912,-0.018931649740195032,0.11336057092440083,0.20974393051299223,0.15130255984802368,0.18497457949815535,0.20654177014793831,-0.003599618535000419,0.013416793821278151,0.23282136089683783,0.179922028425316,0.16558623158869068,0.052735395718297544,-0.09295549387032959,0.19456751967311625,0.23197436467579652,0.33847808396648243,0.2872831665659585,0.15621494295565844,0.11560482284245968,0.14752445371900014,0.20135418703505878,0.021249208363330753,0.3142129237515726,0.073456382126771,0.028579072956790776,0.05142647019155217,-0.18577461259037092,0.39214505876281314,-0.045843532395749155,0.7575743867167363,-0.48764034213073953,-0.05420781977416032,-0.06364387094336185,-0.050133879297443576,-0.013202110476845304,0.17200532079212838,-0.042094866011571794
-0.0031043976582948835,0.29764153605586746,-0.06358734753871283,0.10661336431403023,0.03656656524339162,0.44974260809804073,-0.03731679126839883,0.30335599583916,0.16159012707496992,0.295816266019802,0.20602369398497794,0.1568254326383686,0.14955369473166713,0.2477626192335195,0.2166476759591924,0.1321649616921832,0.22491372741816967,0.09450633717315514,0.19463642381819696,1.5889168865206784,0.3033042885154879,0.12742277915374292,0.020264480708577108,0.23232952968542867,0.23989752910638193,0.2969211825531498,0.10638438146856402,0.08494907594227519,0.5389648292086072,0.32779283643835805,0.3458097221525768,0.202768425343014,-0.026835453849430056,0.5433865512918723,0.4147346388781956,0.18246306673774018,0.8649609233567718,0.6603072864260888,0.890934080700187,0.39739232080536213,0.3815180523416814,0.3632074767385818,0.19904334450313216,0.017226502396186737,0.5907980384249975,0.34238313600715486,0.4980562380683135,0.1097134953387147,0.16403494866093848,0.34698315153911446,-0.24050819733893325,-0.17976145520988251,0.38961618405236936,-0.12862397220350455,-0.06485769618283502,-0.037379383620761326,0.11326234151796388,-0.12474716576535029,0.10700833952980071
0.0777900660967315,0.2446570872965403,0.13918460522751364,0.1458936273522126,0.08545887579106373,0.268943050153895,0.1433816869369913,0.13585375208169745,0.21713620742355066,0.1683147109811529,0.18257214354903745,0.18146002627469063,0.11152885877763438,0.16399982123976828,0.17646085186572058,0.13464422359854616,0.2286345657040575,0.2280046791842909,0.1714958894990615,0.3033042885154879,0.6327222107946945,0.18314701934951397,0.12635340802743528,0.11152573473824647,0.15986429010617018,0.21396812708967308,0.12394201087384502,0.18482490946909153,0.09326669136004401,0.20921159992837485,0.2106755528966799,0.19722456924802925,0.06138017055158457,0.2091588545684423,0.18724129793914873,0.1995776700960018,0.38532775939562636,0.29541027532347575,0.25707141218650864,0.08949320481225928,0.2248175950851631,0.46342580098589337,0.20815255712693603,0.038672261708956775,0.5135316534377944,0.09013957261003354,0.34135244084324673,0.044592029526699314,-0.07226710297108661,0.20942467765130138,-0.07105803784617631,0.048486139794523604,-0.12751648597152807,-0.022737373357662162,-0.005060389130272223,0.01238960358273286,-0.07806685916537327,0.19902661402534358,-0.18184467603613308
0.08767272262110051,0.11882415688395771,0.11843959629550989,0.18607167593171034,0.14627380460291228,0.20110073749244917,0.1506807141194213,0.11800253743577384,0.36144619962061314,0.14546590380470328,0.1690217012322445,0.1752388829390816,0.1610172485355489,0.19295349050241414,0.05181304136466872,0.3198030358187847,0.20174772118031525,0.17369581866361308,0.14680704496313912,0.12742277915374292,0.18314701934951397,0.48502775576769336,0.1658386659518652,0.1494765831629196,0.14172990296806734,0.2011855111459148,0.1992026392055575,0.1075894458090277,0.1939470767665145,0.14771940534374617,0.17143671291556487,0.2109921703185577,0.12008176383257498,0.18288875749301417,0.11115059889305291,0.218788592435796,0.20805608092458477,0.24023676392062857,0.2221246880224368,0.09432119987463519,0.08141390394757612,0.18506373784625618,0.27383830366715084,0.05427725142177334,0.21782621471546806,0.09294934144262143,0.2522420953850325,-0.03042564764211476,0.3778158138190091,0.1971472606422107,-0.1257638340444089,0.08051293188147768,-0.01456106475491853,-0.03251751176687165,0.05655741129840145,0.03297019251153734,-0.10288007157942368,0.18444291355111123,-0.23567714994222572
0.04380030748131805,0.19627079646254786,0.10834954093647131,0.12299138796187889,0.050289636676700375,0.07759804801121511,0.09880808300218104,0.08962953318058041,0.14879924102127692,0.1532683599226411,0.10872438377805214,0.13465611906154565,0.07769047578673352,0.12779068622487433,0.0437151979995382,0.10704459559893334,0.07676899292366336,0.5567287944636975,-0.018931649740195032,0.020264480708577108,0.12635340802743528,0.1658386659518652,1.1790975368224126,0.2668747502121778,0.25477367912559584,0.05517403425036517,-0.0736126496703336,-0.17056960788897288,0.4278718543213111,0.08209529301143642,-0.06307757761999334,0.10265335827108939,0.13533904673984942,0.2824135089146104,-0.08924546134793701,0.38053595827920095,0.04973359653938569,-0.18451582018261037,0.05740424428250011,0.04212337807805288,0.053458906216077975,0.10604475745076684,0.00011809274707434795,0.0756688276448104,-0.30784100347517646,0.2271849533658189,0.23058230077219696,0.04357995970970392,0.15984148759173405,-0.5000956124995727,0.2252119633763188,-0.45855191329529804,0.2264953701367835,-0.06512152175688388,0.005324158283200224,0.020935786821037868,-0.09836562715532093,-0.12857620936370068,0.1969918386023213
0.04194157719302877,0.054900831604772285,0.09665460488151477,0.135308233760666,0.1154797973599494,0.18387228517201984,0.0967207502903405,0.10079295970178889,0.15409869193785963,0.16049493800537157,0.14526491268517114,0.11567433423024913,0.13343341974418868,0.15034652111673857,0.14179151608924695,0.12810143135400648,0.15592777455399773,0.018673157124509857,0.11336057092440083,0.23232952968542867,0.11152573473824647,0.1494765831629196,0.2668747502121778,0.5958550301190216,0.15217666005189323,-0.08305884421919964,0.14813053261116274,0.14201665493157556,0.16515836688201263,0.25609187556216223,0.2522234875375175,0.19145365825759708,0.441436905836511,0.22907507772905095,0.09394396587767494,0.4501768184757199,0.38419737785496927,0.1979199103090643,0.0809512401485846,-0.0408075415208313,0.2120431186482996,0.1289761856400012,0.06475990190514463,0.03997488733571772,-0.11651289852496108,0.11316411755477547,0.17775674573782457,0.08837686895012145,0.2244591471835035,0.052643323986791425,-0.2749255896645436,0.1879951132258023,0.21074968072967562,-0.08554771445089443,-0.031290626973843785,-0.02438873685338118,0.20335536079116973,-0.8558180075852895,0.7543991847620314
0.09666128436280629,0.21716518802463863,0.18810732431227165,0.2040661048358372,0.20493572145124025,0.24627703873442255,0.12218693107477963,0.2483820038478761,0.08028037279508383,0.19089930711615483,0.18416530975800718,0.23588974297099966,0.13755662931317442,0.1889570337253146,0.2655538213509272,0.20584079074583034,0.18467976030441707,0.22960215222395852,0.20974393051299223,0.23989752910638193,0.15986429010617018,0.14172990296806734,0.25477367912559584,0.15217666005189323,0.8771590065694478,0.24652280385640984,0.17758508334787854,0.0878036180060021,0.3947645073360232,0.07083054035560742,0.21226210722812253,0.18677570559284376,0.03253418554619837,0.2520755306471694,0.13503383923467166,0.28361149693268134,0.10421050902863419,0.23032283569643214,0.18371788895332392,0.08260024284667106,0.06011932461392789,0.16076339521628075,0.1205128542846536,0.03826274594552009,0.1953200191819704,0.1525310923594844,0.25664983004243624,0.007793094458294846,-0.1701400976367411,-0.08817108912006395,-0.096007976848343,0.21517841188138176,-0.03139492133172839,0.015888845250146267,0.008453808301629487,-0.01059968696285707,-0.06403284997986293,0.15149156069278719,-0.09241170383334502
0.03637387516974837,0.20744152064408167,0.023435676155033402,0.17953623621419643,0.11281136951317366,0.31864176518533055,0.07600726799162794,0.2575553327978206,0.2357079835655626,0.19066660003845573,0.17476564748655493,0.22769868698184015,0.14820228309802047,0.23688361460245824,0.06238318198107702,0.1637746364849594,0.10571632466600746,0.5122181118400597,0.15130255984802368,0.2969211825531498,0.21396812708967308,0.2011855111459148,0.05517403425036517,-0.08305884421919964,0.24652280385640984,2.1688186527079445,0.24059266087759998,0.32908765159580555,0.1299561194329378,-0.8286695846519784,0.26551670679347555,0.4133511370426653,-0.3628326901440818,0.2376961437080758,0.25086789176155583,0.040719402846136184,-0.4111473661125159,0.15945929207681936,0.6308818262921065,0.6655883955857844,-0.19809422083269065,0.31642444647553775,0.3243086439357814,0.02809400057617693,0.6004091020458314,-0.30447703539993,0.2082844474115929,0.09384905375828174,1.1069208305210978,0.6133377270880734,-0.18971491158426795,0.10152639400087364,-0.9746024889938122,0.06990333836979297,0.05066712145235952,-0.012521324935287433,-0.1480516439303515,0.6638847042449167,-0.6265092773700423
0.12746123531896286,0.2217419185281462,0.28936695767750603,0.20605273904911792,0.16283630168249658,0.22627792536135685,0.21766367889075688,0.24951828603159526,0.26675455454274005,0.25170034065924385,0.2525002154390058,0.2122906522445362,0.1604289981346698,0.08099303776759531,0.26553715135418837,0.1251595390852715,0.25254751868468345,-0.029777309239820183,0.18497457949815535,0.10638438146856402,0.12394201087384502,0.1992026392055575,-0.0736126496703336,0.14813053261116274,0.17758508334787854,0.24059266087759998,1.455239030001408,0.32024557797811753,-0.14342254322425527,0.14513094419564362,0.34339606666060263,0.1805078358017264,0.3355131088741034,0.15767210498414636,0.1581424536504762,0.5496109655588017,0.36574341466815896,0.5112618726892016,0.07266158578246654,0.22309984508066535,0.10761775388474387,0.15575037476006695,0.5517448780367703,-0.01055080360887352,0.3831099074922814,0.2210527371318907,0.21064819377640093,0.12183770142852875,0.3416820212744203,0.3960371956370969,-0.4123752135488814,0.6689909446037605,2.3121808989312416e-6,-0.08077320028888497,0.060410876858067536,0.05462271394900155,0.054342180895274414,0.3489338824867989,-0.540842004440861
0.044426347644278795,0.2040974755621472,0.23502172499010499,0.01395034149333541,-0.06578551424451601,0.08763234163274124,0.11402110841020033,0.04227120435000192,0.17962975575666704,0.1396874505572382,0.09390187463080858,0.07865004274832625,0.07731469252173767,0.01847376815317772,0.19992724277760424,0.04444870014264778,0.14937186285071838,0.13082124373951218,0.20654177014793831,0.08494907594227519,0.18482490946909153,0.1075894458090277,-0.17056960788897288,0.14201665493157556,0.0878036180060021,0.32908765159580555,0.32024557797811753,1.6491419178196913,-0.29107744633314697,0.1793423774710126,0.4028776572253856,0.1810217695506895,0.3803608322046573,-0.1284540270433573,0.6911542349774615,0.5920510852264377,0.6259154120708444,0.28954882120799713,0.13097405575826815,-0.01763600827964369,0.11717733931722302,0.15418890014427694,0.2559581056828186,0.03813270257685866,0.6258851543625947,-0.14371405005124668,-0.05195523418406054,0.10997604844828285,0.05451798550901712,0.6640603555591619,-0.4888931156336816,1.8373503303058414,-1.8435677653254405,0.0344838829825199,-0.12588506495770463,0.044551031097393785,0.08428038289620933,-0.10455592921423663,-0.002035281738684106
0.08480927464575527,0.22712089430652782,0.016713310113207862,0.15324317340550406,0.10935745517084884,0.2705460851264698,0.0344757837347533,0.19098020967711798,0.03696759374448563,0.27394070494484385,0.13429783381541338,0.13407634676102106,0.20100403315291873,0.2685141735671505,0.11323668984757501,0.29955221037500124,0.21342579475541532,0.24749962343751128,-0.003599618535000419,0.5389648292086072,0.09326669136004401,0.1939470767665145,0.4278718543213111,0.16515836688201263,0.3947645073360232,0.1299561194329378,-0.14342254322425527,-0.29107744633314697,2.8545210630232205,0.03784796637146627,-0.06275091895446608,0.2689832806232038,-0.35308275195513206,1.0266879632590327,0.1843087074664662,0.19709777798835074,-0.25411847138160965,-0.4144839605600027,0.5018699033745131,0.020556639450191618,-0.09584603220040191,0.09617025931875575,-0.7847609976076447,-0.05429213191812483,-0.6914482798071191,0.19749896576366027,0.815737480154501,-0.04411879389575875,1.4269089822034258,0.202446741411123,-0.3147150404403323,-0.6453942542352893,0.09534523904499184,0.12974262845082762,0.06038859089690475,-0.014832011785202388,-0.14219225119926635,0.09797567433830882,0.05938089769992498
0.019190835685570937,-0.058935475954606034,-0.4510611644554606,0.0932610677148026,0.0882075111057726,0.04243503103128298,0.19957895145347324,0.09803794150930625,0.16837871630697068,0.1802593727166615,0.1431295930892718,0.027486892503165408,0.07539821450864537,0.03982376232392078,0.2910283988632556,0.09529093981076076,0.21820912201193518,-0.09852688642490978,0.013416793821278151,0.32779283643835805,0.20921159992837485,0.14771940534374617,0.08209529301143642,0.25609187556216223,0.07083054035560742,-0.8286695846519784,0.14513094419564362,0.1793423774710126,0.03784796637146627,2.55161683485345,0.18229893308686881,-0.13930735702320693,0.36467315828565344,-0.49069134875643544,0.6415913044697342,0.3104341452071056,1.056606879414021,0.5015088972506739,-0.022823689273655585,-0.06715814896376408,1.0916454110801885,0.18468864023165993,1.0669467521112916,0.1425575506037605,0.5496917610999736,0.5932417237492219,0.31234863753527253,-0.03297426232791924,-0.1690199760092899,-0.45842423859350956,-0.20637542725123198,-0.29935626715104535,0.8196319232637419,0.0007248499224940978,0.14673557507171872,-0.04117752919506227,-0.20501522292267596,0.34784716719748854,-0.1752012410303164
0.09741212052307739,0.2876286916375068,0.2698548032498626,0.1618289308118237,0.13963143860989213,0.254950562764645,0.13787351457021682,0.206053799735213,0.21307680100364815,0.2522676150602821,0.20547296925406294,0.20170123070410803,0.1429662417038321,0.14097737676110725,0.19826141813463147,0.1359913923275472,0.19721722162419902,0.3066989940495539,0.23282136089683783,0.3458097221525768,0.2106755528966799,0.17143671291556487,-0.06307757761999334,0.2522234875375175,0.21226210722812253,0.26551670679347555,0.34339606666060263,0.4028776572253856,-0.06275091895446608,0.18229893308686881,0.8994357067621985,0.20225841704947856,0.2821982653841033,0.08753083218739297,0.2465411770278167,0.7940680766316479,0.5375661186023784,0.4612304941220515,0.42370916716016666,0.1230138137338215,0.274103964739754,0.21695707425285904,0.15876809127770763,0.036184023733871,0.5094116086612147,0.15152282152502153,0.11818144519813417,0.08197832472716562,-0.23864478695986427,0.5314405911838249,-0.17489810516006887,0.4259180457500354,-0.24417056178328578,-0.13047493378653646,-0.02904444191069005,0.008233694158925282,0.07370405633114246,-0.08029833232505684,-0.0030300426384558435
0.07620718548360986,0.06224351547388908,0.11109880532390366,0.18465452981797534,0.13965153676903996,0.23964753082909598,0.08534128028972668,0.15614853851890176,0.1745080377883596,0.16135511680935907,0.14218426332752496,0.20305103016507856,0.13568904784651878,0.2992400415264176,0.048058956401068116,0.22462817219289966,0.13391877628173401,0.154546183623132,0.179922028425316,0.202768425343014,0.19722456924802925,0.2109921703185577,0.10265335827108939,0.19145365825759708,0.18677570559284376,0.4133511370426653,0.1805078358017264,0.1810217695506895,0.2689832806232038,-0.13930735702320693,0.20225841704947856,0.5996353380677969,-0.011188039697868262,0.27478827606097506,0.0664688146145347,0.2583792117220357,-0.04493512488691396,0.2276293587515923,0.27292627410723314,0.14404667037690147,-0.009120679278023056,0.21023049855008702,0.06327299315729473,0.025022326917998196,0.21682773124309826,-0.058266386289829955,0.25358114595705883,0.040645913647268175,0.4431752260142277,0.3352453887077285,-0.18316211094591786,0.3853536595583536,-0.4552286277573717,0.03030705691000611,-0.1191243854900595,-0.0022080727232979274,0.4588189869835469,-0.4123297671640519,0.03703811018174474
0.049636226371775075,-0.005150660648953652,0.11282892247085155,0.1818926204194638,0.23070803648501545,0.09748658615702925,0.200099362392831,0.04427827186543895,0.23455577899495092,0.18031554989241952,0.16577708708936023,0.0806822024054258,0.10369015055488547,0.01390109899777626,0.2670213317858365,-0.01637783627506901,0.17440802412568088,-0.08062556325095356,0.16558623158869068,-0.026835453849430056,0.06138017055158457,0.12008176383257498,0.13533904673984942,0.441436905836511,0.03253418554619837,-0.3628326901440818,0.3355131088741034,0.3803608322046573,-0.35308275195513206,0.36467315828565344,0.2821982653841033,-0.011188039697868262,2.0713790659366977,-0.4698262182270805,-0.5729456888136633,0.5185409388129363,0.5256114010725108,0.31175321109876747,-0.3282141398789641,-0.11047564655889995,0.36727546282189466,0.10402419337952454,0.2649231695098598,0.02302347152550657,-0.7377524960465469,0.3068361759638749,-0.028734984308242926,0.2321955576508752,0.06559469794581879,-0.08830723207745526,-0.3790915229257602,0.3987352294595507,0.5746886702966559,-0.3428275792160903,-0.08314005704071008,0.1258291651989138,-0.044077102790808585,-0.521544423531606,0.5068047790474451
0.0896692130570244,0.3272521420116951,0.41752904135556324,0.09836462941268008,0.012881607344799775,0.3142498479729055,-0.036698071882715955,0.213677445459538,0.10724359555768566,0.26742623908197877,0.14176165386349684,0.15269391414414726,0.15664476558733278,0.26607936590112813,0.08808274837046134,0.24035324790267268,0.18970834875412798,0.20997381404770032,0.052735395718297544,0.5433865512918723,0.2091588545684423,0.18288875749301417,0.2824135089146104,0.22907507772905095,0.2520755306471694,0.2376961437080758,0.15767210498414636,-0.1284540270433573,1.0266879632590327,-0.49069134875643544,0.08753083218739297,0.27478827606097506,-0.4698262182270805,2.344138874705927,0.41192576714315554,-0.07165405514673683,0.8435404760926146,0.04071061470468289,0.11350906891190579,-0.26063439133294,-0.0750843566576435,0.24094859915735659,-0.07955980257625153,0.096768415197227,-0.23141634531055236,0.06980565724322625,1.0233512495272126,0.1110107727028767,1.1006707897105208,-0.4071591214151673,-0.2155216716125545,-0.27179220946417626,0.3234148011947648,-0.09211123412819455,-0.033918759783382345,0.04454708488631067,0.07185665181233741,-0.32359238164513093,0.2692599943485023
