1.8294019951868095,0.4245570334910064,0.84776503035099,0.07087828470281146,0.21572961694301132,0.3068165034133778,0.35660623406581715,0.33020014480531434,0.4254779549680784,0.2766485004014339,0.25597697069838304,0.26355997805144615,0.23306665903717189,0.34459009675477137,0.15791191864388338,0.2536132402532663,0.27614864963635105,0.2558223389185173,0.2262447370935324,0.23772396935977097,0.2577517341617586,0.3107699089292194,0.09417883859740035,0.12402998534594384,0.284066788576375,0.22776440273006318,0.23461336679974099,0.14927504451545268,0.2702361957294075,0.5059268602386319,0.2995698285013267,0.3270135528145242,0.1969589352520943,-0.31213499058833466,0.22353565801280226,0.3572550139456203,0.29682051219210337,0.30819164439036023,0.12592938641402945,0.3269765102752746,0.28440880290551057,0.2507059814042138,0.09655339807294479,0.11794899864804838,0.07708481959834386,0.4299264321160072,0.40415716691944714,0.10127688701955363,0.1978521141517872,-0.046990133594090384,0.01637797489257452,-0.2661115942995134,0.19316393875304524,0.04842809411791344,-0.24114694671004297,-0.10149178444126478,0.6213257318787769,0.38626988553318137,-0.6616298672810147
0.4245570334910064,1.3148614360361206,1.0879960457618625,0.1965794798994223,0.11619923398019105,0.4287724834896379,0.2644186202129402,0.4629616928920314,0.4676801451125974,0.39478258667741195,0.3481567771793956,0.29128686929521147,0.3992147903439165,0.2914121755253077,0.40380012161267737,0.2870203055808014,0.3739224598058562,0.4646953044868181,0.2668421883023385,0.5661038912632388,0.37183105366317515,0.305198408030254,0.17600081020303363,0.26000915000389785,0.4067453096951412,0.44521199062356964,0.32768762516079103,0.3396870069877773,0.5838177789414513,0.4802851403653294,0.3519481784790644,0.30634216248312773,0.25212330355828827,0.4563844770639952,0.41983215780548466,0.5623670029659482,0.47567721103537647,0.26825607728642753,0.3605053938353243,0.3527918897739888,0.42653209048967045,0.3628819497750233,0.47104069501400064,0.1403563411960221,0.41809977348662886,0.4135829055185356,0.4924082511516708,0.17722626651043497,0.18701958927683796,-0.09304551984581623,0.13644487863085344,0.024392764448430224,-0.04056444231309271,-0.011581500143591977,0.03478923511925289,-0.0814694098698012,0.003028020952051433,0.029159257940845985,-0.020232167978757983
0.84776503035099,1.0879960457618625,2.445488522549838,0.3448771715426867,0.15761260522553336,0.6747384250192758,0.35112683026453373,0.7586914897988536,0.869605588361739,0.7342446330105411,0.4916259169038136,0.42794959331720206,0.5805037442628724,0.441807363371614,0.41698730582342297,0.4192279651857592,0.6177538971546805,0.5762781563425138,0.42626490963273517,0.5802017809819084,0.48753816066015065,0.513339486014048,0.3936366281218052,0.5115654404442922,0.5673255812080392,0.6561078923862264,0.4502863235857275,0.36382861710574094,0.8205921561924701,0.585438818626462,0.5054261078632779,0.4493644391436463,0.23416908045493628,0.6686118660662683,0.5839863151601227,0.8689684389593286,0.3976675692571103,0.3626342127348552,0.6412078217634936,0.4267306217527936,0.5066220184636363,0.48095236367114275,0.5572440896563207,0.2550519763269337,0.5823524320576454,0.6150760858099956,0.7094494249443414,0.17550908378296007,0.18824141837837075,-0.036456746864589,0.12274236214597796,-0.009730588988610577,0.04875751515561763,-0.05997838003889713,0.2819329477621198,-0.044826221365438006,0.44331847067162367,-0.2422021025396,-0.438230599071844
0.07087828470281146,0.1965794798994223,0.3448771715426867,1.2601193328361875,0.4456036740100373,0.4921374688949487,0.349556430240086,0.5026314504444072,0.2429216410261371,0.3671281222950261,0.39642776949805253,0.40861300729504274,0.4192443290699599,0.42355611422904105,0.33786064819519857,0.42453545041342744,0.4162215609076488,0.44404867362289513,0.3853520153369814,0.33975775869850283,0.3235381993566855,0.4450350147544993,0.45582837103564444,0.48239083759661533,0.41519385068330794,0.3712783934426932,0.3284226691083473,0.1877489864121706,0.5000820076621507,0.2934948228698388,0.3630760024111157,0.41343664369700167,0.24428973160305603,0.4827122647057809,0.03148277375697618,0.6301228564750978,0.3859461096865427,0.4107794824891199,0.48107483819915847,0.16784732676907985,0.2611517201265746,0.3114339768758281,0.3675912343556345,0.3474413667652415,0.2213600974010653,0.3839517998927569,0.4709357845262429,0.10249319104476261,-0.013396253048537829,0.26472110054020015,-0.13171453592093607,0.05920641098175883,-0.09866183891643995,-0.05928328399194292,0.01606133506817209,-0.07079034123045376,0.13977784780070407,-0.005519896450706112,-0.09289006461550457
0.21572961694301132,0.11619923398019105,0.15761260522553336,0.4456036740100373,1.2398621527100846,0.43366718518463826,0.243819268880254,0.39775469706966005,0.18593949301040916,0.40173686319841284,0.33120470505598043,0.41524175069395036,0.37346499949554113,0.34645648631668036,0.31206064056628163,0.3911811580368031,0.3548339415161945,0.3327229468787708,0.6596899278269069,0.17957929967440842,0.25537216051647077,0.49484680970847733,0.323167278606371,0.3949618957779382,0.31124715197845854,0.2908432391948848,0.2498077870728765,0.07445482720520158,0.36173205569131184,0.20556764841057912,0.3125852789430776,0.3081800225228662,0.2782895916451883,0.20712387784877265,-0.08777548635280434,0.553800143884282,0.3322669610217974,0.3153605329779826,0.3933572723346605,0.1077050840109848,0.19605736589063918,0.25278771463700006,0.17988274100701612,0.20919415589510038,0.028270556111585375,0.3762639085269941,0.32545584600989047,0.06873401468265464,0.27181118231980944,0.3481503667859557,-0.11751360706888976,-0.385234474645182,0.1551006237030552,-0.05227632428680894,0.03340122660837618,-0.11281584552485653,0.17335927826926842,-0.026877450552988225,-0.06813146183964314
0.3068165034133778,0.4287724834896379,0.6747384250192758,0.4921374688949487,0.43366718518463826,0.8870514703294123,0.22302028215330483,0.6209258993521186,0.46910971664866613,0.3964075096951354,0.43124283855841905,0.44630380062463904,0.479956233779834,0.4448749485910892,0.3753931463370317,0.4106987284704539,0.4934093645688656,0.4587065623676449,0.5622580216404045,0.44488623226754265,0.34617940055721436,0.5202940778932549,0.28107154734347795,0.3537193088517678,0.4480310609183889,0.6121790545655116,0.3766866489723409,0.2761757610909423,0.6063770825214735,0.29202413192345655,0.38276133113749883,0.4563434803849238,0.2029080097971988,0.5899697440035163,0.338072389119881,0.564768415065946,0.4557614289706574,0.3523694954420221,0.5690356393173461,0.19471316651035608,0.2958183420621802,0.3358117100177174,0.42904729419269616,0.2687510236318949,0.3262282969410836,0.39032099065743836,0.4998209676755014,0.138432599633188,0.6441189029993409,0.3364190807924213,-0.2467339378273907,-0.03919285029027872,-0.14138806858919395,-0.01376232016793195,0.020576618713271013,-0.11346325260523515,0.25026679113964445,0.02422080943475328,-0.19787633727849868
0.35660623406581715,0.2644186202129402,0.35112683026453373,0.349556430240086,0.243819268880254,0.22302028215330483,0.7188308760775427,0.35855443176570095,0.36077282156411333,0.2469831019595928,0.31382247185778744,0.29104537791317275,0.3320159529745694,0.18603369813291806,0.03438108526847836,0.271876537573275,0.32052062397518,0.31389815725015563,0.16842658689239742,0.23120515179957307,0.2488946428424504,0.28191794203821996,0.3582489906147526,0.36194840136757006,0.27973691992222344,0.30011528387947434,0.22705800173123855,0.06084947428601232,0.3437277699656927,0.2865642236648239,0.2607218503983231,0.17938835973492145,0.15323087738148158,0.28448504482065556,0.14192810037154832,0.49563096447997096,0.22114584159316567,0.21654906401476642,0.2926896137963576,0.1902336824422896,0.17544172386667475,0.2481053897723429,0.24910297125173977,0.19871980242520737,0.1580515642263206,0.3189963231801994,0.28282390629268467,0.09515850774726667,0.004432063499472498,0.040849946390318685,-0.01953343094864165,-0.1935192291145924,0.20935593736134367,-0.05101485096192631,-0.023525895853388136,-0.020708861647628814,0.193116050834067,0.06685779247154755,-0.23606141383682214
0.33020014480531434,0.4629616928920314,0.7586914897988536,0.5026314504444072,0.39775469706966005,0.6209258993521186,0.35855443176570095,0.9196079167942961,0.33265365074116116,0.39562913510871167,0.43129217323747926,0.26530379285871364,0.5165911220071633,0.38098994382444223,0.2659740456319573,0.362975763065625,0.497955572877493,0.5359341205079723,0.4282747993828473,0.47672934928367083,0.3515213666005165,0.45428959314056816,0.3622166277285931,0.38321654216369255,0.45555867373916636,0.5762063256634306,0.35988350349743414,0.18829519060065325,0.6384685694453277,0.3917858750196307,0.383611219122866,0.38224137588052937,0.1504302079015167,0.5697139026058228,0.34140509075866526,0.613864704287134,0.40020598848214206,0.29595223828345474,0.6255399675744739,0.2537141553465982,0.36816707607696386,0.34025249820027526,0.393083546608607,0.2569279187314758,0.29454507721012285,0.4391577739912237,0.5677378883950345,0.13439579672566887,0.40552549159508067,0.2828156639263911,-0.09283074143288307,-0.17023579296659427,-0.007493368998296544,-0.03385584449717333,-0.08916944411817275,-0.1698957344558785,0.3310519763000436,0.14018661322590104,-0.2317575082776516
0.4254779549680784,0.4676801451125974,0.869605588361739,0.2429216410261371,0.18593949301040916,0.46910971664866613,0.36077282156411333,0.33265365074116116,0.9791031294910143,0.2614881384743985,0.3116123337716533,0.28405622198235503,0.36289922748085385,0.31804047298598626,0.08618908920972905,0.31764828029951064,0.4094343092800776,0.3258317616757791,0.2946152810672866,0.3594632768340353,0.3312079252338941,0.31558406645773524,0.3177254043923661,0.4385269033806401,0.27966204680748397,0.49123907397565375,0.277512368986815,0.24249457211254516,0.3982450338447532,0.3377715820905263,0.3509588043176769,0.3236900978930366,0.2402843010414564,0.39987028825384624,0.2596746780468618,0.6072158985255088,0.27932690836536955,0.34020412569727104,0.366764791931292,0.25522358768456793,0.29012068130841173,0.3291043253639943,0.4082361425974574,0.20896909551294718,0.40024189928945236,0.4398744629225347,0.3878975918314949,0.13014188644754604,-0.22425055901853283,0.056772480429910795,0.00032606470831311615,0.0006124029205288908,0.029968128681444935,-0.031355672356223795,0.13344721337227675,0.026180335654858104,0.26685186143955225,-0.05964481489304474,-0.3782253539466455
0.2766485004014339,0.39478258667741195,0.7342446330105411,0.3671281222950261,0.40173686319841284,0.3964075096951354,0.2469831019595928,0.39562913510871167,0.2614881384743985,0.9158392366018024,0.35447080513402884,0.4407097706854168,0.3861826426813622,0.33021629211276027,0.3902167457359729,0.3608286726029145,0.3998482477451798,0.3726410189111837,0.3590968904517422,0.28809746899160577,0.2487419854779867,0.3956345308236033,0.3587789974730761,0.40962097723988783,0.39370468853276774,0.34274100468196,0.3106623412075753,0.14832608723337992,0.5033145374736021,0.30896319548073753,0.33472786940074306,0.3139061931075264,0.11136389846094612,0.4265287729725895,0.27241676111209884,0.6043163126789486,0.23122696628415795,0.20908952744623888,0.4174662899311592,0.20979896037833964,0.27618219664504673,0.23782701292185587,0.27946471941577716,0.2111631273080316,0.20293121397846275,0.3833750858860401,0.4472670552917879,0.10827659973217035,0.3849143635372639,-0.009822466868716717,0.0258913507141748,-0.11251638446422493,0.14295178724830815,-0.07217344105351994,0.3297271400862327,0.012469986646313573,0.2765666451604506,-0.3352468881242319,-0.2754514879619191
0.25597697069838304,0.3481567771793956,0.4916259169038136,0.39642776949805253,0.33120470505598043,0.43124283855841905,0.31382247185778744,0.43129217323747926,0.3116123337716533,0.35447080513402884,0.5801660765563236,0.3757689962027772,0.39531602479977834,0.30658285492813425,0.331195108736242,0.35035363359300625,0.4223109674843458,0.38612434284525005,0.3390025349741036,0.40608578433186704,0.31557248866620174,0.332747353043389,0.31998360321619007,0.41102554167284705,0.3611461129301459,0.3237694529264661,0.3227920723834762,0.2104653047965546,0.48551606956289767,0.3635912360222715,0.37764052067159776,0.30031834916822875,0.2027514684283738,0.33809399945837887,0.2581558893828201,0.6261404748543643,0.3380219068442856,0.28668097071573173,0.41787810864054187,0.25793518111489516,0.2911733251949253,0.3080555830866669,0.33769647806672726,0.18050255796679698,0.26648643543357914,0.42548569236884043,0.43306201180181514,0.12362971147840304,-0.06752631208684363,0.08470289913457729,-0.033199999092492126,-0.024004822717814595,0.04822085822300006,-0.053354031199921936,0.0585405292548027,-0.063504481803149,0.16671301803303581,-0.04275906481394829,-0.14072924109445517
0.26355997805144615,0.29128686929521147,0.42794959331720206,0.40861300729504274,0.41524175069395036,0.44630380062463904,0.29104537791317275,0.26530379285871364,0.28405622198235503,0.4407097706854168,0.3757689962027772,0.6347584283634512,0.3259555913885588,0.3591301673799103,0.36282601425476857,0.3783903108419875,0.36533287616609206,0.2632179505680836,0.36318671393145,0.28203800931004325,0.24118060354611248,0.3982651544521669,0.26850777530981407,0.32074866064799196,0.3553710061261157,0.36194504412089556,0.33091238332288225,0.1305386216510227,0.38733481632587846,0.2194999920692901,0.2709302520592075,0.3412609649503986,0.16296027531201812,0.35259254192759876,0.22521847705028894,0.4557171905605249,0.2851107717432264,0.2496685916832893,0.28321514417995286,0.1900682619932131,0.15678332352294205,0.23470791315850528,0.2860693579234331,0.19164754485396157,0.18277122271276972,0.2950646879340009,0.31200174406778536,0.10915619378851693,0.5396870332233871,0.0009747102108790785,-0.1040208144292279,-0.0740156324342634,0.12836533743983755,-0.028894820764352985,0.11379034248287832,-0.01072415332555064,0.1244388581246908,-0.0764805645351852,-0.17722379207785433
0.23306665903717189,0.3992147903439165,0.5805037442628724,0.4192443290699599,0.37346499949554113,0.479956233779834,0.3320159529745694,0.5165911220071633,0.36289922748085385,0.3861826426813622,0.39531602479977834,0.3259555913885588,0.6842617892690894,0.3321796703227783,0.23866135020430046,0.38388096218729906,0.4257595302907071,0.41740546429244163,0.36657018847047707,0.39261082595365737,0.32359606052954815,0.4151017294956413,0.3666037156495512,0.43018278130409027,0.3937546966803607,0.4502014617186132,0.3475767400689205,0.21958504095142228,0.5831546620090532,0.36598923742970124,0.35200456138204755,0.32125936760902996,0.20829427569374961,0.4627493871128885,0.29370768728696095,0.6498900594874347,0.30349622234528334,0.2333723355537137,0.5463073733141267,0.23705420742963995,0.3198500272098068,0.31698009982959496,0.35655330349254744,0.24708612435488378,0.19459628920395097,0.42274169116718463,0.4584717010497586,0.11587796038215799,0.18893015474757616,0.19763763969140358,-0.03754150756166704,-0.13437348653712952,0.022072058662171323,-0.07697615626445774,0.1964554582709636,-0.12001157397319033,0.13380574092486136,-0.23767560440966007,0.036575173504228495
0.34459009675477137,0.2914121755253077,0.441807363371614,0.42355611422904105,0.34645648631668036,0.4448749485910892,0.18603369813291806,0.38098994382444223,0.31804047298598626,0.33021629211276027,0.30658285492813425,0.3591301673799103,0.3321796703227783,0.7349154371494361,0.39300927401137653,0.4598456157994678,0.3620301400494781,0.2851313665101953,0.3529984152529939,0.4102845128170204,0.2837696724903152,0.4993742167384946,0.26052908962348215,0.4224741316215113,0.37499363707403494,0.33691086598446657,0.3520399529986604,0.2779038588156572,0.411264701316002,0.47016958591773883,0.3654930526253148,0.6962142581550819,0.20969776009628074,0.22303176776356312,0.2998102913907436,0.5545128022078287,0.4398915674806023,0.377387513804194,0.26712178161853023,0.3144405770899335,0.4257218029155315,0.2718572622834127,0.3263606916756892,0.23482664629179936,0.17117293853890064,0.40196176255289584,0.47358637055153746,0.117035486816767,0.5780443310778303,-0.0012115034549289383,-0.06600679860819246,-0.06443725042376496,-0.0326260435421491,0.08483937577623037,-0.03348965668834084,-0.04276875951324354,0.14748212993093845,0.07470812712185514,-0.1876455490686438
0.15791191864388338,0.40380012161267737,0.41698730582342297,0.33786064819519857,0.31206064056628163,0.3753931463370317,0.03438108526847836,0.2659740456319573,0.08618908920972905,0.3902167457359729,0.331195108736242,0.36282601425476857,0.23866135020430046,0.39300927401137653,1.091020930495832,0.2948106721583766,0.22899715826533806,0.43056215958815586,0.36187173665740063,0.35898213866521994,0.296175106742184,0.4124325449711904,0.3919608854564783,0.3435381908389939,0.4734476249347592,0.15441288059366265,0.26341761941750125,0.3182657519573554,0.5105249962922173,0.4927226031634944,0.3237070297402428,0.367531177211001,0.2464896244955107,0.33905791498489407,0.2266892280470883,0.6883221023718968,0.2865014330324162,0.27191050879737844,0.39770889692793476,0.27515245675621863,0.28485938575405123,0.28451778863234256,0.45693409130464924,0.19225709111458794,0.2987715776601251,0.28231995357584466,0.47294401043614903,0.1037823181825942,0.1811667244409086,-0.13287706257112095,-0.007663336021839658,0.2765245743992514,-0.10633933156309311,-0.0435086628025314,0.05424741306413469,0.02886358077643071,-0.005172436185630355,-0.032009133857704104,-0.07575935965548058
0.2536132402532663,0.2870203055808014,0.4192279651857592,0.42453545041342744,0.3911811580368031,0.4106987284704539,0.271876537573275,0.362975763065625,0.31764828029951064,0.3608286726029145,0.35035363359300625,0.3783903108419875,0.38388096218729906,0.4598456157994678,0.2948106721583766,0.7621815803874247,0.4022169857052975,0.33633463107982614,0.36046821067482687,0.3756015165387799,0.2567515051135867,0.42767733299674277,0.29128278942795977,0.37137585679792867,0.40285213800987607,0.3971813956561262,0.37095295979808973,0.2654678096465853,0.4407306440244593,0.36593979110708835,0.3377379813845578,0.44212988543531534,0.1550557937577402,0.35951756661863843,0.40748081879660963,0.5502225880369302,0.3403326032507509,0.2992991297707436,0.3530635283869928,0.2808568431305233,0.3072736111372747,0.24970670025019726,0.370702847577747,0.25784044427371094,0.2585149921533194,0.36157086558067003,0.4131974294277403,0.10108691823376036,0.3395362908399336,-0.0796880790823753,-0.10465899373659948,-0.010782358684865826,0.04242429355260918,0.046188241011947934,0.09613675574818016,-0.03987487044295473,0.12267050246903834,-0.06960333455323321,-0.1334914198125692
0.27614864963635105,0.3739224598058562,0.6177538971546805,0.4162215609076488,0.3548339415161945,0.4934093645688656,0.32052062397518,0.497955572877493,0.4094343092800776,0.3998482477451798,0.4223109674843458,0.36533287616609206,0.4257595302907071,0.3620301400494781,0.22899715826533806,0.4022169857052975,0.9610779451435805,0.3465335090452304,0.3975209957623256,0.5034537189629239,0.38000634572136194,0.6574916090956995,0.2868571848466968,0.4690195700952507,0.48956693755480873,0.22897692522433125,0.35333542685995556,0.3033601544187514,0.47287572608967704,0.45628276986919536,0.4355684675341461,0.340470723260429,0.37361774258765335,0.36668724976546285,0.22150838705363093,0.6395541355322001,0.7079666148783464,0.45305271508246725,0.350704717374536,0.28461824394594976,0.3717823079985592,0.3718040291988345,0.477595820792231,0.2556829159267065,0.340664489760091,0.49697817410941475,0.5610956656984203,0.07172385351964798,0.33387787992704243,0.23362188585905488,-0.01609878848354716,-0.12352275108749201,-0.012335634632902975,-0.08832991077725771,0.08008386431916123,-0.09164456199606734,0.1842981690997111,-0.032482839631378164,-0.14735282175026815
0.2558223389185173,0.4646953044868181,0.5762781563425138,0.44404867362289513,0.3327229468787708,0.4587065623676449,0.31389815725015563,0.5359341205079723,0.3258317616757791,0.3726410189111837,0.38612434284525005,0.2632179505680836,0.41740546429244163,0.2851313665101953,0.43056215958815586,0.33633463107982614,0.3465335090452304,0.8128838856280609,0.36438157268902294,0.32589081298147876,0.3720129359274077,0.36354798467553345,0.4762619949277648,0.3627828226997743,0.44776919944108007,0.45265946830941994,0.2845748174867568,0.29225325299357346,0.6096150528506024,0.3679242889282186,0.4502744839915159,0.28538887471195556,0.21914007176495695,0.4856677404345984,0.25055263820711465,0.8026793190095936,0.37392689442112126,0.29222879718697853,0.5442889265184087,0.2511145108827754,0.31278153309678697,0.3595674514408449,0.426754505121732,0.24820471781415177,0.347078174918787,0.39262138663837814,0.5854067781474717,0.1326821007037377,-0.16088320954711788,0.20326114002779103,0.033231055327362556,-0.025422394833695742,-0.16039918117271937,-0.052923036657528295,-0.06247234742548754,-0.09618239354951724,0.1661057480320516,0.051742964181975604,-0.0814201973466326
0.2262447370935324,0.2668421883023385,0.42626490963273517,0.3853520153369814,0.6596899278269069,0.5622580216404045,0.16842658689239742,0.4282747993828473,0.2946152810672866,0.3590968904517422,0.3390025349741036,0.36318671393145,0.36657018847047707,0.3529984152529939,0.36187173665740063,0.36046821067482687,0.3975209957623256,0.36438157268902294,0.7750882447081042,0.2219202673451847,0.3072373846515302,0.48765160692599835,0.24036545282792335,0.30033269011812375,0.38530018590311027,0.3721770724076635,0.27886780738901246,0.2997419446322658,0.4033344094257699,0.23946952164280655,0.3204743748205198,0.38482946838990245,0.2598590643587913,0.3791904979499499,0.11240793152916062,0.5265216032779251,0.26224701354452584,0.31369588508264507,0.5086495169492041,0.1535924110680429,0.2615625841241484,0.29557364015030546,0.32018186370279006,0.187525885066617,0.24537717881140006,0.30518707993016264,0.3471725223984217,0.07880893810522466,0.34214010491564517,0.2706502174325172,0.067701371527827,0.2864541333379959,-0.38954752946083127,-0.10355397314908124,0.021671290766656442,-0.08509999122046674,0.14841849022097484,0.007144816909930566,-0.10413018510338788
0.23772396935977097,0.5661038912632388,0.5802017809819084,0.33975775869850283,0.17957929967440842,0.44488623226754265,0.23120515179957307,0.47672934928367083,0.3594632768340353,0.28809746899160577,0.40608578433186704,0.28203800931004325,0.39261082595365737,0.4102845128170204,0.35898213866521994,0.3756015165387799,0.5034537189629239,0.32589081298147876,0.2219202673451847,1.474408030490863,0.29997655631718234,0.4008220375017976,0.20353574006133923,0.5041511920913874,0.5098992530495086,0.2946033999153132,0.4442796915437436,0.27586494413732815,0.5869645058559666,0.7637651569506577,0.49560849156995257,0.3837498749619326,0.3317863394627374,0.3334900529333825,0.37539515722376243,0.6115959409338162,0.9268979628902313,0.4074394364223524,0.40192253009001694,0.5716009073541201,0.6913681147763528,0.31190871161924133,0.4849401367134457,0.15477209566413358,0.28595898442567824,0.7209216417736845,0.5206902224009461,0.2880781677984539,0.6794603885729512,-0.1368227106104863,-0.03615598926282956,-0.2746921710119176,0.2772626728169624,0.027677668885421076,0.058985780822658575,-0.08510820791575036,0.19754270052227388,-0.019758276263301396,-0.1295572549554327
0.2577517341617586,0.37183105366317515,0.48753816066015065,0.3235381993566855,0.25537216051647077,0.34617940055721436,0.2488946428424504,0.3515213666005165,0.3312079252338941,0.2487419854779867,0.31557248866620174,0.24118060354611248,0.32359606052954815,0.2837696724903152,0.296175106742184,0.2567515051135867,0.38000634572136194,0.3720129359274077,0.3072373846515302,0.29997655631718234,0.662195531021661,0.3934950140776122,0.3556048858546766,0.3475712591183037,0.3435018952429922,0.17778893870526608,0.23297427192025788,0.32575755776126597,0.364048088238875,0.5997509753826945,0.3841345898312609,0.2736287434237812,0.4403441122123063,0.26172032915706706,0.1597185339645928,0.6698729310105792,0.42014010971655463,0.46299698541382717,0.38672662227391297,0.40201008195575133,0.4449354630963793,0.6295354751921853,0.557701797616565,0.23593308461613596,0.42934298933809845,0.3766245094970371,0.5599189751617567,0.18020876048665355,-0.2678724148146823,0.042358915615710695,0.05713821019140673,-0.020134298814030928,-0.038721860246946245,-0.022746716884276784,-0.08384858726903623,-0.05331371842241238,-0.026072010471448172,0.14564156144998364,-0.01612985292972422
0.3107699089292194,0.305198408030254,0.513339486014048,0.4450350147544993,0.49484680970847733,0.5202940778932549,0.28191794203821996,0.45428959314056816,0.31558406645773524,0.3956345308236033,0.332747353043389,0.3982651544521669,0.4151017294956413,0.4993742167384946,0.4124325449711904,0.42767733299674277,0.6574916090956995,0.36354798467553345,0.48765160692599835,0.4008220375017976,0.3934950140776122,2.7263727719898263,0.33876879268880516,0.31473822578176575,0.6015402532399934,0.39468305024990397,0.39816712055830117,0.37715729063361436,0.26686784837957345,0.4488422300248852,0.32187892838215254,0.49635090778422697,0.7483199946037208,0.44190951273195317,0.08356683416342203,0.4808628589181008,0.6893509948978698,0.7586590809459662,0.21293404783405687,0.34375732841254786,0.549084007342882,0.4589048556576462,0.6219608202276179,0.4943544564233941,-0.06265447787286278,0.5714032987275934,0.4946020320278232,-0.6904232057454065,2.510193706491062,-0.1944937012724257,-0.03564480193070374,-0.3493283638528897,0.0216161661057435,0.03960524231240995,0.13575395217358383,-0.07639293212079867,0.15996579424328738,-0.015453685831015002,-0.2315672365287811
0.09417883859740035,0.17600081020303363,0.3936366281218052,0.45582837103564444,0.323167278606371,0.28107154734347795,0.3582489906147526,0.3622166277285931,0.3177254043923661,0.3587789974730761,0.31998360321619007,0.26850777530981407,0.3666037156495512,0.26052908962348215,0.3919608854564783,0.29128278942795977,0.2868571848466968,0.4762619949277648,0.24036545282792335,0.20353574006133923,0.3556048858546766,0.33876879268880516,1.4067941460679407,0.9091714860177509,0.5505421025682132,-0.010191255616227177,0.18307631780444286,-0.08594374420372997,0.7463169690056869,0.7045688903548576,0.2962043223722079,0.18747144177425898,0.1488287584534283,0.34305558524516877,-0.1008869444696928,1.2947542409801387,0.06677996384538262,0.3311661191982655,0.5697991982596733,0.3996861859558937,0.22037644814108626,0.32237149836289647,0.5315758860373946,0.4436463877149946,0.1906314243702929,0.4913096881949869,0.5992918487183991,0.174299202902574,-0.8327831874857864,-0.09456609494995664,0.07993730066695588,-0.13062052095324203,0.25283418362980664,-0.06582439029375668,0.12219454725893085,-0.019709478628735268,0.15512020901010598,-0.1396452679886927,-0.1129872349964548
0.12402998534594384,0.26000915000389785,0.5115654404442922,0.48239083759661533,0.3949618957779382,0.3537193088517678,0.36194840136757006,0.38321654216369255,0.4385269033806401,0.40962097723988783,0.41102554167284705,0.32074866064799196,0.43018278130409027,0.4224741316215113,0.3435381908389939,0.37137585679792867,0.4690195700952507,0.3627828226997743,0.30033269011812375,0.5041511920913874,0.3475712591183037,0.31473822578176575,0.9091714860177509,2.441937270916369,0.37372262900867076,-0.5059196333374161,0.3499017458261533,-0.005134827447504536,0.483500314640042,1.087293098389452,0.9575218456732971,0.33748502968751115,0.21648467975347338,-0.4417649952962535,-0.05225759960714191,1.184534795035684,0.6118528197083832,0.47849390661460894,0.20825109339194248,0.47668141242089546,0.6835888448020184,0.3173074617887672,0.15395008111377625,0.306911539917003,-0.21199029218868323,0.7946676860377029,0.7781414838225034,0.22042358622370692,-0.6739290548706028,-0.11480184503915838,0.016860517144042148,-0.19757006185159814,0.4794501394460896,-0.08918375682941676,0.20939117606049823,-0.03454189430171952,0.3858670010398105,-0.23993708885123222,-0.25389125665576323
0.284066788576375,0.4067453096951412,0.5673255812080392,0.41519385068330794,0.31124715197845854,0.4480310609183889,0.27973691992222344,0.45555867373916636,0.27966204680748397,0.39370468853276774,0.3611461129301459,0.3553710061261157,0.3937546966803607,0.37499363707403494,0.4734476249347592,0.40285213800987607,0.48956693755480873,0.44776919944108007,0.38530018590311027,0.5098992530495086,0.3435018952429922,0.6015402532399934,0.5505421025682132,0.37372262900867076,1.486102077910334,0.3356462394924795,0.31549345772445136,0.23218193517479374,0.6615846456161475,0.5529891145577335,0.34264652729016026,0.3376961974340858,0.24879616806956767,0.6135969161011444,0.32030650772122143,0.7832693171043089,0.39144036353808964,0.4008985326103885,0.54579024055777,0.36601922551669963,0.29088560221226434,0.3460862903042283,0.615566706341043,0.29601857425152994,0.4951881835515446,0.4673852959828233,0.5442549599230742,0.07235531330491453,0.21071512508742452,-0.20183552435072605,0.14451687775844071,-0.013764806337433587,0.13217873437088978,-0.08067318142840606,0.0928337409458966,-0.01884215083900964,0.16365756430994147,-0.044543570162901336,-0.2055078405752097
0.22776440273006318,0.44521199062356964,0.6561078923862264,0.3712783934426932,0.2908432391948848,0.6121790545655116,0.30011528387947434,0.5762063256634306,0.49123907397565375,0.34274100468196,0.3237694529264661,0.36194504412089556,0.4502014617186132,0.33691086598446657,0.15441288059366265,0.3971813956561262,0.22897692522433125,0.45265946830941994,0.3721770724076635,0.2946033999153132,0.17778893870526608,0.39468305024990397,-0.010191255616227177,-0.5059196333374161,0.3356462394924795,2.6088770654555664,0.2777406724973289,0.5523385905432775,0.571563912935229,-0.6809959958137215,0.07755732720211544,0.41423479576052585,-0.00843190796073432,1.1619220950472495,0.7477341788365567,0.39071673422815006,-0.4499779805135763,0.040540772825715894,0.8127047700520336,0.01635821340165469,-0.23377316787119715,0.21751625544884987,0.4689074805484282,0.21694025706870507,0.8407731684349903,-0.08865195166702669,-0.048562678755035164,0.02606760811186354,0.7828862777695506,0.520427377502855,-0.4047885441098796,0.19640860490899748,-0.6434915701884452,0.04962586815337148,0.13665679862425062,-0.05629585037968581,0.23515155706542154,-0.10638159939473416,-0.25859582618160487
0.23461336679974099,0.32768762516079103,0.4502863235857275,0.3284226691083473,0.2498077870728765,0.3766866489723409,0.22705800173123855,0.35988350349743414,0.277512368986815,0.3106623412075753,0.3227920723834762,0.33091238332288225,0.3475767400689205,0.3520399529986604,0.26341761941750125,0.37095295979808973,0.35333542685995556,0.2845748174867568,0.27886780738901246,0.4442796915437436,0.23297427192025788,0.39816712055830117,0.18307631780444286,0.3499017458261533,0.31549345772445136,0.2777406724973289,0.8092969271472641,0.3040305716236684,0.34712799489794965,0.325881731406651,0.3596088719366027,0.3964322301230373,0.2534095710146153,0.3220172021834404,0.33992415556631456,0.5265937913217864,0.4684927198194602,0.30920760823859533,0.24767242391140268,0.3181180379554992,0.3727491743447668,0.23681039310553148,0.3282990420248239,0.18333208891417033,0.15542889829191342,0.5429827196964623,0.3578979535046329,0.13605944540543835,0.27732102906246325,-0.007456450343214444,-0.07722018009305728,0.019301804042683432,-0.026526848480660045,0.04810833547968476,0.08155397123306374,-0.07149701010585414,0.14438911915871935,-0.05972320816354517,-0.09744767889401852
0.14927504451545268,0.3396870069877773,0.36382861710574094,0.1877489864121706,0.07445482720520158,0.2761757610909423,0.06084947428601232,0.18829519060065325,0.24249457211254516,0.14832608723337992,0.2104653047965546,0.1305386216510227,0.21958504095142228,0.2779038588156572,0.3182657519573554,0.2654678096465853,0.3033601544187514,0.29225325299357346,0.2997419446322658,0.27586494413732815,0.32575755776126597,0.37715729063361436,-0.08594374420372997,-0.005134827447504536,0.23218193517479374,0.5523385905432775,0.3040305716236684,1.1401144261680962,0.2013235419623485,0.34555167447855517,0.3363023061181847,0.3812789805924747,0.6114797055080708,0.29160655487795795,0.5459756040752406,0.7101328474011396,0.4154244622374249,0.41080414937157356,0.24655168263016486,0.2588412348058703,0.23592995387531623,0.3287017438748424,0.6535367778644919,0.25454456255102115,0.6463609283286103,0.10105258283305829,0.301751283939283,0.1473788992981263,-0.08291882034831538,0.16459734091517822,-0.07609681476703319,0.7906498841729951,-0.9882723581960183,0.037747151904931595,-0.0499552274730223,-0.03381767955072222,-0.0728351140633892,0.0462275148602247,0.07661457149038611
0.2702361957294075,0.5838177789414513,0.8205921561924701,0.5000820076621507,0.36173205569131184,0.6063770825214735,0.3437277699656927,0.6384685694453277,0.3982450338447532,0.5033145374736021,0.48551606956289767,0.38733481632587846,0.5831546620090532,0.411264701316002,0.5105249962922173,0.4407306440244593,0.47287572608967704,0.6096150528506024,0.4033344094257699,0.5869645058559666,0.364048088238875,0.26686784837957345,0.7463169690056869,0.483500314640042,0.6615846456161475,0.571563912935229,0.34712799489794965,0.2013235419623485,3.1987221579467935,0.6357291045345809,0.15905175039616043,0.45291884810538485,-0.2044132087035978,0.9653417962541605,0.4263616989001042,1.307943532342511,-0.49276989359419204,-0.08540498549278927,1.1841150190876821,0.26581077784834894,0.0007532146322507832,0.27758212353187395,0.4953873647759991,0.06728243639054363,0.8138412301006094,0.3417858502326575,0.7453372157588708,0.06187967766017953,-0.06533951677814293,0.5251343590317318,-0.2893988040626511,0.13035056268798145,-0.4204692740403016,0.02080597323541741,0.18127069355288247,-0.17330093478657904,0.1969437620336357,-0.202383259616197,0.003317906161538148
0.5059268602386319,0.4802851403653294,0.585438818626462,0.2934948228698388,0.20556764841057912,0.29202413192345655,0.2865642236648239,0.3917858750196307,0.3377715820905263,0.30896319548073753,0.3635912360222715,0.2194999920692901,0.36598923742970124,0.47016958591773883,0.4927226031634944,0.36593979110708835,0.45628276986919536,0.3679242889282186,0.23946952164280655,0.7637651569506577,0.5997509753826945,0.4488422300248852,0.7045688903548576,1.087293098389452,0.5529891145577335,-0.6809959958137215,0.325881731406651,0.34555167447855517,0.6357291045345809,3.5639532564103193,0.5515327595376569,0.3988074464937107,0.6972516434437085,-0.6036187769017167,0.4289176154197562,1.1315821549534375,0.9235197751496043,0.7622346408218449,0.2774942621915718,1.0253908438085535,1.4146039320376282,0.6178991802920067,1.163286036919151,0.4189811357983424,0.06407013782094137,0.698130917272419,1.6509551410931647,0.386516186299117,-0.260732198739264,-0.5644863603850722,0.25284311237843576,-0.5816365041416882,0.6432096077432548,0.12682588067256412,-0.07554457138158732,-0.1577940155137893,0.06406650643738289,0.35011878446222555,-0.04871816829871951
0.2995698285013267,0.3519481784790644,0.5054261078632779,0.3630760024111157,0.3125852789430776,0.38276133113749883,0.2607218503983231,0.383611219122866,0.3509588043176769,0.33472786940074306,0.37764052067159776,0.2709302520592075,0.35200456138204755,0.3654930526253148,0.3237070297402428,0.3377379813845578,0.4355684675341461,0.4502744839915159,0.3204743748205198,0.49560849156995257,0.3841345898312609,0.32187892838215254,0.2962043223722079,0.9575218456732971,0.34264652729016026,0.07755732720211544,0.3596088719366027,0.3363023061181847,0.15905175039616043,0.5515327595376569,1.442752368158559,0.3635324397890641,0.2883490364054947,-0.06215610011956193,0.2179607906369598,0.9210118571334518,0.8133077416343693,0.5004362192644727,0.3579589050868825,0.2845785652378188,0.6099239389269742,0.3788120016256794,0.2050101265821416,0.20874746247640943,0.182638906300835,0.5911654470683081,0.6023984882387237,0.23434918478117417,-0.12948140065404434,0.20106659266079935,-0.06881141166059303,0.022806405421179732,0.01986797124575148,-0.09802467008437439,0.11377910008752949,-0.02878312658953016,0.38007556940901965,-0.13970449536048954,-0.28786729045155796
0.3270135528145242,0.30634216248312773,0.4493644391436463,0.41343664369700167,0.3081800225228662,0.4563434803849238,0.17938835973492145,0.38224137588052937,0.3236900978930366,0.3139061931075264,0.30031834916822875,0.3412609649503986,0.32125936760902996,0.6962142581550819,0.367531177211001,0.44212988543531534,0.340470723260429,0.28538887471195556,0.38482946838990245,0.3837498749619326,0.2736287434237812,0.49635090778422697,0.18747144177425898,0.33748502968751115,0.3376961974340858,0.41423479576052585,0.3964322301230373,0.3812789805924747,0.45291884810538485,0.3988074464937107,0.3635324397890641,1.0049065067207594,0.1617545701582276,0.27442246951648197,0.31188854225987694,0.5023147068363074,0.40179421079708766,0.36992411223204347,0.3143861820901551,0.27575884732844275,0.41636925430595106,0.26391779866701753,0.2853434245824654,0.20449708071100547,0.19888054982739797,0.3676305664370965,0.4513659274826684,0.11106055290789925,0.7341120128085009,0.14263947971947483,-0.07695326079611058,0.29188919423827286,-0.5263701098908056,0.11674082077907057,-0.031610328971837846,-0.04465288848591876,0.15285214968815297,0.06666204581592108,-0.20310639552150447
0.1969589352520943,0.25212330355828827,0.23416908045493628,0.24428973160305603,0.2782895916451883,0.2029080097971988,0.15323087738148158,0.1504302079015167,0.2402843010414564,0.11136389846094612,0.2027514684283738,0.16296027531201812,0.20829427569374961,0.20969776009628074,0.2464896244955107,0.1550557937577402,0.37361774258765335,0.21914007176495695,0.2598590643587913,0.3317863394627374,0.4403441122123063,0.7483199946037208,0.1488287584534283,0.21648467975347338,0.24879616806956767,-0.00843190796073432,0.2534095710146153,0.6114797055080708,-0.2044132087035978,0.6972516434437085,0.2883490364054947,0.1617545701582276,2.171688495621555,-0.0799462294567605,-0.4811241851776275,0.6552386897023996,0.8785517737840715,0.7313936146728988,-0.30948354470856554,0.3194261335224862,0.5291855433044639,0.4632610915311839,0.8919149272040093,0.24803723921760976,0.06873822833261709,0.47314255024621127,0.435728800471541,0.18045824357479512,-0.5095202954372804,-0.2825257077012362,0.07406106579362753,-0.15638400613679038,0.20142145913231235,-0.0668549122160419,-0.11595451523511277,-0.06351193778005104,-0.21348889134500534,0.2040313803932709,0.2706425677918242
-0.31213499058833466,0.4563844770639952,0.6686118660662683,0.4827122647057809,0.20712387784877265,0.5899697440035163,0.28448504482065556,0.5697139026058228,0.39987028825384624,0.4265287729725895,0.33809399945837887,0.35259254192759876,0.4627493871128885,0.22303176776356312,0.33905791498489407,0.35951756661863843,0.36668724976546285,0.4856677404345984,0.3791904979499499,0.3334900529333825,0.26172032915706706,0.44190951273195317,0.34305558524516877,-0.4417649952962535,0.6135969161011444,1.1619220950472495,0.3220172021834404,0.29160655487795795,0.9653417962541605,-0.6036187769017167,-0.06215610011956193,0.27442246951648197,-0.0799462294567605,3.478328526543244,0.8202196582777344,0.3510321303609637,-0.008282037311948785,0.017566894246302214,1.1561296032859993,-0.36183450774678444,0.20661188741424874,0.2486442505275381,1.1544224950440076,0.3668572572719032,1.2394832564530363,-0.1154185058531251,0.1274626230639993,0.08547344203491383,1.2044034123749323,0.00841327552943843,-0.1154368810856387,0.34451809728585864,-0.22289312760599278,-0.10167135390826677,-0.015301648971801992,0.03919961711255567,-0.3821786019046613,0.013222222009179075,0.2539879364098758
