4.190969190580733,1.5098404711021602,0.7930443968971018,0.9002792640132439,1.1840964498148139,0.9147759521324484,1.1142134547733589,0.9750929498820097,0.8693575325163774,1.1731936746571747,1.0059425291095871,0.9640871294054884,0.9020265088767397,0.9186047242217136,0.9937878921045608,0.9821508865211087,1.2358274613817661,1.1915029803695496,1.0084987801862002,0.9261571374660177,1.177369259556653,1.0455508462100993,1.0350963758526146,0.9310247215141696,0.8990304528024532,0.9197214812664729,0.7652254744187369,0.5377841228986886,0.7576818469965771,0.6734951596495813,0.8158845768753266,0.7761893412820311,0.833946250680728,0.6932823910409283,0.7736984971224711,0.9214144525945437,0.5834010105483195,0.6429194946141301,0.5202487705594228,0.903640546218213,0.8574458195303873,0.62833839522194,0.4634539269456008,1.220051447003431,0.815986248165502,0.5651448041496587,0.5288986834701247,0.4362915107050243,0.43172584346750403,-0.22632718170169241,0.020383167314698393,-0.037458156893049516,0.08101373948832377,-0.10299216447296317,0.2782745899628609,-0.01577352459272033,0.0923360759745392,-0.2886529691214547,-0.05754067507721794
1.5098404711021602,2.1387202224482005,0.9455688357697212,0.7783154595027704,0.9058012745826519,0.9305761463258885,0.9507945517134027,0.9042560294491978,0.8649666091009441,1.0229576944442085,0.9303312079854777,0.8503850608621251,0.8811221026916385,0.8652230341844238,0.9236263364999071,0.8937304927074506,0.9454485045736551,1.0187860090460805,0.8825114702787622,0.9032066323629984,0.9846796876443163,0.9491966211725021,0.9983948764740317,0.8774740525922446,0.8509507651382916,0.8574193296138761,0.7833610174636406,0.6170922829888916,0.6976602604706481,0.8146003775995009,0.742929896515284,0.7691811158726652,0.7865733060620579,0.7009857887334795,0.7601335046154856,0.8729461984455081,0.6130859499499901,0.6557809591381407,0.5083634617153783,0.9943127059418981,0.8843467158633113,0.6159793221959075,0.5114087416768505,1.2023734444371048,0.8351987008474425,0.5473279727971758,0.4832608897208767,0.5069447676982344,0.3918470909996941,-0.18494861166118112,-0.04659313363015522,0.10851072452511099,0.11847450627271963,-0.032438335108355046,0.24715137329511652,0.01850988146972732,0.1584392943996455,-0.3004284758049028,-0.26053099751858066
0.7930443968971018,0.9455688357697212,1.8862809383496084,0.7502750211005462,0.7610384897099197,1.048548751782837,0.7990564717741437,0.9340914182109283,0.7413831132633049,0.822299718615828,0.8530760527343351,0.7606007966546526,0.8158623506178064,0.8199928910787092,0.8409966804787192,0.7885813197783407,0.7853553684461232,0.9390721165289191,0.7452294525565388,0.8427126397370773,0.8883467830553822,0.7784168748695607,0.8784713843998652,0.7556606872286348,0.7007708922776384,0.8051109976187808,0.6987919931100084,0.5375055760720523,0.601144320241924,0.7616822866060383,0.6636828000069473,0.5515870704882841,0.6240943199825362,0.7923237705468433,0.5894088051095075,0.7742893829497047,0.5007729060012419,0.5020457347963808,0.4481112585169951,0.8481870592626053,0.772978616779226,0.546076904137914,0.5342573876049682,1.0096646462047814,0.708786792567159,0.4986961813955732,0.463241514569736,0.4325728197653531,0.27831491457018803,-0.001454868357223675,-0.08822707957478162,0.07417776395099139,0.11751407442114113,-0.05080361821683988,0.1894543713615482,0.0015839680538793435,0.15452309970479622,-0.24597011269120056,0.07645300403568442
0.9002792640132439,0.7783154595027704,0.7502750211005462,1.999490570353524,0.9215023817976752,0.7808030785322932,0.773022505029426,0.91330201683256,0.7016185334120391,0.7546098038055739,0.747418110730064,0.7613193596959948,0.7029838006024068,0.7379441352223481,0.7370344914931872,0.6628734312901935,0.6299433806146177,0.7263248172757069,0.70639367389772,0.7355730104434679,0.7747699194705312,0.7150789135741153,1.1325753965175605,0.715777761100067,0.7694992566373929,0.746224792636286,0.6307196434144143,0.5372257330598404,0.5540572326210368,0.7972849183247437,0.5378115184416595,0.6869454307932596,0.6033702582810032,0.5602043096189204,0.5940282099222293,0.6492604899151981,0.41006435193828317,0.48844313282446755,0.4036029264320164,0.658827966190769,0.7032409320694478,0.5188767485725212,0.4047998251361878,0.8990932167201428,0.6849869729992482,0.4640654121075581,0.43298018377837594,0.39065842263982603,0.4272779387417037,0.11743783332318243,-0.0841567159858179,0.009159381306019964,0.10865913807733242,-0.023011087079235815,-0.036819040421305474,0.08253871338171496,-0.071295595102575,-0.07297627654688499,0.12485796793729814
1.1840964498148139,0.9058012745826519,0.7610384897099197,0.9215023817976752,1.728027128872285,0.8732999619371271,0.7471438797770734,0.7936537215649884,0.7953346492810206,0.9102999725149259,0.8117097994782851,0.8434753626117784,0.8348862999744775,0.8061759231744456,0.8578150006453047,0.7696643240875892,0.7657281672826912,0.8961186860572179,0.8071387542698439,0.8392207383341095,0.879807241474831,0.7890058733522999,1.0145353461249793,0.80279549985053,0.962369647727068,0.8469571709246261,0.7551961750397557,0.6508930475607384,0.658633933288225,0.7520456819526525,0.660548878065725,0.6965894704343064,0.7024538001478673,0.6806010664477694,0.6784432970760664,0.8711667637612083,0.5030691582533412,0.5424640702961329,0.5160584206280064,0.7410959335520264,0.8118722508327554,0.5911700964276816,0.4704608124570821,1.0729672425571928,0.8578723238732913,0.5249976713489029,0.5130138380595801,0.5073181227698674,0.4245061074944566,-0.29583175129244677,-0.1305336529962404,0.10954968049395611,0.10932378223890142,0.0870089744570557,0.11247960395127574,0.03163814849913545,0.017073141737894263,-0.17355976951195465,0.04398075376072403
0.9147759521324484,0.9305761463258885,1.048548751782837,0.7808030785322932,0.8732999619371271,1.445224350270543,0.8811333547182142,0.982187355319691,0.8007006547532936,0.8710099067523017,0.985840578008015,0.8646573379675389,0.9295510250015326,0.9093627079779638,0.956426676060677,0.8373489944771962,0.8854187307067012,1.0256698340812478,0.870960829059383,0.970487051620698,0.9911921510514471,0.8576187778362823,0.9055642264368842,0.8466845711064643,0.8822519223543828,0.8978044187538385,0.774820722304098,0.6178464585946837,0.666562879887312,0.804022527205744,0.7153685821585604,0.7045315615471455,0.7363066150567211,0.7054607712688655,0.6744619780546612,0.8792457246705652,0.5392547506559733,0.5701002715493828,0.5005654315725101,0.9139748129165697,0.8510962035690601,0.6095807453666316,0.4867929204653975,1.15939836788066,0.8376792104806116,0.534709867971603,0.48154902264585914,0.5199336273535692,0.4039060689291044,-0.04880770286488909,-0.19902052481113983,0.07270144335524535,0.08006950089151416,-0.0009894461845491559,0.12270574909445818,0.017246584646561116,0.12075272320606699,-0.2739947832406163,0.025402701220599483
1.1142134547733589,0.9507945517134027,0.7990564717741437,0.773022505029426,0.7471438797770734,0.8811333547182142,1.2161381497004629,0.958952811254536,0.7989904178962945,0.8790732019026476,0.9238290098163455,0.805738121464288,0.8482666994030382,0.8641128438764805,0.8913097356651287,0.8542844050606461,0.9344118865276764,0.9250996325407013,0.8554692544907512,0.861296680040779,0.9561138466917904,0.8487541566593176,0.904478714593767,0.8110314274888817,0.7054732875583374,0.8743885755026818,0.7689376870020658,0.6890760174190161,0.669633815290892,0.7827669824460503,0.7317476730150114,0.7013156535591052,0.698349662932562,0.6329567487856719,0.6628694527025379,0.8182918517449109,0.5280633386639645,0.572645062998128,0.5008538969049119,0.882449244240771,0.8221548559652995,0.5939852838936034,0.4483226692253155,1.1402863243141586,0.8163765953540155,0.5729579874288795,0.5067471534694686,0.5189889640514415,0.4193956833733932,-0.07455381946683005,-0.0089567242915121,0.03787506439220386,0.055425698902728075,-0.00968584056081841,0.12716498666034945,0.04139434335565989,0.04181417898967419,-0.21334296104477252,-0.025321866666386608
0.9750929498820097,0.9042560294491978,0.9340914182109283,0.91330201683256,0.7936537215649884,0.982187355319691,0.958952811254536,1.6735620351775333,0.8345676415763386,0.8422720463618334,1.0699921747478924,0.8758690256991726,0.9640976703369166,1.0361347409060018,0.9916701543690445,0.9468632828839499,1.0005264686428468,1.0543071576445906,0.9149583401412863,0.9642328545149795,1.0411198043980088,0.8914421505532596,0.9638666946994685,0.8357075948831171,0.7694336179810779,0.9686260326722848,0.7610918303936842,0.5556036412241941,0.7007255058491669,0.8575720299250009,0.7610050324860245,0.7260111034147225,0.7520773888258693,0.6552031978221076,0.6816764719197129,0.8377731575596237,0.5218829084189855,0.5876794586596626,0.4951749095635043,0.9065214733579046,0.8409459167996015,0.6272098560193258,0.4586280482009962,1.1237221439052372,0.778819686809227,0.5593319068009456,0.5319620915871678,0.411866767922996,0.4631370006417698,0.022924152686517145,-0.09018307650588196,0.04523906500659864,0.047913309625084374,-0.025879224382058547,0.024520061366441866,0.015668770827724113,0.07808769251751786,-0.11837753401919412,-0.04414936546994452
0.8693575325163774,0.8649666091009441,0.7413831132633049,0.7016185334120391,0.7953346492810206,0.8007006547532936,0.7989904178962945,0.8345676415763386,1.0652910666260462,0.855749845618845,0.8740730758637781,0.7721926697236063,0.8157777027519335,0.7993548921317215,0.8210737325146598,0.794541532126876,0.7860036968249919,0.8763631414329917,0.7772831256749831,0.819723481668745,0.8645711176348648,0.780064119519996,0.8517271127372069,0.7378280293088431,0.6577708154023725,0.8305582693257608,0.6802639783014,0.5650355457764679,0.6173799761826455,0.7176888055041809,0.6229536526495631,0.6438565401064853,0.6528836218595288,0.5938274207707297,0.6029767447234978,0.7517129860248065,0.44194975959567245,0.5054224700529328,0.4611740151737428,0.7783576296985053,0.7542987199862585,0.5610372246361688,0.42487207477163896,1.0203749280780008,0.7466927386592072,0.4885433826319495,0.4633830878847725,0.43658184028817854,0.39101007235994223,-0.074133699435754,-0.06036130130504011,-0.019911942438069746,0.06843051450996467,-0.0015737163125684088,0.01450221951078747,0.006059485687075429,0.10497550247638046,-0.1038664906076257,0.017052440818926515
1.1731936746571747,1.0229576944442085,0.822299718615828,0.7546098038055739,0.9102999725149259,0.8710099067523017,0.8790732019026476,0.8422720463618334,0.855749845618845,1.2414655702760704,0.9227003718470796,0.8335935797651225,0.8552178683668178,0.8566413033150908,0.8872516445023848,0.8491222901070683,0.9009882901190328,0.9256464808855996,0.8631641144059892,0.8679187631711275,0.9343920142430897,0.8019788610900915,0.8040092785694798,0.7939236416445505,0.7364453659831156,0.8652947499098554,0.7349471347602144,0.5610941203288536,0.6106179425717294,0.7288636987035987,0.6869588611372094,0.6719264292306512,0.6911617746984747,0.6156463306236981,0.6524368526468951,0.8104370614562241,0.48401503538979346,0.5425483674467236,0.47435578866869105,0.8146770843918889,0.7739475783021832,0.5788952077619425,0.42548884153092104,1.0626815092675426,0.7646446898217318,0.4678626038525305,0.45129766687171574,0.4279373138121849,0.3751609008098695,-0.20638852582557327,-0.05288859746375106,0.047961183132875534,0.02044787609107733,-0.005346126141317693,0.06660711338657008,0.01424325505417314,0.0975135471423515,-0.17323655608847663,-0.0208398601917262
1.0059425291095871,0.9303312079854777,0.8530760527343351,0.747418110730064,0.8117097994782851,0.985840578008015,0.9238290098163455,1.0699921747478924,0.8740730758637781,0.9227003718470796,1.4496404642736034,0.8596943999054902,0.9287220974140885,0.9631611280194656,0.9504216428745984,0.8902593656654192,0.9655525961523848,1.0834493898887063,0.8377348409551653,0.942201134575219,1.0186646960769594,0.8483233189315826,0.8554187818435269,0.8207546300529571,0.7199557266941728,0.950489071382869,0.7733441100680511,0.5878517466371618,0.6595300555751423,0.7192197622794454,0.7526883470805364,0.7096761617079183,0.7353700896557137,0.6481262045441656,0.6652432301406884,0.8341239571707164,0.48519846682374407,0.5634352198514907,0.540746579105759,0.9093536274370585,0.8232461053426987,0.6358057669557391,0.44717868704798575,1.1463540251179343,0.778636752336975,0.5287150991686916,0.49197606158620094,0.5393454324601451,0.3830240149568096,0.05307479531866417,-0.07880838406702631,-0.20691661812758136,0.07526153760072886,0.01640020734106482,-0.01937485898372429,0.06518202495340102,0.10204091141526381,-0.20534782128082574,-0.029835728599512317
0.9640871294054884,0.8503850608621251,0.7606007966546526,0.7613193596959948,0.8434753626117784,0.8646573379675389,0.805738121464288,0.8758690256991726,0.7721926697236063,0.8335935797651225,0.8596943999054902,1.0607631655153522,0.8832050345712459,0.8818026829124626,0.894630763905686,0.8131527930463903,0.7945962464504838,0.8992677035465859,0.7754558717775132,0.8132873512077065,0.8855858719063925,0.7832277730900973,0.784506833102356,0.8219864610145133,0.6739811431912978,0.860001189084948,0.7077493717207356,0.5215652769370812,0.5679587821959984,0.665521707919924,0.6298671286550734,0.6355203070782963,0.689239106038437,0.5890596443259201,0.6182944970357839,0.7649193130516387,0.4681175112928634,0.5054260466153745,0.45898955145153797,0.7841752377457956,0.744647462413142,0.5605288721483274,0.4072754371630717,0.9960589156086299,0.7141803844739514,0.45926385972942235,0.4488416005463299,0.3935742060718047,0.38148691722530015,-0.07073232636964827,-0.1378965261415123,0.02206488948591255,0.015782547758933365,0.009156961063285311,-0.012125018884562397,0.011316865834271748,0.05961211736185658,-0.15847293826894854,0.031423630608054295
0.9020265088767397,0.8811221026916385,0.8158623506178064,0.7029838006024068,0.8348862999744775,0.9295510250015326,0.8482666994030382,0.9640976703369166,0.8157777027519335,0.8552178683668178,0.9287220974140885,0.8832050345712459,1.1459523178405806,0.9196974959752651,1.0380749939723422,0.8817371509985563,0.8488107618887714,0.9825447806907587,0.8802993784697857,0.9259834359337644,1.015952766577252,0.8652408624097823,0.8461908013794649,0.8308944524183323,0.6738634807278652,1.0565086962124322,0.8166490700008917,0.5988571286271165,0.6091132569411479,0.7129587193650305,0.7240989587910672,0.6799390046070167,0.7213100382987694,0.6145448428997982,0.6441045984641646,0.8158528303240342,0.5072087080224841,0.5439783919626967,0.5021564609421787,0.903641518009854,0.8139531702574495,0.6181843450624556,0.42477646493511517,1.1147985673605973,0.7782834272344986,0.5287915326885633,0.47583045284991565,0.50248750284289,0.3524149144405078,-0.07227400589440379,-0.15322433968265042,0.061054020716384785,-0.008838702486879223,0.015420480306878979,-0.03545091267980328,0.03913241543887994,0.06797902504008697,-0.20388332464107578,0.0848564952416911
0.9186047242217136,0.8652230341844238,0.8199928910787092,0.7379441352223481,0.8061759231744456,0.9093627079779638,0.8641128438764805,1.0361347409060018,0.7993548921317215,0.8566413033150908,0.9631611280194656,0.8818026829124626,0.9196974959752651,1.2507430143741478,0.9330112193102378,0.8963641648888816,0.8922167813430759,0.9416687096785371,0.8733854750789772,0.8815361521823885,0.9683729600791093,0.8786809473014171,0.8787440610483562,0.8000458501578651,0.7083652467725694,0.881827068979122,0.7602335246906836,0.5673345093564428,0.6145590224956058,0.7508529922782704,0.6882907688399977,0.7195946985126636,0.7429980731352922,0.6198556858913229,0.6796655875848961,0.8246784632066527,0.510506147942725,0.5591515155326795,0.48569523932672104,0.8631592105331705,0.8080904584357708,0.599473422410891,0.43714268742406454,1.1039694138355838,0.7507908783726736,0.5387154651126892,0.4739985343519698,0.44948999215832797,0.41650808961405317,0.0007532193311998632,-0.07484976394322038,-0.02343764634027392,0.06299978828949214,-0.04680681243371043,0.02605280584087787,0.033475552134201864,0.04432092724138502,-0.20480682377056997,0.044491037753828774
0.9937878921045608,0.9236263364999071,0.8409966804787192,0.7370344914931872,0.8578150006453047,0.956426676060677,0.8913097356651287,0.9916701543690445,0.8210737325146598,0.8872516445023848,0.9504216428745984,0.894630763905686,1.0380749939723422,0.9330112193102378,1.306114752497153,0.9125037416140653,0.8644508983505962,1.0414457997522926,0.9477912535933145,0.9647498700002664,1.0633866587322673,0.919923543052518,0.8495876813390338,0.8535380017623289,0.6679346811265139,0.9944877173417727,0.7814479971736112,0.6053425901310907,0.6435154531475071,0.734963374998379,0.7494936817215272,0.6783155639811024,0.723174568765216,0.6234988766864418,0.6581325431315562,0.8336107944716757,0.5283779913768045,0.5751878603229396,0.4963536557328989,0.90564807168425,0.814524627480914,0.6205213192250408,0.44122528253354476,1.1510952132471697,0.7679175104969352,0.5728327409159835,0.5060385635284529,0.4494352723304061,0.3808910675594781,-0.03865086815114908,-0.08046332019221054,0.11428889709414548,-0.046504945781677944,-0.052203561614797445,-0.01389472532424912,0.009319279475372918,0.10329397950656705,-0.21539957027752676,0.006734597965271842
0.9821508865211087,0.8937304927074506,0.7885813197783407,0.6628734312901935,0.7696643240875892,0.8373489944771962,0.8542844050606461,0.9468632828839499,0.794541532126876,0.8491222901070683,0.8902593656654192,0.8131527930463903,0.8817371509985563,0.8963641648888816,0.9125037416140653,1.3282617629053446,0.9348114602163337,0.9722905752534332,0.8786637960230883,0.8183320177000589,0.9504536190671183,0.8757444320315767,0.7795896578613459,0.8264000502682154,0.7423993153461811,0.839783937403887,0.7598239597325179,0.6528125950567475,0.666990625369548,0.8163006718154665,0.7170824105795647,0.7517801725068728,0.75366070323231,0.665136251017169,0.6870202650727335,0.8981163437186117,0.5202533128861466,0.5765218957771258,0.49697931259100736,0.8373967776471531,0.8255933574000146,0.600365954524261,0.46971535697902606,1.1270362718962597,0.7716654606049902,0.5693517690950912,0.5392389919976148,0.33913793838341966,0.5113739292901207,-0.12463114175092654,-0.059511418773952725,-0.023382065006571494,0.1270258249936286,-0.0802282714810869,0.11259959235114049,-0.03518429930153767,0.13237503359321992,-0.15543374921193046,-0.04840002903401821
1.2358274613817661,0.9454485045736551,0.7853553684461232,0.6299433806146177,0.7657281672826912,0.8854187307067012,0.9344118865276764,1.0005264686428468,0.7860036968249919,0.9009882901190328,0.9655525961523848,0.7945962464504838,0.8488107618887714,0.8922167813430759,0.8644508983505962,0.9348114602163337,1.4904787787144764,1.0895082718226123,0.9474987052803522,0.9323094799447753,0.987250824013171,0.8459217150617354,0.7390507896598434,0.7793671073093708,0.6773743464067176,0.8901126000258932,0.7275446893192079,0.6144340696336397,0.6817278072072568,0.8036444103888369,0.7715595418422359,0.709424818751335,0.7145585998416927,0.6264968029836254,0.6375495198058669,0.8434303157340258,0.5250466223898477,0.5618663749588891,0.5092096900126661,0.9003395650374814,0.8339775146576949,0.6077386187671007,0.4460478319847157,1.1924105769265418,0.8974693074675502,0.4948103223479211,0.4713939323422863,0.49491963797253147,0.45196814073260144,-0.21973084080072808,0.058430162726674006,0.03355650938502463,-0.029991596166463522,-0.0033880377505740144,0.14927925583296026,0.013564303521770717,0.05244011633176452,-0.20616648127378176,-0.07933440984319737
1.1915029803695496,1.0187860090460805,0.9390721165289191,0.7263248172757069,0.8961186860572179,1.0256698340812478,0.9250996325407013,1.0543071576445906,0.8763631414329917,0.9256464808855996,1.0834493898887063,0.8992677035465859,0.9825447806907587,0.9416687096785371,1.0414457997522926,0.9722905752534332,1.0895082718226123,1.8993914193004442,0.7599040170411201,1.157841683392128,1.1089090536445172,0.9983377022667417,0.9242712043823584,0.8676861810744863,0.6951883098733564,0.9712606213894558,0.7413488011176693,0.6708063264415002,0.7206863713316176,0.8960004812470057,0.9098395261398476,0.72260007940297,0.7464904133131609,0.7035807274430389,0.6372981711519216,0.8397761516793565,0.55904182577946,0.5852566329032507,0.48480812519645344,1.128718804785034,0.9159455476127072,0.6130166477332736,0.4521064211629353,1.3432272643667638,0.997259151935665,0.4858767931479616,0.39969058520428824,0.6660812508877503,0.43277702161842424,-0.1495927593604117,-0.07695276841944466,0.11306183089417433,0.07925380839582374,-0.058052295198200335,0.09408932302181115,0.02606391279614313,0.08046797218717792,-0.23647727430213253,-0.06298627088880826
1.0084987801862002,0.8825114702787622,0.7452294525565388,0.70639367389772,0.8071387542698439,0.870960829059383,0.8554692544907512,0.9149583401412863,0.7772831256749831,0.8631641144059892,0.8377348409551653,0.7754558717775132,0.8802993784697857,0.8733854750789772,0.9477912535933145,0.8786637960230883,0.9474987052803522,0.7599040170411201,1.49017709485264,1.0500965527487818,0.9085267230976048,0.861694974742398,0.848335731495573,0.8636091721688104,0.7628826268048614,0.9144835745745504,0.7665608571924333,0.6959924469428602,0.6422545322936896,0.8789146403876031,0.6639291690268195,0.7442662438729977,0.7383984666252061,0.624494005876077,0.6972034260402504,0.8232946439888305,0.5219348213241317,0.5751648586152652,0.5192084741106321,0.7351154587039419,0.8265729908350199,0.6656557761623203,0.5049337128147269,1.124598769714736,0.8394524586090801,0.5456635572249733,0.5311044979230554,0.4233257145292226,0.4582157307529988,-0.20291093452971745,-0.08757754385924164,0.17242105733740454,-0.00421460033583583,-0.010685801426795899,-0.041564961691342356,0.02874292366010007,0.012694129431341848,-0.15279449349418794,0.04835858480036042
0.9261571374660177,0.9032066323629984,0.8427126397370773,0.7355730104434679,0.8392207383341095,0.970487051620698,0.861296680040779,0.9642328545149795,0.819723481668745,0.8679187631711275,0.942201134575219,0.8132873512077065,0.9259834359337644,0.8815361521823885,0.9647498700002664,0.8183320177000589,0.9323094799447753,1.157841683392128,1.0500965527487818,1.5314093200744368,0.9731577493973727,0.8773655913436779,0.915601253907595,0.7934714218082951,0.7714464324194291,0.9661035661580406,0.7411673761163948,0.6368677076701998,0.6470060001149904,0.9455614355316446,0.7447179253601472,0.7037915390832387,0.7032339835593847,0.6290919617413848,0.592139718400139,0.81797961823882,0.5265827126379511,0.5659137990374106,0.5190917415698261,0.9981587279900968,0.8838871404448058,0.6505539590143566,0.4478421004399187,1.2207846505808415,0.9225480041073394,0.5047698169789913,0.4544138423354631,0.6080976733661552,0.4234141368354986,-0.11160023024501639,-0.14161044646348153,0.1050654370905805,0.04202540055328025,0.0060768075444062285,-0.05718608754309043,0.03353898939471682,0.08538147634052896,-0.2381074035744616,0.06657464000101601
1.177369259556653,0.9846796876443163,0.8883467830553822,0.7747699194705312,0.879807241474831,0.9911921510514471,0.9561138466917904,1.0411198043980088,0.8645711176348648,0.9343920142430897,1.0186646960769594,0.8855858719063925,1.015952766577252,0.9683729600791093,1.0633866587322673,0.9504536190671183,0.987250824013171,1.1089090536445172,0.9085267230976048,0.9731577493973727,1.5304507209253149,1.0755384239291534,0.807903110823187,0.867121207301629,0.6226542676304347,0.99849547845314,0.8266134342674796,0.7055880091988856,0.7732852420421872,0.8771764767538842,0.9317498807976351,0.7548622502654552,0.8099220076201407,0.720622046183404,0.749073969216772,0.911263474567253,0.5977769134803794,0.683623315300666,0.5572905999877518,1.0726634414817198,0.9326783004220331,0.6759574681230387,0.4985522729172716,1.3625175593276782,0.9000110635098098,0.7301837095250604,0.5660769978514524,0.6163685634217917,0.434290116040235,-0.08450114609238779,-0.1003638631911464,0.07026576454669982,0.0938744137841435,-0.07003048975810015,0.07633683152733342,0.013107110843916137,0.10050643397634107,-0.26575228320780514,0.024331091476016864
1.0455508462100993,0.9491966211725021,0.7784168748695607,0.7150789135741153,0.7890058733522999,0.8576187778362823,0.8487541566593176,0.8914421505532596,0.780064119519996,0.8019788610900915,0.8483233189315826,0.7832277730900973,0.8652408624097823,0.8786809473014171,0.919923543052518,0.8757444320315767,0.8459217150617354,0.9983377022667417,0.861694974742398,0.8773655913436779,1.0755384239291534,2.096261633764339,1.1960834104985802,0.8082629578884878,0.484843501851999,0.8513752809060385,0.7621725318720916,0.7448061727900548,1.002390794428793,0.8758878490068098,0.8341065533764235,0.8768487457876275,0.7817153038363589,0.6599824272298039,0.715568453354825,1.0047993011732916,0.6907260281656165,0.7586378737488805,0.5554075161022565,1.1137170584807004,1.0276840565357337,0.6817188658233423,0.5177389577934556,1.4998957329139684,1.1435756024831885,1.0886755038706097,0.7912972358257792,0.6543215065938288,0.7304048171024129,0.03622735433941091,-0.12061479833295079,-0.05555067972823613,0.10949782404086879,-0.04398778874939431,0.1492589421363374,0.01387042141319413,0.03560255233818981,-0.1981062774594048,-0.029739111098289712
1.0350963758526146,0.9983948764740317,0.8784713843998652,1.1325753965175605,1.0145353461249793,0.9055642264368842,0.904478714593767,0.9638666946994685,0.8517271127372069,0.8040092785694798,0.8554187818435269,0.784506833102356,0.8461908013794649,0.8787440610483562,0.8495876813390338,0.7795896578613459,0.7390507896598434,0.9242712043823584,0.848335731495573,0.915601253907595,0.807903110823187,1.1960834104985802,2.9129638500652404,0.8199843290064823,1.168156586992601,0.8451838308458087,0.7792877220681033,0.725665576666895,1.0678974044688,1.0991913994517633,0.6625376885541174,0.8613897002287064,0.7901125246420272,0.7450976347803473,0.6821431683562068,0.9105975599391047,0.6024111614965326,0.6790282772058214,0.563921418274031,0.8693294075390475,0.9599983533227938,0.6403956140856003,0.5312620885571974,1.101542125655752,0.9535270976916929,0.774222117841032,0.8851388646175514,0.3524308586429874,0.7600444936186095,0.03392348454663848,-0.007526443013041906,-0.04246685658876499,0.17669896437787966,-0.023512916894034154,-0.01479572906752853,0.10073388606547527,-0.00614366399294225,-0.3239811205413702,0.08565927874024577
0.9310247215141696,0.8774740525922446,0.7556606872286348,0.715777761100067,0.80279549985053,0.8466845711064643,0.8110314274888817,0.8357075948831171,0.7378280293088431,0.7939236416445505,0.8207546300529571,0.8219864610145133,0.8308944524183323,0.8000458501578651,0.8535380017623289,0.8264000502682154,0.7793671073093708,0.8676861810744863,0.8636091721688104,0.7934714218082951,0.867121207301629,0.8082629578884878,0.8199843290064823,1.1209930232379126,0.692617072959247,0.8315291981163081,0.7454122678937481,0.6444564051931101,0.637612630353775,0.8687191389203334,0.7137368811588224,0.7351717768749769,0.764770504277797,0.6700106669346296,0.6910912272100715,0.8619768389490178,0.5254539317391271,0.5670092808915872,0.5007832152182446,0.8042256571884743,0.847441835197278,0.6090130418186642,0.5154855455930992,1.0975122871183307,0.8264510536759021,0.47929313791486833,0.5251817457455008,0.3881418144625443,0.471815558061616,-0.08275607077498029,-0.158531563122833,0.06689011257969686,0.012838253430893185,0.013675944430774179,-0.03398409849085326,0.03244259851638283,0.05137103084694156,-0.1796281835613016,0.02966001747796277
0.8990304528024532,0.8509507651382916,0.7007708922776384,0.7694992566373929,0.962369647727068,0.8822519223543828,0.7054732875583374,0.7694336179810779,0.6577708154023725,0.7364453659831156,0.7199557266941728,0.6739811431912978,0.6738634807278652,0.7083652467725694,0.6679346811265139,0.7423993153461811,0.6773743464067176,0.6951883098733564,0.7628826268048614,0.7714464324194291,0.6226542676304347,0.484843501851999,1.168156586992601,0.692617072959247,2.6843136965461114,0.688979791063737,0.6937129921266183,0.572137502589983,0.6835510416686652,0.7494332605050592,0.5468498543679856,0.758849597433578,0.7177419308173412,0.5398883367922659,0.6364995159362798,0.6923271803903389,0.36346503465731034,0.4658659878377112,0.4332915581294561,0.15181591114244714,0.5818731003353259,0.5044502840720226,0.3089624039943488,0.8403571294703073,0.7437701002661701,0.5658590724027479,0.5304050837696976,0.3183733214645102,0.6281579594236911,-0.08877340487927264,-0.11475539369791038,0.0003586606226519803,0.10569319848562514,-0.010762452726403983,-0.1449730748236663,0.046881809059409835,0.15202904038522969,-0.16931783010586657,0.00515942137520996
0.9197214812664729,0.8574193296138761,0.8051109976187808,0.746224792636286,0.8469571709246261,0.8978044187538385,0.8743885755026818,0.9686260326722848,0.8305582693257608,0.8652947499098554,0.950489071382869,0.860001189084948,1.0565086962124322,0.881827068979122,0.9944877173417727,0.839783937403887,0.8901126000258932,0.9712606213894558,0.9144835745745504,0.9661035661580406,0.99849547845314,0.8513752809060385,0.8451838308458087,0.8315291981163081,0.688979791063737,1.5822378683951388,0.8689244515986223,0.6259896091959968,0.5815307841456193,0.6607675862055301,0.8436393437378654,0.63747213618784,0.675821195934944,0.5793431199474446,0.5777611349137112,0.8227659070269095,0.48677221101960416,0.5252252209085885,0.5023815121153729,0.9841134766088613,0.8105055940182101,0.6343185323520822,0.38994869144817557,1.1223203056355593,0.717499900061857,0.5374926425139834,0.4578054974412348,0.6030088780963568,0.17710187620854814,-0.08484677538430101,-0.11400515452419617,0.05906223104652092,-0.042263026486696144,0.034452467561452246,-0.03398806459713471,0.05043778273905553,0.017580198216564893,-0.12849443178052236,0.042619470000503444
0.7652254744187369,0.7833610174636406,0.6987919931100084,0.6307196434144143,0.7551961750397557,0.774820722304098,0.7689376870020658,0.7610918303936842,0.6802639783014,0.7349471347602144,0.7733441100680511,0.7077493717207356,0.8166490700008917,0.7602335246906836,0.7814479971736112,0.7598239597325179,0.7275446893192079,0.7413488011176693,0.7665608571924333,0.7411673761163948,0.8266134342674796,0.7621725318720916,0.7792877220681033,0.7454122678937481,0.6937129921266183,0.8689244515986223,1.5473232618789226,0.5317948531534106,0.6497802303370739,0.6659873682080025,0.6833967915036391,0.716503941332081,0.7560656386972753,0.5820589659633695,0.7920446352129099,0.7899874752682429,0.5423102960069998,0.6048658419355611,0.6535482880907753,0.7814444595366191,0.8198021365033418,0.6985645434384177,0.4374789008580747,1.1516849644151719,0.8380019076563778,0.45583892448888913,0.4956400477104607,0.582048686872368,0.3829946996713222,-0.11423688642001281,-0.07650931285498973,0.010846995093314481,0.08120541022513525,0.005134559802076709,-0.17957580759646785,0.10321530821912257,0.2651815319939656,-0.21793003002018274,0.04541981815003372
0.5377841228986886,0.6170922829888916,0.5375055760720523,0.5372257330598404,0.6508930475607384,0.6178464585946837,0.6890760174190161,0.5556036412241941,0.5650355457764679,0.5610941203288536,0.5878517466371618,0.5215652769370812,0.5988571286271165,0.5673345093564428,0.6053425901310907,0.6528125950567475,0.6144340696336397,0.6708063264415002,0.6959924469428602,0.6368677076701998,0.7055880091988856,0.7448061727900548,0.725665576666895,0.6444564051931101,0.572137502589983,0.6259896091959968,0.5317948531534106,1.7457639485586167,0.6623092448669926,0.964253749229046,0.712768526848626,0.6668527789294401,0.48473634778680236,0.6008057279054146,0.5712176979867205,0.8062208809191536,0.4551487812372741,0.5092500320132634,0.4502770735664699,0.7827426805044658,0.7973237219665915,0.503590266987565,0.43993201838246737,1.3599970833076127,1.0546435366072677,0.958263158247622,0.5390516612847319,0.9717010134912994,0.563823806944588,-0.05596091068270685,0.06726004466352065,-0.030149494406301394,0.16208887009976855,-0.06706061745762881,0.04703637645325586,0.096849754984926,-0.15204618276555026,-0.16382429830834624,0.041678603215642256
0.7576818469965771,0.6976602604706481,0.601144320241924,0.5540572326210368,0.658633933288225,0.666562879887312,0.669633815290892,0.7007255058491669,0.6173799761826455,0.6106179425717294,0.6595300555751423,0.5679587821959984,0.6091132569411479,0.6145590224956058,0.6435154531475071,0.666990625369548,0.6817278072072568,0.7206863713316176,0.6422545322936896,0.6470060001149904,0.7732852420421872,1.002390794428793,1.0678974044688,0.637612630353775,0.6835510416686652,0.5815307841456193,0.6497802303370739,0.6623092448669926,2.0474017187308804,0.8911510189127484,0.8294467489618578,0.7959260102041872,0.7056394702543212,0.7251824836449425,0.7319420189643351,0.908074706072204,0.42071345580650493,0.5517007730465586,0.6182693952106846,0.6722934907392186,0.8374126280209571,0.6721103495166807,0.6213570512492833,1.238189008160646,0.9853060419122616,0.9153716300848124,1.2502979854054308,-0.04468660164695493,1.1358400972596607,-0.024565157817294667,0.05891797910661833,0.02007756535145657,0.059219258106392225,-0.06238636192317094,-0.006432903878648908,0.015528483735453662,0.11413862309989792,-0.06199426408687111,-0.1277875796888339
0.6734951596495813,0.8146003775995009,0.7616822866060383,0.7972849183247437,0.7520456819526525,0.804022527205744,0.7827669824460503,0.8575720299250009,0.7176888055041809,0.7288636987035987,0.7192197622794454,0.665521707919924,0.7129587193650305,0.7508529922782704,0.734963374998379,0.8163006718154665,0.8036444103888369,0.8960004812470057,0.8789146403876031,0.9455614355316446,0.8771764767538842,0.8758878490068098,1.0991913994517633,0.8687191389203334,0.7494332605050592,0.6607675862055301,0.6659873682080025,0.964253749229046,0.8911510189127484,3.916998590318597,1.0412862873180224,0.9478170002344487,0.6350968319309243,0.8245029962493228,0.7818623470072251,0.9674070462331255,0.4949420254990328,0.8448370446661909,0.49546847571903035,1.0946135977489502,1.1300926749260565,0.5842866416578382,0.5379282767438586,1.0862624016590399,0.9218937118945922,0.41531184514338637,0.6913681221512586,0.07776390100658317,0.9370600457015072,-0.1888062946084206,-0.12454429240557764,0.28410171297926873,0.2421249556197019,-0.1598861038134785,0.09100353404874721,-0.0009408458987864779,-0.00619287642468582,0.08510383824926793,-0.0991768988976942
0.8158845768753266,0.742929896515284,0.6636828000069473,0.5378115184416595,0.660548878065725,0.7153685821585604,0.7317476730150114,0.7610050324860245,0.6229536526495631,0.6869588611372094,0.7526883470805364,0.6298671286550734,0.7240989587910672,0.6882907688399977,0.7494936817215272,0.7170824105795647,0.7715595418422359,0.9098395261398476,0.6639291690268195,0.7447179253601472,0.9317498807976351,0.8341065533764235,0.6625376885541174,0.7137368811588224,0.5468498543679856,0.8436393437378654,0.6833967915036391,0.712768526848626,0.8294467489618578,1.0412862873180224,2.431575837511576,0.5987895268571194,0.7298040369466061,0.6973698759353927,0.5422286560465397,0.8291996785355056,0.5779173959154009,0.5708752985722161,0.44499138315475867,1.1109257788783382,0.8566611925854792,0.5190551894950817,0.4414943325933404,1.0165902322559455,0.5596847983083731,0.6781086717587143,0.6626786992232524,0.37110698740706627,0.26473181890007236,-0.15283862203021725,-0.08366320698705094,0.08474674762563933,0.0631470202559529,-0.029037668704600495,0.10647318991806456,0.0025356897050452954,0.0807253940395162,-0.2017488437754198,-0.09285727203113506
0.7761893412820311,0.7691811158726652,0.5515870704882841,0.6869454307932596,0.6965894704343064,0.7045315615471455,0.7013156535591052,0.7260111034147225,0.6438565401064853,0.6719264292306512,0.7096761617079183,0.6355203070782963,0.6799390046070167,0.7195946985126636,0.6783155639811024,0.7517801725068728,0.709424818751335,0.72260007940297,0.7442662438729977,0.7037915390832387,0.7548622502654552,0.8768487457876275,0.8613897002287064,0.7351717768749769,0.758849597433578,0.63747213618784,0.716503941332081,0.6668527789294401,0.7959260102041872,0.9478170002344487,0.5987895268571194,1.628513563255584,0.9463795746768109,0.7072266890279598,0.9784041485764695,0.9620040583655913,0.48016577122775495,0.6535596960561373,0.6239766475837522,0.6233449505499512,0.9456624910475796,0.7425424963107683,0.5333565649749415,1.223708808499733,0.9779268899225155,0.4394455227604701,0.42790891868779457,0.4728043296963449,0.7687552192661298,-0.044822188226772405,-0.02094896445323855,-0.1208740964220303,0.1784355574229139,-0.06038545931719203,0.1287931171541294,0.05424395401199146,-0.000856749557977762,-0.022211001146985182,-0.19696506322738636
0.833946250680728,0.7865733060620579,0.6240943199825362,0.6033702582810032,0.7024538001478673,0.7363066150567211,0.698349662932562,0.7520773888258693,0.6528836218595288,0.6911617746984747,0.7353700896557137,0.689239106038437,0.7213100382987694,0.7429980731352922,0.723174568765216,0.75366070323231,0.7145585998416927,0.7464904133131609,0.7383984666252061,0.7032339835593847,0.8099220076201407,0.7817153038363589,0.7901125246420272,0.764770504277797,0.7177419308173412,0.675821195934944,0.7560656386972753,0.48473634778680236,0.7056394702543212,0.6350968319309243,0.7298040369466061,0.9463795746768109,1.4919427459485366,0.6291735290176329,0.9934910835594796,0.7642105224244506,0.5269353639907745,0.5458777303838335,0.5694960867232596,0.7123876631444885,0.888129065675246,0.6240319932846846,0.4169281074467398,1.1293996769449897,0.8760416947642866,0.47843321175842896,0.47055403045485744,0.45555247247351494,0.6759054715154271,-0.1293171683149125,-0.12082773668054005,-0.07234986896101304,0.15792845007173067,0.004700254417703939,-0.035224865636108896,-0.012057021803168186,0.14613800906135269,-0.17761907200584498,-0.05499657064421734
0.6932823910409283,0.7009857887334795,0.7923237705468433,0.5602043096189204,0.6806010664477694,0.7054607712688655,0.6329567487856719,0.6552031978221076,0.5938274207707297,0.6156463306236981,0.6481262045441656,0.5890596443259201,0.6145448428997982,0.6198556858913229,0.6234988766864418,0.665136251017169,0.6264968029836254,0.7035807274430389,0.624494005876077,0.6290919617413848,0.720622046183404,0.6599824272298039,0.7450976347803473,0.6700106669346296,0.5398883367922659,0.5793431199474446,0.5820589659633695,0.6008057279054146,0.7251824836449425,0.8245029962493228,0.6973698759353927,0.7072266890279598,0.6291735290176329,1.3582670563288626,0.6547257199127732,0.7798019154906854,0.4386709653511234,0.40030455681614,0.4386215333901819,0.6403669427347102,0.750384915975309,0.5914366995080402,0.8331841638041416,0.9217254329980741,0.7435121890277953,0.49667975592052116,0.50071233364954,0.30315304986852876,0.29201349467535737,-0.09482253676434853,-0.016682825118653474,-0.00298040308908713,0.1555689466670962,-0.022469861510543036,0.13351070387043493,0.0026630731177730658,0.12256251302465844,-0.09411787882455165,-0.10712958413657944
0.7736984971224711,0.7601335046154856,0.5894088051095075,0.5940282099222293,0.6784432970760664,0.6744619780546612,0.6628694527025379,0.6816764719197129,0.6029767447234978,0.6524368526468951,0.6652432301406884,0.6182944970357839,0.6441045984641646,0.6796655875848961,0.6581325431315562,0.6870202650727335,0.6375495198058669,0.6372981711519216,0.6972034260402504,0.592139718400139,0.749073969216772,0.715568453354825,0.6821431683562068,0.6910912272100715,0.6364995159362798,0.5777611349137112,0.7920446352129099,0.5712176979867205,0.7319420189643351,0.7818623470072251,0.5422286560465397,0.9784041485764695,0.9934910835594796,0.6547257199127732,1.353426441099911,0.8296063145412699,0.4838570502942229,0.7261453963116866,0.5247163674408004,0.477916244570328,0.7400035670836413,0.6219664279578635,0.41251035781651835,1.2011097095501646,0.9501508516697293,0.5402504910247534,0.466411122602518,0.3850151400723373,0.7880511842685103,-0.16235368854780796,0.11153919575631276,-0.06994215492489218,0.18030482850023513,-0.0740315283865177,0.06731334847453929,0.01683264848858868,0.04480219282937342,-0.06542537566592518,-0.13887779472719458
