3.367597112318595,0.8579508522262744,0.5833618309123029,0.4680034520468994,0.7554228156082871,0.26731503967856807,0.4243308659941946,0.35257447422162197,0.20141303150676976,0.4047778134150019,0.2622622527257893,0.37438698363096984,0.32345832750058406,0.2550797226627762,0.39465681754191795,0.27265054266399674,0.05162018790252579,0.40540868898748345,0.0632372976417213,0.16330617589139318,0.2421802352725756,0.26291276902103583,0.22363836467437317,0.048095210070181846,0.6813610668746081,0.10125666996920456,0.23167368535877733,0.0266985175011887,0.33777396716409996,0.14511406933274773,0.2720872162476926,0.19657713707169955,0.013371694631764465,-0.042266606833546806,0.13834278325648486,0.25248755481528,0.16702065154394194,0.04429461301167637,0.3409472420588131,-0.006348450718550047,0.1857722212948025,0.05114200977533993,0.07990264703560708,0.05494266451329131,0.09627563566801106,0.23936479902344526,0.23865520449567712,-0.04424906199142186,-0.000111024981261341,-0.1296750022643364,0.04444612620216698,0.3410467124026186,0.10110553495531793,0.018475460462652454,0.30400944192837726,0.070828212957364,-0.15097062213482512,-0.23741625113031686,-0.0024605176293559902,0.012197020083182946
0.8579508522262744,2.9626785796527617,0.4817038155318821,0.10471677738270543,0.29632490501075615,0.23619595752541525,0.3545991653784771,0.18529742362108775,0.3326649498970881,0.2909191688918085,0.21753165408558714,0.34671427514805525,0.19801691793469303,0.2406413519440037,0.5587685891823461,0.25550399465626944,0.08518015022092269,0.10595666070307443,-0.119008486803785,0.13462975729481982,0.30427651649530624,0.2041360283313464,-0.2828557140645961,0.07839763030955799,0.2753880271339169,0.24570288115863284,0.19775802888564611,0.2436486586743706,0.19101165148628513,0.1860816610574352,0.2735083334868771,0.14573022581145,0.1265327386570155,0.030478217157228135,0.20927428849292176,0.11185583843771192,0.4393804656093016,0.16710920986749472,0.1691181828070521,0.14424193450906284,0.20081986133975524,0.16314580496538916,0.10842017944564683,0.06155741314712624,0.3397481656989933,0.15300953377364157,0.18607876599092008,-0.021110347974221705,0.258220459055264,-0.26971598739984864,0.2185233949547499,0.23497531495547422,0.05142530754078364,0.07999227216665238,-0.293304277458314,0.20837187083377468,-0.11426035232553867,0.1372123980977918,-0.022576845850760315,0.22917917828186615
0.5833618309123029,0.4817038155318821,3.3194238351845775,0.27261070504008644,-0.14295577349965152,0.7261955099554476,0.3652019754702152,0.5156173525533201,0.5940148338936503,0.5445161693051546,0.5472484480625994,0.493711645345309,0.5191461307889914,0.32559002872970094,0.3190789392204431,0.35242472343795705,0.4385767284384737,0.40644268974382114,0.9068557028428913,0.4330543381942784,0.34825952557214107,0.4668611755101375,0.3063506923698353,0.3159280183892277,0.28416195157366086,0.2560083418797252,0.3756924318745177,0.21730593522271055,0.47293926085259025,0.454071124310899,0.3192186813821656,0.30224975612212657,0.30936680898778757,0.21969467203069287,0.20132408804195262,0.4800705274786441,0.3052017177635982,0.3308647239514433,0.32448794342427384,0.11329000506798874,0.23718757108669652,0.28604539155095643,0.2957712485646319,0.20854247874248552,0.04961117882614833,0.3908339665294109,0.40393892270510023,-0.06238750255843129,0.19528617800796969,0.14462844578406883,-0.002121241994753597,0.06563001320098359,0.07886660589280181,-0.19294036618272722,-0.10368165401232603,-0.009238748951617188,-0.2438724626816462,0.08527070154867612,0.14828609101370435,0.15196742528912704
0.4680034520468994,0.10471677738270543,0.27261070504008644,1.283261942374551,0.4944901669878579,0.33619687189565006,0.20629717084638108,0.3103754304307843,0.20286547037372296,0.27483948728385793,0.22103277567335972,0.23191711485807878,0.2747562881695969,0.18019264780305264,0.17008116547245203,0.20865254576116904,0.1858298067594219,0.3317900863819099,-0.1181139960202838,0.16710214213181318,0.1585473971377171,0.1862434719868062,0.25358280877137707,0.14022095424545566,0.20826935319664291,0.1815765839143026,0.1652675501809633,0.07220178590579078,0.21287553152234204,0.09656120767081092,0.17606306845985625,0.12600687487814954,0.10777782199729677,0.20704372554988565,0.10710917229673089,0.21694717224456292,0.18245104092878003,0.16938094110020016,0.17949187813374262,0.028913941764444392,0.08231737170101089,0.09010046505907535,0.17962860325903307,0.15773625337052058,-0.02633209319017035,0.14374050742710906,0.1940358475984456,0.013396353262737708,0.11216645802655553,0.15688905507246992,-0.04478835362965949,0.3333390862632696,-0.06702037875402046,-0.20343738993775282,-0.08495353955650618,-0.08353018119127889,-0.332828528981034,0.17586392158291045,0.1868628047021867,-0.044142406244047354
0.7554228156082871,0.29632490501075615,-0.14295577349965152,0.4944901669878579,1.3887355622993998,0.13848483103050968,0.2780783405697228,0.2819748076263427,0.13474304396349301,0.18336984671341683,0.16544882112704568,0.24761262694714528,0.2752901888636294,0.18665093421040832,0.1428657202323242,0.19363922887367607,0.03817853953590062,0.19655591631750016,-0.1024896946135862,0.07963305556390632,0.12026462037466357,0.1444536399396191,0.1769951392280014,0.12198526012033022,0.22866797822385845,0.18808677257408052,0.13517013620183171,0.02785302797130923,0.15537255515954385,-0.08248285910239214,0.13821887501050148,0.17615648075187645,0.08497627770955755,0.24335421668275978,0.060246010496599244,0.172647420851246,0.13075465419921092,0.06653642291906098,0.06556163109117902,0.01821694618792711,0.03390293598656711,0.09565876399218474,0.04331792312221239,0.0763951413278276,-0.016978393923587815,0.08762703363085696,0.11193893059862496,-0.017932264339656594,0.08050785061773143,-0.08299824547584501,-0.08319136155604799,0.33345821116006175,0.0018731928118520087,0.04345113662865435,-0.03411645240348615,-0.07471966817430326,-0.12543038411760624,0.006406133786907493,0.1243485689473823,-0.08356430414167501
0.26731503967856807,0.23619595752541525,0.7261955099554476,0.33619687189565006,0.13848483103050968,1.1338125968998236,0.2521848998115911,0.4740948206833919,0.3856584889707696,0.20589048712912755,0.38958108557749654,0.40489345067703547,0.34622806260224115,0.35019363344248805,0.25420263927430886,0.36900298746296945,0.4267597599212667,0.2557787636649946,0.33724271336727035,0.37757542821252477,0.31961320857915554,0.38252496104827577,0.12230936305489415,0.20928515310093168,0.30995891774116724,0.4247048544657895,0.29539517672449656,0.142844358918448,0.4117867247953056,0.12280487496022405,0.26252302492066426,0.32997100809739616,0.06536477546921184,0.24735995577356715,0.12429085913593234,0.2757309879870356,0.09503108834209928,0.27684459036077086,0.23115088951106444,0.1627780064332522,0.03698703378652282,0.3146248191128794,0.24957063769651672,0.12954761333697232,0.16438588260413975,0.22028430790114276,0.1972663731406465,-0.0616312801835638,0.1082299340793517,-0.0201716954610249,-0.12767527504614554,0.07446494577675652,-0.02748113034145567,-0.010864335796535465,-0.2148647419139821,0.009101619469502161,-0.09808082105265235,0.30788866765181655,-0.09270051285024807,0.1486692036658592
0.4243308659941946,0.3545991653784771,0.3652019754702152,0.20629717084638108,0.2780783405697228,0.2521848998115911,0.7320457280404205,0.1735643947640215,0.38973262929121105,0.23589255380073967,0.24892188957475406,0.42036849299644585,0.25232440260768646,0.3183544693744818,0.0731691451418259,0.31549976443502314,0.21204374192939135,0.19857157677512335,0.21972290419008275,0.16189201337293377,0.222161497953699,0.32848318756457373,0.21773115658062278,0.1860957606383495,0.15406174347235133,0.1869596786557128,0.20810398947103106,0.10627222608280018,0.17971874354875067,0.14534919642642535,0.16626891838757266,0.2456804623192123,0.19140256907962303,0.1523248183035338,0.062099104416763154,0.24012612531283423,0.1861777824824164,0.13265960580770444,0.20962110499769904,0.009181209601978211,0.11993303175259581,0.16806325776077918,0.1369367956012637,0.1315447972592124,0.03735687575184902,0.1833905157483159,0.21217820986670308,-0.041942334041375415,0.3245742776945558,-0.13753441132904298,-0.04663236197276133,0.1000995405037411,0.020975553649716972,-0.017593820923977082,-0.06809046689265001,0.16691414331963036,-0.005244513556997431,0.09219973637240154,-0.33166112090933064,0.11776910271810687
0.35257447422162197,0.18529742362108775,0.5156173525533201,0.3103754304307843,0.2819748076263427,0.4740948206833919,0.1735643947640215,0.9394068828826175,0.2683124495327667,0.2584431498073763,0.33622477764532877,0.1792848220456568,0.37584758312137617,0.2991650014536093,0.11371516663961084,0.26264856754776433,0.3086923011702811,0.33342676612263683,0.2628659030185393,0.2869860753195733,0.19945333293147144,0.2592961429932654,0.22806245415464105,0.18831066797339854,0.23113400449223995,0.26714554950928127,0.24423210182739064,0.06121420963975091,0.321835156433283,0.21305478418118065,0.21704878039494718,0.21061085974017382,0.11682835162442773,0.21208883944111792,0.12141889817272665,0.2745139247348594,0.1719849626545877,0.1829490660462736,0.1513925786700397,0.11574902230614065,0.1301590548574211,0.19521412454396386,0.2092464249115462,0.13251079146693237,-0.024999567357798583,0.2284478462306038,0.2633600261478969,-0.04151672120763257,0.22201027693191538,0.014612554582020036,-0.008373963856760305,0.0549201520960002,0.05942696516688089,-0.11614373539569055,-0.12579789355590396,-0.07919781149764141,-0.09922196574951335,0.17808629145792448,0.15089766571635665,0.09816026109197233
0.20141303150676976,0.3326649498970881,0.5940148338936503,0.20286547037372296,0.13474304396349301,0.3856584889707696,0.38973262929121105,0.2683124495327667,1.039265095264478,0.17437366758320402,0.22580653895717528,0.22894840505824815,0.2849318601686627,0.24852691412837588,-0.0052108178116218005,0.20818315538559765,0.2304084874021053,0.29905192314286677,0.2997916720384927,0.15242130076714652,0.23443072478017382,0.5459718045251076,0.26056404744101175,0.20378647695621535,-0.048325525589915846,0.19431707249204522,0.19726394399786368,0.19223426202449462,0.1349303320101524,0.25914522430118875,0.2370643655611813,0.21332246035862945,0.2823283215581371,0.10213071387906975,0.12784226344867503,0.18780941873697052,0.29379391151036083,0.202511151847248,0.285573690837123,-0.005297505749997679,0.15128161775521753,0.13251805059131427,0.19070203882605552,0.2500286847141215,-0.0057421798466785225,0.1600026472914864,0.2646384518406769,-0.022179692336686183,0.6040423136867981,-0.09254989440855216,-0.005054649603572214,0.03306973454918382,-0.017910215233249576,-0.07524877456188012,-0.08221154741106855,0.24886025799721448,-0.07412057190314245,-0.02708238985553056,-0.11709617744036091,0.17980670356641082
0.4047778134150019,0.2909191688918085,0.5445161693051546,0.27483948728385793,0.18336984671341683,0.20589048712912755,0.23589255380073967,0.2584431498073763,0.17437366758320402,0.6108807799799228,0.20425932687791454,0.21134961519655354,0.25561746324745777,0.17077683652665732,0.16334800457313428,0.1769384586969172,0.17509411837110078,0.20103662004853043,0.14886395805130476,0.17149444256449106,0.11822571724087895,0.1871575658517807,0.16454432653552997,0.12097724493615132,0.14650798952190894,0.08604874354837859,0.16969862592979174,0.0812476823147215,0.2372254500692839,0.26152732477868484,0.13162486592870962,0.12512087940351269,0.022542608535667426,0.21901095214770586,0.24609723340457448,0.1983629099320716,0.214688508310426,0.07938540417955357,0.13892509455396637,0.07047660783900143,0.18514939068372077,0.09882218476840698,0.1385993795772766,0.11716534852316768,-0.012084500294612879,0.1641083108257408,0.26602246709169963,-0.032128422952794576,0.1534508617290596,-0.01898326695167949,0.025476728234204382,-0.03687172125484228,0.09688285633837787,-0.033414762907644974,0.0005215689799172242,0.04007002268094666,-0.10806037236835976,-0.0633242060126347,0.1235705588637533,0.05335278865116321
0.2622622527257893,0.21753165408558714,0.5472484480625994,0.22103277567335972,0.16544882112704568,0.38958108557749654,0.24892188957475406,0.33622477764532877,0.22580653895717528,0.20425932687791454,0.5063227863638265,0.25460792419912853,0.3608587242260311,0.24989506071580647,0.17694999802155054,0.2653026456550915,0.28509098746051476,0.2314155219199466,0.2251170477265439,0.27162602530890384,0.2028046080659915,0.2360620157897122,0.19735641934882486,0.1966296720512901,0.17580184018300485,0.17824204864485024,0.22554521231284896,0.11382215145006837,0.301478042186882,0.2211570416232473,0.1756865299326535,0.2119633148555518,0.1428977922175516,0.19074185453949433,0.14295721114889806,0.28194343495111884,0.16139364306041096,0.1690205110069608,0.1209781579108896,0.09372256537468512,0.12788368601285247,0.19183421949442392,0.16859671264601686,0.1151022628096261,0.01412189487647246,0.21384651036538446,0.2304283400435749,-0.053716772470541775,0.19223298265398342,-0.030241708339408382,-0.021437710098849257,0.05848053014637224,0.07656342508244965,-0.019460691831046054,-0.12363560434169647,-0.015179530098969336,-0.07025646464885345,0.15163680277824917,0.0001951171334919423,0.09156650492443091
0.37438698363096984,0.34671427514805525,0.493711645345309,0.23191711485807878,0.24761262694714528,0.40489345067703547,0.42036849299644585,0.1792848220456568,0.22894840505824815,0.21134961519655354,0.25460792419912853,0.7357177120477032,0.20081066321966906,0.2888192520846529,0.2544471148416763,0.352750141695935,0.23935872023887347,0.13892260169046416,0.18942160626289023,0.20748891183597734,0.21758492528155848,0.24968520736900662,0.1396904955700424,0.16353095619399724,0.18199600518650758,0.20927573681798453,0.26622860113891844,0.027789565843827104,0.1607254180999578,0.10297461166442161,0.1532084484095249,0.27774446156812876,0.12680889818238839,0.1337993684896102,0.015858712577020442,0.23698441068495213,0.09349963296987333,0.15732909326745131,0.1716181716151728,0.05774045909037196,0.09999776187895743,0.2086344432110968,0.12485720521357202,0.06921057954338784,0.08423639756195615,0.17793689195871615,0.1857147451593529,-0.038827258219201376,0.164597489019472,-0.10957612572046002,-0.04355886482564412,0.09520219226015515,0.15915587450821514,0.0183635703049262,-0.15619475654501117,0.1329219456282744,-0.04104297050714468,0.158824601760005,-0.2518200876568837,0.1117665250619092
0.32345832750058406,0.19801691793469303,0.5191461307889914,0.2747562881695969,0.2752901888636294,0.34622806260224115,0.25232440260768646,0.37584758312137617,0.2849318601686627,0.25561746324745777,0.3608587242260311,0.20081066321966906,0.7581404272421606,0.2678186890806978,-0.022389831075485818,0.26619228087519076,0.1564524339874681,0.261250476782272,0.30752781861402273,0.1982945610993665,0.15090405947522673,0.28532919738178847,0.30657014746861994,0.2547130236853245,0.23783957351827967,0.15933211124995922,0.26951992195215074,0.09061759896111893,0.3908722153344576,0.24061230686729554,0.1554198187676945,0.2767967870429928,0.16206081598779976,0.2584525117713082,0.1831712298329615,0.3628458025892228,0.08877207219394283,0.12237915845446982,0.09439168887907977,0.06214625863344122,0.10873979814386821,0.1752798637688543,0.15498450348145382,0.17163266965493165,-0.14961081265896703,0.25081362024092985,0.22208504515500752,-0.05553037493887967,0.20711850960266628,-2.0187570758967393e-5,-0.05041499207795051,0.12401668377165816,0.10645681653735665,-0.07742736506198664,-0.10560782358368107,-0.0998909282538187,-0.0885347213430751,0.0956634537222554,0.09966191846720951,0.026769002910459916
0.2550797226627762,0.2406413519440037,0.32559002872970094,0.18019264780305264,0.18665093421040832,0.35019363344248805,0.3183544693744818,0.2991650014536093,0.24852691412837588,0.17077683652665732,0.24989506071580647,0.2888192520846529,0.2678186890806978,0.6830302971640064,0.20897944753067996,0.4458601069083215,0.2330688500272321,0.1544841003554009,0.26963954645006394,0.14685350718456164,0.2459095195233661,0.28903219683115977,0.18629165194786146,0.21240015713431995,0.23274957216519618,0.22993632883790488,0.19554487986857094,0.17649247197917647,0.24352145669942327,0.2877857917077748,0.15599587914096902,0.21735730265352476,0.13835462721896202,0.16593506177371256,0.18084857374119723,0.2064401365617151,0.18456768603304377,0.21713503815535357,0.12957862901920722,0.10940298211243285,0.19064277397661536,0.20074224513241734,0.22753774500591434,0.2059890931540169,0.04003834999459043,0.1550701609419661,0.26429033602847024,-0.055840094519461106,0.39485445013901765,-0.06537656929735673,-0.038317685286783296,0.02439304967837646,0.008032098205378443,0.07754859128103793,-0.20493552341923987,0.029574232929541228,-0.11540130290380816,0.25271759765732044,0.07053481413847544,0.17751887273955874
0.39465681754191795,0.5587685891823461,0.3190789392204431,0.17008116547245203,0.1428657202323242,0.25420263927430886,0.0731691451418259,0.11371516663961084,-0.0052108178116218005,0.16334800457313428,0.17694999802155054,0.2544471148416763,-0.022389831075485818,0.20897944753067996,0.9441846005244413,0.237521514569681,0.21846021916730315,0.17270775885475212,0.028314401802069743,0.19039887153131596,0.2063365828660167,0.07564286245039101,0.10002131923382256,0.11694073279159437,0.13539201348139782,0.1586834193300014,0.12177094303289504,0.17923697983152634,0.13009293109063727,0.25240167480479936,0.1521372797005298,0.06037856931997858,0.12083023875110475,0.09644180455956068,0.16990902728042834,0.13437842290886612,0.3082585266165234,0.18236676430113744,0.10001189425778949,0.06230665946116358,0.20303301929321843,0.1459087433238006,0.1832304584404458,0.1200965387713232,0.16495079371538254,0.14936298165834402,0.20600883212141105,-0.041853218831084234,0.08368011919625876,-0.04492674627364483,0.02564967681953539,-0.08184550193782636,0.03609517878993236,0.04159956614455007,-0.1044905513367697,0.12006372037124577,-0.20365494890075653,0.16639547564256366,0.0035925623667785473,0.12953560182691537
0.27265054266399674,0.25550399465626944,0.35242472343795705,0.20865254576116904,0.19363922887367607,0.36900298746296945,0.31549976443502314,0.26264856754776433,0.20818315538559765,0.1769384586969172,0.2653026456550915,0.352750141695935,0.26619228087519076,0.4458601069083215,0.237521514569681,0.6229710561785914,0.28758322998026875,0.1741562733891596,0.23178983633736908,0.20798895066488404,0.21806350676579547,0.3513846847090749,0.1409727053176771,0.19797431542093055,0.18416177215767196,0.22324573300628786,0.24605911611323716,0.15759678186208326,0.25358151149636743,0.25091507671837154,0.17157300190675698,0.2498408484006267,0.12108935040095208,0.18997437626997357,0.18786525601252166,0.23399645002648212,0.17594486926013983,0.19717433606615598,0.14001454224791474,0.11625294789659155,0.1626252744716987,0.25521206278769387,0.2242729426695138,0.13136502471262618,0.06952059881371539,0.17176317060711158,0.2558726739276794,-0.05369107383654742,0.27368874388159586,-0.06916021240010466,-0.05574390578337451,0.044819243147240326,0.039170957394085965,0.03809275101963251,-0.17534183482096635,0.06409569800780841,-0.153583394004249,0.24874925613795734,-0.019588467528938294,0.14137320902390166
0.05162018790252579,0.08518015022092269,0.4385767284384737,0.1858298067594219,0.03817853953590062,0.4267597599212667,0.21204374192939135,0.3086923011702811,0.2304084874021053,0.17509411837110078,0.28509098746051476,0.23935872023887347,0.1564524339874681,0.2330688500272321,0.21846021916730315,0.28758322998026875,0.9003848171198325,0.2935202077761294,0.2730318912643165,0.338483405074778,0.24246904788255794,0.26182456124530734,0.1655536485739795,0.19777997744363673,0.2533870865484402,0.1156552601419814,0.2046407907550253,0.2146746083340844,0.30746291555872984,0.28734349415193283,0.2391265467534156,0.15381044043874678,0.2622679435056604,0.16663310747894994,0.12184926410611502,0.267999711770669,0.42651009211613333,0.20552196960375424,0.2125480455147276,0.09173482811997169,0.17840308857717083,0.1967023438808243,0.21139075485324216,0.15582130733508925,0.1223271260576015,0.2574506522216865,0.35582688161449527,-0.07388470646676643,0.1761029663365007,0.03161910033800697,0.046030392733707036,-0.2532727076496426,-0.03877507318406056,-0.05765018980154811,-0.09212868429158606,0.00656999497020296,-0.1184995330996675,0.14445493796666733,0.04674900507964362,0.0996073709908173
0.40540868898748345,0.10595666070307443,0.40644268974382114,0.3317900863819099,0.19655591631750016,0.2557787636649946,0.19857157677512335,0.33342676612263683,0.29905192314286677,0.20103662004853043,0.2314155219199466,0.13892260169046416,0.261250476782272,0.1544841003554009,0.17270775885475212,0.1741562733891596,0.2935202077761294,0.918427223756725,0.2256207353474998,0.15523056253560036,0.18572545795894577,0.24167249571482918,0.4293991482732321,0.09753297284131941,0.209374272238716,0.18512175675572917,0.15922148425261845,0.12554922719764092,0.2749313117419196,0.058471450416898385,0.3573082700578577,0.16412943797840018,0.09239683792266197,0.21003683036754317,0.09902766971657465,0.3157902777391916,0.2952312008104246,0.08877706716312793,0.16610208596139825,0.005880296926352738,0.1572155040307995,0.08241288736375346,0.15364367600946371,0.16895385235869687,-0.007742261337998825,0.2881516893543256,0.3345098892101365,-0.05740169092715181,0.05612712798041707,-0.017935076360591624,0.2632818898582433,-0.14529564170585277,-0.21551543491540445,-0.15690461411321036,-0.036498696713688265,0.004202070255443881,-0.07836483558365706,0.07904596866819472,-0.05128618024266156,0.04996851363225952
0.0632372976417213,-0.119008486803785,0.9068557028428913,-0.1181139960202838,-0.1024896946135862,0.33724271336727035,0.21972290419008275,0.2628659030185393,0.2997916720384927,0.14886395805130476,0.2251170477265439,0.18942160626289023,0.30752781861402273,0.26963954645006394,0.028314401802069743,0.23178983633736908,0.2730318912643165,0.2256207353474998,2.1031670850770188,0.21654993635511183,0.19545345766696484,0.3396027266571739,0.10531661027854929,0.1967232451867797,0.25198403708458855,0.1918762917854114,0.20149191500533484,0.21956456515218228,0.30155305303254726,0.19529178767822092,0.21322828553870174,0.2220883968048909,0.28102970539362226,0.08825309758784469,-0.045099217078576816,0.3521240611867679,0.0557403293050407,0.23156583081783216,0.0991002377563364,0.04709840147928554,0.13614465228422457,0.19281844591424466,0.15638690986971815,0.06885977134209613,-0.012800918321034437,0.31428422406731826,0.19354801732132787,-0.07912506077608689,-0.21500764142169557,0.39550293935937453,-0.032001403533178895,-0.01452323600377152,-0.27718706627601414,-0.16180449753804196,-0.1031488189824293,0.026059428889247085,-0.02354275244246815,0.14885698105113654,-0.08013024534572685,0.08437200791753305
0.16330617589139318,0.13462975729481982,0.4330543381942784,0.16710214213181318,0.07963305556390632,0.37757542821252477,0.16189201337293377,0.2869860753195733,0.15242130076714652,0.17149444256449106,0.27162602530890384,0.20748891183597734,0.1982945610993665,0.14685350718456164,0.19039887153131596,0.20798895066488404,0.338483405074778,0.15523056253560036,0.21654993635511183,1.3758752796350184,0.07551830710169305,0.10523317121127966,0.18229371776855408,0.24050570325505358,0.010881822741814876,0.3565793912398739,0.27140481264885175,0.13259183821158183,0.43104685015730776,0.43215963141372515,0.21242274669890704,0.20355915433881172,0.05890443518665788,0.3576479536779333,0.3824350626638992,0.29361824208900694,0.44587523134668566,0.32445642343435055,0.15403550058381202,0.2637980605608942,0.33210824871087385,0.4654137263042946,0.25596794438959,-0.021377721765130118,0.1835759883887804,0.33406437913207643,0.3594051354710984,-0.08612857593187007,0.3904167845623123,-0.04617248255693262,-0.05266923186672262,0.08553385237536852,0.15616056613605048,-0.08914040395308963,-0.08006650048389292,-0.048501607537974445,-0.040769625286509174,0.1634146571100422,-0.07158380301881208,-0.0013404565496899134
0.2421802352725756,0.30427651649530624,0.34825952557214107,0.1585473971377171,0.12026462037466357,0.31961320857915554,0.222161497953699,0.19945333293147144,0.23443072478017382,0.11822571724087895,0.2028046080659915,0.21758492528155848,0.15090405947522673,0.2459095195233661,0.2063365828660167,0.21806350676579547,0.24246904788255794,0.18572545795894577,0.19545345766696484,0.07551830710169305,0.6336478928343451,0.20133560070251008,0.1600011886679964,0.22436268437418574,0.15608313333923793,0.1955151167622335,0.14299979823487632,0.23761224032526265,0.12386720744931885,0.2896230912197348,0.22544695955906927,0.1958253276271079,0.2912035760299172,0.042438165416166865,0.11224906142724764,0.2680990058958365,0.23952729598193528,0.2824374430661965,0.4000625432265704,0.09428577083806523,0.25277584263406233,0.22238547880642248,0.17799189277737495,0.2755607477412662,0.24169347048206222,0.17913754725970127,0.2908678255551551,-0.03546419108833372,0.19347334055299045,-0.019276066470566653,-0.04504917935934364,0.018511661876161073,-0.023744828692400306,0.016268066118428643,-0.1060765022144642,0.028298526681620455,-0.0948447231490231,0.0798890837605763,0.04328974288884918,0.1863778940288155
0.26291276902103583,0.2041360283313464,0.4668611755101375,0.1862434719868062,0.1444536399396191,0.38252496104827577,0.32848318756457373,0.2592961429932654,0.5459718045251076,0.1871575658517807,0.2360620157897122,0.24968520736900662,0.28532919738178847,0.28903219683115977,0.07564286245039101,0.3513846847090749,0.26182456124530734,0.24167249571482918,0.3396027266571739,0.10523317121127966,0.20133560070251008,0.9480538934515271,0.19177818952676154,0.2062243179241551,-0.031607801896707075,0.2023590929153619,0.2137712156097736,0.15931688231238128,0.1870226529197908,0.25023759679329854,0.20565726138349205,0.29870838772531894,0.17034613782680078,0.15804565700557358,0.1814002423380631,0.2012375570469704,0.20924416661074327,0.2466994167519997,0.29590164003666997,0.05059384149894796,0.13981104401946284,0.14372811833448343,0.25066375816639963,0.2472630521142912,0.02533015018205724,0.14946877912255344,0.26127906455264266,-0.031036409638249562,0.43959579365314627,-0.012017117898684853,-0.06383620183149132,-0.13782255106153388,0.0458901310055429,-0.02497968095491199,-0.09975990677844862,0.13863326611048052,-0.09953232362339201,0.08526264553223235,-0.0922033000850842,0.12992496652951446
0.22363836467437317,-0.2828557140645961,0.3063506923698353,0.25358280877137707,0.1769951392280014,0.12230936305489415,0.21773115658062278,0.22806245415464105,0.26056404744101175,0.16454432653552997,0.19735641934882486,0.1396904955700424,0.30657014746861994,0.18629165194786146,0.10002131923382256,0.1409727053176771,0.1655536485739795,0.4293991482732321,0.10531661027854929,0.18229371776855408,0.1600011886679964,0.19177818952676154,1.4537783693676452,0.41926688691468794,-0.02650559192579969,-0.008114547503509038,0.107609822206132,-0.05743930179489602,0.33217407233602464,0.4843531297963643,-0.1599019302474063,0.16346065027153636,0.33613185184814215,0.2624242198807161,-0.011858207254968089,0.43511384732244285,0.20861573805937464,0.15659277233104277,0.15151051687933323,-0.12137624754803508,0.25736170148926174,0.07016728721230789,0.20292702643945737,0.5266356610510395,-0.3549281318594564,0.289819801850576,0.39076238511335587,-0.09204407590358835,0.46795111431175557,-0.2716170142856393,-0.005828976540621158,-0.12288722585818013,0.15225050860213943,-0.07838466719862267,-0.10032980991759897,-0.08906800150512058,-0.06935557062469684,0.14982123426155713,-0.008196005177482863,0.014993716291089206
0.048095210070181846,0.07839763030955799,0.3159280183892277,0.14022095424545566,0.12198526012033022,0.20928515310093168,0.1860957606383495,0.18831066797339854,0.20378647695621535,0.12097724493615132,0.1966296720512901,0.16353095619399724,0.2547130236853245,0.21240015713431995,0.11694073279159437,0.19797431542093055,0.19777997744363673,0.09753297284131941,0.1967232451867797,0.24050570325505358,0.22436268437418574,0.2062243179241551,0.41926688691468794,0.6422194508464057,0.16760880524435973,0.15184277035114452,0.17188044680611028,0.24397167069597353,0.2319528753098288,0.5399194451066737,0.16150909317864212,0.2739025712211199,0.634267124278795,0.21069798733894635,0.0975012723556975,0.434558198592462,0.3052186171995117,0.3585602026665517,0.09648519198881918,0.047959397458477014,0.11377598862707643,0.28350721394478834,0.22080396383636694,0.297515028364761,-0.010268408801301341,0.2815780927456558,0.3169695421712669,-0.08980089036637295,0.3852833278113478,-0.0926127715433984,-0.1747021297496579,-0.05756894309251211,0.169792098378888,-0.06338108142785981,-0.1693191819672467,-0.12508136163392822,0.055505310818819,0.1841902152561864,-0.05096780377881285,0.04499318093745038
0.6813610668746081,0.2753880271339169,0.28416195157366086,0.20826935319664291,0.22866797822385845,0.30995891774116724,0.15406174347235133,0.23113400449223995,-0.048325525589915846,0.14650798952190894,0.17580184018300485,0.18199600518650758,0.23783957351827967,0.23274957216519618,0.13539201348139782,0.18416177215767196,0.2533870865484402,0.209374272238716,0.25198403708458855,0.010881822741814876,0.15608313333923793,-0.031607801896707075,-0.02650559192579969,0.16760880524435973,2.6693076902645725,0.14803752353430388,0.2404682977751974,0.0927833351956424,0.5232954131462615,-0.08865595017140653,0.3443018869852817,0.16747269259883601,0.14336443357196726,0.28339099265525197,0.01333241074819357,0.39238121574344154,-0.09984897886484072,0.19771839521538548,0.035711923313795205,0.04808921048971349,-0.12400259959638771,0.04040512972857774,0.05008498935765328,-0.04458939012311665,0.033843950312878436,0.41997482187924434,0.10122911471117595,-0.12385122501911165,-0.5783209811776212,0.10270015232259046,0.05778350057992554,0.4326958190467238,0.003384298223171077,-0.06673938154611504,-0.034736346148680305,-0.1364309415543429,-0.03248903356933939,0.06528818302182099,0.07104405564963721,0.025949365026167685
0.10125666996920456,0.24570288115863284,0.2560083418797252,0.1815765839143026,0.18808677257408052,0.4247048544657895,0.1869596786557128,0.26714554950928127,0.19431707249204522,0.08604874354837859,0.17824204864485024,0.20927573681798453,0.15933211124995922,0.22993632883790488,0.1586834193300014,0.22324573300628786,0.1156552601419814,0.18512175675572917,0.1918762917854114,0.3565793912398739,0.1955151167622335,0.2023590929153619,-0.008114547503509038,0.15184277035114452,0.14803752353430388,1.596416113146977,0.17247649358028375,0.17324944679461146,0.052359767749465,-0.44547316037787754,0.26615754646190687,0.41700691914686794,-0.01880099025806661,0.25954136209409884,0.15742056334091095,0.1914528188929854,-0.43098538956054044,0.05461187825013022,-0.003222438927682802,0.2323614066557467,0.08052337012298356,0.5020193451610996,0.09200723407018468,-0.09106398890566732,0.026497181112581838,0.09949395809837139,0.033451905368721675,-0.03086699655273469,0.20472949737360696,0.17400965560426063,-0.1850193094392746,-0.06582163996391989,-0.25344888202538407,-0.0369003550991843,-0.2510389590229438,-0.025222426341696625,-0.030396567433302463,0.361784137721163,-0.2256888862594968,0.049841384055277306
0.23167368535877733,0.19775802888564611,0.3756924318745177,0.1652675501809633,0.13517013620183171,0.29539517672449656,0.20810398947103106,0.24423210182739064,0.19726394399786368,0.16969862592979174,0.22554521231284896,0.26622860113891844,0.26951992195215074,0.19554487986857094,0.12177094303289504,0.24605911611323716,0.2046407907550253,0.15922148425261845,0.20149191500533484,0.27140481264885175,0.14299979823487632,0.2137712156097736,0.107609822206132,0.17188044680611028,0.2404682977751974,0.17247649358028375,0.7097020078072498,0.1339962394006951,0.213377751922916,0.17286216651787573,0.20934639986066889,0.23459927971295963,0.14216558784470484,0.19599998922675999,0.15789101451354043,0.4049711972793867,0.13782995035153386,0.16561832141889624,0.03810015585901621,0.13263740040448427,0.1008495484653698,0.22548244898844058,0.22056335739333466,-0.014054827674540988,0.01322877035593475,0.26919690623480963,0.15104514460848817,-0.058071815329861755,0.15387438975548356,0.03717134297030373,-0.0741945804749533,0.1911242468216394,0.08691026546245867,-0.03409021827593394,-0.06213645597382412,0.00692140244824923,0.020864403193435736,0.06283771755540711,-0.03587434086167596,0.07410187033182528
0.0266985175011887,0.2436486586743706,0.21730593522271055,0.07220178590579078,0.02785302797130923,0.142844358918448,0.10627222608280018,0.06121420963975091,0.19223426202449462,0.0812476823147215,0.11382215145006837,0.027789565843827104,0.09061759896111893,0.17649247197917647,0.17923697983152634,0.15759678186208326,0.2146746083340844,0.12554922719764092,0.21956456515218228,0.13259183821158183,0.23761224032526265,0.15931688231238128,-0.05743930179489602,0.24397167069597353,0.0927833351956424,0.17324944679461146,0.1339962394006951,1.197677937816181,-0.006661145391039566,0.43147792894610765,0.28275433706698166,0.062423475414573326,0.45325906553963535,0.07350291989181083,0.6229787328812028,0.25715971771906404,0.4617080390857695,0.4071547338689943,0.09378364180927345,0.1276966976659654,0.22483385686306023,0.17777603293372257,0.262827814648243,0.37955573914329244,0.29485391567585145,0.14584920910717647,0.22010772777158108,-0.06514637722911093,0.12953410489189104,0.1046912855366685,-0.06203708166999163,0.41885453627846814,-0.7615230968734543,0.07849837602228689,-0.11269412066704035,0.05393283912055175,-0.07301054832146178,0.07839574519805946,0.053353030279679116,0.16031073884575012
0.33777396716409996,0.19101165148628513,0.47293926085259025,0.21287553152234204,0.15537255515954385,0.4117867247953056,0.17971874354875067,0.321835156433283,0.1349303320101524,0.2372254500692839,0.301478042186882,0.1607254180999578,0.3908722153344576,0.24352145669942327,0.13009293109063727,0.25358151149636743,0.30746291555872984,0.2749313117419196,0.30155305303254726,0.43104685015730776,0.12386720744931885,0.1870226529197908,0.33217407233602464,0.2319528753098288,0.5232954131462615,0.052359767749465,0.213377751922916,-0.006661145391039566,1.6418062776554707,0.3655798206444174,0.04853865216208876,0.19229410732622187,-0.005727125270046035,0.4445568124636815,0.15522018973653837,0.5317901153139476,-0.16445377744383313,-0.10556458678079668,-0.055343984009141506,0.18812612796412548,0.07945656325119975,0.20631827526749988,0.1051767886539193,-0.2276078506297956,-0.3059005553105069,0.35436946305347233,0.3317815175437892,-0.17541949645431182,0.2876672854495576,0.09287510959937026,-0.177039362240361,-0.07234343864047248,-0.014560432347344065,-0.015705301995452402,-0.08352055014503054,-0.12131269841230777,-0.17695716943932663,0.18488550413912536,0.12354942964150396,-0.025863648488489096
0.14511406933274773,0.1860816610574352,0.454071124310899,0.09656120767081092,-0.08248285910239214,0.12280487496022405,0.14534919642642535,0.21305478418118065,0.25914522430118875,0.26152732477868484,0.2211570416232473,0.10297461166442161,0.24061230686729554,0.2877857917077748,0.25240167480479936,0.25091507671837154,0.28734349415193283,0.058471450416898385,0.19529178767822092,0.43215963141372515,0.2896230912197348,0.25023759679329854,0.4843531297963643,0.5399194451066737,-0.08865595017140653,-0.44547316037787754,0.17286216651787573,0.43147792894610765,0.3655798206444174,2.891822929237747,0.08979706113190845,0.03225769958701068,0.2151949454068376,-0.12077968113836758,1.1066434794989801,0.33212928513183504,0.8241392605617596,0.6655658826244724,0.4790476155736075,0.2820325516312167,0.994973203318524,0.36154431395013376,0.8702279670182803,0.8403314621138821,0.34854286923570843,0.3205937810417455,0.8908421295447315,-0.14068992151926302,0.8928724985221876,-0.37448085086226807,-0.1415144187683898,-0.503547100200472,0.5033593295925103,0.03813440849288165,-0.030743502917251062,-0.050358218968890055,-0.20644370380818677,0.36641644493895237,0.052117495734921915,0.11803742586336317
0.2720872162476926,0.2735083334868771,0.3192186813821656,0.17606306845985625,0.13821887501050148,0.26252302492066426,0.16626891838757266,0.21704878039494718,0.2370643655611813,0.13162486592870962,0.1756865299326535,0.1532084484095249,0.1554198187676945,0.15599587914096902,0.1521372797005298,0.17157300190675698,0.2391265467534156,0.3573082700578577,0.21322828553870174,0.21242274669890704,0.22544695955906927,0.20565726138349205,-0.1599019302474063,0.16150909317864212,0.3443018869852817,0.26615754646190687,0.20934639986066889,0.28275433706698166,0.04853865216208876,0.08979706113190845,0.9685430379091946,0.22485393788255714,0.27176567107094735,0.08228703185961371,0.17601492783028963,0.5008353120595717,0.24264440326666026,0.2647100511852362,0.09990997801147218,0.08275934741285132,0.06724520568795386,0.1890971416528104,0.1157594796655172,0.04168289272848348,0.23543340919125194,0.3064964265783001,0.19990582716792246,-0.052774147786331396,-0.18974670456518594,0.10192186813744712,0.06993791435127303,-0.042268376860088296,-0.05189334700027307,-0.12434952269541352,-0.052839308266661764,0.014915439197930272,0.06614224568930245,0.003092059723320098,-0.09277002729611478,0.07731349772179638
0.19657713707169955,0.14573022581145,0.30224975612212657,0.12600687487814954,0.17615648075187645,0.32997100809739616,0.2456804623192123,0.21061085974017382,0.21332246035862945,0.12512087940351269,0.2119633148555518,0.27774446156812876,0.2767967870429928,0.21735730265352476,0.06037856931997858,0.2498408484006267,0.15381044043874678,0.16412943797840018,0.2220883968048909,0.20355915433881172,0.1958253276271079,0.29870838772531894,0.16346065027153636,0.2739025712211199,0.16747269259883601,0.41700691914686794,0.23459927971295963,0.062423475414573326,0.19229410732622187,0.03225769958701068,0.22485393788255714,0.6072263063528361,0.07591589108231958,0.172842080047477,0.03506040043913284,0.35675904199036834,-0.08690492789121115,0.11633236509316386,0.11007842340975517,0.09927646104299877,0.11779135398129316,0.26596004605076595,0.02117903238172764,0.062262876597356125,0.005321046384586205,0.2433032398215182,0.18617034295560614,-0.07093573675026443,0.2295305570031533,-0.0018338492864944165,-0.05704032122750629,0.06384129864018391,0.009569502447237775,-0.02696922812688999,-0.1224207307523369,-0.03181630394941756,0.4112902313412918,0.04252935015804863,-0.38796325895841,0.037417739266730414
0.013371694631764465,0.1265327386570155,0.30936680898778757,0.10777782199729677,0.08497627770955755,0.06536477546921184,0.19140256907962303,0.11682835162442773,0.2823283215581371,0.022542608535667426,0.1428977922175516,0.12680889818238839,0.16206081598779976,0.13835462721896202,0.12083023875110475,0.12108935040095208,0.2622679435056604,0.09239683792266197,0.28102970539362226,0.05890443518665788,0.2912035760299172,0.17034613782680078,0.33613185184814215,0.634267124278795,0.14336443357196726,-0.01880099025806661,0.14216558784470484,0.45325906553963535,-0.005727125270046035,0.2151949454068376,0.27176567107094735,0.07591589108231958,1.7821708609233697,-0.13950543922426106,-0.6284812558150192,0.3375222349418567,0.6321389168518248,0.4621046487153826,0.22022381006166786,-0.19655921521441763,-0.19604690445741235,0.252600301716769,0.05468343668795775,0.3358125425903832,-0.050515056749228855,0.2902101783160569,0.27625284517016147,-0.07986937313223746,0.4507930993479997,0.004631242994979124,-0.2525111451296311,-0.003106700983231802,0.059280646025960115,-0.1712931847069607,-0.19310518893932302,-0.04945363763805967,-0.08988934085190144,0.11258186727416561,0.019471370544201887,0.0943113462855401
