0.3207242509763741,0.03304680046833037,0.1925886221849078,0.012778151837015106,0.05653841356291193,0.019249963708490747,0.04090074739711722,0.0047922093232379065,0.016553183286746893,0.03523332468985841,0.036540388761157505,0.04740244450501191,0.0034083622887603133,0.0016721359332491764,0.026116420093096983,0.019674088020493835,0.025633134298167107,0.05559672781679909,0.029107195638469672,0.004102916859440302,0.025449623008134012,0.01753496258082895,0.011921865169453892,-0.005373811281439328,0.010616018282035098,0.021270534533553414,0.018838597732088045,0.0038361306101157826,-0.014465852254048674,0.030812927227259167,0.03175837464895215,-0.006899466914831611,0.024264125026291876,-0.06252054486323323,-0.007439408329083854,0.016494052133110768,0.021427561892868346,0.043599283149397094,0.031185486045378318,-0.012634446725768717,0.020450368815349607,0.015873781919276533,0.02722741420965272,0.014013342283579042,0.054512117821144,0.0537685430732188,0.0415196061838751,-0.004440307555725817,-0.011349157245165888,0.047892084620087365,0.014974797958316627,-0.028546279128556284,0.0034101632917251613,-0.030337053672586326,0.03821218326719372,-0.007739517811884811,-0.009926745962436258,0.20745886747909006,-0.2549087531260785,-0.01007688895678371
0.03304680046833037,2.4670786453820224,0.3819333188625354,-0.4764529336812357,0.07646100097653137,0.37012060188314644,0.2763475107746643,0.07378247620014781,0.3868663007054437,0.20339909741631276,0.23731517515472245,0.20264616803553145,0.24420640104602997,0.24615493523871654,0.3818632107780355,0.16946477501576498,0.2525221247059044,0.22013182958566777,0.010463658291813688,0.3318021363881021,0.23385420043752309,0.25584617147883004,-0.25071528827147804,0.08515471096963803,0.1427881096308252,0.1817677203536124,0.35517872855201754,0.23167183073170086,0.319618296495783,0.004625940753342075,0.25431565830694103,0.3833537005641812,-0.03594569520228955,0.2359891911424547,0.3363082104211439,0.362948806849665,0.24479657543836628,0.15037212437394612,0.15366693631712905,-0.10166596376509231,0.08121411331507099,0.17468032424594934,0.13279225695180383,-0.40298841893656756,0.3785878665748445,0.16471474140558331,0.11981648297365707,-0.12604386067836576,-0.016166008232836357,-0.17095436625468385,0.11504988644998201,-0.10221182045723196,0.022911936243399357,0.05223955337686873,-0.4584267071597166,0.07147048484978184,0.012150620890245252,-0.31035222740653035,0.4636948337349411,0.4334606810504941
0.1925886221849078,0.3819333188625354,2.4575811721808183,0.3972392110723252,0.06260108221768529,0.46743617731617376,0.18047141938419753,0.5248725687388079,0.5282086680138521,0.4555633614702906,0.4836418468331833,0.26753718123770986,0.45658701321630896,0.2799336975430126,0.24794926766477213,0.20945929802250748,0.374196804993076,0.33537343286822063,0.3500736260403821,0.3183132464552984,0.3478316002355606,0.38949431235868676,0.30592619630758133,0.33073801000123243,0.37741937830246824,0.3558864057715025,0.237133414829731,0.3021233689845216,0.40310984711244574,0.044291180491204146,0.35118933952396303,0.39726892075130965,0.3181796108871634,0.5020354040594058,0.24311341717935844,0.6099392251842028,0.646549075657357,0.17093799851111047,0.3395526790012857,-0.46704469514467517,0.1535060824472158,0.2841051212404202,0.23177417345209073,0.18336094491608176,0.2359798188755893,0.6136726172321563,0.25138941258135594,-0.03162735909982562,-0.2813447782850554,0.19078033266787883,0.09483434366454763,0.12136487517120052,0.05798771592613308,-0.2561222395853751,-0.4092894578537946,-0.05007899151514308,0.04867991613754056,-0.26209430127134065,0.3876250798090317,0.4303444339153245
0.012778151837015106,-0.4764529336812357,0.3972392110723252,2.317731797069604,0.2080883348516057,0.437193931175063,0.20926397795536789,0.4676346058532698,0.13963639945087614,0.13896860069635195,0.3575327441910603,0.3205471145038136,0.2945434384494589,0.32258133220566065,0.15325513324921733,0.3520645207450834,0.2599952775649903,0.32221468448146634,0.26651991977023154,0.23987033537096542,0.30324135040913913,0.30734753360961387,0.45187749879858524,0.3724979867694069,0.4018114453608763,0.16399114801649636,0.14055294085887848,0.17745673224775735,-0.0012838245923607369,0.3638690350311712,0.26771246344260347,0.3460603073824591,0.3922098620556675,0.4748519213131421,-0.19886190604576728,0.093869347202528,0.4829981480973304,0.4573694543389903,0.4260170466790853,0.06586337743141106,0.20353014595199348,0.25767545242148027,0.5169358182393045,1.173749189551361,0.05659219926682513,0.2861321351604415,0.3906309918722039,0.22087848973568605,0.22672769963684672,0.27263112370437137,-0.07164232986126065,0.16100287113072181,-0.0823420349974723,-0.20374657283667405,0.002908462601019164,-0.004539756099155859,-0.2443857232027037,0.576261704733621,-0.2693901427516757,0.1540282787443154
0.05653841356291193,0.07646100097653137,0.06260108221768529,0.2080883348516057,1.3293415057166624,0.4189532222440545,0.202834331149577,0.31071085092619743,0.20283338395454548,0.06164700298526934,0.1787481570047641,0.3000526994598121,0.2812645110073101,0.3118708357908141,0.24830385564476765,0.36356194445236595,0.19205478512907662,0.22263203888027094,0.5027098168989143,0.2832864317295412,0.24937238084380525,0.28534302356008406,0.2789389599232036,0.289683130923156,0.28374193317665675,0.1852471770216033,0.2113336145621564,0.02954381011772084,0.3139182825137305,0.31171584598639157,0.2395359238205236,0.2389985694729563,0.23808048921615935,0.4564196787248945,0.018736776517042624,0.26265818324706736,0.38731285570386326,0.2875641598186734,0.31478119873109595,0.12658204621542946,0.18444070509719393,0.28004139771096886,0.249029114416418,0.3296589383855348,0.035672426752837626,0.2000203219318922,0.2922689339309364,0.17430322275800225,0.36237241170348816,0.17605139515339416,-0.09821823364910359,-0.2250484996428618,0.22961559198587908,-0.13003899231818108,-0.02196504162408344,0.02741251319627195,-0.6325955824036894,0.8832632436204012,-0.33425372955254856,-0.1171445263004289
0.019249963708490747,0.37012060188314644,0.46743617731617376,0.437193931175063,0.4189532222440545,1.0094355190281414,0.24161568419698887,0.40716295150623405,0.4537626021000445,0.15865827153430098,0.3671024327937082,0.35568609093961956,0.4009654126129637,0.4563034279104885,0.2735423728703246,0.4117031103324643,0.3660541823384044,0.20667248083834863,0.4848835698410932,0.4451745765988547,0.4088370169158251,0.4870563030626204,0.17412514932120599,0.3911281811314687,0.4405102481274325,0.323232746960324,0.3533654415161008,0.2763054012827888,0.4887261218578908,0.3774783406280555,0.3415982021681884,0.5923255617380655,0.12188757836325861,0.4914287981239157,0.28914917806226065,0.3626224070223542,0.39268705518017005,0.45082633400256417,0.4630035263464659,0.05551918596598334,0.13637858927966853,0.3535225151924938,0.447828121738325,0.33404755251077395,0.35331054737789513,0.3077808112632597,0.3667584806783794,0.026173628924580247,0.39255197119819235,-0.009404265659163257,-0.31259090744209284,-0.07073373053433249,0.0916427359202495,0.08432984693459074,-0.20614409259904654,0.03956708679131908,-0.28144111261533483,0.3969887114726875,-0.04356280351589974,0.48046600556896757
0.04090074739711722,0.2763475107746643,0.18047141938419753,0.20926397795536789,0.202834331149577,0.24161568419698887,1.0839487631681162,0.2447582860166801,0.5099182831326745,0.19567861876231268,0.349164696186244,0.38849318126888627,0.3479315946531258,0.2875352101610556,-0.03970243213248894,0.3115238452918375,0.3323006338807749,0.3629110318029229,0.10516877667749973,0.2287392302446427,0.3169937132090729,0.42856334411191177,0.35696280845342915,0.303772840418582,0.31620927081758343,0.2665676022311383,0.2907189489899494,0.17698122712728245,0.16598418889911448,0.28269078802256326,0.29392269727953435,0.3101922695172625,0.2712166674863551,0.39474592841335815,0.19243709452323413,0.2905587702264468,0.34022106628315457,0.35441923312969137,0.3842515967791108,0.046402530409751896,0.17147187976914355,0.26572913408818805,0.40116802400521007,0.3323202786852956,0.30433662043257986,0.1764690039830967,0.31054052483090533,0.05098648202427674,0.3891569045208225,-0.019646149087243037,-0.08948268002788583,-0.1768366124370035,0.16269569579056634,-0.057440168220933306,0.04449409935829289,0.13779891296622993,-0.1898541830213229,0.43167599134779466,-0.6042088588767509,0.13679066446902832
0.0047922093232379065,0.07378247620014781,0.5248725687388079,0.4676346058532698,0.31071085092619743,0.40716295150623405,0.2447582860166801,0.9750029233889662,0.24273619333162294,0.23421023390918555,0.33399209220940584,0.08354166027877896,0.4768775066649608,0.358397263382026,0.0009973929493825074,0.25927568128747963,0.25080695335749065,0.24917721812746413,0.3140431671345472,0.3009940949575123,0.2746213599320663,0.3121430096647554,0.29425811523409906,0.3565486103376482,0.3327021761174197,0.25232676306436974,0.243980632588201,0.2203952203178711,0.21842327645993273,0.32629181347267855,0.25833797991941665,0.36400934308762317,0.24105039876976342,0.40683308315889855,0.25664735953175977,0.24647253888182355,0.401903246225372,0.37844128250890063,0.37110611773064867,-0.026843551914073324,0.20165842289584418,0.2330787518333153,0.3736854522857296,0.40325644316815956,0.11733956901330035,0.24517208902089582,0.340831799662021,0.12254287092149413,0.33580822705821295,0.00134253707255186,-0.08206662104745403,0.028553995888707964,0.1565841630090522,-0.06015338983264934,-0.2137947527540019,-0.17625546967728886,-0.1145215478943856,0.6194981344103412,-0.16135865248942446,0.1869265958253498
0.016553183286746893,0.3868663007054437,0.5282086680138521,0.13963639945087614,0.20283338395454548,0.4537626021000445,0.5099182831326745,0.24273619333162294,1.0317431979185774,0.17533348480456973,0.25640550840755444,0.2735419206475724,0.4253931067287357,0.2612160346748116,-0.024822745216205432,0.19158900525316808,0.25107569509160077,0.33692444154151113,0.211606322541743,0.21387410283504896,0.3517641373839088,0.5485353665550771,0.33767692677822203,0.2870488936439046,0.23303224176394627,0.37205020892097407,0.2868087369116852,0.16966427838563367,0.2586004690890988,0.2058513184209255,0.29203949939028223,0.39824286379493934,0.24231176058856532,0.31626167715532505,0.10650738198582718,0.3917323471383356,0.2790208368574454,0.3814311631157489,0.32120653415113243,0.022503744668081214,0.09442363938672824,0.26723922654892396,0.40919901501701383,0.2496013571014538,0.32787099217139665,0.296188166162716,0.29282959634323524,-0.051322978382344446,0.25962694552953336,-0.12569739249838424,0.016135107710181472,-0.13555535022174586,0.19205546733427736,0.020545475212290432,0.007688695880620825,0.20467597792299463,0.0003297843227189884,-0.26588335029966365,-0.0379978195766716,0.43956071932619406
0.03523332468985841,0.20339909741631276,0.4555633614702906,0.13896860069635195,0.06164700298526934,0.15865827153430098,0.19567861876231268,0.23421023390918555,0.17533348480456973,0.7732120921902107,0.19047761322225554,0.10674450280330444,0.2623080835537828,0.1464200514236504,0.2192819447088295,0.16990588760866152,0.23204074553646117,0.27911736711245105,0.11540961962532414,0.10086360160525455,0.18593221007259902,0.22774268743270065,0.31432581966439144,0.2349548599496288,0.26517953718393594,0.09131963669022014,0.1764114835152019,0.18444073835337407,0.12462756701477758,0.26552801968825773,0.19552089639418532,0.2150616773843546,0.17032324402255083,0.3877642564140018,0.21130747078977918,0.2623484026595768,0.30980071217857696,0.17217438348058695,0.2513959263838534,-0.028743828758978796,0.23664610925559137,0.16272022244164025,0.217952204924629,0.3259299479723437,0.0403942682787444,0.25813293446337515,0.3209466918820384,0.05458829105703095,0.12029215513285314,-0.03614279254770491,0.0786325502138039,-0.09148122600268088,0.10972165837839828,0.0061835089440564995,-0.1942105918780939,-0.06920569580509246,0.07232291113499838,-0.13365957713024823,0.24296476969099337,0.26437890518925916
0.036540388761157505,0.23731517515472245,0.4836418468331833,0.3575327441910603,0.1787481570047641,0.3671024327937082,0.349164696186244,0.33399209220940584,0.25640550840755444,0.19047761322225554,0.7028766058021783,0.3118932125773867,0.3128173431293841,0.29649376783914577,0.23141157271163296,0.2993586027917854,0.34142452225706815,0.2638560469774719,0.18587739899169664,0.37304047633368015,0.29288542394777156,0.29183291831337654,0.22390778240178727,0.2820628278080058,0.2650722845463713,0.3143904314601799,0.24041100606054064,0.22776327045846892,0.32257550334400215,0.2451645959009235,0.28124082644743975,0.3514491847573854,0.1731529060470924,0.326215528848903,0.2893585889539824,0.3746446610319617,0.3464271833072816,0.2881359027345091,0.3002149741052539,-0.026132053858198567,0.19370071004671094,0.26383112117204427,0.2528317852327242,0.09461665051901028,0.24298748205137868,0.2640422892680365,0.28159562265524957,0.06077608062902507,0.2001261505133324,-0.07145504742752956,-0.01405422902812464,-0.04628052402628622,0.14925042267854421,-0.00013795639561179837,-0.2141480431620138,0.0085373145216516,-0.14949404834110103,0.29818563218805677,-0.12743131148238884,0.25829171105784593
0.04740244450501191,0.20264616803553145,0.26753718123770986,0.3205471145038136,0.3000526994598121,0.35568609093961956,0.38849318126888627,0.08354166027877896,0.2735419206475724,0.10674450280330444,0.3118932125773867,0.7483561189486063,0.16422903380878814,0.28279308141007337,0.27706142132985323,0.31799962757013933,0.3477334012691872,0.3300390160049181,0.22329724474818968,0.2580046741193863,0.27862230093188894,0.305495703691992,0.2388727613547876,0.2572770273421657,0.3164451981156562,0.23622713746603954,0.24950751010403838,0.20270576789339415,0.22875085860375566,0.2803449995964789,0.29982001425978283,0.31232599289356194,0.19016131773561462,0.3323431340960999,0.27953245607278193,0.26606133043223823,0.3409263065766401,0.25852422952295706,0.3463208585184762,0.030467640742989414,0.20871424486260418,0.2517093443580283,0.28849686901792626,0.22995771660456066,0.3252151864847147,0.21475949199501795,0.3302237622297402,0.07792292832566378,0.3334182087012218,0.029683209920858263,-0.028612358866960997,-0.1746426220886994,0.10295611013459478,-0.021712799246894357,-0.09697493008097229,0.17847031112949166,-0.25871900933343284,0.5079974204295665,-0.5865968241201679,0.1206289615621745
0.0034083622887603133,0.24420640104602997,0.45658701321630896,0.2945434384494589,0.2812645110073101,0.4009654126129637,0.3479315946531258,0.4768775066649608,0.4253931067287357,0.2623080835537828,0.3128173431293841,0.16422903380878814,0.7829677403589203,0.28059296454876453,-0.03465448916750789,0.26062873931364267,0.24855241444543694,0.25070930477326253,0.26526516718145643,0.24679702473117696,0.30141082472823655,0.3776851145527391,0.3311033406616037,0.32092750410142057,0.30257897724104105,0.3145364639724416,0.2622516696523809,0.21559914933238275,0.2825568755190705,0.23500970455277562,0.24643740280056053,0.3377623622648565,0.2741894899562221,0.38337597199892953,0.19173655456864774,0.3703332869706196,0.34004811028355636,0.3348889024943262,0.2879178018014168,-0.00973112033970999,0.15644905041736915,0.24331003982508148,0.30757446947072414,0.31000638718512724,0.061553410782499096,0.23604330745680766,0.2655925414187727,0.07908647568444752,0.2574775015717674,-0.054626490276923324,-0.036200623842946,-0.045760040164572025,0.1338638428309549,-0.016015410559854823,-0.0293418682758138,-0.045906400878408644,-0.1595036626901143,-0.21802409202973683,0.3850293511980964,0.24630418464437795
0.0016721359332491764,0.24615493523871654,0.2799336975430126,0.32258133220566065,0.3118708357908141,0.4563034279104885,0.2875352101610556,0.358397263382026,0.2612160346748116,0.1464200514236504,0.29649376783914577,0.28279308141007337,0.28059296454876453,0.7064859019564407,0.3241098968101813,0.38870443671475585,0.2848477625982578,0.15351094746635105,0.28721639073581223,0.4193553432220098,0.2915398116333491,0.3591620263218443,0.23715541235517124,0.43658636334858464,0.38195372310412373,0.21803962777617908,0.3150124495769496,0.17651342982114493,0.4012799774804584,0.46371809027031746,0.29663053744326906,0.6602871135756662,0.1441125252328785,0.4130844171485562,0.2973098229201948,0.31602791661321067,0.3605715308910424,0.35878323775730103,0.37346076518517696,-0.01271436069395718,0.3087930392840187,0.27701939847423157,0.39045295209654135,0.2707574254532522,0.17594327655992148,0.24090801429701247,0.35939649669063356,0.08042179990022229,0.4604833901882768,-0.0924494409334657,-0.08165322609282115,-0.16876837123485386,0.2503871320592253,0.006375135795271819,-0.37166433053862974,-0.004298572386085593,-0.4158440293328343,0.7481902682367554,-0.1099193119255177,0.22654216987092246
0.026116420093096983,0.3818632107780355,0.24794926766477213,0.15325513324921733,0.24830385564476765,0.2735423728703246,-0.03970243213248894,0.0009973929493825074,-0.024822745216205432,0.2192819447088295,0.23141157271163296,0.27706142132985323,-0.03465448916750789,0.3241098968101813,1.1831846823940824,0.22227800455207514,0.2698950836429865,0.18738668341640222,0.1904914242920582,0.3606600996430952,0.22449561300708337,0.13892650301653822,0.17348823835950317,0.27289441179068924,0.38614088276517944,0.08603057531043602,0.1676500277541894,0.20950194204958428,0.4278494672585395,0.430290482042561,0.22615431835557986,0.35644528506838696,0.08235203228080495,0.3877650591681656,0.2824130538665661,0.2241692173759246,0.4233857713231965,0.07789016692513198,0.23789316720491088,-0.05023220631089937,0.3725529813849549,0.23649718085757943,0.17035674438623805,0.1405425997117337,0.09281613736585176,0.29968297641157304,0.3371364310065884,0.07074915331142051,0.22409893902573738,0.021064645233228423,0.0370186196734743,-0.05275596129558331,0.03133904271317183,0.008908083889823027,-0.207997721723642,0.08645174155052197,-0.5633262090615888,0.7045215066452423,-0.11619876255069399,0.1907173608158519
0.019674088020493835,0.16946477501576498,0.20945929802250748,0.3520645207450834,0.36356194445236595,0.4117031103324643,0.3115238452918375,0.25927568128747963,0.19158900525316808,0.16990588760866152,0.2993586027917854,0.31799962757013933,0.26062873931364267,0.38870443671475585,0.22227800455207514,0.9406461497912012,0.3585316634328689,0.16961971437381507,0.27877825169804044,0.28194673212501337,0.28803505234305354,0.48655661719081317,0.15146561509820944,0.3214896130269243,0.22796352403317854,0.18726290327915074,0.29185661577347866,0.25904440136100615,0.3317315769026914,0.46621080251756136,0.26455390495285386,0.41174866447027536,0.11214634671171823,0.3878561600648312,0.424567568648794,0.24590861915988066,0.3462284818269457,0.2519817219776622,0.3647755369808479,0.02072270791800586,0.3009129159885319,0.3192583401201615,0.3597515187746509,0.2505954184661308,0.17622932613918213,0.18300343208459818,0.3575857587151882,-0.02531266698168512,0.46215793087957036,-0.18461725359090256,-0.1491255477015098,-0.1993997731669089,0.14369361415056617,0.0462512420507553,-0.16038130061574754,-0.0003503214603987917,-0.42976507463127456,0.6605704796959745,-0.21572312457259507,0.19091475567287777
0.025633134298167107,0.2525221247059044,0.374196804993076,0.2599952775649903,0.19205478512907662,0.3660541823384044,0.3323006338807749,0.25080695335749065,0.25107569509160077,0.23204074553646117,0.34142452225706815,0.3477334012691872,0.24855241444543694,0.2848477625982578,0.2698950836429865,0.3585316634328689,0.7606554361043839,0.21965223401818895,0.2294572415364478,0.38691965179007454,0.3171047457750773,0.3440496064753491,0.16019771802127714,0.34768332521169026,0.386117741451074,0.26423626789067894,0.26698147891703533,0.4638432626763815,0.25690784989986093,0.3731313317921689,0.3506534402897402,0.3278546920785841,0.3381613499795615,0.3687292048680123,0.4071485847386657,0.3558594127173601,0.5664699845720375,0.37172357670638245,0.38538041564321385,-0.037614785792403196,0.2691197642028912,0.35834169833171203,0.3269038026286166,0.22792711208470845,0.36723864826961555,0.2404807426660773,0.3579174384217789,0.11124995175226185,0.24724849637234209,0.26204329169363183,-0.08372492741929626,0.008581284539356334,-0.12727292037519528,-0.05730792959026636,-0.320476474875956,0.004692273348050376,-0.26122188619330955,0.46266577401040476,-0.18796500927714377,0.15749307652330705
0.05559672781679909,0.22013182958566777,0.33537343286822063,0.32221468448146634,0.22263203888027094,0.20667248083834863,0.3629110318029229,0.24917721812746413,0.33692444154151113,0.27911736711245105,0.2638560469774719,0.3300390160049181,0.25070930477326253,0.15351094746635105,0.18738668341640222,0.16961971437381507,0.21965223401818895,1.0331846918412444,0.15739516036990717,0.019040683292929676,0.3294555002317798,0.34292101799125685,0.6323674315168338,0.18361832577898574,0.3513112717490912,0.4269569210785308,0.051997691606487685,0.12942321755810815,0.10479358912370508,0.1942476016049376,0.34287386639869155,0.13506925500432443,0.26749591836091924,0.3494660669628916,0.029628065929859955,0.22791401220537372,0.540005245882972,0.3040676362839885,0.28368166710137,0.13221098406019108,0.28350621044914515,0.21807957939597025,0.5261691539346833,0.4464045458564717,0.5080116453534355,0.3135306074323837,0.5555948278051446,0.04477866446555803,-0.0532320016160394,0.3062953270234061,0.21383811504715905,-0.22056396176332757,-0.06468939171113096,-0.1296291886856548,0.1275383778333448,0.13577731620710018,-0.2040405668168108,0.5178401509237105,-0.6496538977552868,0.03954827102436711
0.029107195638469672,0.010463658291813688,0.3500736260403821,0.26651991977023154,0.5027098168989143,0.4848835698410932,0.10516877667749973,0.3140431671345472,0.211606322541743,0.11540961962532414,0.18587739899169664,0.22329724474818968,0.26526516718145643,0.28721639073581223,0.1904914242920582,0.27877825169804044,0.2294572415364478,0.15739516036990717,0.9045107671545892,0.20314866652301913,0.2888552163817818,0.30263806218304573,0.14995605369991977,0.31659364592350264,0.452383813919362,0.17542067568714925,0.19878434154927477,0.2574756950455354,0.3237708909411582,0.36254012281286135,0.27910070087241257,0.32485437414317553,0.27947058223299975,0.36410101924388005,0.12088996144534808,0.2693533812116666,0.43949458344709036,0.37216099413066683,0.29448362188708405,0.008604164332485103,0.18376096686713206,0.2670771479988201,0.301750900351648,0.35946900405587423,0.09431567243268603,0.28454552225583457,0.2877281660577611,0.1490249936046576,0.286089738860413,0.11247669706691932,-0.0007313196694058618,0.22683417860531932,-0.12679208877641976,-0.11636346301312571,-0.09813414183157063,0.017680787148019617,-0.2991542487719817,0.48210480913987086,-0.1120327640787624,0.1342520337841649
0.004102916859440302,0.3318021363881021,0.3183132464552984,0.23987033537096542,0.2832864317295412,0.4451745765988547,0.2287392302446427,0.3009940949575123,0.21387410283504896,0.10086360160525455,0.37304047633368015,0.2580046741193863,0.24679702473117696,0.4193553432220098,0.3606600996430952,0.28194673212501337,0.38691965179007454,0.019040683292929676,0.20314866652301913,1.1434178658875123,0.21724396535264257,0.23314704150677062,0.12117974440862252,0.4177713988153856,0.24782848257334658,0.19431358313143113,0.3655528608075109,0.3238495490324239,0.41946161620825556,0.4778788231983196,0.3210760147795078,0.4912296067978628,0.21682239755712146,0.4342024203073865,0.3765876861859854,0.3042202024503929,0.5365078416138421,0.5043234874090436,0.44363266373844956,0.050617648164087044,0.2564812290678502,0.2528638134734345,0.4691247514595483,0.08979451171904394,0.4350720616474278,0.16812934937542476,0.2933510346567172,0.23208713169564457,0.5838645772423837,-0.07262245313903394,-0.21146399570778746,0.0626063673229363,0.0845128213181294,0.01724245560194483,-0.27998280987852003,-0.007065866008774174,-0.34825423022966373,0.5168548839548596,-0.04094522152605199,0.20271341438142676
0.025449623008134012,0.23385420043752309,0.3478316002355606,0.30324135040913913,0.24937238084380525,0.4088370169158251,0.3169937132090729,0.2746213599320663,0.3517641373839088,0.18593221007259902,0.29288542394777156,0.27862230093188894,0.30141082472823655,0.2915398116333491,0.22449561300708337,0.28803505234305354,0.3171047457750773,0.3294555002317798,0.2888552163817818,0.21724396535264257,0.7169888340339676,0.37516273583682835,0.3572041815690551,0.3445509524702195,0.40569574460048224,0.268482877863434,0.24284728060202013,0.22426412312827262,0.3220839599378672,0.5042584307044438,0.3636248917580478,0.3418617171768088,0.28968513556273406,0.31546656531719597,0.2300587109510245,0.42507613236055247,0.5456593430510246,0.4216058498845532,0.42873344346305936,0.20705413204045556,0.29972454962289574,0.467255589553709,0.4342121548997542,0.3592746744888368,0.6559635174854119,0.33124543994688394,0.45831373676596754,0.095848459859149,0.09013834495883166,-0.002059968371932144,0.012302766266735623,-0.201221933555753,0.20659895352531912,-0.008187144035873159,-0.019126112302804872,0.017212479569389535,-0.24061931204225526,0.32415053329118476,-0.13110084967243582,0.3193793690417413
0.01753496258082895,0.25584617147883004,0.38949431235868676,0.30734753360961387,0.28534302356008406,0.4870563030626204,0.42856334411191177,0.3121430096647554,0.5485353665550771,0.22774268743270065,0.29183291831337654,0.305495703691992,0.3776851145527391,0.3591620263218443,0.13892650301653822,0.48655661719081317,0.3440496064753491,0.34292101799125685,0.30263806218304573,0.23314704150677062,0.37516273583682835,1.0743267531708247,0.3625909021616149,0.377799441754791,0.2664919713086209,0.3124611324958307,0.3025535426272392,0.2145521209538977,0.4321562682752329,0.4711843035862157,0.3406597461009882,0.4742958819290053,0.22758486584100504,0.4642599704853313,0.23796966565498318,0.3909040414258756,0.39724437220390263,0.48723134726443984,0.43760702323844264,0.025436863510533078,0.2690202143658199,0.35420845335445744,0.5842570256513305,0.42049742163148585,0.23674024455549716,0.36927330028350697,0.44500377671878505,-0.28311214506250393,0.46225140509690527,-0.1631551786942344,-0.10107945526180848,-0.22802452082188046,0.14673229648412653,0.009165267774528259,-0.05464258769457319,0.07182342827642706,-0.23047327442911045,0.258602142146739,-0.16384566522036004,0.33953335529556783
0.011921865169453892,-0.25071528827147804,0.30592619630758133,0.45187749879858524,0.2789389599232036,0.17412514932120599,0.35696280845342915,0.29425811523409906,0.33767692677822203,0.31432581966439144,0.22390778240178727,0.2388727613547876,0.3311033406616037,0.23715541235517124,0.17348823835950317,0.15146561509820944,0.16019771802127714,0.6323674315168338,0.14995605369991977,0.12117974440862252,0.3572041815690551,0.3625909021616149,1.5367654853130184,0.5276238457997167,0.5057353546129821,0.13618472434679438,0.15144222728134582,0.03337483598706175,0.32489000469228385,0.5881063419075357,0.1996065790793728,0.2462663686660591,0.4633798732491006,0.4689687848226328,0.01378362137566141,0.3860188247748502,0.4159732195915914,0.2274789222922667,0.44472739808936385,0.09658813853700281,0.33262684935391873,0.2272405374057541,0.45064509815688986,0.8588488819741705,-0.028524389262600994,0.3790806635842271,0.5845249872509596,0.2470242422936673,0.38182188664959577,-0.0023789576061055335,0.15264201186335546,-0.26658422070589577,0.35789866464988396,-0.07657821417404145,0.09820060980366653,-0.012684210493323576,-0.2734488318074044,0.351954369406944,-0.17378288805055875,0.13249950164382673
-0.005373811281439328,0.08515471096963803,0.33073801000123243,0.3724979867694069,0.289683130923156,0.3911281811314687,0.303772840418582,0.3565486103376482,0.2870488936439046,0.2349548599496288,0.2820628278080058,0.2572770273421657,0.32092750410142057,0.43658636334858464,0.27289441179068924,0.3214896130269243,0.34768332521169026,0.18361832577898574,0.31659364592350264,0.4177713988153856,0.3445509524702195,0.377799441754791,0.5276238457997167,0.96347018354853,0.6056802288670198,0.027998389021136254,0.3508624541118151,0.38984349043738853,0.333138825019981,0.8327167196414069,0.4022905712528746,0.584801158401968,0.6080671025198101,0.4421563486750907,0.3398460842121969,0.39323660328041526,0.5717344175880273,0.5035289825001531,0.4745310067497913,-0.08832398696504451,0.35430979614758856,0.32543648077339693,0.4613015399972732,0.6035352025819503,-0.06240199949587593,0.33104220147031777,0.5393515222111762,0.2601548467254552,0.7904810376536593,-0.15238101866925155,-0.055585026790707405,-0.009248377529288887,0.24949323999168774,-0.03191455441900697,-0.21086869083879897,-0.10674917544418645,-0.2829788718008379,0.5192722521645645,0.006546580366979091,0.3105463120302508
0.010616018282035098,0.1427881096308252,0.37741937830246824,0.4018114453608763,0.28374193317665675,0.4405102481274325,0.31620927081758343,0.3327021761174197,0.23303224176394627,0.26517953718393594,0.2650722845463713,0.3164451981156562,0.30257897724104105,0.38195372310412373,0.38614088276517944,0.22796352403317854,0.386117741451074,0.3513112717490912,0.452383813919362,0.24782848257334658,0.40569574460048224,0.2664919713086209,0.5057353546129821,0.6056802288670198,2.2907125540031266,0.31299270560926107,0.30847561307619353,0.3263205060391598,0.7440495253608953,0.7682098636657196,0.4883684271379793,0.44638706377254195,0.48838017970991743,0.7126705215761788,0.4439986914976005,0.3910148527299773,0.9790592755208457,0.7137813356915637,0.34024421545721867,-0.22028305727975736,0.3842096594646364,0.3929884410043406,0.5050264899368776,0.7578939122177589,0.24529988324327467,0.5982723903285248,0.6181720554438244,0.11265627051173963,-0.17217518142585173,-0.4485395151470519,0.30180522829515294,-0.027744310688469158,0.3800196892842845,-0.10081505167434845,-0.185770040425881,0.08934226374363857,-0.2110667633076064,0.3723144633801614,-0.1202148349174311,0.2735143617122338
0.021270534533553414,0.1817677203536124,0.3558864057715025,0.16399114801649636,0.1852471770216033,0.323232746960324,0.2665676022311383,0.25232676306436974,0.37205020892097407,0.09131963669022014,0.3143904314601799,0.23622713746603954,0.3145364639724416,0.21803962777617908,0.08603057531043602,0.18726290327915074,0.26423626789067894,0.4269569210785308,0.17542067568714925,0.19431358313143113,0.268482877863434,0.3124611324958307,0.13618472434679438,0.027998389021136254,0.31299270560926107,1.622469796892785,0.19080329012177782,0.1954239717555995,0.28819849286187577,-0.19020472138258934,0.2573649995098446,0.22718594551364496,0.13617481017908775,0.26831361990547525,0.18318234193265845,0.34307887635639694,0.46619358608567796,0.38941917855810915,-0.18875628641333375,0.18608620417644453,0.29663968582231276,0.3368778512791679,0.439053367380174,-0.18891056385344174,0.7036784923688372,0.17186363654461034,0.12966422517776155,0.05240861428294351,0.17619281801972028,0.039171798397407934,0.1897947708162804,-0.10811734582461342,-0.12664026199350661,-0.012900974601478741,-0.05857367446985613,0.135217963984271,-0.09989322376521385,-0.08481387008469016,0.020858375287454423,0.12351913278060035
0.018838597732088045,0.35517872855201754,0.237133414829731,0.14055294085887848,0.2113336145621564,0.3533654415161008,0.2907189489899494,0.243980632588201,0.2868087369116852,0.1764114835152019,0.24041100606054064,0.24950751010403838,0.2622516696523809,0.3150124495769496,0.1676500277541894,0.29185661577347866,0.26698147891703533,0.051997691606487685,0.19878434154927477,0.3655528608075109,0.24284728060202013,0.3025535426272392,0.15144222728134582,0.3508624541118151,0.30847561307619353,0.19080329012177782,0.8720883805612961,0.24826821185327855,0.14192246589568472,0.3387870932583192,0.31617525419119663,0.42146384384556873,0.26087972975150403,0.3086940425719826,0.27819380926323584,0.38098153420854836,0.2882978985896111,0.41177539553975673,0.27054065548921724,0.10998116636827034,0.23079384667614522,0.2655762928185481,0.41767638878748853,0.05880673764756215,0.2037149630204497,0.15620327933235623,0.24025729564087442,0.1668235072524666,0.6614971496827754,-0.23656974110680792,-0.10308068876159215,-0.016426928133341248,0.18331813949315726,0.05187695472605911,-0.09177594684316064,0.06277672017758891,-0.12967475989233876,0.33381571179415004,-0.21869459567201704,0.2565782301631353
0.0038361306101157826,0.23167183073170086,0.3021233689845216,0.17745673224775735,0.02954381011772084,0.2763054012827888,0.17698122712728245,0.2203952203178711,0.16966427838563367,0.18444073835337407,0.22776327045846892,0.20270576789339415,0.21559914933238275,0.17651342982114493,0.20950194204958428,0.25904440136100615,0.4638432626763815,0.12942321755810815,0.2574756950455354,0.3238495490324239,0.22426412312827262,0.2145521209538977,0.03337483598706175,0.38984349043738853,0.3263205060391598,0.1954239717555995,0.24826821185327855,1.1841185638521812,0.06468639655405613,0.43132532175906896,0.35410406921793197,0.2967022550343196,0.5848489650888553,0.2532761891414941,0.6579736458820357,0.18308278866070588,0.6036286122505662,0.336055181839326,0.2704670683651721,-0.1495942571161152,0.30064647955484947,0.24297741423297364,0.26782136175592924,0.3689995367486926,-0.04992899548500911,0.06850104043480391,0.29318452547597174,0.24434776999447536,0.6213949459925545,0.25792062066311866,-0.1069435174350799,0.712938196802548,-0.859494186434513,0.003173422886716384,-0.04273419059093876,-0.010678947888229113,-0.13139705691435946,0.09018121204904914,0.18087312276462733,0.18700681689784274
-0.014465852254048674,0.319618296495783,0.40310984711244574,-0.0012838245923607369,0.3139182825137305,0.4887261218578908,0.16598418889911448,0.21842327645993273,0.2586004690890988,0.12462756701477758,0.32257550334400215,0.22875085860375566,0.2825568755190705,0.4012799774804584,0.4278494672585395,0.3317315769026914,0.25690784989986093,0.10479358912370508,0.3237708909411582,0.41946161620825556,0.3220839599378672,0.4321562682752329,0.32489000469228385,0.333138825019981,0.7440495253608953,0.28819849286187577,0.14192246589568472,0.06468639655405613,2.693081632982739,0.33974571063621944,0.14963701107389885,0.4788546232366851,0.00287371720958538,0.4946634524796576,0.3374930745403964,0.9482936709619231,0.4380060198205895,-0.3458308460745505,0.2052760806594051,0.011791742012053097,0.19836356152715603,0.21714227970357516,-0.3781620754514027,-0.784757496304766,0.23128539762075737,0.6195538743272426,0.2495257382494435,-0.3448110609040139,0.1464409675915439,-0.26322374700594214,-0.004783808909267393,-0.14262588304873144,0.21613140934862102,0.04103085617127777,-0.4082336947651805,0.07172311270507718,-0.39959738220325974,0.2918724362897661,0.19266007557470285,0.1776670235941607
0.030812927227259167,0.004625940753342075,0.044291180491204146,0.3638690350311712,0.31171584598639157,0.3774783406280555,0.28269078802256326,0.32629181347267855,0.2058513184209255,0.26552801968825773,0.2451645959009235,0.2803449995964789,0.23500970455277562,0.46371809027031746,0.430290482042561,0.46621080251756136,0.3731313317921689,0.1942476016049376,0.36254012281286135,0.4778788231983196,0.5042584307044438,0.4711843035862157,0.5881063419075357,0.8327167196414069,0.7682098636657196,-0.19020472138258934,0.3387870932583192,0.43132532175906896,0.33974571063621944,2.636634354757412,0.5076676071537415,0.45318500039929394,0.5135313797625818,0.15245744739469652,0.811798742969728,0.23460726407873925,1.064440816304018,0.8116396816916367,0.7261213116766078,-0.14455039458069635,1.0464514595833052,0.49745547933070894,1.0382231638506987,1.19122916213444,0.05573857573855513,0.37628387637981053,1.283101911850666,0.28872578771222657,1.4040971476206474,-0.5600412769205484,-0.0823406706663368,-0.408150625711363,0.6730478695553775,0.13339084381497232,0.08015414450821075,-0.10566031820380212,-0.6452579970359051,1.3297327336786249,-0.5740333929291958,0.21138670273257718
0.03175837464895215,0.25431565830694103,0.35118933952396303,0.26771246344260347,0.2395359238205236,0.3415982021681884,0.29392269727953435,0.25833797991941665,0.29203949939028223,0.19552089639418532,0.28124082644743975,0.29982001425978283,0.24643740280056053,0.29663053744326906,0.22615431835557986,0.26455390495285386,0.3506534402897402,0.34287386639869155,0.27910070087241257,0.3210760147795078,0.3636248917580478,0.3406597461009882,0.1996065790793728,0.4022905712528746,0.4883684271379793,0.2573649995098446,0.31617525419119663,0.35410406921793197,0.14963701107389885,0.5076676071537415,0.8025889829578481,0.3491694381262356,0.3667229201072383,0.32276492417012986,0.30928589929395245,0.6060732388332264,0.8201336312811377,0.5600468544341105,0.3798225276776884,0.015265687861265644,0.3928038544167882,0.33226305073347306,0.3975928493859706,0.3601041720909036,0.4346342739888102,0.40490428512789645,0.44172131843806306,0.14693264709818715,0.040442408668019715,0.10819686010224074,-0.04607078293067887,0.03411151547123271,0.03507365078309678,-0.11510421859191584,-0.12848587856585295,0.07093522221375366,-0.1737776722955075,0.3709261784268762,-0.23926124840408217,0.1786185169814588
-0.006899466914831611,0.3833537005641812,0.39726892075130965,0.3460603073824591,0.2389985694729563,0.5923255617380655,0.3101922695172625,0.36400934308762317,0.39824286379493934,0.2150616773843546,0.3514491847573854,0.31232599289356194,0.3377623622648565,0.6602871135756662,0.35644528506838696,0.41174866447027536,0.3278546920785841,0.13506925500432443,0.32485437414317553,0.4912296067978628,0.3418617171768088,0.4742958819290053,0.2462663686660591,0.584801158401968,0.44638706377254195,0.22718594551364496,0.42146384384556873,0.2967022550343196,0.4788546232366851,0.45318500039929394,0.3491694381262356,1.183911220426596,0.05192906912214641,0.4444332781854739,0.3034282839585156,0.47301391859465125,0.1458749030141614,0.42716639093194886,0.42921388531431776,-0.05408117291202558,0.304281216094489,0.3018240759840035,0.4053323373012517,0.2310168483064709,0.19344838054452484,0.33022552260227167,0.36800483447294047,-0.008250268728895784,0.5482346782395404,-0.24394134536565112,-0.039706828944552665,-0.007043768687347839,0.02508769436705411,0.17696110079510327,-0.46388538725656514,0.0036632201102953232,-0.021167280326821625,0.16333888301780555,0.16639830427391766,0.723567815173556
0.024264125026291876,-0.03594569520228955,0.3181796108871634,0.3922098620556675,0.23808048921615935,0.12188757836325861,0.2712166674863551,0.24105039876976342,0.24231176058856532,0.17032324402255083,0.1731529060470924,0.19016131773561462,0.2741894899562221,0.1441125252328785,0.08235203228080495,0.11214634671171823,0.3381613499795615,0.26749591836091924,0.27947058223299975,0.21682239755712146,0.28968513556273406,0.22758486584100504,0.4633798732491006,0.6080671025198101,0.48838017970991743,0.13617481017908775,0.26087972975150403,0.5848489650888553,0.00287371720958538,0.5135313797625818,0.3667229201072383,0.05192906912214641,1.5797429775975678,0.22482659167703395,-0.1618604040834396,0.2623304601979995,0.841831766992428,0.5575328857979035,0.2692072388185792,-0.10505161392829096,0.02644182351066218,0.3245854988811829,0.4369275133273478,0.7739933901472701,-0.2725390829400438,0.2438402584300769,0.4264388808515044,0.5429026360907284,0.7360594880746476,0.38917299568813024,0.03867888981772741,0.2591056333927726,-0.04220960703819342,-0.3952740686574112,0.15834937678904928,0.00014334199275495995,-0.3297639603747776,0.2951767110504517,-0.03011471011031124,-0.1020453136026225
