1.0984072117183643,0.4524288587534509,0.34160467916600606,-0.07106167298275018,0.2620507063527551,0.20571557192583587,0.2917877508980861,0.21570204908210258,0.09803228786254994,0.1679331270951046,0.1917929628327303,0.1898654235541135,0.17146234964845505,0.211392155016676,0.21553440003994032,0.19575586930572236,0.17890037652233393,0.16749416044631443,0.043582934981036846,0.17601126021550115,0.22460009477389767,0.1500863595619302,0.11112862350575786,0.0523698225116108,0.21698438749283053,0.13112852299104852,0.15550906787885999,0.12530169673752833,0.2346023501616999,-0.009140081982246294,0.14662494505339266,0.10660621919954134,0.07611514399074133,0.05925576364660424,0.22439620044324815,0.1819079035410049,0.11777545153481238,0.12797993920166867,0.16852702928208885,0.13666885561099806,0.19613639046293224,0.19228589565652227,0.17922991640267877,0.029140765201025553,0.13211079122705247,0.29334699276885245,0.25672056202398047,0.03463779814665095,-0.014150843674918768,-0.0850763663681949,-0.04045669264284358,0.025839501236885224,0.02532629612567596,0.04037533398912594,0.1523789474486599,0.03892374234786915,-0.15252640724716351,-0.08905768066059368,0.08407614135088824
0.4524288587534509,4.645722452516401,0.4273590877057848,-0.4517429400990969,0.24116189396100535,0.4924571805724019,0.0035787275154989698,0.07339392190133545,0.11522596518524514,0.12234971582378053,0.08561092267164318,0.12885162101023748,0.07014965648808688,0.12346596232328308,0.059621844694741244,0.07318583336967402,-0.007632593151049435,0.08863204784635996,-0.27929972755011384,0.31053826172924587,0.36425226480873835,0.06032203684609148,-0.03354045118023909,-0.03968301382750785,0.06569022688115031,0.25255491260045904,0.1255855403085201,0.06699470613901075,0.1700443850779776,-0.2581268160677634,0.08599579608197769,0.11803830855873691,-0.0870657384722861,0.15471920555455643,0.12219433426674485,-0.0049841855553165995,0.02302203835358955,0.22956956085305,-0.09952341369892112,0.1490087198908691,0.1264700800898325,0.2561439008636572,0.27368155516676235,0.032812474785370326,0.29699539863434266,0.17769002828083363,0.3267883151500626,0.05385562150048816,1.131983694726895,-0.4609977032490211,0.18955775689003568,0.23875209060331157,-0.05533578305092802,-0.015711026263348887,-0.789728575671315,0.026510725470368125,0.05043317797804558,0.37755777356652814,0.14544762665134794
0.34160467916600606,0.4273590877057848,2.552002032359547,0.21801702742948853,0.08378510982559177,0.614900878094425,0.11860274397560917,0.3087843390825414,0.22933224061986296,0.5207415396040539,0.4160462227888484,0.45065001667443283,0.38507298321763433,0.35961185898251063,0.340397831093264,0.4030390548155651,0.5292633226692103,0.29319216538253523,0.27351967618803813,0.38143467605449094,0.4029373467797642,0.3427376128735784,0.15672268849243495,0.2585668599721243,0.3629330955931942,0.2676237636271409,0.36414406739135524,0.37945529025405206,0.4881226955956523,-0.4393056153213186,0.32887077350451427,0.3599642680175466,0.30951077962272106,0.3888954881106941,0.4243111775561042,0.5239505885620264,0.4628642447087829,0.30853906837704964,0.2304730524967615,0.06889291418814891,0.40522595515751497,0.38309251141030204,0.27650167624238503,0.07912352258799463,0.3275444489672289,0.7429008594615888,0.7579633734040085,-0.060740951693667423,0.2389676290439975,0.031593083070578044,-0.1079040716207246,0.28779389833142577,-0.07266946994210088,-0.10172561814065309,0.11997848059429586,0.008988790422428684,-0.25181604680225855,-0.3468602805050704,0.3895469605916646
-0.07106167298275018,-0.4517429400990969,0.21801702742948853,2.9218556018794697,0.7120835820093969,0.5076393701760702,0.7072813029327805,0.9016616934185924,0.33972785967063096,0.41989791336040866,0.4199209361533461,0.5444473222759709,0.38699309356810774,0.6628038184866587,0.3706100587435632,0.5913670157068007,0.5721988999973064,0.37903571016462595,0.18073450191647708,0.39775322287198145,0.352101885888508,0.4284261862497743,0.41292345466669167,0.4593289162386167,0.393399287323013,0.5591938553572339,0.38873564234334623,-0.026221449505072332,0.5375209532991575,0.2633274134599646,0.2678212489613669,0.4322458779591529,0.3785214199960443,0.5234834126049699,-0.4498152296552528,0.3955807950967278,0.4523166425408763,0.2897767170283192,0.3658048154043682,0.13747899658282817,0.20782098612909256,0.3494399081898993,0.4045492136476963,0.04247516381907699,0.1055969837207518,0.5038097691959863,0.7868371869919297,-0.17766883471243736,0.999047630629913,0.08504072918812283,0.01748926842070731,0.1835447037220629,-0.1092400566254513,-0.21553374229208425,-0.39913123127740785,-0.043517470374818165,-0.23822289568543956,0.5896917903993534,-0.08720411572691183
0.2620507063527551,0.24116189396100535,0.08378510982559177,0.7120835820093969,1.814472032921842,0.5872364930801649,0.3499366687767934,0.6314204213304466,0.2065478576881654,0.25334912125296705,0.3580274155331843,0.44202395440021724,0.3277791896476954,0.4311283608520314,0.31351371260255045,0.4205696693619946,0.40840844031354534,0.3473487864077909,0.08748471081884893,0.373626229927957,0.3162276759300218,0.3024581589986903,0.34656698848318623,0.34823687825975325,0.3028409611607741,0.41909489298899877,0.28193821293649135,-0.047793870901640605,0.48752771060267536,-0.06271260277525073,0.228924283738497,0.3604050641145132,0.2886861657024133,0.4195463357435104,-0.34970016896185113,0.33543678851092024,0.366864440887397,0.24715123096078803,0.2404587463309836,0.0977838685744455,0.16765617965173957,0.3138429167619357,0.16174438100154176,0.03306801209641868,-0.007329272015685245,0.3990760065473938,0.6977662398734378,-0.04880050418710877,0.5740229908863101,0.022948265934683538,0.06663146399133156,0.14075659558848516,-0.05141625607449696,-0.1831242905316206,-0.13493263417777088,-0.30077294177699926,-0.37592426033485815,-0.007820598340907453,0.7301414791565112
0.20571557192583587,0.4924571805724019,0.614900878094425,0.5076393701760702,0.5872364930801649,1.089912664620953,0.05385454580261965,0.4020538571503864,0.20542685752862294,0.23891524352922652,0.37123753070300997,0.43000637371840805,0.3189329307835261,0.4744742004677378,0.24941596827265497,0.4264935717988398,0.4496990236524445,0.21485385455482953,0.14485752508477945,0.45527349766306524,0.4188213804016578,0.3291264543072957,0.2082730023528623,0.26557465979128736,0.34457009341677497,0.3622118764020989,0.32391161329841056,0.1412521884990407,0.5345822724753471,-0.14670719533097545,0.20058860167528428,0.413049920225139,0.1016214372968572,0.46152848012617365,0.13427129931209472,0.20392740494369518,0.33432841502849286,0.3132969097379814,0.2157302140921868,0.17931088875474552,0.20713442098601612,0.37588536938598366,0.4282515153614023,0.051460975706152684,0.27991823278712,0.42005634253242413,0.8691678498413173,0.11163336843271893,0.31548972369689954,-0.02415244769357788,-0.25786638823128516,0.33005236400743804,-0.10466005360743343,0.000835708686583209,-0.093322183443807,-0.11342588947090866,-0.22646970231281194,0.14494526340284722,0.22364197645082837
0.2917877508980861,0.0035787275154989698,0.11860274397560917,0.7072813029327805,0.3499366687767934,0.05385454580261965,0.9291024436529799,0.3299051712894594,0.1768282122071627,0.24553717027638913,0.27296688287717863,0.30119422052414446,0.2392032016937178,0.14904968473140204,0.24147311895274515,0.23519899797257918,0.2856111216296901,0.2846674644460769,0.09368806133165485,0.20995297558199746,0.23101442510347747,0.24239424627823253,0.2081578296006902,0.22017556599985902,0.21803026000388545,0.21244270086216943,0.22367913526541136,0.07299443223318532,0.23383177002773894,0.18349196113902735,0.20270133388312456,0.2221830893752653,0.22701391293002685,0.21761340790233524,-0.04689152055165522,0.29052058756987453,0.19133380183257714,0.13916707853445737,0.2623938454866329,0.12545124481685488,0.14419802216481095,0.2073465660006369,0.19218508707830928,0.02806067187531957,0.04575017976976252,0.32958597512473287,0.13754204748367085,-0.12217453593003787,0.337093157363407,0.02311246471087057,-0.04656916009450619,0.0555963099359218,-0.040471224254601826,-0.06594531673604553,-0.06854080668563158,0.11078040586019965,-0.06118966529003077,0.1597761102348049,-0.17786993212810057
0.21570204908210258,0.07339392190133545,0.3087843390825414,0.9016616934185924,0.6314204213304466,0.4020538571503864,0.3299051712894594,1.2078762230223847,0.17222354702160678,0.38779535066031534,0.29162471003142926,0.2353320535423193,0.3173833007947617,0.5086881028785956,0.2469922992811751,0.3923330706518245,0.47851045961893346,0.2544825540481318,0.2070842278860094,0.41145215482366754,0.27402844000508014,0.2884861805439814,0.23055564149052568,0.2876383840572187,0.3359536116343224,0.4181154957184865,0.2653325061968899,0.07792454205428338,0.4572253807793896,0.25997706544248567,0.2192623337214225,0.1821882396146276,0.22342270385955115,0.4248609365937704,0.12032912560857159,0.21555086205022492,0.49656450329019475,0.254698456648623,0.4192040807584939,0.18048231909341192,0.27926248199147496,0.2853136452328386,0.37234960185440513,0.06415904603295526,0.21766232519559017,0.4324444191605336,0.820623151965519,0.05817501155953681,0.8030898884637448,0.10620494100172297,0.01605724373031133,-0.017515730847376097,0.09848044306523632,-0.18575097735459534,-0.16633718090597033,-0.08411677343383021,-0.3913590668819486,0.35764597298550344,0.22588155908369395
0.09803228786254994,0.11522596518524514,0.22933224061986296,0.33972785967063096,0.2065478576881654,0.20542685752862294,0.1768282122071627,0.17222354702160678,0.787059902594607,0.08698024505541505,0.14180758995407802,0.13494231195831327,0.18830163451367385,0.1782381801355204,0.1301809865650603,0.12696134375270046,0.1504807893579981,0.11628461769747159,-0.03309658268977462,0.18023508109816913,0.17455476276118323,0.3138533948313634,0.17996473789370176,0.22514426255484318,0.10381928620297204,0.3605339152854632,0.16039303172497238,0.03392712757811964,0.17019069935912481,0.026725924077032236,0.1543828188200735,0.25979945845003766,0.1923098531570754,0.25192747087285855,0.0005128438394844642,0.17730904038012674,0.18309304987618671,0.14457242913298762,0.12770675179585397,0.07618073878916294,0.16139826250233938,0.17327601329692974,0.17137612605300212,0.041394864656824105,0.003283396740170514,0.2633748597368005,0.29079951460389497,-0.022529299682468668,0.7808856021695655,-0.07338264665270498,0.00447751011236281,-0.039199181744260146,0.1464116547188,-0.06184810039495031,-0.04906590812795876,0.050419464523003076,-0.03742753228518642,0.019219107120460332,0.023774744122247813
0.1679331270951046,0.12234971582378053,0.5207415396040539,0.41989791336040866,0.25334912125296705,0.23891524352922652,0.24553717027638913,0.38779535066031534,0.08698024505541505,0.7372645041339106,0.2506205297951992,0.2602847979762449,0.2684163572003675,0.2522044045685936,0.26226006443042843,0.2478027372028685,0.32199707700207925,0.19177276611005578,0.10826400648041903,0.2017733483695458,0.20002491820820859,0.2059528373262893,0.17458338712758764,0.1883512211569496,0.2429179433452999,0.21347061154587235,0.2185652340401202,0.13731582551122248,0.31696406013747025,-0.012145370665726624,0.17488439033499723,0.22422424826420728,0.12278284198725777,0.28908592748021267,0.17683021468941706,0.23399109640993843,0.28728407691287083,0.13436797188736171,0.20456245625335473,0.11732798324042368,0.2954963407444657,0.20187556787708502,0.20062473401100983,0.04453566314564015,0.0579718881081952,0.3627030420249891,0.5525216897987367,0.00443627641406851,0.2712305395576812,0.07781602827658494,-0.033663915098489934,0.07325247410408733,-0.060755135276775375,-0.025777294381036996,0.05155957762498147,0.05632214683526374,-0.024341007416580383,-0.1828650381770505,0.11859685006880595
0.1917929628327303,0.08561092267164318,0.4160462227888484,0.4199209361533461,0.3580274155331843,0.37123753070300997,0.27296688287717863,0.29162471003142926,0.14180758995407802,0.2506205297951992,0.5927679377072509,0.37364565677182837,0.4066045579706085,0.25933434911510705,0.2867674955775403,0.3220987728683108,0.3993126152086893,0.24709254518595397,0.08008675068648663,0.35452773734991516,0.27506176171169394,0.25438763863978286,0.18124099109009062,0.24219159297007117,0.26888463776075117,0.2517157547413677,0.3024678215795813,0.13312387066980336,0.39478309589006305,0.044820014493230066,0.21934532942475826,0.2757040810809564,0.1945481269266027,0.29637952813742185,0.17918608119246235,0.30814086463995927,0.27084547720123375,0.21561026981132916,0.2920249028935826,0.1734705285910398,0.25207486842261334,0.2762506387132375,0.2808575431624678,0.048838739508062036,0.1359214928196523,0.4339105700131327,0.4789041282841467,-0.012697873160978115,0.37907227011899,0.006066052854989914,-0.12640256496843771,-0.014391358917294624,0.11742880420156097,0.01093418733054602,-0.03576849947307236,-0.029065411248360824,-0.08945939810266167,0.0524216682461864,0.03844881996603631
0.1898654235541135,0.12885162101023748,0.45065001667443283,0.5444473222759709,0.44202395440021724,0.43000637371840805,0.30119422052414446,0.2353320535423193,0.13494231195831327,0.2602847979762449,0.37364565677182837,0.6630361818786716,0.24511486214382494,0.3001230595936291,0.250129977704386,0.3520175720557967,0.3665688488058094,0.33283328934544143,0.09897737354903961,0.2674017974681225,0.2976867141819212,0.23656156770622713,0.21297654889213782,0.21100221907974404,0.31059032768463013,0.29128157623587003,0.31137733961389574,0.14122413128128078,0.3015934529339722,-0.07682842176166896,0.22445729016443738,0.32857772405812347,0.1794645379006122,0.2857620786992289,0.12851739081823793,0.330171773372435,0.16245227563917583,0.2007068495959,0.18905478764309103,0.14991633508216948,0.18428617480402923,0.27844558284702353,0.26750033633374876,0.025429073277208194,0.2053332340240815,0.4168041226720659,0.47762775958990134,-0.010615419960666315,0.061790166379242346,-0.12097645521842225,-0.05514313209799709,0.17434415735251688,-0.05514679860788486,-0.007443948010326887,-0.09225698782481821,0.03164054361737186,-0.12738654272264727,0.09045233404781829,-0.09449894207490142
0.17146234964845505,0.07014965648808688,0.38507298321763433,0.38699309356810774,0.3277791896476954,0.3189329307835261,0.2392032016937178,0.3173833007947617,0.18830163451367385,0.2684163572003675,0.4066045579706085,0.24511486214382494,0.6457117225505216,0.2671619547009406,0.13788106924146387,0.317195273546472,0.32771676691717966,0.2316932166983522,0.14866011524910872,0.26214351239655476,0.24571809626967647,0.3388897307387714,0.17676329477189764,0.2745178880472364,0.22390367697141675,0.2666023042652615,0.29808591190029154,0.14162840015156783,0.39176457952417165,0.07980338761657876,0.19927985848009172,0.266821205886284,0.23591215259567658,0.2658344762833557,0.1687735596720872,0.2878726739468453,0.2720393677458086,0.16053267785675096,0.2957567578623495,0.15087756647180042,0.23187981575271474,0.25074473566617184,0.28554621522888385,0.06309924889003597,0.06936590265580414,0.3977342950624354,0.44006841891264303,-0.028439273360330697,0.5260502768417696,0.06449537140116873,-0.09579877881806456,-0.04508309739135103,0.09511999569850488,-0.029471988717046836,-0.007353471093473324,-0.04950233105795171,-0.02424867382382618,-0.0045511609354917165,0.07985644894316793
0.211392155016676,0.12346596232328308,0.35961185898251063,0.6628038184866587,0.4311283608520314,0.4744742004677378,0.14904968473140204,0.5086881028785956,0.1782381801355204,0.2522044045685936,0.25933434911510705,0.3001230595936291,0.2671619547009406,0.6727363380376794,0.3554153118830886,0.4490109153660497,0.37785997802106347,0.13040883791980343,0.1540029034137965,0.3252429648876868,0.2989940932957869,0.24307168582202512,0.1778665245118553,0.26742712992384443,0.30218699209499744,0.37004367587413434,0.26068240210253424,0.17527041556899078,0.4016855095895249,0.11047084055903965,0.16312556689143043,0.27999693359519207,0.17038891779283413,0.3190458034432024,0.19007091482235697,0.23507719953221956,0.3157606003112832,0.22997244180098528,0.20301062955182514,0.1623535423482333,0.2922604507846056,0.3033096676364177,0.3235734052786475,0.05111791446883021,0.14039564237118035,0.4148243815589408,0.6518184114816385,0.07836857490515935,0.7227672366589798,0.008362717926256388,-0.07295445369048065,0.09882530286055474,-0.05255292744202844,-0.011801766502378281,-0.11446398072184095,-0.04706777685017653,-0.33938334149283617,0.24436275547102868,0.22328023309268075
0.21553440003994032,0.059621844694741244,0.340397831093264,0.3706100587435632,0.31351371260255045,0.24941596827265497,0.24147311895274515,0.2469922992811751,0.1301809865650603,0.26226006443042843,0.2867674955775403,0.250129977704386,0.13788106924146387,0.3554153118830886,1.0062363103120917,0.29258159994555555,0.34446672211843277,0.14182600235268536,0.12189030985672018,0.3957290683292151,0.2689450206608319,0.05991272741990519,0.1197182549034782,0.2745663085496778,0.27988421473026137,0.20276274166184732,0.24700064295014665,0.30833082313071963,0.3372743159279077,0.2892597479199328,0.23466441419599104,0.28647142295817096,0.2674520055445583,0.2298958065214236,0.2175454020638108,0.33111248501157803,0.3208147166378468,0.24292627514897078,0.2434906562704899,0.15157235794943438,0.32090368044508694,0.2824569848978207,0.24428074574435266,0.03894391064624352,0.055300565227190575,0.5040091440676765,0.47064151089533207,-0.03863297673796125,0.6404190874819458,0.12422282307232772,-0.17805841758650887,0.30581768222503314,-0.20861581733892123,-0.0415772982555102,-0.02282692214743095,0.11146438037624862,-0.2945447673195507,0.09785372573427135,0.16438664158695762
0.19575586930572236,0.07318583336967402,0.4030390548155651,0.5913670157068007,0.4205696693619946,0.4264935717988398,0.23519899797257918,0.3923330706518245,0.12696134375270046,0.2478027372028685,0.3220987728683108,0.3520175720557967,0.317195273546472,0.4490109153660497,0.29258159994555555,0.7066389777362198,0.4568229323660419,0.21780013824286926,0.18551149386427476,0.29676641529219033,0.32436478894607695,0.33341129916557377,0.17360902216156895,0.23935821132542692,0.29683870289172326,0.27708307664353127,0.32234529904346954,0.22747803177432954,0.4262260750165626,0.0585872557700248,0.2023777137272683,0.27823143697584407,0.16903430575139466,0.3261629573348122,0.32441774607572593,0.2975640901095829,0.31594174796781543,0.21692984234157853,0.2650898673303129,0.19610945052752196,0.3099469761730845,0.33887915686689957,0.3627886050113658,0.05239992470995464,0.16523832174992384,0.44475295760436845,0.5826144031801872,0.03241953349614532,0.4136213164214721,-0.060393143210415105,-0.08816579508478309,0.0802909375777342,-0.014940035085423537,-0.004737676067868592,-0.025441312895323826,-0.015766425668395173,-0.2653729181011113,0.15735197995324351,0.12253974608745262
0.17890037652233393,-0.007632593151049435,0.5292633226692103,0.5721988999973064,0.40840844031354534,0.4496990236524445,0.2856111216296901,0.47851045961893346,0.1504807893579981,0.32199707700207925,0.3993126152086893,0.3665688488058094,0.32771676691717966,0.37785997802106347,0.34446672211843277,0.4568229323660419,0.9425317807058649,0.2028754983469972,0.16786728490230912,0.4863287676430659,0.33123015272178896,0.3133379909556265,0.19368911387195076,0.27180695844116143,0.3616297557114217,0.20744787809637424,0.3395873860199924,0.24739132499020633,0.5050329223015978,0.047242061506539444,0.2750763346090699,0.2742037722910729,0.2496203850410713,0.3522873309551127,0.26593587099066873,0.3591025792085943,0.5092266984538888,0.31058226893965674,0.37321847862228813,0.21297835324925807,0.3499187913911196,0.34301802707460033,0.37740071471665776,0.06015814434048011,0.23142265757053382,0.5279157308295265,0.7806575793463342,-0.03442998080343309,0.482572766480287,0.24988643102921682,-0.15288798580839805,0.08027231755241929,-0.03470232638104474,-0.0330180035032884,0.04958388370162863,-0.07739325958406615,-0.2752774621416536,-0.012418368826399734,0.35293651243795054
0.16749416044631443,0.08863204784635996,0.29319216538253523,0.37903571016462595,0.3473487864077909,0.21485385455482953,0.2846674644460769,0.2544825540481318,0.11628461769747159,0.19177276611005578,0.24709254518595397,0.33283328934544143,0.2316932166983522,0.13040883791980343,0.14182600235268536,0.21780013824286926,0.2028754983469972,1.092769995726713,0.10994168696090718,0.06707619495734897,0.2563377372757889,0.27028032302154814,0.4077613796280531,0.24220053779886355,0.2191587159544077,0.3126599958644673,0.21729408975910383,0.21972199501227802,0.18712559152655608,-0.05137159156301656,0.339900171325696,0.22143991977947078,0.38596327192326046,0.1339862234254112,-0.004366706925389466,0.3644767381287952,0.19706107902985262,0.11276678529658277,0.1669978842807146,0.10146016296533754,0.06120630993538399,0.19205315907750423,0.35562840670243173,0.03250969965618162,0.2811595387610602,0.36756159778546627,0.3706427251022667,-0.0807780178007682,0.16256024958450327,0.33198809061759565,0.1351996940458222,0.10951002498106811,-0.30104656733793506,-0.22767919574799855,-0.02696552759733326,0.026454748519760648,-0.05095388876492003,0.0478654416981735,-0.1139128512682475
0.043582934981036846,-0.27929972755011384,0.27351967618803813,0.18073450191647708,0.08748471081884893,0.14485752508477945,0.09368806133165485,0.2070842278860094,-0.03309658268977462,0.10826400648041903,0.08008675068648663,0.09897737354903961,0.14866011524910872,0.1540029034137965,0.12189030985672018,0.18551149386427476,0.16786728490230912,0.10994168696090718,0.9934813540022471,-0.011425458741055444,0.148905592634305,0.14217949632529037,-0.11592592132285344,0.12834921111104075,0.15607381952222796,-0.005985948263600506,0.07323761707045048,0.2210799969485866,0.11212673986007499,0.3072339805848898,0.11735376755765414,0.0656616468419235,0.21381664849637252,0.030172058669307764,0.14754466643181177,0.12541959857587964,0.16380691778066028,0.021652899795160274,0.26030888830896354,0.02263146934598531,0.06431405789184848,0.12015319659344036,0.03998153068783676,0.021631229231569734,0.056131782284310525,0.23950863801553052,0.06537021170098571,0.1539813328359181,-0.2713100198071468,0.2586749073240897,-0.02311903085774463,0.042203519030593356,-0.12605447857157814,-0.11026326145753036,0.05747281895994588,-0.02311620567033977,-0.09396369773995894,0.029583185582793978,0.008292046722194368
0.17601126021550115,0.31053826172924587,0.38143467605449094,0.39775322287198145,0.373626229927957,0.45527349766306524,0.20995297558199746,0.41145215482366754,0.18023508109816913,0.2017733483695458,0.35452773734991516,0.2674017974681225,0.26214351239655476,0.3252429648876868,0.3957290683292151,0.29676641529219033,0.4863287676430659,0.06707619495734897,-0.011425458741055444,1.3309378866451351,0.229455525702359,0.0967056630197,0.052140577117052674,0.3376123633486361,0.2994630938610877,0.1899028808043295,0.4050380911681552,0.21052147996796683,0.5582727797716056,0.4986968669663241,0.40434828785605303,0.33347618233307896,0.2614147302450923,0.4841795224364829,0.2627289980538761,0.22478281737932013,0.8163454808856518,0.6973194682138986,0.587510635339924,0.37230915603855497,0.40626764567303536,0.34313917339304434,0.7796864008224847,0.055399578248776296,0.6978984888782723,0.6576034107165838,0.6561678679566079,0.2422408323574334,0.905089855642765,-0.07128295718403137,-0.24257555217939436,0.12498053189137624,0.15132657599172394,-0.048661778202086774,-0.06530529620939728,-0.10653468260374863,-0.21801940349494603,0.03372962262924858,0.3324791702410631
0.22460009477389767,0.36425226480873835,0.4029373467797642,0.352101885888508,0.3162276759300218,0.4188213804016578,0.23101442510347747,0.27402844000508014,0.17455476276118323,0.20002491820820859,0.27506176171169394,0.2976867141819212,0.24571809626967647,0.2989940932957869,0.2689450206608319,0.32436478894607695,0.33123015272178896,0.2563377372757889,0.148905592634305,0.229455525702359,0.7062053614470739,0.2408566318276521,0.11292134825595906,0.1393987176141549,0.22742031184336392,0.21863229778826854,0.23642010104519784,0.2619889732670401,0.3018626383336281,-0.09282628446022527,0.2156185044892185,0.23880067940477975,0.20700104724412488,0.21052639681266802,0.27432411702256915,0.28879913088252246,0.2285094613837013,0.20526519910185761,0.13832758098419604,0.1998497653978807,0.2310086467766602,0.4920816322893798,0.2655699697984462,0.023786472741880494,0.25524075972527577,0.39136843691304474,0.5849204722493492,-0.00037748878916242035,0.17131008197712586,0.00166758760152214,-0.088313423346022,0.1967554030359665,-0.10130417701286035,-0.0095389577948547,-0.07143639496118781,0.01628166680336728,-0.18010569301453908,0.08829906685176853,0.08692319591364715
0.1500863595619302,0.06032203684609148,0.3427376128735784,0.4284261862497743,0.3024581589986903,0.3291264543072957,0.24239424627823253,0.2884861805439814,0.3138533948313634,0.2059528373262893,0.25438763863978286,0.23656156770622713,0.3388897307387714,0.24307168582202512,0.05991272741990519,0.33341129916557377,0.3133379909556265,0.27028032302154814,0.14217949632529037,0.0967056630197,0.2408566318276521,0.7669459731077657,0.3244221528479733,0.24592858394049652,0.17587206866986974,0.26235780176279067,0.2374748040961801,0.06273169698061822,0.3834775919253037,-0.06201294226415751,0.1713138990391141,0.3596365518543082,0.16634339763788974,0.35977437647064126,0.09705784200165866,0.28098490251892927,0.1657506805455534,0.1392176145223314,0.27752467171236683,0.11128226213008,0.1855490313421426,0.23151772084400632,0.23680693751701437,0.07503015193265894,-0.01523936237175935,0.33437921304920554,0.4497994109443307,-0.03744784257731115,0.25441792757964926,0.021711745603566923,-0.03796628788658295,-0.07366413374970843,0.06321746394311269,-0.07206207454530579,-0.012764142674443429,0.0012783477569849862,-0.0974896748013994,0.022632369183980892,0.041803380651866874
0.11112862350575786,-0.03354045118023909,0.15672268849243495,0.41292345466669167,0.34656698848318623,0.2082730023528623,0.2081578296006902,0.23055564149052568,0.17996473789370176,0.17458338712758764,0.18124099109009062,0.21297654889213782,0.17676329477189764,0.1778665245118553,0.1197182549034782,0.17360902216156895,0.19368911387195076,0.4077613796280531,-0.11592592132285344,0.052140577117052674,0.11292134825595906,0.3244221528479733,1.3069200856971286,0.42652513282669097,0.2962896300889905,0.11672169406135732,0.1566089786579449,-0.06189246153733262,0.4731999316439689,0.15059931168534624,0.053602074451539694,0.27219681649716476,0.3430011488773649,0.2638627700643166,-0.21595314481309158,0.47787158831451576,0.29445456090909383,0.0839723067252413,0.3097186518233493,0.12892470039892256,0.13093671639617188,0.1418545093599412,0.2233494674131905,0.13986065503282094,-0.1239653917772479,0.394291103681894,0.5352728811630029,-0.06151250185380922,0.5350842487224886,0.1299788931055566,-0.04697169467629537,0.06209140263326258,0.045681346367860136,-0.11965134781098681,-0.003919449243589577,-0.06383303253407897,-0.10496324631688202,0.02723719592899475,0.09782022440509955
0.0523698225116108,-0.03968301382750785,0.2585668599721243,0.4593289162386167,0.34823687825975325,0.26557465979128736,0.22017556599985902,0.2876383840572187,0.22514426255484318,0.1883512211569496,0.24219159297007117,0.21100221907974404,0.2745178880472364,0.26742712992384443,0.2745663085496778,0.23935821132542692,0.27180695844116143,0.24220053779886355,0.12834921111104075,0.3376123633486361,0.1393987176141549,0.24592858394049652,0.42652513282669097,0.8323591338480724,0.26535742995185624,0.1482588352408431,0.2587016825299912,0.23366212216966856,0.39073539379379824,0.6075425566980333,0.23348261030614706,0.5189846557516902,0.7020614814041405,0.1269036459288774,-0.033621958681915795,0.6816605852263354,0.34583807793322474,0.24954012887733376,0.36545936061681766,0.09472994620144015,0.14379719354246626,0.22516334688683917,0.15145619846616487,0.06371038872094584,-0.005106277238109174,0.5884626158658307,0.6008681142695413,-0.4127152676634699,1.1092589214245734,0.15806210620836336,-0.22745896470642601,0.1344013841358751,0.10278877525549819,-0.16535981944194336,-0.034620205044175484,-0.13325666134371858,-0.11611351233392524,-0.040449157747556926,0.29818491503972355
0.21698438749283053,0.06569022688115031,0.3629330955931942,0.393399287323013,0.3028409611607741,0.34457009341677497,0.21803026000388545,0.3359536116343224,0.10381928620297204,0.2429179433452999,0.26888463776075117,0.31059032768463013,0.22390367697141675,0.30218699209499744,0.27988421473026137,0.29683870289172326,0.3616297557114217,0.2191587159544077,0.15607381952222796,0.2994630938610877,0.22742031184336392,0.17587206866986974,0.2962896300889905,0.26535742995185624,1.0712628324167106,0.18676818783425736,0.25314709855599227,0.1314226394325997,0.7612836528740162,0.23237156096602357,0.2117437348171576,0.2743855331172385,0.11024294583744983,0.4802534628088494,0.22064189285412042,0.26985755119345206,0.4406587665425352,0.22189387817341277,0.30345983662973125,0.14510546231583166,0.2781799712020486,0.24207366900531593,0.35072010163460576,0.07470549712279922,0.20150143629576192,0.5570261791763647,0.5493357670422869,-0.11984513733101584,-0.22104684150412657,-0.2572369328462042,-0.10133284518668903,0.1691658386778503,0.045907269171085785,0.0010338080348760036,0.018492924594307125,0.012951663106627744,-0.15288111347323435,0.09695014239291484,-0.040279616603812705
0.13112852299104852,0.25255491260045904,0.2676237636271409,0.5591938553572339,0.41909489298899877,0.3622118764020989,0.21244270086216943,0.4181154957184865,0.3605339152854632,0.21347061154587235,0.2517157547413677,0.29128157623587003,0.2666023042652615,0.37004367587413434,0.20276274166184732,0.27708307664353127,0.20744787809637424,0.3126599958644673,-0.005985948263600506,0.1899028808043295,0.21863229778826854,0.26235780176279067,0.11672169406135732,0.1482588352408431,0.18676818783425736,1.4988267958657897,0.22669914754933054,0.09660683230140552,0.12424085090007413,-0.2987051553803167,0.21715363211924288,0.3272065237367798,0.061354738320562874,0.4472840184941795,0.0813908804465999,-0.08951500404282078,0.17233649831981615,0.1618376784945271,-0.28424879507444323,0.12078493869459948,0.3996544007099324,0.25125698699197585,0.3642221206977092,0.01918670895839183,0.04417002417753901,0.2905836360840811,0.33991607000017315,0.4505319967833721,1.3738440880418399,-0.03846890821467786,0.1758424353929323,0.0014755689868826475,-0.16149574973628822,-0.024377891125307336,-0.31382604073573034,0.004600036416107808,-0.06864026836407584,0.46703834824437435,-0.2167056344176795
0.15550906787885999,0.1255855403085201,0.36414406739135524,0.38873564234334623,0.28193821293649135,0.32391161329841056,0.22367913526541136,0.2653325061968899,0.16039303172497238,0.2185652340401202,0.3024678215795813,0.31137733961389574,0.29808591190029154,0.26068240210253424,0.24700064295014665,0.32234529904346954,0.3395873860199924,0.21729408975910383,0.07323761707045048,0.4050380911681552,0.23642010104519784,0.2374748040961801,0.1566089786579449,0.2587016825299912,0.25314709855599227,0.22669914754933054,0.541985054595434,0.18778208589430015,0.3135860880110273,0.06410587879115401,0.2529088727180677,0.4414444818667412,0.21754488893036322,0.28207916518778225,0.1912978813205746,0.4070846253967299,0.2416147213278627,0.26487933925996204,0.2563150834220665,0.1869107439977729,0.27326000373816184,0.2661135189739807,0.42556155208556823,0.019198170402974783,0.1888608836726265,0.4835312177037236,0.42151842179630306,-0.06414184547949615,0.532078415718449,-0.014751208539910018,-0.11924960932112545,0.1387600220144426,0.002550841951567096,-0.01031701443338619,-0.03415585680225048,0.025482164190967643,-0.11919812654742977,0.015414310774786319,0.09703309706113177
0.12530169673752833,0.06699470613901075,0.37945529025405206,-0.026221449505072332,-0.047793870901640605,0.1412521884990407,0.07299443223318532,0.07792454205428338,0.03392712757811964,0.13731582551122248,0.13312387066980336,0.14122413128128078,0.14162840015156783,0.17527041556899078,0.30833082313071963,0.22747803177432954,0.24739132499020633,0.21972199501227802,0.2210799969485866,0.21052147996796683,0.2619889732670401,0.06273169698061822,-0.06189246153733262,0.23366212216966856,0.1314226394325997,0.09660683230140552,0.18778208589430015,1.1701668138628243,0.06597488828921709,-0.07091832817404779,0.29710943500760656,0.1306528227090437,0.6871967408067856,-0.18849057742564915,0.7889950265378777,0.4746278783553028,0.3649381339638933,0.16663185971334882,0.11879408114610887,0.16616179436687703,0.3537908143805076,0.29033732104711596,0.08538399323699578,0.07546984390855431,0.004445171154278076,0.4747726447872752,0.2929458760978245,-0.04249855344661207,0.6813233430809935,0.2635498572397792,-0.22095379837696225,0.5530419422361422,-0.5770334952205953,-0.026815662462056095,0.15286729884588465,0.08654789645090352,-0.1464560180516981,-0.08959539639585165,0.060073444693891365
0.2346023501616999,0.1700443850779776,0.4881226955956523,0.5375209532991575,0.48752771060267536,0.5345822724753471,0.23383177002773894,0.4572253807793896,0.17019069935912481,0.31696406013747025,0.39478309589006305,0.3015934529339722,0.39176457952417165,0.4016855095895249,0.3372743159279077,0.4262260750165626,0.5050329223015978,0.18712559152655608,0.11212673986007499,0.5582727797716056,0.3018626383336281,0.3834775919253037,0.4731999316439689,0.39073539379379824,0.7612836528740162,0.12424085090007413,0.3135860880110273,0.06597488828921709,2.3884524786991763,0.2723497801232776,0.09932632505494256,0.18496756460986705,0.005893991844870858,0.7062435134401969,0.1451238679761879,0.5293816494858429,1.0013530484734672,0.23203667384443782,0.32646850169331,0.19693629428615395,0.6513880730723796,0.32464436912238087,0.25609062339658856,0.04970432612777117,0.19585714563861895,0.6471815112564073,0.7828170415461128,-0.23484761091521014,1.2725808724017689,-0.21803835510881048,-0.08592258350038702,0.1044354769520166,0.08395225185415564,0.04433739154507078,-0.044249203430821886,-0.2391578046703136,-0.2523681626017059,0.23698763076228802,0.22633830333529037
-0.009140081982246294,-0.2581268160677634,-0.4393056153213186,0.2633274134599646,-0.06271260277525073,-0.14670719533097545,0.18349196113902735,0.25997706544248567,0.026725924077032236,-0.012145370665726624,0.044820014493230066,-0.07682842176166896,0.07980338761657876,0.11047084055903965,0.2892597479199328,0.0585872557700248,0.047242061506539444,-0.05137159156301656,0.3072339805848898,0.4986968669663241,-0.09282628446022527,-0.06201294226415751,0.15059931168534624,0.6075425566980333,0.23237156096602357,-0.2987051553803167,0.06410587879115401,-0.07091832817404779,0.2723497801232776,3.7134921332956514,0.19838985649283106,-0.06832100055656157,0.2919048259253799,-0.19318015966669333,0.00030538020803325697,0.30223870388681195,0.5107977356158019,0.30371431187042724,0.8648195968414836,0.19446130667823278,-0.06408204394733433,0.013301810595720949,0.36087228323804627,0.09921689108299633,0.7348806604305893,0.32121336524703586,0.5132137459201598,-0.16303140732330773,0.36545304752472835,0.08735556510265735,-0.19771237368630787,-0.46348203165330165,0.490261746888718,-0.1134335754231785,-0.2220953392292912,-0.2614774426403789,0.014039328783991724,0.3324246262979779,-0.03444608738856295
0.14662494505339266,0.08599579608197769,0.32887077350451427,0.2678212489613669,0.228924283738497,0.20058860167528428,0.20270133388312456,0.2192623337214225,0.1543828188200735,0.17488439033499723,0.21934532942475826,0.22445729016443738,0.19927985848009172,0.16312556689143043,0.23466441419599104,0.2023777137272683,0.2750763346090699,0.339900171325696,0.11735376755765414,0.40434828785605303,0.2156185044892185,0.1713138990391141,0.053602074451539694,0.23348261030614706,0.2117437348171576,0.21715363211924288,0.2529088727180677,0.29710943500760656,0.09932632505494256,0.19838985649283106,0.9264167135089266,0.19960989819327968,0.501808608185296,0.06188788661924781,0.12180146770212792,0.5858184705626234,0.33705346100118294,0.3228025874290929,0.3053394341731223,0.12712701081014754,0.19580823574750914,0.24104552608770943,0.22323878219436158,0.05324398531499683,0.27364708652222414,0.594945616437963,0.48941411380465866,-0.22672397965382501,0.25789042467843853,0.23960086317518245,-0.12209180555389568,0.08356679882464008,-0.05653504314154131,-0.1810700721273637,0.04269947436619949,0.03930363143614531,-0.029868805333592915,-0.06877671409641704,-0.023852646079762504
0.10660621919954134,0.11803830855873691,0.3599642680175466,0.4322458779591529,0.3604050641145132,0.413049920225139,0.2221830893752653,0.1821882396146276,0.25979945845003766,0.22422424826420728,0.2757040810809564,0.32857772405812347,0.266821205886284,0.27999693359519207,0.28647142295817096,0.27823143697584407,0.2742037722910729,0.22143991977947078,0.0656616468419235,0.33347618233307896,0.23880067940477975,0.3596365518543082,0.27219681649716476,0.5189846557516902,0.2743855331172385,0.3272065237367798,0.4414444818667412,0.1306528227090437,0.18496756460986705,-0.06832100055656157,0.19960989819327968,1.6065086043415884,0.13552890174631604,0.41619156737453705,0.04809917808731308,0.6344906129634948,-0.2783150202743544,0.2741096423430189,0.17057368008782875,0.08012529150494066,0.2835808959461536,0.2922514765627289,0.2324327181931859,0.012376696976918008,-0.007793779966589205,0.6007728668445602,0.5191366162682892,-0.3106283268634461,0.25887574018730425,0.024561572727245917,-0.1375183766638416,0.49404028059537647,-0.19789276267185865,0.01582158259742351,-0.0557096085958959,0.20054005328136623,-0.17399605372461516,-0.08110753438064643,0.05712182339063359
0.07611514399074133,-0.0870657384722861,0.30951077962272106,0.3785214199960443,0.2886861657024133,0.1016214372968572,0.22701391293002685,0.22342270385955115,0.1923098531570754,0.12278284198725777,0.1945481269266027,0.1794645379006122,0.23591215259567658,0.17038891779283413,0.2674520055445583,0.16903430575139466,0.2496203850410713,0.38596327192326046,0.21381664849637252,0.2614147302450923,0.20700104724412488,0.16634339763788974,0.3430011488773649,0.7020614814041405,0.11024294583744983,0.061354738320562874,0.21754488893036322,0.6871967408067856,0.005893991844870858,0.2919048259253799,0.501808608185296,0.13552890174631604,1.9033753986326754,-0.47668689649862755,-0.2317258219480002,0.8560084592360835,0.6144509896630657,0.2704636540587753,0.4046881783104126,0.06376868301485054,-0.0017350854474537758,0.2947390024731511,0.05512928939261103,0.05188607304762808,-0.2616419245109809,0.7963022613312295,0.709893624414127,-0.8397655407011765,1.3057486297739362,0.49259791777682477,-0.34826359429760767,0.2032589584522775,0.04260919273978285,-0.4480231074624565,0.09271934928342501,-0.09950533196929078,-0.1969538273846068,-0.0581456611282912,0.2852291593869806
0.05925576364660424,0.15471920555455643,0.3888954881106941,0.5234834126049699,0.4195463357435104,0.46152848012617365,0.21761340790233524,0.4248609365937704,0.25192747087285855,0.28908592748021267,0.29637952813742185,0.2857620786992289,0.2658344762833557,0.3190458034432024,0.2298958065214236,0.3261629573348122,0.3522873309551127,0.1339862234254112,0.030172058669307764,0.4841795224364829,0.21052639681266802,0.35977437647064126,0.2638627700643166,0.1269036459288774,0.4802534628088494,0.4472840184941795,0.28207916518778225,-0.18849057742564915,0.7062435134401969,-0.19318015966669333,0.06188788661924781,0.41619156737453705,-0.47668689649862755,1.9973482963607605,0.24149610424423182,-0.33544300012790607,0.9717088106884916,0.1691714085461949,0.006265914348999758,0.0164700297334033,0.5217948624499467,0.23687534566027849,0.549342177963159,0.13468837948157406,0.012304502655132065,0.11505892359793947,0.593005648230358,0.7176184492610602,-0.16109225792288448,-0.35425078649184844,0.03128958001665977,-0.04686936527749391,0.2137829618297184,0.010919457404815596,-0.04017284272354231,0.01459786661400012,-0.20572559068601226,0.07815132689019007,0.12701942463135732
