4.098900349210309,1.290664510198059,1.185794671597657,0.793765655297173,1.114667478821098,0.5896875188761901,0.6944822563361391,0.6506092902364401,0.4265188792072481,0.6570741941890019,0.5255853730726313,0.6589709081758282,0.6348687367622263,0.493033500659564,0.6668549769915354,0.5406669765758145,0.2945319635271627,0.7174592775965468,0.25046979604463665,0.41625926205666114,0.48036861465729186,0.5025658638235493,0.4562096440568741,0.24818170980994425,1.0485869370410987,0.25423258469369986,0.4666050951225106,0.1969155084965522,0.648858724847851,0.47197050218857306,0.5168228060084414,0.3770498620101124,0.19860754618018864,0.16151455305023288,0.35629726123567074,0.5433933507291253,0.5018632914807337,0.26263635761548376,0.6449130588261007,0.08972725742299602,0.4099159823156838,0.23088222478880838,0.29702321238131085,0.2621015609070409,0.11401339507263518,0.5114958529077095,0.554279655821012,-0.0934475765912598,0.1968039384545064,-0.18037412242478676,-0.002431101707225016,0.5318455761811385,0.11637428868040549,-0.12424205165310137,0.3947285122086437,0.0413992173540775,-0.39670320166232564,-0.34561105963615607,0.3042646680305504
1.290664510198059,3.2660278240857865,0.8458906951564533,0.30730764372070685,0.532566466493335,0.4420207037909487,0.5233293311397231,0.3661373719431055,0.471080730546926,0.4455660746526387,0.3756793964732101,0.5141874596275,0.38422103669612445,0.3786157094091296,0.7198975150752357,0.4149125148625881,0.2531085833934353,0.2971858195792211,0.013998980395877807,0.3403307185630712,0.4340210009740511,0.3558049134901964,-0.18082568530493237,0.19970943977576333,0.4696262084720989,0.38373596514672637,0.3407875838336553,0.3918837503924015,0.3993320448318842,0.43305611015976325,0.435412773734652,0.2694793837469173,0.23609330652110028,0.16780702835138125,0.42345668691322697,0.2931758644768687,0.7353302381072292,0.3343120966026316,0.3912656278787753,0.24099446073694833,0.37283317541891103,0.32269440734601323,0.2931477859571674,0.18506452768421988,0.47838490540029194,0.3002575173442951,0.39768958714861663,-0.034666642619487355,0.3867343729751741,-0.13293159676588479,0.15633194828804334,0.43933867033576773,-0.08981348400268069,-0.07174815281786243,-0.34737974732307025,0.16966616409317042,-0.3422716248619247,0.27673680553286784,-0.02409491573303233
1.185794671597657,0.8458906951564533,4.143495947173848,0.5897319752462373,0.21250663298728417,1.170740077311969,0.6895739091209258,0.9019569067098474,0.9617573278209388,0.8599464117266197,0.886401060260743,0.8100544951910272,0.8986441236654212,0.6143598993480721,0.5398402081699268,0.6691091404702797,0.7792223696554554,0.7540177474061173,1.2864320724396796,0.8201589953262279,0.6292390655690558,0.8192642457031851,0.6054436747277196,0.6158368790407431,0.6009764926206953,0.4824147282652475,0.676094332481697,0.4608479941150976,0.8944190872572736,0.9584926268506012,0.6076935625754322,0.558929297742906,0.5619445936904603,0.5054977493134243,0.5329437095231324,0.8852318750056313,0.7635892909066577,0.6651130164727482,0.7014737045414309,0.247747458497887,0.5604128737938172,0.5714664891970077,0.6216500430152399,0.4688802915630047,0.12448891967551524,0.7229859718882815,0.8211130156172157,-0.13164384772347526,0.552845588981376,0.2744252406828248,-0.1365658494595657,0.19697434304216116,0.05418144810474045,-0.3457992364621992,-0.12288919068098665,-0.06782755459956402,-0.5309186305341281,0.1472136688236988,0.3224217348673502
0.793765655297173,0.30730764372070685,0.5897319752462373,1.3826557205226713,0.6985529631207644,0.5239839804620684,0.3543968193519928,0.4614825470210873,0.3348463164268078,0.40179217193081884,0.37109568881956967,0.38676309662445413,0.4508829572068165,0.32127891407141307,0.3135873147479172,0.3626273810910706,0.33333233032253695,0.504916533914907,0.017189035322040764,0.32414827644823246,0.3043135196975582,0.33167268842725056,0.3865864868966224,0.26950682144207666,0.38371157287251956,0.28392067417476713,0.3082543036091951,0.20831192014553257,0.38815888225601825,0.28627395416910906,0.32184141828822027,0.25194740103789026,0.2188466050044581,0.3394728863949841,0.24104837589142267,0.39233308285353435,0.4012399248121386,0.33107335716491587,0.3689651883238739,0.08239529373626926,0.22458445172437816,0.20832278810274593,0.31316376283602704,0.27861708392082146,0.017120239016882668,0.299493832519697,0.39496960705725204,-0.01926783908399679,0.31723706035674126,0.26519153821822844,-0.0872435045279958,0.4746945064655258,-0.14942053389049595,-0.24534054886206258,-0.08646315356224674,-0.08365657046886579,-0.372872748663472,0.12610938505565594,0.2806261753827326
1.114667478821098,0.532566466493335,0.21250663298728417,0.6985529631207644,1.5393248787512668,0.33336823591318543,0.44214908390237384,0.4619110865332973,0.2743924569107897,0.3161922460322019,0.3169881285129016,0.4018051410118182,0.4695244445399691,0.31994071895840814,0.30264246836012615,0.3495523303144875,0.19161775860078922,0.409062037593036,0.03146818601208388,0.22874192741105953,0.2798799739602137,0.2889496448520048,0.3270464197913457,0.2569802697444869,0.4357972221126901,0.2994347805943531,0.27711658620980006,0.1545533664255526,0.3300450274279607,0.07339232972401849,0.3047093309883929,0.2766259603192843,0.2379932647315929,0.3781348391826115,0.1543762544332929,0.3708767975038004,0.3429183349492061,0.21960242113080264,0.25267222400033773,0.04521428144631627,0.14380061235329109,0.2016110357395464,0.17651987004808106,0.1880386262301621,-0.03639297111523028,0.2678655082104582,0.30211706888119394,-0.03223746001971799,0.23793228798973537,0.04017883909090991,-0.09181582208729294,0.48428963880834475,-0.05895366487514303,-0.11643831669756605,-0.02786277530333846,-0.08916657376951435,-0.2691972565296747,-0.06679470073308816,0.35717085335439663
0.5896875188761901,0.4420207037909487,1.170740077311969,0.5239839804620684,0.33336823591318543,1.3160889652348615,0.4100703199915985,0.653911176083088,0.5182042045332732,0.3809718928849136,0.5693565428311603,0.5719863884369198,0.5747885530318015,0.4982414111285246,0.4139825804407713,0.5430950653052347,0.6161903196899778,0.47015905989240375,0.5437574205487221,0.5974054206603947,0.4621596294264164,0.5437138347778191,0.2807246021149045,0.36764371119382044,0.516829762690383,0.5660569545069524,0.4609666400508399,0.2893915151553781,0.6635715086735872,0.3830511247664347,0.43125605969119285,0.4654485462190707,0.1989358601902734,0.42702731867962196,0.33400953901787606,0.5244794215506327,0.3613549095489562,0.456967433014499,0.4406416224026469,0.24713701634656965,0.21783919291811357,0.49028006677428243,0.4390780301166163,0.2462493219169055,0.23545133177256794,0.41253227228013817,0.43585759871581464,-0.09163701337111498,0.20791201660637526,0.18743900752854767,-0.18653967744947123,0.1644005389784731,-0.11132146047838125,-0.14956377557081008,-0.2531065920881037,-0.05192449463088817,-0.3128545146195541,0.3652849272805078,0.04167060992916943
0.6944822563361391,0.5233293311397231,0.6895739091209258,0.3543968193519928,0.44214908390237384,0.4100703199915985,0.8629752149003226,0.30850536528958566,0.5024544637602248,0.35976238302021635,0.3768374898791214,0.5473262628371015,0.41727389568565953,0.4098262267717256,0.18971231426583945,0.43614791055957236,0.34580687487598283,0.36124470076270215,0.3159128583681011,0.3204825212231919,0.33367612947951364,0.4548328138864915,0.3712251193338603,0.31209698788050294,0.26755853789896394,0.28106118007381026,0.3247988906065132,0.21043260717277237,0.35580088464117937,0.37512076651877374,0.27314132779123385,0.34861920885585784,0.30925852816205246,0.2802262899486022,0.1971936033767326,0.3899448368888583,0.40324700138421327,0.2750992313824485,0.3785695303033791,0.08496208659045877,0.2759032171191721,0.28972635642545874,0.28817255728806324,0.2844846904315471,0.05077600269567307,0.3141460819145006,0.4123234951910252,-0.06778902086595784,0.5679710402541067,-0.12253477416091191,-0.10563417912636605,0.1605902677233384,-0.010939943252603723,-0.08385036281080263,-0.08854080852722,0.13464242063478632,-0.15578269941653752,0.15241643577265251,-0.26427898114057385
0.6506092902364401,0.3661373719431055,0.9019569067098474,0.4614825470210873,0.4619110865332973,0.653911176083088,0.30850536528958566,1.0406684324600186,0.37912581739481355,0.39909255611299344,0.4870843109732514,0.3263723758308326,0.5646544915038215,0.4261086565055067,0.263049427196622,0.4140189647979796,0.47049587002860394,0.5053226586275532,0.4142431803066679,0.4808849388154813,0.3317111562359201,0.39774015521112344,0.3849241661961101,0.3369048784422249,0.4042453492646345,0.36383321573030075,0.38246010171751593,0.1924653044341235,0.5429894397489383,0.4812408702968699,0.3491453799068256,0.3251970361470537,0.225151181744794,0.3661053404900405,0.31879645121626626,0.4744738208544502,0.4117903890361764,0.33349714645661066,0.345917782678648,0.172087173229486,0.31112728788224947,0.33911304301354517,0.3663203939429955,0.2599113589824371,0.0035089007580184494,0.39079984636059323,0.4785476374816369,-0.07534121967574063,0.3908467096390279,0.09321468121290337,-0.07509526294178412,0.12626763613092398,0.03210252598756232,-0.18065036466526166,-0.14627490357373665,-0.13560417628986676,-0.26707302935372473,0.19669788334877705,0.30096957869135565
0.4265188792072481,0.471080730546926,0.9617573278209388,0.3348463164268078,0.2743924569107897,0.5182042045332732,0.5024544637602248,0.37912581739481355,1.1212211812681816,0.31586633656954444,0.36354787692034135,0.3589385257043698,0.4517680315582587,0.3564815120509891,0.12024251613333323,0.34473583186465384,0.3822105522548031,0.4558760582560321,0.427860212919505,0.33682406589581704,0.3486444514529422,0.677630618726826,0.4328890309078919,0.35322489655239264,0.03423013513007044,0.2684955178947902,0.31897880245101795,0.3119327370319401,0.31903565433627284,0.5598206963912338,0.3375080700995409,0.31839373705246266,0.419515354572424,0.23258026623212708,0.2955522248481538,0.3400193801939215,0.5713252313205518,0.37539014809916277,0.5139958915367667,0.07993507283955907,0.359252281520682,0.25493753421615484,0.36395099328889213,0.4368666254804744,0.006260334675865902,0.2856138219311214,0.49581028208540834,-0.03626607215035978,0.9716531712548888,0.023481779325709592,-0.07934560495681948,0.0841047927093703,-0.057404672039114854,-0.17047914240225692,-0.08780075244383863,0.1815489567705945,-0.25416584784046375,0.02775201026223351,-0.009812152544995961
0.6570741941890019,0.4455660746526387,0.8599464117266197,0.40179217193081884,0.3161922460322019,0.3809718928849136,0.35976238302021635,0.39909255611299344,0.31586633656954444,0.7098321770951077,0.35217884332317556,0.34928569079996,0.40801954091302856,0.30669063333585905,0.2754306015389597,0.32283799756182824,0.32323200093464993,0.3372605779403843,0.26973101743866185,0.34203067913030444,0.23605951883317033,0.3284420230464026,0.30129374209076065,0.25341851047818065,0.2655290396033742,0.16776982606939533,0.29167916419988277,0.1828434168185169,0.40464229054500156,0.5318221548228532,0.2436029351862207,0.23390744567056093,0.12422230306775507,0.3466572238471949,0.42561086014708704,0.35247723274008397,0.4272181551970714,0.22798921263585248,0.2999632061631579,0.13491542597701037,0.3474774243946642,0.22354243908215216,0.2997755266315411,0.2612652927652493,0.012836570822055639,0.31099958831259933,0.46197377658969246,-0.06433112044277499,0.3812469318487995,-0.0720993158122357,-0.025495022632445886,-0.049982112090304426,0.17359707312397726,-0.09016783775448396,-0.009627781634713626,0.025547151823719572,-0.20698492203668378,-0.002367422230932954,0.13899941144021377
0.5255853730726313,0.3756793964732101,0.886401060260743,0.37109568881956967,0.3169881285129016,0.5693565428311603,0.3768374898791214,0.4870843109732514,0.36354787692034135,0.35217884332317556,0.6384384261519965,0.39613193442573386,0.5258704139863501,0.3867985368665273,0.29366130456228356,0.41331665843269627,0.4415973315365297,0.37942296270041,0.3786221035438286,0.45731674628120494,0.3222378007250795,0.3818653091815302,0.3375137068258191,0.3392785084084105,0.3247359467848025,0.27596533949174207,0.3585673234804728,0.22815137423177567,0.4956554797020306,0.480930563046834,0.3025315928606754,0.32541468262290335,0.2586098254648065,0.33577290116534,0.3237937096350574,0.4731259437839901,0.38418198564152894,0.3242667957748412,0.29173874968153557,0.15568691104767154,0.28857778620214275,0.32873270270796956,0.3297393361133453,0.236704671196933,0.043044818880394096,0.3731162481443793,0.43075011226317506,-0.08463849612366223,0.38331071579338805,0.021650861414508223,-0.08449024081743058,0.1020334352220054,0.0922635695672837,-0.10866241120588827,-0.14163947107175948,-0.04371575761293501,-0.21001615749942498,0.1999899584061347,0.056301578174199084
0.6589709081758282,0.5141874596275,0.8100544951910272,0.38676309662445413,0.4018051410118182,0.5719863884369198,0.5473262628371015,0.3263723758308326,0.3589385257043698,0.34928569079996,0.39613193442573386,0.8514751026296566,0.37191510352747986,0.40531228908652095,0.3643237585136138,0.4845604739000445,0.379098865391519,0.28750413775942796,0.3209665574697404,0.37107481256109287,0.32324993813797864,0.3855298553344554,0.26573970498874555,0.2847101882572856,0.3194355462178033,0.31833791399136946,0.38788680917586843,0.12819423298687743,0.33966554971764124,0.3116631217083671,0.273588570001189,0.38629385751157086,0.23970597390266293,0.2615513842613268,0.15799120175392337,0.41421593393395284,0.28729284041560865,0.2937488017316032,0.32133055106121794,0.12523410769854662,0.23024069234711345,0.33755610493106664,0.2710671644630626,0.18064798670251175,0.12124974854942312,0.32498940105030105,0.3643503784792309,-0.06419418868635118,0.32164410252407655,-0.033589074343223425,-0.09223424301993285,0.1408637275380346,0.1439595036571957,-0.08060873846453699,-0.1697166630303983,0.11887179588714934,-0.18403345302498622,0.2262604280241049,-0.2589359580901103
0.6348687367622263,0.38422103669612445,0.8986441236654212,0.4508829572068165,0.4695244445399691,0.5747885530318015,0.41727389568565953,0.5646544915038215,0.4517680315582587,0.40801954091302856,0.5258704139863501,0.37191510352747986,0.9438061750960655,0.4417851303511031,0.11775389044526585,0.45164756904650155,0.3406342007889882,0.437566908148166,0.49100369496193125,0.3962373417676856,0.3039050646661986,0.4609638560310274,0.469494991478742,0.42171705907131896,0.4270438912942604,0.28460605841666625,0.4281563547067012,0.2333037219832877,0.619487064297458,0.5031658079211683,0.3074647741861899,0.414367790000854,0.29920570992367135,0.4200400719104203,0.3543283132888575,0.5873471061132728,0.311076929688883,0.29297145930662694,0.2757754858853004,0.12110886704537108,0.27889741284217995,0.3247085208643545,0.32416620956236425,0.3015809307999504,-0.15334899391287485,0.4383180894257966,0.44045474634416526,-0.09661240933768238,0.4543217800669192,0.07887222080364543,-0.11604364323831323,0.21549315515973974,0.07024453705724605,-0.15405494795723593,-0.12634605350995365,-0.12326854136684429,-0.21589298213658994,0.13158193488524197,0.18561875157961397
0.493033500659564,0.3786157094091296,0.6143598993480721,0.32127891407141307,0.31994071895840814,0.4982414111285246,0.4098262267717256,0.4261086565055067,0.3564815120509891,0.30669063333585905,0.3867985368665273,0.40531228908652095,0.4417851303511031,0.7817272998388236,0.3246541052826164,0.5670337045351651,0.379788759411851,0.2889718444690415,0.4155533403796951,0.3368533314566163,0.33911638395681387,0.4149971375626777,0.32064629746874407,0.3473395659991941,0.3579950183160736,0.3135653132147828,0.31437514300258135,0.2874242655167048,0.43802076290966024,0.5646274311854073,0.26074975161070196,0.3175122621094751,0.2430878249886064,0.3067341441184193,0.3901637811803618,0.3742421654668656,0.4198480672147455,0.3619008416608286,0.31380370503574045,0.16812797956131695,0.3673627147827446,0.3281231424994151,0.38710433861665733,0.32828184914504766,0.0696163226941244,0.28738224390692463,0.4597322984453329,-0.07621003856047803,0.6180831417330299,0.03127269589478532,-0.11679724423855158,0.07429163862489492,-0.001464888052924531,-0.030708503700426465,-0.2295627269282399,-0.018993407544657583,-0.2889679341534705,0.33135370613889986,0.11038070438979482
0.6668549769915354,0.7198975150752357,0.5398402081699268,0.3135873147479172,0.30264246836012615,0.4139825804407713,0.18971231426583945,0.263049427196622,0.12024251613333323,0.2754306015389597,0.29366130456228356,0.3643237585136138,0.11775389044526585,0.3246541052826164,1.01034442827432,0.3475500768653012,0.3515310168267487,0.29205148944602416,0.14379896330284228,0.36074053319849797,0.30061557107068837,0.19703248775559506,0.2024071148640795,0.22774477035438062,0.2642726461175766,0.23787509637659307,0.2277024741583042,0.2619543851769265,0.2744834498174457,0.482083150485003,0.2629070584415682,0.1482151737416626,0.21984830631206764,0.2223911269817899,0.34673270049674326,0.27637037231638084,0.5374087730442445,0.33410122487021265,0.2523747304202735,0.1212239401467613,0.3385153769176882,0.2610281773340475,0.33985160238406675,0.23854723653609833,0.23740713269366723,0.27971686340463026,0.3734579360636351,-0.06143105446175007,0.1969556857442165,-0.06140963059333597,-0.03268637069225816,-0.09211649503124031,0.12539958530791048,-0.06518888355139982,-0.1092877555990399,0.09323506487291822,-0.34493030567668365,0.23373062368197492,0.01736064969856708
0.5406669765758145,0.4149125148625881,0.6691091404702797,0.3626273810910706,0.3495523303144875,0.5430950653052347,0.43614791055957236,0.4140189647979796,0.34473583186465384,0.32283799756182824,0.41331665843269627,0.4845604739000445,0.45164756904650155,0.5670337045351651,0.3475500768653012,0.7349392379469667,0.4364033848458286,0.3225292318397601,0.3866504576596616,0.3986003697456881,0.32760959288791425,0.4890610062152442,0.28001024517420053,0.3357808984686317,0.3232984162979643,0.32507171926924106,0.3749328918549847,0.27482656562235336,0.4522128211627462,0.5121076976106951,0.2927918411188123,0.3614093105196564,0.2335589165215676,0.33762174124568245,0.38428963517825976,0.41841032692219066,0.41033555950598843,0.34934526140609296,0.3175542004159657,0.1828279290119226,0.32941482566022756,0.3916091499835689,0.3844057673485369,0.25555777236606847,0.10972793427776396,0.3195898237350291,0.4550435605888551,-0.07932819311720901,0.4744831782313416,0.030250547133346017,-0.12439410974055419,0.08884048093345435,0.0191147421974759,-0.06411719571878051,-0.19619230685128541,0.02617964637282623,-0.3082665265635145,0.3045802795714501,0.02359896582777293
0.2945319635271627,0.2531085833934353,0.7792223696554554,0.33333233032253695,0.19161775860078922,0.6161903196899778,0.34580687487598283,0.47049587002860394,0.3822105522548031,0.32323200093464993,0.4415973315365297,0.379098865391519,0.3406342007889882,0.379788759411851,0.3515310168267487,0.4364033848458286,1.0374552225292673,0.4501448908999178,0.4289223215654066,0.5452407070128734,0.37423372645995934,0.42004493858260195,0.32943616018998334,0.36569782980620263,0.3907191094424247,0.20883169859860765,0.3428799246976316,0.33478329754072245,0.5067438071282307,0.6207528902191997,0.37473424076324746,0.27066940478191226,0.40051600523446806,0.33116804765211527,0.34512701977283194,0.46291948340530026,0.7198158378638457,0.4052282384577085,0.4083209248655805,0.16399483234954781,0.37557145397549674,0.3498938844411297,0.41091692752647957,0.32940134876170246,0.18819644592785365,0.43327290713110683,0.5924641587981682,-0.11298142464928246,0.3974036977314112,0.03178441813542694,-0.018818054213754352,-0.3668998996152867,0.07199951795444177,-0.13802812625644859,-0.13753164720461114,-0.03070282059029043,-0.2663885665032611,0.23444979662184118,0.10140671743376801
0.7174592775965468,0.2971858195792211,0.7540177474061173,0.504916533914907,0.409062037593036,0.47015905989240375,0.36124470076270215,0.5053226586275532,0.4558760582560321,0.3372605779403843,0.37942296270041,0.28750413775942796,0.437566908148166,0.2889718444690415,0.29205148944602416,0.3225292318397601,0.4501448908999178,1.0679685920581963,0.36979798808374614,0.3404382603560731,0.3311601856000937,0.4040376931095475,0.5847685625381247,0.24628728807987849,0.37294782990360886,0.29606737677539785,0.2991111445842644,0.24164557514552196,0.46646253319099906,0.29216129863689433,0.49525849859133425,0.2852617011654058,0.22244890216419033,0.35886167038381833,0.2511872740920203,0.5038691408269916,0.5341572778128294,0.27118148023639,0.349169177209501,0.06761053483725733,0.32227068551839866,0.2194442299858567,0.3240674419264905,0.3191264848540386,0.03820400304553606,0.45929921808662927,0.5420648519941079,-0.09621703700988063,0.21550159545872377,-0.032881856036822185,0.20920678556877495,-0.13048387492019461,-0.19775970614771157,-0.22356759835779505,-0.052150201338524126,-0.02801835652900964,-0.21163229923800086,0.11935669196486352,0.04242606561687089
0.25046979604463665,0.013998980395877807,1.2864320724396796,0.017189035322040764,0.03146818601208388,0.5437574205487221,0.3159128583681011,0.4142431803066679,0.427860212919505,0.26973101743866185,0.3786221035438286,0.3209665574697404,0.49100369496193125,0.4155533403796951,0.14379896330284228,0.3866504576596616,0.4289223215654066,0.36979798808374614,2.310696197153514,0.39030219612236006,0.32641434849353546,0.4910092799604528,0.2154876559188454,0.34147515495641084,0.45327497479473694,0.3071621574305143,0.35290687073540566,0.3490721706614963,0.5169976623715095,0.3821332138569624,0.35560976507773107,0.3417602878402886,0.40924973945342963,0.21956126014336275,0.08557480074448336,0.5963330875672553,0.2378027427411699,0.4344973181840811,0.1953898130299193,0.1141138919446266,0.2724612962876905,0.3358262155315354,0.31242126707540907,0.13072483130542786,0.07553692387509091,0.48856323488857556,0.35926429305416874,-0.12647955924177165,-0.26730772633254335,0.706025049155953,-0.0966960252213241,0.09420660055286842,-0.3874165323944629,-0.2346871469352456,-0.1667227009342928,-0.033305131696890915,-0.18466152681951237,0.2618631436410215,-0.0003902587321072265
0.41625926205666114,0.3403307185630712,0.8201589953262279,0.32414827644823246,0.22874192741105953,0.5974054206603947,0.3204825212231919,0.4808849388154813,0.33682406589581704,0.34203067913030444,0.45731674628120494,0.37107481256109287,0.3962373417676856,0.3368533314566163,0.36074053319849797,0.3986003697456881,0.5452407070128734,0.3404382603560731,0.39030219612236006,1.5985252336424558,0.2604211952802695,0.3026578692189313,0.3807179269093871,0.44252529615322733,0.147360931535725,0.47636458474602317,0.43424071915623735,0.3123693194266161,0.6485471437448448,0.8682016493855682,0.36368148151234997,0.3450697019032223,0.22465747718522014,0.5493363867153566,0.6516557523411322,0.5043633607170782,0.7919028697695764,0.5746958690684698,0.39904184774420975,0.37099123828263636,0.5855674537042718,0.6712157416304877,0.5127276534032322,0.201918206722392,0.27167768766377004,0.5346347184686471,0.6706426331243216,-0.13932015499496792,0.8112250511184123,-0.08279005894166858,-0.12801490451294212,-0.0010230509518311213,0.2333597107276164,-0.13260794334865,-0.14546564371768692,-0.06966069250534375,-0.15801974602015428,0.26846996753163144,-0.016151390403552922
0.48036861465729186,0.4340210009740511,0.6292390655690558,0.3043135196975582,0.2798799739602137,0.4621596294264164,0.33367612947951364,0.3317111562359201,0.3486444514529422,0.23605951883317033,0.3222378007250795,0.32324993813797864,0.3039050646661986,0.33911638395681387,0.30061557107068837,0.32760959288791425,0.37423372645995934,0.3311601856000937,0.32641434849353546,0.2604211952802695,0.7092166068846582,0.33067976668635424,0.2991827164565984,0.3591544729114671,0.2731363176928508,0.2787434077243766,0.2544781419878719,0.34398922913005653,0.2907852552693091,0.5397879818894354,0.34031595104170154,0.2936103348097466,0.408959387974752,0.16690284265046057,0.2818365529099428,0.42954658771563664,0.4978567146459885,0.44795004166154084,0.6134988223905977,0.16011334141024253,0.41101484639306174,0.3434541794543956,0.33454816054780606,0.41328620161148527,0.3126660503128078,0.30819972448807675,0.47977627883483326,-0.05348138022805425,0.3505060811496736,0.10253660921150455,-0.1203473394392502,0.06908051810430227,-0.05950213223300956,-0.1056355081162958,-0.1081276190336641,-0.025509807255955697,-0.24613640890446023,0.1368636461093766,0.0917543021436473
0.5025658638235493,0.3558049134901964,0.8192642457031851,0.33167268842725056,0.2889496448520048,0.5437138347778191,0.4548328138864915,0.39774015521112344,0.677630618726826,0.3284420230464026,0.3818653091815302,0.3855298553344554,0.4609638560310274,0.4149971375626777,0.19703248775559506,0.4890610062152442,0.42004493858260195,0.4040376931095475,0.4910092799604528,0.3026578692189313,0.33067976668635424,1.067795184538681,0.3588845638953028,0.3569112240007724,0.06910593107727286,0.30039937153361296,0.34219136959145496,0.28685491491531917,0.376637216621336,0.549598762397931,0.32197919884902415,0.40949797218037176,0.3047013813299342,0.2936444236646792,0.36242151989010346,0.3690149241610197,0.4829530577919384,0.4300437927804962,0.5194059917778261,0.13421563398574637,0.3433181853683625,0.2780260843389271,0.4318751936497555,0.4237889068597339,0.07113513437905158,0.2886136792217704,0.4933785912013777,-0.05268689059974805,0.7655234992723766,0.13712059400676269,-0.12135450582361534,-0.14323388975809329,0.007722215138967935,-0.11129383852794003,-0.12131981269044559,0.09634543210038336,-0.25659929061236136,0.15254973033668212,-0.027873803806836902
0.4562096440568741,-0.18082568530493237,0.6054436747277196,0.3865864868966224,0.3270464197913457,0.2807246021149045,0.3712251193338603,0.3849241661961101,0.4328890309078919,0.30129374209076065,0.3375137068258191,0.26573970498874555,0.469494991478742,0.32064629746874407,0.2024071148640795,0.28001024517420053,0.32943616018998334,0.5847685625381247,0.2154876559188454,0.3807179269093871,0.2991827164565984,0.3588845638953028,1.6494907474567928,0.6049396720944622,0.049026858654611954,0.05390840200790135,0.22756868368629296,0.05840387491931542,0.507469263304209,0.8464771075449058,-0.05096693815549705,0.27859595002967513,0.5161086821357234,0.40750562525502354,0.140693107330138,0.5915890239780934,0.4893655683827817,0.3426125750132004,0.38658680975422854,-0.09255099467032392,0.48488183380540173,0.1878245071707738,0.3796136308842665,0.7648990383066853,-0.42523589417177604,0.46396226214537145,0.6508706053226533,-0.13806670111134955,0.9736988593291579,-0.442876051909998,-0.07434558114598926,-0.2511061796685963,0.2974985513421849,-0.10909161141626923,-0.10201050729852608,-0.09752976554474974,-0.14214854962768997,0.17638095132128817,0.022665899356864697
0.24818170980994425,0.19970943977576333,0.6158368790407431,0.26950682144207666,0.2569802697444869,0.36764371119382044,0.31209698788050294,0.3369048784422249,0.35322489655239264,0.25341851047818065,0.3392785084084105,0.2847101882572856,0.42171705907131896,0.3473395659991941,0.22774477035438062,0.3357808984686317,0.36569782980620263,0.24628728807987849,0.34147515495641084,0.44252529615322733,0.3591544729114671,0.3569112240007724,0.6049396720944622,0.8160934692394317,0.28334104106681235,0.22877459265533265,0.3001950364878778,0.37616700175333695,0.40898799944829334,0.8603923471276299,0.28448176171900846,0.3855792409279091,0.8154791287696653,0.3625898810822804,0.26104737207031775,0.6229680545286463,0.5883309261785166,0.5549036744094037,0.2996733341295048,0.08890344234706996,0.30156711205949216,0.4231288006744434,0.39771050625252985,0.48475226730604165,-0.0077562440866599846,0.460321632614143,0.5554716089479115,-0.13121195524605375,0.7381093473056469,-0.1066271972240951,-0.24729875195837336,-0.11936898937638592,0.25389058007519755,-0.126107409451943,-0.20271139188021778,-0.15760311407980357,-0.03427973167373632,0.22818223069298718,-0.001345179368156266
1.0485869370410987,0.4696262084720989,0.6009764926206953,0.38371157287251956,0.4357972221126901,0.516829762690383,0.26755853789896394,0.4042453492646345,0.03423013513007044,0.2655290396033742,0.3247359467848025,0.3194355462178033,0.4270438912942604,0.3579950183160736,0.2642726461175766,0.3232984162979643,0.3907191094424247,0.37294782990360886,0.45327497479473694,0.147360931535725,0.2731363176928508,0.06910593107727286,0.049026858654611954,0.28334104106681235,3.007979112126854,0.2582723836632742,0.3922614456833961,0.20331945332914467,0.746941545955679,-0.05758571402103802,0.5223770426642772,0.28079201228719275,0.24569089065464042,0.43472335214814134,0.08654442234850997,0.6696368997528799,-0.019580080210766005,0.3264549831716233,0.05821078187379929,0.07681723094360322,-0.10474289209152539,0.14771729062981678,0.13564920993973015,-0.07297124318901714,0.06630486720100834,0.6335232127132544,0.19989318097697636,-0.17910292333203867,-0.9247243677940353,0.2813746379663864,0.019146902960669034,0.7749694914707994,-0.1296602518750437,-0.17716109089740043,-0.03399148315245361,-0.19998317171897467,-0.1518189897588969,0.0422980937694007,0.24498012618201537
0.25423258469369986,0.38373596514672637,0.4824147282652475,0.28392067417476713,0.2994347805943531,0.5660569545069524,0.28106118007381026,0.36383321573030075,0.2684955178947902,0.16776982606939533,0.27596533949174207,0.31833791399136946,0.28460605841666625,0.3135653132147828,0.23787509637659307,0.32507171926924106,0.20883169859860765,0.29606737677539785,0.3071621574305143,0.47636458474602317,0.2787434077243766,0.30039937153361296,0.05390840200790135,0.22877459265533265,0.2582723836632742,1.7105690555385662,0.2702649078570539,0.23226421407575687,0.1944145931006688,-0.3946430466721718,0.3623661410681603,0.5145133230453957,0.0336143193237025,0.3553061535040345,0.23050029458470467,0.34360002338536694,-0.3701962963961568,0.14150549235830093,0.08798296752252394,0.30201411436579595,0.14683504599809927,0.637178339135124,0.17659470430876115,-0.08450375766253458,0.08272343146894898,0.19438450814274652,0.13564306721814767,-0.044532436843810405,0.28527173071716155,0.3100206994119054,-0.2098728973965766,-0.023163371433493427,-0.29967969236788733,-0.09377471391644168,-0.3447911976437736,-0.039410649182010545,-0.10569109196017919,0.47042154466708336,-0.26733101145485383
0.4666050951225106,0.3407875838336553,0.676094332481697,0.3082543036091951,0.27711658620980006,0.4609666400508399,0.3247988906065132,0.38246010171751593,0.31897880245101795,0.29167916419988277,0.3585673234804728,0.38788680917586843,0.4281563547067012,0.31437514300258135,0.2277024741583042,0.3749328918549847,0.3428799246976316,0.2991111445842644,0.35290687073540566,0.43424071915623735,0.2544781419878719,0.34219136959145496,0.22756868368629296,0.3001950364878778,0.3922614456833961,0.2702649078570539,0.8012213519910366,0.25144400067870687,0.3929465854176375,0.37659820399762406,0.3330234327063563,0.3400384044604629,0.25005513234245946,0.3251282386038785,0.30224268345726046,0.5947030287433619,0.3253401162839988,0.31271915717846527,0.16554673379166898,0.18901997438272639,0.23008878010265488,0.34980335592550166,0.3589030806584383,0.07093829121563036,0.04733879891429044,0.4202807745120251,0.3216534688074398,-0.08787534634573899,0.2814254227004007,0.18141190224035805,-0.12882721916102155,0.3083587489383845,0.014528444263900148,-0.12910519235304135,-0.08436081716057665,-0.019144266747574846,-0.09933140713800181,0.108280599717817,0.003940488604700029
0.1969155084965522,0.3918837503924015,0.4608479941150976,0.20831192014553257,0.1545533664255526,0.2893915151553781,0.21043260717277237,0.1924653044341235,0.3119327370319401,0.1828434168185169,0.22815137423177567,0.12819423298687743,0.2333037219832877,0.2874242655167048,0.2619543851769265,0.27482656562235336,0.33478329754072245,0.24164557514552196,0.3490721706614963,0.3123693194266161,0.34398922913005653,0.28685491491531917,0.05840387491931542,0.37616700175333695,0.20331945332914467,0.23226421407575687,0.25144400067870687,1.2907706856499053,0.1352123870883981,0.7100096439141109,0.39386241173228326,0.15349813826173295,0.554179063100185,0.19844225527294637,0.8460107586719903,0.40073533048817744,0.732128619726289,0.6354699813914584,0.26705960798084316,0.20612933023477212,0.3955756020863908,0.29583409020082624,0.46729865071905263,0.516540528594262,0.43280096340124236,0.25984463768409943,0.4137853248069704,-0.08265183375453013,0.2569169351778901,0.1724746778537073,-0.18028751542914662,0.6519846475893164,-0.7850223424249364,-0.024906672377128132,-0.14748300901724473,0.00771746675380378,-0.2183914614076088,0.18957194591569487,0.07112341584995917
0.648858724847851,0.3993320448318842,0.8944190872572736,0.38815888225601825,0.3300450274279607,0.6635715086735872,0.35580088464117937,0.5429894397489383,0.31903565433627284,0.40464229054500156,0.4956554797020306,0.33966554971764124,0.619487064297458,0.43802076290966024,0.2744834498174457,0.4522128211627462,0.5067438071282307,0.46646253319099906,0.5169976623715095,0.6485471437448448,0.2907852552693091,0.376637216621336,0.507469263304209,0.40898799944829334,0.746941545955679,0.1944145931006688,0.3929465854176375,0.1352123870883981,1.8778992740623952,0.6417031604744338,0.2106832890091659,0.3443557776327985,0.13320141912708572,0.6276406273726164,0.3374173708666897,0.7906136747967525,0.034996000162362456,0.05452924572775949,0.09031235719283938,0.2631603758125806,0.2665608636806068,0.3844110580774671,0.27335738881744653,-0.1257448422385856,-0.35480141058095427,0.5724150391987645,0.5642801932040591,-0.23437964678440484,0.5796794649300904,0.14296654520221097,-0.2242912370252098,-0.03467589004306194,-0.01725296875583924,-0.0688809682607377,-0.1380618693850498,-0.15320736553959463,-0.2945882337638155,0.24711412249747092,0.23387626062650863
0.47197050218857306,0.43305611015976325,0.9584926268506012,0.28627395416910906,0.07339232972401849,0.3830511247664347,0.37512076651877374,0.4812408702968699,0.5598206963912338,0.5318221548228532,0.480930563046834,0.3116631217083671,0.5031658079211683,0.5646274311854073,0.482083150485003,0.5121076976106951,0.6207528902191997,0.29216129863689433,0.3821332138569624,0.8682016493855682,0.5397879818894354,0.549598762397931,0.8464771075449058,0.8603923471276299,-0.05758571402103802,-0.3946430466721718,0.37659820399762406,0.7100096439141109,0.6417031604744338,3.9198511694633726,0.25374835283862196,0.20719166649108456,0.4742544217776355,0.13450526940021731,1.7299400565666485,0.5403179055323555,1.5621764828875864,1.134133464178421,1.0189839709778723,0.44603203521928364,1.564079335574351,0.6290553925275026,1.384055430480847,1.425855994739608,0.5216894908296456,0.6034391037321889,1.482257798254912,-0.21498085992834498,1.8683292235731819,-0.7270319412776334,-0.26709095320907555,-1.026851534835905,0.9535427850961523,-0.007737439896385341,-0.12263862496702703,-0.0717723339232008,-0.3914199693530919,0.645979370186189,-0.037950037322446555
0.5168228060084414,0.435412773734652,0.6076935625754322,0.32184141828822027,0.3047093309883929,0.43125605969119285,0.27314132779123385,0.3491453799068256,0.3375080700995409,0.2436029351862207,0.3025315928606754,0.273588570001189,0.3074647741861899,0.26074975161070196,0.2629070584415682,0.2927918411188123,0.37473424076324746,0.49525849859133425,0.35560976507773107,0.36368148151234997,0.34031595104170154,0.32197919884902415,-0.05096693815549705,0.28448176171900846,0.5223770426642772,0.3623661410681603,0.3330234327063563,0.39386241173228326,0.2106832890091659,0.25374835283862196,1.0715898466113045,0.32516058125656655,0.3881195614303756,0.21444566375682775,0.3072502723700455,0.6974262320028806,0.44124195384413034,0.42730771642723286,0.20267728914471747,0.13835533151779136,0.17233121709747581,0.3168448519221804,0.2536820959793008,0.12532957216533933,0.3247193284865216,0.47260351566336817,0.3526048207967909,-0.08845301475085354,-0.2553928488907616,0.2172268090557131,0.03302606447949677,0.01552454982091522,-0.0774041263522654,-0.21702156072195303,-0.07773049580911895,-0.03624388403873273,-0.0602396362978461,0.036257446810428806,0.004066045055919624
0.3770498620101124,0.2694793837469173,0.558929297742906,0.25194740103789026,0.2766259603192843,0.4654485462190707,0.34861920885585784,0.3251970361470537,0.31839373705246266,0.23390744567056093,0.32541468262290335,0.38629385751157086,0.414367790000854,0.3175122621094751,0.1482151737416626,0.3614093105196564,0.27066940478191226,0.2852617011654058,0.3417602878402886,0.3450697019032223,0.2936103348097466,0.40949797218037176,0.27859595002967513,0.3855792409279091,0.28079201228719275,0.5145133230453957,0.3400384044604629,0.15349813826173295,0.3443557776327985,0.20719166649108456,0.32516058125656655,0.6913346186616675,0.17531335212965066,0.2761856635117034,0.14057039645179098,0.5235036121768304,0.05073209215238653,0.24275862653579058,0.23567696298564528,0.16119035911799312,0.23872548325856896,0.38543438494430593,0.137284088735206,0.1478616932037361,0.021941971171966505,0.37657164441868435,0.33913679118674017,-0.10125924963136172,0.4106120158528122,0.07904882741668597,-0.09292689203025083,0.10430181701534265,-0.0162389061495382,-0.08937833658978188,-0.18296658665688664,-0.03855653665563159,0.32897103318336807,0.11886837408484872,-0.4009981227434687
0.19860754618018864,0.23609330652110028,0.5619445936904603,0.2188466050044581,0.2379932647315929,0.1989358601902734,0.30925852816205246,0.225151181744794,0.419515354572424,0.12422230306775507,0.2586098254648065,0.23970597390266293,0.29920570992367135,0.2430878249886064,0.21984830631206764,0.2335589165215676,0.40051600523446806,0.22244890216419033,0.40924973945342963,0.22465747718522014,0.408959387974752,0.3047013813299342,0.5161086821357234,0.8154791287696653,0.24569089065464042,0.0336143193237025,0.25005513234245946,0.554179063100185,0.13320141912708572,0.4742544217776355,0.3881195614303756,0.17531335212965066,1.9630655585210972,-0.042788078451898005,-0.5648190288928363,0.5099120959534248,0.9110717861876667,0.6567768355014595,0.42814477899761916,-0.18034907441310044,-0.050535625685071195,0.3503101625645102,0.20371726549463973,0.5130050314770057,-0.03815631032503264,0.4455179489414637,0.4773896190571596,-0.10716648007165534,0.7925451805093382,0.04213310595678616,-0.3454269516663097,0.020677742213467715,0.10064252402479992,-0.2500081457032408,-0.22894962997219534,-0.0625265069766942,-0.1818002645086934,0.19311370732765246,-0.019516524962167645
0.16151455305023288,0.16780702835138125,0.5054977493134243,0.3394728863949841,0.3781348391826115,0.42702731867962196,0.2802262899486022,0.3661053404900405,0.23258026623212708,0.3466572238471949,0.33577290116534,0.2615513842613268,0.4200400719104203,0.3067341441184193,0.2223911269817899,0.33762174124568245,0.33116804765211527,0.35886167038381833,0.21956126014336275,0.5493363867153566,0.16690284265046057,0.2936444236646792,0.40750562525502354,0.3625898810822804,0.43472335214814134,0.3553061535040345,0.3251282386038785,0.19844225527294637,0.6276406273726164,0.13450526940021731,0.21444566375682775,0.2761856635117034,-0.042788078451898005,1.8568878266079973,0.7823020488912287,0.43081932825465263,0.6298675158601604,0.39791045758148286,-0.31732808279370983,0.1587267614752323,0.16662908283992253,0.4342271583176035,0.5094464563381815,0.19630404374486735,-0.20053577172405623,0.38055484006313445,0.4847866456812303,-0.10842741347553361,0.26888874606120616,-0.16728589110797742,-0.10391235845233913,-0.24635004155264242,0.3085011471751791,-0.0848920734996592,-0.15150374734131308,-0.026837342985759894,-0.19041685440426545,0.09009998467984176,0.22858974874815297
