3.788912518246749,0.7644477849702163,0.7944818763048552,0.3287477748034127,0.32941275261442005,0.34078850956163836,0.2557368927369407,0.3596318935974062,0.22433727171996637,0.16784664233386545,0.20823087323384065,0.252230223460408,0.12653451743729155,0.0658594312431746,0.3125963184578973,0.011523612318541043,-0.025541889938008204,0.141509262382092,0.2724544455448403,-0.011513897897758096,0.27436819904941095,0.09379487441642524,-0.1964057293624547,-0.35235779855154387,0.2619593132942549,0.27634853414688737,0.11078598097703776,-0.015687603179818144,-0.023547406447189747,0.07306827916466316,0.5631041577689245,0.0030895237887714586,0.08391635976462641,-0.9960164922873846,0.010472079401364298,0.003938029383155883,-0.2385799242077017,0.16130772586731637,0.19102499618179988,0.09432760795718917,0.1889099456569729,-0.1265693535059708,0.05099131687114451,-0.020078625624169233,0.2432326849783502,0.29901112057277435,0.05546194084437011,0.037920479818260557,-0.1473499768140011,0.0066685050850656055,-0.13368804449961896,-0.00829067339732781,0.23841793521861698,0.04977350301213542,1.014756670441829,0.045717249373969045,-0.44696201817338804,0.24339769653030974,-0.9473677080315094
0.7644477849702163,2.9811993717304963,1.5758223050004696,0.07054295852498056,0.008608471353916108,0.2839082083043638,0.33471520069164484,0.4660858455834242,0.3492046978637259,0.4700334757547426,0.3108964283024916,0.34311174803519195,0.17884967904448926,0.1439839552720741,0.6716977051464349,0.13634662314987867,0.3501691870583745,0.695542220839045,0.25762583509506526,0.6788134093068025,0.5067461291498245,0.1994213405380407,0.03073614731676865,0.34996275696672735,0.4531430446063283,0.463121366899076,0.3068131756767808,0.3490792367274721,0.6650596276179691,0.5060166718024071,0.23355312959373084,0.16647709336558603,0.31268809516855245,0.295016120915899,0.24383690687107057,0.40428927865134484,0.9518796122041271,0.33473539790120843,0.2790775972342366,0.3394106871773931,0.6572380322267519,0.4076482707800814,0.33421782884812457,0.04723552481537766,0.22335262426131725,0.5745560009569036,0.5692926887548537,0.31124805228100405,0.48453094911363187,0.0007973737496885803,0.22025472704293844,-0.07028160606636855,-0.06354353672117123,-0.029623672471709377,-0.5203645549558923,-0.1306732758710687,-0.3960407373578109,0.6580228483210316,0.32099884918616634
0.7944818763048552,1.5758223050004696,3.150477309008722,0.020196627795545843,-0.3290057712129122,0.45126265685341294,0.3527226017475542,0.5614200519040077,0.5854470057809876,0.5922664254284279,0.35286942207406397,0.34608100894747845,0.1770505225942148,0.16482853471840048,0.5720705496149111,0.11365266305887552,0.4495594135383034,0.4997105252744964,0.2763806769947354,0.5470190965402115,0.424795282462435,0.3132357370990134,0.2168469873662019,0.32674099105005494,0.4404602165027971,0.44252554704390373,0.28704780223741816,0.3022174325706464,0.644910446873266,0.5287633338757181,0.2530811627288381,0.23718357955800304,0.222334465667435,0.36803868317031874,0.3106547663939864,0.5381017490175164,0.5627678629320995,0.2779643227644252,0.4672347754064026,0.3093774431609026,0.5281597157864057,0.40402433535176985,0.33219676107212326,0.08960174136027922,0.2512969409103507,0.6015287487109848,0.5293227406059371,0.18073026225870292,0.5075745496093574,0.06748415472055119,0.08130783833397566,0.09311319359942617,-0.054889315646668976,-0.12979397806138548,-0.21502099265341348,0.017775810769072538,-0.14742258867493147,0.6277079550110652,-0.5506015039629768
0.3287477748034127,0.07054295852498056,0.020196627795545843,0.90132242517786,0.5083288909530659,0.29185665481135126,0.21989289179456237,0.23267334881999363,0.09558103762296949,0.13125400456193193,0.17791698153345428,0.24705523011300598,0.10943604580413246,0.18720816929874617,0.246957019288758,0.23708893367383244,0.1307811241741518,0.21918077877332146,0.20147723633124962,0.16615101196134618,0.17614525186312835,0.16581748188131498,0.21070708762801896,0.11663566181201021,0.20894982200471293,0.18449883823034774,0.1422975734637011,0.05732889475368663,0.2141223471036083,0.16113513991422523,0.11240274976361485,0.14128028691910013,0.08806513498050765,0.21612354043072743,0.07797484627055686,0.15561056307585164,0.22358796939151823,0.1286051762532718,0.20806131582310108,0.07945869372776912,0.19036339306246458,0.13813892790106352,0.21829165100724712,0.22774647736387718,0.06692295315765309,0.19267702541745946,0.19759892437312102,0.08889127729445288,0.14556317492502324,0.04868458736050336,-0.08409034430082157,-0.1227502078306431,0.07645557577525312,0.017465244849754757,0.01781503988512327,0.09792132376992355,-0.17451947623452824,0.23368564691246355,-0.21668176300159542
0.32941275261442005,0.008608471353916108,-0.3290057712129122,0.5083288909530659,1.1858696020175838,0.32573119788044486,0.20697396097082463,0.2877451810314766,0.05133994215516815,0.17128073776002645,0.18861594850526756,0.2706165910995439,0.1305936512402953,0.24764660610322453,0.26451073783878554,0.3039898804327043,0.11540463149943175,0.23456669568953717,0.3653829120658907,0.1442414253219221,0.1790659272268363,0.1810782871884161,0.20443046129920844,0.16868048681265393,0.23031545969594935,0.16209003855043272,0.1510267626653663,-0.022830328892244272,0.2405562066097878,0.1096230061347947,0.0598313800341363,0.1826288940190209,0.07685923909509101,0.25198475059381886,0.057121819648975516,0.22712442360104132,0.18997337747927073,0.09530759207965658,0.21625597533695276,0.10222729365916797,0.20369991037159135,0.15292732599970796,0.1471687143913161,0.1467637433794426,0.03921300345877863,0.2425038174836808,0.17928600162439093,0.07170862968960331,0.1267921173180801,0.022126237467783413,0.007319028556784995,-0.4154213052832844,0.2667350811811236,0.07633496807309927,-0.06532624311077707,-0.04119213448652385,-0.09255553251216525,0.1642236620492965,-0.025519446121293005
0.34078850956163836,0.2839082083043638,0.45126265685341294,0.29185665481135126,0.32573119788044486,0.7452939501518516,0.2686739085278225,0.41609997744592464,0.2412268021845292,0.20514295507112534,0.27294491826723255,0.30423099220260263,0.14681336712930365,0.2238853290130821,0.34174594408667536,0.21572242647715906,0.2707380008948849,0.3042981915512357,0.31103678555740455,0.29359363746014194,0.24306293994906422,0.22751089405579938,0.21976745491124894,0.20326070733122897,0.29336650227606736,0.34403299295649437,0.19007463662449037,0.11814363253251363,0.41007131778744316,0.2111221659846083,0.10743371187121795,0.217579838149094,0.11322678334389215,0.34518463510438563,0.08975997186902564,0.25496594674211037,0.38846856982421907,0.18226664712501509,0.2874857203028991,0.11185696861341912,0.22830326799073655,0.22826203040587079,0.25640609101145734,0.17759975123562588,0.0682609509591652,0.3326711201812815,0.26489370654485034,0.10639982679902864,0.27337190445071347,0.15056928647188322,-0.24378095301652886,-0.07563669924882463,-0.04239598504184236,-0.04206709192215056,-0.14163210040520482,0.02814423425434793,-0.12507696615170935,0.4210942998386623,-0.3009697903049587
0.2557368927369407,0.33471520069164484,0.3527226017475542,0.21989289179456237,0.20697396097082463,0.2686739085278225,0.6502525910378657,0.21376168806685478,0.328882396336144,0.21874798707800863,0.2568670824269676,0.39225057964696486,0.12523841574044314,0.24196536159945425,0.21451496911371815,0.2829483589480374,0.20797976763086662,0.3506034138635582,0.19306016310608887,0.25572359319853044,0.2356885269236854,0.2883687811911943,0.29334083909316616,0.19152583306474374,0.27336938691835505,0.31252859423287815,0.21133914553066793,0.09699357896472378,0.33653829169609917,0.220960013391134,0.1405481801470614,0.2339035903843692,0.11577536137910567,0.3541575882908437,0.10731970030898845,0.28834039521313387,0.29645815628543554,0.1785948761687206,0.290333814932439,0.14695267984097427,0.24086804238837978,0.20686323672448376,0.2892278514527339,0.17739059110371347,0.08873128319662306,0.32276665488467843,0.3008255026051668,0.08135519921412897,0.3970376935802785,0.019291106443899884,-0.04491313773984234,-0.046046996316267845,0.027844303651097708,-0.019431220854230397,-0.1724766271365407,0.10012018052590986,-0.12756949734152495,0.4743976339990559,-0.46080602470369275
0.3596318935974062,0.4660858455834242,0.5614200519040077,0.23267334881999363,0.2877451810314766,0.41609997744592464,0.21376168806685478,0.9750359344475109,0.13830268900937723,0.3162095227225785,0.29100269889379893,0.2125894154250213,0.14349430676541944,0.28701645162099054,0.3528398486693228,0.27560051386966866,0.3959243551829439,0.4177892253748771,0.23758212383436128,0.39433498519890875,0.27757264594487197,0.21654246371663863,0.2580275590476894,0.26656051029438543,0.3525112912415902,0.4015300635863268,0.23984197418595318,0.08329940902279062,0.4778753366653651,0.357894523923074,0.10538432509080993,0.26496483717390484,0.0906965461865341,0.37675307983239964,0.11177531163135503,0.30344006388187666,0.3972232779892984,0.2229927518033072,0.4063280974757262,0.1962006064461944,0.3178614062444359,0.2780862659834784,0.3039450728253782,0.16131733999441938,0.1326571781773145,0.40383302386577974,0.41509738551138625,0.17398329752110483,0.5043330118770518,0.14489208498746806,-0.05284241599787196,-0.12892481962102748,0.0392487844303143,-0.07758548365670095,-0.3298247198781201,-0.04322601913519166,0.04470817763987493,0.7699356112281291,-0.6071948138538616
0.22433727171996637,0.3492046978637259,0.5854470057809876,0.09558103762296949,0.05133994215516815,0.2412268021845292,0.328882396336144,0.13830268900937723,0.7304126338831717,0.15981450984086262,0.16804734835634183,0.20691396523258454,0.10642028954110908,0.18011628306479505,0.11277864511422636,0.13390374375252317,0.19764368566730317,0.23240624423910802,0.18733292568809612,0.20039688096689684,0.2103921336957692,0.36784664404574136,0.22614984883906458,0.1538736866118443,0.14028073572363683,0.30346296935899797,0.14674475315620192,0.143405833286678,0.2043216486228641,0.21467171485389316,0.15555185560432117,0.1881465318383321,0.16306845747505783,0.25316889887780514,0.10628947667883727,0.20138954067576328,0.19105587166532015,0.16038753741209819,0.2686086093412694,0.11739512107453326,0.1703972279609413,0.15879427633562143,0.3051967803481122,0.15205397941972754,0.10539027351619745,0.2265714679091867,0.22856927373184116,0.02532672007649715,0.5187944770169384,0.020386850773069363,-0.0023726108011193994,0.11560085190322926,-0.036473279568278484,-0.049399187272458456,-0.11032469354510555,0.13188410861213223,-0.10998566667726836,0.5149685791260732,-0.5923455531047815
0.16784664233386545,0.4700334757547426,0.5922664254284279,0.13125400456193193,0.17128073776002645,0.20514295507112534,0.21874798707800863,0.3162095227225785,0.15981450984086262,0.8142063407409043,0.2157811990511811,0.2179508991322284,0.11188161263071415,0.1478448704663653,0.3113957728430582,0.21404610041075106,0.2803892748822253,0.36929635973676095,0.20383937365843408,0.18610242588062775,0.19767567796403876,0.18741683112689106,0.29120562278097006,0.24876762677449885,0.25813998935253746,0.13825412555570873,0.1781974343068129,0.11715122739266122,0.42677708129613023,0.33311306347719605,-0.004046744454633464,0.17339217931436218,0.0701944094352506,0.3506422829749506,0.17706816201414827,0.3603266885258462,0.3135402049698005,0.11060847054705134,0.33101570503122263,0.1871063786988063,0.3492456989644895,0.19733401562530864,0.12527329474463775,0.16280710943201473,0.019362645231378418,0.3487820437893455,0.39222465524246175,0.09913241251781607,0.2943230761553402,0.01778669335425578,0.08530297699713915,-0.1697162841406114,0.04459135133711875,-0.03134584097703629,-0.2608538237623366,-0.019567867907017505,0.010320555172266831,0.14394821388041795,-0.054034410157110614
0.20823087323384065,0.3108964283024916,0.35286942207406397,0.17791698153345428,0.18861594850526756,0.27294491826723255,0.2568670824269676,0.29100269889379893,0.16804734835634183,0.2157811990511811,0.4501641022767521,0.3232090328178517,0.1421011327756682,0.19969104934873888,0.2702005368465677,0.17953025333155162,0.3267338439919985,0.2746759808810494,0.16696057933658942,0.32127212417335094,0.2248953485256379,0.17001926857748406,0.14382597946742373,0.19478293870906974,0.2494620624829354,0.28274511694102,0.19765438049028924,0.15138360753727775,0.3104029182174581,0.15434779296688264,0.16931266716689974,0.19556507763149777,0.1436021586063509,0.2855840024707457,0.14228156538575815,0.2722781665018992,0.3196921076058256,0.1880393935466236,0.25066420237788917,0.14496278388825787,0.24707289260347529,0.2246545017476182,0.18084516516332513,0.09417364024303532,0.10390574602736129,0.34258246874157255,0.2503142436346552,0.10992448086799664,0.21619894796085237,0.08445003474770442,-0.016753348524906612,-0.03276512856258275,-0.00041255365670818,-0.06681372409594515,-0.158645340378273,0.027750901197287767,-0.07975517791967444,0.2688951190012178,-0.22611962314038983
0.252230223460408,0.34311174803519195,0.34608100894747845,0.24705523011300598,0.2706165910995439,0.30423099220260263,0.39225057964696486,0.2125894154250213,0.20691396523258454,0.2179508991322284,0.3232090328178517,0.6980003257502384,0.12524500611876857,0.2982189697715756,0.30252351006154643,0.28083451161360073,0.2686624972733044,0.391033081567433,0.20649239605081962,0.29669306258444533,0.25706446353663975,0.23293664808774153,0.267316826586046,0.20103253894479853,0.3380438475536779,0.3356616704967216,0.2714817919140889,0.060598283847498484,0.3429043088283518,0.13938076717775186,0.18286060231634627,0.2639094847022453,0.14202301934633962,0.33876949433330067,0.06330154428816516,0.3687916372255007,0.3177263888843624,0.19131444958333924,0.2319695851614134,0.16178079995637104,0.2906711971190301,0.23868607930916252,0.25258591578625283,0.09418532969698144,0.10723753939131525,0.43733320864725866,0.2941661438036499,0.11765857466513599,0.28723651522563365,-0.020885164842246434,0.03235771835699772,-0.20438064831072505,0.0854044353146344,0.02208809770117111,-0.19268521734835525,0.0718792038072905,-0.19180918508444958,0.5132501862405727,-0.4796115872177523
0.12653451743729155,0.17884967904448926,0.1770505225942148,0.10943604580413246,0.1305936512402953,0.14681336712930365,0.12523841574044314,0.14349430676541944,0.10642028954110908,0.11188161263071415,0.1421011327756682,0.12524500611876857,0.21866697834243876,0.12205311746229834,0.09218655385346738,0.11973410197599696,0.11123399657214164,0.12638997800725196,0.12251082935773373,0.11536760289574628,0.1060646244335027,0.12598913085042865,0.05122229160963819,0.12049017316725696,0.11231302420538142,0.12075090571465705,0.10833693814358861,0.08325504903553943,0.17755516793100917,0.11836554106307323,0.008160694800419277,0.1041202802619607,0.06824268487394895,0.14006813451330286,0.10299406395903396,0.10998297164091551,0.14694238378514574,0.06769357639559961,0.13253117780732362,0.06986973235811889,0.11233291402288136,0.10044169268600033,0.104054968742745,0.07226123409968291,0.0030715350680303533,0.13038674122165952,0.1180527170927322,0.03417713543010467,0.17861477302542864,0.043965882121828635,-0.025009118596607625,-0.02366796639005064,2.762050989130354e-5,-0.016108535714365275,-0.0044549561810174575,-0.01960015585360639,-0.1020616451140134,-0.03731597740314756,0.1401051409781312
0.0658594312431746,0.1439839552720741,0.16482853471840048,0.18720816929874617,0.24764660610322453,0.2238853290130821,0.24196536159945425,0.28701645162099054,0.18011628306479505,0.1478448704663653,0.19969104934873888,0.2982189697715756,0.12205311746229834,0.7232567167479209,0.18226657472213545,0.28857582154608274,0.23938823151785177,0.14049111815130755,0.15125692352908326,0.32330081250268383,0.18939662926631606,0.23225876770166046,0.19847402172037532,0.2874377520012317,0.2476845919851204,0.27875244808046373,0.2181575006276893,0.11974314316394104,0.2732305404313482,0.3078442812205891,0.17715206654343676,0.38586674781895824,0.1343160086535016,0.30247650920152264,0.20392940247784624,0.30946655892465585,0.30794530976419404,0.21776850509719758,0.1734309165690938,0.15597393396116674,0.31531923591043404,0.25129036847126796,0.20426797058087426,0.1477412977442478,0.06463712254964712,0.3701070145041521,0.24900091857315243,0.15097535968812978,0.5272773813121495,-0.10154130651892111,0.006708628125422977,-0.24850446957574754,0.16540764778574615,0.06287404747476204,-0.27817533667903893,0.01770021700085589,0.1957974633550964,0.26294886983533544,-0.3186847204495048
0.3125963184578973,0.6716977051464349,0.5720705496149111,0.246957019288758,0.26451073783878554,0.34174594408667536,0.21451496911371815,0.3528398486693228,0.11277864511422636,0.3113957728430582,0.2702005368465677,0.30252351006154643,0.09218655385346738,0.18226657472213545,1.2358206912060876,0.02966150516213819,0.271370234266611,0.35234121431917814,0.19234744813786303,0.4873299286420553,0.35416141966830245,0.04502429597332325,0.33101637216352653,0.2873566446922422,0.3578236228737229,0.20327304211256825,0.1918597187969032,0.24643407197216904,0.4320673985934322,0.5233823942580152,0.16299386466868496,0.1384250131877238,0.26356975166685415,0.3604266619076849,0.11544793883229389,0.36512111631695304,0.629092900838284,0.24664168904324163,0.3409967885486485,0.199412643608412,0.5526459844596113,0.28543665207436414,0.38368214040096127,0.21869994395520417,0.09553372407178584,0.45877758151525794,0.44990358653980017,0.3621013005451027,0.3986249479221461,0.09224429030861689,-0.022183092277904715,-0.10043052443227672,-0.060542564499882066,-0.019787312995213045,-0.2343451471919415,0.11044552279909642,-0.1627514466189413,0.46748705963916876,-0.22637256104897238
0.011523612318541043,0.13634662314987867,0.11365266305887552,0.23708893367383244,0.3039898804327043,0.21572242647715906,0.2829483589480374,0.27560051386966866,0.13390374375252317,0.21404610041075106,0.17953025333155162,0.28083451161360073,0.11973410197599696,0.28857582154608274,0.02966150516213819,1.2161611334206555,0.2437864819482397,0.3629128839076407,0.18909093835166643,0.18138917512151614,0.20099488091963133,0.5911693491301565,0.4994837175067823,0.29426251431652634,0.3278540567740753,0.1155737643759798,0.3279294307479294,0.10354154332160956,0.47044463087480176,0.43400144160822207,0.03360814972952186,0.33135678799464363,-0.014014072818167776,0.4728452495195616,0.3184510192595246,0.37836842267031345,0.2920350037927771,0.18409203260757978,0.31606461762653126,0.21424349761527248,0.33295452529270636,0.3249212365414655,0.44976483491909824,0.3416605829156995,0.1397337105004122,0.3400587421487092,0.3912070621632372,-0.059791811399225174,0.37808316203402204,-0.19729798195744325,-0.0433728522965788,-0.18766796983035516,0.11440974807157066,0.14001337243104295,-0.14434828218154178,0.024612777220231155,-0.16763590450758822,0.36219611980944066,-0.19891007278968417
-0.025541889938008204,0.3501691870583745,0.4495594135383034,0.1307811241741518,0.11540463149943175,0.2707380008948849,0.20797976763086662,0.3959243551829439,0.19764368566730317,0.2803892748822253,0.3267338439919985,0.2686624972733044,0.11123399657214164,0.23938823151785177,0.271370234266611,0.2437864819482397,1.0638859277369521,0.3368147853400435,0.17186652798159552,0.4935058574512036,0.31021473666488913,0.21233747150116233,0.1857179606474711,0.3481513908615081,0.37934266732958255,0.32772330263721183,0.23702173674935728,0.42993930152453796,0.3811865575570045,0.2638675950479001,0.34618526562588997,0.24967146844196275,0.38899404981666547,0.4019211190198436,0.2551277013865462,0.43753637494524183,0.7382428458773703,0.3138395143454967,0.2991540781241436,0.19474623419707185,0.4326260788264698,0.4541155857764861,0.17403693389646602,0.219661624578092,0.23439649538418852,0.5903998297345215,0.40296833531718074,0.21685095879225974,0.1538007850292857,0.21701789252935275,0.08640252538873508,-0.31657554346477457,-0.1896551660673559,-0.13744295712486634,-0.5687847850163742,0.014420889642757576,0.015139886262044135,0.42589793787832025,-0.277176187717476
0.141509262382092,0.695542220839045,0.4997105252744964,0.21918077877332146,0.23456669568953717,0.3042981915512357,0.3506034138635582,0.4177892253748771,0.23240624423910802,0.36929635973676095,0.2746759808810494,0.391033081567433,0.12638997800725196,0.14049111815130755,0.35234121431917814,0.3629128839076407,0.3368147853400435,1.3208653193899123,0.20522478882975329,0.17358548262959053,0.39467417650698494,0.2898274374281149,0.5000483721947567,0.3609215095948486,0.38622641974476907,0.36944525904496706,0.1694811489959922,0.1960507350216895,0.5977204441784146,0.33178363544756156,0.06567727622260457,0.21041491641726714,0.15947681769626307,0.48501344940997076,0.09053756109220618,0.43659801481691174,0.6304210010888758,0.13304194226114358,0.2773755134830833,0.23511741334679265,0.42103386888851363,0.31816379845096854,0.4725339566311548,0.19789701804149487,0.1966774201016978,0.5194285274170506,0.6930046316130924,0.17180833380446878,0.28276531664657134,0.06619423358614752,0.3345251621067573,-0.4995474456360054,-0.16635164417432333,-0.02352155189388985,-0.41860208215834677,-0.07997817021082816,-0.22180161284656852,0.869559938041877,-0.35224613516214964
0.2724544455448403,0.25762583509506526,0.2763806769947354,0.20147723633124962,0.3653829120658907,0.31103678555740455,0.19306016310608887,0.23758212383436128,0.18733292568809612,0.20383937365843408,0.16696057933658942,0.20649239605081962,0.12251082935773373,0.15125692352908326,0.19234744813786303,0.18909093835166643,0.17186652798159552,0.20522478882975329,0.6881378241175735,0.16775266589665497,0.20234728603283117,0.19229119065346248,0.04263236684192513,0.1773592628681709,0.1945741576044806,0.14041050958919687,0.13238232450957513,0.14750145591336314,0.2141378541294323,0.18416836519618543,0.058098539523066615,0.15256983670672525,0.1702450921784332,0.15646226050748227,0.010162576927554597,0.1945117809099777,0.23820938845832862,0.1166624964042012,0.24075952518285085,0.08425624792177226,0.22028706958632768,0.1361897834953473,0.18508412255243936,0.05841400388332934,0.07441397430014977,0.25117239842640077,0.20457034240447358,0.08577500723176124,0.16110843591453158,0.1463334284287121,0.027603650703631417,0.08330803894606453,-0.15420352045214744,-0.05828334729057603,-0.0651833464149966,-0.023384744612609712,-0.09443806243667226,0.2992084409820797,-0.1852153719113708
-0.011513897897758096,0.6788134093068025,0.5470190965402115,0.16615101196134618,0.1442414253219221,0.29359363746014194,0.25572359319853044,0.39433498519890875,0.20039688096689684,0.18610242588062775,0.32127212417335094,0.29669306258444533,0.11536760289574628,0.32330081250268383,0.4873299286420553,0.18138917512151614,0.4935058574512036,0.17358548262959053,0.16775266589665497,1.5118369440766573,0.2543041445944842,0.1520755519774702,0.21460247650104802,0.4375716803560554,0.4270258402993833,0.369127352588367,0.41519382709249786,0.3200571150957954,0.4880389204930516,0.6763791056737057,0.5006322246779418,0.30564563042697246,0.3844188082083003,0.5317912803848228,0.2062761564313504,0.39797658406254316,1.0963573571933152,0.7019653871390176,0.3192868779838239,0.34794429571563806,0.8283410572600731,0.580839427604052,0.450881366659034,0.20511462978757658,0.10449429055689557,0.7987647510497815,0.5613608230325545,0.6324116416105419,0.896613692260998,-0.03672199718258146,-0.12272211450767892,0.03346200564144689,0.04350251549793555,-0.012780819512080542,-0.25422811364319997,0.005208150008690999,0.1373669038973513,0.433287405201464,-0.2953484360476625
0.27436819904941095,0.5067461291498245,0.424795282462435,0.17614525186312835,0.1790659272268363,0.24306293994906422,0.2356885269236854,0.27757264594487197,0.2103921336957692,0.19767567796403876,0.2248953485256379,0.25706446353663975,0.1060646244335027,0.18939662926631606,0.35416141966830245,0.20099488091963133,0.31021473666488913,0.39467417650698494,0.20234728603283117,0.2543041445944842,0.6551006459668025,0.21769743638520178,0.28533565244622877,0.25178443541673967,0.2716202082897432,0.2625198135685108,0.1606146291961919,0.24644109021421437,0.26648158676491407,0.388272208351753,0.34099488908016634,0.17516487219404286,0.31090501859864256,0.23494548507722812,0.09619240819285194,0.3696165169742105,0.4776943838453334,0.210575330303505,0.3192285382493528,0.21825574560175726,0.5827316706531892,0.28708039381164413,0.4447373219884584,0.22513003864854828,0.22156696280134097,0.4762174825177228,0.40945459941797835,0.2564198766290614,0.3201075319820856,0.059421377119438075,0.06266928157905463,-0.18347207041332897,-0.05489861781102381,-0.010713016868644756,-0.15562233938231626,0.00348733713786451,-0.2979279030701779,0.6263941962552053,-0.2802650181412956
0.09379487441642524,0.1994213405380407,0.3132357370990134,0.16581748188131498,0.1810782871884161,0.22751089405579938,0.2883687811911943,0.21654246371663863,0.36784664404574136,0.18741683112689106,0.17001926857748406,0.23293664808774153,0.12598913085042865,0.23225876770166046,0.04502429597332325,0.5911693491301565,0.21233747150116233,0.2898274374281149,0.19229119065346248,0.1520755519774702,0.21769743638520178,0.6371086779492725,0.4149985471406788,0.22431553644010535,0.23721146246602484,0.1865058514890097,0.22183633208181636,0.09535535131495414,0.33716666744943236,0.3215254537622961,0.09295968960953137,0.26252675109494256,0.08761191554591646,0.36341035079091666,0.141861897404811,0.3192663269982446,0.22959733976949742,0.15959605690314432,0.30173151646907553,0.14493191289371438,0.247151165063331,0.22404608085673786,0.40097337153997853,0.25347155332348814,0.08274439163515614,0.2912618442942659,0.3025254652961089,-0.11792325000325196,0.4596758380209175,-0.06008200046998609,-0.016103976145840714,-0.0736332000450495,0.031668118476450416,0.03125318095999062,-0.11870703366875593,0.06471368082337227,-0.15415053529175776,0.42141916594883194,-0.35142360753980817
-0.1964057293624547,0.03073614731676865,0.2168469873662019,0.21070708762801896,0.20443046129920844,0.21976745491124894,0.29334083909316616,0.2580275590476894,0.22614984883906458,0.29120562278097006,0.14382597946742373,0.267316826586046,0.05122229160963819,0.19847402172037532,0.33101637216352653,0.4994837175067823,0.1857179606474711,0.5000483721947567,0.04263236684192513,0.21460247650104802,0.28533565244622877,0.4149985471406788,1.704260090142825,0.28567721158610987,0.44230885649572454,-0.030732425527134073,0.19423574754135936,-0.13939556836458575,0.6701058686973533,0.6580345265603352,0.22178272885199166,0.21124924548615825,0.0022484052871641212,0.6816410742283435,-0.15791305857409313,0.8634687487729803,0.40091332646461114,0.1709445058515232,0.528072756025705,0.21446045779468845,0.6320034393558217,0.2689195385737584,0.5758066661023807,0.623379977615999,-0.16907638228223038,0.6181271568861317,0.558714940840319,0.20557485598100678,0.43672007372245775,-0.15339133207674277,0.04992640046441017,-0.35288684752238014,0.09817387378716205,0.12075244250450017,-0.3006184876059199,0.10870646122228839,-0.053800200674161316,0.4613822184904456,-0.3393127677916248
-0.35235779855154387,0.34996275696672735,0.32674099105005494,0.11663566181201021,0.16868048681265393,0.20326070733122897,0.19152583306474374,0.26656051029438543,0.1538736866118443,0.24876762677449885,0.19478293870906974,0.20103253894479853,0.12049017316725696,0.2874377520012317,0.2873566446922422,0.29426251431652634,0.3481513908615081,0.3609215095948486,0.1773592628681709,0.4375716803560554,0.25178443541673967,0.22431553644010535,0.28567721158610987,0.9265163372862141,0.2595590193811315,0.10766448322093308,0.2330123971625196,0.33628508634173626,0.3711100747787243,0.7923036906870834,-0.15284403739826932,0.3173153655337913,0.5401847553308654,0.3715455203568394,0.21165822131417944,0.3951268189886453,0.705321648983577,0.2611686416304858,0.3459567428619264,0.25071039772564707,0.534376580411675,0.36356824346112615,0.3077994866883216,0.22765064542467772,-0.01863832830680487,0.4603719184444948,0.5231604361091913,0.3200040422216386,0.8823186164610367,0.015559942027271272,0.015359374183719667,-0.24099406687264358,0.02638815961723564,-0.03439381973667487,-0.3348070130967062,-0.24755620181306384,0.2287200510247657,0.21530342996373694,0.15090224919663697
0.2619593132942549,0.4531430446063283,0.4404602165027971,0.20894982200471293,0.23031545969594935,0.29336650227606736,0.27336938691835505,0.3525112912415902,0.14028073572363683,0.25813998935253746,0.2494620624829354,0.3380438475536779,0.11231302420538142,0.2476845919851204,0.3578236228737229,0.3278540567740753,0.37934266732958255,0.38622641974476907,0.1945741576044806,0.4270258402993833,0.2716202082897432,0.23721146246602484,0.44230885649572454,0.2595590193811315,1.1785033432956584,0.24565019682986103,0.2702535735841765,0.14806470631383714,0.5529147328642623,0.35354167237513495,0.3801480803023321,0.24285376185210672,0.054391124683421846,0.5059981030434566,0.2562390725329839,0.5482602506989737,0.38558674316389063,0.2847466906739722,0.31466045435999757,0.20818177041593625,0.4083232561017028,0.31282152378770556,0.34418291292199443,0.21026476225320345,0.25461554688055127,0.6455722910658717,0.40411670339684447,0.07274189903029306,-0.20332927604568968,-0.10093175335857084,0.10026387575922775,-0.07846447298575238,0.04274766870270867,0.022301480090599225,-0.24879434870923878,0.009565437995352557,-0.05900341316772526,0.44702722938223854,-0.3398129640138655
0.27634853414688737,0.463121366899076,0.44252554704390373,0.18449883823034774,0.16209003855043272,0.34403299295649437,0.31252859423287815,0.4015300635863268,0.30346296935899797,0.13825412555570873,0.28274511694102,0.3356616704967216,0.12075090571465705,0.27875244808046373,0.20327304211256825,0.1155737643759798,0.32772330263721183,0.36944525904496706,0.14041050958919687,0.369127352588367,0.2625198135685108,0.1865058514890097,-0.030732425527134073,0.10766448322093308,0.24565019682986103,1.213677039970122,0.18053414883376862,0.25988584029413603,0.1545552187438328,0.010449059065975904,0.3934208550692628,0.2745447173778467,0.15919304764582995,0.3090188474029631,0.36093645986787065,0.16078730748150571,0.13402422506464304,0.2351275279118287,-0.2647675854349312,0.17127671795420762,-0.044517509424354194,0.3686163141809806,0.4448593022661796,-0.006711035315983722,0.3861634758436717,0.25820561047735996,0.16890529499306875,0.08694950280678082,0.030087315429975975,-0.153697269030704,-0.14308219882698828,-0.11817886596185545,-0.034709104887210254,0.030963391300921468,-0.09384310793325377,0.04491463733201761,-0.2675278642856104,0.742939495110787,-0.5482177499862967
0.11078598097703776,0.3068131756767808,0.28704780223741816,0.1422975734637011,0.1510267626653663,0.19007463662449037,0.21133914553066793,0.23984197418595318,0.14674475315620192,0.1781974343068129,0.19765438049028924,0.2714817919140889,0.10833693814358861,0.2181575006276893,0.1918597187969032,0.3279294307479294,0.23702173674935728,0.1694811489959922,0.13238232450957513,0.41519382709249786,0.1606146291961919,0.22183633208181636,0.19423574754135936,0.2330123971625196,0.2702535735841765,0.18053414883376862,0.571229355960263,0.1746780957031133,0.23758040356303084,0.2718633123303991,0.23877089835170526,0.2581386020134053,0.16004137124397871,0.2993816827472462,0.21294220616808157,0.29622886621714156,0.39365929220993806,0.2419619397006736,0.2178245601668207,0.20241199093452478,0.3468290787714869,0.2628140000698227,0.28023794231120136,0.12728993318225723,0.0684647620326461,0.4586353862186964,0.27077776369785056,0.17216288234280472,0.3806795406987265,-0.09008595418234831,-0.045406627661266595,0.0014483751047655654,0.041174062229047986,0.0563086070204919,-0.0999868599934193,0.01121490125543313,0.06621329391435275,0.27949132844459046,-0.30224809233319766
-0.015687603179818144,0.3490792367274721,0.3022174325706464,0.05732889475368663,-0.022830328892244272,0.11814363253251363,0.09699357896472378,0.08329940902279062,0.143405833286678,0.11715122739266122,0.15138360753727775,0.060598283847498484,0.08325504903553943,0.11974314316394104,0.24643407197216904,0.10354154332160956,0.42993930152453796,0.1960507350216895,0.14750145591336314,0.3200571150957954,0.24644109021421437,0.09535535131495414,-0.13939556836458575,0.33628508634173626,0.14806470631383714,0.25988584029413603,0.1746780957031133,1.0291714370449359,-0.05529187160240175,0.3647420208707591,0.3928305080094693,0.15143510637550675,0.564166849909153,0.10902579826701554,0.682381054310695,0.16129019208999398,0.606060884068149,0.2716065247074566,0.12190435239607425,0.21166998008858182,0.31891873230640433,0.29166969315044466,0.2695183280687215,0.3186832428440594,0.31125460802392957,0.2996619513481539,0.2609699689331591,0.24105147128121956,-0.05760086557274898,0.09781510631288387,-0.01859567694465271,0.41818850337888336,-0.640969911268558,-0.09457172643958739,-0.09047046700007894,-0.03348919450191871,0.0005005868434910732,-0.028930067338011473,0.23661595873136673
-0.023547406447189747,0.6650596276179691,0.644910446873266,0.2141223471036083,0.2405562066097878,0.41007131778744316,0.33653829169609917,0.4778753366653651,0.2043216486228641,0.42677708129613023,0.3104029182174581,0.3429043088283518,0.17755516793100917,0.2732305404313482,0.4320673985934322,0.47044463087480176,0.3811865575570045,0.5977204441784146,0.2141378541294323,0.4880389204930516,0.26648158676491407,0.33716666744943236,0.6701058686973533,0.3711100747787243,0.5529147328642623,0.1545552187438328,0.23758040356303084,-0.05529187160240175,2.1444233822108147,0.6707519152028513,-0.8315880738968243,0.299431104532999,-0.39276800850656235,0.8880139428806583,0.09886468851319599,0.7550350907761001,0.16744338809002637,0.12435451942668366,0.564515602765466,0.2838626979050522,0.37936720092455367,0.30817590907998577,0.31496141222668433,0.10288349451445561,0.046550321563637545,0.38436608615020423,0.6070399455478774,-0.003071588667177462,1.020727642161562,0.33000887637272436,-0.2103082828803109,-0.14713395282048555,-0.1307389729231287,-0.00998008272710096,-0.5411119963435475,-0.018431522573810255,-0.07410707982191118,0.4012832282292687,-0.04253314832076556
0.07306827916466316,0.5060166718024071,0.5287633338757181,0.16113513991422523,0.1096230061347947,0.2111221659846083,0.220960013391134,0.357894523923074,0.21467171485389316,0.33311306347719605,0.15434779296688264,0.13938076717775186,0.11836554106307323,0.3078442812205891,0.5233823942580152,0.43400144160822207,0.2638675950479001,0.33178363544756156,0.18416836519618543,0.6763791056737057,0.388272208351753,0.3215254537622961,0.6580345265603352,0.7923036906870834,0.35354167237513495,0.010449059065975904,0.2718633123303991,0.3647420208707591,0.6707519152028513,3.1633564351424353,-0.3673268711376243,0.2687761878937147,0.32038537106052456,0.18189082492215528,0.4218783916397495,0.5018936245733623,0.8087506867789612,0.39153465741415,0.9180967796573658,0.49910983313427193,1.06175983465926,0.45043217052884044,1.1987151117348758,0.5897902084075041,0.18676165823092208,0.4721850942093456,1.3789945702039856,0.6640045908064593,2.033042863909974,-0.002572278716899301,-0.12680939568824984,-0.31859171094869665,0.11218577607364753,0.07519852745323014,0.10118371758813567,-0.0850673464180413,-0.013458110414897879,1.2437778557777415,-0.9752834218134973
0.5631041577689245,0.23355312959373084,0.2530811627288381,0.11240274976361485,0.0598313800341363,0.10743371187121795,0.1405481801470614,0.10538432509080993,0.15555185560432117,-0.004046744454633464,0.16931266716689974,0.18286060231634627,0.008160694800419277,0.17715206654343676,0.16299386466868496,0.03360814972952186,0.34618526562588997,0.06567727622260457,0.058098539523066615,0.5006322246779418,0.34099488908016634,0.09295968960953137,0.22178272885199166,-0.15284403739826932,0.3801480803023321,0.3934208550692628,0.23877089835170526,0.3928305080094693,-0.8315880738968243,-0.3673268711376243,3.4096219439056905,0.26011239725937685,0.5187240043771852,-0.025059509463289286,0.1981121637440443,0.7896486111907555,0.7006398716179151,0.5321679696041992,-0.10641630418384929,0.06303215965530022,0.5172735834692722,0.3467458837459882,0.0919484008185136,0.1323592466014061,0.4791210905928728,1.1597357899380418,0.003802083225442505,0.07622943175199394,-2.1140243156145204,-0.2502018552017001,0.11725788503863616,0.11045378988635349,-0.09536030869641558,0.045322619399311696,0.20754925718628317,0.0643150358482083,0.12853996838108162,0.18109813997842103,-0.5135753558159738
0.0030895237887714586,0.16647709336558603,0.23718357955800304,0.14128028691910013,0.1826288940190209,0.217579838149094,0.2339035903843692,0.26496483717390484,0.1881465318383321,0.17339217931436218,0.19556507763149777,0.2639094847022453,0.1041202802619607,0.38586674781895824,0.1384250131877238,0.33135678799464363,0.24967146844196275,0.21041491641726714,0.15256983670672525,0.30564563042697246,0.17516487219404286,0.26252675109494256,0.21124924548615825,0.3173153655337913,0.24285376185210672,0.2745447173778467,0.2581386020134053,0.15143510637550675,0.299431104532999,0.2687761878937147,0.26011239725937685,0.6101675725529744,0.10816334137365205,0.3166679372792908,0.1656819190072122,0.3716967491382356,0.21655867115908464,0.23083689049685466,0.18889375579243697,0.16265674395888735,0.2813119243583614,0.2633013285862327,0.07319344498550263,0.13358793312888967,0.09862054363396823,0.4812531189977821,0.27897733453045437,0.07607104238003948,0.29330314324393486,-0.0738243927710192,0.04182129569190441,-0.08253237647596764,-0.05725595330871441,0.03279600531964606,-0.355150181990167,-0.012875418370635107,0.6044466115314836,0.07471709939321924,-0.4647149805816044
0.08391635976462641,0.31268809516855245,0.222334465667435,0.08806513498050765,0.07685923909509101,0.11322678334389215,0.11577536137910567,0.0906965461865341,0.16306845747505783,0.0701944094352506,0.1436021586063509,0.14202301934633962,0.06824268487394895,0.1343160086535016,0.26356975166685415,-0.014014072818167776,0.38899404981666547,0.15947681769626307,0.1702450921784332,0.3844188082083003,0.31090501859864256,0.08761191554591646,0.0022484052871641212,0.5401847553308654,0.054391124683421846,0.15919304764582995,0.16004137124397871,0.564166849909153,-0.39276800850656235,0.32038537106052456,0.5187240043771852,0.10816334137365205,1.9832751003305253,-0.27028804619648417,-0.6258802015478264,0.13292980258332865,1.0621586834718175,0.3049847816391449,0.07013602803078332,-0.07826893930037546,0.480343639035556,0.30482766043472975,0.36803058400906435,0.159526927871564,-0.16795587761454878,0.5440981552274367,0.2523414163929774,0.5137955113022808,0.5800718360381156,0.1828554998802523,-0.034468786527375915,-0.28942842296437005,-0.023293875801311682,-0.16486034870928315,0.05803322484545052,-0.011776296873094387,-0.12094492595629915,0.2547669142390701,-0.021201898610316506
-0.9960164922873846,0.295016120915899,0.36803868317031874,0.21612354043072743,0.25198475059381886,0.34518463510438563,0.3541575882908437,0.37675307983239964,0.25316889887780514,0.3506422829749506,0.2855840024707457,0.33876949433330067,0.14006813451330286,0.30247650920152264,0.3604266619076849,0.4728452495195616,0.4019211190198436,0.48501344940997076,0.15646226050748227,0.5317912803848228,0.23494548507722812,0.36341035079091666,0.6816410742283435,0.3715455203568394,0.5059981030434566,0.3090188474029631,0.2993816827472462,0.10902579826701554,0.8880139428806583,0.18189082492215528,-0.025059509463289286,0.3166679372792908,-0.27028804619648417,2.2883427566570917,0.5018081910313384,0.4529644642986974,0.844418980256568,0.215316540943997,0.35846861235439126,0.10576050015976453,0.31692310157088627,0.5037254906762662,0.6156849238522434,0.4547789696109051,0.10356499673239943,0.37292733655155147,0.5443952325436041,0.0961994912968596,0.2908724760337238,-0.2124235997544896,0.023151668571655667,-0.11404151283533483,-0.010873751579730258,-0.017300083369920803,-0.6896413887917796,0.12728379605794346,-0.04786765878080894,0.2097999671275977,0.2696187434337219
