3.973174706379624,0.7073961089852016,0.8183939502039768,0.4010111371386336,0.41479536689039714,0.4240856623436429,0.27810167621001686,0.404824511183771,0.26805310155335477,0.17753876202714786,0.20840379435534206,0.2208865299183126,0.12750147601785372,-0.007483850226074613,0.3027137092686097,-0.09307152658902472,-0.047587757332004516,0.12269071204948852,0.2982305544146739,-0.07261765855096633,0.2574745869261203,0.05734708021906522,-0.21267756266316667,-0.350212179312511,0.2279668878137632,0.17900271572567983,0.058343842155871184,-0.08029069313255825,-0.06658030519573396,0.03997071395631567,0.4651344854688492,-0.12872673820211594,0.027147734251644413,-1.0391880158898614,0.04472820750383359,-0.0810684074212224,-0.20640737763315933,0.1487911046838303,0.21476329907190214,0.09222798862373825,0.20584197675700966,-0.13009251727908364,0.081723725212169,0.023079203766368118,0.20620628662158272,0.13784086566737955,-0.00583070413941834,0.008957889825647028,-0.3219520144123417,-0.002217016329773812,-0.17449356094120932,-0.10196224947547367,0.33112077138994983,-0.007803700302599698,1.4035352542881427,-0.12921854788243523,-0.7063550867697924,-0.5645386496390389,0.17279944375134326
0.7073961089852016,3.1741782439656836,1.64426551483954,0.11949236928931056,0.048769659577263785,0.30115172736997664,0.3510593776065502,0.48042598440139356,0.35443384117090204,0.5084301753097175,0.32313032511867257,0.3379329512753689,0.18677360155345377,0.13219739034849123,0.6658090115634664,0.09059125828745306,0.41869931205086114,0.6925815777361084,0.27037584668873976,0.7288642744833445,0.5053460993261455,0.17949823896589082,0.013495693798216043,0.37145334231623217,0.4324312386261803,0.4707914388430273,0.2963659929291983,0.36505183210980946,0.6686275887521068,0.5106262354393909,0.23880783389079618,0.16910792941572825,0.4066480639941318,0.3524114703264504,0.3051501891054307,0.42364514115379404,1.1129356899103064,0.3633466639765017,0.3047844957439828,0.3441308511215757,0.6829829089495485,0.44366006563405597,0.2370897306905716,0.0839321155457132,0.18603341456792055,0.6165227698563954,0.5760124980147756,0.3721434953121632,0.4543584171405585,0.09032999829266473,0.21551914631870683,-0.09834369768650457,-0.059517924938124786,-0.15297675819541012,-0.9171575462079686,-0.19919245261674576,-0.3875909882346261,0.5497909650568611,0.6811957539032742
0.8183939502039768,1.64426551483954,3.151655178202378,0.042468945314817326,-0.30976352581068634,0.4211603850798969,0.33388026965931744,0.5089169806457653,0.5727890358403859,0.6044382791850348,0.34326467408959965,0.3290179611605451,0.18211577737817666,0.1387040736914504,0.5486196937844563,0.06254801399558546,0.4478934077896002,0.4624362177667643,0.2663904106025505,0.5284324949362486,0.4141645770711047,0.28242577001322783,0.1821752855772635,0.31097235196822187,0.3967549761387217,0.38961725468928204,0.2574666701771981,0.30207323028733335,0.5849138852730016,0.47112311877704843,0.262069793625074,0.18855794844123278,0.3112444455512939,0.3533796204657481,0.3386512615879303,0.5366552330512968,0.6623817427946015,0.2676750409845738,0.44537540275813775,0.27380292199291467,0.5183881519915327,0.406763081623339,0.19671743785521492,0.08948251375985294,0.14345985571547534,0.5592864668868989,0.4742169450245689,0.18163259540793683,0.4211332574077893,0.21207985361909937,0.07671574535926762,0.10228426880140129,-0.05521790428479205,-0.2773185340526798,-0.10295683565653939,-0.07014215460396556,-0.22328715726845608,-0.13039374156164915,0.33182011206475887
0.4010111371386336,0.11949236928931056,0.042468945314817326,0.9311691669268699,0.5682371134672917,0.3406047040327461,0.22695699744226677,0.2678175168865866,0.11398048184473977,0.13219796025430802,0.18173270419585408,0.22980004844264654,0.11449214598296963,0.15716989250241398,0.22684967162766667,0.19261556021495918,0.14215982253603837,0.23094038521336863,0.23616088934130164,0.14463008715577927,0.17922269658913378,0.15506213765305651,0.18526981665590633,0.14529598507112304,0.19738385688662896,0.16191702046533343,0.1226941396141603,0.04979540872275742,0.20889658296803776,0.16794968954437386,0.07504628794213741,0.11361376092012145,0.11809910800621697,0.17813928732553028,0.053157904701973,0.13731756826895522,0.2528215454687814,0.12394050565938593,0.21686944503150934,0.07038062943458623,0.1938374026478624,0.13632595209710288,0.19310282551227279,0.21955905933351047,0.04167564713402296,0.17675744684388134,0.19305891938231992,0.08893900645664318,0.1295996081483952,0.05378243228786712,-0.08372958112993019,-0.18120027187208068,0.07407677795145357,-0.030246211144444795,0.0827069805638203,-0.04432130143774869,-0.21651390683331456,0.14670094196858707,0.03238901594605829
0.41479536689039714,0.048769659577263785,-0.30976352581068634,0.5682371134672917,1.2390960087403988,0.39464575896982246,0.231401873941903,0.3210423270810202,0.09174047036353365,0.16371131072565623,0.1969044475314566,0.2524266644323568,0.13358987726601035,0.21039906829242963,0.2595757163213216,0.24903951285284673,0.13323458991042259,0.22773065165128656,0.40190300746326996,0.1168331428484208,0.18190514531855492,0.17492422712372,0.19353684580336902,0.1660847431984703,0.20908087664379044,0.14211339703647027,0.12574833448843434,-0.009809089673834388,0.2390515872593547,0.11411464817394838,0.0038393241203847563,0.14984154482170392,0.10919579925234488,0.23368791807175116,0.014277258051289607,0.1988878074266063,0.23603656933195427,0.08289699705656683,0.2309247002721859,0.08218253227364902,0.2041850840880662,0.14968680550250726,0.14955889389613214,0.16038377823587888,-0.010106633398554608,0.21339890444547233,0.16615423837969445,0.07687656479537575,0.12011684267328995,0.014476450789642053,-0.017172906880730348,-0.451059145357005,0.2163220515172341,0.04769707956139739,0.004619873151310795,-0.08873670112707205,-0.16206853161492332,0.00588062189715103,0.23423302961696552
0.4240856623436429,0.30115172736997664,0.4211603850798969,0.3406047040327461,0.39464575896982246,0.7711095368343378,0.2702076702980424,0.42196134200274776,0.2684989105666266,0.1946574991243303,0.26261984584973197,0.29272165593164756,0.14884489943541016,0.2002616377332513,0.3323040220526742,0.18363194506443817,0.23281618264414872,0.2879189688700189,0.32830699806706476,0.2509384581706126,0.23584220615848395,0.22298805485314643,0.2167514018812347,0.17625947421411448,0.2834979540763069,0.29230347537238893,0.17572516615884354,0.07950828111858914,0.3912256603369639,0.21982055861650282,0.06291472929386663,0.17881344835197338,0.1036082907082343,0.31164735418238937,0.09047589731280892,0.21993326185039414,0.3865992209421818,0.16514425563262233,0.2792124771626205,0.11490672556571181,0.2338133642819193,0.2126286961845203,0.26944334859482755,0.1649786296543082,0.06254770338410705,0.29232271959986134,0.25119662632900147,0.10176447470940574,0.2610088799559531,0.06452751945650899,-0.2627954721928664,-0.12823226194134793,-0.0009384754592929032,0.011989248184707112,-0.02221308558641978,0.0008247867566396156,-0.1818848382289695,0.2653239704177436,-0.11625321365923129
0.27810167621001686,0.3510593776065502,0.33388026965931744,0.22695699744226677,0.231401873941903,0.2702076702980424,0.6018385249492011,0.21261119966246694,0.32478809858707525,0.22719300953099522,0.2473729032911883,0.386843114905209,0.12953980513670782,0.22546717698425223,0.23413874665297713,0.2638751715052763,0.18418121122599573,0.35442564389739406,0.1979477453983496,0.22322729611800415,0.23020338668813967,0.27694493466595377,0.28695737267134047,0.16884276891291927,0.2631673648837451,0.26912144110786845,0.19985382327260562,0.08826723187914037,0.3230026845360046,0.21254306852522575,0.11770750990680509,0.2062681967225226,0.11463283641114057,0.33127646007762984,0.11215870795767767,0.2829379896835256,0.306312624828984,0.16277072859191818,0.2718418736634787,0.13736436002027486,0.24039559987399986,0.19264559073170354,0.265232502445276,0.1614557251925294,0.07262558767675487,0.3064052089840686,0.2921017802552513,0.06752122101800001,0.35333772057597795,-0.023814742094765327,-0.04006118525089079,-0.04853582750532064,0.022840185358033612,-0.023898792433771514,-0.11590116973547678,0.10322462755724858,-0.15516626708610762,0.30463844127665257,-0.3090350214209405
0.404824511183771,0.48042598440139356,0.5089169806457653,0.2678175168865866,0.3210423270810202,0.42196134200274776,0.21261119966246694,0.9926915003496851,0.1362527645582031,0.3099792469499749,0.27727336732516333,0.17605120749825764,0.1514363441409621,0.27036482101929726,0.3584625643561827,0.2625296723084871,0.37395973148964834,0.41743835833870546,0.24199327049888344,0.3637090369835178,0.27347402948016025,0.21099143543866564,0.2647700600181712,0.25029391056143047,0.3215462032153758,0.33986086449748365,0.21719942717877366,0.054596215177861306,0.4545867655929344,0.37959695806522575,0.06730609953746157,0.22441588134376644,0.12180855988641942,0.35684506854191483,0.09465671987216562,0.2803146714961787,0.46598387803857155,0.21379344162454464,0.4207612276253907,0.1895097322778414,0.34184131843956644,0.2782718226809188,0.33538253231261483,0.1629410057258364,0.09255261666586913,0.3645943409199213,0.4115854403745167,0.1729301288428075,0.4981266417793226,0.21752470080661243,-0.019265395707743608,-0.25542614333392283,0.04849047937611254,-0.13081461418407744,-0.18505023272246754,-0.0626621968637644,-0.027551321902463684,0.47798519607752354,-0.26033614043619124
0.26805310155335477,0.35443384117090204,0.5727890358403859,0.11398048184473977,0.09174047036353365,0.2684989105666266,0.32478809858707525,0.1362527645582031,0.7421780099968355,0.17419488065865002,0.1625294158533682,0.2028125908531401,0.11393046580259181,0.15110674962648887,0.10934730054786924,0.08203266375252481,0.1642111820878217,0.23310508302872876,0.18880144043538094,0.1449034031942365,0.19650289663705273,0.349678600989661,0.21187153412087315,0.12803543221018904,0.11746104968702631,0.27447925596886025,0.12642280048792032,0.1250367630556906,0.18480328349417538,0.15087311610670123,0.13966414991660137,0.14663961781837995,0.1644680653423303,0.23376080483991002,0.09693043153357514,0.2034542455103092,0.20440582679092298,0.126387617042173,0.23403727700656968,0.0888411424213549,0.14189122492211145,0.13415969737314262,0.20481000111390613,0.1375885127084795,0.04133188675193631,0.1885426235128627,0.185397128961523,-0.010372850730083906,0.445031283086975,0.04243948693328511,-0.0079050569726308,0.04803440677649962,-0.04335748083871389,-0.07081081065912535,-0.023746743531286262,0.1375774277594081,-0.15752158871173624,0.10983763233394493,-0.19176765297750276
0.17753876202714786,0.5084301753097175,0.6044382791850348,0.13219796025430802,0.16371131072565623,0.1946574991243303,0.22719300953099522,0.3099792469499749,0.17419488065865002,0.8203385189473087,0.20554693424599788,0.21549194630636473,0.11035124252571193,0.1371537958012896,0.29183020991018455,0.1868666910646136,0.2619340449464076,0.3613402923627621,0.1935930699067906,0.17407163472540738,0.19110672229373735,0.18106646537978835,0.2910373188696655,0.2297855801430258,0.23869377042065898,0.1149845334087669,0.16701251991148774,0.10476798445115147,0.40502675912630187,0.3427184650338297,-0.017921995166668325,0.16782735739078858,0.08627950579417956,0.3365530693607546,0.17503251954010435,0.34416802040621186,0.32401284448815004,0.10493740527760712,0.3428504723078211,0.18878558850610413,0.34838474346054255,0.1881961650190946,0.13752692534123098,0.15017586601035432,0.012788572049584735,0.34635469711160805,0.3954261438584629,0.11521328114083915,0.3159992403410039,0.05214776284002517,0.08948254498393304,-0.13466408849079578,0.03667460496939199,-0.048154358589395166,-0.22797726128581092,-0.055296163037580455,0.03299718675109153,0.0818214284313861,0.00101483691826799
0.20840379435534206,0.32313032511867257,0.34326467408959965,0.18173270419585408,0.1969044475314566,0.26261984584973197,0.2473729032911883,0.27727336732516333,0.1625294158533682,0.20554693424599788,0.42997113720972013,0.31266109788851093,0.14140795989634597,0.20426358867211417,0.2676098012645248,0.18504188793458368,0.3049694067397904,0.26662315450275104,0.16102202537389598,0.3138921485093993,0.22105959302748623,0.1692898230412384,0.14691015580514777,0.18513106154869788,0.2414139624421042,0.26702331239925026,0.1975136349425889,0.13907518510710198,0.2984022958834946,0.16728119239516417,0.16032240912345197,0.19090531838125863,0.1492478615414449,0.2797935974555462,0.16113542183689786,0.2620860290100539,0.32372127754941316,0.18007897955128363,0.24345552409306617,0.14989472575887858,0.24677362297241515,0.22355913514118386,0.1840204620493609,0.08705843568002304,0.0924006105963322,0.33511400634014865,0.24824730947718118,0.11459678193994009,0.22921769370777328,0.046829439199919075,-0.019804945627846713,-0.052762010468813694,0.031638495336293974,-0.04195151900177661,-0.12140871189429166,0.020953829519021604,-0.08116862579230155,0.18859713994766875,-0.1525834171201254
0.2208865299183126,0.3379329512753689,0.3290179611605451,0.22980004844264654,0.2524266644323568,0.29272165593164756,0.386843114905209,0.17605120749825764,0.2028125908531401,0.21549194630636473,0.31266109788851093,0.6949182835871169,0.12433352110544967,0.28092624848028946,0.2875768362455043,0.2752528933509333,0.24776593333438698,0.38456364058082043,0.20553887147033137,0.28152779469637645,0.2442303190864816,0.22783182320940912,0.2566155808273876,0.18849518489694306,0.32987738856071375,0.3167321790718087,0.26716440634485955,0.07203891439226183,0.3251403799588702,0.1343312585643239,0.16410536746409046,0.2573253013962738,0.13327687117359846,0.33621657100049984,0.09068516211866619,0.345394790675985,0.3013240512521604,0.18221308375557993,0.23022551288242527,0.16384024409789968,0.2699128461342347,0.22995879162076804,0.2742469624092625,0.0833001451146601,0.11430051844810965,0.41779543979111017,0.28888182944547536,0.10870449412547785,0.2582676736744581,-0.1290910004083374,0.020619476091183073,-0.11240917475008644,0.07000364834345826,0.03980026048041196,-0.14830750503687426,0.0821868694561637,-0.17729651554559148,0.4342676554869296,-0.4494836206038089
0.12750147601785372,0.18677360155345377,0.18211577737817666,0.11449214598296963,0.13358987726601035,0.14884489943541016,0.12953980513670782,0.1514363441409621,0.11393046580259181,0.11035124252571193,0.14140795989634597,0.12433352110544967,0.21459159246053483,0.12216826626487538,0.09434319839960517,0.12254450389815667,0.11114652831106572,0.12990812486634654,0.12369234381662149,0.1159989549439304,0.11029573720641359,0.13066520633402484,0.061912578086526684,0.11682177921350857,0.11421200183788281,0.12017310733753005,0.11076500489458514,0.07784623493215564,0.1791591712146908,0.13141151249588098,0.006910940009847645,0.10529785765640523,0.0710490027065161,0.14232482784020473,0.10013608150046341,0.10877569565691532,0.1512613210536457,0.0680760388825714,0.13838893963916832,0.07460647556291372,0.118293415896087,0.10287000301247504,0.11919904847388353,0.0718623629528905,0.0012304516413597514,0.13797549741526116,0.12628777099191454,0.039451298193231496,0.19999443399927078,0.03140685351419703,-0.02548356787007036,-0.03842613337935321,0.005714147597198558,-0.007216290084251391,-0.02081131127157939,-0.019999073294230306,-0.0986872785757321,0.05058368592963191,0.0609864488061897
-0.007483850226074613,0.13219739034849123,0.1387040736914504,0.15716989250241398,0.21039906829242963,0.2002616377332513,0.22546717698425223,0.27036482101929726,0.15110674962648887,0.1371537958012896,0.20426358867211417,0.28092624848028946,0.12216826626487538,0.7202167403777305,0.16711743237905122,0.29527804841531363,0.23947264516923214,0.1202136962229597,0.1501057719194379,0.32456949985022004,0.1821577541958617,0.22463580442681602,0.18321465200853976,0.2920375330979619,0.24397251346179427,0.2643526002913849,0.21514503158991113,0.1406430925426463,0.2732729752572741,0.2999340828105142,0.15615224458361227,0.39844901600962523,0.11856193665698879,0.31056594696867995,0.20170545940842302,0.31014928958924454,0.2912835410692002,0.21407570730721132,0.19193763385157664,0.15537598197292116,0.29930761498604747,0.24208673071171113,0.19213335420654418,0.13245132799161133,0.05962494219536913,0.3759034886182496,0.2471378205152744,0.15242189037898218,0.5383684386906294,-0.06152595250818683,0.014948831542714678,-0.13595186113724636,0.10612699103726117,0.04616559859630576,-0.30343902458641897,0.034026120015566375,0.27654642487703196,0.25654289204250663,-0.3874716598918904
0.3027137092686097,0.6658090115634664,0.5486196937844563,0.22684967162766667,0.2595757163213216,0.3323040220526742,0.23413874665297713,0.3584625643561827,0.10934730054786924,0.29183020991018455,0.2676098012645248,0.2875768362455043,0.09434319839960517,0.16711743237905122,1.1876934293173504,0.0363420869963394,0.2446268158512849,0.3262505464394105,0.18538628882701053,0.4925347164538728,0.3343358024667245,0.04685893873070849,0.3209663806614514,0.2665034556014739,0.34395255695159266,0.19958543900150427,0.1977065735272581,0.20862856976663685,0.42311242919906994,0.5096419416278073,0.14087375216684095,0.12949892840725039,0.2527016302940686,0.38037498599119074,0.15077499044975573,0.3383493877889698,0.6223111566114737,0.25219595654570853,0.3545551983289497,0.21356840206073863,0.5287923796633617,0.28607019875308165,0.3640636586292533,0.21150736720271943,0.07339135103224463,0.4125993416918068,0.42948006338542316,0.3527898045062095,0.4351748977314222,0.030611399865111546,-0.05243742230589971,-0.09073134290991397,0.027700000057763085,-0.005414441692097202,-0.191323119931778,0.10428094479831673,-0.17409907522440096,0.26692716287494483,0.008727277158936717
-0.09307152658902472,0.09059125828745306,0.06254801399558546,0.19261556021495918,0.24903951285284673,0.18363194506443817,0.2638751715052763,0.2625296723084871,0.08203266375252481,0.1868666910646136,0.18504188793458368,0.2752528933509333,0.12254450389815667,0.29527804841531363,0.0363420869963394,1.2578999364439991,0.28456056435973537,0.3750688952351637,0.18842079971603512,0.21732681063670736,0.20637838746572898,0.593535414841501,0.48427025238397226,0.2911985609221756,0.3401966276946983,0.13617893798025613,0.3361859146802841,0.158455135657392,0.5194964238672527,0.4416613342410814,0.010701801798385414,0.36295830901055526,0.0021062114735327445,0.5237634734463292,0.3221466452554181,0.40805643346062664,0.3373546758879638,0.20757972017290754,0.3552027414916843,0.2110986437265541,0.3271516627303358,0.348130798496178,0.4320957369249706,0.3369944317405386,0.11249645952794457,0.35198638672143073,0.40497926895284875,-0.07839171389703734,0.3873056926361705,-0.11395802306980979,-0.025191202993894865,-0.11886498250013756,0.003351982371001934,0.06648245890183122,-0.12799706125839383,0.06346387680786461,-0.12226493385572353,0.30334850957649395,-0.19533348846403936
-0.047587757332004516,0.41869931205086114,0.4478934077896002,0.14215982253603837,0.13323458991042259,0.23281618264414872,0.18418121122599573,0.37395973148964834,0.1642111820878217,0.2619340449464076,0.3049694067397904,0.24776593333438698,0.11114652831106572,0.23947264516923214,0.2446268158512849,0.28456056435973537,1.0129412063548873,0.32283812494914466,0.16630973784684588,0.5202938636815737,0.30415194454293665,0.21593857599184235,0.17496527947832263,0.3375827988190275,0.3665200344983895,0.33117648662092414,0.25234325806719354,0.40138011689380126,0.38003271323400956,0.2917768270056846,0.35821739833376287,0.2569817889867519,0.3980105435882567,0.41040857290064037,0.3015069239220045,0.4174248451178926,0.735448525547815,0.319128069885334,0.301874817843853,0.2123754116688891,0.4198421416036561,0.457670294428578,0.18544756640623128,0.18715489088527992,0.24552296818966762,0.5736518437156137,0.40906098877557495,0.22842404461906765,0.19471491273479163,0.19670471252424043,0.058899524009719775,-0.23246173913766668,-0.13428707284446567,-0.11894949747314443,-0.5010250451698347,-0.0006109037484776293,0.02716650983993177,0.33001245725082595,-0.2047460313698561
0.12269071204948852,0.6925815777361084,0.4624362177667643,0.23094038521336863,0.22773065165128656,0.2879189688700189,0.35442564389739406,0.41743835833870546,0.23310508302872876,0.3613402923627621,0.26662315450275104,0.38456364058082043,0.12990812486634654,0.1202136962229597,0.3262505464394105,0.3750688952351637,0.32283812494914466,1.3592484209984341,0.21462106797097621,0.1885978751202337,0.3902282069120663,0.30127791872379905,0.4981698467777124,0.3315842346935083,0.3498694252570664,0.37373669059030157,0.17358341144603087,0.18445053801235795,0.5854997911123031,0.3535691606734032,0.09423102972356036,0.21812831440620756,0.2101129316565135,0.4811728334901908,0.04904209239465055,0.41344889908644983,0.6813896489176373,0.15514665130016875,0.3014327764065873,0.23196433279204393,0.42269387788343354,0.32856179133718966,0.577588409802261,0.1601669701186602,0.20879013411887584,0.5015331338799839,0.718681708398203,0.14544402764927028,0.2962663940409697,0.13493243113926837,0.3503711745351362,-0.4625034644340985,-0.24186447266979355,-0.10571815190477567,-0.3187365303658244,-0.012334640466729009,-0.22976593749404595,0.9717033567359608,-0.5558316494289937
0.2982305544146739,0.27037584668873976,0.2663904106025505,0.23616088934130164,0.40190300746326996,0.32830699806706476,0.1979477453983496,0.24199327049888344,0.18880144043538094,0.1935930699067906,0.16102202537389598,0.20553887147033137,0.12369234381662149,0.1501057719194379,0.18538628882701053,0.18842079971603512,0.16630973784684588,0.21462106797097621,0.687659721131382,0.1547269255544294,0.20519900415104592,0.1919754801661456,0.042431567963944955,0.1816545836298995,0.1827697732526449,0.13908344025358582,0.12877823218480217,0.13883277146065712,0.2013965895545646,0.17518960996157468,0.07007172260122785,0.1469032346594033,0.1902814387323932,0.15183061718941257,0.021433503106541747,0.18775829176808237,0.26648426929302527,0.11124963787563949,0.21432052270074547,0.07688843352891336,0.21758826589515742,0.14496777623909368,0.18476549387493543,0.058899817808834076,0.05734206666003556,0.2459429307439809,0.19583032886821639,0.07825192579812633,0.11635756317945055,0.1251496422054437,0.02017805515989157,0.01204535715107018,-0.14111907378045493,-0.07792948333957908,-0.027128254184332973,-0.04164290659899443,-0.12005992148997877,0.17955989488959584,-0.035015317463149655
-0.07261765855096633,0.7288642744833445,0.5284324949362486,0.14463008715577927,0.1168331428484208,0.2509384581706126,0.22322729611800415,0.3637090369835178,0.1449034031942365,0.17407163472540738,0.3138921485093993,0.28152779469637645,0.1159989549439304,0.32456949985022004,0.4925347164538728,0.21732681063670736,0.5202938636815737,0.1885978751202337,0.1547269255544294,1.5636783408220245,0.25796767396418957,0.14411004552017695,0.20592935999754858,0.43825806543518153,0.43549397063313466,0.3597745050290721,0.42862950662882954,0.33715509030560287,0.5067251751420434,0.7081523936364463,0.487383481074655,0.32106193129582034,0.3989049818207621,0.5663286378840557,0.2879392370737806,0.3859066652166667,1.16832354048988,0.737888466020142,0.3479858566588393,0.37822048469985087,0.8406074723220548,0.5985333716778429,0.41406814632552336,0.2189525995575014,0.12966202921319928,0.8219327934293043,0.5972107316282227,0.6795677213417711,0.9378331986607343,-0.0050689271954006635,-0.11530199259762354,0.14032781750611856,0.03203569869150843,-0.046193454693838856,-0.3931850485791223,0.02790304879831019,0.15500213297559276,0.3615077665573503,-0.20489614216677235
0.2574745869261203,0.5053460993261455,0.4141645770711047,0.17922269658913378,0.18190514531855492,0.23584220615848395,0.23020338668813967,0.27347402948016025,0.19650289663705273,0.19110672229373735,0.22105959302748623,0.2442303190864816,0.11029573720641359,0.1821577541958617,0.3343358024667245,0.20637838746572898,0.30415194454293665,0.3902282069120663,0.20519900415104592,0.25796767396418957,0.6280933970335731,0.21344578644753198,0.2579348860817572,0.24587733186143163,0.2623821113648879,0.2626397273660001,0.16693270631504123,0.25474926819867405,0.2794452060641821,0.3486802139804862,0.3635691380141424,0.18607641582387696,0.3095869762360961,0.2542263263696624,0.13318010607768366,0.39695971722431794,0.488290992039268,0.21755320082234003,0.31723411244001903,0.2132409691978593,0.5521517552819439,0.28869087955218625,0.36173818295161025,0.1869993998041133,0.18625461910281535,0.4501767413920938,0.3735444796928366,0.18597826621274624,0.20105794020199283,0.12818531208478115,0.056116246690579824,-0.1240454101395797,-0.10722410608788814,-0.05430873340225119,-0.10031444054775826,-0.0016270568352393718,-0.2766856142344531,0.3633989197305789,-0.052936558985462366
0.05734708021906522,0.17949823896589082,0.28242577001322783,0.15506213765305651,0.17492422712372,0.22298805485314643,0.27694493466595377,0.21099143543866564,0.349678600989661,0.18106646537978835,0.1692898230412384,0.22783182320940912,0.13066520633402484,0.22463580442681602,0.04685893873070849,0.593535414841501,0.21593857599184235,0.30127791872379905,0.1919754801661456,0.14411004552017695,0.21344578644753198,0.6299846350538241,0.4021003243696235,0.2150408961532709,0.23314496832001239,0.18469498005606544,0.21825082978104515,0.11313999520410419,0.3566556765641281,0.29438569724774993,0.07540011465738172,0.2620613467177531,0.09314524430095046,0.38413018944910754,0.14580288778050984,0.3396336248188719,0.257281392164714,0.15546737665107416,0.30689639132891416,0.13239822660544368,0.22879783389859182,0.22456891112777008,0.3410415313703015,0.24201262058049816,0.04176607731132232,0.28225500639578127,0.29052154872834424,-0.14736479250748413,0.4279242972308858,-0.01197884698151951,-0.007456384213082041,-0.07750483571340994,-0.02660289586083544,-0.013252257299183685,-0.07816716363208832,0.08694222145563933,-0.14626321172326737,0.2249110993193161,-0.18887504858393633
-0.21267756266316667,0.013495693798216043,0.1821752855772635,0.18526981665590633,0.19353684580336902,0.2167514018812347,0.28695737267134047,0.2647700600181712,0.21187153412087315,0.2910373188696655,0.14691015580514777,0.2566155808273876,0.061912578086526684,0.18321465200853976,0.3209663806614514,0.48427025238397226,0.17496527947832263,0.4981698467777124,0.042431567963944955,0.20592935999754858,0.2579348860817572,0.4021003243696235,1.6453990661983804,0.257250209123082,0.4157349590929362,-0.040524334912456675,0.18716972379065602,-0.14042704998363006,0.6926007427530274,0.6448014809259281,0.1355038236702824,0.2076432136191991,0.018284592404112038,0.6922380758678593,-0.12774285450239978,0.8534802951619245,0.43549071726726085,0.17268588668506898,0.5775426056269125,0.21086026866864394,0.5874778894635463,0.2551577051405494,0.49370218978154395,0.5949112897952177,-0.21062460086703072,0.5801863863114625,0.5488417481919122,0.17567470054314863,0.47316029733273895,-0.12239002173651292,0.04729873662358233,-0.38631291843395354,0.11513139977694693,0.06029058388897622,-0.23397487438064926,0.14397520717822054,-0.04428119822428174,0.24018996037859666,-0.17531546258977657
-0.350212179312511,0.37145334231623217,0.31097235196822187,0.14529598507112304,0.1660847431984703,0.17625947421411448,0.16884276891291927,0.25029391056143047,0.12803543221018904,0.2297855801430258,0.18513106154869788,0.18849518489694306,0.11682177921350857,0.2920375330979619,0.2665034556014739,0.2911985609221756,0.3375827988190275,0.3315842346935083,0.1816545836298995,0.43825806543518153,0.24587733186143163,0.2150408961532709,0.257250209123082,0.9278823418888076,0.23650145106862566,0.11508124988989973,0.2287010796019579,0.30987654545993876,0.31724833415069,0.8004589124516224,-0.08595480425187846,0.3557013121896675,0.6523461447038065,0.27667749236583644,0.05595513390278333,0.33217654880572683,0.6523696649262277,0.26240304837506595,0.3491809313178885,0.21168528082642943,0.50082144138112,0.32971956980060074,0.28177016139484834,0.20661021115659606,-0.03465346073190571,0.48373291943515256,0.5196950585066706,0.35653388666741276,0.956448779565864,0.05877683771999598,0.043617824909171085,-0.18544903846539892,0.0030039963778762235,-0.0732020307127911,-0.4647804256742838,-0.19230975038562945,0.2999598108107261,0.4577122718337687,-0.21260407735373285
0.2279668878137632,0.4324312386261803,0.3967549761387217,0.19738385688662896,0.20908087664379044,0.2834979540763069,0.2631673648837451,0.3215462032153758,0.11746104968702631,0.23869377042065898,0.2414139624421042,0.32987738856071375,0.11421200183788281,0.24397251346179427,0.34395255695159266,0.3401966276946983,0.3665200344983895,0.3498694252570664,0.1827697732526449,0.43549397063313466,0.2623821113648879,0.23314496832001239,0.4157349590929362,0.23650145106862566,1.1733361702098817,0.26882887344970496,0.27552253860520354,0.1739138739775461,0.5628363501746041,0.35053418333280256,0.34261435285842207,0.2516479759672088,0.07489058535484899,0.543131982969593,0.31566204215708155,0.5130137760318512,0.37866675196345356,0.2806272341033414,0.29639681259512507,0.1900902918277826,0.3479584597800167,0.3125330470867095,0.31618793179906707,0.21331016755122334,0.20619434540552015,0.6131102116280313,0.38523104693600807,0.06820240306283037,-0.1876394270591297,-0.2772088422964819,-0.030402445950348547,0.10631740475737826,0.07521720484695416,0.03937881256652774,-0.18529572398870642,0.021301587709257948,-0.043928688141323745,0.276864240496083,-0.2014009121012483
0.17900271572567983,0.4707914388430273,0.38961725468928204,0.16191702046533343,0.14211339703647027,0.29230347537238893,0.26912144110786845,0.33986086449748365,0.27447925596886025,0.1149845334087669,0.26702331239925026,0.3167321790718087,0.12017310733753005,0.2643526002913849,0.19958543900150427,0.13617893798025613,0.33117648662092414,0.37373669059030157,0.13908344025358582,0.3597745050290721,0.2626397273660001,0.18469498005606544,-0.040524334912456675,0.11508124988989973,0.26882887344970496,1.1524025729580403,0.17820687020287218,0.30832012623338567,0.18475526153924324,-0.046053509152133784,0.4014047752059209,0.2710750708967245,0.15485484052185816,0.3307047878289292,0.36722777953256663,0.23421870571499057,0.15249880521125697,0.23080483831679624,-0.27850906865000613,0.1451686937680685,-0.03899320686550947,0.3523161945721641,0.25401874127388163,-0.027521390195236004,0.34346012958382593,0.24705974270582207,0.13800405673476482,0.03385285306641375,-0.05873522964875081,0.011731464337833173,-0.13981613965196305,0.07800997419753512,-0.16698937143607323,0.002148017917294715,-0.13537019947581355,0.05577078219608582,-0.2170681900915178,0.40647483752017105,-0.2377478050055076
0.058343842155871184,0.2963659929291983,0.2574666701771981,0.1226941396141603,0.12574833448843434,0.17572516615884354,0.19985382327260562,0.21719942717877366,0.12642280048792032,0.16701251991148774,0.1975136349425889,0.26716440634485955,0.11076500489458514,0.21514503158991113,0.1977065735272581,0.3361859146802841,0.25234325806719354,0.17358341144603087,0.12877823218480217,0.42862950662882954,0.16693270631504123,0.21825082978104515,0.18716972379065602,0.2287010796019579,0.27552253860520354,0.17820687020287218,0.5679043672988358,0.1948302179071559,0.2512804795506962,0.2826323797119265,0.21502424890934457,0.2631433877296804,0.16049447504337444,0.3217670834823423,0.23212152783406384,0.28647232577545234,0.4122887847592166,0.2480519131866878,0.23096628149821508,0.2039807375337618,0.34293484355690546,0.26809243763177887,0.28923355777913007,0.13055886428943222,0.06268810355682732,0.46310857171759656,0.2834375207879415,0.18242703629602963,0.40160598148584237,-0.08618175895764046,-0.04875923999158091,0.05552074012171275,0.01481993745960443,0.03650503302676236,-0.13155932005142712,0.031125674701829118,0.08432381136428752,0.29477542156605013,-0.33885653199387844
-0.08029069313255825,0.36505183210980946,0.30207323028733335,0.04979540872275742,-0.009809089673834388,0.07950828111858914,0.08826723187914037,0.054596215177861306,0.1250367630556906,0.10476798445115147,0.13907518510710198,0.07203891439226183,0.07784623493215564,0.1406430925426463,0.20862856976663685,0.158455135657392,0.40138011689380126,0.18445053801235795,0.13883277146065712,0.33715509030560287,0.25474926819867405,0.11313999520410419,-0.14042704998363006,0.30987654545993876,0.1739138739775461,0.30832012623338567,0.1948302179071559,0.9945530014871655,-0.01902174879445817,0.2963151968582407,0.47687140585167387,0.18975340282311304,0.5276377677172055,0.18930950243465677,0.7305360071923575,0.2130960462315026,0.5307683956343723,0.26331902650209027,0.05949248718397122,0.2040217171382179,0.27422089555631474,0.29076418841427015,0.13215904093683242,0.2784640562478829,0.3084689596223372,0.3123731060641735,0.22839715920173848,0.19882915395308176,-0.12876966610059343,0.14188057446795743,-0.04542189275452956,0.5111003964560735,-0.5956966701376263,-0.05799108066864529,-0.18210067163332802,-0.01998144238478707,0.052044388115381104,-0.11284607721296237,0.26667594984521314
-0.06658030519573396,0.6686275887521068,0.5849138852730016,0.20889658296803776,0.2390515872593547,0.3912256603369639,0.3230026845360046,0.4545867655929344,0.18480328349417538,0.40502675912630187,0.2984022958834946,0.3251403799588702,0.1791591712146908,0.2732729752572741,0.42311242919906994,0.5194964238672527,0.38003271323400956,0.5854997911123031,0.2013965895545646,0.5067251751420434,0.2794452060641821,0.3566556765641281,0.6926007427530274,0.31724833415069,0.5628363501746041,0.18475526153924324,0.2512804795506962,-0.01902174879445817,2.1426408131765124,0.6780141070697155,-0.8627945216231916,0.31445950250467913,-0.34344530523480543,0.9425909287743525,0.1957770734644773,0.7749779899461036,0.2375512473786317,0.1291917460676781,0.553056244196232,0.3113516262832637,0.38394029201935975,0.34911376007827577,0.34525714431165255,0.10064415366845951,-0.044627045322335857,0.43037990736652526,0.6042436204056523,0.014873952646667937,1.0610308438508145,0.14880119982575707,-0.27277528207598334,-0.15901479409229063,-0.08984787929250292,0.05967370239780873,-0.44640348066060503,0.02567180287379414,-0.022683173577528973,0.2679208696798309,0.015448697182971994
0.03997071395631567,0.5106262354393909,0.47112311877704843,0.16794968954437386,0.11411464817394838,0.21982055861650282,0.21254306852522575,0.37959695806522575,0.15087311610670123,0.3427184650338297,0.16728119239516417,0.1343312585643239,0.13141151249588098,0.2999340828105142,0.5096419416278073,0.4416613342410814,0.2917768270056846,0.3535691606734032,0.17518960996157468,0.7081523936364463,0.3486802139804862,0.29438569724774993,0.6448014809259281,0.8004589124516224,0.35053418333280256,-0.046053509152133784,0.2826323797119265,0.2963151968582407,0.6780141070697155,3.1521013807026437,-0.44405113116810546,0.26728974640858977,0.243885158165135,0.17837345428580775,0.5075344907506987,0.5061830410116531,0.8830613451669994,0.4668027024883983,1.0025044566046482,0.5819945509083941,1.1254613005786012,0.46402453893653073,1.1741440739628985,0.5949157783732772,0.2692057410830467,0.5204206355305657,1.399078028091667,0.6742088015561438,1.979164780186483,-0.10728964354445251,-0.09172348764602738,-0.43585670474818455,0.22186460974146885,0.07497042480641171,-0.22965460025150614,-0.0830808108929491,0.0814798498921494,1.4492000172734822,-1.1735842892628798
0.4651344854688492,0.23880783389079618,0.262069793625074,0.07504628794213741,0.0038393241203847563,0.06291472929386663,0.11770750990680509,0.06730609953746157,0.13966414991660137,-0.017921995166668325,0.16032240912345197,0.16410536746409046,0.006910940009847645,0.15615224458361227,0.14087375216684095,0.010701801798385414,0.35821739833376287,0.09423102972356036,0.07007172260122785,0.487383481074655,0.3635691380141424,0.07540011465738172,0.1355038236702824,-0.08595480425187846,0.34261435285842207,0.4014047752059209,0.21502424890934457,0.47687140585167387,-0.8627945216231916,-0.44405113116810546,3.4972742834685704,0.25041928234437033,0.5869475519857748,-0.04196650706555742,0.1479179017557689,0.7139338549376508,0.7541975752690873,0.4905471104856879,-0.14081510660119936,-0.03322993790360678,0.42595841096408565,0.29643006153271484,-0.09886088478582596,0.13393105806471395,0.4979915809337309,1.0952601133266269,0.0033005593371840274,0.08588989177517287,-2.132624374333515,0.21768699755230675,0.10325498690827234,0.5021075070446156,-0.41094202009919156,-0.13442553149004344,0.13095850605114787,0.0646547777411618,0.09128338793418371,-0.05191893882461963,-0.21021115064524037
-0.12872673820211594,0.16910792941572825,0.18855794844123278,0.11361376092012145,0.14984154482170392,0.17881344835197338,0.2062681967225226,0.22441588134376644,0.14663961781837995,0.16782735739078858,0.19090531838125863,0.2573253013962738,0.10529785765640523,0.39844901600962523,0.12949892840725039,0.36295830901055526,0.2569817889867519,0.21812831440620756,0.1469032346594033,0.32106193129582034,0.18607641582387696,0.2620613467177531,0.2076432136191991,0.3557013121896675,0.2516479759672088,0.2710750708967245,0.2631433877296804,0.18975340282311304,0.31445950250467913,0.26728974640858977,0.25041928234437033,0.6312884863036624,0.09348340743787532,0.3398367460631244,0.1910642454143043,0.39535203995773277,0.22140864329345872,0.22412363768279997,0.17894748073783867,0.16953774889947706,0.2807219151544071,0.2659484724350766,0.07682338610654683,0.10956379268981205,0.09594493135928023,0.5138144312137396,0.2927094181705027,0.08930343907960758,0.3204506408250574,-0.020440656948141376,0.04396874833431072,0.036224773091287105,-0.12199504688315904,0.031212042345762823,-0.4245093343629589,0.013680164574110894,0.7051662942360054,0.13729283979124884,-0.6060687495688645
0.027147734251644413,0.4066480639941318,0.3112444455512939,0.11809910800621697,0.10919579925234488,0.1036082907082343,0.11463283641114057,0.12180855988641942,0.1644680653423303,0.08627950579417956,0.1492478615414449,0.13327687117359846,0.0710490027065161,0.11856193665698879,0.2527016302940686,0.0021062114735327445,0.3980105435882567,0.2101129316565135,0.1902814387323932,0.3989049818207621,0.3095869762360961,0.09314524430095046,0.018284592404112038,0.6523461447038065,0.07489058535484899,0.15485484052185816,0.16049447504337444,0.5276377677172055,-0.34344530523480543,0.243885158165135,0.5869475519857748,0.09348340743787532,1.9285781535554394,-0.23784600247077284,-0.6488684944662421,0.20058234180592652,1.0582982337335094,0.3066697294429627,0.0936559837356365,-0.09857531294461752,0.4448544678480643,0.2732580258457238,0.09917382776172562,0.14215687104145452,-0.19486403116769674,0.5679682234382404,0.2452415074479915,0.48883924477508384,0.5643851564559004,0.37929184130534194,0.0005279575464808819,-0.16610802799864446,-0.06346159479034592,-0.2958006827575787,-0.2015130634229662,-0.02031230286071873,-0.11279621306575245,0.15733224100490498,0.12762613997090017
-1.0391880158898614,0.3524114703264504,0.3533796204657481,0.17813928732553028,0.23368791807175116,0.31164735418238937,0.33127646007762984,0.35684506854191483,0.23376080483991002,0.3365530693607546,0.2797935974555462,0.33621657100049984,0.14232482784020473,0.31056594696867995,0.38037498599119074,0.5237634734463292,0.41040857290064037,0.4811728334901908,0.15183061718941257,0.5663286378840557,0.2542263263696624,0.38413018944910754,0.6922380758678593,0.27667749236583644,0.543131982969593,0.3307047878289292,0.3217670834823423,0.18930950243465677,0.9425909287743525,0.17837345428580775,-0.04196650706555742,0.3398367460631244,-0.23784600247077284,2.380738945540827,0.5811302584163526,0.564688736298418,0.9455443961128361,0.21206362066823783,0.35599586125830984,0.100773944716731,0.3195832502890473,0.526944789363306,0.46081372119943215,0.4271314770300924,-0.009098905494680476,0.42365846396604256,0.5493351927069486,0.0752613244648197,0.3646255455729985,-0.24324468730772877,-0.04427249283781626,0.010994084042762343,-0.0429242854482907,0.008488636057734639,-0.6374759503692926,0.19281045066165578,0.006476566737756653,-0.046047338293306636,0.4237412198377123
