0.3437745157929779,0.07931548318990342,0.14750554255028778,0.024578187780047188,0.06421809384253828,0.04035068627746853,0.05390501769612835,0.02709811079299672,0.05550981140306024,0.03432389924136458,0.03580383993927356,0.05092149988540515,0.014484297534520088,0.04615605626181658,0.042682100119619495,0.03443325136835092,0.018323953706568037,0.04702166464941217,0.020536822156681792,0.011985562835152484,0.043048633298851884,0.06151939550722657,0.030851652868636514,0.021396069081994266,0.039914022646593474,0.02583311699953757,0.024416076003086845,0.006836747631642725,0.036115724143943755,-0.0021263008758888565,0.0391785375097038,0.03858945204687894,0.022866611044117243,-0.01750197390595781,6.26883740823534e-5,0.02260154312136002,0.009927173712261626,0.07599579625905496,0.025415523380044918,0.0047388033890971,0.03705157469743009,0.028804067407649944,0.032821037966756145,0.05852751587576501,0.04798552264798124,0.05159000546456732,0.04249639764782981,-0.0062604703731195315,-0.007534339569203712,-0.016677482647791515,0.01124606736098224,0.010589524534359048,0.025951534819646998,-0.01437188907435804,0.050665761946858984,-0.002672028001568269,0.012735533475149607,0.01139101019886637,-0.037744664396643944
0.07931548318990342,1.5096367807314528,0.41395075936504994,-0.1383493025975283,0.048958349635219424,0.18024041447616937,0.05498881667315854,0.12914408884535725,0.12234729877635048,0.05974388948517326,0.11977428848201663,0.08130007517829729,0.04507466851472842,0.046674955815783126,0.19467293256940918,0.04149178419579668,0.11475817359590713,0.21391923615915343,0.005673363281378277,0.12936198280622588,0.14175826762007715,0.07192426877579412,-0.10398261159220082,0.01718361598481321,0.08249959925960715,0.16412984271484857,0.09739181398226592,0.17124025544750204,0.1627759649754101,-0.07302885706906172,0.016714234254107608,0.059421221187438075,0.11148959764772229,0.15086295892709187,0.0989772300697508,0.03812605744328174,0.19799386812346403,0.13935493521057363,-0.03168841275585845,-0.00530914361189888,0.055044787178307936,0.08936831936928272,0.1472026721911123,0.02243153598530153,0.21297201986251355,0.12971959996951146,0.09739515586443492,-0.0004958102510711417,-0.1295934560329769,-0.1714686657204928,0.24017429723983497,0.20092684741745415,-0.11448227737155034,-0.10033705835645773,-0.3560372945914039,-0.07091414073820596,-0.1211187381353832,0.2804221447051219,0.16831567038124273
0.14750554255028778,0.41395075936504994,1.553269590030033,0.10709664902586634,-0.1429645950743623,0.1647663940586906,0.11437293783909226,0.2327378315662496,0.3187137922478222,0.22447884405936516,0.19725813603112965,0.13096130581244705,0.04256669710861961,0.08150176094413081,0.17976705546257862,0.06646561654234626,0.24498558022387454,0.1138989354163538,0.20013047894045544,0.1398775454133505,0.11679735040474758,0.2744490631100411,0.0326050057172195,0.12358792162261636,0.15728407447083467,0.1532036586164673,0.092150809871012,0.10065572670574514,0.21609951804063526,-0.38855535748622616,0.13821546361225356,0.09720008866271548,0.19090483724777982,0.28528312529029237,0.05607210916333235,0.16042722752349192,0.17378960307642002,0.29411080609848,0.12688928713526954,-0.21057340673105346,0.10768498580843415,0.1450130312865686,0.08533379298456727,0.14589599150408009,0.2269874916156526,0.348187135172946,0.21555650114034253,-0.026606852533370903,-0.20399651243481878,-0.042658814500517464,0.028336112808244572,0.23340737482205592,0.08748319145186378,-0.24753285268979733,-0.12921038973576982,0.12517564681661128,-0.03716971521414756,0.02124058572596516,-0.24104993513830844
0.024578187780047188,-0.1383493025975283,0.10709664902586634,1.7106978373449035,0.3423235761259711,0.2644338272469525,0.2517993380624462,0.2130045723338149,0.07454127163800349,0.21493996217483632,0.163725323772797,0.2949344249282124,0.06206821812260878,0.2854225271743572,0.12534284631980971,0.24204651188558335,0.1626673712635591,0.20472606776282842,0.00886659930819651,0.07050149623165786,0.2039911751536133,0.2436236894953061,0.2022236976934389,0.08151994176904515,0.16989735363450162,0.10740102918393267,0.08835025472972247,0.01757842141503828,0.14346938967378747,-0.04664482677492324,0.09648163249049686,0.17637294965195394,0.12204584119746834,0.24665462046875936,-0.04687924866168065,0.19943665707283206,0.090053962477422,0.13940893466752952,0.14409583507755994,0.08694301123207161,-0.009863043847163527,0.121717799335091,0.03797028821204797,0.13944822214596214,0.012473230183974709,0.10958781815415176,0.17144330789166182,-0.0004624361737077154,0.08261894141070396,-0.04215438037364644,0.007853298017829894,0.18059473980701174,0.02501160661791471,-0.11498177471591967,-0.34321863480487314,0.0730976030461407,-0.050288489706798584,0.33933263180710566,-0.28352215361246796
0.06421809384253828,0.048958349635219424,-0.1429645950743623,0.3423235761259711,1.3877543084402897,0.2132816558576524,0.10398775288201942,0.17301023052577139,0.01294288919559633,0.10540654242370312,0.1164464091896414,0.1868479093177654,0.07565741049613703,0.14471872347036502,0.13576318745329213,0.1791200062725434,0.05165188389226438,0.14485359627115238,0.058685280818943905,0.09911919894569536,0.08406577198612374,0.1049577759204193,0.1205393245016998,0.08169277986475339,0.094566709099173,0.17176833334993863,0.054154249146653025,-0.03447585700869178,0.11019207236676237,-0.05410716661197032,0.09149028400295346,0.14519193780099257,0.07284459629089371,0.14024978759685905,-0.11570154946343436,0.15211604844530202,0.026695436273237082,0.010686786039890104,0.10882355361666636,0.08616533363833971,-0.02183038023675714,0.14300885613776998,-0.11712619218473462,0.020402049743378746,-0.08548413940257657,0.04811627044117171,0.07287279332859524,0.015528523559325352,0.04108073000583311,0.025221288515454476,0.10673928643352405,0.08502570636765117,0.015131734446020168,-0.09053786294553516,-0.005990698138217675,-0.08567425900148311,-0.047426479677815055,0.12870009925501408,0.1138996010952755
0.04035068627746853,0.18024041447616937,0.1647663940586906,0.2644338272469525,0.2132816558576524,0.5976155904271453,0.07068106183217412,0.24110993638057077,0.0566431355706972,0.13487730786902605,0.16579330040213325,0.14801052424775893,0.07230558396581026,0.16873894829539152,0.1896727960422422,0.1569387489254803,0.18232803849982998,0.15754192044189383,0.1544620719399913,0.20696921747837654,0.26677483342938335,0.2488982910842181,0.04982871950053988,0.12446408288470817,0.15437977221880392,0.16836182977748254,0.11690898217432849,0.09269517720383387,0.2101896276485912,-0.003716563423908256,0.1103210952452053,0.17636333608675558,0.030680492717272745,0.20853564072585923,0.08630777926316341,0.05357228968835513,0.18891450868195886,0.213098845151095,0.2186542001876697,0.08888102741706146,-0.016772087494764838,0.14825196586340153,0.2029883948290622,0.1762542481732625,0.20412201654521864,0.07607198787683693,0.20790646808297128,-0.011865448950325775,0.018461761020198572,0.0880786036489868,-0.1917955875097557,0.11762691497474069,-0.03892900158056841,-0.049649822465836775,-0.11152095486910382,-0.02525224485547902,-0.0315864872071502,0.15450772177137614,0.01269108777347299
0.05390501769612835,0.05498881667315854,0.11437293783909226,0.2517993380624462,0.10398775288201942,0.07068106183217412,0.39876348520906263,0.05040574646090149,0.16527680146819482,0.10845559940322975,0.11650549753523033,0.2373064140141888,0.04799692624713378,0.0962002299854266,0.07375500003454166,0.12069839760622182,0.12723696079897703,0.1422261633281676,0.08488352302489985,0.05501638518485591,0.1795258303233686,0.18684404791940507,0.1352076395245996,0.08322428267750503,0.11058967287783737,0.04549427774139399,0.08773202793691427,0.03541562182305118,0.07932586686176811,0.011274803704003076,0.09915276267793104,0.11686125010615986,0.13317869492769147,0.14599526250041558,-0.01670052814866749,0.11345642357488127,0.09918434603297532,0.1139587669461454,0.11980912551957318,0.057891557264375365,0.03407444751358375,0.08399689246045032,0.06381382337798774,0.10709348655953398,0.04317087269100826,0.09481604650135145,0.1435247308806853,-0.003127970653873849,0.0855748037333292,-0.02666702482498985,0.015616100555301703,0.04688918046796797,0.01136260221952119,-0.08008936486394387,-0.024797323044216654,0.07801688239475463,-0.04475801766668401,0.026108796049119764,-0.078903629145035
0.02709811079299672,0.12914408884535725,0.2327378315662496,0.2130045723338149,0.17301023052577139,0.24110993638057077,0.05040574646090149,0.7115981884424359,-0.07492228215029159,0.130183992616646,0.1583507220849916,-0.0319239384360229,0.09336910995822076,0.1746153028491662,0.13091270600644306,0.13146139428175144,0.23962556133850857,0.14685562976608774,0.11402641203361719,0.14092491776711302,0.14464240631494474,0.15869185797389682,0.042243814520969356,0.041493204340590555,0.14209409309006973,0.15491217560821002,0.08440543899843322,0.015746435672327516,0.1535179264513065,0.07694677434548093,0.06487063499289188,0.09456745471725142,0.05823767087437083,0.18241625433169126,0.09372980600598302,0.09477533872568539,0.15672684939655093,0.13969877991035154,0.15443714786891424,0.008887655713862377,0.03844533474487176,0.10745278795808284,0.12099887966040827,0.09024553133348169,0.13316666155247678,0.12513845269002422,0.14584147742703488,-0.0029253040481759837,0.0033329443321762175,0.023601577441747356,-0.04978240500116867,0.08164052330076269,0.07521286702802951,-0.11546811364845039,-0.17788792774894582,-0.07756442293174483,-0.03275856017922112,0.3222267953701722,-0.06592195002121672
0.05550981140306024,0.12234729877635048,0.3187137922478222,0.07454127163800349,0.01294288919559633,0.0566431355706972,0.16527680146819482,-0.07492228215029159,0.7939624434362815,-0.010772757667859779,0.0653063601013186,0.11951218300351152,0.03387086875868188,0.09692030488949915,0.14452545011356346,0.047203912707458835,0.10923099542225077,0.06803077408623366,0.012243980713104018,-0.015448417423761435,0.14615669333605277,0.15864120689361177,0.17896206166503315,0.14160970798687803,0.08299417396080304,0.08482012087762683,0.06520018622816987,0.06581782513123091,0.046506456091430295,-0.043783288531998386,0.10921330385890167,0.05772340224699664,0.16554476790822129,0.15008023039598475,-0.02231345553067072,0.12535549580135413,0.0019311615320999666,0.13131712407232368,0.009150181551401845,0.026155569874484193,0.049587776190522,0.06489310259259284,-0.01965831806245244,0.1803196087777557,-0.0044144674911308366,0.11611581590598904,0.09625189019187173,0.0029439615699732953,0.10040813198428218,-0.22970626547518305,0.13028723888762245,-0.017233133563596292,0.15610340468627637,-0.019722286663279166,0.056559899302887594,0.22703321523041306,-0.08043090054897853,-0.10433088124015501,-0.16648993844102303
0.03432389924136458,0.05974388948517326,0.22447884405936516,0.21493996217483632,0.10540654242370312,0.13487730786902605,0.10845559940322975,0.130183992616646,-0.010772757667859779,0.5075051276450242,0.13690559314528455,0.13050941926765944,0.05676042904312106,0.12725555143002587,0.11459503824005397,0.11354936910856485,0.17621119967146784,0.10919598616170069,0.04481557296545977,0.12925831928044051,0.07508346820922562,0.10694179381114773,0.05713211667726015,0.11433112052646827,0.12251494999666664,0.07673440175293571,0.1120068517130913,0.06458151654862938,0.16659742010504924,-0.05815711212935221,0.09984827298644351,0.09022395933754976,0.06056915192815502,0.1601487733793982,0.08319339733827631,0.09571796115252874,0.13168229124914005,0.08796642908656815,0.10025736249259129,0.04575418398474263,0.12358822292049063,0.08207807143441893,0.09869840541381131,0.0681104645606726,0.043178667663168115,0.1008866502497347,0.19559825452433888,-0.006034587611280524,0.00958276889734048,0.00125263277409903,-0.05663382469457371,0.07448151421688506,0.007856708899060524,-0.020980451095347703,0.08371783476429646,0.05643079476252129,0.008905066680427277,-0.11275972279910386,-0.02892388627913322
0.03580383993927356,0.11977428848201663,0.19725813603112965,0.163725323772797,0.1164464091896414,0.16579330040213325,0.11650549753523033,0.1583507220849916,0.0653063601013186,0.13690559314528455,0.35405498968546484,0.17310263866136263,0.07052041329403315,0.10682510640281791,0.16495239263562456,0.12150904879331488,0.238087804586797,0.10086826960184682,0.059504339341909455,0.14376318925113768,0.10277631139376302,0.11531948070154245,0.08257481446729613,0.0999990725899823,0.1274778643554004,0.09396938397862074,0.125048248067809,0.0582255573072057,0.15758900536318066,-0.0438750315007047,0.10549657124859103,0.10711097854735926,0.08715763132180247,0.14308108668282066,0.0920135887005982,0.13303599372941438,0.1128804336447298,0.10579200693420644,0.10294832484428622,0.05022903756510345,0.056054082766298724,0.10741212299302991,0.085914173615936,0.06712342303994609,0.03886315842419768,0.1075004328244717,0.12839154294442812,0.004442912557538287,0.003587210655270801,-0.058121323183093467,-0.027330275013657687,0.07438353525454668,0.08873058485189612,-0.05234788384078236,-0.11508094253984653,0.015051211542483189,-0.015739860232021407,0.09915963367474183,-0.08817152728074858
0.05092149988540515,0.08130007517829729,0.13096130581244705,0.2949344249282124,0.1868479093177654,0.14801052424775893,0.2373064140141888,-0.0319239384360229,0.11951218300351152,0.13050941926765944,0.17310263866136263,0.6747094774238191,0.04340164912618644,0.15200526527539157,0.08274631235874604,0.20259379074020234,0.11125191367996344,0.18921378830871835,0.09092622666429773,0.06208658963361873,0.16110496103355418,0.16252952204484142,0.14039797161233203,0.07927182704057766,0.1369719447549295,0.08721851005445448,0.16281916836303817,-0.006513856933347021,0.09790713426886555,-0.07966202123127694,0.09495642578822142,0.18652606839151561,0.07566270351015045,0.12117910185704979,0.022331993830792245,0.1492836477722327,0.05675528199475128,0.11462542753072222,0.11884800706373984,0.11214717060036308,0.015912397897104247,0.10660459532908358,0.12950449723316912,0.06203748495139349,0.08969983832064152,0.09324715786622863,0.1241431418651646,-0.004048559856171218,0.016640113621562678,0.004824829496401837,0.01797511980456631,0.02395942335552154,0.015639199139405983,-0.02342272302219042,-0.06258215844922688,0.049622493558697564,-0.0695079249078618,0.10375262479602718,-0.08461160419069658
0.014484297534520088,0.04507466851472842,0.04256669710861961,0.06206821812260878,0.07565741049613703,0.07230558396581026,0.04799692624713378,0.09336910995822076,0.03387086875868188,0.05676042904312106,0.07052041329403315,0.04340164912618644,0.1817431118537041,0.06550413064102036,0.029245858592440707,0.0712838195739898,0.06801943370671336,0.057285580800056475,0.04531178131813455,0.018061460681725806,0.04746321361658893,0.07483751330716154,0.0567582935779861,0.05074973212353,0.06258010423606587,0.059950234413349075,0.06288155804379696,0.04212333875897798,0.09658398988911134,0.024068796687289753,0.029521722566213743,0.068110294810263,0.03842426754729091,0.057372272519001975,0.05837763649260576,0.05594568221386483,0.03120929856015171,0.031147524185709603,0.046684629820344624,0.029094822100031784,0.056473522220274554,0.048179138821283676,0.04726255276327783,0.06943360332048783,-0.020373462622142662,0.042984500955078754,0.043599171884607844,-0.0036421417294754672,0.028442813990304263,0.0222912712129993,-0.0013371519533581632,0.0005193918575188936,-0.01471702040393356,-0.011931895737486297,-0.01437209526748258,-0.020335067898735747,-0.008322540635935108,-0.00561475877287733,0.04395791063825659
0.04615605626181658,0.046674955815783126,0.08150176094413081,0.2854225271743572,0.14471872347036502,0.16873894829539152,0.0962002299854266,0.1746153028491662,0.09692030488949915,0.12725555143002587,0.10682510640281791,0.15200526527539157,0.06550413064102036,0.5337179994993305,0.12440948723843935,0.26643485260011546,0.1316750835106332,0.10541762272310216,0.03897688806943733,0.04100997243029901,0.10416228679150012,0.2266375328386497,0.14546769177126925,0.10318873283026389,0.10691250197280631,0.10514765175487494,0.026316871038000143,0.06681650237983369,0.08274622986422292,0.07445723079962319,0.08254583242383846,0.09709896841088493,0.009539542684770958,0.11678281929989118,0.11832663429769265,0.1617816072774084,0.060026624580147965,0.12577072473696366,0.09492514438686273,0.08744461330901176,0.11156760021139335,0.109189870587836,0.005515939115208952,0.19651836030085576,0.04992800332088567,0.06558252478815114,0.08808860983480174,-0.015457683821368874,0.088535210914484,-0.09846620394180176,0.05001521085774168,-0.046883864532706127,0.07285652661103965,0.04796939636672946,-0.15411212991039153,0.042656173105229594,-0.1370123287161202,0.16490805136041561,-0.022628638586574313
0.042682100119619495,0.19467293256940918,0.17976705546257862,0.12534284631980971,0.13576318745329213,0.1896727960422422,0.07375500003454166,0.13091270600644306,0.14452545011356346,0.11459503824005397,0.16495239263562456,0.08274631235874604,0.029245858592440707,0.12440948723843935,0.7445273568955828,0.13920346238806525,0.20332304143270324,0.08577827188172522,0.057417952396764387,0.16963750287818838,0.029283256780079495,0.16461474630068174,0.10909904291572346,0.14109349711304353,0.14641579137268304,0.1361915449472376,0.11408165499431082,0.15295616789194663,0.14177335652321388,0.014422049283409445,0.1377408555893718,0.06149983190778427,0.09546620790500779,0.19047066568676715,0.09161255045572023,0.1316133268505443,0.1858795973701831,0.13658857027070298,0.09581914063170317,0.010489146111285782,0.10874406365667545,0.13761070333156675,0.07297055214813006,0.10147340043363767,-0.003344805117873696,0.08061960611738991,0.13369428743348005,0.0005279426062755605,0.08483287301916569,0.04359968722917684,-0.1497859025536075,0.27747286649266373,-0.10855748183912509,-0.02222707764306919,-0.08256134955156959,0.13282899640513973,-0.12340497519882605,0.06200940169619052,-0.056511599102578775
0.03443325136835092,0.04149178419579668,0.06646561654234626,0.24204651188558335,0.1791200062725434,0.1569387489254803,0.12069839760622182,0.13146139428175144,0.047203912707458835,0.11354936910856485,0.12150904879331488,0.20259379074020234,0.0712838195739898,0.26643485260011546,0.13920346238806525,0.45125425259040136,0.1462093761552478,0.10768917085077769,0.12015251335630174,0.0656410542152265,0.09244638402225826,0.2361931824044185,0.12092642116702257,0.1017779211087685,0.12875926681396221,0.08369665197446305,0.11171200608905799,0.08500009751424994,0.13401058292835957,0.07607260040475815,0.09740687917507267,0.1500308835161851,0.0542460784182737,0.12764923145835674,0.13966315036582183,0.15816794944965257,0.06689565186854168,0.14420258415742387,0.12940072856659796,0.09579846638802116,0.1120748882540754,0.1641445450058021,0.09104208790787977,0.1644775114563936,0.05187993257901798,0.0780088772670746,0.11711126247079975,-0.008777848596686405,0.09220909779771523,-0.04563954137306475,-0.01651726621858903,0.03945647538535794,0.048550576529774875,-0.006620524347073299,-0.1179486866970606,0.053939530290555114,-0.10213203271758983,0.13113463582669868,-0.05779716609736621
0.018323953706568037,0.11475817359590713,0.24498558022387454,0.1626673712635591,0.05165188389226438,0.18232803849982998,0.12723696079897703,0.23962556133850857,0.10923099542225077,0.17621119967146784,0.238087804586797,0.11125191367996344,0.06801943370671336,0.1316750835106332,0.20332304143270324,0.1462093761552478,0.9827351174385154,-0.027028935832434365,0.12796421965180524,0.2665177161114536,0.09349267536019484,0.17699651549423748,0.10894936378549266,0.10086960187201427,0.19504650540781038,-0.13201326824197818,0.17179375966011365,0.11004248268244142,0.24918017094672318,-0.03139433587093565,0.133769241507232,0.07994907312234878,0.21393926899148474,0.2377187244954604,0.07778346892744091,0.12586253467563138,0.34469497980593355,0.18044360910895368,0.16282649103942848,0.04868712003873426,0.05462073505679328,0.12752652738986614,0.1603378843535089,0.10308451800853112,0.042205548008748456,0.14101506601553376,0.314337692178349,0.009283328724499034,0.03562288419092745,-0.02092874818723216,-0.015363004003330632,0.02597537114965526,0.05944648378356077,-0.09647508102789398,-0.0880268485252025,0.019135552743530113,-0.033338807651177166,0.09690573125475027,-0.13630840338309483
0.04702166464941217,0.21391923615915343,0.1138989354163538,0.20472606776282842,0.14485359627115238,0.15754192044189383,0.1422261633281676,0.14685562976608774,0.06803077408623366,0.10919598616170069,0.10086826960184682,0.18921378830871835,0.057285580800056475,0.10541762272310216,0.08577827188172522,0.10768917085077769,-0.027028935832434365,0.9083498010411813,0.14311328952808142,-0.26715087045149744,0.18611726628770053,0.28882088812361656,0.23742361323625683,0.0903606030843863,0.08501186569091566,0.2619981913308686,0.033144205332321715,0.15164147623038648,0.06416909485164536,-0.03349109888209367,0.040082336183590875,0.09529776326448536,0.04578163379002317,0.06181426293485746,0.0681422710922969,0.07015509074192873,0.09238534909421799,0.08359271630297628,0.06255570209553736,0.11540557941064042,0.12215976404271763,0.009301692319354076,0.31250016110193135,0.21184278431529288,0.19313945325962242,0.07778564696069289,0.0470477876983455,-0.04346616118753762,-0.015744820178363185,0.008787070638500528,0.2670202157008171,-0.10114879536142135,-0.22469656736097865,-0.023184756949273987,-0.19029779224055093,-0.01620597224576662,-0.09181071720110796,0.2128108159409889,0.07441326985244907
0.020536822156681792,0.005673363281378277,0.20013047894045544,0.00886659930819651,0.058685280818943905,0.1544620719399913,0.08488352302489985,0.11402641203361719,0.012243980713104018,0.04481557296545977,0.059504339341909455,0.09092622666429773,0.04531178131813455,0.03897688806943733,0.057417952396764387,0.12015251335630174,0.12796421965180524,0.14311328952808142,1.0646753175711121,0.0598062217532205,0.12132459220482232,0.37062851209964187,-0.2140479763215123,0.028712695383671553,-0.015369053699537876,-0.04003488374615599,0.02700260780789599,0.10393341779709894,-0.02531390345296781,0.13408826935663287,0.09523023924192296,0.14293112864036028,0.11021426509655811,0.030130276896783697,0.013340167570500982,0.0921842042922367,0.22506758648638894,0.129903197822759,0.3027686280760493,-0.07813327337021193,-0.019681067453473824,0.09941533101845543,0.04173732246923571,-0.015316986940908795,0.24705542946511821,0.10529852140566011,0.13740347212514065,-0.029211498541229536,0.08398979890199326,0.3270477399759856,-0.004453630321564262,-0.0837128750910839,-0.1570604823924862,-0.1454302740999371,-0.11126700875738083,-0.02664690498998545,0.001553235647301235,0.09142751356552782,-0.04572735169139758
0.011985562835152484,0.12936198280622588,0.1398775454133505,0.07050149623165786,0.09911919894569536,0.20696921747837654,0.05501638518485591,0.14092491776711302,-0.015448417423761435,0.12925831928044051,0.14376318925113768,0.06208658963361873,0.018061460681725806,0.04100997243029901,0.16963750287818838,0.0656410542152265,0.2665177161114536,-0.26715087045149744,0.0598062217532205,1.0635065421887053,0.10528697743749953,-0.19895867831242534,-0.1446739489969778,0.04478152236647232,0.12027982051408359,0.2698763112706938,0.24158323852509667,0.18575266411895686,0.23583472823111284,-0.023828182287332522,0.21318322896160288,0.12400935901439146,0.22044421057646765,0.2915115483560673,0.17563508747097423,-0.04780347806904761,0.4719462690413003,0.33179753128756095,0.32469712412865315,0.2202846094791794,0.12036588163770223,0.26889213460160216,0.5347613172011173,-0.10317815323571816,0.5144993146766247,0.11919656956150554,0.3759360251919881,0.08810374646227484,0.04235982632884332,0.12615065293249272,-0.2971338761449325,0.255014819108781,0.04768620684873968,-0.07321495778536129,0.049459103818055176,-0.04202657163809714,0.055260155900174725,-0.013689466378383244,-0.02573594101743759
0.043048633298851884,0.14175826762007715,0.11679735040474758,0.2039911751536133,0.08406577198612374,0.26677483342938335,0.1795258303233686,0.14464240631494474,0.14615669333605277,0.07508346820922562,0.10277631139376302,0.16110496103355418,0.04746321361658893,0.10416228679150012,0.029283256780079495,0.09244638402225826,0.09349267536019484,0.18611726628770053,0.12132459220482232,0.10528697743749953,1.0629683096568407,-0.11791920268011344,-0.010713526259990197,-0.06507530152828844,0.12045803782464976,-0.2685530255758092,0.040174659299541976,0.14987005918008364,0.06680069098643905,0.24481193858649672,0.06306528453708433,0.10795815436753664,-0.02744286927180939,0.18095565509913222,0.35331487974941245,-0.02845898960078283,0.3270501391375769,0.19107873015579332,0.08354802569355291,0.17430347500823457,0.058033013688644865,0.10154000353215294,0.22834203369795128,0.24590633845745494,0.5703163733998172,0.04542911448280638,0.2778287816130226,0.030872634078216783,-0.31638390778639736,-0.10410020918645457,0.03464434075150437,0.022569897910829594,0.06142738510812739,-0.0028731882995433615,-0.21460781712863078,-0.041467284624607505,-0.03349392370155596,0.16972228112094867,-0.12919666493829834
0.06151939550722657,0.07192426877579412,0.2744490631100411,0.2436236894953061,0.1049577759204193,0.2488982910842181,0.18684404791940507,0.15869185797389682,0.15864120689361177,0.10694179381114773,0.11531948070154245,0.16252952204484142,0.07483751330716154,0.2266375328386497,0.16461474630068174,0.2361931824044185,0.17699651549423748,0.28882088812361656,0.37062851209964187,-0.19895867831242534,-0.11791920268011344,1.5918249906687822,0.24853251223856407,0.05503947737700324,0.19169889844566515,0.1952313283688447,0.08811371896674593,0.05768833175192965,0.05238097064335781,-0.051926641263391526,0.2397758375733888,0.35795380289880707,0.23755948213800557,0.3323476624868736,-0.03777333335215966,0.0633037693083163,0.017910344946115174,0.4405898529013517,0.5006964118866651,-0.01078919065736513,0.12781304039375865,0.2078494545530917,0.0932165538860403,0.4450388023872146,-0.2577189275743142,0.25503525926800463,0.32058733182129856,-0.18915147296866966,0.9462757123567728,0.12889415596595,-0.024986575065069835,-0.019702612239744184,-0.0332964665521963,-0.16360578068071727,-0.15813705287115035,0.09363489110757668,-0.07526184664254881,0.24279843553635447,-0.1226740164024159
0.030851652868636514,-0.10398261159220082,0.0326050057172195,0.2022236976934389,0.1205393245016998,0.04982871950053988,0.1352076395245996,0.042243814520969356,0.17896206166503315,0.05713211667726015,0.08257481446729613,0.14039797161233203,0.0567582935779861,0.14546769177126925,0.10909904291572346,0.12092642116702257,0.10894936378549266,0.23742361323625683,-0.2140479763215123,-0.1446739489969778,-0.010713526259990197,0.24853251223856407,1.6193001230116848,0.1396090265939048,0.29208406599106235,-0.20335888915223677,0.051364997895422745,-0.18281601959241514,0.19496638496795093,0.026480565000490754,0.20643248132427464,-0.042737533043446435,0.14746450161565877,0.3268941058510415,-0.14650325798575972,0.4613765037180342,0.1033006493937771,0.12020843820617093,0.21439683730512699,0.24875392508117117,0.09045794909914236,-0.03059580972508558,0.05255386205433197,0.6499749564148096,-0.424293296988816,0.14537631931688305,0.11738641030137616,0.03167043364733109,0.04694700497184743,-0.21026022890997917,0.07498933658409146,-0.017125335479061643,0.1617095782218785,-0.037431343554125966,0.009484512409686476,0.1320298896294496,-0.14766150583210863,-0.03081951044318857,0.0372163705194535
0.021396069081994266,0.01718361598481321,0.12358792162261636,0.08151994176904515,0.08169277986475339,0.12446408288470817,0.08322428267750503,0.041493204340590555,0.14160970798687803,0.11433112052646827,0.0999990725899823,0.07927182704057766,0.05074973212353,0.10318873283026389,0.14109349711304353,0.1017779211087685,0.10086960187201427,0.0903606030843863,0.028712695383671553,0.04478152236647232,-0.06507530152828844,0.05503947737700324,0.1396090265939048,0.6052723288880951,0.0743070274854417,0.18358081921200578,0.06460636614967405,0.07045268580337549,0.11729111264188576,0.0690615592660719,0.1118224223762885,0.04144729798705532,0.051977188759589996,-0.059389961978800754,0.05197764811064774,0.2126054464597417,-0.020305669518390086,0.023709819933930808,0.0688150522649172,0.01679554349684444,0.09313778638681812,0.06682244044399083,-0.030530537450645257,0.06792873835256102,0.006422277166878239,0.08921286059288575,0.008989059868080204,-0.004342085249310407,-0.024157339794552053,0.0016619982678554245,-0.06567732861455267,0.01613984348058776,0.024550082408966934,-0.008369954529501891,0.25648131010130615,0.10974321421019308,-0.07065280137486753,-0.5715584760035413,0.36886372234387826
0.039914022646593474,0.08249959925960715,0.15728407447083467,0.16989735363450162,0.094566709099173,0.15437977221880392,0.11058967287783737,0.14209409309006973,0.08299417396080304,0.12251494999666664,0.1274778643554004,0.1369719447549295,0.06258010423606587,0.10691250197280631,0.14641579137268304,0.12875926681396221,0.19504650540781038,0.08501186569091566,-0.015369053699537876,0.12027982051408359,0.12045803782464976,0.19169889844566515,0.29208406599106235,0.0743070274854417,0.8792161217412553,-0.05296093054726018,0.12801305024319462,0.027269884810548595,0.3850990824620567,0.08024550760801592,0.19173143969729087,0.11400740488688811,0.10982150954943057,0.4258745785599311,0.12435378715148984,0.30157836275025934,0.14121534267123384,0.15834836931090004,0.17954533195439887,0.06351490763572795,0.06926101305438528,0.08621189690942865,0.10075694140975504,0.1509697761376957,-0.058804953072574315,0.18627993310514485,0.16074908192623213,-0.005170059216947642,0.059209699155729385,-0.23958451028088745,-0.07302632602909137,0.2004077885496418,0.15203201089741178,-0.07645269585564035,-0.06636521752431575,0.08691780014289449,-0.0053546006085232484,0.07243982091839919,-0.13719565480577056
0.02583311699953757,0.16412984271484857,0.1532036586164673,0.10740102918393267,0.17176833334993863,0.16836182977748254,0.04549427774139399,0.15491217560821002,0.08482012087762683,0.07673440175293571,0.09396938397862074,0.08721851005445448,0.059950234413349075,0.10514765175487494,0.1361915449472376,0.08369665197446305,-0.13201326824197818,0.2619981913308686,-0.04003488374615599,0.2698763112706938,-0.2685530255758092,0.1952313283688447,-0.20335888915223677,0.18358081921200578,-0.05296093054726018,2.1115091779020387,0.09064879134620157,0.2528393699990827,-0.18313310654666015,-0.273679922699729,0.19352654299430888,0.3307825653397319,0.2128269545542724,0.0038946668319276858,0.03481156018517963,0.018455850656848766,-0.33124348567677625,0.05612185795730403,0.2907786796738628,-0.033159137331832574,0.40639289166896664,0.3787779380760127,0.06450947234368162,-0.09436319642322549,0.34298198039765393,0.0712873856389653,-0.04423493270308982,-0.017047052848236564,0.2928751519725728,0.40676772351514356,-0.2274793992027548,0.02860528225961731,-0.26453864007255756,-0.073604580337107,0.10147790356807657,-0.03175331998476784,-0.08376947487572181,0.06492453079201486,0.1985194865787912
0.024416076003086845,0.09739181398226592,0.092150809871012,0.08835025472972247,0.054154249146653025,0.11690898217432849,0.08773202793691427,0.08440543899843322,0.06520018622816987,0.1120068517130913,0.125048248067809,0.16281916836303817,0.06288155804379696,0.026316871038000143,0.11408165499431082,0.11171200608905799,0.17179375966011365,0.033144205332321715,0.02700260780789599,0.24158323852509667,0.040174659299541976,0.08811371896674593,0.051364997895422745,0.06460636614967405,0.12801305024319462,0.09064879134620157,0.5509030940823318,0.126734612621761,0.11566038262305328,0.011671487646185507,0.14929235677680744,0.13915678327383532,0.13429575084377296,0.11909830762313706,0.12210758164266335,0.1632996648696277,0.1978069726702695,0.20453212582532046,0.07167213071893327,0.11716384682920009,0.1457451220024963,0.1386304177416318,0.43758311778915926,-0.0004792597084207667,0.10582981926278592,0.11021836470112738,0.11520013165376643,0.012224016393943228,0.044542899582085745,0.01977316947413246,-0.1064782803848002,0.10173064338829879,-0.003917909959193498,0.021107253895471113,0.025004743096538485,0.018293633578528867,0.04498458711889638,0.026710344784333682,-0.060975488626113954
0.006836747631642725,0.17124025544750204,0.10065572670574514,0.01757842141503828,-0.03447585700869178,0.09269517720383387,0.03541562182305118,0.015746435672327516,0.06581782513123091,0.06458151654862938,0.0582255573072057,-0.006513856933347021,0.04212333875897798,0.06681650237983369,0.15295616789194663,0.08500009751424994,0.11004248268244142,0.15164147623038648,0.10393341779709894,0.18575266411895686,0.14987005918008364,0.05768833175192965,-0.18281601959241514,0.07045268580337549,0.027269884810548595,0.2528393699990827,0.126734612621761,1.0262194565113796,-0.10308607517311291,0.20238851010285205,0.17086404966397017,0.07450773117835335,0.3627096584348125,0.12643516606675248,0.4490048695102213,0.08043755700021725,0.2772655560988205,0.20768112628664612,0.030601751126393812,0.06522470070982017,0.37180718296404425,0.21485087084794569,0.18506534147426495,0.33126339851367514,0.22457135401920866,0.02285034470759716,0.13072140269831614,0.030303986644100344,-0.030661116219484336,0.05525962701485814,0.044932512442255795,0.33107730418121506,-0.5186464285166726,0.05342196960122457,-0.16395649075479407,-0.0019537983156146716,-0.03605191107651623,-0.019515233955485187,0.024264548709038714
0.036115724143943755,0.1627759649754101,0.21609951804063526,0.14346938967378747,0.11019207236676237,0.2101896276485912,0.07932586686176811,0.1535179264513065,0.046506456091430295,0.16659742010504924,0.15758900536318066,0.09790713426886555,0.09658398988911134,0.08274622986422292,0.14177335652321388,0.13401058292835957,0.24918017094672318,0.06416909485164536,-0.02531390345296781,0.23583472823111284,0.06680069098643905,0.05238097064335781,0.19496638496795093,0.11729111264188576,0.3850990824620567,-0.18313310654666015,0.11566038262305328,-0.10308607517311291,1.8194897131336765,-0.30872623042882397,-0.22703906966572562,0.08642050718214368,0.05622027095523731,0.30186186156722233,-0.017557875147610025,0.28539871690497365,-0.2161152240070036,-0.26104336465942934,-0.06562604187353681,-0.022272037041126222,0.203506573694378,0.024092364241380636,-0.009689951628835193,-0.27328491981715924,-0.4022553410368831,0.11768445771904877,0.04273804742802942,-0.03257432682576481,0.041624483925024214,0.015789056695649988,-0.2468917537504166,0.16373923336040502,0.006581455707258864,0.02858040172549597,-0.0011989823633009437,0.018813667402353917,0.002204302131166546,0.08216050508287427,-0.053943363254912134
-0.0021263008758888565,-0.07302885706906172,-0.38855535748622616,-0.04664482677492324,-0.05410716661197032,-0.003716563423908256,0.011274803704003076,0.07694677434548093,-0.043783288531998386,-0.05815711212935221,-0.0438750315007047,-0.07966202123127694,0.024068796687289753,0.07445723079962319,0.014422049283409445,0.07607260040475815,-0.03139433587093565,-0.03349109888209367,0.13408826935663287,-0.023828182287332522,0.24481193858649672,-0.051926641263391526,0.026480565000490754,0.0690615592660719,0.08024550760801592,-0.273679922699729,0.011671487646185507,0.20238851010285205,-0.30872623042882397,3.056003588394306,0.0915284997293666,0.15439772612340355,-0.016066246548961164,-0.4067976817823012,0.36971595965674164,0.6435169086739937,0.1028869190368564,0.15765958299583127,0.07484590748306447,-0.1367147296363786,0.14913412902998305,0.10178486605875929,-0.11049443944899522,0.15567071342755612,0.7690164484384755,0.4136964028483312,0.06373886931980416,-0.011584101443519733,-0.0005822324201440409,-0.06036664397348401,-0.0381442322799548,0.08712300648171882,0.03366789511437784,0.010896567016157219,0.1984462441013791,-0.24470514716475011,0.04021819159077408,0.013320063412856077,0.25364512523478705
0.0391785375097038,0.016714234254107608,0.13821546361225356,0.09648163249049686,0.09149028400295346,0.1103210952452053,0.09915276267793104,0.06487063499289188,0.10921330385890167,0.09984827298644351,0.10549657124859103,0.09495642578822142,0.029521722566213743,0.08254583242383846,0.1377408555893718,0.09740687917507267,0.133769241507232,0.040082336183590875,0.09523023924192296,0.21318322896160288,0.06306528453708433,0.2397758375733888,0.20643248132427464,0.1118224223762885,0.19173143969729087,0.19352654299430888,0.14929235677680744,0.17086404966397017,-0.22703906966572562,0.0915284997293666,1.1368551151381099,0.1658986328274914,0.16340208707930784,0.019804178997632867,0.15270852609896515,0.48049212615743087,0.28683155429001317,0.24893880797274945,0.381273057355305,0.12490432464209113,0.2050981938786803,0.15802781419680487,-0.052746494128032596,0.2631577015579853,0.2499069770576215,0.20187748523234564,0.18733635812561433,0.0052943426848600025,-0.04461196372536368,0.11443006544815802,-0.11624580636848716,0.09486401914961932,0.028585821847162716,-0.10140193762765132,0.03148538263182636,0.13034286141114335,0.04475027307634861,-0.10315491774566317,-0.1038374192600261
0.03858945204687894,0.059421221187438075,0.09720008866271548,0.17637294965195394,0.14519193780099257,0.17636333608675558,0.11686125010615986,0.09456745471725142,0.05772340224699664,0.09022395933754976,0.10711097854735926,0.18652606839151561,0.068110294810263,0.09709896841088493,0.06149983190778427,0.1500308835161851,0.07994907312234878,0.09529776326448536,0.14293112864036028,0.12400935901439146,0.10795815436753664,0.35795380289880707,-0.042737533043446435,0.04144729798705532,0.11400740488688811,0.3307825653397319,0.13915678327383532,0.07450773117835335,0.08642050718214368,0.15439772612340355,0.1658986328274914,0.6642591563385543,0.12435419835675733,0.09213831169782144,0.03255775341109335,0.16427043090447555,-0.07628347562208009,0.1120875988247695,0.20214628863263684,0.006428491861602054,0.05288439224059524,0.2163374395130487,0.054070959117588434,-0.050564765289088556,0.1568700515710917,0.18042898495300144,0.1670962432198638,-0.039353461877529146,0.21768149048439536,0.03885416148193395,-0.05531908840385983,0.08879043883725947,-0.011049533972909377,-0.09405715681859135,-0.10634079139931774,-0.08534506263855507,0.339261952825552,0.005485994844295858,-0.17421374272508522
0.022866611044117243,0.11148959764772229,0.19090483724777982,0.12204584119746834,0.07284459629089371,0.030680492717272745,0.13317869492769147,0.05823767087437083,0.16554476790822129,0.06056915192815502,0.08715763132180247,0.07566270351015045,0.03842426754729091,0.009539542684770958,0.09546620790500779,0.0542460784182737,0.21393926899148474,0.04578163379002317,0.11021426509655811,0.22044421057646765,-0.02744286927180939,0.23755948213800557,0.14746450161565877,0.051977188759589996,0.10982150954943057,0.2128269545542724,0.13429575084377296,0.3627096584348125,0.05622027095523731,-0.016066246548961164,0.16340208707930784,0.12435419835675733,1.7730378555243755,0.20584854917619835,-0.5553035231163655,-0.1482808781988977,0.24405812102339122,0.46154332953326116,0.03923082063378438,-0.03507342841978347,-0.29101117316236635,0.31921391750351263,0.12582477593135832,0.3754865880051726,-0.21473080574445935,0.13934419667046827,0.735444125650885,0.11851433936542248,0.3335833218485907,-0.13318698406982174,-0.08557985448060555,0.21461436324169347,0.11530661877202633,-0.25806688884963475,-0.09293637332149463,0.031369075356344825,-0.07903885726604312,0.11028610522568566,0.12676465399614287
