0.3436938942671558,0.08271977522337534,0.14553802948394645,0.027309569924164518,0.06537316088776193,0.04222697125971479,0.05303531688433534,0.031223199295481036,0.05373380078016105,0.031203769153648888,0.035764604471648115,0.05086500861012037,0.014511743788753445,0.0495273390561258,0.04085694885240858,0.03635653275391137,0.017415576673565487,0.04961818866105672,0.021959318270939315,0.006435259121106716,0.04826113284360142,0.058868075143826165,0.02671370005132404,0.010804571477887487,0.03761649449597165,0.02107388865442578,0.023010656622190824,0.010756267289417266,0.033275294637629786,-0.007761063640224009,0.03591159079312733,0.03707957765379192,0.011801393035537495,-0.019194922656474565,0.013933752110130423,0.03181569329197192,0.020670547464727317,0.06888818946536968,0.018938852563956294,0.008185134533744374,0.0382285079580151,0.0249425060021986,0.02096178882414277,0.05648292137755225,0.048403247406707386,0.04405533092833912,0.03376710051719108,-0.007712360711737746,-0.0161064141724961,-0.013922571387857132,0.01184655010243707,-0.006132771575394873,0.02479101471802811,-0.0012964748791865406,-0.012317395574174059,-0.003514449125876036,0.014646095041901211,0.05139423675603788,-0.08065960484422857
0.08271977522337534,1.447378915041939,0.38398248653001094,-0.1628021879201904,0.014775708875254142,0.16106296017745192,0.05861862510198557,0.10621483459025298,0.15190105627523814,0.06086947015911945,0.11400026311530863,0.08569253954291038,0.044296462602202054,0.04591287893776715,0.17569527254027664,0.03868537561859437,0.10636829080442765,0.20603425113114615,-0.010570221629875106,0.10864927902930512,0.10914002601609667,0.057769140483954824,-0.10392865943309007,0.032596360347519344,0.0810842445187256,0.16187405357498336,0.10195452613811852,0.16618355855091366,0.17023159174210886,-0.09003192854426673,0.019817266684804782,0.05356181045377169,0.07022031557868322,0.12283640383542234,0.08462847993980675,0.03793543381414864,0.151225458102148,0.10370429796348063,-0.03221122623426784,0.004722707185806199,0.07427134319716558,0.07075218564849055,0.10895636094694139,0.012580373170811811,0.18465612726483444,0.10012753860185476,0.05917021521334143,-0.005420343218443157,-0.11594247288026731,-0.1511847587527175,0.2647716058237002,0.15111174044846434,-0.14021145876249144,-0.035984240382765806,-0.20056411867500548,-0.02631659103068528,-0.09154768783334119,0.1968978727810642,0.1211975501608495
0.14553802948394645,0.38398248653001094,1.5170145074169312,0.060969396192365286,-0.15451103445693026,0.16674932416665036,0.07122471216297686,0.23317773648965734,0.31713999739187565,0.22740787637453386,0.20061491427403555,0.10409753615503657,0.04709247447095621,0.08254868430763553,0.1698513099015009,0.06100366541636081,0.25465807778117133,0.10450038691289534,0.18789176773636018,0.11860468724228196,0.10339386770774761,0.2374211355913983,0.004509835231275361,0.10896943676085628,0.13909769200602043,0.14528751730991105,0.07060920904424996,0.13014498336215177,0.23692120731872676,-0.4178115204069053,0.1101837993813972,0.07925016808514004,0.13566476788109846,0.25883021407763457,0.08533780308260439,0.1646547116003104,0.15268726086564524,0.22727342770440187,0.09792283207363087,-0.2124660156676294,0.11570283090529664,0.13214408775384148,0.04192538938675002,0.1218475272730032,0.17328194410808687,0.3114899808379997,0.15843121201100008,-0.02506689826491566,-0.2661245723501847,-0.02757203466821673,0.01603485524023916,0.1965687321150643,0.0467960956465434,-0.17791520440895742,-0.16866431465691686,0.13901000245196857,-0.06769141283195529,0.027174201041699934,-0.28454015870829735
0.027309569924164518,-0.1628021879201904,0.060969396192365286,1.6943307667053054,0.3358839627413145,0.2776634750351807,0.22554316545853795,0.22620978096939318,0.049529460749909666,0.20575321680324274,0.158822515378233,0.2787153076990012,0.06595602534211474,0.3038140427597476,0.11449219220779004,0.25119803976289534,0.1462013048924132,0.2145289825865775,-0.02252225362670008,0.05371999351634209,0.17826171688272494,0.21954298779674866,0.19931502425190356,0.07433444886362953,0.15102202166051223,0.12916040810808768,0.0926807664964399,0.020774598246169413,0.1499746796315192,-0.039589842650782456,0.06980846461287084,0.15346195795846385,0.05446220898234578,0.21831160034197766,-0.04225908786982397,0.14621485785798904,0.054153647409970515,0.13997662878257885,0.1136935374833745,0.11292768082646876,0.032632055593493185,0.11377482412386503,0.07998465514498576,0.16792465426418232,0.0183339607252369,0.05941216960040079,0.14136362730972812,-0.0077378424490339185,0.06661655795596402,-0.025834483428941447,0.0162596145061549,0.13426431673396688,-0.05143571212195931,-0.010641393825049278,-0.26014968817826406,0.02932343344654174,-0.09622483570449518,0.3280500488553769,-0.1409268331344123
0.06537316088776193,0.014775708875254142,-0.15451103445693026,0.3358839627413145,1.336594555478556,0.17917749030594954,0.08362609754899938,0.14251838822807483,0.02212671487917798,0.09842506806407336,0.10206589242615609,0.18506574941561282,0.07405866381690944,0.1619914903010967,0.1207298050362236,0.19105597981857997,0.014877803125464302,0.14348327638501346,0.003872256316284737,0.05559236899453284,0.046327827280573025,0.08354845049121999,0.146276269222259,0.0811852742026576,0.09235888546773599,0.16617850767022954,0.0628968948887193,-0.0736414787622223,0.11325752131094058,-0.06799629218465157,0.07415505986310433,0.11745146809854483,0.014522194105869812,0.10665952189776344,-0.0820363868147067,0.13853497996011135,-0.015541486257614593,0.010940948977882826,0.049934433232503045,0.11679589365241112,0.022541623182754638,0.12036177917370083,-0.11418335960369157,0.05981697623380798,-0.08839985335195655,-0.00549930188399076,0.03339446544599053,0.003801697011666234,0.03125337640213046,-0.06434252780484426,0.11611049752299035,-0.10610109181759808,0.13201208904276773,0.037234291467889175,-0.008321221375239683,-0.04262780738761789,-0.058626989313575295,0.09934764119741941,0.08942888391534612
0.04222697125971479,0.16106296017745192,0.16674932416665036,0.2776634750351807,0.17917749030594954,0.5788166104999414,0.07434690405237054,0.23007848638403638,0.0667155069209293,0.12953333745834114,0.17302672911476275,0.15278053829334848,0.07596410953669357,0.18319267188802818,0.1728135171605347,0.16418576795894912,0.18255285678710717,0.14841620745465178,0.13068286462380788,0.18804970400611612,0.25603288217600856,0.22196584366625474,0.03550079075780659,0.12140076394742287,0.1351337975650225,0.16499451326801015,0.11110787373752992,0.09846426591448733,0.20638229861653395,-0.006506669083150536,0.09676444248633077,0.16411590464607342,0.004365069156074122,0.19382992408016791,0.08494966474561177,0.058172706635931076,0.17121334035088104,0.1897728631321031,0.18985926291199456,0.083899277916218,-0.008236452219732257,0.13668330800559417,0.1756210155694084,0.17222352555293619,0.17857440170923367,0.07129646088641536,0.18099029586578377,-0.009938343442211329,0.0033866157800929585,0.11198686101421357,-0.18139167805882556,0.10051851331088453,-0.059278032123031024,-0.02454086761486044,-0.10322853327760204,-0.02543262069894854,-0.046066729679968915,0.14483164310068386,0.012742474315992644
0.05303531688433534,0.05861862510198557,0.07122471216297686,0.22554316545853795,0.08362609754899938,0.07434690405237054,0.46068794110550376,0.030733882009377125,0.19703206030329753,0.10586971689359548,0.11919739271308454,0.25442223447998275,0.04485297325952826,0.08631704742718328,0.0682898664046821,0.11336499821890017,0.1288024247288735,0.1243869905350837,0.06253425949825565,0.06703352487951987,0.20534197537724558,0.15377688005177156,0.13167639938836495,0.08294206508963535,0.10332309913345088,0.023346546884907258,0.09441414432954805,0.02175219989318531,0.07516698751046963,0.03570041142407988,0.08853032517728794,0.1163824910270415,0.11821881796939206,0.13648648967803517,-0.023932810584851288,0.08352185850620403,0.0834704393524651,0.13559379762957288,0.08928852234660019,0.08315510234363967,0.03686919110373689,0.08331103898475664,0.11541902639768854,0.11704960088593655,0.06316923561741462,0.07897180321797333,0.15265746584621856,0.0022642489494523453,0.06526191977940252,-0.06787365406149626,0.020663077717567792,0.04482279899418785,0.05744793707008787,-0.036169155692289755,-0.014605041626667552,0.06515313067470199,-0.03790872561426554,0.060963027296054205,-0.07380589295965406
0.031223199295481036,0.10621483459025298,0.23317773648965734,0.22620978096939318,0.14251838822807483,0.23007848638403638,0.030733882009377125,0.6992991579846115,-0.051019925050553645,0.11356662743296393,0.17161981418622702,-0.02499177824259428,0.09624886423233424,0.17187820566350678,0.100475626244642,0.12580550605733437,0.240622430083377,0.14595792474842875,0.10038587037127288,0.11339703224952331,0.12444043964650693,0.1409064882851248,0.042931635487238586,0.03295928697843294,0.128874383451041,0.1662202113761357,0.07614493661268254,0.028225839525032416,0.16507570585691966,0.051694418051859245,0.04545427692871764,0.0835385766241092,0.02796764222656516,0.17812482114202113,0.11130987625963105,0.10828972426395675,0.13334444334868215,0.09606237342691841,0.12178725923022393,-0.00015616507716135564,0.0426406574366956,0.09449756646618143,0.09303106306975406,0.07550299841757029,0.09610346358453005,0.10673480482598795,0.10554302550551897,-0.0022804719679813137,-0.012844501618726826,0.046715527871021956,-0.056404254301999385,0.06626867542650215,0.03799233732509427,-0.0812253204422063,-0.22093773009522275,-0.0732772191193696,-0.04368975926103422,0.33067066591953276,-0.1053868078318142
0.05373380078016105,0.15190105627523814,0.31713999739187565,0.049529460749909666,0.02212671487917798,0.0667155069209293,0.19703206030329753,-0.051019925050553645,0.7954567196911577,0.00934119438584044,0.06865112026465434,0.11314202383095183,0.029756429672037326,0.0996554085410039,0.16161412628694663,0.05619967612987255,0.13222896455691158,0.06003715724984437,0.015471395730196812,0.007204665217135889,0.15653117032808503,0.14913585421690592,0.15537186631270342,0.12390358859270198,0.07417406682697127,0.10548556388261873,0.05669956049509865,0.08556779896352,0.048351739422099374,-0.02301516943253849,0.09860392985852948,0.07756076066089537,0.1775745798412038,0.15447406650924103,-0.023799389496463878,0.10820923535544566,0.02556674843962942,0.14488260037820697,0.025668679862851214,0.00974954255312879,0.036541234988703264,0.08690215676217738,0.03202788596333908,0.14902814948305745,0.008884402087890455,0.11817852546272471,0.10860575635757154,0.007690266334364063,0.07454207485097468,-0.20301106710915207,0.0775213289656174,0.13585843921356106,0.08390596646829193,-0.06837292763866823,-0.010384547767695625,0.19199929921840458,-0.07587252745756347,0.007804941542191684,-0.23030958903610477
0.031203769153648888,0.06086947015911945,0.22740787637453386,0.20575321680324274,0.09842506806407336,0.12953333745834114,0.10586971689359548,0.11356662743296393,0.00934119438584044,0.5124774156405768,0.13128078656170308,0.14022555215564667,0.061386859181727906,0.12482588846207014,0.10680572294041561,0.11316561453663586,0.17645453346651185,0.10956673781822986,0.043776785562410984,0.11598971577019408,0.05782247475571634,0.10359868249386547,0.06736114526997876,0.11576530993471286,0.12123747250615557,0.08314680246593585,0.11004949579994268,0.057931154888195516,0.16602252808664664,-0.07703148677887872,0.09869825570830885,0.08501901309401844,0.06004788528976252,0.15333105967252889,0.07867740755095529,0.10690993596790686,0.11540601888535247,0.07707486488630184,0.10269929808242907,0.04621442143783694,0.1171246498180898,0.07695378116843674,0.08609430231298727,0.065382434535721,0.026035278219223447,0.09889922884574656,0.1794563930246363,-0.006064582310226462,-0.00905143042754157,0.01341462794370949,-0.03248844364586332,0.029031671776760883,0.025211510225411436,-0.02279639008717724,0.060165393753428366,0.09921576205420923,-0.013724943789434344,-0.09446327459764439,-0.09265942228439672
0.035764604471648115,0.11400026311530863,0.20061491427403555,0.158822515378233,0.10206589242615609,0.17302672911476275,0.11919739271308454,0.17161981418622702,0.06865112026465434,0.13128078656170308,0.3617620005716759,0.15943327053328835,0.0761052128201361,0.09525414542593291,0.16715508141888938,0.11546846025480305,0.2467015678684701,0.09961574088122178,0.06611334499325523,0.13995766969675014,0.08907720688128969,0.11173045814723723,0.07560273286975157,0.09982887802729248,0.11923627771219972,0.1115771604601154,0.11287824539722348,0.06667669979004108,0.16206203445320003,-0.053602288146699345,0.09880196477153617,0.10310428410850535,0.08470563168452595,0.14493508856256507,0.08197615146851847,0.13018550451559927,0.10091348857802028,0.09129369783518505,0.10910198657955657,0.033614656417468386,0.045674610766842746,0.10860914283617931,0.08362915898897166,0.05314441214379002,0.025265548492361595,0.10698618207710274,0.1187981412142263,0.007954925332154274,-0.0037096351479521763,-0.02601377904859199,-0.03576286099867634,0.106985598271191,0.04902295620064106,-0.07825322081007008,-0.10287663960552082,0.023094574201073182,-0.03437631191820195,0.08821713753539123,-0.0847803811050017
0.05086500861012037,0.08569253954291038,0.10409753615503657,0.2787153076990012,0.18506574941561282,0.15278053829334848,0.25442223447998275,-0.02499177824259428,0.11314202383095183,0.14022555215564667,0.15943327053328835,0.6749297046722517,0.04183262972081107,0.15193063142809868,0.10541219949835662,0.20128960588980574,0.09544255326226368,0.18267985385237645,0.06022681242753278,0.06453799912145952,0.15561732107914206,0.14186354759985725,0.15166572849198434,0.08109243726860535,0.14029925667499385,0.07977070741917418,0.17322654575667296,-0.03628634833814698,0.09524228994427447,-0.06318542782172591,0.08835411792998975,0.1722822985077573,0.05387372904601779,0.12342080679503747,0.023805374935299724,0.12618679836053945,0.030032547931386815,0.1367534751279906,0.08331791372500782,0.13305604081623038,0.024657852198835997,0.099504497665093,0.15886598551430264,0.08144154567779832,0.09962578109308419,0.07329836178284922,0.12838407704979884,-0.005424269940081361,0.008594071734124718,-0.09151788433286515,0.026449298432260862,-0.027461858589523498,0.09468884855050914,0.029033545752525203,-0.04089367450327234,0.048465831651087574,-0.08705470933420656,0.11498511387266816,-0.04393968410581174
0.014511743788753445,0.044296462602202054,0.04709247447095621,0.06595602534211474,0.07405866381690944,0.07596410953669357,0.04485297325952826,0.09624886423233424,0.029756429672037326,0.061386859181727906,0.0761052128201361,0.04183262972081107,0.18290496739519432,0.06488422706158087,0.036907445780045435,0.0708352469206664,0.07110611000618818,0.0560769158157733,0.042661879957693896,0.019561472426109297,0.036839449125221,0.07073575509221709,0.055302913724398335,0.05584416561355506,0.06306308356948492,0.06635641697498712,0.06008704680333409,0.04462787088603107,0.09992333131039685,0.020714347072357378,0.029447919243738515,0.06564524832998615,0.035862976799710365,0.059690323547180506,0.059489386358965335,0.06015991950187691,0.028835822418181355,0.023472796894957453,0.05017858327762619,0.02368913551297078,0.05478100136707661,0.04875056325673903,0.042226906870235545,0.06482836367609658,-0.026638539251376242,0.04744220851235966,0.04170262740257496,-0.0014561682505517875,0.02854736407007875,0.02273625641536071,-0.004079521314521028,0.01224176139570704,-0.019717578727271565,-0.019538587798021364,0.0014870691062767716,-0.018234193903513312,-0.014045839882557108,-0.0377473434259281,0.061246636217668
0.0495273390561258,0.04591287893776715,0.08254868430763553,0.3038140427597476,0.1619914903010967,0.18319267188802818,0.08631704742718328,0.17187820566350678,0.0996554085410039,0.12482588846207014,0.09525414542593291,0.15193063142809868,0.06488422706158087,0.5551241404657856,0.12880722123148283,0.2791758110975638,0.11954715843383612,0.11847214863924103,0.03684237962236661,0.035950217423923056,0.09183659253507753,0.23588400351117197,0.15466641135429773,0.10423951228793364,0.10075502789190703,0.13095382908766073,0.034379093827270446,0.07986014035474363,0.07800802587423865,0.05720060759444975,0.08275318713676058,0.08709877226164824,-0.004065613632986604,0.11158149091189955,0.13192171081569076,0.14192612396454332,0.07717984732453735,0.13852095922303267,0.08943652866230345,0.09833351999655104,0.13527800679828855,0.11167968341350315,0.03207365401445163,0.21994606465032035,0.05813676593045296,0.04264136813908741,0.08242834315415265,-0.023509044433473708,0.09516230596689924,-0.06345933944263157,0.025260233135721694,-0.05382060431162553,-0.0013520699621946337,0.07886209258519508,-0.1736875624748395,0.03922892076025336,-0.16724279562031105,0.18549269606181615,-0.007077313731895229
0.04085694885240858,0.17569527254027664,0.1698513099015009,0.11449219220779004,0.1207298050362236,0.1728135171605347,0.0682898664046821,0.100475626244642,0.16161412628694663,0.10680572294041561,0.16715508141888938,0.10541219949835662,0.036907445780045435,0.12880722123148283,0.6386157001228442,0.13104978013194285,0.21084685264389605,0.10089919883194,0.06803659671411189,0.14909850203060182,0.03401856723490359,0.15076238212309054,0.10345746524108738,0.1329479714031895,0.12299088489773974,0.13177417630347021,0.10801265619194765,0.14088232556200134,0.12683917398438493,-0.01113525540860968,0.12045218039979523,0.057019134740783024,0.07711418388857919,0.14026890526497957,0.09014318195649906,0.11288994057588791,0.18554515122994789,0.1323593623513744,0.12210432503674658,0.04213703238482684,0.1298770831172802,0.1266593981267097,0.07557262032014614,0.12678798388492307,0.03975849159567147,0.06265104308902632,0.1176799499349263,-0.004018163166164222,0.05215264920222166,0.12423316716050666,-0.09176597931390126,0.10583249200045668,-0.10213230953164222,0.0225562440112815,-0.07577142411103492,0.11450698494528905,-0.1317093154022033,0.06967763086384789,-0.06564967678166451
0.03635653275391137,0.03868537561859437,0.06100366541636081,0.25119803976289534,0.19105597981857997,0.16418576795894912,0.11336499821890017,0.12580550605733437,0.05619967612987255,0.11316561453663586,0.11546846025480305,0.20128960588980574,0.0708352469206664,0.2791758110975638,0.13104978013194285,0.45332935242228417,0.13064791018230476,0.10201826308968484,0.09720923877246325,0.06391053871880248,0.09289877976417171,0.2249963290064013,0.126198716505926,0.10460340744064342,0.12109509754332241,0.08806738739914342,0.11644311424662472,0.08081516087991594,0.1321086896713213,0.07296903890509635,0.09124789495415529,0.1386946768862226,0.04055306781619684,0.12266533301827932,0.15293989769881108,0.1389272288333256,0.06617714356666397,0.15554862101502454,0.10278133606349814,0.10711395025695819,0.12598242361622114,0.16190625107956086,0.10837216284716662,0.18207436294670357,0.0576927936813346,0.055772175934409654,0.1133195843200789,-0.012112033819841782,0.08224016840141783,-0.07454578911028746,-0.04181511045632235,0.024841036869011266,0.05535965624560372,0.03673748540145756,-0.10763919610036563,0.03852509352499416,-0.12380861378971728,0.11945237126294465,-0.018760339627421508
0.017415576673565487,0.10636829080442765,0.25465807778117133,0.1462013048924132,0.014877803125464302,0.18255285678710717,0.1288024247288735,0.240622430083377,0.13222896455691158,0.17645453346651185,0.2467015678684701,0.09544255326226368,0.07110611000618818,0.11954715843383612,0.21084685264389605,0.13064791018230476,1.0037272061809308,-0.03355536449284018,0.1450330315269486,0.2729662464401968,0.09619111516698275,0.17789253720496603,0.09219289658700883,0.0994126776708948,0.1867955821887359,-0.12832369545033812,0.14936636067087045,0.15021301829885414,0.24738063163915727,-0.05049497614770264,0.13318462710701015,0.08492584702174717,0.22757199635990727,0.24349726873176217,0.05603858959360136,0.11211590411493522,0.3370280444933065,0.1624048220370924,0.18101051613430802,0.027704964456762952,0.049376255733970115,0.1389798053193303,0.17964985867985903,0.09876641782225333,0.02850184343870369,0.16185120485873494,0.32268040451881924,0.019493813982610818,0.032093963862939334,0.04144916160928461,-0.012865988478217055,0.12252320454979657,-0.04588202847506592,-0.14367804093786563,-0.1107140005193863,0.04504463119082144,-0.029838234089619976,0.11135612962103954,-0.1618504853470064
0.04961818866105672,0.20603425113114615,0.10450038691289534,0.2145289825865775,0.14348327638501346,0.14841620745465178,0.1243869905350837,0.14595792474842875,0.06003715724984437,0.10956673781822986,0.09961574088122178,0.18267985385237645,0.0560769158157733,0.11847214863924103,0.10089919883194,0.10201826308968484,-0.03355536449284018,0.9011055431843962,0.12579397284647612,-0.2670995063072568,0.19984886061431922,0.27784212239379247,0.23652589232373578,0.1031240214854991,0.089900991955829,0.2380323038181124,0.027101202508746387,0.16903137842127328,0.03859253391446171,-0.014646157978778957,0.05331231588662719,0.07650709392638329,0.0313412999876525,0.04619600540681056,0.06417617799981365,0.07660625675143194,0.11703719238107836,0.07909992555826069,0.07840654099440564,0.12565397806237538,0.14462228226891385,0.0034421972830003113,0.27202353453551226,0.24163889702158028,0.20649611145470953,0.09794163932101396,0.06410150234593319,-0.03772207363633058,0.0074479531576107675,0.0019146616257896087,0.28265225123944027,-0.08480484005338412,-0.2386377404720666,0.0014536417691926895,-0.18756587456449147,-0.036747109690380496,-0.10879323228486346,0.18639707208423328,0.17371882914926606
0.021959318270939315,-0.010570221629875106,0.18789176773636018,-0.02252225362670008,0.003872256316284737,0.13068286462380788,0.06253425949825565,0.10038587037127288,0.015471395730196812,0.043776785562410984,0.06611334499325523,0.06022681242753278,0.042661879957693896,0.03684237962236661,0.06803659671411189,0.09720923877246325,0.1450330315269486,0.12579397284647612,1.0609249717253142,0.06002542471797392,0.14447725138312628,0.34267119949100966,-0.2385240155248453,0.03021203047200126,-0.01707109783754031,-0.08405832154258543,0.008313544123123125,0.15458968490341748,-0.023293802906396575,0.13937592655033104,0.08206734981777235,0.12476069885536224,0.09775595684858791,0.013899121907141581,0.019150325209316595,0.07780488480010204,0.21651387015768847,0.09947521514312854,0.2892572276952356,-0.0764996573040554,0.0009708998112147259,0.0978165182869325,0.03447211697772022,0.0018327705863988855,0.23379833125218585,0.12229095579674419,0.13795962395758324,-0.018444257447738074,0.07268779616238041,0.31222216635013683,0.02024612166914344,-0.008260285104308493,-0.20826286001676536,-0.11413132910215062,-0.10869192207203635,-0.03156821472226736,0.0007752823494232014,0.055351649135190986,-0.001476505120385609
0.006435259121106716,0.10864927902930512,0.11860468724228196,0.05371999351634209,0.05559236899453284,0.18804970400611612,0.06703352487951987,0.11339703224952331,0.007204665217135889,0.11598971577019408,0.13995766969675014,0.06453799912145952,0.019561472426109297,0.035950217423923056,0.14909850203060182,0.06391053871880248,0.2729662464401968,-0.2670995063072568,0.06002542471797392,1.0395637682001626,0.10078193657678466,-0.18224480907932347,-0.11984577026306605,0.058404228912833374,0.12298907771693295,0.26120424555605626,0.23675599881430764,0.20056610544403158,0.25234397637601846,-0.021256859083914545,0.21791246973471326,0.12628893192559187,0.21938046545112014,0.30313172946288347,0.1571583482238692,0.0009002763089123143,0.43410447079051456,0.2885321456992269,0.30736474509462003,0.2089297410913061,0.11286928869737914,0.2480277497537526,0.4432590185179998,-0.12191435189375838,0.4561516716047854,0.10071156699653043,0.33150160466574197,0.08196860380709724,0.040506612578106775,0.16308417810382006,-0.2726415645182633,0.2419275195043185,-0.011667696378062895,-0.04709371214630691,0.081871296082864,-0.006899195966634059,0.0663131224510557,-0.011738948200702157,-0.050915332828912765
0.04826113284360142,0.10914002601609667,0.10339386770774761,0.17826171688272494,0.046327827280573025,0.25603288217600856,0.20534197537724558,0.12444043964650693,0.15653117032808503,0.05782247475571634,0.08907720688128969,0.15561732107914206,0.036839449125221,0.09183659253507753,0.03401856723490359,0.09289877976417171,0.09619111516698275,0.19984886061431922,0.14447725138312628,0.10078193657678466,1.1018496589250817,-0.050697726638699495,0.05629152151170879,-0.07161351954558969,0.13653914170159706,-0.3220510357941554,0.04273481535753359,0.14636033533782714,0.027878764290124394,0.23342126101634153,0.10514997022067543,0.10696458100001638,-0.031539752432948966,0.1953646266699634,0.35661462801863403,-0.050840935413935806,0.3755823107879001,0.2342819254540927,0.12126993825673106,0.2105339637407344,0.08481339898859291,0.09938179950648893,0.28587739169094456,0.3183971687055268,0.5831193446169931,0.05969340021026632,0.3289348757306922,0.025633391420871513,-0.25251824487684527,-0.1073853157151089,0.03762662203790985,-0.0015366649891375406,0.08978751397378873,-0.005469070997224343,-0.25720091353952573,-0.014576900226134682,-0.012644104241090127,0.20939618345886943,-0.16616556030145907
0.058868075143826165,0.057769140483954824,0.2374211355913983,0.21954298779674866,0.08354845049121999,0.22196584366625474,0.15377688005177156,0.1409064882851248,0.14913585421690592,0.10359868249386547,0.11173045814723723,0.14186354759985725,0.07073575509221709,0.23588400351117197,0.15076238212309054,0.2249963290064013,0.17789253720496603,0.27784212239379247,0.34267119949100966,-0.18224480907932347,-0.050697726638699495,1.5716529683528462,0.24232345864641652,0.0667936193329235,0.1818305095772678,0.14394940860384878,0.0780794994833492,0.08455907043523168,0.04547328705862817,-0.010686719148972908,0.22376571991281938,0.3447256634877027,0.2190087802592114,0.3091682638467034,-0.04172429323789926,0.004195402527812506,0.0044511195110273055,0.46399794562698154,0.45085038219105533,0.01873431819723584,0.1784227527853929,0.21829006536661802,0.16436492492493965,0.4977986191349788,-0.21888850546249267,0.24917190066137024,0.3494469161803636,-0.18423887758620583,0.9235578843527412,0.12024732940450343,0.00395660343164376,0.0005663452838470998,-0.0657392145860063,-0.07744888980639796,-0.11926444856397769,0.038298703804672506,-0.08723610874311206,0.189015748080821,-0.01671636145121057
0.02671370005132404,-0.10392865943309007,0.004509835231275361,0.19931502425190356,0.146276269222259,0.03550079075780659,0.13167639938836495,0.042931635487238586,0.15537186631270342,0.06736114526997876,0.07560273286975157,0.15166572849198434,0.055302913724398335,0.15466641135429773,0.10345746524108738,0.126198716505926,0.09219289658700883,0.23652589232373578,-0.2385240155248453,-0.11984577026306605,0.05629152151170879,0.24232345864641652,1.6134606471491388,0.14932579576799476,0.27569235575396966,-0.22042131136127271,0.059205085804153165,-0.19457035235721282,0.1627693477111277,0.03624806815945486,0.21055708130671394,-0.049510581758415946,0.1375349624417347,0.29945762841032203,-0.1597903879866507,0.3810375360223292,0.1112989883130435,0.19216233648234332,0.17654555968078348,0.2931457438913321,0.14757604657413476,-0.010583906096228167,0.15615732497869383,0.7182790478193928,-0.34354518037367193,0.11498391719880016,0.1611646803680874,0.027059095269916445,0.01523163756477085,-0.22882510984170834,0.08351110535334547,-0.07507556212276383,0.18691592959709522,0.02898530813820475,0.03876709832621476,0.0933262423657236,-0.1616466204000106,-0.0006770106120599107,0.07769433772563558
0.010804571477887487,0.032596360347519344,0.10896943676085628,0.07433444886362953,0.0811852742026576,0.12140076394742287,0.08294206508963535,0.03295928697843294,0.12390358859270198,0.11576530993471286,0.09982887802729248,0.08109243726860535,0.05584416561355506,0.10423951228793364,0.1329479714031895,0.10460340744064342,0.0994126776708948,0.1031240214854991,0.03021203047200126,0.058404228912833374,-0.07161351954558969,0.0667936193329235,0.14932579576799476,0.6307864678434585,0.06716556377188299,0.21255110806365418,0.06799032336130154,0.07337345574524688,0.1082210659574193,0.10365562777195547,0.11951312971398913,0.03244852058007746,0.07864207819761083,-0.07643783410965921,0.005296419171712651,0.15669597565005275,-0.021530938963272135,0.06916290337469087,0.08440292511765234,0.019839389015748644,0.11252997891329854,0.08550345781522116,0.05658690725695251,0.09399307911394753,0.03576710510253104,0.0925070934876147,0.04466338281297247,-0.0020018577722572006,-0.00030378060917748685,0.02417079387425169,-0.06829445826874582,0.04364909381206316,-0.005485476318752624,-0.016891055002456697,0.3972131169252622,0.08522670995559538,-0.1166850898197167,-0.520931934155764,0.5037105152998186
0.03761649449597165,0.0810842445187256,0.13909769200602043,0.15102202166051223,0.09235888546773599,0.1351337975650225,0.10332309913345088,0.128874383451041,0.07417406682697127,0.12123747250615557,0.11923627771219972,0.14029925667499385,0.06306308356948492,0.10075502789190703,0.12299088489773974,0.12109509754332241,0.1867955821887359,0.089900991955829,-0.01707109783754031,0.12298907771693295,0.13653914170159706,0.1818305095772678,0.27569235575396966,0.06716556377188299,0.8508431665685907,-0.04339778638328474,0.12150452107911597,0.014567381052873234,0.3783460410957074,0.07983322115573617,0.17085128330899596,0.11295580073518655,0.09910693807378883,0.3850367777102816,0.10664581536800362,0.2630340038715912,0.11440520059920758,0.19214701116360824,0.17376839645464418,0.09627142792108903,0.10195746589102371,0.0901323502578971,0.13435247674634307,0.17146023320796555,0.015973160193867544,0.16490699071119785,0.1627052372212679,-0.007137506572133106,0.021469606343555152,-0.1224329025908808,0.015481322989887775,0.048329826560455355,0.13469224750549602,-0.03613466431057031,-0.06470360290171366,0.07654842619102738,-0.02167158429451831,0.06076897169476861,-0.11224702084999115
0.02107388865442578,0.16187405357498336,0.14528751730991105,0.12916040810808768,0.16617850767022954,0.16499451326801015,0.023346546884907258,0.1662202113761357,0.10548556388261873,0.08314680246593585,0.1115771604601154,0.07977070741917418,0.06635641697498712,0.13095382908766073,0.13177417630347021,0.08806738739914342,-0.12832369545033812,0.2380323038181124,-0.08405832154258543,0.26120424555605626,-0.3220510357941554,0.14394940860384878,-0.22042131136127271,0.21255110806365418,-0.04339778638328474,2.1632755203916205,0.09090929062178518,0.26735852443563374,-0.1174515364258383,-0.22540797188699238,0.16928111582344862,0.32941117410117315,0.19871705141454374,0.017316143426411346,0.013354197182544932,0.12740426401164895,-0.40019109075173,-0.03220774732164652,0.2306762441318141,-0.08740112195762273,0.36352138375733817,0.355123418053882,-0.10844135490974788,-0.20694037174869315,0.21089514093376432,0.06619715833506731,-0.14325032800254156,-0.011780269968669528,0.2780030052072005,0.35516731935597745,-0.2692864948844576,0.11768825353139313,-0.3121170876389053,-0.031634650376882296,0.19702435608797203,-0.04076371714898125,-0.08812641495299084,0.04524112914398724,0.22191750946459488
0.023010656622190824,0.10195452613811852,0.07060920904424996,0.0926807664964399,0.0628968948887193,0.11110787373752992,0.09441414432954805,0.07614493661268254,0.05669956049509865,0.11004949579994268,0.11287824539722348,0.17322654575667296,0.06008704680333409,0.034379093827270446,0.10801265619194765,0.11644311424662472,0.14936636067087045,0.027101202508746387,0.008313544123123125,0.23675599881430764,0.04273481535753359,0.0780794994833492,0.059205085804153165,0.06799032336130154,0.12150452107911597,0.09090929062178518,0.5557413318702197,0.10708379448754801,0.10514893374021426,0.030769058620116956,0.14519719623766977,0.13238522268932626,0.12411128201331453,0.11017253289922452,0.12488514314555481,0.16538769398108089,0.18599666635475176,0.22092357059044812,0.046822266240489754,0.1342356111601953,0.15885520451494198,0.13176881672353283,0.42525507785810346,0.01272175565918099,0.13216490963002517,0.08845934417587355,0.11206712802007764,0.008260655499012195,0.03408931145555652,-0.024683446016218843,-0.09864954352844767,0.0346157103644194,0.03149663649307441,0.07169049476811487,0.041344216939204696,0.008412504602042155,0.031735581769375916,0.008144930890089521,-0.009440833536095247
0.010756267289417266,0.16618355855091366,0.13014498336215177,0.020774598246169413,-0.0736414787622223,0.09846426591448733,0.02175219989318531,0.028225839525032416,0.08556779896352,0.057931154888195516,0.06667669979004108,-0.03628634833814698,0.04462787088603107,0.07986014035474363,0.14088232556200134,0.08081516087991594,0.15021301829885414,0.16903137842127328,0.15458968490341748,0.20056610544403158,0.14636033533782714,0.08455907043523168,-0.19457035235721282,0.07337345574524688,0.014567381052873234,0.26735852443563374,0.10708379448754801,1.1157432474730995,-0.13784945256412978,0.17611082784245777,0.19572134929249693,0.07035498104840418,0.3767351037485627,0.0768772009682864,0.43178656499937207,0.08589723165620171,0.3935974698379512,0.18923498596657423,0.19521224510367027,0.06046207441995318,0.39743588585471223,0.23357394747332785,0.1643457781316242,0.36327707555154964,0.26979853694142636,0.06907291781351876,0.15054392114386353,0.03809416312788357,0.012593172429228831,0.20942922614526754,0.033565136269203884,0.4893840327119507,-0.7764872123974508,-0.01875662601293257,-0.1534919598609507,-0.0003320892208168975,-0.04302304116416579,-0.02017365385835748,0.05843282409803033
0.033275294637629786,0.17023159174210886,0.23692120731872676,0.1499746796315192,0.11325752131094058,0.20638229861653395,0.07516698751046963,0.16507570585691966,0.048351739422099374,0.16602252808664664,0.16206203445320003,0.09524228994427447,0.09992333131039685,0.07800802587423865,0.12683917398438493,0.1321086896713213,0.24738063163915727,0.03859253391446171,-0.023293802906396575,0.25234397637601846,0.027878764290124394,0.04547328705862817,0.1627693477111277,0.1082210659574193,0.3783460410957074,-0.1174515364258383,0.10514893374021426,-0.13784945256412978,1.8792661534021287,-0.2652513977493698,-0.2562634071977417,0.12115139511141128,0.1170228516975421,0.3209653420611019,-0.047844417641686315,0.33216749732968565,-0.29057396085718534,-0.26223687617618224,-0.05680192611106012,-0.06673668163036144,0.1538127267431321,0.03146495179621028,-0.11177703108486754,-0.3364899922647019,-0.3943180437447639,0.12487847821411123,0.010689334942534224,-0.025591204536762186,0.018428309315408082,0.026671714258419733,-0.2542201212699182,0.08964684950464426,0.06951227839343009,-0.02002904104193384,-0.029438823847098575,0.030305975898643894,-0.017677199616371195,0.056772334797151304,-0.05843219263869418
-0.007761063640224009,-0.09003192854426673,-0.4178115204069053,-0.039589842650782456,-0.06799629218465157,-0.006506669083150536,0.03570041142407988,0.051694418051859245,-0.02301516943253849,-0.07703148677887872,-0.053602288146699345,-0.06318542782172591,0.020714347072357378,0.05720060759444975,-0.01113525540860968,0.07296903890509635,-0.05049497614770264,-0.014646157978778957,0.13937592655033104,-0.021256859083914545,0.23342126101634153,-0.010686719148972908,0.03624806815945486,0.10365562777195547,0.07983322115573617,-0.22540797188699238,0.030769058620116956,0.17611082784245777,-0.2652513977493698,3.1189695185144606,0.0825330106638112,0.19489623587612057,0.04724541118133039,-0.396413756326757,0.2861439973238614,0.5526508164605185,-0.007728388678916602,0.18165846417096165,0.05097924952297409,-0.15179878923753223,0.14888991950273636,0.12574254094198292,0.021491892105366353,0.17629538511219303,0.7709823549975281,0.4199502900267189,0.10973817596513141,-0.01525506360532085,0.1178210839940013,-0.1285337953716195,-0.032118407009735485,-0.02568960120230648,0.10151055096590565,0.01117843744574946,0.39141843237767565,-0.26424684467544385,0.08168935425286727,-0.03733331323168056,0.44334199480797754
0.03591159079312733,0.019817266684804782,0.1101837993813972,0.06980846461287084,0.07415505986310433,0.09676444248633077,0.08853032517728794,0.04545427692871764,0.09860392985852948,0.09869825570830885,0.09880196477153617,0.08835411792998975,0.029447919243738515,0.08275318713676058,0.12045218039979523,0.09124789495415529,0.13318462710701015,0.05331231588662719,0.08206734981777235,0.21791246973471326,0.10514997022067543,0.22376571991281938,0.21055708130671394,0.11951312971398913,0.17085128330899596,0.16928111582344862,0.14519719623766977,0.19572134929249693,-0.2562634071977417,0.0825330106638112,1.1146257038633052,0.15132420517255588,0.13804222029419988,-0.03202419669463631,0.15509575719239524,0.3969616361184156,0.29437388512194407,0.2830607923939117,0.3683314190620321,0.17224248938072165,0.259981226645302,0.1769685592660972,0.09773933894922994,0.3301466252822596,0.3057101191994761,0.1846232296942713,0.2151508989984541,0.005349272334179419,-0.07705207531050101,0.1400930426984414,-0.08001550868676104,0.06440497745605654,-0.013961062574983408,-0.04385095477868395,0.11615469347345389,0.08575210644126566,0.03661662660770108,-0.10258845503846126,-0.013795538222040217
0.03707957765379192,0.05356181045377169,0.07925016808514004,0.15346195795846385,0.11745146809854483,0.16411590464607342,0.1163824910270415,0.0835385766241092,0.07756076066089537,0.08501901309401844,0.10310428410850535,0.1722822985077573,0.06564524832998615,0.08709877226164824,0.057019134740783024,0.1386946768862226,0.08492584702174717,0.07650709392638329,0.12476069885536224,0.12628893192559187,0.10696458100001638,0.3447256634877027,-0.049510581758415946,0.03244852058007746,0.11295580073518655,0.32941117410117315,0.13238522268932626,0.07035498104840418,0.12115139511141128,0.19489623587612057,0.15132420517255588,0.6638738879288099,0.149028356197354,0.10613768420634682,0.0007201821349429468,0.14474760668570774,-0.13184800147927073,0.09525099639087894,0.16765193666852793,-0.014950035313022239,0.03485331579280799,0.2125061388140936,0.031121054594988335,-0.06914208110911867,0.12401301964477057,0.17640923082460247,0.16521091907090615,-0.03469907876840219,0.22739037433210044,-0.002620926790587398,-0.052235151930019624,0.09008065841383309,-0.007074851352192359,-0.07310329139130617,-0.06772735207098371,-0.07541961095537497,0.32630540278774933,-0.05958253441253845,-0.11644632572417081
0.011801393035537495,0.07022031557868322,0.13566476788109846,0.05446220898234578,0.014522194105869812,0.004365069156074122,0.11821881796939206,0.02796764222656516,0.1775745798412038,0.06004788528976252,0.08470563168452595,0.05387372904601779,0.035862976799710365,-0.004065613632986604,0.07711418388857919,0.04055306781619684,0.22757199635990727,0.0313412999876525,0.09775595684858791,0.21938046545112014,-0.031539752432948966,0.2190087802592114,0.1375349624417347,0.07864207819761083,0.09910693807378883,0.19871705141454374,0.12411128201331453,0.3767351037485627,0.1170228516975421,0.04724541118133039,0.13804222029419988,0.149028356197354,1.7947729835277693,0.19540478791620683,-0.5306875757606916,-0.12412142859531276,0.17537211911136996,0.41495587230545333,-0.02678766956754852,-0.0418869647473964,-0.29160611538569586,0.31570490114122157,0.09349220578557339,0.3481875097444158,-0.2651644783161529,0.1313865403940425,0.7021635518658849,0.1243665807012074,0.2908323372388573,-0.15667366227545337,-0.1004796521174083,0.133416403153723,0.12639306640267378,-0.17911858070251738,0.01017120833363676,0.04646449671261531,-0.054012016152890155,0.09007372773638711,0.18912536559753837
