0.893944466551874,0.2302473085383759,0.6313291397340454,0.08563719962729548,0.10503828163229903,0.19966864148609062,0.14831788986583525,0.07723202206842797,0.3688867747439109,0.058924861302231776,0.14166799422623932,0.16908446005730057,0.11643101601118015,0.13450050341823935,0.1559372066126012,0.11227737944664308,0.06864395167939538,0.1524640970026632,0.16249677785854263,0.03172630514568189,0.14445615672223971,0.18638557289597968,-0.00378684513844928,0.02359692646182572,0.14273396316833645,0.11160387939340458,0.07955453697145598,0.10095644571526899,0.1926257910845531,-0.19436202178173523,0.1425771114258281,0.13839469020328238,0.07311640343410772,-0.08261554319583539,0.14345484223170796,0.19384833482250613,-0.0406365246690464,0.045959016599857606,0.10005529293889749,-0.015345094290873457,0.13951581558805987,0.11116529466660797,0.1435250085802011,0.0198671124773262,0.22258886017614712,0.2365645578604465,0.030883453485258158,-0.09483499044239654,-0.2922215358246334,-0.1384724419081679,0.08889563293912837,0.021551684085937325,0.05368425952028045,-0.05071282417706031,0.17801726790130926,0.017615065826349655,0.1048324862738019,0.1059695985861229,-0.4266252568688501
0.2302473085383759,1.943370116406897,0.8912081672357585,-0.0945395817457364,-0.2548036156527386,0.9516277161567486,-0.18690557800058205,0.40403779626584235,0.3198114978436325,-0.026718371238893302,0.33780818375700333,0.2498444608650926,0.2456866692573424,0.3365023300406162,0.07645579906129531,0.2786972477806026,0.3347101586130847,0.4413597640302466,0.25474241830493305,0.28602697229130325,0.43602453946036446,0.2582340206607215,0.13928755210715973,0.11644523214688778,0.39234887674298496,0.20630646106617917,0.24078443919954326,0.21894008241324808,0.4742975288484168,-0.30636663673846454,0.2955345840359779,0.24871779874803188,0.11580839807462212,0.351127856135756,0.3591784061717988,0.3921913617571526,0.2196848081141015,0.1769018783122685,0.21546649449052468,0.07492012491267774,0.3225847935559527,0.12554274063924864,0.29650721837835686,0.09100319846824181,0.5739866154705077,0.3886579354719502,0.05707329090722854,-0.03858403071421983,-0.5373042170078759,-0.2379621252697913,0.3463797136147258,0.10598862604447433,0.06505400908835297,-0.1676795749247356,-0.6651175193934445,-0.13036292140492836,-0.3070100568006559,0.6941328792889462,-0.04253799359748354
0.6313291397340454,0.8912081672357585,2.605079871213462,0.19114436331818724,-0.12809283189376924,0.8820140885036484,0.0646329032253561,0.5720144425999023,1.0437337688738941,0.12676196841432294,0.6197189211775574,0.4795256716316725,0.3936584333793162,0.487712882032684,0.29000725411910905,0.4400176051716266,0.589634042987498,0.513398334941134,0.4834285304382284,0.4274424344440776,0.5648198434579504,0.5900593583470339,0.2551858832687986,0.3248197499870497,0.600134764558873,0.5695797065577259,0.298318883382885,0.40970150532775873,0.7706528816129118,-0.6426696725731461,0.5301794941492602,0.4238685861744099,0.20647021017302394,0.549637786287944,0.6838454613613372,1.0021286815318147,0.6602329740870606,0.3248775340393772,0.3119723446106354,-0.14123682926106979,0.6751267719842221,0.30780758424103744,0.4308308565984379,0.10046340623471708,1.0784181472550385,0.8807954600921335,0.13187297915805068,-0.18913634875629184,-1.2697980610680333,-0.3981706816089538,0.43720976163658276,0.1767004444416239,0.23221326625280184,-0.312769409681026,0.3108107150050674,0.18491740919319516,-0.060857101013756985,-0.48359270020029405,0.053074252434345756
0.08563719962729548,-0.0945395817457364,0.19114436331818724,1.0711536521982183,0.4493618963033152,0.3923549342892816,0.33097394222073223,0.2738760658100161,0.25709025618772896,0.16904646352337405,0.2538643107242917,0.362973645122281,0.32679109762472114,0.30702227363034446,0.3316093128188692,0.3110468190442845,0.2597291873309946,0.22516347752919616,0.29773270416507747,0.24043747235764767,0.17583232227613554,0.28637405955886686,0.1620257125054056,0.2540623117365433,0.25394439264534513,0.3010605472787235,0.2006363536551767,0.10583831183943053,0.2941980766384847,0.12859516021839687,0.23867128233111853,0.2806731160408933,0.20142263616378178,0.32403454741207804,-0.020257802710060495,0.3264603442177928,0.34104828777303026,0.1529626671044141,0.23323306233441837,0.09706687424138526,0.20332417564138378,0.18057750458836702,0.2327844742422941,0.037676539685591676,0.12555229224633507,0.2858244384496818,0.22702968552334066,0.023773273280340554,0.11098822667030739,0.12548049079584536,-0.05698781827669758,-0.03846155508150768,-0.04209050156714615,-0.03415296628369764,0.02664179893897095,0.07031584972724064,-0.08330535895381856,0.03975517522993634,-0.09988117622051045
0.10503828163229903,-0.2548036156527386,-0.12809283189376924,0.4493618963033152,1.5605869989943075,-0.18255144686881053,0.4416936546065756,0.18835517151894757,0.1223204140198095,0.4151195497239777,0.07450151844332913,0.2851255251491391,0.28021913744485727,0.2227079736283276,0.4668550364316158,0.2618487467665723,0.12133380392714406,0.2164940022321937,0.42156998648470034,0.2095251589451175,0.041852456025226074,0.225975976152782,0.1455395455329319,0.26862627603740374,0.11368210772519445,0.16859111350266043,0.17157716043900442,0.08067946000056357,0.12495805329716671,0.3215675942445177,0.19752384279235494,0.22790615602799377,0.3445532099717943,0.20908616062418564,-0.2720734330385474,0.2931603070537338,0.313397658776772,0.13067339773007125,0.22873850951295982,0.1125636330596336,0.11964725904023342,0.194537352642551,0.06530445493406933,0.01831270585446653,-0.07386634714111075,0.20054261859700281,0.3529259154098407,0.1244237534486717,0.34540737911230257,0.34771196536786264,-0.15979161181848775,-0.15305194666985705,-0.1669412679623572,0.06386093521252868,-0.22656940013421126,-0.013042844117975265,-0.03862151344734834,0.25542678951056663,-0.19400179455486607
0.19966864148609062,0.9516277161567486,0.8820140885036484,0.3923549342892816,-0.18255144686881053,1.9565722387825337,-0.3981240620258524,0.6787580462656682,0.5257095866010926,-0.09012566717189074,0.6023868362607396,0.4595206280794979,0.4631877506989229,0.6534553569276994,0.07720094646020002,0.5554686005454098,0.6839734684346582,0.3073398765200038,0.6899372399558158,0.5246930604159675,0.5197822008338414,0.4866862377664419,0.06697160197877738,0.32333640906815825,0.47042488528201853,0.5068742257814258,0.3849884376633485,0.27305056765427627,0.5773229267681318,-0.23951328126526583,0.44893987785359946,0.4661092202162294,0.21764422424863275,0.4429510289034481,0.5095890498656049,0.44142369428963063,0.6378166698044148,0.3528711809131429,0.4040445050985906,0.13503993356256844,0.4878644896918723,0.3283553086847279,0.48887370893468135,0.10642254469397243,0.543582416911716,0.4697824943772043,0.02512947929775471,0.04642477392437427,0.11440962229398768,0.18039791905248637,-0.21640276163062536,-0.12864761342554018,0.2586820556421394,-0.10290578412964484,-0.2953704658766394,0.01177309186562571,-0.25268752600930483,0.3897655575448481,-0.09158637595934971
0.14831788986583525,-0.18690557800058205,0.0646329032253561,0.33097394222073223,0.4416936546065756,-0.3981240620258524,1.8786401692987151,0.05076870759786679,0.8031066362879276,0.48337022089713266,0.26371441056654316,0.6381382609454453,0.5349054827235883,0.2183794393277208,0.7155813364154672,0.2630732305673474,0.1531952560588825,0.5417185594931814,0.07751883384529153,0.23352068197737108,0.1444649971113108,0.4338931951110242,0.4554101341111918,0.3340374219877995,0.39706901723981863,0.438912768554339,0.26231965530230594,0.2555982937345965,0.5096672873122057,0.4049046238529063,0.316321217372029,0.3789603080306349,0.21898619495241395,0.8084320390230392,0.1287410186898186,0.7046809280850099,0.23223428993134212,0.13910173084422836,0.387276640588912,0.1924737120206332,0.13673101741309537,0.11104326966091478,0.27337285082592994,0.09232818132288016,0.03470965059685928,0.47851240365088904,0.5712396076918405,0.005989688542625573,0.06548168432892991,-0.09195148057038538,0.14585759367612308,0.2887967811471987,-0.3182029878982054,-0.13627674621960992,-0.010003181520412746,0.10948704890801211,-0.07305031407923622,-0.05491415076495824,-0.20486787370074983
0.07723202206842797,0.40403779626584235,0.5720144425999023,0.2738760658100161,0.18835517151894757,0.6787580462656682,0.05076870759786679,0.9311654689074808,0.20648069685297826,0.22886221504156068,0.46703841178315475,0.25591142662683686,0.46340346372962743,0.48595124577271237,0.16422692387387705,0.42118769472646156,0.5561534677037469,0.33415695934708006,0.3549117578031929,0.45267136541998293,0.3179437709564186,0.3795535368417035,0.20159269275933192,0.3161032796965869,0.40886925356312176,0.4137269118675568,0.31051261403183067,0.15726093777585587,0.4754508411887253,0.09446736053139045,0.362601471159309,0.37479833504096816,0.146288732711527,0.49148532204905315,0.33935353525234385,0.5099513555300857,0.5559495468308888,0.2787758731532713,0.40512645114150014,0.15147542055216448,0.3606973852281631,0.19148596645960803,0.37394631200966066,0.08496072012679862,0.40947712856382074,0.46055975658477943,0.30508617613466715,0.04068662351435937,0.019429987805929683,0.042663693522938875,0.033727043891462596,-0.07668485458138723,0.24768717428430476,-0.18155363883990575,-0.26547538594016934,-0.025603159837393353,-0.06223055979863153,0.31791418494076845,-0.14748484370480966
0.3688867747439109,0.3198114978436325,1.0437337688738941,0.25709025618772896,0.1223204140198095,0.5257095866010926,0.8031066362879276,0.20648069685297826,2.083666435705716,-0.007372450331733649,0.3839258044855311,0.5042509195322249,0.48400678866955116,0.3875573699968664,0.2883527410445029,0.34656286247049717,0.37200098052399744,0.4421731837258158,0.35154875784014006,0.3729060402684329,0.31741016699489283,0.49448364941615375,0.31532865290577444,0.29584012314948704,0.2857607660615243,0.7221686936103775,0.2774298775290692,0.32863696435396444,0.5194888493055903,-0.08293759421416934,0.38901177313306046,0.40543985895298246,0.16863557224267378,0.7659676210859614,0.4373658081767484,0.731303967673465,0.5339987826215183,0.25627662459078626,0.42709489320703325,0.08172827924407922,0.29774517288486846,0.20170076662465192,0.45368859563347,0.09847104024276881,0.5713061128288839,0.5642574471339226,0.23718997037813044,-0.016583102518307025,-0.21799396678981117,-0.26153495296222007,0.22766296250102747,0.3275439035760275,0.01764784258218885,-0.23360619687151002,0.46844942540263795,0.29564317560403963,-0.035200203134386106,-0.5443162812716917,-0.1004989306157448
0.058924861302231776,-0.026718371238893302,0.12676196841432294,0.16904646352337405,0.4151195497239777,-0.09012566717189074,0.48337022089713266,0.22886221504156068,-0.007372450331733649,1.0904997904637512,0.09082104211575119,0.2709881566416674,0.22471713553669573,0.2173873304918573,0.3486195123288298,0.20295322290148857,0.183004448008613,0.3773419533010341,0.08399164121089968,0.18782269478324218,0.10023116000067264,0.3946783295546854,0.2402031031522584,0.23186106649406366,0.2553312301727007,0.11481817740992999,0.2134933406049152,0.18468715213455103,0.2944803626059546,0.35802988956721715,0.218814684391502,0.26715103732425644,0.2124473492849802,0.41937648149370926,0.133391353883164,0.48281111584439745,0.0669958743134795,0.10336664192962378,0.265851828327228,0.13030641987837527,0.2662246301317416,0.1050605045982558,0.15889698802795127,0.09001529301338239,0.13868033656364842,0.3561637724382892,0.4831895609810076,-0.11281293767411792,-0.148821742012873,0.08503423106329702,0.013626503258646496,-0.176349623702492,-0.12795328345580106,0.09819986613754496,-0.18335197759078148,-0.05648150362950012,0.08711773514693254,0.1266062176835934,-0.14942964187386493
0.14166799422623932,0.33780818375700333,0.6197189211775574,0.2538643107242917,0.07450151844332913,0.6023868362607396,0.26371441056654316,0.46703841178315475,0.3839258044855311,0.09082104211575119,0.9728815460557693,0.43024138856931754,0.4089815424535479,0.37012891411853477,0.2568710884129825,0.3811302853804748,0.506845053399844,0.32692754008546193,0.28566906398358644,0.4295657164599973,0.37426113212732,0.35084356756123064,0.19708136380042487,0.2868226292626921,0.3763400610135722,0.45940006485795254,0.296742680219498,0.19454510664419655,0.5419560677396835,-0.04556233614272177,0.3529344242569862,0.3346276685042029,0.0870870173925017,0.47447120490944306,0.4147038849114068,0.5148675804290865,0.43867904562632987,0.25114377173936037,0.3942757630287082,0.16655680817368562,0.3215984164015461,0.2175984575080399,0.3576912992597959,0.07461240231301135,0.39448734955615367,0.425926138807571,0.2653273997819407,0.03885431754987862,-0.00018464115547335198,-0.079597122497424,0.03579301517508924,-0.01641468986977253,0.23423319342666885,-0.1323655643368778,-0.12505180215156,0.07149466877202713,-0.1393191580030549,0.11935649096685008,-0.12755294249503865
0.16908446005730057,0.2498444608650926,0.4795256716316725,0.362973645122281,0.2851255251491391,0.4595206280794979,0.6381382609454453,0.25591142662683686,0.5042509195322249,0.2709881566416674,0.43024138856931754,0.8533030906333889,0.4067023672050668,0.357768497312528,0.44777338766960073,0.39058762231569105,0.4089277126683286,0.34848511422340334,0.30858092679930976,0.3498420812830744,0.2969428294846056,0.304843484645354,0.2058126079345686,0.28447433292273216,0.437929638711407,0.4915584830852823,0.358419342698921,0.23676946298501403,0.48359458264594685,0.012730853366238309,0.37284715892981174,0.39722847943207085,0.13494956233940764,0.5425563243706953,0.30783034353678007,0.5697113202903686,0.3053227606733325,0.20979577801894578,0.3216121496127551,0.17927959834251933,0.2536978403191191,0.22155808061029975,0.3188157083232507,0.05337679198620206,0.31750675433169623,0.43640646656566906,0.3090308240828221,0.0697828657963917,-0.07865159082702695,0.009586242446711546,0.012542228263548675,0.09226810378942868,-0.11555312959352654,-0.06363888024145675,-0.15787414700583086,0.09325974217825303,-0.17031747085125254,0.1502641210884901,-0.24895524778430653
0.11643101601118015,0.2456866692573424,0.3936584333793162,0.32679109762472114,0.28021913744485727,0.4631877506989229,0.5349054827235883,0.46340346372962743,0.48400678866955116,0.22471713553669573,0.4089815424535479,0.4067023672050668,0.754229152022405,0.40296666909302914,0.2372660891159398,0.3884460349688078,0.44147628177599874,0.3900323449148402,0.29302137460779637,0.3668888963743208,0.3072047751105419,0.5078515722660517,0.2735019161674705,0.33994264940421626,0.3850702443676593,0.39599930918257076,0.3232880753688604,0.2351473904511058,0.5525499540523997,0.16829802455435813,0.3481249208354543,0.41377510924290084,0.17419979379462885,0.5442564416608542,0.3366720974650059,0.5731533555913503,0.4075018939292533,0.2271149762154813,0.4073295233985945,0.1855779307460524,0.33110182669190635,0.19942635381885998,0.3847299853482056,0.11457662401493172,0.1814371991403766,0.4950368828131977,0.36694189777402125,-0.03182742728178683,0.14368799183503386,0.05333978347583929,-0.002291825471350031,-0.021902970769036228,0.029485531417730654,-0.10071249910128248,-0.1255269745061651,0.054159860330532335,-0.10818773788870471,0.13979168006651702,-0.14707138603142392
0.13450050341823935,0.3365023300406162,0.487712882032684,0.30702227363034446,0.2227079736283276,0.6534553569276994,0.2183794393277208,0.48595124577271237,0.3875573699968664,0.2173873304918573,0.37012891411853477,0.357768497312528,0.40296666909302914,0.701232679852639,0.2889003420622307,0.4835052015607045,0.40685680867317664,0.29153793976377257,0.33886836742555365,0.4373056407949274,0.3257057087008294,0.3780001548162399,0.16440320718623302,0.3435395619920403,0.37054956770450376,0.385634512326979,0.30842898618889464,0.2502101107336203,0.4290597383047539,0.1464407352985501,0.37067484782645094,0.473544608975677,0.24168139522451926,0.40030791531918297,0.3579024958932652,0.554457764044552,0.4836103491949834,0.2713366029152091,0.32052553404244744,0.1482597959167805,0.3479184091109382,0.23031176692326014,0.3614346216980595,0.07490495780159305,0.3861321013480774,0.45812250684013855,0.2805882472500068,0.04437721289473482,-0.08021062392447409,-0.02693115176673839,-0.02335181021262716,-0.09212953876668899,0.18705369818748807,-0.10805348740127546,-0.1896900124561108,0.003240937596631995,-0.030058141091507243,0.19846606423883012,-0.11827037584607945
0.1559372066126012,0.07645579906129531,0.29000725411910905,0.3316093128188692,0.4668550364316158,0.07720094646020002,0.7155813364154672,0.16422692387387705,0.2883527410445029,0.3486195123288298,0.2568710884129825,0.44777338766960073,0.2372660891159398,0.2889003420622307,1.34238421966052,0.2375583325961281,0.10736570310780755,0.4229882594296288,0.2493097326027663,0.28705756364579266,0.15676377728189755,0.17941545432284925,0.23662177150788866,0.2942596901669093,0.32889390028030163,0.2789213475140376,0.18362009789011002,0.26297322961064323,0.4073088851621,0.2249733262655316,0.28171088021782975,0.2666799644857158,0.28696115778399844,0.44722964238507334,0.12078174949138593,0.5043807034856065,0.3759741906032668,0.15521797433503645,0.23166323864191188,0.10069063952547544,0.22435771603751556,0.2089792867963,0.27450191407830254,0.047188593276741325,0.25903597291575114,0.3350577347090672,0.358368128081506,0.1590341461824347,-0.0773463812928703,-0.003277320455965502,0.057384018822339816,0.16027316910109907,-0.17780793524069244,-0.08256921890956302,-0.055728844903353565,0.138263193633486,-0.04598773249642048,0.027293122339554998,-0.11531315632735818
0.11227737944664308,0.2786972477806026,0.4400176051716266,0.3110468190442845,0.2618487467665723,0.5554686005454098,0.2630732305673474,0.42118769472646156,0.34656286247049717,0.20295322290148857,0.3811302853804748,0.39058762231569105,0.3884460349688078,0.4835052015607045,0.2375583325961281,0.7639194395923424,0.6122745649405041,0.24077954967105933,0.32882138443420744,0.41683033683721193,0.32101344188771386,0.35483766121277116,0.10613117427917647,0.3308617283614766,0.38720391897230944,0.35795992584424025,0.345321615864319,0.28750021662978203,0.4868764997335401,0.105756086125437,0.37940205277320804,0.3930548558972761,0.08575846318329149,0.4159333681946022,0.5357848699730071,0.5328267746431249,0.511120929747611,0.2513628639330796,0.35126178258780566,0.23836063569452,0.37821793998435493,0.26900791819695496,0.4588669920268582,0.063921083139426,0.3867152800246372,0.43331688637646776,0.31656642486642333,0.0335290059291376,-0.01810719054465984,-0.05099019319489999,-0.02613156892092385,-0.0681918844411725,0.125761472576327,-0.07758600926985977,-0.14908657094629454,0.03597713471490089,-0.13609749508862312,0.2083054438510864,-0.11567155610389585
0.06864395167939538,0.3347101586130847,0.589634042987498,0.2597291873309946,0.12133380392714406,0.6839734684346582,0.1531952560588825,0.5561534677037469,0.37200098052399744,0.183004448008613,0.506845053399844,0.4089277126683286,0.44147628177599874,0.40685680867317664,0.10736570310780755,0.6122745649405041,1.4835320930988602,0.14746909823855645,0.41123848077976793,0.6110622198750559,0.5006757852994992,0.3989152598212115,-0.022336288214486102,0.36455816811160424,0.6958627771721151,0.33772964190671945,0.41457123299608517,0.3801283684378421,0.60594306688482,0.014502010278136248,0.5100970118456545,0.36410106587946955,-0.004008784746450584,0.4965728469245779,0.6428049486736561,0.5588327696601724,0.7262408088440904,0.3451202352850613,0.5978446625080478,0.29000708989535656,0.5823634139777515,0.24064184287244028,0.48300578241005687,0.066420500397003,0.7496917987213938,0.5281146186918633,0.42882509344710945,-0.09625236829186767,-0.3607034824070501,0.6469300930553874,0.050121000477730535,-0.1531899015801538,-0.1381567066399178,-0.07227712855912626,-0.0848088045484303,0.01526638077528451,-0.15655197363881956,0.13020792980042778,0.007058898589731662
0.1524640970026632,0.4413597640302466,0.513398334941134,0.22516347752919616,0.2164940022321937,0.3073398765200038,0.5417185594931814,0.33415695934708006,0.4421731837258158,0.3773419533010341,0.32692754008546193,0.34848511422340334,0.3900323449148402,0.29153793976377257,0.4229882594296288,0.24077954967105933,0.14746909823855645,0.9807175951914215,0.2443826553339934,0.17508432503855492,0.29003109807390465,0.48041217161742317,0.5806956702729792,0.30645997293745747,0.4263491223741992,0.299507344270189,0.1306861972074077,0.2542799899182636,0.5471407193766709,0.14870298216687106,0.3990890355020174,0.3191679778766424,0.35200500015358416,0.5690972236189418,0.09981835441051985,0.7684298103588985,0.37865012804722087,0.15574050834366024,0.3344578050290201,0.11224747905824654,0.3398725255781655,0.0991884973882593,0.427866184354689,0.13007092473110476,0.4132165884700373,0.5315759388663946,0.44060727089183527,-0.04219441090167848,-0.35566992662559677,-0.025356911943408632,0.3561564243872519,0.09587447593950717,-0.20131233958925707,-0.2064714544620467,-0.11355071250578573,0.08348369704069285,-0.04329353251800948,0.1126923443756186,-0.17484508161240925
0.16249677785854263,0.25474241830493305,0.4834285304382284,0.29773270416507747,0.42156998648470034,0.6899372399558158,0.07751883384529153,0.3549117578031929,0.35154875784014006,0.08399164121089968,0.28566906398358644,0.30858092679930976,0.29302137460779637,0.33886836742555365,0.2493097326027663,0.32882138443420744,0.41123848077976793,0.2443826553339934,0.9786443641507637,0.33633559354242654,0.3271147060324434,0.1854299599951853,-0.00826624885937746,0.289303575344366,0.3789002098884448,0.33574802561675593,0.22308444971026947,0.303094786372992,0.32959405535308867,-0.029599252942165703,0.3467218729754218,0.2766105806631511,0.3521354296673554,0.269467669920167,0.14792069858508744,0.3141465722674665,0.6931112765572219,0.24198443064582134,0.24495562217588096,0.1122558431828302,0.42357886954257706,0.20507979628032888,0.27989662713709884,0.04276682453740302,0.5689611746094978,0.3640559062553043,0.18347706648017106,0.19265573882774464,-0.044518367998335244,0.11769968636576136,0.24244413893425523,0.19762628413621364,-0.17210866597621483,-0.13097947380777722,-0.08731770017709836,0.051260444556260935,-0.07857042332618364,0.1317511959590909,-0.09170453589759255
0.03172630514568189,0.28602697229130325,0.4274424344440776,0.24043747235764767,0.2095251589451175,0.5246930604159675,0.23352068197737108,0.45267136541998293,0.3729060402684329,0.18782269478324218,0.4295657164599973,0.3498420812830744,0.3668888963743208,0.4373056407949274,0.28705756364579266,0.41683033683721193,0.6110622198750559,0.17508432503855492,0.33633559354242654,1.3728246004143945,0.3462101122710542,0.05751966003406678,0.023107788321082547,0.4675997825906946,0.46700227526034327,0.33610405451589437,0.4152812400397751,0.31325369596529584,0.5466361141029131,0.41588243436363165,0.4799516315805699,0.3064787971868562,0.11000968839296857,0.5757534715629147,0.5402936889094376,0.5601237918829063,1.2246755536876626,0.6504191434267956,0.5139295054523236,0.3002438382318278,0.028585077635561666,0.28068317218888483,0.8444149431662992,0.07536777703028014,0.6514208016725779,0.4591803278823692,0.45329793147740527,0.44199474187055415,0.03785968431906209,-0.053512818828861684,-0.15496582489227845,0.08228400672099502,0.2643490777169288,-0.18901923824082642,-0.029261608562033775,0.06935646940868151,-0.08478368627130334,0.07941892111921668,-0.03059304481856849
0.14445615672223971,0.43602453946036446,0.5648198434579504,0.17583232227613554,0.041852456025226074,0.5197822008338414,0.1444649971113108,0.3179437709564186,0.31741016699489283,0.10023116000067264,0.37426113212732,0.2969428294846056,0.3072047751105419,0.3257057087008294,0.15676377728189755,0.32101344188771386,0.5006757852994992,0.29003109807390465,0.3271147060324434,0.3462101122710542,1.0342971849085831,0.24224952032124064,0.2380111438652687,0.29796236502376916,0.33460028494415667,0.2529733058031387,0.21314497203727212,0.3484019141329403,0.38048922659038725,0.019219430056012496,0.317606733341521,0.3180221572931652,0.1475713660281369,0.32838770299314296,0.49433495654601406,0.6474114249938443,0.2881968343821805,0.1839753976827892,0.40580486897004603,0.1950686149083603,0.5682566350785389,0.2992066756907255,0.3263364169262335,0.11803721419942063,0.9770270040231258,0.41534229373696985,0.29194782717335066,-0.017206753189522597,-0.8567950865081146,0.05494688114396833,0.27170201049834375,0.03695311489374774,-0.015277016447428644,-0.09483037529367029,-0.09651240470823644,0.05478129114671125,-0.07573944313936186,0.09194320801811073,-0.09644683415732498
0.18638557289597968,0.2582340206607215,0.5900593583470339,0.28637405955886686,0.225975976152782,0.4866862377664419,0.4338931951110242,0.3795535368417035,0.49448364941615375,0.3946783295546854,0.35084356756123064,0.304843484645354,0.5078515722660517,0.3780001548162399,0.17941545432284925,0.35483766121277116,0.3989152598212115,0.48041217161742317,0.1854299599951853,0.05751966003406678,0.24224952032124064,2.2013123259231953,0.46905578966374917,0.3546341313466698,-0.005073855280574475,0.20765393499111917,0.2812291988737266,0.18651867118254267,0.6135495329663755,0.20015779461708724,0.29904505827352823,0.5240044046319506,0.5288977504813623,0.3891186640328149,0.01989651779075742,0.7916582765146852,-0.012961956765221931,0.19268807873225663,0.5144834340926576,0.09592891338727136,0.6183878905803009,0.3032580577507055,0.43568654640002163,0.15573149463950708,-0.15974862151433078,0.7373204353470489,0.38094088190822883,-1.0642263239831988,0.761023380925916,-0.0987121917948811,-0.14712215155509203,-0.518210272594299,0.19170321619609199,-0.0499830236448835,-0.007911701234038815,0.08999330476317739,-0.1299371056814287,0.12106503004426848,-0.26684804302904797
-0.00378684513844928,0.13928755210715973,0.2551858832687986,0.1620257125054056,0.1455395455329319,0.06697160197877738,0.4554101341111918,0.20159269275933192,0.31532865290577444,0.2402031031522584,0.19708136380042487,0.2058126079345686,0.2735019161674705,0.16440320718623302,0.23662177150788866,0.10613117427917647,-0.022336288214486102,0.5806956702729792,-0.00826624885937746,0.023107788321082547,0.2380111438652687,0.46905578966374917,1.3819214426613087,0.40783256986947974,0.36994223565724177,0.057599493067000976,0.13301021626356885,-0.005207451889594992,0.48622150224095967,0.4632564272630342,0.20417677276206098,0.19594332761248923,0.38436158142294047,0.455924410036786,-0.09458253201120895,1.221451531354036,0.2160296894259212,0.07399778285480932,0.401515123063134,0.1049740986622256,0.27868167277767053,0.0565487347671913,0.3851690330783006,0.23266900606907526,0.07789241330952253,0.4973738914541368,0.32105310987885627,0.08188249101260194,-0.19421973083076896,-0.24830704512644058,0.1939343071526709,-0.04045667393405596,0.28952908572152325,-0.1667578495403098,-0.14661272901065034,0.05792625539670969,-0.04926173107422077,-0.0005704723369947368,-0.011953194266653979
0.02359692646182572,0.11644523214688778,0.3248197499870497,0.2540623117365433,0.26862627603740374,0.32333640906815825,0.3340374219877995,0.3161032796965869,0.29584012314948704,0.23186106649406366,0.2868226292626921,0.28447433292273216,0.33994264940421626,0.3435395619920403,0.2942596901669093,0.3308617283614766,0.36455816811160424,0.30645997293745747,0.289303575344366,0.4675997825906946,0.29796236502376916,0.3546341313466698,0.40783256986947974,0.83362208072768,0.39832432972207565,0.27287188569319776,0.28420172640312624,0.34379279338693797,0.33430323849563365,0.5100944302272915,0.43097092191979613,0.3336611405472457,0.5459604086014908,0.17908662530400538,0.2594427134311897,0.9039983193112991,0.6172629135156615,0.32237626541966374,0.37018362497761775,0.21453167899735967,0.4043609522525211,0.27818779394293325,0.5197217676981549,0.09576364331015545,0.4558660340748913,0.5339606888230383,0.3385529669390985,0.18861710444551866,-0.15990283148262338,-0.10480625754390117,0.03420648022584084,-0.026160889558689344,0.21909223692883226,-0.15343371981750076,-0.0985347035563545,0.036170746966437045,-0.046912427352423056,0.08776847236423399,-0.0845305611369769
0.14273396316833645,0.39234887674298496,0.600134764558873,0.25394439264534513,0.11368210772519445,0.47042488528201853,0.39706901723981863,0.40886925356312176,0.2857607660615243,0.2553312301727007,0.3763400610135722,0.437929638711407,0.3850702443676593,0.37054956770450376,0.32889390028030163,0.38720391897230944,0.6958627771721151,0.4263491223741992,0.3789002098884448,0.46700227526034327,0.33460028494415667,-0.005073855280574475,0.36994223565724177,0.39832432972207565,2.4817955463967993,0.5837292279115233,0.4094213255034992,0.17734381896150955,1.0019309243711398,0.3285346669386411,0.5447423063288658,0.3778227938100009,-0.10995000030152324,1.015198208498829,0.5139234697784681,0.6157745048546505,0.6260676649346583,0.2919908901660805,0.18108105604016106,0.13210659727256882,0.4694853038756102,0.08882296812822342,0.5832537091661593,0.11222381733887078,0.9196436837539297,0.8362911585668027,0.5812601302286688,-0.06340729056780448,-1.6930575740075253,-0.586967194775719,0.5871141597132283,0.16085468175881484,0.09385340947882713,-0.16547253951577529,-0.1572362265703376,0.04202534122189302,-0.1348293561423217,0.20216243841370407,-0.07314357888663704
0.11160387939340458,0.20630646106617917,0.5695797065577259,0.3010605472787235,0.16859111350266043,0.5068742257814258,0.438912768554339,0.4137269118675568,0.7221686936103775,0.11481817740992999,0.45940006485795254,0.4915584830852823,0.39599930918257076,0.385634512326979,0.2789213475140376,0.35795992584424025,0.33772964190671945,0.299507344270189,0.33574802561675593,0.33610405451589437,0.2529733058031387,0.20765393499111917,0.057599493067000976,0.27287188569319776,0.5837292279115233,1.4952555732258075,0.33048577761435866,0.30328737959124513,0.6461347870269329,0.19902659421274915,0.38284043006982243,0.44333010076704343,0.17224258969065415,0.6680496287068741,0.40760575661667553,0.5190738335099714,0.8487056044543253,0.25601835765653164,-0.31272638653698887,0.07915266533677746,0.3062530394941119,0.29448171884834046,0.45219188184066933,-0.00028855664161892924,0.7292016158996093,0.5344770116088743,0.3379881049081382,0.1776160491809744,-0.323609526564667,-0.39469443894541795,0.24984996804842508,0.12610484932534013,0.03998731880380452,-0.1230557743794322,-0.07468102610056902,0.14257101375938916,-0.21824878383292895,0.09987720697890728,-0.13425377911100606
0.07955453697145598,0.24078443919954326,0.298318883382885,0.2006363536551767,0.17157716043900442,0.3849884376633485,0.26231965530230594,0.31051261403183067,0.2774298775290692,0.2134933406049152,0.296742680219498,0.358419342698921,0.3232880753688604,0.30842898618889464,0.18362009789011002,0.345321615864319,0.41457123299608517,0.1306861972074077,0.22308444971026947,0.4152812400397751,0.21314497203727212,0.2812291988737266,0.13301021626356885,0.28420172640312624,0.4094213255034992,0.33048577761435866,0.7303105762465208,0.2599836716297815,0.39044534840014383,0.19496055940525728,0.3282741483211609,0.3274534579068422,0.11543646008278054,0.35859326094316846,0.41932090446281645,0.49490074304467796,0.3793764077451688,0.24294607186038283,0.2598164032426284,0.20024750579873238,0.22360077582029228,0.19881448010055336,0.33079034245368366,0.06201542735693586,0.21400677071521043,0.42246868959156814,0.26482285213539764,0.09086281384818269,0.10192591754047003,-0.053768207160164255,-0.09182561668340987,0.04862482745578912,0.07884771842555649,-0.034705364214147896,-0.12127480531010323,0.018646068099538456,-0.05973824390809474,0.14241613330498418,-0.13907615104252247
0.10095644571526899,0.21894008241324808,0.40970150532775873,0.10583831183943053,0.08067946000056357,0.27305056765427627,0.2555982937345965,0.15726093777585587,0.32863696435396444,0.18468715213455103,0.19454510664419655,0.23676946298501403,0.2351473904511058,0.2502101107336203,0.26297322961064323,0.28750021662978203,0.3801283684378421,0.2542799899182636,0.303094786372992,0.31325369596529584,0.3484019141329403,0.18651867118254267,-0.005207451889594992,0.34379279338693797,0.17734381896150955,0.30328737959124513,0.2599836716297815,1.0343010898459204,0.23568498228796358,0.09463390481909939,0.3709500480327415,0.2698452221806858,0.5140308262571703,0.18011278732731031,0.9130458565466488,0.7833192281607615,0.4191927851930117,0.22296406808852876,0.19236272207472777,0.22041659334427724,0.34730627370802153,0.2402048501078568,0.4361915530760391,0.12449639507092054,0.6759528787580503,0.3566158114662157,0.17674975764350273,0.2197193497962053,-0.4283906251565825,0.08414025306717371,0.08817674865457371,0.42591678914589964,-0.5686424043647825,-0.015439324922964364,0.05182659823634654,0.07603692848669732,-0.003999563890931902,-0.0988408391187168,-0.008261992081979122
0.1926257910845531,0.4742975288484168,0.7706528816129118,0.2941980766384847,0.12495805329716671,0.5773229267681318,0.5096672873122057,0.4754508411887253,0.5194888493055903,0.2944803626059546,0.5419560677396835,0.48359458264594685,0.5525499540523997,0.4290597383047539,0.4073088851621,0.4868764997335401,0.60594306688482,0.5471407193766709,0.32959405535308867,0.5466361141029131,0.38048922659038725,0.6135495329663755,0.48622150224095967,0.33430323849563365,1.0019309243711398,0.6461347870269329,0.39044534840014383,0.23568498228796358,3.017467511069315,0.5392305997852722,0.3650711098720246,0.44944422522864547,-0.35649219386252706,1.0043888354153974,0.7374843868052822,0.9521936063456099,1.1187055662570868,0.2237363073325075,0.39750056559656144,0.2570280629378531,0.5356027581849255,0.13847127622056943,0.8494173330528224,0.008603560577859388,0.9288111633589986,0.8968830461504981,0.8639925612192931,-0.24827633597981774,-0.16918986987505946,-0.20124936224665074,0.4037624173879959,0.069954816141051,-0.0554621384570347,-0.18003460062234147,-0.1439272734485718,0.13364064130012715,-0.30582437633319437,0.17433711704427624,-0.0027343217292586024
-0.19436202178173523,-0.30636663673846454,-0.6426696725731461,0.12859516021839687,0.3215675942445177,-0.23951328126526583,0.4049046238529063,0.09446736053139045,-0.08293759421416934,0.35802988956721715,-0.04556233614272177,0.012730853366238309,0.16829802455435813,0.1464407352985501,0.2249733262655316,0.105756086125437,0.014502010278136248,0.14870298216687106,-0.029599252942165703,0.41588243436363165,0.019219430056012496,0.20015779461708724,0.4632564272630342,0.5100944302272915,0.3285346669386411,0.19902659421274915,0.19496055940525728,0.09463390481909939,0.5392305997852722,3.0511874343273857,0.2882371889825607,0.21417949944257236,0.4057190779069607,0.3799312198570161,-0.019266954928696723,0.669490562424741,0.9110759674493053,0.3238547562714811,0.48959287343095537,0.010781191079067474,-0.019227822463157893,-0.04730597886640241,0.6183785025246985,0.208946424523232,0.6021494006561199,0.519510282821505,0.8877397918087961,0.14331345028866666,-0.15194117848928143,-0.11639810554197114,-0.06644721785460624,-0.31426550316294183,0.3614418666469839,-0.10471347023035776,-0.09093726367284258,0.038190285859778246,0.010858345464974353,0.2811644629459385,-0.2654046435415491
0.1425771114258281,0.2955345840359779,0.5301794941492602,0.23867128233111853,0.19752384279235494,0.44893987785359946,0.316321217372029,0.362601471159309,0.38901177313306046,0.218814684391502,0.3529344242569862,0.37284715892981174,0.3481249208354543,0.37067484782645094,0.28171088021782975,0.37940205277320804,0.5100970118456545,0.3990890355020174,0.3467218729754218,0.4799516315805699,0.317606733341521,0.29904505827352823,0.20417677276206098,0.43097092191979613,0.5447423063288658,0.38284043006982243,0.3282741483211609,0.3709500480327415,0.3650711098720246,0.2882371889825607,1.0513612803134207,0.36106875234911867,0.33977585842272445,0.3804593548904516,0.3787779606708033,0.957242350959995,0.6800670068258269,0.37365684453570724,0.36424391033854814,0.19077217570729535,0.3375931178016761,0.22321807100722535,0.4633079613485767,0.029916302822315145,0.642333142752026,0.6245997103972127,0.3717268833305391,0.14393731055099102,-0.6227926130513408,-0.0358925393931539,0.14763301493261516,0.053501118381359854,0.048062912813089755,-0.1831056829640001,-0.05080186477057272,0.08201493660005503,-0.03249425833062395,0.009743630075895108,-0.11308320427737394
0.13839469020328238,0.24871779874803188,0.4238685861744099,0.2806731160408933,0.22790615602799377,0.4661092202162294,0.3789603080306349,0.37479833504096816,0.40543985895298246,0.26715103732425644,0.3346276685042029,0.39722847943207085,0.41377510924290084,0.473544608975677,0.2666799644857158,0.3930548558972761,0.36410106587946955,0.3191679778766424,0.2766105806631511,0.3064787971868562,0.3180221572931652,0.5240044046319506,0.19594332761248923,0.3336611405472457,0.3778227938100009,0.44333010076704343,0.3274534579068422,0.2698452221806858,0.44944422522864547,0.21417949944257236,0.36106875234911867,0.7087818061223784,0.25224286503625887,0.3971769195664509,0.26303955789235545,0.5951057712013038,0.28399009967917677,0.22829078622920856,0.2537885920270428,0.09105416784260606,0.29716107580865264,0.15525705591952194,0.16376209955240423,0.052583606830440194,0.3406516589500963,0.5077988490142117,0.3450222116714394,-0.11910197268557256,-0.1970029648506866,0.02343633896049893,0.020709646613940678,0.02504959166267136,-0.076294223342891,-0.0718725374046952,-0.0767407578457795,-0.0396605889068666,0.19499700750172339,-0.03699839928341672,-0.1406608003811954
0.07311640343410772,0.11580839807462212,0.20647021017302394,0.20142263616378178,0.3445532099717943,0.21764422424863275,0.21898619495241395,0.146288732711527,0.16863557224267378,0.2124473492849802,0.0870870173925017,0.13494956233940764,0.17419979379462885,0.24168139522451926,0.28696115778399844,0.08575846318329149,-0.004008784746450584,0.35200500015358416,0.3521354296673554,0.11000968839296857,0.1475713660281369,0.5288977504813623,0.38436158142294047,0.5459604086014908,-0.10995000030152324,0.17224258969065415,0.11543646008278054,0.5140308262571703,-0.35649219386252706,0.4057190779069607,0.33977585842272445,0.25224286503625887,1.975110460333076,-0.29097786947126725,-0.5990545581603621,0.6931265247470662,0.7428181556260753,0.20023270900011453,0.12037633757321832,-0.07917207350834016,0.1325077686610807,0.1909484729439165,0.1913724854499138,0.12096039350622215,0.272253894485023,0.39499637153473255,0.16092962554974438,0.1515156386293582,-0.24301878904064922,-0.006880909767785817,-0.018381705575686098,-0.1524813831272842,0.16818307355393525,-0.1513064431258478,-0.29830424216925255,-0.12772002558610254,-0.13557463125140048,0.40132918717927446,-0.08824351099902224
-0.08261554319583539,0.351127856135756,0.549637786287944,0.32403454741207804,0.20908616062418564,0.4429510289034481,0.8084320390230392,0.49148532204905315,0.7659676210859614,0.41937648149370926,0.47447120490944306,0.5425563243706953,0.5442564416608542,0.40030791531918297,0.44722964238507334,0.4159333681946022,0.4965728469245779,0.5690972236189418,0.269467669920167,0.5757534715629147,0.32838770299314296,0.3891186640328149,0.455924410036786,0.17908662530400538,1.015198208498829,0.6680496287068741,0.35859326094316846,0.18011278732731031,1.0043888354153974,0.3799312198570161,0.3804593548904516,0.3971769195664509,-0.29097786947126725,2.398076425616142,0.6785421160177997,0.5008298271462552,0.7720842998453451,0.2760115180859935,0.45671815889533923,0.16872298834521693,0.5251596554964624,0.17143059368913807,0.9684303295346426,0.28069125461254957,0.6878566285401067,0.6228768385541629,0.7524606534115915,-2.5637038493950678e-5,-0.21804319153587873,-0.4552776985628634,0.33513040403659894,0.1467351593596707,0.03991044611697512,-0.1138624680630323,-0.127921798133105,0.13895828550521527,-0.2861544071082,0.10578754250878054,0.041402330789505934
