1.9075962804138158,0.27935157508733993,0.5488942800252733,0.15344250959457711,0.5233570030881375,0.2799205808621288,0.5367942604534345,0.3360872435637143,0.37657063842319777,0.34478777138823896,0.36786046855443766,0.4051017211003949,0.330302838194437,0.4082403860265473,0.4516875847271683,0.3396329607770255,0.2709947938410916,0.29404595483378526,0.3263730653018183,0.195524653795822,0.3253342191659949,0.2150409538561381,0.09982263854817466,0.16421470756334164,0.2678030308334303,0.3048160909551969,0.2456715636554083,0.18104845721005147,0.2823934657995639,0.2595731340558645,0.3266836383435502,0.06967415533105782,0.4697041878550043,-0.15856498624840365,0.07666069105257808,0.44285491809264704,0.1933424735763491,0.15075900997763772,0.3316522048324569,0.08511665892830993,0.25725348056337144,0.1758707664570472,0.17600770862737292,0.12422665986139421,0.2915758924149111,0.5828684839207375,0.25786369457987035,-0.4366851678847635,0.26238096541844697,-0.026236248012937724,-0.19106574092028625,-0.12015870196719261,0.3348760853969358,-0.09085735878308997,0.016643571248731892,0.040805530672652406,0.20585038003139755,0.272597578061261,-0.5560146372440664
0.27935157508733993,2.2604174451953813,0.7291276627659522,0.2031168514575322,0.15214654012932458,0.3753363146305403,0.18294308907293905,0.39782666494329405,0.24097396358371126,0.31185416990402115,0.2785416000942264,0.26096919275599934,0.31623186430443184,0.22483514808327082,0.13648145709199289,0.23015754835495045,0.2687927235179857,0.5794160349009003,0.30798924617272333,0.37148146025674483,0.3833246819668738,0.3687555370128899,0.47670255923064914,0.18566022401505985,0.4475483455304561,0.29772039782097354,0.2925075048347685,0.01735753032972094,0.7198290756388411,0.28660213733328505,0.14855923662231876,0.1975831443338767,0.18641221309751416,0.4152908297205259,-0.1164796272225792,0.4805940775204488,0.3696513358440303,0.21458693304857424,0.32979248585118454,-0.021735831122686275,0.47456980890776645,0.1852586659421478,0.20913477130359245,0.22071058872494378,0.14200781509034985,0.6168841941116747,0.4162708401562886,-0.4152836081575994,0.054958571449884065,-0.2908403789704642,0.5280578394469574,-0.12254591551410605,-0.014041569938817966,-0.15443195160696857,-0.4077180058628048,-0.17369298716439172,-0.3175599346364534,0.36543529383220164,0.12607773365623334
0.5488942800252733,0.7291276627659522,1.779880522419178,0.39202700187909173,0.1160971160017995,0.37513804071007906,0.3060078557537409,0.4321811875059566,0.49996966687300504,0.41832745020120204,0.3433741847981854,0.31202058499393553,0.34477490070211,0.2806056916349785,0.30332577857070153,0.268793953775021,0.32852854720892605,0.47246912910562555,0.3095628266936948,0.3672221266397012,0.36882052372817287,0.37613299282388735,0.40557475192575493,0.2974736225997402,0.4094872366290111,0.43726703335787603,0.31483274534170386,0.18024855918555363,0.5853297799547598,0.14320690388326573,0.3005577759295657,0.2895180397225717,0.3823674925218873,0.387305706316894,0.02725886437447152,0.7223176140559915,0.16430445739885136,0.24008197847617888,0.24175049723885275,-0.16537266802725584,0.4178572671764831,0.2370694202213891,0.19518804914124488,0.24706822841455087,0.6792701441487636,0.970945325732748,0.3734185102716671,-0.780995978686815,-0.5912535914058077,-0.21347608535355142,0.2236299600036863,0.04551961749231704,0.08984854397214954,-0.2323335311651002,0.08149014866450009,0.09061592005287714,-0.05296930737799182,-0.2343747321698766,0.11470783061932242
0.15344250959457711,0.2031168514575322,0.39202700187909173,2.0553900219067605,0.38902166080195427,0.4931771195610447,0.5484453590522366,0.4490633925422199,0.299403223835467,0.4634945617421387,0.47427308156772124,0.5944293138081279,0.4388398323366641,0.5316843247251434,0.4511425990114965,0.45602542282197805,0.39684008494107637,0.4584698789391506,0.3694229794927031,0.4452741343195947,0.34400977106048064,0.3671172033389714,0.43711890249021285,0.2938309551915281,0.42599841404139477,0.49528337526326655,0.3955320255489712,0.09483878782921631,0.6610915930743017,0.2821298699631591,0.23750717600159246,0.35111552808472096,0.10536886123268302,0.6629068995358928,0.17488476292889674,0.5099784870916705,0.30350672168572745,0.23508326365587545,0.3693815893887207,0.14675590948009967,0.3330970382412939,0.2821356548993172,0.3300789002012152,0.3426352177289506,0.2707772699147017,0.49768080552302035,0.43317986938107567,-0.368301660051808,0.050633514033722626,0.04753860013172414,-0.18408122834428214,0.12066847001192768,0.0724322372694909,-0.15976043463058662,-0.45647815040743966,0.08954488932965553,-0.03990940413487799,0.40712799843342706,-0.4485136894198291
0.5233570030881375,0.15214654012932458,0.1160971160017995,0.38902166080195427,1.1605823297619728,0.31171246016593146,0.363090616915519,0.2800587353541592,0.2999931276069531,0.34382464911469685,0.36310126301417694,0.43355652841581915,0.42106364733158286,0.35915489135415635,0.5674207266230447,0.4054020217719438,0.29750190535590637,0.22780659193896496,0.5230079812002808,0.1994321885763183,0.2722680961265888,0.31666313158349796,0.2309334810069265,0.2624858400391792,0.07291019047554936,0.35795257417453796,0.244627641177518,0.08898054071866389,0.40335865878547916,0.12766523416083256,0.22987164700131116,0.3052115724508228,0.2752409482006935,0.35891143461305747,0.08813864598579016,0.4380548870332966,0.2429629626144806,0.1190001049190379,0.23459589652677826,0.15356553685485266,0.2365293509640201,0.2436497243166233,0.21160877402430492,0.061211734056174555,-0.003537505062910099,0.374658966958953,0.20596844846051926,-0.24174455977565806,0.2303940811756981,0.3605661694441173,-0.38858662219979284,-0.17550059049458241,0.24103693699897985,-0.04373512170849587,-0.1101955060996453,-0.08197336131618492,-0.14855959705280264,0.11991701880955556,0.056006792975966314
0.2799205808621288,0.3753363146305403,0.37513804071007906,0.4931771195610447,0.31171246016593146,0.8411349246820767,0.28649833916708556,0.5504790789896743,0.3829081550180578,0.3851426010864594,0.4459014471593532,0.45776014162206613,0.40527543299656754,0.37620067064921797,0.2853152901159028,0.3679136482063771,0.40421827723915044,0.4269809717627399,0.49906585512093654,0.45797414002463693,0.31530971911528083,0.44205765370218575,0.4007858613162811,0.2596682415341162,0.36646314079022946,0.45494628310639434,0.34806688761358034,0.08396760745885215,0.6804144518012794,0.24094282958341307,0.2316579974627668,0.3977354495011985,0.06840556045171864,0.5469698476059575,0.07760629568829613,0.3821062509912968,0.3205368705185329,0.24750147842296114,0.4069732270777371,0.16435396239170966,0.4085348911642597,0.2487610026893945,0.2912501637524572,0.24981173503107146,0.10764766275315923,0.5360380961574226,0.5002632578942553,-0.43320842428373496,0.5032887124481626,0.2421785137156846,-0.2147767565224296,0.005213221030267833,-0.11897410115741665,-0.03395964496267983,-0.37967960435778186,0.041005713067041705,-0.025189687426431698,0.37233020418411833,-0.3096333315858533
0.5367942604534345,0.18294308907293905,0.3060078557537409,0.5484453590522366,0.363090616915519,0.28649833916708556,0.7438055619350442,0.35257056060250547,0.39246982993314716,0.30529129773704583,0.39283937956874604,0.47677662960141215,0.3358844537674003,0.33138006166719125,0.2825767643751676,0.3536070522939632,0.32082479430523425,0.34666599171589474,0.26990876723801366,0.25288995748346127,0.2627117866947823,0.30320201099172245,0.2819361217233057,0.21088489015547543,0.290932724298858,0.41512953210781617,0.2860967546529464,0.103351821096066,0.39597412567878326,0.15783253977226264,0.2193565667166865,0.2060778411334172,0.22074064653814088,0.3367696139101471,0.13285214209844398,0.46239110207689477,0.21514388398824663,0.14163604077646716,0.2843496837760966,0.12914087106126854,0.15448149503560987,0.2378716000750751,0.23935216851576135,0.15235137261525086,0.1840673913527461,0.3766231661055956,0.19675608518249682,-0.24887427108921353,0.19077167406624687,0.011598103131715299,-0.16232795669113076,-0.025229481392283173,0.17984344741982022,-0.1348060909135564,-0.11182894845733296,0.1410632125389988,0.04837370024319606,0.21502441691538893,-0.5173731461276734
0.3360872435637143,0.39782666494329405,0.4321811875059566,0.4490633925422199,0.2800587353541592,0.5504790789896743,0.35257056060250547,0.8890132209612904,0.20285453772871626,0.4114485429599813,0.4382218293058027,0.2622012365287787,0.4251433858742342,0.3509404177093373,0.14085129496628,0.332637749239621,0.3782409866991311,0.4601535626702248,0.3937657981101015,0.44964497230346645,0.2970576021954056,0.46826009229846316,0.45130590188665165,0.2431865134000411,0.39067579309091377,0.39960025200718374,0.3386662177410281,0.0734884501011166,0.6529248242163447,0.3170154461304384,0.20852789280417783,0.34072302393535747,0.050522889499940465,0.5175583043666669,0.0867216812030682,0.39868286245401724,0.2758259153060221,0.23924323653351928,0.4955584693519039,0.15455343701214927,0.4067904993206015,0.2328392048846887,0.3311886404750457,0.30498713837075797,0.22344631620418567,0.5208915494411384,0.5306241914655939,-0.4135227760076411,0.4470850526608109,0.136828136234159,0.0017829148610200049,-0.1067765177079747,-0.05465792392451036,-0.0354206171701056,-0.3317638312268497,0.03428035257456772,0.05138988846326742,0.4054734337612395,-0.3544811269742745
0.37657063842319777,0.24097396358371126,0.49996966687300504,0.299403223835467,0.2999931276069531,0.3829081550180578,0.39246982993314716,0.20285453772871626,0.7932344464150713,0.24201881713569579,0.33345871173410274,0.3670791855437062,0.29940373192512665,0.2945619814261054,0.30910272830834296,0.2989190405236323,0.29102724704123845,0.30657706161408543,0.30969606540374756,0.27274940841549256,0.2933308468827007,0.24224603939143066,0.1977544443560162,0.24684088306732335,0.13624729531274096,0.5088327359381118,0.2651981183921641,0.21314409212954585,0.3131700333965474,0.12216703292538875,0.28844291288317253,0.2635265583247954,0.2935821654296694,0.2615225794936689,0.18423314919608622,0.4709151142697558,0.11808235276048344,0.15667408436315064,0.15092055866627,0.06983558393806376,0.20666144456791652,0.2534610862103486,0.22101134740425818,0.09326829231098621,0.3041606842727749,0.4758615904035754,0.23247038009556223,-0.3611826806112707,-0.08767643319349519,-0.01949841205642507,-0.051345530932800476,0.04568588583170333,0.03705493322587495,-0.08400166080813246,0.07335833282146961,0.14876392419019324,-0.0642182403655692,-0.0923198277686696,-0.04223063933135582
0.34478777138823896,0.31185416990402115,0.41832745020120204,0.4634945617421387,0.34382464911469685,0.3851426010864594,0.30529129773704583,0.4114485429599813,0.24201881713569579,0.8477542515776427,0.3845742204772398,0.45796865616309035,0.41139129563852583,0.3239851969828901,0.3951874733261882,0.36056606083375814,0.3754893866607008,0.44490381658535355,0.33267110481087503,0.41635966733262114,0.31472742398997605,0.384933957240042,0.4113665588041018,0.2765972710484793,0.41146203720716046,0.3778632426381751,0.36645029815241253,0.11676296485795638,0.6634917158474205,0.33872199582131024,0.24093419003298905,0.3658696261163543,0.09619385660056153,0.5691892367148386,0.1850141524791251,0.5372698350967301,0.2573585805442199,0.22695971018966773,0.37669466788837824,0.16611178603774446,0.4690833810051792,0.29221642913904733,0.2295285066808582,0.22827844363877267,0.160346151125625,0.6257206652705252,0.48877566290065594,-0.5235646090656048,0.3970033348816104,-0.02672651661546315,-0.01130350680868346,-0.1257868302229171,0.0778730544825525,0.0192373614453496,-0.18676467061518692,0.05725913120723387,0.05236183092971868,0.05686298060740271,-0.1443413497530265
0.36786046855443766,0.2785416000942264,0.3433741847981854,0.47427308156772124,0.36310126301417694,0.4459014471593532,0.39283937956874604,0.4382218293058027,0.33345871173410274,0.3845742204772398,0.6004107859557927,0.47725254869319106,0.4082611057409337,0.3807156660509573,0.4517867542807782,0.3836345686649788,0.40753271466785324,0.3676381256946412,0.37071366009881945,0.43437925558137724,0.3275133313831147,0.33047144485163427,0.3133847714957139,0.27871437882171085,0.32012132990695535,0.42507888105638714,0.3557805111057304,0.15771790922531867,0.5265661938103451,0.2743130079813768,0.27893656966955893,0.3289533791097973,0.19203605821989908,0.4375330598188232,0.20475936840598097,0.49183813252230907,0.24049504747577183,0.23058165770312614,0.3750559547798413,0.1867039987601396,0.3197637719692167,0.28352620428573705,0.2791662588126592,0.1981033575933408,0.2663899344260137,0.5309803326139143,0.3941800078572195,-0.39350824710760207,0.28177795636698194,-0.0028478216831431557,-0.07136639739711893,-0.0006747868863038625,0.10975795772368156,-0.06565116792536964,-0.25853252876810573,0.10068068111972378,-0.03599451339856244,0.24157499358910564,-0.2924578747337469
0.4051017211003949,0.26096919275599934,0.31202058499393553,0.5944293138081279,0.43355652841581915,0.45776014162206613,0.47677662960141215,0.2622012365287787,0.3670791855437062,0.45796865616309035,0.47725254869319106,0.88835885945978,0.3766745749329245,0.37593614534575887,0.5096126029651101,0.42294306686657035,0.3980693024606556,0.38856232723656914,0.3775897339031008,0.3699988543292486,0.3015535230600367,0.30457043274934087,0.36378817902260663,0.2585557080753361,0.36947135978009477,0.4326371007042015,0.3932418664370877,0.04525559950571872,0.5205985731533347,0.21770734768286246,0.19890215801372982,0.2995932115748276,0.212086969530373,0.45810736633525817,0.07324237454162441,0.48167401516197644,0.23808484887429615,0.2010869939547353,0.355375394962233,0.1609226785954894,0.31489325423288606,0.25259523934494554,0.2107760135073759,0.19880254198713232,0.03940624036687109,0.5047098442343687,0.3545872563018503,-0.35458884395182916,0.5624250911068505,-0.12616738129530525,-0.14020596240993025,-0.04699878804117342,0.2977733971262277,-0.0872996848942088,-0.3967104269386236,0.1385455601611651,-0.05557887320771209,0.3181519316354611,-0.49756726763288606
0.330302838194437,0.31623186430443184,0.34477490070211,0.4388398323366641,0.42106364733158286,0.40527543299656754,0.3358844537674003,0.4251433858742342,0.29940373192512665,0.41139129563852583,0.4082611057409337,0.3766745749329245,0.6647812025230618,0.3701541222046347,0.34541069508723166,0.38430480618136253,0.34348609878249314,0.36639661393872613,0.37393634133652026,0.32898364946898756,0.3274937787817694,0.4456096663606761,0.36859327013117454,0.2908701637932645,0.33164505985083054,0.380132333936673,0.3377828055731419,0.16467027698024936,0.592867069410155,0.3301541137227221,0.21937596914794827,0.3053414243250502,0.18048552261688866,0.46103166171291415,0.23161228493459407,0.48108567712004136,0.21915994490805554,0.17379364312650689,0.411601199122025,0.14732418421599663,0.3458584780058996,0.25620456719707563,0.30746965343892985,0.254127715499433,0.204155397931455,0.5159881806315961,0.3985425416197142,-0.36859533900567426,0.22967384458575565,0.07642495177340608,-0.046919822296824544,-0.09647202684881183,0.04205646553163932,-0.051144167618523494,-0.11717060581716926,-0.01950806339946109,-0.13645357436084066,0.048205000238930505,0.05668587218116216
0.4082403860265473,0.22483514808327082,0.2806056916349785,0.5316843247251434,0.35915489135415635,0.37620067064921797,0.33138006166719125,0.3509404177093373,0.2945619814261054,0.3239851969828901,0.3807156660509573,0.37593614534575887,0.3701541222046347,0.6826177526215499,0.479396710294476,0.4090184707123765,0.2922924425879432,0.2669838471578613,0.3228220228744816,0.38451018737960607,0.3172875785013224,0.2646500872483583,0.20971001099581682,0.2473965792082967,0.24658541524026503,0.4152412294369466,0.3169194398231039,0.15537050851763112,0.4754384416932671,0.30728837526373903,0.2448860537898254,0.27698612550317475,0.1961865131838037,0.34094509504693876,0.1677094021335097,0.3986351230231145,0.21326257106699972,0.20537560411521777,0.26133783161981083,0.13990487838663038,0.36399585658790357,0.25457164449251957,0.325230226895916,0.15776309227606294,0.14778474558736898,0.4677892479582192,0.3790645756038151,-0.36055813106653445,0.45784347565866906,0.02028001026450086,-0.11222078306912042,0.013528179494073873,0.06553497749099593,-0.04857291966905446,-0.2637204527365878,0.05588601664905094,-0.1477216618943159,0.3086185920351384,-0.05334547174345619
0.4516875847271683,0.13648145709199289,0.30332577857070153,0.4511425990114965,0.5674207266230447,0.2853152901159028,0.2825767643751676,0.14085129496628,0.30910272830834296,0.3951874733261882,0.4517867542807782,0.5096126029651101,0.34541069508723166,0.479396710294476,1.4321234834296854,0.386756192576376,0.347338056535497,0.14756056073991441,0.36641906987848555,0.3812982847307561,0.34188601884135045,0.11129462033132044,-0.005508204810862217,0.3053019822561216,0.24320964929163605,0.373981075341258,0.35439190023816675,0.33723435618667263,0.3697654216620333,0.37970602829993405,0.3107760844640398,0.29241332994091157,0.35207288631685313,0.3139243895307904,0.3649767373418178,0.47831666931722827,0.2360367584979017,0.18309133138303318,0.24684571789952026,0.1325029621590706,0.3487533577915116,0.29489748301570917,0.3312319116312104,0.07805942545395517,0.4102637152226676,0.5308207826960403,0.2969379209398523,-0.3837636217539866,0.3126975877900813,-0.08674020345055904,-0.3374195006560828,0.3259668069246788,0.1598540664948091,-0.05451853105894552,0.07089665184723555,0.24498907492048833,-0.3041234081645925,-0.019688642583283213,0.013636100771309393
0.3396329607770255,0.23015754835495045,0.268793953775021,0.45602542282197805,0.4054020217719438,0.3679136482063771,0.3536070522939632,0.332637749239621,0.2989190405236323,0.36056606083375814,0.3836345686649788,0.42294306686657035,0.38430480618136253,0.4090184707123765,0.386756192576376,0.7207312745737895,0.368589543851446,0.285474274970658,0.3626945803031878,0.3212847877742261,0.2951545869908495,0.3301560390503661,0.1931296784707476,0.25052779055033675,0.23770885822691815,0.40074747963713464,0.34161114494953126,0.2142691894894163,0.49061143843308835,0.2384430858049354,0.23612332890813384,0.2818075854625989,0.16836316488920447,0.3974122234010337,0.26520734300172455,0.4081614559635903,0.23882581462118457,0.1661814046218954,0.29677841674249544,0.20801883558969972,0.279104713953815,0.28995336393068805,0.29038917178028245,0.14034496284312611,0.17799338291971348,0.424311172919007,0.33825230883844926,-0.342121625484639,0.3393006594512393,-0.05831325605927721,-0.2098076013274679,0.13977996757347674,0.01017743895850741,-0.020590487477635894,-0.20763941789742013,0.042363694979141185,-0.12063451225645735,0.21020377982877184,-0.08093100662845565
0.2709947938410916,0.2687927235179857,0.32852854720892605,0.39684008494107637,0.29750190535590637,0.40421827723915044,0.32082479430523425,0.3782409866991311,0.29102724704123845,0.3754893866607008,0.40753271466785324,0.3980693024606556,0.34348609878249314,0.2922924425879432,0.347338056535497,0.368589543851446,0.7364503066290158,0.2803248658809609,0.3315097789449248,0.5042832849765899,0.31977405918622365,0.34699288930852595,0.23661478987372792,0.2927559803312422,0.4755388449830985,0.3393759830197115,0.3271107088596237,0.24581452204095325,0.5447494020514956,0.29752721212197725,0.25343675198325716,0.29549005605369827,0.273220319401984,0.43931193424958465,0.21158715603903017,0.49580500523423426,0.45957850033675174,0.28012114145884237,0.35793935138591354,0.22599486135253818,0.37935216004512806,0.36068576786894935,0.2327364492021005,0.15162594404810195,0.24862664506197826,0.5929495428691584,0.42071743656714566,-0.4757461234445558,0.3283512473937656,0.1379418147986347,-0.11964918399869667,-0.038705703302844355,0.037082194351084445,-0.03723873016585647,-0.3005043797927096,-0.0018801783411219368,-0.02402787006497015,0.22388297809533822,-0.18518000112959634
0.29404595483378526,0.5794160349009003,0.47246912910562555,0.4584698789391506,0.22780659193896496,0.4269809717627399,0.34666599171589474,0.4601535626702248,0.30657706161408543,0.44490381658535355,0.3676381256946412,0.38856232723656914,0.36639661393872613,0.2669838471578613,0.14756056073991441,0.285474274970658,0.2803248658809609,1.2261874209572063,0.3959383113967735,0.2217811650591252,0.37999659701054905,0.5512659626027732,0.8014342248370346,0.17612717194722277,0.5195072515228103,0.5157040489249126,0.19720182118527427,-0.0010077385859492967,0.7885804154312968,0.19631743541950264,0.37881013170187605,0.24303069670048075,0.020255405009938308,0.6165046946573992,-0.0068619103075619565,0.6681766902329992,0.1892246190806399,0.1303904944545033,0.3241784581109961,0.11826335031315237,0.4281145479652951,0.2504769629475051,0.36669547202182723,0.18358113336558302,0.25447733566730546,0.6104572873318161,0.5883037576244453,-0.42536815836607794,-0.026746910964288075,0.008356330935687042,0.5177363930127614,-0.2408166984653567,-0.2221437785817882,-0.13126987223802444,-0.1960636707439559,0.08110072198373088,0.12475518534601353,0.29262915672800965,-0.5751424488072506
0.3263730653018183,0.30798924617272333,0.3095628266936948,0.3694229794927031,0.5230079812002808,0.49906585512093654,0.26990876723801366,0.3937657981101015,0.30969606540374756,0.33267110481087503,0.37071366009881945,0.3775897339031008,0.37393634133652026,0.3228220228744816,0.36641906987848555,0.3626945803031878,0.3315097789449248,0.3959383113967735,0.7286884163834157,0.2224751807039134,0.2878203200802073,0.44810063110963205,0.3709538355255062,0.25164299529452133,0.2995428536507411,0.28527947671599524,0.2513344167249693,0.18826699435777197,0.4720188336162598,0.23568430169048363,0.2355786817152984,0.3272753121451031,0.17412312793478316,0.4133795517798491,0.09735665035281109,0.45654701849483165,0.12795326085471265,0.14634536652390295,0.35492259486592936,0.10663639521455073,0.33985817255329115,0.19982049557198447,0.2837334684883756,0.17084718435666732,0.21261223582839422,0.4235626566104676,0.3224077258898595,-0.253774797391048,0.24788200954464407,-0.06224204152371932,0.2574238270356745,0.18193418485400023,-0.28287032551617664,-0.11414335708986319,-0.14646218764689292,0.00744545812234752,-0.08182640694229133,0.17121210387211924,-0.09733101333710521
0.195524653795822,0.37148146025674483,0.3672221266397012,0.4452741343195947,0.1994321885763183,0.45797414002463693,0.25288995748346127,0.44964497230346645,0.27274940841549256,0.41635966733262114,0.43437925558137724,0.3699988543292486,0.32898364946898756,0.38451018737960607,0.3812982847307561,0.3212847877742261,0.5042832849765899,0.2217811650591252,0.2224751807039134,1.408290547900452,0.3607824121590145,0.20159647480233436,0.24127804636373026,0.4186162401540649,0.604007793103813,0.48641095120360595,0.5325716253519421,0.1362615970129828,0.7164091066130066,0.6307936389877499,0.3319793456849065,0.6412264910234361,0.17128548374692334,0.6087305250118672,0.2856114744213146,0.5647180061954685,0.6400642839648887,0.6923077810284546,0.3877431223280455,0.20308076906456743,0.6305893603863545,0.5546776534606722,0.2884036708510759,0.2495042067070662,0.077052176893645,0.8273512792390061,0.5229269844506582,-0.6900848534602503,0.9832993011938596,-0.09655476011264172,-0.16989162245504416,-0.1816782854567159,0.4647321116133128,-0.057806770127193194,-0.24544873292865171,0.053539381436091944,-0.028471723369878594,0.12980749821126167,-0.035970292055509036
0.3253342191659949,0.3833246819668738,0.36882052372817287,0.34400977106048064,0.2722680961265888,0.31530971911528083,0.2627117866947823,0.2970576021954056,0.2933308468827007,0.31472742398997605,0.3275133313831147,0.3015535230600367,0.3274937787817694,0.3172875785013224,0.34188601884135045,0.2951545869908495,0.31977405918622365,0.37999659701054905,0.2878203200802073,0.3607824121590145,0.6606904551293473,0.30010813902381805,0.2648468049913414,0.2887530324918945,0.3147486869659429,0.39643075733686184,0.24876826595537824,0.22521781192546061,0.4148240932735774,0.3833539752601448,0.35315578580536666,0.2604973796892606,0.3815592446174011,0.3095798893245412,0.18052791147146766,0.561098654885378,0.251000827772153,0.21535460627762887,0.36172488893305427,0.13108320693737616,0.578456199867909,0.29340263295190383,0.3466607290712304,0.1594169592005041,0.3528534056883772,0.6045601062884832,0.41945216252819334,-0.41166380817164694,0.38613301528538196,-0.005333165576771918,0.06797186590705431,-0.11771617080617089,0.09009780186423998,-0.07377541629959185,-0.01255818773085895,0.011108719102614977,-0.14545169010032527,0.05795598109988998,0.05145837521796908
0.2150409538561381,0.3687555370128899,0.37613299282388735,0.3671172033389714,0.31666313158349796,0.44205765370218575,0.30320201099172245,0.46826009229846316,0.24224603939143066,0.384933957240042,0.33047144485163427,0.30457043274934087,0.4456096663606761,0.2646500872483583,0.11129462033132044,0.3301560390503661,0.34699288930852595,0.5512659626027732,0.44810063110963205,0.20159647480233436,0.30010813902381805,1.7111512068777113,0.7202513487729719,0.22959975489746062,0.4644130368337402,0.3017683610477574,0.2812603093515671,-0.05093805587958739,0.8140442080406298,0.23481614355499905,0.1427996372345802,0.4284603537054382,0.0040406478951699265,0.6923556925636366,-0.08640825773258125,0.4048799476415242,0.07988961761217875,0.12088405940089628,0.5182805920565706,0.08458258536786872,0.2661367168714845,0.16869202605800296,0.5796204165672132,0.3000977082123402,0.3117500365659773,0.38987423362221785,0.4653050936394604,-0.23390637547694246,0.2161457462812037,-0.1643784500522685,0.2572920755018495,-0.1933376264765359,-0.11285557005875817,-0.09848830851473865,-0.18831112207500986,0.019245853988039463,-0.07026310894169437,0.2740258726118638,-0.22871816257566896
0.09982263854817466,0.47670255923064914,0.40557475192575493,0.43711890249021285,0.2309334810069265,0.4007858613162811,0.2819361217233057,0.45130590188665165,0.1977544443560162,0.4113665588041018,0.3133847714957139,0.36378817902260663,0.36859327013117454,0.20971001099581682,-0.005508204810862217,0.1931296784707476,0.23661478987372792,0.8014342248370346,0.3709538355255062,0.24127804636373026,0.2648468049913414,0.7202513487729719,1.9472569509811553,0.3233980214054548,0.929245372392872,0.08000329063295283,0.23387181713394728,-0.3851410886999816,1.0640956659905372,0.6008223406036137,-0.23524598190385657,0.24414922736649017,-0.06769519089508919,0.8022702500078324,-0.29853074062764734,0.925435740476527,0.04840143910429924,0.09100882031091391,0.6684883458631077,-0.09741883439132094,0.5866750777205343,0.09918856047608533,0.4195059027031344,0.6423549241167489,-0.09711432724827786,0.5834192996800901,0.6090279564522874,-0.38717705293855575,0.16253360862629282,-0.43581412681920567,0.6514486394599566,-0.43164363343436724,0.34709599905940663,-0.2172516899306485,-0.3877061333190882,-0.050551168520505826,-0.03633974812361822,0.27653859065106556,-0.2612695408281178
0.16421470756334164,0.18566022401505985,0.2974736225997402,0.2938309551915281,0.2624858400391792,0.2596682415341162,0.21088489015547543,0.2431865134000411,0.24684088306732335,0.2765972710484793,0.27871437882171085,0.2585557080753361,0.2908701637932645,0.2473965792082967,0.3053019822561216,0.25052779055033675,0.2927559803312422,0.17612717194722277,0.25164299529452133,0.4186162401540649,0.2887530324918945,0.22959975489746062,0.3233980214054548,0.7609064161991373,0.36315966205335565,0.15258090830520324,0.319499388671341,0.2780367458920117,0.24543149958261623,0.5289754334326386,0.30139644060505427,0.5405711009192763,0.6122209504158609,0.29102798903846056,0.22489966784224952,0.537988019857382,0.254876910521833,0.24748898151334978,0.34133316168864725,0.04767192175790027,0.4699904878583064,0.279630172974762,0.18598193629983886,0.22430289308882392,0.18755778316673372,0.6095479942513501,0.3902624222364952,-0.42784868646853275,0.44677685239408615,-0.2205085707451828,0.0677254947882405,-0.1022073619803909,0.33185783198549557,-0.10726846704736628,0.08994164343011177,0.005690658393273514,-0.07564450624388996,-0.2709136510569716,0.27211838350650025
0.2678030308334303,0.4475483455304561,0.4094872366290111,0.42599841404139477,0.07291019047554936,0.36646314079022946,0.290932724298858,0.39067579309091377,0.13624729531274096,0.41146203720716046,0.32012132990695535,0.36947135978009477,0.33164505985083054,0.24658541524026503,0.24320964929163605,0.23770885822691815,0.4755388449830985,0.5195072515228103,0.2995428536507411,0.604007793103813,0.3147486869659429,0.4644130368337402,0.929245372392872,0.36315966205335565,2.2733799021954786,0.04858819383120271,0.3157647619363398,0.13638174191175834,0.9938539886203214,0.8958829623474643,-0.18378918534838112,0.3458444313910085,0.08085397498748519,0.7905051935149378,0.3235539207620072,0.7911845124993928,0.554094534439466,0.38073055152663626,0.9022817228882423,0.1750688674928439,0.6656613865038296,0.33513331406916214,0.3923048544760599,0.5262059209426717,0.48192831990184953,0.9007748870969448,0.6933324760811368,-0.6644194837900718,0.6168480315142951,-0.6552514325800834,0.6033661932314225,-0.035496946846911126,0.1963023628001678,-0.20387751065614307,-0.10424057561614322,0.024040643192164302,0.12152996937993386,0.003412864202520034,-0.24062298506499336
0.3048160909551969,0.29772039782097354,0.43726703335787603,0.49528337526326655,0.35795257417453796,0.45494628310639434,0.41512953210781617,0.39960025200718374,0.5088327359381118,0.3778632426381751,0.42507888105638714,0.4326371007042015,0.380132333936673,0.4152412294369466,0.373981075341258,0.40074747963713464,0.3393759830197115,0.5157040489249126,0.28527947671599524,0.48641095120360595,0.39643075733686184,0.3017683610477574,0.08000329063295283,0.15258090830520324,0.04858819383120271,1.788800948220165,0.3842046893617591,0.2011199365211657,0.5990139500889352,-0.1446787011493177,0.4388627649430957,0.39174807600143724,0.0431621249966112,0.5424017450167924,0.5041542120306768,0.5781734246331893,-0.22006292641839548,0.24153832666513034,-0.4716272478681787,0.16461601253832608,0.1467071566863911,0.4867240288537193,0.39881101516619494,-0.0700232469477506,0.07207138491925691,0.4771712690432251,0.23556382326604489,-0.5064847407999101,-0.3780010632184829,0.3373983233628876,-0.39286537983362546,-0.2641761857163961,0.10396617633883096,0.017583612972071783,-0.08931276070293169,0.1460825989520763,-0.05331450541170831,0.1487898857349312,-0.17315736186581976
0.2456715636554083,0.2925075048347685,0.31483274534170386,0.3955320255489712,0.244627641177518,0.34806688761358034,0.2860967546529464,0.3386662177410281,0.2651981183921641,0.36645029815241253,0.3557805111057304,0.3932418664370877,0.3377828055731419,0.3169194398231039,0.35439190023816675,0.34161114494953126,0.3271107088596237,0.19720182118527427,0.2513344167249693,0.5325716253519421,0.24876826595537824,0.2812603093515671,0.23387181713394728,0.319499388671341,0.3157647619363398,0.3842046893617591,0.849094725535892,0.12018131007553677,0.4554563853653235,0.3022069143773399,0.2221590440405891,0.557168220898147,0.13880088120760528,0.46222621093143695,0.22077489542709752,0.41287783502000674,0.2221444962842981,0.2735037023005309,0.28640750757309236,0.12979593320416066,0.3384861480948979,0.30491101107414326,0.24653503846393526,0.23298225078205156,0.061134215745875416,0.5361597230215875,0.34834041014963596,-0.40604005644262386,0.4239833740490808,-0.06301462297457311,-0.12230769910030542,-0.011775297013302396,0.2258834086199121,-0.03858354748865967,-0.19824312327688892,0.06225245690709904,-0.021109121444115846,0.1646434108003677,-0.14685961178113632
0.18104845721005147,0.01735753032972094,0.18024855918555363,0.09483878782921631,0.08898054071866389,0.08396760745885215,0.103351821096066,0.0734884501011166,0.21314409212954585,0.11676296485795638,0.15771790922531867,0.04525559950571872,0.16467027698024936,0.15537050851763112,0.33723435618667263,0.2142691894894163,0.24581452204095325,-0.0010077385859492967,0.18826699435777197,0.1362615970129828,0.22521781192546061,-0.05093805587958739,-0.3851410886999816,0.2780367458920117,0.13638174191175834,0.2011199365211657,0.12018131007553677,1.5615671861175973,-0.2829154887072774,0.2690708530621711,0.4248086251092627,0.03221600934657799,0.7645127117808975,-0.17430648748996322,1.2142856869143286,0.3498133532166368,0.28926053713696265,0.12844559203439818,0.08912378974442559,0.23169437005917004,0.06976665911587643,0.2335801169482089,0.19198299277400765,0.15472083037923778,0.6623470938959929,0.23288764643509957,0.04832211009487608,-0.19305483313822072,-0.2249780088695236,-0.14997670051528264,-0.22452864319046675,0.9792557822752898,-0.9679626220058327,0.09831753428390284,0.6493317804998995,0.05487838101090616,-0.0721998241356313,-0.623911748716236,0.5321976406391559
0.2823934657995639,0.7198290756388411,0.5853297799547598,0.6610915930743017,0.40335865878547916,0.6804144518012794,0.39597412567878326,0.6529248242163447,0.3131700333965474,0.6634917158474205,0.5265661938103451,0.5205985731533347,0.592867069410155,0.4754384416932671,0.3697654216620333,0.49061143843308835,0.5447494020514956,0.7885804154312968,0.4720188336162598,0.7164091066130066,0.4148240932735774,0.8140442080406298,1.0640956659905372,0.24543149958261623,0.9938539886203214,0.5990139500889352,0.4554563853653235,-0.2829154887072774,3.0392358373659953,0.47998406960469664,-0.10595600728701007,0.6072538907151102,-0.457779712567292,1.334423215753022,-0.3412050126863096,1.1519072869967941,0.07658002641641769,0.266725920567773,0.497792926673808,0.31345091927926666,0.5881437085954033,0.37014383117852867,0.31960765207760067,0.0281602859238771,0.19373742375858075,1.182048221835492,0.7653042558315888,-1.391971791845295,0.22778340470736236,0.6223166176929594,-0.3266700768639121,0.030652434820567585,-0.43593895227782725,0.038185650321195475,-0.674870991466269,0.010336474777169388,-0.09912530285700248,0.5423204100361795,-0.3366359049299935
0.2595731340558645,0.28660213733328505,0.14320690388326573,0.2821298699631591,0.12766523416083256,0.24094282958341307,0.15783253977226264,0.3170154461304384,0.12216703292538875,0.33872199582131024,0.2743130079813768,0.21770734768286246,0.3301541137227221,0.30728837526373903,0.37970602829993405,0.2384430858049354,0.29752721212197725,0.19631743541950264,0.23568430169048363,0.6307936389877499,0.3833539752601448,0.23481614355499905,0.6008223406036137,0.5289754334326386,0.8958829623474643,-0.1446787011493177,0.3022069143773399,0.2690708530621711,0.47998406960469664,2.0592018608423257,0.08174764568768686,0.3880535935122672,0.26991175269222706,0.24585809189246854,0.4886476091031838,0.594165945766945,0.3570287014620458,0.3732921062540686,0.8391980086972239,-0.057320955434778005,1.1469551390643757,0.2697986825695002,0.7414789780162409,0.7408370437891213,0.86832111392545,0.7965547057364555,0.9416861310693508,-0.569420524964589,0.7803561153486203,-0.5442564829495243,0.37118292739669795,-0.255611350899627,0.45034619302033424,-0.04544689345589469,0.14882402201774256,-0.12330372387644072,-0.23155573354015732,0.03323190268327311,0.23071301438018504
0.3266836383435502,0.14855923662231876,0.3005577759295657,0.23750717600159246,0.22987164700131116,0.2316579974627668,0.2193565667166865,0.20852789280417783,0.28844291288317253,0.24093419003298905,0.27893656966955893,0.19890215801372982,0.21937596914794827,0.2448860537898254,0.3107760844640398,0.23612332890813384,0.25343675198325716,0.37881013170187605,0.2355786817152984,0.3319793456849065,0.35315578580536666,0.1427996372345802,-0.23524598190385657,0.30139644060505427,-0.18378918534838112,0.4388627649430957,0.2221590440405891,0.4248086251092627,-0.10595600728701007,0.08174764568768686,1.4615306421376395,0.34944995573773546,0.47003390731042766,0.12477654210121872,0.3323871694218975,0.3343574954613615,0.2653147833480616,0.24038244844503023,0.002253137117886058,0.14851266333460972,0.263809934999522,0.3280669199941519,0.10174101002020912,-0.04755486004890398,0.364390022382821,0.5136468242340727,0.28830140361870776,-0.3097078280232467,0.04970420116065155,0.2648937578917307,-0.10858149152773502,0.13347198605606272,-0.2318581600508272,-0.04586220206133328,0.18295983840811963,0.10485584230484919,0.22493408869515305,-0.20423283425147087,-0.16252437078431534
0.06967415533105782,0.1975831443338767,0.2895180397225717,0.35111552808472096,0.3052115724508228,0.3977354495011985,0.2060778411334172,0.34072302393535747,0.2635265583247954,0.3658696261163543,0.3289533791097973,0.2995932115748276,0.3053414243250502,0.27698612550317475,0.29241332994091157,0.2818075854625989,0.29549005605369827,0.24303069670048075,0.3272753121451031,0.6412264910234361,0.2604973796892606,0.4284603537054382,0.24414922736649017,0.5405711009192763,0.3458444313910085,0.39174807600143724,0.557168220898147,0.03221600934657799,0.6072538907151102,0.3880535935122672,0.34944995573773546,1.80413789454524,-0.0923837895382407,0.7879763445007273,0.23458533419186933,0.6187285708492843,-0.09016743526546032,0.36112417002231156,0.27486378561101044,0.20753723167705318,0.5844958815959884,0.39158370412835436,0.19688850441310243,0.03938128630081993,0.16312081685888905,0.8080477806659501,0.4897286064129842,-0.6737021981111861,0.6314433789899905,0.053674462382240155,0.12222429178830299,-0.19605638740237455,0.17966319446327841,0.031668907201607796,-0.09471370106584198,0.1809486184334493,-0.028446270337613086,-0.07203685295784218,0.0025124194943077893
0.4697041878550043,0.18641221309751416,0.3823674925218873,0.10536886123268302,0.2752409482006935,0.06840556045171864,0.22074064653814088,0.050522889499940465,0.2935821654296694,0.09619385660056153,0.19203605821989908,0.212086969530373,0.18048552261688866,0.1961865131838037,0.35207288631685313,0.16836316488920447,0.273220319401984,0.020255405009938308,0.17412312793478316,0.17128548374692334,0.3815592446174011,0.0040406478951699265,-0.06769519089508919,0.6122209504158609,0.08085397498748519,0.0431621249966112,0.13880088120760528,0.7645127117808975,-0.457779712567292,0.26991175269222706,0.47003390731042766,-0.0923837895382407,2.3812664348487913,-0.5736553030917145,-0.18983346657745656,0.5544871037489161,0.6171870861574206,0.16817864929440537,0.1681288462933866,-0.0801733938631,0.24845425059115112,0.25507359419091247,0.08177683677911009,-0.03936184496005107,0.12801834567084155,0.6777297631395808,0.14901048797871025,-0.45827255200100014,0.6390734989958136,-0.36670467521604705,-0.0647871483602015,-0.05432958163242171,0.5613177062315691,-0.29766115826332024,0.3711703401418947,-0.07495016075875477,-0.08580030796708402,-0.4067327268063443,0.3711401290432179
-0.15856498624840365,0.4152908297205259,0.387305706316894,0.6629068995358928,0.35891143461305747,0.5469698476059575,0.3367696139101471,0.5175583043666669,0.2615225794936689,0.5691892367148386,0.4375330598188232,0.45810736633525817,0.46103166171291415,0.34094509504693876,0.3139243895307904,0.3974122234010337,0.43931193424958465,0.6165046946573992,0.4133795517798491,0.6087305250118672,0.3095798893245412,0.6923556925636366,0.8022702500078324,0.29102798903846056,0.7905051935149378,0.5424017450167924,0.46222621093143695,-0.17430648748996322,1.334423215753022,0.24585809189246854,0.12477654210121872,0.7879763445007273,-0.5736553030917145,2.027386124159988,0.2349692005207998,0.6436513658201266,0.35988375939705547,0.26702255709462835,0.34220045981051134,0.20519614412860623,0.6110769038744471,0.4518695069550511,0.5348557084990944,0.30767113913005883,0.19424322724957188,0.535551901503442,0.597447746720871,-0.4439798452387096,0.230947191034122,0.02285280084167607,0.07964385877613495,-0.13474758837407402,0.02736507538221865,-0.06885330327137124,-0.4200038212281123,0.11528424511171767,-0.12984175203953488,0.28264038246622764,-0.19792394967777868
