0.4923271048563405,0.22340000489918685,0.31143881209341606,0.05622277187206034,0.0934231434842937,0.1230528527503502,0.1360599235828097,0.13778594750776152,0.11054510820667542,0.14227109818694378,0.10506503956632023,0.11282553517021603,0.10279155132835013,0.13336817590544123,0.1106002706015216,0.07731936796814523,0.06519382291501236,0.12091398156833488,0.0987012098199831,0.09176146791486936,0.09350439497970749,0.10789994294244172,0.07282242651484501,0.03882171045224808,0.10535532403109567,0.08259231314215572,0.1270184702691399,0.07402901868191744,0.1107896455553965,0.20370757186960467,0.10198628866855514,0.09459901712254132,0.038772394787681505,-0.028567083714892905,0.12311428542294194,0.132912773246081,0.14746925363330704,0.049535132193754376,0.14782573918207192,0.056285659795026775,0.1062341316475749,0.08161571283482351,0.11737992694218596,0.07884509824324407,0.11564825316571653,0.06652836720519792,0.15104511858874464,-0.0016828824522797132,0.2514818223949736,0.032352700633729026,-0.015511911357672494,-0.028886466604587765,0.010986188461469733,-0.033061934529885754,-0.05618002110932974,-0.0188384694467563,0.083519537468516,0.1216880004433785,-0.1967840003991225
0.22340000489918685,2.995457715681545,1.3906857439632228,0.40979222827690126,0.35195680914447475,0.12069478144876732,0.404057431723774,0.38028170350197965,0.5009292045845376,0.42492958465629943,0.42956820198600465,0.34421040087614135,0.5122686268460397,0.23120338154705158,0.5631522832700077,0.2878724615340139,0.5134979178827431,0.43164791823946835,0.28178165760799195,0.5951778711927722,0.45344109411249195,0.31903763976129174,-0.1027227890911624,0.17355203987521903,0.44525315990222103,0.4137238371343128,0.7922708903089873,0.40555965994229376,0.5200123830070883,0.474464144164543,0.5393973763915748,0.4488602880886475,0.438427088076951,0.3816790476466004,0.3867013543119726,0.6815759604101451,0.98971760263834,0.32460284513492677,0.47059867367131497,0.2720567718553522,0.2738971712246202,0.4655879560480639,0.5230504502766591,-0.07589986673288494,0.5660097639309701,0.3742323913540348,0.44402081625240436,-4.3449292237636885e-5,0.3826071587502666,0.10987313414086514,0.03939742668445732,0.06765118437930094,0.07225718531906052,-0.21554569230553558,-0.19931861237893514,-0.10217451020158859,-0.48248488995191674,0.2161829459178526,0.3516788699598031
0.31143881209341606,1.3906857439632228,2.9790054147704845,0.5040569503594472,-0.043886635646734715,0.5131635555509431,0.34001868409540564,0.8956233817229013,0.45539992747356256,0.8628779681233674,0.5493331308805737,0.37704601809404525,0.6830824506700042,0.41020483957845477,0.42527909757569937,0.2567556357834506,0.6675825706631935,0.4185510486838216,0.3335637212587229,0.5766264011934815,0.4352210591221316,0.5716987718626266,0.24348238625982813,0.46848905904538396,0.5430582720744507,0.3393235242613309,0.7076543166609788,0.3739413480780063,0.6461761089986643,0.6777067641323107,0.5559582147482888,0.32624102228994867,0.23917140715592294,0.47568765621452086,0.5760511200690117,0.7363971119319009,0.8616730803500654,0.3235242941787138,0.7818984555181975,0.28397606642706263,0.32236018978964925,0.42144683471647043,0.5734832026876778,0.2160328364090003,0.516767022516861,0.3495262863852171,0.5439235114368337,0.0076677958093519715,0.6543935022805183,0.308653490526063,-0.010003400971932051,-0.0738322709118291,0.06380139342659095,-0.2830167000225389,-0.01973624927661786,0.07084016184094723,-0.19248115792893422,-0.22800296105221102,0.22728496502083242
0.05622277187206034,0.40979222827690126,0.5040569503594472,1.94515593421304,0.2967966441522119,0.41686638318327324,0.3780149561212128,0.4908093333145167,0.2809181896475396,0.41995646575259526,0.33034195424490165,0.37324031747589914,0.39118694173174745,0.49011987131092233,0.3005215511591141,0.36226716901094497,0.31713673892013833,0.35624331418389993,0.2003963671081851,0.3260277331944797,0.29202343864439123,0.33214196315918293,0.3701930670137702,0.4367915731983296,0.24050576016200975,0.3760379576738989,0.40290212380698975,0.14073273802721709,0.3006816607246179,0.1991920721585621,0.317768904869294,0.3336505410274074,0.17076818775323688,0.38683522899782363,0.11222333466135355,0.5201699733629297,0.45519470685676355,0.2085267772735645,0.30096522714571583,0.13468106582697223,0.12785019270074852,0.29290438154038306,0.3713478059074016,0.21259597987865936,0.25232552463170344,0.18109086406601801,0.28706505052868087,-0.0018298804331989362,0.452323045255334,0.1090971462529183,-0.15306637797087155,0.0868769428331751,-0.02285192721897201,-0.05569782861319778,-0.08657956466960556,0.015857856164994074,-0.011741615299064282,0.12288372236272764,-0.19366847720876953
0.0934231434842937,0.35195680914447475,-0.043886635646734715,0.2967966441522119,1.4209530992071018,-0.023500074835679896,0.17980568655008888,0.05528797124465427,0.2574457551450217,0.0661286493527865,0.181586104869537,0.208734146524281,0.2374051369944005,0.1437684153728787,0.21536444544495112,0.4293198834193407,0.1769877947183717,0.2893822669731222,0.4368188399156704,0.18124783009418963,0.2155396335417525,0.21829957078714005,0.27471205968632406,0.23090379595848418,0.09093051266723809,0.2500661910496071,0.025510140866830098,-0.04885119647265546,0.15038017727771089,-0.146043620641086,0.21698045163586732,0.39410811582490146,0.16902709869432037,0.39340173369963843,-0.2014521756961897,0.41466416153570157,0.3536190570090406,0.1419904711926862,0.0707391498529994,0.06371407868131666,0.0701054049976692,0.2373497002510757,0.09075483939375442,-0.05945692926804388,0.059479212495485934,0.2314449150220265,0.10589304710991637,0.00044901615972490827,0.24326889621151881,0.1261394398618192,-0.049287509869345186,0.04857500384753736,0.05077791956005419,-0.17464798840186993,-0.15560469991235004,-0.12047061771048438,-0.15587784284666797,0.13682918271852018,0.15069279064950336
0.1230528527503502,0.12069478144876732,0.5131635555509431,0.41686638318327324,-0.023500074835679896,1.1396570014551761,0.34149960521455713,0.6454826692107656,0.2774954889292281,0.30530492685689753,0.390991720948495,0.3763284137832085,0.4016619975118613,0.399749369472322,0.3016514300129985,0.18563358735541433,0.33017966653253694,0.22243817228511023,0.3417541327637939,0.3065698246330741,0.24245142472379666,0.3265414014309147,0.2380755330532349,0.30586713697232704,0.3613305559589198,0.40348259180128565,0.40981117040511855,0.19097494379015184,0.4236688475971482,0.3443702917188257,0.24477098983335957,0.4308627670264778,-0.02886277612442303,0.34941550523335113,0.4096506792017736,0.3088623320685213,0.2765143159363987,0.1788372737349883,0.3927997991090613,0.12491360950672871,0.049525517494878595,0.2373111684620692,0.33595568286893507,0.3869173828050334,0.28028336010756955,-0.07010434273999117,0.28130421427484276,0.01630562522753022,1.1200261063035277,0.23355897447703186,-0.2206680563496889,-0.04540438582077168,-0.05035935580129264,-0.056647584756690586,-0.1252055965434198,0.029427045627332143,0.09772961661855496,0.22468816839525402,-0.3347396952409253
0.1360599235828097,0.404057431723774,0.34001868409540564,0.3780149561212128,0.17980568655008888,0.34149960521455713,0.6676637483780454,0.2403771405316626,0.4097379501432533,0.23364770698023732,0.2990837555189581,0.39745107569160243,0.3133962472820657,0.1705632666707698,0.17221525482000688,0.25250894518381567,0.27294026931448184,0.24203640038203852,0.19348683541123596,0.2761430837609533,0.21361629369313243,0.3038124979031432,0.2756626076429562,0.26911842284686927,0.20438420530693815,0.27368594440947003,0.3036605634190961,0.11943092736000069,0.2158888272381769,0.18117553519592422,0.229138761007496,0.24749003657158147,0.12908187152029188,0.3076292965330005,0.16650515329351892,0.3517409265294653,0.3458412953541516,0.1606506715557229,0.29354016731018007,0.10889821983926361,0.06245286128859248,0.21936014729394962,0.27716998060460457,0.21297841065550174,0.20110048652759394,0.09215747459273936,0.21669048877703628,0.004049254014118549,0.49829489490148593,0.063524029539464,-0.06903683292459983,-0.05305705806207972,0.025413978390930174,-0.08087808268250325,-0.05750971939815927,0.03907854492764453,0.02933743731697431,0.10022178595857603,-0.2056850112480373
0.13778594750776152,0.38028170350197965,0.8956233817229013,0.4908093333145167,0.05528797124465427,0.6454826692107656,0.2403771405316626,1.276215069308135,0.12024227529879845,0.5020614062850802,0.40265789159163173,0.15539945167901084,0.5520565917573121,0.4548597144655994,0.21079015556313963,0.22225269268577702,0.3555979577976235,0.27823171971966437,0.24999700235924288,0.37597238323715815,0.27676331317728065,0.42649819084940777,0.21582721074961317,0.3411135487876295,0.3130202082365163,0.3539712809398919,0.48078172717408857,0.279282096755836,0.35885090266619046,0.5909669276358427,0.3306728787543371,0.24901307520015226,0.06156517019089956,0.37044443267904076,0.5659415623686139,0.3508366767370744,0.5034220133193568,0.20716077274283284,0.6158418186903913,0.19800604474315006,0.26302848910641524,0.2803754024148876,0.4579736446211806,0.4143011673431183,0.24439067707480705,0.050724457248422436,0.42359898819664354,0.0012572598352969006,1.1184090543940464,0.16101559469532278,-0.11143928763594901,-0.25539504286151193,0.08135231329915178,0.04410213277217043,-0.1749621928242867,-0.023849406065313123,0.09994059425237393,0.24924901000906918,-0.24636933562215033
0.11054510820667542,0.5009292045845376,0.45539992747356256,0.2809181896475396,0.2574457551450217,0.2774954889292281,0.4097379501432533,0.12024227529879845,0.8697907598727923,0.15021319527486998,0.22261039821639572,0.2843262065913915,0.27652020503450936,0.19160040548562843,0.1820811752253,0.24391396903207935,0.2855014335220262,0.25629274431073634,0.1980745612626525,0.3190490714961294,0.24567132967962654,0.30310562012438597,0.3130209380764009,0.33888285247216726,0.06527734889671387,0.36838482671107475,0.367192249363225,0.11160411684576346,0.08296852852662949,0.1922813672034906,0.27521915252252965,0.27974758599893285,0.17900246501127923,0.1629897286879262,0.10801567694615116,0.45016043703646735,0.3652514105790432,0.1880519786793597,0.2310556526637828,0.13382708853496006,0.11701051123493002,0.2449090821606326,0.30816786165201326,0.188212082496496,0.2811012910275697,0.22589662345812883,0.2119811635866667,-0.007384614597745893,0.05599301337636003,0.020651696421331973,0.040236692623357426,-0.11069537469198748,0.11210725614309404,-0.05607187055080601,-0.04026157206640539,0.04568737289761794,0.015413516403590196,0.06803766926532506,-0.2208996320596889
0.14227109818694378,0.42492958465629943,0.8628779681233674,0.41995646575259526,0.0661286493527865,0.30530492685689753,0.23364770698023732,0.5020614062850802,0.15021319527486998,0.8659318513395476,0.25042507853074464,0.2488413462313898,0.3685462230527258,0.3032517187796275,0.19012035303518462,0.18808748126870217,0.34012780226050576,0.2706121093965333,0.15693131910620348,0.2781773158917414,0.20977431842899852,0.34064884679274443,0.19910861584258813,0.2562306797993605,0.2792972666746651,0.17628104102970218,0.4129965197368474,0.20840239824609638,0.2843291543366251,0.40160661095199135,0.2977484020963694,0.1460742229741728,0.09758680920484714,0.38391156178815244,0.38178968307209415,0.3703280211391459,0.5059091337286138,0.16517289126299212,0.4556372891632585,0.15106459711116255,0.21025915234246267,0.22784301384516692,0.35295294336272903,0.23262715974118478,0.19402977286155124,0.1535889305775586,0.3525371719273223,-0.00331072271682187,0.7352479244530835,0.03929737989556166,-0.021364372034020574,-0.14925149716220384,0.07276064238262558,0.0031067996837761966,0.009270845777946924,0.05690630357247279,0.07599476597576527,-0.10266367658985247,-0.1276405301661796
0.10506503956632023,0.42956820198600465,0.5493331308805737,0.33034195424490165,0.181586104869537,0.390991720948495,0.2990837555189581,0.40265789159163173,0.22261039821639572,0.25042507853074464,0.6579254173803578,0.3301133635436411,0.351817232307327,0.24618284544125443,0.3197844648718966,0.24365062751421,0.4137061105758212,0.2479685533945601,0.21331281830740545,0.42399480864833206,0.2551168567379384,0.2637575595321111,0.2535740196797279,0.3162026747602389,0.21465156154353157,0.28917619131367583,0.37307187995920965,0.12917196758653648,0.2747365564979799,0.2563664704218474,0.29723783275590177,0.25735853958693583,0.11699386421485913,0.28669089644839957,0.23184612834035323,0.43483446571533746,0.4339428989993417,0.2265544197416126,0.39580190164757323,0.1284123869660392,0.12336410007539003,0.26080069593202515,0.3055604368792275,0.19005632595489838,0.3157298408560931,0.19176399986948883,0.2521921928356927,0.0017727925191442923,0.2843061345189807,0.15270820913667915,-0.05467140679578539,-0.09356787620931448,0.13549267481397645,-0.1342623799442744,-0.10670047144441604,-0.008220294657269719,-0.02583388153063599,0.1160048871225409,-0.09855603587424475
0.11282553517021603,0.34421040087614135,0.37704601809404525,0.37324031747589914,0.208734146524281,0.3763284137832085,0.39745107569160243,0.15539945167901084,0.2843262065913915,0.2488413462313898,0.3301133635436411,0.7200566749380446,0.25504482071486273,0.2269479079042115,0.28717738709804946,0.24601002801621488,0.3065058949039532,0.1843958001757337,0.22543949236797864,0.2738779180823233,0.2085608681696507,0.1889997303268265,0.238154719728902,0.2565968714389141,0.2189254947270044,0.28753787783520457,0.3269454461950714,0.15911049815300857,0.2034080954859617,0.1439412872157189,0.21453053245166623,0.29922918687633826,0.13765029521964325,0.2752526378416954,0.1904544874090004,0.3664504953492391,0.23304094409610956,0.1585412503560097,0.23051050433894707,0.12349382791750367,0.03485389418809726,0.22049816803826267,0.23041946378021838,0.18277349606349572,0.15014921168774673,0.051202282390981665,0.17494369888128122,0.006324544146566526,0.6673027088148813,-0.09404989375299168,-0.09243228068927489,0.1473113820905412,-0.01676520528751742,-0.044561342309107736,-0.05406748183360367,0.053793209132878606,0.008160768063007926,0.07476014537225922,-0.19375665886470314
0.10279155132835013,0.5122686268460397,0.6830824506700042,0.39118694173174745,0.2374051369944005,0.4016619975118613,0.3133962472820657,0.5520565917573121,0.27652020503450936,0.3685462230527258,0.351817232307327,0.25504482071486273,0.7210106548041894,0.25048331422821407,0.12320126856150404,0.30480462000047165,0.3477139025286741,0.25892954386137196,0.25661623802200234,0.32214335900614777,0.2496201970988198,0.4951895948841009,0.23733668758004212,0.31288661244239047,0.26137381044292585,0.2553868328229355,0.3136123014504344,0.15316506500640897,0.37455984512217355,0.3183490368002431,0.2893664528933753,0.3006852981563184,0.11542122643529773,0.3601303513798851,0.3028171702880904,0.4202015851560629,0.39560183207843214,0.18306337420149976,0.4612343133365825,0.159066569875755,0.1484844115261097,0.25722655323794513,0.3169292851178032,0.22109269811736937,0.1895207731465368,0.19438344530399956,0.2896217831298485,-0.00011533352720819285,0.5083142129162879,0.09118284781965472,0.01372283612530789,-0.21389933865075186,0.14224502837406952,-0.07917459094462952,-0.15300399343533796,-0.019094018308419294,-0.08243792966560476,0.03524672671176513,0.034827759239598736
0.13336817590544123,0.23120338154705158,0.41020483957845477,0.49011987131092233,0.1437684153728787,0.399749369472322,0.1705632666707698,0.4548597144655994,0.19160040548562843,0.3032517187796275,0.24618284544125443,0.2269479079042115,0.25048331422821407,0.9337911183069014,0.2851495036962147,0.2701410584921714,0.23491656793236756,0.19381223789736868,0.1946084217281997,0.22610863051637375,0.22731262891925344,0.1713871441119043,0.2664504164356087,0.3539938353163087,0.2861659024562093,0.35000788595038684,0.3789497938913392,0.19457701623123588,0.2605084036486957,0.3702672466726101,0.24798845371323033,0.2217056435984879,0.0647424651186044,0.18489730409901536,0.2966841116890785,0.3468213153825942,0.35993423951700204,0.13874167665040577,0.23444804138922276,0.14678371115719224,0.26223774042881387,0.2345635139199443,0.36500047461916607,0.2807760221718805,0.1776456433024264,0.05714012014718463,0.2773848298808211,0.0010370377119437197,0.8914174534282815,0.15644027083948922,-0.09050233064002301,-0.04235309804807555,-0.0857982525304423,0.004101035943319011,-0.1655579219666188,0.003488592447348989,0.008494467225033955,0.27144736760537064,-0.18686417916945752
0.1106002706015216,0.5631522832700077,0.42527909757569937,0.3005215511591141,0.21536444544495112,0.3016514300129985,0.17221525482000688,0.21079015556313963,0.1820811752253,0.19012035303518462,0.3197844648718966,0.28717738709804946,0.12320126856150404,0.2851495036962147,0.8942065545392659,0.06921952321492969,0.2274855089189592,0.2734095246658713,0.2074194681196693,0.33159486305422886,0.2864444970557529,0.03160425125412627,0.3479942643986018,0.3875503849752209,0.19292266137700045,0.31863489078839446,0.46197910196443254,0.19360193609074458,0.1902039537910406,0.34118028962556046,0.3067739839618843,0.2447673589746313,0.14589376373405277,0.19217930050834994,0.16483047765007727,0.47656707605747256,0.40999855082004827,0.18163794264883634,0.18575712341246403,0.11780671366198793,0.23080205949937943,0.25612693291574173,0.3225040440678058,0.17952270985616633,0.20733139317889931,0.14112802805429756,0.2925117903288349,0.0037313062970652836,0.6045977347839692,0.0685416675359015,-0.2129545347900873,0.4072227403918681,-0.13093153753111733,-0.10745407166691044,-0.0724686645457724,0.0223195208435116,-0.050641620626803864,0.15934419363653332,-0.08660151772787576
0.07731936796814523,0.2878724615340139,0.2567556357834506,0.36226716901094497,0.4293198834193407,0.18563358735541433,0.25250894518381567,0.22225269268577702,0.24391396903207935,0.18808748126870217,0.24365062751421,0.24601002801621488,0.30480462000047165,0.2701410584921714,0.06921952321492969,1.216459152380692,0.34137844849302956,0.24756364969137076,0.36314505876543174,0.3315641098995654,0.24097900439546946,0.31441760258102774,0.2172078345434735,0.30566429715619453,0.15415772287932517,0.22632313803355672,0.1735791376041056,0.21707486340764304,0.29668492330810037,0.33438582890968677,0.29442206823343936,0.3642191338530962,0.07901511301843807,0.29218635392421277,0.37876211380611186,0.3630229310277969,0.42175722015107137,0.20289483011436,0.29506676153255934,0.14226492138931832,0.2385476705533271,0.3487730919708389,0.28558981748088247,0.28825899298202984,0.29890247271324205,0.07047034664425042,0.3014180239420172,0.010444541590941686,0.697533486492347,-0.08495932129578918,-0.07811136644957183,0.045888871045360595,0.020646418607985172,-0.07599052924837171,-0.10851210848543993,-0.052401947830350744,-0.06860276758935936,0.12173718985338014,-0.06759098391885973
0.06519382291501236,0.5134979178827431,0.6675825706631935,0.31713673892013833,0.1769877947183717,0.33017966653253694,0.27294026931448184,0.3555979577976235,0.2855014335220262,0.34012780226050576,0.4137061105758212,0.3065058949039532,0.3477139025286741,0.23491656793236756,0.2274855089189592,0.34137844849302956,1.5328130997167015,0.1481144500124744,0.28217724663083066,0.7837111766432991,0.3408989354772746,0.4276161962919095,0.2184113664297463,0.3770448333130108,0.7639098570768793,0.1828383043247223,0.5799133482031538,0.25296105789809226,0.5720038762453534,0.3932061135602092,0.4004959057138858,0.28653050277914205,0.3726802800445792,0.4498915824032935,0.21559963614947983,0.582221000663849,0.8559628678932495,0.4308979202042857,0.5853176705966443,0.21562369460941072,0.12253757996373629,0.3806056577819137,0.4775463495785569,0.19144318477866226,0.6027321818640757,0.24598111312035417,0.3254960061385078,0.006354576596471467,0.5781352006175393,0.3204954527220852,-0.04213008160331296,-0.057026046498091794,0.1585934680719313,-0.22868957423244693,0.09047616283669807,-0.019163714581626013,-0.10837333940892994,-0.04871704561151849,0.0690715151555227
0.12091398156833488,0.43164791823946835,0.4185510486838216,0.35624331418389993,0.2893822669731222,0.22243817228511023,0.24203640038203852,0.27823171971966437,0.25629274431073634,0.2706121093965333,0.2479685533945601,0.1843958001757337,0.25892954386137196,0.19381223789736868,0.2734095246658713,0.24756364969137076,0.1481144500124744,0.8447409046541928,0.2252671194861102,0.10426736808517874,0.26612546730827197,0.35751967135016566,0.4866759092376639,0.2982910656259092,0.13226801084465584,0.3459451217174757,0.08432127938514017,0.048129543384950534,0.20805210307787186,0.10220216307546942,0.3585052442870352,0.14951903451538645,0.03285185167352586,0.24594994384136917,0.08742948679703072,0.4528126383979846,0.4325476380820751,0.09260046082316913,0.20532564203755724,0.10137300963146577,0.19518552868976563,0.19903067397697435,0.2848715261487368,0.13367639051872415,0.27523432332294645,0.2523060648408204,0.4303620279404212,-0.0029209244673627545,0.22466573782846677,0.13878611463055557,0.09632266285039845,-0.07378330959449919,-0.03794762663326435,-0.15945215100784704,-0.045662763178163174,0.0020938118674539525,0.002287674037877057,0.09617893149268174,-0.15586315659444588
0.0987012098199831,0.28178165760799195,0.3335637212587229,0.2003963671081851,0.4368188399156704,0.3417541327637939,0.19348683541123596,0.24999700235924288,0.1980745612626525,0.15693131910620348,0.21331281830740545,0.22543949236797864,0.25661623802200234,0.1946084217281997,0.2074194681196693,0.36314505876543174,0.28217724663083066,0.2252671194861102,0.7899446284152976,0.16876032853796497,0.2324530885165326,0.3085425854950141,0.17043154620522386,0.20433508229626385,0.27493798295061556,0.21674127595206466,0.1804221883393127,0.1321452541074676,0.3007007076184278,0.26652390819264216,0.22619285108999568,0.37585314500896216,0.0701439497501951,0.2514138808132046,0.14051420792821046,0.347674291725209,0.24831450886141243,0.12992867958850157,0.22392291264194056,0.16436943050939196,0.1977153149336383,0.2254615671024788,0.20638152199785886,0.08088828210751231,0.10771944579868552,0.1229648103780556,0.2501040873892234,0.006067275609542303,0.6251627476647816,0.1243076779095964,-0.011321150754875225,0.10187014119146659,-0.09606819982287049,-0.1283740118106486,-0.09813409548536806,-0.02937701006322796,-0.05061322821241845,0.12076172067612756,-0.011918330216689692
0.09176146791486936,0.5951778711927722,0.5766264011934815,0.3260277331944797,0.18124783009418963,0.3065698246330741,0.2761430837609533,0.37597238323715815,0.3190490714961294,0.2781773158917414,0.42399480864833206,0.2738779180823233,0.32214335900614777,0.22610863051637375,0.33159486305422886,0.3315641098995654,0.7837111766432991,0.10426736808517874,0.16876032853796497,1.4437878605208971,0.35521892993712384,0.36022952570537187,0.2562001021250634,0.5641994199833813,0.4561477286576569,0.21852782537631413,0.6654444730473538,0.3374189435768952,0.39624566107208464,0.802788560720707,0.4999258537158906,0.5782487533732946,0.4046248359590559,0.3849219278088663,0.3426773391319507,0.5821537425570579,1.0550670818025891,0.7026814757866319,0.6295476083261413,0.2810212074907024,0.2280375820983186,0.4928919342724675,0.6939449072578769,0.475489387773427,0.915394914643391,0.18456501289506047,0.47015689044521647,0.0035736707327520705,0.7986136010850312,0.04956516707765798,-0.08740001209035697,-0.038623254786899604,0.23903356292218783,-0.11009265662839472,-0.020944016986206123,-0.03507149989670406,0.027017927158667913,0.04158399093867948,-0.07493246294463342
0.09350439497970749,0.45344109411249195,0.4352210591221316,0.29202343864439123,0.2155396335417525,0.24245142472379666,0.21361629369313243,0.27676331317728065,0.24567132967962654,0.20977431842899852,0.2551168567379384,0.2085608681696507,0.2496201970988198,0.22731262891925344,0.2864444970557529,0.24097900439546946,0.3408989354772746,0.26612546730827197,0.2324530885165326,0.35521892993712384,0.7105877516593007,0.3509994398818032,0.22863774415563037,0.36740838153951416,0.2577881452132186,0.38474007902339785,0.43462799248729256,0.28351286674622067,0.2026239682917194,0.36851788409337405,0.389904924766287,0.49722088509087176,0.39410465521503363,0.24098019220846467,0.1987147891005732,0.6150126682273638,0.4798113271802177,0.24285034080058754,0.31394260719699846,0.3200263846221889,0.2387851425851576,0.44246232176529476,0.37180917812119424,0.14285681121524013,0.26660583814969524,0.1581503533473813,0.3272577994508478,0.0027378409239405504,0.8709430307096886,0.09700109704593723,-0.0951423840631189,0.030417604804064913,0.024710366967369758,-0.0719439287566154,-0.05263127638989714,-0.017185580837155764,-0.047423328908488126,0.08496329596324108,-0.04144800967117618
0.10789994294244172,0.31903763976129174,0.5716987718626266,0.33214196315918293,0.21829957078714005,0.3265414014309147,0.3038124979031432,0.42649819084940777,0.30310562012438597,0.34064884679274443,0.2637575595321111,0.1889997303268265,0.4951895948841009,0.1713871441119043,0.03160425125412627,0.31441760258102774,0.4276161962919095,0.35751967135016566,0.3085425854950141,0.36022952570537187,0.3509994398818032,1.6413301970264647,0.4811007528045713,0.4361590112750225,0.21476186091695568,0.21092642000213505,0.37094822603854727,0.014912502802652413,0.5176487725627986,0.3311507880830182,0.33734646534651547,0.5154730867353157,0.1514375623032526,0.39803481316283185,0.07725868870078259,0.5785970719451382,0.37465818436637044,0.2169941126375642,0.5552203174386614,0.333800278655316,0.16687265695231762,0.30702175644894913,0.5413496422626913,0.18230785448598713,0.17375136495794807,0.24959510270555987,0.35447165476932274,-0.007723106283525244,0.6985690247364489,-0.004423243870132614,0.055182107832002336,-0.3998506402752579,0.20007852824657402,-0.06915063134124229,-0.017251091339274546,-0.004582253761335017,-0.02049600240314588,-0.021768609205107894,-0.012670361968048743
0.07282242651484501,-0.1027227890911624,0.24348238625982813,0.3701930670137702,0.27471205968632406,0.2380755330532349,0.2756626076429562,0.21582721074961317,0.3130209380764009,0.19910861584258813,0.2535740196797279,0.238154719728902,0.23733668758004212,0.2664504164356087,0.3479942643986018,0.2172078345434735,0.2184113664297463,0.4866759092376639,0.17043154620522386,0.2562001021250634,0.22863774415563037,0.4811007528045713,1.3552914600538701,0.7949480721472492,0.13680261439877617,0.22322363116701763,0.2917955723218282,-0.1720851397390653,0.20538169081204938,0.23693027098752262,0.22021524481425594,0.13580999222855986,-0.012642690482985193,0.22020814885765014,-0.18584556159257168,0.7205072330641679,0.2417599594317523,0.14660268309736618,0.23005287122334792,0.08478836503760917,0.2158821797718737,0.1727403116921733,0.37168881058821324,0.5531177232928393,0.12152802625822592,0.2644797823203092,0.3278992498438402,-0.008317228912407876,0.25512997730184306,0.03882735229339285,0.022970168692030404,-0.04322394482061099,0.0657013214696334,-0.14014338135198762,0.0034516293833053977,0.016084680535418255,0.08017439673462924,0.00942865595622596,-0.10872060503042155
0.03882171045224808,0.17355203987521903,0.46848905904538396,0.4367915731983296,0.23090379595848418,0.30586713697232704,0.26911842284686927,0.3411135487876295,0.33888285247216726,0.2562306797993605,0.3162026747602389,0.2565968714389141,0.31288661244239047,0.3539938353163087,0.3875503849752209,0.30566429715619453,0.3770448333130108,0.2982910656259092,0.20433508229626385,0.5641994199833813,0.36740838153951416,0.4361590112750225,0.7949480721472492,1.5924816719683748,0.3031973018282366,0.1937542793689911,0.5779786756470437,0.1525870396007714,0.13751474337218994,0.7097459939468341,0.619436941693731,0.29039751955596144,0.2327701386363019,0.10455237748958283,0.17721624723832397,0.8194081417821865,0.6966128709753487,0.3173135662299576,0.5166416484639166,0.15876997828165726,0.4081844174810939,0.3533049531598097,0.5961457510960013,0.5585863501533095,0.448996813639921,0.22807671979553398,0.47499991131360175,0.00565801869306314,0.8794682633002096,0.03207048253948744,-0.10836490874385006,-0.026747193791606113,0.1626100936003605,-0.10685674752944023,0.01554781381537816,-0.0031528072833726223,0.07095072331840428,-0.0324269286873231,-0.0009099347781496069
0.10535532403109567,0.44525315990222103,0.5430582720744507,0.24050576016200975,0.09093051266723809,0.3613305559589198,0.20438420530693815,0.3130202082365163,0.06527734889671387,0.2792972666746651,0.21465156154353157,0.2189254947270044,0.26137381044292585,0.2861659024562093,0.19292266137700045,0.15415772287932517,0.7639098570768793,0.13226801084465584,0.27493798295061556,0.4561477286576569,0.2577881452132186,0.21476186091695568,0.13680261439877617,0.3031973018282366,2.004589579027706,-0.0370844821433558,0.3374720057056203,0.3107754114111606,0.8343244079934342,0.7183727290026759,0.2740113878089018,0.3903653151647839,0.2537567746460043,0.5303221231588344,0.3781370027020553,0.2591790170595646,0.6569794707349282,0.3148521320757079,0.6486012292525085,0.22980724884058568,0.20585718239556036,0.28341364913070705,0.4166355818030792,0.3327861371297477,0.3147609679664135,-0.05828127728631185,0.46042212995438986,0.02408462297277523,1.4909889543662882,0.13055806127696992,-0.01973579374297012,0.06335850442046627,-0.04587209579083116,-0.13593926022787023,0.08642637037437184,-0.004441104722214163,-0.2550589372647141,0.04645418685849366,0.23595322993973689
0.08259231314215572,0.4137238371343128,0.3393235242613309,0.3760379576738989,0.2500661910496071,0.40348259180128565,0.27368594440947003,0.3539712809398919,0.36838482671107475,0.17628104102970218,0.28917619131367583,0.28753787783520457,0.2553868328229355,0.35000788595038684,0.31863489078839446,0.22632313803355672,0.1828383043247223,0.3459451217174757,0.21674127595206466,0.21852782537631413,0.38474007902339785,0.21092642000213505,0.22322363116701763,0.1937542793689911,-0.0370844821433558,1.975791969432698,0.6231962542631462,0.21730681184453624,-0.07315350815014507,-0.38927713315184487,0.18405371922544211,0.4871912285216387,0.10887391290232236,0.20275930887329038,0.259912422730737,0.5493745998677804,-0.3530878892997484,0.1719276467009712,-0.7150053565429256,0.245858790433824,0.22621407829987214,0.38715303426137343,0.19505257333914583,0.11246868966557443,-0.13075591089206628,0.07171768022578501,-0.04025633644099775,-0.016011104945270752,0.19355781543543724,0.13278865272340604,-0.2297942915998339,0.11655816917235991,-0.15878879308277913,0.07794178214642776,-0.14229594872254986,0.0024021723598653356,-0.08170720879373966,0.23998683280140692,-0.18205635490318947
0.1270184702691399,0.7922708903089873,0.7076543166609788,0.40290212380698975,0.025510140866830098,0.40981117040511855,0.3036605634190961,0.48078172717408857,0.367192249363225,0.4129965197368474,0.37307187995920965,0.3269454461950714,0.3136123014504344,0.3789497938913392,0.46197910196443254,0.1735791376041056,0.5799133482031538,0.08432127938514017,0.1804221883393127,0.6654444730473538,0.43462799248729256,0.37094822603854727,0.2917955723218282,0.5779786756470437,0.3374720057056203,0.6231962542631462,2.2957191098222065,0.4749400433105279,0.057984045973676755,0.4618792813389585,0.4999967608713165,0.6270094633614438,0.6006098429612805,0.28465986260061366,0.3725576137308802,1.0885504325877768,0.7283496563131406,0.3633003180064962,0.3529665526286596,0.32749915989254325,0.13736301066620665,0.5130074978401171,0.8815142290463457,0.3513114968218576,0.4731914025231271,0.1724419574181225,0.24226575561477848,0.00125865721160316,0.9392971144774952,0.14906516885963567,-0.2910437489669615,0.1596605878844796,0.11027785070880589,-0.055333971219020894,-0.019175130659380424,-0.01358118177331253,0.06996735477529173,0.12023753064012557,-0.1344388300063624
0.07402901868191744,0.40555965994229376,0.3739413480780063,0.14073273802721709,-0.04885119647265546,0.19097494379015184,0.11943092736000069,0.279282096755836,0.11160411684576346,0.20840239824609638,0.12917196758653648,0.15911049815300857,0.15316506500640897,0.19457701623123588,0.19360193609074458,0.21707486340764304,0.25296105789809226,0.048129543384950534,0.1321452541074676,0.3374189435768952,0.28351286674622067,0.014912502802652413,-0.1720851397390653,0.1525870396007714,0.3107754114111606,0.21730681184453624,0.4749400433105279,1.2509585432527113,-0.08013737079327617,0.7089245102743583,0.3304266642726132,0.08848974492717823,0.7890644404972663,0.09971967686924321,1.074974471522513,0.16263488226418163,0.60581097619669,0.2485500479686741,0.25111023194109644,0.1435778365324101,0.14413910602019153,0.3724417581995217,0.3313741013442569,0.6317317082756521,0.20893306037860956,-0.31542650769649655,0.3654904854781721,0.029026449813061128,1.66537318543999,-0.09315527522151261,-0.21173511189372146,0.44313214479458835,-0.4172114227163949,0.2613650164227085,-0.0350929294311108,-0.044656389459085774,0.07136171590132556,0.035861466648655874,-0.050126503561244894
0.1107896455553965,0.5200123830070883,0.6461761089986643,0.3006816607246179,0.15038017727771089,0.4236688475971482,0.2158888272381769,0.35885090266619046,0.08296852852662949,0.2843291543366251,0.2747365564979799,0.2034080954859617,0.37455984512217355,0.2605084036486957,0.1902039537910406,0.29668492330810037,0.5720038762453534,0.20805210307787186,0.3007007076184278,0.39624566107208464,0.2026239682917194,0.5176487725627986,0.20538169081204938,0.13751474337218994,0.8343244079934342,-0.07315350815014507,0.057984045973676755,-0.08013737079327617,3.1321090301709473,0.37350301042030826,0.029134133934027872,0.6895624390363285,-0.011798628647824203,0.5017012295132928,-0.02010124389339513,0.6029538410810444,-0.6609952062288943,0.16165375838848106,0.26460528015853485,0.3936177004553856,-0.060746846354760645,0.1555824958509758,-0.2033769799160531,-0.6528490892786379,-0.27404975501334056,0.34183807820553896,0.32512296912333793,-0.030714008633162437,0.992030374020587,0.35290307076989647,-0.25722127302807934,0.05664428253561559,-0.14183624778126058,-0.11029453887834348,0.01748938290269306,0.019832166966091223,-0.17514963493621405,-0.033947045323658234,0.2864482498359552
0.20370757186960467,0.474464144164543,0.6777067641323107,0.1991920721585621,-0.146043620641086,0.3443702917188257,0.18117553519592422,0.5909669276358427,0.1922813672034906,0.40160661095199135,0.2563664704218474,0.1439412872157189,0.3183490368002431,0.3702672466726101,0.34118028962556046,0.33438582890968677,0.3932061135602092,0.10220216307546942,0.26652390819264216,0.802788560720707,0.36851788409337405,0.3311507880830182,0.23693027098752262,0.7097459939468341,0.7183727290026759,-0.38927713315184487,0.4618792813389585,0.7089245102743583,0.37350301042030826,3.6134967047561077,0.6868307963201652,0.3103193284916963,8.452612220633516e-5,-0.16888058415290655,1.4771605669990922,0.31610090573136396,1.2104629344554563,0.4036950349369955,1.471148237295382,0.5406831336865853,1.4773004624505357,0.4384936862214889,1.0418322961562336,1.227106872576965,0.46537640408614206,-0.07987663641104246,1.6668223541242129,0.007460745781892567,2.9438977900617784,-0.214595572942066,-0.09815825771522577,-0.2662695207907863,0.2670540776408614,0.15184089170910406,0.07391836910816107,-0.14714725147056457,0.22325973285087833,0.09258822746120249,-0.0015414567859049328
0.10198628866855514,0.5393973763915748,0.5559582147482888,0.317768904869294,0.21698045163586732,0.24477098983335957,0.229138761007496,0.3306728787543371,0.27521915252252965,0.2977484020963694,0.29723783275590177,0.21453053245166623,0.2893664528933753,0.24798845371323033,0.3067739839618843,0.29442206823343936,0.4004959057138858,0.3585052442870352,0.22619285108999568,0.4999258537158906,0.389904924766287,0.33734646534651547,0.22021524481425594,0.619436941693731,0.2740113878089018,0.18405371922544211,0.4999967608713165,0.3304266642726132,0.029134133934027872,0.6868307963201652,1.027258348329378,0.29933264314142316,0.20777329049065565,0.20707659728396507,0.46074641473555933,0.7602669626839157,0.9378725128227111,0.3089095636972405,0.6424464404883694,0.1635994991631071,0.4618338074077114,0.38564538046018615,0.5499321422475878,0.25079706259512635,0.5673349746017077,0.27083942657009963,0.5018433495047575,0.0038153881939764606,0.8037756696824109,0.1394610050737663,-0.07679610959542338,-0.012876869970093026,0.09708183920583237,-0.1422069581449926,-0.007226880538129141,-0.02190869960574389,-0.032405400167075486,0.04669416198010532,-0.03223700027486614
0.09459901712254132,0.4488602880886475,0.32624102228994867,0.3336505410274074,0.39410811582490146,0.4308627670264778,0.24749003657158147,0.24901307520015226,0.27974758599893285,0.1460742229741728,0.25735853958693583,0.29922918687633826,0.3006852981563184,0.2217056435984879,0.2447673589746313,0.3642191338530962,0.28653050277914205,0.14951903451538645,0.37585314500896216,0.5782487533732946,0.49722088509087176,0.5154730867353157,0.13580999222855986,0.29039751955596144,0.3903653151647839,0.4871912285216387,0.6270094633614438,0.08848974492717823,0.6895624390363285,0.3103193284916963,0.29933264314142316,2.985575224206777,0.3465445328639419,0.3779122295365066,-0.22248930496726613,0.8145166807596375,0.04774914786290841,0.38946625035851024,0.14473920973843532,0.4812640032871601,-0.007021266426350664,0.5257406242897367,0.3379572658105014,-0.18555023036992283,0.3387605447872676,0.019542838725171614,0.28213470834914584,0.009797623448083837,1.7595620912833039,0.24171961941888803,-0.14442792562777726,0.1578939312028376,0.00799955140357628,-0.09822811573139972,-0.38014062885839933,0.024599722847309092,-0.04511024568284046,0.30974477143199297,-0.280695692129304
0.038772394787681505,0.438427088076951,0.23917140715592294,0.17076818775323688,0.16902709869432037,-0.02886277612442303,0.12908187152029188,0.06156517019089956,0.17900246501127923,0.09758680920484714,0.11699386421485913,0.13765029521964325,0.11542122643529773,0.0647424651186044,0.14589376373405277,0.07901511301843807,0.3726802800445792,0.03285185167352586,0.0701439497501951,0.4046248359590559,0.39410465521503363,0.1514375623032526,-0.012642690482985193,0.2327701386363019,0.2537567746460043,0.10887391290232236,0.6006098429612805,0.7890644404972663,-0.011798628647824203,8.452612220633516e-5,0.20777329049065565,0.3465445328639419,2.5169737882453562,0.11425103223850497,-0.5601799804607421,0.39955807257995796,0.6808966496328444,0.3932433397474208,-0.01767033199751496,0.26533965558696776,-0.651736510728342,0.4486796705627202,0.22393444040583646,0.278506144252878,-0.2572431638356213,-0.1434399208879204,0.10202494561504505,0.039602810143593264,1.6639678594038076,-0.09258909924004936,-0.27361040124894787,0.1542487849126593,0.18053384551160487,-0.03718818260933482,-0.03392108388386048,-0.032780961263500524,-1.616457900583966e-5,-0.008428296465824575,0.038570299700260054
-0.028567083714892905,0.3816790476466004,0.47568765621452086,0.38683522899782363,0.39340173369963843,0.34941550523335113,0.3076292965330005,0.37044443267904076,0.1629897286879262,0.38391156178815244,0.28669089644839957,0.2752526378416954,0.3601303513798851,0.18489730409901536,0.19217930050834994,0.29218635392421277,0.4498915824032935,0.24594994384136917,0.2514138808132046,0.3849219278088663,0.24098019220846467,0.39803481316283185,0.22020814885765014,0.10455237748958283,0.5303221231588344,0.20275930887329038,0.28465986260061366,0.09971967686924321,0.5017012295132928,-0.16888058415290655,0.20707659728396507,0.3779122295365066,0.11425103223850497,1.769608806007283,0.2129090961926998,0.29729259783077727,0.7406326268895906,0.2972530687855841,0.37843264740515636,0.037100719833202636,-0.18493443050216737,0.33417911342424533,0.3542637556349631,0.1917263284807371,-0.014851308221004013,0.020622427449243516,0.16320358751456446,0.02398341670004048,1.4962035852896363,0.0815568813624364,-0.1173370269506166,0.03802137400019535,0.05400474915366623,-0.11160187663873682,-0.0660988359275401,0.01987653949877181,-0.0840813662068857,-0.019969828134082265,0.11632163449400368
