6.680461843730972,0.8874354570601035,1.0032350730531607,1.1568655955706026,1.6754241631275835,0.02000434732709544,1.109760485478498,0.9853023697095352,0.1830343095537734,0.8465586346525282,0.5636460754122476,0.6402246873911618,0.7085871944413132,0.6532600535411802,0.6396927387649011,0.6713518935688249,0.46437917410776597,0.7043277613153813,0.7491629784298105,0.3412297889621356,0.6114805161262347,0.43548115452108266,0.45715849819556753,0.4633838104909964,0.4947892297471699,0.5857576900285353,0.49072701593668294,0.30541295652794354,0.09733656237596384,0.34666700149683155,0.6152414351453849,0.5668584794085644,1.0658690406453952,-0.4960173791030786,-0.266973299607708,0.30663611196839674,0.9717977521705546,0.9556709377051793,0.434253970050788,0.2227067166845896,0.6694662182949986,0.4326938492050626,0.3031656576442446,0.7431478427761699,0.321754221027307,0.8340509072756492,0.24599841220612917,0.1833825528381737,-0.13501458998714577,0.28038669625427937,-0.22654138948608182
0.8874354570601035,1.9747404345381423,1.331448497674672,0.6733057796012081,0.4637957746269612,0.40654379074326175,0.5071335611181104,0.6650686233940355,0.42160013561127246,0.5519985324832126,0.4568437394298641,0.43503783944460506,0.43249515885439493,0.4765195837522975,0.5251086987735899,0.44944496199319994,0.5199827193107469,0.6741138546101996,0.42915468184767985,0.6781355382659559,0.5258978417489968,0.46234753904356257,0.48521890365950604,0.35622884239837543,0.5523494579341462,0.5072719201982607,0.4276258233330802,0.361418334015866,0.47712991148965056,0.2528830334206939,0.5455011620622978,0.43095271150715203,0.5697483384190926,0.5553435947843316,0.2557937619272696,0.6412661941384288,0.7688154026042637,0.6510431504429374,0.5032432586871362,0.13901963496643588,0.5735045898298311,0.29586862798429386,0.481522849510764,0.5695790070437806,0.2128750978607626,0.9453200057584098,0.4616744292272271,0.08060643655831085,-0.2581711433659698,-0.060130747688563004,-0.1875066942097673
1.0032350730531607,1.331448497674672,2.0714184783523977,0.6832919312413654,0.30260822220249184,0.4746235587629726,0.4637911517519017,0.619578178697503,0.5749583020776502,0.7115570229651137,0.4515893781604976,0.49142915940869913,0.5070628973644394,0.45630912005383145,0.520102335314036,0.4530143608561735,0.5113282613507576,0.5245038571780704,0.44473837086942053,0.4021803621201582,0.5227598818168578,0.5300830770295064,0.44570840216703284,0.3738030480702598,0.5285877903342414,0.49754400626728934,0.40962510715361816,0.3520865819301129,0.3540597613180819,0.08621855509890448,0.5120256410636997,0.4078054437915444,0.6119382670899178,0.55970593950252,0.1540440545398512,0.588601560073464,0.7543652787187931,0.5469966770885125,0.45221834299417535,-0.11654779393706682,0.5452684906344825,0.4802046395776744,0.48279660438628746,0.6425797050948627,0.14700981612215516,1.021504812809948,0.3334073824149035,0.06152254422049254,-0.4415372000607808,0.07176350060788826,-0.16971530906044316
1.1568655955706026,0.6733057796012081,0.6832919312413654,1.7310137447154679,0.761656935967744,0.40553349923626414,0.5971076267354373,0.6303769016215778,0.24503534948793274,0.46927800465649777,0.44377566631654,0.5104923874317125,0.4609930259225917,0.5088704382587188,0.47557300589539947,0.5047270825562934,0.41641377692521797,0.5234993331689046,0.49321758105177904,0.4171225821314951,0.4643164686886806,0.39920234421258904,0.45761424211586377,0.36498071744092775,0.5038959213597641,0.3946302331690936,0.3877949103361062,0.2445446625034686,0.27542712527530505,0.27820773868370063,0.44098395505441934,0.4591858638515243,0.6284337625086037,0.4559625903571833,-0.05683626626060981,0.419088468159085,0.6122631370700599,0.5207432192669217,0.4764564291578251,0.1017924262680796,0.4736226407766484,0.32324416480111734,0.4007783167101134,0.6787095007503712,0.0007383084160848151,0.7398456156489747,0.3837064925145701,0.09860945263885151,-0.07126696150382904,0.06723602855495707,-0.1853830195394786
1.6754241631275835,0.4637957746269612,0.30260822220249184,0.761656935967744,1.8129095754771292,-0.03459390723180425,0.7663472655552549,0.8473629529358928,0.3266493169326027,0.4515384190368121,0.5040684456281015,0.4996649469190894,0.5729130228486071,0.5499567373025941,0.5643851385106902,0.5747585953454615,0.4411084362569808,0.5154345238357827,0.6633488524261552,0.40909453153297765,0.4452412693966838,0.46644841779853685,0.38922891761492207,0.3445986533600091,0.5335145098289903,0.4690759580328993,0.4207954883649764,0.21926120380455655,0.4040190987597952,0.3077804128282674,0.4574704522671669,0.5102939954011103,0.5047369253352538,0.48259964071056033,0.018081287018347623,0.4175276715626191,0.6663741362422213,0.4971398944145392,0.5232280094003892,0.2048052585935069,0.46512895024244255,0.43349493649792015,0.40812505005522043,0.48680035024799556,0.009450312551811732,0.7183286823919977,0.3409243478257074,0.12578492778242026,0.22959575561482576,-0.10939707735452026,-0.05162438848128946
0.02000434732709544,0.40654379074326175,0.4746235587629726,0.40553349923626414,-0.03459390723180425,1.5175930930998192,0.055617922416338894,0.2429615564154996,0.40660602146702574,0.2864790146360907,0.2585359229386375,0.2544595692981078,0.3501985687949403,0.466319463364606,0.19892968583535894,0.365158139677167,0.3086737756166519,0.2951270696686114,0.6224569714029689,0.39863192731325897,0.3837432466420352,0.4202843604240484,0.2811290788552688,0.37128107553461187,0.2836423443425143,0.26087766566948684,0.28916574907256654,0.2728394923084935,0.3556714065943045,0.24279181744647702,0.33564084029423147,0.46664299020309885,0.3269598133421199,0.35409859376590763,0.12314306151141227,0.4011246548654186,0.41707336862003347,0.4339630650128697,0.2733756487540228,0.18650130061613407,0.4741552992884649,0.21064988270150906,0.3926298945604803,0.41187653588517886,0.021186060053603222,0.547066455661073,0.42557755068710273,0.055238661753559556,0.1701838749339024,0.11092025381291962,-0.06274284819172096
1.109760485478498,0.5071335611181104,0.4637911517519017,0.5971076267354373,0.7663472655552549,0.055617922416338894,1.1020536902961722,0.610739123736265,0.3942470533729526,0.4624341760545327,0.48301593323265035,0.5229032041561708,0.4822175442617148,0.5343386709501107,0.454757313353322,0.5157435569469904,0.4501373274944097,0.4597372239312453,0.37608401355750126,0.394155734245978,0.4394923824957894,0.47931031488547166,0.4185585320585889,0.34508412563225616,0.5040920344579124,0.46831161412879924,0.4020781806098567,0.25110131243635414,0.4140393334609633,0.29153742930061827,0.4139928188976165,0.4791663055714512,0.346741987393921,0.5176793442839532,0.23133922464167506,0.4287101653840325,0.44401231602497093,0.4482079349833658,0.519044365356595,0.2511975477849082,0.4274115812132559,0.4080640463102611,0.4510935542769523,0.5317372453674026,0.06426006881972789,0.6857664109835587,0.19956886020738326,0.10381634530419137,0.22072024686801717,-0.07377548802296147,-0.05264087628419615
0.9853023697095352,0.6650686233940355,0.619578178697503,0.6303769016215778,0.8473629529358928,0.2429615564154996,0.610739123736265,1.4797116846450862,0.26405680653086555,0.3652339670146003,0.5973849972611329,0.3890246362413478,0.5696726935116531,0.6202374794133583,0.4637743863175183,0.5550272165695738,0.4732307592442549,0.5960351031439439,0.47438361249698124,0.574320362517517,0.48412065781271074,0.4438290485040649,0.4010253020604908,0.2844988787484781,0.6182801963854291,0.6306958971017876,0.4656298336814262,0.32613375125234434,0.5472859207309552,0.3821761045939183,0.46502314674245776,0.5273701406669633,0.3082932921312685,0.6114702347622375,0.455086915247587,0.4992636448784014,0.6148851367347585,0.5248104717709037,0.5970119385039214,0.28730850617924536,0.5171238950796033,0.37195014355849015,0.5566596794714189,0.5412441374459727,0.1616044775776018,0.7684259860433414,0.5273138397301728,0.10305438713861093,0.09474939537452287,0.02341683242687691,-0.09522254099259314
0.1830343095537734,0.42160013561127246,0.5749583020776502,0.24503534948793274,0.3266493169326027,0.40660602146702574,0.3942470533729526,0.26405680653086555,0.8314568808940175,0.3077776904295043,0.2844053023693978,0.3063544499321051,0.37447142972082137,0.3849004308449819,0.2479099507457579,0.31797221120944547,0.3035593142650603,0.291875580816076,0.3119888551858128,0.22993371301791066,0.355620297517028,0.556981776360499,0.2853806978602031,0.2847750745375755,0.30895129435016166,0.39612546708156116,0.2708356209741123,0.23506610367488043,0.3790553974886302,0.22357766796958278,0.3210045107521858,0.3781928021087752,0.3042891710046282,0.32452416215810664,0.1328804421771766,0.3931798371988326,0.3862288556792313,0.3564554777290169,0.3326652357113324,0.15475881932843294,0.3271899291898158,0.3166827977658671,0.3928259274565182,0.40024124965258384,0.06319847742181778,0.5630602939633472,0.26270697571662077,0.015309697480582082,0.013940292180888155,-0.03655039316571763,0.0038655967167178173
0.8465586346525282,0.5519985324832126,0.7115570229651137,0.46927800465649777,0.4515384190368121,0.2864790146360907,0.4624341760545327,0.3652339670146003,0.3077776904295043,0.9338071289996756,0.31415782353576316,0.37573189742739194,0.41029625157795585,0.3308857497944924,0.4571423836216701,0.3753097142711898,0.3873739756831674,0.42242563882500345,0.3533415570715442,0.19736095658127975,0.3062328364476471,0.37072025720132284,0.48483671760676333,0.3572951083471396,0.42829616460204323,0.2973345667573531,0.2849696516627082,0.22991064887068066,0.2995460008236727,0.2642187594837579,0.3457252077802748,0.30021554064096045,0.26036659199499046,0.5231504486941598,0.18311098094601097,0.39731280710642775,0.43748336633301155,0.3308559177068154,0.36303394695079305,0.093120876533329,0.3871848605155075,0.38142781686235133,0.38532098304895634,0.5565147255169121,-0.011541215620449023,0.6144991962895003,0.32444657896931683,0.08763799007963141,-0.040742639737570446,-0.045706005707871096,-0.01472173072298902
0.5636460754122476,0.4568437394298641,0.4515893781604976,0.44377566631654,0.5040684456281015,0.2585359229386375,0.48301593323265035,0.5973849972611329,0.2844053023693978,0.31415782353576316,0.6977826360126375,0.4602861403357879,0.5126242910263414,0.42135712100174955,0.4357992812708972,0.41713407911223344,0.38894572852389586,0.3909419479185632,0.3133606773338196,0.47661128900859023,0.393973015499628,0.36589994387570374,0.30521620412115896,0.3050500689079662,0.43807875879731395,0.4425760202499008,0.39606809930031645,0.2804232162200475,0.4446179748923555,0.2846329832332107,0.3867538743636981,0.3969645575377186,0.22004170230091483,0.45182286001205324,0.3610797364286349,0.42854277155454923,0.4033316595358306,0.3839555106354944,0.46673292804034894,0.272630781912124,0.41102423673845706,0.33646729264824765,0.40303636928490494,0.37462810723793916,0.09981336220363,0.6226116062851258,0.3219595078470082,0.08821798237962866,0.07915948510811431,-0.03396300064320091,-0.027612094180121824
0.6402246873911618,0.43503783944460506,0.49142915940869913,0.5104923874317125,0.4996649469190894,0.2544595692981078,0.5229032041561708,0.3890246362413478,0.3063544499321051,0.37573189742739194,0.4602861403357879,0.8952547570345011,0.41745418511395627,0.41514969322374445,0.4271314333197716,0.41306197336600403,0.2973746000103856,0.2548779903430314,0.3272066556635128,0.3769398413703089,0.3123407747396417,0.36242939518750955,0.2914045315030183,0.2914191198762448,0.4469174344257009,0.4041905190688195,0.41790747901456426,0.15961864860239788,0.4029839801147729,0.18903762087806034,0.29936168325956847,0.4076747995298661,0.16307843487009924,0.43506394330782167,0.2634139222770018,0.3021612949085684,0.25216164599931146,0.3268261933781766,0.4079374880731415,0.20102560522610224,0.2658071081172666,0.30240683620267705,0.3472099313128907,0.36515140980466726,0.037843431170485366,0.5129642973021487,0.1786058113240262,0.07757266659634814,0.2859918732940205,-0.012985359116428856,-0.03537201956223263
0.7085871944413132,0.43249515885439493,0.5070628973644394,0.4609930259225917,0.5729130228486071,0.3501985687949403,0.4822175442617148,0.5696726935116531,0.37447142972082137,0.41029625157795585,0.5126242910263414,0.41745418511395627,1.0457983690786334,0.4408995294298642,0.24993556027338062,0.4650750589601602,0.35456597368121695,0.40295372734628265,0.4374262375206441,0.31112949893692654,0.4388657201507056,0.4381536096349424,0.33844533402827925,0.32546936462337356,0.40127315509779715,0.44738786716727913,0.4498046069799734,0.3025001263483566,0.41651593520485203,0.28449042851999656,0.3802246610136142,0.419250374141881,0.3162052117528707,0.4268799152603469,0.27768278189519036,0.4461166397460272,0.3993830310571473,0.34613499595290176,0.4342794384151456,0.2552193646761614,0.44899080431135535,0.3417107291557426,0.4099074681219357,0.46043871251056273,-0.025665543771802277,0.6604592439596784,0.31096865153907777,0.08851976217772711,0.1822742931103014,0.018027991490669807,-0.005743057975144622
0.6532600535411802,0.4765195837522975,0.45630912005383145,0.5088704382587188,0.5499567373025941,0.466319463364606,0.5343386709501107,0.6202374794133583,0.3849004308449819,0.3308857497944924,0.42135712100174955,0.41514969322374445,0.4408995294298642,0.8180701489890068,0.5045699751389519,0.5488734817215821,0.39497847780844586,0.4298073552235931,0.4386465510790282,0.49762578870009516,0.4301920021467968,0.4843476531961634,0.33605278738014205,0.33406277389725175,0.4741607206828654,0.4889210945825578,0.4268784536605171,0.3242083897956238,0.48311746881896317,0.3913316144723353,0.4166315608815043,0.7075598442650354,0.34525125540233764,0.48176328419456144,0.2927252022662546,0.4551534785899195,0.5186104474640792,0.5094764549350994,0.3981714799853042,0.2586691129927511,0.4983436741842331,0.3489789439241029,0.5305265927857353,0.48086072606230545,0.07552703728857439,0.7089470402708925,0.43271498786174184,0.08810464316122779,0.18754667464274644,0.04943508114424481,-0.05986709037774439
0.6396927387649011,0.5251086987735899,0.520102335314036,0.47557300589539947,0.5643851385106902,0.19892968583535894,0.454757313353322,0.4637743863175183,0.2479099507457579,0.4571423836216701,0.4357992812708972,0.4271314333197716,0.24993556027338062,0.5045699751389519,1.162292787361809,0.4116637777017347,0.43763367401528386,0.49364143209884537,0.30822446764849953,0.4937062575514226,0.40850084873213777,0.350903830234541,0.315083082493367,0.3321836960109664,0.5549819800004296,0.3836295928008166,0.3675888294145654,0.3333454012962533,0.49779255948081175,0.38077402995666937,0.43010623385289537,0.452128097112498,0.34273939336159664,0.5006948978163437,0.30549513277745466,0.45479498566419085,0.6324793264437694,0.40022239450939195,0.4383804134507589,0.1860926441750791,0.47389972041791273,0.3750905807850707,0.42473325805651185,0.41232009515166973,0.12429965249091769,0.7179053174833386,0.40067082588503256,0.12189865672378232,0.0572059016233999,-0.10837688280816692,-0.02502540023756805
0.6713518935688249,0.44944496199319994,0.4530143608561735,0.5047270825562934,0.5747585953454615,0.365158139677167,0.5157435569469904,0.5550272165695738,0.31797221120944547,0.3753097142711898,0.41713407911223344,0.41306197336600403,0.4650750589601602,0.5488734817215821,0.4116637777017347,0.7962347776406975,0.45083453390808687,0.4248351092884956,0.4215182504511259,0.4038171431816942,0.4129704992850716,0.5543105899557628,0.3576613600220538,0.3397705157345663,0.4873809538962261,0.3927191759781494,0.4363871381174101,0.35447940696881025,0.46674920078312304,0.3912175652562328,0.41236106636526304,0.5090226142065283,0.2917511336671569,0.514518383583592,0.4036976145452174,0.4406716795036147,0.4853597443024658,0.4329592815837327,0.47410353914827896,0.2716576498715626,0.47440211317529,0.38749156761992054,0.5230994876979801,0.5464964884360574,0.04239659571795049,0.6745695958715562,0.4121863587204909,0.06996909999803808,0.21334357893185735,0.014245080470764221,-0.041638740289740385
0.46437917410776597,0.5199827193107469,0.5113282613507576,0.41641377692521797,0.4411084362569808,0.3086737756166519,0.4501373274944097,0.4732307592442549,0.3035593142650603,0.3873739756831674,0.38894572852389586,0.2973746000103856,0.35456597368121695,0.39497847780844586,0.43763367401528386,0.45083453390808687,0.9414703460557429,0.4113544594833819,0.3550559640275821,0.502324059434842,0.44275723790540256,0.4133983507177923,0.31784476442190324,0.345223781091951,0.46280286548716626,0.31021220815262723,0.3560516120041907,0.5160151900443307,0.28217534967713565,0.37607766378536917,0.46364328861859505,0.3670271429443998,0.5315804605309863,0.47539841036694397,0.374735830969485,0.4535057006231543,0.6426222811923449,0.44437360108804413,0.5650942879418436,0.1984693251308713,0.5733892575750303,0.7415941494883148,0.5024589949358529,0.5293574899551314,0.21625135442997323,0.7012488284254353,0.45597375165010356,0.1581069229142843,-0.15010728434785636,-0.11166134872669572,-0.03891800564883809
0.7043277613153813,0.6741138546101996,0.5245038571780704,0.5234993331689046,0.5154345238357827,0.2951270696686114,0.4597372239312453,0.5960351031439439,0.291875580816076,0.42242563882500345,0.3909419479185632,0.2548779903430314,0.40295372734628265,0.4298073552235931,0.49364143209884537,0.4248351092884956,0.4113544594833819,1.137395016092513,0.3523428395842564,0.27527221063902446,0.5142093743956766,0.40078713109083053,0.5551829703575165,0.2049356348725629,0.48167021899545515,0.4753443014449365,0.32012949431246684,0.4072704315772891,0.4167101662279587,0.3298165808064539,0.49398536595127523,0.35767788672140155,0.4667212484727317,0.47442452378102756,0.2919491493965205,0.6030087899314813,0.5862992912523435,0.46974258377077494,0.3683305920037298,0.253668240950672,0.4870146985625786,0.22448948924910733,0.510672412024005,0.5698445523282261,0.11906881981863274,0.6830003984655689,0.6425081039956503,0.06673389377250794,-0.29941936839204725,-0.0003066230182510761,-0.07408954843124256
0.7491629784298105,0.42915468184767985,0.44473837086942053,0.49321758105177904,0.6633488524261552,0.6224569714029689,0.37608401355750126,0.47438361249698124,0.3119888551858128,0.3533415570715442,0.3133606773338196,0.3272066556635128,0.4374262375206441,0.4386465510790282,0.30822446764849953,0.4215182504511259,0.3550559640275821,0.3523428395842564,0.8419566501355337,0.3179007709523955,0.3930716657307132,0.3967099226661464,0.1999242681479682,0.2934067834975328,0.34293193514424314,0.27751771172260836,0.3174971536012418,0.2646505654802925,0.26689149055892536,0.2601035679121783,0.3715456493982283,0.41797528207107276,0.4646547348930458,0.3374841813717944,0.07550064240847272,0.3524734589962718,0.5380599536436167,0.4309698389263969,0.3655291634037032,0.09948729100299855,0.45559982135521,0.29782764218274854,0.3490867552164483,0.3997732693830016,0.023588872790111615,0.5834324807541371,0.30958958431496497,0.08339822177175056,0.15990753189479806,0.02235576732294368,-0.07928063487109346
0.3412297889621356,0.6781355382659559,0.4021803621201582,0.4171225821314951,0.40909453153297765,0.39863192731325897,0.394155734245978,0.574320362517517,0.22993371301791066,0.19736095658127975,0.47661128900859023,0.3769398413703089,0.31112949893692654,0.49762578870009516,0.4937062575514226,0.4038171431816942,0.502324059434842,0.27527221063902446,0.3179007709523955,1.344580155695082,0.2267009062503455,0.3330352123040661,0.42510252774646323,0.3840444592682701,0.44361452983314437,0.5073243220644381,0.4878947432155074,0.31733138486725565,0.6956757295187928,0.45400879018422985,0.42948517195407676,0.5347636548136362,0.09928223967259825,0.6173597069198969,0.4476446243727801,0.5183005917580679,0.5620330013836699,0.655610833671488,0.4100001475966418,0.46488709165369385,0.5227993789909638,0.2972650882696288,0.5912980352041295,0.31342812048174756,0.33558690491172966,0.7432837560759781,0.33153292999557193,0.14105481749671808,0.31546695185147566,-0.019429037079343264,-0.06440443433924288
0.6114805161262347,0.5258978417489968,0.5227598818168578,0.4643164686886806,0.4452412693966838,0.3837432466420352,0.4394923824957894,0.48412065781271074,0.355620297517028,0.3062328364476471,0.393973015499628,0.3123407747396417,0.4388657201507056,0.4301920021467968,0.40850084873213777,0.4129704992850716,0.44275723790540256,0.5142093743956766,0.3930716657307132,0.2267009062503455,0.8476951053416332,0.40925502041229467,0.344794852370404,0.2852208686589949,0.43541579817939896,0.36789016379545075,0.30381338597316754,0.3989296202391097,0.33862587941070593,0.384815172928155,0.4838406869638965,0.38884066349199103,0.6312591212452844,0.3446733123408966,0.22231459219793526,0.5407390212528619,0.6415218617698845,0.446205587983382,0.5260879628333958,0.22605720048606087,0.6517827612654558,0.4383007827863593,0.42047428576174,0.5261825277491736,0.16388662966750875,0.7346674087751727,0.45199490580199325,0.11825541198775344,-0.08378792569184602,0.04841431361076117,-0.08221093276074203
0.43548115452108266,0.46234753904356257,0.5300830770295064,0.39920234421258904,0.46644841779853685,0.4202843604240484,0.47931031488547166,0.4438290485040649,0.556981776360499,0.37072025720132284,0.36589994387570374,0.36242939518750955,0.4381536096349424,0.4843476531961634,0.350903830234541,0.5543105899557628,0.4133983507177923,0.40078713109083053,0.3967099226661464,0.3330352123040661,0.40925502041229467,0.8039349018300893,0.36633396073851726,0.32651446190606837,0.42070634657965145,0.3954774238926396,0.36595910296988043,0.31504791591597436,0.5079755750751789,0.35470936331077446,0.4031462501575206,0.4781217828420488,0.3181076761474036,0.49973069321679425,0.2909748478681902,0.479921281107275,0.45975031130768307,0.4576675697335872,0.4580412241434201,0.22425670708408205,0.430725134508453,0.3895034447096417,0.5455324291230748,0.5475648368938973,0.014574759058670858,0.6876539799335039,0.3740219933646781,-0.006180967372336638,0.21503456531718343,-0.02253433981179545,-0.021090264991867985
0.45715849819556753,0.48521890365950604,0.44570840216703284,0.45761424211586377,0.38922891761492207,0.2811290788552688,0.4185585320585889,0.4010253020604908,0.2853806978602031,0.48483671760676333,0.30521620412115896,0.2914045315030183,0.33844533402827925,0.33605278738014205,0.315083082493367,0.3576613600220538,0.31784476442190324,0.5551829703575165,0.1999242681479682,0.42510252774646323,0.344794852370404,0.36633396073851726,1.5720449454299135,0.5565383470937779,0.6069282833380846,0.2697879205900939,0.22258035840270904,0.08073936108910612,0.5902421664542696,0.4501731262056188,0.30378259399249263,0.2828012360854869,0.19298849238068022,0.6805538935452574,0.11060870150919891,0.7098282143123529,0.24631393387161177,0.34915765803897464,0.45656438306106933,0.3529823932906756,0.4332707160665194,0.3030693745966306,0.46214218184701616,0.8382453412855944,-0.12414593111943827,0.7253558595256647,0.4662419810885419,0.06641518165756415,-0.17186782429215522,-0.04586293002169635,-0.05611231670261478
0.4633838104909964,0.35622884239837543,0.3738030480702598,0.36498071744092775,0.3445986533600091,0.37128107553461187,0.34508412563225616,0.2844988787484781,0.2847750745375755,0.3572951083471396,0.3050500689079662,0.2914191198762448,0.32546936462337356,0.33406277389725175,0.3321836960109664,0.3397705157345663,0.345223781091951,0.2049356348725629,0.2934067834975328,0.3840444592682701,0.2852208686589949,0.32651446190606837,0.5565383470937779,1.3686040946520943,0.45617430388568114,0.003989649563592437,0.24722100675234843,0.21122234745518967,0.30092735664197695,0.37219755726763626,0.47719705337537627,0.3070041553664913,0.25269338946082703,0.4161252426354496,0.21851138067599776,0.4445778058388327,0.3922133038515372,0.36750836562494144,0.5108861958804521,0.2571425578531656,0.49937218992284327,0.29728560382183433,0.26285647035427706,0.47537527233153765,-0.06326009901304087,0.6189421229701789,0.2910188288123219,0.12141355987165517,0.28424270871477664,-0.11527824883545479,-0.0024047890739383915
0.4947892297471699,0.5523494579341462,0.5285877903342414,0.5038959213597641,0.5335145098289903,0.2836423443425143,0.5040920344579124,0.6182801963854291,0.30895129435016166,0.42829616460204323,0.43807875879731395,0.4469174344257009,0.40127315509779715,0.4741607206828654,0.5549819800004296,0.4873809538962261,0.46280286548716626,0.48167021899545515,0.34293193514424314,0.44361452983314437,0.43541579817939896,0.42070634657965145,0.6069282833380846,0.45617430388568114,1.3588965248056264,0.34124051929887533,0.3793261848244041,0.3172420860807975,0.8226042141885068,0.6006814052049122,0.4103253530519286,0.43217944756233784,0.30799873721774973,0.7411414833536354,0.46578920472060575,0.4947812058265312,0.708119681009483,0.5147289804690505,0.6448628888175898,0.24712694287307257,0.4785054750596488,0.387758515073638,0.5427782900744115,0.7263292424537282,0.09688300692068812,0.9210738386238919,0.555911132325567,0.12809090421708164,-0.0615515403828761,-0.1038134541497843,-0.05323512783549206
0.5857576900285353,0.5072719201982607,0.49754400626728934,0.3946302331690936,0.4690759580328993,0.26087766566948684,0.46831161412879924,0.6306958971017876,0.39612546708156116,0.2973345667573531,0.4425760202499008,0.4041905190688195,0.44738786716727913,0.4889210945825578,0.3836295928008166,0.3927191759781494,0.31021220815262723,0.4753443014449365,0.27751771172260836,0.5073243220644381,0.36789016379545075,0.3954774238926396,0.2697879205900939,0.003989649563592437,0.34124051929887533,1.8624322560852746,0.33356554221887685,0.25366683704217213,0.6865630454732582,0.12411937844021867,0.21951358311044322,0.4908830999829952,0.027112526794035044,0.3710300088565037,0.39912871809355277,0.42353984756268853,0.19230799790072545,0.5621872160167085,-0.4992466942359361,0.2477405342963359,0.12828811011766755,0.2929702746167043,0.6080003892678657,0.27574301839799953,0.35695669348267284,0.40188422683234293,0.22791787067511338,0.0816646944035832,0.06265669827490408,0.08371224982197188,-0.03943115791264991
0.49072701593668294,0.4276258233330802,0.40962510715361816,0.3877949103361062,0.4207954883649764,0.28916574907256654,0.4020781806098567,0.4656298336814262,0.2708356209741123,0.2849696516627082,0.39606809930031645,0.41790747901456426,0.4498046069799734,0.4268784536605171,0.3675888294145654,0.4363871381174101,0.3560516120041907,0.32012949431246684,0.3174971536012418,0.4878947432155074,0.30381338597316754,0.36595910296988043,0.22258035840270904,0.24722100675234843,0.3793261848244041,0.33356554221887685,0.7724779818517598,0.2962464716635596,0.3392630272400058,0.2693657161688367,0.36559675050449997,0.5099672404047398,0.2348470218457161,0.414043426393812,0.32574352691496244,0.38530249721562587,0.41945609759094893,0.3890659367903119,0.3784727111098711,0.2589013397912483,0.4048512989050798,0.27893284835089094,0.40543253281189,0.2887266448078495,0.0751054390357139,0.61676783965605,0.2711046443561147,0.08768197619539776,0.2238303240505902,0.008040933433283368,-0.031002999435678767
0.30541295652794354,0.361418334015866,0.3520865819301129,0.2445446625034686,0.21926120380455655,0.2728394923084935,0.25110131243635414,0.32613375125234434,0.23506610367488043,0.22991064887068066,0.2804232162200475,0.15961864860239788,0.3025001263483566,0.3242083897956238,0.3333454012962533,0.35447940696881025,0.5160151900443307,0.4072704315772891,0.2646505654802925,0.31733138486725565,0.3989296202391097,0.31504791591597436,0.08073936108910612,0.21122234745518967,0.3172420860807975,0.25366683704217213,0.2962464716635596,1.2919773657225302,-0.11078456607501158,0.4709756121986213,0.444719481886027,0.2951722900365209,0.8759201707959575,0.3180109260533736,0.7468275521469249,0.42890603290688223,0.629282053906249,0.4704786604619686,0.39685917184254266,0.30407561469403277,0.542192223279898,0.050485476619941835,0.4867899363630024,0.9305106531129579,-0.16839278956751233,0.7144249731319912,0.4427063416349937,0.2275709477892381,0.04657029609132177,0.0613183915460408,-0.035683085642869206
0.09733656237596384,0.47712991148965056,0.3540597613180819,0.27542712527530505,0.4040190987597952,0.3556714065943045,0.4140393334609633,0.5472859207309552,0.3790553974886302,0.2995460008236727,0.4446179748923555,0.4029839801147729,0.41651593520485203,0.48311746881896317,0.49779255948081175,0.46674920078312304,0.28217534967713565,0.4167101662279587,0.26689149055892536,0.6956757295187928,0.33862587941070593,0.5079755750751789,0.5902421664542696,0.30092735664197695,0.8226042141885068,0.6865630454732582,0.3392630272400058,-0.11078456607501158,4.234089238888433,0.5275634771727793,0.0965946647184698,0.48816140055960194,-0.7680917880445238,0.6551669471152797,0.5239437986087411,0.8672170673091203,0.1227732223641812,-0.0027101955200011657,0.18220933017700625,0.32573902977758706,0.16155367291504472,0.24614740473429159,0.035615456483628814,-0.5968365799897543,0.5712145198878721,0.7466807055836738,0.4967340240533939,-0.13927504152535275,0.8923940613648536,-0.19196119439844933,0.07666900636862851
0.34666700149683155,0.2528830334206939,0.08621855509890448,0.27820773868370063,0.3077804128282674,0.24279181744647702,0.29153742930061827,0.3821761045939183,0.22357766796958278,0.2642187594837579,0.2846329832332107,0.18903762087806034,0.28449042851999656,0.3913316144723353,0.38077402995666937,0.3912175652562328,0.37607766378536917,0.3298165808064539,0.2601035679121783,0.45400879018422985,0.384815172928155,0.35470936331077446,0.4501731262056188,0.37219755726763626,0.6006814052049122,0.12411937844021867,0.2693657161688367,0.4709756121986213,0.5275634771727793,2.567146445887338,0.4986040506854549,0.3984340576205912,0.4179906801864562,0.2821016461436091,0.6383702347656416,0.8197172029577445,0.9419351601642371,0.6046667521575285,0.7147869011819423,0.29934898629079465,0.8444894633997929,0.5041204013108891,0.8022798697184447,1.0632334898011784,0.37777045226681605,0.9200135031802102,1.216941216689962,0.11282464510346751,-0.6197694555407669,0.06383799197323081,-0.04056588884502282
0.6152414351453849,0.5455011620622978,0.5120256410636997,0.44098395505441934,0.4574704522671669,0.33564084029423147,0.4139928188976165,0.46502314674245776,0.3210045107521858,0.3457252077802748,0.3867538743636981,0.29936168325956847,0.3802246610136142,0.4166315608815043,0.43010623385289537,0.41236106636526304,0.46364328861859505,0.49398536595127523,0.3715456493982283,0.42948517195407676,0.4838406869638965,0.4031462501575206,0.30378259399249263,0.47719705337537627,0.4103253530519286,0.21951358311044322,0.36559675050449997,0.444719481886027,0.0965946647184698,0.4986040506854549,1.1194913493875147,0.36689349585555164,0.5094175863883381,0.38112061835777183,0.35139038134839834,0.7599957110905462,0.7733351239715816,0.6457851229522313,0.5574815718286349,0.2734841081162262,0.7238760543067384,0.3755616844526975,0.49175315186640417,0.5738613824521639,0.14163284642794932,0.8734645719844525,0.4821298894540458,0.11973090630538366,-0.3036243068427312,-0.005738183940222968,-0.07056531214357578
0.5668584794085644,0.43095271150715203,0.4078054437915444,0.4591858638515243,0.5102939954011103,0.46664299020309885,0.4791663055714512,0.5273701406669633,0.3781928021087752,0.30021554064096045,0.3969645575377186,0.4076747995298661,0.419250374141881,0.7075598442650354,0.452128097112498,0.5090226142065283,0.3670271429443998,0.35767788672140155,0.41797528207107276,0.5347636548136362,0.38884066349199103,0.4781217828420488,0.2828012360854869,0.3070041553664913,0.43217944756233784,0.4908830999829952,0.5099672404047398,0.2951722900365209,0.48816140055960194,0.3984340576205912,0.36689349585555164,1.2879986240103949,0.363944188153483,0.46101397138994543,0.16848927312365203,0.4172382043618496,0.4075206468443595,0.539408834059268,0.3062251226876588,0.24560886499959358,0.45922710676248263,0.3586493678792468,0.5064918953517578,0.4108440054724057,5.9883805060250054e-5,0.7583218859529011,0.3601056331256435,0.0936922094171037,0.20457775950836188,0.0469796831131397,-0.029471745798897275
1.0658690406453952,0.5697483384190926,0.6119382670899178,0.6284337625086037,0.5047369253352538,0.3269598133421199,0.346741987393921,0.3082932921312685,0.3042891710046282,0.26036659199499046,0.22004170230091483,0.16307843487009924,0.3162052117528707,0.34525125540233764,0.34273939336159664,0.2917511336671569,0.5315804605309863,0.4667212484727317,0.4646547348930458,0.09928223967259825,0.6312591212452844,0.3181076761474036,0.19298849238068022,0.25269338946082703,0.30799873721774973,0.027112526794035044,0.2348470218457161,0.8759201707959575,-0.7680917880445238,0.4179906801864562,0.5094175863883381,0.363944188153483,3.5473290123698873,-0.36694423179814667,-1.1177902100616235,0.11863643362845765,1.7246826833206956,0.4951588165246036,0.5198891438597468,-0.22117961386102897,0.7168654855468124,0.26768681018343415,0.24016894385300536,1.0452950112487038,-0.6909022221385089,1.2119461063049752,0.5297050790020925,0.4865818230912207,0.09218716216345353,0.0764443845301476,-0.21317555196451798
-0.4960173791030786,0.5553435947843316,0.55970593950252,0.4559625903571833,0.48259964071056033,0.35409859376590763,0.5176793442839532,0.6114702347622375,0.32452416215810664,0.5231504486941598,0.45182286001205324,0.43506394330782167,0.4268799152603469,0.48176328419456144,0.5006948978163437,0.514518383583592,0.47539841036694397,0.47442452378102756,0.3374841813717944,0.6173597069198969,0.3446733123408966,0.49973069321679425,0.6805538935452574,0.4161252426354496,0.7411414833536354,0.3710300088565037,0.414043426393812,0.3180109260533736,0.6551669471152797,0.2821016461436091,0.38112061835777183,0.46101397138994543,-0.36694423179814667,2.716570430622333,0.8899153119633544,0.6010101484253045,0.30084465462716303,0.10457876210719828,0.6626180533142951,-0.015914216621748283,0.3995985812639403,0.45577033088942814,1.0091087289784189,0.7844334522469398,-0.4902594714085539,0.8981657580435674,0.5008343269855583,0.13556614598058853,0.8058943904306185,-0.02999358141799283,-0.020297243896771167
-0.266973299607708,0.2557937619272696,0.1540440545398512,-0.05683626626060981,0.018081287018347623,0.12314306151141227,0.23133922464167506,0.455086915247587,0.1328804421771766,0.18311098094601097,0.3610797364286349,0.2634139222770018,0.27768278189519036,0.2927252022662546,0.30549513277745466,0.4036976145452174,0.374735830969485,0.2919491493965205,0.07550064240847272,0.4476446243727801,0.22231459219793526,0.2909748478681902,0.11060870150919891,0.21851138067599776,0.46578920472060575,0.39912871809355277,0.32574352691496244,0.7468275521469249,0.5239437986087411,0.6383702347656416,0.35139038134839834,0.16848927312365203,-1.1177902100616235,0.8899153119633544,2.9868458024714615,0.36355995137020025,-0.11134517925444379,0.3423703944748602,0.4467184800295023,0.6990583144461139,0.39375063914050784,0.10993354361729891,0.6793921023602251,0.5664664530942001,0.39576377273166724,0.3372025079105909,0.4334813946387236,0.08928007668487783,0.2721623891843491,-0.002673169496139414,0.013489858333140125
0.30663611196839674,0.6412661941384288,0.588601560073464,0.419088468159085,0.4175276715626191,0.4011246548654186,0.4287101653840325,0.4992636448784014,0.3931798371988326,0.39731280710642775,0.42854277155454923,0.3021612949085684,0.4461166397460272,0.4551534785899195,0.45479498566419085,0.4406716795036147,0.4535057006231543,0.6030087899314813,0.3524734589962718,0.5183005917580679,0.5407390212528619,0.479921281107275,0.7098282143123529,0.4445778058388327,0.4947812058265312,0.42353984756268853,0.38530249721562587,0.42890603290688223,0.8672170673091203,0.8197172029577445,0.7599957110905462,0.4172382043618496,0.11863643362845765,0.6010101484253045,0.36355995137020025,3.1385437650804917,0.18775148536687467,0.3645396084462923,0.4073238140443012,0.48092159847711,0.7246571564032702,0.25772521028803985,0.6585751078152478,-0.36657186519069407,-0.0492695075246276,1.3530045679804188,0.7319581125071714,-0.3070393335570294,-1.8612652582900846,-0.11777032193846776,-0.034149420322342194
0.9717977521705546,0.7688154026042637,0.7543652787187931,0.6122631370700599,0.6663741362422213,0.41707336862003347,0.44401231602497093,0.6148851367347585,0.3862288556792313,0.43748336633301155,0.4033316595358306,0.25216164599931146,0.3993830310571473,0.5186104474640792,0.6324793264437694,0.4853597443024658,0.6426222811923449,0.5862992912523435,0.5380599536436167,0.5620330013836699,0.6415218617698845,0.45975031130768307,0.24631393387161177,0.3922133038515372,0.708119681009483,0.19230799790072545,0.41945609759094893,0.629282053906249,0.1227732223641812,0.9419351601642371,0.7733351239715816,0.4075206468443595,1.7246826833206956,0.30084465462716303,-0.11134517925444379,0.18775148536687467,4.564044451462306,0.9563445990571606,0.6780574914569226,-0.0418701942040888,1.145793415029323,0.49569779675761466,0.9040480552972832,0.5308853363358669,0.8623895422315749,1.6249677306834291,1.0780903271062572,0.5703838480850822,0.836069785083499,0.038303943720444066,-0.1529633795355493
0.9556709377051793,0.6510431504429374,0.5469966770885125,0.5207432192669217,0.4971398944145392,0.4339630650128697,0.4482079349833658,0.5248104717709037,0.3564554777290169,0.3308559177068154,0.3839555106354944,0.3268261933781766,0.34613499595290176,0.5094764549350994,0.40022239450939195,0.4329592815837327,0.44437360108804413,0.46974258377077494,0.4309698389263969,0.655610833671488,0.446205587983382,0.4576675697335872,0.34915765803897464,0.36750836562494144,0.5147289804690505,0.5621872160167085,0.3890659367903119,0.4704786604619686,-0.0027101955200011657,0.6046667521575285,0.6457851229522313,0.539408834059268,0.4951588165246036,0.10457876210719828,0.3423703944748602,0.3645396084462923,0.9563445990571606,2.5553009126113,0.1526299728750368,0.6372363569129806,0.6461804531683504,0.13529002544410018,0.8684321054303918,1.1356563756922147,0.9317791571827585,0.610473139354957,0.5150370691333003,0.28731444422332925,-0.46720399398816437,0.025804489369779544,-0.12033582759962858
0.434253970050788,0.5032432586871362,0.45221834299417535,0.4764564291578251,0.5232280094003892,0.2733756487540228,0.519044365356595,0.5970119385039214,0.3326652357113324,0.36303394695079305,0.46673292804034894,0.4079374880731415,0.4342794384151456,0.3981714799853042,0.4383804134507589,0.47410353914827896,0.5650942879418436,0.3683305920037298,0.3655291634037032,0.4100001475966418,0.5260879628333958,0.4580412241434201,0.45656438306106933,0.5108861958804521,0.6448628888175898,-0.4992466942359361,0.3784727111098711,0.39685917184254266,0.18220933017700625,0.7147869011819423,0.5574815718286349,0.3062251226876588,0.5198891438597468,0.6626180533142951,0.4467184800295023,0.4073238140443012,0.6780574914569226,0.1526299728750368,2.2527729914205565,0.35795407134852836,0.6672837310540337,0.506905989240291,0.40958058673897885,0.8537413936101814,0.08182586152623503,0.797639105196694,0.5223774727424132,0.08883987921138663,0.3594245581742909,-0.128596096574395,-0.06487274039836655
0.2227067166845896,0.13901963496643588,-0.11654779393706682,0.1017924262680796,0.2048052585935069,0.18650130061613407,0.2511975477849082,0.28730850617924536,0.15475881932843294,0.093120876533329,0.272630781912124,0.20102560522610224,0.2552193646761614,0.2586691129927511,0.1860926441750791,0.2716576498715626,0.1984693251308713,0.253668240950672,0.09948729100299855,0.46488709165369385,0.22605720048606087,0.22425670708408205,0.3529823932906756,0.2571425578531656,0.24712694287307257,0.2477405342963359,0.2589013397912483,0.30407561469403277,0.32573902977758706,0.29934898629079465,0.2734841081162262,0.24560886499959358,-0.22117961386102897,-0.015914216621748283,0.6990583144461139,0.48092159847711,-0.0418701942040888,0.6372363569129806,0.35795407134852836,1.5566072381195877,0.3276632846012169,-0.20312424747267588,0.3390819336066446,0.39790280047388016,0.24609764703854756,0.541954968583082,0.28409432247122357,0.15553863953330152,0.06388147015623387,-0.12273285881358403,0.07399879720697237
