0.5465177006017792,0.17566801652750308,0.2820736068433636,-0.00693644028771344,0.08938056632204867,0.08132113920906416,0.14199396936344674,0.0456158387768117,0.09753074697170008,0.07432827888690698,0.07365879095507902,0.0944355746749587,0.05375820051130422,0.060541377163115084,0.0867777498301913,0.04581597345104728,0.05731194529041662,0.07091375691419999,0.07584584456880063,0.05412783562271105,0.08032718279184013,0.06187934746544001,-0.0013086523121037777,-0.03060199211032475,0.0942352142243137,-0.003968364720884898,0.049706277634110486,0.038010837992872866,0.12088710123509858,0.03239281594793791,0.06178056138083676,0.023618462462738302,-0.003088869816674868,-0.06807925899583023,0.08004312603952374,0.0499735832641882,0.03076686131709871,0.04443796814155159,0.06650081123423524,0.049066225161226475,0.06870460760478135,0.04939709442175973,0.06365513606866616,0.004246251842650294,0.0650137689168745,0.08709493057050195,0.06700739574647409,0.003871503986184348,0.015410631477016434,-0.04109001926675457,-0.007054844788485877,0.03860368892222646,0.0034725563737798624,0.01079882140164094,0.08708354609637312,0.0041480932601533705,0.048128073835244575,-0.03414045014462998,-0.06884562661026217,-0.011847660206106066
0.17566801652750308,1.7799431929418816,0.743990203045975,-0.19315852704234204,-0.06288928209700029,0.2552960824283962,0.16197599249057545,0.14009024492468908,0.15357827820195116,0.2132201142788976,0.1649994888169562,0.1788954188833699,0.12707758400463195,0.058978924000959325,0.3089548112811079,0.04635036171331154,0.08198072821732828,0.15340917888821454,0.147230616548612,0.33017085680952624,0.29028158537170495,0.06567913914546636,-0.030615033952659774,0.13018334028162654,0.1898408628483094,0.17192815988081206,0.11599973770631734,0.18772552345587115,0.31642705489977785,0.1499803970513164,0.1267296381574999,0.08701670073868077,0.14662767611580294,0.1882488125960699,0.17262030307067855,0.15232445218714125,0.2923334744107121,0.1732285061418342,0.1109373709743041,0.1649857448521448,0.07091385230495033,0.22019327324452465,0.2164229441142492,-0.01608989725768902,0.4078659830946675,0.07424243879053291,0.16000658960049177,0.03798155593800654,-0.09270901620683782,-0.2091827192041122,0.15691694139119966,0.11421368454818567,-0.04990522730654246,-0.031540119395959604,-0.3628135162267794,-0.08355134360611396,-0.23596553373437346,0.33696983427911964,0.16765418463788478,0.07974882543617257
0.2820736068433636,0.743990203045975,2.0314420493946033,0.02922148637515564,-0.4063488144601968,0.5446532612130123,0.06839176692112009,0.27515821534924745,0.41802779712870675,0.3677223556802161,0.3179796621287411,0.31928074474555385,0.19224822097826952,0.1638913753157055,0.3533389809135275,0.08952176960088684,0.32789550022813296,0.1408334645094775,0.24377054126287548,0.3499397052316533,0.29100786331991685,0.2418197242071859,0.08596029193605073,0.26188923229149125,0.296972760650094,0.1085730049467502,0.14375821378252648,0.19738377870173365,0.47344965769362907,0.16288937869698292,0.19453311101315815,0.1918200228624836,0.18558069258208026,0.26757137984211116,0.2952646962845953,0.22543834070853122,0.23328492212203542,0.21516367317710464,0.2265502089169143,0.15462694568490423,0.05522242469796965,0.23771175807187056,0.20585926503556967,0.028143317709467104,0.29552311610222975,0.22733036760573588,0.2948325883742371,-0.010174510522167859,0.02688986064520816,-0.13617398327737604,-0.016347555324393553,0.3091529989760119,0.01719014358808687,-0.10115842729908336,-0.011176333975982125,-0.0008147000741026778,-0.03565628326230389,-0.031841214316655216,-0.05507688496758987,0.1494687912243097
-0.00693644028771344,-0.19315852704234204,0.02922148637515564,1.778121152773791,0.32302219413528765,0.10722273282662823,0.17169416256019432,0.19558903501108132,0.1315265706377663,0.09570005828685874,0.14007712248169452,0.1393241309107327,0.16401685092219848,0.25092780018517097,0.09184273649526209,0.18668078228555457,0.12546553077843275,0.1629186744308816,0.08471471845916122,0.08331905708646957,0.0918201288277653,0.181035407289318,0.18087755617853532,0.22891500120219568,0.09373689864430451,0.1714105900879004,0.09426720801053193,0.09291366224336493,0.10373999105229854,0.1081480580956942,0.12883756603530566,0.14093627830988145,0.20897660756435313,0.17292171112056912,0.04671243357184322,0.17381608002051852,0.14945993183086922,0.06090354994917722,0.16553193456892162,0.008800514626675417,0.08359050481201478,0.11344105902579572,0.1324246130281102,0.19295016807839435,0.06642007522113469,0.0566450903611095,0.08936177588815522,-0.00975651173265028,0.0339999769224777,0.13216978232897397,-0.09466366481877776,0.05780343618871466,-0.033985897839196554,-0.12257609566754778,-0.12335049022800114,0.01844582193375568,-0.1394582815142832,0.14117748799446275,-0.09738564723075736,0.06649038124348047
0.08938056632204867,-0.06288928209700029,-0.4063488144601968,0.32302219413528765,1.401170275848075,-0.23299190040701193,0.3430569666431488,0.03275012444651387,-0.10243632624111981,0.024936024341671807,0.03040154591709486,0.07166511006375582,0.09457744468222656,0.07944102204640822,0.05273235260835807,0.16572002962120028,-0.03447121692892839,0.11131065317635244,0.2309784442608408,0.030834118684828726,0.06494451960243042,0.0769763552685899,0.10904255568409997,0.12219845232251941,-0.07273243747822777,0.1494898857530292,0.06492852931378372,0.05879343240192877,-0.00018573164232616495,0.08234509986022966,0.08609335267310017,0.07116287273682066,0.13106205479392488,0.09852657420284541,0.054970426440670475,0.11809822398207734,0.18725621456078578,0.025029188850135043,0.09174682772192595,0.09139007192694319,0.2248738996608328,0.08120172650088262,0.1356079490180223,0.020969872067293442,0.107434140158854,0.03905154607216581,0.07468373530116323,0.05196107768844652,0.029859454110011754,0.15805099286805074,-0.08288697427385583,-0.25629446302622544,-0.037277225470272825,0.0781501383926722,-0.08153570314445827,-0.08435640921519541,-0.1551831603308659,0.10246566893877267,0.1456635560971229,-0.14309534926726958
0.08132113920906416,0.2552960824283962,0.5446532612130123,0.10722273282662823,-0.23299190040701193,1.1977192951139037,-0.15228160639303098,0.3708381731346727,0.2247628245364028,-0.027701737063414732,0.3123249695587494,0.30086403116128047,0.18225940737786922,0.2608025455867404,0.24963690969970234,0.23079687403341145,0.3315312754429,0.03641142778252555,0.34544407368185326,0.38414623334058806,0.28927132249682225,0.19328866644334275,-0.06458223970262607,0.18486525273642873,0.3103021489231032,0.26392071851454774,0.2389043652311191,0.16203481775634804,0.42970185071624745,-0.11107710320906877,0.18132495425427472,0.21536000408763575,0.030775439232390803,0.3139653394924537,0.20088713674546518,0.1164690008960649,0.23685382232784388,0.19344206662492722,0.22290166236379907,0.172357447520864,-0.005756682929230942,0.24796356188085597,0.28732291789042474,0.005489825948575593,0.4427528639561206,0.13426381157372505,0.1767904816697822,-0.0013961516996589438,-0.0395149784060273,0.11589939840092335,-0.22263233406969773,0.038634838271237926,-0.1251351228538702,0.10217871650453504,-0.0027737055724348656,0.05042938107987888,-0.05435957459541137,0.11253491271097012,-0.13097466571862512,0.1569809654679283
0.14199396936344674,0.16197599249057545,0.06839176692112009,0.17169416256019432,0.3430569666431488,-0.15228160639303098,0.9568416100850051,-0.06368631324104237,0.1826993379332357,0.11846122399752934,0.12096829835944299,0.2530824068540119,0.15070696217107835,-0.004497851358681473,0.028873484418478857,0.13694055950828946,0.027190899434277205,0.17748015962414398,0.1024561360393509,0.07168004700379137,0.14846958225918314,0.2008197237856047,0.2065930187614755,0.19059956700892136,0.08976271986731188,0.08518147898552474,0.10936160095771556,0.07241353852262988,0.0729992325901058,0.1418893136199383,0.11557267305944609,0.15699267330615502,0.22382552428197408,0.2033060890038258,-0.0040356012858592475,0.16927062449815405,0.12423815335026803,0.05861958481025257,0.10364107669962132,0.05245389915084066,0.07088068225470999,0.12769386580397066,0.11691925712096748,0.04426907105353125,0.06102437102194002,-0.043817093793298616,0.12461240813478643,-0.01622423899794896,0.1857559950304973,-0.2387725217115033,-0.026383248175918316,0.11990872950801953,0.02477629047275692,-0.015787722962362402,-0.031071923872662877,0.04675078944275321,0.03983102275667356,0.015286747650047354,-0.0860985162590725,0.09747702003775106
0.0456158387768117,0.14009024492468908,0.27515821534924745,0.19558903501108132,0.03275012444651387,0.3708381731346727,-0.06368631324104237,0.7516639914396174,0.03941288466120809,0.13820199105734637,0.23016643192682584,0.0456953399791064,0.21341671889574068,0.25549590960777346,0.10569496045166928,0.16120015747105304,0.34493825877858847,0.0820295541054856,0.16111419268720312,0.2486163472321799,0.12416010738842241,0.11558120075681923,0.033928036181702176,0.16107352083976886,0.10110499800924111,0.17593365635709352,0.1363070673347771,0.004901202989161017,0.19275793595818663,0.06235269102455001,0.11210276834330771,0.12029544286224444,0.11285590008106294,0.2093572233390364,0.04541655781537766,0.07712372886459454,0.23265990749244583,0.12689029838523622,0.21999252382220993,0.09270567549125798,0.01566824887060189,0.13705449240085862,0.17008680130758028,0.04126151092285173,0.13225584892958994,0.08012175069150997,0.18126012503288624,0.012865142642151408,0.13163285346994583,0.19252010368917152,-0.03642228051410576,-0.018967778146916286,0.0586015909489066,-0.113239020659963,-0.04213845665821456,-0.021884230645092633,0.04828233372922962,0.15538266612759583,-0.09618735227028845,0.09075541069940103
0.09753074697170008,0.15357827820195116,0.41802779712870675,0.1315265706377663,-0.10243632624111981,0.2247628245364028,0.1826993379332357,0.03941288466120809,1.198994707547652,0.04707440091831821,0.09413662689048771,0.17194515761220122,0.15164137053833213,0.1509039394821248,0.10226912988099651,0.0631239772612458,0.11203258892836487,0.11329511232189214,0.0930926354589144,0.08905727773205406,0.15948262785926484,0.4387794450488215,0.23302790456037192,0.224901650832395,0.05368914606654836,0.20674332103202062,0.15673419755862272,0.13325172011298436,0.069322234399084,0.24121346974066696,0.15292943749375562,0.2195224931766881,0.23661673434740013,0.2408688353378615,0.04236803191520191,0.20679095513372225,0.1162865278608065,0.07517387880553066,0.16139843997687048,0.07348794836095748,0.054485658493954724,0.14726602173562,0.19300672703100608,0.058812182498681746,0.12154298308909195,0.15057841617671996,0.19169085502940555,-0.07666997065061129,0.38192493035763475,-0.15936523396960864,0.06863887333470757,-0.012514578119675351,0.0476447810512624,0.036322043707766566,0.06036862001149668,0.25742539649496543,0.13528764526224066,-0.08411818140802589,-0.3315205932361787,0.22265638095884435
0.07432827888690698,0.2132201142788976,0.3677223556802161,0.09570005828685874,0.024936024341671807,-0.027701737063414732,0.11846122399752934,0.13820199105734637,0.04707440091831821,0.6960534797065473,0.1166523947101563,0.10938910623466813,0.10198249543888978,0.14421918918484447,0.1768488970943176,0.1050835470209416,0.11539568986764784,0.21045366971237847,0.03245037956912904,-0.0025571521874663537,0.02366817030408626,0.11501846567123415,0.21430302015417108,0.14611825254571076,0.07923729679509053,0.08366556502246225,0.062146392006458065,0.07650772988396429,0.14685272004916128,0.18371950669080073,0.10009229740631011,0.11937395620492847,0.1162626717204519,0.11390290368298954,0.10405891249299612,0.1545878532128772,0.06294253199647376,0.019813273894758916,0.10713410616416653,0.058069867420615984,0.15717348283604585,0.05732891331525841,0.044763743865801287,0.06032765804407354,-0.07440456155095539,0.15025337455554305,0.23765679748239468,0.02115207774415084,0.14189438269331728,-0.06457973331011752,0.022889779868826753,0.15378518450164355,0.023985746591495886,-0.04596803703167027,-0.0352546695630922,-0.014326843689312129,0.10445153522652094,-0.031879139173136145,-0.04955968508293529,0.024276881236826264
0.07365879095507902,0.1649994888169562,0.3179796621287411,0.14007712248169452,0.03040154591709486,0.3123249695587494,0.12096829835944299,0.23016643192682584,0.09413662689048771,0.1166523947101563,0.39767654441193945,0.21272136559559168,0.16916481339479864,0.16653584224492604,0.20255301432535025,0.18733823118991155,0.3204131916049678,0.09272983776349439,0.12652421203462402,0.23724499579596162,0.2159420178662397,0.13632010441349662,0.03106674593193832,0.15060833246273153,0.141173169346413,0.11364354494171153,0.16591612636460248,0.11245483193377206,0.2570086791628456,-0.005804723203865199,0.14069545234005723,0.15073480979000767,0.11200828871902674,0.21996996058751034,0.15530274283063278,0.13405823072783912,0.18652790760159932,0.122825699075984,0.12352408691375383,0.11391996003643223,0.0828821977976301,0.1815140644880466,0.1650864126634647,-0.0016897162972722283,0.1941703740758369,0.10694863024016887,0.1756628773293464,0.013195309225382664,-0.005674757069820426,-0.023935767848433164,-0.06787022525129922,0.0271651383079566,0.0680225758593386,0.04369384943180929,-0.015006270639586034,-0.00782113311991628,-0.029957268853679657,0.0370221395937589,-0.02747820065039016,0.09783912760742607
0.0944355746749587,0.1788954188833699,0.31928074474555385,0.1393241309107327,0.07166511006375582,0.30086403116128047,0.2530824068540119,0.0456953399791064,0.17194515761220122,0.10938910623466813,0.21272136559559168,0.5871422274133298,0.13375385210283153,0.14581888583434813,0.16702449274680586,0.2174745493287236,0.19047618615130305,0.2103922984415525,0.16563772929186932,0.16746892328203244,0.2010320051660316,0.18334109842316584,0.10398915771074324,0.15367246427270384,0.2552277789381637,0.17369886426517442,0.20990983326457713,0.09593205300095496,0.24262913455713225,-0.08737585906755499,0.18646453556062573,0.239008418442581,0.11389549831255306,0.2346357712872427,0.11960410417864893,0.2504561381870127,0.030823964069913428,0.10483302805055361,0.08510874014681503,0.11399093296538843,0.12823666963363722,0.17943273275166524,0.1504083778429918,-0.023246318415800264,0.25837146198259964,0.1254174570217964,0.15195216854093901,-0.006364863147154235,-0.07482182400018726,-0.28383862421730344,0.04640070911051338,0.07157385015430176,-0.011809716587657301,0.0679884997625029,-0.045606777034572665,0.04642012216565533,-0.018587791035913258,0.046812810956022514,-0.21000345888550953,0.04675519615785841
0.05375820051130422,0.12707758400463195,0.19224822097826952,0.16401685092219848,0.09457744468222656,0.18225940737786922,0.15070696217107835,0.21341671889574068,0.15164137053833213,0.10198249543888978,0.16916481339479864,0.13375385210283153,0.33686484019718343,0.14247237446970643,0.0758594212568573,0.14264792179375935,0.17499830936548633,0.1247594967495588,0.10738986999549648,0.12310708013272381,0.13694444557460445,0.17583064528250922,0.09874140541890271,0.15175845403575952,0.11413852460557788,0.13037592271458598,0.13345773554792478,0.08480338180505508,0.205409654931158,0.05225544273577437,0.1125599009071753,0.14398899377288266,0.12581257264351317,0.1731192759799495,0.11339982363000815,0.13994651092638852,0.12051442007881137,0.07101436063385486,0.15693447418428041,0.0825671700427295,0.09127743455478991,0.1266863821618577,0.11660178590081238,0.026847626510662366,0.04650438887108339,0.08375851897510385,0.1298949852131349,-0.01138661718680621,0.10803447715547636,0.047116663619335294,-0.028662763318160343,-0.024632616720889337,0.016949922043551224,-0.00979832065175817,0.013833846266038839,-0.015048290943013064,-0.07645726118111422,-0.0436933098476119,0.11175479381141148,0.06889564285434405
0.060541377163115084,0.058978924000959325,0.1638913753157055,0.25092780018517097,0.07944102204640822,0.2608025455867404,-0.004497851358681473,0.25549590960777346,0.1509039394821248,0.14421918918484447,0.16653584224492604,0.14581888583434813,0.14247237446970643,0.6383370208514264,0.20033546035359778,0.2915324970844636,0.21081973408672372,0.0646877119416359,0.11231435539031835,0.13068435236376136,0.1435327384852389,0.18253431281029917,0.07161202517945808,0.1501816455238129,0.12274781945709896,0.16992261660448674,0.09251886096346172,0.1397486304101637,0.21228444637594243,0.03217513440568271,0.13225317129759243,0.1307575456045833,0.09594066784811792,0.1627364859494864,0.147553820131563,0.16141337458670965,0.15861327766655703,0.07486844903164801,0.09418422505819629,0.10555563507055271,0.1560839333881196,0.15272176165972384,0.2105164875266385,0.03215634047321266,0.1709955429313185,0.13244417436894604,0.1478649739985754,-0.002893302019320868,0.01962671835077411,0.009372586729597291,-0.006086437109559567,-0.05552485404286231,-0.02854030375551393,0.07983508766305174,-0.06541125416696097,0.0064962315638439905,-0.06990129211275184,0.14287607126727808,-0.03873568582029913,0.06875976254817853
0.0867777498301913,0.3089548112811079,0.3533389809135275,0.09184273649526209,0.05273235260835807,0.24963690969970234,0.028873484418478857,0.10569496045166928,0.10226912988099651,0.1768488970943176,0.20255301432535025,0.16702449274680586,0.0758594212568573,0.20033546035359778,0.930696035623423,0.12252405957082647,0.03847093862458243,0.08746782995155067,0.14937680768283745,0.273079560746818,0.1987509580546912,0.06011700427813407,0.014257946048931804,0.1520439831217174,0.06792688833888157,0.17598995327356856,0.11065181344790197,0.21307786296173203,0.19669773013654474,0.061881193470714205,0.13120421824904296,0.11047572880202751,0.1250532101183094,0.19714427658032002,0.20576177354457684,0.0948263090612724,0.2032892469788525,0.10389532597531434,0.15153664353973031,0.12566543877087913,0.10949548451897627,0.17601675840083372,0.2432237389908452,0.010908578230630878,0.3060294349344362,0.17332540946929378,0.19784127935167248,0.058948134770705096,-0.037718208157447225,-0.07611835232058474,-0.15968954120707834,0.24102874053320197,-0.04742155002057102,0.015534199313752174,-0.048094440909935525,0.06584295548966222,-0.15928149882675868,0.09085109921545481,0.009753880443340716,0.005676723422496764
0.04581597345104728,0.04635036171331154,0.08952176960088684,0.18668078228555457,0.16572002962120028,0.23079687403341145,0.13694055950828946,0.16120015747105304,0.0631239772612458,0.1050835470209416,0.18733823118991155,0.2174745493287236,0.14264792179375935,0.2915324970844636,0.12252405957082647,0.6702005881847766,0.2704735787368378,0.06801356139017813,0.17343630793870318,0.11685218199974179,0.1868465013047966,0.2776566248145128,0.028297468134730518,0.15325450354120346,0.12157876187868744,0.09579491728099146,0.18129148600315245,0.15829364836486184,0.25332781648306874,-0.05183653405816507,0.146771642407048,0.17589210390127738,0.10114365493973144,0.20850767046972551,0.22773708958058542,0.16605037425924016,0.15822105647202742,0.073022176790715,0.13375024485407142,0.13150324867112695,0.16606614688755408,0.21003833546608816,0.2709842462099202,0.010416310522024335,0.2144027972225245,0.18739381269571617,0.1886744893485505,-0.036355263754737126,0.03133995245893157,-0.07812018499522846,-0.036798468746612,-0.05319171136599969,-0.03971196842771108,0.06636818930736396,-0.01503850056863602,0.05914722860755583,-0.13985759034193204,0.08166712015170646,-0.05524671623204708,0.019818811249612628
0.05731194529041662,0.08198072821732828,0.32789550022813296,0.12546553077843275,-0.03447121692892839,0.3315312754429,0.027190899434277205,0.34493825877858847,0.11203258892836487,0.11539568986764784,0.3204131916049678,0.19047618615130305,0.17499830936548633,0.21081973408672372,0.03847093862458243,0.2704735787368378,1.1390505259935901,-0.007323568981685879,0.14789425951703974,0.3191254750774946,0.30783060078481383,0.18189643648387138,-0.10674306863571412,0.1446936238525045,0.3098046948470078,-0.08258818128166495,0.22182267944802925,0.17875045417732136,0.36290120790495234,-0.03536742635628958,0.20604077739220936,0.14543922936035972,0.17523564582877735,0.2666224409961321,0.20773282443213434,0.16690764799832067,0.3868825536673269,0.18041607834596185,0.05248444363905339,0.11354341278102607,0.11772137458157031,0.23565679497602932,0.25439116466500195,-0.019206883014700256,0.2769141853498257,0.16732790079184093,0.2860668113275658,-0.011034488511485498,-0.13778122120949532,0.04665040441120389,-0.03865506024075614,0.08209977973811797,0.15089069850840472,0.05121363144361365,0.061169255834048565,-0.05379606076132392,-0.0026351676534255063,-0.013327658201353237,0.030110261489397445,0.15034720194962028
0.07091375691419999,0.15340917888821454,0.1408334645094775,0.1629186744308816,0.11131065317635244,0.03641142778252555,0.17748015962414398,0.0820295541054856,0.11329511232189214,0.21045366971237847,0.09272983776349439,0.2103922984415525,0.1247594967495588,0.0646877119416359,0.08746782995155067,0.06801356139017813,-0.007323568981685879,1.2506286062595726,0.173323639940352,-0.06677886113182578,0.10643851786193874,0.19076484399659377,0.37211744808121017,0.060390014531217076,0.39093559089789337,0.3078378997476122,0.08684668075073429,0.18428684994519892,0.24539438067434857,-0.035689310839433865,0.2903221334532412,0.16964406037332688,0.13422605486672126,0.23359145226412406,0.13068336078614246,0.34479390230257684,0.10166104215272946,0.0021429170737903057,0.17133822058025017,0.12234788536134907,0.23134150440389975,0.1047032010259122,0.17146568976650992,0.045904678756414775,0.12942345319154733,0.08368102985976571,0.08006984736219354,-0.020767673665458262,0.025430237949891035,-0.06361535432075743,0.26991765332050277,0.04754175331358407,-0.10870987904264513,-0.05987056235609023,-0.049898308180068116,-0.05457465537126089,0.01186790291279355,0.027131522732613655,-0.018704332984385025,-0.002820801621944803
0.07584584456880063,0.147230616548612,0.24377054126287548,0.08471471845916122,0.2309784442608408,0.34544407368185326,0.1024561360393509,0.16111419268720312,0.0930926354589144,0.03245037956912904,0.12652421203462402,0.16563772929186932,0.10738986999549648,0.11231435539031835,0.14937680768283745,0.17343630793870318,0.14789425951703974,0.173323639940352,0.7904318874445787,0.2656601676603477,0.20946508873792263,0.14030895256270415,-0.08085145199913453,0.13058648838787917,0.198319252212412,0.08601787613643391,0.15330143335117824,0.1832982128376489,0.12215546310261917,-0.041102581792036234,0.2004189524138195,0.1369247888251794,0.17131781414250263,0.18771782180351304,0.08440368385242072,0.11120431404621202,0.25879009967954464,0.1548242357006556,0.2665577483076284,0.12941434566937918,0.09127603777408508,0.17024742938277956,0.26496045761181514,0.017261688781533908,0.2905754771600343,0.17447067849920994,0.1921527592323469,0.05298233887648101,0.0632690585742948,0.06650248528786283,0.1301764839504007,0.08309030337691999,-0.2034736066121725,-0.04444077607791782,-0.03976512848728978,0.011076584255730198,-0.05596523279852507,0.0776660351053888,0.007205937670281553,0.04120815691015827
0.05412783562271105,0.33017085680952624,0.3499397052316533,0.08331905708646957,0.030834118684828726,0.38414623334058806,0.07168004700379137,0.2486163472321799,0.08905727773205406,-0.0025571521874663537,0.23724499579596162,0.16746892328203244,0.12310708013272381,0.13068435236376136,0.273079560746818,0.11685218199974179,0.3191254750774946,-0.06677886113182578,0.2656601676603477,1.0112834547248006,0.16599591225824029,0.010652026374707363,-0.009553916310052325,0.20650304246687678,0.27819728895297324,0.2140687640667246,0.300725341772128,0.14682295396350353,0.3049163217606112,-0.03155539977200168,0.22026116864172615,0.17289166165033124,0.178748777228003,0.2990522008065937,0.1109137827474694,0.08470441217526384,0.5099694529411242,0.4352074718718985,0.41258880133266673,0.2464700701567061,0.08086418296120743,0.273527557106886,0.34422804890301834,-2.1428258295064342e-5,0.4812335698200751,0.024032462059933334,0.28685215220520294,0.13330276244792202,0.049024884793681875,-0.023774713457963066,-0.08703340927524802,0.20336005095304685,-0.011645600941828078,-0.09392520034859571,-0.022754378994077548,-0.02046767152855016,-0.037532588950321105,0.0721354477019533,-0.004482698439239397,0.023656730753838638
0.08032718279184013,0.29028158537170495,0.29100786331991685,0.0918201288277653,0.06494451960243042,0.28927132249682225,0.14846958225918314,0.12416010738842241,0.15948262785926484,0.02366817030408626,0.2159420178662397,0.2010320051660316,0.13694444557460445,0.1435327384852389,0.1987509580546912,0.1868465013047966,0.30783060078481383,0.10643851786193874,0.20946508873792263,0.16599591225824029,0.6355892882541636,0.1608116587690047,0.07482932703197648,0.11790177713100776,0.19598427752293238,-0.04511080590520891,0.1391104472123505,0.19757433605585914,0.2582811037965162,0.12087720957990929,0.1545377088693259,0.1427308352015647,0.14157929096463454,0.24740918958184976,0.2534161607609959,0.1797658790953887,0.2599154034595149,0.10679585007087031,0.08215051673736999,0.18691098822869182,0.08927574134150214,0.34098213096213814,0.28914597657658675,-0.019052325274464096,0.575723273075371,0.08929827920474648,0.2182852356488189,-0.0053118743486893685,-0.18776046842131053,-0.018703020712840787,0.029644707057722677,0.0545759819800643,-0.06676136696261738,0.04617835750462867,-0.06527920035851777,-0.006079256680245513,-0.11501108420141623,0.08455926287846857,0.016988620428285743,0.06641975012940682
0.06187934746544001,0.06567913914546636,0.2418197242071859,0.181035407289318,0.0769763552685899,0.19328866644334275,0.2008197237856047,0.11558120075681923,0.4387794450488215,0.11501846567123415,0.13632010441349662,0.18334109842316584,0.17583064528250922,0.18253431281029917,0.06011700427813407,0.2776566248145128,0.18189643648387138,0.19076484399659377,0.14030895256270415,0.010652026374707363,0.1608116587690047,0.8102574485210144,0.24234920327581516,0.20092091831784317,0.1274733549416503,0.1441518516845988,0.17492165236240279,0.13082477361675335,0.2004050369141849,0.11552132608795956,0.18110176245158327,0.27937216535901926,0.23532735532979576,0.233674774206224,0.077255722364593,0.28579692671614776,0.08872167075129092,0.05726884127531617,0.2518057428445836,0.11185019491228666,0.1471390570422828,0.1689274142408944,0.20537868834868012,0.07449929457416243,0.007612501368722892,0.37375796208650836,0.23962994524663464,-0.20505741523059318,0.4980411712751108,-0.06809540001371749,0.045151087207259154,-0.1508568120485595,-0.013435292431509939,0.0248450352773892,-0.0011833657561196233,0.10272716053067117,0.00046780740122385654,-0.016442166723805437,-0.13347782862581364,0.09649578933884664
-0.0013086523121037777,-0.030615033952659774,0.08596029193605073,0.18087755617853532,0.10904255568409997,-0.06458223970262607,0.2065930187614755,0.033928036181702176,0.23302790456037192,0.21430302015417108,0.03106674593193832,0.10398915771074324,0.09874140541890271,0.07161202517945808,0.014257946048931804,0.028297468134730518,-0.10674306863571412,0.37211744808121017,-0.08085145199913453,-0.009553916310052325,0.07482932703197648,0.24234920327581516,1.258864184431202,0.3230139834919744,0.376716634105511,0.0756669905172617,0.05669691362967062,-0.08795125442756128,0.23358855810971454,0.4163332240386283,0.08505781915588066,0.17601809418085823,0.2827527809463828,0.16468827013424903,-0.08347765421761906,0.35619462635633314,0.08307841625613559,-0.020371078872978687,0.35439295314494357,0.1409944504590171,0.18870236940031354,0.08905975838347097,0.16252966094386256,0.17698020157229047,-0.15307432924868164,0.10897497172353893,0.23481062743650427,0.04313773929571156,0.3466978413901727,-0.05073165542138624,-0.013214651561343976,-0.06994489927457435,0.09277392152149577,-0.04907011520846671,-0.027321636079701294,-0.006314825454129801,0.06906073404243622,-0.00034706024063779203,-0.05768070724081518,0.033040587297986784
-0.03060199211032475,0.13018334028162654,0.26188923229149125,0.22891500120219568,0.12219845232251941,0.18486525273642873,0.19059956700892136,0.16107352083976886,0.224901650832395,0.14611825254571076,0.15060833246273153,0.15367246427270384,0.15175845403575952,0.1501816455238129,0.1520439831217174,0.15325450354120346,0.1446936238525045,0.060390014531217076,0.13058648838787917,0.20650304246687678,0.11790177713100776,0.20092091831784317,0.3230139834919744,0.9019134099134192,0.29148306641887556,0.27457572790042584,0.19073403418913057,0.1862544472895312,0.1416749767967366,0.6109361761362965,0.22007345264473127,0.3255695844399658,0.530916922701343,0.061038394304063284,0.007558253906096933,0.3929839765628548,0.05811110820701689,0.11184943848077258,0.18741537580460785,0.09778807474366626,0.20733117546262866,0.18193426895936918,0.16621493935678266,0.08225446950468669,0.09111900133587665,-0.09787508332078516,0.1511316808258577,0.03999231220814463,0.2667689012336598,-0.026977748475706286,-0.04960241138132812,0.014583877760088813,0.03846091916288239,-0.050254152085906355,-0.08527147822993449,-0.05267533381316311,0.02934775153404192,0.0826132626864665,-0.020270858690245554,0.06941692167562731
0.0942352142243137,0.1898408628483094,0.296972760650094,0.09373689864430451,-0.07273243747822777,0.3103021489231032,0.08976271986731188,0.10110499800924111,0.05368914606654836,0.07923729679509053,0.141173169346413,0.2552277789381637,0.11413852460557788,0.12274781945709896,0.06792688833888157,0.12157876187868744,0.3098046948470078,0.39093559089789337,0.198319252212412,0.27819728895297324,0.19598427752293238,0.1274733549416503,0.376716634105511,0.29148306641887556,2.9894093546022558,0.21093413957484108,0.22624168525460214,0.1677587812915035,0.4332478326523628,0.21614516355530802,0.4811941635614205,0.383786968293059,0.12720772735248206,0.6051792069064321,0.3015153974798285,0.3701962480232515,-0.025237980898513833,0.2069078927061489,0.38108346682587424,0.2759614642580493,0.1295543207191947,0.19967791283707156,0.38414572995936047,0.04335281889468365,0.3842239342970913,-0.22079324620307478,0.21446568811684688,-0.03141004744990996,0.1487861560845534,-0.3495704467310643,0.4315429148664977,-0.08438906469094508,-0.0470623187899876,-0.09532784943968119,0.015308124400204962,-0.07039550631742064,0.06858216923587969,0.01186716037601456,-0.014370859563220333,-0.005647917154515199
-0.003968364720884898,0.17192815988081206,0.1085730049467502,0.1714105900879004,0.1494898857530292,0.26392071851454774,0.08518147898552474,0.17593365635709352,0.20674332103202062,0.08366556502246225,0.11364354494171153,0.17369886426517442,0.13037592271458598,0.16992261660448674,0.17598995327356856,0.09579491728099146,-0.08258818128166495,0.3078378997476122,0.08601787613643391,0.2140687640667246,-0.04511080590520891,0.1441518516845988,0.0756669905172617,0.27457572790042584,0.21093413957484108,2.0210504958851967,0.12411291275860035,0.19953162324196952,-0.16641277409240424,-0.35136810975635613,0.28323501148715496,0.3859869336133452,0.08543815250027965,0.2872239464741752,0.17032809224036666,0.26386867263071084,-0.3613182334190927,0.11786058639609795,0.3034204972770004,0.21388128917327856,0.3559236998375945,0.18076976434886186,0.4208255039608841,-0.011711336388775312,0.9015909157315444,-0.17058105117898523,-0.02108141856096885,-0.00038889277666550155,0.028175736936542094,0.21961271716483854,-0.35510736364798046,-0.052641860709753,-0.07989376887449486,0.055339674085275514,-0.12606689073215946,0.05097498037243432,-0.04720464036875826,0.19196829123694573,-0.20681300537393865,0.03316325258761747
0.049706277634110486,0.11599973770631734,0.14375821378252648,0.09426720801053193,0.06492852931378372,0.2389043652311191,0.10936160095771556,0.1363070673347771,0.15673419755862272,0.062146392006458065,0.16591612636460248,0.20990983326457713,0.13345773554792478,0.09251886096346172,0.11065181344790197,0.18129148600315245,0.22182267944802925,0.08684668075073429,0.15330143335117824,0.300725341772128,0.1391104472123505,0.17492165236240279,0.05669691362967062,0.19073403418913057,0.22624168525460214,0.12411291275860035,0.872664846328445,0.22392826538602595,0.20593843059609612,0.10794778637190997,0.20856734504541052,0.24071726676552746,0.18531982376584344,0.21914248042761098,0.22730942630146164,0.2583719289024898,0.1719565338719759,0.15820663318206754,0.1393817868960685,0.12832185613786234,0.1843842301591932,0.18152516053818285,0.1684878483677808,0.002439215007137649,0.17799200919577357,-0.021665613933480567,0.08676466973479018,0.013412807870438644,0.09473433096527685,-0.07531406158996051,-0.02075470292392718,0.06779328132553816,-0.026919546406489078,0.0394356440398122,0.033831873489729526,0.013406796357697346,0.019574036816699815,-0.02949700951924574,-0.029247152622605077,0.053362657142935255
0.038010837992872866,0.18772552345587115,0.19738377870173365,0.09291366224336493,0.05879343240192877,0.16203481775634804,0.07241353852262988,0.004901202989161017,0.13325172011298436,0.07650772988396429,0.11245483193377206,0.09593205300095496,0.08480338180505508,0.1397486304101637,0.21307786296173203,0.15829364836486184,0.17875045417732136,0.18428684994519892,0.1832982128376489,0.14682295396350353,0.19757433605585914,0.13082477361675335,-0.08795125442756128,0.1862544472895312,0.1677587812915035,0.19953162324196952,0.22392826538602595,1.1530190482255556,0.12102852839925164,0.0804023643497553,0.27019888965676636,0.09968497845958643,0.4009142557874126,0.1781246109335173,0.5648700885552358,0.2721239785150325,0.3303777811417485,0.07242875208699395,0.0572776195339,0.15346885841823094,0.2923227188723059,0.206182862626221,0.39882525083791753,0.12276972926833897,0.3544570509313885,-0.21202680269099478,-0.001195420650617297,0.039946009028298854,-0.03601067373344433,0.03342251060263023,-0.1133827125192563,0.2992568509825638,-0.3727724896060952,0.15710303194950942,-0.01247038925899502,-0.00727257099846434,-0.08629035563472008,0.012474171924187082,0.09689895428003337,0.15616304086470645
0.12088710123509858,0.31642705489977785,0.47344965769362907,0.10373999105229854,-0.00018573164232616495,0.42970185071624745,0.0729992325901058,0.19275793595818663,0.069322234399084,0.14685272004916128,0.2570086791628456,0.24262913455713225,0.205409654931158,0.21228444637594243,0.19669773013654474,0.25332781648306874,0.36290120790495234,0.24539438067434857,0.12215546310261917,0.3049163217606112,0.2582811037965162,0.2004050369141849,0.23358855810971454,0.1416749767967366,0.4332478326523628,-0.16641277409240424,0.20593843059609612,0.12102852839925164,1.9189634478456359,-0.1559771228630823,0.06708854376012738,0.23445969143775847,-0.004229326449273938,0.24856396790196147,0.18142593008313643,0.39040781005350933,-0.04141890263547226,0.057596132681179704,0.09113193500765697,0.16573737732323113,0.29915772603587415,0.1867744538355332,0.14385234231143437,-0.057373548215089935,0.06313827562508295,0.22704703630345166,0.1900850815716164,-0.029222376050999872,-0.14210410899845305,0.3995851714118656,-0.38012178055100154,0.08418543350346903,-0.2548364492883106,0.11952401627637671,-0.007558681640699543,-0.06970228721342933,-0.05491870129837746,0.014263773183762684,0.01993066093011043,0.06118491006198196
0.03239281594793791,0.1499803970513164,0.16288937869698292,0.1081480580956942,0.08234509986022966,-0.11107710320906877,0.1418893136199383,0.06235269102455001,0.24121346974066696,0.18371950669080073,-0.005804723203865199,-0.08737585906755499,0.05225544273577437,0.03217513440568271,0.061881193470714205,-0.05183653405816507,-0.03536742635628958,-0.035689310839433865,-0.041102581792036234,-0.03155539977200168,0.12087720957990929,0.11552132608795956,0.4163332240386283,0.6109361761362965,0.21614516355530802,-0.35136810975635613,0.10794778637190997,0.0804023643497553,-0.1559771228630823,3.232646027942585,-0.010990579544013572,0.10995202884034072,0.30709054102729705,-0.1255577196957254,0.31793384925325985,0.4331348312840533,0.2993926119934472,0.01814617653108953,0.15982535382735244,0.21516105417183964,0.0832997641508097,0.05392776187709313,0.47160006221892137,0.14762597954516934,0.11488355621819454,-0.7553195681087712,0.025321171962931703,0.05934973780485396,1.0973186382036355,-0.04545971654818307,0.10416419489159416,-0.1020992575739733,0.09947075874533227,-0.057263615265283625,-0.11769116051795983,-0.12352245476521981,-0.0991029447814234,0.2988637759715084,0.1163536414087039,0.020973845980068552
0.06178056138083676,0.1267296381574999,0.19453311101315815,0.12883756603530566,0.08609335267310017,0.18132495425427472,0.11557267305944609,0.11210276834330771,0.15292943749375562,0.10009229740631011,0.14069545234005723,0.18646453556062573,0.1125599009071753,0.13225317129759243,0.13120421824904296,0.146771642407048,0.20604077739220936,0.2903221334532412,0.2004189524138195,0.22026116864172615,0.1545377088693259,0.18110176245158327,0.08505781915588066,0.22007345264473127,0.4811941635614205,0.28323501148715496,0.20856734504541052,0.27019888965676636,0.06708854376012738,-0.010990579544013572,0.8352624837822112,0.23805723266720943,0.2654417683375515,0.19388941806389412,0.15069547455211285,0.5561267399560011,0.15247953366945904,0.17627147350861258,0.23383944388343936,0.15100787156579404,0.3204805665811768,0.19003292599893248,0.20040870234105582,-0.0029837149758139446,0.26289943462161314,0.0329262951358485,0.11875867330823558,0.010056958608282618,-0.02203641834646626,0.06018426836553093,0.11484902104930379,0.02690605059936753,-0.11663092860730455,-0.03997688478542513,0.007233008573402009,-0.009159969001064111,0.022443146720245957,-0.01720479650951368,-0.04041581780780733,0.02879374617599639
0.023618462462738302,0.08701670073868077,0.1918200228624836,0.14093627830988145,0.07116287273682066,0.21536000408763575,0.15699267330615502,0.12029544286224444,0.2195224931766881,0.11937395620492847,0.15073480979000767,0.239008418442581,0.14398899377288266,0.1307575456045833,0.11047572880202751,0.17589210390127738,0.14543922936035972,0.16964406037332688,0.1369247888251794,0.17289166165033124,0.1427308352015647,0.27937216535901926,0.17601809418085823,0.3255695844399658,0.383786968293059,0.3859869336133452,0.24071726676552746,0.09968497845958643,0.23445969143775847,0.10995202884034072,0.23805723266720943,0.8366653942694698,0.12374684079197769,0.3236674462615856,0.04652067577352688,0.38026062087227525,-0.2754616216889877,0.1250284883701811,0.27599841290367494,0.14876524274718558,0.3146428720827145,0.18334821734523649,0.14575585702828603,0.026432381606706863,0.1969179356966474,-0.03538780180968188,0.18479944919141908,-0.02812662482253598,0.2896073276366139,-0.058526758313977585,0.12353727951827151,0.05139512072455406,-0.04613058557949416,-0.01516428090052658,-0.0635610980970876,-0.048868454695550685,0.2732198744840555,-0.02802763510694325,-0.24392354038598718,-0.004373308285660617
-0.003088869816674868,0.14662767611580294,0.18558069258208026,0.20897660756435313,0.13106205479392488,0.030775439232390803,0.22382552428197408,0.11285590008106294,0.23661673434740013,0.1162626717204519,0.11200828871902674,0.11389549831255306,0.12581257264351317,0.09594066784811792,0.1250532101183094,0.10114365493973144,0.17523564582877735,0.13422605486672126,0.17131781414250263,0.178748777228003,0.14157929096463454,0.23532735532979576,0.2827527809463828,0.530916922701343,0.12720772735248206,0.08543815250027965,0.18531982376584344,0.4009142557874126,-0.004229326449273938,0.30709054102729705,0.2654417683375515,0.12374684079197769,1.620686608524828,0.053647005831261405,-0.3979813163320239,0.29023118586267616,0.4497619906886159,0.07584548953768126,0.06948888660854123,-0.030886789178588375,-0.008552503006510098,0.2229884959231477,0.21845035474040045,0.06070393112688262,-0.0479080892555971,-0.0817414504410004,0.2865469011425621,0.08913306423780501,0.18496116987525388,-0.12732420782035309,-0.0659629889927147,0.0964220418776598,0.1258371673009607,-0.2144971683260702,-0.07079367415872133,-0.00982865281717421,-0.08389744148403476,0.07530145160701739,0.06221272252736626,0.08589243338792998
