1.9901351304541832,0.49876920024108473,1.3131482787112643,0.07824543450989997,0.45508296848975394,0.34580925493093834,0.4323970527632241,0.3279492509872122,0.3322985966418181,0.1774467780086132,0.382012703543078,0.4610991962699539,0.21899998767076653,0.3854519218932254,0.31559309892998944,0.39966578622353044,0.24521068528813245,0.4008329130247005,0.26700441598282715,0.20484727431193012,0.34720438134049,0.39870238466074065,0.20098158245874898,-0.05271715158231643,0.38035432990886436,0.2744051646027695,0.3448666017363685,0.11862191307605698,0.2671676178116872,-0.03559420853340657,0.1207077904952664,0.17148640076003047,0.1952393384332954,-0.31979959913274725,0.4217741399601837,0.15923654682320093,-0.02034693607003944,0.38692986043768285,0.20701731431404757,0.16874418064502497,0.258085945353114,0.3052770215667176,0.5667582043224532,0.04349650786850101,0.746538462846753,0.3782013160123796,0.2506701603683493,-0.0055452410830110575,0.17141455505144712,-0.03757986582827175,-0.016895864143012123,-0.40971381049271377,0.4596065042076821,-0.026465840238617065,0.1220131475832314,-0.02187080750700444,0.4335745019214466,2.0213753707116924,-2.7981581994699862,-0.15054234877982953
0.49876920024108473,1.9879332225760762,1.0409220551495477,0.09226411610061191,0.09860046135534933,0.3428116469686438,0.31256395409817267,0.26526918390144877,0.28587423976701515,0.2786388921427668,0.2846362530373728,0.3042624594535811,0.2000240413977251,0.2116452804582268,0.29716356832783225,0.24330441535217123,0.3041415884064211,0.38861320142894173,0.17332508862127738,0.3306758843259868,0.31611673039731514,0.27029568853047947,0.21641851611893828,0.1500889488195588,0.2598700193859727,0.25972883767094845,0.3151919144692784,0.3128163583449417,0.4907814128332895,0.05799232830192425,0.12486830464548895,0.18609570513539503,0.17575100448672593,0.21850109687863836,0.4301561791241489,0.2035634094439574,0.33460047862330744,0.30542602871625,0.21673773502838145,0.09134198060646609,0.3211664213694499,0.2844612524687533,0.46376884278630126,0.03237553457238433,0.5703458531173674,0.25396172852403165,0.23461293842186345,0.012367873888861384,-0.0609670828225759,-0.07016034629631712,0.005993533436194544,0.060256746368208935,-0.007389592777585963,-0.06127384408348056,0.01248459144668502,-0.0681138418146911,-0.5775605387356101,0.7524482538357498,-0.346450140309047,-0.05867432707788388
1.3131482787112643,1.0409220551495477,3.043786140120375,0.3140470276649005,0.13333398662158874,0.5188420750544185,0.4071661021827544,0.5692258240558031,0.6104999788196136,0.5830461198953093,0.5164557705771079,0.525704524387333,0.3002096541440585,0.39074214376180877,0.45787671898300053,0.4024711672513413,0.40948557499560695,0.45711908827205033,0.34687978800338165,0.3058653918289625,0.4410747531420168,0.5271761108947307,0.23845338081795187,0.12883806074611492,0.47847529867806843,0.5504164122202302,0.4469657088424435,0.3412823609668758,0.6132955602395246,-0.43796537804695584,0.28443343681614003,0.33633837996772503,0.20713664821200659,0.14380127415336968,0.5531798765896061,0.7681482530250913,0.21108268684883016,0.4103621854789535,0.18419672693692132,-0.0798650114070877,0.37147068353347934,0.4011634233516062,0.09643019018951059,0.14104520394753076,0.4869383526679449,0.6133878210687009,0.08142273153058838,-0.009692694293616418,-0.2179655129161117,-0.17125864373836366,0.03750000573286147,0.13259301831210224,0.15075893025152315,-0.06118947662575181,-0.18555727510050896,0.22340859808443275,0.32725280069164026,-0.24577836052766128,-0.6272063664803578,-0.0181246570341156
0.07824543450989997,0.09226411610061191,0.3140470276649005,1.657826769037206,0.1520969773284234,0.27841746521232347,0.350920989964775,0.36635175350179827,0.15607236221016768,0.27081875389904686,0.2676057063518141,0.41576779797979146,0.20663942921074493,0.37040051935020585,0.21179474647535565,0.3637601855587609,0.3074159814280989,0.2914904274510314,0.17838899262388966,0.23925830419566896,0.22732971749987343,0.28259641103180727,0.2740865219132362,0.30794025674464626,0.2850015237757444,0.33908086075622185,0.26428143530241954,0.12056861765757501,0.31488610538827594,0.12374495316221579,0.2615592426973588,0.33868240137499345,0.2668120805161969,0.3621645394065494,-0.06124581875305431,0.2966983884603386,0.35018168916712616,0.3876669922752444,0.26660754318194874,0.03267534133864303,0.2468153112114508,0.21386075363489784,0.2890790660289556,0.19550348162066822,0.22313000462348492,0.3075313485093893,0.22800040699159335,0.021912576118256106,0.02659748448650242,0.17039959098167431,-0.05614389312404911,0.28456231077347766,-0.13147713159764302,-0.20203465255388522,-0.051726208289713645,0.001558117371610424,-0.024921276903295195,0.3065340392629228,-0.3954569651608874,-0.09784577103991361
0.45508296848975394,0.09860046135534933,0.13333398662158874,0.1520969773284234,1.3425924925129646,0.21521821595626056,0.20025532852856093,0.301801116645125,0.11374051102879297,0.07803850733047973,0.2155554284440907,0.3009702111131613,0.19744589365384432,0.2806059389762238,0.22452930651213407,0.3354212041019937,0.17905389641604685,0.18620034876985095,0.44592284009783356,0.15661297463810706,0.1774197944241277,0.24296106589816463,0.12378079881364615,0.12461304542585974,0.1924258753087945,0.11313992390241746,0.12921578045155716,-0.21166326123628443,0.20084803215144914,0.046423486534658935,0.07750167055034281,0.06794017364364317,0.2217778019646713,0.19284096568967335,-0.15143981937585793,0.13755569921604258,0.2930447794733329,0.14751350512984693,0.2702347166999968,0.09736897589791209,0.22998623705323973,0.18101315697350515,0.19582647306581674,0.03483633549890423,0.10362043498032739,0.17308979496254806,0.16528473761523346,0.014116015311067999,0.2799128959666398,0.46172012208236796,-0.0480980104354447,-0.664649815265941,0.4801061921431151,-0.1910816314028696,0.12378595185027681,-0.16496630329787226,0.0688445973016246,0.8005730950719929,-0.7920961939415192,-0.28818119381983837
0.34580925493093834,0.3428116469686438,0.5188420750544185,0.27841746521232347,0.21521821595626056,0.8408780986685271,0.2591883349591166,0.2679070917922342,0.2769199569469647,0.22078014901496693,0.2844960361779072,0.3242445205177841,0.2311584215015822,0.2554569955879959,0.26428112363476247,0.30196168230027426,0.3393091026608318,0.2471979469090739,0.4136365194514208,0.3318825230582003,0.3099348263929835,0.3242515509270282,0.1428418167215441,0.25926244138531124,0.24459965301108721,0.2521441496307083,0.2723774651193331,0.24521565866434772,0.2911481331932921,0.1279189864219952,0.23879598706332464,0.3194215412391709,0.17378483459255278,0.25247994325453,0.22833336731122547,0.2851361768266222,0.1954509916770671,0.32278823970746,0.3004821159550305,0.15176741434236568,0.261032993902484,0.2682793662528647,0.3170271724589809,0.06368116798954343,0.36171096988768103,0.2912801792998063,0.2688845802210411,0.01756012572184616,0.2512846746949438,0.06918561723224956,-0.1428354314644416,-0.018271080452361154,-0.022135288150756636,0.017921545890061216,0.014524704055609457,-0.05095057733768871,0.1488164177297126,0.2272086363769576,-0.4730474663229954,0.18787182777447686
0.4323970527632241,0.31256395409817267,0.4071661021827544,0.350920989964775,0.20025532852856093,0.2591883349591166,0.8198550899074569,0.25491491113835457,0.29311660312737375,0.1672976748758099,0.3094669706067902,0.4032433815745507,0.1932641889779566,0.24219209353215893,0.17386371361555536,0.268320916810183,0.31610124458565453,0.2998643665543019,0.1578751777904738,0.2334064167123939,0.29574671570923566,0.30339788225417685,0.31470174119285155,0.2504221134527285,0.2798462721610311,0.2804378503065407,0.27222206986541014,0.1331368284341976,0.3096011030624171,0.1617486332080726,0.21245627629679037,0.20416918549435922,0.2606159111875112,0.24720533124591296,0.26164825505312683,0.23822984999893726,0.22765166696034705,0.28625254964716246,0.297489925803598,0.14804370156574878,0.23230605974076338,0.2639359303544561,0.3613960309774381,0.07013657129114896,0.34927816766595793,0.2780719692069207,0.23376184814295634,0.018295389458848267,0.18147033450721234,-0.041202604812497094,-0.03587139429020266,-0.15402303272205764,0.32621864771431397,-0.13623221826856904,0.013436579600208647,-0.010564814173634612,0.004308476034252201,0.5860586304386882,-0.7047768340555086,0.008927859182118605
0.3279492509872122,0.26526918390144877,0.5692258240558031,0.36635175350179827,0.301801116645125,0.2679070917922342,0.25491491113835457,1.0493343984906478,0.17953617227597587,0.17412932770799183,0.3693653861380256,0.06363540119468929,0.26237596927893775,0.26744039877037135,0.1714234682428904,0.2701545549023787,0.2804576780276933,0.37191442845082506,0.21216139631483885,0.33852155290467195,0.2786845157481878,0.25031385871368883,0.2965323516568807,0.22159055782803166,0.3452691462861262,0.562520565693784,0.30275906767438526,0.0917062623662261,0.38741629472806166,0.1782739616007541,0.21872353090829882,0.22823445858836075,0.12397417695344537,0.3569563556839487,0.34068985130738966,0.16175446931776882,0.24638578452589124,0.32054964412421993,0.2638974696097779,0.19319828801492647,0.24990943238560975,0.25198988150846263,0.570939262844177,0.06754347529951833,0.5234008246364066,0.32461744349958593,0.36323934411724634,0.019310124497978642,0.09660154658907533,-0.09318975623251943,0.003621926311838434,-0.1428056597468552,0.27891321353360865,-0.133741939342171,0.004244410372896802,0.004000200539648217,0.07286924552306857,0.9631378778828897,-1.131722663251415,-0.016618219915085792
0.3322985966418181,0.28587423976701515,0.6104999788196136,0.15607236221016768,0.11374051102879297,0.2769199569469647,0.29311660312737375,0.17953617227597587,0.7505063154098708,0.1506791207088185,0.25941925238348823,0.24189907009311387,0.13922580063187467,0.2855088362230977,0.17966116260838771,0.18862048869028522,0.22301710098239808,0.22448395716816805,0.1726477361028287,0.2072266258429126,0.2436939964964544,0.4351250767791524,0.2673713891963666,0.26942545628196973,0.23528717000435154,0.3584103938536002,0.23215384210525308,0.2649885213011801,0.20384016622286089,0.1021531831159178,0.25089027354096305,0.29766645623709276,0.29285620187799616,0.13845544445739816,0.31000267709196827,0.3321511990860125,0.12085059409765835,0.28823925236543163,0.20100397735851244,0.07228111098580293,0.2198847269465309,0.22615205087361936,0.15926427023749756,0.056487279926443194,0.1930511127393878,0.3328256350540425,0.18856475208854856,-0.005030351136622464,0.24048844204109807,-0.14893312016272098,-0.028227452815812726,0.055494653873978214,0.19025502611804232,-0.05235146203229267,-0.034702498336533806,0.10326282916800927,0.16966676568060582,-0.027952063007819546,-0.41125832860416534,0.13327461484191008
0.1774467780086132,0.2786388921427668,0.5830461198953093,0.27081875389904686,0.07803850733047973,0.22078014901496693,0.1672976748758099,0.17412932770799183,0.1506791207088185,0.6977146170301853,0.19349045181178703,0.280985308402201,0.1943485171098967,0.16708478714553318,0.27507648502471577,0.19495688825787316,0.300008489852455,0.21206182059797152,0.1328728391593224,0.1711207694610976,0.11644841308750072,0.17509456238758284,0.14394048048436706,0.10263375782667894,0.21985040608658707,0.12350477855482044,0.21854667682249457,0.14266776975679882,0.3212131264189769,-0.04237199663214523,0.14555363870183546,0.1708030550535072,0.026839649615800886,0.2673365377852314,0.21098769324600555,0.22881328236961357,0.14579797230365332,0.12312953937329628,0.18796887270116466,0.03338813666457747,0.21252062035210612,0.12454612471714256,0.13536194175828953,0.07530141794531654,0.1570839434004241,0.13621951697183227,0.10398305875931366,0.001170913461451337,0.06806823759992282,0.029391078151755647,-0.03614942924229613,-0.0066011686902145055,-0.04422738538856346,0.03736433884761208,0.02543523875143768,0.12357994754130876,-0.039646787329777965,-0.21797366305464183,0.04686727732433537,-0.01204007754006297
0.382012703543078,0.2846362530373728,0.5164557705771079,0.2676057063518141,0.2155554284440907,0.2844960361779072,0.3094669706067902,0.3693653861380256,0.25941925238348823,0.19349045181178703,0.5205841491775345,0.33240014051226013,0.22851507745894098,0.28981469765737516,0.27661927269305264,0.29180286380841075,0.31789073559289044,0.2866857929438683,0.1671841571021525,0.31340118382105797,0.27457641631401114,0.2854985326469184,0.27660192531212413,0.24462053605390688,0.3115319884324904,0.35292534334690057,0.2891684553091169,0.20444745372285292,0.3515522164147441,0.12719537878400441,0.21429495990993502,0.2442750291539975,0.20790377637730445,0.23770446479838286,0.39529850281479706,0.2435785924192551,0.1938446422812957,0.2793471514394102,0.2586261278267577,0.16095015617431307,0.2625802393672786,0.2613564770073922,0.3607845171781094,0.03678398565823035,0.4478921042098507,0.29639153734088053,0.25550025485801764,0.013102716254702294,0.08695682927456157,-0.07817449478090978,-0.053080821241985314,-0.1244146257734576,0.2603804731898265,-0.04685365452779215,0.013728070544655267,0.010072672234543775,0.10133704613711417,0.46767106211778486,-0.7520345960518393,0.013041407744924273
0.4610991962699539,0.3042624594535811,0.525704524387333,0.41576779797979146,0.3009702111131613,0.3242445205177841,0.4032433815745507,0.06363540119468929,0.24189907009311387,0.280985308402201,0.33240014051226013,0.8921316561622068,0.15870492752952697,0.3827490323969524,0.3241746305924391,0.3807212276446385,0.3308725351976289,0.28091254594256093,0.20623093093570824,0.26555364873643245,0.2884777387456353,0.32664939967409184,0.25445241220488757,0.2125129740490116,0.36524890197161536,0.29334805862758234,0.3388402251902387,0.09979513516023729,0.36249813400336584,0.09674216516641072,0.18207219244467462,0.2553591355702803,0.23554638306258033,0.22411992324708196,0.3508372480749605,0.34182461116686763,0.1909708520609623,0.29355096667895786,0.3064175978551246,0.09586219665631666,0.26595446410784207,0.2723231226943564,0.2771980989466147,0.037477446849867965,0.478077436466816,0.27110785705263396,0.22537961499261827,0.017378394130927007,0.21803120901867912,-0.023751982520612037,-0.06099689604540141,-0.22999408827778897,0.41089157830081446,-0.11005774959419988,0.03796024074438133,0.03220095142389193,0.024031258749904295,0.38435454766940064,-0.7956441004130725,-0.07929437099924892
0.21899998767076653,0.2000240413977251,0.3002096541440585,0.20663942921074493,0.19744589365384432,0.2311584215015822,0.1932641889779566,0.26237596927893775,0.13922580063187467,0.1943485171098967,0.22851507745894098,0.15870492752952697,0.4563456127478736,0.16828348182501418,0.12271825889414337,0.22080569851348597,0.19088741548783236,0.24253124036586854,0.18533052441657086,0.17243837818578028,0.16930789381147068,0.19755247182741492,0.26016753726924746,0.19996558680611926,0.19740261935699607,0.2040801474899645,0.2352844084004714,0.18550495265332784,0.2605918431779071,0.14388548822529673,0.14248132513266695,0.1709024461284073,0.20438175821828233,0.1855750157271011,0.21172747714052034,0.17758406182580996,0.18745988163909372,0.1726185835275897,0.2078509609149276,0.12157219663529739,0.2384137126508225,0.16790526622161644,0.26855402322141697,0.04017505934449366,0.3151494624843039,0.23017203989641735,0.21876297546785575,0.014634513533742071,0.10027859247983356,0.052012480838843245,0.005948039141667021,-0.12227651454676967,0.052500391739811844,-0.04839242258536446,0.04796312023746235,-0.08607329153018747,0.07427226215815369,0.2719182460738942,-0.3960794585997291,0.03987463579796215
0.3854519218932254,0.2116452804582268,0.39074214376180877,0.37040051935020585,0.2806059389762238,0.2554569955879959,0.24219209353215893,0.26744039877037135,0.2855088362230977,0.16708478714553318,0.28981469765737516,0.3827490323969524,0.16828348182501418,0.7372568755726808,0.2413663885419994,0.45428047761586626,0.28645973756262694,0.23073325871259978,0.18354956167839717,0.34969926467585394,0.278391864048742,0.3905194670287959,0.2891330197175412,0.3380065587550117,0.3339801292154765,0.3052868638719587,0.2973505496491158,0.2507584920120094,0.28489084414012494,0.17036539137848786,0.215212512209925,0.5489210642478909,0.26564994655602797,0.22731075257636357,0.4203173087582044,0.25530896552923,0.10042532088328437,0.41422041085829314,0.2617832912812891,0.18358363047664603,0.40185475320688074,0.2820277713820974,0.3765240306671289,0.097830007757991,0.3751314424110925,0.2601202240071604,0.26220727013274514,0.014339124737770334,0.35392807981444074,0.014784925521222795,-0.0746082586011909,-0.11986239321091385,0.21914263083074453,-0.019169935328786376,-0.029932722530705266,0.016710321684117495,0.09839735183401861,0.5374639907190799,-0.8133261227280162,-0.08805979051898204
0.31559309892998944,0.29716356832783225,0.45787671898300053,0.21179474647535565,0.22452930651213407,0.26428112363476247,0.17386371361555536,0.1714234682428904,0.17966116260838771,0.27507648502471577,0.27661927269305264,0.3241746305924391,0.12271825889414337,0.2413663885419994,0.8489059369838247,0.26148575463446405,0.3280178396139505,0.2582203605816138,0.22157464752170458,0.2651625773333398,0.2042752638472763,0.23124350935866952,0.2001373301085412,0.2185735232402769,0.32667783117233967,0.19626556161908257,0.20627717242314395,0.33433325800329283,0.36922889075489007,0.12628894791340128,0.20163280088108107,0.17723128395566864,0.19734812477503683,0.20300400727578313,0.32890677184204853,0.15611913559067844,0.38280613810195363,0.22182856244584082,0.18052968376112544,0.04275180781848099,0.3858581493038702,0.21445377085425651,0.26549126982363586,0.037790009157407,0.3499977110667489,0.18615365526144373,0.20772218716322485,0.008984546002286535,0.08467649499430985,0.23340054792763693,-0.13581714998231334,0.23349468291147998,-0.2652675437800011,0.011916761210512628,0.09435980370207424,0.10551208655742082,-0.13318509129698064,0.35070834234819637,-0.5478540151816897,-0.23410950250078846
0.39966578622353044,0.24330441535217123,0.4024711672513413,0.3637601855587609,0.3354212041019937,0.30196168230027426,0.268320916810183,0.2701545549023787,0.18862048869028522,0.19495688825787316,0.29180286380841075,0.3807212276446385,0.22080569851348597,0.45428047761586626,0.26148575463446405,0.8683194723719737,0.2922522398114638,0.2500167419040095,0.2735223836817014,0.28022421019349725,0.33303295725245957,0.50060381293956,0.15793573593316934,0.25290996470216603,0.3443408622183837,0.27157581828425,0.3487265674441463,0.2932272663145155,0.343534669458935,0.13863791290666483,0.22724800774427073,0.2976401344903903,0.24862319377878736,0.19575568002067234,0.6128729140216848,0.23791646029693564,0.23133573013442815,0.4066590693941991,0.2657861968066206,0.20536134300581768,0.36223581630507007,0.34465188506432154,0.5098118431729147,0.07736032585140387,0.4788920350508856,0.30217179488733364,0.26519149508623396,-0.0039090380296136805,0.2303012219290481,-0.16410889938903503,-0.06728478630100461,0.07789247391107844,0.3215659647340791,-0.12758241267799725,0.1664879798612274,-0.020860826733984886,-0.005090623128609983,0.5995649374443992,-0.8987330283792,-0.1041192765640303
0.24521068528813245,0.3041415884064211,0.40948557499560695,0.3074159814280989,0.17905389641604685,0.3393091026608318,0.31610124458565453,0.2804576780276933,0.22301710098239808,0.300008489852455,0.31789073559289044,0.3308725351976289,0.19088741548783236,0.28645973756262694,0.3280178396139505,0.2922522398114638,0.816938326398588,0.29580417435343437,0.22092811751215502,0.39049896631610487,0.23800789987982598,0.2938894029991691,0.2930071714688538,0.2749207932369352,0.30680629359329853,0.09333085928853765,0.2874631380031814,0.3418432064760501,0.36390058600577313,0.11558553381092587,0.2443145684705748,0.22746010901472452,0.3179960063520928,0.2656540417361353,0.38661484695662424,0.15502491093413917,0.35972983785985024,0.30932012961434285,0.40468732645261934,0.17428673603120717,0.3873114844963519,0.2382683173090412,0.4675000959144339,0.06963934880773792,0.4541342198504755,0.24035191692705202,0.26729441925199876,0.018562789365798606,0.13422255894844784,0.09926781052687783,-0.060441572231334215,-0.043798100854097716,-0.006777931686457401,-0.11767833660822193,0.16844670762099748,-0.016263615710566802,-0.10559310248586527,0.371014402477671,-0.4516726369718096,-0.07477678572638422
0.4008329130247005,0.38861320142894173,0.45711908827205033,0.2914904274510314,0.18620034876985095,0.2471979469090739,0.2998643665543019,0.37191442845082506,0.22448395716816805,0.21206182059797152,0.2866857929438683,0.28091254594256093,0.24253124036586854,0.23073325871259978,0.2582203605816138,0.2500167419040095,0.29580417435343437,0.8771184853255592,0.16819042827967237,0.1064210319942903,0.3393875898632377,0.24434450183130255,0.6329018813199652,0.2274640298926091,0.32707708072316244,0.36509186778541136,0.23015587329329232,0.39642326798649685,0.416810100610782,0.09954152580802145,0.3072775230632337,0.20481339707247997,0.2736311185727655,0.2702801502560793,0.4329772960852426,0.09507999983713383,0.3628658286657649,0.27795344916138554,0.29115742442228887,0.17321848118196756,0.47801305298145474,0.2880398092387343,0.5371969752049582,0.04769838942056866,0.6885564756528534,0.31817478797412735,0.47023057537414475,0.02108453979105417,0.07673440823981797,0.135500082226661,0.0059066117961604535,-0.08316803438938063,-0.14263283610978164,-0.05475183124673402,0.07825544726671994,-0.03661214452582501,-0.06987779230476496,0.7814949430027005,-0.9396366361987469,-0.07613427281929645
0.26700441598282715,0.17332508862127738,0.34687978800338165,0.17838899262388966,0.44592284009783356,0.4136365194514208,0.1578751777904738,0.21216139631483885,0.1726477361028287,0.1328728391593224,0.1671841571021525,0.20623093093570824,0.18533052441657086,0.18354956167839717,0.22157464752170458,0.2735223836817014,0.22092811751215502,0.16819042827967237,0.7303843822579705,0.14490031216100524,0.21529421858181702,0.27456381458881873,-0.056617622589143234,0.17347451143643872,0.133653278891422,0.17107451081947228,0.1600562458171847,0.2150738327487851,0.09799957071815511,0.0647030901348236,0.26340284894920996,0.22413583516666655,0.23602440742701988,0.1610443540351955,0.013755996797421352,0.28178971379004825,0.24224732486456702,0.28767161241974554,0.17674531582569736,0.06605271101822349,0.22185188284699545,0.19121506032557076,0.14320818912551483,0.07685619747308728,0.09680436741402493,0.3065022330457939,0.12959916291727822,0.018571966203122188,0.06661634115908913,0.012769120203145023,0.13073087774827497,0.46529727141398575,-0.25235084988905654,-0.18109244513149816,-0.03455268974672669,-0.042718890338756296,0.17115191180460773,0.16214796999173536,-0.32744543539158427,0.05791940282903521
0.20484727431193012,0.3306758843259868,0.3058653918289625,0.23925830419566896,0.15661297463810706,0.3318825230582003,0.2334064167123939,0.33852155290467195,0.2072266258429126,0.1711207694610976,0.31340118382105797,0.26555364873643245,0.17243837818578028,0.34969926467585394,0.2651625773333398,0.28022421019349725,0.39049896631610487,0.1064210319942903,0.14490031216100524,1.0831751567479,0.2553226821593769,0.263264410617834,0.42253923966233553,0.4310170561435775,0.3947711595982662,0.27894709804201184,0.35868645648253783,0.2616719503283444,0.6084157629343678,0.44104875034803104,0.11958540361248451,0.29607918934496985,0.22695488038223816,0.30139235380758717,0.5540263861274706,0.19772544087698388,0.33970268112688423,0.38089248744909504,0.38936880746476815,0.32395290727874976,0.1526936936245466,0.2823665758490935,0.6636700793981072,-0.017224012668995696,0.634889468295631,0.2589307615271727,0.327834938210116,0.04681233078028089,0.32238595710083773,-0.17608824480599927,-0.1250923094409637,-0.1599837961042329,0.4378048394683173,-0.060068803881139395,0.17076436042202486,-0.09802509508979257,-0.00897171067297021,0.39597954184963013,-0.44966972786547676,0.08591097619452459
0.34720438134049,0.31611673039731514,0.4410747531420168,0.22732971749987343,0.1774197944241277,0.3099348263929835,0.29574671570923566,0.2786845157481878,0.2436939964964544,0.11644841308750072,0.27457641631401114,0.2884777387456353,0.16930789381147068,0.278391864048742,0.2042752638472763,0.33303295725245957,0.23800789987982598,0.3393875898632377,0.21529421858181702,0.2553226821593769,1.0023599053714292,0.29597230278891246,0.3688469934516491,0.28937233815283236,0.2931488003221912,0.3402959715939452,0.2349097765031606,0.463613018658999,0.2637684133086447,0.11758620465807555,0.25012263133076845,0.2505673465393161,0.3489344166730469,0.13944641063656166,0.6416232131860551,0.09153637541238022,0.3324946774183457,0.42114381168532694,0.22012989131960367,0.25333772905869406,0.40194100419488804,0.7045700795533263,0.45251852114321583,0.05238475826759473,0.6293452202448155,0.2563893480303658,0.30101376053967277,0.046910414319454925,0.08065525933336362,-0.08473382155257327,-0.04134443553061078,0.04293910382938445,0.13521735067961305,-0.07807758793917437,0.06979750298718126,-0.0738332647582107,0.04180947658281851,0.40081367684213093,-0.5641813155094446,0.04003037512044485
0.39870238466074065,0.27029568853047947,0.5271761108947307,0.28259641103180727,0.24296106589816463,0.3242515509270282,0.30339788225417685,0.25031385871368883,0.4351250767791524,0.17509456238758284,0.2854985326469184,0.32664939967409184,0.19755247182741492,0.3905194670287959,0.23124350935866952,0.50060381293956,0.2938894029991691,0.24434450183130255,0.27456381458881873,0.263264410617834,0.29597230278891246,0.8377936217152554,0.22797914181096185,0.3146341575947177,0.30818120612952393,0.3234443860233945,0.3023148263686861,0.2904506289952896,0.2479570626859213,0.19235151160335293,0.2850918193229758,0.3239431506686857,0.34958251002687835,0.15905422140600206,0.4213761425465314,0.3911302404202153,0.24026834974298114,0.43864775024610286,0.2495429990400998,0.12696073658947848,0.3282706976927171,0.3045357587225507,0.3049113282209685,0.1155756389026223,0.17883000373403787,0.4376061088981519,0.27378730960001896,-0.042394990206336615,0.535740967379176,-0.16261730928825097,-0.03498428960942615,0.09589178531329312,0.28046931256067115,-0.14236625265454364,0.03874247147439386,0.013944884771179627,0.15185748100859284,0.2779086325612845,-0.6917822842509086,0.04756892123670446
0.20098158245874898,0.21641851611893828,0.23845338081795187,0.2740865219132362,0.12378079881364615,0.1428418167215441,0.31470174119285155,0.2965323516568807,0.2673713891963666,0.14394048048436706,0.27660192531212413,0.25445241220488757,0.26016753726924746,0.2891330197175412,0.2001373301085412,0.15793573593316934,0.2930071714688538,0.6329018813199652,-0.056617622589143234,0.42253923966233553,0.3688469934516491,0.22797914181096185,2.1302997749638077,0.7268405760554046,0.6044366865873896,0.08104135291542881,0.30969950627070925,0.3997287285696385,0.8853501717531265,0.45696122231778646,-0.0904556506474687,0.20976559282849397,0.6318967140040338,0.24424551748668458,0.5199951644476906,0.0011971969328675152,0.6056817715186475,0.1885388189196225,0.5000654499213546,0.2465911930948919,0.8850045827178603,0.31642635058824764,0.6964601719575577,-0.02576146889614218,0.7442076648619491,0.32593347459932,0.5666663711983606,0.05432326701697127,0.42692080320477854,0.09296049090611896,-0.051083199209414204,-0.5613881267877695,0.4267578858003775,-0.04239139878345568,0.191756527189683,-0.17715725846485353,-0.4742655860833193,0.9041899496437736,-0.5431435030098523,-0.08598686614744691
-0.05271715158231643,0.1500889488195588,0.12883806074611492,0.30794025674464626,0.12461304542585974,0.25926244138531124,0.2504221134527285,0.22159055782803166,0.26942545628196973,0.10263375782667894,0.24462053605390688,0.2125129740490116,0.19996558680611926,0.3380065587550117,0.2185735232402769,0.25290996470216603,0.2749207932369352,0.2274640298926091,0.17347451143643872,0.4310170561435775,0.28937233815283236,0.3146341575947177,0.7268405760554046,1.1563063592589957,0.2983318930593208,0.2131643608788941,0.2995184250359589,0.4868103205414985,0.24691668578510972,0.7341030318242016,0.46785159152983924,0.4115034457899621,0.727084998722398,0.25909098848147105,0.4518752600013763,0.34379762470340813,0.49592592675650143,0.4349030192334851,0.3401911124101321,0.20728206629757137,0.62039400120876,0.2904664026242808,0.36679191276378875,0.06781555853243507,0.3127720470486988,0.5152245357827371,0.4708527649066242,0.0645215798083849,0.38045018936248415,-0.13238955875654823,-0.07202213577656974,0.0815522476797252,0.2889584355424469,-0.12541197094310488,0.044280347519388426,-0.1727135355860973,0.051213325431673784,0.0010657758370311004,-0.05926098517910866,0.1809705639452809
0.38035432990886436,0.2598700193859727,0.47847529867806843,0.2850015237757444,0.1924258753087945,0.24459965301108721,0.2798462721610311,0.3452691462861262,0.23528717000435154,0.21985040608658707,0.3115319884324904,0.36524890197161536,0.19740261935699607,0.3339801292154765,0.32667783117233967,0.3443408622183837,0.30680629359329853,0.32707708072316244,0.133653278891422,0.3947711595982662,0.2931488003221912,0.30818120612952393,0.6044366865873896,0.2983318930593208,0.8983570558747693,0.33815120609456123,0.3027175464738064,0.2757352173998239,0.8320259685170595,0.3290584321112534,0.04821287414007963,0.23710353328215816,0.242022273803618,0.3367762688201599,0.5500828028517702,0.22866378080089453,0.508072444352044,0.32651126424787374,0.3071675843810368,0.16017646186317738,0.34683499757525427,0.294622187269732,0.5604356210208477,0.05790732146588069,0.5992433545133372,0.3863716231250741,0.3848182978879775,0.015322378570395818,0.13581460857337915,-0.15354020877636756,-0.05213603526249506,-0.12705451713367316,0.3170679214171196,-0.068572767847925,0.11903977664955127,0.03776134868853547,-0.02574325340978692,0.5371830914968255,-0.7957573696638236,-0.07716005954311322
0.2744051646027695,0.25972883767094845,0.5504164122202302,0.33908086075622185,0.11313992390241746,0.2521441496307083,0.2804378503065407,0.562520565693784,0.3584103938536002,0.12350477855482044,0.35292534334690057,0.29334805862758234,0.2040801474899645,0.3052868638719587,0.19626556161908257,0.27157581828425,0.09333085928853765,0.36509186778541136,0.17107451081947228,0.27894709804201184,0.3402959715939452,0.3234443860233945,0.08104135291542881,0.2131643608788941,0.33815120609456123,2.3321554815908163,0.19684641211504242,0.4752522767595697,0.30873426288817163,0.16626415133204966,0.33961101053663084,0.3316001553320819,0.2657299221163293,0.360465030368625,0.5605435329446485,0.2990086642718714,0.4213532655361279,0.4286112737948129,-0.47059356437958166,0.032229998873390994,0.14541421443176558,0.36269798569768275,0.4032222156246743,-0.0027578064022623036,0.25850513087306576,0.4682172153641639,0.30553554034010993,0.02940137651961946,0.083055641582511,-0.3423793278173254,-0.01067277169564081,0.33834229477769173,-0.09691097596910746,-0.18284393700610957,-0.03649571871753773,0.041236129536947705,0.17035298204886132,0.3257670558392677,-0.6642914041651538,0.05452506863530165
0.3448666017363685,0.3151919144692784,0.4469657088424435,0.26428143530241954,0.12921578045155716,0.2723774651193331,0.27222206986541014,0.30275906767438526,0.23215384210525308,0.21854667682249457,0.2891684553091169,0.3388402251902387,0.2352844084004714,0.2973505496491158,0.20627717242314395,0.3487265674441463,0.2874631380031814,0.23015587329329232,0.1600562458171847,0.35868645648253783,0.2349097765031606,0.3023148263686861,0.30969950627070925,0.2995184250359589,0.3027175464738064,0.19684641211504242,0.9118217191811726,0.331260629789775,0.3404832772687006,0.09311538857987305,0.19848839258283354,0.3490776025539011,0.2754745177405211,0.20985371704306835,0.47697488304275276,0.3680082989897391,0.12750803471814842,0.35682018792305364,0.28616282135933996,0.25796097977615473,0.28143728671227053,0.2559228241361734,0.5894488271614695,0.002378842551338008,0.616768115562823,0.2503214755072263,0.21711863505365814,0.028894463849826708,0.1721775443821298,-0.20899208223415894,-0.059008660527236044,0.03665533079252633,0.19839663062829918,-0.013106824569770255,0.0787102666858691,-0.01539765287422637,0.04879323489399564,0.5107113135278217,-0.7314356938673054,0.10490610043588897
0.11862191307605698,0.3128163583449417,0.3412823609668758,0.12056861765757501,-0.21166326123628443,0.24521565866434772,0.1331368284341976,0.0917062623662261,0.2649885213011801,0.14266776975679882,0.20444745372285292,0.09979513516023729,0.18550495265332784,0.2507584920120094,0.33433325800329283,0.2932272663145155,0.3418432064760501,0.39642326798649685,0.2150738327487851,0.2616719503283444,0.463613018658999,0.2904506289952896,0.3997287285696385,0.4868103205414985,0.2757352173998239,0.4752522767595697,0.331260629789775,1.6419201370500387,0.1556357801671933,0.24125075486852748,0.43203325981078006,0.46257517415498034,0.6584174745848427,0.04239887310745365,1.245172887095696,0.1052186584292861,0.3283758464876934,0.36570946749441563,0.11602611072883481,0.21781737436078547,0.5539133743626634,0.42910266015888554,0.4285990124307378,0.062366119898387466,0.5975459608931322,0.3494415258241963,0.30813945941209886,0.04335693893959978,-0.08738641786149132,0.09002390729501841,-0.11640887068647021,1.2926431787556947,-1.302411560091672,0.05349736003438111,0.12908456709205116,-0.00844988899349853,0.02103090549220286,-0.036870853195439826,-0.26823094620640225,0.14288227721703237
0.2671676178116872,0.4907814128332895,0.6132955602395246,0.31488610538827594,0.20084803215144914,0.2911481331932921,0.3096011030624171,0.38741629472806166,0.20384016622286089,0.3212131264189769,0.3515522164147441,0.36249813400336584,0.2605918431779071,0.28489084414012494,0.36922889075489007,0.343534669458935,0.36390058600577313,0.416810100610782,0.09799957071815511,0.6084157629343678,0.2637684133086447,0.2479570626859213,0.8853501717531265,0.24691668578510972,0.8320259685170595,0.30873426288817163,0.3404832772687006,0.1556357801671933,3.3749221272096115,0.015816622682076686,-0.329788659481813,0.25995051243564155,-0.1360560016412919,0.8085766285141277,0.45039756596452407,0.7769607664585594,0.5944432548557048,0.07394190473170331,0.4679881394746347,0.25529139706413645,0.355304783344172,0.27949105052874285,0.7656385406100563,-0.09238468119656094,0.9142620993172641,0.38768412648969874,0.31244458943729214,0.010473803713961009,0.25292110882455077,0.007023320389128961,0.015474218684242145,-0.21631180437088748,0.03914953033141537,-0.0014459325235607794,0.037087285687605206,-0.031422483818050344,-0.659220925332553,0.8212850924391848,-0.2766910676073237,-0.21765410011926403
-0.03559420853340657,0.05799232830192425,-0.43796537804695584,0.12374495316221579,0.046423486534658935,0.1279189864219952,0.1617486332080726,0.1782739616007541,0.1021531831159178,-0.04237199663214523,0.12719537878400441,0.09674216516641072,0.14388548822529673,0.17036539137848786,0.12628894791340128,0.13863791290666483,0.11558553381092587,0.09954152580802145,0.0647030901348236,0.44104875034803104,0.11758620465807555,0.19235151160335293,0.45696122231778646,0.7341030318242016,0.3290584321112534,0.16626415133204966,0.09311538857987305,0.24125075486852748,0.015816622682076686,3.3671370360180823,0.46581616417362265,0.08030689645549603,0.574932383339488,0.37239908653073095,0.48525896093842796,0.05908607437451288,0.9477368873012089,0.37481804524770157,0.6003986904913172,0.34218612090661293,0.4501298780248848,0.11969574278387173,1.0002852510841085,0.07679064050146515,0.735260451110043,0.8720354819218296,1.449351708248515,0.07615294084739858,0.762576439011828,-0.39339890339408373,-0.044137071047966235,-0.6068810788253345,0.8973326278276518,-0.09724767691010418,0.2895939721128678,-0.45822518462578227,-0.23143479704724645,1.0329957672731063,-0.7496260075668055,0.27429794370712673
0.1207077904952664,0.12486830464548895,0.28443343681614003,0.2615592426973588,0.07750167055034281,0.23879598706332464,0.21245627629679037,0.21872353090829882,0.25089027354096305,0.14555363870183546,0.21429495990993502,0.18207219244467462,0.14248132513266695,0.215212512209925,0.20163280088108107,0.22724800774427073,0.2443145684705748,0.3072775230632337,0.26340284894920996,0.11958540361248451,0.25012263133076845,0.2850918193229758,-0.0904556506474687,0.46785159152983924,0.04821287414007963,0.33961101053663084,0.19848839258283354,0.43203325981078006,-0.329788659481813,0.46581616417362265,1.3317378116271816,0.2985368723097536,0.40932036672080485,0.30481895202973663,0.3502696097884523,0.4295988423486721,0.4123165333008738,0.6442204894065913,0.23681330901551884,0.08478851539883678,0.2000546695690324,0.25389095971064884,0.19169925168631144,0.2037882075647967,0.23803503319958416,0.5237340910554372,0.34825780775842613,0.05241383362688011,-0.12127215957968375,-0.03274707660081156,-0.0922494711687584,0.5247274241078943,-0.12207897610204642,-0.1402073000686248,-0.042690455324022505,0.08194860557764962,0.4765931072343312,-0.27131184504460165,-0.43988140364791367,0.2096714427145377
0.17148640076003047,0.18609570513539503,0.33633837996772503,0.33868240137499345,0.06794017364364317,0.3194215412391709,0.20416918549435922,0.22823445858836075,0.29766645623709276,0.1708030550535072,0.2442750291539975,0.2553591355702803,0.1709024461284073,0.5489210642478909,0.17723128395566864,0.2976401344903903,0.22746010901472452,0.20481339707247997,0.22413583516666655,0.29607918934496985,0.2505673465393161,0.3239431506686857,0.20976559282849397,0.4115034457899621,0.23710353328215816,0.3316001553320819,0.3490776025539011,0.46257517415498034,0.25995051243564155,0.08030689645549603,0.2985368723097536,1.106402040607633,0.17035499309986932,0.37736174405815975,0.21452052143058595,0.42774455217191637,-0.2831057818078108,0.5161033553944836,0.19233735008118033,0.1789555936942455,0.20357123808527666,0.24725109956011776,0.245748063708226,0.13216505743603696,0.2624040138439003,0.28069783601421594,0.18269475772395738,0.019169669050516192,0.2030717481806168,-0.15799326734891572,-0.03035602072735812,0.5448648611170305,-0.5247609546255991,0.22957657530213033,-0.3431177264290929,0.10780826861192239,0.2596030891515504,0.061275823593918824,-0.3785243300835297,0.42248911267162004
0.1952393384332954,0.17575100448672593,0.20713664821200659,0.2668120805161969,0.2217778019646713,0.17378483459255278,0.2606159111875112,0.12397417695344537,0.29285620187799616,0.026839649615800886,0.20790377637730445,0.23554638306258033,0.20438175821828233,0.26564994655602797,0.19734812477503683,0.24862319377878736,0.3179960063520928,0.2736311185727655,0.23602440742701988,0.22695488038223816,0.3489344166730469,0.34958251002687835,0.6318967140040338,0.727084998722398,0.242022273803618,0.2657299221163293,0.2754745177405211,0.6584174745848427,-0.1360560016412919,0.574932383339488,0.40932036672080485,0.17035499309986932,1.7066712977807739,-0.17404259469280603,0.1316532183979559,0.09682198335777498,0.8513422024130196,0.3421868337549379,0.16104297103619586,0.02158232234911418,0.5234344569725011,0.3323333823376188,0.3159482679607255,-0.02319866581278251,0.2099804471885249,0.5688324975870036,0.41172497866449537,0.08510342579329395,0.18855182094138262,0.027891913334537992,-0.03896068844744774,0.028501684288886137,0.42368973071848776,-0.3951283796983916,0.24194394419167223,-0.19104993978026671,-0.0543616411698336,0.3491460084620851,-0.3994998421957117,-0.02120945131493412
