1.0235615632827855,-4.079522199395248e-5,-4.560092562055269e-5,-2.073859423170037e-5,6.882773320321922e-5,0.0002631068121341906,0.0005308517061153559,7.157591065543713e-5,-0.0003243754911469263,-0.0005009364668022257,-0.0005833259696309548,-0.0005543340707562503,-0.00038407788187823746,-0.00016498844324193415,3.3295654662476816e-5,0.0002064294071674615,0.00034666220447608187,0.000380135165318041,0.000332721283048543,0.00023805219952207068,0.00017971795084632713,0.0001393022288966624,0.00010357075599741026,7.231778092923761e-5,3.972948876801385e-5,2.761156591190647e-5,1.6041723310052052e-5,1.1639132197472163e-5,8.677180923691652e-6,-2.2390785926417334e-7,-4.189141002782054e-6,-8.556614442285445e-6,-1.051456656267309e-5,-9.042973894033851e-6,-7.235231159388264e-6,-3.885307376094594e-6,-8.990756938657082e-7,3.660992236703595e-6,4.446246467354766e-6,1.0253538710195473e-8,-9.837126505701736e-6,-2.627547346303967e-5,-5.113245688894045e-5,-4.214979239300118e-5,-3.3542885226010765e-5,-3.266810847122637e-5,-3.0394860091500155e-5,-2.7708166767522788e-5,-2.4934471993501428e-5,1.030969642089048e-5,1.926351940227529e-5,2.9886556878176274e-5,3.7560282289051204e-5,7.168183515366395e-5,-1.0508221805299977e-5,-3.076651847811324e-5,-1.936133969709643e-5,-9.784288958088295e-6,-7.635388373213638e-6
-4.079522199395248e-5,1.023523027708132,-8.71857066267248e-5,-8.752733859233205e-5,-1.0470601045855828e-5,0.00019472329657199962,0.0006591633654561883,0.0003593417565249798,-0.00011479985510690476,-0.000527472769313013,-0.000844159372292766,-0.0008749351349490322,-0.0006292342988170116,-0.00033700077251036704,-5.445464912230192e-5,0.00022844604291644564,0.0004695659474786143,0.0005337039752132548,0.0004577150476329874,0.00029866534795462343,0.00020062242932569293,0.00014097897379544076,9.600940397182177e-5,5.722483906781384e-5,1.9612697489968757e-5,5.846976484173658e-6,-6.642267469634977e-6,-8.673834771312015e-6,-9.210329344232734e-6,-1.2352670477309555e-5,-9.023100473141075e-6,-8.36726410689073e-6,-5.554575439387086e-6,-2.666351680349112e-6,8.723101733263849e-7,4.580593204997115e-6,8.050155741686194e-6,1.3852186999806025e-5,1.4747613105963362e-5,1.0354740877376063e-5,8.829197233957959e-7,-9.846195680418699e-6,-1.2988099915486476e-5,-5.283414816016644e-6,2.174457531521403e-6,1.8450736352113204e-7,-1.561949534324144e-7,1.7249347146943054e-6,2.7968294764784786e-6,6.545626956383879e-6,2.5533874698178503e-5,4.205050841335718e-5,5.426573567356512e-5,8.443221326630053e-5,-1.0482663325679207e-5,-1.382030214338791e-5,-7.990250548657487e-6,-3.843318927709533e-6,-4.668697791352296e-6
-4.560092562055269e-5,-8.71857066267248e-5,1.0234339302871134,-0.0002705893681200965,-0.0004076920723954728,-0.00039976988481652686,0.0002953620944970971,0.0012944222178371144,0.0010295522345020532,5.146112020964817e-6,-0.000975678868529608,-0.0012145716665188612,-0.0009273412543538877,-0.000672688480915574,-0.0003625828833612432,6.785774377434562e-5,0.0004751420112661014,0.0006042189293668027,0.0005009609210158316,0.0002564055013595512,0.00010674179583890395,3.1891751608077924e-5,-7.01554994856279e-6,-3.906567850049106e-5,-6.257151703391648e-5,-6.959137295513755e-5,-7.42705868420453e-5,-6.668294087646983e-5,-5.8461357553393294e-5,-4.14808537753597e-5,-1.8032314254436875e-5,-2.610077206865797e-6,1.2540307010311847e-5,1.7611989813450605e-5,2.4060939186191068e-5,2.646932464607434e-5,2.9304641665958038e-5,3.547165957816047e-5,3.698912233314123e-5,3.6755381085552115e-5,3.6503802828108666e-5,5.2379392759917594e-5,0.00011905369706380909,0.00011468520397317857,0.00011175276619718821,0.0001013501531213514,9.268445814966554e-5,8.979770334612264e-5,8.441029146687701e-5,-5.505603879677896e-6,3.94743422054473e-5,6.372766093331209e-5,8.050898590668162e-5,2.979001242727255e-5,-1.0109411165496494e-5,-3.8552960432247986e-5,-3.098537891551944e-5,-1.5744530405140504e-5,-9.348799883133007e-6
-2.073859423170037e-5,-8.752733859233205e-5,-0.0002705893681200965,1.022815409933576,-0.0016999201644998499,-0.002708175398336646,-0.0019093374251317823,0.0034635522029826562,0.004637822410804924,0.002301327911613158,-0.00040747280864399376,-0.0013290100266271417,-0.00124955936731221,-0.0013930616561492982,-0.0011906446712060268,-0.0004795944029933875,0.0003345302124711028,0.000665029288684619,0.0005950107082737839,0.00024790057710052054,5.1770947200840075e-5,-3.0745036531342775e-5,-6.646179486420142e-5,-0.00010155343394087794,-0.00012921920639479286,-0.00013076675362770315,-0.000130352567119873,-0.00011326724694252475,-9.549506242194571e-5,-6.71862954867715e-5,-2.8439135386472168e-5,-6.492751945303898e-6,1.641537467701131e-5,2.3827798794525944e-5,3.420986279760242e-5,3.829825207559273e-5,4.3173308603250364e-5,5.397826651760265e-5,5.735753662414619e-5,5.676364286671788e-5,5.7822660861702774e-5,8.791010392980641e-5,0.00020918750589752502,0.0001975290551262724,0.00018893063902756716,0.0001664734985479822,0.00014922065691375152,0.00014167361358401106,0.00013157609293273052,1.9704190775589187e-5,0.0001524982047577362,0.00022359479604770914,0.00031643561081128746,7.045953936537074e-5,-4.994830096783606e-6,-2.304716016368917e-5,-2.8938601951767965e-5,-2.1458626244087976e-5,-8.577457753857186e-6
6.882773320321922e-5,-1.0470601045855828e-5,-0.0004076920723954728,-0.0016999201644998499,1.019183523924908,-0.008042154901037804,-0.008377178002179431,0.006362678297275757,0.011993598858299695,0.008423328347362698,0.0029127320794824388,0.0002840101795634093,-0.0008998899082799307,-0.0024199799670236812,-0.0028320599060356094,-0.0019233251042985603,-0.00046477858195647764,0.0002655826513913144,0.0004036245052013952,2.588023212528103e-5,-0.00013579745776503535,-0.00015632101037561262,-0.00014881461462457768,-0.0001683313130492364,-0.0002018393775926153,-0.0001895293234608282,-0.00017719419772091254,-0.00014924156200678068,-0.00011715961516663518,-9.026396408607731e-5,-4.6524369743562465e-5,-3.0030309566942412e-5,-8.676928963780565e-6,4.1511743324922513e-7,1.5762786925291706e-5,2.577954449763279e-5,3.652160096452283e-5,5.874543756262221e-5,6.920726017231284e-5,6.874081336324206e-5,7.391156756352694e-5,0.00011864354317123459,0.0003002897860121918,0.0002580631030922271,0.00022997514477665016,0.00018013813580568908,0.00014751555626437923,0.0001309945696850869,0.00011658940778215545,0.00010502041675217095,0.00041780758340745876,0.0005884363360940694,0.0008589911917645458,0.00016807425304105872,3.006473779814694e-5,-3.078266114001592e-6,-6.585438749725547e-5,-5.251617025728456e-5,-3.818402502109247e-6
0.0002631068121341906,0.00019472329657199962,-0.00039976988481652686,-0.002708175398336646,-0.008042154901037804,1.0067478773575873,-0.02301203931651676,0.0037499183642869657,0.02074213007181885,0.02124600996726156,0.01429771237187555,0.007853647379105056,0.0021729434494493606,-0.002637482438063797,-0.004631118365064524,-0.004433630656309353,-0.0024916124657755577,-0.0012956281494909043,-0.0006801302185730749,-0.0008361455767603141,-0.000716284415793937,-0.0005002174148624954,-0.00034211001465141465,-0.0002928970346783169,-0.00031505384822270066,-0.0002652957570708292,-0.00023139922806387738,-0.00018529921927459814,-0.00012699861190166965,-0.0001301411961508054,-9.664741206699757e-5,-0.00011146325706878291,-0.00010930277171450947,-9.538547735953113e-5,-6.621093235796676e-5,-3.185196048619859e-5,4.6527811417166685e-6,6.30515493705449e-5,0.00010054596534661641,0.00010125582903527974,0.00010287253694421042,0.00012982226938528448,0.00027579046751874376,0.00018952479898872503,0.000131764028735712,3.677228973456426e-5,-1.6014196158810318e-5,-5.5559466247917866e-5,-7.487903016235242e-5,0.0002940158280004567,0.0008571788281229298,0.0011835976927059852,0.0017623173944115516,0.00037234129185226283,0.00016510089043307157,0.0002566530317216887,-3.848885136749238e-5,-5.9741310229501935e-5,2.18213195162394e-5
0.0005308517061153559,0.0006591633654561883,0.0002953620944970971,-0.0019093374251317823,-0.008377178002179431,-0.02301203931651676,0.9772252062203064,-0.02072529433943322,0.014568191657699094,0.036999901520669266,0.03938394139247954,0.03142972276121982,0.01431049908209416,0.0029893689819352077,-0.0039996383564111625,-0.0068148865008757185,-0.006494098678906851,-0.004851133939821031,-0.0038474057060931058,-0.0028168358734943877,-0.0017426208059901696,-0.0008580413209675088,-0.00033577493683204955,-0.00011539093813774387,-0.0001383703465740746,-6.642123119549475e-5,-3.892151997411142e-5,-1.3596005624205505e-5,2.9408179852882174e-5,-0.0001160751384648622,-0.00021372218752605565,-0.0002789331159263227,-0.0003463756005027672,-0.0003218141518877877,-0.00028980983444289903,-0.00021315025020499697,-0.00014801325384240156,-3.3064664869818645e-5,2.5308014872229603e-5,-7.769924916003253e-6,-8.101706913116385e-5,-0.0002182524554021216,-0.0004698463618650941,-0.0004918457666219931,-0.000545243712639364,-0.0006685600258960461,-0.0007227911807350485,-0.0007859598538088761,-0.00079112839445841,0.0005706980736495936,0.0011606891046427807,0.0015660786761219033,0.002385945926330318,0.0006846203291963021,0.0004549739743004642,0.0005348473719160203,-0.0002618159303348413,-0.00025668441691039257,1.8124364308509197e-5
7.157591065543713e-5,0.0003593417565249798,0.0012944222178371144,0.0034635522029826562,0.006362678297275757,0.0037499183642869657,-0.02072529433943322,0.9608653101103272,-0.04778888581147826,-0.0051962993429054,0.0336952545878854,0.05085256403704188,0.0407898767074638,0.018039513465383697,0.006110880452590336,-0.0022921989955790624,-0.0031228965128638217,-0.004046805098199709,-0.0022931627098076507,-0.0012221849428856045,-4.166572064853468e-5,0.0007316698327926015,0.001071355030926025,0.0011827168831425809,0.0010115301478328992,0.0009866088488252617,0.0009553419368409814,0.0008787594672102351,0.0008492494941545894,0.0005052299046171625,0.00020735049231910128,-0.0001965422882117194,-0.00046329887330938386,-0.0005150374649841753,-0.0005504786268213449,-0.0005063959515798315,-0.0004740513938935595,-0.0004384325009866774,-0.0004348938734740384,-0.0005756634494107805,-0.0007768925371444755,-0.001186658752530917,-0.002020003738846782,-0.0017679382099084942,-0.0016375952280900052,-0.0016475749049881328,-0.001607853994217331,-0.0016462901678501644,-0.0016022051155354792,0.00034842763680238177,-0.00020783524315227657,-0.0003408011542857742,-0.00043181256527726034,0.0015195876108330107,0.0005585029037823916,0.0009016893558084669,0.00014286030025484074,6.550642955571086e-5,0.00014718916086660085
-0.0003243754911469263,-0.00011479985510690476,0.0010295522345020532,0.004637822410804924,0.011993598858299695,0.02074213007181885,0.014568191657699094,-0.04778888581147826,0.936060204916883,-0.06208481804641879,0.005745351587662389,0.0537596032852216,0.06240653048074286,0.030129440852296005,0.0021138041812986063,5.684522247868071e-6,-0.00152007288327224,0.0004705674956653659,-0.0004495599314402133,0.0010255965970936089,0.0017006698266347697,0.001968465537332403,0.0019528436717318337,0.0018756093422197082,0.0016266510437017603,0.0015262125391936991,0.0014597881079221533,0.0013504312641118234,0.0012122224545926138,0.0008955136087585411,0.0005074038840251465,0.00015426281655451957,-0.0001370894161493236,-0.000260942616800966,-0.0004154920576780052,-0.0004670964519468277,-0.0005631967715706483,-0.0006410373044222235,-0.0007765849819411167,-0.0010080916421536848,-0.0013424181358283535,-0.0018275356101947388,-0.002766051628072164,-0.0019622792117935006,-0.001591832655270121,-0.0014953311244291683,-0.0014132486397172425,-0.0014297598051428958,-0.0013827786230070642,-1.5933777981163444e-5,-0.0011331459754559026,-0.001606889833286157,-0.0023066656339317633,0.0022610113334290286,0.0002560976575322385,2.696400026034906e-5,-0.00031345460913855113,-0.00018148586859213138,1.112456240569642e-5
-0.0005009364668022257,-0.000527472769313013,5.146112020964817e-6,0.002301327911613158,0.008423328347362698,0.02124600996726156,0.036999901520669266,-0.0051962993429054,-0.06208481804641879,0.9287232834475686,-0.05188194011015478,0.030372986107167543,0.08280909687241272,0.02556849422639318,-0.0020997360005276773,-0.007012063505611886,0.004328099185977817,0.001785470949950092,0.005306675588920746,0.004211629952845805,0.0037557095048672638,0.003194271015671889,0.002633499667142798,0.0022335267451624777,0.00178610592660967,0.0015131152602370693,0.0013359302667422168,0.0011637772499090437,0.0010506519778440062,0.0007399617178870289,0.00046695793310435983,9.75416611289343e-6,-0.0002224120248478143,-0.000293814750913943,-0.00033078249582891406,-0.00034403773151618584,-0.0003512806502985634,-0.0004721016285217218,-0.0005596538410605551,-0.0007416987574717507,-0.0009467469311938516,-0.0012939261487874762,-0.0019361463234250957,-0.0014384041429611417,-0.001201052248861803,-0.0011322212416596694,-0.001072468515727676,-0.0010776609959246815,-0.001037371122233482,8.768750077547704e-6,-0.000666141807580637,-0.0009219381116538485,-0.0012890806782803886,0.0031324640929198204,-0.0002481815287055091,-0.0006004305224411584,-0.00038266897630696373,-0.0002666399448148218,-0.00027827132117626415
-0.0005833259696309548,-0.000844159372292766,-0.000975678868529608,-0.00040747280864399376,0.0029127320794824388,0.01429771237187555,0.03938394139247954,0.0336952545878854,0.005745351587662389,-0.05188194011015478,0.9205083891448317,-0.026151581582660486,0.016399279585537288,0.026074039785909855,-0.0021288274639301714,0.010151846497717741,0.004363604398186493,0.01155704465619744,0.005974471394565527,0.006659377563496613,0.0053756240789956675,0.003910539838855522,0.002904806450592261,0.002351184395101716,0.0019009019115336103,0.0016887340866296708,0.0015628752053162126,0.001425944229896635,0.001241692668712368,0.0010641034040087315,0.000704511954218753,0.0005155131417539112,0.00026237813092473233,5.797959202476308e-5,-0.0001909613874936206,-0.00033018062518733985,-0.0005258687753305137,-0.0006655305954507343,-0.0008774854473983583,-0.001072586855259002,-0.001351794685282253,-0.001631029472723447,-0.002092971380046417,-0.0011212772945436383,-0.0007186569704805211,-0.0006231329183774118,-0.000576066800478121,-0.00059046135000689,-0.000574622352547569,0.00017958722824470725,0.00021727124791413044,0.0003643603930893447,0.00045911717947138213,0.0023282312982862547,-0.0006724171534382284,-0.0008648752729804149,-0.00030561159516243454,-0.00037450236777454343,-0.0005490289953951042
-0.0005543340707562503,-0.0008749351349490322,-0.0012145716665188612,-0.0013290100266271417,0.0002840101795634093,0.007853647379105056,0.03142972276121982,0.05085256403704188,0.0537596032852216,0.030372986107167543,-0.026151581582660486,0.8784444571049843,-0.11466302665152607,-0.02129100774258723,0.04714943025966501,0.028586730974796106,0.024424834939479553,0.006620810278795791,0.011621661862786415,0.007264471150419788,0.005292786355455016,0.00347361917099532,0.002438716790029382,0.0019184377005714663,0.0014584879383852624,0.001231152785976909,0.0010904402388845701,0.0009515132429642547,0.0008545191446882561,0.0006384864690414195,0.0005131884526250342,1.3549855812668711e-5,-0.00011581702722131719,-0.00014809187484507555,-0.00010546915195189164,-0.00014235224819809667,-0.0001406870925812935,-0.00038510183544074853,-0.000512019743252022,-0.0007069663272941056,-0.0008191483909751117,-0.0009416981634419548,-0.0009028921016181458,-0.0004931805852006527,-0.0003109293233914699,-0.0002917691947316833,-0.00028752477221911265,-0.00028671740917214525,-0.0002732950351005157,0.00019685047737618837,0.00044782302117136845,0.0007593007595503924,0.0007013483367113966,7.794716143867656e-5,-0.0006873321746007447,-0.0013347612065544067,-0.0005735015935029962,-0.0003810132165742108,-0.0005052750335313248
-0.00038407788187823746,-0.0006292342988170116,-0.0009273412543538877,-0.00124955936731221,-0.0008998899082799307,0.0021729434494493606,0.01431049908209416,0.0407898767074638,0.06240653048074286,0.08280909687241272,0.016399279585537288,-0.11466302665152607,0.824179521079996,-0.057372265552252714,0.039913615982860494,0.06641650684779195,0.017416266080623955,0.015155460931901838,0.003222338599914493,0.004790003563527827,0.0035005584117637407,0.0021528013167464504,0.0015805041572120194,0.0014124643392028101,0.0011662635199764005,0.0010509666610735314,0.0009954398251536209,0.0008797897443039385,0.0007539213155696553,0.000708181984316978,0.00043381539244593533,0.0004888627556676388,0.0003140922212708994,0.00012775019962579483,-0.00011708198709877553,-0.000250284146955106,-0.00045330694060297154,-0.0005456601415697184,-0.0007290359080701624,-0.0007959362320406752,-0.0008685272508682091,-0.0008131079644652466,-0.0004953969427315113,-4.820737042565879e-5,6.484726573086465e-5,2.5695344151894388e-5,-2.108667013084303e-5,-6.368821434231148e-6,3.281437878717502e-6,9.19110256826907e-5,0.0002821208490444523,0.0005926208407989595,0.0001992578155347622,-0.002170548446715852,-0.0004178133267918909,-0.0007681923022040782,-0.00021641716614108716,-7.741350756680777e-5,-0.0002321731100770529
-0.00016498844324193415,-0.00033700077251036704,-0.000672688480915574,-0.0013930616561492982,-0.0024199799670236812,-0.002637482438063797,0.0029893689819352077,0.018039513465383697,0.030129440852296005,0.02556849422639318,0.026074039785909855,-0.02129100774258723,-0.057372265552252714,0.9447281038006394,0.0076349694262965485,0.0067811822581423774,0.019812857500665054,0.0028168232840062872,0.010199799996204954,0.004224443665390432,0.0020032491177819217,0.0009032425908077137,0.000702203986741464,0.0007975939060293402,0.0006577185865300144,0.000516778523217971,0.00046420506314324517,0.00034748775377786104,0.0002880505341869954,0.00022081220101385823,0.0002451674654199029,-9.794896937298914e-5,-9.697592473746614e-5,-7.034974658609755e-5,4.7923572875766114e-5,1.689634453210773e-5,3.2851182134315084e-5,-0.0002425123259746757,-0.0003554380608977004,-0.0004628273944002219,-0.00035481619259258987,-9.994144671275106e-5,0.0009082893447671585,0.0007775028045793985,0.0006617913720708509,0.0005322724703713749,0.00042815770452760734,0.00046209818692650496,0.0004656473703190015,-0.0001045530415119209,0.0003062607773231316,0.0004940982073498657,0.0005514022597230341,-0.0020970905375605363,-0.00018989287622352068,-0.00023184988532224838,0.00017354714623464315,0.00021752066759001757,7.963447498291672e-6
3.3295654662476816e-5,-5.445464912230192e-5,-0.0003625828833612432,-0.0011906446712060268,-0.0028320599060356094,-0.004631118365064524,-0.0039996383564111625,0.006110880452590336,0.0021138041812986063,-0.0020997360005276773,-0.0021288274639301714,0.04714943025966501,0.039913615982860494,0.0076349694262965485,0.9558095763974475,-0.03783215398068645,-0.013246591759499935,0.013359075403532672,0.005098669741374314,0.0031313329658447875,0.0006538154664469563,-0.00024943033015513395,-0.00013001011485212673,0.00024637353308694284,0.00029104039721357324,0.0001583358649166787,0.00011532453523244903,2.6654603299892537e-6,-6.531994965824896e-5,7.26700387038508e-5,2.7359083301282403e-5,0.0003164436819638338,0.00032059888253082973,0.00023942544211168678,0.0001065963763005845,2.3988759245475848e-5,-0.00011611671954744825,-0.00018368800253470505,-0.0003044024945157511,-0.00023391573115540416,-6.893425501567648e-5,0.00035173110022568906,0.0014751078003544553,0.0012722679485124037,0.0010583041354619003,0.0009109557179893327,0.0007811827545836104,0.0008328684688667038,0.0008286442258790724,-0.00033234131848063384,0.00025418180476163843,0.0001633378715620286,0.00086873984820137,-0.0008799332261005643,-4.724943817439068e-5,6.685149313830969e-5,0.00038587816547633086,0.00037588636686973145,0.00017425139442078742
0.0002064294071674615,0.00022844604291644564,6.785774377434562e-5,-0.0004795944029933875,-0.0019233251042985603,-0.004433630656309353,-0.0068148865008757185,-0.0022921989955790624,5.684522247868071e-6,-0.007012063505611886,0.010151846497717741,0.028586730974796106,0.06641650684779195,0.0067811822581423774,-0.03783215398068645,0.9684673462331347,-0.00855029896977935,-0.0032347367460399735,0.004859367500048628,-0.0001538280294524618,-0.0018418682420961682,-0.002084841926877652,-0.0013887659684222876,-0.0006911010497728078,-0.00041815369188065286,-0.0004934022989537597,-0.0005027831398016991,-0.0005558828712688845,-0.0005746885002631212,-0.0004231077903879573,-0.00019247550728297157,-0.00016079756897092066,2.0786409888065865e-5,0.00012113884410994391,0.00029005220088834026,0.00029675776462029517,0.00034607841271321277,0.00018742380054144857,0.00016869251509514602,0.00024178605459968832,0.0005752818789981727,0.0011827319863950928,0.002797521015529275,0.002099985524779887,0.0016750583569928937,0.0014513284605044909,0.0012671053710637335,0.0012843305971860586,0.001240818880245034,-0.0004817004041194237,-0.00023785830251723506,-0.0005026169238424803,-0.00020153928202126082,-0.0013560815726410868,4.186799092777066e-5,0.00016041747510489392,0.0005089661616318264,0.0004586331054508022,0.0003017749942241341
0.00034666220447608187,0.0004695659474786143,0.0004751420112661014,0.0003345302124711028,-0.00046477858195647764,-0.0024916124657755577,-0.006494098678906851,-0.0031228965128638217,-0.00152007288327224,0.004328099185977817,0.004363604398186493,0.024424834939479553,0.017416266080623955,0.019812857500665054,-0.013246591759499935,-0.00855029896977935,1.0044161119973727,-0.008011119156487678,-0.01018491647132952,-0.006167737124446784,-0.005020864923429261,-0.003914781189058715,-0.0026145122197716295,-0.0017133238934034997,-0.0011785359334194594,-0.0011264860258743037,-0.001043578771619795,-0.0009854205955347017,-0.0009495720942546635,-0.0005947456733739093,-0.00034470529195797993,0.00015976152699697673,0.00037115615303807997,0.00038353776954587986,0.0003712758196410645,0.00034236240396826327,0.0002925808995357701,0.0003406488276449795,0.0003704541325013266,0.0006000098942309691,0.0009778409206071322,0.0016944418889703423,0.003264718909480813,0.002606883993930637,0.002154041681310566,0.0019264592108036334,0.0017239211432195452,0.0016864387170121818,0.0015931995992796955,-0.0005336936631625773,-0.0008015915650939183,-0.0011284345629392826,-0.0015935503000632863,-0.001910439419776329,8.624544649159978e-5,0.0003101290931748078,0.0004907608187692387,0.00042715403468845866,0.00033188667639340227
0.000380135165318041,0.0005337039752132548,0.0006042189293668027,0.000665029288684619,0.0002655826513913144,-0.0012956281494909043,-0.004851133939821031,-0.004046805098199709,0.0004705674956653659,0.001785470949950092,0.01155704465619744,0.006620810278795791,0.015155460931901838,0.0028168232840062872,0.013359075403532672,-0.0032347367460399735,-0.008011119156487678,1.0052842425174795,-0.010865897126174617,-0.008425656481682762,-0.006349465301185957,-0.004663429899337908,-0.0034748813008973374,-0.0028061417477986267,-0.002129945542291319,-0.0018960699511900282,-0.0017037763667826973,-0.001516235048622299,-0.0014125113847270302,-0.0009969270703338894,-0.0005361110827085089,-0.0001555344009700712,0.00022883426780005044,0.0003510670471389998,0.0005364958878136348,0.0005371993275568021,0.0005958284058080588,0.0006156940334135186,0.0007386213481641873,0.000990037057164873,0.0014491126405109702,0.0022144941154416033,0.003813742526658684,0.0030006628189935304,0.0024894139760713143,0.0022437770062444483,0.002025738346152085,0.0019381100598846327,0.00180707640271353,-0.0005770577788362527,-0.0010172196263543822,-0.0013811388113295422,-0.002116542428409993,-0.002255198089977254,9.985287912205134e-5,0.0003824079610988254,0.00042568066370716275,0.00035455937567029414,0.00031862728521097776
0.000332721283048543,0.0004577150476329874,0.0005009609210158316,0.0005950107082737839,0.0004036245052013952,-0.0006801302185730749,-0.0038474057060931058,-0.0022931627098076507,-0.0004495599314402133,0.005306675588920746,0.005974471394565527,0.011621661862786415,0.003222338599914493,0.010199799996204954,0.005098669741374314,0.004859367500048628,-0.01018491647132952,-0.010865897126174617,1.0102231503488595,-0.009195405422875953,-0.0069157611786942975,-0.005316822335991648,-0.004562488995191974,-0.004196108860103459,-0.0032918762848715127,-0.0027592371122089733,-0.00239778801048249,-0.002023371671157022,-0.0017768068894890726,-0.001124139630649408,-0.0005655946087348127,0.00014707553859199103,0.0005969109192008187,0.000645177694110842,0.0006994233994742479,0.0006361090118592957,0.0006049491897097748,0.0007450128291045237,0.0008809083418718036,0.0012010421387201825,0.00158730888807996,0.0023005535286137447,0.0035498441454803503,0.0031470635477224367,0.002830689671704723,0.0026751667635631195,0.0024986970068202785,0.0023462980486616248,0.002163546605742667,-0.0006371113402008735,-0.0010438197095288988,-0.0014273535097635483,-0.0021615484132304777,-0.0026311596195172904,0.00011162675566361975,0.0003650021343253524,0.00020481987314490286,0.00013636582080811942,0.0002120661073136568
0.00023805219952207068,0.00029866534795462343,0.0002564055013595512,0.00024790057710052054,2.588023212528103e-5,-0.0008361455767603141,-0.0028168358734943877,-0.0012221849428856045,0.0010255965970936089,0.004211629952845805,0.006659377563496613,0.007264471150419788,0.004790003563527827,0.004224443665390432,0.0031313329658447875,-0.0001538280294524618,-0.006167737124446784,-0.008425656481682762,-0.009195405422875953,1.0156092221958284,-0.007053629142983136,-0.006180552769768868,-0.0054187372190019805,-0.004862152075790283,-0.0037381947728487774,-0.0030612483161620795,-0.002620500418280426,-0.002144450621159252,-0.001855616431259238,-0.0011001598345382975,-0.0004204342394142009,0.00015877528331751203,0.0006399724487512889,0.0006401784316731024,0.0007257597339505975,0.0006177098730037632,0.0005911282731318307,0.0007110347349151233,0.0008723841002102079,0.0011871362468358914,0.0016187505765650426,0.0024783034256712737,0.004115308385920956,0.00403124091038581,0.003743465749274329,0.0034493349763452794,0.003145156321720352,0.0028288902937814876,0.0025333212743901402,-0.0006644825909386775,-0.0009516621338834822,-0.001295462019279268,-0.0019377678919384115,-0.002579673350970378,7.811312384160637e-5,0.00019108286414618535,-4.678116171884857e-5,-8.014436352387758e-5,8.070409463588929e-5
0.00017971795084632713,0.00020062242932569293,0.00010674179583890395,5.1770947200840075e-5,-0.00013579745776503535,-0.000716284415793937,-0.0017426208059901696,-4.166572064853468e-5,0.0017006698266347697,0.0037557095048672638,0.0053756240789956675,0.005292786355455016,0.0035005584117637407,0.0020032491177819217,0.0006538154664469563,-0.0018418682420961682,-0.005020864923429261,-0.006349465301185957,-0.0069157611786942975,-0.007053629142983136,1.0160202335512813,-0.007511738594542618,-0.006422852254328076,-0.005385985454516634,-0.003984093107590785,-0.003248561720246124,-0.002800507082564966,-0.0022702867341163153,-0.0019535591583677856,-0.0010863187199250666,-0.00031249608034153393,0.0002219746020022556,0.0007132621300547483,0.0006661043160992469,0.0007587759309252103,0.0006265951663639428,0.0006048991799999339,0.0007485751997652792,0.000958638736408085,0.00130913695215989,0.0018124724493328455,0.0028310114116729995,0.004813084438710312,0.004951580427699869,0.004650936801434805,0.004219645491168401,0.003791507204351757,0.003313842524487533,0.0029056926692827023,-0.0006925432427263733,-0.0009058405051305127,-0.0012248105206813075,-0.0018304598156742484,-0.0025692942863794026,4.190622915086884e-5,-2.961769920875697e-5,-0.0002547459218693411,-0.00025427353324948044,-3.1013398515971114e-5
0.0001393022288966624,0.00014097897379544076,3.1891751608077924e-5,-3.0745036531342775e-5,-0.00015632101037561262,-0.0005002174148624954,-0.0008580413209675088,0.0007316698327926015,0.001968465537332403,0.003194271015671889,0.003910539838855522,0.00347361917099532,0.0021528013167464504,0.0009032425908077137,-0.00024943033015513395,-0.002084841926877652,-0.003914781189058715,-0.004663429899337908,-0.005316822335991648,-0.006180552769768868,-0.007511738594542618,1.015572200538864,-0.0068502295942299545,-0.005621396883255896,-0.0041163323270548315,-0.003357714070951433,-0.0029235111420469902,-0.0023627729070692417,-0.002027488993192046,-0.0010950462809465175,-0.0002555215326583116,0.0002428535518093053,0.0007495717119872953,0.0006928701548191865,0.0007998762885358106,0.0006684677810620858,0.0006479588870788176,0.000809615766946037,0.0010498993525163156,0.00138893348314695,0.0018598881305255295,0.0028425629586403297,0.004768042984688725,0.0051994742393434365,0.0049898742799039065,0.004513983461260077,0.004042295355444641,0.0034709699411965486,0.0030029881313765215,-0.0006510373950140674,-0.0008123057847466001,-0.00109437242161406,-0.0016371902671812565,-0.002386621858717901,4.656417115531428e-6,-0.00020720654452950813,-0.0003803089112055228,-0.0003576104008255198,-9.596857026315485e-5
0.00010357075599741026,9.600940397182177e-5,-7.01554994856279e-6,-6.646179486420142e-5,-0.00014881461462457768,-0.00034211001465141465,-0.00033577493683204955,0.001071355030926025,0.0019528436717318337,0.002633499667142798,0.002904806450592261,0.002438716790029382,0.0015805041572120194,0.000702203986741464,-0.00013001011485212673,-0.0013887659684222876,-0.0026145122197716295,-0.0034748813008973374,-0.004562488995191974,-0.0054187372190019805,-0.006422852254328076,-0.0068502295942299545,1.0174357719728373,-0.005400046427075462,-0.004159398953244019,-0.003481512440178522,-0.003055208478369052,-0.002522986519170322,-0.002169285906227146,-0.0012719994536841252,-0.00041564924629229155,0.00012122268589764094,0.0006538644706540936,0.0006790409407358199,0.0008171265519552869,0.0007379404732653875,0.0007234572174079847,0.0009012264538143125,0.0011764510922276914,0.001504903888425272,0.001928788750049928,0.0027319410941268256,0.004263870553934073,0.004529932762386146,0.004330669077070606,0.00393534728316474,0.003550432725721425,0.003055270784758528,0.0026485141289993137,-0.0005521714517371827,-0.0006702583772628905,-0.000900677016576851,-0.0013502262315403905,-0.002003571324366778,-2.1782190141203525e-5,-0.0002066034202218633,-0.00033012160742960125,-0.0003132831303637595,-6.726239257485467e-5
7.231778092923761e-5,5.722483906781384e-5,-3.906567850049106e-5,-0.00010155343394087794,-0.0001683313130492364,-0.0002928970346783169,-0.00011539093813774387,0.0011827168831425809,0.0018756093422197082,0.0022335267451624777,0.002351184395101716,0.0019184377005714663,0.0014124643392028101,0.0007975939060293402,0.00024637353308694284,-0.0006911010497728078,-0.0017133238934034997,-0.0028061417477986267,-0.004196108860103459,-0.004862152075790283,-0.005385985454516634,-0.005621396883255896,-0.005400046427075462,1.0183962678463951,-0.004323948977002808,-0.0038153104930825615,-0.003472463391255542,-0.003006947774080668,-0.0026531788235524796,-0.0017926683354212933,-0.0008702706382059216,-0.00021736714742481058,0.0004092058312002052,0.0005766385967863847,0.0008280746970233837,0.0008898881374439046,0.0009548423499559587,0.0012248283494630651,0.001600483422020195,0.001962240681599534,0.0023691428478840953,0.0029749402952850544,0.004044920370007287,0.004007495080488908,0.003741722836438592,0.003380623586345881,0.0030577201440327426,0.0026368856968545023,0.00229037611924867,-0.0004538413293011159,-0.0005421696775197583,-0.0007268643966334319,-0.001093544863624345,-0.0016308171509935325,-7.328845439672719e-5,-0.00022001967253663961,-0.0002719915970117594,-0.000254375447970738,-1.5938255916405118e-5
3.972948876801385e-5,1.9612697489968757e-5,-6.257151703391648e-5,-0.00012921920639479286,-0.0002018393775926153,-0.00031505384822270066,-0.0001383703465740746,0.0010115301478328992,0.0016266510437017603,0.00178610592660967,0.0019009019115336103,0.0014584879383852624,0.0011662635199764005,0.0006577185865300144,0.00029104039721357324,-0.00041815369188065286,-0.0011785359334194594,-0.002129945542291319,-0.0032918762848715127,-0.0037381947728487774,-0.003984093107590785,-0.0041163323270548315,-0.004159398953244019,-0.004323948977002808,1.019672870905127,-0.003747446675232396,-0.0036316251779140944,-0.003360045592444893,-0.003082456103780501,-0.002352518337496322,-0.0014365952860208957,-0.0006956710490199742,-4.172837242744647e-7,0.00034454034044845643,0.0007588909227170848,0.0010291002881225202,0.0012267230640382151,0.0016030368528658094,0.002081669488036728,0.0024745425691592294,0.0028689391928228805,0.0032452108425305172,0.003801210485419444,0.003344855271499334,0.002952769997568432,0.0026007876069938035,0.00232949449641209,0.002007882198846265,0.0017429173456027962,-0.0003276662911506416,-0.00038656512672937413,-0.0005170215455548475,-0.0007821958320520026,-0.0011747236865791602,-0.00014389254396868939,-0.00027588394075470985,-0.00021260861686812324,-0.00018184615838408048,2.5167182763989267e-5
2.761156591190647e-5,5.846976484173658e-6,-6.959137295513755e-5,-0.00013076675362770315,-0.0001895293234608282,-0.0002652957570708292,-6.642123119549475e-5,0.0009866088488252617,0.0015262125391936991,0.0015131152602370693,0.0016887340866296708,0.001231152785976909,0.0010509666610735314,0.000516778523217971,0.0001583358649166787,-0.0004934022989537597,-0.0011264860258743037,-0.0018960699511900282,-0.0027592371122089733,-0.0030612483161620795,-0.003248561720246124,-0.003357714070951433,-0.003481512440178522,-0.0038153104930825615,-0.003747446675232396,1.0196291636067927,-0.004108425615836932,-0.004085889760573935,-0.003901476642580442,-0.0032428384747639565,-0.0022563805192659385,-0.001319996417114087,-0.00047883711363940623,0.00011444406644592246,0.0007661312095884404,0.0013067435427060621,0.001672182862062829,0.002172475536013328,0.002802058278431907,0.0033032268454823294,0.003816887688946238,0.0041121390028613855,0.004383832424045449,0.0031911607360279276,0.0025014799318376544,0.0021150723852924945,0.0018636518106948982,0.0016228702648955682,0.0014169658577010886,-0.0002873846296305662,-0.0003398005040961513,-0.0004541017044315619,-0.0006903969841364248,-0.0010442653817245133,-0.00022382734945472374,-0.0003593255805251132,-0.0001747662811264696,-0.0001296968196386858,4.290301888007982e-5
1.6041723310052052e-5,-6.642267469634977e-6,-7.42705868420453e-5,-0.000130352567119873,-0.00017719419772091254,-0.00023139922806387738,-3.892151997411142e-5,0.0009553419368409814,0.0014597881079221533,0.0013359302667422168,0.0015628752053162126,0.0010904402388845701,0.0009954398251536209,0.00046420506314324517,0.00011532453523244903,-0.0005027831398016991,-0.001043578771619795,-0.0017037763667826973,-0.00239778801048249,-0.002620500418280426,-0.002800507082564966,-0.0029235111420469902,-0.003055208478369052,-0.003472463391255542,-0.0036316251779140944,-0.004108425615836932,1.019072241996885,-0.004704166710263124,-0.004659313689248339,-0.0041025109444597875,-0.0030685198912589196,-0.001989019769285659,-0.0010054431523478556,-0.0002295142257098477,0.0007082885106829899,0.0015431412866509456,0.0021307158632049355,0.0028001496296712796,0.00353573720177256,0.004088123313421894,0.004591647496212306,0.004720662566652483,0.004566336971377015,0.0031645325530335303,0.002373220605595861,0.0019468323012434418,0.0016803000075325978,0.0014366009929366178,0.0012340533719667264,-0.00023992790737255033,-0.00028420817503246653,-0.0003787546102117103,-0.0005767766766488712,-0.0008910810166636921,-0.00028880503151868165,-0.00044589444158431345,-0.00017714043388217864,-0.00011750274203037326,5.019165370177633e-5
1.1639132197472163e-5,-8.673834771312015e-6,-6.668294087646983e-5,-0.00011326724694252475,-0.00014924156200678068,-0.00018529921927459814,-1.3596005624205505e-5,0.0008787594672102351,0.0013504312641118234,0.0011637772499090437,0.001425944229896635,0.0009515132429642547,0.0008797897443039385,0.00034748775377786104,2.6654603299892537e-6,-0.0005558828712688845,-0.0009854205955347017,-0.001516235048622299,-0.002023371671157022,-0.002144450621159252,-0.0022702867341163153,-0.0023627729070692417,-0.002522986519170322,-0.003006947774080668,-0.003360045592444893,-0.004085889760573935,-0.004704166710263124,1.018438381207955,-0.00530358172174269,-0.004890334285963114,-0.0038057266463105786,-0.002428555288477532,-0.0014533807273446348,-0.0005470010450438335,0.0007333635591628092,0.001767532165268901,0.002431394911723387,0.0031350682116490576,0.0038985039508187247,0.004521272029729036,0.0051527087576225495,0.005294601872910244,0.005045677489582185,0.003171442130064031,0.0021832061135853217,0.0017033802296321694,0.0014275263116223147,0.0012039433250261135,0.0010190174320410567,-0.00020901134449346703,-0.00024852242438853125,-0.00033025633335586924,-0.0005000206276092546,-0.0007904652170349709,-0.00034137803465445697,-0.0004773309699355869,-0.00012451175469146538,-6.182391000399148e-5,5.9951650161711465e-5
8.677180923691652e-6,-9.210329344232734e-6,-5.8461357553393294e-5,-9.549506242194571e-5,-0.00011715961516663518,-0.00012699861190166965,2.9408179852882174e-5,0.0008492494941545894,0.0012122224545926138,0.0010506519778440062,0.001241692668712368,0.0008545191446882561,0.0007539213155696553,0.0002880505341869954,-6.531994965824896e-5,-0.0005746885002631212,-0.0009495720942546635,-0.0014125113847270302,-0.0017768068894890726,-0.001855616431259238,-0.0019535591583677856,-0.002027488993192046,-0.002169285906227146,-0.0026531788235524796,-0.003082456103780501,-0.003901476642580442,-0.004659313689248339,-0.00530358172174269,1.0178613390534097,-0.00548163050128294,-0.00418385378350809,-0.002191513882696981,-0.0016808189036158147,-0.0010554757082270147,0.0007598836988894521,0.001865153384873885,0.0024878519834793003,0.0031914106065989187,0.0038732507144380902,0.004498431005035007,0.005155390846888712,0.005300422580155979,0.004994503336363447,0.0033132400994109216,0.0023598666016186372,0.0018147096516960312,0.0014851485169554697,0.0011944868078957991,0.0009686822476629432,-0.00018356198598905605,-0.0002185109836337094,-0.0002886175808213147,-0.00042866838510372733,-0.000684115002442036,-0.0003706172766056132,-0.0004887004100406568,-9.026719759335488e-5,-2.75948001826052e-5,6.225642307828795e-5
-2.2390785926417334e-7,-1.2352670477309555e-5,-4.14808537753597e-5,-6.71862954867715e-5,-9.026396408607731e-5,-0.0001301411961508054,-0.0001160751384648622,0.0005052299046171625,0.0008955136087585411,0.0007399617178870289,0.0010641034040087315,0.0006384864690414195,0.000708181984316978,0.00022081220101385823,7.26700387038508e-5,-0.0004231077903879573,-0.0005947456733739093,-0.0009969270703338894,-0.001124139630649408,-0.0011001598345382975,-0.0010863187199250666,-0.0010950462809465175,-0.0012719994536841252,-0.0017926683354212933,-0.002352518337496322,-0.0032428384747639565,-0.0041025109444597875,-0.004890334285963114,-0.00548163050128294,1.017963921415239,-0.005000351896991898,-0.0036495990920971575,-0.0023746292101066427,-0.0011086504832013948,0.0005372284743825332,0.001831578502290309,0.002767289013877164,0.0035122356340618497,0.0040465464060657165,0.004529553473434001,0.005053689693094532,0.005071020904938821,0.0045188419635200025,0.0028530360022081458,0.001937706254782692,0.0014188601996778136,0.001111229465308531,0.0008273557892787246,0.0006191210249735114,-0.00010092619558030898,-0.00011884465141156387,-0.00015407161686035054,-0.00021923523463846726,-0.0003787982768139467,-0.0003473206265769496,-0.0004553496354723498,-5.5184747742343364e-5,3.791937876907229e-7,5.746278379583092e-5
