3.726109238910308,0.6132983876320854,0.49232931422249615,0.3948700546201959,1.453638846862696,0.7321706415506041,0.786294114890514,0.7816606375179145,0.17074309959577583,0.7323099641610767,0.6332342195757659,0.6344791880294772,0.6723929983401357,0.4840662707072369,0.5370806606786017,0.5014571649994202,0.49431007575898217,0.768890343682441,0.2637322045740418,0.4755754035260765,0.4561604383569487,0.779850492070847,0.832148939353161,0.40205183722720333,0.6434076230555045,0.36326821247034147,0.5040181685140707,0.1747620398734024,0.25725740315404627,0.7280779094473887,0.35660108823764713,0.4468737291878783,0.3889830967454563,-0.41844359653945784,0.28173730693326404,0.5918306486400866,0.6438191562419745,0.8348621041491655,0.7943658559308329,0.3204507562145583,0.5356990269944237,0.37535636233830777,0.47335583302897966,0.5752887825097028,0.04344341873525268,0.6508411737931199,0.7905481076942109,0.03011437684997666,0.45606667225991365,0.1751479406225689,0.12002287668101648,-0.05553397862828511,0.1496019011526906,-0.058526559270262866,-0.19305746308469782,-0.030621959217841593,-0.18110857378290407,0.40689170729210733,-0.3691565158669792
0.6132983876320854,2.2961314662345593,0.7934748138956988,0.10351965006356781,0.33587533061544816,0.4040126549551618,0.23389160967881234,0.4026866293632116,0.16392834230042072,0.315006154969464,0.2795741797516329,0.2710284302393846,0.30378607595698875,0.14522472395328337,0.24887785764787532,0.19001056827220433,0.2815502211303998,0.5102187375037254,0.006126327033618259,0.3156669902301916,0.28580292474565605,0.27864216691566907,0.35938752676798413,0.18093979753538003,0.35340806958343757,0.27924466073642384,0.3379248679561777,0.2899831611269901,0.4030552598966084,0.19063801550399306,0.2539029585374602,0.17220523632443915,0.2270327335741238,0.23797226987549078,0.2170339770642578,0.2724082584466457,0.6463967713579771,0.2944809693162245,0.2683814382207515,0.09611037934234423,0.34250831237414237,0.2304673032668921,0.3222512410091432,0.09089552808334814,0.32601800200586023,0.48425185227044126,0.38703813528617154,0.02828838101666707,-0.08080050097528792,0.03265790540450724,0.2954406935522054,0.2832751080372433,-0.14870685347438736,-0.1763320421350032,0.09787313839326374,-0.17065717813772618,-0.25171376903802667,-0.02490539212922105,0.2758536214836375
0.49232931422249615,0.7934748138956988,1.9613660001772775,0.25247270429319746,-0.16718845460621348,0.23281574113095269,0.23533576231081685,0.36528655508128477,0.25750767441289724,0.36646722947070537,0.18774018007508628,0.21912661566801972,0.24689005102089384,0.10348833260833755,0.22652513934143478,0.11917592172916068,0.2642901014263454,0.33720972429871754,0.09346716266574341,0.10911569008595816,0.1804056766332474,0.32696503551027156,0.2531730348812676,0.16756900297498323,0.2575789904362112,0.1217239088270127,0.14840554235063116,0.2303776009908687,0.1621126005672265,0.02471084772533886,0.23923084041048343,0.14951235985771516,0.23267763969035246,0.027883043752019207,0.15438041208095354,0.3347833671814085,0.3430762138721683,0.3430623035230882,0.2769246807874958,-0.13710970419377605,0.22129850506743345,0.12651706643076055,-0.020044100251367807,0.23872076892981509,0.2027616456885393,0.532944469250404,0.22369073557663716,-0.04704310206899259,-0.34074876808378207,0.1656313967661758,0.15148483396886517,0.25458303873268184,-0.1626790368671899,-0.22171103398708672,0.10793922536953954,-0.12767304752835373,-0.02248878814989133,-0.13866277534417876,0.08139298843125227
0.3948700546201959,0.10351965006356781,0.25247270429319746,2.036438345164958,0.3863246309183945,0.4513972501869569,0.12607548505109614,0.5605204692581522,0.03343143214073998,0.27283477105682874,0.41462594964514243,0.3607402746940783,0.37930650462436194,0.24898777759556692,0.24551940989559767,0.31231959813248217,0.26313413306605493,0.25547947185282954,0.20942965919677517,0.22312642930549342,0.2095714650419697,0.40415656475348105,0.2610575865839226,0.2141563727301632,0.3425392967466245,0.1655694318674152,0.23476287609943322,0.025710369106411002,0.20215411726425678,0.2956547177903932,0.17634498490723777,0.2503464671798427,0.0952542429328266,0.31422414977122387,-0.07154362826162111,0.2602805622429417,0.3208280760504998,0.41397571299365704,0.5003143706822883,0.04933888356272108,0.33430169752723227,0.15765463755905335,0.16394798538589966,0.8195173662363638,0.07060174650213259,0.10962622446003265,0.3185469439334684,0.027557342284560728,0.21734103370696903,-0.2298471858405759,0.006543862250804018,-0.008949955416401334,0.02794108236614408,-0.012169629750804992,-0.2482749832463134,-0.027707890757996494,-0.16041371795426587,0.10537628101153883,0.11490752295785733
1.453638846862696,0.33587533061544816,-0.16718845460621348,0.3863246309183945,1.84634767918942,0.8464116663416522,0.30973090240773865,0.4868996048604974,0.2941459983240246,0.4458914074965926,0.5061388620447661,0.4936136452783917,0.5260413159404947,0.4347929785141317,0.44073246112110204,0.44802666683363573,0.37078005183969814,0.4902499396360534,0.12048287539422108,0.5551876773762738,0.3779078528628567,0.4821791262544644,0.5475248664630197,0.3249021442647359,0.47750518000549,0.40260413628160885,0.43212225386498704,0.20089510718214182,0.4861918654717548,0.4032063860842634,0.25103176887810386,0.38685013533982443,0.14948029065611185,0.5652412048780164,0.07232609012442746,0.40184756842375546,0.474186564268643,0.4518761229395158,0.5143531155461297,0.305911466032756,0.47009285333038614,0.3524629004228251,0.5144177100918809,0.3743342302405111,0.12067305392868169,0.3672725484555449,0.5143044730307618,0.0712800100396222,0.5345699576781848,-0.10573115314690755,0.02159038383218475,-0.12803277625353812,0.3270983825817084,-0.02302357686346873,-0.16258893432896604,0.04191436715171654,-0.2298690271883936,0.17870808701238677,0.0328912886351776
0.7321706415506041,0.4040126549551618,0.23281574113095269,0.4513972501869569,0.8464116663416522,1.1683480563871829,0.0973379664619763,0.4305235280591278,0.17092294005744713,0.43957371894691544,0.4259679261164472,0.37355694386555477,0.44006279180248964,0.32962075390352874,0.3512065850922097,0.32942900120426016,0.37790709621984686,0.37656054219904656,0.2513575433143611,0.5209896408730358,0.3698140642579198,0.5367119652884311,0.3661586248674267,0.31456845135508915,0.42759407608212385,0.4252214803994357,0.3899371050473201,0.33273891691531676,0.522879891647168,0.3634968535882014,0.28455876690069587,0.353161738103352,0.15158075166961574,0.4751619128878874,0.16301055049520113,0.26576517971928115,0.6664492771536328,0.5431993714904454,0.4248798431503842,0.23493753541957116,0.3196624445302904,0.33699526771573085,0.5671102947941835,0.3899063672013138,0.13927012140555417,0.3994221148399646,0.4481134356153131,0.048461515440112866,0.43732244652355473,0.10194866982560034,-0.3703448114294409,0.13448113299896802,-0.15096056542304792,-0.0072693670664053045,-0.0879479406719978,-0.018161871793460304,-0.2054870945351067,0.0720671673256123,0.19130150153214706
0.786294114890514,0.23389160967881234,0.23533576231081685,0.12607548505109614,0.30973090240773865,0.0973379664619763,1.2895761770218124,0.2560659592074512,0.3630458863754483,0.25357836818447793,0.3717009303526123,0.4661617671413473,0.4450199330528784,0.42833626253776896,0.26482797602403113,0.368308195214403,0.34779230696502844,0.26833385113483754,-0.039526683261182444,0.3404760826053146,0.35569220183626354,0.531802178109015,0.29290677647498153,0.2995043871867628,0.35671658639339016,0.34351468813374275,0.3566984447656663,0.16722618459387098,0.32276441743627693,0.3343192201040906,0.2647279661638166,0.36145588648751376,0.33341857755967486,0.4822881208840668,0.279265932494818,0.4652533022928133,0.30820980542004567,0.1731856725534764,0.3773630556243986,0.18007131997835335,0.4191337903057041,0.3146003370477535,0.30921149337328663,0.28677177616958166,0.3010009730162216,0.36338594414257824,0.30948500679323826,-0.028970677461354483,0.28281059519759477,-0.22454681530017584,0.02490891493014513,-0.3595685309834383,0.43779149973145165,-0.039036896186251425,0.042860459226720216,0.11312187021993966,-0.1501862203179245,0.04025572130867431,-0.24557614175853443
0.7816606375179145,0.4026866293632116,0.36528655508128477,0.5605204692581522,0.4868996048604974,0.4305235280591278,0.2560659592074512,1.409335627401044,-0.022474572079037972,0.4076272775331197,0.6221484476547757,0.3779482522879563,0.5760556667261258,0.3179920378728555,0.3587729582974995,0.31814140833528465,0.36447246884946943,0.47886744318298974,0.34449280023366957,0.356574066337812,0.30129598946468106,0.49848120603695917,0.38467984152216633,0.2562261051627278,0.4933054392178166,0.4369381027934853,0.40467295061302627,-0.01926830974425238,0.3809986746069982,0.3668926782545449,0.27553967908853216,0.298882421745283,0.17891500336065858,0.4134625058684549,0.44626909658685043,0.336056831149303,0.499552491586862,0.40550978949576955,0.5417251484813717,0.23041132932095504,0.29444432821716404,0.28745474797373066,0.5017239189935291,0.3551933426809293,0.21447134826656225,0.4039945232208903,0.48983848194546753,0.006299355847100781,0.2538433455932074,0.20679659170254008,-0.07847907295987888,-0.035654001243560905,0.037601542539914705,-0.11113268886022798,-0.24194571388859046,-0.044548539289115154,-0.2879626502028123,0.3681820893377517,-0.057606243804809755
0.17074309959577583,0.16392834230042072,0.25750767441289724,0.03343143214073998,0.2941459983240246,0.17092294005744713,0.3630458863754483,-0.022474572079037972,0.8111501076827115,0.2576081388576272,0.14278173856462142,0.23987161126328535,0.18538622225288495,0.24291267098483116,0.22380900802356343,0.17561028129757622,0.14647122202573207,0.1171167374287676,-0.2478603282927429,0.24496679681262698,0.17087186089976722,0.2266135168717469,0.16389156899088078,0.19660593479309113,0.17047442394993198,0.22431560156018615,0.22516052604884243,0.23686005816759817,0.14167914745701618,0.15334370329008642,0.15832322672327193,0.21312863579508115,0.23088073554746588,0.15727566549403824,0.09591996013033527,0.23135328793886722,0.11175390833785134,0.10179132677815707,0.2095408889970513,0.06563842595295587,0.20234950065844173,0.15037647350597091,0.12868526541813538,0.12619492712182837,0.03439746335203728,0.1776050796431652,0.15876497559316421,0.006606639149144586,0.34982918531852053,-0.3529684704342861,-0.04334819760734589,-0.021877368201890922,0.30063689472613675,-0.052787563500628513,0.11625223013009159,0.11988903553494241,0.010583546315844867,-0.14390175949910358,-0.07348729653607956
0.7323099641610767,0.315006154969464,0.36646722947070537,0.27283477105682874,0.4458914074965926,0.43957371894691544,0.25357836818447793,0.4076272775331197,0.2576081388576272,0.928879166448467,0.3827994501630701,0.3299838155449697,0.40452344979803784,0.2904875780381138,0.3379985933119186,0.3080676115089609,0.3208222588456768,0.4022882146214499,0.10704868164087436,0.35525383512363495,0.2874185506467094,0.415633707355083,0.41900830927948063,0.2943659043278607,0.41285410819404905,0.23803734624804423,0.4133323767427675,0.3177023169316494,0.4847000596673901,0.4504608576010103,0.24448861257798388,0.2913015151868602,0.2401378181775022,0.5044675753187927,0.32102745449972525,0.41650640648458725,0.431896195773635,0.2132150863267889,0.5075581252971656,0.17558372130722882,0.5000915579270935,0.2677160395456914,0.3520832384485514,0.34301619185959614,0.24239506387530027,0.39809202115339654,0.5008708949433179,0.02998930970457247,0.2785945255260956,-0.0011247525571915832,-0.04440766527334642,-0.0857517153177907,0.0754255059610904,-0.030426794841179796,0.06366240500129365,0.017664140611449837,-0.033240439247770565,-0.1369171302515045,0.0931642558549527
0.6332342195757659,0.2795741797516329,0.18774018007508628,0.41462594964514243,0.5061388620447661,0.4259679261164472,0.3717009303526123,0.6221484476547757,0.14278173856462142,0.3827994501630701,0.7372350319608973,0.45510835738307126,0.5721454692443483,0.3601945651681329,0.4712095372977343,0.3613649825190485,0.4036374408631658,0.3837362094467104,0.18048660313948486,0.42046434183579723,0.31813405085054963,0.4389578902501125,0.36684311994795177,0.30224101762636096,0.44849394290099565,0.4003259414896296,0.4248245113334767,0.24802767034779913,0.45380136039295726,0.33726722945477733,0.2520960431138963,0.33744136480217934,0.23906819866908013,0.47950423388197466,0.37104148753559624,0.36366948709402547,0.4671722708186673,0.26313040842450586,0.43679570916650906,0.24492240848506672,0.36911200648101766,0.31645429859023055,0.4288401955750233,0.22823969488829834,0.14439907412972233,0.40396571324254826,0.41934641115270543,0.03263293423394008,0.3942257241419331,0.06065632761031019,-0.14081457943088882,-0.10415862971870153,0.12026772825616787,-0.004536237585121853,-0.1056250522938933,0.0350108150375009,-0.22863443725755486,0.11192867335620853,0.03566318456642856
0.6344791880294772,0.2710284302393846,0.21912661566801972,0.3607402746940783,0.4936136452783917,0.37355694386555477,0.4661617671413473,0.3779482522879563,0.23987161126328535,0.3299838155449697,0.45510835738307126,0.8119269595367284,0.44565434828690803,0.3787601524451439,0.35673651303512766,0.330550546696088,0.37957571910447296,0.4352552182017422,0.1085738440263641,0.29667680298903176,0.33292645528907433,0.4218982923842725,0.41607909993694586,0.27773763357290576,0.4464230031513019,0.39737254578049835,0.3119797967405553,0.06648158998307714,0.34486086949101463,0.29889857255506874,0.24744353157714288,0.3546302315009724,0.2546615137044103,0.39690833470165987,0.3561461882170909,0.401279576292514,0.40263839858614947,0.24824958450931797,0.43365571902601247,0.22761237347556035,0.31740080347274313,0.293547247137318,0.3434628899460859,0.2800288215255329,0.31144153819986303,0.40453580863914396,0.42044643240049717,-0.001122634783727223,0.09874432814756104,0.02008421824148424,-0.016016155231986785,-0.17512383732241604,0.08218948880829345,-0.004412169490381924,-0.04338481359508801,0.06581278499442957,-0.25944980257493655,0.020561028538851018,-0.17188227959175065
0.6723929983401357,0.30378607595698875,0.24689005102089384,0.37930650462436194,0.5260413159404947,0.44006279180248964,0.4450199330528784,0.5760556667261258,0.18538622225288495,0.40452344979803784,0.5721454692443483,0.44565434828690803,0.8391718060066795,0.40875756858411205,0.33731870713216605,0.34023814911332473,0.3680074310814344,0.3792915280343061,0.18365387291513519,0.39817105420027965,0.3113229766083451,0.5814628635280341,0.3799299497728377,0.3283373374895145,0.4410130704915127,0.35762828583708567,0.39763608771764203,0.22031460376591377,0.5031236916288494,0.37114028925175235,0.25365450774396175,0.3838580228651615,0.2657644601503125,0.49596683264030894,0.3565085126648456,0.4008174258579374,0.45562596071015066,0.3096429178013966,0.4577292710196499,0.2015699653331487,0.36245280265509067,0.30482330752042897,0.40521842785134077,0.31294180114078557,0.04985109377384244,0.45088331546111854,0.43026026549176083,-0.009118427240856418,0.39478762758043917,0.04572370343446236,-0.13158023817891498,-0.11785712936035553,0.16455467467895982,-0.06738704227774203,-0.011599658712456535,-0.006647139300575691,-0.23145671523731742,-0.07739752650645933,0.19097192297176413
0.4840662707072369,0.14522472395328337,0.10348833260833755,0.24898777759556692,0.4347929785141317,0.32962075390352874,0.42833626253776896,0.3179920378728555,0.24291267098483116,0.2904875780381138,0.3601945651681329,0.3787601524451439,0.40875756858411205,0.6015778251240705,0.25986080229638553,0.37190330143842254,0.27591461713760496,0.22450220466132834,0.08376510500383341,0.3623378674529117,0.30434699192509923,0.47324329987438823,0.22676117070467516,0.2932494975451743,0.3568895869360709,0.42028807164077714,0.31264769471864773,0.1870437755348476,0.3591348338425053,0.333824947128159,0.24727815981615278,0.45145646231973985,0.21856385851390195,0.417304827894652,0.28276500052705816,0.35976092734415943,0.28809656215250934,0.28817910502238187,0.24717099269311965,0.20938962353635332,0.3471472848558121,0.29875152820026785,0.3590380618435712,0.23775115115277898,0.18086641547855928,0.33168958512352625,0.33436073737524197,-0.001901953857654054,0.2893756629760398,-0.18746836242916262,-0.1356388749258089,-0.3739434599394164,0.42863527150959035,0.07214792781660828,-0.07888693314947813,0.03786182782697156,-0.05943403223048977,0.01604324579117452,0.028261619123445433
0.5370806606786017,0.24887785764787532,0.22652513934143478,0.24551940989559767,0.44073246112110204,0.3512065850922097,0.26482797602403113,0.3587729582974995,0.22380900802356343,0.3379985933119186,0.4712095372977343,0.35673651303512766,0.33731870713216605,0.25986080229638553,0.8405252918885556,0.2944591576994871,0.3457298684681792,0.34785423249509756,0.09458795037603185,0.36436171512347204,0.2743798722316996,0.21209670399427144,0.2987386046006544,0.25881872029691694,0.3729328728789699,0.37338205506789607,0.3202835554920781,0.398423889028637,0.35952723921207225,0.2551173894117806,0.2564778721592875,0.2586641810716026,0.26634631466973024,0.36367600213724427,0.3057331531471336,0.2539351376676907,0.46772115361453637,0.1260653358514383,0.2683350418827957,0.1889720325316077,0.33844096289976383,0.282097502562785,0.32963631335109056,0.08420738333740856,0.19252821412610455,0.30718921362915785,0.3495863353361191,0.061342805559021385,0.2581655110609186,0.5016101391578928,-0.12255387682169219,0.007507901458620041,-0.18988324539853463,-0.032897272196670636,0.0019494900150987893,0.08815855663893808,-0.17394639344180637,0.024024549496579742,0.07130296548385927
0.5014571649994202,0.19001056827220433,0.11917592172916068,0.31231959813248217,0.44802666683363573,0.32942900120426016,0.368308195214403,0.31814140833528465,0.17561028129757622,0.3080676115089609,0.3613649825190485,0.330550546696088,0.34023814911332473,0.37190330143842254,0.2944591576994871,0.7834344622530498,0.31918051062664843,0.32196919443497607,0.13667594511879508,0.25731155799321187,0.28915268567298613,0.3925211855765624,0.3177315634988037,0.290509118082043,0.39507017727797333,0.2773061389526562,0.32683522890164896,0.24787690288119757,0.36797052661078883,0.3589466378449478,0.24619007890872655,0.32801635679728475,0.22538199043152005,0.420960810906966,0.3732659059456447,0.31193395138301894,0.4231911780477743,0.22946042816749,0.31245672147660436,0.23189389800422722,0.32536409785429654,0.3105534603835087,0.41955835194777236,0.25935777486216893,0.19137382506272035,0.28383918219199794,0.3902691777964183,0.012453661031776822,0.20797757504525186,-0.11977190708045857,-0.13640647696383232,-0.17670671384641987,0.1618186224246347,0.01779878703093067,-0.051639960911903204,0.0683841408823047,-0.21405125311289241,0.024331266767093632,0.12568697660655961
0.49431007575898217,0.2815502211303998,0.2642901014263454,0.26313413306605493,0.37078005183969814,0.37790709621984686,0.34779230696502844,0.36447246884946943,0.14647122202573207,0.3208222588456768,0.4036374408631658,0.37957571910447296,0.3680074310814344,0.27591461713760496,0.3457298684681792,0.31918051062664843,0.74133686803775,0.39390710079442504,0.17895688766556564,0.3368877088038183,0.31148101933147304,0.36328650924791556,0.37672403441998403,0.27951576346610363,0.3599730480566028,0.2790414870081476,0.3717501728818157,0.6424551237660844,0.2964547655480181,0.26270958630858726,0.26490006779667724,0.2658020171542595,0.3336722874450366,0.3895787745966013,0.2815331696130821,0.32317750952436824,0.6475058568221796,0.21699569758669787,0.3971920310606835,0.2121616498566853,0.4105316138025855,0.31760493523565575,0.34415106664410716,0.18645337443994184,0.2592040619361569,0.3519048861136333,0.4052766731815813,0.0443666803208065,0.24921683673554662,0.4474473781819765,0.010043338272603402,-0.0038559837854101977,-0.14377164096648182,-0.11084795059725978,-0.1546173387873135,0.014943441718085567,-0.1851662673112383,0.07945904222377854,0.11272699989495971
0.768890343682441,0.5102187375037254,0.33720972429871754,0.25547947185282954,0.4902499396360534,0.37656054219904656,0.26833385113483754,0.47886744318298974,0.1171167374287676,0.4022882146214499,0.3837362094467104,0.4352552182017422,0.3792915280343061,0.22450220466132834,0.34785423249509756,0.32196919443497607,0.39390710079442504,1.3243494566592,0.211243744218687,-0.12617472895483034,0.34531166382402184,0.47540972529497005,1.0152013323326603,0.2691178977216032,0.45690105691520255,0.38636092463393346,0.026779539438954402,0.4028353623049868,0.3216015074822486,0.21124451315655313,0.43037771992974944,0.26702977478408485,0.3970063584357255,0.3274591573810979,0.26925255801783554,0.2565791741501025,0.7124879729475395,0.23332228976847333,0.3290170480192828,0.15866175095614263,0.30352486633866416,0.26001883739115167,0.46178099393247957,0.17654528543683548,0.34394144095915685,0.47201890087799375,0.7926151735276469,-0.03223864864493371,-0.4161659551999834,0.8503795737448854,0.27188475900181713,0.04698472591388621,-0.5445558729571018,-0.2532644366797101,0.05240262623139786,-0.03645841492511994,-0.2515515323822351,0.0559917292015491,0.022867632445099286
0.2637322045740418,0.006126327033618259,0.09346716266574341,0.20942965919677517,0.12048287539422108,0.2513575433143611,-0.039526683261182444,0.34449280023366957,-0.2478603282927429,0.10704868164087436,0.18048660313948486,0.1085738440263641,0.18365387291513519,0.08376510500383341,0.09458795037603185,0.13667594511879508,0.17895688766556564,0.211243744218687,1.2767947947540783,-0.18053523114412304,0.1337614129661359,0.33732221759339875,0.020524904844995265,0.09612745035747639,0.10211955339674643,-0.035961471132902566,0.08995113764641352,0.042747075875862454,0.02234198508701705,0.14923364333568256,0.19855436344929497,0.0903814674015695,0.06263355753363853,0.07414126363058014,0.06519499343264887,0.15708260591062714,0.3478343259241097,0.35526089955842655,0.2648237979694494,0.0627126962224003,0.09376029685461312,0.11274401383190631,0.10466702249149451,0.18838861751044259,-0.01899839580353411,0.19538824210397582,0.1869481789713994,-0.010562296241583106,-0.023794780009146338,0.5736521813471386,-0.06976094555149673,0.06806847772974646,-0.28780019744494734,-0.08341485961995576,-0.16364329947761805,-0.03919067389028434,-0.11506128531714363,0.12303915936748917,0.10259133551245526
0.4755754035260765,0.3156669902301916,0.10911569008595816,0.22312642930549342,0.5551876773762738,0.5209896408730358,0.3404760826053146,0.356574066337812,0.24496679681262698,0.35525383512363495,0.42046434183579723,0.29667680298903176,0.39817105420027965,0.3623378674529117,0.36436171512347204,0.25731155799321187,0.3368877088038183,-0.12617472895483034,-0.18053523114412304,1.5676943776498278,0.30080439801219144,0.044806150713900345,-0.16270790451025435,0.2956444990126511,0.36164779234543243,0.5401972996489696,0.6279010774684349,0.5075889569598846,0.48985906704052334,0.5403872023556701,0.33124604818964043,0.29270182544633744,0.28447132447569967,0.5613979515673481,0.4220529227890259,0.19962147127632854,0.6967231088585436,0.30559524962622336,0.36713430720197177,0.3297046521039785,0.6000157097269393,0.37044731753283844,0.8256612002102621,0.16892529674659312,0.7015253471411476,0.29896941151023615,0.2581828116305303,0.2476953318750097,0.7391325741327393,-0.4043120013004115,-0.28111103414713123,-0.07363510180862518,0.44223959690217796,0.0787416766020078,0.12286076375276146,0.09597348859943841,-0.12643481430345607,0.007675431452525143,0.048295362594520094
0.4561604383569487,0.28580292474565605,0.1804056766332474,0.2095714650419697,0.3779078528628567,0.3698140642579198,0.35569220183626354,0.30129598946468106,0.17087186089976722,0.2874185506467094,0.31813405085054963,0.33292645528907433,0.3113229766083451,0.30434699192509923,0.2743798722316996,0.28915268567298613,0.31148101933147304,0.34531166382402184,0.1337614129661359,0.30080439801219144,0.5801142006911163,0.3161418247839134,0.2181059017249968,0.272262386212743,0.3269617283990905,0.3952152276504153,0.2630395377263483,0.28476192688582486,0.2681541563576508,0.40369703663738155,0.4017433179169416,0.28672464012564436,0.2972711012823041,0.3973819136775336,0.39636144058732287,0.37336772261378653,0.4646875919392611,0.265708560428043,0.3074635011352577,0.23409153663133073,0.4876280434431471,0.3970230118205703,0.4267733058045691,0.2591552952798384,0.5281967483862998,0.32140785934698995,0.4267945660055878,0.04447025174259819,-0.035621364563712045,0.1454656013507234,-0.068967444877248,-0.19121935387578937,0.025424901633191006,-0.0009584211891193752,0.0600517334024259,0.008600231620375954,-0.21879266188743982,-0.018358933266705537,0.1485684783546717
0.779850492070847,0.27864216691566907,0.32696503551027156,0.40415656475348105,0.4821791262544644,0.5367119652884311,0.531802178109015,0.49848120603695917,0.2266135168717469,0.415633707355083,0.4389578902501125,0.4218982923842725,0.5814628635280341,0.47324329987438823,0.21209670399427144,0.3925211855765624,0.36328650924791556,0.47540972529497005,0.33732221759339875,0.044806150713900345,0.3161418247839134,1.7373886732566692,0.5987574912732931,0.3609137162481133,0.3854251127182845,0.24194478208727835,0.4418291464920988,0.02684121615994624,0.5086296966943589,0.42622082857160665,0.21650677371231075,0.4716262899421255,0.27372899523298305,0.3942009540789321,0.2322602191035902,0.597058245659729,0.46466651249573016,0.6061794130819745,0.6007201616636293,0.14877379795116144,0.3093715790636434,0.32269052336897214,0.26319807156644975,0.5994970437739575,-0.3566460840158352,0.5785088579653648,0.4978486470242578,-0.31321780047872383,0.7031849330247191,-0.1467202071763592,-0.1981548698433234,-0.3008820895427292,0.14678815219630875,-0.04124785327273404,-0.1505739408172119,0.02455920013417752,-0.2754900516249435,0.0016600951873855377,0.16601412795490725
0.832148939353161,0.35938752676798413,0.2531730348812676,0.2610575865839226,0.5475248664630197,0.3661586248674267,0.29290677647498153,0.38467984152216633,0.16389156899088078,0.41900830927948063,0.36684311994795177,0.41607909993694586,0.3799299497728377,0.22676117070467516,0.2987386046006544,0.3177315634988037,0.37672403441998403,1.0152013323326603,0.020524904844995265,-0.16270790451025435,0.2181059017249968,0.5987574912732931,2.3080562679079093,0.42771706204713794,0.6511011835643626,-0.02625086577659155,0.16164644838362768,0.2989157452945578,0.5931233418915748,0.4569127982778693,-0.44142915746464134,0.19737697317279776,0.46648854296558045,0.3183108894756358,0.2388139269207722,0.26593253257262606,0.6483692514215448,-0.204802693137332,0.8147817556260138,0.08816962621713544,0.27931186715722023,0.14491680155111963,0.25130705173569545,0.3332258467471685,-0.25556634289184,0.4082600751756669,0.7764018722822166,-0.01332526172382717,0.46624628895764997,0.5803900979414987,0.10111011577940723,-0.1963760639146999,-0.04294170390703676,-0.17734743255728305,0.09741214850094858,-0.06614902796754746,-0.28272387139655497,-0.30198701964677443,0.37603425429764814
0.40205183722720333,0.18093979753538003,0.16756900297498323,0.2141563727301632,0.3249021442647359,0.31456845135508915,0.2995043871867628,0.2562261051627278,0.19660593479309113,0.2943659043278607,0.30224101762636096,0.27773763357290576,0.3283373374895145,0.2932494975451743,0.25881872029691694,0.290509118082043,0.27951576346610363,0.2691178977216032,0.09612745035747639,0.2956444990126511,0.272262386212743,0.3609137162481133,0.42771706204713794,0.5121975376915424,0.3529039904078635,0.20987222642875633,0.3078203803391861,0.3629427095561519,0.2567882084491182,0.4916583917309671,0.2837115978942961,0.2774877824786727,0.4597806135104605,0.3036991784513119,0.36899863795282606,0.27352220601927685,0.5261084205299623,0.2061886750136737,0.3353209892168337,0.13234358813817973,0.36659094454628993,0.278384604869499,0.31127207360978004,0.26581644768309065,0.13214232272857415,0.28674990362192854,0.41877892582068743,0.050042027041551765,0.31853288393261375,0.07655892821605272,-0.17538647456235834,-0.10086692216142115,0.10657943075931131,-0.03646727859836816,0.23936635455736263,-0.013940523084855062,-0.1255152253822263,-0.4461900345320709,0.4430869820813755
0.6434076230555045,0.35340806958343757,0.2575789904362112,0.3425392967466245,0.47750518000549,0.42759407608212385,0.35671658639339016,0.4933054392178166,0.17047442394993198,0.41285410819404905,0.44849394290099565,0.4464230031513019,0.4410130704915127,0.3568895869360709,0.3729328728789699,0.39507017727797333,0.3599730480566028,0.45690105691520255,0.10211955339674643,0.36164779234543243,0.3269617283990905,0.3854251127182845,0.6511011835643626,0.3529039904078635,1.4189530497105813,0.30777308524598174,0.4392351967055966,0.16983689787660938,0.7006372725618002,0.5866755857747881,0.17982713687290838,0.31760135677529683,0.3000217142745401,0.5368240283727105,0.4806739540871305,0.47104172496882046,0.481292170582761,0.27373519644335587,0.48674557235053784,0.16988977750842926,0.3975306301332001,0.31885812963524623,0.4830429613325029,0.42235894672140695,0.3769080729905611,0.5163749776502574,0.5737791204008168,-0.013216415379554224,-0.26728066738717277,-0.194405774689012,-0.1734244746386765,-0.3236079690852463,0.25855960411697426,0.04804501471910173,0.03559533714744153,0.04861042587381689,-0.178743115353265,-0.08184594947169219,0.05826325084474465
0.36326821247034147,0.27924466073642384,0.1217239088270127,0.1655694318674152,0.40260413628160885,0.4252214803994357,0.34351468813374275,0.4369381027934853,0.22431560156018615,0.23803734624804423,0.4003259414896296,0.39737254578049835,0.35762828583708567,0.42028807164077714,0.37338205506789607,0.2773061389526562,0.2790414870081476,0.38636092463393346,-0.035961471132902566,0.5401972996489696,0.3952152276504153,0.24194478208727835,-0.02625086577659155,0.20987222642875633,0.30777308524598174,1.630988848528776,0.20105591440994308,0.2926147694265837,-0.08034394935895395,-0.025948516116989593,0.5458050578781318,0.44254924384925076,0.2868641202698702,0.5037690195348468,0.5232745619937343,0.08504378441253077,0.3823237171017103,0.3886657429083047,-0.43883645594225906,0.36910902991333566,0.14468266016900194,0.4545750721112002,0.8988890191864511,-0.0725477557459794,0.495115211665052,0.28095557067201443,0.23820408487444944,0.07014369894564426,0.008416177875151984,0.5727402522539057,-0.3357156137580956,-0.19759515729779692,-0.3234922908526823,-0.002253133742975856,-0.0022428267437355465,0.10684218590315148,-0.2900202211689266,0.2723248402575435,-0.08091592483107274
0.5040181685140707,0.3379248679561777,0.14840554235063116,0.23476287609943322,0.43212225386498704,0.3899371050473201,0.3566984447656663,0.40467295061302627,0.22516052604884243,0.4133323767427675,0.4248245113334767,0.3119797967405553,0.39763608771764203,0.31264769471864773,0.3202835554920781,0.32683522890164896,0.3717501728818157,0.026779539438954402,0.08995113764641352,0.6279010774684349,0.2630395377263483,0.4418291464920988,0.16164644838362768,0.3078203803391861,0.4392351967055966,0.20105591440994308,1.9238424627097797,0.5147941951370939,0.2734173525861084,0.5300866265788485,0.23214743035654722,0.26854680137111886,0.3971188212615373,0.4973448642318556,0.410110297439067,0.45415784684083355,0.5838114966239322,0.21681220724875144,0.5069735781150725,0.3211359966337579,0.5692874924664335,0.338387991875535,0.7701733048240058,0.2183970683628273,-0.06543630183757856,0.368734436004359,0.29382211969683186,0.14456794120868022,1.4910307868423296,-0.3630556012934754,-0.29065808168646984,0.013380905879814244,0.45748639631648885,0.06189632728592468,-0.029473944155506963,0.19449312643743305,-0.13856224057075237,0.17738403950119486,-0.09746708938517487
0.1747620398734024,0.2899831611269901,0.2303776009908687,0.025710369106411002,0.20089510718214182,0.33273891691531676,0.16722618459387098,-0.01926830974425238,0.23686005816759817,0.3177023169316494,0.24802767034779913,0.06648158998307714,0.22031460376591377,0.1870437755348476,0.398423889028637,0.24787690288119757,0.6424551237660844,0.4028353623049868,0.042747075875862454,0.5075889569598846,0.28476192688582486,0.02684121615994624,0.2989157452945578,0.3629427095561519,0.16983689787660938,0.2926147694265837,0.5147941951370939,2.883089260651315,-0.04888046956595736,0.1229417054984373,0.4784535620024285,0.2152777106585782,0.694753801175449,0.3392974339330812,0.24222552382987553,0.03249381045576641,0.9706508687284227,-0.0313286254366396,0.12620041979429042,0.08431772016216024,0.70283666118595,0.2926526040440386,0.37877113370844834,-0.1098499891122649,0.08069347687176216,0.1729188378815154,0.32357154680583444,0.23489125380596068,0.5894009440351782,0.5808857751407318,-0.22180430027568954,0.7797320168433067,-0.4424383666335807,-0.23139599179589765,0.6611259367711227,0.009485894285439273,-0.06400237420675237,-0.5258425710072495,0.771913483499851
0.25725740315404627,0.4030552598966084,0.1621126005672265,0.20215411726425678,0.4861918654717548,0.522879891647168,0.32276441743627693,0.3809986746069982,0.14167914745701618,0.4847000596673901,0.45380136039295726,0.34486086949101463,0.5031236916288494,0.3591348338425053,0.35952723921207225,0.36797052661078883,0.2964547655480181,0.3216015074822486,0.02234198508701705,0.48985906704052334,0.2681541563576508,0.5086296966943589,0.5931233418915748,0.2567882084491182,0.7006372725618002,-0.08034394935895395,0.2734173525861084,-0.04888046956595736,2.6707759817708823,0.42164367379571166,-0.17895033589171147,0.3316352606986947,0.08861509056436026,1.0538198853039769,0.2567085640147981,0.8187367831145769,-0.3437723788240184,-0.5172525771873236,0.6654458166972619,0.21734417189010863,0.5263806411325958,0.1805152129367962,0.10205174992667033,-0.14819860849944666,0.27152621446164643,0.5734394373538253,0.42403678141398604,-0.15039505363214903,0.5067657415283927,0.16919387870734945,-0.3807937558985544,-0.6966789850450369,0.18153842798586936,0.21747041359048086,-0.04768463806885496,0.030735732188190007,-0.09689060137216768,-0.11625044175107016,0.08972692279145052
0.7280779094473887,0.19063801550399306,0.02471084772533886,0.2956547177903932,0.4032063860842634,0.3634968535882014,0.3343192201040906,0.3668926782545449,0.15334370329008642,0.4504608576010103,0.33726722945477733,0.29889857255506874,0.37114028925175235,0.333824947128159,0.2551173894117806,0.3589466378449478,0.26270958630858726,0.21124451315655313,0.14923364333568256,0.5403872023556701,0.40369703663738155,0.42622082857160665,0.4569127982778693,0.4916583917309671,0.5866755857747881,-0.025948516116989593,0.5300866265788485,0.1229417054984373,0.42164367379571166,2.2540426978864097,0.34704286758468467,0.23478681889311226,0.2698591963667869,0.18622795401690007,0.8392416867149249,0.3871724889366867,0.8803664494307701,0.631350174180001,0.8293955763150871,0.23149991127139233,0.929066802107304,0.40074048911525423,1.1491724947358193,0.8639282512142867,0.6236768010488168,0.35819202399080396,1.1573954818208922,0.18216758153660983,0.5026549877022816,-0.2945783207873529,-0.3046813084682901,-0.6277143816332854,0.5441619547789972,0.17907868214502096,0.30337831131758775,0.018577416822943543,-0.21923128635811556,-0.16159463966214302,0.15900816821125266
0.35660108823764713,0.2539029585374602,0.23923084041048343,0.17634498490723777,0.25103176887810386,0.28455876690069587,0.2647279661638166,0.27553967908853216,0.15832322672327193,0.24448861257798388,0.2520960431138963,0.24744353157714288,0.25365450774396175,0.24727815981615278,0.2564778721592875,0.24619007890872655,0.26490006779667724,0.43037771992974944,0.19855436344929497,0.33124604818964043,0.4017433179169416,0.21650677371231075,-0.44142915746464134,0.2837115978942961,0.17982713687290838,0.5458050578781318,0.23214743035654722,0.4784535620024285,-0.17895033589171147,0.34704286758468467,1.6095138756926683,0.29038950528538054,0.41787170032533966,0.2602971766053831,0.4356495141431682,0.3801074305546188,0.5537415813808724,0.6277489287007065,-0.10105316623498387,0.133535301836182,0.4830027815048503,0.38391843864562897,0.46353934615024694,0.2528803246304946,0.7300313664111646,0.37113877595792,0.4462523458691148,0.04146663232022712,-0.8133306966944871,0.307106015426456,-0.013671175570868608,0.19081336154772624,-0.29397131758130046,-0.11572530064752964,0.2649330311246917,0.0521211084365353,-0.05799167972535877,-0.0972674541829359,-0.0019267009589762451
0.4468737291878783,0.17220523632443915,0.14951235985771516,0.2503464671798427,0.38685013533982443,0.353161738103352,0.36145588648751376,0.298882421745283,0.21312863579508115,0.2913015151868602,0.33744136480217934,0.3546302315009724,0.3838580228651615,0.45145646231973985,0.2586641810716026,0.32801635679728475,0.2658020171542595,0.26702977478408485,0.0903814674015695,0.29270182544633744,0.28672464012564436,0.4716262899421255,0.19737697317279776,0.2774877824786727,0.31760135677529683,0.44254924384925076,0.26854680137111886,0.2152777106585782,0.3316352606986947,0.23478681889311226,0.29038950528538054,0.5161086080460866,0.19830778505971747,0.3807295760629199,0.23272966400217868,0.3485454061030826,0.21928598020178727,0.30066026969894377,0.18630109890250757,0.18683816764089115,0.2790707643202307,0.27437848269678966,0.30579235679754935,0.20920617219458587,0.18209579307730636,0.347624692374065,0.30732178756776424,-0.024689835759560595,0.15155996630573884,-0.030093574642989954,-0.05868385932589755,-0.037554443288492764,-0.07830049641355127,0.040362224435226045,-0.031795862724433605,0.0136001529435914,0.07485807166456893,-0.05243905212908705,-0.05510967178228501
0.3889830967454563,0.2270327335741238,0.23267763969035246,0.0952542429328266,0.14948029065611185,0.15158075166961574,0.33341857755967486,0.17891500336065858,0.23088073554746588,0.2401378181775022,0.23906819866908013,0.2546615137044103,0.2657644601503125,0.21856385851390195,0.26634631466973024,0.22538199043152005,0.3336722874450366,0.3970063584357255,0.06263355753363853,0.28447132447569967,0.2972711012823041,0.27372899523298305,0.46648854296558045,0.4597806135104605,0.3000217142745401,0.2868641202698702,0.3971188212615373,0.694753801175449,0.08861509056436026,0.2698591963667869,0.41787170032533966,0.19830778505971747,1.688286203227002,0.13914229702640307,0.3263128515622857,0.03365104417691697,0.876033205928221,-0.11398712389803972,0.030145137251549048,0.011241881653711299,0.22482173272488262,0.3348316401294546,0.14571682416375356,0.13354218738693943,0.1941023345659162,0.20489943531026805,0.40375991781241616,0.12825152875679524,0.31225808924910625,0.5777549609055809,-0.2579203903383569,-0.18909906982659613,-0.012545075898082108,-0.22861247439746007,0.3446449059232654,0.1278535385661052,-0.191658376875046,-0.47753539811970586,0.3724728268057057
-0.41844359653945784,0.23797226987549078,0.027883043752019207,0.31422414977122387,0.5652412048780164,0.4751619128878874,0.4822881208840668,0.4134625058684549,0.15727566549403824,0.5044675753187927,0.47950423388197466,0.39690833470165987,0.49596683264030894,0.417304827894652,0.36367600213724427,0.420960810906966,0.3895787745966013,0.3274591573810979,0.07414126363058014,0.5613979515673481,0.3973819136775336,0.3942009540789321,0.3183108894756358,0.3036991784513119,0.5368240283727105,0.5037690195348468,0.4973448642318556,0.3392974339330812,1.0538198853039769,0.18622795401690007,0.2602971766053831,0.3807295760629199,0.13914229702640307,2.1407131438143936,0.40835970234892843,0.4349555868822251,0.483197724603941,-0.2536509777076403,0.30307323259118296,0.2083728302185492,0.6351265426993693,0.41253180736103323,0.5665911090837269,0.22741077995670747,0.6647410413144209,0.35390140472631293,0.3486400995644486,0.021753906429996233,0.18474112178614843,-0.191894243765474,-0.13368701072642805,-0.4629698960807821,0.3527584387002796,-0.006353625863715017,-0.018083292405817724,0.1158944020589537,-0.26490917293898375,-0.12831926392388368,0.33014516622216195
