2.1693822217064986,1.3601351445646312,1.168946981028788,0.15302193479326698,0.4688877372248843,0.4323836917421263,0.5330101123513806,0.3956275557299689,0.42757488342245903,0.4720989656683229,0.4272848144043065,0.46974723305892274,0.465726114280973,0.5395731139972946,0.5272044464165822,0.37168413677175227,0.3565018450509715,0.4482085110628033,0.4193857220022891,0.3674993802379173,0.39260068749470123,0.385359618166371,0.1416068983976748,0.23501284116357593,0.48556713416220754,0.4423285485992605,0.37504460792441163,0.3071384230670033,0.49850499325865494,0.08342225341286527,0.5186606909850493,0.5828780271408881,0.197236125755466,-0.15418955300091283,0.31900157863139705,0.534615655072012,0.24778786204864234,0.2802695328715441,0.31733292208996233,0.2400014530989078,0.44514872649066445,0.3598011447785181,0.2553154381032542,0.05450166681554953,0.4395625526068999,0.5371097922571813,0.35632483362957995,-0.08014979895274967,-0.2562768698974782,0.033876090745022305,0.01389273232452749,0.0050738626119183295,-0.0959394217778233,0.041437249591933525,0.2976975342359591,-0.11537180817267417,0.5542757519357326,-0.015033308001924359,-0.58490518245158
1.3601351445646312,7.267268076162671,1.304510692248445,0.39714861703702387,0.7305289472070821,0.15067126218028562,0.8029370706056778,0.5024453894789329,0.7362952411239866,0.8382971124095744,0.6314270901509522,0.6666840798299563,0.9482624934130752,0.7636325242118912,1.5319049954604296,0.38897425763964255,0.6613197626654671,0.3568787541519815,0.6684339226170409,0.9598497574253165,0.6701669032308072,0.4932238924052655,-0.6916113178716817,0.30655855658082465,0.13710778396699652,0.6575423040283163,0.6208038781492385,0.7332393348706713,0.5967339968343401,0.5320984046717036,0.9213328537634311,0.7200831240671743,0.5196142051094642,0.3173203707408614,0.81195590930503,0.7216645158698892,0.8931037176527173,0.4945860792964338,0.5151393770447031,0.3299908229828187,0.959396821760223,0.6332306340865799,0.4528142316493046,0.0709971560882094,0.5881997990453072,0.6283556099387848,0.5607181541485191,0.014377027227784745,0.37675343291625407,0.2797757488941915,-0.33813279128440643,-0.15875006802113245,0.01879779939558632,0.06465912563583942,-0.362726842272932,0.0766464529848917,0.21006397742836375,0.22936753306428248,-0.3662406675299363
1.168946981028788,1.304510692248445,2.8478515228179693,0.6447226248969246,0.16093519836108058,0.7106831362057224,0.609377523718863,0.7664082083708131,0.8370667400542028,0.777153969923914,0.7061939588012418,0.6780902105327238,0.6785545303094466,0.6147791505584084,0.5811314355077234,0.5475588130935446,0.6300929307706484,0.7691894926762677,0.8023282329025714,0.4770079210911687,0.5968577010541467,0.6774836757797739,0.34324048588459055,0.48252563979306307,0.7386913415396208,0.678089482282082,0.5232283770441101,0.3654320219470777,0.8285880758595459,-0.31298374603050827,0.6475098468414432,0.692877390585089,0.31932335815436763,0.4381783999333738,0.36665568432773954,0.9336148031570703,0.4807168189933852,0.33186039150020336,0.5072888521426443,0.13288850628008664,0.536310727352269,0.5597628931086519,0.27846850504016596,0.0927913245977144,0.3282679722526489,0.937383339820823,0.39043773601248694,-0.1778406365291909,-0.6363967643646913,0.1470156041727349,0.13390357361239072,0.14025878201603925,-0.07365876649999926,-0.334965796102454,0.007103673585882349,-0.2947004185847627,0.19884650970172713,-0.16510801672353081,0.0006405048812402826
0.15302193479326698,0.39714861703702387,0.6447226248969246,2.0600870282790478,0.4166971488944021,0.41809774476139144,0.4690143104572585,0.4372403956174679,0.35646828784927814,0.3169453602494003,0.4803765334183762,0.5355070712861136,0.39600477949177365,0.4568211413939127,0.30399795620850045,0.43674486828063,0.38142490023257203,0.6749081886459052,0.19527532536227632,0.43005524483969754,0.3570582074156824,0.40076895664108475,0.41277494989110247,0.3795708523935119,0.40706314398037446,0.44378181282455864,0.36748774276428053,0.06121536998752618,0.4005028925912284,0.0025165846454200027,0.4982160511775592,0.43932672443593285,0.25151882621060423,0.4913943300655927,-0.150630425300109,0.5152895945896302,0.3229509745532076,0.26363510685755986,0.3722401847209381,0.10266515316939835,0.2699124945835728,0.33995859308465115,0.22025254654604248,0.11705111225072476,-0.06770636294010722,0.3827045913788431,0.4153880189548002,-0.06512923096814217,0.1006279406478031,0.0977657937521048,-0.03537718063626866,0.3116743315123685,-0.11178903806506975,-0.3930926227705878,-0.2657250555419981,-0.08424693486330069,-0.00616450701187899,0.09737986984390899,-0.10531316000053818
0.4688877372248843,0.7305289472070821,0.16093519836108058,0.4166971488944021,1.374398149026815,0.20946869760229392,0.39977588295383826,0.43376763474137014,0.26812440635547524,0.21304673666622742,0.2863846724367019,0.31858653298311984,0.37419374987296156,0.302421785737085,0.269392643215028,0.3473464967305671,0.261129909405481,0.3905544623215761,0.15847836715190675,0.3434451884948928,0.2695523019989029,0.31344612710631814,0.23331590339617592,0.1958961509425593,0.05173043923815372,0.3523811694479447,0.27542363076246124,0.0836214470994673,0.2755243743484506,0.17450995044041176,0.34782526170174866,0.31319432238998374,0.13752694317719288,0.32689836748749057,-0.0564338629054675,0.3587319656038696,0.3140209585930759,0.17148559475833328,0.2418014077770038,0.155191562523282,0.3239500076721755,0.26862743301140096,0.19189196476746612,0.05319015435676439,0.06888724303222361,0.19654755410993624,0.32685362995358275,-0.029385996196522685,0.17833138844387897,0.13019042917198181,-0.2423510915220695,-0.12013991611836412,-0.08565401060370269,0.2649745036414024,-0.12871595287669207,-0.07799939327706862,-0.09247147246483806,0.09710789119037433,0.026047619669441472
0.4323836917421263,0.15067126218028562,0.7106831362057224,0.41809774476139144,0.20946869760229392,1.1620323707463245,0.3328819916656617,0.542950526567586,0.3728710114627922,0.27129470632138764,0.40499047301864766,0.4023711819423099,0.4611133249422201,0.48046805947632987,0.3681133495546915,0.3373881813676212,0.40847743608184234,0.4564619895483942,0.3552747987521489,0.4268803858765502,0.338283062670786,0.36601604718409747,0.2143398627202546,0.40360692679750265,0.7248096194917635,0.5051662163824503,0.3588080753581207,0.1431434208375906,0.7395314968359814,-0.015142337728416425,0.5283807050838139,0.5150266733146432,-0.062163198057287816,0.3660113265599321,0.2762395441218909,0.3880203194748471,0.10451196498676975,0.2759144145682814,0.3350493813060771,0.20445603699064818,0.14167332242235187,0.33474480749350155,0.29197593867001836,0.07549214378497701,0.20725897615537053,0.3678182438505586,0.2995322103833547,-0.07857825490477777,0.05603459105568426,0.04524719593570087,-0.20322239865621172,0.08198854592143402,-0.05426199368541594,-0.02034568753621804,0.04722347348285316,-0.10065676302206092,0.2720599247836149,-0.037785313334154524,-0.23038581127455637
0.5330101123513806,0.8029370706056778,0.609377523718863,0.4690143104572585,0.39977588295383826,0.3328819916656617,0.7715646526264635,0.23872872576140886,0.49963289119304793,0.3025167815105586,0.43099951302680894,0.5185971411345219,0.3768075825367505,0.3390772652076999,0.1756613151801304,0.41487185060252846,0.3695564727002471,0.4714071937317618,0.3297365982247181,0.348618112848039,0.34021034467529776,0.450257536812205,0.28695333926914063,0.3189768329775356,0.3276062837266366,0.38012810596498275,0.33310900095590035,0.14049934239385128,0.3538964675886093,0.035208289323808074,0.408854711167131,0.3875554072645269,0.15646604305214812,0.3437526030061249,0.12816996661193225,0.46754805619145945,0.27060185258582165,0.2277100636939424,0.39189276343904306,0.17456787869802146,0.30526115237157486,0.3136465801454587,0.27377503585497887,0.06112003306542492,0.07788264271314667,0.3574881394791492,0.31380628331294913,-0.06693816165635723,0.2447389891973052,-0.03455014855967771,-0.10483107453543615,0.1158274619315246,-0.0460499764709981,-0.1388433108606935,-0.0858919065441112,0.09282941204985559,0.011337757422925202,0.06380480049720402,-0.37874347506997486
0.3956275557299689,0.5024453894789329,0.7664082083708131,0.4372403956174679,0.43376763474137014,0.542950526567586,0.23872872576140886,1.0869888059806614,0.28429602779588864,0.30548103986583175,0.3617999226307598,0.23740228685716944,0.4422382683176615,0.4440987898553377,0.36544459343038177,0.3157067473991115,0.3462214157290951,0.46377854348764663,0.32508513335689315,0.3920827896254134,0.33663137245876273,0.3147931405518602,0.18784092305240865,0.2718262244618573,0.4414148302881968,0.47097909170124097,0.3226321857665029,0.1558352798442533,0.46924506754731676,0.006929936162523644,0.41260371357493864,0.4496275098087567,0.13779535379376065,0.35949985562748177,0.25358971496277927,0.40016266790221033,0.28049846537538803,0.2476498366579959,0.37423344119844526,0.18159642711357094,0.279066117269836,0.3338264021161624,0.2348733663213325,0.06364196582451814,0.15412846170343136,0.3951571666852827,0.31812242051837647,-0.0355615547409477,0.036426384461824265,0.1565960646037747,-0.09855431722280081,0.023137584056733062,0.08530556804120423,-0.14092345362455108,0.027097955831196813,-0.277370939150548,0.2512199010698361,-0.01653955225344491,0.06473912555384186
0.42757488342245903,0.7362952411239866,0.8370667400542028,0.35646828784927814,0.26812440635547524,0.3728710114627922,0.49963289119304793,0.28429602779588864,0.892338361808484,0.31143358512316943,0.3676290305598397,0.3893144334394299,0.41058005859827174,0.354313402756476,0.10803119923098188,0.3934748112068741,0.4081143534365126,0.4532870189657649,0.467253826686699,0.2803055544710276,0.3782784136279963,0.6082262819988048,0.28373680957745434,0.3527709859627329,0.18606616708351942,0.4256584868447664,0.30635346511636735,0.2046262944465207,0.4092995187985699,0.011465047376609853,0.41400957850223424,0.4047676638049436,0.22975320450865558,0.30188659994874184,0.1614000816405777,0.5054588977885898,0.35700602810605303,0.21076680915568288,0.40884551687992055,0.1627927908053976,0.3172766375584621,0.33284575128705673,0.21399539401559894,0.06555419175629579,0.0849801966950883,0.4055675741198239,0.311859499762083,-0.09687039159983936,0.2322279447367922,0.12358351981605263,-0.027853030414002073,0.06872928987524542,-0.07000258735802248,-0.1677307474824981,-0.043180677773359315,0.041187456574865125,0.0009129078195181177,-0.09842850927194452,-0.1447068205677364
0.4720989656683229,0.8382971124095744,0.777153969923914,0.3169453602494003,0.21304673666622742,0.27129470632138764,0.3025167815105586,0.30548103986583175,0.31143358512316943,0.8005378782772703,0.23199968961632048,0.2691873390991157,0.2838457944273773,0.30113053063935386,0.4029930562628111,0.26645534017101363,0.2903955534656996,0.3196612020552559,0.310497221282729,0.19321927294076127,0.2336003956053595,0.280501154042861,0.24211606590601514,0.27118872600585076,0.33430652479637285,0.26057571209150726,0.22647094591690634,0.1729420295753214,0.38739175161280914,0.12009578716681331,0.24177895855351864,0.3086938264099599,0.14636695178501172,0.2688291608949876,0.19835671529987323,0.41561250176162146,0.31181996170237886,0.13124315058640865,0.24183808363941406,0.11184514891721124,0.30616167637279185,0.23976077887040592,0.1741185965270933,0.058036089677258006,0.16359542150900624,0.37949437942014475,0.29942663110248835,-0.05259582778784093,-0.0772950987366841,0.022518549839111782,0.03325958497750266,-0.03474272816588359,0.026351594813326638,-0.023123398190076434,0.03973753271676782,-0.04984686216789227,0.17456610176047932,-0.07717041972138816,-0.09333398223255021
0.4272848144043065,0.6314270901509522,0.7061939588012418,0.4803765334183762,0.2863846724367019,0.40499047301864766,0.43099951302680894,0.3617999226307598,0.3676290305598397,0.23199968961632048,0.6745442030579819,0.49691567302755546,0.3871873607666358,0.3516417044894345,0.3050421358950838,0.34291462615986273,0.369003230175776,0.47007357757122,0.21043814792556267,0.45745409077895305,0.32885869696240383,0.34940021493858536,0.2145342980632092,0.2922852577935312,0.255433182179593,0.39159054681943606,0.33525240296251557,0.1467216289396028,0.39855155149021093,-0.005244141159457125,0.45228109124183496,0.381066730649962,0.11260183587256108,0.3117585052894433,0.2642224039559445,0.4369845836334877,0.24866697287562115,0.2546356997340779,0.37078481665550417,0.21453030007337467,0.3111507280509224,0.32505547451244904,0.2589857186314945,0.05077638832631409,0.17030247676767468,0.37563734414820377,0.2996612597090693,-0.04182940944070418,0.09932109388344001,-0.04821353790824158,0.001016014756342286,0.04293219181423475,0.12044875394507001,-0.14809141719650373,-0.09854745569326125,-0.024067568598686494,0.05355641734641858,0.06592195270032669,-0.2613023487901692
0.46974723305892274,0.6666840798299563,0.6780902105327238,0.5355070712861136,0.31858653298311984,0.4023711819423099,0.5185971411345219,0.23740228685716944,0.3893144334394299,0.2691873390991157,0.49691567302755546,0.7684724057319079,0.41266566875164956,0.38583134498766847,0.25986432021172456,0.3860154257560726,0.4004286192849441,0.5092410597058221,0.2817111614371214,0.38543265091029744,0.33378853791871915,0.3843077632864248,0.25177197904502174,0.28894145165170704,0.37772592424147305,0.40452045446520835,0.38684343978367625,0.1517297691771941,0.33279115761776373,-0.07218629150835375,0.4218110171932804,0.43932359934998816,0.11131614628625541,0.32281910881903103,0.1549526954897418,0.5164280820602255,0.14889008806930523,0.23040910950110893,0.34270113965081556,0.20235795463351092,0.2874103162104502,0.31742696909283563,0.25518878825032215,0.05194281391846151,0.12663053125339874,0.3757525926543946,0.282527903188008,-0.07722894182502649,0.004856229664013283,-0.18620673645286998,0.05534666626965782,0.16155452134938864,-0.09728519270890659,-0.12748341653739712,-0.1531235835756889,0.05884776284762405,0.030330194083555015,0.08046352503334214,-0.39646382911692923
0.465726114280973,0.9482624934130752,0.6785545303094466,0.39600477949177365,0.37419374987296156,0.4611133249422201,0.3768075825367505,0.4422382683176615,0.41058005859827174,0.2838457944273773,0.3871873607666358,0.41266566875164956,0.8187460019442515,0.4187663356548792,0.3157423840637462,0.44645165464458114,0.4420971334133521,0.398841359523243,0.4812730454353955,0.4011597153589849,0.34264120429768524,0.4630558345485222,0.10706533663732012,0.3264296993544725,0.4234742403488622,0.3486865637332962,0.41167454914929424,0.2565540660912959,0.6202193014425958,0.14812249948493017,0.43486407558455487,0.47594656120231327,0.15111756800148082,0.3321200369029856,0.40492124001548396,0.48949341458610857,0.3516096587603695,0.24148017360289958,0.39743526668381113,0.21060413540730102,0.42242550645767696,0.3571288958328815,0.2865967608658206,0.06511019998155035,0.13117358369522772,0.45058678666395574,0.34442050850186523,-0.06321008934072352,0.22280538746863962,0.1348579281411373,-0.1735358893125742,-0.07394291101873801,0.060659461788086025,-0.04445015450958146,-0.020010418506418947,-0.1126840493650036,0.09518285540581115,-0.04595398309106306,-0.07545555944648465
0.5395731139972946,0.7636325242118912,0.6147791505584084,0.4568211413939127,0.302421785737085,0.48046805947632987,0.3390772652076999,0.4440987898553377,0.354313402756476,0.30113053063935386,0.3516417044894345,0.38583134498766847,0.4187663356548792,0.7521518190013353,0.43642255437190397,0.35199607143074163,0.3697463901869236,0.3551437354719185,0.3250772493881069,0.4159253348047997,0.3512320223425003,0.35250178400975896,0.17838161398517735,0.3382480357305619,0.4318052323475848,0.42725313252755914,0.3544063997450956,0.22530544674503128,0.4460007229314265,0.15016155823592073,0.45478599219343885,0.582696937702451,0.15129781832590658,0.22059820896920213,0.3023151573820932,0.5092153516760607,0.2808353373310253,0.25825386848348775,0.3089389764718082,0.22913695138108436,0.370291520628623,0.35629201607557437,0.23092318131894804,0.06735480658308289,0.2390453582174734,0.4083157014600961,0.3436212827733501,-0.05757506079114987,0.0389139953459718,0.08057554165125246,-0.058489710297669875,-0.033982351451857885,0.06717873313922594,-0.06627404841941364,-0.026271727089302838,-0.07238845474586555,0.4061656245472285,-0.031104966559017504,-0.23606110802499194
0.5272044464165822,1.5319049954604296,0.5811314355077234,0.30399795620850045,0.269392643215028,0.3681133495546915,0.1756613151801304,0.36544459343038177,0.10803119923098188,0.4029930562628111,0.3050421358950838,0.25986432021172456,0.3157423840637462,0.43642255437190397,1.2052862262606974,0.11004320490777911,0.2569513790161609,0.19953543466911663,0.16596235183187033,0.4425229481556697,0.2942055152491595,0.08257127745445238,0.14578084854105888,0.28311759993861846,0.3504768297769924,0.3122208005961682,0.2543531771037003,0.25071288885993176,0.4561651667064786,0.28747903092831817,0.3148861705125608,0.3481270612796551,0.15849638072302613,0.209435459624715,0.2946327846048724,0.3831560156261979,0.36459713926595505,0.2152582093273084,0.20245368433500058,0.16928860380466187,0.3568379050697544,0.2927464209345412,0.262607229013788,0.051446991247468224,0.3041714123374066,0.35843304745212107,0.30622981009775097,0.009235744951992149,-0.05000752315972736,0.06005088633370488,-0.08557051219575859,0.012088488927433376,0.06889222643831772,0.03394575331627247,0.10249532868517582,-0.013526260542507166,0.24286098015803398,-0.046256697696115484,-0.1275646352503341
0.37168413677175227,0.38897425763964255,0.5475588130935446,0.43674486828063,0.3473464967305671,0.3373881813676212,0.41487185060252846,0.3157067473991115,0.3934748112068741,0.26645534017101363,0.34291462615986273,0.3860154257560726,0.44645165464458114,0.35199607143074163,0.11004320490777911,0.9320057896664207,0.3828968497717326,0.4966725841153255,0.4755490947107525,0.25002785523943216,0.34384889830705206,0.6222096931614597,0.30315478968209736,0.3101836609120819,0.24750349295099566,0.2352052199613959,0.40188847902781416,0.27358478336532166,0.46973334570809006,0.12383977423896744,0.3514053117816959,0.44838195048723734,0.13690977630670514,0.3271889072785095,0.43167116476300044,0.5140529815442011,0.3736176461173207,0.1818091061068019,0.42666055323450186,0.23099143245988804,0.42892957958626043,0.3809392862159072,0.3533066163053129,0.09247017006452733,0.06461627101330386,0.36624064654541455,0.3754792570853266,-0.09362870442909169,0.3054104761212804,0.00843099984210363,-0.15970425198774926,-0.05619588323374461,-0.05241468263350876,-0.10220996278671626,0.038400698619669695,-0.02512186490418529,0.006275798925991062,-0.03459807744874805,-0.06548943031387684
0.3565018450509715,0.6613197626654671,0.6300929307706484,0.38142490023257203,0.261129909405481,0.40847743608184234,0.3695564727002471,0.3462214157290951,0.4081143534365126,0.2903955534656996,0.369003230175776,0.4004286192849441,0.4420971334133521,0.3697463901869236,0.2569513790161609,0.3828968497717326,0.8349294612796737,0.3882381206972667,0.4045055856118771,0.4281051532679368,0.37082064705767537,0.40509559747225105,0.15696570653278616,0.29159800782374956,0.5024700556091183,0.3308195142696087,0.3513202372473424,0.36189325970046243,0.46252108550234455,0.06355528585476623,0.4248077932443167,0.38339223410651996,0.22298795469488134,0.3065320314741337,0.3741674331610774,0.5165276696809765,0.3984853927452318,0.2663326325501584,0.45149042233325876,0.24321102759975935,0.3852026455026295,0.38115564260230717,0.3064986460466525,0.0752798850079103,0.2632425663914714,0.3432932016208262,0.34269321324608376,-0.05786588645516606,0.05682469851630034,0.44247906429156786,-0.13720596262140686,-0.004731670326536471,-0.1756950534820429,-0.0815463604217697,-0.1936753226708971,-0.05954908602086797,-0.025853096800828198,0.09547825373074285,-0.14974505699727636
0.4482085110628033,0.3568787541519815,0.7691894926762677,0.6749081886459052,0.3905544623215761,0.4564619895483942,0.4714071937317618,0.46377854348764663,0.4532870189657649,0.3196612020552559,0.47007357757122,0.5092410597058221,0.398841359523243,0.3551437354719185,0.19953543466911663,0.4966725841153255,0.3882381206972667,1.4188223731997358,0.3234176611539927,0.31883415819953154,0.462597873084185,0.4778989067502127,0.4706583235835655,0.3461926952676176,0.59116697975901,0.4859939894343286,0.35754884287003613,0.22831305003693217,0.4283556511304533,-0.27021558201382995,0.9139223690095802,0.4506210509629477,0.21269084393028667,0.38182847627964395,0.06311453659108263,0.666275588700971,0.22800754452575336,0.22076262418756118,0.2704012299298102,0.21345111355862667,0.43651375369177375,0.39964196439207744,0.2315644394405885,0.05821238901319714,0.0726842433708875,0.44014887477788295,0.6040375795817301,-0.12414881518418824,-0.5482468302058584,0.21302001927404524,0.28239461022603335,0.10281700087106181,-0.42650313203936707,-0.18577768602012984,-0.06266075537384612,-0.14371321839088969,-0.013261193891990708,-0.01674785643608637,0.012547997305339374
0.4193857220022891,0.6684339226170409,0.8023282329025714,0.19527532536227632,0.15847836715190675,0.3552747987521489,0.3297365982247181,0.32508513335689315,0.467253826686699,0.310497221282729,0.21043814792556267,0.2817111614371214,0.4812730454353955,0.3250772493881069,0.16596235183187033,0.4755490947107525,0.4045055856118771,0.3234176611539927,1.3939399668598633,0.05054946521706698,0.3898596191083537,0.486728381590236,-0.040693429027648255,0.29026989736688635,0.7155747099210702,0.22603572527801516,0.29930787092887723,0.39439820177539753,0.6347953210593564,0.3097346053270928,0.46592679608623566,0.38193643774598757,0.35801850104554106,0.18539738657068267,0.3169028513886308,0.46091797798390205,0.5140150650480301,0.14464975011621795,0.41912235046326296,0.057875426719632736,0.3909954747332876,0.3139958284238978,0.2568708000510733,0.05649635668641054,0.1782764778083059,0.38542659759480324,0.37899153393189977,-0.06663168300686834,0.10676492111177086,0.5347955332062273,-0.23916443514382202,-0.014695553165194455,-0.24065952253832237,-0.15956570919780794,0.02617725426903473,-0.08190620042995798,0.03247190219775103,-0.05065836220235516,0.0639052331114667
0.3674993802379173,0.9598497574253165,0.4770079210911687,0.43005524483969754,0.3434451884948928,0.4268803858765502,0.348618112848039,0.3920827896254134,0.2803055544710276,0.19321927294076127,0.45745409077895305,0.38543265091029744,0.4011597153589849,0.4159253348047997,0.4425229481556697,0.25002785523943216,0.4281051532679368,0.31883415819953154,0.05054946521706698,1.3135069258492509,0.29022283523714515,0.2535295402985823,0.11909842007959844,0.2980675695401713,0.056969483527927536,0.35129784146786347,0.43566012611168903,0.17545449268434776,0.5286200725538052,0.5749750696533961,0.5042875049591048,0.39387922387252944,0.1008893802030487,0.49238483473598155,0.3039654238089411,0.41887763298184033,0.7459086539145697,0.6132540859254322,0.5121639698857288,0.3243461437207406,0.5617825767793342,0.4325118312382267,0.4390206565619036,0.07238289517678587,0.3998501937351309,0.43174590819442954,0.5247459503109869,0.05723319566825662,0.5243042385750172,0.015657378902500955,-0.2892517728127769,-0.01221947508250526,0.1682402675801975,-0.05767621679500029,-0.08127273784174226,-0.024781842492041847,0.1275556484358625,0.061668881695040784,-0.22280873328406506
0.39260068749470123,0.6701669032308072,0.5968577010541467,0.3570582074156824,0.2695523019989029,0.338283062670786,0.34021034467529776,0.33663137245876273,0.3782784136279963,0.2336003956053595,0.32885869696240383,0.33378853791871915,0.34264120429768524,0.3512320223425003,0.2942055152491595,0.34384889830705206,0.37082064705767537,0.462597873084185,0.3898596191083537,0.29022283523714515,0.5995698232803552,0.37002606775448743,0.18127875970152796,0.26801611410050585,0.40648296525383715,0.3872710519964876,0.29348581644244137,0.3082773407445052,0.48213705048331884,0.11218522064056267,0.5291981199763326,0.39118597908229313,0.25490845428880216,0.20135556530547682,0.29708687968730296,0.5804954233269414,0.3846614320431309,0.21875263408675527,0.36037058642243025,0.25535875920772977,0.5061092126450352,0.43280442955961024,0.3114103182356516,0.0742540330653027,0.31884138801818884,0.354318899368857,0.38864204358210447,-0.05084573438220514,-0.1303875123288649,0.17957019950192624,-0.004425612583747056,0.02007533615907847,-0.10591212620397071,-0.09710416369364168,0.012222119974502586,-0.07658082900862746,-0.0029794855525493258,-0.004241888686953126,0.004362780451692303
0.385359618166371,0.4932238924052655,0.6774836757797739,0.40076895664108475,0.31344612710631814,0.36601604718409747,0.450257536812205,0.3147931405518602,0.6082262819988048,0.280501154042861,0.34940021493858536,0.3843077632864248,0.4630558345485222,0.35250178400975896,0.08257127745445238,0.6222096931614597,0.40509559747225105,0.4778989067502127,0.486728381590236,0.2535295402985823,0.37002606775448743,0.7515726724111782,0.3240355085602429,0.33343484751159314,0.18061243661789764,0.3153592492330737,0.35592352856491294,0.2261017762114277,0.4778837263427566,0.09868962943189603,0.3885439185459541,0.4407716625796662,0.19047398734074986,0.339203399210493,0.2700166521966857,0.538662722141786,0.3719435147841861,0.20406828236097427,0.4500182165598473,0.19240563769875807,0.3837135561590188,0.3560134588208718,0.2757940779500598,0.08234870804117508,0.019431638861889033,0.4114732091098792,0.35979513616575526,-0.12251466396100835,0.36975246054011857,0.1252850183456779,-0.14569194305872027,-0.03486761179656867,-0.0665441678581315,-0.12819220065259995,-0.015910410748983115,-0.008021180830104533,-0.0016406143212949194,-0.062300433046682535,-0.09888589077199587
0.1416068983976748,-0.6916113178716817,0.34324048588459055,0.41277494989110247,0.23331590339617592,0.2143398627202546,0.28695333926914063,0.18784092305240865,0.28373680957745434,0.24211606590601514,0.2145342980632092,0.25177197904502174,0.10706533663732012,0.17838161398517735,0.14578084854105888,0.30315478968209736,0.15696570653278616,0.4706583235835655,-0.040693429027648255,0.11909842007959844,0.18127875970152796,0.3240355085602429,1.4020161828145534,0.41019418053032597,0.24172548967002078,0.11138190774018124,0.1396085915620224,-0.14999707422762426,0.4008239648837991,0.08549522475229585,-0.22307221553585826,0.17803006047185624,0.07682752507916417,0.34222026981877446,-0.2619776075242732,0.5274590970293319,0.27997327092516294,0.075159084719207,0.3370276229394782,0.1795026132966993,0.17688270226947414,0.18343540407702297,0.21384421255205446,0.09288225420852918,-0.10670193496326968,0.37754947796382143,0.33474407701636744,-0.08267214088921844,0.010426485176209511,-0.013844601326215343,0.12425176345470379,0.07097627506490825,0.023465847505736916,-0.11102280693807402,0.00817370592819358,0.0404760007903835,-0.01797770310557572,-0.07636450957028502,-0.08592520450837451
0.23501284116357593,0.30655855658082465,0.48252563979306307,0.3795708523935119,0.1958961509425593,0.40360692679750265,0.3189768329775356,0.2718262244618573,0.3527709859627329,0.27118872600585076,0.2922852577935312,0.28894145165170704,0.3264296993544725,0.3382480357305619,0.28311759993861846,0.3101836609120819,0.29159800782374956,0.3461926952676176,0.29026989736688635,0.2980675695401713,0.26801611410050585,0.33343484751159314,0.41019418053032597,1.01436955344666,0.5326576364839474,0.19629529852069674,0.23368833997342633,0.1284024824003608,0.45735829458009863,0.27786450110448624,0.5516690014460475,0.3632873986304524,0.13373627285166184,0.1941175792026768,0.1411218011733632,0.5229592107429261,0.2483722875092494,0.19352280876179973,0.328113112740483,0.1348153819256583,0.254049935444225,0.2635932562654297,0.08102587603557031,0.057429077794063144,0.07108013778169817,0.33663142319441397,0.3632392745920032,-0.08252390991785719,0.14377811875476132,-0.004678517646382208,-0.08806136682631979,0.12728585599156766,0.05209563558719702,-0.12138780574707173,0.09307446134143249,0.07234446820661056,0.3361626593582619,-0.37508471674864896,-0.12093224393379728
0.48556713416220754,0.13710778396699652,0.7386913415396208,0.40706314398037446,0.05173043923815372,0.7248096194917635,0.3276062837266366,0.4414148302881968,0.18606616708351942,0.33430652479637285,0.255433182179593,0.37772592424147305,0.4234742403488622,0.4318052323475848,0.3504768297769924,0.24750349295099566,0.5024700556091183,0.59116697975901,0.7155747099210702,0.056969483527927536,0.40648296525383715,0.18061243661789764,0.24172548967002078,0.5326576364839474,3.82877640029767,0.3446211532899107,0.27757422815863986,0.16574116550863216,1.4136965724970756,-0.09426162255189666,0.8704897749682923,0.48562732531373076,0.19053864333028378,0.4449137385190966,0.1782058345356091,0.6524358616217742,0.14699373088753148,0.2596503859206325,0.22871630673891222,0.16061197431027507,0.32802831916131386,0.32516492165973854,0.30262291336244274,0.03650287206627592,0.6830919927201321,0.7780704363392349,0.3676651898876489,-0.17230830423286603,-1.4574809228941656,-1.1184426745981255,1.1164065235921563,0.3385498464778953,0.1930388012304004,-0.3767717501424099,0.02022818239100081,-0.18159862744765828,0.291426261283919,-0.075615689338391,-0.07874344864778836
0.4423285485992605,0.6575423040283163,0.678089482282082,0.44378181282455864,0.3523811694479447,0.5051662163824503,0.38012810596498275,0.47097909170124097,0.4256584868447664,0.26057571209150726,0.39159054681943606,0.40452045446520835,0.3486865637332962,0.42725313252755914,0.3122208005961682,0.2352052199613959,0.3308195142696087,0.4859939894343286,0.22603572527801516,0.35129784146786347,0.3872710519964876,0.3153592492330737,0.11138190774018124,0.19629529852069674,0.3446211532899107,1.3982914323538898,0.2834187230419308,0.21730454777354838,0.12612608989056429,-0.22523867491222507,0.5562725247308397,0.4966715727277202,0.2675076899785873,0.3229638337417556,0.054599739745259675,0.3818514849850227,0.07706199484497901,0.24968133617798652,-0.27077967477367426,0.1391313364635279,0.21230331541747338,0.3765060603376948,0.21519842711214657,0.0023116655110818375,0.0424872525653043,0.34967003901507165,0.1711499989842983,-0.03573773812638244,-0.15253433763227406,0.09137878389851231,0.042255615226492356,0.1882376374841805,-0.2711777559533524,-0.0969651441934967,-0.15073072727859374,-0.07100040244808556,-0.01603002266618278,0.21363902808622945,-0.1989261560504342
0.37504460792441163,0.6208038781492385,0.5232283770441101,0.36748774276428053,0.27542363076246124,0.3588080753581207,0.33310900095590035,0.3226321857665029,0.30635346511636735,0.22647094591690634,0.33525240296251557,0.38684343978367625,0.41167454914929424,0.3544063997450956,0.2543531771037003,0.40188847902781416,0.3513202372473424,0.35754884287003613,0.29930787092887723,0.43566012611168903,0.29348581644244137,0.35592352856491294,0.1396085915620224,0.23368833997342633,0.27757422815863986,0.2834187230419308,0.7008426243883913,0.2624501049585448,0.3272897102269771,0.13438223812707598,0.3605998016015718,0.4299963725312042,0.22910696330576155,0.29436343499787293,0.3017202208949643,0.47350443942647,0.34933302326092036,0.24340492678442316,0.34655342256692523,0.20453218723421457,0.37402072859206725,0.32587453625661583,0.3500507706949468,0.06456510513010591,0.15389234761912585,0.33538968864963437,0.3000578202164242,-0.036558629716441186,0.2560921762532768,0.04392311872445474,-0.1701032844899082,0.055290976037696206,0.006781874275042244,-0.07514293234627055,0.005520954339289102,-0.043529678630138915,0.15362465665824765,-0.034940499485555665,-0.14876410359425052
0.3071384230670033,0.7332393348706713,0.3654320219470777,0.06121536998752618,0.0836214470994673,0.1431434208375906,0.14049934239385128,0.1558352798442533,0.2046262944465207,0.1729420295753214,0.1467216289396028,0.1517297691771941,0.2565540660912959,0.22530544674503128,0.25071288885993176,0.27358478336532166,0.36189325970046243,0.22831305003693217,0.39439820177539753,0.17545449268434776,0.3082773407445052,0.2261017762114277,-0.14999707422762426,0.1284024824003608,0.16574116550863216,0.21730454777354838,0.2624501049585448,1.360590654602975,-0.06106427440004985,-0.0007396207753461953,0.3465244250341005,0.32144023680794154,0.6324619615127673,-0.05859643572700513,1.1298773264053623,0.35665692544139577,0.3767435830198703,0.14663069966348846,0.18900597148486475,0.33168817380952836,0.36673061044227107,0.31020848204402773,0.3615825000015551,0.11629099375847214,0.39349255606884515,0.02409960728629362,0.18681418545482217,0.029238110648172513,0.015345618643305114,0.5860586632494874,-0.19462660370855128,0.6110806124228713,-0.9724700257526039,0.03416138533341547,0.3287112285765052,-0.06643258144662108,0.21583057428309121,-0.22520921164201463,0.2226688087234392
0.49850499325865494,0.5967339968343401,0.8285880758595459,0.4005028925912284,0.2755243743484506,0.7395314968359814,0.3538964675886093,0.46924506754731676,0.4092995187985699,0.38739175161280914,0.39855155149021093,0.33279115761776373,0.6202193014425958,0.4460007229314265,0.4561651667064786,0.46973334570809006,0.46252108550234455,0.4283556511304533,0.6347953210593564,0.5286200725538052,0.48213705048331884,0.4778837263427566,0.4008239648837991,0.45735829458009863,1.4136965724970756,0.12612608989056429,0.3272897102269771,-0.06106427440004985,3.668226358046774,0.6965528404364681,0.20827624163207267,0.38299200343486406,0.20263275416160917,0.2849125033620861,-0.04649310688741787,0.7072401572543282,0.910131400377641,0.23194823696049743,0.550547059489494,0.20780532712747105,1.0475149281947604,0.4219940006765168,0.37336148023118954,-0.021786882748212277,0.4289035036254504,1.0606314700790136,0.6879369846832099,-0.07962343482713145,0.4787276324121355,-0.28290204395888513,0.27380276133731773,-0.40602458443474754,0.4722388186116628,-0.09319778935655619,-0.14602311824101835,-0.15654536662787352,-0.19381699304712824,0.16749676606855265,0.11541259931601874
0.08342225341286527,0.5320984046717036,-0.31298374603050827,0.0025165846454200027,0.17450995044041176,-0.015142337728416425,0.035208289323808074,0.006929936162523644,0.011465047376609853,0.12009578716681331,-0.005244141159457125,-0.07218629150835375,0.14812249948493017,0.15016155823592073,0.28747903092831817,0.12383977423896744,0.06355528585476623,-0.27021558201382995,0.3097346053270928,0.5749750696533961,0.11218522064056267,0.09868962943189603,0.08549522475229585,0.27786450110448624,-0.09426162255189666,-0.22523867491222507,0.13438223812707598,-0.0007396207753461953,0.6965528404364681,3.8199841822483442,0.18771256155308405,0.0213183825552817,0.5166201438510575,0.059411072150674475,-0.05090871885221926,0.2027889039334594,1.7658999850947965,0.3308767316728938,0.7997852178201612,0.02131938202022291,0.6812284302459676,0.19933686491148375,0.5528294348124168,0.1060020796363195,0.7158384057157315,0.20443222016618193,1.5172130551803238,0.1164702683633533,1.1742493971890267,0.027353818480248614,-0.6966570916915813,-0.6223032937008138,0.7977548920892147,0.05635724822752347,0.08172170417285876,0.0776782352996303,0.035229952692389585,0.2635518563839775,-0.37080726272248343
0.5186606909850493,0.9213328537634311,0.6475098468414432,0.4982160511775592,0.34782526170174866,0.5283807050838139,0.408854711167131,0.41260371357493864,0.41400957850223424,0.24177895855351864,0.45228109124183496,0.4218110171932804,0.43486407558455487,0.45478599219343885,0.3148861705125608,0.3514053117816959,0.4248077932443167,0.9139223690095802,0.46592679608623566,0.5042875049591048,0.5291981199763326,0.3885439185459541,-0.22307221553585826,0.5516690014460475,0.8704897749682923,0.5562725247308397,0.3605998016015718,0.3465244250341005,0.20827624163207267,0.18771256155308405,2.9370021584609565,0.5364597752252512,0.21027802401687784,0.07240234818994322,0.19463745251101613,0.8301827515600493,0.05113402146045423,0.3052963194019399,0.12809811520131403,0.10353612824600655,0.5372829124534043,0.4266039209900717,-0.07595448644664503,0.0250922008070442,0.25073518380390986,0.30321813506070905,0.6324108522306078,-0.15214247763368421,-0.8502058762322187,0.13528949574637114,-0.004523182642706912,0.24449613749701163,-0.32911155402039194,-0.13349369072926137,0.015572903901305647,-0.061130394934168525,0.37711125512083205,-0.3054957757202093,-0.09716594396344017
0.5828780271408881,0.7200831240671743,0.692877390585089,0.43932672443593285,0.31319432238998374,0.5150266733146432,0.3875554072645269,0.4496275098087567,0.4047676638049436,0.3086938264099599,0.381066730649962,0.43932359934998816,0.47594656120231327,0.582696937702451,0.3481270612796551,0.44838195048723734,0.38339223410651996,0.4506210509629477,0.38193643774598757,0.39387922387252944,0.39118597908229313,0.4407716625796662,0.17803006047185624,0.3632873986304524,0.48562732531373076,0.4966715727277202,0.4299963725312042,0.32144023680794154,0.38299200343486406,0.0213183825552817,0.5364597752252512,0.9286825772566465,0.14785341330133583,0.19460985697311428,0.337686694651567,0.6106113760940532,0.1519894191419456,0.2632533229885076,0.2973646078137139,0.25649832122498323,0.41233509119420336,0.4011624788603191,0.13225062669336465,0.06154041090183627,0.2543946664480447,0.48569697977931614,0.3406830841287206,-0.09243569490357678,0.0005712785852605567,0.11873731794710778,-0.002248493889628146,0.14074916829638717,-0.24658399846525014,-0.0449841520317678,0.10848453612242315,-0.12913550719280642,0.8146956370761851,-0.3302106242064803,-0.35524548560735747
0.197236125755466,0.5196142051094642,0.31932335815436763,0.25151882621060423,0.13752694317719288,-0.062163198057287816,0.15646604305214812,0.13779535379376065,0.22975320450865558,0.14636695178501172,0.11260183587256108,0.11131614628625541,0.15111756800148082,0.15129781832590658,0.15849638072302613,0.13690977630670514,0.22298795469488134,0.21269084393028667,0.35801850104554106,0.1008893802030487,0.25490845428880216,0.19047398734074986,0.07682752507916417,0.13373627285166184,0.19053864333028378,0.2675076899785873,0.22910696330576155,0.6324619615127673,0.20263275416160917,0.5166201438510575,0.21027802401687784,0.14785341330133583,1.6252795848409527,-0.05220767747581774,-0.33655365532504683,0.15833025176458787,0.7695880449176975,0.11451795558424879,0.09036871856819773,-0.04730118877658787,-0.1149068748762626,0.22949678174902974,0.2020833278998508,0.10448465674089881,0.11106367365292565,0.03870495086084204,0.4622893050399197,0.031799560133576495,0.06295824001742216,0.4552286490071783,-0.13598451078795784,0.32531695806797384,-0.2900227610638995,-0.24383086292874057,-0.03751800367390251,-0.14075564760925463,-0.15071604818252046,0.1041735837190963,0.2507061757054777
-0.15418955300091283,0.3173203707408614,0.4381783999333738,0.4913943300655927,0.32689836748749057,0.3660113265599321,0.3437526030061249,0.35949985562748177,0.30188659994874184,0.2688291608949876,0.3117585052894433,0.32281910881903103,0.3321200369029856,0.22059820896920213,0.209435459624715,0.3271889072785095,0.3065320314741337,0.38182847627964395,0.18539738657068267,0.49238483473598155,0.20135556530547682,0.339203399210493,0.34222026981877446,0.1941175792026768,0.4449137385190966,0.3229638337417556,0.29436343499787293,-0.05859643572700513,0.2849125033620861,0.059411072150674475,0.07240234818994322,0.19460985697311428,-0.05220767747581774,1.9742022028430324,0.2074114915363835,0.21436855407136476,0.5304627222110697,0.27849666922503774,0.3258405822105085,-0.010019227838023772,0.21024683738104563,0.2806520674631667,0.5435801450649668,0.07922298961281804,-0.15004385723742128,0.4302263086213174,0.29348974101628655,0.026204967432704066,0.7580500331070358,-0.4143108257310627,-0.05607913157745875,-0.04064348796332522,0.3427590619689013,-0.16792263579918174,-0.19133670459156385,-0.007440850912961028,-0.37283715166516707,0.15655678898905198,0.14168178159168685
