1.4572788850146778,0.41406253953011024,1.0031875266296042,0.033607958500094584,0.28351671944622064,0.33829787075278184,0.36256398242994353,0.23254390882806592,0.12164450088189331,0.14723026792914792,0.30365870533482264,0.3247083111577885,0.11409675346677949,0.26161821237608834,0.23982326076136057,0.17265755652191156,0.16272637243030624,0.2770289258170215,0.10869093520654774,0.22454201405303692,0.2001190307955842,0.2318169934926806,0.13002537637257136,-0.016040830767532738,0.3205385419186797,0.16024715385075178,0.37756936448195133,0.1550226102531739,0.23847508997420896,0.12804886206434093,0.16025584451638383,0.27894659458455107,0.1046215119207587,-0.0840164469413038,0.1948731137302141,0.1636275293975723,0.08362149189287173,0.4014175669556266,0.31648302139841716,0.22495469052436406,0.2209901379497649,0.18083984082045834,0.23992770815883294,0.19794762856908382,0.31357013960862706,0.15939480999600422,0.25202909371034515,0.026281777880372115,0.3789249436661274,-0.1543900092403029,0.02058439043944979,-0.005403853283547249,0.06205374120966524,0.05198426311577759,-0.16565864793925716,0.03584228332958312,0.4543103256664582,0.5495122354141379,-0.9074283407566542
0.41406253953011024,1.5190251550862934,0.9431598493630474,0.26432248823424304,0.1296083528721177,0.31972683337964314,0.25415495970365276,0.25576506038271446,0.2175918859706374,0.29189435020435744,0.20128944116120823,0.22357016509253835,0.11552415750958807,0.12676324043183906,0.41873517867521576,0.13629287566317275,0.3561583828010807,0.25903016765852044,-0.0021595879512492874,0.398908458941308,0.3373306235103325,0.14113963541012148,0.13530472648514208,0.10870175079799951,0.23655047536706783,0.22712269176558156,0.38398181703452905,0.2576040108316798,0.41919929496673686,0.0604015052403593,0.16569738721530097,0.13266995159268855,0.11139722955674655,0.23229657920155408,0.3071458471886128,0.2800582171782683,0.38372431081476427,0.31581078365603726,0.26542798138976376,0.24696821990981024,0.2589388102706346,0.3027603792324066,0.4019296245992638,0.039391358481622146,0.5869365220714422,0.10412253092524504,0.18430026197568405,0.06957240375408748,0.0942507804949185,-0.047441044107620574,0.08730011135774245,0.20270235852102433,-0.0522157304197857,-0.05158761467472151,-0.0858867292595016,-0.03366080882030748,-0.3792192570796604,0.23650868251623194,0.11788538869574423
1.0031875266296042,0.9431598493630474,2.375382128892128,0.08261804928904946,0.014232163139568174,0.512658965771497,0.3269367158830144,0.4587139998811309,0.2507160217920621,0.5328437765491779,0.35838932834203735,0.32625608399619266,0.1453303710599369,0.20106311649044342,0.38021639922240624,0.11909995604723941,0.43755007084851727,0.20135493431572485,0.16369777548757702,0.31865695684181095,0.3342004010338464,0.29403534229958267,0.19460037559103718,0.22514961961908903,0.3915479146633081,0.24062883107369396,0.47037480457507735,0.23641067681833797,0.49058181145873814,0.029596325989770064,0.21788278166533284,0.2218937826840497,0.07182578977421955,0.1737196607765055,0.4207908054033371,0.350767615283533,0.2546350681795659,0.3834534070284578,0.46190307055283825,0.2567519932843289,0.27825117359780216,0.3155875673912785,0.350223204003472,0.12834569634773904,0.494735330863295,0.1987843345372671,0.24151198839074736,0.02921919205351212,0.22774340025137027,0.020880342287020494,-0.05524252900258302,0.14060808788028112,0.10222674635344636,-0.0891261007068454,0.08018779533646939,0.19060717756835727,0.061817713445699814,-0.1125016913051199,-0.22657568203471867
0.033607958500094584,0.26432248823424304,0.08261804928904946,0.7203299029309544,0.4046185283935755,0.28685681937994234,0.2598392011344647,0.11761675652162547,0.14640859821717686,0.1451707213915065,0.10993638668187775,0.2106491287981594,0.08372886286078894,0.1350570658146657,0.17732922247508776,0.19390838453179388,0.18479347325327075,0.1569581996080755,-0.042947758789446414,0.19452359564335187,0.20754601035827788,0.1458481890022271,0.20395756898140222,0.13816867150894796,0.12290948923911905,0.21158790504554933,0.09476631197004284,0.05487257483854114,0.29877748805782456,-0.009157041369387066,0.05693504627127764,0.11362723965342876,0.018731771615672247,0.2919120552916939,0.15504801423832493,0.12246249909034972,0.18802501976371014,0.13123795154592136,0.1413838009730339,0.13528231097256121,0.14842838191767635,0.1802457916099694,0.3197757534126809,0.11789799699465289,0.2732995268116045,0.03791325900087908,0.1354579369576915,0.03000982943001468,0.0702074998019221,-0.08938492909695156,-0.06237668977129469,-0.012370862728504647,0.11644287032042346,0.01800747053129063,-0.09237491678757663,-0.06012158474539301,-0.5216411673583833,0.31462814463720457,0.22278371707074196
0.28351671944622064,0.1296083528721177,0.014232163139568174,0.4046185283935755,0.8171680036705563,0.24624272289466434,0.2533714550915965,0.16998249286250036,0.11481406977042315,0.0902879558042557,0.15674162237174952,0.18859670359923147,0.08088603271456553,0.15570912952816568,0.188412126682413,0.15887924392977032,0.04449415343484943,0.13292096666045985,-0.10776492343966544,0.19553681788399668,0.08224514827656672,0.059460826133608397,0.1642100066603171,0.13466690961399017,0.13568378084929264,0.23361431864067317,-0.014769642344265772,-0.048356512345580666,0.23237346721770272,-0.050864431032839906,0.09042787225336109,0.17992673628927927,-0.1038596982677501,0.2581434127857769,0.10698638033072094,0.05068178370760827,-0.02673769608699643,0.0467784185513089,0.08140368789363574,0.11521878524136041,0.19888270932837457,0.08995544133455129,0.09428624793081332,0.07322191239823983,0.12296993694321269,0.030274958366507183,0.19019801835860875,0.01810572785222806,0.22043794045322482,-0.3208185926057771,0.02632420582803597,-0.11845760415939605,0.18718702810891288,0.1898005670208534,-0.09427861396602162,-0.012657961232023816,0.06636803720913331,0.23097369069878063,-0.20982519452949702
0.33829787075278184,0.31972683337964314,0.512658965771497,0.28685681937994234,0.24624272289466434,0.7761470962463907,0.217404359029602,0.3415321535809802,0.08746418429932412,0.13467495470314503,0.25944760140249595,0.21656720653235745,0.11197240482565625,0.18326123632647962,0.30035717992632954,0.18225513104979785,0.3221696788792693,0.11501936143386954,0.054608890758406095,0.35924783706426094,0.2593274736782714,0.19113995507407375,0.11761974325644313,0.2141499635221504,0.22850896819463132,0.2596315240455559,0.2279851644387205,0.11190306303067701,0.3987999501963678,-0.023777033117371647,0.17723984237389728,0.20619267831499583,0.00011945192751585297,0.2674659587404143,0.17847777547823923,0.17804583366119126,0.26496844470334385,0.2904193993129631,0.28402240555055486,0.18652177155653998,0.13884265292044445,0.224597047322495,0.2832808460983898,0.12883939414706064,0.46538724098920525,0.12069088424414477,0.2980852600609381,0.029422341628679318,0.12912154234412831,0.05585752377450792,-0.2661108783069982,0.06784144345658105,0.008247511177274182,0.04664832489409087,-0.10163799004038669,0.015276190110702999,0.01033604997762616,0.24492341477650365,-0.24879957540754286
0.36256398242994353,0.25415495970365276,0.3269367158830144,0.2598392011344647,0.2533714550915965,0.217404359029602,0.5168968450540343,0.05040532573090181,0.25196300166771335,0.11648054088710989,0.22532813066323618,0.3328824595540701,0.07655091506188334,0.12480955383715904,0.05221113003694086,0.21162981127625424,0.17679583400982443,0.218279065333757,-0.008598267207780357,0.206100659884846,0.18833863239475437,0.1996467128273717,0.20775589815956602,0.15583648663956773,0.1528592912501767,0.16559578821163864,0.1582858874056033,0.04885707199838437,0.23304189779549161,-0.052073506960152845,0.15885367900570285,0.1538809033816223,0.061063251895359244,0.16645437371702537,0.09035327521833929,0.20838162455599138,0.15387638330411169,0.2414081056975802,0.23671621953954058,0.1265092636332204,0.11449051295046697,0.15913901690704133,0.22123739948874738,0.08622175596557928,0.292748183689103,0.1008895384395815,0.10125426933362165,0.02484629050779903,0.19807400891812002,-0.11495636972429327,-0.0382685873857526,0.03751053871731163,0.10484186910877405,-0.03819524676738765,-0.074688183494472,0.06422648396462441,-0.03653795737607574,0.19856505177675493,-0.26550850775274026
0.23254390882806592,0.25576506038271446,0.4587139998811309,0.11761675652162547,0.16998249286250036,0.3415321535809802,0.05040532573090181,0.7636146260876029,-0.006424425649165328,0.15925130580773575,0.23958454097224316,0.05586543744749977,0.1102342790854167,0.16095657284448514,0.23359065426026687,0.10606723716890044,0.32410183678336824,0.1263155087836015,0.10738949857917404,0.2678119772793273,0.1495010119085632,0.13550892745756624,0.13052513021496323,0.17120041260112082,0.2465268863053012,0.24425285670818345,0.33073062969558115,0.0892493371501295,0.20236008228840502,0.11859048213684636,0.14044223821560062,0.17228264979529548,0.08129048189939714,0.21529937418761755,0.1456095543616482,0.139935510507807,0.2255549987473349,0.2679308533264281,0.26142476173352125,0.14561800684226403,0.14806844173727118,0.14251715080752553,0.24292704821271277,0.16136615803749757,0.2690105868192414,0.12012121350831725,0.22819949180841673,0.04498704393698079,0.17941865026952433,0.09472894552003076,-0.08989771571989136,0.09871954614987725,0.06816843061672191,-0.056549389159043346,-0.09734699772319574,-0.028662358203915064,0.12185912871936506,0.24672037995548857,-0.23861810726588786
0.12164450088189331,0.2175918859706374,0.2507160217920621,0.14640859821717686,0.11481406977042315,0.08746418429932412,0.25196300166771335,-0.006424425649165328,1.0662475418656783,0.11544174320563973,0.0758122141382515,0.004347535182847239,0.028532072350978193,0.05215921976361721,-0.1408180601077151,0.029348879924849254,0.09603917021217787,0.08141619518579205,-0.2885487795426781,0.20220943558829965,0.08388901727139184,0.17826503494722049,0.2440793623853805,0.22568408850517307,0.020503482250301627,0.22265797872010765,0.0753423097059415,-0.022428511094219575,0.09764607218905741,-0.004360913827194359,0.09467322012730366,0.09021947264165654,0.023803816121074736,0.11369319320696054,0.08949754365550104,0.09833034791532883,0.04402223271145066,0.16048112822532637,0.19380826622300365,0.06415422331169938,0.04726597568450758,0.06952159183741521,0.13731050670361647,0.06967007158210928,0.10377431565236431,-0.04539439346869521,0.05159089863419602,0.025131235056853704,0.5565628445098599,-0.177278418019324,-0.05853494732589733,0.054652434079236686,0.23569723819348318,-0.0638037272234022,0.028519052714468016,0.1024561977612679,-0.07498003879709204,-0.022392720119124455,-0.10465721444754204
0.14723026792914792,0.29189435020435744,0.5328437765491779,0.1451707213915065,0.0902879558042557,0.13467495470314503,0.11648054088710989,0.15925130580773575,0.11544174320563973,0.8229802737847123,0.07941124549001247,0.16109639471388223,0.10159102863097806,0.10736629408543154,0.1650201827598136,0.0885149708064696,0.1970757585545429,0.06929614308576203,-0.03044894762970899,0.08979343448183977,0.08607859623712183,0.1177324801449095,0.1522231197684539,0.1380089161582594,0.147834881395858,0.13601981559704962,0.13006966861612512,-0.003909705532341774,0.22617104908913188,-0.04773892886980754,0.055477707917195904,0.09693280565021559,-0.05469341529741794,0.24351397591059734,0.17867716234458988,0.10659315470820023,0.0437353590407769,0.04419172887990416,0.1128325635133431,0.05604637073708184,0.17025157478750896,0.09830143682115904,0.15847176012176867,0.03689887076247693,0.07231895568303733,0.046361546182259836,0.08278388146948203,0.00047297013580372376,0.14308343769454016,-0.10746640401815236,0.021634015754616532,-0.07693931970914372,0.19515933258933588,-0.017844297700435774,0.14607890012739635,0.1634352823035831,-0.156242217901227,-0.21823221156357328,0.12652956877972946
0.30365870533482264,0.20128944116120823,0.35838932834203735,0.10993638668187775,0.15674162237174952,0.25944760140249595,0.22532813066323618,0.23958454097224316,0.0758122141382515,0.07941124549001247,0.7534881506154546,0.2936817262142401,0.08486116722225323,0.15808131472795495,0.1635715397916333,0.2564016426682582,0.30537209011415045,0.18968672814175697,0.03595104669689185,0.33905260467084863,0.20214303516074097,0.12686877457407666,0.12799132689975687,0.16547407217281146,0.2354083656689761,0.23184422474837998,0.2152856575421215,0.1255121766171664,0.29301399989446414,-0.03969660581406274,0.21360853780102892,0.16860684097852568,0.060570992721153835,0.1954475228245663,0.212685676333505,0.17193843082379595,0.20469241444302702,0.23495715017717303,0.24022693277873547,0.16991217722410448,0.1876608941506017,0.19008902792507953,0.21680921617793786,0.13148682480876653,0.2754260378446882,0.15136850169272217,0.18587528262907904,0.035923442712117795,0.060444256886708535,-0.044462440227492496,-0.09655458476244251,-0.02206464495129457,0.07074945889957275,0.040610549580074824,-0.13930139188429622,0.03690876628676811,0.08521889151702247,0.23404837430830797,-0.2966793481027174
0.3247083111577885,0.22357016509253835,0.32625608399619266,0.2106491287981594,0.18859670359923147,0.21656720653235745,0.3328824595540701,0.05586543744749977,0.004347535182847239,0.16109639471388223,0.2936817262142401,0.7421260023930457,0.0760870304006984,0.2234106455056862,0.13617510705000435,0.3038744916013175,0.20952507513614033,0.3124452121728726,0.11079720356501792,0.17568209989019307,0.20625030897060428,0.17306546347963098,0.19437579718248219,0.10206451052816712,0.2564749337852356,0.15393125188888898,0.29580358605087737,0.07447176911324606,0.28508776620790205,-0.013778335316649142,0.18015218876877961,0.20795881821830364,0.1079808631238499,0.19176260634429398,0.09973101489863731,0.3029892703081228,0.18058101523380005,0.23841841016238544,0.21961660555451748,0.14371912123788752,0.1714980837953913,0.18745117907930517,0.25964810482414935,0.034158857560998256,0.35780658937005233,0.13798839077385794,0.13372302263345784,0.030545950518577898,0.09049524034907266,-0.12891059783503686,0.010335897757006662,-0.12704092410937048,0.09510915570441868,-0.0061102855434945,-0.053004993713425895,0.0457176223453535,-0.06720932592369952,0.1727299908691872,-0.1869564715099095
0.11409675346677949,0.11552415750958807,0.1453303710599369,0.08372886286078894,0.08088603271456553,0.11197240482565625,0.07655091506188334,0.1102342790854167,0.028532072350978193,0.10159102863097806,0.08486116722225323,0.0760870304006984,0.2070752610641862,0.08282317359679897,0.06027485143522688,0.09121561430464203,0.09146906000583023,0.09419723351356436,0.05356726093849885,0.06787626373638435,0.08040806687819978,0.14470783970845374,0.07902650703801019,0.058084408110415375,0.07891239929642845,0.06851488361750407,0.08821236857874784,0.06384281478428779,0.11342994184688365,0.03665669940444553,0.06344469547606515,0.0861732705524071,0.061473754996018495,0.08679994844163187,0.06672925876357332,0.07441322761625549,0.09468872962123254,0.11421226904455169,0.08802510240554356,0.05286579178944188,0.08496733530768177,0.07707969841731843,0.11049377724386249,0.10760319761361065,0.023783538403499206,0.0814044228598699,0.0838600510210706,0.002053979995391409,0.11120320113472419,0.029690841305739405,-0.013623644199206494,-0.014639835920144005,-0.006059052163177665,-0.02068641847500232,-0.04717116325397432,-0.017590288707343617,-0.02084865712842878,0.1021943712166975,-0.0541064641725355
0.26161821237608834,0.12676324043183906,0.20106311649044342,0.1350570658146657,0.15570912952816568,0.18326123632647962,0.12480955383715904,0.16095657284448514,0.05215921976361721,0.10736629408543154,0.15808131472795495,0.2234106455056862,0.08282317359679897,0.48279433437155755,0.25371966051273376,0.29278717728863346,0.20866497632082376,0.11117234299576662,0.12811229685373948,0.2034168259664371,0.1732485768166257,0.16668667448241822,0.13305579904934492,0.16253619940866915,0.23046376748036387,0.20693689350093541,0.2160633016270249,0.11830548037917686,0.22613596239185588,0.2272873587281277,0.14358876411922247,0.3502592069520626,0.13498137612983382,0.20005347736621434,0.20951705138422802,0.16445062377884864,0.14002699034436805,0.2786114164963063,0.14360736685844497,0.13516318736975175,0.2890434571884849,0.17935040023609466,0.24095200783710094,0.17004957561353193,0.22252101989328782,0.10050814670229022,0.23375161087212176,0.03461715189962518,0.26435449628475116,-0.08446940335283717,-0.02241855431046684,-0.21876938887628283,0.17625950124219733,0.06722062285740593,-0.06987396562762153,-0.004804178277445793,0.04272448744263171,0.17588727340024088,-0.11925485547562042
0.23982326076136057,0.41873517867521576,0.38021639922240624,0.17732922247508776,0.188412126682413,0.30035717992632954,0.05221113003694086,0.23359065426026687,-0.1408180601077151,0.1650201827598136,0.1635715397916333,0.13617510705000435,0.06027485143522688,0.25371966051273376,1.0617777612095614,0.12588471480185193,0.18062965712815235,0.12319156222043298,0.09971397917635948,0.296590749608803,0.23522446803080968,-0.03365235991594976,0.25797569704685996,0.32801376257265596,0.3225831418210578,0.24916558850405618,0.19815114894337113,0.21120806896360517,0.28199961871878393,0.4988265401366418,0.17697853002611763,0.1732884266322088,0.11994744279232149,0.21473852027698923,0.28581161044392844,0.3298629223500446,0.19882996015349627,0.165722619210357,0.14823306789192275,0.1874380641609019,0.25175837587666533,0.24643607933664255,0.2844848546763052,0.10019643996106352,0.3885462591102295,0.13819765353126284,0.13416741865572884,0.08887251363330229,-0.0567756627606528,-0.04677297904142978,-0.07166084430965901,0.006176721960778438,0.029642072038733546,0.09013705247205324,-0.11741056218846166,0.07062157540648777,-0.12931076626571847,0.2445043827031701,-0.16627827541245693
0.17265755652191156,0.13629287566317275,0.11909995604723941,0.19390838453179388,0.15887924392977032,0.18225513104979785,0.21162981127625424,0.10606723716890044,0.029348879924849254,0.0885149708064696,0.2564016426682582,0.3038744916013175,0.09121561430464203,0.29278717728863346,0.12588471480185193,0.9468422491710153,0.21099865401163936,0.1516306969434902,0.1645884883532745,0.23347578804154046,0.18168982256579877,0.10892120857290316,0.07438737770286233,0.097507522624492,0.2165108166467123,0.14816739435006593,0.07877864948068262,0.13640426436870123,0.25001824198388944,-0.017688858357645002,0.14156055815877056,0.23490841322004602,0.09073996138770636,0.21653351298643664,0.20828901366528144,0.08748348563200031,0.2318670431467525,0.28229339657560615,0.1279995112778256,0.10613250186528414,0.2223297751239307,0.179816983850239,0.2484751667712633,0.12641099735002562,0.27047681823952563,0.13483081919866294,0.2531088574575608,0.02657022399019985,0.004086762019306869,-0.2700404009413823,-0.09268490249713936,-0.029116928086931334,0.08667681264767021,0.004382877649160436,-0.06403064941847135,0.011141536274305745,-0.11850867843429859,0.18706454926827726,-0.09205666887793167
0.16272637243030624,0.3561583828010807,0.43755007084851727,0.18479347325327075,0.04449415343484943,0.3221696788792693,0.17679583400982443,0.32410183678336824,0.09603917021217787,0.1970757585545429,0.30537209011415045,0.20952507513614033,0.09146906000583023,0.20866497632082376,0.18062965712815235,0.21099865401163936,1.3608734479195264,0.063813041469301,0.25585522791934995,0.5263683661823396,0.3953930522052914,0.1987922237966665,0.015168480734680898,0.032961087384096505,0.2877730332092161,0.007572234102791958,0.3777898450422774,0.354405401512917,0.4906774839127976,-0.3167636429145389,0.1112693754649102,0.14265103527264603,0.15485380037204902,0.2682950653637467,0.29902115714535266,0.14291024692450188,0.6885775651210458,0.46648004661601744,0.5315568171654096,0.2789919304650914,0.3206511118700096,0.3332737182591049,0.4517456057498121,0.2061188465970614,0.7569071464300243,0.2042958491245096,0.37530737166929723,0.05667598433773535,0.033500276910390654,0.7311113178454524,0.015349802609137217,0.1215181891977206,-0.2761292974298095,-0.12238965856753857,-0.06357721373647422,-0.05978225960252517,-0.1402749031446725,0.1403251523793072,0.05944700574081982
0.2770289258170215,0.25903016765852044,0.20135493431572485,0.1569581996080755,0.13292096666045985,0.11501936143386954,0.218279065333757,0.1263155087836015,0.08141619518579205,0.06929614308576203,0.18968672814175697,0.3124452121728726,0.09419723351356436,0.11117234299576662,0.12319156222043298,0.1516306969434902,0.063813041469301,1.1052042606318901,0.1018832891939973,-0.10091687492340566,0.26926353404644837,0.36313949340470736,0.46247949577838077,0.0034122038544195203,0.1972625058515064,0.11785796255993142,0.3704841232698614,0.2914735286882355,0.1950129297631402,-0.012554798768125942,0.525598092221439,0.14272852448709997,0.26531914972820114,0.16978446984295156,0.07288186871659813,0.5432668369992953,0.3023383325760463,0.35777039034879055,0.16132611275904812,0.1354296214953172,0.24667099443764737,0.23644219402651437,0.3545393692605293,0.19845528159151032,0.4292876722517578,0.30897610621343735,0.027420769902775585,0.008343871390456522,-0.2714743716014711,0.10204985495723495,0.23489699832167216,0.13212365108887342,-0.3551808357563577,-0.07115863980220141,-0.12755801533133887,-0.07429577980737488,-0.027712508480055,0.23496010490513305,-0.13489068418562958
0.10869093520654774,-0.0021595879512492874,0.16369777548757702,-0.042947758789446414,-0.10776492343966544,0.054608890758406095,-0.008598267207780357,0.10738949857917404,-0.2885487795426781,-0.03044894762970899,0.03595104669689185,0.11079720356501792,0.05356726093849885,0.12811229685373948,0.09971397917635948,0.1645884883532745,0.25585522791934995,0.1018832891939973,1.2787361983862584,-0.1849968337375412,0.23597201995964878,0.21590628566826012,-0.16701006105472027,-0.05738423217352343,0.1643042586167778,-0.1567532175990283,0.2138380741568969,0.37332609100630215,-0.008149687707702137,0.28404628358944717,0.15789399726438208,0.09468654695838682,0.38052960570143385,-0.06099054656430572,0.028848898219552783,0.1838177501308555,0.4222147775573993,0.31757521166713126,0.2663217425639146,0.05767392932890972,0.17345740957036332,0.18271485618190283,0.16978892965955175,0.2172205047312008,0.2201075363846327,0.2715503041296072,0.11996702228489597,0.03814578176491245,-0.41167751657698587,0.6650735257183472,0.050530502743883966,0.11927998861913885,-0.4845834170042924,-0.12347025082094351,-0.0956654459222454,-0.13065533442677527,0.02537448626643049,0.136487659056504,0.06628417014310185
0.22454201405303692,0.398908458941308,0.31865695684181095,0.19452359564335187,0.19553681788399668,0.35924783706426094,0.206100659884846,0.2678119772793273,0.20220943558829965,0.08979343448183977,0.33905260467084863,0.17568209989019307,0.06787626373638435,0.2034168259664371,0.296590749608803,0.23347578804154046,0.5263683661823396,-0.10091687492340566,-0.1849968337375412,1.2746114087000038,0.18373102761113855,-0.038498431656749404,0.07810265654445364,0.2781746356583834,0.26546798683216155,0.21514186511735536,0.23830146637601057,0.15501279206142035,0.4247893516800991,0.18436584186208163,0.06989903520159985,0.19328161850736827,0.1193116799703775,0.2687446089526812,0.1978618427912064,0.04389130007117197,0.5200440820953204,0.2925821105590884,0.44932416507445305,0.2957146137034991,0.13888197724200452,0.1630694535027497,0.38465296958723416,0.07167996808384877,0.6252041605326614,-0.0197783791942211,0.3653951033861828,0.15099419079322413,0.5897205199708836,-0.06875312344091505,-0.22560066357638,0.06485559389834601,0.10238048360006384,0.0367038178284064,-0.04326886315006845,-0.004357173485763552,0.01572803990282833,0.1937192569761068,-0.18055865249477296
0.2001190307955842,0.3373306235103325,0.3342004010338464,0.20754601035827788,0.08224514827656672,0.2593274736782714,0.18833863239475437,0.1495010119085632,0.08388901727139184,0.08607859623712183,0.20214303516074097,0.20625030897060428,0.08040806687819978,0.1732485768166257,0.23522446803080968,0.18168982256579877,0.3953930522052914,0.26926353404644837,0.23597201995964878,0.18373102761113855,0.7038081707044195,0.2956273483301272,0.18054275489927815,0.14362346366557316,0.2055547658455958,0.07043342608216929,0.3388716693590832,0.36486362773679504,0.35659228541134175,0.09007494312154661,0.26803672689852687,0.1390206646510622,0.18402519082026533,0.18522620822439895,0.4155766475452717,0.45421467244029,0.5383449441004118,0.5348755221683245,0.369405988718394,0.34866748407582554,0.3538937031094294,0.5616909904509333,0.5215871579993467,0.17049972104216032,0.9778685371579574,0.212672077325947,0.22201222601939435,0.05753992104158216,-0.19318436473528602,0.21137206943849804,-0.06534161579206665,-0.0007881680855211497,-0.07345328719880594,-0.0472768344321988,-0.15857136683154854,-0.06115286621462826,-0.23533318006320447,0.2764326067993162,0.023327308705881584
0.2318169934926806,0.14113963541012148,0.29403534229958267,0.1458481890022271,0.059460826133608397,0.19113995507407375,0.1996467128273717,0.13550892745756624,0.17826503494722049,0.1177324801449095,0.12686877457407666,0.17306546347963098,0.14470783970845374,0.16668667448241822,-0.03365235991594976,0.10892120857290316,0.1987922237966665,0.36313949340470736,0.21590628566826012,-0.038498431656749404,0.2956273483301272,1.2849001425322324,0.44658827826009534,0.17797399474331332,0.1582897144032565,-0.01591808650114284,0.3838160128105319,0.2150313932227454,0.3144452711319117,0.12461227964246535,0.1383807406288904,0.18917455524416846,0.28264218353218323,0.14795554712984693,0.1534108858820131,0.3787190089420858,0.39057529233374383,0.43513030921224166,0.36339154968382487,0.15520883205319497,0.2957015566789592,0.30624711390730186,0.4604096454474616,0.577153557276944,-0.04609584801147536,0.32621485131977607,0.1904053114425381,-0.1678418519895526,0.730441242265508,0.09528351670783593,-0.12714303311778635,-0.23147219424000992,0.027558483956762365,-0.055572999815069954,-0.11541486821293373,-0.07525783417363333,-0.08979920874851094,0.17733370465209297,0.031505286678245155
0.13002537637257136,0.13530472648514208,0.19460037559103718,0.20395756898140222,0.1642100066603171,0.11761974325644313,0.20775589815956602,0.13052513021496323,0.2440793623853805,0.1522231197684539,0.12799132689975687,0.19437579718248219,0.07902650703801019,0.13305579904934492,0.25797569704685996,0.07438737770286233,0.015168480734680898,0.46247949577838077,-0.16701006105472027,0.07810265654445364,0.18054275489927815,0.44658827826009534,1.3543944817717555,0.6333338152317928,0.4151602271094104,-0.0065164989514216775,0.04585994271370527,-0.00232589415377338,0.40590766354392444,0.5779741176581894,-0.0939481132603362,0.07544054006082355,0.19505688784151848,0.2434664675392732,0.1289588433366492,0.4441831627650059,0.2891949230866307,0.10787635188385288,0.5146926484772849,0.25483480743914555,0.19414007583995746,0.18469352326333804,0.4832887210215382,0.853791254632865,-0.21829158345007135,0.2425157153934021,0.07949573724153629,0.07788006568637348,0.6547804135711275,-0.15235128006221785,-0.06983332402565498,-0.2900344963140534,0.41265063351028025,-0.04809357118966967,-0.16814458176980443,-0.0221195157130193,-0.13810919230992277,0.15968564283141237,0.12726805713637734
-0.016040830767532738,0.10870175079799951,0.22514961961908903,0.13816867150894796,0.13466690961399017,0.2141499635221504,0.15583648663956773,0.17120041260112082,0.22568408850517307,0.1380089161582594,0.16547407217281146,0.10206451052816712,0.058084408110415375,0.16253619940866915,0.32801376257265596,0.097507522624492,0.032961087384096505,0.0034122038544195203,-0.05738423217352343,0.2781746356583834,0.14362346366557316,0.17797399474331332,0.6333338152317928,1.2570364885669634,0.31620373798996243,0.41173462764078406,-0.26590168407595444,0.03483451895508774,0.09548592585466356,0.8832570486506754,0.47632054219469766,0.1153320036592192,0.2648743132233757,0.06458461424946398,0.13363991331350977,0.597687494519224,0.1722302210895608,0.3573414191835818,0.16916979288653677,0.09651052664049063,0.07199067196648215,0.1996651271466719,0.22268846122852862,0.3592727820862194,0.09985921281269113,0.19402067058912817,-0.06142932733142331,0.09613196103984496,0.12816492580634203,-0.1635029990133691,-0.31175012557955334,-0.16682897494681448,0.4363411771544277,-0.035333674591679055,-0.04575715317073626,0.09122603542427966,0.031653924669180995,-0.09179303602176139,0.07121269470631891
0.3205385419186797,0.23655047536706783,0.3915479146633081,0.12290948923911905,0.13568378084929264,0.22850896819463132,0.1528592912501767,0.2465268863053012,0.020503482250301627,0.147834881395858,0.2354083656689761,0.2564749337852356,0.07891239929642845,0.23046376748036387,0.3225831418210578,0.2165108166467123,0.2877730332092161,0.1972625058515064,0.1643042586167778,0.26546798683216155,0.2055547658455958,0.1582897144032565,0.4151602271094104,0.31620373798996243,1.381771437000914,0.10487981571043353,0.19853212417596974,0.1990577250486849,0.4630992081158471,0.4885796417660711,0.07219594971295709,0.17627632103709895,0.1245023578181202,0.32894790562670934,0.42022607533570105,0.19752323406604413,0.41208711238685675,0.30719010584088685,0.3520566789537191,0.1837457180147165,0.2593705581562697,0.24485489670215618,0.4186468627814378,0.5375237954229031,0.2683293309853893,0.32378881953868377,0.2714012359476547,0.012579087999238037,-0.14237531734341943,-0.18310662332565802,-0.07707617125608326,-0.23735815397838983,0.2502531524843976,0.0111165157614073,-0.09400847871019412,0.027205512765258916,0.02115824062608477,0.18924723051523362,-0.15684856173674033
0.16024715385075178,0.22712269176558156,0.24062883107369396,0.21158790504554933,0.23361431864067317,0.2596315240455559,0.16559578821163864,0.24425285670818345,0.22265797872010765,0.13601981559704962,0.23184422474837998,0.15393125188888898,0.06851488361750407,0.20693689350093541,0.24916558850405618,0.14816739435006593,0.007572234102791958,0.11785796255993142,-0.1567532175990283,0.21514186511735536,0.07043342608216929,-0.01591808650114284,-0.0065164989514216775,0.41173462764078406,0.10487981571043353,1.601710058259132,0.027415481616589618,0.07907131087888596,-0.23652772753357384,0.19944115240052201,0.5142399065941354,0.2702272868262209,-0.03133428038801407,0.2616247689826959,0.20234756269338947,0.10962453621824236,-0.0846497693621476,0.37825991995107067,-0.47657824439022556,0.040883288429509626,0.4644163958093281,0.16678391600861578,0.062303497945856365,-0.3953414740886086,0.6840840753479189,-0.06736590909491522,0.11616177635251217,0.031377705496699375,-0.055849771641588705,-0.22684470375554072,-0.07132305973039765,-0.04958248626974328,-0.012504138071113124,0.07703619466856855,0.05837429147010672,0.07066613380827858,-0.047614060329985324,0.21987507748014107,-0.3449518222773527
0.37756936448195133,0.38398181703452905,0.47037480457507735,0.09476631197004284,-0.014769642344265772,0.2279851644387205,0.1582858874056033,0.33073062969558115,0.0753423097059415,0.13006966861612512,0.2152856575421215,0.29580358605087737,0.08821236857874784,0.2160633016270249,0.19815114894337113,0.07877864948068262,0.3777898450422774,0.3704841232698614,0.2138380741568969,0.23830146637601057,0.3388716693590832,0.3838160128105319,0.04585994271370527,-0.26590168407595444,0.19853212417596974,0.027415481616589618,3.281581468820756,0.48781540061402306,0.37882943232005667,-0.020310108752821708,0.05086091781351598,0.23557956932999802,0.584116252407226,0.14748358337675593,0.22225686439382372,1.225271845664633,0.5920242770207779,0.4483299284436942,0.3313021581040565,0.342382622861158,0.30809344618123885,0.42226962983506455,0.8084111450600302,-0.3917693297022349,0.9607821732395185,0.006709858494798281,-0.17424277155202364,0.11303761900997054,0.5999153368330005,0.12121388521089603,0.009783408559170257,0.029531091518209512,-0.0410542103713935,-0.06965730767641254,-0.0005327490261670065,-0.18393181543865664,0.03172250129697188,0.10238134757933186,0.19611185172106205
0.1550226102531739,0.2576040108316798,0.23641067681833797,0.05487257483854114,-0.048356512345580666,0.11190306303067701,0.04885707199838437,0.0892493371501295,-0.022428511094219575,-0.003909705532341774,0.1255121766171664,0.07447176911324606,0.06384281478428779,0.11830548037917686,0.21120806896360517,0.13640426436870123,0.354405401512917,0.2914735286882355,0.37332609100630215,0.15501279206142035,0.36486362773679504,0.2150313932227454,-0.00232589415377338,0.03483451895508774,0.1990577250486849,0.07907131087888596,0.48781540061402306,1.3592969660780216,0.10724103649428099,0.3222574704142318,0.3179425258951196,0.18717980055406522,0.6270066998444931,0.026113744177798846,0.9175781871547841,0.3232799749561351,0.6382443117880393,0.4061815626812031,0.2878277406594674,0.27925788426707343,0.4116110646416854,0.42669534838207973,0.5136258574286686,0.5702636171117216,0.45213701745600116,0.23121567212917,0.1409566506664937,0.1080670811736641,-0.26931557383286114,0.6601459229877563,-0.05413136039644452,0.7226564566791168,-1.1541223352590868,-0.027912596158054116,-0.11690591022669124,-0.1312569359168199,-0.0736157885386569,0.12964700108395427,0.1290840928914384
0.23847508997420896,0.41919929496673686,0.49058181145873814,0.29877748805782456,0.23237346721770272,0.3987999501963678,0.23304189779549161,0.20236008228840502,0.09764607218905741,0.22617104908913188,0.29301399989446414,0.28508776620790205,0.11342994184688365,0.22613596239185588,0.28199961871878393,0.25001824198388944,0.4906774839127976,0.1950129297631402,-0.008149687707702137,0.4247893516800991,0.35659228541134175,0.3144452711319117,0.40590766354392444,0.09548592585466356,0.4630992081158471,-0.23652772753357384,0.37882943232005667,0.10724103649428099,2.5244434644284612,-0.716308264074278,-0.2260414985771223,0.20574668342590605,-0.17851793501293856,0.6212030203735152,0.38650018236484873,0.3765430849341248,-0.027299271881942044,-0.3949583794380846,0.47859516536728103,0.3782751537772075,0.3816891428392422,0.2398111132775247,0.3715464167415555,-0.1244733207229639,0.43384841470484875,0.31162539350089563,0.3112821805020619,-0.0964324939036325,0.4864419263764739,0.2167003522955204,-0.23316837176572885,-0.17542776486834982,-0.04274848475266508,0.12502855111624242,-0.11275715323052563,0.012020809942559392,-0.25498060517628746,0.17197329477903414,0.07929223721412552
0.12804886206434093,0.0604015052403593,0.029596325989770064,-0.009157041369387066,-0.050864431032839906,-0.023777033117371647,-0.052073506960152845,0.11859048213684636,-0.004360913827194359,-0.04773892886980754,-0.03969660581406274,-0.013778335316649142,0.03665669940444553,0.2272873587281277,0.4988265401366418,-0.017688858357645002,-0.3167636429145389,-0.012554798768125942,0.28404628358944717,0.18436584186208163,0.09007494312154661,0.12461227964246535,0.5779741176581894,0.8832570486506754,0.4885796417660711,0.19944115240052201,-0.020310108752821708,0.3222574704142318,-0.716308264074278,4.341435953979014,0.20107946582722852,0.20375771293155576,0.6792876749284227,-0.3084829409730785,0.1629964281713312,0.6790688122545812,0.16688203715333505,0.34336732721439517,0.27930348194303006,0.17505193605176167,0.2196449890940075,0.08094172292961702,0.28288872307659363,0.5739801389598049,-0.15663375218771794,-0.06139259941201686,-0.031567409499638314,0.17801415991178207,0.7954143273722769,-0.1766903585670943,-0.04037837543595323,-0.5097629111040067,0.28143391070135465,0.1716447519826967,-0.0008791963506398035,-0.29141164918675716,0.0626707035844436,0.2965633449054264,0.03895341056892006
0.16025584451638383,0.16569738721530097,0.21788278166533284,0.05693504627127764,0.09042787225336109,0.17723984237389728,0.15885367900570285,0.14044223821560062,0.09467322012730366,0.055477707917195904,0.21360853780102892,0.18015218876877961,0.06344469547606515,0.14358876411922247,0.17697853002611763,0.14156055815877056,0.1112693754649102,0.525598092221439,0.15789399726438208,0.06989903520159985,0.26803672689852687,0.1383807406288904,-0.0939481132603362,0.47632054219469766,0.07219594971295709,0.5142399065941354,0.05086091781351598,0.3179425258951196,-0.2260414985771223,0.20107946582722852,1.4038937067615385,0.18370870730279462,0.36433077051362217,-0.0034413854644957153,0.04946504571943372,0.7134749611989815,0.2221934383377697,0.7390059807706941,-0.17008048324189287,-0.03336433056847222,0.12323042974908366,0.29077175411488165,0.1150494513081795,-0.1428764418216306,0.7240445955370655,0.30999151641166217,-0.12994647141413196,0.03959176385163981,-0.956223864872761,0.14427457728919074,-0.08383139118872875,0.32185414921749117,-0.3204447726280643,-0.05743860040676522,-0.0037364275463921985,0.07993934617533556,0.17919947130988378,-0.03351976576592413,-0.2217729075201007
0.27894659458455107,0.13266995159268855,0.2218937826840497,0.11362723965342876,0.17992673628927927,0.20619267831499583,0.1538809033816223,0.17228264979529548,0.09021947264165654,0.09693280565021559,0.16860684097852568,0.20795881821830364,0.0861732705524071,0.3502592069520626,0.1732884266322088,0.23490841322004602,0.14265103527264603,0.14272852448709997,0.09468654695838682,0.19328161850736827,0.1390206646510622,0.18917455524416846,0.07544054006082355,0.1153320036592192,0.17627632103709895,0.2702272868262209,0.23557956932999802,0.18717980055406522,0.20574668342590605,0.20375771293155576,0.18370870730279462,0.5095521630039412,0.11701093047021344,0.23683142880105137,0.14551897836857247,0.15589392384438072,0.035662145644326945,0.340860114700776,0.12680859163500763,0.10490508077623828,0.2940140181903012,0.14154547296481534,0.1682603716973227,0.1027165100511115,0.2529671053751983,0.07540324494619803,0.21398020668200687,0.018769124691883996,0.23815838709782747,-0.07458495467099373,0.07410891865169766,0.023587210871096193,-0.179646467584339,0.07803511168551432,-0.035231873639327387,-0.012441539943354002,0.1657932714195028,0.12473809944686857,-0.20506733947192565
0.1046215119207587,0.11139722955674655,0.07182578977421955,0.018731771615672247,-0.1038596982677501,0.00011945192751585297,0.061063251895359244,0.08129048189939714,0.023803816121074736,-0.05469341529741794,0.060570992721153835,0.1079808631238499,0.061473754996018495,0.13498137612983382,0.11994744279232149,0.09073996138770636,0.15485380037204902,0.26531914972820114,0.38052960570143385,0.1193116799703775,0.18402519082026533,0.28264218353218323,0.19505688784151848,0.2648743132233757,0.1245023578181202,-0.03133428038801407,0.584116252407226,0.6270066998444931,-0.17851793501293856,0.6792876749284227,0.36433077051362217,0.11701093047021344,1.725061297877427,-0.23645747860137029,-0.31772998168614625,0.31346281722488606,0.7605347302458153,0.24982392051458652,0.15346870762470075,0.006217141901181014,-0.08503704044543103,0.15737927673208102,0.3570260290654688,0.45270635494419476,-0.2964624865981759,0.3094844552050738,0.16157530947037999,0.13757285434280242,0.21836634757345838,0.38679144715034086,-0.18091057960095278,-0.01664227965303742,-0.09735614253413392,-0.22330399478204824,-0.07910568347041608,-0.1871109052495226,-0.03227349240434053,0.19167090551384733,0.12840046634555005
-0.0840164469413038,0.23229657920155408,0.1737196607765055,0.2919120552916939,0.2581434127857769,0.2674659587404143,0.16645437371702537,0.21529937418761755,0.11369319320696054,0.24351397591059734,0.1954475228245663,0.19176260634429398,0.08679994844163187,0.20005347736621434,0.21473852027698923,0.21653351298643664,0.2682950653637467,0.16978446984295156,-0.06099054656430572,0.2687446089526812,0.18522620822439895,0.14795554712984693,0.2434664675392732,0.06458461424946398,0.32894790562670934,0.2616247689826959,0.14748358337675593,0.026113744177798846,0.6212030203735152,-0.3084829409730785,-0.0034413854644957153,0.23683142880105137,-0.23645747860137029,1.4180138855572464,0.3725945393467322,-0.07516877655935165,0.44308528984730544,-0.17886875666494056,0.08236142036429782,0.04197562406804693,0.5145299249016027,0.18689780569753286,0.3490994354608519,0.2165740012960841,0.31706871966852,0.16132561589053,0.6000593481352613,-0.021119530286381343,0.06312229935315006,-0.09569547659088667,-0.053590816224319666,-0.06941167263238622,0.06948029353694556,0.07326793870186701,-0.05939159491369799,0.037006770468369726,-0.22781282996477586,0.05024612519228412,0.1500295309459413
