1.9274248519144557,-0.12662157741812946,-0.1335425289891296,-0.13367350325903132,-0.1126916314631594,-0.04176577741318452,0.1164655053747247,0.0762397219242907,0.04965673225306375,0.057976270268024065,0.044339715731192324,0.058868876410066995,0.05526235028602011,0.04582140317291977,0.047897477462814864,0.05518192672621991,0.051465812355077876,0.04383376266035731,0.04571799446954276,0.04330208754319225,0.05693843661246604,0.06434538000568744,0.05930955619164,0.047759847450036676,0.034642075617557486,0.025302293578827566,0.018592409202462776,0.013382467978961431,0.007770705644226992,0.0034117500339959856,0.0010978723164677402,0.002411264552227072,0.002747232013044463,0.0032772410951759823,0.005503422037559005,0.005977685571177302,0.005482752290004232,0.0038860222542544225,0.002886177203637732,0.0011486648665622588,0.0013049804978038963,0.0032521951253154935,0.005975576925655788,-0.0028054457987620545,-0.006064244613246922,-0.0061768256648801825,-0.005326121843180969,-0.004315579569808658,-0.0033805678820518974,-0.00648515352372801,0.014946607777795792,0.00214479460225555,0.01106691087174427,-0.004865099491081825,0.008704685843087758,-0.003968133715212631,0.007764469905954002,0.0037889092364747066,-0.004316299523119724
-0.12662157741812946,1.900783216809026,-0.1565487561512513,-0.16441439050206083,-0.14918362327488108,-0.0742382926993616,0.11957568664797426,0.08032372560317423,0.05795284553632535,0.07498322532344097,0.047515702596389646,0.06446600097971318,0.0636641023677347,0.057561340436931514,0.05109960422816701,0.06579618975454826,0.05732850987361362,0.051974700088524756,0.049500136861986704,0.05005528562831406,0.06708911227421345,0.07562483361583726,0.06982912864768943,0.0566672171130449,0.04168157933890323,0.03082726008373559,0.02274246260475373,0.016332117439345366,0.00945356704618132,0.003757535216501397,0.000511604365912801,0.0017738223741457493,0.0019393606473659475,0.0027840802244664077,0.005060312284265738,0.005773110025487706,0.005416486683836731,0.003916261201369646,0.002780342694114573,0.0008818714749828854,0.0005512587876083309,0.00189135651628114,0.0033510829788640766,-0.002626657312606477,-0.005278671460610896,-0.005331507264634712,-0.004589675035336229,-0.0037218214952540445,-0.0029179054579703875,-0.006467457155052522,0.019147705803899476,-0.0009888254238737803,0.013623237850832668,-0.006093343170971243,0.009154097278262227,-0.004159223182427111,0.00864551072469128,0.0021959705762933796,-0.0016862991947159814
-0.1335425289891296,-0.1565487561512513,1.8631702637570382,-0.2004240316550981,-0.19856013350522786,-0.12812513924747002,0.11101912473992133,0.0795734976677908,0.06907078588765589,0.09637582504695784,0.04947918748944582,0.0701937654058927,0.0739740225281859,0.07221761308380566,0.05501615145725203,0.07816314192698551,0.06392290335715836,0.06285234125938702,0.052415504650843464,0.05888006792908567,0.07880038141756214,0.08745408025527691,0.08069386849022019,0.06612286532476,0.049562233841910455,0.03727133014268997,0.02774587245369843,0.020072955014608016,0.011897080538795662,0.004528917890147861,-8.799165459588474e-5,0.0010640679243187781,0.001138295693606244,0.002550007839561057,0.004533491859113284,0.005401430830983043,0.005140251227690585,0.0038870829143993167,0.0025787922360159523,0.0005416888841679584,-0.0005651208673558574,-0.0003045796124576872,-0.000637808819255576,-0.0026057956244955878,-0.004016409251341554,-0.0038409338006838048,-0.0032346412829155915,-0.002602837346640913,-0.002033444104148841,-0.005400000043381699,0.02247286298872012,-0.0035825042978504733,0.014975081009170483,-0.007728795844048968,0.0077775862784558916,-0.003915724364208024,0.008954005883734078,0.0025181467786976556,-0.0002528472131785578
-0.13367350325903132,-0.16441439050206083,-0.2004240316550981,1.8043865568274438,-0.2629584350482304,-0.21716462542350262,0.07254574319035527,0.07690181016074134,0.0901701184058268,0.12153257788849399,0.053247479551437576,0.0764237466013546,0.08574540981390028,0.09095634951276903,0.06429775128507363,0.09368543445633329,0.07476092852681467,0.07831387749181594,0.05411051709342865,0.07019464064108841,0.09129952957816322,0.09770819848053314,0.08968913138007878,0.07448217823988676,0.057319010091689056,0.04403272088726297,0.03319519859321605,0.02430106221333749,0.014941157435638884,0.005674464245216699,-0.0008590310512377051,0.00023323071258654765,-0.0004053064958067528,0.0018279592089075576,0.004138885410034932,0.005942622086183927,0.005578776801556939,0.004483194249514727,0.0025717000443958526,0.0002992979153511859,-0.0018015876971228595,-0.0025388834720220014,-0.00399888777822234,-0.0024061952950267087,-0.002348166229149945,-0.0018399610248662607,-0.0013849713109307016,-0.001055805686737415,-0.000801339110162815,-0.005068551462014913,0.02356758690452688,-0.0023470167049991246,0.017084286704689172,-0.00774041173974261,0.0030129284978144856,-0.00293638248211685,0.008452746401874154,0.004849834944611619,0.0027430508229518585
-0.1126916314631594,-0.14918362327488108,-0.19856013350522786,-0.2629584350482304,1.709810625834201,-0.35981183250854604,-0.05045427238044781,0.06822836721984842,0.12677410300878314,0.13972724598062558,0.051273572570783243,0.08391700185374236,0.0994320497987446,0.11120480215877311,0.07935006859781205,0.10875724016740536,0.08809744897173066,0.09884396669741465,0.05484827146181096,0.08504773463828652,0.10150893519398085,0.10130519607335753,0.09152341426113655,0.07692525710829402,0.060909535805263114,0.047782888557102075,0.036574055986525876,0.027390834200450277,0.01795711292262181,0.007351888139706769,-0.0013267620867975865,-0.0005329425986565717,-0.002162425822533353,0.001074976649476077,0.0035657660544326413,0.0064554700945730495,0.00574878877527039,0.00495140877200061,0.0023268128945583156,-1.3388226881440953e-5,-0.0033345714449691515,-0.005401422559579055,-0.007777906333203961,-0.0024324908699259553,-0.0002093158465088426,0.0008710363806156168,0.001180619812416551,0.0011165357631357136,0.0009418114614644466,-0.004095509691026016,0.016339283038648338,0.007321750228263658,0.015540237001570976,-0.006298421711359256,-0.00592510506436674,-0.0007694022785050559,0.007243448210081433,0.009090839595515572,0.004807818376228603
-0.04176577741318452,-0.0742382926993616,-0.12812513924747002,-0.21716462542350262,-0.35981183250854604,1.4905162143153596,-0.3973997117386942,0.028447667485327684,0.16682341728214792,0.1306128762071245,0.06530338729753997,0.08350379225014538,0.10127069077221348,0.12331345298287652,0.10153000429223809,0.11392706366836058,0.10203211084361703,0.11962343099741234,0.0551322452647785,0.10029354294657268,0.10022062920331543,0.08762327398781067,0.07589574708387933,0.06364905751435701,0.051538545233736896,0.041009119545930076,0.03191080689914917,0.025039373805157267,0.018295298796626766,0.008559636944276921,-0.0013457318726606854,-0.0015118490793661864,-0.004334310865538021,-0.00026076249549830444,0.0026908739016002245,0.006363305538390078,0.005377851303923052,0.004817159348317787,0.0018096616765358082,-0.0005175058742617877,-0.0052032238929344875,-0.008887821044745376,-0.011362166755120341,-0.0031335917356672175,0.0016560237744023642,0.0035820988850109575,0.0038723604496028107,0.0034397200772740997,0.0028252838914975555,-0.00514065632146653,-0.011237279871820561,0.03171854734228869,0.00048516866214547675,0.003515003483552717,-0.017402818937672617,0.0037137205145725905,0.005447326325092501,0.009557217458875222,0.0074798989824496715
0.1164655053747247,0.11957568664797426,0.11101912473992133,0.07254574319035527,-0.05045427238044781,-0.3973997117386942,0.7495477445944587,-0.3116502989732298,-0.017444840029399736,0.0397668696605349,0.16863950130153593,0.04231205365293164,0.03218536624561625,0.13164973606321112,0.08245844584615769,0.07232882779527718,0.08120120996544404,0.08940882682118288,0.039500019010611336,0.07573186679918034,0.06504526221228385,0.05454405451043019,0.047856110452804065,0.041591831762922644,0.03515269482301519,0.02915892804363188,0.023382157654081248,0.01869883956186528,0.014091577644207947,0.006752063868901178,-0.0007429841922662175,-0.003294824783031415,-0.0022291115549532238,-0.00036173710697259224,-0.002127527741431933,-0.0022046377554366878,-0.0015285070323092407,0.0009515651225275297,0.00048237961448807746,-0.001303661291011481,-0.008916464358765351,-0.018023516752113423,-0.02967734092831499,-0.009273628379053201,-0.00038307711135516717,0.00300520223190108,0.003822785331060664,0.0035630882109884596,0.00298573881607487,0.006484740866530653,-0.05813498129054274,0.014981609943639894,-0.0419872905800909,0.02149961690153547,-0.0070488037119303465,0.004154108349823722,-0.0012084921190344561,-0.014611627632300471,0.012530770676160973
0.0762397219242907,0.08032372560317423,0.0795734976677908,0.07690181016074134,0.06822836721984842,0.028447667485327684,-0.3116502989732298,1.069564820848647,-0.4630316368918577,-0.07278521192867482,0.20222283303692679,0.12872051584899846,0.02464035269920211,0.05759118573681889,0.06434937056535897,0.05886665004861044,0.05506019155456171,0.06460924889639814,0.050532906398254224,0.0777085398161604,0.07665307644942142,0.07064099043727662,0.059636544142472,0.04433626650804053,0.030039528883518997,0.020247774613132503,0.014942831988236259,0.012126085751098178,0.008570594326183527,0.0017484470102243149,-0.0021892262005431488,-0.007999474360269926,-0.005639435668184775,0.0022888185964260264,0.005235555847295762,0.0030458865781740592,0.0017538101353889385,-0.0004825960698504043,-0.0015618449821716293,-0.003257012695688544,-0.004656885022890745,-0.007414089900296447,-0.011430336335597703,-0.002962180883928763,-0.00048222947598455394,0.00023987497465848332,0.0004123497357962546,0.00041920244473058594,0.00036784915886078814,0.02690708650210559,0.016588161598189866,-0.04330894148145983,0.041699289922685914,-0.01371094823808522,-0.010708394924785624,0.013191686441618585,-0.0019375822144497591,0.016768429153094507,-0.04288617226567682
0.04965673225306375,0.05795284553632535,0.06907078588765589,0.0901701184058268,0.12677410300878314,0.16682341728214792,-0.017444840029399736,-0.4630316368918577,1.2005227921776065,-0.36539594398850117,-0.09980986406730864,0.10947364370970611,0.10485369943819327,0.09197815321789624,0.06794702249665607,0.07815659535348507,0.0561104531691176,0.0759922303470955,0.04867772573413328,0.06722001573394246,0.07083113619522241,0.06963953549116259,0.06199930692971769,0.04928360901747986,0.03597180356573837,0.026155360010986468,0.01955582959790601,0.014957200109425282,0.010216430731878542,0.005158568222739202,0.0002643419341879152,0.0013786525265675105,-0.0002721629108224145,-0.0005149805306330736,0.001257425768902257,0.0010235124262578945,0.0017091766034841433,0.0005868946618849236,-0.000296531636694754,-0.0020379643555095556,-0.003915733265271423,-0.0065541465366393365,-0.010572678940024944,-0.005612258165834542,-0.00341470825675934,-0.0021298252965347812,-0.0013652226149263953,-0.0009109830113106742,-0.0006161968192235107,-0.0006615175132185564,-0.005585728123966075,0.02468022481076857,-0.002737391003932717,-0.003928725902172273,0.020249145340034296,-0.004246401924725079,-0.026247091864831644,-0.039125247744107215,0.03361056811482472
0.057976270268024065,0.07498322532344097,0.09637582504695784,0.12153257788849399,0.13972724598062558,0.1306128762071245,0.0397668696605349,-0.07278521192867482,-0.36539594398850117,1.2678522803931593,-0.5074785059803297,0.02880094812216983,0.22099098301140396,-0.05883148349052331,0.05911776739158372,0.04617816461611847,0.05290536334601281,0.059007656701267036,0.06367124709137267,0.07154823970670324,0.0731621189384399,0.07126789510882978,0.06327227022567436,0.04948035949861656,0.03567374597341105,0.025594099951893167,0.019032571592936667,0.014975256707042733,0.011267806029012293,0.0055498533748705664,0.0009717191618240857,-0.0014899766908751523,-0.0023428557281522373,0.002579336735841146,0.0025763344966285044,0.0022478469905006216,0.0013863649581822496,0.0014958391706143168,0.0008592772434963283,-0.00040805072123022043,-0.003115700843514906,-0.005126396923561092,-0.005866241831916729,-0.004560958200377094,-0.002748340298660918,-0.0013905289056334498,-0.0006451888301453487,-0.00030653733213695873,-0.00014539213980987897,0.004295304315526424,-0.026091187559642258,0.01586453415861579,-0.02497491755062451,0.010659278333730074,-0.004152506408538622,0.002776101471835008,-7.944159764786087e-5,0.01893562898467305,-0.005405542354209088
0.044339715731192324,0.047515702596389646,0.04947918748944582,0.053247479551437576,0.051273572570783243,0.06530338729753997,0.16863950130153593,0.20222283303692679,-0.09980986406730864,-0.5074785059803297,1.077006594523086,-0.28343583685244184,0.09775806189628573,0.0179219030767325,0.01308754360245941,0.1351634674736593,0.10109526557635633,0.10756719691326952,0.04814751576233817,0.08453861618507005,0.08302538391001356,0.07221968874788015,0.06155802635267966,0.051657002595615925,0.042184369249832154,0.0341890315619815,0.027183910051643768,0.02105960759143898,0.014119953222003566,0.004385518801272155,-0.002877590048836556,-0.004549971340544829,-0.0015346766439133447,0.0011203211283959697,0.0017990793471007174,0.0009159388674915546,0.0010405116361763085,0.001206876603693267,0.0004172687363636772,-0.0014104295760921635,-0.005769306651268382,-0.011074253313165059,-0.018765609221480687,-0.00563006730911087,-0.0005791221417425443,0.0013963633818161539,0.0019356971014784766,0.0018368412774614218,0.0015521428429049263,0.024731251434238176,-0.02125583250021229,-0.01448773556857549,-0.010416909138225391,0.004467661156772617,-0.009023194098522069,0.003870874150178909,-0.013650466727613294,0.011876828403026651,0.0015819408235454417
0.058868876410066995,0.06446600097971318,0.0701937654058927,0.0764237466013546,0.08391700185374236,0.08350379225014538,0.04231205365293164,0.12872051584899846,0.10947364370970611,0.02880094812216983,-0.28343583685244184,1.1018425682134456,-0.5311771598742109,0.008650964490396436,0.028828897254912174,0.07056832128751228,0.10576939200718145,0.08566920235355631,0.07392902968359494,0.08000656683549325,0.07316977297509851,0.06599036278566595,0.05735971906001406,0.0445652938520566,0.03192682000026519,0.022638510781980627,0.016712466053017676,0.013265983516553259,0.010130386485718894,0.006226675258211906,0.001776028208375165,-0.0013323142551117224,-0.0021154851817929508,0.0017219928692766822,0.0030584692650067647,0.0027545271884818366,0.002327913400983909,0.00158370366906349,0.00041347549141827587,-0.0018667713240547704,-0.005792444019293348,-0.010495464482423477,-0.01567956974731377,-0.006668177416993746,-0.0027943042637160673,-0.001091314405770454,-0.0003626364568852685,-9.008777678062876e-5,1.2714996482725303e-5,0.017691125458949283,-0.0023455001836878617,-0.02265012740742955,0.008890803070788102,-0.0025660781960404233,0.010990206556637185,8.577804085212046e-5,-0.029999888543972876,0.0051762895491781384,0.011223149726918118
0.05526235028602011,0.0636641023677347,0.0739740225281859,0.08574540981390028,0.0994320497987446,0.10127069077221348,0.03218536624561625,0.02464035269920211,0.10485369943819327,0.22099098301140396,0.09775806189628573,-0.5311771598742109,0.9449701117376778,-0.2670115837305499,0.09625042733594617,0.07244488806187255,-0.007899321776280511,0.05621222802196776,0.03512064857239312,0.07929433369776726,0.08576954220415345,0.08087936618122951,0.06920156649142428,0.05447074050792705,0.04050406658528606,0.03031058531719048,0.023249442257611858,0.018234202290826763,0.013031161862686293,0.00448161247177549,-0.0012205954872819829,-0.0025509255681354323,0.0006465243605051571,0.005083853673984605,0.00305650167851946,-0.00031175383426217264,-0.00025250117393206593,3.450491752194511e-5,0.0003177813280992061,-0.001068891709086827,-0.004164656138599507,-0.00962590897955771,-0.016556097554970218,-0.007372546179458201,-0.0021514231296741637,0.00018510887594548378,0.0010236352190329694,0.0011828585916691583,0.0010861411630579965,-0.03266850483722958,-0.03686484629362964,0.10362472929080332,-0.033639474134889796,-0.001452120095204307,-0.0076134825917553856,0.007706128664240488,-0.0034995637567994667,-0.004415978683591731,-0.012749897787210099
0.04582140317291977,0.057561340436931514,0.07221761308380566,0.09095634951276903,0.11120480215877311,0.12331345298287652,0.13164973606321112,0.05759118573681889,0.09197815321789624,-0.05883148349052331,0.0179219030767325,0.008650964490396436,-0.2670115837305499,1.2182570429737347,-0.3376544962623594,-0.142464893753154,0.04940593654690896,0.08576112554018042,0.05416753426329763,0.08143630061095236,0.08401390030428056,0.08094247569698991,0.0712128292101494,0.05712131373572379,0.042638489868050446,0.03171525707874537,0.02377500173693322,0.018695286311750534,0.014558907966671574,0.00956908418760257,0.0033315000927725226,0.0001268455826274404,-0.000991421355964091,5.6777255941360826e-5,0.0004599376890207371,0.0010781399707627845,0.0014368117777894564,0.001983618265907387,0.0009067373203254283,-0.0008112556208885658,-0.0048863841162775645,-0.00964842876724878,-0.013277167861478794,-0.0067212848418678915,-0.0015015235836766357,0.0009801227409464914,0.0017968340286252306,0.0018756035788763913,0.0016555796333598298,0.014066921236500898,-0.02168915524525153,0.0036336587819008185,-0.019056456792831054,0.005757564206429487,-0.0024140410102611886,0.0024591748891848245,0.020174955790657666,-0.03266281404676261,0.0023428906042143468
0.047897477462814864,0.05109960422816701,0.05501615145725203,0.06429775128507363,0.07935006859781205,0.10153000429223809,0.08245844584615769,0.06434937056535897,0.06794702249665607,0.05911776739158372,0.01308754360245941,0.028828897254912174,0.09625042733594617,-0.3376544962623594,1.2452810774553376,-0.4035000586144108,-0.0522168924010006,0.10120242904927114,0.06493045998338133,0.06629183073451606,0.05943871624771711,0.05877396616245911,0.05513918188790737,0.04672249445601726,0.03716011991006794,0.02962672170384491,0.023848404077148277,0.019741536518827395,0.014568602144342668,0.006159402620006304,-0.0027227219151322733,-0.0018787730771951908,-0.004657381757923996,-0.0027621688952135957,-0.000536144227451614,0.0005154214646032293,0.0007007011514928841,-5.087642055107444e-5,-0.0017545604925274358,-0.0029398759669164126,-0.005475884388217949,-0.007787105224192003,-0.012339080336160173,-0.0006092497309202822,0.0028028586104125405,0.003648053404827001,0.0034857474883413803,0.0029404930224953187,0.0023643747964863385,0.032161997613621644,0.036717323317751134,-0.09926580082981358,0.025730620856366154,0.0012004970526548868,-0.010068146703817223,0.005936566576103788,0.02068098162963697,-0.0480025133633569,0.010979075385912104
0.05518192672621991,0.06579618975454826,0.07816314192698551,0.09368543445633329,0.10875724016740536,0.11392706366836058,0.07232882779527718,0.05886665004861044,0.07815659535348507,0.04617816461611847,0.1351634674736593,0.07056832128751228,0.07244488806187255,-0.142464893753154,-0.4035000586144108,1.4596484691252378,-0.332839979510606,-0.10013108262425086,0.008125267047147899,0.025267972155613407,0.042792298827071334,0.06113684874844072,0.06254752998048355,0.049494236079392524,0.032182953051141536,0.019890290726734303,0.012905945679412759,0.010082584762824571,0.008359469776192185,0.006426417124209968,0.004083145926858772,0.0025746131283195424,-1.6788029610499568e-5,0.0001802303838090772,0.00012560956642102783,0.0018574728283914641,0.0010318952650489352,0.0013179603044057074,-0.00011006447621990697,-0.0012481042602788487,-0.004114022200820064,-0.006660454126100689,-0.008607223235375615,-0.00506946142743999,-0.00235685432544609,-0.0008950704121376302,-0.00021279042005910428,7.48694614708193e-5,0.00017281160966254602,-0.009557939898551429,-0.006225301287007829,0.007006873519646073,-0.00047286555775006753,0.003438402407744736,0.003791535092336075,-0.001167358768084811,0.012659280459759885,-0.03378176223430515,0.019038469601238336
0.051465812355077876,0.05732850987361362,0.06392290335715836,0.07476092852681467,0.08809744897173066,0.10203211084361703,0.08120120996544404,0.05506019155456171,0.0561104531691176,0.05290536334601281,0.10109526557635633,0.10576939200718145,-0.007899321776280511,0.04940593654690896,-0.0522168924010006,-0.332839979510606,1.5950593392985621,-0.3441298228308773,-0.1573527250751108,-0.0678223246705414,0.0068042959982166275,0.04716353820535323,0.0592875926833342,0.052184355414226065,0.038143682199258816,0.026950646629721242,0.019539485541115557,0.015485131174240104,0.011429286648785697,0.006807205588532223,0.0023093366273999262,0.0017363768008229526,0.004685544358356895,0.0040261109818819085,0.0034200919982432408,0.00016661409261855404,0.0010947083328158719,7.224291530852037e-5,0.00035194113378659686,-0.002139383269292308,-0.005232456586446581,-0.010235637998233661,-0.016078925627060738,-0.007062144269022574,-0.0028219803380001335,-0.0007978459727692982,4.143688729121875e-5,0.0002902194171421948,0.00033044115585391105,-0.02685513819302522,-0.005345936093497832,0.0257743391846918,-0.013204485844119363,0.0018982183794876368,0.0016557911762001092,-0.0040397315577954535,-0.021867945477294613,0.014562128964698563,0.009312078421626136
0.04383376266035731,0.051974700088524756,0.06285234125938702,0.07831387749181594,0.09884396669741465,0.11962343099741234,0.08940882682118288,0.06460924889639814,0.0759922303470955,0.059007656701267036,0.10756719691326952,0.08566920235355631,0.05621222802196776,0.08576112554018042,0.10120242904927114,-0.10013108262425086,-0.3441298228308773,1.5662529635372087,-0.25605077983391733,-0.18505273234899614,-0.08122237475312091,-0.017637693085895165,0.01601748389159131,0.026929243232881515,0.02562117161688709,0.02184096891854936,0.018461862254825583,0.01603240619123129,0.012539319315365904,0.0068912579411813685,0.0022632383981167075,0.008110179584230538,0.009392363007239427,0.007576885413507514,0.0037224495643791706,0.003831571196172206,0.0021780274674337323,0.0032635557673137243,0.0014997795342545452,-0.0002306714288994822,-0.005421431365723693,-0.010141351274825539,-0.01603675321963421,-0.011499701327847589,-0.0074925415516410585,-0.004798557365059969,-0.003066450468027501,-0.002056369155276602,-0.0014086419387238282,-0.003563173497478959,-0.007588394438627426,-0.0007401435757388729,-0.009727787343643051,-0.0010659512057547317,-0.0007555073776242853,-0.011242689624199567,-0.028916062377543107,0.03443648378363466,0.014552227946092603
0.04571799446954276,0.049500136861986704,0.052415504650843464,0.05411051709342865,0.05484827146181096,0.0551322452647785,0.039500019010611336,0.050532906398254224,0.04867772573413328,0.06367124709137267,0.04814751576233817,0.07392902968359494,0.03512064857239312,0.05416753426329763,0.06493045998338133,0.008125267047147899,-0.1573527250751108,-0.25605077983391733,1.7442376102895425,-0.16911473061682195,-0.09012257983017494,-0.05851368643858172,-0.030065523162650525,-0.0030516577948598413,0.01737187503985422,0.026812824440627405,0.027936568489282203,0.024659927214155816,0.01721924352743307,0.004255661774438614,-0.011477971397696555,0.00018066492544289178,0.009844178905609525,0.0061371068938163706,0.0059362757963410005,0.0013018436297634784,0.0046841999632399834,0.003233247891735499,0.003592516398326693,-0.0014491384146462795,-0.007578427461335137,-0.01739006311046324,-0.029396442230148454,-0.01095265408052282,-0.002239987791931046,0.0015951576892577002,0.0027443317275241672,0.0027470585683774936,0.0023573453964658244,0.002088548173166215,-0.002552585896625501,-0.007581364489471531,-0.004130327299815256,-0.003944330250417604,-0.007481120274644641,-0.00045630822545376275,-0.02308120096048963,0.019408881032643915,0.0011132136517606342
0.04330208754319225,0.05005528562831406,0.05888006792908567,0.07019464064108841,0.08504773463828652,0.10029354294657268,0.07573186679918034,0.0777085398161604,0.06722001573394246,0.07154823970670324,0.08453861618507005,0.08000656683549325,0.07929433369776726,0.08143630061095236,0.06629183073451606,0.025267972155613407,-0.0678223246705414,-0.18505273234899614,-0.16911473061682195,1.7844791379124583,-0.2362784383048991,-0.1774035285261207,-0.11152802156571717,-0.057001091182327525,-0.018820133017599286,0.0027015422782788157,0.013096132246853178,0.016712281545155135,0.013361100348843476,0.0016111191377423647,-0.006517845717021643,-0.001408305309019878,0.010012435204491582,0.011702849185224656,0.007544892815237446,0.0015184342089341342,0.0007892379110659573,0.00041700965513479416,0.00018958753440827462,-0.0026010130964026434,-0.007538136858064308,-0.014326698511341933,-0.023663191893485373,-0.011474277119742929,-0.005349584856960608,-0.002118150953926884,-0.0006003832160454723,3.655848027976414e-5,0.00026556297304719767,0.0005983672668126586,0.006777133165409924,-0.02336530854936103,-0.010958526057417392,-0.002677491263215714,-0.003997608249494706,0.007387983471377906,-0.01073199112681835,0.003053007890678484,-0.0075835968258035945
0.05693843661246604,0.06708911227421345,0.07880038141756214,0.09129952957816322,0.10150893519398085,0.10022062920331543,0.06504526221228385,0.07665307644942142,0.07083113619522241,0.0731621189384399,0.08302538391001356,0.07316977297509851,0.08576954220415345,0.08401390030428056,0.05943871624771711,0.042792298827071334,0.0068042959982166275,-0.08122237475312091,-0.09012257983017494,-0.2362784383048991,1.758603917731301,-0.26126513840565324,-0.19782220298410857,-0.1274741992752151,-0.0676275132208386,-0.028747759301756114,-0.005526658974004975,0.006774985691896164,0.00987716347436466,0.0032381159003093784,-0.0004274908914914573,-0.0014669327987437196,0.0048388965319739324,0.00980547154830007,0.006378202473981692,0.0012002098078471518,-0.001628024105609413,-0.002475102543363479,-0.003393252050004666,-0.004685390060088937,-0.007614977292799014,-0.011184709995083917,-0.01686707272895014,-0.00916157832687051,-0.005403675705208306,-0.0031560596198685043,-0.0018307781432938836,-0.0010845163989025412,-0.0006493670118893502,0.0002707603402937479,0.003515047313788322,-0.01493468116838437,-0.0031923228412737057,-0.0025376913514688097,-0.001910181588010211,0.009936440112677358,-0.003963205726741878,-0.008631755276251478,-0.012889249025422364
0.06434538000568744,0.07562483361583726,0.08745408025527691,0.09770819848053314,0.10130519607335753,0.08762327398781067,0.05454405451043019,0.07064099043727662,0.06963953549116259,0.07126789510882978,0.07221968874788015,0.06599036278566595,0.08087936618122951,0.08094247569698991,0.05877396616245911,0.06113684874844072,0.04716353820535323,-0.017637693085895165,-0.05851368643858172,-0.1774035285261207,-0.26126513840565324,1.7587137669853514,-0.24849183874461303,-0.18095143641638572,-0.10993272469223478,-0.05865711932426367,-0.02535473904721876,-0.006248303221645994,0.0031608095598176632,0.003461725036905485,0.0029241369367383812,0.0007714623360124242,0.0010803372196557214,0.004889432874605673,0.003032593060375046,0.0003172345684056118,-0.0030410305346308293,-0.004351790095882964,-0.0057905648021043974,-0.00572767500934935,-0.006550811468681639,-0.0070009097955275965,-0.008079099389399842,-0.004440440919273654,-0.0025893386558937825,-0.0014873940477433064,-0.0007921518546676413,-0.0004109742909166126,-0.00018846528998841787,0.0020806908398517373,-0.0005834597422147858,-0.0037024998693518,-5.244134256984011e-6,-0.0006535976215159419,-0.0018374883707835553,0.006365795371059223,0.00018940228834794673,-0.01035015532632954,-0.011985229777417403
0.05930955619164,0.06982912864768943,0.08069386849022019,0.08968913138007878,0.09152341426113655,0.07589574708387933,0.047856110452804065,0.059636544142472,0.06199930692971769,0.06327227022567436,0.06155802635267966,0.05735971906001406,0.06920156649142428,0.0712128292101494,0.05513918188790737,0.06254752998048355,0.0592875926833342,0.01601748389159131,-0.030065523162650525,-0.11152802156571717,-0.19782220298410857,-0.24849183874461303,1.7987883344817377,-0.19926049291870152,-0.13782255773730473,-0.08783324134659344,-0.05223995361043973,-0.029528358317092628,-0.013515471273512764,-0.002434775503098957,0.003991130078337159,0.0038721873295098153,-0.0009374405402856913,-0.0009170787285129452,-0.0031124865424924076,-0.002303005488152466,-0.005469528982363335,-0.006137577499193037,-0.0073167408000830705,-0.00472390425365582,-0.002104036679039588,0.0018776575005797459,0.0064051153262427414,0.005918018283810852,0.004688138005911213,0.003357180317008943,0.002441090973116354,0.0017967858239416338,0.0013504331769948383,0.0034847487361892035,-0.0028800620401330797,7.235113350942673e-5,0.00033833625019486516,0.0014377190617308837,-0.0012281848206003405,-0.00012411499311058553,0.004379316109336013,-0.007465918084954874,-0.0054327335587021535
0.047759847450036676,0.0566672171130449,0.06612286532476,0.07448217823988676,0.07692525710829402,0.06364905751435701,0.041591831762922644,0.04433626650804053,0.04928360901747986,0.04948035949861656,0.051657002595615925,0.0445652938520566,0.05447074050792705,0.05712131373572379,0.04672249445601726,0.049494236079392524,0.052184355414226065,0.026929243232881515,-0.0030516577948598413,-0.057001091182327525,-0.1274741992752151,-0.18095143641638572,-0.19926049291870152,1.8618719411925186,-0.14477387457383412,-0.11001198458085952,-0.0821573031988377,-0.06090605279548992,-0.03930737748588591,-0.015122395655184957,0.002086041127864371,0.004700635337733168,-0.0034909700358353732,-0.007004119564495038,-0.010573927228953044,-0.005324361014656327,-0.007275290341292346,-0.0060506840238554235,-0.006086788574893865,-0.00014685353847483266,0.006641469657380172,0.015402454057473364,0.02598513048449966,0.02113597767997884,0.016142849460728702,0.011343497416889146,0.00792834708274149,0.0056077387970120745,0.004025699847473341,0.004220329617695556,-0.0035149387620399793,-0.0009797940924991598,-0.00038357867035588563,0.0031310112665368624,-0.004120155693181971,-0.00331953218844601,0.005387591813043301,-0.002605957574455981,0.0029701263762950364
0.034642075617557486,0.04168157933890323,0.049562233841910455,0.057319010091689056,0.060909535805263114,0.051538545233736896,0.03515269482301519,0.030039528883518997,0.03597180356573837,0.03567374597341105,0.042184369249832154,0.03192682000026519,0.04050406658528606,0.042638489868050446,0.03716011991006794,0.032182953051141536,0.038143682199258816,0.02562117161688709,0.01737187503985422,-0.018820133017599286,-0.0676275132208386,-0.10993272469223478,-0.13782255773730473,-0.14477387457383412,1.9072559930241348,-0.12372059209768912,-0.11030654658392625,-0.09518053024429593,-0.07036508233319573,-0.03285863085007978,-0.0022817897145068844,0.0024116389970271048,-0.007026489275460748,-0.01244029995549741,-0.017377016505349355,-0.00663634494941021,-0.006651614562660582,-0.0027089286573385952,-0.0015131815667261956,0.007569204500846433,0.01799758044128482,0.030895115179695395,0.0465210901888636,0.0380655896501335,0.029210448388712507,0.02053259124561221,0.014231226324002847,0.009959596086735847,0.007052114567575833,0.004779100411298794,-0.0034025343130807168,-0.004330369757326952,-0.001906757264698158,0.004538318144621867,-0.010073754057628241,-0.002823752927590362,0.0026150890103995217,0.00438625085134429,0.008154868165323143
0.025302293578827566,0.03082726008373559,0.03727133014268997,0.04403272088726297,0.047782888557102075,0.041009119545930076,0.02915892804363188,0.020247774613132503,0.026155360010986468,0.025594099951893167,0.0341890315619815,0.022638510781980627,0.03031058531719048,0.03171525707874537,0.02962672170384491,0.019890290726734303,0.026950646629721242,0.02184096891854936,0.026812824440627405,0.0027015422782788157,-0.028747759301756114,-0.05865711932426367,-0.08783324134659344,-0.11001198458085952,-0.12372059209768912,1.9122118299122268,-0.1338705660545362,-0.12820999146487344,-0.10378080538836468,-0.05485313308011578,-0.010150931289176237,-0.005762962234668442,-0.01387146718402346,-0.020158940676797663,-0.02360519002683883,-0.006531003482539735,-0.001477329454807708,0.006456694264594933,0.01017429964297096,0.0214600227810299,0.034056421055253076,0.04809881652807372,0.06580510423890222,0.052952085692298236,0.04103524350308592,0.029040853812070368,0.02014532330179106,0.014065336817595262,0.009904223066507106,0.00493606816107986,-0.0030046332130992544,-0.006359996306835296,-0.0029798541406992015,0.005379630334423425,-0.017424667798235642,-3.877281356148267e-5,-0.0019654163031365174,0.011921717080214141,0.00861028792580687
0.018592409202462776,0.02274246260475373,0.02774587245369843,0.03319519859321605,0.036574055986525876,0.03191080689914917,0.023382157654081248,0.014942831988236259,0.01955582959790601,0.019032571592936667,0.027183910051643768,0.016712466053017676,0.023249442257611858,0.02377500173693322,0.023848404077148277,0.012905945679412759,0.019539485541115557,0.018461862254825583,0.027936568489282203,0.013096132246853178,-0.005526658974004975,-0.02535473904721876,-0.05223995361043973,-0.0821573031988377,-0.11030654658392625,-0.1338705660545362,1.8920521779513633,-0.15798663550456477,-0.1387960209185399,-0.08263700683686065,-0.022718086143511135,-0.022186196456840224,-0.024290698817421203,-0.026944962713234145,-0.02522179023176659,-0.001058668190026085,0.011056352736994039,0.023122807990518954,0.029376148241295755,0.040936706442208336,0.05333736570460568,0.06565442802868385,0.08184514608361809,0.06544544684337447,0.050819601539449526,0.035985091197523966,0.02488374676697764,0.017254645124554813,0.012042720226144634,0.004560165342880677,-0.0030402906596965016,-0.006843910952345111,-0.0037606927397615827,0.005667914562660429,-0.023778388417624356,0.002975834991730995,-0.006379979502989456,0.018268681683558344,0.0050541197240416315
0.013382467978961431,0.016332117439345366,0.020072955014608016,0.02430106221333749,0.027390834200450277,0.025039373805157267,0.01869883956186528,0.012126085751098178,0.014957200109425282,0.014975256707042733,0.02105960759143898,0.013265983516553259,0.018234202290826763,0.018695286311750534,0.019741536518827395,0.010082584762824571,0.015485131174240104,0.01603240619123129,0.024659927214155816,0.016712281545155135,0.006774985691896164,-0.006248303221645994,-0.029528358317092628,-0.06090605279548992,-0.09518053024429593,-0.12820999146487344,-0.15798663550456477,1.8651450191885,-0.17239207936821574,-0.12045587353343765,-0.04204733187773366,-0.059707618326759006,-0.04512202000878753,-0.03071820187088459,-0.0176068988681521,0.010726556445940129,0.030946017323611696,0.047066424452879396,0.057012955527765447,0.06798056968565537,0.07924489722058854,0.08829623406539731,0.10009633958514597,0.07404346631896214,0.05465625619980909,0.03741410145789793,0.025177152400993087,0.017007777867615544,0.011587696195098694,0.002170636540263146,-0.0023817728856418818,-0.006068310402836214,-0.004267465660119738,0.005237190542260505,-0.024099903786441293,0.003604324612203434,-0.005732222607111044,0.01912897917598341,-0.0009417139558627591
0.007770705644226992,0.00945356704618132,0.011897080538795662,0.014941157435638884,0.01795711292262181,0.018295298796626766,0.014091577644207947,0.008570594326183527,0.010216430731878542,0.011267806029012293,0.014119953222003566,0.010130386485718894,0.013031161862686293,0.014558907966671574,0.014568602144342668,0.008359469776192185,0.011429286648785697,0.012539319315365904,0.01721924352743307,0.013361100348843476,0.00987716347436466,0.0031608095598176632,-0.013515471273512764,-0.03930737748588591,-0.07036508233319573,-0.10378080538836468,-0.1387960209185399,-0.17239207936821574,1.8532874201852765,-0.1691603287770816,-0.0703510306186893,-0.13618769411059725,-0.08206069247079306,-0.014964894698022804,0.01664919407844548,0.03719052703033183,0.05802296715487112,0.07263016407688754,0.0839026116688397,0.09248664410207659,0.10225305017663405,0.10981699450768392,0.11663285218504256,0.07728813090693033,0.050319920826117984,0.03144379637262849,0.019660779475334796,0.012406894670946484,0.007943878855108695,-0.0027138468921518947,-0.0006953927151191979,-0.004608388857190174,-0.005309798692775406,0.0036764531456755056,-0.017178454119209888,-9.858556894208582e-5,0.002605497663832101,0.011713852939598536,-0.0047235295836341945
0.0034117500339959856,0.003757535216501397,0.004528917890147861,0.005674464245216699,0.007351888139706769,0.008559636944276921,0.006752063868901178,0.0017484470102243149,0.005158568222739202,0.0055498533748705664,0.004385518801272155,0.006226675258211906,0.00448161247177549,0.00956908418760257,0.006159402620006304,0.006426417124209968,0.006807205588532223,0.0068912579411813685,0.004255661774438614,0.0016111191377423647,0.0032381159003093784,0.003461725036905485,-0.002434775503098957,-0.015122395655184957,-0.03285863085007978,-0.05485313308011578,-0.08263700683686065,-0.12045587353343765,-0.1691603287770816,1.8160427664814869,-0.10646876099968054,-0.2820870538397672,-0.1408850765300782,0.06380069667244291,0.1147418492748604,0.09187250192799484,0.08195926727921411,0.08007444184274193,0.08351816875670914,0.08947908803071522,0.09934677548926737,0.1141735769761357,0.12384150183328971,0.0728131442981411,0.03857568822933667,0.020547930688360673,0.011246657319194067,0.006283810373440397,0.0035852335650064277,-0.005128633073950709,0.0007711800449190619,-0.001671463658035526,-0.004529069468860979,6.48691289654679e-5,-0.010307866887342339,-0.011706792779661706,0.021811099938440052,0.0007977382420282103,0.0019383705331715287
0.0010978723164677402,0.000511604365912801,-8.799165459588474e-5,-0.0008590310512377051,-0.0013267620867975865,-0.0013457318726606854,-0.0007429841922662175,-0.0021892262005431488,0.0002643419341879152,0.0009717191618240857,-0.002877590048836556,0.001776028208375165,-0.0012205954872819829,0.0033315000927725226,-0.0027227219151322733,0.004083145926858772,0.0023093366273999262,0.0022632383981167075,-0.011477971397696555,-0.006517845717021643,-0.0004274908914914573,0.0029241369367383812,0.003991130078337159,0.002086041127864371,-0.0022817897145068844,-0.010150931289176237,-0.022718086143511135,-0.04204733187773366,-0.0703510306186893,-0.10646876099968054,1.9463871116734133,-0.13703455663922004,-0.09966391827832319,-0.02831715428224061,0.03478018039620804,0.059253654313668684,0.06675550658549972,0.06248568443155142,0.060763647333126974,0.0582220782881558,0.05992789040759755,0.06681813625786719,0.07931001998525204,0.03466791114985971,0.014143113561306472,0.006382458959687529,0.0031927764535077128,0.0016807639692096262,0.0009300771597326166,-0.0066623034604469415,0.003002536773400397,-0.0006867091123948335,-0.00542620063435857,-0.0013285899366209215,-0.0009304451438141243,-0.005921241166646394,0.005420627098928346,0.00022752788551469536,-0.001172140338312895
0.002411264552227072,0.0017738223741457493,0.0010640679243187781,0.00023323071258654765,-0.0005329425986565717,-0.0015118490793661864,-0.003294824783031415,-0.007999474360269926,0.0013786525265675105,-0.0014899766908751523,-0.004549971340544829,-0.0013323142551117224,-0.0025509255681354323,0.0001268455826274404,-0.0018787730771951908,0.0025746131283195424,0.0017363768008229526,0.008110179584230538,0.00018066492544289178,-0.001408305309019878,-0.0014669327987437196,0.0007714623360124242,0.0038721873295098153,0.004700635337733168,0.0024116389970271048,-0.005762962234668442,-0.022186196456840224,-0.059707618326759006,-0.13618769411059725,-0.2820870538397672,-0.13703455663922004,1.5613046856084112,-0.27322210151345816,0.09124508081976691,0.2058741045311465,0.14447369026275186,0.10523442966545621,0.0822851995841523,0.08328178075387256,0.09078529055511494,0.11045100902951496,0.13609728518098987,0.1556442809475257,0.08342965499303172,0.039447558886255125,0.019854370213049078,0.01084382206660304,0.006563980643750424,0.004236319434297,-0.012944417661536676,0.008565046859831596,0.002632718554437935,-0.0010607525793945808,-0.005261834156427889,-0.01615059924392921,-0.021283781271319083,0.03634937889506606,-0.0003383677053773615,0.018600579949445462
