1.021924748032494,7.895470589845398e-5,-6.931988461579285e-5,4.18237738648432e-5,-1.681586643563605e-5,2.617976934495467e-6,3.906956077231957e-5,-1.3139732433294276e-5,-3.704001663436951e-5,5.969877954559505e-6,-4.7676671573365525e-7,-3.5937755500261643e-6,7.754471765297985e-6,-4.528609751572735e-6,7.446952986487338e-6,-5.596162127706153e-6,5.779946986680183e-6,-1.9417326696251842e-6,2.01240132463464e-6,-2.6061534671571125e-7,-6.566453557314155e-7,-2.1984664576046245e-7,-1.3280912013188787e-6,5.586579924013312e-7,-6.552153691124116e-7,2.569345736840252e-7,-4.83468491112896e-7,3.1675956491870146e-7,2.738666386228071e-7,1.6840160883855324e-6,3.1818636640137697e-6,-7.744552491257396e-7,1.9010677507612815e-6,-1.0417994505931565e-6,-1.815426844100887e-6,-4.3066138543426915e-7,-1.8827318702615602e-6,-9.554845005769407e-7,-4.7425696067621107e-7,-7.566696689116174e-7,3.7474603832256017e-7,7.096444480865182e-7,3.7668124299536394e-6,4.344201677163918e-7,8.36323155729949e-8,1.7227929762043648e-8,2.7684888492616915e-9,-2.9383624180098566e-9,-8.962296925296032e-10,-5.077116351334745e-5,-4.805220310836241e-5,-4.575788517342492e-5,-3.341351908731344e-5,-1.2945212066509936e-5,1.0351303811597954e-5,4.26115067603119e-5,3.426768759859874e-5,1.5370878934727266e-5,1.5117725804603792e-5
7.895470589845398e-5,1.0219103108250542,6.989687872979764e-5,-5.3243151269632296e-5,9.2996957930432e-6,-2.3932282523406438e-5,-4.338586239690693e-5,-4.220462229121272e-5,-2.8953038969066803e-5,1.3149602068095273e-5,3.949886227042621e-5,1.1879746548629654e-5,3.312665300479315e-5,1.1446473798831937e-5,1.0228651067581102e-5,8.69171608600602e-6,-2.1573993551234823e-6,4.769272801067861e-6,6.606647143896175e-6,1.3928865869295006e-6,-3.61513725110604e-7,-5.390832245538653e-6,-3.111410981170004e-6,-3.6063348366738865e-6,-9.202660191952609e-7,-1.3245931504094194e-6,-1.1584558345640243e-6,-1.7722901080768183e-6,-2.0350465450510132e-7,-2.17102052309721e-6,-4.172479263993275e-6,2.7836982577269775e-6,-4.672955157197951e-6,2.671792125920193e-6,4.0465187942539207e-7,1.4243420735914589e-6,6.686281959083362e-7,1.6181256970472e-6,-4.6980332271426685e-7,2.652249501196965e-6,3.599967645362432e-6,1.080067124138205e-5,2.02901543652985e-5,5.399396379442938e-6,1.3334435403541104e-6,2.975469103742062e-7,6.906507074078788e-8,1.765412927576207e-8,5.0655459654144235e-9,5.745357587255376e-5,5.4112856867031905e-5,4.8400822811409777e-5,4.1100173877487904e-5,1.7512469179627845e-5,1.954831891849273e-5,2.1520278460895527e-5,2.5873040117395677e-5,1.5299937319674588e-5,1.872076294927996e-5
-6.931988461579285e-5,6.989687872979764e-5,1.0219013308172575,-3.4599738638253296e-5,-3.587849175363183e-5,-1.5006372910509138e-5,0.00014771031156575934,-0.00021650932146586628,-0.00023962294411067784,5.5820574965127054e-5,7.109902042099011e-5,0.00010884512447324012,7.533113197088702e-5,6.289909845021836e-5,3.599294853925791e-5,1.198812352036626e-5,-5.306202225425037e-6,-3.4739151611992536e-6,-6.320118284714959e-6,-1.9264131798930755e-6,-5.940322695224187e-6,-1.1889026227487986e-5,-1.2773479896014318e-5,-5.935592682580167e-6,-3.860199458224821e-6,-2.2772032007832346e-6,-4.120411635069169e-6,-2.8018880294440866e-6,-6.421480042614734e-8,3.3049892836174564e-6,4.3181766024734245e-6,-2.2090556335141596e-6,4.22657066485677e-6,-3.765656602480569e-6,-1.0952165231250811e-7,-3.6998960873868936e-6,-1.1039267423490188e-6,-2.289312733290144e-6,1.679399138642554e-6,1.9052194269253824e-6,1.2556819587965632e-5,2.483935459929215e-5,5.466862098598345e-5,1.3114694977207227e-5,3.228362605523602e-6,7.126866496776165e-7,1.5009371708683784e-7,2.3440712481258225e-8,9.890719294585758e-11,-4.830977366176767e-5,-4.4999873032824006e-5,-5.7222491285958484e-5,-5.473857735470961e-7,-1.63403851970022e-5,-4.033489228957432e-6,1.0258272325919233e-5,6.6034008933229355e-6,3.905694958526806e-6,1.877029524919735e-6
4.18237738648432e-5,-5.3243151269632296e-5,-3.4599738638253296e-5,1.021819405548039,-0.00011841044819834205,-0.00027742123682748294,-1.1956548725975345e-5,-0.0007329547511758464,-0.0005225897642283258,0.00011383295171024616,0.0003873730250492583,0.0004114138399105998,0.0003588514169515634,0.00023858059200445095,0.0001215200328806399,3.245739357511217e-5,-1.106215036010054e-5,-1.2271758691863765e-5,4.2695809694672045e-5,3.123252025037529e-6,-1.44171965965488e-5,-4.545224626331389e-5,-4.166399994072294e-5,-2.5521822768073556e-5,-1.3552643125832437e-5,-9.692939150441788e-6,-1.4661098871117625e-5,-1.2145015747261977e-5,-6.669072186445819e-7,2.971367950511677e-8,1.0067500917483358e-7,9.172940260793797e-6,-9.08383246772974e-6,3.081945929818191e-6,-7.334903393079176e-6,-1.676486726695253e-6,-8.189559567084304e-6,1.96071167186713e-6,-4.620292526849987e-7,1.4973973593803361e-5,4.046546804640822e-5,9.77090711595965e-5,0.00020080861627387188,4.982061204354771e-5,1.2252946951511334e-5,2.73712010226044e-6,6.252788370457768e-7,1.3185576458601144e-7,3.470761061253567e-8,2.7897170346523133e-5,1.7463048801397567e-5,-1.2208185838193142e-5,6.174180207701741e-5,2.3449934994382223e-5,-2.9872099487988512e-6,-4.9901906587020835e-6,1.2171560258852441e-5,8.262272830844417e-6,1.233430922830781e-6
-1.681586643563605e-5,9.2996957930432e-6,-3.587849175363183e-5,-0.00011841044819834205,1.021323182448434,-0.0016114738333823787,-0.0028129923629051394,-0.002191230531510976,-0.001396548642801138,0.000984384078216237,0.0014449539439790654,0.0022737395781373716,0.0014756106421591488,0.001269448826586351,0.0003089040368051783,0.00021332058777187061,-0.00014549123565847058,9.174237382532775e-5,8.59876069944366e-5,2.2771559610543126e-5,-4.110007947077519e-5,-0.00015412803728428567,-0.00014749313406212813,-8.757476644342428e-5,-4.6884936367993946e-5,-3.345984276938877e-5,-5.0524356873321245e-5,-4.1619772511386954e-5,-1.2020008824963875e-6,1.033808635120454e-5,1.8057124567938413e-5,1.356625567279566e-5,-1.2344367815624472e-5,-5.9075183996071195e-6,-1.551721876869385e-5,-1.820903603444873e-5,-2.1902843931684326e-5,-3.273528877861934e-6,3.3432108934402264e-6,4.474362448570601e-5,0.00014604170387590894,0.00033671632318885435,0.000706395205147891,0.00017343926669208682,4.25862673959245e-5,9.45102922706793e-6,2.075730875173759e-6,3.876559882029116e-7,6.785867198421105e-8,-3.623737211674233e-7,-5.151783988435356e-5,-7.501442136539697e-5,-0.00010096151132659737,6.088647812620379e-5,-7.093890900696425e-5,-6.0397276161110335e-5,-3.422896953107146e-5,-2.433906986376457e-5,-2.9973583059134962e-5
2.617976934495467e-6,-2.3932282523406438e-5,-1.5006372910509138e-5,-0.00027742123682748294,-0.0016114738333823787,1.015560012126988,-0.01818411502339783,-0.008939399495900923,-0.003470438337814383,0.004161095311116862,0.007179510034209769,0.010187493073005528,0.006752682496203711,0.0054271761096924675,0.0011120005489106395,0.0007529670868072088,-0.0006962120488854978,0.0008965961156552024,0.00033476842996779346,0.0001422666764816555,-5.5250125528095874e-5,-0.0004591609750521359,-0.0004557827401092265,-0.0002753409092981807,-0.00014736604281018957,-0.00010325522300728583,-0.0001579254604230474,-0.00012984101792718036,-1.066995747649141e-6,3.8525714765451146e-5,2.88835860704843e-5,5.4135255381111836e-5,-5.494987012249996e-5,-6.88752804749821e-6,-4.198105160343446e-5,-4.337542217379893e-5,-5.814941668375881e-5,-9.081243381752487e-6,2.106855431896831e-6,0.00013641115315029197,0.00045050407740035366,0.0010561018544503525,0.002225404107102709,0.0005460176506997233,0.00013408055089387876,2.9838440882515864e-5,6.673507720587115e-6,1.3139384423150288e-6,2.989852723865433e-7,0.00017651310816278103,-0.00011532833165605812,-6.358148829388983e-5,-0.00017920422846583544,0.00023942141342434537,-0.00018109675792019457,-0.00022645015389963411,-0.00013157436533843054,-0.0001250752067796009,-0.00012903542819741925
3.906956077231957e-5,-4.338586239690693e-5,0.00014771031156575934,-1.1956548725975345e-5,-0.0028129923629051394,-0.01818411502339783,0.9269383812370473,-0.017996927911150592,-0.030223743743836292,0.026389824765214665,0.033100093587301004,0.04423025564039952,0.01609182518763375,0.02187675065643145,0.008026060425608814,0.0001714754500927504,0.00014352143544590234,0.002467858641072721,0.002081420931641474,0.0009784631171717401,0.00012890989295405672,-0.001308030968891591,-0.0013201886520852724,-0.0008493732938566924,-0.0004520390983776944,-0.00031685660110738,-0.00047259251781750706,-0.00040929483852266205,2.790947786793485e-5,4.2132660055856207e-5,-0.00033705552086626077,0.0004071670087964238,-0.0005065355493955456,0.00022873898038084514,-0.00026321854286499635,9.778357023924826e-5,-0.000222031468932345,0.00010790619217598421,-0.00010630053650982074,0.0004982622613099854,0.0012826015653491383,0.003279385612224393,0.006860693016515341,0.001676263291731309,0.0004093714574669846,9.030262600495725e-5,1.9972673625028836e-5,3.7451910554893563e-6,6.98297763790314e-7,0.0006586839547986508,-0.0004250137416536454,-0.00013069807786138398,-0.0006906913071165393,-4.8952039830035966e-5,-8.027494276992361e-5,-0.0008288792900067655,-0.00040672268873925415,-0.00034518254630302184,-0.0003442286626540923
-1.3139732433294276e-5,-4.220462229121272e-5,-0.00021650932146586628,-0.0007329547511758464,-0.002191230531510976,-0.008939399495900923,-0.017996927911150592,0.9295393329546506,0.02333151709021199,-0.034551529233332705,0.061636886304240635,0.024878290080036607,0.013465047925013567,0.02342842819182846,0.004547902154124976,0.0005695594134663775,0.0007312619456447844,-0.002545792610048874,0.0022577396525372308,2.0424223573460607e-5,4.608125160697743e-5,-0.00046791489112868104,-0.0007244643683790416,-0.0003749135045162027,-0.00022319204481299095,-0.00015083078671434988,-0.00024990007400402286,-0.0001647225695180448,-3.5404951759706314e-5,0.00019401741171772556,0.0008626324950091556,-0.000352073342667502,0.0004102883107911246,-0.0003469737449159326,3.562852504264685e-5,-0.0003419559065576837,-0.00010188621563150788,-0.00016923847365453003,0.00013031309165052594,0.00012025071888664052,0.0008103585733660875,0.0015562705284356579,0.0032540951444181,0.0008316311334374824,0.00020790280025115404,4.7016088321483345e-5,1.0653846745849614e-5,2.2428832556677873e-6,5.85844200007289e-7,0.0003650373523277004,-0.0005427987694283889,-0.0010386367049020002,-0.0005569502182824751,-0.0002430923924032578,-0.00016460756049121894,0.001909706734429488,-0.00019022874444829332,-0.0001823836604325314,-8.214948402899953e-5
-3.704001663436951e-5,-2.8953038969066803e-5,-0.00023962294411067784,-0.0005225897642283258,-0.001396548642801138,-0.003470438337814383,-0.030223743743836292,0.02333151709021199,0.9422350866548664,0.05128854750555029,-0.033224750767620714,0.0418699877952384,-0.003653491239877631,0.016914000911494503,0.008035469134797127,0.0034318924521835057,0.0013321585774998866,0.003680937023902596,0.0005828372748892743,0.000582463729994452,0.0006845485862808746,0.00013725652227978576,1.0782776771176656e-5,-7.567510565340598e-5,-4.360990571729445e-5,-5.055038068369599e-5,-2.5803753198217046e-5,-3.975814528063195e-5,2.8629698361313097e-5,2.333325998875369e-5,-0.001037595940060849,0.00021360184523904174,-0.00029404380513635544,0.00012005975405814512,-4.461229418868022e-5,2.2572704253066383e-5,-2.0596732275117785e-5,0.00012041191138338924,4.830925785071648e-5,0.00015680226575771533,0.00013894714711986208,0.00040153972034684697,0.0008373067293952036,0.00015534395839736376,3.5014850695606034e-5,7.577565149407265e-6,1.5727747340340571e-6,9.861807893824142e-8,-1.9025914561518973e-8,-0.00012005815505134224,-8.842710036832861e-5,-0.0003258214940256983,-0.00046239916101866726,-0.00014995546027346727,0.0004703890640100983,-0.0022419091901570115,-0.0007328390987620797,-0.0007697578763941766,-0.000753395706393434
5.969877954559505e-6,1.3149602068095273e-5,5.5820574965127054e-5,0.00011383295171024616,0.000984384078216237,0.004161095311116862,0.026389824765214665,-0.034551529233332705,0.05128854750555029,0.9166712894641071,0.06483050211773354,-0.0622768318602879,0.04486912090325913,-0.006727373673044354,0.014124230269817146,0.0013933743742383545,0.005025871937816829,-0.0027795870869299993,-0.0004261449494783601,-0.00016804025145993596,0.0002719749302772418,0.0004570095931024221,0.00030086599015868696,0.00016941044913109274,6.369852204150758e-5,3.855000269910032e-5,7.809341510588693e-5,7.88816218030896e-5,6.47131466894719e-6,-0.00014802385402710885,0.0008073274023352011,0.00012483471240751099,-0.00017928266085656805,-5.303130872532347e-6,-0.0002875181288987554,-8.249768500774303e-5,-0.00028282051873782936,6.967314011567101e-6,-6.846378349923877e-5,-2.9656331191069068e-5,-0.0002630688291291204,-0.0004778363715018818,-0.001220014145186793,-0.0002713191252268391,-6.716249023721006e-5,-1.463833885871405e-5,-3.028740797414163e-6,-5.923561991229042e-7,2.152877928390745e-8,-0.0005815708445451286,-0.0004927430738734653,-0.00039793900140013656,-0.00030995584656079943,-0.0005976865629414866,-0.0011101215144713591,0.00016598253456174094,0.00036353237990602565,0.0005654334355617501,0.0004688269297816968
-4.7676671573365525e-7,3.949886227042621e-5,7.109902042099011e-5,0.0003873730250492583,0.0014449539439790654,0.007179510034209769,0.033100093587301004,0.061636886304240635,-0.033224750767620714,0.06483050211773354,0.8088991796031638,0.028521126610778262,0.04239908800336887,0.011888714008980665,-0.015592312188951529,0.013592052657978818,-0.0013068179151435118,0.0011850445415198636,-0.0004848486748063111,-0.0006911987538870931,0.00023462878809053458,0.00046958680357910097,0.00039374374958249715,0.00022061736419474805,0.00012057183411639346,7.2310399921485e-5,0.00013794241716479273,0.00011320184383613237,5.919110286161071e-6,0.00013620436488408962,-0.0006738014197033434,-0.00011015768795950043,0.000185827061369852,-9.847913909009573e-5,0.00016585025292746743,-0.00010356076663961219,0.00010253219272529815,-1.4012400084275505e-7,0.00012625629557949116,-9.318954044415334e-5,-0.0002712658219838785,-0.000794350410634457,-0.001640222843309537,-0.0004259347084049089,-0.00010593990435953222,-2.3286167576030933e-5,-5.216532757043448e-6,-1.0885560820636147e-6,-2.1088702442245298e-7,0.0020555106591136005,0.0030479530376947518,0.0032388036232874062,0.00387796116926786,0.00406327598126488,0.0008928463505803104,0.0002567072514444952,-0.0008908763180782876,-0.001121816865475381,-0.0010109983420810917
-3.5937755500261643e-6,1.1879746548629654e-5,0.00010884512447324012,0.0004114138399105998,0.0022737395781373716,0.010187493073005528,0.04423025564039952,0.024878290080036607,0.0418699877952384,-0.0622768318602879,0.028521126610778262,0.9008167321642122,0.053496195020359974,-0.03131603637099887,0.012978058781829014,-0.0037378759503447607,0.007217626330643276,-0.0009903274105729635,-0.003316992244223504,-0.0003089959425531499,-4.167905148058284e-5,0.00042278755733830305,0.0004933766369137028,0.0002737922930600553,0.00013223960523288324,8.839803314455972e-5,0.0001459582948431998,0.0001144957479703625,1.0356640289364696e-5,-0.0002422206510452271,0.00023477769986863077,0.00022336726360155002,-0.00035754271531926446,0.00015912975122245703,-0.00022947933785894605,0.000135475333128764,-0.00013457491206859216,7.2642662443978e-5,-0.00013868266076265442,-7.350615217992644e-5,-0.0005423785692118618,-0.000986452413212571,-0.0021035931792283574,-0.0005391208344714119,-0.0001344194030662561,-3.0126630214810075e-5,-6.620541984369247e-6,-1.4120492099473167e-6,-2.249017848698225e-7,0.0001975493647139777,0.0012104312967144426,0.0013609441997255818,0.0014579428851013146,0.00033942134272319207,-0.000749398198176202,-0.0007640578875601753,0.0005243487282798369,0.0007587300138778102,0.0007438841163261632
7.754471765297985e-6,3.312665300479315e-5,7.533113197088702e-5,0.0003588514169515634,0.0014756106421591488,0.006752682496203711,0.01609182518763375,0.013465047925013567,-0.003653491239877631,0.04486912090325913,0.04239908800336887,0.053496195020359974,0.8403547569507154,0.022742524806939512,-0.01566926692478949,0.008352835589083911,-0.007636442154261187,0.0026361201080852942,-9.929199417217119e-5,-0.0006975153087977736,-7.740743628698442e-5,0.0003733519490414641,0.0004908941473115926,0.00027752068517878324,0.00017096072057711965,0.00011387340760000586,0.0001922069539005758,0.00013900728651822965,2.1734382786466894e-5,5.9979583340077505e-5,-0.0007720717799299348,5.5952930200138706e-5,3.590555656967097e-5,-3.292511338492692e-6,0.00021395947321197452,-6.3656600106921075e-6,0.0002127961337538923,1.698141998605635e-6,8.963802686014104e-5,-0.00015895258831543556,-0.0004553810236052764,-0.0011430995786290902,-0.0023902156023054926,-0.0005955917496735221,-0.00014797797404070604,-3.281658648911048e-5,-7.218181048399478e-6,-1.4814076281440045e-6,-1.8252091065601822e-7,-0.0026501464427465806,-0.0032517379534796336,-0.0032720821136847326,-0.0035415856294793062,-0.00406337683175952,0.00044565409490487934,0.0010191273251077904,-0.0002885252218547871,-0.0005014105586816955,-0.00042370187642489394
-4.528609751572735e-6,1.1446473798831937e-5,6.289909845021836e-5,0.00023858059200445095,0.001269448826586351,0.0054271761096924675,0.02187675065643145,0.02342842819182846,0.016914000911494503,-0.006727373673044354,0.011888714008980665,-0.03131603637099887,0.022742524806939512,0.961210668371234,0.0111159448816138,-0.015263433659089382,0.005572717866271536,-0.0022671367068537182,-0.001489609139832523,0.00024240193544554592,-0.0002535402344180212,0.00020537261182808114,0.00035008478939250277,0.0002326996331040319,0.00012076842527038963,8.441027777822196e-5,0.0001145842799039125,9.459890282126624e-5,-2.7888493655065422e-5,-0.00013768580829292727,0.0005914359812259139,-5.56298736406703e-5,-6.390380782608975e-5,6.992949533186262e-5,-0.00016083696297332603,0.00013485555923188334,-0.00011912976319936454,3.644862742072463e-5,-0.00014615546206470434,-0.00010191422769430559,-0.00048189920220050595,-0.0009220551912954943,-0.0018690718135089207,-0.00047518092476257035,-0.00011691851830517158,-2.61110882679536e-5,-5.8150898466154264e-6,-1.1404429794314685e-6,-2.541027942702248e-7,-0.000347941664040996,0.0003509466316014305,0.0004695501654771385,8.841898630019034e-6,-0.00012810422825122836,0.0001897254747205155,-0.0003838371203781005,0.0008012119443530001,0.0008792741991717924,0.0008326197406827698
7.446952986487338e-6,1.0228651067581102e-5,3.599294853925791e-5,0.0001215200328806399,0.0003089040368051783,0.0011120005489106395,0.008026060425608814,0.004547902154124976,0.008035469134797127,0.014124230269817146,-0.015592312188951529,0.012978058781829014,-0.01566926692478949,0.0111159448816138,0.9884433290563128,0.010005453123471088,-0.014937979360863872,0.012379760865940411,-0.0013270814285116833,0.0002527947561883251,2.2202457676823356e-5,9.539403028351439e-5,0.0002948097549391468,0.00013162695165510745,0.00012074390853129915,0.00010136897044533974,0.0001369736867642088,6.707341515329599e-5,9.26962462754592e-5,7.689951093180043e-5,-0.00104874567095174,0.00023336990601413016,-0.00032858910769915147,0.00011921681433922879,0.00034839356004449647,0.00023463241401919057,0.0004971839809026481,-4.1059476881710615e-5,-6.71872472114495e-5,-0.00021262003382514004,-0.00039719154466643324,-0.0007428642980157859,-0.0012511881297366516,-0.0003416844772312094,-8.893684512219532e-5,-2.0596612305381125e-5,-4.554337190719469e-6,-1.123823825169918e-6,-9.246027305168083e-9,0.0003923382783747715,0.0004075862800042082,0.00029136761056028094,0.0005710447238652961,0.0005705877052464732,-6.719704859374455e-5,0.0007919232272668026,-5.1024506264879206e-5,0.00011705542942692345,4.883295431617549e-5
-5.596162127706153e-6,8.69171608600602e-6,1.198812352036626e-5,3.245739357511217e-5,0.00021332058777187061,0.0007529670868072088,0.0001714754500927504,0.0005695594134663775,0.0034318924521835057,0.0013933743742383545,0.013592052657978818,-0.0037378759503447607,0.008352835589083911,-0.015263433659089382,0.010005453123471088,0.9981267303740939,0.015612940181628674,-0.016487247738891816,0.0062027766547933265,0.0005555593564847054,-0.00043253987462487964,-8.250133604185663e-5,2.3259750804567127e-5,8.846414627850486e-5,1.907563061968847e-5,2.0502052786120436e-5,4.688220969288012e-6,3.143377273687073e-5,-7.671632771545529e-5,-0.00019082677215267804,0.0009175147852548317,3.175680639039823e-5,0.00024082952455169594,4.839287465153768e-5,-0.00029145038315661446,1.619372682635287e-5,-0.00039932576026328973,4.052293882481548e-5,-0.00013916092258586422,1.0752676841506093e-5,-0.00018636009363691614,-0.00029919308629925296,-0.000712037487902516,-0.00016692388533520014,-3.891383513616345e-5,-8.304431106887285e-6,-1.8716824706261392e-6,-2.7006658408754195e-7,-1.3311885006396361e-7,-0.00011808995070846513,1.6930435742045337e-5,8.764145451288223e-5,-9.229162742112379e-5,-0.00013068625947497127,0.0003044468367562786,-4.9803416467407e-5,0.00038430154782125204,0.0005778318776508212,0.0004810069588629584
5.779946986680183e-6,-2.1573993551234823e-6,-5.306202225425037e-6,-1.106215036010054e-5,-0.00014549123565847058,-0.0006962120488854978,0.00014352143544590234,0.0007312619456447844,0.0013321585774998866,0.005025871937816829,-0.0013068179151435118,0.007217626330643276,-0.007636442154261187,0.005572717866271536,-0.014937979360863872,0.015612940181628674,0.9957094243074182,0.022480372575976907,-0.0075843095583931555,0.0005033628782761255,0.00010852632245280728,-0.00015285187578341442,-5.403184095797112e-6,-4.037146031968227e-5,2.2538002476848845e-5,-1.6674594986151995e-5,1.0735642319130296e-5,-2.0945347389168565e-5,3.8780190142998234e-5,0.00024384298868290974,-0.0006917784847742153,-0.00020452388314281525,-0.00010244137908890526,-0.0001746141308864438,0.00033848121358672937,-0.00020609481256548076,0.0004165914262991769,-0.00013552412926755127,0.00023438563100369893,-8.086197795653036e-5,0.00015651471647309143,3.6316740830087376e-5,0.00018657751240317878,3.0789000411409235e-5,6.227006188700416e-6,1.3168206066253056e-6,4.1923125970289106e-7,-2.1616080593805346e-8,1.1073926773936881e-7,9.840578881068366e-5,-7.88790000050373e-5,-7.368540939166016e-5,-0.00011029126683607487,1.9481872908910307e-5,-8.878365915788732e-5,0.00022440834078242216,0.0003544196854867822,8.072514044896454e-5,0.00023246610265843703
-1.9417326696251842e-6,4.769272801067861e-6,-3.4739151611992536e-6,-1.2271758691863765e-5,9.174237382532775e-5,0.0008965961156552024,0.002467858641072721,-0.002545792610048874,0.003680937023902596,-0.0027795870869299993,0.0011850445415198636,-0.0009903274105729635,0.0026361201080852942,-0.0022671367068537182,0.012379760865940411,-0.016487247738891816,0.022480372575976907,0.9914301447750989,0.01131816528769677,-0.001198110170517661,-0.000734991795860687,-1.2505503889848446e-5,-0.0002222617873251968,1.7447266120909096e-5,-8.560911094783152e-5,1.2936561090086546e-5,-8.048599979693831e-5,1.135342856540212e-5,-0.00011944636322674864,-0.0003683066453723534,0.0016065634650183154,0.0002867628465522621,0.0008797076449371283,0.0003398410952722102,-0.0005349622497151633,0.0002028545472707129,-0.0009332618096708714,0.0001548538942837546,-0.00047330632054444006,7.627994708283371e-5,-0.00019908606120660647,4.795070596805025e-5,-0.00018799924705932973,2.5553013453993854e-5,1.2289085156843164e-5,3.1913727207634073e-6,2.702225841819899e-7,4.7548888499751106e-7,-3.280757864793363e-7,0.00015274289443510254,0.00011287994708542712,0.00012470915787336732,0.00015162746545012315,0.0002523321977344325,0.0001410428968975842,0.00010111593987266999,0.0001630906367938755,-1.4878059133046657e-5,-0.0001358038511484309
2.01240132463464e-6,6.606647143896175e-6,-6.320118284714959e-6,4.2695809694672045e-5,8.59876069944366e-5,0.00033476842996779346,0.002081420931641474,0.0022577396525372308,0.0005828372748892743,-0.0004261449494783601,-0.0004848486748063111,-0.003316992244223504,-9.929199417217119e-5,-0.001489609139832523,-0.0013270814285116833,0.0062027766547933265,-0.0075843095583931555,0.01131816528769677,1.012793277667657,0.00032477191174084646,0.0003770589400150269,8.643656342571735e-5,9.706795295155154e-5,9.915228079255536e-6,9.379999448888087e-5,4.088588734738168e-5,6.293199871418648e-5,1.976599405530038e-5,7.971087762682094e-5,0.0003441306719988861,-0.0006294477577630246,-0.0007040667479578447,-2.990668821065627e-5,-0.00035429785744947584,0.0007774193037381334,-3.347398710004109e-5,0.0010975659346237243,-0.00026743320196460544,0.00040811669989935037,-0.0002550145875131617,0.00018740773258496746,-0.00030169336235000033,-0.0003137708688614016,-6.065014281964296e-5,-1.0918881245270199e-5,-2.872515755793036e-6,-5.433087675035979e-7,2.4921767790250666e-8,-1.1456610183836268e-8,-0.0002144676227568258,-0.00021914054779001216,-0.0002840124796164368,-0.00028029662173444927,-0.0001968509976030183,1.1839968567318071e-5,3.372938793842019e-5,1.724455707243449e-5,3.536729392010936e-6,7.415915100225903e-7
-2.6061534671571125e-7,1.3928865869295006e-6,-1.9264131798930755e-6,3.123252025037529e-6,2.2771559610543126e-5,0.0001422666764816555,0.0009784631171717401,2.0424223573460607e-5,0.000582463729994452,-0.00016804025145993596,-0.0006911987538870931,-0.0003089959425531499,-0.0006975153087977736,0.00024240193544554592,0.0002527947561883251,0.0005555593564847054,0.0005033628782761255,-0.001198110170517661,0.00032477191174084646,1.021482788375724,-0.00016771405867103414,-2.569716209544613e-5,-3.0422058213126977e-5,-6.208105169081424e-6,3.591022932747017e-6,7.22252277967403e-6,2.0646690025013646e-6,6.554938890320204e-6,-2.187095849268768e-5,2.4080673740546826e-5,0.00010867370065045859,-0.00021257502035980892,0.00017410258473142532,-8.872040136525052e-5,9.176989250931975e-5,1.485789278704101e-5,8.252990028648094e-5,5.724244973547643e-6,5.996891666853649e-5,5.021090828238313e-6,4.7777186861897544e-5,-3.140020342757493e-5,-8.541715258647919e-5,-3.32808041672182e-6,1.2689124576338833e-6,4.6348779003223903e-7,-1.1328903747018054e-8,1.4542036105949843e-7,-8.653314414307864e-8,9.15843726639632e-6,7.228973701882842e-6,-7.731262754017674e-6,4.312828066039925e-5,5.505537655049053e-5,-5.630044291403356e-6,-9.949875540422566e-6,-7.129174194761399e-6,-2.057867284730734e-5,-2.2258811211986496e-5
-6.566453557314155e-7,-3.61513725110604e-7,-5.940322695224187e-6,-1.44171965965488e-5,-4.110007947077519e-5,-5.5250125528095874e-5,0.00012890989295405672,4.608125160697743e-5,0.0006845485862808746,0.0002719749302772418,0.00023462878809053458,-4.167905148058284e-5,-7.740743628698442e-5,-0.0002535402344180212,2.2202457676823356e-5,-0.00043253987462487964,0.00010852632245280728,-0.000734991795860687,0.0003770589400150269,-0.00016771405867103414,1.021775027328857,-0.00010139365429213597,-8.781774594806757e-5,-1.2961495849583522e-5,-2.7880248036585422e-5,-3.5405194858989074e-6,-2.4806017698347534e-5,-9.709970698335905e-6,-2.614861271701947e-5,-2.696126271522732e-5,5.565981194448175e-5,-5.7697100626173376e-5,5.8065082088265534e-5,-2.9592955728396645e-5,-1.4293508349862923e-5,-2.9911909137918486e-6,-2.3754322195954758e-5,3.098795306391176e-5,4.314444895789884e-5,5.180856852428263e-5,7.755312506487177e-5,0.00010485669021379706,0.00014597851227417244,4.792654578115807e-5,1.3079534139362545e-5,2.9943115646630518e-6,6.5314330557984e-7,1.9273473800965868e-7,-1.880467684647776e-8,1.806667803825166e-5,-4.210079447784755e-6,-1.2767254969940233e-5,-5.481367575687235e-6,2.3081765911003512e-5,5.547795209992189e-5,7.153513545034157e-5,8.363911289791255e-5,7.508594255955363e-5,7.2961576836359e-5
-2.1984664576046245e-7,-5.390832245538653e-6,-1.1889026227487986e-5,-4.545224626331389e-5,-0.00015412803728428567,-0.0004591609750521359,-0.001308030968891591,-0.00046791489112868104,0.00013725652227978576,0.0004570095931024221,0.00046958680357910097,0.00042278755733830305,0.0003733519490414641,0.00020537261182808114,9.539403028351439e-5,-8.250133604185663e-5,-0.00015285187578341442,-1.2505503889848446e-5,8.643656342571735e-5,-2.569716209544613e-5,-0.00010139365429213597,1.0218294408217967,-0.00010376754047075158,-8.432388678939871e-5,-2.4646001580304786e-5,-3.54940624259217e-5,-3.345182822917989e-5,-3.5606825458761495e-5,-4.403134039262663e-6,-2.2441625870069185e-6,-9.78325681094926e-6,8.538056192400822e-6,-4.0053244461251844e-5,-1.1311713025461501e-5,-2.1218643173239852e-5,-1.4933380691869883e-5,-1.2679043492345095e-5,8.34321804621764e-6,2.506449360106746e-5,5.2002074821560075e-5,0.00012658616883528138,0.00026462540565155845,0.0005309788995558558,0.00013177059337341518,3.250755739517871e-5,7.327194387062873e-6,1.6315917961033114e-6,3.513602737110189e-7,7.066875285491732e-8,2.340563932633251e-5,-1.4887161340592497e-5,-2.010176248327669e-5,-1.807573168630153e-5,1.8089112425432976e-5,9.228703050829146e-6,1.0208218819863452e-5,1.980685521922738e-5,2.7027196371600015e-5,3.1402638837573934e-5
-1.3280912013188787e-6,-3.111410981170004e-6,-1.2773479896014318e-5,-4.166399994072294e-5,-0.00014749313406212813,-0.0004557827401092265,-0.0013201886520852724,-0.0007244643683790416,1.0782776771176656e-5,0.00030086599015868696,0.00039374374958249715,0.0004933766369137028,0.0004908941473115926,0.00035008478939250277,0.0002948097549391468,2.3259750804567127e-5,-5.403184095797112e-6,-0.0002222617873251968,9.706795295155154e-5,-3.0422058213126977e-5,-8.781774594806757e-5,-0.00010376754047075158,1.0218753764353208,-4.311786658085248e-5,-4.765188723082809e-5,-1.3963198415878417e-5,-4.435456681626396e-5,-2.452204089035936e-5,-8.444791904043683e-6,-1.3548042319852083e-6,5.896093827281917e-5,-5.469277885835609e-7,2.8081940974793264e-5,5.44443197321805e-6,-2.2142369972586363e-5,-1.042068094277139e-5,-3.872803908088578e-5,5.840353488796674e-7,-4.4935231099077696e-6,3.1479350096374784e-5,9.91579303468115e-5,0.0002329943704867353,0.0004766276097747457,0.00011934540481278146,2.9664330039638023e-5,6.623970886542275e-6,1.49530388722392e-6,2.990523288289124e-7,6.950965908301784e-8,2.0910360331208554e-5,-1.4588782119624096e-5,-1.9324735025723107e-5,-1.651587154136941e-5,2.1336116434407807e-5,1.8603697322492102e-5,3.218393627126125e-5,2.7448902632749678e-5,1.8791387362019976e-5,1.913627005531201e-5
5.586579924013312e-7,-3.6063348366738865e-6,-5.935592682580167e-6,-2.5521822768073556e-5,-8.757476644342428e-5,-0.0002753409092981807,-0.0008493732938566924,-0.0003749135045162027,-7.567510565340598e-5,0.00016941044913109274,0.00022061736419474805,0.0002737922930600553,0.00027752068517878324,0.0002326996331040319,0.00013162695165510745,8.846414627850486e-5,-4.037146031968227e-5,1.7447266120909096e-5,9.915228079255536e-6,-6.208105169081424e-6,-1.2961495849583522e-5,-8.432388678939871e-5,-4.311786658085248e-5,1.021952388519445,-6.354443711846485e-6,-2.4450521280211448e-5,-1.580427128883785e-5,-2.2418082944539977e-5,6.95384656365081e-6,2.3521586061397333e-5,-5.965653210516801e-6,3.580941558485493e-5,6.08600453498749e-5,-7.817707062692367e-6,8.411629007755295e-6,-3.902898055741342e-5,-2.6349691295848603e-5,-1.778192779920916e-5,-1.2923437241239485e-5,-3.381825717348712e-7,5.041107259716871e-5,0.00013144536482558237,0.00028481137825262176,7.093950570606886e-5,1.738094697217423e-5,3.923269556998353e-6,8.889739474069709e-7,2.1880340298828544e-7,6.049488778037922e-8,1.2468313335799876e-5,-1.264669348660787e-5,-1.4213053486174929e-5,-1.2912645625431504e-5,1.007911230887524e-5,-1.2823992684898613e-5,-1.9832319934172256e-5,-1.8319098579639703e-5,-1.3224378409965906e-5,-1.0552190669028046e-5
-6.552153691124116e-7,-9.202660191952609e-7,-3.860199458224821e-6,-1.3552643125832437e-5,-4.6884936367993946e-5,-0.00014736604281018957,-0.0004520390983776944,-0.00022319204481299095,-4.360990571729445e-5,6.369852204150758e-5,0.00012057183411639346,0.00013223960523288324,0.00017096072057711965,0.00012076842527038963,0.00012074390853129915,1.907563061968847e-5,2.2538002476848845e-5,-8.560911094783152e-5,9.379999448888087e-5,3.591022932747017e-6,-2.7880248036585422e-5,-2.4646001580304786e-5,-4.765188723082809e-5,-6.354443711846485e-6,1.0219807242314813,-1.35300075230763e-6,-1.928657963161143e-5,-4.591760441987268e-6,-2.4027494252275265e-6,-2.727603464864744e-5,5.9260521231899336e-5,3.69750293986655e-5,-4.412612187978794e-5,7.904866307646363e-5,-5.5083656771718303e-5,2.8026841666314744e-5,-4.965119829366683e-5,5.153631727230185e-6,-3.440578161873255e-5,1.066770401710534e-5,1.1081859686208932e-5,8.200825549854567e-5,0.00015537459865492268,3.873971275666415e-5,9.491006005295783e-6,2.15048238986459e-6,5.174493332752397e-7,1.1076443837461951e-7,5.18515654619759e-8,6.139006123580832e-6,-2.1791149151520797e-6,-6.875203076074213e-7,-1.2747082772615126e-6,4.709449788821205e-6,1.0898682821569607e-5,1.1172776641402177e-5,1.6890292441817625e-5,9.774593758187918e-6,1.0428847518631747e-5
2.569345736840252e-7,-1.3245931504094194e-6,-2.2772032007832346e-6,-9.692939150441788e-6,-3.345984276938877e-5,-0.00010325522300728583,-0.00031685660110738,-0.00015083078671434988,-5.055038068369599e-5,3.855000269910032e-5,7.2310399921485e-5,8.839803314455972e-5,0.00011387340760000586,8.441027777822196e-5,0.00010136897044533974,2.0502052786120436e-5,-1.6674594986151995e-5,1.2936561090086546e-5,4.088588734738168e-5,7.22252277967403e-6,-3.5405194858989074e-6,-3.54940624259217e-5,-1.3963198415878417e-5,-2.4450521280211448e-5,-1.35300075230763e-6,1.0219888372395998,-8.87716576702263e-6,-1.2362514360594418e-5,6.861578272699769e-6,2.9049905233869935e-5,1.056989396759386e-5,6.591719111190878e-5,0.00013757045634722425,-3.639385763060409e-6,9.619856141987546e-6,-7.669660681529908e-5,-6.834798840581241e-5,-3.008605062861655e-5,-2.8101728042964905e-5,-2.6694443892513572e-5,6.5704593996551205e-6,4.749057647616312e-5,0.00010610633074430467,2.6525218248457007e-5,6.583011978147957e-6,1.5817321728566394e-6,3.9727010103282184e-7,1.3467461317954216e-7,6.26897227400427e-8,5.914658199565222e-6,-2.6114313671330685e-6,-3.785835117255844e-6,-1.996427696547183e-6,5.322692193389704e-6,-7.449991718909619e-6,-9.996217914995675e-6,-1.2339673892225268e-5,-1.2024091528941948e-5,-7.688721302713426e-6
-4.83468491112896e-7,-1.1584558345640243e-6,-4.120411635069169e-6,-1.4661098871117625e-5,-5.0524356873321245e-5,-0.0001579254604230474,-0.00047259251781750706,-0.00024990007400402286,-2.5803753198217046e-5,7.809341510588693e-5,0.00013794241716479273,0.0001459582948431998,0.0001922069539005758,0.0001145842799039125,0.0001369736867642088,4.688220969288012e-6,1.0735642319130296e-5,-8.048599979693831e-5,6.293199871418648e-5,2.0646690025013646e-6,-2.4806017698347534e-5,-3.345182822917989e-5,-4.435456681626396e-5,-1.580427128883785e-5,-1.928657963161143e-5,-8.87716576702263e-6,1.0219829946837236,-8.422884502519773e-6,1.8343780423221012e-5,2.8983179003419587e-5,0.0001033058624727339,0.0001238411761241711,0.00014873583873993362,0.0001160623821217948,-2.2304987709705483e-5,-5.390911053523467e-5,-0.00011000214065342095,-7.317528819319769e-5,-0.00010563620737987079,-7.3230799550688e-5,-2.8880739106931007e-5,5.9367478703143575e-5,0.00016355111836501647,4.0917171485143205e-5,9.75942764523009e-6,2.1821355439813547e-6,5.383516463141621e-7,1.526596729818836e-7,6.861362550964884e-8,5.0354410408787e-6,-9.815930074574157e-6,-3.930623434004986e-6,-1.02884578579457e-5,3.3263439349340865e-6,1.1064001592188977e-5,1.3303579113964898e-5,1.257700419649097e-5,7.52558588743696e-7,2.132310878945379e-6
3.1675956491870146e-7,-1.7722901080768183e-6,-2.8018880294440866e-6,-1.2145015747261977e-5,-4.1619772511386954e-5,-0.00012984101792718036,-0.00040929483852266205,-0.0001647225695180448,-3.975814528063195e-5,7.88816218030896e-5,0.00011320184383613237,0.0001144957479703625,0.00013900728651822965,9.459890282126624e-5,6.707341515329599e-5,3.143377273687073e-5,-2.0945347389168565e-5,1.135342856540212e-5,1.976599405530038e-5,6.554938890320204e-6,-9.709970698335905e-6,-3.5606825458761495e-5,-2.452204089035936e-5,-2.2418082944539977e-5,-4.591760441987268e-6,-1.2362514360594418e-5,-8.422884502519773e-6,1.0219912526542205,-1.5016851090264296e-6,3.081829092015826e-5,-7.992140836424767e-5,3.1237946267113694e-6,0.00010163128586729016,-6.412375957465339e-5,2.479861055466922e-5,-5.457617755724075e-5,-1.514824675091739e-5,3.099843408608363e-6,1.5035866196318124e-5,1.0977726239795669e-5,3.931705535766308e-5,6.899265983030898e-5,0.0001473981236415582,3.661755476528795e-5,8.898227182639442e-6,2.0166766265794927e-6,5.335796749093964e-7,1.8194391436387615e-7,8.353803871195611e-8,7.802837704243129e-6,-1.2153951891089987e-5,-5.3374377310564985e-6,-1.1854881077878507e-5,5.694454699192405e-6,-4.0983419161075006e-6,-5.4494835648422576e-6,-5.580136359102543e-6,-4.230580910580822e-6,-2.533616675786669e-6
2.738666386228071e-7,-2.0350465450510132e-7,-6.421480042614734e-8,-6.669072186445819e-7,-1.2020008824963875e-6,-1.066995747649141e-6,2.790947786793485e-5,-3.5404951759706314e-5,2.8629698361313097e-5,6.47131466894719e-6,5.919110286161071e-6,1.0356640289364696e-5,2.1734382786466894e-5,-2.7888493655065422e-5,9.26962462754592e-5,-7.671632771545529e-5,3.8780190142998234e-5,-0.00011944636322674864,7.971087762682094e-5,-2.187095849268768e-5,-2.614861271701947e-5,-4.403134039262663e-6,-8.444791904043683e-6,6.95384656365081e-6,-2.4027494252275265e-6,6.861578272699769e-6,1.8343780423221012e-5,-1.5016851090264296e-6,1.0218823302459699,-0.00021476646352005269,-0.0001509820999488112,-0.0005066743869592225,-0.0005726257378739084,-0.0003569426235793518,-4.5607084004298986e-5,0.000204140497153704,0.00024192237952582198,0.00035305578755673864,0.0003741859611328783,0.00038489127972799543,0.00024278568460415207,0.00013018316681592785,7.0504631159069925e-6,1.0448248702985002e-5,3.7132639167667677e-6,1.1760238422885572e-6,3.711306765270309e-7,2.1943556366874052e-7,5.112991030647461e-8,-5.0004939029716306e-6,-8.435579404648532e-6,-1.0496107916511113e-5,-8.855945950640632e-6,-5.42332010720196e-6,-3.15637537208547e-5,-2.141162496230665e-5,-3.885552451191391e-5,-1.0902645100024047e-5,-7.85348135163816e-6
1.6840160883855324e-6,-2.17102052309721e-6,3.3049892836174564e-6,2.971367950511677e-8,1.033808635120454e-5,3.8525714765451146e-5,4.2132660055856207e-5,0.00019401741171772556,2.333325998875369e-5,-0.00014802385402710885,0.00013620436488408962,-0.0002422206510452271,5.9979583340077505e-5,-0.00013768580829292727,7.689951093180043e-5,-0.00019082677215267804,0.00024384298868290974,-0.0003683066453723534,0.0003441306719988861,2.4080673740546826e-5,-2.696126271522732e-5,-2.2441625870069185e-6,-1.3548042319852083e-6,2.3521586061397333e-5,-2.727603464864744e-5,2.9049905233869935e-5,2.8983179003419587e-5,3.081829092015826e-5,-0.00021476646352005269,1.0207869204244837,0.0023924376297577068,-0.00047401441772790774,-0.004045056761655434,-0.0002986648186113726,-0.00016005110750567114,0.0009351430308153996,0.0003730164638060421,0.0008187460016326729,0.0004760000682286207,0.0007739902076548984,0.00027494670788882864,0.000265320210947047,-6.622056318022413e-5,8.310659285673147e-7,1.97675479915107e-6,7.061086117261909e-7,3.10118054718365e-7,1.6024396459775117e-7,5.514678953178446e-9,-3.1972887706786807e-5,-2.0545516656148325e-5,-2.4897766253476786e-5,-1.4246603206118319e-5,-5.2376671589844054e-5,-4.9150004137345186e-5,-1.711460766806423e-5,-4.354297583560245e-5,2.6709083860341236e-5,5.124554851233951e-6
