0.8344074849458519,0.19620184677511618,0.35377664738366904,-0.15191737265837413,0.11338781290406272,0.1078426817775027,0.19383212558782534,0.06759631768086326,0.1108013585914056,0.10979941696381429,0.09043388692014745,0.11753344069951734,0.052463408076764396,0.1087803210812192,0.11335501092588031,0.08876636757853411,0.07325202608439274,0.11910647694388594,0.10583026834046488,0.044343704277841976,0.09578018739557287,0.11645213216779962,0.09518982723354993,0.05781463476467142,0.15001454280857943,0.1061139909794748,0.13829206134947375,0.09490983562740841,0.037138353067954724,0.02692083752837025,0.11467498449213231,0.08892467161762431,0.11319046270969513,-0.08565268834402605,0.06912691898234971,0.055315029110166676,0.011453071846391872,0.07638009846453855,0.0929432794439896,0.061001043790293315,0.039526348147812265,0.05907266265116341,0.17403145663541678,0.00852138587102237,0.08224220904727532,0.06470867622733538,0.058084357510802535,-0.009998739307888737,0.11419246654030142,-0.014134443018454033,0.01194923458303593,0.00812875005460502,0.005916118901655485,0.008059926713075649,0.1163084969887597,0.011186245286585494,0.041659342552921676,0.15786339366489396,-0.2901015457840393
0.19620184677511618,3.1216656384028236,0.4559730899647534,0.10252001162377718,0.15262331632401635,0.013590904169146581,0.22330682776063251,0.19312795025298538,0.2598107721150984,0.1695903992804239,0.031525309366409036,0.15484693717681006,0.11678553542277235,0.05546805945101415,0.22015056238109723,0.15600876541454523,-0.02580647057581179,0.3654500653755487,0.23785686038503154,-0.08374620943026657,0.3255857033030538,0.23302687176565856,-0.4568107139419425,0.06366358354518627,-0.1122614211270965,0.03612127490986856,0.4523799603690497,0.06493841385291381,0.12528581975327036,0.09172919444317112,0.1283439196453463,0.09688658533847205,0.12667905423671147,0.0762109298103009,-0.0020552424362220386,0.24840281849732965,0.2440823506510137,0.24100129187396915,-0.08237553783942816,0.054915136454549325,0.15543184039731137,0.10249060069907114,0.394191720401889,0.06909070256161791,0.25872255961583707,0.1773937410120846,0.1411973362739942,-0.06001162105910095,0.17582945886140883,-0.43343501515104305,0.22288553495064983,0.1442547054488157,0.08087430371424385,-0.10668341142627148,-0.296359358821346,0.131179559147667,-0.1354978182722941,0.14876021626577826,0.12941831908736756
0.35377664738366904,0.4559730899647534,2.9361971627753385,0.08345299361683395,0.19672500921649425,0.5513014462068295,0.11021270408672626,0.5522419685240486,0.2990907149280087,0.5141023418328496,0.3037770602687045,0.3187270165773158,0.1904487595513424,0.1722622403741354,0.28052985056073504,0.15202514650674637,0.35273375980734306,0.3713862087652831,0.49486581121273243,0.1831347097140879,0.2566736970956674,0.3279984040841004,0.09593123573127638,0.26334921953038565,0.12559572004022873,0.21849532531741586,0.44927750354668,0.3076923372254391,0.24678342263166406,0.21372524185043834,0.20824962932512836,0.24454827768425821,0.2804352636379638,0.27560514471645503,0.24553469115442114,0.14237478720982874,0.3740905420481506,0.2777705308413847,0.2661668237732612,0.1955390356184806,0.09657355144252025,0.2129610058997127,0.4644213471791712,0.07987287711412051,0.26853908889610484,0.14526379653196558,0.3402528897741092,-0.0027222766661456925,0.41440541861830554,0.14440485196142602,0.08955930015546039,0.04333793904484555,-0.09978037608824256,-0.02004498077354993,0.07492196023133815,-0.014893802483080497,0.07610696266797555,-0.14426597802338068,0.05859669354014864
-0.15191737265837413,0.10252001162377718,0.08345299361683395,1.7415063859931534,0.20711567530024327,0.15860371808802975,0.3387617524515079,0.1490390702361205,0.10249671028089159,0.11925651499188732,0.08131607846862611,0.21668294215134096,0.11075578755603624,0.27862977864270555,0.08558915386628416,0.2417981281527136,0.15228519915259256,0.10232519344614763,0.14195234763551215,0.09891431076613635,0.16147795886898883,0.1836071682681222,0.14089045531590086,0.1694479537785091,0.22302323841632954,0.11582295929390389,0.06576863782692871,0.08391151531238326,0.1614970228026585,0.06010636317256882,0.17390541906045556,0.23124769368441278,0.059118071320298886,0.29986371303232673,0.09879695975510629,0.139369656822876,0.23574225537329543,0.27614961168911367,0.1145645824447003,-0.01745067335403721,0.30745694548762187,0.1152540497336537,-0.011426554505191849,0.5561837957032348,0.06625764609847884,-0.031489616827510974,0.05122660303963236,0.06273825121372321,-0.05915839385383491,0.013209312422516639,-0.022720550032222325,-0.02995748471107119,-0.029331590179260774,-0.030039260757784313,-0.10234887797491116,-0.07803991515818864,0.038033349618035256,-0.1875064209532292,0.25894348174987536
0.11338781290406272,0.15262331632401635,0.19672500921649425,0.20711567530024327,0.8705455629196488,0.27994898006581437,0.14050896791846768,0.17134790167085456,0.08434935890271872,0.02128510102461184,0.07740806993630434,0.11929709641003226,0.08981756325114083,0.1114642034304113,0.09191703390474404,0.14925735970769433,0.08670146351289956,0.1240346323198568,0.32650580131421575,0.04456155380888475,0.10944823886363317,0.15242196070984027,0.04009699685262505,0.0989875522526477,0.0031164957816198747,0.11129004117495728,0.021971041267440112,0.044464531906895956,0.13381189262746782,-0.06771869754457377,0.09171777478862655,0.14717012450344327,0.03508649018592095,0.18209703665453975,0.021640449806804546,0.040144584499568405,0.12608260212008127,0.15148435673319846,0.1587673844934606,0.05547833644733777,0.07537705074136701,0.13132864110592504,0.04514235240892053,0.16443769981864692,0.07240103858972248,0.006685329290554018,0.05202237649157934,0.03333839389118047,0.18290038459720406,0.21422057129697664,0.04546517927561651,-0.13123693036781137,-0.05944092753330567,-0.010557636528903076,0.0045476492316346455,-0.11870404993025886,0.04899347394526509,-0.021400253841310484,0.0973114424396285
0.1078426817775027,0.013590904169146581,0.5513014462068295,0.15860371808802975,0.27994898006581437,0.6389323869782308,0.08177408654230867,0.21914600936589135,0.13924388203847524,0.08987921091153868,0.13167073904789978,0.140411208496133,0.0958787084933601,0.14178147210833034,0.1306685284066859,0.12718169365847193,0.12519325461577108,0.1402528768591911,0.3030722918985491,0.12952369267336675,0.117512769660443,0.21042671996909693,0.021048953450455644,0.13670396723518477,0.09762445204261572,0.1768893032284325,0.10967553170490908,0.10163027468962998,0.2035643371113225,0.07525815065702306,0.10022232043503412,0.18437566776162398,0.03200674456594649,0.2162590583445332,0.09549696460030448,0.045288634686982875,0.16006725810846262,0.16616600039460677,0.20357536818987956,0.0980453644102703,0.010600865136509182,0.09011768907878914,0.17049642902548193,0.14784128778692499,0.10074072095978912,0.012859108128049756,0.16862304660983346,-0.011109088069587816,0.31137877046111984,0.12425431452146182,-0.16304361242928095,-0.042023360925913106,-0.09458872641185999,0.04926974517005103,0.033325448607284404,-0.09510988443659456,0.08806512812620232,-0.016210713548396635,0.023681272505740415
0.19383212558782534,0.22330682776063251,0.11021270408672626,0.3387617524515079,0.14050896791846768,0.08177408654230867,0.5002721087982702,0.01337215650550779,0.13339124379789524,0.08254921923237576,0.12193941495446763,0.21229764460729558,0.0735969352058709,0.058286486921084,0.07055089852057571,0.13933666333010578,0.10553905871593935,0.0826453169219443,0.0939335184576963,0.05580732113812173,0.12870296308946744,0.14116932334356577,0.12473911473827864,0.07704247575670888,0.15661316804552827,0.05118039576921191,0.08431677314420385,0.059037468624039115,0.11857967422296499,0.0074008091235988754,0.1337816884408603,0.09926031467800993,0.09481424248195248,0.13997429748332274,0.037639597734093894,0.11169320441779555,0.154605418389493,0.11590545870310269,0.07922395499419393,0.0007280651837775719,0.0884492743431311,0.10419623507642832,0.028758119241159376,0.17647871915952468,0.06556512169414282,0.0227765241876438,-0.025111610579094976,-0.005023541419153384,-0.024563525054761344,-0.02017899525489877,0.005397147017719032,-0.038864902076359044,-0.0073136954141409085,-0.032451187811421825,0.09934981961653931,0.03421649343086011,-0.032007004767725916,0.0548909245575496,-0.20064023831096783
0.06759631768086326,0.19312795025298538,0.5522419685240486,0.1490390702361205,0.17134790167085456,0.21914600936589135,0.01337215650550779,0.6374001680138807,0.045073450706871104,0.1618296045777364,0.15254376920475313,0.0652089975729874,0.10203887439485616,0.15027172650979478,0.07619162687460197,0.09777564777442065,0.17430566935189065,0.17902245783955273,0.17790246775842586,0.14049585009288681,0.08005711672071712,0.11844137070929996,0.012795617343135016,0.09845148811258617,-0.008902157883523826,0.1512335737535481,0.1980802366397623,0.06439500340909009,0.1198260572916963,0.096912243749636,0.08140315289192378,0.12486198949617712,0.03987476001638005,0.15678069525911997,0.06714097516966956,0.03779638314664306,0.16783418554808463,0.13937131803995365,0.17966188214146436,0.10178191483626428,0.1007736709213077,0.10788699150310921,0.24595514771463975,0.046976459652630656,0.07725303331387727,0.05054587217174555,0.1859294692027727,0.04699785211249009,0.28813012815935574,0.09866090241942996,0.006680100487714634,0.012560919533451167,0.007700871578128289,-0.04532708387392594,-0.012737939896931892,-0.09547217799398165,0.09865257249543308,0.14949618008165716,-0.07562739554759958
0.1108013585914056,0.2598107721150984,0.2990907149280087,0.10249671028089159,0.08434935890271872,0.13924388203847524,0.13339124379789524,0.045073450706871104,0.6768379726760915,0.1256709262930348,0.04208799380713763,0.08745243292663027,0.0835336634424556,0.1426621000703523,0.1307764945504272,0.10103600908390376,0.08492623688465427,0.12058484363826018,0.11740523502266927,0.09310407688605586,0.14176304578153195,0.1774312137686713,0.1524556228643376,0.14298361617452704,0.16159014809351727,0.17019579953828803,0.15771638664038265,0.13944108133618188,0.06288408074959695,0.16143210884412254,0.1413150405605855,0.1457295059100371,0.25429570896436876,0.10234689553039222,0.054932887418209786,0.07855421609556996,0.1641974048387677,0.1215525320507236,0.11985992589334227,0.059191001049723545,-0.02062575487345067,0.042005710096534574,0.20683467848972475,0.059730834035033396,0.12274006757801466,0.14249783291994922,0.13312186744333543,-0.05041000227061607,-0.028451934381794716,-0.1274948996245102,0.036037917500677606,0.017265176833538266,0.0856855704246192,-0.09991132198273381,0.03307658436337244,0.17282321087155708,0.08097594964248753,-0.13443348156932133,-0.13545430052413387
0.10979941696381429,0.1695903992804239,0.5141023418328496,0.11925651499188732,0.02128510102461184,0.08987921091153868,0.08254921923237576,0.1618296045777364,0.1256709262930348,0.5670699500650842,0.05073299627131171,0.11829751001761252,0.08123022596331643,0.12747414843696814,0.167969307524235,0.0805173446078571,0.1510945012152556,0.1979886421816825,0.06341717511281479,0.09839940327466548,0.08749377144843956,0.117881948534181,0.14653948127972635,0.10657278394096363,0.09913517003893563,0.13501140948834223,0.1726406001955006,0.1450849698426916,0.13659331131251934,0.09012740993713414,0.11004782917304262,0.13230503788103484,0.10437885553134889,0.19410984332477985,0.14770766212122788,0.06040812572430207,0.20419304435231506,0.10474439221427848,0.09126164181991567,0.06992885182324825,0.14845270673268227,0.1137159505107786,0.1486594358154704,0.08787982311241205,0.03873935982916912,0.02325278354729571,0.13901827669796915,0.03655298993683093,0.21593921054922208,0.04025910140204079,-0.015163653767183862,0.05253418411051943,-0.02143421102343881,0.00382612939496259,0.06895351237165237,0.10178672765105967,0.08596609442767549,-0.13552727606494058,-0.070351852405554
0.09043388692014745,0.031525309366409036,0.3037770602687045,0.08131607846862611,0.07740806993630434,0.13167073904789978,0.12193941495446763,0.15254376920475313,0.04208799380713763,0.05073299627131171,0.48837858067094464,0.16100035663278733,0.07423104849745125,0.06511025087884313,0.16949284385116303,0.1238027574881179,0.18011253843213745,0.10964276684003876,0.04536595948525301,0.18953186591155216,0.1382066087946011,0.08357141881862777,0.15072027050000433,0.10124521959352276,0.19143795154934096,0.11456940003794772,0.14741236155561094,0.13556244711735368,0.18556883717167788,0.0006935990984278704,0.1414890163512428,0.09202841829763748,0.11111927242553153,0.14231364957654813,0.18935589928614363,0.059708365504841585,0.1017507577265869,0.07939202851903672,0.13968491549013307,0.11295098682915042,0.008045187049559612,0.1665742224299537,0.17272496254223546,-0.015425297088039148,0.13499831755874675,0.05615562456418725,0.06453868823176122,-0.015692601036257733,-0.10350861453639343,-0.06491773618339178,-0.03203585334841076,-0.05496268690430836,0.09459131031855532,0.06352623362987037,0.07018508353924821,-0.03608821823272591,-0.050257678369785425,0.0998472184214178,-0.08599845272799739
0.11753344069951734,0.15484693717681006,0.3187270165773158,0.21668294215134096,0.11929709641003226,0.140411208496133,0.21229764460729558,0.0652089975729874,0.08745243292663027,0.11829751001761252,0.16100035663278733,0.47177181627000264,0.081441094243241,0.09967884393765891,0.13088707201734565,0.1533296792210059,0.13228325921915562,0.05549571481773616,0.11365468971952859,0.07283881155131507,0.11165825385672763,0.09943563812323215,0.08150024112996905,0.07702330750289892,0.16135949315873194,0.07470430087417047,0.14471596093624087,0.05761755883402103,0.11223591914319304,-0.035226032617033366,0.12038159227810838,0.13200765134329795,0.09093837545493594,0.12130718407005926,0.038984425753870094,0.09269908771346626,0.08142294244286488,0.1049791680909218,0.06160146703988357,0.018880322422346975,0.04254306355456277,0.08718242032933744,0.09407170766338771,0.10177136109880902,0.06629331890252821,0.030531775381927816,0.016664872496568832,0.01907630440703459,0.1551609080123804,-0.027896832822087415,0.02596425344973032,-0.022997763320917176,-0.03571182933905813,-0.020097684602944692,-0.01576947345700752,0.07299950671953469,-0.06256212904905795,0.08383268728973083,-0.13885147722568805
0.052463408076764396,0.11678553542277235,0.1904487595513424,0.11075578755603624,0.08981756325114083,0.0958787084933601,0.0735969352058709,0.10203887439485616,0.0835336634424556,0.08123022596331643,0.07423104849745125,0.081441094243241,0.18310371521178972,0.07171061513492236,0.048912407054899985,0.09014308867166106,0.08260480274353296,0.08998597272613787,0.07819172376974412,0.0569244200639939,0.07830835415131629,0.1339949755625339,0.06358336501618672,0.06984450226221668,0.04301601061837762,0.08638111752655549,0.07243937675457918,0.06307454901324652,0.09056174476079656,0.017340294397462225,0.06202500839733318,0.08386132212835486,0.06368332128819265,0.08615470918567829,0.06470669363738293,0.06374926906359464,0.07401821421245604,0.05505265374659023,0.11269608558331305,0.036112365803793664,0.05774407722681936,0.07035158128634754,0.06752541960612594,0.07919367357904003,0.024935966597433683,0.048680518754025744,0.0572979568764931,-0.019129480212657354,0.09131521726461296,0.05053790690502059,0.012251004761326323,-0.05028312625485932,-0.00904431802371747,-0.023058302570505968,0.0066945943665725005,-0.010218218438673292,-0.009380193824803587,-0.05508124972211245,0.0636460727765915
0.1087803210812192,0.05546805945101415,0.1722622403741354,0.27862977864270555,0.1114642034304113,0.14178147210833034,0.058286486921084,0.15027172650979478,0.1426621000703523,0.12747414843696814,0.06511025087884313,0.09967884393765891,0.07171061513492236,0.3937333104336756,0.15757476172527196,0.20195686223391024,0.12163832446350555,0.11237827146862284,0.12984602296584058,0.10889945794804565,0.10835026898833475,0.13841018187461585,0.11053395019075557,0.13440406298997765,0.1357222239644547,0.1996762346476552,0.1252334330513445,0.12209866290359553,0.0915370978899992,0.03550352496500809,0.1274810654146738,0.23655221995918815,0.08000416564961844,0.12328041929330404,0.12757029181849697,0.04548785653568632,0.06596374053307068,0.14474993538612183,0.11429634343805163,0.08276372620030958,0.15780699840234763,0.0869260326143779,0.17304353559881563,0.14406571737628637,0.05870876140840754,0.01898754320432702,0.11262426330524164,0.03682055211118239,0.24431825613215669,-0.02986610833681925,-0.017367664604081987,0.03147627253804662,0.04901787100473039,0.028762386661065027,-0.07180711777039535,-0.007729107954613009,0.08566732635594014,-0.09584172142548808,0.12492163270325128
0.11335501092588031,0.22015056238109723,0.28052985056073504,0.08558915386628416,0.09191703390474404,0.1306685284066859,0.07055089852057571,0.07619162687460197,0.1307764945504272,0.167969307524235,0.16949284385116303,0.13088707201734565,0.048912407054899985,0.15757476172527196,0.5256911017096872,0.12820082129775898,0.14648142121260505,0.19379829253066297,0.11207688306435412,0.15102811531481672,0.1376735649463372,0.0639653989142638,0.236371811667126,0.12569095997540433,0.2547927292732762,0.21941003631937034,0.1465506350295994,0.22674334642419194,0.15628027914635206,0.10258791581669281,0.14228372091671893,0.12415973978549527,0.17873920024483742,0.15333500887260607,0.19115958008593129,0.025853818498903974,0.15793697509275545,0.034194387308329875,0.16719335819510117,0.10490850495774057,0.049799327381890364,0.10443962716246787,0.1852233839361497,-0.00777465948008262,0.10122700206234889,0.04664369991485823,0.13959837623786042,0.02721573639179011,0.12582943687081535,0.057327131106798115,-0.10093703056373889,0.1431419528533972,-0.04163211491926041,0.013674826152625504,0.07270731258173611,0.06233208804338521,-0.03993716005594914,-0.04928247526230794,0.013110986250500745
0.08876636757853411,0.15600876541454523,0.15202514650674637,0.2417981281527136,0.14925735970769433,0.12718169365847193,0.13933666333010578,0.09777564777442065,0.10103600908390376,0.0805173446078571,0.1238027574881179,0.1533296792210059,0.09014308867166106,0.20195686223391024,0.12820082129775898,0.6279954230752249,0.05041752089324615,0.12682748039958922,0.18038072410869796,0.08758914282562698,0.09720014414155978,0.1154955279871949,0.09076206112177977,0.11648707603013465,0.1542941534026629,0.10585784395396153,0.11866484888713316,0.09242472810064023,0.11866541889337279,-0.004879130029807438,0.09349340238838398,0.18582158350059286,0.06564249186490105,0.16510941973375395,0.09804137765629424,0.039517315118755336,0.08034715947822062,0.08563770417153886,0.16704657752681779,0.046509333304797305,0.1052206067036516,0.03867872133720349,0.17170044707189724,0.1831445424149741,0.02814553317996611,0.04144669026260816,0.07178919406266869,0.017091425169880107,0.11893164671369545,-0.17217318034880658,0.020490736105104726,0.013256914797079413,0.00922917049799816,-0.05536382257715085,-0.019877836873028975,-0.004365482432757196,-0.05045113522565687,0.035272950316601104,0.07580844727097383
0.07325202608439274,-0.02580647057581179,0.35273375980734306,0.15228519915259256,0.08670146351289956,0.12519325461577108,0.10553905871593935,0.17430566935189065,0.08492623688465427,0.1510945012152556,0.18011253843213745,0.13228325921915562,0.08260480274353296,0.12163832446350555,0.14648142121260505,0.05041752089324615,0.6863249294067086,0.1021174516191818,0.1448297408966948,0.2364669110893372,0.2035428767885979,0.10854015236113637,0.19902467454459835,0.12134360371885729,0.27120815302850065,0.04310731825161489,0.17599589559047568,0.3360659472797975,0.16003940026774366,-0.08802321867966176,0.23886469839246954,0.07971886689845283,0.21782901909770386,0.11728960028060251,0.24945860348099425,0.047402425727912395,0.3600161381744456,0.2764562120020637,0.11732807837900423,0.11419304822322567,0.21475257249489624,0.4284390370331196,0.1858527740014614,0.12078767887238918,0.3234000693913955,0.008773572092770333,0.06988264543197503,0.12570102860440907,0.05151824859344804,0.33169407500206555,0.04559348052699986,0.0001664760634547766,-0.07886562599651314,-0.012275851156152281,-0.02137639506267355,-0.05368517565135412,-0.02386261390653677,0.005164931852249304,0.03576201856167636
0.11910647694388594,0.3654500653755487,0.3713862087652831,0.10232519344614763,0.1240346323198568,0.1402528768591911,0.0826453169219443,0.17902245783955273,0.12058484363826018,0.1979886421816825,0.10964276684003876,0.05549571481773616,0.08998597272613787,0.11237827146862284,0.19379829253066297,0.12682748039958922,0.1021174516191818,0.7673613154556465,0.15423728211660373,0.018156012179087654,0.15445887574350256,0.21241601628618226,0.20454868614723196,0.09888400083270521,0.0810571413912126,0.36994066670895626,0.03239362070468964,0.15212811318462197,0.15640195848671992,-0.07134706279312188,0.11209735520575541,0.10205187065854798,0.1442439061013684,0.18113085084195116,0.09165786224278633,0.03075945946563421,0.19889969097220575,0.09587873430340517,0.1489571216492759,0.07110341093398308,0.11362959758817459,0.11382799022530384,0.12330205291412702,0.04325765568430617,0.09441587136432628,0.12521973748875334,0.27943287557603863,-0.008136208050233467,0.19627554035223135,0.004828771792724967,0.032242235117499074,0.17089763782042408,-0.0045256410232234956,-0.11439792191360505,0.024531632670813094,0.025156882075688412,-0.06177495307466817,0.14802886073355445,-0.09477803968544309
0.10583026834046488,0.23785686038503154,0.49486581121273243,0.14195234763551215,0.32650580131421575,0.3030722918985491,0.0939335184576963,0.17790246775842586,0.11740523502266927,0.06341717511281479,0.04536595948525301,0.11365468971952859,0.07819172376974412,0.12984602296584058,0.11207688306435412,0.18038072410869796,0.1448297408966948,0.15423728211660373,0.7885606291023922,-0.02017263930957939,0.15941162729194505,0.17754746412564343,-0.1295400946333835,0.12980561632464094,0.07448629776335221,0.027991600276068285,0.15288455008472418,0.1695983530585518,0.036655904768693494,0.0680891510392304,0.15962843242068747,0.13666993524744153,0.16219955855853466,0.07376439490090424,0.032538493520011376,0.08414887908847234,0.18123115825392785,0.2479041059170259,0.17517208477179516,0.05098971880030609,0.11156849492597347,0.04827443097086544,0.21181033805516686,0.1602460244158355,0.1837238777450713,0.08388810256712446,0.10947847730980224,0.04932483628266885,0.18701984428072155,0.11609649000995394,0.16312034531777092,0.1454330256825591,-0.16014951890951487,-0.10508037322439558,-0.03168200710425898,-0.047314319940718705,0.020571175056671148,-0.024007371452263015,0.07876080519031305
0.044343704277841976,-0.08374620943026657,0.1831347097140879,0.09891431076613635,0.04456155380888475,0.12952369267336675,0.05580732113812173,0.14049585009288681,0.09310407688605586,0.09839940327466548,0.18953186591155216,0.07283881155131507,0.0569244200639939,0.10889945794804565,0.15102811531481672,0.08758914282562698,0.2364669110893372,0.018156012179087654,-0.02017263930957939,1.0236440028840437,0.07136720262751292,-0.1083032682068895,0.18075413116714537,0.1449873168488847,0.22271832494776456,0.1920453600060888,0.005784397578704123,0.1878311093805507,0.3387205129319156,0.20590837647382948,0.09287736000743549,0.10971372733875574,0.09309181349474857,0.2802040353264952,0.2624495851456445,-0.14994386288530148,0.49602863768863814,0.1844133360725144,0.33448495122380406,0.23100138845878188,0.01224836994768456,0.24580231832199623,0.269043317204566,-0.09977007129063716,0.24514276088833795,-0.0008977686162282708,0.11029188442242421,0.19570293569361472,0.29778864758841606,0.08070665294824723,-0.09484427382287429,-0.059492722987321,0.04205508806004498,-0.007615241371188582,0.17720269153275514,-0.07194312690615763,0.09149201184414184,-0.16922047263771237,0.06757822604636822
0.09578018739557287,0.3255857033030538,0.2566736970956674,0.16147795886898883,0.10944823886363317,0.117512769660443,0.12870296308946744,0.08005711672071712,0.14176304578153195,0.08749377144843956,0.1382066087946011,0.11165825385672763,0.07830835415131629,0.10835026898833475,0.1376735649463372,0.09720014414155978,0.2035428767885979,0.15445887574350256,0.15941162729194505,0.07136720262751292,0.4157572862567869,0.19062544041117446,0.12894849668180602,0.10605285883335665,0.15499439612136895,0.05383112851624162,0.15091166696234448,0.18368835531297512,0.1382815710918368,0.011533891841163078,0.27256835626034853,0.09905840279192375,0.20814538629874751,0.07355646008131758,0.1439028644183023,0.16048546261691968,0.18331887344976625,0.22565890021287524,0.16865344710881822,0.09415052056772692,0.17736820603862585,0.23203708254719851,0.19681957284113558,0.19162519357633098,0.28303435337418875,0.058254817325972014,0.09541344192213773,0.02625137354113853,0.08789567906607448,0.041181119895971785,0.03417902086739152,-0.005842012183500479,0.004561545683102399,-0.024925140987141124,-0.0015958395190250186,0.010566374044267487,-0.1535925496939666,0.042440235237063716,0.08171735547022749
0.11645213216779962,0.23302687176565856,0.3279984040841004,0.1836071682681222,0.15242196070984027,0.21042671996909693,0.14116932334356577,0.11844137070929996,0.1774312137686713,0.117881948534181,0.08357141881862777,0.09943563812323215,0.1339949755625339,0.13841018187461585,0.0639653989142638,0.1154955279871949,0.10854015236113637,0.21241601628618226,0.17754746412564343,-0.1083032682068895,0.19062544041117446,1.3916358505485167,0.15897135692564282,0.12223486613668959,-0.23167795522889195,0.1706308692412246,0.2708689741096523,0.01675372310600833,0.04559337664193166,-0.025003949751558553,0.2178751780449667,0.21436001273649877,0.15428474989142155,0.07107568274236449,-0.04128247212228414,0.48424410029635384,0.035344216093770364,0.3175023131628541,0.27565788780534733,0.09368433860030102,0.104353616766961,0.2525233552925276,0.17424283897911494,0.2621638946149987,0.059789032669825486,0.4286781212806832,0.11821900119727967,-0.5973510877647014,0.2848947249123123,0.03356587770835768,-0.005241819035547633,-0.3285382651588171,-0.020621157122342058,-0.028317995255961872,-0.13290118956522878,0.05318277453455153,-0.050932114561565885,0.009994724874112676,0.05285729324014077
0.09518982723354993,-0.4568107139419425,0.09593123573127638,0.14089045531590086,0.04009699685262505,0.021048953450455644,0.12473911473827864,0.012795617343135016,0.1524556228643376,0.14653948127972635,0.15072027050000433,0.08150024112996905,0.06358336501618672,0.11053395019075557,0.236371811667126,0.09076206112177977,0.19902467454459835,0.20454868614723196,-0.1295400946333835,0.18075413116714537,0.12894849668180602,0.15897135692564282,1.5738645976463506,0.1599246870598008,0.6636166595028443,0.15670628575882167,-0.07621775308327454,0.2649050851690961,0.2979359696051236,0.11783140114252388,0.2310659377147963,0.029207508455061988,0.3609573409036952,0.24206354923471016,0.2356794142495635,-0.036897743769222086,0.35571488972998133,-0.10897931588416611,0.4643735707877876,0.020657737717884428,0.12427519597207663,0.1370034846192201,-0.02479741436554337,0.16024229450823707,-0.1571705184182658,0.06835354994972734,0.16569088198999882,0.07385873478056455,0.10670286118434259,0.4112375218002673,-0.14857807329058503,-0.11515798193178484,0.020170507500490428,-0.048225143406025524,0.31698330236223954,0.009154303240857017,-0.13541253204646084,-0.18982016609425956,0.09105369414114153
0.05781463476467142,0.06366358354518627,0.26334921953038565,0.1694479537785091,0.0989875522526477,0.13670396723518477,0.07704247575670888,0.09845148811258617,0.14298361617452704,0.10657278394096363,0.10124521959352276,0.07702330750289892,0.06984450226221668,0.13440406298997765,0.12569095997540433,0.11648707603013465,0.12134360371885729,0.09888400083270521,0.12980561632464094,0.1449873168488847,0.10605285883335665,0.12223486613668959,0.1599246870598008,0.39441698832329775,0.16160145054237735,0.024635573191072305,0.06665888263613078,0.25659798761918445,0.023907690287266567,0.3811854138364689,0.05984216589906822,0.19516133365020683,0.4005108163580997,0.08268756111785067,0.19608153921874472,-0.010661910288267677,0.27324591736732623,0.13436361433829125,0.10846730839437531,0.07047632586639098,-0.026868264588681013,-0.022150257986075974,0.12563480450865894,0.08707177163174001,0.09497637352139222,0.04213374072465781,0.22319976374359554,0.013301080132987622,0.1446053078070762,-0.00986589240356125,-0.006748050632569508,-0.0031678378508788567,0.030503199337840032,-0.022883791080809977,0.09775371326058577,-0.07131138692251764,0.12242607938891187,-0.6117790427345245,0.48240477964134765
0.15001454280857943,-0.1122614211270965,0.12559572004022873,0.22302323841632954,0.0031164957816198747,0.09762445204261572,0.15661316804552827,-0.008902157883523826,0.16159014809351727,0.09913517003893563,0.19143795154934096,0.16135949315873194,0.04301601061837762,0.1357222239644547,0.2547927292732762,0.1542941534026629,0.27120815302850065,0.0810571413912126,0.07448629776335221,0.22271832494776456,0.15499439612136895,-0.23167795522889195,0.6636166595028443,0.16160145054237735,3.8463162033560065,0.24549063781137884,0.3089646482337098,0.21472439641223517,0.6578956326225175,-0.051319089572109775,0.5119549290581985,0.12928648035453968,0.2102451295171865,0.4046322956401403,0.2955204732663476,0.2221838962812788,0.09036645236411403,0.161949702226186,0.31374887042087146,0.023543337030436588,0.16111374659881642,0.1730272058414794,0.31323071461516827,0.22346828692825801,0.09427974434411157,0.08192268091181089,-0.035516990687304975,-0.015255525440844703,-1.0297200207719028,-0.2865506225459023,-0.1246378995384426,-0.11936632236679721,0.07486899280054916,-0.010856885144025654,0.28612899544185083,-0.06853062969909422,-0.031973307115080625,-0.07370584920610876,-0.037578148726937634
0.1061139909794748,0.03612127490986856,0.21849532531741586,0.11582295929390389,0.11129004117495728,0.1768893032284325,0.05118039576921191,0.1512335737535481,0.17019579953828803,0.13501140948834223,0.11456940003794772,0.07470430087417047,0.08638111752655549,0.1996762346476552,0.21941003631937034,0.10585784395396153,0.04310731825161489,0.36994066670895626,0.027991600276068285,0.1920453600060888,0.05383112851624162,0.1706308692412246,0.15670628575882167,0.024635573191072305,0.24549063781137884,1.619907374024724,0.023260166255835813,0.16349886414104114,0.11234293127515635,-0.4480693942612594,0.12975277501465138,0.23912343857793314,0.0647511120918006,0.1792398931732163,0.09446655280670845,-0.022446010101816127,-0.17710379275962948,-0.025293503760078495,0.28334720692392257,0.21414420157268368,0.05298883753350864,0.24601688471172342,0.16433080351885013,-0.14173820551108143,0.1377338790561833,0.01842512830818515,-0.01265636533703037,-0.000787344872316942,0.43609254944608344,0.39255068249769376,-0.21364838760935753,-0.016856127994307663,-0.2286658196195148,-0.06790391123563684,0.03564015445654195,0.0686376480556332,-0.010756932268902002,0.13360625160834136,-0.11033795833290924
0.13829206134947375,0.4523799603690497,0.44927750354668,0.06576863782692871,0.021971041267440112,0.10967553170490908,0.08431677314420385,0.1980802366397623,0.15771638664038265,0.1726406001955006,0.14741236155561094,0.14471596093624087,0.07243937675457918,0.1252334330513445,0.1465506350295994,0.11866484888713316,0.17599589559047568,0.03239362070468964,0.15288455008472418,0.005784397578704123,0.15091166696234448,0.2708689741096523,-0.07621775308327454,0.06665888263613078,0.3089646482337098,0.023260166255835813,1.7731802519924946,0.23547918073006827,-0.05857357346533969,-0.2468929947666652,0.41546675596018584,0.1738579533317447,0.15089555171460825,0.09874897277217105,0.19610165001838625,0.4637993432423158,0.04918590854330016,0.2893986350672605,0.12306099674409839,0.26472813263872674,0.323862735190535,0.40372667807017515,1.362964249901664,-0.22586324074759795,0.1854155898349815,0.20566843140267757,-0.047374481420886454,-0.050532565886022014,0.13130405922349866,-0.12331933506970603,0.0050902862132572845,0.09470712979381189,0.007482542257655016,0.012739432703332467,0.12184064984258368,0.025789533913162296,0.14116105909745075,0.33132336340028323,-0.2963739226042136
0.09490983562740841,0.06493841385291381,0.3076923372254391,0.08391151531238326,0.044464531906895956,0.10163027468962998,0.059037468624039115,0.06439500340909009,0.13944108133618188,0.1450849698426916,0.13556244711735368,0.05761755883402103,0.06307454901324652,0.12209866290359553,0.22674334642419194,0.09242472810064023,0.3360659472797975,0.15212811318462197,0.1695983530585518,0.1878311093805507,0.18368835531297512,0.01675372310600833,0.2649050851690961,0.25659798761918445,0.21472439641223517,0.16349886414104114,0.23547918073006827,1.3291841214860463,-0.13485041255683253,0.1565069041932794,0.27900829207526084,0.07001748978090915,0.6836410274618219,-0.06470004021535627,0.8937367530713451,-0.24442461734256113,0.4669380659646475,0.10595752327757833,0.17312911405293158,0.18726371956764326,0.06536530006823245,0.10472695336849366,0.3709003177862173,0.05617461929095478,0.32334733257575327,-0.12289476692292313,0.17176896849800727,0.1877634793787804,0.29471978793618575,0.18701664968896736,-0.09551105500819941,0.3959793229599581,-0.2795066545617678,0.03840246840925534,0.27550580785778805,0.012720345706085602,-0.03170848884864917,-0.4037592958815599,0.33060187323402895
0.037138353067954724,0.12528581975327036,0.24678342263166406,0.1614970228026585,0.13381189262746782,0.2035643371113225,0.11857967422296499,0.1198260572916963,0.06288408074959695,0.13659331131251934,0.18556883717167788,0.11223591914319304,0.09056174476079656,0.0915370978899992,0.15628027914635206,0.11866541889337279,0.16003940026774366,0.15640195848671992,0.036655904768693494,0.3387205129319156,0.1382815710918368,0.04559337664193166,0.2979359696051236,0.023907690287266567,0.6578956326225175,0.11234293127515635,-0.05857357346533969,-0.13485041255683253,1.7917442307768716,-0.15641344012788655,-0.14713827443357058,0.15615466734300834,-0.28753546109547734,0.7173272912886964,0.05863731058632314,0.27181042608685985,0.17157160594585566,-0.06444668729265018,0.22544559564842565,0.1033831533717581,0.22902653428404038,0.30462791315179444,-0.1748696586217283,-0.01928221724594798,-0.17797736378963527,-0.04251182246487021,-0.016815944362564044,-0.03473942743064205,0.1269539736035353,0.24234688233129584,-0.265185896817233,-0.220356171282603,-0.04453961012768022,0.08572277614496226,0.10630058904928194,-0.06480568443498165,-0.00488602108694088,0.1031557399258203,-0.11883495818662708
0.02692083752837025,0.09172919444317112,0.21372524185043834,0.06010636317256882,-0.06771869754457377,0.07525815065702306,0.0074008091235988754,0.096912243749636,0.16143210884412254,0.09012740993713414,0.0006935990984278704,-0.035226032617033366,0.017340294397462225,0.03550352496500809,0.10258791581669281,-0.004879130029807438,-0.08802321867966176,-0.07134706279312188,0.0680891510392304,0.20590837647382948,0.011533891841163078,-0.025003949751558553,0.11783140114252388,0.3811854138364689,-0.051319089572109775,-0.4480693942612594,-0.2468929947666652,0.1565069041932794,-0.15641344012788655,3.058220645091716,-0.071721564119045,-0.09807729899298842,0.2924236856088152,-0.02545790353529321,0.336107068139892,-0.045455114748822995,0.9869685842013352,0.09491743677871224,0.11185125500701402,0.07501506273202055,-0.1079423496394177,-0.7372725176132343,0.207063174653676,0.18269416644363268,0.24388929366466616,0.06363076292109303,1.1441203006799694,-0.01891538686445623,0.28224434106235835,-0.2639792180122185,-0.10894683416001374,-0.1522731774259283,0.2305148821702043,0.07318119543014133,0.22486536525779727,-0.05659904138779301,-0.07817509532017859,-0.487545451175999,0.38914999921069643
0.11467498449213231,0.1283439196453463,0.20824962932512836,0.17390541906045556,0.09171777478862655,0.10022232043503412,0.1337816884408603,0.08140315289192378,0.1413150405605855,0.11004782917304262,0.1414890163512428,0.12038159227810838,0.06202500839733318,0.1274810654146738,0.14228372091671893,0.09349340238838398,0.23886469839246954,0.11209735520575541,0.15962843242068747,0.09287736000743549,0.27256835626034853,0.2178751780449667,0.2310659377147963,0.05984216589906822,0.5119549290581985,0.12975277501465138,0.41546675596018584,0.27900829207526084,-0.14713827443357058,-0.071721564119045,1.371531711419887,0.12629319942991787,0.17966366356661606,0.15210828377375296,0.27112551373353394,0.5485383834943672,0.315069663328159,0.31858221753235333,0.2010269288572954,0.030330483520714144,0.4280015519688672,0.20356219744311438,0.07491963708042465,0.33861138197130725,0.09684779119404699,0.05931879446250323,0.00492377450634829,-0.03204152556340115,-0.18293890322570946,0.0830248952234775,-0.009764645497469839,0.12615146776441175,-0.07626512239917745,-0.014739305495139805,0.1374302298908479,-0.015037192183756239,0.007088468930383558,0.09936482608714856,-0.18771299736701336
0.08892467161762431,0.09688658533847205,0.24454827768425821,0.23124769368441278,0.14717012450344327,0.18437566776162398,0.09926031467800993,0.12486198949617712,0.1457295059100371,0.13230503788103484,0.09202841829763748,0.13200765134329795,0.08386132212835486,0.23655221995918815,0.12415973978549527,0.18582158350059286,0.07971886689845283,0.10205187065854798,0.13666993524744153,0.10971372733875574,0.09905840279192375,0.21436001273649877,0.029207508455061988,0.19516133365020683,0.12928648035453968,0.23912343857793314,0.1738579533317447,0.07001748978090915,0.15615466734300834,-0.09807729899298842,0.12629319942991787,0.5797570691146393,-0.025847533298365567,0.20838178631840096,0.06618257328457634,0.10507411293602127,-0.09469534539456745,0.17500382157240443,0.15344814693535835,0.08394448934370312,0.1346219578633986,0.061269677072428794,0.17424759653798008,0.12587071298808886,0.024721277320779937,0.02827473221812686,0.027021381493827233,-0.042111039441444086,0.19465517101497692,0.03951418863928879,0.015710056937268606,0.011119784936304623,-0.10461390311676742,0.03696398304508846,-0.06518533208352546,0.011845322109114714,0.3531501043281259,-0.3726893424498595,0.0618431374134521
0.11319046270969513,0.12667905423671147,0.2804352636379638,0.059118071320298886,0.03508649018592095,0.03200674456594649,0.09481424248195248,0.03987476001638005,0.25429570896436876,0.10437885553134889,0.11111927242553153,0.09093837545493594,0.06368332128819265,0.08000416564961844,0.17873920024483742,0.06564249186490105,0.21782901909770386,0.1442439061013684,0.16219955855853466,0.09309181349474857,0.20814538629874751,0.15428474989142155,0.3609573409036952,0.4005108163580997,0.2102451295171865,0.0647511120918006,0.15089555171460825,0.6836410274618219,-0.28753546109547734,0.2924236856088152,0.17966366356661606,-0.025847533298365567,1.5934086352438146,-0.3520951967778348,-0.02335464242997436,-0.27056665836151655,0.37955780267227207,0.13087892693685318,0.009677850690555602,0.02829060277797365,-0.5184538642330313,-0.0901067132666797,0.2893334091138763,-0.09636653398077216,0.22883545482076434,0.10852048194730189,0.25266852116899213,0.03799740252323083,0.07889134632618153,0.008803645654928357,0.04843839996665772,0.11276892514275531,0.08835618293596706,-0.19890014993723096,0.19114423287313653,0.14218802521702867,-0.179153755756794,-0.5248820454471562,0.4667067401113736
