0.6584993807757014,0.26335202673228725,0.4561488611734833,0.08225928851514142,0.06728558402707625,0.19406470066836923,0.19295295956877223,0.06221631629445888,0.18706232760648736,0.16841379816742877,0.14598852611592245,0.18933839131039562,0.14407451785995343,0.19457421412057177,0.18140500624036393,0.07623266701772781,0.08836364977946393,0.15137861568416827,0.09207791194007245,0.1358946265619182,0.11802362651714358,0.13903375630928885,0.11778578119636415,0.1032500540931652,0.1454451046094659,0.15446369361826762,0.0991685750215995,0.11684988832578096,0.17161629600923067,0.11736517541977723,0.12981251328758442,0.08976427809163993,0.11920435309130087,0.0006193147109570432,0.13134318400566394,0.15723494486341769,0.09985506295469714,0.0858061429658222,0.14348267004897214,0.10009248438770775,0.0929110913292368,0.113332735947229,0.09865477659728603,0.08882156421322845,0.2011333592296993,0.2201964922750297,0.14838055932416133,-0.05527879082146151,0.09598359921124504,-0.03402155013846724,-0.012492496312765541,0.09159756543406156,-0.09606205792585776,0.026412626858614528,0.09170569880941096,-0.0715317759109639,0.40561933901271074,-0.035860978942027104,-0.3554175821941717
0.26335202673228725,1.6074868247535044,0.9576628141467011,0.21988258799937205,0.20404732436848896,0.41175949064275147,0.33668216561111725,0.25453154782958526,0.39855800364192034,0.3382245842918707,0.3298342324274411,0.3686210074307512,0.34718524463577605,0.2819260814518678,0.37234230393046414,0.1404234665109446,0.27168330853061007,0.31720863407190136,0.11407290556274044,0.4501903030114574,0.2841692745276994,0.2685860880173536,0.06848540343770518,0.3259001463054528,0.2693930474813298,0.36388581429265954,0.2803159667473878,0.2641954564534833,0.4666931647411391,0.052604256496698344,0.15354521903819326,0.3821417333781211,0.25274708509787863,0.4117174687030086,0.22579764855370918,0.159403035032438,0.31915121209187564,0.24435877233903988,0.18785377253938193,0.15560389878295272,0.042530915786756246,0.25616165431064974,0.38895413266589607,0.09967462387800559,0.4289223360652122,-0.045142527078642705,0.17705164166757717,0.22397006094510802,0.0006313162630935972,-0.45834089826037405,0.36257078527728065,0.09069120665087324,-0.11012295186826541,0.02383048309296978,-0.4243188619737882,-0.18303788239302693,-0.63342203987523,0.40216753445469877,0.49591997411777133
0.4561488611734833,0.9576628141467011,1.8097087296700074,0.18604521060645168,-0.0687838692090139,0.5131938356320968,0.3868420599448427,0.43961295809863027,0.5912603546508234,0.46204880756739525,0.36737933172627757,0.3730357753610623,0.3457963854192067,0.3683939147046524,0.4371919817005772,0.11379982217054095,0.3122350684000458,0.3269715345525163,0.31703936394030025,0.30467301240171996,0.34633313987814085,0.3794157559469394,0.22582116224992105,0.3965423251615143,0.3546057462209249,0.39915360982757325,0.22302570771450125,0.24052401410660446,0.6008552891987012,0.060202022153756786,0.226408212869823,0.3214804531012061,0.2949857250797195,0.4291812290673827,0.4634018635107023,0.39383850746012944,0.3610393728470693,0.19844497561695765,0.3172296561420955,0.07522683236826487,0.10067733145788281,0.31092431762488093,0.28220624863436794,0.2199005312990917,0.4090441722746317,0.35460302046019226,0.22132401899329524,0.020916311953332063,-0.19826787497995293,-0.02855436610600349,-0.06965793209992663,0.07213984546382604,-0.017083395725397413,-0.029845842827730514,0.010459535722803889,-0.07674081832070316,-0.18419682038989024,-0.16428312602188938,0.27670330920508124
0.08225928851514142,0.21988258799937205,0.18604521060645168,0.9680159594134031,0.7575302363474447,0.6242065652270673,0.4151276574410936,0.438012987793263,0.36363460285113747,0.25586195584456417,0.4016443794918319,0.41325878570958025,0.43014372885101354,0.382576912439468,0.27615591242762677,0.4941797798300311,0.3194479383436158,0.31543854298100216,0.2788202401059432,0.34590833287606526,0.3177461867835614,0.42765035735600726,0.3566287356744727,0.44244313207767266,0.4137717015908446,0.3305330358288392,0.33230374833891546,0.1769619538620358,0.45891977305091447,0.357321275592516,0.28531878990233245,0.39505165994814934,0.2927468805458921,0.5474181331672988,0.07939828955943046,0.3204942941170423,0.3164022373371904,0.210557766009807,0.44094546322093725,0.20709027030518762,0.1462760663436296,0.3092447756250218,0.3338553631412148,0.46182114937390456,0.09735717934230352,0.14551840500472127,0.34054547391012296,0.09417482004996519,0.5669817643802797,-0.18363332946734537,-0.08984875041914764,0.09282901416777115,0.03796989239062968,-0.037617771080083164,-0.016387380255203414,-0.015686773579708133,-0.04072267260209904,0.06965817448297043,-0.05403679036666144
0.06728558402707625,0.20404732436848896,-0.0687838692090139,0.7575302363474447,1.41042656567032,0.7231264878651673,0.44709073615037476,0.4172492599554085,0.32077305441306725,0.26381189649617837,0.4546108629869211,0.46681160668488986,0.5108417114241433,0.36163731843129576,0.32772865822182273,0.6467033080685287,0.3298133011471531,0.3656368634820161,0.28956068003200286,0.43940140798622157,0.34743938427066606,0.4678812320376108,0.42326626196481065,0.48915727560881045,0.46839270516135767,0.32733862259888585,0.4099965371954835,0.17212349419830872,0.5212431600222576,0.4200669233224458,0.30857277776810654,0.5284913513817605,0.2633948517661158,0.6927917566329962,0.023436842191200912,0.3514506589792367,0.27952428294568615,0.269590535987265,0.49626335734798377,0.27724501780876987,0.14111142083661465,0.35533724947328166,0.3610830269464668,0.49421335517134307,0.028644660114557564,0.030806604610091427,0.38140562203841133,0.1597948155444987,0.8367633741960835,-0.40916245412160246,0.07194792115118916,-0.0365993762190886,0.12564169723040322,0.07750985378330667,-0.054499876814970184,-0.034287986008263334,-0.07853697511992752,0.03467399084369337,0.08197918304260068
0.19406470066836923,0.41175949064275147,0.5131938356320968,0.6242065652270673,0.7231264878651673,1.0751882229693746,0.4626017496595801,0.5145916304897123,0.46362749846961254,0.2751896350544143,0.5070841692212499,0.49261266668743736,0.5078409694348731,0.4457190827283847,0.3977139355437554,0.5107324569063642,0.4108817019999378,0.3800424419753924,0.42876952738102214,0.459612191487371,0.43105682102236137,0.4990283261314058,0.34623936168252734,0.524424688880131,0.509066216131554,0.4386697514339445,0.40835403470053117,0.28270667434473423,0.6782429323179648,0.40026215820085276,0.3604518558756133,0.5302856754143889,0.31789340035507974,0.6472844631456812,0.29430102641789097,0.4295274751458927,0.4272495077077026,0.2787271003510237,0.5436905770171537,0.23027822240530338,0.10859244121387385,0.407955515402767,0.40494024603845746,0.4518486649942763,0.29156114144994855,0.22447990354404485,0.3986595331440378,0.08258237924409273,0.5565752023518133,-0.04242008041896772,-0.38066035207958304,0.1843431226635535,-0.013407074480316071,0.015586771007030287,-0.051755610369909257,-0.024884990168288528,0.058846828034304084,0.09412395465690543,-0.14354153719848112
0.19295295956877223,0.33668216561111725,0.3868420599448427,0.4151276574410936,0.44709073615037476,0.4626017496595801,0.5181386881261604,0.27896324037450637,0.36324032195242134,0.24766563051721238,0.3576573107510071,0.4201640154505434,0.3966281646291159,0.2852802472422358,0.2602867995791177,0.41151680482941466,0.2794788011051849,0.2944226552608613,0.2922520648849587,0.2926826052785969,0.3045121926252152,0.4005044968444689,0.28283031132282455,0.36999834996738296,0.35869211583571164,0.31476809647086157,0.29367424631355893,0.1664622934471298,0.41510074317936696,0.2682511315114074,0.25155474696683455,0.32479474086063115,0.27785718450885216,0.43645731684179945,0.2659786389603899,0.29999996186148786,0.27603036338742243,0.17629622731826763,0.3733525396748006,0.19192035865098273,0.09443274680512277,0.2926425721687137,0.2745586197471997,0.27339577129522863,0.21685490308477107,0.13810505045479363,0.28572002578186817,0.09739082942393558,0.41368805285059224,-0.18709801717097108,-0.07267107380475019,0.0749876700803122,-0.0344832868936145,0.013749256064959638,0.04284323821892737,-0.03065225369943897,-0.024029010326640968,-0.0009487325662748945,-0.079004217089462
0.06221631629445888,0.25453154782958526,0.43961295809863027,0.438012987793263,0.4172492599554085,0.5145916304897123,0.27896324037450637,1.1416053810738755,0.3436893121123743,0.3146136896383801,0.3594408968746438,0.1869718586704805,0.3683915280576031,0.40628043544362025,0.2528752068590411,0.27585653189487014,0.32659476909849877,0.3261260124850186,0.3299352663776275,0.26153605505143585,0.2999207144716663,0.33583258028029145,0.2950762171540165,0.4007665045473746,0.4123469863345566,0.46420280081260357,0.2574403204868037,-0.0021206290686677036,0.3917932543250976,0.32209559139079447,0.2593849515954047,0.2818296759954041,0.2796434935785359,0.46146539002147813,0.4142127838322096,0.32725752791071283,0.3169770947632897,0.16869661053831322,0.43086962271013585,0.18037765612728693,0.11068010138380452,0.2938694794797768,0.28017419284282435,0.2542505351289431,0.29445888476372456,0.3628561084921143,0.35803371458571576,0.04364166601973445,0.3458416178428529,0.18717178642584936,-0.19459615690491855,-0.04761061451294684,0.19196911696835287,-0.1717708718159004,-0.15579484942310376,-0.07433434849190818,0.4288052229689123,0.17670309185540106,-0.4951733124372766
0.18706232760648736,0.39855800364192034,0.5912603546508234,0.36363460285113747,0.32077305441306725,0.46362749846961254,0.36324032195242134,0.3436893121123743,0.9112208922364973,0.35392475636913706,0.31350026190006014,0.29228028818491475,0.3374577085678493,0.37041631982735834,0.21219166893617303,0.21832469500811202,0.2982131368773125,0.28886135583273165,0.27116701867978504,0.2396716752198443,0.2898956375119029,0.5111351578964074,0.3302060356811243,0.378905252240709,0.29666184419156205,0.3920464585746251,0.21379912359159572,0.19283522344664086,0.3321705303369768,0.2035972026490475,0.23936662967077962,0.25712717530037105,0.3045478742763314,0.4132386783257797,0.17467668311335477,0.35001017901791753,0.23496284713973345,0.16001627606333307,0.37280497534245327,0.18886649687842097,0.0963232781458391,0.267610020686246,0.22820726740887545,0.3731208967273035,0.15903694610761712,0.2207192432892722,0.24759754827529964,0.12588084428890184,0.2068389398961298,-0.21860220818681342,0.13544585232551246,-0.10360378885827565,0.17376023389231668,-0.13452108331598003,0.10022955898928389,0.02657904977628977,-0.040461174922722914,-0.10846084420536947,-0.02155622364845603
0.16841379816742877,0.3382245842918707,0.46204880756739525,0.25586195584456417,0.26381189649617837,0.2751896350544143,0.24766563051721238,0.3146136896383801,0.35392475636913706,0.8417017963502754,0.25384253715490135,0.26988335422774057,0.2516499710408103,0.2735292486047029,0.28036546813288804,0.2899648280158518,0.25354867646401463,0.30698313168050945,0.258150146475535,0.1407755015037294,0.2023179999771724,0.3317251593023974,0.36276771709665595,0.34380906949223183,0.30264719982393684,0.18762047721648625,0.19367095394312414,0.13158959604433876,0.32640728914501127,0.2988828751680725,0.19271728005873187,0.2348644031547776,0.18514974596981998,0.39666140303510244,0.26738578691614795,0.2549179608834048,0.19840243831456134,0.10818909369463056,0.3912473173332288,0.18231249859928567,0.19099080447904282,0.2056885889190195,0.24812773770413707,0.3708951710457464,0.06943844851779613,0.1884689729211518,0.33198810892097796,0.04664292957022542,0.44051161513248427,-0.2361385317720069,0.10579366067860257,-0.04453411888480506,0.06405218198040899,0.046004235702292284,-0.060454925968853775,-0.051465018379981346,0.17050845825471223,-0.03963448254238881,-0.08220529148948069
0.14598852611592245,0.3298342324274411,0.36737933172627757,0.4016443794918319,0.4546108629869211,0.5070841692212499,0.3576573107510071,0.3594408968746438,0.31350026190006014,0.25384253715490135,0.6112403324411512,0.46188473403320174,0.45363123072544587,0.32310355688016634,0.3259626580554148,0.41443739406880276,0.37692992482591203,0.3394975807177316,0.3141074417135499,0.3932372182111545,0.34669429750256614,0.3726468765416444,0.2729055348997619,0.4192586041737386,0.39207258009550083,0.36642396969524044,0.3479480491180022,0.2408221419434425,0.4211018971136322,0.3097194213746525,0.3208748581491813,0.34732462114224283,0.34478630026866103,0.4691933642858565,0.34600356487819584,0.3733187155461328,0.34891564893141586,0.23266488812967484,0.42353744061304177,0.24454595467227536,0.14009309877886011,0.33968949070068394,0.33077277360239066,0.30206655537411536,0.22969903537226496,0.18623311426435363,0.33615683561560994,0.1286538588484334,0.48802982670042944,-0.1393866404135674,-0.05259566737469166,0.009425746308088366,0.0967381123504074,-0.05269621760084235,-0.0614997493056631,-0.017009169943680714,0.07691242099620639,0.03585169448209501,-0.11312258871185081
0.18933839131039562,0.3686210074307512,0.3730357753610623,0.41325878570958025,0.46681160668488986,0.49261266668743736,0.4201640154505434,0.1869718586704805,0.29228028818491475,0.26988335422774057,0.46188473403320174,0.7366399578970864,0.3766139778337004,0.3339952720741863,0.33272417361737144,0.41402239061261015,0.3129781489090352,0.2851301891453127,0.2816977498457912,0.36865301992519006,0.32356026066058313,0.3498465533909947,0.29070773150408974,0.37767095614739177,0.4123484823893545,0.3100440884215654,0.3712694029924832,0.15095220549262658,0.4360594321285097,0.2799453141590543,0.3011762013283614,0.3713251773209432,0.2963502250557633,0.46757016357597453,0.34526314091513427,0.31538753506469785,0.2931249995008135,0.2118658269900754,0.42515946045364594,0.24637542025938364,0.08080661299123242,0.32077233003369315,0.3193515755258595,0.2112014797299186,0.2756630343190109,0.051858437647682096,0.30836062079103177,0.18402354282194136,0.5533035255549562,-0.3362489241866936,0.0014672332546429535,0.21218944457417818,-0.08733564179842637,0.03366877754043917,-0.039645549003588854,-0.0270373505993137,-0.02883310560953689,0.023469537973246087,-0.011654256269806741
0.14407451785995343,0.34718524463577605,0.3457963854192067,0.43014372885101354,0.5108417114241433,0.5078409694348731,0.3966281646291159,0.3683915280576031,0.3374577085678493,0.2516499710408103,0.45363123072544587,0.3766139778337004,0.8570148964691956,0.3033839202103946,0.22402430160280476,0.5373893246111969,0.2840898354495604,0.3685332366300946,0.31527061703598197,0.3244618741427324,0.3272000193395859,0.5027493186761111,0.2522925225964127,0.49850788176676875,0.4083551212383913,0.4596633844205165,0.39202929375961143,0.22520877622001909,0.49360986460654555,0.3484265380090898,0.259455199796311,0.41720437495735213,0.37445671122867175,0.4672381776946295,0.413107079310516,0.2883495543844284,0.28752006354419096,0.20567208604032777,0.32032287922776176,0.21391335698405825,0.15942104464288334,0.3342016092984995,0.36367798043109567,0.32974510253162886,0.1026112607986326,0.14961483101124048,0.3499049609636217,0.022889425191623482,0.6123207806412514,-0.16490653363189373,-0.12939607469189737,-0.11535396834779006,0.1028081311698307,0.07075319335717184,-0.005771756912596063,-0.0541306195733117,0.01830051398778818,0.015241756263433439,-0.02781499946228386
0.19457421412057177,0.2819260814518678,0.3683939147046524,0.382576912439468,0.36163731843129576,0.4457190827283847,0.2852802472422358,0.40628043544362025,0.37041631982735834,0.2735292486047029,0.32310355688016634,0.3339952720741863,0.3033839202103946,0.6715379451712615,0.30817573701880707,0.25047273438296197,0.3112501319468674,0.2419394341962615,0.2499563507548651,0.3048964650255073,0.28101775818095376,0.3008541000906865,0.27888272338899145,0.33312718016046305,0.31193427186175754,0.3120561997355908,0.24304453494955422,0.24452057416798478,0.3713738657404563,0.3059633318864993,0.2923794004613478,0.2542546267077028,0.27162285597673946,0.3463116028509895,0.22297617035490694,0.3686493815683333,0.3697820262198152,0.1801960995091034,0.376883152894057,0.18652352117352758,0.22225998159622457,0.2751542494164303,0.27624512682866237,0.28710102971015145,0.1953176278679495,0.21240542031552515,0.296905731943307,0.09371427218679065,0.4738163495168139,0.11897773725893317,-0.11806714630310415,0.20391310457973608,-0.14475747700506564,-0.08945116963439262,-0.15562530093934412,-0.032912764213778596,0.25444325403486334,0.11911662330416131,-0.18366800325387198
0.18140500624036393,0.37234230393046414,0.4371919817005772,0.27615591242762677,0.32772865822182273,0.3977139355437554,0.2602867995791177,0.2528752068590411,0.21219166893617303,0.28036546813288804,0.3259626580554148,0.33272417361737144,0.22402430160280476,0.30817573701880707,0.8301536013898614,0.11165312296105616,0.21220568989816285,0.33063081835674407,0.24540510736223103,0.32679730295259196,0.3044437965561449,0.14024310084873742,0.306555424223959,0.35101409653993754,0.4062953356267827,0.1345661893525225,0.23166680175876653,0.28155863207263926,0.4320951686582989,0.3404725381945154,0.27367486276842146,0.28640814264139053,0.26405411661813977,0.43247886360648025,0.15938653359508306,0.40837060886089016,0.32475496989063396,0.1712647905724353,0.4038859408138186,0.14917776669429136,0.21759473323919207,0.26432031159503927,0.2675258745891464,0.3243228739543251,0.11093671308105187,0.267018578373781,0.31768317666535745,0.033290015763773134,0.4075552438254188,-0.1260383789213285,-0.1710539171447671,0.29235892297561566,-0.004020368240996333,-0.030896887680484732,0.0028471130601667883,0.01618097931374882,0.1054601700394929,-0.01596688986818486,-0.06231924410615711
0.07623266701772781,0.1404234665109446,0.11379982217054095,0.4941797798300311,0.6467033080685287,0.5107324569063642,0.41151680482941466,0.27585653189487014,0.21832469500811202,0.2899648280158518,0.41443739406880276,0.41402239061261015,0.5373893246111969,0.25047273438296197,0.11165312296105616,1.4173489121010774,0.44500847293135926,0.3631514382731532,0.6970249157656219,0.2898519338947696,0.4275729846374582,0.7445741519829474,0.2679995987455863,0.5694331609414034,0.5352567651008856,0.25511838479558546,0.47958580450718563,0.3826065386452806,0.47608601777947224,0.5485691604777768,0.3142837864254382,0.5235934500668886,0.40847869503851875,0.6352339013229877,0.7389852050735972,0.3081158835046632,0.38910669908660883,0.1803425128018412,0.5290684596122117,0.29765232609619585,0.15046119540049147,0.4753757982759048,0.5084472105224316,0.49862190958112845,0.1398227276975626,0.05113459922048796,0.45030059801475597,0.15944644839500058,0.7751915175310273,-0.48386414487923624,-0.1179970068047713,0.14520927155084773,0.0053557885695005554,0.04227473253167837,0.01929334390213579,-0.028146641041597312,-0.029729388877609803,-0.030613985272873165,0.07396501197102252
0.08836364977946393,0.27168330853061007,0.3122350684000458,0.3194479383436158,0.3298133011471531,0.4108817019999378,0.2794788011051849,0.32659476909849877,0.2982131368773125,0.25354867646401463,0.37692992482591203,0.3129781489090352,0.2840898354495604,0.3112501319468674,0.21220568989816285,0.44500847293135926,1.0461262604294526,0.24395936274714775,0.514124429123072,0.46976058890949113,0.4340126978801278,0.37339479568650635,0.24285894056778642,0.3740338585896882,0.32460409246526434,0.23961315247649112,0.33648127770074543,0.6245727721130453,0.31743946222071523,0.3976986173712147,0.4282630147777114,0.27726762852595804,0.49843392157788524,0.3722677212968532,0.3513713675544084,0.5271666352779675,0.6811905809975288,0.2717270276953172,0.5715157155748392,0.31574659469550137,0.27489355794494125,0.43844922766844885,0.388414420056113,0.47388409703649037,0.37919464964345984,0.2081239624164065,0.3597417714205595,0.20964344690507444,0.5103031273364433,0.33122715545849907,-0.09312563415941001,0.18624337218842385,-0.1350815599307732,-0.153723259120774,-0.28742278787273956,0.04717212607066357,-0.056020458630137354,0.2154350243766638,-0.15682283477864448
0.15137861568416827,0.31720863407190136,0.3269715345525163,0.31543854298100216,0.3656368634820161,0.3800424419753924,0.2944226552608613,0.3261260124850186,0.28886135583273165,0.30698313168050945,0.3394975807177316,0.2851301891453127,0.3685332366300946,0.2419394341962615,0.33063081835674407,0.3631514382731532,0.24395936274714775,0.7807455540364006,0.3728802706729466,0.12545887859237012,0.30847070864765913,0.36019465963302866,0.27719289529333574,0.4158530633964885,0.32642241320253274,0.29070918930860457,0.2519837487995272,0.3153581146569211,0.32433722972377965,0.20245956445965013,0.2393478657263694,0.3015192065394394,0.3508015261426979,0.40863436594344343,0.32131847167149047,0.2700787669164895,0.28472568652920743,0.10059205031922604,0.33488332182547936,0.23848955499909202,0.08967390496856707,0.2533939719389591,0.34289084520185437,0.2966232660505447,0.3250908963439225,0.2291475212288763,0.40598548337955453,0.0502481929125386,0.18912554769216544,-0.17482996525415861,0.30345420081994023,-0.05597098274276437,-0.0914457067319521,-0.06544463838809657,0.038267446759244275,-0.01930148912944955,0.23765101677694955,0.012623251759878782,-0.27927090931195253
0.09207791194007245,0.11407290556274044,0.31703936394030025,0.2788202401059432,0.28956068003200286,0.42876952738102214,0.2922520648849587,0.3299352663776275,0.27116701867978504,0.258150146475535,0.3141074417135499,0.2816977498457912,0.31527061703598197,0.2499563507548651,0.24540510736223103,0.6970249157656219,0.514124429123072,0.3728802706729466,1.522417694552952,0.21941058807811326,0.5073299754055342,0.5034347919189691,0.09160545635168116,0.47249807841888086,0.30481766736726446,0.10642218929937307,0.3019394972109219,0.5554664691111112,0.39037820845598425,0.5636113774066712,0.39966149118276123,0.4207144158078207,0.5405617419218051,0.4412718806888077,0.5357495347875948,0.5243914354165659,0.6030464602811192,0.18828433243158996,0.6131993362405114,0.19601495387790138,0.22410475106862898,0.4612781060857077,0.3858616240861022,0.37255759473782357,0.2811496486216166,0.2726605034119744,0.4294344438986445,0.3704919129896765,0.5568012410549352,0.40746663607830136,-0.19320742786603692,0.0789801950849845,-0.20123938466386562,-0.12223595188859575,0.008233764563937013,0.04437146908138561,0.15124381076855287,0.05425790210664583,-0.19418369809692115
0.1358946265619182,0.4501903030114574,0.30467301240171996,0.34590833287606526,0.43940140798622157,0.459612191487371,0.2926826052785969,0.26153605505143585,0.2396716752198443,0.1407755015037294,0.3932372182111545,0.36865301992519006,0.3244618741427324,0.3048964650255073,0.32679730295259196,0.2898519338947696,0.46976058890949113,0.12545887859237012,0.21941058807811326,1.0900924491429207,0.26650850349331956,0.22883972034206362,0.1338056035893871,0.4134835611092884,0.3554943013629578,0.24930935204498741,0.4650635839135188,0.4345129525771224,0.32411343117299246,0.4353073050396589,0.40134431165707735,0.5331079789025438,0.38582168636107445,0.41474046492427236,0.10973535895937381,0.30482344016810164,0.6144003862042771,0.5383835770782883,0.5237881295244795,0.37677548726972,0.22043892636724646,0.3044502741170843,0.5162852764380325,0.23252338480606607,0.7103477449012426,-0.049797640881080754,0.3475797588047227,0.3395743399865009,0.6247063784299863,-0.36254051375217156,0.018443056690829848,0.36117996630145305,-0.059106392026835625,0.017003248564975124,-0.12527380742416927,-0.012720033501884474,0.0035080062925460127,0.1058852994430747,-0.055959496743190874
0.11802362651714358,0.2841692745276994,0.34633313987814085,0.3177461867835614,0.34743938427066606,0.43105682102236137,0.3045121926252152,0.2999207144716663,0.2898956375119029,0.2023179999771724,0.34669429750256614,0.32356026066058313,0.3272000193395859,0.28101775818095376,0.3044437965561449,0.4275729846374582,0.4340126978801278,0.30847070864765913,0.5073299754055342,0.26650850349331956,0.6858485033520069,0.37242425130982737,0.2580400395993336,0.35869294563323045,0.35078577672016337,0.17690368563128914,0.2742255651635711,0.37521361601505365,0.44473774719199416,0.4061888946664012,0.4037692168925737,0.297562635375272,0.46039112894092415,0.448507937224415,0.4414880629125802,0.5130937230678808,0.542421134906125,0.18151782000613206,0.5111595694007489,0.29544337559451145,0.1625491045705317,0.5285784810911636,0.3411015250196046,0.34564242818764995,0.45620469445778256,0.1810883364207696,0.3470892085192435,0.14462573841691775,0.30153351682113677,0.10628245006631265,-0.19097244996388685,0.14331633657648046,-0.0654607122590981,-0.06286573770790643,0.006525437859659175,9.900475431708933e-5,-0.08117328195423451,0.03737064443015299,0.031130309903350167
0.13903375630928885,0.2685860880173536,0.3794157559469394,0.42765035735600726,0.4678812320376108,0.4990283261314058,0.4005044968444689,0.33583258028029145,0.5111351578964074,0.3317251593023974,0.3726468765416444,0.3498465533909947,0.5027493186761111,0.3008541000906865,0.14024310084873742,0.7445741519829474,0.37339479568650635,0.36019465963302866,0.5034347919189691,0.22883972034206362,0.37242425130982737,0.9116856325881931,0.3635513943231321,0.4647838554099148,0.42413631912038585,0.3359501259337712,0.3410009992397033,0.23747372926854415,0.4585441244473291,0.3747027874739636,0.28310730311448357,0.3809287273943085,0.352783431602233,0.5510524197713003,0.4356711051877716,0.3210771673346248,0.31033577887461183,0.1567761344222618,0.4760755860809322,0.2309080395463158,0.13043461594074504,0.3775843031204813,0.37314595847075144,0.4687418325362097,0.09780061120799216,0.1765459890567218,0.3708252678399247,0.13795701385367126,0.5184997882473198,-0.27177966914490004,-0.03284156761154981,-0.06607308611251246,0.0829685867916892,-0.052453494479384716,0.053550181444638266,-0.01054635529061089,-0.03505661545334284,-0.061013843797275105,0.0019076736882277985
0.11778578119636415,0.06848540343770518,0.22582116224992105,0.3566287356744727,0.42326626196481065,0.34623936168252734,0.28283031132282455,0.2950762171540165,0.3302060356811243,0.36276771709665595,0.2729055348997619,0.29070773150408974,0.2522925225964127,0.27888272338899145,0.306555424223959,0.2679995987455863,0.24285894056778642,0.27719289529333574,0.09160545635168116,0.1338056035893871,0.2580400395993336,0.3635513943231321,1.2227535539633325,0.36215590328647546,0.5203923062767958,0.04727980382024399,0.11049051472906507,-0.15669299962554872,0.42085634672350974,0.5019172177194391,0.33414951276899296,0.010892370872021611,0.2779490168705485,0.4844665729882085,0.130228597677325,0.5012482955995996,0.4301979034694875,0.05456963730552683,0.7036139966503204,0.36041736603361113,0.20399313109406816,0.23773872807567434,0.2581689040773133,0.8161224678131478,-0.0837925977808255,0.37891894226321127,0.3912153363980147,0.1436167097764596,0.6094666921422858,0.0348754296899682,-0.27200047834866314,0.1365218421414932,0.1063047298263441,-0.07476383982435147,-0.023284915233641307,0.0468405765425624,0.06607465590546031,-0.0025578735286594387,-0.1629113610772098
0.1032500540931652,0.3259001463054528,0.3965423251615143,0.44244313207767266,0.48915727560881045,0.524424688880131,0.36999834996738296,0.4007665045473746,0.378905252240709,0.34380906949223183,0.4192586041737386,0.37767095614739177,0.49850788176676875,0.33312718016046305,0.35101409653993754,0.5694331609414034,0.3740338585896882,0.4158530633964885,0.47249807841888086,0.4134835611092884,0.35869294563323045,0.4647838554099148,0.36215590328647546,1.346395017275564,0.531096624074782,0.18420093367950757,0.42443995584472305,0.25678666621596263,0.4253799287723749,0.806855475255475,0.19811995054438492,0.768621393836141,0.7998313806439804,0.6123985196048548,0.5398229083538016,0.26495152732351734,0.48108818471952736,0.2418692418549597,0.42930046575618286,0.24388009539616862,0.12319594096847543,0.40885802896651535,0.7048517228000383,0.5652541889783032,-0.011552908036434092,0.28214462705191856,0.5877095784601504,-0.03446040713075244,0.9965348367015655,-0.38136990991449704,-0.07930281996619598,0.09991249730267517,0.26765686625353763,-0.06877715143716362,-0.11488664264315457,-0.018784541622620596,0.13702029934157367,0.13456341439263123,-0.22928980337729918
0.1454451046094659,0.2693930474813298,0.3546057462209249,0.4137717015908446,0.46839270516135767,0.509066216131554,0.35869211583571164,0.4123469863345566,0.29666184419156205,0.30264719982393684,0.39207258009550083,0.4123484823893545,0.4083551212383913,0.31193427186175754,0.4062953356267827,0.5352567651008856,0.32460409246526434,0.32642241320253274,0.30481766736726446,0.3554943013629578,0.35078577672016337,0.42413631912038585,0.5203923062767958,0.531096624074782,1.0736633671011147,0.210453331866333,0.34653896926090366,0.1657157520591083,0.6252949468591685,0.5974566085611289,0.29413382001110705,0.3603362774821085,0.33345795365657954,0.6590888610970761,0.4092942975760472,0.4345244522369308,0.3919461785284258,0.21122563986070206,0.573315341992638,0.18681759226329545,0.18714629169688615,0.3574975450343867,0.417901262069858,0.5085674378901928,0.14911623486483574,0.29704404749682023,0.46048899006762956,-0.07702089328126015,0.577869118280582,-0.6916192386873433,-0.40878550193316965,0.4190280716869098,0.2901044628061843,-0.012596720583025398,-0.005224460857610537,-0.010080050320744978,0.1442238373891531,0.0078742115761735,-0.1598675005633653
0.15446369361826762,0.36388581429265954,0.39915360982757325,0.3305330358288392,0.32733862259888585,0.4386697514339445,0.31476809647086157,0.46420280081260357,0.3920464585746251,0.18762047721648625,0.36642396969524044,0.3100440884215654,0.4596633844205165,0.3120561997355908,0.1345661893525225,0.25511838479558546,0.23961315247649112,0.29070918930860457,0.10642218929937307,0.24930935204498741,0.17690368563128914,0.3359501259337712,0.04727980382024399,0.18420093367950757,0.210453331866333,1.9769576592931346,0.24081997850316383,0.35833414874045716,0.11771249400249648,-0.05255428614389015,0.27001625590734496,0.22405313662450366,0.27101087541483504,0.20459169793532145,0.3478896657761253,0.36757592702119474,-0.020917529589488056,0.1870944179463508,-0.3825431441050215,0.11889197871464409,0.447432976428117,0.27608867431076334,0.06281389013991749,0.019925570543569374,0.20053959349774841,0.13193649042921052,0.0805502352499145,0.11870386889687323,0.16908322909108253,0.3417891493371698,-0.14136103378014125,-0.38421354038479877,-0.06744838872115551,0.0011106943136914035,0.009603596601168225,-0.09391859664537965,0.17826269863966485,0.003181678405523894,-0.11771085835401357
0.0991685750215995,0.2803159667473878,0.22302570771450125,0.33230374833891546,0.4099965371954835,0.40835403470053117,0.29367424631355893,0.2574403204868037,0.21379912359159572,0.19367095394312414,0.3479480491180022,0.3712694029924832,0.39202929375961143,0.24304453494955422,0.23166680175876653,0.47958580450718563,0.33648127770074543,0.2519837487995272,0.3019394972109219,0.4650635839135188,0.2742255651635711,0.3410009992397033,0.11049051472906507,0.42443995584472305,0.34653896926090366,0.24081997850316383,0.7777993406247002,0.34976962075470036,0.3761923214124731,0.3451926866324886,0.30130185010431104,0.6331227305957511,0.36556582156544726,0.4319214903406305,0.3407689812501648,0.36875770015238013,0.27482219150386117,0.2787373548750202,0.33551854705533085,0.22827133643893488,0.17811509950242332,0.31042469910508996,0.4480741013989393,0.09967297450441129,0.2841199871398648,-0.027896737401685544,0.2945129354363936,0.16634305965765894,0.7012461472541551,-0.29663086494207347,-0.03156226770191412,0.20384363789704296,-0.022657342228201153,0.03845984172284309,-0.013631786895332704,-0.03200342427917659,0.03374589045059688,-0.01768421852737024,0.0076039963555492515
0.11684988832578096,0.2641954564534833,0.24052401410660446,0.1769619538620358,0.17212349419830872,0.28270667434473423,0.1664622934471298,-0.0021206290686677036,0.19283522344664086,0.13158959604433876,0.2408221419434425,0.15095220549262658,0.22520877622001909,0.24452057416798478,0.28155863207263926,0.3826065386452806,0.6245727721130453,0.3153581146569211,0.5554664691111112,0.4345129525771224,0.37521361601505365,0.23747372926854415,-0.15669299962554872,0.25678666621596263,0.1657157520591083,0.35833414874045716,0.34976962075470036,1.9401438707544034,0.0449064394772433,0.2087329750092787,0.4575742205277876,0.3644836693977523,0.5149919757619419,0.2262751898878573,0.1768957058235334,0.7575842407017092,0.4187137598136277,0.2890893897997326,0.2380368587146373,0.21022771912091595,0.5800913559178167,0.36747039531780756,0.3249409947435561,0.7460168837484458,-0.03490405193613091,-0.0032903600620223673,0.12589625755108702,0.28597869182781116,0.6005145706933961,-0.12576625135624997,0.18023164195342828,0.3710269187706397,-0.41573747042225256,-0.07056653207912952,0.2080214173844371,0.03130312107974513,0.05889876981563845,-0.2156258006924423,0.3485422213413181
0.17161629600923067,0.4666931647411391,0.6008552891987012,0.45891977305091447,0.5212431600222576,0.6782429323179648,0.41510074317936696,0.3917932543250976,0.3321705303369768,0.32640728914501127,0.4211018971136322,0.4360594321285097,0.49360986460654555,0.3713738657404563,0.4320951686582989,0.47608601777947224,0.31743946222071523,0.32433722972377965,0.39037820845598425,0.32411343117299246,0.44473774719199416,0.4585441244473291,0.42085634672350974,0.4253799287723749,0.6252949468591685,0.11771249400249648,0.3761923214124731,0.0449064394772433,2.8791356565585775,0.4155452456794252,0.05527871508968195,0.7644619723015925,-0.0428185251487285,0.6696762931861581,0.021246576142991063,0.9287701570820677,0.0920551236996944,0.13288544255068238,0.5690949796684515,0.010867080921734178,0.3594119372040903,0.33303336640008174,0.15915444205141926,-0.30080291934534487,0.21286554908329686,0.5042561739014328,0.3896932328545196,-0.6174489243713047,0.7550144601253432,0.4478353060149619,-1.0947421026665183,0.44310176315988264,-0.17917080493968146,0.14046766505326136,-0.08153748804844071,-0.044102814495646764,-0.2241629880818495,-0.017569323367830847,0.23991813924842967
0.11736517541977723,0.052604256496698344,0.060202022153756786,0.357321275592516,0.4200669233224458,0.40026215820085276,0.2682511315114074,0.32209559139079447,0.2035972026490475,0.2988828751680725,0.3097194213746525,0.2799453141590543,0.3484265380090898,0.3059633318864993,0.3404725381945154,0.5485691604777768,0.3976986173712147,0.20245956445965013,0.5636113774066712,0.4353073050396589,0.4061888946664012,0.3747027874739636,0.5019172177194391,0.806855475255475,0.5974566085611289,-0.05255428614389015,0.3451926866324886,0.2087329750092787,0.4155452456794252,2.7378646671220324,0.5327560079742146,0.42113544831700284,0.7476020270960073,0.24080268321473938,0.3334163312957137,0.42212517702742897,0.9913319947533836,0.2786130065964084,0.7720027305362075,0.08834248319646022,0.908374146850122,0.4398511965709615,0.6538748740882686,0.8717055853593401,-0.13618033780705197,0.5070297628802891,1.1565718755501326,-0.3938859546994142,2.0451392696659485,0.08762791085478658,-0.8812260795308579,0.5504292560857486,0.13431861128358671,-0.02208251849432325,-0.22802581027541996,0.03410932436177366,0.4382752426925702,0.5039304501552799,-0.8319889679635747
0.12981251328758442,0.15354521903819326,0.226408212869823,0.28531878990233245,0.30857277776810654,0.3604518558756133,0.25155474696683455,0.2593849515954047,0.23936662967077962,0.19271728005873187,0.3208748581491813,0.3011762013283614,0.259455199796311,0.2923794004613478,0.27367486276842146,0.3142837864254382,0.4282630147777114,0.2393478657263694,0.39966149118276123,0.40134431165707735,0.4037692168925737,0.28310730311448357,0.33414951276899296,0.19811995054438492,0.29413382001110705,0.27001625590734496,0.30130185010431104,0.4575742205277876,0.05527871508968195,0.5327560079742146,1.408414302754903,0.03796913472484353,0.565790770377955,0.4019886869157993,0.28483508248775474,0.6928453197659112,0.7706859103816612,0.3043126486676223,0.519395576229291,0.20055705480961653,0.45342060000544415,0.39480784372791106,0.4014897333448593,0.5271768270541656,0.38723886140466196,0.24374278524753878,0.37815442378405373,0.25138436365593186,0.46236282507969767,0.3337684282883881,-0.3675350543052314,0.36239889373226364,-0.18255186589158695,-0.11426483825146484,0.06397866976190501,0.025179316157100163,0.25287531510789313,-0.09873551264770854,-0.15782057657316825
0.08976427809163993,0.3821417333781211,0.3214804531012061,0.39505165994814934,0.5284913513817605,0.5302856754143889,0.32479474086063115,0.2818296759954041,0.25712717530037105,0.2348644031547776,0.34732462114224283,0.3713251773209432,0.41720437495735213,0.2542546267077028,0.28640814264139053,0.5235934500668886,0.27726762852595804,0.3015192065394394,0.4207144158078207,0.5331079789025438,0.297562635375272,0.3809287273943085,0.010892370872021611,0.768621393836141,0.3603362774821085,0.22405313662450366,0.6331227305957511,0.3644836693977523,0.7644619723015925,0.42113544831700284,0.03796913472484353,2.359660933215684,0.408386971373618,0.6652887543282778,0.3324339372059603,0.2580127666583402,-0.21725987680232675,0.3811673200355774,0.28168070314760785,0.24580692361968712,-0.14878560161218332,0.3517772898947871,0.5186716938913912,0.06493782334946488,0.3363528901581215,-0.20065102767498685,0.3535135515116473,0.09043408209219984,0.5935874968542284,-0.42962707590391264,0.3627585539352911,0.16537742520642812,-0.11267080775673209,0.27397110137306296,-0.027442730642530066,-0.07583052435270161,0.005393037910909795,-0.01809068775359099,0.09394966364298446
0.11920435309130087,0.25274708509787863,0.2949857250797195,0.2927468805458921,0.2633948517661158,0.31789340035507974,0.27785718450885216,0.2796434935785359,0.3045478742763314,0.18514974596981998,0.34478630026866103,0.2963502250557633,0.37445671122867175,0.27162285597673946,0.26405411661813977,0.40847869503851875,0.49843392157788524,0.3508015261426979,0.5405617419218051,0.38582168636107445,0.46039112894092415,0.352783431602233,0.2779490168705485,0.7998313806439804,0.33345795365657954,0.27101087541483504,0.36556582156544726,0.5149919757619419,-0.0428185251487285,0.7476020270960073,0.565790770377955,0.408386971373618,1.9975302270278805,0.07033735864749091,0.4186894772283555,0.3654022137655084,1.079789916085755,0.24787320947978045,0.16350392575486963,0.24327490257895068,0.073209195563296,0.5385495951476545,0.5014284271874055,0.6598372904853175,-0.26671989296042736,0.4927600953111329,0.5623356068462899,-0.02302185484473551,1.0844083614377253,0.296245408412276,-0.24221091449197246,0.21074237532081178,-0.007886043500074685,-0.27379390028333445,0.003260217233078923,-0.028726378867517922,0.1269083941634725,0.0568957787336477,-0.16960429738964022
0.0006193147109570432,0.4117174687030086,0.4291812290673827,0.5474181331672988,0.6927917566329962,0.6472844631456812,0.43645731684179945,0.46146539002147813,0.4132386783257797,0.39666140303510244,0.4691933642858565,0.46757016357597453,0.4672381776946295,0.3463116028509895,0.43247886360648025,0.6352339013229877,0.3722677212968532,0.40863436594344343,0.4412718806888077,0.41474046492427236,0.448507937224415,0.5510524197713003,0.4844665729882085,0.6123985196048548,0.6590888610970761,0.20459169793532145,0.4319214903406305,0.2262751898878573,0.6696762931861581,0.24080268321473938,0.4019886869157993,0.6652887543282778,0.07033735864749091,2.110797283677983,0.4252260893206609,0.3755000271301553,0.45544534101144407,0.22853109177854983,0.7371899267160068,-0.012914209228170782,-0.008974886940954514,0.4290003725685835,0.6402568447573196,0.7099800941270322,0.18461626249351448,-0.03689931717613277,0.4705805594441338,0.3356562681802854,0.4533764251297083,-0.8162377849178691,-0.00675247362369566,-0.016178406850638063,0.4715383020415023,-0.07598753931640474,-0.048812817732515536,0.018545148835293474,-0.433203774508105,-0.015381619717095282,0.4613505182063579
