0.8088461317214201,0.13374445786992176,0.0708242493462596,-0.019568271733589732,0.11170305714642577,0.11306678884504649,0.1992053570097912,0.12908665972348624,0.13941636015584322,0.10179718489667007,0.11168147990115422,0.1293143583294874,0.05434058770654536,0.15850793135365732,0.11705695420239123,0.13033696825369476,0.10753065580671238,0.08587976696687241,0.06384541199477071,0.1300189552708158,0.10115708341127973,0.06636446811198804,0.0956192069371301,0.10777822827442216,0.10138760788853596,0.1257923468937579,0.09266190877364282,0.07368252065373303,0.09741913445818579,0.06982251392407827,0.09798956498330925,0.13284256649278597,0.10807781964781452,0.09161935037549641,0.051548691469357165,0.0676940109412949,0.13481832662480803,0.07486326383208913,0.10036319405358096,0.040338044721420316,0.1186999208570835,0.12873213231547842,0.11013086263535694,0.005425069372863203,0.05319501412586058,0.13049927057969715,0.07370966606792646,0.07173408544410767,0.23742543292729218,-0.0008795849242843137,-0.047655856591340036,0.02697525070177324,0.02494494106704479,-0.011472840770325794,0.09817099500871986,0.006848701629686511,0.023366463310474192,-0.005525026207736051,-0.1133180678657269
0.13374445786992176,2.387798667255145,0.7990100130436524,0.002974292683656605,0.35987440127253256,0.4133301290940076,0.07091682912186387,0.3071139501809953,0.16189786469613537,0.19733152476622734,0.23141551472756247,0.18407905546064413,0.11520943850873347,0.1456359176449695,0.25631949852869745,0.2026877563952487,0.2285753474753679,0.34631416409651805,0.03030781147920162,0.35139535168231995,0.4178238321651176,0.19586136372906038,0.19312543093500253,0.07242106557451376,0.24127547267256114,0.3102099863162527,0.15785041649991635,0.15547377723284464,0.48179428104930194,-0.2703862730167189,0.1571506508134928,0.14124969528308912,0.1199482036046831,0.4439915964986525,0.15266809372072293,0.10893143195024765,0.5220906452806388,0.21184774910404472,0.043612193963720104,0.122845580808228,0.4220491317633416,0.3079157391753856,0.2978010418990686,0.06355605187809062,0.22586113123667512,0.2853746575477984,0.04106735672463284,0.32926048395478097,-0.013646279252211731,0.03347898024507025,0.3530235598831633,-0.06074235953277326,-0.05696282905446419,-0.13342501376007512,-0.5283809394931223,-0.16676929370163437,-0.6545184211030844,0.6732989708195096,0.531087855263121
0.0708242493462596,0.7990100130436524,2.4537070619060506,0.2447465979698444,0.29950473566649044,0.3277374607055481,0.16968100514923956,0.3302420764238472,0.5097625874326234,0.3824459826697349,0.2967655156200584,0.36561350129555725,0.209160787399579,0.1751237250493817,0.431639514068604,0.26435929340828096,0.4339277776341013,0.3574514920253928,0.3225508068007273,0.34723718706940554,0.3562903173368251,0.348454753446274,0.19235966583765998,0.23843126382278795,0.2968310117138616,0.3688795346158987,0.2482844287123317,0.2632653447068897,0.3831535133689571,-0.5415162362067353,0.35378144207379525,0.21780123690025066,0.3252152622955333,0.7104853883231543,0.1129691668106972,0.3766237617384436,0.6625063323618062,0.32721666276034206,0.12963622939882397,-0.19705851131093255,0.4437874345136688,0.36298596925460713,0.3371314549722163,0.07752314490466616,0.5230499590981473,0.7870106789989,-0.048793795589673346,0.17260515587916822,-0.010252745902279533,0.25408877142101405,0.1451947778722871,0.1406104926201834,-0.1355191026774013,-0.24456693002145855,0.11576804093319011,0.05343759362751042,0.21308220176149437,-0.184789386463968,-0.2176681865013481
-0.019568271733589732,0.002974292683656605,0.2447465979698444,2.0569589142717843,0.5277355848885906,0.35297393336721544,0.5137221367913153,0.3020286168834031,0.17732003363807836,0.4193843266731868,0.33545367581162805,0.4530043920451117,0.23142967538336914,0.49052174206602406,0.43107433574354453,0.4131719025608398,0.29573195690406123,0.31164606671229045,0.07193191864766077,0.36990946778217537,0.2473699721928273,0.2314281092717501,0.31644824240668296,0.40415386203258097,0.35498405027228747,0.39307801798070274,0.30350261379205984,0.320065058780888,0.3812019006112338,0.13468688881689478,0.2821759417235424,0.4763661929011217,0.29239031190399056,0.5023697424654996,0.234577267931306,0.1770321975800675,0.3943198026874552,0.2127954376712269,0.20576150722227124,0.09196298441146417,0.2609644238241595,0.38184225887186884,0.4167903045581939,0.0503352378512075,0.11043723168083816,0.321433165686857,0.23929475789209426,0.19213013334708073,0.3853681512097512,0.0761146612670569,-0.29157530887302435,0.38024140466322875,-0.2199052556277525,-0.03237100272019257,0.0863048915531094,-0.061775612592920325,-0.02642801871802412,-0.18149862780733297,0.22510731421152208
0.11170305714642577,0.35987440127253256,0.29950473566649044,0.5277355848885906,2.248609502220008,0.20483771581537794,0.23668328061705865,0.24120175784757397,0.1822750832005242,0.34503716354206326,0.29323907448762204,0.3095219582485145,0.20671619756313017,0.2941822479397821,0.4776783785131412,0.2997230102572442,0.19409758231921487,0.2861334250452198,0.0909844899722567,0.24916580044017822,0.18789853427914774,0.15070148696430963,0.27268966834648034,0.20119289901988377,0.13976786178546124,0.26088951460177195,0.17583041473505356,0.12333542863675687,0.23218174994168542,-0.12279165099084072,0.18581531613913854,0.2733516236328814,0.14312131375301648,0.10525780902262914,0.19147069297076702,0.15180913458406436,0.24254753900999515,0.17285542104549959,0.16530395470926187,0.26953742950779314,0.3803088467717815,0.2832809907054082,0.2244673092023802,0.030148724344450407,0.22009985362962453,0.30547940089076736,0.05032819303595593,0.33580520078952086,0.17191475216785232,0.299552449148746,0.4829704860266934,-0.565881154145581,0.13411334013461224,-0.031461615003945946,-0.1911783282596078,-0.032842586198832666,-0.040970373641492724,0.29291057966582507,-0.03516051364154998
0.11306678884504649,0.4133301290940076,0.3277374607055481,0.35297393336721544,0.20483771581537794,1.0606014265649815,0.14628823353759474,0.4694305421927261,0.32392139834862976,0.23960050241722625,0.37197908673153746,0.3231472515013176,0.1781087960845429,0.3350780603111031,0.3059107643436171,0.3287159602648044,0.30787010713348145,0.32802926969797336,0.25197974425431335,0.41051671196708345,0.3927364642657417,0.3270732826091902,0.2464292985313582,0.2788091168957023,0.34313781425441225,0.3729930118500723,0.2575204566616563,0.2125715299076503,0.4004432917180505,0.08500871552161295,0.27271258067688986,0.3203481903044856,0.2443811178308425,0.4080062958230812,0.1883940335395531,0.17282664902140668,0.46058352632748545,0.2392928886598178,0.289948327649449,0.18262506692699046,0.41553431470973584,0.3563823033506641,0.36581102458557113,0.05610567730226487,0.15910067208425654,0.3767738377283625,0.3590742188772176,0.2955980114911287,0.2753894521588815,0.08662427229217581,-0.20114248100387985,0.06672706983394774,0.032092370561136695,-0.045060495517087,-0.09093166499408091,-0.0616206177764051,-0.010786689174315483,0.13248538263790505,0.01916640659483522
0.1992053570097912,0.07091682912186387,0.16968100514923956,0.5137221367913153,0.23668328061705865,0.14628823353759474,0.6771939811367341,0.14585086868699304,0.28278581571148986,0.2358801676523545,0.26045019257107277,0.37760368654007814,0.14414757328955075,0.17995245668654092,0.22567739509911067,0.24204567984371522,0.22520699776810604,0.16917306934904452,0.10051618923769569,0.20425705563742932,0.21064657533833844,0.19717999338640538,0.13321330951421909,0.18313908275277457,0.15747424719690467,0.2891444336324816,0.19511052884516472,0.1573842429382142,0.18450248934878424,0.060446111965145724,0.18899785814252754,0.20097284278290117,0.1822956547261062,0.2426641356472504,0.06858156594433579,0.149168704836669,0.2142778481772474,0.1288550506196504,0.16935076682871808,0.027896804367786986,0.12899522514103348,0.2281252303311811,0.1727425834774264,0.006765339985279378,0.049677830918605025,0.18037776232132033,0.03743636674931382,0.04032809961158747,0.443786150095549,0.050115998317334626,-0.21030823438197596,0.2024536085464143,-0.12260075399650221,-0.06078960911529642,0.12414719963568574,0.0553467554657902,0.004888282511148445,-0.0615943439529655,-0.10962708165807192
0.12908665972348624,0.3071139501809953,0.3302420764238472,0.3020286168834031,0.24120175784757397,0.4694305421927261,0.14585086868699304,0.9272127395606465,0.11218971121370956,0.3161548272664441,0.3491666908061212,0.2411114102080938,0.1721250796018791,0.30802051262446184,0.307213547802171,0.3103286995214637,0.3294344113701437,0.2721297035774956,0.2280175225800005,0.39447124023762964,0.22327119060593187,0.25093617072690844,0.18119396876257785,0.2237080983667854,0.28772916243976293,0.355741412721872,0.24094255762852707,0.15750673833797474,0.3384823885931437,0.1268111085777733,0.2509894008137357,0.25895777822311333,0.19626844024294102,0.3626580419997089,0.15605093860391764,0.16987803211915642,0.4442264548636332,0.2204037224100005,0.32749603724936865,0.13026002398154007,0.27948384461502707,0.3282707345647997,0.3033608463883649,0.05615896082377617,0.1396239167045977,0.29335199968358905,0.31645790055670264,0.19078067721212608,0.29869378321669565,0.028347681377717704,-0.22205403594722564,0.13865780048073184,0.0508570570441636,-0.10618208202246818,-0.14314783399139272,-0.02053154259001649,-0.035593935374821646,0.23326668951979274,-0.09961164701822281
0.13941636015584322,0.16189786469613537,0.5097625874326234,0.17732003363807836,0.1822750832005242,0.32392139834862976,0.28278581571148986,0.11218971121370956,0.8747973862374869,0.16367755958529828,0.21335709763498187,0.25722615109113356,0.09444848237258822,0.19394783741009564,0.15005684654136267,0.19759661152293123,0.26051450723988057,0.138778965471027,0.1785345905422642,0.19153941121868007,0.29148693971659995,0.15694841683306524,0.0998335548462251,0.1903465699085437,0.11305293389052051,0.3581397631837826,0.16458748269830567,0.19061940378026532,0.15992621569628832,-0.042835092578102266,0.1984119177713274,0.19638866716806275,0.19724786431003832,0.3218550030275799,0.1332298193545244,0.17077852587664993,0.21770227859560434,0.14894676115643155,0.15700037440386366,0.026034928767739902,0.24013104248982134,0.2088755447282494,0.14939599785473204,0.004167704023227302,0.13444201369709338,0.23050192010518994,0.05233894632652358,0.08980640551428445,0.469626287706803,0.07182903146283001,-0.055807143105803966,0.10414531981720253,-0.04811809787636009,-0.05334862828577582,0.15817437538685594,0.1139790597545943,0.13179224998972622,-0.22674878002358134,-0.12910054147609556
0.10179718489667007,0.19733152476622734,0.3824459826697349,0.4193843266731868,0.34503716354206326,0.23960050241722625,0.2358801676523545,0.3161548272664441,0.16367755958529828,0.6759039419443975,0.23785981573957715,0.26132499580279656,0.1694725279752952,0.22217541918827885,0.33422863794641505,0.21737387449088036,0.25582777074348934,0.23398009014525195,0.18125455405386215,0.2205512364446469,0.1542265086213538,0.23106692450077004,0.22896199727747046,0.21960365067100418,0.23704068068692982,0.23335041412347465,0.18575079534985278,0.17542096971453688,0.29571890642936904,0.03769734402656696,0.19488570491903476,0.2213280103598011,0.16802891428510225,0.3339167105445183,0.18818446840210684,0.1664745959859539,0.3004188542548453,0.14307362394094467,0.21599142664553478,0.06456864121131978,0.23447709587255613,0.2320201507127443,0.21890072438624103,0.03403459496583309,0.13231249163934664,0.3003670922218596,0.15787387841651404,0.16571600897887218,0.21458875788902515,0.03945437918150926,-0.05098025268019357,-0.021825514550166143,-0.0020999157139346626,-0.034785019964068464,0.09166562549980344,0.08084373672969954,0.038697379513864254,-0.15124757571977562,-0.044332933818615146
0.11168147990115422,0.23141551472756247,0.2967655156200584,0.33545367581162805,0.29323907448762204,0.37197908673153746,0.26045019257107277,0.3491666908061212,0.21335709763498187,0.23785981573957715,0.6158964472169244,0.3296568823607155,0.19970568498324837,0.21506971529201135,0.29301230030207315,0.2690293382576213,0.3294555808705047,0.24361436725421584,0.08797332410181069,0.3741626718339581,0.2649894864904361,0.21501730986908757,0.18274577016054766,0.1845019286266991,0.20521138922802848,0.338795498583819,0.2414081815986933,0.1924603137860694,0.2959145469715144,-0.021912161165824694,0.23476253291559004,0.20874313582680518,0.1658322945005528,0.2666304291616409,0.23652604137430377,0.1682201848464519,0.3250141457717999,0.20504903680815378,0.2607008344855503,0.17132612745812498,0.27837387532365276,0.3137923796679709,0.2392583306011932,0.026149698878069148,0.16873487629809844,0.27596084227542084,0.15574477513065388,0.1879814313345678,0.2637598511973147,0.05641068036421009,-0.09180236500713479,0.04836611192041657,0.061969410071988425,-0.07377638958117899,-0.05399317797578171,-0.00015396112157862565,-0.01707793324201108,0.0421058697197634,-0.04339322201202685
0.1293143583294874,0.18407905546064413,0.36561350129555725,0.4530043920451117,0.3095219582485145,0.3231472515013176,0.37760368654007814,0.2411114102080938,0.25722615109113356,0.26132499580279656,0.3296568823607155,0.6965844552470801,0.1707166145955782,0.23158658157890308,0.3159116202691645,0.29676039196272114,0.27789931834327924,0.21247771286701497,0.1330924486325383,0.27350144404879034,0.23175866949873114,0.1788603707229191,0.12109855650866579,0.17245109443818818,0.1861319073074135,0.3747868233625257,0.2774221405165336,0.12904675015444372,0.19261687769914745,-0.08444483045199044,0.22887453953523743,0.2550522670116881,0.17086499808362335,0.2935046986192737,0.04111120786794532,0.19616336615836158,0.21782186909700849,0.16943885301439301,0.17392997357101317,0.06979036270960151,0.1916611547113173,0.2694636112067292,0.18722814992847536,0.02207731233572873,0.0821699985852963,0.22319424838889768,0.06167397205526053,0.12418778222749226,0.4485896754317886,-0.015679349026521242,-0.07096827995572426,0.11875929066762142,-0.08484760213551981,-0.029609838711234897,-0.016442892219567937,0.08222554790965969,0.06138746642860405,0.028056162401193623,-0.20538675151839045
0.05434058770654536,0.11520943850873347,0.209160787399579,0.23142967538336914,0.20671619756313017,0.1781087960845429,0.14414757328955075,0.1721250796018791,0.09444848237258822,0.1694725279752952,0.19970568498324837,0.1707166145955782,0.44770690970095783,0.12402247830881692,0.08592100389558413,0.14608593380644186,0.18912015036407137,0.19164914147861734,0.17063502958552854,0.12538663058363736,0.1773729856284125,0.3238207297007818,0.14065283932624092,0.14570994016858194,0.16571263519895926,0.18421111919102223,0.16826249636066035,0.15230769044879192,0.2816894831558203,0.05092605241795428,0.15280062733759106,0.14694385101522156,0.13476445812226015,0.18459611496147202,0.16166699558181918,0.13738888623735332,0.18472800871180164,0.08803867999502314,0.1630166003084282,0.10212409688615184,0.19347649525484548,0.16640812478420966,0.18508691934908914,0.043906616111731564,0.09669789470967702,0.2630693379249829,0.1344626466279474,0.11326922101534925,0.12515043805381265,0.13397277781530195,-0.008193167229132329,-0.0746622918246671,-0.056718705167620946,-0.0371097498144404,-0.03262221054908433,-0.04305817288242876,0.07921953317126436,0.007244121192383145,-0.0847660786284727
0.15850793135365732,0.1456359176449695,0.1751237250493817,0.49052174206602406,0.2941822479397821,0.3350780603111031,0.17995245668654092,0.30802051262446184,0.19394783741009564,0.22217541918827885,0.21506971529201135,0.23158658157890308,0.12402247830881692,0.5875066679625603,0.289987479495374,0.36204862270923516,0.2418528650870067,0.15797758561273492,0.1506109192629943,0.3443199666262837,0.17055366491433682,0.13254064029905452,0.20636680939677854,0.33379954422208613,0.3258532847756103,0.2595496677980864,0.22829726260221203,0.21814617333973027,0.3258844188294242,0.17443441556327652,0.21642719371996802,0.48204700849431553,0.21976536066480706,0.2641689661862432,0.2201235893805648,0.14328303321805463,0.35749807097629593,0.19497221497950104,0.18483669422445642,0.14421800678236008,0.31308345700919277,0.32334659441002883,0.3343782428137741,0.059016653473689056,0.10802317648501993,0.29625245003406664,0.2163518656021125,0.23372091172198511,0.4098485807275114,-0.021236503663051028,-0.12954621872887195,0.06353604915726943,0.026747609815152656,0.028593930970033443,-0.07583242687092238,-0.04178489341397824,0.030155686020301397,0.058588014486693867,0.04688499826107904
0.11705695420239123,0.25631949852869745,0.431639514068604,0.43107433574354453,0.4776783785131412,0.3059107643436171,0.22567739509911067,0.307213547802171,0.15005684654136267,0.33422863794641505,0.29301230030207315,0.3159116202691645,0.08592100389558413,0.289987479495374,1.1288586667213663,0.238258569511542,0.1968681243001995,0.2897092348760252,0.16528092312903714,0.3629282606013613,0.26312296068679886,0.06861844945057105,0.16171886330732146,0.24661305843282624,0.33248127512740555,0.28626608323202574,0.227677832402662,0.24873010398526585,0.31444059220950366,0.1324496492610393,0.25365708156815964,0.28313158775191266,0.20950396762964882,0.34526356489531607,0.2650798172678352,0.21062291540558525,0.3818495674567033,0.18114043531447133,0.19932873410207586,0.10671915599860303,0.3489353632651345,0.2716653424101347,0.3067290070700385,0.04944221046549984,0.1846390996775483,0.38270384118982675,0.2016113299923803,0.19375429484390833,0.13850082410096656,-0.01693223695165166,-0.08643253335536023,0.070217074694241,-0.0007914885121932533,0.0053990908755171705,0.08050571293636938,0.07123225569501565,-0.01562105072262323,-0.060740091230723124,0.04323962095580717
0.13033696825369476,0.2026877563952487,0.26435929340828096,0.4131719025608398,0.2997230102572442,0.3287159602648044,0.24204567984371522,0.3103286995214637,0.19759661152293123,0.21737387449088036,0.2690293382576213,0.29676039196272114,0.14608593380644186,0.36204862270923516,0.238258569511542,0.7890810831226596,0.3280681181410779,0.21779340556723778,0.2056289228532908,0.31655280688321347,0.2467757292365158,0.1809294621832385,0.15685529413775412,0.24487953831399314,0.30534856246844044,0.26987584295701766,0.297293594305663,0.2620077914927843,0.3906831079409336,0.06877455340771743,0.2317366743680177,0.32646326292060235,0.15171809202448153,0.24471339921565444,0.36205466919712487,0.15294366402660817,0.34934180761090045,0.17227812034351203,0.23312879014485213,0.20448934675509595,0.3174771873594023,0.40756367330506843,0.3391687832180815,0.043599837849548004,0.18236917204348232,0.27839318226833704,0.19639862831093804,0.21916544296511029,0.33797950279011674,-0.03523723346605828,-0.1816634067066807,0.103416644107662,0.01875192064333868,0.0083747295857276,-0.03816677520913158,-0.037985247851860575,0.0037006184482158825,0.009912008507705372,0.05618703826162503
0.10753065580671238,0.2285753474753679,0.4339277776341013,0.29573195690406123,0.19409758231921487,0.30787010713348145,0.22520699776810604,0.3294344113701437,0.26051450723988057,0.25582777074348934,0.3294555808705047,0.27789931834327924,0.18912015036407137,0.2418528650870067,0.1968681243001995,0.3280681181410779,0.8154092684471784,0.1493980689334838,0.16340980231081026,0.5278259674001113,0.23397798101745948,0.24068984932375004,0.18279051812317845,0.27058183569533795,0.2920549464563315,0.33701146431072243,0.28177001994582684,0.4220084228535133,0.2888315988408845,-0.022138311282532127,0.2981485734654152,0.2629279235020046,0.3486862811342849,0.3547385644831262,0.3486390308152373,0.13886224252689047,0.6248940834056897,0.29391905151428005,0.26551308858556205,0.16633332568587222,0.38036407736572164,0.5158865502033371,0.34308332374128075,0.03042285076463698,0.34654510842482356,0.3370280901162041,0.14535246523370865,0.3251756151054423,0.39082264429599267,0.23935524741706632,-0.08439660001126954,0.061330814491825814,-0.1494410419483058,-0.08436651747585293,-0.13870715187727659,0.07473547631119136,0.00484843878609679,-0.017951624653202238,-0.09056963066000463
0.08587976696687241,0.34631416409651805,0.3574514920253928,0.31164606671229045,0.2861334250452198,0.32802926969797336,0.16917306934904452,0.2721297035774956,0.138778965471027,0.23398009014525195,0.24361436725421584,0.21247771286701497,0.19164914147861734,0.15797758561273492,0.2897092348760252,0.21779340556723778,0.1493980689334838,1.0507445193408256,0.21718522649670616,0.07776764411212093,0.42918369921682187,0.3464496506566653,0.5209223953217108,0.17065945819406242,0.35157455251527553,0.3164828987186488,0.17330034884907003,0.24597248800301594,0.4131675581289584,0.028887148794848907,0.33189767088321587,0.17253437781778277,0.21389993295853404,0.33210289366738677,0.23468702281203513,0.28514996224658246,0.4726892579044137,0.0857638249652925,0.206704433343721,0.24715319868572005,0.45230904367142083,0.21735785444873815,0.3054614330706517,0.01079259112303333,0.24898556486061013,0.5007528886529471,0.5244544853067642,0.22746192511913257,-0.1696573583681853,0.19521779771732994,0.3392671438416583,-0.31695493911594885,-0.1595033714701106,-0.13919426068769486,0.053517479420141505,-0.06265491099184305,0.1268088668105742,0.09748233425443346,-0.11634527083692763
0.06384541199477071,0.03030781147920162,0.3225508068007273,0.07193191864766077,0.0909844899722567,0.25197974425431335,0.10051618923769569,0.2280175225800005,0.1785345905422642,0.18125455405386215,0.08797332410181069,0.1330924486325383,0.17063502958552854,0.1506109192629943,0.16528092312903714,0.2056289228532908,0.16340980231081026,0.21718522649670616,0.9629478944843802,0.008020699865309452,0.2624880010688238,0.3069917791038343,-0.0716044763131055,0.17609911587370045,0.2524611830442293,0.029559786571366563,0.12356397424386875,0.16236808541972036,0.19533610918213704,0.2609984803247794,0.24937681403705297,0.1641020567617959,0.28446683585292015,0.16991361228809312,0.08024354109171111,0.15297280657525997,0.40149044975863823,0.09714472102812367,0.290124564348016,0.004198390607271617,0.30367592291875556,0.13249250190414097,0.2484527591701896,0.05016173372163805,0.2654302965071695,0.34377173181166043,0.2195099099145948,0.23057529122341525,-0.19370836996208213,0.17458229191923838,-0.11140202708620678,-0.09399407588755541,0.03205249048194699,-0.07178603160431837,0.0856333296610368,0.019654420100011893,0.11564557793407325,-0.08730135613076984,-0.11489043924968122
0.1300189552708158,0.35139535168231995,0.34723718706940554,0.36990946778217537,0.24916580044017822,0.41051671196708345,0.20425705563742932,0.39447124023762964,0.19153941121868007,0.2205512364446469,0.3741626718339581,0.27350144404879034,0.12538663058363736,0.3443199666262837,0.3629282606013613,0.31655280688321347,0.5278259674001113,0.07776764411212093,0.008020699865309452,1.236023744560564,0.031567575814229865,0.03520135836269895,0.21184066005785093,0.4284326000053421,0.3787222853941252,0.3643436924517437,0.3860499986615632,0.36523843232431813,0.3779504230768931,0.25351771531050044,0.37332300112246625,0.386019551959842,0.41640769018561963,0.4531038186751755,0.3089603517233712,0.19398260929893588,0.9657089732272425,0.5608055395548952,0.3520797465303303,0.24878807054880578,0.40911036205200574,0.629109779643861,0.4489606177747417,0.03475889361240529,0.2645379827841785,0.5118637478597093,0.20508808551248003,0.5632398653466251,0.9011290740623455,0.08981915504800514,-0.26800540815610263,0.1984952697408132,0.04891145988384094,-0.08345635292095697,-0.04707667086411429,-0.006912365021262487,-0.012249872297828547,-0.02604532764126157,0.11921824519950912
0.10115708341127973,0.4178238321651176,0.3562903173368251,0.2473699721928273,0.18789853427914774,0.3927364642657417,0.21064657533833844,0.22327119060593187,0.29148693971659995,0.1542265086213538,0.2649894864904361,0.23175866949873114,0.1773729856284125,0.17055366491433682,0.26312296068679886,0.2467757292365158,0.23397798101745948,0.42918369921682187,0.2624880010688238,0.031567575814229865,1.0394270354577784,0.2671130247702662,0.1783591093410632,0.010912769298582906,0.20760751377106426,0.3146879712780814,0.13742842480100015,0.24098938564050407,0.35315735928628084,-0.11021177766852411,0.20900092687543603,0.12254657534144833,0.0227707301242865,0.20987955837247332,0.41003264780025966,0.19610958935878212,0.1250054467544963,0.0848115097397969,0.1844704694991404,0.28289389637160023,0.5975773989880749,0.21369074602386312,0.1785590771940037,0.03469288580403766,0.24021156705383817,0.31845931510355246,0.17121999079692032,0.15060471536761785,0.011772126575120999,0.022890880367028965,0.07377188597329686,-0.07323785645012448,-0.05480573622223863,-0.013244326048756395,-0.06968860528319544,-0.032284642187013365,-0.031503274814253975,0.12082542342451613,-0.00012851735946180172
0.06636446811198804,0.19586136372906038,0.348454753446274,0.2314281092717501,0.15070148696430963,0.3270732826091902,0.19717999338640538,0.25093617072690844,0.15694841683306524,0.23106692450077004,0.21501730986908757,0.1788603707229191,0.3238207297007818,0.13254064029905452,0.06861844945057105,0.1809294621832385,0.24068984932375004,0.3464496506566653,0.3069917791038343,0.03520135836269895,0.2671130247702662,1.7743748316607495,0.36827966083649,0.17625708214309405,0.09130161094588676,0.21541961628996992,0.18743396695315778,0.17009549908678198,0.36349077340476593,-0.07930459885181781,0.18267769619213822,0.21796140386569782,0.19144727052567817,0.4582424539335369,0.13283884660185266,-0.013252422899646666,0.27241986178212757,0.08871794481351422,0.2757067982205818,0.0625140913370055,0.19525891958058267,0.19625884540622776,0.4829174755400428,0.10685834687310869,0.058353090328307836,0.31445679606844357,0.17093251522547517,0.33572392261339057,0.14344413559780864,0.1665405780403657,-0.011953430552128832,-0.11209874215320428,-0.12495789389799744,-0.13416011644432177,-0.0804628253541873,-0.023292372418721757,-0.016877955730483358,0.0736868939226849,-0.01523189453863251
0.0956192069371301,0.19312543093500253,0.19235966583765998,0.31644824240668296,0.27268966834648034,0.2464292985313582,0.13321330951421909,0.18119396876257785,0.0998335548462251,0.22896199727747046,0.18274577016054766,0.12109855650866579,0.14065283932624092,0.20636680939677854,0.16171886330732146,0.15685529413775412,0.18279051812317845,0.5209223953217108,-0.0716044763131055,0.21184066005785093,0.1783591093410632,0.36827966083649,1.6180660985521542,0.4875537865533819,0.41135227999518564,0.0822369236438922,0.11518682077869878,0.3016217290503381,0.4270712941198468,0.1683287634858431,0.13492888660569308,0.19227027349532833,0.5670455306211676,0.5928635531413132,0.12259883378493562,-0.013897717663262284,0.6864201933918683,0.06934880383276898,0.4018240515361683,0.22906255889525307,0.32673875270830566,0.274720830386366,0.40268263718342606,0.06441731828404426,0.05173889762762247,0.5200905436972728,0.39838549846139176,0.772549657050054,0.4039841509733529,0.2351452872886724,-0.06133149173925582,-0.07062955183744953,0.03582618931474475,-0.10053355053779146,-0.0017713833435823677,-0.04175825230131728,-0.04553674636065261,0.05629453569358211,0.1585776712582789
0.10777822827442216,0.07242106557451376,0.23843126382278795,0.40415386203258097,0.20119289901988377,0.2788091168957023,0.18313908275277457,0.2237080983667854,0.1903465699085437,0.21960365067100418,0.1845019286266991,0.17245109443818818,0.14570994016858194,0.33379954422208613,0.24661305843282624,0.24487953831399314,0.27058183569533795,0.17065945819406242,0.17609911587370045,0.4284326000053421,0.010912769298582906,0.17625708214309405,0.4875537865533819,0.9249642927659658,0.30558086942842566,0.12459917474798726,0.21759280639698375,0.33208713196340406,0.29190394059249386,0.5243702878522928,0.3317570475066661,0.4378567104708668,0.7021156719357761,0.44623035779651793,0.02157734434850002,0.26014244833133693,0.636152272092182,0.2445152228220426,0.28330168020528773,0.022576016475529884,0.3295092492929852,0.3435844836109902,0.46567698232528654,0.06595917207834452,0.12732857534952108,0.4279891613672235,0.3555555602897224,0.16581847492335466,0.5675884547920047,0.13698656853657198,-0.2720414835714296,0.17244779604561963,0.03593948240362488,-0.0760702770872972,0.06304249636037562,-0.020697640127390605,0.12282078958727133,-0.12708735777639746,0.048585555391742974
0.10138760788853596,0.24127547267256114,0.2968310117138616,0.35498405027228747,0.13976786178546124,0.34313781425441225,0.15747424719690467,0.28772916243976293,0.11305293389052051,0.23704068068692982,0.20521138922802848,0.1861319073074135,0.16571263519895926,0.3258532847756103,0.33248127512740555,0.30534856246844044,0.2920549464563315,0.35157455251527553,0.2524611830442293,0.3787222853941252,0.20760751377106426,0.09130161094588676,0.41135227999518564,0.30558086942842566,1.513073500858312,0.18891546464272124,0.25360081876736057,0.2932963581799469,0.9233672437675858,0.3514251291744148,0.28470838965859246,0.3185589166015131,0.2562424468330962,0.5765757154900826,0.3880261721322084,0.2583080318090656,0.45490921826898667,0.2439286990112805,0.3220022381473909,0.15491040293539282,0.2968477998059601,0.3461114273318664,0.405321885140624,0.09848935345906039,0.39804637387771963,0.5301026252972229,0.4141370656641514,-0.031482430704519324,-0.3123191878767485,-0.08489393620819868,-0.05696093452113692,0.07646982749338813,0.06189706572517558,-0.026465879646069213,0.05050966675819534,-0.027364345679868212,0.01855696852695974,-0.05135432347183337,0.1454886878195874
0.1257923468937579,0.3102099863162527,0.3688795346158987,0.39307801798070274,0.26088951460177195,0.3729930118500723,0.2891444336324816,0.355741412721872,0.3581397631837826,0.23335041412347465,0.338795498583819,0.3747868233625257,0.18421111919102223,0.2595496677980864,0.28626608323202574,0.26987584295701766,0.33701146431072243,0.3164828987186488,0.029559786571366563,0.3643436924517437,0.3146879712780814,0.21541961628996992,0.0822369236438922,0.12459917474798726,0.18891546464272124,1.3426071725864583,0.2356533332898118,0.2661421185867928,0.09784068662781209,-0.08384978428501133,0.24601405127460851,0.26342306793687664,0.18176534830948865,0.4192279415506624,0.1725929396596823,0.11476226082992026,0.3071472030035108,0.23987179265621117,-0.2693525574685495,0.06735668874899027,0.18201446369750388,0.35680569720290195,0.19090947253526974,-0.06750697508697362,-0.03891069047317751,0.22176261050737334,0.13141193030962656,0.33161998945441507,0.7354509322297172,0.14153922697334761,-0.056789789282586094,0.13227612940048986,-0.3072045478763556,-0.02703322561369575,-0.053892962478295246,-0.02129734238710479,0.007659584693952917,0.14639532503585326,-0.14221637821056146
0.09266190877364282,0.15785041649991635,0.2482844287123317,0.30350261379205984,0.17583041473505356,0.2575204566616563,0.19511052884516472,0.24094255762852707,0.16458748269830567,0.18575079534985278,0.2414081815986933,0.2774221405165336,0.16826249636066035,0.22829726260221203,0.227677832402662,0.297293594305663,0.28177001994582684,0.17330034884907003,0.12356397424386875,0.3860499986615632,0.13742842480100015,0.18743396695315778,0.11518682077869878,0.21759280639698375,0.25360081876736057,0.2356533332898118,0.536491864943503,0.2348944668741559,0.27609148190591054,0.08445827499215611,0.25294486211191597,0.30919523605567745,0.22577629578591368,0.2559171866229711,0.2064177896083361,0.2899736525156759,0.34901737373995734,0.20466565014300483,0.19364681867284747,0.1254529485893614,0.2269458767101043,0.3136950214970383,0.31266562200532233,0.04992595377542907,0.10406745864307726,0.27133112554604344,0.14036519656530388,0.12232646301121294,0.4305689363743417,0.018375810987176625,-0.15863466261644493,0.12168002883227579,-0.03737283469379769,0.0016414143058705384,0.0009696032649012617,-0.00276924369163,0.05036380143106845,-0.043142497392727575,0.001967137879135869
0.07368252065373303,0.15547377723284464,0.2632653447068897,0.320065058780888,0.12333542863675687,0.2125715299076503,0.1573842429382142,0.15750673833797474,0.19061940378026532,0.17542096971453688,0.1924603137860694,0.12904675015444372,0.15230769044879192,0.21814617333973027,0.24873010398526585,0.2620077914927843,0.4220084228535133,0.24597248800301594,0.16236808541972036,0.36523843232431813,0.24098938564050407,0.17009549908678198,0.3016217290503381,0.33208713196340406,0.2932963581799469,0.2661421185867928,0.2348944668741559,1.182655691904205,0.195415619876508,0.14040773427306935,0.2834872652695286,0.19836231859121228,0.624029060714265,0.3343182117627014,1.1220895386478973,0.06614232201042035,0.7304328339222255,0.20257630242707092,0.11203378871970542,0.3406462586797977,0.44642856202158443,0.29040636118842944,0.5041825147569764,0.05639288413986678,0.404204480347327,0.4540066063933757,0.25133239346371034,0.5369486675061128,0.1565444719829223,0.2102296099301676,-0.2456732613531579,0.4252554207734688,-0.44400459847020807,0.11523139630006046,0.2825828530545734,-0.07976750965470923,0.026386814225101855,-0.3439063340514117,0.4309764246349563
0.09741913445818579,0.48179428104930194,0.3831535133689571,0.3812019006112338,0.23218174994168542,0.4004432917180505,0.18450248934878424,0.3384823885931437,0.15992621569628832,0.29571890642936904,0.2959145469715144,0.19261687769914745,0.2816894831558203,0.3258844188294242,0.31444059220950366,0.3906831079409336,0.2888315988408845,0.4131675581289584,0.19533610918213704,0.3779504230768931,0.35315735928628084,0.36349077340476593,0.4270712941198468,0.29190394059249386,0.9233672437675858,0.09784068662781209,0.27609148190591054,0.195415619876508,2.386731010332802,-0.04614567071206704,0.08871677118886315,0.40976163099720736,0.014071861684030447,0.5913017280231181,0.3950224760854157,0.2586639758538074,-0.1290770638963717,0.14393628191928934,0.45115622923337406,0.2951217817125372,0.42127557204799176,0.3578832575007986,0.348040240401899,0.01380567287668735,0.19188817911161876,0.46444626927805094,0.2229980126824851,-0.0936445195479834,0.5924147014085093,0.04669939460254085,-0.17093194236862702,0.07694457123666461,-0.057021916903269694,-0.0014980627878743396,-0.1749403428635244,-0.023026776985340554,-0.17059383851363605,0.13870296611309546,0.3764278008490708
0.06982251392407827,-0.2703862730167189,-0.5415162362067353,0.13468688881689478,-0.12279165099084072,0.08500871552161295,0.060446111965145724,0.1268111085777733,-0.042835092578102266,0.03769734402656696,-0.021912161165824694,-0.08444483045199044,0.05092605241795428,0.17443441556327652,0.1324496492610393,0.06877455340771743,-0.022138311282532127,0.028887148794848907,0.2609984803247794,0.25351771531050044,-0.11021177766852411,-0.07930459885181781,0.1683287634858431,0.5243702878522928,0.3514251291744148,-0.08384978428501133,0.08445827499215611,0.14040773427306935,-0.04614567071206704,2.65394010510997,0.39463211822648286,0.19418010896722004,0.578671070045039,-0.14941665540110546,-0.08393568097140211,0.6141125848503315,0.740684284866694,0.16895666713361146,0.47851528144195477,-0.09856470340230533,0.2674693780505051,0.05284985853111321,0.22816300744616924,0.09843767356186733,0.11680292185602975,0.3312611568709682,1.2004596297010444,-0.536734655288215,-0.40222341102495845,0.062097372859329855,-0.484091759156106,-0.07014821534980378,0.2672627278564539,-0.06172053438402193,0.26257308313649746,-0.10300829508711279,0.17074382705115917,0.03667396179195654,-0.29795033664985676
0.09798956498330925,0.1571506508134928,0.35378144207379525,0.2821759417235424,0.18581531613913854,0.27271258067688986,0.18899785814252754,0.2509894008137357,0.1984119177713274,0.19488570491903476,0.23476253291559004,0.22887453953523743,0.15280062733759106,0.21642719371996802,0.25365708156815964,0.2317366743680177,0.2981485734654152,0.33189767088321587,0.24937681403705297,0.37332300112246625,0.20900092687543603,0.18267769619213822,0.13492888660569308,0.3317570475066661,0.28470838965859246,0.24601405127460851,0.25294486211191597,0.2834872652695286,0.08871677118886315,0.39463211822648286,0.9016120234355969,0.26936707168003016,0.3894844058138751,0.22362225974715638,0.19386018136661243,0.6188173707555428,0.7880736940760456,0.30703602047528755,0.2782923266625595,0.10694187732013348,0.4978445520971609,0.32348647771281724,0.31081373140434604,0.05092709435013323,0.38972469445355595,0.5569692798923437,0.39606963553430313,-7.682273518697708e-5,-0.22415103946177112,0.19255159412306191,-0.11307220784513144,0.007024312366770989,-0.013775720497576633,-0.1325281218728235,0.10426077233923596,-0.0006085792287719254,0.1848993058564237,-0.15300933168991393,-0.09789930389778129
0.13284256649278597,0.14124969528308912,0.21780123690025066,0.4763661929011217,0.2733516236328814,0.3203481903044856,0.20097284278290117,0.25895777822311333,0.19638866716806275,0.2213280103598011,0.20874313582680518,0.2550522670116881,0.14694385101522156,0.48204700849431553,0.28313158775191266,0.32646326292060235,0.2629279235020046,0.17253437781778277,0.1641020567617959,0.386019551959842,0.12254657534144833,0.21796140386569782,0.19227027349532833,0.4378567104708668,0.3185589166015131,0.26342306793687664,0.30919523605567745,0.19836231859121228,0.40976163099720736,0.19418010896722004,0.26936707168003016,0.9940445760961477,0.21564483476332616,0.31302078370859066,0.08928222922085713,0.23209732117812049,0.3015371312162125,0.23111315697116397,0.1864412086057816,0.0884539425701535,0.2673156757849308,0.3697376652103637,0.3858456510700941,0.0566377248229147,0.15286325297294925,0.32282074410865474,0.2002599707937765,0.17963858765291082,0.2881720146759231,0.018853284652873364,-0.09868128641066606,0.18737520585912812,-0.15632790402401017,0.010251571260171103,-0.07492005202446313,-0.013826822777572302,0.06852256151652712,0.030294334714035445,-0.014157711929205079
0.10807781964781452,0.1199482036046831,0.3252152622955333,0.29239031190399056,0.14312131375301648,0.2443811178308425,0.1822956547261062,0.19626844024294102,0.19724786431003832,0.16802891428510225,0.1658322945005528,0.17086499808362335,0.13476445812226015,0.21976536066480706,0.20950396762964882,0.15171809202448153,0.3486862811342849,0.21389993295853404,0.28446683585292015,0.41640769018561963,0.0227707301242865,0.19144727052567817,0.5670455306211676,0.7021156719357761,0.2562424468330962,0.18176534830948865,0.22577629578591368,0.624029060714265,0.014071861684030447,0.578671070045039,0.3894844058138751,0.21564483476332616,2.0493748336730615,0.44582562784753066,-0.679333117335542,0.14160078673248136,1.0361673160883174,0.2817850242340928,0.173096766231363,-0.2815376927015443,0.3496901483548882,0.3612713144298419,0.49962204300090907,0.013487043336831782,-0.007343194163828598,0.45320553513015555,0.4304803712423334,0.11340274035460973,0.8063059032428332,0.403120235452794,-0.37940844029915105,0.19978935166516218,0.0007409740104999687,-0.15697043053007514,0.15128882633347146,-0.07578333808332241,-0.022159435338816015,-0.022970059212762718,0.06020736128029986
0.09161935037549641,0.4439915964986525,0.7104853883231543,0.5023697424654996,0.10525780902262914,0.4080062958230812,0.2426641356472504,0.3626580419997089,0.3218550030275799,0.3339167105445183,0.2666304291616409,0.2935046986192737,0.18459611496147202,0.2641689661862432,0.34526356489531607,0.24471339921565444,0.3547385644831262,0.33210289366738677,0.16991361228809312,0.4531038186751755,0.20987955837247332,0.4582424539335369,0.5928635531413132,0.44623035779651793,0.5765757154900826,0.4192279415506624,0.2559171866229711,0.3343182117627014,0.5913017280231181,-0.14941665540110546,0.22362225974715638,0.31302078370859066,0.44582562784753066,2.7424835455472643,0.15454645707393616,-0.0773073627276162,0.6377492709982799,0.23676368579615253,0.2557738042894961,-0.23518012835320706,0.12736641530895187,0.3040071156185916,0.6662174189156831,0.1524779302310823,0.39809826822833705,0.3435343256082678,0.29451808359089615,0.5647185838508029,0.4524633834288525,0.06270967995504917,0.02749098488735414,0.5101038652268236,-0.22673667277306742,-0.23019902479725038,-0.08601212944384909,0.0510438305959862,-0.4480541936932393,-0.0792478220130295,0.5287622622466527
