1.1838532632752956,0.41755429339697253,0.4127327917656076,0.18473507334434192,0.2811924961390003,0.13710605085436614,0.35168652219759816,0.18614497530452384,0.1399669947738745,0.17452646156498408,0.1724376130454231,0.21360790205790392,0.13402487954349018,0.2456238721285307,0.19081157392748438,0.219620544698357,0.2130806471699853,0.23383184227727621,0.19455537269709355,0.2927425289542282,0.18530517252224962,0.19924200375157708,0.23627063643067633,0.11106584137025392,0.4125363662352829,0.22311189393345437,0.1677172455259847,0.06873447198655121,0.21368261182608367,0.011634244716226406,0.2121644429433619,0.14997155901173725,0.10569657824666977,0.09373802193471244,0.06579531227592118,0.25489604487158485,0.1589771454174075,0.16942268438669278,0.11041441968274422,0.021373691776830836,0.19841147433334888,0.15946948944084507,0.20597098679038922,0.014924603253643498,0.21270066655474018,0.23824077795650203,0.09434539693710674,-0.05388226476270706,-0.18737191892047145,-0.0988966725215822,0.08663835712183827,-0.013539793883393844,-0.0023559266530902554,-0.008822963479210594,0.01870719251544798,0.039032655382243715,-0.10816080571152051,0.16144529009190356,-0.19356681730612557
0.41755429339697253,2.126792927242268,1.2031088742318385,0.3946642765631971,0.27192668727033537,0.20513677171531064,0.5075236816096147,0.27269075575818313,0.2787509322749143,0.270332525732338,0.27915208071399816,0.28503877911171216,0.23773576699973709,0.23682315542347926,0.3714141468144329,0.27381697641724767,0.39632992822601737,0.44852868843420307,0.32054214736989795,0.6694099286766698,0.3150994264610035,0.2895748156647883,-0.029314963026845366,0.16564422394707565,0.63446992968283,0.4526499478791565,0.3503010606588279,0.21692525641093705,0.3435502039069855,-0.12540649825723774,0.335255189585082,0.13417460710348456,0.2722776597149577,0.40058174334048213,0.060042555824209136,0.31997909770740474,0.41265486974725435,0.40624216529060947,-0.01963030696350293,0.0364780602898212,0.31978726606416624,0.30616836222135707,0.3161603388472538,0.07617426237146012,0.3658509714317254,0.4395847305972718,0.1546306419274057,-0.05404870535001467,-0.6129466671596361,-0.11164464995111953,0.18569955821124537,0.045916073243741355,-0.10434090969070534,-0.1612793987160366,-0.38114316856229097,-0.14517292774773724,-0.7108834677009265,0.5098636803375021,0.3965248141313989
0.4127327917656076,1.2031088742318385,2.667523436971943,0.10490513285783554,0.011570825800694717,0.2203609645562902,0.22055368808181675,0.2171839304378873,0.2821538765853691,0.18363054561573106,0.11310728214312897,0.22293443063270002,0.12465541369376418,0.15196106762335804,0.22267831366776525,0.19495061708131542,0.32185578802282594,0.32823309488067365,0.2431713708196288,0.3500453695105359,0.20565935029548296,0.27373282669043497,0.025613840941872523,0.14843808093055458,0.7257044660860748,0.38820143761740483,0.2203480883247921,0.18077736460686075,0.3074491913053175,-0.4655879607622836,0.27467992259076707,0.16733932523931586,0.21473531271722246,0.3280737740624541,0.042287939429175886,0.402806163846575,0.4498553414538734,0.2806354076840266,-0.27283190390321965,-0.44196403627260694,0.09838425884381469,0.1904999731512217,0.2572169885391592,0.1252969649389868,0.45897807522494544,0.8657803447932443,0.009208067928574534,-0.19381684825447634,-1.5238570623932044,-0.28059603166137254,0.3959233608049942,0.07526488707099178,-0.07790096839677643,-0.19777142483102444,0.11584138420028965,0.12878855669586178,-0.13479792354083794,0.07372782114588375,-0.40625674656157473
0.18473507334434192,0.3946642765631971,0.10490513285783554,0.913183243843443,0.5560668194413466,0.39365612943286515,0.3522771487514576,0.3581809050535954,0.219900641291673,0.32330840717197,0.3180755611019653,0.35303751619330265,0.2353816323215494,0.3685018014978738,0.2781346811115543,0.3627405135425015,0.33158783550895876,0.24418663974776555,0.3611020875006304,0.29704017995557097,0.2915260017274179,0.2982763026897727,0.19565361677045565,0.22837688400536388,0.17061906384969408,0.27150828115197523,0.24087357152103395,0.0511559092442376,0.2694684055126276,0.05432258315975358,0.2350164834283856,0.15856818044915275,0.17566256243181286,0.3951127806539252,0.018096786880374218,0.24144203976057207,0.19716482756435386,0.18637931147470257,0.2879230343291637,0.12696082790624427,0.22642238720207833,0.2596879715270502,0.3933893065807686,0.04014927018441691,0.05025494132202856,0.08367179042300263,0.1462231432604886,-0.018738474428343022,0.17349523510890877,0.08277674047121264,-0.18995406256839734,0.009978718113060283,0.03710066147501197,-0.012409092334068892,-0.0821362909731226,-0.06682608993600106,-0.5828042688960677,0.41114239019572224,0.26416784160043344
0.2811924961390003,0.27192668727033537,0.011570825800694717,0.5560668194413466,0.9646388406202787,0.33371573020748996,0.3217388409731114,0.3784745484523289,0.18247629852072525,0.293241039154268,0.3180217334243909,0.3548166767918234,0.24641731758124236,0.3036513766167694,0.23879540929308687,0.32664444456943864,0.2694987342761437,0.23703121670115912,0.43604053834295603,0.2461835696342577,0.2516764425459628,0.2621451604054498,0.178256883276468,0.19067417432079306,0.07169635401939639,0.26450553122100023,0.23286947699135574,0.0034683198532196036,0.2799919587705719,0.004285517136789552,0.215317237058636,0.2460735966087145,0.10003814692635656,0.35164505843140936,0.010977844237952662,0.24035452134959154,0.057969016059426955,0.15840048058784778,0.27298116488308394,0.17804907180014515,0.1737070407915684,0.2147216867310538,0.26828473053013807,0.02482009871957216,0.044138561961477356,0.06247046622716701,0.13531104747016667,-0.023420440946276582,0.2756766939242224,0.0947584343855498,-0.18800546646525057,-0.19946607347264464,0.1419882655105654,0.1562910371272156,-0.1348901100826984,-0.0665254121945611,-0.21306587873690785,0.316232951009773,0.0325669361634891
0.13710605085436614,0.20513677171531064,0.2203609645562902,0.39365612943286515,0.33371573020748996,0.9938768020221822,0.012433526828837735,0.466993291504691,0.3152067388302534,0.37671375418581604,0.42011304244501735,0.3934284356138865,0.22069741535800744,0.345700413619677,0.3627122308522162,0.35217288408276237,0.3839323287314764,0.2795531141071109,0.4944719968140361,0.33914649639744054,0.361418066513888,0.3493565786447614,0.07740782919992015,0.33159399557728875,0.08530137474165048,0.25872269600769876,0.2949498278676163,0.1705405331035494,0.3045780037046034,0.059966822396810594,0.27626281357808324,0.29048546755762517,0.10815708943799036,0.32847174778736227,0.10934896845831087,0.28975737604402624,0.1799717536965123,0.22703839392571348,0.3978445785966399,0.1788936325067891,0.2536773408749009,0.30237233356279486,0.33246321502337894,0.022222521380818507,0.18135512960910757,0.08985864221307821,0.18581843664090417,-0.027471866714545892,0.35845363872989017,0.4571142484586236,-0.507969286249291,0.0753968631538915,-0.20837723779052875,0.11990096148386002,-0.06288425547852576,0.028979627110124265,-0.17364554392218656,0.28740461626236535,-0.16009468608927965
0.35168652219759816,0.5075236816096147,0.22055368808181675,0.3522771487514576,0.3217388409731114,0.012433526828837735,1.0160357787501668,0.09450681986456583,0.18230748305484978,0.055504515333967545,0.19586915910131114,0.26686342308807476,0.188059984336648,0.1445664152510955,0.1620267530929078,0.2132991315493675,0.2696935614739514,0.23341562735127133,0.1999269246214821,0.39923111860421917,0.29774988742863573,0.23070989585129756,0.30060023462930757,0.16292138237976178,0.2906043768003996,0.17999885163106355,0.21826935781686263,0.004786126807593429,0.18387369530378758,0.05555766826998148,0.25293244809779597,0.17545599020864613,0.23655967517760862,0.29963673585341,-0.0846955123083237,0.27567391585857653,0.25516291048575185,0.22451274085978384,0.25023208925360796,0.10798828791630352,0.27114887279686084,0.25871643180433007,0.2638915815422403,0.035125142811813996,0.11881126347956962,0.2309769798747299,0.13272636432236512,-0.022351824703103932,-0.04158079638220335,-0.14330354760756134,0.08012081697033492,0.10018253939706186,0.08877218813433875,-0.17431319157579775,-0.13388388705354706,-0.009238310482965698,-0.18462659144522142,0.2394751803594918,0.016847216142681278
0.18614497530452384,0.27269075575818313,0.2171839304378873,0.3581809050535954,0.3784745484523289,0.466993291504691,0.09450681986456583,0.9221849561500602,0.16885141398709294,0.3592433677871423,0.3662128072961887,0.26839751081013796,0.2412469108403055,0.3043806472481327,0.2090198531890601,0.299499997098607,0.2960323184332724,0.3000950820552804,0.39274929347766085,0.28289925133774824,0.2545669719092353,0.24628631545755075,0.12168182104319557,0.1890812250254595,0.24497305471020447,0.34242131869091635,0.2675863575765437,0.09746957358970802,0.311347813789296,0.1511432883463166,0.2400898438784147,0.2418438136259813,0.19678172974233432,0.33783463115578216,0.16415206726900555,0.24150501681494985,0.2480460947788958,0.18110403489796018,0.2986120897539016,0.16620127892435269,0.22085141666252386,0.23573607893560586,0.3433977259141035,0.07945591667108355,0.11661753822819738,0.2274205346293205,0.23058557039491287,-0.005064660833933136,0.2259504687419643,0.012819092010883625,-0.0701345187813722,0.02567038471805422,0.16024521035562564,-0.10867074688575971,-0.038953868219164633,-0.07127004969141013,-0.13018942114055268,0.33473194255164884,-0.08676873342872239
0.1399669947738745,0.2787509322749143,0.2821538765853691,0.219900641291673,0.18247629852072525,0.3152067388302534,0.18230748305484978,0.16885141398709294,0.8190181308039862,0.2395004464040881,0.2121335642545546,0.21602578240864173,0.14545673620057187,0.2637111391728519,0.24043942998116544,0.24244515459009436,0.2920993687224194,0.238223587234234,0.32990196042363984,0.2678553301042407,0.2686440407690521,0.49976528779702467,0.23802863005672517,0.2405471376306777,0.1964080593641044,0.40307259397554623,0.22730374999804168,0.1349323372416362,0.24257770693809583,0.12993301505827018,0.23217475025427803,0.2500668853240138,0.2758836105760109,0.2495140411945171,0.10905587250848398,0.30900448194061125,0.3274564084113311,0.1718109587166074,0.19375170646543471,0.04669719757459925,0.23144656954516296,0.25587951637754003,0.37528820762569604,0.058816126789866106,0.2237473355537182,0.2408952956458606,0.1859858762059158,-0.07248291756133807,0.2111032368482457,-0.19839540349847262,0.16477715796872575,0.004775599476713162,0.06646367052832541,-0.10203090608559091,-0.057814752635364224,0.14381011792678774,-0.15950751243074238,0.23431314823801708,-0.28212687616871807
0.17452646156498408,0.270332525732338,0.18363054561573106,0.32330840717197,0.293241039154268,0.37671375418581604,0.055504515333967545,0.3592433677871423,0.2395004464040881,0.8861122391958047,0.37487525972552055,0.3653881261819717,0.22758252063909337,0.31767585548102184,0.3304932171318554,0.33277188653036827,0.33978960612301096,0.3602407105747638,0.3617668573418338,0.16356893843983392,0.1944153581412463,0.2932580806827179,0.2518299992761182,0.3450662267229779,0.17403178852689893,0.28835986894262383,0.2666611958965936,0.18547834472128727,0.4156143138010917,0.05301211689583077,0.23100142446702082,0.20778556821118307,0.08273383413109689,0.4679451858677325,0.24288498566347555,0.25716527641162945,0.2601551546072163,0.10219711091419141,0.30851039824058163,0.08391526252941679,0.21125339516354022,0.2037423053487484,0.290600116178413,0.08379205826809374,0.016543523087547828,0.06790620181990142,0.22617568741821958,-0.017190841190303546,0.46624901883112235,0.19822457811914407,-0.11423416086539136,0.13613488881439817,-0.2395148457458767,0.032332559561334816,0.06563862374716689,0.11347590705103446,-0.31208863040132273,-0.10718835075710419,0.26717780164073834
0.1724376130454231,0.27915208071399816,0.11310728214312897,0.3180755611019653,0.3180217334243909,0.42011304244501735,0.19586915910131114,0.3662128072961887,0.2121335642545546,0.37487525972552055,0.590194854969606,0.3865934341260282,0.24904953195693658,0.27949927316080314,0.31280093168995166,0.32571985481325905,0.371629432542177,0.2491123363504329,0.3174760197258425,0.38194262760243786,0.247214809237372,0.2737747610535065,0.19277527884350498,0.25787133578811666,0.15199103073017983,0.26177677518495784,0.31663507634880494,0.0838542056937535,0.3330426651148031,0.08248050159129695,0.2681636032088638,0.24653141490490785,0.12870183952460634,0.3410605576964433,0.1574798368590055,0.2518981218354159,0.15683691084282925,0.22410855170413038,0.34911010864272085,0.19201515194842167,0.22122017575621214,0.22428507261374903,0.2822791900745502,0.03573746795607846,0.09052231639377026,0.15004194615987754,0.18088116924580003,-0.016752713572245056,0.2635746660455822,0.08933683358096678,-0.17269491581428134,-0.04532649146676518,0.08819779131053461,0.024365268698229758,-0.09790656633840082,0.019991836570915713,-0.20618068116588598,0.2368442338006261,-0.04673327074438523
0.21360790205790392,0.28503877911171216,0.22293443063270002,0.35303751619330265,0.3548166767918234,0.3934284356138865,0.26686342308807476,0.26839751081013796,0.21602578240864173,0.3653881261819717,0.3865934341260282,0.7071625776925033,0.24040549654982868,0.30233845631713646,0.2644289760591483,0.3694993247944064,0.33892249095859067,0.15916460650687356,0.35819111814902116,0.3506731069056619,0.2234141610656574,0.29486710553070516,0.17701268352434799,0.2169305181366105,0.1735482157385877,0.2693128022855763,0.33968457464852886,0.11262494755795208,0.26626353035433736,0.003786476960579164,0.2802585933030308,0.29195833188236026,0.11696877027325858,0.32131238237054327,0.10927121900275319,0.2868912876700813,0.06614709723852617,0.21332811308933156,0.3480232144961059,0.1644080006321517,0.14894933155706422,0.20300554875912233,0.3024606760888273,-0.0006843460939569234,0.152939009973621,0.15620384145111552,0.10879810929467365,-0.05751466731268252,0.02880463936499019,-0.28099240392786795,-0.02633386444056592,0.1952224331310984,-0.04528616664194282,0.0380105002574752,-0.08046066562328144,0.08515369682772289,-0.2134535929126963,0.22337635737443404,-0.14843914914839493
0.13402487954349018,0.23773576699973709,0.12465541369376418,0.2353816323215494,0.24641731758124236,0.22069741535800744,0.188059984336648,0.2412469108403055,0.14545673620057187,0.22758252063909337,0.24904953195693658,0.24040549654982868,0.4150655524777162,0.167743378236358,0.12203290443770187,0.21169856152607802,0.209648808659176,0.16307160788828054,0.19999473936276738,0.2083864836968111,0.15910568300881214,0.18892332628953834,0.17585451130094235,0.22001594976033678,0.18372483602793854,0.2341705280650033,0.22947277688118295,0.036329962953452616,0.3155096663511983,0.061771234467231595,0.1650235862142221,0.20776108966156467,0.08894468742669685,0.2797666514509683,0.1315329960311206,0.186098708293598,0.10465666187232633,0.1290962314239794,0.14771269937700676,0.08060481377577676,0.14539714462240055,0.14888334057647687,0.1548022083809593,0.05771034462348093,0.005586487439670844,0.0856510765214587,0.12410392890650328,-0.01221664387806387,0.24838242146955503,0.038299657292415,-0.08123078497071731,-0.07982479393224196,0.10336843588176774,0.0008301952213296671,-0.05376114526075121,-0.025475493446736195,-0.16812968347283774,0.023181787715583147,0.16301477159191138
0.2456238721285307,0.23682315542347926,0.15196106762335804,0.3685018014978738,0.3036513766167694,0.345700413619677,0.1445664152510955,0.3043806472481327,0.2637111391728519,0.31767585548102184,0.27949927316080314,0.30233845631713646,0.167743378236358,0.8800082323050369,0.24878776450182688,0.5428707302930724,0.41680481481321413,0.15706581848710247,0.257590387320777,0.2888586217254337,0.2236369574925223,0.38236828584230714,0.2544986378041174,0.24522957761229794,0.13087134771462144,0.3425721255494046,0.19263938853879314,0.0980366773987751,0.27240204126264006,0.06519445936040033,0.2214624885271317,0.18587072904205912,0.07839316624557718,0.25662233765833636,0.1772426276553661,0.29565099018160457,0.1508100975939835,0.1756278225922394,0.1884007304301027,0.13458093323887738,0.23346637325987749,0.21462826575572724,0.43426625511785955,0.03785135574131029,0.12419475778756117,0.06482464332454192,0.11442798122447048,-0.05304957540534958,0.3168745304115364,0.05125281797770514,-0.07974503204874865,-0.07389680456983305,-0.01709325650821056,0.04519277288163315,-0.10155362218054284,0.07589259854830677,-0.4141814178672246,0.40324369551485334,-0.02567129010469576
0.19081157392748438,0.3714141468144329,0.22267831366776525,0.2781346811115543,0.23879540929308687,0.3627122308522162,0.1620267530929078,0.2090198531890601,0.24043942998116544,0.3304932171318554,0.31280093168995166,0.2644289760591483,0.12203290443770187,0.24878776450182688,0.699675283420503,0.2517280793978018,0.27161887912411886,0.30727934257808553,0.2960329985339562,0.35560997816689044,0.2493791476972594,0.24459236318264493,0.25211109904248674,0.23953142481962353,0.0466990726576891,0.22905999607164437,0.2355487116398819,0.20184879247702842,0.24548430011668523,0.10858229583490121,0.23091116703142936,0.15823977355182428,0.14469260402475514,0.3037662071404316,0.12628010948260415,0.2295173423904474,0.2870171579545154,0.20673087985118344,0.23131682504779746,0.07915780649355997,0.23735044951871553,0.23521176952747377,0.3298730771573996,0.05971477804552545,0.10988953534328125,0.13476633600918195,0.1964875450787284,-0.005488142321755357,0.2527672730361055,0.33820871306297856,-0.3027164529204857,0.3067506301064523,-0.3527921638072969,-0.028527087634714482,-0.06273243352871098,0.08397278044872697,-0.2963981409784386,0.21287361645158315,0.003041529414558592
0.219620544698357,0.27381697641724767,0.19495061708131542,0.3627405135425015,0.32664444456943864,0.35217288408276237,0.2132991315493675,0.299499997098607,0.24244515459009436,0.33277188653036827,0.32571985481325905,0.3694993247944064,0.21169856152607802,0.5428707302930724,0.2517280793978018,0.6008086639597371,0.4482025530158167,0.16757495866510372,0.2935586779151284,0.3114225153393968,0.21658172385350366,0.40541730387617975,0.228025435709927,0.2401890887623586,0.16522036281392588,0.29775249125597597,0.27895560751165344,0.09278271193179849,0.304816941487976,0.05542682445460304,0.24149702873319306,0.23856542442161904,0.10700705480126434,0.318381248630891,0.182067406394932,0.2837525601904412,0.1524197503608882,0.1958850368618599,0.259177791236894,0.15300646615736538,0.18375328989210493,0.208221546794058,0.42253771818803715,0.0314126277577262,0.10980910274754621,0.12339312520625818,0.1342756741173474,-0.06531344357272076,0.24857821456540866,-0.06575009125537443,-0.09149608580969543,-0.024182352214353515,0.04559736865007075,0.031701470490658704,-0.06832348678486834,0.05882971464999199,-0.3538228608976438,0.3608043411573158,-0.06932993194495878
0.2130806471699853,0.39632992822601737,0.32185578802282594,0.33158783550895876,0.2694987342761437,0.3839323287314764,0.2696935614739514,0.2960323184332724,0.2920993687224194,0.33978960612301096,0.371629432542177,0.33892249095859067,0.209648808659176,0.41680481481321413,0.27161887912411886,0.4482025530158167,0.9575102039509318,0.17223144294133677,0.3254709008479907,0.5553890405783529,0.2882146363223409,0.39690894914258706,0.25549558947705653,0.24247214061976094,0.5989590964398567,0.18073042131042202,0.35087527299258964,0.12746647020441051,0.3177334626964308,0.06014732273331562,0.38288840608555574,0.2214584675121394,0.20782888980442563,0.32669713429058383,0.15005808806842766,0.3651514422526297,0.3334844435077168,0.31329987573032575,0.4733044608155228,0.20505009939588814,0.29695708818993505,0.26726357419279234,0.4060348941538926,0.03748542726694594,0.2557037546333577,0.3053674910908251,0.1416999922793657,-0.07287535880916633,-0.1436832215295322,0.12360924413006713,-0.05235456729588516,-0.028428179248736737,0.057066510367948096,-0.01908325696066898,-0.06347119805485031,0.008727493705340275,-0.31801546688966653,0.2709650456090184,-0.04000115935280096
0.23383184227727621,0.44852868843420307,0.32823309488067365,0.24418663974776555,0.23703121670115912,0.2795531141071109,0.23341562735127133,0.3000950820552804,0.238223587234234,0.3602407105747638,0.2491123363504329,0.15916460650687356,0.16307160788828054,0.15706581848710247,0.30727934257808553,0.16757495866510372,0.17223144294133677,0.8938146927903394,0.34183421138543624,0.10880392061595012,0.29420119041166376,0.21256565891085105,0.21728615921269157,0.33080366643494846,0.3060932639466006,0.4122136928350306,0.15688619348714905,0.18644318912212443,0.36457585835468354,-0.02583934064359986,0.17917427056111768,0.20590400608078255,0.06927835251982618,0.3926748429651984,0.1877791315114161,0.21499423071030693,0.3040337288012373,0.06727680761123142,0.022550348151981793,0.02435430613974816,0.1953808384339548,0.2598053134804989,0.2704249167681418,0.06170332933730157,0.20641320119113496,0.13181896518128222,0.3642636023226633,0.007111274402623089,0.47844690136576823,0.33382984757395023,0.10272702988596678,0.06967460080181483,-0.3266163020050147,-0.09938451929884402,-0.0031111199952578985,0.07723839024861469,-0.07257915008611777,0.19805280733309952,-0.21373017644905792
0.19455537269709355,0.32054214736989795,0.2431713708196288,0.3611020875006304,0.43604053834295603,0.4944719968140361,0.1999269246214821,0.39274929347766085,0.32990196042363984,0.3617668573418338,0.3174760197258425,0.35819111814902116,0.19999473936276738,0.257590387320777,0.2960329985339562,0.2935586779151284,0.3254709008479907,0.34183421138543624,0.9991471117868529,0.32564319865194424,0.3430909033186453,0.3367669420465114,0.023269179560139238,0.24124740027039035,0.4055330914171554,0.2589534683396555,0.2534538135523824,0.28040569683580996,0.2745667744177148,0.11162621950206396,0.28692118276734674,0.2688302479839891,0.23067461596956096,0.2984923881147961,0.11710274297936552,0.2766372079062472,0.31266916509071535,0.18305077102358303,0.2976585259317882,0.1608211961966947,0.2940123491584283,0.2937143239530838,0.3586120498931885,0.0423458939344811,0.26528752080856793,0.30992899393238543,0.2252666202877578,-0.031881806275425854,-0.018454668583637257,-0.23323064666940324,0.32348947888196905,0.3358947539853695,-0.2894830115592396,-0.08138809432804914,-0.08686451392473886,0.03284046300574093,-0.13146337467784092,0.3059945499795184,-0.1910985919236035
0.2927425289542282,0.6694099286766698,0.3500453695105359,0.29704017995557097,0.2461835696342577,0.33914649639744054,0.39923111860421917,0.28289925133774824,0.2678553301042407,0.16356893843983392,0.38194262760243786,0.3506731069056619,0.2083864836968111,0.2888586217254337,0.35560997816689044,0.3114225153393968,0.5553890405783529,0.10880392061595012,0.32564319865194424,1.5757115953720913,-0.012361212094072191,0.2914902771427224,0.4386164620800757,0.1408638402939627,0.26480740788815954,0.4855856595367809,0.45982230069474533,0.06915107413149532,0.3535025352711909,0.08879956495800027,0.4418428269700742,0.25860038170902877,0.17248760740148872,0.18660045886969465,-0.004806319967958482,0.4131127547442912,0.26214960472733734,0.7665250262308952,0.21765246245313036,0.2599761461230399,0.440553888421481,0.06989730291316683,0.4120287918724238,-0.09483786006792576,0.26854636789978586,0.4072125064656311,0.13085911785086743,-0.0510851074631985,-0.07725196040403462,-0.12470600474902416,-0.03701263558696885,0.19378046662615292,-0.014413685855581157,-0.11829915561254838,-0.21679826152775322,-0.04664808635317244,-0.1982442825821667,0.44005454186287024,-0.1724947833902033
0.18530517252224962,0.3150994264610035,0.20565935029548296,0.2915260017274179,0.2516764425459628,0.361418066513888,0.29774988742863573,0.2545669719092353,0.2686440407690521,0.1944153581412463,0.247214809237372,0.2234141610656574,0.15910568300881214,0.2236369574925223,0.2493791476972594,0.21658172385350366,0.2882146363223409,0.29420119041166376,0.3430909033186453,-0.012361212094072191,0.891821099677682,0.22520827077128952,0.11911346471154394,0.06366634721089116,0.2501670865076624,0.009304963727362921,0.14211582935616213,0.2756753810618835,0.18085484296931353,0.256033651232912,0.2777089721408645,0.17896950946587314,0.2862823245929259,0.2534635288580893,0.2583135118196677,0.277946013953688,0.5435456664528189,0.07139155209057887,0.47587864095322585,0.17403010796347,0.415147124592096,0.6833991106473228,0.27150100866693155,0.1262930730741826,0.6330193090027576,0.13234325453867815,0.23865911054559705,0.04499092468959253,-0.13722941270996142,0.10059487230830431,-0.0005612737119081669,0.14333915553035725,-0.13496690361965968,-0.049274265122106954,-0.07097752277644624,0.0036241609690390174,-0.23788100300774323,0.19014737694638364,-0.02480620014265941
0.19924200375157708,0.2895748156647883,0.27373282669043497,0.2982763026897727,0.2621451604054498,0.3493565786447614,0.23070989585129756,0.24628631545755075,0.49976528779702467,0.2932580806827179,0.2737747610535065,0.29486710553070516,0.18892332628953834,0.38236828584230714,0.24459236318264493,0.40541730387617975,0.39690894914258706,0.21256565891085105,0.3367669420465114,0.2914902771427224,0.22520827077128952,0.6763567923149499,0.2435253320363221,0.23144610313221958,0.19337595616500747,0.363494528234871,0.26819932560643694,0.11468036057186483,0.2841331974743905,0.09274273424383832,0.23713506802395637,0.28610171517672234,0.22310731903758615,0.3172673781085657,0.1359022497216319,0.3270975473967382,0.23994146727584145,0.19081636142135372,0.21530842768704922,0.07992525668060539,0.18651250416673226,0.22683784867508022,0.4637048936069849,0.06567100996497811,0.09669374146304381,0.22741781224627178,0.1732769164004483,-0.11991786251037996,0.3278993290905757,-0.14183445474390385,0.03987363660954585,-0.04212732792957844,0.06331970931836504,-0.04965549952971707,-0.05054889258889998,0.09287849607623899,-0.2465820816269298,0.3048143357419157,-0.18517559978566286
0.23627063643067633,-0.029314963026845366,0.025613840941872523,0.19565361677045565,0.178256883276468,0.07740782919992015,0.30060023462930757,0.12168182104319557,0.23802863005672517,0.2518299992761182,0.19277527884350498,0.17701268352434799,0.17585451130094235,0.2544986378041174,0.25211109904248674,0.228025435709927,0.25549558947705653,0.21728615921269157,0.023269179560139238,0.4386164620800757,0.11911346471154394,0.2435253320363221,1.717813485665722,0.2407752309483542,0.03723309077020634,0.17321223131916094,0.14359655138969388,-0.36467928546591594,0.4655126092504866,0.14680663313445824,0.2621330747832884,0.13630721129230633,-0.03283615063587123,0.3067449487230017,-0.07859041836670534,0.5129186646017311,-0.02000699969127772,0.20938432797287193,0.21904985791487033,-0.01911092305048898,0.32003567940478556,0.10665366901347409,0.23810672450779385,0.17231552334815115,-0.28511041928569597,0.18558953757571844,0.10705077678119553,-0.06545074537554729,0.4605126411764904,0.14079440332169488,-0.14792968595073414,-0.09765558389187645,0.25304158647029024,-0.05280790270204964,-0.015307782427869225,0.07061183452184257,-0.15833720620491615,0.0007675615409666241,0.09793566164131724
0.11106584137025392,0.16564422394707565,0.14843808093055458,0.22837688400536388,0.19067417432079306,0.33159399557728875,0.16292138237976178,0.1890812250254595,0.2405471376306777,0.3450662267229779,0.25787133578811666,0.2169305181366105,0.22001594976033678,0.24522957761229794,0.23953142481962353,0.2401890887623586,0.24247214061976094,0.33080366643494846,0.24124740027039035,0.1408638402939627,0.06366634721089116,0.23144610313221958,0.2407752309483542,1.2142212910316124,0.4747672230374348,-0.07119824153040381,0.19031386220468363,0.06516334534385267,0.20223363473682385,0.10688029845429979,0.20680087567856212,0.1400611960762194,0.06251397951997781,0.3476814056765605,0.19392264345413177,0.21420782545637196,0.09955357060579573,0.07651331896199015,0.32645716795422364,0.07279951565463563,0.2274732300832292,0.09202685296911828,0.04550437662072054,0.08577857317321014,-0.20778481098305857,0.12649491819511594,0.185650231178704,-0.009539789124391683,0.48976303997256815,-0.013053203867647212,-0.10542878693876692,-0.012574415013464539,0.11353079583568751,-0.01417141697454805,0.013978587153209066,0.10051840416462042,-0.114521477665779,-0.2772647501527004,0.22142814543437306
0.4125363662352829,0.63446992968283,0.7257044660860748,0.17061906384969408,0.07169635401939639,0.08530137474165048,0.2906043768003996,0.24497305471020447,0.1964080593641044,0.17403178852689893,0.15199103073017983,0.1735482157385877,0.18372483602793854,0.13087134771462144,0.0466990726576891,0.16522036281392588,0.5989590964398567,0.3060932639466006,0.4055330914171554,0.26480740788815954,0.2501670865076624,0.19337595616500747,0.03723309077020634,0.4747672230374348,5.644769300008601,0.158244378082912,0.2543923806728315,0.18332654879822446,0.5924148167075498,0.20498967336366297,0.7158136789921296,0.1291725736911884,0.3210435706579521,0.44964204331515273,0.42635561045090015,0.4839005156354492,0.3409120248147738,0.05213713994790493,0.18485201019153963,0.09719766142618874,0.12635860316265843,0.2612814271642672,0.4766884510361223,0.11267145327516677,0.5274757995982723,1.2218071749479156,0.0797667279259605,-0.27858335537168605,-3.02975341137254,-2.2449015797547665,1.6067222517605497,-0.09808202554474445,0.7374425132387425,-0.40904775056945253,0.07877083563990897,-0.06621254929070687,-0.22461477325724205,0.07488569143412285,-0.03277559249149702
0.22311189393345437,0.4526499478791565,0.38820143761740483,0.27150828115197523,0.26450553122100023,0.25872269600769876,0.17999885163106355,0.34242131869091635,0.40307259397554623,0.28835986894262383,0.26177677518495784,0.2693128022855763,0.2341705280650033,0.3425721255494046,0.22905999607164437,0.29775249125597597,0.18073042131042202,0.4122136928350306,0.2589534683396555,0.4855856595367809,0.009304963727362921,0.363494528234871,0.17321223131916094,-0.07119824153040381,0.158244378082912,1.7828953378398886,0.2820783818097468,0.09108436712237472,0.5867899576822797,-0.21942907612849133,0.13456656309045303,0.47216326863007957,0.03610249404631319,0.4545723887403883,0.2032497737073554,0.2782664887192452,0.08138823655180577,0.24824841249171317,-0.8288474210518385,-0.11730732341333891,-0.031502357229417015,0.10620815493706033,0.5631755281029007,-0.06126896855360558,0.31081626805650275,-0.05081786954380407,0.18144038471143512,-0.06143274415158507,0.7426159370452847,0.0905313187033239,0.10741714898886769,-0.044522662026473044,-0.16840924677823677,-0.06864205136478391,-0.11662286058345396,0.031323231124638036,-0.18258887279010105,0.4952179957650215,-0.2655756854003235
0.1677172455259847,0.3503010606588279,0.2203480883247921,0.24087357152103395,0.23286947699135574,0.2949498278676163,0.21826935781686263,0.2675863575765437,0.22730374999804168,0.2666611958965936,0.31663507634880494,0.33968457464852886,0.22947277688118295,0.19263938853879314,0.2355487116398819,0.27895560751165344,0.35087527299258964,0.15688619348714905,0.2534538135523824,0.45982230069474533,0.14211582935616213,0.26819932560643694,0.14359655138969388,0.19031386220468363,0.2543923806728315,0.2820783818097468,0.8136785762851195,0.0850106780181747,0.2540834834637052,0.012782199046873133,0.34103683751598945,0.29441587853135215,0.1780187316512926,0.2976502639384929,0.09295988803684609,0.2999479560965642,0.14483712972052334,0.29175469911517043,0.23766334054484423,0.19985859314281798,0.22777368077854726,0.1626563945102715,0.2623648558778563,-0.06155489964345103,0.09997922939843551,0.25161747381224486,0.1334250326651086,-0.042797346762083896,0.13890173351733584,-0.06527815457261278,-0.10816074677710048,0.07002784499987659,0.06775241066135126,-0.020826871572012403,-0.08324472221514499,-0.003133946913107599,-0.08604444569764813,0.23330561729672633,-0.13345466745951803
0.06873447198655121,0.21692525641093705,0.18077736460686075,0.0511559092442376,0.0034683198532196036,0.1705405331035494,0.004786126807593429,0.09746957358970802,0.1349323372416362,0.18547834472128727,0.0838542056937535,0.11262494755795208,0.036329962953452616,0.0980366773987751,0.20184879247702842,0.09278271193179849,0.12746647020441051,0.18644318912212443,0.28040569683580996,0.06915107413149532,0.2756753810618835,0.11468036057186483,-0.36467928546591594,0.06516334534385267,0.18332654879822446,0.09108436712237472,0.0850106780181747,1.6795978090975772,-0.2094462586385073,0.30425559437905175,0.22976722445451161,0.09265349266433281,0.6926628896861773,-0.12023439287864228,0.7422629140947763,0.18380291126205206,0.9821760605949932,0.09284750885556589,0.183423938828001,0.07531947472065241,0.4365335945738103,0.32816773025125984,0.3698750050382209,0.29457678707652096,0.7392240804132717,-0.15167614568663756,0.2568489520976036,0.1606201452141464,0.5943919147207597,0.3373736605487228,0.11929498032097942,0.83226334725668,-1.247055406771973,-0.026189581611785973,0.08843098083832811,0.07649802139980191,-0.06842361102312854,0.009224839933062407,-0.09840760981939434
0.21368261182608367,0.3435502039069855,0.3074491913053175,0.2694684055126276,0.2799919587705719,0.3045780037046034,0.18387369530378758,0.311347813789296,0.24257770693809583,0.4156143138010917,0.3330426651148031,0.26626353035433736,0.3155096663511983,0.27240204126264006,0.24548430011668523,0.304816941487976,0.3177334626964308,0.36457585835468354,0.2745667744177148,0.3535025352711909,0.18085484296931353,0.2841331974743905,0.4655126092504866,0.20223363473682385,0.5924148167075498,0.5867899576822797,0.2540834834637052,-0.2094462586385073,2.434525955846158,0.012323614640034876,0.05704952471460401,0.41917986323004164,-0.4316205856908411,0.8230844229543334,0.26819969657443754,0.4034735081012622,0.032824790523007394,0.14685724552895665,-0.10528103247863511,0.047450693504962685,0.007621417185681989,0.14979493158062615,0.10585196594232175,-0.017519043767403045,0.09043721867647832,0.10429838361202133,0.34978112563086944,-0.10424833164936236,1.0730076826446988,0.018849288678231345,-0.056558064686545596,-0.04277709316425906,0.027305638603836835,0.027745950455082137,-0.06315213464210268,0.020208301529968508,-0.13669270017393237,0.038731736565713236,0.10351718019843659
0.011634244716226406,-0.12540649825723774,-0.4655879607622836,0.05432258315975358,0.004285517136789552,0.059966822396810594,0.05555766826998148,0.1511432883463166,0.12993301505827018,0.05301211689583077,0.08248050159129695,0.003786476960579164,0.061771234467231595,0.06519445936040033,0.10858229583490121,0.05542682445460304,0.06014732273331562,-0.02583934064359986,0.11162621950206396,0.08879956495800027,0.256033651232912,0.09274273424383832,0.14680663313445824,0.10688029845429979,0.20498967336366297,-0.21942907612849133,0.012782199046873133,0.30425559437905175,0.012323614640034876,2.2956408231965257,0.1081876663862442,0.0927517369386545,0.5671518016478981,-0.1941901778036832,0.4777366864629213,0.09492391213770768,1.0823583767433056,0.1148231821178443,0.5868008308725086,0.0833485486802676,0.5783472514332679,0.31210392931007735,0.656119785654994,0.4444358343029935,0.7401520210215136,0.3509584311189141,0.7648449310513142,0.14993936233566965,0.28403852032278315,-0.2134820030715293,0.011044904183425,-0.07044615658086685,0.3511085204435198,-0.12750409191908335,0.08797137322466575,-0.1324528922915611,-0.015922982874816832,0.1419179770764983,-0.1411900670623607
0.2121644429433619,0.335255189585082,0.27467992259076707,0.2350164834283856,0.215317237058636,0.27626281357808324,0.25293244809779597,0.2400898438784147,0.23217475025427803,0.23100142446702082,0.2681636032088638,0.2802585933030308,0.1650235862142221,0.2214624885271317,0.23091116703142936,0.24149702873319306,0.38288840608555574,0.17917427056111768,0.28692118276734674,0.4418428269700742,0.2777089721408645,0.23713506802395637,0.2621330747832884,0.20680087567856212,0.7158136789921296,0.13456656309045303,0.34103683751598945,0.22976722445451161,0.05704952471460401,0.1081876663862442,1.1471442517546457,0.21836962453198835,0.34194977748645006,0.17158815071213127,0.09871639759532744,0.7010347083967122,0.3272377834594269,0.3400127099501084,0.5267726571691493,0.1885979669529267,0.6259861413654358,0.2894526748214676,0.2776669967584582,0.08729538063490472,0.28480037750767356,0.27485903616631974,0.07646707895713671,-0.03847144541102981,-0.09652030848778277,-0.036828252179553565,0.0558217001910527,0.04356949226009242,0.019522783174090008,-0.10637656260640035,-0.06765661930306616,0.01711258978507409,-0.11999175145006855,0.12853608207080217,-0.08973761678591888
0.14997155901173725,0.13417460710348456,0.16733932523931586,0.15856818044915275,0.2460735966087145,0.29048546755762517,0.17545599020864613,0.2418438136259813,0.2500668853240138,0.20778556821118307,0.24653141490490785,0.29195833188236026,0.20776108966156467,0.18587072904205912,0.15823977355182428,0.23856542442161904,0.2214584675121394,0.20590400608078255,0.2688302479839891,0.25860038170902877,0.17896950946587314,0.28610171517672234,0.13630721129230633,0.1400611960762194,0.1291725736911884,0.47216326863007957,0.29441587853135215,0.09265349266433281,0.41917986323004164,0.0927517369386545,0.21836962453198835,0.7579899640774564,0.1833093012355574,0.2946441039711602,0.04661170138035388,0.27425216106115513,0.020087131656112048,0.18141536156773272,0.04860403637515495,0.07037849647246879,0.041915005798929574,0.15764666086262272,0.1730912598410558,0.021947040139661728,0.1263275907746178,0.12904002303382134,0.17640239496559673,-0.05864751225326841,0.39082667790537085,0.06900680651046366,-0.052115368919845625,0.11241672587737254,-0.07816268738678078,-0.005116776137126521,-0.08094372959894042,-0.008211487761901835,0.35353509547855083,0.059627318979716314,-0.39515049613593295
0.10569657824666977,0.2722776597149577,0.21473531271722246,0.17566256243181286,0.10003814692635656,0.10815708943799036,0.23655967517760862,0.19678172974233432,0.2758836105760109,0.08273383413109689,0.12870183952460634,0.11696877027325858,0.08894468742669685,0.07839316624557718,0.14469260402475514,0.10700705480126434,0.20782888980442563,0.06927835251982618,0.23067461596956096,0.17248760740148872,0.2862823245929259,0.22310731903758615,-0.03283615063587123,0.06251397951997781,0.3210435706579521,0.03610249404631319,0.1780187316512926,0.6926628896861773,-0.4316205856908411,0.5671518016478981,0.34194977748645006,0.1833093012355574,2.2237375545768767,-0.10074256416194298,-0.22707530343401844,0.2775117152429064,1.3280559220098724,0.15059293924278547,0.3326060446806334,-0.16275551118391685,0.6955076071247203,0.3831935286612196,0.44758066135932234,0.28470388521436674,0.05241871848329591,0.45883216244285757,0.29075078517329345,0.17553424553380012,0.11527101252948588,-0.18904434344882323,0.13138085355608403,0.185328621971187,0.24031144663077456,-0.37512168089564146,0.023788700242122686,-0.042667670782291604,-0.15645189745676702,0.13590073844174186,0.00484488350700473
0.09373802193471244,0.40058174334048213,0.3280737740624541,0.3951127806539252,0.35164505843140936,0.32847174778736227,0.29963673585341,0.33783463115578216,0.2495140411945171,0.4679451858677325,0.3410605576964433,0.32131238237054327,0.2797666514509683,0.25662233765833636,0.3037662071404316,0.318381248630891,0.32669713429058383,0.3926748429651984,0.2984923881147961,0.18660045886969465,0.2534635288580893,0.3172673781085657,0.3067449487230017,0.3476814056765605,0.44964204331515273,0.4545723887403883,0.2976502639384929,-0.12023439287864228,0.8230844229543334,-0.1941901778036832,0.17158815071213127,0.2946441039711602,-0.10074256416194298,2.45499596231725,0.33101399851214336,0.12247233622924958,0.40434750029934724,0.04690047295588222,0.13080241442769486,-0.05764351908875203,-0.4923005199254242,0.3242230952529614,0.9425769816574195,0.2569739614734164,-0.3495627181958479,0.11290961270680842,0.422233830335953,-0.09155960099859528,0.09815235653811452,0.013910309150462721,-0.24596447889288484,-0.06485161329658833,0.23935703142361536,-0.0926538802156857,0.04903595519515137,0.07477908506654761,-0.4157524875394364,0.07785249646047528,0.3663800691304972
