1.0171986797095613,0.31958463109843205,0.48597374730389625,0.04445412937698992,0.25425134324609017,0.16969789859677403,0.24268129957713683,0.1907130254212413,0.12317035646076542,0.19713183339415413,0.1312448140862667,0.18256209842544638,0.08852882975644212,0.1925884879586413,0.158961310390636,0.13700889145557374,0.07383208957499023,0.21408315963234936,0.08009043708296464,0.11694284317212113,0.11789505299563952,0.1777676872402985,0.18207932065896654,0.050696799579939604,0.19858031767437914,0.134668445492203,0.1020314025980746,0.03454650586863581,0.15330736467700773,0.20922099597844607,0.08959915381278752,-0.01892458462628501,0.10287477753332397,-0.024872528620570752,0.11944105508382394,0.05372302388426911,0.13635052753413116,0.15686326726128758,0.16196099796109667,0.040841467883951384,0.10346856319109422,0.09204580494296002,0.16985822468357412,0.13765623235421637,0.08751595493386143,0.09598848515523034,0.19587054031595855,0.00550678486464815,0.19736803261888286,-0.16685771613714354,0.0032250341251776784,-0.02777613045397833,0.1288736867588672,0.025223697753452786,0.1029151250650389,-3.158744358612976e-5,-0.04012890218665399,0.1387033529557532,-0.2443677439735377
0.31958463109843205,2.895362045457458,1.9148074038133733,0.21737154444707305,0.14910631232696975,0.3271468098287143,0.23359616588353804,0.3570639893723061,0.19484370881704313,0.3397149482739404,0.22856155924914148,0.28046428490663283,0.14670239345272437,0.19388082358066325,0.24663812539323163,0.1749984736005813,0.2928645394757013,0.45505719328520217,0.12389965315936001,0.4293664360938144,0.27809326557974395,0.2403658492880772,0.19506902094938078,0.264842236100419,0.3036261845065591,0.24716947163822794,0.2823610282288546,0.28571558883295917,0.6929401629273495,0.44959389626364754,0.1299352045475662,0.06618148175063811,0.2920932726333535,0.2609562362590361,0.3823773964738062,0.23062931159629269,0.46759037134350245,0.07224518532774066,0.2880037735351578,0.21491144510035126,0.2856357865148457,0.24652140089150548,0.297749816720197,0.01468032084259647,0.3305751629480823,0.26184628220050205,0.4140002621753065,-0.005849516149879972,0.193464399824489,-0.24298909545334577,0.09749214927688661,0.2170398464553795,0.03220293109003895,-0.035943750973917755,-0.1953456621462578,-0.17901991706434356,-0.2237225267788763,0.3591058885401145,0.0500827620895413
0.48597374730389625,1.9148074038133733,4.141782609183838,0.17131923951034844,-0.051203773453181445,0.43845498567630437,0.2563533944597351,0.4014668742666095,0.3473348928182505,0.34012345661394144,0.22475505852918207,0.3138176632144741,0.12533445657646672,0.21241700518842402,0.31729203171861575,0.15909099063823046,0.3093289302162082,0.40231517476473144,0.1596836766614877,0.4031193828038829,0.3057801419202145,0.33594418493606387,0.29062311182210315,0.3487920209528413,0.3811513337496363,0.22948174169767194,0.24000063517055661,0.3286866746336254,0.8200044651842849,0.5134710491528499,0.1860970449184621,0.1272377267534234,0.27778017664934956,0.2804323297084833,0.5735879070193342,0.36598460318734904,0.3843580244528246,-0.09022564326647856,0.3990023114114425,0.33645676104884226,0.34546315502710867,0.30631111230110214,0.24478489590886837,-0.056347747804326546,0.38316641816141483,0.3657413690932606,0.4503896525502999,-0.045267317491887914,0.304777920926121,-0.20179042196500352,0.019525886002187104,0.21051046161289308,0.05729707040891592,-0.047208547293551575,-0.007468188032963647,-0.061893912566010324,0.05208812881999935,0.10545682347026894,-0.15426325931750515
0.04445412937698992,0.21737154444707305,0.17131923951034844,2.2796589923482573,0.25469748739441717,0.46442814557438417,0.33734836779338206,0.4086249870800189,0.26892166309475135,0.2970867972935204,0.3840915253435274,0.529128462453915,0.2717397079689102,0.43288777383518,0.3113901794775619,0.44721469580842,0.29850681470787493,0.1706052724108189,0.2967415260306105,0.2735406759432868,0.26553346248708876,0.3673476622316593,0.26442890495137217,0.30448951855163636,0.2983058482421518,0.3281785518362969,0.3121974258548241,0.03630835282298512,0.1334396081204168,0.18511333175930453,0.1394296829949161,0.3148361771942484,0.3201968664216468,0.23785439833213762,-0.4056235619017763,0.049893166633304877,0.16144765458806867,0.4244414319400452,0.3756457296788148,-0.2762996472726042,0.1436372172074324,0.25689236492939765,0.3578950286359411,0.692096986812964,0.031454896784528646,0.09660858623876187,0.28219365579947153,0.03307405170414747,0.2584620348213834,-0.08396585979375701,0.003956622039208818,-0.12457041654839805,-0.03186288102490086,-0.10610995840764277,-0.03829848477888646,0.0348835860237657,-0.19049829932483373,0.32803560760707146,-0.4019222852225472
0.25425134324609017,0.14910631232696975,-0.051203773453181445,0.25469748739441717,1.005037868919364,0.3666197887968354,0.339583538423581,0.3397249676485268,0.17536646991983282,0.19539179092585518,0.27841919698957257,0.35337043834413545,0.2077322169909856,0.2295206365103446,0.2295081108369347,0.2682033437457925,0.1737428450072108,0.1928836818367125,0.1770387213578925,0.20789357053320504,0.21426395609757862,0.2266154871810713,0.1961370644439717,0.2170137287493472,0.19882080697620155,0.2768721141559731,0.20161403154821453,-0.02653664273308928,0.20319989406349367,0.11718507455894366,0.10926767248129929,0.2756793533281296,0.13272190881215024,0.28601026136832153,-0.061161380687242826,0.09763229873144645,0.0867058932322257,0.2503861986398831,0.23709849884828366,-0.009400394863802024,0.14363346358082682,0.22070289330565998,0.1724114561718172,0.21461496589261023,0.008654304680348408,0.11201435810115029,0.22775226751454286,0.008744232837693855,0.27979771533605935,-0.1830808953558138,0.05082014568719391,-0.07099328708152833,0.15281149770493457,0.031213172688653125,-0.010887453695854374,-0.06779722238630542,-0.0747040577049581,0.11250608357289354,-0.08252348607350048
0.16969789859677403,0.3271468098287143,0.43845498567630437,0.46442814557438417,0.3666197887968354,0.8369463308552851,0.2535446260324679,0.4058882131531696,0.24294056559246568,0.12816427646568107,0.31939508464685473,0.3768437641469294,0.2068096063366241,0.22436164704565853,0.2771339865952789,0.2436414987822262,0.23636036105163175,0.1962649147425011,0.22944103886825054,0.3400708569452321,0.25496428878837757,0.28498170197460315,0.21317594344678664,0.29565930402654095,0.2856373442036337,0.31901424102487663,0.2619518307652734,0.16197988058819043,0.4218928347421508,0.2291584761486633,0.13412293250945925,0.3324923296133004,0.16876826716688373,0.31735079007701045,0.12211688382915137,0.09172820181462635,0.207056988488753,0.26734857271911766,0.3129064855865334,0.055330209999195294,0.1224186907356131,0.24100152392945823,0.3064399235919844,0.301159857334261,0.13626860711866876,0.17172522311878283,0.31404144474845497,0.005286119141791487,0.2576677366266367,0.1045742089405829,-0.16029210918483983,0.03185848612992218,-0.15984283022161672,-0.01349549327713495,-0.03045100202688167,-0.09117684565472978,-0.037287274112739584,0.24453087123608577,-0.13462111217701955
0.24268129957713683,0.23359616588353804,0.2563533944597351,0.33734836779338206,0.339583538423581,0.2535446260324679,0.7924217674943754,0.18713050799308853,0.3058123447123915,0.049519826046707474,0.24184647356617922,0.38071734827129056,0.16600556856342763,0.1549536777417232,0.19821653913398618,0.21036351776372714,0.1746882000171371,0.14564726501929404,0.13052226040208414,0.19501121388482043,0.22323844487802566,0.2689619204563438,0.15033772329479297,0.21912334893641155,0.2158000266034795,0.25776590764123297,0.2052941551903569,0.04209500627796185,0.19508734601167438,0.19782109874128903,0.12072504269432963,0.22794400978222124,0.1733927792156685,0.2488275665011159,0.06578512580274816,0.1187261147946198,0.14178969631650276,0.21435361697912533,0.23935691298983675,-0.0014441598344830566,0.15573488353767667,0.21233319308842896,0.22106502811202708,0.2278362844143262,0.02057734492483104,0.15562695130803822,0.16422753163318854,0.003216140015932115,0.29918721182426133,-0.10468593159771993,-0.04731062786309177,-0.11804095591129321,0.17450876587684222,-0.07459138712862226,0.0007657009530152082,0.0074172791961636874,-0.10638757894474883,0.13732221353644394,-0.14612932219381397
0.1907130254212413,0.3570639893723061,0.4014668742666095,0.4086249870800189,0.3397249676485268,0.4058882131531696,0.18713050799308853,0.7644931756082052,0.14177536736627597,0.33635593441874445,0.3131214689816941,0.1514614963459182,0.23716269292856704,0.2592228398706723,0.2393076722125116,0.22673033042859847,0.27111653140202013,0.24353170963838133,0.24476439314611273,0.2949243103355454,0.2370603694245827,0.2356222679432125,0.21029766313278317,0.27366320613680356,0.27327891647967595,0.24070556033074833,0.22215075578067175,0.18727568066184033,0.335057366791766,0.36216212812565357,0.20104311274126713,0.15308649742772804,0.21711395215284154,0.2825849023830988,0.24121715462953336,0.14967538016065013,0.31717035558242257,0.2240049991473414,0.41329668624237637,0.10491640477697776,0.21837144354601318,0.21524421806271632,0.2562155344395732,0.24509570904006436,0.15308066712318352,0.23671990943760104,0.3906357655589958,0.01507716309841984,0.2446061821129665,0.04796371049205533,-0.0652719077782368,0.1196644890092075,-0.046543287858827775,-0.10310800287005875,-0.04673878227735934,-0.18662345023747273,0.10640140554810479,0.1318507350505495,-0.03317302478677368
0.12317035646076542,0.19484370881704313,0.3473348928182505,0.26892166309475135,0.17536646991983282,0.24294056559246568,0.3058123447123915,0.14177536736627597,0.7603072273434218,0.13795764795541438,0.21172648245891434,0.2803299311073443,0.14870673316833224,0.1903963551428264,0.2771129939948484,0.19526609095872383,0.2176817526063556,0.1320213095758246,0.15662861907953765,0.20789852734340647,0.21898516620804626,0.342692070339927,0.1287508513347328,0.23179580975827038,0.19102624801370638,0.3114451708276572,0.23211802592365224,0.15577592538221258,0.08963087468867655,0.21410474433433005,0.2458560895205012,0.2713255011221644,0.22441506667380254,0.18911198125412404,0.12319883799673628,0.1503224326947048,0.19772802943459053,0.26213278341046076,0.24464923865652657,-0.02056692569363604,0.20124822093462186,0.2106263496573555,0.26079246634494335,0.1899551762127063,0.03164620524854159,0.21551657438640798,0.2201717554019653,0.0012470093255930973,0.4042385149972231,-0.17668902872640044,-0.01485175169422685,0.15193026625698094,0.07203727850077807,-0.13287828664519136,0.19309532014715206,0.1552375156013955,-0.06288581050713807,0.023580057373160285,-0.4149206506355453
0.19713183339415413,0.3397149482739404,0.34012345661394144,0.2970867972935204,0.19539179092585518,0.12816427646568107,0.049519826046707474,0.33635593441874445,0.13795764795541438,1.3207990164677355,0.24852502820369288,0.35065129921037735,0.16054022755140612,0.3020784739131019,0.24881986671870499,0.2585438916523219,0.3002619335516723,0.4412022961357169,0.28364266485950523,0.03303141137084386,0.10932168562781704,0.23647645900460748,0.29860783326945894,0.17036939381645635,0.25921521924941765,0.17680720856355575,0.23192520605184688,0.17647318888697677,0.11414239690225288,0.20274635730287335,0.27207132653071797,0.15454287835882094,0.0956586494316932,0.3376003067974925,0.35032219346614846,0.24942247268725468,0.2676203185022154,0.2284474965032053,0.284984198569917,0.008484793750379062,0.2570843887976821,0.10579104419463395,0.09599976142307656,0.25949102578130584,0.09654297835494415,0.22530261520353306,0.39156833893955983,-0.02099281813441407,0.10513109023794193,-0.15399673010002174,0.03231485445180616,0.1319784287026109,0.03276127539979296,0.03639209654755672,0.05262659816801989,0.13753599068347763,0.11651358560355671,-0.4104190374190143,-0.13946188577038438
0.1312448140862667,0.22856155924914148,0.22475505852918207,0.3840915253435274,0.27841919698957257,0.31939508464685473,0.24184647356617922,0.3131214689816941,0.21172648245891434,0.24852502820369288,0.5031169327836462,0.3058705550449226,0.26008420987521375,0.24470105997325864,0.3195642656664701,0.2587735382521889,0.2978431520501054,0.1573510487038525,0.18469602843534336,0.3131448058976055,0.2195751059758221,0.23275352600992694,0.13793744840828429,0.2321547549255675,0.23548100930374147,0.2531238294667205,0.25946388362095063,0.15381750591650678,0.24603841623566478,0.19504806965534727,0.17679784293590345,0.25798683790753246,0.14818736533948906,0.28886478182864667,0.20244873250170858,0.1545638022202795,0.20838836194081473,0.2223667715309842,0.3185058259161218,0.04771298320597759,0.1949075656635753,0.21906789980516334,0.20609010407748898,0.19048664754973169,0.12660883607726967,0.1974511732763401,0.25769489389773526,0.0014957396012703662,0.23379029921171202,-0.05481677063382473,-0.04321545469786272,0.08050523796215932,0.020285094073591935,-0.019785272136806573,0.03228282983985749,0.003128068331266671,-0.046256167950293046,0.018954058882491277,-0.15893398484075352
0.18256209842544638,0.28046428490663283,0.3138176632144741,0.529128462453915,0.35337043834413545,0.3768437641469294,0.38071734827129056,0.1514614963459182,0.2803299311073443,0.35065129921037735,0.3058705550449226,0.7787010811338831,0.15766194771464112,0.22416777678926436,0.24436514918337762,0.2780294142130035,0.23002409103797133,0.2574598515047114,0.19192315060352053,0.1872385461092193,0.2007263849062919,0.2776725175328181,0.21527930690659414,0.19918997197305308,0.2856934645758063,0.32972781378704724,0.2893687843052459,0.035332399139342614,0.221122904734243,0.07545449491883567,0.09239011526143022,0.3236777143565942,0.07509184093233856,0.32982832943557305,0.16190465093160705,0.14275824131989842,0.07304503700841967,0.2465949163803354,0.2408033331796079,-0.025335575889020114,0.1540215257017523,0.19318311844406674,0.2138809501395711,0.2678844284813479,0.06269670210242402,0.1552836730524158,0.21794187405439755,-0.008513043734949717,0.26090459106908215,-0.20029319893637354,-0.006769899387398127,-0.07834222175056055,0.13615281548566763,0.011299878237880853,0.0369937309014373,0.12971865153686712,-0.16795144221719402,0.05360828048851623,-0.3138745634445786
0.08852882975644212,0.14670239345272437,0.12533445657646672,0.2717397079689102,0.2077322169909856,0.2068096063366241,0.16600556856342763,0.23716269292856704,0.14870673316833224,0.16054022755140612,0.26008420987521375,0.15766194771464112,0.4705032438372462,0.23130010442524113,0.1558300498194924,0.2441034073267705,0.24301716261460882,0.11218272173116868,0.2043056469471865,0.20870929749279793,0.16472745061912802,0.2552698893699353,0.09550323842414037,0.20830435502954497,0.1909620096701103,0.1635225453934992,0.2040291229737308,0.1839518732013973,0.240322388823624,0.22990064893335158,0.1451158809494588,0.15867199118030378,0.1625905282664064,0.21827606874492894,0.18142002726113826,0.1311197236494075,0.20568924628284282,0.15301531994017703,0.25705168835365155,0.058564983613915114,0.16981281226561484,0.16911561755475898,0.18906495506981602,0.19561820864342933,0.02923871006432106,0.19457186240926164,0.21638259082149042,-0.0020442448889405962,0.25730091984143294,0.11264566481915007,-0.01808720480219858,-0.03734582091789462,-0.0717296372225595,-0.04407311103344949,0.004599306989135468,-0.06708674088770847,0.030398814872387547,0.027661830900085897,-0.0331951778049135
0.1925884879586413,0.19388082358066325,0.21241700518842402,0.43288777383518,0.2295206365103446,0.22436164704565853,0.1549536777417232,0.2592228398706723,0.1903963551428264,0.3020784739131019,0.24470105997325864,0.22416777678926436,0.23130010442524113,0.6886476506769865,0.29308976187746755,0.3782521869745666,0.2609670752635291,0.15135416126341542,0.17877703857352306,0.2690200207869956,0.19922560483313098,0.279149343856381,0.17059374130778118,0.21926733462364698,0.2452407020250781,0.265844669723429,0.19935972190518642,0.18710394231424926,0.14745125059184824,0.2569193555568018,0.16546206845596506,0.16866724055685,0.18713435924788488,0.18840078882525005,0.2047347308213839,0.15109105559962968,0.27970959901407677,0.2660178332806478,0.18473278820172534,-0.012242800931832786,0.21865118635004227,0.19928778637166616,0.29521732637814435,0.2506523569363302,0.08545399578840229,0.15012640366656013,0.2679545801842201,0.006946476026630563,0.3068548558534808,-0.09765566993610611,-0.009825803175271899,0.0014390034069449533,0.0010356964532018985,0.02726637737080577,0.026670819040349878,0.03962990172207605,-0.10153287838724745,0.19559981177000457,-0.2579584542713789
0.158961310390636,0.24663812539323163,0.31729203171861575,0.3113901794775619,0.2295081108369347,0.2771339865952789,0.19821653913398618,0.2393076722125116,0.2771129939948484,0.24881986671870499,0.3195642656664701,0.24436514918337762,0.1558300498194924,0.29308976187746755,0.8066516017068084,0.23735334184992843,0.2537805988003296,0.11612603941841135,0.17671798123873045,0.32905315737700164,0.23414207763230072,0.18406222097944858,0.1269859179393236,0.2583562019456786,0.24811157558422797,0.24141639066184511,0.25393276496949085,0.22806317243250354,0.23591545791892035,0.24327587904934003,0.20917828752102546,0.24922476522723358,0.22306056800758445,0.22416934817851772,0.17619020082868075,0.16268189796798901,0.3294698754883365,0.20455221260845632,0.25468480517749914,0.00937587680751243,0.22153042390152475,0.23143987330217358,0.21051387663205332,0.14214967437405482,0.10184333623981934,0.17725163804907385,0.24894765294283494,0.01144628934989475,0.24791157142373502,0.30976341015474157,-0.1515770444710359,0.16357873148766627,-0.19413799716672733,-0.03744520597768961,0.05049759386350816,0.06457674322187103,-0.05318503509881699,0.000424318111844403,-0.11296818702200959
0.13700889145557374,0.1749984736005813,0.15909099063823046,0.44721469580842,0.2682033437457925,0.2436414987822262,0.21036351776372714,0.22673033042859847,0.19526609095872383,0.2585438916523219,0.2587735382521889,0.2780294142130035,0.2441034073267705,0.3782521869745666,0.23735334184992843,0.5660387774578045,0.2963205040618792,0.12681167931501006,0.23981756452123767,0.24266388290714405,0.21441753206209915,0.3355874709367145,0.1572207462473425,0.2304975595075858,0.2590378791729177,0.25303613891342897,0.25397627471763234,0.1817149017681193,0.17670551323398942,0.2513573643813983,0.1547839701592183,0.20458951552345941,0.1587421876331062,0.2471703583857592,0.2640183697807939,0.179195218873388,0.26585342715687016,0.25610133692218556,0.2311767806330984,0.02145189652474139,0.22864721545087283,0.22559834034590298,0.2648279006416451,0.2798471841457135,0.07854050667951085,0.1899642007126982,0.24718257732535534,-0.005861069537113079,0.25954390363822777,-0.13727885611413262,-0.0410733938999835,-0.05060303339397234,0.06859778998975503,-0.003755955793641119,0.011225887540314247,0.014640824474965545,-0.10438369025492056,0.0974774402225615,-0.15039730140282012
0.07383208957499023,0.2928645394757013,0.3093289302162082,0.29850681470787493,0.1737428450072108,0.23636036105163175,0.1746882000171371,0.27111653140202013,0.2176817526063556,0.3002619335516723,0.2978431520501054,0.23002409103797133,0.24301716261460882,0.2609670752635291,0.2537805988003296,0.2963205040618792,0.8445719942187503,0.10931965959281945,0.261562063750823,0.4000654072205033,0.24832998511553553,0.2876495446259823,0.14619936542125708,0.22996623463512705,0.28679608076071084,0.2520868017379219,0.2870945731409552,0.33365788172120414,0.22928057527149573,0.2680645144045514,0.17748045453041056,0.2000167809888766,0.20542612283989733,0.2892419004831034,0.3035042040856463,0.22936059892643493,0.39991819270687806,0.2988799132559061,0.3173767341229594,0.024125686742608007,0.2767428603998579,0.27068544824285296,0.251521356844467,0.2033839689248101,0.32871773637208873,0.2757102691542366,0.3227107459549914,-0.004490479736626549,0.14973019248775363,0.13052089199292194,-0.0763353708716401,0.21279620034147512,-0.09188512826538657,-0.04680146168875094,-0.2816955273905604,0.0034123864042736457,-0.18822166072608412,0.3586748647168032,-0.41921543031991454
0.21408315963234936,0.45505719328520217,0.40231517476473144,0.1706052724108189,0.1928836818367125,0.1962649147425011,0.14564726501929404,0.24353170963838133,0.1320213095758246,0.4412022961357169,0.1573510487038525,0.2574598515047114,0.11218272173116868,0.15135416126341542,0.11612603941841135,0.12681167931501006,0.10931965959281945,1.113089343643748,0.23431982303167517,-0.1926796249613116,0.23030267473341043,0.22202055441443438,0.41383469087565505,0.18655817309907666,0.16876284845119907,0.2720975799947388,0.06385448568307028,0.2128075656054513,0.2722395259969446,0.11394535552342124,0.38835709385758904,0.0983225937584598,0.30817519894230166,0.2630058311399342,0.1435538921822115,0.1951776781643809,0.2601082905913095,0.2177976343801477,0.13125852581015443,0.08978886432084343,0.16007437790795953,0.14888212858205502,0.3063081596306422,0.05080033374675605,0.2710537888749679,0.35616112543572465,0.5258972234492529,-0.024597424872356312,-0.11604350765480057,-0.016280298419002096,0.05625897335621576,0.3924879828362644,-0.14032767033037205,-0.14211535904680284,0.2616764144108723,-0.015924972362088615,0.08993792366060378,0.12376051222383137,-0.5112378227627323
0.08009043708296464,0.12389965315936001,0.1596836766614877,0.2967415260306105,0.1770387213578925,0.22944103886825054,0.13052226040208414,0.24476439314611273,0.15662861907953765,0.28364266485950523,0.18469602843534336,0.19192315060352053,0.2043056469471865,0.17877703857352306,0.17671798123873045,0.23981756452123767,0.261562063750823,0.23431982303167517,1.0054522730500086,0.003936190996729306,0.2375817424541498,0.3185764543583959,0.0004470697785117992,0.22920232041324823,0.13885311833491198,0.15906289412547148,0.15779959987542375,0.19277784523776287,0.16565789823822305,0.2507045647869153,0.2506924155069415,0.2319770067474842,0.26252286778201284,0.18170081615901273,0.11366165297992235,0.2097609448005211,0.3195020666964728,0.30852488395277294,0.22779303846754803,-0.04736293988458931,0.22468508608813653,0.21125796068084107,0.20217344161193196,0.18178565078998263,0.04493986436142192,0.22617571838370157,0.23743889783112226,-0.00963405721318784,0.1076651498445937,0.4515979165136356,-0.08931171175426617,-0.18656866485271006,-0.10726836161449305,-0.08504410372553758,-0.1073757753532498,-0.008603251533402991,0.004415221378435516,0.1639554853331104,-0.1364952096732683
0.11694284317212113,0.4293664360938144,0.4031193828038829,0.2735406759432868,0.20789357053320504,0.3400708569452321,0.19501121388482043,0.2949243103355454,0.20789852734340647,0.03303141137084386,0.3131448058976055,0.1872385461092193,0.20870929749279793,0.2690200207869956,0.32905315737700164,0.24266388290714405,0.4000654072205033,-0.1926796249613116,0.003936190996729306,1.126032248775696,0.17938132529066006,0.20137998746243324,0.05662978396839005,0.3145877488948301,0.30639247608734477,0.3056456395905333,0.38880657482703307,0.303341709982229,0.32678645801007944,0.49007312947855114,0.10916966876247604,0.2234365721476516,0.25455012769021107,0.1836955047375087,0.31554478304174044,0.13719304346267458,0.48474579789470806,0.21812842830120685,0.26857730686788817,0.15509353170868595,0.28894089671360024,0.23434817928130047,0.41371117847867533,0.19272984541809882,0.2952931816345105,0.20017514139036827,0.20503139087884814,0.04066302056397036,0.4235579945428129,-0.1223819871085755,-0.0911123586767243,0.03909206114171287,0.06463636447267049,-0.01934581822184237,-0.010415388096036987,-0.08664987827686106,-0.11819858397386669,0.2638754923765715,-0.08148498522506153
0.11789505299563952,0.27809326557974395,0.3057801419202145,0.26553346248708876,0.21426395609757862,0.25496428878837757,0.22323844487802566,0.2370603694245827,0.21898516620804626,0.10932168562781704,0.2195751059758221,0.2007263849062919,0.16472745061912802,0.19922560483313098,0.23414207763230072,0.21441753206209915,0.24832998511553553,0.23030267473341043,0.2375817424541498,0.17938132529066006,0.5052933476187864,0.24947413723845233,0.1207966761437281,0.2783062632175173,0.1874396889070838,0.31540748616005,0.1769519545765757,0.1940075159013016,0.2292547966590633,0.3216775715495309,0.3024199901697559,0.2515581958939087,0.32182440131438,0.2462335410053066,0.1491930057560884,0.21057960570078074,0.27098525287296776,0.3140723424336064,0.22408664814515902,0.02212790751480358,0.31556515080209985,0.39250684529287655,0.34141876829561546,0.15733975608847559,0.20948464939194086,0.26397006397454575,0.34922937610209975,0.01851762680241534,0.13545030902142155,0.07920512862127287,-0.07575668562921542,0.03741466919510146,-0.012067914468485295,-0.08968757533483356,0.08585592695317061,-0.05621052428662726,-0.13171507725111253,0.3048073623754315,-0.29921709635576316
0.1777676872402985,0.2403658492880772,0.33594418493606387,0.3673476622316593,0.2266154871810713,0.28498170197460315,0.2689619204563438,0.2356222679432125,0.342692070339927,0.23647645900460748,0.23275352600992694,0.2776725175328181,0.2552698893699353,0.279149343856381,0.18406222097944858,0.3355874709367145,0.2876495446259823,0.22202055441443438,0.3185764543583959,0.20137998746243324,0.24947413723845233,0.8332552000228157,0.22885454772634467,0.28821671792874143,0.28269637866385633,0.26716378907060945,0.25656464169946497,0.1798609822180839,0.2425434020834489,0.3501840047830249,0.22772917594909978,0.2220430532810958,0.31066946915813104,0.23708649175525415,0.17083740966878308,0.21378558473811493,0.26621870844560286,0.34363756251094946,0.2784381555257241,-0.029085769785700755,0.2507660851275368,0.25198401634407414,0.352803853339811,0.32062950446182586,-0.05103711174944623,0.306412670586292,0.3246729310514762,-0.047983003441401696,0.6631344966358348,-0.1018421867454473,-0.03365214238303068,-0.1697875796803634,0.09666787056671715,-0.08392774346535921,0.13469825636857416,0.016525353264141576,-0.06877073072446056,0.17145160351941346,-0.41199901767215147
0.18207932065896654,0.19506902094938078,0.29062311182210315,0.26442890495137217,0.1961370644439717,0.21317594344678664,0.15033772329479297,0.21029766313278317,0.1287508513347328,0.29860783326945894,0.13793744840828429,0.21527930690659414,0.09550323842414037,0.17059374130778118,0.1269859179393236,0.1572207462473425,0.14619936542125708,0.41383469087565505,0.0004470697785117992,0.05662978396839005,0.1207966761437281,0.22885454772634467,1.2911050673320927,0.2868672194525451,0.4115282697857562,0.015044867608483468,0.0720250724187915,-0.06441486503509931,0.31317668774045987,0.30127126263841936,-0.057745517384354815,0.0710941993272121,0.1723557751266602,0.26710363345258537,0.03201133511926948,0.19800742640780877,0.14941876097712448,0.04147925046610547,0.35409385575689584,-0.1186712841059082,0.1834680595205723,0.07788004472482163,0.18754312492763614,0.4189465218544294,-0.04843823508573295,0.19541318658172882,0.3621778014118494,-0.009344828413408196,0.07745220036134817,-0.15460705130601968,0.06942687039308684,0.12674648498724367,0.01788337679726252,-0.08296507465102268,-0.14267311541454022,-0.05599663274361862,-0.08737913473518544,0.17202844351179938,-0.1037325003317765
0.050696799579939604,0.264842236100419,0.3487920209528413,0.30448951855163636,0.2170137287493472,0.29565930402654095,0.21912334893641155,0.27366320613680356,0.23179580975827038,0.17036939381645635,0.2321547549255675,0.19918997197305308,0.20830435502954497,0.21926733462364698,0.2583562019456786,0.2304975595075858,0.22996623463512705,0.18655817309907666,0.22920232041324823,0.3145877488948301,0.2783062632175173,0.28821671792874143,0.2868672194525451,0.8101294371798373,0.30442611022792193,0.2179072526157485,0.2555332372928128,0.2783594192038217,0.386419362307753,0.518226812638151,0.2530811732670988,0.6111811900150387,0.5116053652341433,0.27158831030825303,0.18228316165949573,0.25662469990234416,0.3928261080321687,0.3177673303612744,0.27593137415144475,-0.0021111222277921306,0.28167766968108465,0.27950775278820017,0.29477565898792957,0.21309493147310865,0.02239440088197362,0.33418280512762,0.4029630454845224,0.0012710103951426286,0.2880671146329094,0.11759119811492842,-0.11935609096739473,0.10014752458511049,-0.045357022293528705,-0.13185555615197891,0.06044455161955684,-0.1415385791491493,0.12657181748848848,-0.007399296860086717,0.02831873523531493
0.19858031767437914,0.3036261845065591,0.3811513337496363,0.2983058482421518,0.19882080697620155,0.2856373442036337,0.2158000266034795,0.27327891647967595,0.19102624801370638,0.25921521924941765,0.23548100930374147,0.2856934645758063,0.1909620096701103,0.2452407020250781,0.24811157558422797,0.2590378791729177,0.28679608076071084,0.16876284845119907,0.13885311833491198,0.30639247608734477,0.1874396889070838,0.28269637866385633,0.4115282697857562,0.30442611022792193,0.9987519490248697,0.1044844968064063,0.251041249800453,0.162326863113396,0.5167268484952741,0.47856925514065113,-0.08421581343038764,0.19201481468673653,0.1780477167263728,0.3391811191957659,0.3119790503990877,0.2112927319937857,0.43859170899160455,0.22362106102641652,0.42345870301287136,0.038786495477212156,0.2582250700503977,0.18930758381843352,0.28665799907308076,0.3307891105845042,0.15827623500948002,0.31172167753793706,0.3750266268567253,-0.009033331644618217,0.2241934748233683,-0.16127067016816202,-0.026890965586735524,-0.03776482309827486,0.08507731036986614,-0.05294378038424657,-0.040779687598145584,-0.009396977737752167,-0.011436515104103337,0.0803481190598765,-0.11428634957885343
0.134668445492203,0.24716947163822794,0.22948174169767194,0.3281785518362969,0.2768721141559731,0.31901424102487663,0.25776590764123297,0.24070556033074833,0.3114451708276572,0.17680720856355575,0.2531238294667205,0.32972781378704724,0.1635225453934992,0.265844669723429,0.24141639066184511,0.25303613891342897,0.2520868017379219,0.2720975799947388,0.15906289412547148,0.3056456395905333,0.31540748616005,0.26716378907060945,0.015044867608483468,0.2179072526157485,0.1044844968064063,1.3199628953786304,0.2620413904121901,0.20144195281443897,-0.14031546680424747,-0.022779701933729544,0.23945401857196333,0.3815893506114285,0.20236696955802533,0.25974399124773795,0.20755299589416434,0.15083961383592917,0.09941527458869381,0.43519234252207106,-0.5139280666116794,-0.041186001089722646,0.24357630201679303,0.331047797524005,0.4838903992036339,0.15331930162939114,0.06339424901593188,0.25032671954694286,0.17675367500211636,0.013142132468384766,0.02478271842858194,-0.022533208441195725,-0.09552080509644789,-0.09518506615036823,0.045219427342607435,-0.023943202489264837,0.20454759516696658,0.0506614188039067,-0.21143948286605732,0.4386252244549187,-0.5829228125501673
0.1020314025980746,0.2823610282288546,0.24000063517055661,0.3121974258548241,0.20161403154821453,0.2619518307652734,0.2052941551903569,0.22215075578067175,0.23211802592365224,0.23192520605184688,0.25946388362095063,0.2893687843052459,0.2040291229737308,0.19935972190518642,0.25393276496949085,0.25397627471763234,0.2870945731409552,0.06385448568307028,0.15779959987542375,0.38880657482703307,0.1769519545765757,0.25656464169946497,0.0720250724187915,0.2555332372928128,0.251041249800453,0.2620413904121901,0.8501784133763446,0.23264711636789626,0.16026378853520706,0.278685854337597,0.15030075674938836,0.3961239323909356,0.21254106876512127,0.27041280595676515,0.23445309481298174,0.2110465113577775,0.23243188202487364,0.25553403377646927,0.2172168601229938,-0.0461329134522885,0.2544365717535106,0.20689963051721066,0.3851649095031817,0.23284504855139526,0.047470544487165076,0.20819440711580567,0.22222948083230876,0.003194540456281823,0.34069768545166956,-0.015036296789602548,-0.058992168699699324,0.06332363355899727,0.018074395755341442,-0.023802392904964643,0.21352856783619942,0.03252049418202664,-0.08789535463601257,-0.014314185625746113,-0.19252715975769347
0.03454650586863581,0.28571558883295917,0.3286866746336254,0.03630835282298512,-0.02653664273308928,0.16197988058819043,0.04209500627796185,0.18727568066184033,0.15577592538221258,0.17647318888697677,0.15381750591650678,0.035332399139342614,0.1839518732013973,0.18710394231424926,0.22806317243250354,0.1817149017681193,0.33365788172120414,0.2128075656054513,0.19277784523776287,0.303341709982229,0.1940075159013016,0.1798609822180839,-0.06441486503509931,0.2783594192038217,0.162326863113396,0.20144195281443897,0.23264711636789626,1.4872199155570482,0.10520571879406922,0.3100403071482446,0.4392267724102014,0.03331616823277503,0.6051019144656952,0.12636115573224718,0.5463999135977391,0.2603039189227478,0.7290530907976883,0.18644447462988634,0.09068840030728474,0.1907923855127641,0.2939927662086863,0.1840756954494351,0.29204525793985225,0.09723603759027705,0.08222239778647775,0.26514930553590893,0.2255361569355331,0.006188637327733903,0.019790114480204114,0.6416464940567511,-0.116880755299359,0.7757737115899214,-1.138911054481921,-0.10452394171223917,0.25374389341529946,-0.06479223399378833,0.2656901951659941,-0.3214043326171542,0.47968894368286696
0.15330736467700773,0.6929401629273495,0.8200044651842849,0.1334396081204168,0.20319989406349367,0.4218928347421508,0.19508734601167438,0.335057366791766,0.08963087468867655,0.11414239690225288,0.24603841623566478,0.221122904734243,0.240322388823624,0.14745125059184824,0.23591545791892035,0.17670551323398942,0.22928057527149573,0.2722395259969446,0.16565789823822305,0.32678645801007944,0.2292547966590633,0.2425434020834489,0.31317668774045987,0.386419362307753,0.5167268484952741,-0.14031546680424747,0.16026378853520706,0.10520571879406922,2.877644063685373,0.7149630994658694,-0.1327255273761249,0.21657385862684606,0.06671097256499753,0.4613693047809308,0.3206612052943023,0.22858305250245198,-0.1409517974392307,-0.40301391261824643,0.6809161500670771,0.4837626712789405,0.1457289264562416,0.16018973937184652,0.11469361061547252,-0.38882279261334524,0.3964990181960738,0.45992912155637394,0.5438323210457615,-0.08638737837679467,0.738507730973418,0.6404239308707957,-0.3541711861204559,0.047681291087023854,-0.32198832424054813,-0.0014498591722099674,-0.13303460275046589,-0.36704230620491113,-0.14473584129025532,0.42995991549309304,-0.003025071334056993
0.20922099597844607,0.44959389626364754,0.5134710491528499,0.18511333175930453,0.11718507455894366,0.2291584761486633,0.19782109874128903,0.36216212812565357,0.21410474433433005,0.20274635730287335,0.19504806965534727,0.07545449491883567,0.22990064893335158,0.2569193555568018,0.24327587904934003,0.2513573643813983,0.2680645144045514,0.11394535552342124,0.2507045647869153,0.49007312947855114,0.3216775715495309,0.3501840047830249,0.30127126263841936,0.518226812638151,0.47856925514065113,-0.022779701933729544,0.278685854337597,0.3100403071482446,0.7149630994658694,2.2234797848237227,0.33373086544008534,-0.10884348557702965,0.5106088950121416,-0.0667982348733351,0.4729007361631606,0.2521747669856342,0.42976948572626483,0.31745508802686534,0.7458203969822708,0.11107686608677061,0.6941055346500637,0.3079058951907336,0.9432893954920502,0.4250242871767326,0.2615874606888643,0.2914482068063136,0.9470685731262308,0.10425366324080568,1.0281378955615035,-0.16029319055586144,-0.09489403595651376,-0.20903679067478553,0.1637891932355342,-0.06300225764827783,0.23140047365240976,-0.3090049582361932,-0.21368604553375467,1.3061429504788402,-0.9791899374597088
0.08959915381278752,0.1299352045475662,0.1860970449184621,0.1394296829949161,0.10926767248129929,0.13412293250945925,0.12072504269432963,0.20104311274126713,0.2458560895205012,0.27207132653071797,0.17679784293590345,0.09239011526143022,0.1451158809494588,0.16546206845596506,0.20917828752102546,0.1547839701592183,0.17748045453041056,0.38835709385758904,0.2506924155069415,0.10916966876247604,0.3024199901697559,0.22772917594909978,-0.057745517384354815,0.2530811732670988,-0.08421581343038764,0.23945401857196333,0.15030075674938836,0.4392267724102014,-0.1327255273761249,0.33373086544008534,1.5303156891405885,0.07218589007037414,0.5661399521260533,0.1747444043055501,0.25510911695154986,0.2642301570679619,0.5525509590768154,0.5424401228256566,0.17909397174417135,-0.0031580310262359053,0.2796359705939475,0.2801855480240088,0.2687592515250996,0.1909324298473458,0.30053932366779684,0.44599507145022244,0.4459981524089386,0.000891492786504567,-0.16005180791099213,0.2799156578023899,-0.20367692282926841,0.38741628891672597,-0.1868963883828585,-0.16648415117167142,0.6050619019116951,0.03223916551255144,0.5674702359245057,-0.5610735606199688,-0.3307134697644799
-0.01892458462628501,0.06618148175063811,0.1272377267534234,0.3148361771942484,0.2756793533281296,0.3324923296133004,0.22794400978222124,0.15308649742772804,0.2713255011221644,0.15454287835882094,0.25798683790753246,0.3236777143565942,0.15867199118030378,0.16866724055685,0.24922476522723358,0.20458951552345941,0.2000167809888766,0.0983225937584598,0.2319770067474842,0.2234365721476516,0.2515581958939087,0.2220430532810958,0.0710941993272121,0.6111811900150387,0.19201481468673653,0.3815893506114285,0.3961239323909356,0.03331616823277503,0.21657385862684606,-0.10884348557702965,0.07218589007037414,2.3487882383099823,-0.1337108601275128,0.6852859392008903,0.12359026053010903,0.34525493025477444,-0.3109301453966247,0.6122299295944043,0.0627417078523933,-0.16040369697363954,0.3157508484205321,0.27920131563651707,0.1941590804989289,0.06527128018520126,-0.0412555667459988,0.4444515389940669,0.23175165247218238,-0.036526014253098774,0.07642460167640389,0.0989722502340474,0.057967931581343266,0.28945209918719045,-0.057651736874898156,-0.0832920412741919,0.4225842312081017,0.23237405103529446,-0.09325350072263988,-0.2432261717225177,-0.5928598904375626
0.10287477753332397,0.2920932726333535,0.27778017664934956,0.3201968664216468,0.13272190881215024,0.16876826716688373,0.1733927792156685,0.21711395215284154,0.22441506667380254,0.0956586494316932,0.14818736533948906,0.07509184093233856,0.1625905282664064,0.18713435924788488,0.22306056800758445,0.1587421876331062,0.20542612283989733,0.30817519894230166,0.26252286778201284,0.25455012769021107,0.32182440131438,0.31066946915813104,0.1723557751266602,0.5116053652341433,0.1780477167263728,0.20236696955802533,0.21254106876512127,0.6051019144656952,0.06671097256499753,0.5106088950121416,0.5661399521260533,-0.1337108601275128,1.6696904777405919,-0.1866957788024178,-0.19847380563230682,-0.00966867369773824,0.9933996613827188,0.25222215933112374,0.11757544699220987,-0.15065828880173346,0.032280257099188185,0.3335587640361468,0.47454546374303896,0.15555825614829782,0.074993208052468,0.2973797441346678,0.45156672395486436,0.05135001717416195,0.3096719589372163,0.2603279749580173,-0.2835113159155773,0.18039363855791637,-0.1461441883082811,-0.27042766032542226,0.49306649202475167,-0.18118413344460874,0.08636123467422369,0.1277684070125274,-0.13448840383994543
-0.024872528620570752,0.2609562362590361,0.2804323297084833,0.23785439833213762,0.28601026136832153,0.31735079007701045,0.2488275665011159,0.2825849023830988,0.18911198125412404,0.3376003067974925,0.28886478182864667,0.32982832943557305,0.21827606874492894,0.18840078882525005,0.22416934817851772,0.2471703583857592,0.2892419004831034,0.2630058311399342,0.18170081615901273,0.1836955047375087,0.2462335410053066,0.23708649175525415,0.26710363345258537,0.27158831030825303,0.3391811191957659,0.25974399124773795,0.27041280595676515,0.12636115573224718,0.4613693047809308,-0.0667982348733351,0.1747444043055501,0.6852859392008903,-0.1866957788024178,1.7555005233793841,0.5174633198261521,0.36958957862057085,0.2125958821165933,0.3404305983262503,0.2695524243540248,0.00982709818502007,0.37976306847697694,0.23380199555396447,0.21816730253584038,0.31701641280801823,0.003443691603076014,0.29133849120417826,0.30474494738033636,-0.030315128886313665,0.04982646003894489,-0.07826687557245995,-0.013812400651945571,0.0009413985180395938,0.08604893611921736,-0.03913937592617142,-0.4767926873693079,0.05383656096238977,-0.13033231390870215,-0.3261104272626551,0.6235293304223671
