0.685858921222819,0.22311576229493577,0.42334478840542517,0.03511101623378377,0.08601055002420445,0.19536123577810902,0.2268617209699283,0.08683649298815713,0.17791982635064396,0.16002382444653102,0.15480376082805455,0.18710122663808212,0.14895231741552403,0.18060393877697772,0.15628161904703314,0.09599772376071122,0.11929971108835385,0.15362888246550088,0.1109842256045888,0.1437104343327088,0.12756186926247368,0.14910752369236802,0.12540349010497445,0.12388072916241868,0.13289100559586867,0.15940307644781812,0.10422045638619085,0.09945963968886776,0.16634872880038876,0.15240080265286104,0.10279285372480272,0.09212685912644775,0.13639821788783016,-0.000801602654512084,0.15863498091696157,0.12649645614466337,0.14312424461787743,0.0859173702693805,0.15900847819634034,0.11179931552094802,0.08404620545949934,0.1241395218998543,0.150089111752317,0.10211442417227724,0.19779789518079643,0.2102946577372832,0.1739399827816698,-0.033422355553834875,0.19195659554039518,0.007344036290720938,-0.03643902563717583,0.07310394561255681,-0.07127693255577609,0.0115403484774825,0.16021883849605498,-0.07997463714383697,0.31695331845980695,-0.002804696322540194,-0.38891894207707434
0.22311576229493577,1.7317163758666605,0.9940304554886766,0.4327870298826124,0.18805680365990327,0.3905369827263114,0.30008027796636866,0.39384700205252354,0.4228019097638609,0.3199081116845313,0.3601875444101938,0.4146074667273456,0.37972056132131626,0.383146537542999,0.40106638387987364,0.15235103234803016,0.33343601499912734,0.34629504787841653,0.13518523335933802,0.5216412903753469,0.29078626467198726,0.2893473057400437,0.10008925160573555,0.3367711666744939,0.36533829731870027,0.4838914557411179,0.27951601529326975,0.2728119275853076,0.4322436176938739,0.1404189266689164,0.25479817190288767,0.2991988650068714,0.37046798576353507,0.402233391723831,0.20765499739781235,0.22299492456002806,0.3999306103878344,0.28566244414158115,0.26054622257738985,0.1727284507600262,0.1163032507665472,0.2740690701876918,0.5101644410765693,0.12673715182878847,0.5597600563198654,0.1772397038531805,0.1851453255208607,0.11639212930287117,-0.6756947020198449,-0.43293298525667756,0.29545335595162453,0.2762469119132455,-0.1017555234983632,-0.15588238952994646,-0.5651580902843091,-0.3263001429120127,-0.5747776776666667,0.5777751723059533,0.4863276415355562
0.42334478840542517,0.9940304554886766,1.8385615662364354,0.20378283620309814,-0.09733466433986547,0.48727388633183993,0.34351909459964447,0.4717442431801537,0.5958571557041882,0.443271824859057,0.37238891899899484,0.3764673571840075,0.3468505487106916,0.36298515025370937,0.41861411799495085,0.10057312804863652,0.3161954985439331,0.3389255500514005,0.3201140426122753,0.3443156735250959,0.32109358536677607,0.37521512925830164,0.2082320019968114,0.3824643804236173,0.3564149042491397,0.45006375523299047,0.22415938225026333,0.23527756515089163,0.5638843382454136,0.11427688459489442,0.2673732352077511,0.3196601925963441,0.33136760966166595,0.38945158885717884,0.4880367302481851,0.35978981106872676,0.43311673859317457,0.23001720145685353,0.35826783531607354,0.08809742314284097,0.15392122142946807,0.29957381380632947,0.34718108631291245,0.21100291785161163,0.5086418563150282,0.4113532177318458,0.22172190569022457,-0.028977164462401662,-0.5668236435295271,0.04056550755979019,-0.1282942031809759,0.22663808763983412,-0.11701423212683154,-0.06511190686596796,-0.1127458335463529,-0.176908389583092,-0.03408406722405507,-0.20407597415708334,0.336661146500325
0.03511101623378377,0.4327870298826124,0.20378283620309814,1.1681577895424191,0.7675169351855691,0.6069957721932867,0.43867259790845115,0.4826230972284674,0.30981024711298494,0.21014133144271321,0.40656931768808224,0.48910605342233626,0.45158797554048563,0.44348086784322555,0.34311470993748466,0.5343930522978367,0.3452229685269513,0.3263110871336756,0.27201679124522093,0.41871553726118443,0.34603971731229793,0.43324645326715455,0.3751464383708905,0.4489871941252117,0.5040183731615557,0.3737781133747594,0.34632301091425766,0.1693749410744337,0.467093221594649,0.4092516270354715,0.3572148325633845,0.33763477953524407,0.38671309821297195,0.628249624667641,0.03021250418074662,0.34046064726543135,0.4089556895424539,0.24234845785663414,0.48521881902755737,0.203631983255615,0.19641004253109676,0.33364506441825553,0.5010327094684797,0.5181288288378084,0.16192202039065895,0.1785836498684285,0.3261304816445114,0.0789129652116581,0.1281295586934509,-0.30450321905459427,-0.15485350447698681,0.22550745328155955,0.12841840961991496,-0.18807621883032904,-0.22051748537563154,-0.10371358450325474,-0.5945302511638504,0.621622678584697,0.08789456772077704
0.08601055002420445,0.18805680365990327,-0.09733466433986547,0.7675169351855691,1.3689084436417835,0.6753746419847394,0.46055821844624484,0.4462364129648293,0.26264954974751004,0.23659284318452586,0.44604159695972634,0.5016907936427506,0.5012617631500903,0.4004950197865855,0.361325778296729,0.6830309735682651,0.34504856570110676,0.3929629370542931,0.3230799480347044,0.4599255788643109,0.36098347728604513,0.4741662453916806,0.4538360438217117,0.49211774947640696,0.5057470429906323,0.2977674043972358,0.40915011230674053,0.1666172471676358,0.4576759228754178,0.4935274344614787,0.36090393897881246,0.4420790719296088,0.352796884369994,0.7020694641269783,0.046165982195893636,0.3941855158968344,0.38217262533106605,0.2809540640059311,0.5882609037129004,0.3041221283824154,0.21208343923159062,0.3713167101496366,0.44989975684160777,0.5997131772031733,0.09775818279418941,0.18559824601046745,0.4401822009216616,0.10588359026020014,0.7422170410124727,-0.4050857002235299,-0.007263304719716828,-0.02189066903101051,0.29954812363856465,-0.11908029143044463,-0.06567632646312621,-0.0501395579172785,-0.002387723591742439,0.12933302238320069,-0.07327821850375126
0.19536123577810902,0.3905369827263114,0.48727388633183993,0.6069957721932867,0.6753746419847394,1.061604840397458,0.42434259566099736,0.5828963748179637,0.37727833400705485,0.24089761424928804,0.5005181887807663,0.4928904810378251,0.5196101106383745,0.4447527537806342,0.41696026688517435,0.5294751463156157,0.39720603323688414,0.4096837492520989,0.4336326652477776,0.4780379825148288,0.4208394711633943,0.4832878499807821,0.33932068909603097,0.5089942906757233,0.5214446270188908,0.4587808597342345,0.4132380446377733,0.25557618456141706,0.6554320528935369,0.4528731622810893,0.3871426067432915,0.47595859373771604,0.33833449617126743,0.6323367582565068,0.34278685247868346,0.3842913174383243,0.5184391433499432,0.28955304135527155,0.5759493273354345,0.2401604299515513,0.16552840286454484,0.4070452637295903,0.5417895662604266,0.4814972957219293,0.37444856392134607,0.2542579552663726,0.4428905620441902,0.07468264783557205,0.49670991156501043,0.02166661070241241,-0.5038783895814138,0.25037312373618936,-0.012320063031981706,-0.04351182247745594,-0.040131157859354935,-0.018082625388290394,0.009476894784379535,0.17186607801732584,-0.18320752196211867
0.2268617209699283,0.30008027796636866,0.34351909459964447,0.43867259790845115,0.46055821844624484,0.42434259566099736,0.6498493784758052,0.2797894818274166,0.3423439022302567,0.22440940155240438,0.33827999858938634,0.4432318707832156,0.3315820499667442,0.27121882029696903,0.2383178347192475,0.41413979199848094,0.2784277512115656,0.2938222191139032,0.28714849004750775,0.3191833104878827,0.2966599547110423,0.39189347992442036,0.31410639440954874,0.3675562302205326,0.3674190226137742,0.28505542995623806,0.2840218385565272,0.1289200086492896,0.3288480929835323,0.3301475630565135,0.2807330591107504,0.27879597592774963,0.32312626074791795,0.4565383208927959,0.2371508619405696,0.27583275468227453,0.35312636424227617,0.19094327896447275,0.42622293435197006,0.20617418752201094,0.11807771578659564,0.28980079841516276,0.3950222315893044,0.36119651518835977,0.2716180233518933,0.18329255870662492,0.3193861166414376,0.08494312611512427,0.3936772048534472,-0.23209650716607097,-0.12027693691406487,0.13844151006753516,0.08465981030399232,-0.09182244510905993,0.024566540023317842,0.011934842891710028,0.025944713507872332,0.10981052287426286,-0.27329928954784627
0.08683649298815713,0.39384700205252354,0.4717442431801537,0.4826230972284674,0.4462364129648293,0.5828963748179637,0.2797894818274166,1.0888132163243085,0.25684544557452343,0.32212837794531535,0.389529779687207,0.29497174834948936,0.4700464150971358,0.4195525020190258,0.32819559944250765,0.3787178402468298,0.299156422547156,0.40557754974109633,0.3393570910273361,0.32896132924273724,0.33162194184505156,0.3678943345543069,0.3110896388687184,0.4214466826283996,0.48130403423742313,0.49877077845165785,0.31608638934278765,0.007191041773040555,0.47929036256567364,0.3923882642544195,0.2798498861042697,0.3241582402923715,0.36037864848655504,0.5396219610900108,0.5051100786479691,0.23579290998434504,0.4611556049347111,0.2042585597990049,0.4583161440376137,0.1919310162264016,0.12809763230849905,0.331236217691794,0.5131913248136533,0.28970619741644016,0.4032585396227514,0.29864238175264296,0.4139008573086347,0.018054213900672144,0.18296173572148716,0.11751816382638412,-0.3353937489542299,0.19859380663754683,0.018437291416023266,-0.15217569967680983,-0.1941460300994618,-0.14882185748924048,0.06560483393764507,0.3023291523061427,-0.12236231737464628
0.17791982635064396,0.4228019097638609,0.5958571557041882,0.30981024711298494,0.26264954974751004,0.37727833400705485,0.3423439022302567,0.25684544557452343,0.8609014966428182,0.3851989725653077,0.287843000146946,0.29651041297111685,0.3177915462970053,0.30863806371139646,0.2767841869124268,0.2038584740091673,0.2581656067066841,0.31382141876921604,0.262326824619514,0.24920596133585934,0.2770318664239346,0.47825216421860084,0.3297249307560806,0.36036044302591086,0.29782477685867637,0.35320743294502577,0.21309803535805888,0.21809997482580012,0.3138698873964275,0.2308179854763437,0.26068924606760296,0.2781546362421046,0.3079753832200655,0.40258247784647166,0.19481490305669966,0.314103181810853,0.27789035284603436,0.1652501436225222,0.38298644502165485,0.19175481471101424,0.14426760989194412,0.2581033117490715,0.285782625183703,0.36732244635996125,0.2079396722946062,0.1587789482282901,0.2621508177551388,0.09648172227178504,0.1828399917613392,-0.2846260253797486,0.11172488037732414,0.06831733950293008,0.057740740098848824,-0.07701727274895794,0.0364646290000619,0.052213869540627476,-0.06135676379167698,-0.06873047591312324,0.018307152917254925
0.16002382444653102,0.3199081116845313,0.443271824859057,0.21014133144271321,0.23659284318452586,0.24089761424928804,0.22440940155240438,0.32212837794531535,0.3851989725653077,0.8489761444315413,0.2707312800264702,0.28625172059494974,0.28556244625507443,0.2557783639116481,0.2879539853881097,0.308778838377006,0.27471730783806964,0.35333576499954383,0.31412147776447885,0.13718223781938407,0.2239324115918157,0.3601756879351434,0.3790337631918967,0.35249152318241056,0.2962041666380895,0.22952977172526295,0.2057956594359311,0.15059448653112473,0.3264932782873286,0.3386150181220154,0.22196369909704022,0.23800524297691436,0.26306950800919154,0.38443738449620035,0.3290159861087597,0.2959760087565036,0.2821122402897837,0.11420182407566476,0.42924921085525336,0.20629342878460863,0.2384687696566473,0.22773604747982915,0.2469487732055774,0.3752118664446426,0.09897346280104338,0.22589856093572877,0.3651810857307855,0.049515700654490805,0.41761121282314173,-0.06013985748916416,0.084514418501413,-0.009825690271474322,-0.012467573108442417,-0.027576653512617025,-0.05061324883695505,-0.058192358622484903,0.15751635326452218,-0.06296174734114125,-0.048739662041303665
0.15480376082805455,0.3601875444101938,0.37238891899899484,0.40656931768808224,0.44604159695972634,0.5005181887807663,0.33827999858938634,0.389529779687207,0.287843000146946,0.2707312800264702,0.602916530765288,0.45286146225272,0.4922450446167072,0.3343867251009281,0.36499765203547274,0.41521120888468505,0.3785501582784878,0.34431919956125834,0.3003846703432758,0.41709174201792554,0.3400772795293202,0.3671672212937239,0.28859274795685624,0.4031555068807594,0.40211183399870704,0.37235573737643624,0.35007223078632005,0.22702247039486254,0.4256287914951396,0.353572267158744,0.33658056628866295,0.3411621099439044,0.3500642675376536,0.45841408117231613,0.36624332762536027,0.33741608011421864,0.4019699455582387,0.24806337066717088,0.4501206660199994,0.2649444838761886,0.19052912280745388,0.3431844448587886,0.4044394535995004,0.35272158162968176,0.2945525865483723,0.20466260681153095,0.35577404407636093,0.11076106877857513,0.3788049731451799,-0.10802966636886314,-0.0991052205658179,0.0750877439608406,0.05158034724208356,-0.03389833330672396,-0.06484609251003623,-0.04613872041886993,0.0026833349303853043,0.11044457529172316,-0.1165946185485237
0.18710122663808212,0.4146074667273456,0.3764673571840075,0.48910605342233626,0.5016907936427506,0.4928904810378251,0.4432318707832156,0.29497174834948936,0.29651041297111685,0.28625172059494974,0.45286146225272,0.7706316890977986,0.3980679347602528,0.3616708588333165,0.36774975406021443,0.43656430564057963,0.3475129258501144,0.29158010415100666,0.3037912814714553,0.4114953502692212,0.33916735373920326,0.3708442296662334,0.33679880863425826,0.40229240984331643,0.4646231469559085,0.3607089377099683,0.38111974530989645,0.10501902373024392,0.4065742611907927,0.3704174728469514,0.34666870107475023,0.33316239779251605,0.3953400143439122,0.5126643614135326,0.3589791637371389,0.33021738792793937,0.3893642183934604,0.2404377516266376,0.4895388928644484,0.2661488412935568,0.1323259988809662,0.34676187135452435,0.4467826900789156,0.3247911654991931,0.341135665233862,0.18906840438084802,0.35035060795221684,0.14411589378093162,0.3388831206965653,-0.27557912343361296,-0.10747225368163829,0.21885658227914395,0.056865249316161375,-0.11408381233737859,-0.07905043336282783,-0.08983274918701689,-0.047505464945655974,0.14722447790218202,-0.10534476407667516
0.14895231741552403,0.37972056132131626,0.3468505487106916,0.45158797554048563,0.5012617631500903,0.5196101106383745,0.3315820499667442,0.4700464150971358,0.3177915462970053,0.28556244625507443,0.4922450446167072,0.3980679347602528,0.8774527885351475,0.3615030894734063,0.3149706982984851,0.5368776848951762,0.33512462453258823,0.40814346399192886,0.3416957437981553,0.3761559590345847,0.34095227411567497,0.4978145489385629,0.2951980952798948,0.48623170996372794,0.44377765827948396,0.4679571190719965,0.4007454265403399,0.2261897009016508,0.47116370454913487,0.43759706303260665,0.3143437170975013,0.35766587458639265,0.4457965140837871,0.4843575263626361,0.44929444117797357,0.29585349736057187,0.42786395492802537,0.23322129863986643,0.4001857113072402,0.25355541196868975,0.22638682203431854,0.35743831367555084,0.5184776049498854,0.4233192069295728,0.20662209526622474,0.26142730979818707,0.4138167453112105,0.03753223823603466,0.48776048490290613,-0.07462896154332792,-0.15000028956854553,-0.0426341020151395,0.10075419850667906,-0.07658482421077727,-0.08463316046176113,-0.06410029367036253,0.007813140881153178,0.19198989365351662,-0.1469447881032135
0.18060393877697772,0.383146537542999,0.36298515025370937,0.44348086784322555,0.4004950197865855,0.4447527537806342,0.27121882029696903,0.4195525020190258,0.30863806371139646,0.2557783639116481,0.3343867251009281,0.3616708588333165,0.3615030894734063,0.719536764883736,0.3973341535856363,0.3232050391085053,0.34581766770834566,0.263741082898078,0.26805857071860273,0.3744456619743691,0.30986682323759107,0.3151182407596269,0.298937470900517,0.37066324434992715,0.3827538337517144,0.31915658709058053,0.27728855250262585,0.2727163466004018,0.39730487266532744,0.35048146373993083,0.3158522835071094,0.27110656638192737,0.3455806024104526,0.4175230469762183,0.2399062168667767,0.39118409481574035,0.4136259572446842,0.2172944016387714,0.4157731986690494,0.21766703420703754,0.24554473884978467,0.3102403756016302,0.3800615526849752,0.365649210691352,0.24681675306265946,0.24001241948535076,0.3114851141364859,0.060266853894164495,0.27553127238939257,-0.03441232061952249,-0.10038376122635821,0.19793865784247566,-0.026598174607735767,-0.12427908652997074,-0.13102695213936386,-0.11134710750471764,-0.0588183633317272,0.2268924216228235,0.03156116174235559
0.15628161904703314,0.40106638387987364,0.41861411799495085,0.34311470993748466,0.361325778296729,0.41696026688517435,0.2383178347192475,0.32819559944250765,0.2767841869124268,0.2879539853881097,0.36499765203547274,0.36774975406021443,0.3149706982984851,0.3973341535856363,0.7542103152040979,0.26304623987799663,0.33216507748110924,0.37038721437694155,0.36418255370406916,0.37370937095527873,0.3563754450612112,0.2536661382296116,0.34752109395282194,0.4003923317918355,0.43527658355655585,0.20674027037726825,0.2835171288263548,0.3244704770151172,0.4562075111223463,0.40414062971039055,0.3615072813767698,0.2915487259225212,0.420198732032494,0.46442644073320766,0.2554606555421117,0.45880987795515965,0.5119720248761173,0.20974954094798354,0.478885721153482,0.20181266124229752,0.274576083397022,0.3318809664999426,0.3595265195814978,0.39582055199317334,0.23654565454123402,0.322499106720484,0.3641491847720599,0.04075361119843696,0.32503897430912787,0.1701081911403033,-0.24013727846527771,0.37958742184142474,-0.17090341216338725,-0.15869266644515503,-0.022679137421765264,-0.013944650762284948,-0.039839887345087886,0.09440951353104599,-0.039670089681868775
0.09599772376071122,0.15235103234803016,0.10057312804863652,0.5343930522978367,0.6830309735682651,0.5294751463156157,0.41413979199848094,0.3787178402468298,0.2038584740091673,0.308778838377006,0.41521120888468505,0.43656430564057963,0.5368776848951762,0.3232050391085053,0.26304623987799663,1.3679763871310482,0.40971420057069036,0.36725087851255517,0.6763740260288978,0.3315728820092336,0.42166856315020745,0.7207962191069281,0.34104268529053666,0.5429868246737386,0.5964985937208394,0.2172520585337404,0.4769072246663086,0.3040898126126623,0.4391569553887,0.673368914631439,0.3453857804308971,0.43962680774912066,0.48139778589558224,0.7141947821456841,0.721722207664502,0.3377971898064416,0.4770318128996245,0.2048421933237864,0.6178250493350476,0.3021253533789985,0.20734389514475485,0.4741623256896502,0.6257902846905609,0.6712395855457849,0.16353283349461428,0.2318611884903876,0.5236564635089355,0.10078590777407581,0.721954429765762,-0.5478103396721556,-0.23823243064813465,0.08237152124547716,0.3251163527665792,-0.12640819673481848,-0.015575332958873,0.0031190499755717957,0.0206234353146706,0.130092200519859,-0.14575897337159502
0.11929971108835385,0.33343601499912734,0.3161954985439331,0.3452229685269513,0.34504856570110676,0.39720603323688414,0.2784277512115656,0.299156422547156,0.2581656067066841,0.27471730783806964,0.3785501582784878,0.3475129258501144,0.33512462453258823,0.34581766770834566,0.33216507748110924,0.40971420057069036,1.006946621584044,0.24660804549733858,0.4460105954570062,0.5040683660480522,0.41585136886259205,0.3358093399497206,0.27514197676072016,0.37597534818793005,0.3568332676722548,0.22448989886171672,0.3498104763326206,0.593503718612595,0.3240837163988902,0.3977828079193925,0.4316694137359553,0.29876979792582403,0.49032303106109426,0.3565817725811959,0.3301220017244219,0.47830961048128356,0.6438277440278152,0.2850990653623123,0.5695136367674212,0.3586921864048236,0.2976358176170853,0.43428636018696376,0.4250677671907071,0.4923743744758454,0.43762350177727233,0.20387218483230038,0.3633823048464077,0.17656097344255073,0.442877377908734,0.2864626245693672,-0.0042810289791533045,0.22020692442007905,-0.25339187767495785,-0.05191759206408091,-0.18392466552835138,-0.04014134791410632,-0.05950781393138935,0.16008208229642237,-0.1320413177384037
0.15362888246550088,0.34629504787841653,0.3389255500514005,0.3263110871336756,0.3929629370542931,0.4096837492520989,0.2938222191139032,0.40557754974109633,0.31382141876921604,0.35333576499954383,0.34431919956125834,0.29158010415100666,0.40814346399192886,0.263741082898078,0.37038721437694155,0.36725087851255517,0.24660804549733858,0.8354507929924433,0.40137866947629747,0.15589000134468445,0.3220486945722521,0.385451042427964,0.33190239342736233,0.41009075887083246,0.3548271551704947,0.33433735381611623,0.268491871001087,0.2929870280120137,0.3391477532616616,0.2440316746298299,0.26349067119007646,0.2913514633702922,0.42389182647982193,0.4566840120791044,0.3390532749733435,0.23659988161412304,0.43090090467482034,0.11721671146879398,0.3519997905006611,0.24448751476333302,0.09393139583801514,0.27360395701949713,0.5395878260571895,0.33059950213512196,0.41141973501512547,0.21870363874847393,0.45351953323414923,0.06610468727689756,0.20705476696205857,-0.014703800296035033,0.2300942619976269,0.08033548203034913,-0.2511576253199413,-0.13575379611350274,0.020324689129646297,0.03540071843876671,0.09485802527770923,0.08825570337754801,-0.2310374461988852
0.1109842256045888,0.13518523335933802,0.3201140426122753,0.27201679124522093,0.3230799480347044,0.4336326652477776,0.28714849004750775,0.3393570910273361,0.262326824619514,0.31412147776447885,0.3003846703432758,0.3037912814714553,0.3416957437981553,0.26805857071860273,0.36418255370406916,0.6763740260288978,0.4460105954570062,0.40137866947629747,1.5034443881902309,0.23546907486890237,0.5004717563785357,0.49808582520078126,0.1518628210795518,0.47379779113719045,0.3444674978186828,0.04664715486834576,0.33930954397414503,0.4724972607380366,0.4123701740703089,0.6053515128397546,0.4289299076546895,0.4257937170699991,0.590555903498577,0.50951175267862,0.5591775998187117,0.5243239115666989,0.6789572512989358,0.21160294317804038,0.6948679196047179,0.2157130395631093,0.26259028051083205,0.4483322518311501,0.34783165259859433,0.4259787949822135,0.3277003815773506,0.2656617913358862,0.4684714191564626,0.33885659048067157,0.6262780448599502,0.5183680453664661,-0.21517138786668819,0.14631751043257948,-0.294882659438613,-0.13340988289194414,0.08444085245352803,0.07234206419246068,0.0803582418394209,0.002530156646897932,-0.14537716622431263
0.1437104343327088,0.5216412903753469,0.3443156735250959,0.41871553726118443,0.4599255788643109,0.4780379825148288,0.3191833104878827,0.32896132924273724,0.24920596133585934,0.13718223781938407,0.41709174201792554,0.4114953502692212,0.3761559590345847,0.3744456619743691,0.37370937095527873,0.3315728820092336,0.5040683660480522,0.15589000134468445,0.23546907486890237,1.139175347392469,0.2921453773682947,0.2643375883305888,0.17257742699576062,0.4229389534300628,0.4085024413077338,0.33405303967974537,0.4765258475174912,0.4175875466741611,0.3279091376289481,0.4830494536154417,0.4102361800149569,0.4763196790398093,0.48590910674634474,0.45197101823563757,0.12205018001182652,0.2586359568644592,0.6874646795973448,0.5532884963082212,0.4992216091053201,0.379330570856835,0.2012366515922247,0.3439382170227987,0.8273663614784939,0.29684498875355014,0.8134969296074568,0.050090194602934277,0.38081947075634276,0.3436430326622353,0.37367821923780226,-0.3526394432338979,-0.046176984181454064,0.42514175578936647,-0.056978121569261096,-0.09096560365342114,-0.06968052390679673,-0.09964887602688631,-0.044208867891360935,0.08934470030502047,-0.012667951185891133
0.12756186926247368,0.29078626467198726,0.32109358536677607,0.34603971731229793,0.36098347728604513,0.4208394711633943,0.2966599547110423,0.33162194184505156,0.2770318664239346,0.2239324115918157,0.3400772795293202,0.33916735373920326,0.34095227411567497,0.30986682323759107,0.3563754450612112,0.42166856315020745,0.41585136886259205,0.3220486945722521,0.5004717563785357,0.2921453773682947,0.6762615046211494,0.3687508672833229,0.3062310017016831,0.36546272665060164,0.37933924318648404,0.1409170454208177,0.2770360512316545,0.31786128889859383,0.3883107082643525,0.4476151855498291,0.4288949924750245,0.26315100347869136,0.4944884177627885,0.45994577678621434,0.4272417568294593,0.45936959156653323,0.5835315194796589,0.1938244632062074,0.5764533572224072,0.33586254555537115,0.20118873919626187,0.5226724311979689,0.4143930463976019,0.42995972582171116,0.5072613388451277,0.2287855206963067,0.3923458395704284,0.14487373746098353,0.32254942595069974,0.08766334188677298,-0.18452026764749857,0.18332146078269987,-0.05368562386687823,-0.10128199946741386,-0.011489570054213208,-0.004183531515950918,-0.04140230103875565,0.12328134271362427,-0.09951753049854016
0.14910752369236802,0.2893473057400437,0.37521512925830164,0.43324645326715455,0.4741662453916806,0.4832878499807821,0.39189347992442036,0.3678943345543069,0.47825216421860084,0.3601756879351434,0.3671672212937239,0.3708442296662334,0.4978145489385629,0.3151182407596269,0.2536661382296116,0.7207962191069281,0.3358093399497206,0.385451042427964,0.49808582520078126,0.2643375883305888,0.3687508672833229,0.888460483383328,0.40726178463409235,0.4552441191880738,0.46913686179661074,0.300339085169854,0.34670234008683193,0.2010297217363379,0.43707007217471483,0.47400994448296746,0.30957236264763877,0.3607905350282069,0.40559039697389937,0.597048303873809,0.44205030270863205,0.31033855548670825,0.38987438703027044,0.17565970493422015,0.5298554421445298,0.23544666291334948,0.1731848943364159,0.3772761152034891,0.49247517652811873,0.558772271625075,0.1446360994999723,0.25000205911717743,0.43051550253576804,0.0852810542002908,0.481765622361144,-0.3507455785030575,-0.11090883512273875,-0.02182759512492461,0.20734814632232618,-0.11681492961753816,-0.005560347655246654,0.007760193051333023,0.005948767319528117,0.05259905259162943,-0.11390114433215462
0.12540349010497445,0.10008925160573555,0.2082320019968114,0.3751464383708905,0.4538360438217117,0.33932068909603097,0.31410639440954874,0.3110896388687184,0.3297249307560806,0.3790337631918967,0.28859274795685624,0.33679880863425826,0.2951980952798948,0.298937470900517,0.34752109395282194,0.34104268529053666,0.27514197676072016,0.33190239342736233,0.1518628210795518,0.17257742699576062,0.3062310017016831,0.40726178463409235,1.2603558829721597,0.41882346197385456,0.5620549265255167,0.04971277322888471,0.15462064313876864,-0.11508818123711054,0.45090963218560476,0.5411616254856575,0.38393258417138226,0.06521284510946974,0.3847202630320082,0.5270525183244569,0.1690325806656548,0.5419057115807887,0.5109243084278757,0.07456334265635356,0.7415205034728434,0.3926645483907327,0.21978105820087984,0.2862932235307135,0.33707748008549215,0.8397877598590958,-0.02419123305607968,0.3977924220168951,0.43888030467373,0.11600975547714551,0.6654124628164867,0.06368069366630373,-0.2885823422129494,0.26347087804266306,0.03742379683065949,-0.13888571065847422,-0.03758011190422665,0.03211332972719193,0.0323928163729102,0.08442110754485269,-0.1902358516164222
0.12388072916241868,0.3367711666744939,0.3824643804236173,0.4489871941252117,0.49211774947640696,0.5089942906757233,0.3675562302205326,0.4214466826283996,0.36036044302591086,0.35249152318241056,0.4031555068807594,0.40229240984331643,0.48623170996372794,0.37066324434992715,0.4003923317918355,0.5429868246737386,0.37597534818793005,0.41009075887083246,0.47379779113719045,0.4229389534300628,0.36546272665060164,0.4552441191880738,0.41882346197385456,1.185794705128332,0.5269137228170794,0.21941284740697833,0.40373413440138384,0.26685185889641666,0.466631777903251,0.8277359002581876,0.305704124142789,0.6582141288436428,0.7722941009022593,0.5404645257172399,0.489239880918306,0.46784735001871425,0.6388315286735446,0.2859144488564635,0.5510251308052868,0.29117519616897103,0.30163202896285235,0.41230794101399354,0.5673065186236081,0.6098908130138262,0.1565755324987206,0.36161770348422917,0.5698359115472368,-0.08976587427569055,0.817293160214506,-0.11387186416281501,-0.2092395561093528,0.11007929221916304,0.21458410835324312,-0.14337982775974425,-0.07142325831006062,0.01901842148184632,0.017255533329506578,0.1734373440488621,-0.1895102960545089
0.13289100559586867,0.36533829731870027,0.3564149042491397,0.5040183731615557,0.5057470429906323,0.5214446270188908,0.3674190226137742,0.48130403423742313,0.29782477685867637,0.2962041666380895,0.40211183399870704,0.4646231469559085,0.44377765827948396,0.3827538337517144,0.43527658355655585,0.5964985937208394,0.3568332676722548,0.3548271551704947,0.3444674978186828,0.4085024413077338,0.37933924318648404,0.46913686179661074,0.5620549265255167,0.5269137228170794,1.0977313194655993,0.2463223203577152,0.3691121558320729,0.15526003764166985,0.6163529383591386,0.6736239638511653,0.36769940594610484,0.3207884064252967,0.45692785280369363,0.7252828027477147,0.44329509636275194,0.44353479990258177,0.5558368236368812,0.24683549757364606,0.6298321594884528,0.21744364629752644,0.243153980604559,0.3923226896465016,0.592973486238201,0.6341594153185334,0.25156527111861726,0.37321801321480574,0.4972151536804177,-0.08041298873829127,0.3517371199722329,-0.5537356335222811,-0.46087023386683373,0.39609901139368403,0.34333780130510705,-0.17672841561391028,-0.0868433963717377,-0.04245527783212894,-0.11406575289575974,0.2513114092048523,-0.08560484251752512
0.15940307644781812,0.4838914557411179,0.45006375523299047,0.3737781133747594,0.2977674043972358,0.4587808597342345,0.28505542995623806,0.49877077845165785,0.35320743294502577,0.22952977172526295,0.37235573737643624,0.3607089377099683,0.4679571190719965,0.31915658709058053,0.20674027037726825,0.2172520585337404,0.22448989886171672,0.33433735381611623,0.04664715486834576,0.33405303967974537,0.1409170454208177,0.300339085169854,0.04971277322888471,0.21941284740697833,0.2463223203577152,1.994543900283552,0.2642247951969502,0.3058954050717182,0.055967977135247794,0.019610034819743438,0.2621738921089664,0.21607166530835265,0.2808789763881962,0.24188519104195372,0.3641991871298246,0.09230921874072995,0.09938972906529693,0.194274046270348,-0.4301678223064332,0.12105789260277161,0.4253987667896606,0.26513472298115714,0.6420970287283723,0.038450148538831615,0.29270047323746906,0.08999982601961905,0.14974115220781462,0.15554855004385357,-0.008341094339152075,0.2577250117813853,-0.19053996246711277,-0.1365553923034728,-0.2524084183584273,-0.015672096116772425,-0.0972821319033684,-0.13253749932010866,-0.07468502385178137,0.2328311209096972,-0.05118306492134601
0.10422045638619085,0.27951601529326975,0.22415938225026333,0.34632301091425766,0.40915011230674053,0.4132380446377733,0.2840218385565272,0.31608638934278765,0.21309803535805888,0.2057956594359311,0.35007223078632005,0.38111974530989645,0.4007454265403399,0.27728855250262585,0.2835171288263548,0.4769072246663086,0.3498104763326206,0.268491871001087,0.33930954397414503,0.4765258475174912,0.2770360512316545,0.34670234008683193,0.15462064313876864,0.40373413440138384,0.3691121558320729,0.2642247951969502,0.760008222431462,0.3281728820663715,0.3422969618514465,0.42322630334938416,0.3362076681502225,0.5502143292223164,0.4268159678165551,0.4532758870529391,0.3587513919884784,0.37941469954034523,0.38178769637506665,0.2946678584152094,0.3908619045850285,0.2422556689959829,0.24797549978464425,0.32388616044475277,0.535804265491125,0.2380074758065815,0.35866892630374075,0.08119037690178364,0.3378953881028354,0.14766139227344996,0.5614311383660062,-0.1899785222204614,-0.11218070805825474,0.19436236146128574,0.036431027704894745,-0.0684100279732671,-0.017363986182613818,-0.018262457833147686,0.030605129764408674,0.04731441159518689,-0.082036732991391
0.09945963968886776,0.2728119275853076,0.23527756515089163,0.1693749410744337,0.1666172471676358,0.25557618456141706,0.1289200086492896,0.007191041773040555,0.21809997482580012,0.15059448653112473,0.22702247039486254,0.10501902373024392,0.2261897009016508,0.2727163466004018,0.3244704770151172,0.3040898126126623,0.593503718612595,0.2929870280120137,0.4724972607380366,0.4175875466741611,0.31786128889859383,0.2010297217363379,-0.11508818123711054,0.26685185889641666,0.15526003764166985,0.3058954050717182,0.3281728820663715,1.8981857978146184,0.022635572976481774,0.14920717978685688,0.46305024367955105,0.3400782599054447,0.44740254424257814,0.19990785696034546,0.09776531585751637,0.7803436792897103,0.35333544845409054,0.27812578468064025,0.27008700023937837,0.22981821383958628,0.6268521567164947,0.31893702045438277,0.13538599275771274,0.7635198711939631,-0.06067639685814971,-0.017234306129676587,0.09801379259833383,0.23562287508399318,0.6745885214462369,-0.11126216786120208,0.30689723384224604,0.3417760213130555,-0.49046811310055577,-0.00206328879561323,0.19443070138925264,0.08603006599851559,-0.09517265478063723,-0.05662947015934425,0.26148936516723953
0.16634872880038876,0.4322436176938739,0.5638843382454136,0.467093221594649,0.4576759228754178,0.6554320528935369,0.3288480929835323,0.47929036256567364,0.3138698873964275,0.3264932782873286,0.4256287914951396,0.4065742611907927,0.47116370454913487,0.39730487266532744,0.4562075111223463,0.4391569553887,0.3240837163988902,0.3391477532616616,0.4123701740703089,0.3279091376289481,0.3883107082643525,0.43707007217471483,0.45090963218560476,0.466631777903251,0.6163529383591386,0.055967977135247794,0.3422969618514465,0.022635572976481774,2.728942041888289,0.5748665784602704,0.1877236879875396,0.5740851189275795,-0.06247766697513241,0.6495674273578198,0.04025165807192641,0.8946065376375715,0.25585282068533854,0.16406942508562614,0.765614759743062,0.06312309109609798,0.6320986446980794,0.2978827587478165,0.16367997860969177,0.00690914386693961,0.31461479295904987,0.6352863237446161,0.4723558097498342,-0.658228970382948,0.6405097459683989,0.653320710481719,-1.1783692576186187,0.33854279982359065,-0.047806563993210975,-0.012147414557315203,-0.21268628943769183,-0.04581777372912873,-0.1074681465928048,0.22343386665187281,-0.014078004900253424
0.15240080265286104,0.1404189266689164,0.11427688459489442,0.4092516270354715,0.4935274344614787,0.4528731622810893,0.3301475630565135,0.3923882642544195,0.2308179854763437,0.3386150181220154,0.353572267158744,0.3704174728469514,0.43759706303260665,0.35048146373993083,0.40414062971039055,0.673368914631439,0.3977828079193925,0.2440316746298299,0.6053515128397546,0.4830494536154417,0.4476151855498291,0.47400994448296746,0.5411616254856575,0.8277359002581876,0.6736239638511653,0.019610034819743438,0.42322630334938416,0.14920717978685688,0.5748665784602704,2.904759904022884,0.524646539340139,0.4671935900386829,0.9308344523620756,0.4379645956522247,0.5156616773106314,0.3956591036312767,1.1015649016613185,0.3072059713334868,0.7678443747425605,0.049319847874943264,0.8502748392810614,0.49603667760198866,0.9437654081762489,0.9258620871785239,-0.10986834152511232,0.5166321740160515,1.2338508148663885,-0.3972293158710754,1.9844308833629194,0.10890013174991006,-1.027721172450352,0.4343393874557089,0.32006817645625535,-0.12168556062922889,0.0813282871091567,-0.05548629110918122,0.14391384874818614,0.2308538288517223,-0.4641351992617771
0.10279285372480272,0.25479817190288767,0.2673732352077511,0.3572148325633845,0.36090393897881246,0.3871426067432915,0.2807330591107504,0.2798498861042697,0.26068924606760296,0.22196369909704022,0.33658056628866295,0.34666870107475023,0.3143437170975013,0.3158522835071094,0.3615072813767698,0.3453857804308971,0.4316694137359553,0.26349067119007646,0.4289299076546895,0.4102361800149569,0.4288949924750245,0.30957236264763877,0.38393258417138226,0.305704124142789,0.36769940594610484,0.2621738921089664,0.3362076681502225,0.46305024367955105,0.1877236879875396,0.524646539340139,1.419298725873748,0.1524144054765203,0.6309191554958804,0.5025706952791875,0.28351734819802393,0.8488437355581352,0.7834972001318888,0.32252917801050734,0.5560681057791566,0.18205266959234942,0.4636616362061928,0.4159464204660838,0.19736331807883215,0.5118334678108983,0.31197485713735074,0.2189670829584145,0.33671772142500156,0.17191963574764352,0.3026087991171906,0.3304480059660108,-0.41038180177626316,0.48356593757338123,-0.2448507224466635,-0.10957273329028953,0.018047433795974052,0.05258462364041131,-0.1382503474194621,0.12343612955494775,-0.02659817521885935
0.09212685912644775,0.2991988650068714,0.3196601925963441,0.33763477953524407,0.4420790719296088,0.47595859373771604,0.27879597592774963,0.3241582402923715,0.2781546362421046,0.23800524297691436,0.3411621099439044,0.33316239779251605,0.35766587458639265,0.27110656638192737,0.2915487259225212,0.43962680774912066,0.29876979792582403,0.2913514633702922,0.4257937170699991,0.4763196790398093,0.26315100347869136,0.3607905350282069,0.06521284510946974,0.6582141288436428,0.3207884064252967,0.21607166530835265,0.5502143292223164,0.3400782599054447,0.5740851189275795,0.4671935900386829,0.1524144054765203,2.0917113377088863,0.45007273857084784,0.6425285970586063,0.34777393206503565,0.3169670486778158,-0.06866525152343973,0.3881544198867362,0.4456905005109161,0.2889510337922558,0.05733411910792207,0.32272837511047325,0.391979367012767,0.3196959872893855,0.3783149903747147,-0.012392719532202306,0.37283259245657985,0.06617495241962147,0.31519417938448807,-0.13608345971625954,0.35959269278539274,0.005174999282521103,0.004644538290926468,0.029749403084153674,0.019197560754039257,-0.0301283077531976,0.11914392830922539,-0.11610410781122521,-0.025841584926344346
0.13639821788783016,0.37046798576353507,0.33136760966166595,0.38671309821297195,0.352796884369994,0.33833449617126743,0.32312626074791795,0.36037864848655504,0.3079753832200655,0.26306950800919154,0.3500642675376536,0.3953400143439122,0.4457965140837871,0.3455806024104526,0.420198732032494,0.48139778589558224,0.49032303106109426,0.42389182647982193,0.590555903498577,0.48590910674634474,0.4944884177627885,0.40559039697389937,0.3847202630320082,0.7722941009022593,0.45692785280369363,0.2808789763881962,0.4268159678165551,0.44740254424257814,-0.06247766697513241,0.9308344523620756,0.6309191554958804,0.45007273857084784,2.2114329379091413,0.2652038442522035,0.5677313767608209,0.24396052065480664,1.3076455967330616,0.31360119955676086,0.2857012797514447,0.3008974309350642,0.0995507791846169,0.5975600000939427,0.8440375938070193,0.8715898442464801,-0.035242942326431895,0.5783195412476979,0.6791255807641159,-0.14783740415442892,0.7002407918787517,0.2762051981619367,-0.3062713172225024,0.4094864602672025,-0.11954831004246905,-0.35446649884302367,0.022350383398748636,-0.060723383928471486,0.0268536338485947,0.08989693409386845,-0.12847815653012376
-0.000801602654512084,0.402233391723831,0.38945158885717884,0.628249624667641,0.7020694641269783,0.6323367582565068,0.4565383208927959,0.5396219610900108,0.40258247784647166,0.38443738449620035,0.45841408117231613,0.5126643614135326,0.4843575263626361,0.4175230469762183,0.46442644073320766,0.7141947821456841,0.3565817725811959,0.4566840120791044,0.50951175267862,0.45197101823563757,0.45994577678621434,0.597048303873809,0.5270525183244569,0.5404645257172399,0.7252828027477147,0.24188519104195372,0.4532758870529391,0.19990785696034546,0.6495674273578198,0.4379645956522247,0.5025706952791875,0.6425285970586063,0.2652038442522035,2.175351186620374,0.5302442441048469,0.434655204729281,0.616548223421992,0.28020830801391394,0.836102145888528,0.0046438241426665855,0.06439845607013113,0.45596928906383344,0.7379191465306386,0.883049919415629,0.35654161276765406,0.20350408114279508,0.5785531901996515,0.190327504613562,0.14928576260125107,-0.7639141719800912,-0.1931921719874588,0.03798608126202057,0.6674202794136006,-0.26231358880138883,-0.1291893775118619,0.06887103643577976,-0.23400788377091458,0.17092346448578072,0.11336785012850088
