0.6835796495496285,0.13488899273114535,0.11650430545826818,0.06754594366340831,0.12954506321648857,0.09215733540755021,0.1738993496800735,0.06303700550842578,0.050561351559660656,0.09094816133327904,0.08137164489197364,0.09866299182436769,0.06904856704885806,0.0731382587014863,0.058877802732387415,0.10052853842617385,0.05843860491945114,0.0818916330173193,-0.019016762082028214,0.0347192082093692,0.05344491348449245,0.07618261196116423,0.03893260681013647,-0.01003388595421963,0.07693039443955038,0.04011843763325382,0.0870668011155437,0.033969334399411605,0.08691590978976177,0.0675323549987266,0.03752842110484388,0.06240426949549719,0.004839782041653287,-0.1340334175046866,0.08001330609586868,0.014745275176538479,0.018868712133859572,0.04100785172216847,0.006457533873007001,0.04704562792358564,0.08563939100705827,0.049656577039904566,0.022944829018044056,0.003703514901378215,0.12908479010718588,0.07012993929349653,0.08474096973232255,-0.0050269946055661735,0.033816329283947975,-0.03811418901590147,0.018193278260936724,-0.04499180302479506,0.029743143083439658,0.02980757240433747,-0.0019349102194650138,-0.020091609151339385,0.017552683423580278,0.06204052817400419,-0.07969858364848408
0.13488899273114535,2.8917811650035308,0.4285986195546389,0.06643175676848669,0.1987421738658581,0.3038768034135994,0.24701941576177866,0.17266877775533063,0.36053497641148347,0.13986428388430375,0.17191057662573886,0.2597668721053492,0.1416211403413304,0.08777368188400965,0.20207434713644315,0.22912436443509457,0.12902622801172528,0.27602965994005274,-0.47054508529527145,0.16987739789439124,0.1892921359633535,0.2236195365012966,-0.09936295240567149,-0.08408934291449754,0.1342959429219869,0.22896419896534395,0.4278216471175529,0.07312219367891859,0.19996360265819996,-0.14188034097145075,0.16529838668247376,0.13434664577871824,-0.078337153505166,0.156919605302239,0.15466970838090927,0.19229604137941322,0.12380676925487405,0.12563747403199763,-0.23016429382065873,0.13356305642627372,0.191328883832879,0.18510171941347728,0.2487245284609983,-0.01860057097662316,0.29063929855102044,0.297605308022133,0.18760770432659213,-0.04663334664445002,-0.11408417119415916,-0.8378687660689255,0.6592076388225373,0.29674091958033916,0.012804764526579563,-0.11782015716599305,-0.07773985332892897,0.016067905554632365,-0.035969229070507786,0.23292740874117426,-0.169899931659221
0.11650430545826818,0.4285986195546389,2.762113435612142,0.049978628779272886,-0.16987886201764693,0.3919774346615738,0.2142270120377892,0.2958314303572613,0.40183118206603635,0.15360382160294822,0.13258100460061098,0.2538883895656341,0.1463592534327809,0.13706627722753484,0.28282659788923253,0.37433008754624925,0.25176196521025124,0.23393323259157117,-0.04437856385582158,0.2413415751703019,0.23552844253112742,0.36533607765202253,0.17761219364561662,0.18885376566198428,0.23769905191849075,0.26269754316037475,0.2836468909307201,0.13106810946960293,0.22840790580427425,-0.5979096853065134,0.20944196250677602,0.138303043561676,0.3106663507888748,0.2919353349489164,-0.10283334031163036,0.26222789416458814,0.3777356746819347,0.155721801673248,-0.01825209736582488,-0.41821842461659703,0.07441392135692246,0.2490681086017315,0.32748742335305764,0.04888676503048394,0.14502695051742415,0.4347642293851746,0.2768720388983775,-0.08477604569919675,-0.24483379915396103,-0.12479999680207388,0.031615059360575404,0.1030499199459887,-0.043058747566597604,-0.21234423102715855,-0.1385163807508342,-0.15827921272995982,0.05847117075727852,0.48438964969590165,-0.39936231221205737
0.06754594366340831,0.06643175676848669,0.049978628779272886,0.8061182668617128,0.4979102558554386,0.3959012936792388,0.27773094910702767,0.17428271266750797,0.17979779833444096,0.18512383225067225,0.20686644405944624,0.23191310439744614,0.1991222304229863,0.18581840752629564,0.16636071909888286,0.24241789926492843,0.1831854238551982,0.18899169067665786,-0.11517631211644912,0.1997627723485938,0.17199873482197803,0.1870806866377538,0.2804666884454823,0.21433570488774112,0.17441077746971084,0.24586557025249717,0.11396167810433226,0.16725837959384596,0.3074255023652719,-0.016430567892895865,0.10224126279914372,0.17367324129647527,0.05196357191113251,0.3530272361814647,0.2098745078322771,0.08729099743141279,0.18177782455209143,0.12484174768094174,0.1827104489469716,0.06986419085554509,0.0931229038333873,0.17851857846859576,0.3062637384893762,0.01994512752954702,-0.01725060246205016,0.13101899857617005,0.25380991135609704,-0.004832889035956041,0.17526827731154687,0.10209305217246337,-0.2232575748719713,0.13529224288888705,-0.042599549307902385,0.03943407354611607,0.14996424480406326,-0.15063709455408641,-0.20502679493760692,0.13125708624966784,0.1048177346770702
0.12954506321648857,0.1987421738658581,-0.16987886201764693,0.4979102558554386,1.018082307678214,0.41700203547121534,0.24668468087439305,0.19964328636787776,0.22224488507793752,0.1852186334677421,0.23633765300939036,0.22827428310981965,0.21604053577380167,0.19936137428220715,0.18959220393635956,0.25120817859104805,0.16369332248311977,0.19232106603090598,-0.1376192112727598,0.2063160711742733,0.1661591536186508,0.1856672078121025,0.2773883820357807,0.23796000123026095,0.17791087934466468,0.22117012993004648,0.174611890740352,0.11921383369963379,0.30990400458622863,0.03436043874140782,0.1274494500309644,0.18695603614350828,-0.04458069566303098,0.3918340608614688,0.23170352685996604,0.11386035292626559,0.1624060288273495,0.11707128811416749,0.15564429939872207,0.16273178977552444,0.14421846788179127,0.18216184890732762,0.20302663232023715,0.015226508182405726,-0.007600779623384924,0.1327802927179447,0.296651336642282,-0.006135001717473849,0.2818417642879278,0.03876808591239265,-0.11252138688394357,0.09746567598011426,0.04452006043351718,0.12213840250899208,0.006551168151491429,0.03151903441008733,-0.17826814291070592,-0.06444541977964086,0.22179462402871938
0.09215733540755021,0.3038768034135994,0.3919774346615738,0.3959012936792388,0.41700203547121534,1.0842318774257889,0.20587647742377663,0.11909500596515626,0.218711768946675,0.1426755624225478,0.28728631366309204,0.3329637178616028,0.21660918292155668,0.22309115383572783,0.28715382208097057,0.2668355022235919,0.21813363248375517,0.1375513348340888,0.04851709881209369,0.31734699884533507,0.2172479257957624,0.22282898579988633,0.09457234773048181,0.1680893291851832,0.18777074996646417,0.40044544834202683,0.2578759566017287,0.23155825948728723,0.5727977342159105,-0.2867436051428512,0.15607536422377183,0.2662132571144641,-0.09264259448860458,0.4491504474575168,0.24632975685175695,-0.00871787628583537,0.3281844931902353,0.18483865005152228,0.3229671210032791,0.08025132405254315,0.05572934373451402,0.2369944882524305,0.3670345240704771,-0.00274201648929068,0.04915466198316487,0.0396092434597693,0.4031188154475259,-0.009158289892207232,0.3772923214341021,0.6627993333725706,-0.8168707711292099,0.1058201108111086,-0.4213743048147034,0.2642243286895548,0.04622859398427668,-0.0118148065793509,-0.21842725103653973,0.12921209510719286,0.10466799690828636
0.1738993496800735,0.24701941576177866,0.2142270120377892,0.27773094910702767,0.24668468087439305,0.20587647742377663,0.8348028692151686,-0.08494553240075826,0.2722273552939684,0.10500177340175826,0.13938143958126073,0.2675780245922343,0.15952031561835137,0.07258384908281933,0.13370454033308424,0.25907956805027643,0.14089843057631296,0.18319828747082803,-0.26701289275090107,0.06479968401975195,0.13249059220800652,0.21469117321749545,0.3288604569115999,0.2553716244575091,0.1717514443352794,0.056615310188980576,0.2064311881518096,0.11364909228248193,0.21649578874273026,0.07161514717995067,0.10623568109024496,0.07786962042622836,0.046738935615434164,0.25656289847186603,0.13856809021192926,0.15884663786543818,0.13941528467556286,0.05849102580770646,-0.015785179100990403,-0.0063117792873807815,0.09054762224467326,0.1338826980729639,0.13155870602283404,0.018011887669120392,0.018215676113269946,0.13657424534283638,0.010146250309446585,-0.02170289909910212,0.10055786900652094,-0.14099554588089264,-0.057050656160337825,0.10396894007674765,0.0172191005241872,0.0006537716437043701,0.134553714121675,0.07582693689860558,0.022275198965260704,0.009509768987447938,-0.28275432153535723
0.06303700550842578,0.17266877775533063,0.2958314303572613,0.17428271266750797,0.19964328636787776,0.11909500596515626,-0.08494553240075826,1.0731266095474945,0.05469842040374029,0.3487275593718301,0.3465174563886018,0.1814542906648398,0.23297868869107627,0.27444677122050615,0.22606908263101017,0.32352666178083084,0.34199218943301396,0.3145706232919469,0.1331509688052679,0.3061583732745681,0.21402115895789786,0.24540107622044022,0.24475647208408413,0.12807884557889565,0.2729255770764792,0.38764794196648855,0.22827400945435905,0.15485878591761312,0.18619371330837667,-0.05429651669382693,0.15129226690197328,0.18673026225164124,0.310367551005998,0.30984770023902314,0.11751562178387147,0.055103551790034684,0.3401762726906279,0.22780876516915902,0.2568296144246399,0.08989279414155657,0.14093356789867026,0.21688227612074648,0.43403404171047566,-0.0015467535591215623,0.14780996064950416,0.2663029896678427,0.5825554943796938,-0.002687923942383403,0.44486768888756684,-0.12742299171608837,0.04023733812480296,0.12611991943703776,0.16609540840510553,-0.22595773622497584,-0.27292175478812053,-0.14601548716313692,-0.06204605749721417,1.0204257894391209,-0.6739964270963695
0.050561351559660656,0.36053497641148347,0.40183118206603635,0.17979779833444096,0.22224488507793752,0.218711768946675,0.2722273552939684,0.05469842040374029,0.7127840437211046,0.09938515357761685,0.1404677903200118,0.18512115997856965,0.12860600194511812,0.22930922944135246,0.24578095325794153,0.2070374527669276,0.1695540156698162,0.22038426389385826,-0.39638335074239717,0.18631517732639913,0.1569679181642013,0.38033954988432667,0.3933469473664945,0.31885220363511174,0.17337822146243842,0.2220506542313658,0.20751133132531105,0.1391446598436821,0.09547963047425984,0.11786331966163215,0.15618335366800246,0.15276626202234098,0.14848349495431562,0.0763434254938184,0.19905077926542158,0.14024399377959357,0.16822818495737193,0.13733453460934017,-0.08332272364141449,-0.031354126350794924,0.12719170523015752,0.17644548709799715,0.23578555856582678,0.014854199892658113,0.10578584779264395,0.2533678861768459,0.3261222715781114,-0.048753319529695,0.39210062193554873,-0.6669304897620554,0.0802094146504219,0.11881123689675727,0.36659932208919416,-0.12535123520301567,0.07188163126181901,0.16203293126699186,-0.03480995054982211,-0.012465447449527592,-0.1858462370818536
0.09094816133327904,0.13986428388430375,0.15360382160294822,0.18512383225067225,0.1852186334677421,0.1426755624225478,0.10500177340175826,0.3487275593718301,0.09938515357761685,0.6761137684457744,0.1958548831451183,0.11129894150160856,0.1327962425284006,0.157356770277416,0.18800422900796837,0.1272497128577063,0.21821761215677588,0.2848406256895625,0.07613794731787397,0.15010628221343342,0.14319325123149207,0.17014940169542436,0.2808010371483109,0.1283165881080371,0.18888011962166507,0.25805074464026917,0.19551614115563998,0.17256232161898774,0.16667138103084242,-0.0715557671490865,0.14354865481318632,0.1228031528019394,0.18616323340156363,0.381259005194892,0.21662131434767806,0.08673526775820443,0.3032481046196701,0.10412600308459168,0.3349179402002509,0.12522427512965814,0.11869420402244803,0.14255720708675562,0.18071722757354722,0.015875846680790708,-0.013757838146935672,0.20593189605669807,0.45826051525895933,-0.0061327941314593135,0.33784395632522185,0.043089156476476105,-0.08634560644265786,0.04961901100626216,0.11467129686443227,-0.13530597027985666,-0.03463552702441108,-0.13988712541674705,0.17533466558872207,0.07911823128748244,-0.12835159721539083
0.08137164489197364,0.17191057662573886,0.13258100460061098,0.20686644405944624,0.23633765300939036,0.28728631366309204,0.13938143958126073,0.3465174563886018,0.1404677903200118,0.1958548831451183,0.4708783621126,0.25978414603636396,0.2089036322901995,0.17576821372645862,0.2971894085154727,0.21682772393348645,0.31214745051159554,0.2305268949265987,0.008285216148355996,0.3055094375518336,0.2060836250265782,0.20804156041897615,0.24386317506011243,0.1934887346843765,0.21916615506394882,0.29242382250042676,0.2357413120983312,0.22800562127468993,0.2680738219636319,-0.024144469798700916,0.15761566494452595,0.14881384555334767,0.16428468000539742,0.3128523040092986,0.2759267584323885,0.06807502356586737,0.30345696923807786,0.18487694030965438,0.2017383901628488,0.09138726991028503,0.12599477520264515,0.21434400812698468,0.2544569937323906,-0.007302107834124918,0.09610012398437198,0.16516746118772424,0.3806144829696803,-0.008623953003438574,0.2685191955692061,0.03236388023705031,-0.24668101069576925,0.06102802957120387,0.07845509596570809,0.01805569578998535,-0.041748957562544244,0.012055190006940856,-0.1035463084896426,0.1680575040235388,-0.11184762062690197
0.09866299182436769,0.2597668721053492,0.2538883895656341,0.23191310439744614,0.22827428310981965,0.3329637178616028,0.2675780245922343,0.1814542906648398,0.18512115997856965,0.11129894150160856,0.25978414603636396,0.646924443027603,0.13492642122907886,0.1683946570700371,0.2788427052361285,0.37646952285772084,0.25861680651104313,0.14903435725582234,0.00679042792505403,0.2712183193436703,0.2148750779556992,0.26273911570626185,0.1835927352337634,0.19800711848632044,0.21603307254354384,0.2462254307869606,0.28443278810936384,0.15797630760658943,0.2751458694524001,0.025463637155505363,0.14347489145336084,0.19278907114445576,0.14590724223041965,0.345271705342813,0.09031731560266842,0.14715039851628706,0.24255989139169376,0.15901343066813592,0.2479750518166153,0.10776292754736576,0.13909842612376871,0.23482112969284621,0.3153938248501476,-0.0006018806423551434,0.06505243009275834,0.21802165324479442,0.34931595854617287,-0.023481963731118195,0.28428744916934795,0.18669783350214025,-0.0922005904868077,-0.17695949955432716,-0.14790380174394763,-0.010099123618861483,-0.08955994173470012,0.011655266112939848,-0.10646259917738918,0.4293631618409236,-0.2782867549742012
0.06904856704885806,0.1416211403413304,0.1463592534327809,0.1991222304229863,0.21604053577380167,0.21660918292155668,0.15952031561835137,0.23297868869107627,0.12860600194511812,0.1327962425284006,0.2089036322901995,0.13492642122907886,0.345505811543986,0.1565443292962832,0.11389325860715167,0.24059159068572278,0.16806931215503637,0.1615383986942342,-0.005391234451062637,0.17256590706805272,0.13985543798971506,0.1904284171436985,0.23369255962252164,0.1929797007767311,0.1613724036704458,0.17180868944831573,0.13961087854644805,0.1429069134872141,0.21581252044744179,0.007236932151700686,0.09696523825533794,0.14044866973464082,0.1104325045447048,0.22175869021361375,0.19883824729245014,0.0824977478225017,0.19417969460702666,0.08807362769493499,0.15057105277329286,0.06002262415647292,0.11145675124449911,0.1465618767603941,0.13170019762179364,0.009285761114992125,0.023630802804734365,0.13716207451879525,0.2207661584184083,-0.003333836924371854,0.18734520330828763,-0.02873632734601994,-0.09489669823040531,-0.02034310781642041,0.0684421894256513,-0.03002010372931041,0.03940721767279667,-0.020060986403753114,-0.15019108949896282,-0.2696564749123809,0.3823882471494606
0.0731382587014863,0.08777368188400965,0.13706627722753484,0.18581840752629564,0.19936137428220715,0.22309115383572783,0.07258384908281933,0.27444677122050615,0.22930922944135246,0.157356770277416,0.17576821372645862,0.1683946570700371,0.1565443292962832,0.46530729821981853,0.20374268285519334,0.2596699226798155,0.2487429857573291,0.15594980268323966,-0.00621539857000805,0.2509160859492606,0.18709039495862273,0.24734629286191884,0.1870765796418256,0.17139844155221437,0.16003883293500845,0.27527050405742415,0.07776182986064512,0.18754356988132675,0.2381289055578977,0.10447723495045129,0.13308063512415674,0.33972052928130797,0.14569998215872235,0.13673722463151677,0.1699422173193343,0.10180703419712,0.22730088511663712,0.16330055121776843,0.15198418112014658,0.058659779086272124,0.19994680498260078,0.20426101455413526,0.33483585998912085,0.015200033118962506,0.04957174957969865,0.19724741901891069,0.40650746064882615,-0.029365077231433424,0.4679041076711165,-0.004459938788332774,-0.17467052570127903,-0.04950373756638711,0.1212479123997481,0.05952462536259716,-0.12773270716986448,-0.010897134669178559,-0.2147492335587642,0.3130421668252554,0.012176295504453405
0.058877802732387415,0.20207434713644315,0.28282659788923253,0.16636071909888286,0.18959220393635956,0.28715382208097057,0.13370454033308424,0.22606908263101017,0.24578095325794153,0.18800422900796837,0.2971894085154727,0.2788427052361285,0.11389325860715167,0.20374268285519334,0.627686223167152,0.19784091920110483,0.36969262809404746,0.32257658653811777,0.002392940145460416,0.30641788839042794,0.23712483808443682,0.24507503207400644,0.3525418735725011,0.255736060663425,0.2527608673642803,0.35102771160866636,0.23678952783632812,0.34294165290392337,0.2748834447418079,0.0012130349664767701,0.2262763119229038,0.14306178468307354,0.277054969661209,0.24892777489868834,0.21183921769342967,0.07172826092513228,0.4987378592680291,0.22143365225457873,0.3141132519918005,0.02500120796166181,0.1960568972350922,0.25931059836349657,0.2767342913891001,0.002306920956260921,0.09515669270866388,0.23911796984036038,0.47079603262001557,-0.02554576215089334,0.4014164133237135,0.6580681477382679,-0.3332903137997026,0.11714015924708938,-0.2632024592675692,-0.024512776372416563,-0.02551306866171491,0.09262634258574756,-0.11888938555727843,0.15872836891015046,-0.16477259761307833
0.10052853842617385,0.22912436443509457,0.37433008754624925,0.24241789926492843,0.25120817859104805,0.2668355022235919,0.25907956805027643,0.32352666178083084,0.2070374527669276,0.1272497128577063,0.21682772393348645,0.37646952285772084,0.24059159068572278,0.2596699226798155,0.19784091920110483,1.141251428733654,0.26804296253658644,0.29162461804474543,-0.050202001100539205,0.22259131911355787,0.2799591427204725,0.5082659089197858,0.33058752009589104,0.3444219987223619,0.33877844889606595,0.12354997989791647,0.32509835636811374,0.20730165025568154,0.3613735511801484,0.5037341353525263,0.18831318147393955,0.16350605706156213,0.20582305071045823,0.25935023305773863,0.2441969528274104,0.24977117105685204,0.20013850212370685,0.21814361423514395,0.2182860792757187,0.14497981206381855,0.3038883010594099,0.3124442824510158,0.4311733667492352,0.025966411798387597,0.3395886623162723,0.36024211647686755,0.5290057371597416,-0.07612033823179894,0.3450852393708378,-0.3124688802020528,0.16396765757840093,-0.2843700004307369,0.049402382474728196,-0.14664800644443768,-0.1867830813938122,0.007827156660264543,-0.1809613048905735,0.28348683571930167,0.05665459346247959
0.05843860491945114,0.12902622801172528,0.25176196521025124,0.1831854238551982,0.16369332248311977,0.21813363248375517,0.14089843057631296,0.34199218943301396,0.1695540156698162,0.21821761215677588,0.31214745051159554,0.25861680651104313,0.16806931215503637,0.2487429857573291,0.36969262809404746,0.26804296253658644,0.9229868144131594,0.30609634248471773,0.047687128855926963,0.4219350525996871,0.37276845312402535,0.3049397863419314,0.2944510493247764,0.20980644009576507,0.3097528758711383,0.2596964400332964,0.21982161260475766,0.6267565870892061,0.31306675223094454,0.031067562513780535,0.23268530231843748,0.16574867226937187,0.5093854590472628,0.2778958141652652,0.4991666590428481,0.10154330582208772,0.6004253848996325,0.31033657252404606,0.23191212186191829,0.04838529267780665,0.25577327795742855,0.33118615041684674,0.18012988399952076,0.0046668053464849115,0.3623199361878291,0.3162080544005034,0.619028803796053,-0.02191731866467877,0.3573418771239914,0.4647995103172815,-0.23527596719593274,0.12441204133413122,-0.1491459260443655,-0.056462113883875883,-0.29880709577765135,-0.02969823884730164,-0.14389641188555985,0.17510779381281852,-0.12769144032024557
0.0818916330173193,0.27602965994005274,0.23393323259157117,0.18899169067665786,0.19232106603090598,0.1375513348340888,0.18319828747082803,0.3145706232919469,0.22038426389385826,0.2848406256895625,0.2305268949265987,0.14903435725582234,0.1615383986942342,0.15594980268323966,0.32257658653811777,0.29162461804474543,0.30609634248471773,0.8559504509574565,-0.16266228122128942,0.13331969815198091,0.2457041659832668,0.28707398571007176,0.7124310135481833,0.2504413098343176,0.2912933577297479,0.3783230304209527,0.16575631740804728,0.297018998756603,0.22692218913040274,0.03510056904246027,0.27515579083336866,0.0725269175328583,0.3282972744099691,0.2702335592935715,0.2909314654051784,0.10128383123280098,0.4259056560762626,0.16477088827317743,0.297518274840564,0.07046605690035478,0.2096740180285608,0.2037641528261929,0.4066891548798638,0.02305000172455593,0.19648742043707804,0.2840121986531462,0.48986036914541714,-0.005363758019533063,0.4423437435475266,0.010599803501490545,-0.010256267513271387,0.1517706335624201,0.05651854401109462,-0.17009207058173811,-0.05170732779641934,0.0032116334526373948,-0.007878315893970516,0.3579143201835724,-0.37519021601187147
-0.019016762082028214,-0.47054508529527145,-0.04437856385582158,-0.11517631211644912,-0.1376192112727598,0.04851709881209369,-0.26701289275090107,0.1331509688052679,-0.39638335074239717,0.07613794731787397,0.008285216148355996,0.00679042792505403,-0.005391234451062637,-0.00621539857000805,0.002392940145460416,-0.050202001100539205,0.047687128855926963,-0.16266228122128942,1.5089476566157674,-0.021630753907165998,0.06693805309929883,-0.10400644459318137,-0.5443417192055696,-0.24547941326484796,-0.046515877869574666,0.04085845257368038,0.020808501764229135,0.08787737002358957,0.023499252609265026,-0.1897226080862255,0.07899161061817174,0.027293024209751805,0.16767900070565364,0.09944926169242171,-0.12380958688286639,-0.014999989658446976,0.2760984088986407,-0.022979657265668165,0.6291899541120823,0.10745892816712736,-0.005629622264571665,0.031843958858936774,0.008100963484629348,0.014705660992965717,-0.08227017838665278,-0.019788178264488095,-0.0988574696828163,0.04466220037418545,-0.04744913317276512,1.3007234349944543,-0.3121269593674081,-0.257845008761779,-0.5510433609935714,-0.008595446777645297,0.01629089697820833,-0.09257912304350077,-0.045829373992851856,-0.020705036654294618,0.17311422036007396
0.0347192082093692,0.16987739789439124,0.2413415751703019,0.1997627723485938,0.2063160711742733,0.31734699884533507,0.06479968401975195,0.3061583732745681,0.18631517732639913,0.15010628221343342,0.3055094375518336,0.2712183193436703,0.17256590706805272,0.2509160859492606,0.30641788839042794,0.22259131911355787,0.4219350525996871,0.13331969815198091,-0.021630753907165998,1.2617760919607732,0.2805856640780799,0.24743587804385853,0.2507443264419281,0.4144997394503099,0.3295839000975341,0.3160573905590369,0.1639275548498007,0.314427811158537,0.4040872267239005,0.29998484299008954,0.26718573307835547,0.19430656589834633,0.23350020812989902,0.32230977267093835,0.4310166439056802,0.0698232588868273,0.7189995872280677,0.6067368942352224,0.4590294291652966,0.17910497085826768,0.21121821361480875,0.32325429031182046,0.6852075947857813,-0.02610350735371016,0.626778070187305,0.26575893065516387,0.5416753734745784,0.04313925697591794,0.5397263899822538,0.0839923253668589,-0.3027052316937342,0.017625517865717106,0.08603786201027248,-0.0715396965018474,0.028494791068783037,0.03918192371248224,-0.2498674088790915,0.11758310731200602,0.0007256528264714288
0.05344491348449245,0.1892921359633535,0.23552844253112742,0.17199873482197803,0.1661591536186508,0.2172479257957624,0.13249059220800652,0.21402115895789786,0.1569679181642013,0.14319325123149207,0.2060836250265782,0.2148750779556992,0.13985543798971506,0.18709039495862273,0.23712483808443682,0.2799591427204725,0.37276845312402535,0.2457041659832668,0.06693805309929883,0.2805856640780799,0.5188325801975683,0.2591828216395345,0.280153911768746,0.24502125263033647,0.22423653219672865,0.2739108102813381,0.21571009458186755,0.33176343855541873,0.28501319759576776,0.12070514634978484,0.22914527409147525,0.16327489599907138,0.34861931871778407,0.23772528539811152,0.29332371953008135,0.1792178879633434,0.3882020781763619,0.2114694383264534,0.2643068937657458,0.1197408922435112,0.244895891882656,0.4118144760558778,0.32416475929332095,0.007810009594967647,0.2479927599920212,0.29487718809796104,0.47055086411921543,-0.021538626041589463,0.2695708653859927,0.19645075709797655,-0.10841941267203345,-0.11299358009953205,-0.04467229682807738,-0.062278911350237276,-0.021944382029445954,-0.010709923918400062,-0.15893537907831048,0.11408689175735941,0.04345799061676516
0.07618261196116423,0.2236195365012966,0.36533607765202253,0.1870806866377538,0.1856672078121025,0.22282898579988633,0.21469117321749545,0.24540107622044022,0.38033954988432667,0.17014940169542436,0.20804156041897615,0.26273911570626185,0.1904284171436985,0.24734629286191884,0.24507503207400644,0.5082659089197858,0.3049397863419314,0.28707398571007176,-0.10400644459318137,0.24743587804385853,0.2591828216395345,0.9351006532068742,0.38709700079712306,0.3440472713668858,0.2596638675120752,0.2545930125525479,0.3131415145682321,0.23385217439225248,0.214528640130653,0.2781616354599556,0.20700552910937084,0.1935408920593165,0.3319170823592564,0.19609531091212404,0.19714485979853616,0.24498558584984773,0.2929876527136486,0.20596440369503696,0.17720815135788764,0.056110337813685754,0.2211873097142124,0.2741458873641985,0.4495755867349925,0.04218629944651477,0.10419761162097253,0.4235692206314002,0.48056277865023617,-0.13266289182805518,0.6460761981744164,-0.31960354668443297,0.061021687289233364,-0.21745943463908193,0.15228535029292212,-0.17145117605745797,-0.09404713062331158,0.05130883833027132,-0.09932428473892833,0.22700845416957488,-0.12299735289301535
0.03893260681013647,-0.09936295240567149,0.17761219364561662,0.2804666884454823,0.2773883820357807,0.09457234773048181,0.3288604569115999,0.24475647208408413,0.3933469473664945,0.2808010371483109,0.24386317506011243,0.1835927352337634,0.23369255962252164,0.1870765796418256,0.3525418735725011,0.33058752009589104,0.2944510493247764,0.7124310135481833,-0.5443417192055696,0.2507443264419281,0.280153911768746,0.38709700079712306,2.139476426940421,1.0949944120012558,0.6237294124055445,0.05639058214262865,0.23172685565017526,0.36526966259937155,0.5082979136420569,0.631006806541673,0.08599537633751517,0.0650100550020614,0.6189282651487021,0.26088218878997965,0.3766210113295885,0.08436478741579748,0.6266007966660077,0.19079625534150718,0.4132470406253984,-0.027549347215576062,0.28489583056606543,0.24736204742576415,0.2625364728224363,0.0316760571066741,0.107357017671962,0.3980652270720649,0.8559528585889362,0.04303841541742266,1.0083858413205264,-0.030272389889288962,-0.1247993955504129,-0.046570744287266895,0.36596954758067024,-0.2407846180395487,0.12688938165106708,0.12374235130073619,-0.06529892209034333,-0.35985254437485403,0.16174852862835062
-0.01003388595421963,-0.08408934291449754,0.18885376566198428,0.21433570488774112,0.23796000123026095,0.1680893291851832,0.2553716244575091,0.12807884557889565,0.31885220363511174,0.1283165881080371,0.1934887346843765,0.19800711848632044,0.1929797007767311,0.17139844155221437,0.255736060663425,0.3444219987223619,0.20980644009576507,0.2504413098343176,-0.24547941326484796,0.4144997394503099,0.24502125263033647,0.3440472713668858,1.0949944120012558,1.4053296963336679,0.4662627931950788,-0.08834666664235533,0.16445162973219649,0.252017359035653,0.4647114551782063,0.9773876279376383,0.37563691056379733,0.14589253574949015,0.3217553105850522,0.06686232890319357,0.33065811916107785,0.4005612536748756,0.4829371616748197,0.25029424377084414,0.22055726640681778,-0.07956229820274996,0.36141605184215997,0.2395407454439842,0.13752675348728416,0.03997663435020851,0.21274693118313134,0.42204158585994445,0.6142036546338147,-0.01635746602735663,0.7628231112847549,-0.07973620802485332,-0.0761595404593349,-0.1921042360529396,0.20576244750622955,-0.15941029934403778,0.11534428091010428,0.19633460853456194,-0.02188837886999709,-0.7099929088913278,0.4335747111481346
0.07693039443955038,0.1342959429219869,0.23769905191849075,0.17441077746971084,0.17791087934466468,0.18777074996646417,0.1717514443352794,0.2729255770764792,0.17337822146243842,0.18888011962166507,0.21916615506394882,0.21603307254354384,0.1613724036704458,0.16003883293500845,0.2527608673642803,0.33877844889606595,0.3097528758711383,0.2912933577297479,-0.046515877869574666,0.3295839000975341,0.22423653219672865,0.2596638675120752,0.6237294124055445,0.4662627931950788,1.1389739213091805,0.0576817992955034,0.29118047419923654,0.25144782814419153,0.48619420992213375,0.44836668839369936,0.14789647486743115,0.07524956669778365,0.2803680256411288,0.2960491827714731,0.36966594889233817,0.15232652956366755,0.45284237826401313,0.22758928784899107,0.15686767203034643,-0.015619875847568439,0.20586385761005144,0.23076183453947652,0.3106981903387469,0.0396048182064924,0.2420863424991791,0.4089082160459214,0.49520733683948764,-0.04287928171471256,0.12746767527253414,-0.21272056479401472,0.01522151841141051,-0.06128841063147582,0.15536610134940734,-0.12392195581928704,0.0342297325084674,0.023836075560754347,-0.0020125491795409496,0.0682846809610106,-0.1888348393348968
0.04011843763325382,0.22896419896534395,0.26269754316037475,0.24586557025249717,0.22117012993004648,0.40044544834202683,0.056615310188980576,0.38764794196648855,0.2220506542313658,0.25805074464026917,0.29242382250042676,0.2462254307869606,0.17180868944831573,0.27527050405742415,0.35102771160866636,0.12354997989791647,0.2596964400332964,0.3783230304209527,0.04085845257368038,0.3160573905590369,0.2739108102813381,0.2545930125525479,0.05639058214262865,-0.08834666664235533,0.0576817992955034,2.017412715595716,0.19933889498016807,0.3615128208644159,-0.22698266686404606,-1.0008825633431473,0.1899634421758601,0.19215663533042104,0.2524822761249656,0.4654004646799042,0.3216907792234977,-0.1933018692385872,0.07603472010314206,0.18629172382667641,0.5618502118918175,0.4440524481683221,0.07141135687860098,0.3025651853816995,0.5501524225494357,-0.07323776624768061,-0.14978854789409993,0.11222733571218563,0.2064824597618451,0.047152776870932334,1.0601986861838781,0.5161633056378084,-0.6106961194607687,0.25559202110412294,-0.198427784309708,-0.1002631310874229,0.01160072892291285,-0.1353196356890983,-0.18283175315473246,0.7213699440478121,-0.28968915933244754
0.0870668011155437,0.4278216471175529,0.2836468909307201,0.11396167810433226,0.174611890740352,0.2578759566017287,0.2064311881518096,0.22827400945435905,0.20751133132531105,0.19551614115563998,0.2357413120983312,0.28443278810936384,0.13961087854644805,0.07776182986064512,0.23678952783632812,0.32509835636811374,0.21982161260475766,0.16575631740804728,0.020808501764229135,0.1639275548498007,0.21571009458186755,0.3131415145682321,0.23172685565017526,0.16445162973219649,0.29118047419923654,0.19933889498016807,1.7119132570009212,0.381670814066586,-0.005700094871899665,0.11822920536915138,0.23109345728290884,0.09965374879596167,0.46926556364774946,0.29389912346026303,0.2537859377704853,0.2388840880881044,0.44617175384305724,0.16575923230707695,0.10896560760838721,0.24411009455985466,0.20598657326316877,0.23505173830555776,0.297653168022337,-0.12146192718101641,0.046813376960470526,0.4348770387121576,0.3077241514085024,-0.036839184568453545,0.6759224415657534,-0.09569333032913495,-0.1500765695051872,0.14588082110575787,0.016373357120827423,-0.1298015261444093,-0.046970201978667935,0.17109139300263154,0.14733584649874892,0.31213578674409137,-0.414579832223444
0.033969334399411605,0.07312219367891859,0.13106810946960293,0.16725837959384596,0.11921383369963379,0.23155825948728723,0.11364909228248193,0.15485878591761312,0.1391446598436821,0.17256232161898774,0.22800562127468993,0.15797630760658943,0.1429069134872141,0.18754356988132675,0.34294165290392337,0.20730165025568154,0.6267565870892061,0.297018998756603,0.08787737002358957,0.314427811158537,0.33176343855541873,0.23385217439225248,0.36526966259937155,0.252017359035653,0.25144782814419153,0.3615128208644159,0.381670814066586,1.462461779146085,0.09150883499772607,0.07832102879035549,0.21701786798719996,0.08668301799523062,0.829088073009298,0.2237238360027998,0.9238025190483676,-0.14203220822499835,0.6275422925707564,0.2322508851701609,0.2428699527071601,0.08140290198961758,0.2281194052118414,0.2901813159030226,0.3223085169331183,-0.0003427480392236169,0.021482233825316853,0.2453850853301166,0.4718163413850902,0.045729064636632503,0.7698329948952735,0.6418958868255837,-0.6616978474906045,0.7903288746823213,-0.5150399127515752,-0.01816293725976526,0.17056900066093159,0.010888099520271496,-0.1812589999344749,-0.2200458101249099,0.36034266944366483
0.08691590978976177,0.19996360265819996,0.22840790580427425,0.3074255023652719,0.30990400458622863,0.5727977342159105,0.21649578874273026,0.18619371330837667,0.09547963047425984,0.16667138103084242,0.2680738219636319,0.2751458694524001,0.21581252044744179,0.2381289055578977,0.2748834447418079,0.3613735511801484,0.31306675223094454,0.22692218913040274,0.023499252609265026,0.4040872267239005,0.28501319759576776,0.214528640130653,0.5082979136420569,0.4647114551782063,0.48619420992213375,-0.22698266686404606,-0.005700094871899665,0.09150883499772607,2.517869725545519,0.17427751487481402,0.11519877194784084,0.3708846550602313,-0.2778235076547969,0.42750660535703866,0.3660320397896092,0.2273018007173879,0.22855919631771093,0.18971231889656265,0.5105326042881995,0.08829521581759657,0.5882423216263539,0.25084325739535807,0.1588937889688003,-0.024510697541746902,0.1345775158132202,0.17326788635438606,0.4361225213818714,-0.036738571818553785,0.3224945794336912,0.9719469309842595,-0.5435063410858583,-0.1985525006495685,-0.45997775081400183,0.24828682461873272,0.046096031079652114,-0.05495667508457259,-0.29289817865920964,0.0778323656018762,0.09655443638754989
0.0675323549987266,-0.14188034097145075,-0.5979096853065134,-0.016430567892895865,0.03436043874140782,-0.2867436051428512,0.07161514717995067,-0.05429651669382693,0.11786331966163215,-0.0715557671490865,-0.024144469798700916,0.025463637155505363,0.007236932151700686,0.10447723495045129,0.0012130349664767701,0.5037341353525263,0.031067562513780535,0.03510056904246027,-0.1897226080862255,0.29998484299008954,0.12070514634978484,0.2781616354599556,0.631006806541673,0.9773876279376383,0.44836668839369936,-1.0008825633431473,0.11822920536915138,0.07832102879035549,0.17427751487481402,4.800593540792761,0.300419364085378,0.0816930594871964,-0.3078535979216265,-0.7757829895276347,0.7229417503413289,0.9501057902233107,0.16359117159529615,0.2949530087104965,-0.0009938119675085425,-0.02117526731762133,0.9308976532247546,0.09469066738729297,0.3993513669228742,0.15004195945652443,1.06372812198771,0.6801371032552243,0.763342212265513,-0.06651115958124507,1.0787980085614333,-0.8382648176814611,0.8711518406384824,-0.9794790460094847,0.4561777115620547,-0.09640463040829574,-0.022040982940138402,0.20748174664358462,-0.16112611429453327,0.1449845631972494,-0.13971427687131668
0.03752842110484388,0.16529838668247376,0.20944196250677602,0.10224126279914372,0.1274494500309644,0.15607536422377183,0.10623568109024496,0.15129226690197328,0.15618335366800246,0.14354865481318632,0.15761566494452595,0.14347489145336084,0.09696523825533794,0.13308063512415674,0.2262763119229038,0.18831318147393955,0.23268530231843748,0.27515579083336866,0.07899161061817174,0.26718573307835547,0.22914527409147525,0.20700552910937084,0.08599537633751517,0.37563691056379733,0.14789647486743115,0.1899634421758601,0.23109345728290884,0.21701786798719996,0.11519877194784084,0.300419364085378,0.7155216954771099,0.13442993031555373,0.1097174872690756,0.12145445063020363,0.2534247347472465,0.45571983418644396,0.43482866431333,0.20954915607323374,0.28197269135682407,0.0239000687066674,0.3218138523918693,0.21085927646482636,0.2787441755579901,0.037832930034098995,0.22629201353656048,0.35497671314508744,0.325150927055551,-0.05420495883103797,0.12620082620118353,0.19126616687663553,-0.07132600792119499,-0.013291317784153512,-0.08320561281319525,-0.09054070537719716,0.06768172556205135,0.09393875202316987,0.06594280054023308,-0.10366064024518452,-0.13572718209557888
0.06240426949549719,0.13434664577871824,0.138303043561676,0.17367324129647527,0.18695603614350828,0.2662132571144641,0.07786962042622836,0.18673026225164124,0.15276626202234098,0.1228031528019394,0.14881384555334767,0.19278907114445576,0.14044866973464082,0.33972052928130797,0.14306178468307354,0.16350605706156213,0.16574867226937187,0.0725269175328583,0.027293024209751805,0.19430656589834633,0.16327489599907138,0.1935408920593165,0.0650100550020614,0.14589253574949015,0.07524956669778365,0.19215663533042104,0.09965374879596167,0.08668301799523062,0.3708846550602313,0.0816930594871964,0.13442993031555373,0.8754988453502556,-0.05625154288170281,0.14720127035314876,-0.07713773568463807,0.2268076169491687,0.044301408967977934,0.13417295525973866,0.21840616017132497,0.03839861175764116,0.25310257743376374,0.16771673210171875,0.19386117283865606,0.013992800926103416,-0.028373233327540603,0.2494378491452677,0.3263061877316787,-0.04369534278504459,0.42470131467329975,0.2994138401091984,-0.008602677005940576,-0.1118030054248912,-0.2960875788085339,0.11575196212796102,-0.1157844473150713,-0.023299980240105163,-0.15336416904730352,0.1733639438729284,0.06813081757008234
0.004839782041653287,-0.078337153505166,0.3106663507888748,0.05196357191113251,-0.04458069566303098,-0.09264259448860458,0.046738935615434164,0.310367551005998,0.14848349495431562,0.18616323340156363,0.16428468000539742,0.14590724223041965,0.1104325045447048,0.14569998215872235,0.277054969661209,0.20582305071045823,0.5093854590472628,0.3282972744099691,0.16767900070565364,0.23350020812989902,0.34861931871778407,0.3319170823592564,0.6189282651487021,0.3217553105850522,0.2803680256411288,0.2524822761249656,0.46926556364774946,0.829088073009298,-0.2778235076547969,-0.3078535979216265,0.1097174872690756,-0.05625154288170281,2.1686027404071115,0.15674453864432938,-0.26312254931531426,-0.27515325047387307,1.0473561205164452,0.25499133409069424,-0.0976015102605544,-0.2067667022094093,-0.28764600187674455,0.3286676072961586,0.1902544688631141,-0.011464034176450052,-0.2836065752665376,0.3772599131796129,0.7649717504572869,0.05218194444169151,0.8840036845126279,0.17827130488937284,-0.5013876414173007,0.1758079568375235,0.26350140682968065,-0.34090309975823924,0.0279242483807491,-0.060304717568146815,-0.08001730630671122,0.3358270014101193,-0.19149231944729805
-0.1340334175046866,0.156919605302239,0.2919353349489164,0.3530272361814647,0.3918340608614688,0.4491504474575168,0.25656289847186603,0.30984770023902314,0.0763434254938184,0.381259005194892,0.3128523040092986,0.345271705342813,0.22175869021361375,0.13673722463151677,0.24892777489868834,0.25935023305773863,0.2778958141652652,0.2702335592935715,0.09944926169242171,0.32230977267093835,0.23772528539811152,0.19609531091212404,0.26088218878997965,0.06686232890319357,0.2960491827714731,0.4654004646799042,0.29389912346026303,0.2237238360027998,0.42750660535703866,-0.7757829895276347,0.12145445063020363,0.14720127035314876,0.15674453864432938,1.9617731092275792,0.17939574512659553,0.11331790252257846,0.6090219891974324,0.1888307805511721,0.5037600480899092,0.0060411556771038395,-0.09537181142927749,0.26560380472662976,0.6890555022294877,0.0452129022421093,-0.6446531284800711,0.08846310418534206,0.28558780741150896,-0.005772314138081738,0.2451135559441802,0.2296713115010568,-0.646574943059826,0.42762025198672166,-0.07695658153958748,-0.020882806956337454,0.009508404863475048,-0.09346032833277307,-0.16044241390192093,0.26945751006518276,0.013203481057851548
