0.7318093123651386,0.260605703651643,0.30404060491640245,0.14272816222140497,0.19582130555219893,0.13260869547430676,0.19865088019763266,0.16463288787598032,0.1216687249266525,0.12065672250189796,0.13744877200124148,0.14931724840481106,0.14847921373743875,0.16289788289575952,0.13342437079613811,0.15525841341169247,0.12537591556017627,0.15787912695460674,0.14329820647174368,0.12346517687710955,0.1442777524631985,0.152940130955226,0.09315651875954904,0.07843143224187375,0.12838999422729208,0.1466197672513579,0.12319993931310769,0.12192590441345347,0.13167291962842928,0.05919030435888804,0.11131139489040726,0.10445386218331046,0.09871874151457777,-0.01837836875230231,0.10959115076653789,0.1033141466238708,0.1645823465643906,0.14225760759059122,0.11271738241767483,0.08376027928926072,0.13358639250977744,0.1151676838162608,0.17341531225486226,0.04120476167766635,0.12109648985223627,0.13767785717468048,0.0795226531204846,-0.018073022309157555,0.07446464386224165,0.0025405809267577645,-0.006195314934760273
0.260605703651643,2.297666593473806,1.3388677217789346,0.43079585909968365,0.20811656993886285,0.3031363463318766,0.35775379484186143,0.2646081874129751,0.4139223892209421,0.45668113458421994,0.36881417083852913,0.3832336517565869,0.30183648051822665,0.2315295218301527,0.299421157739887,0.2271761558760513,0.42171042807351855,0.3986387155517419,0.32733989337650093,0.5889875139047068,0.325196082832688,0.29055909635679344,0.18630786519094242,0.27335329167655753,0.3489688436626495,0.46384222034068334,0.3163272642455163,0.48186826729500926,0.5298754832799238,-0.04998789222161117,0.3473013526147624,0.3733555689467715,0.397684220155233,0.3889581527481575,0.13332998533178,0.2641543868525742,0.8251845622726037,0.34361691495907837,0.2665164098546692,0.04550311518383441,0.47218452718505005,0.272238848793138,0.41180263485235113,0.078898877723915,0.5042780158913419,0.4191381546603489,0.46235070449443844,-0.0613162916097408,0.32979599885142763,-0.13649822916477153,-0.06902980725087679
0.30404060491640245,1.3388677217789346,2.4971846259513075,0.471247886291246,0.08591704527193886,0.39373805673363926,0.33068248297749847,0.29824483774894367,0.5959156200174759,0.559325647550359,0.4441879799550282,0.39666928689030895,0.3639500931855806,0.2282653580308822,0.38469561465030117,0.241819315931706,0.4851475707650678,0.3022034069210752,0.3953249979195111,0.44213205874129863,0.3854588137438064,0.3380911686660844,0.1959411810562755,0.29376394870421507,0.3660064429408747,0.40440443544328,0.31164494443677726,0.5338165733309707,0.5509435992188316,-0.21511008386912425,0.3241699046629063,0.26742747975510195,0.3669234250886391,0.46238255972629244,0.23319267832207563,0.3714486917032242,0.5875667290338562,0.5087936031282494,0.2995458085234266,-0.013285318696673673,0.48846959388524114,0.3627684528508202,0.4001788410541199,0.15438493640137407,0.4641842398336089,0.5199278656200721,0.4261984110211267,-0.10467090125703372,-0.1318197411893354,-0.005811616242237625,-0.049606879496298585
0.14272816222140497,0.43079585909968365,0.471247886291246,2.0463082506581918,0.2723348870860739,0.20745329048383146,0.3993705191749537,0.1586502049621886,0.24136632514010758,0.44268274713974526,0.3494917573441281,0.4701917740443118,0.3546790363985651,0.4169536283179644,0.30460895302395036,0.38079379773433464,0.34993848482023315,0.5536247618567871,0.12998306860672332,0.2281326209587794,0.3069607095420751,0.39145391919000044,0.44027173805935654,0.27994295781533207,0.3606081148800199,0.36129333697492383,0.2795747843488411,0.4356651065929354,0.38861904258931584,0.07019114020779273,0.26989288439329573,0.332140034994395,0.30507214621445716,0.41112575244404714,0.18263971327881703,0.27659577047026995,0.39659778439579857,0.2151930200485594,0.3168844312481488,0.14592002880328928,0.4104802939097002,0.2356189746252386,0.4860393102015422,0.12631654207494838,0.33284798580097025,0.3375700921097523,0.3290885101158832,-0.05662021278728556,0.05948357742007948,-0.04574089787786725,-0.09307851102345123
0.19582130555219893,0.20811656993886285,0.08591704527193886,0.2723348870860739,1.0080937454216992,0.34234009490018724,0.26960165949427517,0.38974745336243366,0.18095085294401678,0.15838742153885954,0.2351370174708086,0.22888417838761305,0.30705569563878204,0.21282904187322269,0.20507090555960314,0.2847284919220768,0.20684062156110805,0.2458416186700635,0.46207695514672414,0.23592324339205578,0.2537369498750028,0.27690945734869593,0.08846303704042398,0.17376138148215597,0.2627189812457104,0.22492784987499484,0.1871014515674719,0.10623101209916519,0.35714974255062165,0.029914352438797618,0.19487292574790513,0.22032642119231513,0.10554978800950665,0.4445518114364001,0.1425335521374402,0.22792388337877698,0.2270099752714605,0.13616458959217578,0.31291493990065605,0.12394338398523884,0.1757925767070183,0.20964838948792988,0.22314062224840014,0.05666719534978179,0.18497683276332796,0.18656947118105097,0.25560359237503383,-0.01451128816182693,0.22580594547526064,-0.041836872244813667,-0.018958269559836104
0.13260869547430676,0.3031363463318766,0.39373805673363926,0.20745329048383146,0.34234009490018724,0.675840218994219,0.20113928413061005,0.46548048631844796,0.25663092848808805,0.20098461104596205,0.28882868498169173,0.2467865692380849,0.3143860548522427,0.23398801347222528,0.25466881800415053,0.29916880981499894,0.29454452989310903,0.2508768380479741,0.38329814234052423,0.2750783476319273,0.3091271026556905,0.3382238636693864,0.15070637834705033,0.21372464364961857,0.28039593638378585,0.28009118915085635,0.2507764196078467,0.22187374744697086,0.4301661521060131,0.04347451778296201,0.19489889714613648,0.29047343336842635,0.08449235295157957,0.4037083493132716,0.11517938391756091,0.2576649122389547,0.25637504667779065,0.20616161487489804,0.31440533268069915,0.12937491194254777,0.1695562172922183,0.21980380233005797,0.2921180309304186,0.07167274918541397,0.2492326293163702,0.19756127203308815,0.34302072970754693,-0.025126852188546617,0.2719986205432228,-0.033656389534835934,0.006304746387314459
0.19865088019763266,0.35775379484186143,0.33068248297749847,0.3993705191749537,0.26960165949427517,0.20113928413061005,0.6969499710942935,0.18129152880983335,0.35941487440217623,0.22493503328565811,0.3092060972328194,0.4454348989203265,0.33150146888492066,0.2982207906624798,0.21391888412090268,0.3635100932756919,0.33380567548543016,0.2706512600811875,0.24357308982763262,0.2681667885472396,0.2967835681607845,0.3621277111338334,0.22376563046015746,0.25503562945142494,0.2693506217131952,0.33674302466712636,0.27082106372724973,0.27834782762785776,0.3528224310688255,0.09294637384950095,0.21506424434530533,0.32403739829884515,0.2311431370697906,0.3581261808953916,0.12357356246538626,0.28343895395947516,0.26667035497997876,0.20361520143017148,0.3023519676213506,0.14114927854582665,0.2759861117403675,0.22575064821501195,0.35602390031254244,0.0666985031848909,0.25938280063466945,0.25494108766624785,0.10810491377323032,-0.048010344443813344,0.33752103180853005,-0.07865481191393701,-0.025043109854943717
0.16463288787598032,0.2646081874129751,0.29824483774894367,0.1586502049621886,0.38974745336243366,0.46548048631844796,0.18129152880983335,1.0994577329121822,0.07842499641511345,0.21606660957639137,0.2369502202423222,0.003346464296454672,0.3004346263207323,0.24118169232177367,0.2417848201274672,0.299304679220794,0.25521425053075025,0.2639850672087305,0.3408043943510062,0.2587754646884228,0.29237862959077177,0.31102457791920685,0.12704947660319316,0.14777651889548662,0.28279730934858066,0.31213649184657993,0.2183365763685749,0.029441530188649374,0.3888686894552583,0.12452979210490626,0.19185960796748064,0.03022048435523219,0.0572783234610441,0.42637908354081516,0.32218531384436344,0.2377437005168881,0.19061574805471776,0.14987525216118375,0.3864422187755642,0.1913576278072337,0.20136686736294535,0.24786625718670335,0.34458982538397026,0.07265262700692042,0.32526692242541677,0.17868497385391788,0.2824192898435382,-0.014616818788252713,0.15308754417990353,0.016933092685112488,-0.00732553144745435
0.1216687249266525,0.4139223892209421,0.5959156200174759,0.24136632514010758,0.18095085294401678,0.25663092848808805,0.35941487440217623,0.07842499641511345,0.861322596303691,0.26305326724622324,0.2797672390470402,0.32368587276711974,0.30226740556747134,0.3213055632109667,0.30503874940652437,0.29979384323708336,0.3760998920275301,0.17970972219537332,0.2841498885915571,0.29221216015138896,0.29133443136335463,0.24060148028270328,0.13286747671657195,0.285382384526295,0.197147029309553,0.3836755203157614,0.2553235354057406,0.4881820365638295,0.2850567502617852,0.13335107451006695,0.26562803588740225,0.35209616224953905,0.26506071846488805,0.22582921127080471,0.13998243242963063,0.30137750218491927,0.28985211521888266,0.23400213373938558,0.2379391111589615,0.11057296415732794,0.33631210274654155,0.24168967952104953,0.26233059965825367,0.06552055829848585,0.2230185197278863,0.29125915545005165,0.1651183401189109,-0.05104334251857117,0.2331838280630145,-0.005262374995153658,-0.01294622007036673
0.12065672250189796,0.45668113458421994,0.559325647550359,0.44268274713974526,0.15838742153885954,0.20098461104596205,0.22493503328565811,0.21606660957639137,0.26305326724622324,0.6977630178851485,0.2879793102581686,0.23650213186442634,0.3204464244222045,0.24147849437717114,0.29816525379602904,0.2525948438624789,0.3660528406289491,0.27313658895467435,0.22924187159943846,0.23187903152156727,0.21660463187106876,0.2802289449867809,0.3011721944923671,0.24441345110797358,0.32396859167591513,0.23486084894723921,0.23087507785334618,0.3732823856001487,0.42437216842425324,0.11644012856944534,0.18381640173419153,0.1777413579490324,0.2658245311761022,0.4721892774807526,0.26495882543474386,0.25918713601331994,0.33636617830394233,0.13439519481299433,0.3559844624699658,0.14921300960050107,0.44434287469532907,0.24600192642740093,0.29392031440369193,0.07837315037713663,0.21142689668654716,0.3032020340953474,0.4821878192595939,-0.048050321911396576,0.1715876878936983,-0.05363579110096474,-0.026964453993180856
0.13744877200124148,0.36881417083852913,0.4441879799550282,0.3494917573441281,0.2351370174708086,0.28882868498169173,0.3092060972328194,0.2369502202423222,0.2797672390470402,0.2879793102581686,0.7003264576568488,0.383903596632213,0.4410919020392473,0.2607484690665268,0.416016322337784,0.3717238437921327,0.4561380866613982,0.21985140264977526,0.22639293613804617,0.4175752486425746,0.29611921682277026,0.2725695968205403,0.10921638053110588,0.25629240504316514,0.26693794043203617,0.3230126758740107,0.3138556283973294,0.42533792608223703,0.4475618342873055,0.10963524878524734,0.28608748961199654,0.2863869723572638,0.20586636783534928,0.40006593535747154,0.34368895553805257,0.3538678144540247,0.2991473241235277,0.19662433741836188,0.3517354568926867,0.1801260411950184,0.369156359007745,0.3106457422390262,0.26133737224572495,0.050823968527635696,0.2632538640677398,0.3373028794484012,0.21150216870505809,-0.061924240200158305,0.09962900126260192,-0.053958066342236294,-0.0006874796805496298
0.14931724840481106,0.3832336517565869,0.39666928689030895,0.4701917740443118,0.22888417838761305,0.2467865692380849,0.4454348989203265,0.003346464296454672,0.32368587276711974,0.23650213186442634,0.383903596632213,0.8471159548822508,0.29660177058817205,0.3249068210173463,0.24863176768327802,0.39020667471200465,0.3406752936755732,0.39401349022038173,0.22056774652911879,0.22420033314608903,0.2946012013661575,0.35542805029747804,0.33038109051960424,0.26739160519018335,0.27610837111510556,0.37289301690256027,0.33139609322319064,0.21172836406292586,0.34949369219301546,0.0038695225349907364,0.22719140838048718,0.35784997974781246,0.2931511971720142,0.35942300299558644,0.13268084752260823,0.22615197516939944,0.367593468232325,0.21974482757373573,0.25985769744180853,0.14698360410663586,0.281867282493211,0.23761004322822465,0.3867825017478974,0.05810015756761504,0.257482312613782,0.24388003314716467,0.33070041002415607,-0.037561791340640194,0.45843230562246445,-0.13747687458014235,-0.008534448528362545
0.14847921373743875,0.30183648051822665,0.3639500931855806,0.3546790363985651,0.30705569563878204,0.3143860548522427,0.33150146888492066,0.3004346263207323,0.30226740556747134,0.3204464244222045,0.4410919020392473,0.29660177058817205,0.805428812371565,0.3534215168050147,0.24876341149932157,0.4327449418231538,0.4329114659834614,0.20656721850278265,0.3510089037455757,0.31809142228751497,0.3171765001684111,0.5760210963010047,0.1483627419565147,0.2683198352619557,0.3467323122208523,0.3218390875183086,0.341044283914426,0.3912918078148707,0.5234543073110955,0.17061614271531644,0.23487920656221986,0.2481420045422566,0.16931661190756578,0.4546017298320529,0.45268780202141723,0.37633906823754554,0.21757474177208883,0.193841792854594,0.4043317286951335,0.22546735970497814,0.39375328807587606,0.33833138804079177,0.4404418236151136,0.08749345343939384,0.24287746205808536,0.3416044921732152,0.19797828666912265,-0.06461027408802082,0.19710495688298882,-0.02188345191985656,0.000776903210517621
0.16289788289575952,0.2315295218301527,0.2282653580308822,0.4169536283179644,0.21282904187322269,0.23398801347222528,0.2982207906624798,0.24118169232177367,0.3213055632109667,0.24147849437717114,0.2607484690665268,0.3249068210173463,0.3534215168050147,0.8442748371362834,0.37693726399004934,0.4681637343650914,0.3959299265092816,0.15200596761362284,0.20061127415274252,0.35290756528959094,0.2275525743803392,0.2603220931552272,0.22035568032398148,0.28801573032817634,0.3597374061565199,0.36133890679033576,0.2701998210203229,0.4741331510721874,0.333031091902615,0.21378935576327238,0.17112705599656292,0.22426417976464458,0.253660913899279,0.34085656609107334,0.292262600683914,0.20431036823705748,0.43647356395246817,0.1878101933795376,0.21492650397602026,0.16370938718318154,0.42947070053139297,0.2962688677692166,0.44430706934913544,0.06056116752759668,0.22208989213308208,0.2502218628077545,0.4199602767393082,-0.020195753016632012,0.5968787732556795,0.013519997287417183,-0.00976870641640389
0.13342437079613811,0.299421157739887,0.38469561465030117,0.30460895302395036,0.20507090555960314,0.25466881800415053,0.21391888412090268,0.2417848201274672,0.30503874940652437,0.29816525379602904,0.416016322337784,0.24863176768327802,0.24876341149932157,0.37693726399004934,0.9682096494968067,0.3821115698062868,0.46815848483642264,0.11379210299254852,0.19847016384436347,0.4679418991427997,0.2368163959696289,-0.07363345070551704,0.053024050425249256,0.262740087708413,0.24564669992437765,0.2645045655620675,0.2502375291031861,0.5738918260366136,0.36513727932727996,0.2513022698094282,0.2567994387124822,0.23948019697560521,0.23071532843831818,0.3541082897197743,0.2870456217435259,0.3406096948229592,0.3562300202055474,0.10869550469625443,0.2966313422344612,0.1296992331833611,0.414361516385578,0.2811222592968324,0.07255787510827295,0.033945004312480084,0.19325246090134254,0.3097166157086568,0.2637559244671247,-0.05753996560542271,0.2833591446393233,-0.04808180857753721,0.010269751178244723
0.15525841341169247,0.2271761558760513,0.241819315931706,0.38079379773433464,0.2847284919220768,0.29916880981499894,0.3635100932756919,0.299304679220794,0.29979384323708336,0.2525948438624789,0.3717238437921327,0.39020667471200465,0.4327449418231538,0.4681637343650914,0.3821115698062868,1.145433116879423,0.437003819206517,0.20913591627646477,0.26036056870926555,0.3066805160650133,0.3023477799871099,0.3470157938135933,0.15045515577952556,0.2517973788597013,0.2890075756971481,0.3653573470945707,0.34862559064901044,0.4217846808431631,0.3906465229998422,0.21500840477541164,0.23110580602687142,0.1448036853074071,0.17206730117359564,0.3769741887927059,0.49821861307053794,0.28293510021143203,0.2925428656962061,0.17430811813236918,0.34319456763926703,0.27953253084274526,0.42759372788605227,0.3457541474684236,0.4291360063670527,0.055629806394695606,0.30661287825592665,0.26585336236123874,0.3312721980851693,-0.03898394385402735,0.3162572597823514,-0.017754978395008718,-0.0016834118964823704
0.12537591556017627,0.42171042807351855,0.4851475707650678,0.34993848482023315,0.20684062156110805,0.29454452989310903,0.33380567548543016,0.25521425053075025,0.3760998920275301,0.3660528406289491,0.4561380866613982,0.3406752936755732,0.4329114659834614,0.3959299265092816,0.46815848483642264,0.437003819206517,1.217996475481703,0.12475105860040447,0.2640207000060244,0.564465136009761,0.3200641654745309,0.2802202992624842,0.10717814596489536,0.3539630815965257,0.4106003677257489,0.3048413477114668,0.39836262480495577,1.0515571378822182,0.48484097388887104,0.20563878376140618,0.35498348387039436,0.4171825319718585,0.35767899892740046,0.4570740174862169,0.4334129590681838,0.3775879309283968,0.7013423329231881,0.3425224135418514,0.3479048352416181,0.2013388350632293,0.6256945870416198,0.5838938703656762,0.3728926766288417,0.05148683227424548,0.42486098956529467,0.4367123760135241,0.44664235364718957,-0.0720550376966593,0.2846285757496578,-0.09877913105346169,0.0024263251214335533
0.15787912695460674,0.3986387155517419,0.3022034069210752,0.5536247618567871,0.2458416186700635,0.2508768380479741,0.2706512600811875,0.2639850672087305,0.17970972219537332,0.27313658895467435,0.21985140264977526,0.39401349022038173,0.20656721850278265,0.15200596761362284,0.11379210299254852,0.20913591627646477,0.12475105860040447,1.4095827328142028,0.2526461697777031,-0.2717348988486499,0.4099477022134449,0.5927225486311394,0.8563459085759749,0.2188043703088212,0.23835032004412512,0.3736443927508614,0.1833833264586286,0.31956456048816595,0.3290583404398593,-0.046606247489604215,0.402346882154646,0.3278841677909256,0.3069142041721534,0.3053521444491679,0.06183639003222741,0.20086251726828214,0.39989152665064387,0.08285107985324545,0.22416098552931002,0.07954958764102858,0.24587268578084057,0.08948095880607952,0.6305564221094184,0.08474473411546107,0.40462314080559864,0.20165024123317107,0.22236142124012442,-0.022632200748476678,0.17956221923007204,-0.12367041196304501,-0.02436280820171582
0.14329820647174368,0.32733989337650093,0.3953249979195111,0.12998306860672332,0.46207695514672414,0.38329814234052423,0.24357308982763262,0.3408043943510062,0.2841498885915571,0.22924187159943846,0.22639293613804617,0.22056774652911879,0.3510089037455757,0.20061127415274252,0.19847016384436347,0.26036056870926555,0.2640207000060244,0.2526461697777031,0.956856475426259,0.2422833471115135,0.3299764047176833,0.3235003739231251,-0.05884044015529146,0.17206133976813925,0.29940148802724065,0.1597079673992132,0.2157265056401637,0.21936335305000024,0.36845962512373254,0.11885733725022558,0.2799987805490279,0.19133173538283912,0.15785818000361934,0.3745227778373432,0.21755901635453337,0.28296518303538937,0.3182077871424781,0.25622292504072075,0.4028532719915454,0.12406884140745993,0.22667983446264944,0.23885170435874598,0.3227939657954362,0.08645868591221244,0.3326032762892996,0.24560931526063615,0.27756600106841517,-0.017105903499003962,0.01933705710281707,-0.048297014248292074,-0.00760523080131025
0.12346517687710955,0.5889875139047068,0.44213205874129863,0.2281326209587794,0.23592324339205578,0.2750783476319273,0.2681667885472396,0.2587754646884228,0.29221216015138896,0.23187903152156727,0.4175752486425746,0.22420033314608903,0.31809142228751497,0.35290756528959094,0.4679418991427997,0.3066805160650133,0.564465136009761,-0.2717348988486499,0.2422833471115135,1.5039794185562496,0.08550004735636632,-0.07475088378780109,-0.2946248171190585,0.26134444539967144,0.311691423055196,0.3915513752225652,0.4344667901769743,0.650542408088909,0.45338564641106854,0.2529481676827166,0.2906702273715724,0.2886473121007575,0.32383989430715604,0.4283935436790783,0.28609881065496223,0.17316243965694242,0.7352617998363368,0.32979506537402276,0.38077265496721174,0.24323897301270256,0.5226719251307207,0.27921837658744425,0.3023181517448568,-0.0009709382315181474,0.4785828654341449,0.345076330948033,0.3717161336033501,0.015358160892711002,0.6738590005121899,0.008607421094546427,-0.02086595713287166
0.1442777524631985,0.325196082832688,0.3854588137438064,0.3069607095420751,0.2537369498750028,0.3091271026556905,0.2967835681607845,0.29237862959077177,0.29133443136335463,0.21660463187106876,0.29611921682277026,0.2946012013661575,0.3171765001684111,0.2275525743803392,0.2368163959696289,0.3023477799871099,0.3200641654745309,0.4099477022134449,0.3299764047176833,0.08550004735636632,0.8270116720681497,0.47586809301535454,0.2838870176129928,0.18426572835444907,0.3025576183161363,0.12909253856928224,0.19880952070717733,0.278795714261476,0.4225410196516816,0.0776084552467395,0.30645013195086285,0.15989654270963075,0.16606319834464922,0.34712564130173035,0.4399269187855738,0.3026798984692844,0.2588755560139646,0.35368097501661777,0.42788622139023885,0.28123660845702014,0.31393769201456173,0.37635608691898503,0.583079566331086,0.12165570458257972,0.5834453210808652,0.24640301351641727,0.25608600634331685,-0.04544221704506251,-0.042210568344846204,-0.024741656376191103,-0.011484971248617032
0.152940130955226,0.29055909635679344,0.3380911686660844,0.39145391919000044,0.27690945734869593,0.3382238636693864,0.3621277111338334,0.31102457791920685,0.24060148028270328,0.2802289449867809,0.2725695968205403,0.35542805029747804,0.5760210963010047,0.2603220931552272,-0.07363345070551704,0.3470157938135933,0.2802202992624842,0.5927225486311394,0.3235003739231251,-0.07475088378780109,0.47586809301535454,1.5755397522978336,0.8620854284161268,0.30626991392076197,0.4477211059330731,0.21602144475473448,0.2867448722036149,0.10718570418181309,0.6056052855889104,0.04315787817219595,0.1011608668980557,0.32440564866025184,0.19023798266154698,0.49666711617397113,0.35719967955808396,0.22087780630767637,0.1517204062473258,0.3518607251372871,0.4767519940523945,0.2771492922601741,0.22565161106360995,0.34314813673893096,1.0018359707804283,0.13244419689841905,0.3419150852605777,0.27365995802056814,0.25616133753673564,-0.02921581582019724,0.1681176526437999,-0.0755320473769235,-0.01827640424444448
0.09315651875954904,0.18630786519094242,0.1959411810562755,0.44027173805935654,0.08846303704042398,0.15070637834705033,0.22376563046015746,0.12704947660319316,0.13286747671657195,0.3011721944923671,0.10921638053110588,0.33038109051960424,0.1483627419565147,0.22035568032398148,0.053024050425249256,0.15045515577952556,0.10717814596489536,0.8563459085759749,-0.05884044015529146,-0.2946248171190585,0.2838870176129928,0.8620854284161268,2.2862352337245984,0.539216005570755,0.5842802735851285,0.06764025000704,0.15175363867822714,0.09251420615268471,0.6614642263379664,0.00682466953068876,-0.3574241071869818,0.4286666639965717,0.4757763525519559,0.48713250992687207,-0.1746233078225479,0.09873236257146167,0.1370735819403159,-0.12198942503869638,0.4208867974003987,0.1274231453187269,0.12439977913320958,0.04534108106386875,0.5342486456210226,0.06790508990445042,-0.10449523853943778,0.21727828000075255,0.3762893437136547,0.02259215353345801,0.6764975434014905,-0.13607730241694058,-0.02342481951505562
0.07843143224187375,0.27335329167655753,0.29376394870421507,0.27994295781533207,0.17376138148215597,0.21372464364961857,0.25503562945142494,0.14777651889548662,0.285382384526295,0.24441345110797358,0.25629240504316514,0.26739160519018335,0.2683198352619557,0.28801573032817634,0.262740087708413,0.2517973788597013,0.3539630815965257,0.2188043703088212,0.17206133976813925,0.26134444539967144,0.18426572835444907,0.30626991392076197,0.539216005570755,0.7566959693231239,0.3207234794730846,0.21171783859640028,0.26767015889807433,0.3813273043027434,0.3872687404633787,0.33986252019378277,0.23579144635318777,0.657433989791278,0.44029209945739867,0.2855823563299643,0.08153988438030747,0.40462208600338806,0.36481206835167845,0.20209778456950228,0.23382984122762449,0.07887165208991467,0.263649572257882,0.22870593798722286,0.23089562457767768,0.06818965671202236,0.06419137324546574,0.3396852614319038,0.26779948719640173,-0.09058074876171522,0.5056668725236299,-0.10562406797089868,0.0003388425220099936
0.12838999422729208,0.3489688436626495,0.3660064429408747,0.3606081148800199,0.2627189812457104,0.28039593638378585,0.2693506217131952,0.28279730934858066,0.197147029309553,0.32396859167591513,0.26693794043203617,0.27610837111510556,0.3467323122208523,0.3597374061565199,0.24564669992437765,0.2890075756971481,0.4106003677257489,0.23835032004412512,0.29940148802724065,0.311691423055196,0.3025576183161363,0.4477211059330731,0.5842802735851285,0.3207234794730846,1.8339765221584867,0.009459229492895791,0.31407817044047465,0.2083782460997835,1.0059521043283803,0.5215848314612161,-0.12169192704710681,0.15327167245440507,0.21785716986421733,0.8125914792174574,0.5344728052039319,0.4177574327815951,0.42190842277685664,0.3988316996102192,0.6171828345911589,0.21170416051728339,0.3849048989863522,0.42113485071345824,0.4448821210883236,0.14909938616573226,0.38084227146306243,0.5546536338417717,0.4056891638889312,-0.17609645252401948,-0.015183022150495775,-0.015059994163958266,-0.02835975258689131
0.1466197672513579,0.46384222034068334,0.40440443544328,0.36129333697492383,0.22492784987499484,0.28009118915085635,0.33674302466712636,0.31213649184657993,0.3836755203157614,0.23486084894723921,0.3230126758740107,0.37289301690256027,0.3218390875183086,0.36133890679033576,0.2645045655620675,0.3653573470945707,0.3048413477114668,0.3736443927508614,0.1597079673992132,0.3915513752225652,0.12909253856928224,0.21602144475473448,0.06764025000704,0.21171783859640028,0.009459229492895791,1.6395724529518987,0.22991806080777705,0.5667231307865533,-0.019722207455430896,-0.08789006728797821,0.3269667856376314,0.3492030529020852,0.30167806139794695,0.3268686037624241,0.13775813017527955,0.172911308000664,0.07848763024760204,0.05607165596128015,-0.16305218488079992,0.0941920553958895,0.5559745083453193,0.16145970447195657,0.3770102036855843,0.007075459394395299,0.2942934861878791,0.1462708781736821,0.04030773165774344,0.03662520293257782,0.6435737438544405,-0.04397931056696724,-0.009651551747679316
0.12319993931310769,0.3163272642455163,0.31164494443677726,0.2795747843488411,0.1871014515674719,0.2507764196078467,0.27082106372724973,0.2183365763685749,0.2553235354057406,0.23087507785334618,0.3138556283973294,0.33139609322319064,0.341044283914426,0.2701998210203229,0.2502375291031861,0.34862559064901044,0.39836262480495577,0.1833833264586286,0.2157265056401637,0.4344667901769743,0.19880952070717733,0.2867448722036149,0.15175363867822714,0.26767015889807433,0.31407817044047465,0.22991806080777705,1.0630331911201085,0.5307824212080438,0.35068141034372663,0.14593652024006054,0.24842076503087207,0.5525235684173972,0.37389623399830174,0.2878628759680825,0.10766811436058059,0.39008464475198584,0.43644456613308147,0.21999888268768794,0.2506754848095322,0.15769586124632914,0.4498325747332244,0.2583132434161111,0.3048717215555121,0.021188885009328865,0.14294782987820706,0.4459838545751709,0.1526283952243949,-0.09382129928459239,0.4321871113446132,-0.0252587858496546,-0.001968790320121691
0.12192590441345347,0.48186826729500926,0.5338165733309707,0.4356651065929354,0.10623101209916519,0.22187374744697086,0.27834782762785776,0.029441530188649374,0.4881820365638295,0.3732823856001487,0.42533792608223703,0.21172836406292586,0.3912918078148707,0.4741331510721874,0.5738918260366136,0.4217846808431631,1.0515571378822182,0.31956456048816595,0.21936335305000024,0.650542408088909,0.278795714261476,0.10718570418181309,0.09251420615268471,0.3813273043027434,0.2083782460997835,0.5667231307865533,0.5307824212080438,2.7021566775793957,0.28336564731090663,0.21570932087572528,0.4564000838726541,0.7397811349825156,0.5467505804694109,0.2997865392851155,0.068575941527294,0.4274421635982409,0.6860841342134839,0.022615368452183822,0.19992209363655322,0.038913805151818776,1.149244345481094,0.2673351983331318,0.15613390825480405,0.011388564967398575,0.11896281785674127,0.5283389063920115,0.1651629853372015,-0.04407043203430776,0.7040335356497067,0.09107364841794738,-0.027617645836962846
0.13167291962842928,0.5298754832799238,0.5509435992188316,0.38861904258931584,0.35714974255062165,0.4301661521060131,0.3528224310688255,0.3888686894552583,0.2850567502617852,0.42437216842425324,0.4475618342873055,0.34949369219301546,0.5234543073110955,0.333031091902615,0.36513727932727996,0.3906465229998422,0.48484097388887104,0.3290583404398593,0.36845962512373254,0.45338564641106854,0.4225410196516816,0.6056052855889104,0.6614642263379664,0.3872687404633787,1.0059521043283803,-0.019722207455430896,0.35068141034372663,0.28336564731090663,2.3903020749140262,0.19629037861687507,-0.15261298645848578,0.43881524548282397,0.07200866827711583,1.1101455688665962,0.4525652116608612,0.9541632728477907,-0.2286000509548633,-0.24027634639409956,0.840127649583676,0.21759888833810218,0.7475034161778786,0.25941936163873963,0.06474188042202089,-0.005225716199536994,0.26801262453092006,0.5785302251893916,0.22096108934871547,-0.23249970543432982,0.5461388334280535,-0.08525256394241103,0.0001773412970596799
0.05919030435888804,-0.04998789222161117,-0.21511008386912425,0.07019114020779273,0.029914352438797618,0.04347451778296201,0.09294637384950095,0.12452979210490626,0.13335107451006695,0.11644012856944534,0.10963524878524734,0.0038695225349907364,0.17061614271531644,0.21378935576327238,0.2513022698094282,0.21500840477541164,0.20563878376140618,-0.046606247489604215,0.11885733725022558,0.2529481676827166,0.0776084552467395,0.04315787817219595,0.00682466953068876,0.33986252019378277,0.5215848314612161,-0.08789006728797821,0.14593652024006054,0.21570932087572528,0.19629037861687507,3.245917131518554,0.29483030128776194,0.24514150256532566,-0.13744573930259854,-0.04070367354888193,0.6365047256518617,0.987463633509326,0.13284364036255034,0.3295248813782686,0.6831243587326491,0.282081260425407,0.5075441047256026,0.2656919268482523,0.3468486136153031,0.173414727351362,0.36771138366141276,0.44876538874090083,-0.16144056815202026,-0.2520267432062347,0.22059889280408268,0.006799048448370795,0.006434812330771239
0.11131139489040726,0.3473013526147624,0.3241699046629063,0.26989288439329573,0.19487292574790513,0.19489889714613648,0.21506424434530533,0.19185960796748064,0.26562803588740225,0.18381640173419153,0.28608748961199654,0.22719140838048718,0.23487920656221986,0.17112705599656292,0.2567994387124822,0.23110580602687142,0.35498348387039436,0.402346882154646,0.2799987805490279,0.2906702273715724,0.30645013195086285,0.1011608668980557,-0.3574241071869818,0.23579144635318777,-0.12169192704710681,0.3269667856376314,0.24842076503087207,0.4564000838726541,-0.15261298645848578,0.29483030128776194,1.4337734925682097,0.32078307345884455,0.23943971156191207,0.07340793604447556,0.5128984368625005,0.4217194956460927,0.7315512948039422,0.5692688412278935,0.14394437289529097,0.12673830768943545,0.32470526102436803,0.4035276763099568,0.38336613620141896,0.15406502788346316,0.559333022813965,0.3477915677216916,0.1625448073444753,-0.07987811788247581,-0.21189887136114605,-0.05043133620361434,-0.001006498055883492
0.10445386218331046,0.3733555689467715,0.26742747975510195,0.332140034994395,0.22032642119231513,0.29047343336842635,0.32403739829884515,0.03022048435523219,0.35209616224953905,0.1777413579490324,0.2863869723572638,0.35784997974781246,0.2481420045422566,0.22426417976464458,0.23948019697560521,0.1448036853074071,0.4171825319718585,0.3278841677909256,0.19133173538283912,0.2886473121007575,0.15989654270963075,0.32440564866025184,0.4286666639965717,0.657433989791278,0.15327167245440507,0.3492030529020852,0.5525235684173972,0.7397811349825156,0.43881524548282397,0.24514150256532566,0.32078307345884455,2.988309935411749,0.4282202726579046,0.05192653534073718,-1.4924156549105922,0.7136559819730514,0.41446242737178846,0.32694380380832433,-0.0674327553986476,-0.3060747292626969,0.170553565921884,-0.056283126325286974,-0.1628810366896742,-0.017294547233439563,-0.4538246130110139,0.5637199204756802,-0.1510564835383203,-0.23316761370028596,1.218829783175482,-0.17224461548772904,-0.0220039133595554
0.09871874151457777,0.397684220155233,0.3669234250886391,0.30507214621445716,0.10554978800950665,0.08449235295157957,0.2311431370697906,0.0572783234610441,0.26506071846488805,0.2658245311761022,0.20586636783534928,0.2931511971720142,0.16931661190756578,0.253660913899279,0.23071532843831818,0.17206730117359564,0.35767899892740046,0.3069142041721534,0.15785818000361934,0.32383989430715604,0.16606319834464922,0.19023798266154698,0.4757763525519559,0.44029209945739867,0.21785716986421733,0.30167806139794695,0.37389623399830174,0.5467505804694109,0.07200866827711583,-0.13744573930259854,0.23943971156191207,0.4282202726579046,1.6405895451955814,0.13047449252823665,-0.23090692811475236,-0.049577145561212135,0.742625488592822,0.27998649434967315,-0.07433026913226765,-0.031673016391897256,0.008610878486068988,0.2110895183368347,0.27341846788471563,0.08988538367207821,-0.03831940243478326,0.28929312124773726,0.6882788075609737,-0.03169241621127741,0.6380109502819933,-0.1356079297402635,-0.011535011298872898
-0.01837836875230231,0.3889581527481575,0.46238255972629244,0.41112575244404714,0.4445518114364001,0.4037083493132716,0.3581261808953916,0.42637908354081516,0.22582921127080471,0.4721892774807526,0.40006593535747154,0.35942300299558644,0.4546017298320529,0.34085656609107334,0.3541082897197743,0.3769741887927059,0.4570740174862169,0.3053521444491679,0.3745227778373432,0.4283935436790783,0.34712564130173035,0.49666711617397113,0.48713250992687207,0.2855823563299643,0.8125914792174574,0.3268686037624241,0.2878628759680825,0.2997865392851155,1.1101455688665962,-0.04070367354888193,0.07340793604447556,0.05192653534073718,0.13047449252823665,2.170535678829778,0.43884039156855204,0.43187420259986237,0.31120892761615376,-0.07125872788073857,0.6877853893310792,0.0600598661929307,0.606614862719718,0.3679795531699433,0.40746981287886436,0.09724270360760133,0.4486527514876726,0.300755328026099,0.7647927402389999,-0.04414734455604842,0.6255575957236374,-0.052766207641383206,0.0017285613310432449
0.10959115076653789,0.13332998533178,0.23319267832207563,0.18263971327881703,0.1425335521374402,0.11517938391756091,0.12357356246538626,0.32218531384436344,0.13998243242963063,0.26495882543474386,0.34368895553805257,0.13268084752260823,0.45268780202141723,0.292262600683914,0.2870456217435259,0.49821861307053794,0.4334129590681838,0.06183639003222741,0.21755901635453337,0.28609881065496223,0.4399269187855738,0.35719967955808396,-0.1746233078225479,0.08153988438030747,0.5344728052039319,0.13775813017527955,0.10766811436058059,0.068575941527294,0.4525652116608612,0.6365047256518617,0.5128984368625005,-1.4924156549105922,-0.23090692811475236,0.43884039156855204,4.6550375536636235,-0.05856410474581382,-0.02103212411103045,0.12477638443879861,0.8193836360587625,1.0729510683058585,0.40494826176544013,0.9857644904585369,0.8784247336160081,0.1515621987569932,1.5133988739091715,0.11228554873543194,0.18483271526650577,0.12032437419352769,-1.1744239412304833,0.027710710554808088,0.039606897708489665
0.1033141466238708,0.2641543868525742,0.3714486917032242,0.27659577047026995,0.22792388337877698,0.2576649122389547,0.28343895395947516,0.2377437005168881,0.30137750218491927,0.25918713601331994,0.3538678144540247,0.22615197516939944,0.37633906823754554,0.20431036823705748,0.3406096948229592,0.28293510021143203,0.3775879309283968,0.20086251726828214,0.28296518303538937,0.17316243965694242,0.3026798984692844,0.22087780630767637,0.09873236257146167,0.40462208600338806,0.4177574327815951,0.172911308000664,0.39008464475198584,0.4274421635982409,0.9541632728477907,0.987463633509326,0.4217194956460927,0.7136559819730514,-0.049577145561212135,0.43187420259986237,-0.05856410474581382,3.1406860305454627,-0.44604509093663774,-0.02401927468118938,0.5831350347729143,0.11404108561292314,0.6969391268329995,0.3341430888036263,-0.27876224508435443,0.0630085247710681,-0.003224645496044454,0.9073538524523503,-0.5384205696785389,-0.647946115417528,-0.6022199929064039,-0.05930339985813298,-0.0064745533972343635
0.1645823465643906,0.8251845622726037,0.5875667290338562,0.39659778439579857,0.2270099752714605,0.25637504667779065,0.26667035497997876,0.19061574805471776,0.28985211521888266,0.33636617830394233,0.2991473241235277,0.367593468232325,0.21757474177208883,0.43647356395246817,0.3562300202055474,0.2925428656962061,0.7013423329231881,0.39989152665064387,0.3182077871424781,0.7352617998363368,0.2588755560139646,0.1517204062473258,0.1370735819403159,0.36481206835167845,0.42190842277685664,0.07848763024760204,0.43644456613308147,0.6860841342134839,-0.2286000509548633,0.13284364036255034,0.7315512948039422,0.41446242737178846,0.742625488592822,0.31120892761615376,-0.02103212411103045,-0.44604509093663774,3.664725408643447,0.7151771230309746,-0.24556938097118228,-0.1389901155019455,0.47238462609859405,0.7097374389538653,0.6730511945539351,0.07400179241718072,0.7855796735264597,0.5172232401526728,1.7016931886698656,0.08095414317631795,1.2983652286505682,-0.12969030291378295,-0.016653622935209018
0.14225760759059122,0.34361691495907837,0.5087936031282494,0.2151930200485594,0.13616458959217578,0.20616161487489804,0.20361520143017148,0.14987525216118375,0.23400213373938558,0.13439519481299433,0.19662433741836188,0.21974482757373573,0.193841792854594,0.1878101933795376,0.10869550469625443,0.17430811813236918,0.3425224135418514,0.08285107985324545,0.25622292504072075,0.32979506537402276,0.35368097501661777,0.3518607251372871,-0.12198942503869638,0.20209778456950228,0.3988316996102192,0.05607165596128015,0.21999888268768794,0.022615368452183822,-0.24027634639409956,0.3295248813782686,0.5692688412278935,0.32694380380832433,0.27998649434967315,-0.07125872788073857,0.12477638443879861,-0.02401927468118938,0.7151771230309746,3.602254707488356,0.10566824872497613,0.41283667847079347,-0.08730640876669601,0.7208520278210538,1.1687118246978163,0.4605041893712469,0.6107612476832345,0.6446371553150528,0.2669530591909115,-0.1596399579708157,-1.232026179502984,0.013774152016572203,-0.019024439037234622
0.11271738241767483,0.2665164098546692,0.2995458085234266,0.3168844312481488,0.31291493990065605,0.31440533268069915,0.3023519676213506,0.3864422187755642,0.2379391111589615,0.3559844624699658,0.3517354568926867,0.25985769744180853,0.4043317286951335,0.21492650397602026,0.2966313422344612,0.34319456763926703,0.3479048352416181,0.22416098552931002,0.4028532719915454,0.38077265496721174,0.42788622139023885,0.4767519940523945,0.4208867974003987,0.23382984122762449,0.6171828345911589,-0.16305218488079992,0.2506754848095322,0.19992209363655322,0.840127649583676,0.6831243587326491,0.14394437289529097,-0.0674327553986476,-0.07433026913226765,0.6877853893310792,0.8193836360587625,0.5831350347729143,-0.24556938097118228,0.10566824872497613,2.125619151443574,0.6298558994500478,0.3863361848567788,0.18156111145703385,0.3631356164979048,0.1566284726282303,0.5264036941188579,0.36511253425922635,0.053244294122538956,-0.1540370626886131,-0.16262835506224668,-0.06994915086741205,-0.023051969689144084
