1.1165570392681075,0.3592754929181558,0.3168106527244799,-0.01059778653099598,0.2262354732326205,0.20037489024573532,0.3058414463101584,0.23716438784979826,0.21118428103808098,0.2195256867852183,0.18538120438626288,0.2044833415398443,0.14236619010192178,0.24394146753611498,0.19499203076519483,0.18309126585841662,0.15679258795279613,0.18342319062911724,-0.03569172889660181,0.14387856454461642,0.15816553320519844,0.18982927570485886,0.15548738839350085,0.09768816748717753,0.18601887755979576,0.1971230864298857,0.14451397998347223,0.09149440339645588,0.17432623500723887,0.03572997669273601,0.1431658334777502,0.08287033083365461,0.09659527875846527,0.046692195176449326,0.13619284287401306,0.08070959036056408,0.19145124236489947,0.25893106787848524,0.16796924418426376,0.11894632601596512,0.16809685294611773,0.14738122512287602,0.17649937702897603,-0.020382155178732674,0.17151738382843457,0.14464220576936818,0.27706640760086876,0.007689251469211076,0.21118517210411716,0.004816621895943076,-0.044463689917885574,0.0518251195489618,0.04119373794430162,-0.046666133397813746,0.17766070637822134,0.0642210526605122,-0.0886749082855654,-0.04548760220023449,-0.15551618568979275
0.3592754929181558,6.316760260028208,0.454462887661979,0.16134242128408421,0.13721787432147237,0.03773875902260466,0.1529887009008176,0.2852131961814418,-0.018372344251990354,0.16156315115101502,0.07082564398135242,0.018160229594604786,0.12238047000515583,0.03430627086844787,0.13054199024208343,0.13115914785496394,0.008332628631730989,0.5424562412381282,0.22300135359567747,0.1275460836963312,0.4531811255166004,0.06665685431234192,-0.055835635643432295,-0.07422076280910618,0.2625421496634081,0.17135930617610412,0.18521736739649375,0.07527652436447338,0.6132425220687058,0.19684235016962665,0.3591211261521698,-0.1992883656557288,0.2766796226884288,0.037053529352685174,-0.11765697186258471,0.3649693306472603,0.8159035215516492,0.2267211568349753,-0.005206218454052166,0.18434160793283993,0.503408387931963,0.325294484108565,0.10250556420359667,0.03817139048480504,0.6492588673733781,0.32533245936496613,0.22949285408801814,0.05053980010980195,-0.44123291979291146,-0.19783685554703048,0.891524984757543,-0.031542872501560036,-0.10442955552269857,-0.20226963405290307,-1.2680987337984773,-0.2084780326659204,-0.10966567079208285,0.6159989023260395,0.6213239509706023
0.3168106527244799,0.454462887661979,1.6491086292670136,0.17017858974617484,-0.26326107397478177,0.3017823491427385,0.157509264593477,0.3686003577926196,0.25160884247494747,0.33954787396950814,0.21605075131065474,0.1089687480548725,0.16309921516206283,0.14323919829760465,0.15121339724547941,0.1559285639487752,0.32960066105180574,0.2805059790216897,0.08780805748841347,0.2485575326481245,0.22114044489467796,0.232047840490636,0.24857201645463356,0.1832968492259926,0.2832945806463195,0.19189885633156456,0.1456420343993285,0.20240671128588839,0.40533096047554656,-0.036306931849332764,0.21036959843149464,0.04033112445377483,0.16083602104658024,0.34028589588800834,0.23750334708765347,0.20653092667087913,0.5428423539359247,0.4182320821876352,0.2366483521513679,0.05765117519974397,0.2788723880509666,0.22161435644666796,0.22518844765995277,0.035228309472178684,0.29106117850233076,0.5532276457160179,0.5028236325478527,0.023465674302043736,-0.19338573962732813,-0.030963768741623654,-0.20116482847201153,0.1023189689605172,-0.028186201187099295,-0.20764527820161158,0.0868256008803605,0.0014458903767709582,-0.22970663781403888,-0.20594418290202637,0.17916896532763446
-0.01059778653099598,0.16134242128408421,0.17017858974617484,1.5652637070460473,0.45259728054281073,0.3497925751318294,0.30267275959132256,0.36658495153861115,0.15344355501128412,0.3206048823268325,0.2534947319512613,0.37295416560182376,0.2330827955356087,0.5098225127838276,0.282323374414439,0.3853992447830267,0.22729189176983097,0.2736171800279844,-0.03794371637937573,0.29836224581719994,0.23130899859363904,0.26772613282287616,0.3365879478187391,0.2664033185591259,0.3066217759000067,0.29252889048792646,0.22139852838216165,0.18510286934815665,0.35119557026241266,0.09948771345719365,0.1955184893859129,0.197219394549109,0.24741502267381202,0.31932511909244926,0.05701286142176319,0.11457967528749774,0.3606891789897775,0.31385241741229464,0.21391160877830792,0.15434953681077854,0.22997633866855383,0.2335291524673928,0.3502189868892521,0.011480873958130725,0.20369018580824372,0.06907489451459169,0.4998129485793843,0.02872016238896286,0.2231519516812044,0.2551814220442733,-0.19290032629958767,0.2773628299986474,-0.11011313551978681,-0.00208898874767661,-0.20079132351649165,-0.08249022506455164,-0.24993835011599644,0.18645023580350809,0.21376682696960306
0.2262354732326205,0.13721787432147237,-0.26326107397478177,0.45259728054281073,0.963923423972319,0.3744901665067411,0.22217836158371024,0.2192708015483215,0.15119314714754048,0.2219088049805721,0.2494708610158278,0.3608259477189257,0.19576909438524076,0.25546908844339355,0.3352501194203588,0.26841870507775356,0.10228083361111513,0.19736788855725843,-0.06019029035561201,0.21852266853240554,0.16333533681868828,0.19233680946897572,0.22326210493966064,0.1566750572455404,0.2388730352784508,0.22831809947087572,0.1896594373746944,0.05406212599059009,0.22350812836298656,-0.10818118540677325,0.12994938737948533,0.30530642693516546,0.07966435324252098,0.26369679732717677,0.05197073995985082,0.03769541038282315,0.022309821512791473,0.16841775957969438,0.1718825225957002,0.15204512894280872,0.1368244495691108,0.16607291377700717,0.2005651805837689,0.011306620042339283,0.02248620644363167,-0.06358397002876426,0.30527324027470243,0.024509221048029044,0.3637689287058517,0.17071815799989243,0.05189730326323125,0.2133598366741581,0.052139920397625654,0.04729277251278552,-0.07883384506392357,-0.0385605963642808,-0.08980099413278098,0.02323285583629461,0.11699317740243785
0.20037489024573532,0.03773875902260466,0.3017823491427385,0.3497925751318294,0.3744901665067411,0.744278641515108,0.1470557970956181,0.3716806942683825,0.21652125142193396,0.25202451332009945,0.30052653383164885,0.3109414015105797,0.18268514371637248,0.24073356931218523,0.29750079939438007,0.2560796709082352,0.2508203251800932,0.24625111498470914,0.027996920553008807,0.3293426040575008,0.21641778219820693,0.2507280465925862,0.2919188905707721,0.20484467703987969,0.31398984678477593,0.3316270203924691,0.22790870058054502,0.2231220540887002,0.45498661008029984,-0.10130793773548132,0.16723707102437804,0.249232886545714,0.1266416504938859,0.3769591228805452,0.20481058101609864,-0.08413468283476942,0.3648598931899327,0.36509530022041603,0.2691363619746038,0.14879365602033523,0.16131763964337323,0.2113201345489113,0.36157794115199865,0.005545910048197545,0.06412737781561872,0.13901224876289162,0.5667645141622888,0.043354612448590304,0.5075003012067498,0.06821393733253997,-0.5348147155310871,0.351521376970878,-0.1629877353295457,-0.03766409745976178,-0.0011920440964907997,-0.013353225161225774,-0.10220309773195996,0.09691730977814365,-0.0473949960837882
0.3058414463101584,0.1529887009008176,0.157509264593477,0.30267275959132256,0.22217836158371024,0.1470557970956181,0.5062235269830013,0.15077896484053105,0.24543305163580745,0.2002806352134869,0.20126991341965095,0.30572027322916595,0.16427055065720766,0.07619210419010222,0.18541371430697404,0.17137786684882922,0.16293604979644544,0.18997618850204734,-0.06621092539011483,0.11961313082413443,0.1345331283918796,0.20298974363052727,0.20046858003875287,0.1499019834191788,0.2028416701821345,0.1910028642523436,0.14613452479375158,0.02944840022899328,0.12876049886673677,0.11978476093671363,0.1316366326681218,0.10709473004985035,0.09603223637739912,0.20870057928035848,0.034106899112675136,0.15183971007123068,0.11962034641278135,0.1579118236607555,0.18382317502360168,0.06914176553779704,0.06234699735952137,0.12417260755436897,0.12044450504978807,-0.007748979435955633,0.08939135970721955,0.09775039310462631,0.1749850583575877,-0.009458121286034056,0.22086747936246698,-0.10436326224993833,-0.0171699318656852,0.07921771901361238,0.12956912956481154,-0.12435229062712981,0.1017734520256023,0.07016590089047536,-0.08322785355944515,0.018703059063746114,-0.1942245507640978
0.23716438784979826,0.2852131961814418,0.3686003577926196,0.36658495153861115,0.2192708015483215,0.3716806942683825,0.15077896484053105,0.8788297767832435,-0.012504128188411052,0.2822069197176866,0.23550722565852067,0.10134454484534695,0.1774839338916677,0.288921002411376,0.148471775637152,0.23103066296705946,0.30129935082030035,0.2416030544541956,0.15994207444582847,0.30551592807701483,0.18129238869674866,0.14345210469737743,0.20820428945183025,0.16210368924986931,0.24406107940934635,0.21492413621946455,0.19076520339447045,0.2664312714143302,0.31498142503639226,0.04315651092878885,0.1757258142784432,0.07996375111847252,0.18589844689987425,0.239069552776022,0.24247314009963547,-0.016081378226123315,0.47488852784644814,0.30619597255367537,0.3358022378897065,0.18125038939086582,0.2553631082661814,0.19028232762679193,0.30139221072181965,0.03892165695879952,0.3021321780777568,0.10836496772186263,0.5293149544586565,0.061607297199180844,0.34953235291320417,0.24132101364006023,-0.24120831650073796,0.15841951237639984,-0.14089664275879363,-0.008936675820079202,-0.08993725773551217,-0.045262799351411774,-0.007210411388183746,0.14090321837265626,-0.05515283925182201
0.21118428103808098,-0.018372344251990354,0.25160884247494747,0.15344355501128412,0.15119314714754048,0.21652125142193396,0.24543305163580745,-0.012504128188411052,0.7155730074451938,0.05542773589793275,0.12915887440770377,0.22086557705913432,0.12155812459802189,0.10753147288080743,0.2197397848977641,0.12996294450324158,0.12894429039976457,0.19365781491149225,-0.26838421758336156,0.15241223811581603,0.14940944078609253,0.34827992091744087,0.28608676850522025,0.18418311926081643,0.23574966273147713,0.31724832280669374,0.15892449597496128,0.034179161852632624,0.15124668458672863,0.11072051019311734,0.12533894254128677,0.1980200180555525,0.09419323087654795,0.26742601636617497,0.086097142436907,0.09844346601936688,0.10807722017340707,0.23727416868674345,0.0949606636187862,0.07964979998891807,0.07013337261693389,0.14469509304642225,0.21260727691930742,-0.0017729821658261401,0.03218589760165621,0.22206758072968993,0.29154201677338837,-0.026228444841419854,0.13759285464336676,-0.32683958300009863,-0.18014243958580317,0.015044728957964406,0.17110296550431464,-0.025757543823003354,0.10279143229084092,0.08709934976813352,-0.03436568401849857,0.004101887010912346,-0.23813481338065484
0.2195256867852183,0.16156315115101502,0.33954787396950814,0.3206048823268325,0.2219088049805721,0.25202451332009945,0.2002806352134869,0.2822069197176866,0.05542773589793275,0.7516525254452819,0.22836470121821115,0.27090378134404675,0.17957059102108813,0.20181231017591902,0.2018360638372748,0.20600112151208527,0.1965667913106667,0.2726221521249508,0.030410309590002484,0.12477125744077716,0.1482567040910044,0.15392313095706914,0.2776327713414067,0.1745389282860378,0.2275445525432669,0.16773697755458145,0.1787183769343978,0.16882646849441346,0.27594802662588297,0.09100867968520128,0.14286718122159914,0.13156439158862768,0.137288513456911,0.24132700941975402,0.22025366157191617,0.10747857102939624,0.2761072890682288,0.16751811400918382,0.1949468809728872,0.10633213111350477,0.21551193687212916,0.1542744550941388,0.15747999493420267,-0.0005311496426797775,0.03683161237967213,0.19834547186390172,0.4585323820937226,0.030041819431341363,0.25685978775108576,-0.03057626465899245,-0.1425447192434947,-0.03001978991550582,0.04661726858338249,-0.00695853254021619,0.18972129583836617,0.09379534506921264,-0.0911258008103337,-0.21694537890511095,0.036257726527913654
0.18538120438626288,0.07082564398135242,0.21605075131065474,0.2534947319512613,0.2494708610158278,0.30052653383164885,0.20126991341965095,0.23550722565852067,0.12915887440770377,0.22836470121821115,0.5346018640988087,0.3617789223896621,0.21897698686192354,0.16646287609847055,0.2865193227616423,0.22623906159481033,0.2914883098507096,0.23099016563523397,-0.014685548335656393,0.2720053218949393,0.20825383428765973,0.18452185106694688,0.24739362150594296,0.17890086058983562,0.29356787453740846,0.24387157777179694,0.22462689030401695,0.16089964749987676,0.2949987796142399,0.05656712092810965,0.17707488227397442,0.14741501849773186,0.1257711722003687,0.28240782063311326,0.20341293743865504,0.09643056923679634,0.276982907744878,0.2669103941338633,0.2569050211398642,0.15662970491915365,0.18602424001910733,0.20822538906539897,0.2550518086182345,0.005336544021492076,0.1894140553570867,0.154259029976014,0.4399459792461338,0.025915021076042905,0.1866556612594559,-0.055244181845423186,-0.18180945156487094,0.13307521124566585,0.05047663874798687,-0.09257688052799543,-0.002524123816253748,0.01382663028990248,-0.08081450377233208,0.007788821852141161,-0.053045604311722686
0.2044833415398443,0.018160229594604786,0.1089687480548725,0.37295416560182376,0.3608259477189257,0.3109414015105797,0.30572027322916595,0.10134454484534695,0.22086557705913432,0.27090378134404675,0.3617789223896621,0.9186849473700631,0.15248994708531366,0.15982744627060558,0.28033914928698633,0.26722191196542444,0.15944343191702634,0.12244650296373008,-0.07884754417167779,0.1969548453915729,0.1351513666369163,0.23258892460049513,0.20418149049317416,0.1785319345300187,0.35024734714258493,0.26115030900679853,0.285522266199337,0.07543774283093915,0.284182938475613,0.03990140684232382,0.11784957819019685,0.19354981136090177,0.06487245705011768,0.2792451839923301,0.2023781469371669,0.03234469139068064,-0.005688910161957569,0.17132771044621767,0.20625227573410693,0.11542282319151037,0.04517499726795537,0.13588275817251622,0.2238400703209913,-0.004873815203286436,-0.1263247313050803,0.01697603952630134,0.29315022624624854,0.009108358727625996,0.6523713251236094,-0.1669952693056582,-0.27198768559367575,0.26078810969568667,0.18306331748191385,-0.023066670261343687,0.11072124674908329,0.0996475636893185,-0.11421293747712642,-0.039734615500374236,-0.08434380087810488
0.14236619010192178,0.12238047000515583,0.16309921516206283,0.2330827955356087,0.19576909438524076,0.18268514371637248,0.16427055065720766,0.1774839338916677,0.12155812459802189,0.17957059102108813,0.21897698686192354,0.15248994708531366,0.3792150244884794,0.14436491993154285,0.1063516686111928,0.17933690752811804,0.198181340779336,0.15975691916218662,0.009735187943049941,0.15659372836143254,0.15120973608145924,0.1713058366744126,0.16649296312439188,0.12992323696012562,0.18043259549048163,0.17299815287068507,0.15903418159177504,0.10841909569638276,0.22230935060743276,0.0526586243657399,0.11913809102356702,0.10528347570443582,0.09145484347209774,0.18541906681307016,0.15182743135425256,0.09105243721270051,0.1934301117101182,0.19204404697641056,0.17670745051283582,0.11402516506791376,0.1679862125535964,0.15102331463937105,0.1805482669783802,0.012673566980099514,0.1520455843834914,0.10035125818578061,0.29568043788211945,0.012640141796472552,0.13583269292882072,-0.02584320461924026,-0.08499507059255175,-0.02517245812475397,0.04620104620755724,-0.03534293980806124,-0.05498854246928256,-0.013012485492607213,-0.08037752997221512,-0.03154770108590262,0.06657435531822949
0.24394146753611498,0.03430627086844787,0.14323919829760465,0.5098225127838276,0.25546908844339355,0.24073356931218523,0.07619210419010222,0.288921002411376,0.10753147288080743,0.20181231017591902,0.16646287609847055,0.15982744627060558,0.14436491993154285,0.725769953890496,0.20764095949138767,0.34993674179789175,0.185343176517487,0.16033326835230913,-0.005157130047706641,0.23892508596466452,0.20291708667289687,0.22198446847847614,0.2216754654336684,0.17574822386428743,0.20127597025921787,0.2330783732024624,0.14445851143723287,0.23569033200772851,0.30694263635594204,0.04241857524940911,0.1447165987020399,0.14654293531117613,0.16911297250738705,0.1827345041249059,0.2382941123118463,0.016358119819081057,0.3517224320407842,0.27775642144455387,0.1177540454291689,0.1796932758482649,0.31541019894423705,0.21087354383590357,0.33593957575712713,0.007878916327970885,0.11993622030869454,0.07711825239655487,0.4861950997491399,0.04314915210896774,0.3402771006847564,0.21534566962242838,-0.19110868782036075,0.08567089478213487,-0.151542633121017,0.08721061247130192,-0.10560578626059511,-0.017396818920946803,-0.14367882329207426,0.09692410489491597,0.18622988459332432
0.19499203076519483,0.13054199024208343,0.15121339724547941,0.282323374414439,0.3352501194203588,0.29750079939438007,0.18541371430697404,0.148471775637152,0.2197397848977641,0.2018360638372748,0.2865193227616423,0.28033914928698633,0.1063516686111928,0.20764095949138767,0.9108876841140467,0.1864247866848528,0.1782402618796854,0.3043824184883232,-0.04374873254053613,0.2683364546625748,0.22938081890589695,0.18714707408956932,0.3330138127961037,0.19307728147854367,0.31910617184986906,0.2657964198040836,0.21835726429428182,0.20572166169006936,0.3855279889709907,0.18251789584306294,0.1745511737900106,0.13130071333705653,0.20570563922073684,0.28534427927126926,0.18592981682708587,0.10090988698751602,0.3062914985499875,0.13874186566842187,0.2047558103967807,0.13587725238784953,0.20624791770448694,0.21539654056695107,0.23307319390792094,0.001002556779096457,0.005700255544909106,0.19595155536844727,0.42801939120376725,0.04327559339777653,0.36379944550066523,0.2314808055421377,-0.29950677654139773,0.21507292497308342,-0.07116134543654769,-0.0016339384470018647,0.04346669690158682,0.09328327908630862,-0.17372412496428274,0.08201507027757735,-0.05490333196224917
0.18309126585841662,0.13115914785496394,0.1559285639487752,0.3853992447830267,0.26841870507775356,0.2560796709082352,0.17137786684882922,0.23103066296705946,0.12996294450324158,0.20600112151208527,0.22623906159481033,0.26722191196542444,0.17933690752811804,0.34993674179789175,0.1864247866848528,0.661236232039785,0.2684499628328912,0.20137642242994644,0.0299158686446925,0.20873743716790616,0.22638292256441145,0.3645613760804986,0.22673986101865973,0.19452602247793116,0.28246623147887084,0.17639662483477012,0.23107923112102924,0.24021329126146806,0.32074887592052354,0.06041247968728317,0.18498319525543455,0.17495937933014885,0.11511638490704956,0.2594874987036778,0.37017369007347284,0.07776830169683067,0.3270962096627863,0.3170699783782735,0.21318516135516904,0.20496488012022618,0.3051200820227953,0.2436980540937947,0.39191397406693645,0.03448977122339631,0.1517945673598578,0.11160535879740952,0.4791181007837283,0.012828043397312937,0.3540849407694811,0.021084515004726002,-0.23429959814656914,0.20233240270256064,0.009534904528457165,0.005440325321930668,-0.04482633548743387,-0.007030962845856235,-0.14336643801796461,0.05174080369702687,0.09699096775420386
0.15679258795279613,0.008332628631730989,0.32960066105180574,0.22729189176983097,0.10228083361111513,0.2508203251800932,0.16293604979644544,0.30129935082030035,0.12894429039976457,0.1965667913106667,0.2914883098507096,0.15944343191702634,0.198181340779336,0.185343176517487,0.1782402618796854,0.2684499628328912,0.93990476039635,0.15678134800835714,0.11212296283725073,0.2725062074088505,0.3044776766402175,0.21743938457013146,0.22576369150309186,0.19236834159668448,0.26058493859783316,0.21229026991234992,0.22989656278699466,0.37466437341878456,0.22806019824550466,0.006624700850219003,0.20148861141523222,0.13652821712818194,0.20057095148988402,0.2642222938771018,0.3153264318271485,0.1128577382296,0.6044625406344474,0.4640659020645034,0.23173406134748556,0.2204661476935604,0.40648092389379586,0.32950647176031617,0.336879578030031,0.0045969576192282455,0.49006580956116597,0.2637846791538413,0.6947525200711125,0.0495269987289714,-0.039710080718856844,0.09336757759660251,-0.049748350672469036,-0.13326522729227686,-0.1416516774421886,-0.10276830871833477,-0.1579583027529804,0.005083160792226333,-0.1468341492974811,0.15298629738968753,-0.16032430114635213
0.18342319062911724,0.5424562412381282,0.2805059790216897,0.2736171800279844,0.19736788855725843,0.24625111498470914,0.18997618850204734,0.2416030544541956,0.19365781491149225,0.2726221521249508,0.23099016563523397,0.12244650296373008,0.15975691916218662,0.16033326835230913,0.3043824184883232,0.20137642242994644,0.15678134800835714,0.9987471070327566,-0.05295778512526081,0.05450523025398305,0.2696522334751058,0.23061092445539472,0.7078139286096002,0.17259686441712432,0.3450630928225992,0.3425162204189603,0.09723015006063263,0.17224432965172992,0.3799654206471681,0.1437691699675445,0.30269095866239354,0.009700765314763356,0.28166071366632045,0.29619853021907133,0.03574557023708132,0.1894135756351048,0.49340208755178444,0.2266328091441776,0.1867392875280343,0.19507432407217562,0.27066568575992495,0.22865364903065083,0.308988510303027,-0.03819757718415353,0.28238229928363157,0.3565806376936835,0.5666079341317012,0.04111639847171516,-0.012514031112388838,0.05205767839035383,0.17573770181519868,-0.32887108850663255,-0.15688030870430006,-0.12293503121724839,-0.10756270824473364,-0.017436704833423168,-0.08288992224519426,0.16384557194355082,-0.061707251176205714
-0.03569172889660181,0.22300135359567747,0.08780805748841347,-0.03794371637937573,-0.06019029035561201,0.027996920553008807,-0.06621092539011483,0.15994207444582847,-0.26838421758336156,0.030410309590002484,-0.014685548335656393,-0.07884754417167779,0.009735187943049941,-0.005157130047706641,-0.04374873254053613,0.0299158686446925,0.11212296283725073,-0.05295778512526081,1.2274759660853798,-0.0669969559841244,0.10402004141142539,-0.04746167266981294,-0.38434614424510605,-0.030584905935918616,-0.08310952016343355,-0.1630310656581214,-0.016548875458121844,0.17651212127662474,0.060258803220698855,0.08104666257721553,0.18069559429766646,-0.08713981517685028,0.18860101908853752,-0.17022659074751637,-0.0066603153430079805,0.2370413562686479,0.2802434130316594,0.08212923846835475,0.16264337884351704,-0.03361580548758597,0.13932068128856437,0.05911032827224664,-0.1056430583176251,0.08163984759319359,0.16285632174015865,0.07006153857456882,-0.14033359446234728,0.0638847750005233,-0.026951914265279618,0.6664380057417548,-0.03692349233837246,-0.04777030634387883,-0.2773961363850171,-0.05452647605155486,-0.11371959688127813,-0.05272748523739867,0.00425776296442085,0.09801820397555733,0.0838850576823537
0.14387856454461642,0.1275460836963312,0.2485575326481245,0.29836224581719994,0.21852266853240554,0.3293426040575008,0.11961313082413443,0.30551592807701483,0.15241223811581603,0.12477125744077716,0.2720053218949393,0.1969548453915729,0.15659372836143254,0.23892508596466452,0.2683364546625748,0.20873743716790616,0.2725062074088505,0.05450523025398305,-0.0669969559841244,1.1577673241093682,0.11763458590670525,0.12957366348432034,0.10463540932877113,0.21449610226804094,0.2525516243182479,0.23410446581093694,0.31573457448104164,0.2145462020196109,0.2219830573218213,0.19038393574285364,0.17784178073720688,0.16647251913133648,0.19633022397492192,0.34142506899698954,0.1350494232987334,-0.04920770587685496,0.8049577187202993,0.5033498396709934,0.42291225969325513,0.25489991207621343,0.2680980004266635,0.1899263175010622,0.4592985004249766,-0.016254322045551387,0.6568571939437433,-0.004910697611504905,0.3906010905966996,0.10185803397517136,0.5886207926302717,0.12278449595499616,-0.3278187834775396,0.46171556695304716,0.003916804281754342,-0.11066921562435211,-0.09624612087638222,-0.03894548187345397,-0.03900204044506488,0.07822107690921813,0.014047575827825372
0.15816553320519844,0.4531811255166004,0.22114044489467796,0.23130899859363904,0.16333533681868828,0.21641778219820693,0.1345331283918796,0.18129238869674866,0.14940944078609253,0.1482567040910044,0.20825383428765973,0.1351513666369163,0.15120973608145924,0.20291708667289687,0.22938081890589695,0.22638292256441145,0.3044776766402175,0.2696522334751058,0.10402004141142539,0.11763458590670525,0.5178550528323845,0.2034168986962583,0.19249019947117285,0.14891680689438377,0.2537769075491602,0.2655981712833064,0.16884312638334234,0.23260087071541605,0.2988739222682214,0.08658501690865104,0.26414110840540955,0.16783049670271397,0.18610703405741788,0.2350064112962503,0.276785114235761,0.2439293541312826,0.3666587867802687,0.3536723996111227,0.14041788217667597,0.2037216509455084,0.4461319121048175,0.41119118797871185,0.24678530405330446,0.006411173874026113,0.28443994620070984,0.2239704624000794,0.5333521151320949,0.04529346339455495,0.04452164185357627,0.043995729340226684,-0.09787419511398587,-0.09702198501722809,-0.03647732580966886,-0.014972385699474417,-0.10251222722828959,-0.023043304172370434,-0.12204892845675322,0.10579070456564517,0.03910071817855741
0.18982927570485886,0.06665685431234192,0.232047840490636,0.26772613282287616,0.19233680946897572,0.2507280465925862,0.20298974363052727,0.14345210469737743,0.34827992091744087,0.15392313095706914,0.18452185106694688,0.23258892460049513,0.1713058366744126,0.22198446847847614,0.18714707408956932,0.3645613760804986,0.21743938457013146,0.23061092445539472,-0.04746167266981294,0.12957366348432034,0.2034168986962583,0.6179902653648873,0.3030296735194126,0.20123691834577376,0.282868832726403,0.23267038719210176,0.20057967476374686,0.14083249451573468,0.3042991229183737,0.11764545412710352,0.16529020436746333,0.21712027290158512,0.14533878521501165,0.2876830283724421,0.21439124073741853,0.10004630042006683,0.22417668913761696,0.3272190839355092,0.18515100140480564,0.14135445266675767,0.20863624188565105,0.20682653600444623,0.35048848771547036,0.04604597952858724,0.013237795900524782,0.23549014756367959,0.4473476809616794,-0.03871928142101721,0.3779082846144033,-0.11365601045639566,-0.23066147456004807,0.06045553227466604,0.07172413023795259,-0.022427560312886192,0.016743620751568194,0.023820411274865463,-0.08231376116881732,0.018084896452863628,-0.05963448832572038
0.15548738839350085,-0.055835635643432295,0.24857201645463356,0.3365879478187391,0.22326210493966064,0.2919188905707721,0.20046858003875287,0.20820428945183025,0.28608676850522025,0.2776327713414067,0.24739362150594296,0.20418149049317416,0.16649296312439188,0.2216754654336684,0.3330138127961037,0.22673986101865973,0.22576369150309186,0.7078139286096002,-0.38434614424510605,0.10463540932877113,0.19249019947117285,0.3030296735194126,1.7545386752597372,0.43867354477331755,0.4659084895916181,0.16789691200135456,0.1235711168152906,0.26117896512424266,0.5143279788381728,0.28288230922151614,-0.1768236297842616,0.08971601965376222,0.44954751654734326,0.49869629257516046,0.12830498704221358,-0.08804144487427566,0.7465508260890544,0.17441725093614416,0.44596325677921944,0.29064109507305586,0.20785976445188234,0.227443770841034,0.43697852240833995,-0.01969157601299267,0.13790938254122304,0.2868341018684799,0.9331801237018538,0.08723605032351885,0.515674671339988,0.2656058831026679,-0.39880202011675825,-0.09400932909987868,0.019626768356490576,-0.07293776019990986,0.07461823663338367,0.01957397405726217,-0.11697512209483105,-0.023367903088064582,0.053241608866963074
0.09768816748717753,-0.07422076280910618,0.1832968492259926,0.2664033185591259,0.1566750572455404,0.20484467703987969,0.1499019834191788,0.16210368924986931,0.18418311926081643,0.1745389282860378,0.17890086058983562,0.1785319345300187,0.12992323696012562,0.17574822386428743,0.19307728147854367,0.19452602247793116,0.19236834159668448,0.17259686441712432,-0.030584905935918616,0.21449610226804094,0.14891680689438377,0.20123691834577376,0.43867354477331755,0.5948123181406044,0.2823639422951403,0.09462447374958191,0.1902093732012568,0.23572608763995573,0.20390907456411997,0.3409213119510018,0.16379392502467838,0.3680877408317388,0.33889057809360834,0.22971852097736145,0.19165196112421765,0.16725371226931032,0.3327130457803172,0.27536065831851064,0.2177247527782953,0.14255984147047476,0.18923519758185509,0.18182940096415082,0.37635548263369,0.06684926157246432,0.15023755087098203,0.11120244034034688,0.45732992976557263,0.041375942935728875,0.3302412266199522,-0.031046335951300186,-0.29422725052029247,0.13219876839216302,0.08875419177922558,-0.0013130147040415713,0.07704301087117249,0.02171691859266458,0.047735100281895086,-0.1977329058244556,0.10738554856731332
0.18601887755979576,0.2625421496634081,0.2832945806463195,0.3066217759000067,0.2388730352784508,0.31398984678477593,0.2028416701821345,0.24406107940934635,0.23574966273147713,0.2275445525432669,0.29356787453740846,0.35024734714258493,0.18043259549048163,0.20127597025921787,0.31910617184986906,0.28246623147887084,0.26058493859783316,0.3450630928225992,-0.08310952016343355,0.2525516243182479,0.2537769075491602,0.282868832726403,0.4659084895916181,0.2823639422951403,1.4626140964320546,0.2726612229189869,0.2753242249964549,0.11604576004873607,0.5678074434251935,0.13792075646801624,0.26209820589345706,0.26313950811949144,0.09429549034178832,0.5330113839749298,0.35949033597270386,0.275598190404529,0.17810452308441924,0.3501267771311617,0.2517094493611861,0.193802091474104,0.24856120607039234,0.2527187160049586,0.41752192672713206,0.056890405080540336,0.1254232807517203,0.28540221161634594,0.5665503017895402,-0.008367120843847605,0.11211930507904065,-0.7253912863741147,-0.24439413602915802,0.06810071488424019,0.3433264059739562,-0.041070494360715096,-0.008394072681351365,0.02290242573961889,-0.10201154405058868,-0.009549352182067893,-0.0011370994362936428
0.1971230864298857,0.17135930617610412,0.19189885633156456,0.29252889048792646,0.22831809947087572,0.3316270203924691,0.1910028642523436,0.21492413621946455,0.31724832280669374,0.16773697755458145,0.24387157777179694,0.26115030900679853,0.17299815287068507,0.2330783732024624,0.2657964198040836,0.17639662483477012,0.21229026991234992,0.3425162204189603,-0.1630310656581214,0.23410446581093694,0.2655981712833064,0.23267038719210176,0.16789691200135456,0.09462447374958191,0.2726612229189869,1.4965634656241142,0.22290280887729544,0.1118878553911914,0.08228739987424614,-0.08922689821049082,0.24406149544117323,0.1843324544095003,0.14002536273449775,0.3132000963119344,0.07390009966578333,0.07650550809878846,-0.0968962470246861,0.2442855580304853,-0.2507263508250356,0.10656441782553745,0.043466444469948545,0.22182821726550825,0.18640583280951778,-0.17694658451674103,-0.27946674312883296,0.16033335286309935,0.3077398789448532,0.03318755428174238,0.3940574957927154,-0.07574117074656207,-0.3151769629837935,-0.29475863669166175,-0.1074638405002853,0.046396619586186606,-0.10424084562680146,-0.027902388656222892,-0.0893455692845984,0.17608668815879389,-0.11604165425868262
0.14451397998347223,0.18521736739649375,0.1456420343993285,0.22139852838216165,0.1896594373746944,0.22790870058054502,0.14613452479375158,0.19076520339447045,0.15892449597496128,0.1787183769343978,0.22462689030401695,0.285522266199337,0.15903418159177504,0.14445851143723287,0.21835726429428182,0.23107923112102924,0.22989656278699466,0.09723015006063263,-0.016548875458121844,0.31573457448104164,0.16884312638334234,0.20057967476374686,0.1235711168152906,0.1902093732012568,0.2753242249964549,0.22290280887729544,0.726075055752981,0.18352375348100353,0.19409164408016583,0.07244959466356152,0.16627062465590572,0.42478749139132527,0.1261014186666246,0.22027686641988647,0.28167390661765207,0.16395525771130187,0.18424932027959984,0.3511576979008579,0.1725566350099599,0.18044554387744746,0.2401427003800263,0.19690363230231156,0.42043710845561916,0.00533400784601363,0.2914227501072573,-0.012345532421567166,0.3237909124835776,0.031469365363727235,0.3217079449719992,-0.18992377135750677,-0.24683084370026062,0.10593653670026153,0.12546485583909336,0.08170644961420977,0.02312724530266198,0.011888839803285868,0.0028757955481519323,-0.06227871203889302,-0.017696268878256607
0.09149440339645588,0.07527652436447338,0.20240671128588839,0.18510286934815665,0.05406212599059009,0.2231220540887002,0.02944840022899328,0.2664312714143302,0.034179161852632624,0.16882646849441346,0.16089964749987676,0.07543774283093915,0.10841909569638276,0.23569033200772851,0.20572166169006936,0.24021329126146806,0.37466437341878456,0.17224432965172992,0.17651212127662474,0.2145462020196109,0.23260087071541605,0.14083249451573468,0.26117896512424266,0.23572608763995573,0.11604576004873607,0.1118878553911914,0.18352375348100353,1.5782446477723615,0.2626894082521068,0.05039268813824851,0.16776732440983042,-0.048613632178615904,0.6857762649318688,0.027007386861785783,0.8467441861495453,-0.08852857720801321,0.8253210177387232,0.11977372907822842,0.17301947011821034,0.24497374284707515,0.4000785136067291,0.26384170127360773,0.3640454828890512,0.08595161091923646,0.06796705777644296,0.07713483156771797,0.5100979634664932,0.1414450511320609,0.5380460393735607,1.025883025226327,-0.6752964977057249,0.765898766083563,-0.9040688638909781,0.14371498510448386,0.19827865950800225,-0.012833914079854644,0.022672197330427194,-0.15633424619516,0.33977032660038675
0.17432623500723887,0.6132425220687058,0.40533096047554656,0.35119557026241266,0.22350812836298656,0.45498661008029984,0.12876049886673677,0.31498142503639226,0.15124668458672863,0.27594802662588297,0.2949987796142399,0.284182938475613,0.22230935060743276,0.30694263635594204,0.3855279889709907,0.32074887592052354,0.22806019824550466,0.3799654206471681,0.060258803220698855,0.2219830573218213,0.2988739222682214,0.3042991229183737,0.5143279788381728,0.20390907456411997,0.5678074434251935,0.08228739987424614,0.19409164408016583,0.2626894082521068,2.672714086097483,-0.05883238916268133,0.03626809858683939,0.15039274382807258,0.13649938793177677,0.5021165826421136,0.541483556941266,0.10573193348816187,-0.04149496623581469,-0.47989558585712633,0.3788956815901388,0.168288801637734,0.35155464764365024,0.24127865749983285,0.08374315218003997,-0.09969492649804397,-0.7438760973348322,0.6503347594485694,0.8318945290122206,-0.034145955394200664,0.8001176026660701,0.5831366013724826,-0.9221276770493055,-0.14477557457145346,-0.10713972059003289,0.07832479426995775,0.03178106126430078,-0.00915248179651295,-0.31292264985831747,-0.03208878567651608,0.33889917513926315
0.03572997669273601,0.19684235016962665,-0.036306931849332764,0.09948771345719365,-0.10818118540677325,-0.10130793773548132,0.11978476093671363,0.04315651092878885,0.11072051019311734,0.09100867968520128,0.05656712092810965,0.03990140684232382,0.0526586243657399,0.04241857524940911,0.18251789584306294,0.06041247968728317,0.006624700850219003,0.1437691699675445,0.08104666257721553,0.19038393574285364,0.08658501690865104,0.11764545412710352,0.28288230922151614,0.3409213119510018,0.13792075646801624,-0.08922689821049082,0.07244959466356152,0.05039268813824851,-0.05883238916268133,2.590164860437424,0.1848941853184505,-0.02450181795316433,0.5747477893390096,-0.1698717505801211,-0.12789496889542032,0.39721790491525844,0.6326608616645194,0.3529398650732852,0.32955322237813883,0.07822455407456289,0.14180988134031436,0.08157356279339449,0.4235971550543926,0.14888880433255466,0.4278610259368438,0.21422607396992566,0.3858210709147445,0.053029991822409694,0.7887085767555533,-0.35375968166912874,-0.24387273055830208,-0.30863159433049897,0.3420048472003466,-0.034356424867760596,-0.17163561353667628,-0.11608659935497595,0.06656103502805713,0.5189623300725625,-0.3229135965055233
0.1431658334777502,0.3591211261521698,0.21036959843149464,0.1955184893859129,0.12994938737948533,0.16723707102437804,0.1316366326681218,0.1757258142784432,0.12533894254128677,0.14286718122159914,0.17707488227397442,0.11784957819019685,0.11913809102356702,0.1447165987020399,0.1745511737900106,0.18498319525543455,0.20148861141523222,0.30269095866239354,0.18069559429766646,0.17784178073720688,0.26414110840540955,0.16529020436746333,-0.1768236297842616,0.16379392502467838,0.26209820589345706,0.24406149544117323,0.16627062465590572,0.16776732440983042,0.03626809858683939,0.1848941853184505,1.057830101186353,0.11445680111843955,0.22095987151151195,0.079321469204435,0.09001566969848185,0.49173251541644425,0.19866717099847145,0.4513029000503645,0.07246951742284095,0.10189253340169489,0.32480858100116794,0.22980896170348428,0.2699875196946436,0.05205205628378449,0.36548983603589225,0.18081876636798758,0.3031536871939523,0.016674712999719954,-0.2171103549714754,-0.06317992692771476,0.057054158385732454,0.1396613390159981,-0.09837695937312105,-0.08886572434239955,-0.09596219615036242,-0.02403234852409822,0.07424263111891322,-0.0020793859547362445,-0.042801710883239856
0.08287033083365461,-0.1992883656557288,0.04033112445377483,0.197219394549109,0.30530642693516546,0.249232886545714,0.10709473004985035,0.07996375111847252,0.1980200180555525,0.13156439158862768,0.14741501849773186,0.19354981136090177,0.10528347570443582,0.14654293531117613,0.13130071333705653,0.17495937933014885,0.13652821712818194,0.009700765314763356,-0.08713981517685028,0.16647251913133648,0.16783049670271397,0.21712027290158512,0.08971601965376222,0.3680877408317388,0.26313950811949144,0.1843324544095003,0.42478749139132527,-0.048613632178615904,0.15039274382807258,-0.02450181795316433,0.11445680111843955,2.3503772582824247,-0.23191022630948163,0.5453067063730638,0.28747771008938433,0.4600334697402956,-0.47617218129822997,0.5516059519053056,0.10266292525141245,0.15798685699374793,0.36154333800268,0.2127602320177597,0.37797607144048584,0.08774990952653101,0.13742239616531574,-0.016167522362911937,0.5136460749775604,-0.008629502938376905,0.022118732783077192,-0.5581796727213438,0.1387637149373493,-0.05107176954668816,0.2537589788646031,0.17811674934605726,0.14571030582058456,0.11519689020969498,0.10326725673120062,-0.3665137864136723,-0.04142163887032164
0.09659527875846527,0.2766796226884288,0.16083602104658024,0.24741502267381202,0.07966435324252098,0.1266416504938859,0.09603223637739912,0.18589844689987425,0.09419323087654795,0.137288513456911,0.1257711722003687,0.06487245705011768,0.09145484347209774,0.16911297250738705,0.20570563922073684,0.11511638490704956,0.20057095148988402,0.28166071366632045,0.18860101908853752,0.19633022397492192,0.18610703405741788,0.14533878521501165,0.44954751654734326,0.33889057809360834,0.09429549034178832,0.14002536273449775,0.1261014186666246,0.6857762649318688,0.13649938793177677,0.5747477893390096,0.22095987151151195,-0.23191022630948163,1.5407550850987062,-0.24631003666662862,-0.3218032280080197,-0.09311152323277429,0.9958649601781757,0.09098751348531949,0.15408566844166963,-0.0058304787647120776,0.03076851360915273,0.18216081802708636,0.20068109404765389,0.050132057591525586,-0.015554620048098315,0.0695423800651806,0.5426874414140401,0.10963308812757235,0.6534421187819106,1.0102360000166595,-0.5938406114696022,0.18164457274274254,-0.3299696866942319,-0.04227605326513071,-0.07114053578436078,-0.1351158765200411,-0.04031522779093532,0.11114748233430223,0.23961239952257046
0.046692195176449326,0.037053529352685174,0.34028589588800834,0.31932511909244926,0.26369679732717677,0.3769591228805452,0.20870057928035848,0.239069552776022,0.26742601636617497,0.24132700941975402,0.28240782063311326,0.2792451839923301,0.18541906681307016,0.1827345041249059,0.28534427927126926,0.2594874987036778,0.2642222938771018,0.29619853021907133,-0.17022659074751637,0.34142506899698954,0.2350064112962503,0.2876830283724421,0.49869629257516046,0.22971852097736145,0.5330113839749298,0.3132000963119344,0.22027686641988647,0.027007386861785783,0.5021165826421136,-0.1698717505801211,0.079321469204435,0.5453067063730638,-0.24631003666662862,1.9649671806219347,0.4949190032012667,-0.06542614568007504,0.4610073584468218,0.25918711921109394,0.19015717327048634,0.025437055218983005,0.3805625305865188,0.2571568534886345,0.39489693792578295,0.15614500653714025,-0.3456507494052788,0.389688191570508,0.8147269186249797,0.07489862378828568,0.5421894109140287,-0.8569205302697769,-0.07768002270747848,0.12821098833619185,0.3292443166445541,-0.20270184395192703,0.09011442418438283,0.0744839116856774,-0.21203539197936488,-0.1183745716167143,0.1182225351633092
