1.9979370010760753,0.5070623323425568,0.2540139331894405,0.23683431594380996,0.6594238007529832,0.32759803425131023,0.5508167278614872,0.45154019578904414,0.29444295852154423,0.36735776625041744,0.3359901506012704,0.4046077723776473,0.38796311749082857,0.5102360915299536,0.2989723912478323,0.42716009165324775,0.26531943534849195,0.32132648159469446,0.14429668358525286,0.27431221777573644,0.2669980855810231,0.3694843188510104,0.19517862186306004,0.16242245356924476,0.6015727140572743,0.14245525400994474,0.28556180074140525,0.03759801308734515,0.43954973984155365,0.07183927817717235,0.2769595555750072,0.2595979749054936,0.14148644297303864,0.04620379178735081,0.12488913619104862,0.21737670732513395,0.08268641056600887,0.1575947570649023,0.45635110577945137,0.17563101273402876,0.25386945131681293,0.23493930447815842,0.13900654522233952,0.20409916443330917,0.25312043637682263,0.25470239593448074,0.2720405142688102,-0.0437451615808127,0.13145899176200493,-0.30195080918241285,0.12382658006415967,-0.0645798856456684,0.2580589330663827,0.05482358429813002,0.20512937033239187,-0.0644129621791028,0.012500244150343122,-0.1555240859847601,0.02915708524825457
0.5070623323425568,2.9785511199437273,0.16356285786181607,0.05331055355411103,0.28979492032258314,0.30795979641094123,0.17414528867343632,0.25795073321378315,0.13207548547536496,0.20678715927135494,0.16377402427712914,0.19410442424130403,0.21451765485268365,0.10690316859150498,0.0977189014025024,0.24086818217512435,0.11174994810626282,0.4136507732996663,-0.0805583569395274,0.17388305767176643,0.25230442588420926,0.16015911878712683,-0.0025972165361167945,0.04196456781552823,0.34171724106955936,-0.023088644571623518,0.27704501768091494,0.1790886170784874,0.3763723658598573,-0.10233475961065265,0.24645030826479003,0.13859060102611465,0.09384958666062143,0.12448158929807848,0.09387550554321077,0.14136417308658186,0.3240373968043444,0.0946946217295294,0.31796115527387064,0.16176331338565741,0.02367614745256137,0.23548855668644775,0.003558824521865416,0.10474426646684169,0.31930916522766006,0.1887920071971053,0.19803548047078917,-0.015192328149687824,-0.09664256066158898,-0.5428853291599324,0.5466700764894192,0.044265931332475465,0.03643715163144799,-0.07872565768413778,-0.31095200077908847,-0.03866176240789469,-0.04619891256354382,0.018411066249755963,0.2927053001530914
0.2540139331894405,0.16356285786181607,1.732513830894374,0.08573101338004468,-0.38624243400824976,0.2146457970496151,0.16802999927264256,0.18750429406718377,0.3437328917503057,0.22929199006959283,0.15382665753890387,0.09195818624919637,0.18580963488355012,0.11603069476923678,0.19090867028358374,0.04988625565498583,0.19837609427793093,0.18037569437352827,0.11185820585297505,0.1282287285369084,0.16460357911682305,0.1923170003810959,0.0654010173861345,0.104807923867786,0.17784298191902706,0.14508112755342653,0.1150281799083964,0.20689275723626271,0.09829445643342316,-0.24149309618896722,0.14722177375312517,0.1413647459337048,0.19343913566545004,0.018021829666872158,-0.19292109646954422,0.30293197165452823,0.04016341508440203,0.06503420840497903,0.12981299917091615,-0.1698441147425612,0.28141639436326243,0.16506820713957318,-0.05069241825397961,0.15096248159821357,0.1680917421511963,0.3476471295161374,0.027783964853442842,-0.03697563930921625,-0.19887485745509703,-0.06975638470190455,0.08765977289839189,0.02324951073317963,0.05129706041456348,-0.14790953079106384,0.027379605655486753,-0.09396317148820146,0.01152861840854097,-0.17478416927329038,0.05653555734606084
0.23683431594380996,0.05331055355411103,0.08573101338004468,0.8919162465799223,0.5306613226907202,0.3627085249317889,0.3342457013828262,0.28299519903440756,0.18661555440154204,0.19884893009328566,0.2662146473368936,0.3013623746677302,0.2782963802978082,0.27811201376871414,0.18215275494616426,0.2755299111099788,0.22985216209326403,0.21404906231609278,0.03884777824433064,0.24436331607500336,0.17123780506107,0.21803570211831905,0.18167092615279312,0.17129832186451208,0.18990821848227987,0.2523362579050932,0.1743734115000163,0.0607029965314154,0.24160264627975106,0.0338931936842906,0.15725947315712924,0.19840582443107666,0.11103347274542018,0.28850557727966686,0.11945687242050519,0.1428762430416481,0.12913025183293148,0.13355008908882696,0.22374433118267056,0.09056705949610398,0.12896433753152056,0.15886327236353248,0.1921347813239293,0.1956292716041415,0.0824708867105018,0.10080462499621692,0.1738187052038806,0.0003208493877075577,0.14325827067789512,-0.04907940971306437,-0.07788987006310408,-0.005590824554172006,0.07784717408053238,-0.07704582819718947,0.043515215464944954,-0.05816784372032566,-0.1338236545683717,0.03780050844346521,0.10180433215966472
0.6594238007529832,0.28979492032258314,-0.38624243400824976,0.5306613226907202,1.5229575096556378,0.25882031894874646,0.3467701992004136,0.4950974740159131,0.21870890017722286,0.24062312366130256,0.3308242794413182,0.3747255970790035,0.3987680331364287,0.3369162770461858,0.22766761653874973,0.31652650558113216,0.2297911601054594,0.23800498742284645,0.03234764512492071,0.25742393514850215,0.18460826015172796,0.25035395993596,0.23546429496652554,0.18062099577615023,0.17053234832002026,0.25613538740213465,0.19936708324677718,-0.005472325565285551,0.3317186351607182,0.05873948918653702,0.16318408763430553,0.2194941457476311,0.07696872177052591,0.3921944318548473,0.23627670503213966,0.10555919083874969,0.07720286556147046,0.12491002317075388,0.3605837670249844,0.2167234191953671,0.06161910365206076,0.1664683828489645,0.17766048318359454,0.20499829076851317,0.12183709875124557,0.03814066018942567,0.2195684235222715,0.004612253031261698,0.24589759424963253,-0.2030461939732882,0.04156067563244485,-0.05018378382045977,0.12701562542975353,0.032124590792005456,-0.015341206397643204,-0.11963232195500853,-0.2268367428319238,-0.0993104916126794,0.4725780405701553
0.32759803425131023,0.30795979641094123,0.2146457970496151,0.3627085249317889,0.25882031894874646,0.9952546399227727,0.20820469647133005,0.2725346586634813,0.2097597819940405,0.23219688872431452,0.2879877206909968,0.25045778396664603,0.25572016068059084,0.2520226747100158,0.17373774622964358,0.2754824371349579,0.30133292702812214,0.25234290191120334,0.12363740561728427,0.3782638050859862,0.23020619157876585,0.25903930391722035,0.15857313603700077,0.19396855053839668,0.359097543053824,0.27751057510400595,0.21928161807690638,0.05047208885197419,0.3336277952476617,-0.04107707263097035,0.23628017556775338,0.29120466071173,0.10327386668833612,0.24129613805227149,0.06850852924405822,0.14152048832967887,0.21010828965469489,0.20039024566043748,0.22284803274229134,0.12061603699782714,0.12173143460415659,0.21552328018648068,0.21723152715538055,0.1568551704436982,0.1657391528811625,0.1702581392369444,0.1812285150754463,-0.03198617821957485,0.02089418122354722,-0.06740728383941762,-0.1439926260051686,-0.08425313258394326,0.11019838010576573,-0.007533753625224358,0.010531775525609138,-0.0500299929213974,0.07044310737933089,0.08971175266058048,-0.08102917145128156
0.5508167278614872,0.17414528867343632,0.16802999927264256,0.3342457013828262,0.3467701992004136,0.20820469647133005,0.5345418844067623,0.1870631155297125,0.2529447803329684,0.1911863055051309,0.24193350550592652,0.27517578133872544,0.24564102016129308,0.17262066439632578,0.16368159030881704,0.22905635045112088,0.19345569559762718,0.20189218833780528,0.033710415035966265,0.18889886860521796,0.1585308597242469,0.23012358633082783,0.11948619452464113,0.1257229639579446,0.2284050556025119,0.16149535036828755,0.1789142065835124,0.057050395555732776,0.18185124262392016,0.019643029318152216,0.16768084926597784,0.18622064058489463,0.11045986143682254,0.1716235138870599,0.04431225316267451,0.14575398171217072,0.10438645363428962,0.10276611534001301,0.23165350597498585,0.06315591314234133,0.1041032947795261,0.14971705411657305,0.11786173317557758,0.14602816768419252,0.08899093353061327,0.12375878865849192,0.13317913526188266,-0.02949570221401253,0.12483003006582409,-0.18826670641750123,-0.005522663391538951,-0.06021144139652913,0.1674737960902618,-0.06914640963270056,0.11844515453704546,0.030337113406240384,0.0022849645382245942,-0.058203984846853615,-0.11645694243412177
0.45154019578904414,0.25795073321378315,0.18750429406718377,0.28299519903440756,0.4950974740159131,0.2725346586634813,0.1870631155297125,0.9392699379715093,0.12682929921157993,0.2451202374133927,0.3781593021216876,0.35275119804099003,0.40459692364096705,0.3009217556097247,0.15755005089167956,0.24630160669308934,0.3061923772311843,0.2438730032156817,0.12239005858826094,0.32111914356694093,0.15427441565234581,0.19822871669831904,0.19200431015440028,0.1432680440417912,0.1429100258418733,0.22118368327462373,0.22917374735040882,0.07091248227290226,0.2944907958418814,0.09646367279645615,0.0994568718029406,0.1971960726193911,0.07071414603892058,0.21831645248940823,0.0989295324581008,0.0979932581693302,0.08849533613675224,0.13792756266239922,0.5036992258231701,0.1463519457486416,0.1566094314640117,0.13159912442161223,0.16836626536744576,0.2488389174605089,0.15636098184121422,0.1125485831877233,0.2544594495255867,0.054058956537164714,0.25795588165344696,-0.14086604932725294,0.061435802329814576,-0.024198901999370862,0.12090841293590904,-0.0005027060022999397,-0.045718049344895484,-0.14225032249842023,-0.08534046185588723,0.16065884915693224,0.11081875274367807
0.29444295852154423,0.13207548547536496,0.3437328917503057,0.18661555440154204,0.21870890017722286,0.2097597819940405,0.2529447803329684,0.12682929921157993,0.5631093059964842,0.1434133154552711,0.1362442439961809,0.07280858987027522,0.1973334749952412,0.15886863920157662,0.15554618113850802,0.046972943316605016,0.15920321440464702,0.17202655028160949,-0.03569014473822022,0.14100126941913427,0.12303463102183694,0.260835711155566,0.10332466530902894,0.09381898346728855,0.03525350260210541,0.1585361910003344,0.11057585088339021,0.042477319083374834,0.05549335552329748,-0.061267446603225716,0.15268065639766992,0.14479458356038336,0.11844110551022692,0.0638833426292679,-0.02596747728344097,0.10707489026013589,0.00907330786314712,0.07263249678594336,0.14183834695197758,0.030722906764746483,0.05348333429700713,0.11861990953913583,0.044909278095124607,0.10541744391211105,0.09798162622507488,0.16894978197913324,0.08974187985732494,-0.06830488191468148,0.1446360637574619,-0.29173447927379453,0.1766672978005949,-0.07679964817403152,0.13361057474556506,-0.06421169245991323,0.11867052677457648,0.04827539318680822,0.033121314093525527,-0.17300167691252152,-0.04001576074605289
0.36735776625041744,0.20678715927135494,0.22929199006959283,0.19884893009328566,0.24062312366130256,0.23219688872431452,0.1911863055051309,0.2451202374133927,0.1434133154552711,0.6028148969309391,0.2269049847056021,0.22897909813268838,0.23370676077408795,0.19113141976490283,0.19189770606667875,0.11696039854341211,0.22071947037286319,0.2595564385686988,0.13588700506359683,0.20653518069312116,0.12975205056573855,0.14322864911800998,0.15688315301545447,0.15384291582664925,0.21831194478788216,0.12894269262030636,0.18251359955061547,0.08642478683583663,0.27747122196471236,0.1442260332838347,0.16711289589252198,0.19760049921192288,0.0684646358503966,0.3247694275939849,0.1780514545987463,0.180133114963453,0.15315790220954867,0.10497932686295364,0.27287861464076296,0.12349065153340079,0.24351287137246452,0.11700357712042053,0.08431538021826301,0.19603726244125833,0.1618100981537394,0.16609982094528897,0.2643677826349092,0.028950379248075295,0.04165741456381392,-0.109318891826178,0.11376487973822774,-0.12768172138461656,0.04939587156609331,0.02730547019401559,-0.025080742777431348,-0.038035344656428785,0.1782482831557722,-0.08123953103886725,-0.05074665913717582
0.3359901506012704,0.16377402427712914,0.15382665753890387,0.2662146473368936,0.3308242794413182,0.2879877206909968,0.24193350550592652,0.3781593021216876,0.1362442439961809,0.2269049847056021,0.5592341427469,0.4098836566617898,0.2993367552816999,0.19248127797145242,0.23685512804452735,0.2670922675108686,0.2625044796501521,0.1923019962474775,0.11235932197770443,0.2916100529505515,0.18124229458127425,0.19879335752028707,0.11319142726925065,0.15389735559427495,0.11325306046119367,0.23275755564076972,0.23151695986328294,0.08512645544945725,0.2335257465506292,0.07410513608700352,0.21747007912667835,0.22719935202847802,0.09234212194134268,0.21430033396027218,0.15866440539651366,0.14614026391352467,0.057207877370562155,0.1363133942289573,0.32431910722303203,0.14771444843940604,0.09656342092408682,0.16656751433523145,0.13708233872455397,0.1454867903154097,0.19756959917154088,0.1395707491564406,0.19551282110595014,0.01246342041111484,0.13547750012814277,-0.20496923323791086,0.05849514797194573,-0.04901769229859243,0.20319733124409656,-0.006549655723139958,0.012304216609302445,-0.026990175882185868,-0.014186109112473698,0.008062180063889934,-0.019327623360938004
0.4046077723776473,0.19410442424130403,0.09195818624919637,0.3013623746677302,0.3747255970790035,0.25045778396664603,0.27517578133872544,0.35275119804099003,0.07280858987027522,0.22897909813268838,0.4098836566617898,0.8417304990445176,0.28318579258578586,0.2370263835487454,0.20839772271282156,0.3052709466688381,0.20429049683080616,0.1584382552974769,0.12525806810562362,0.24879681474362933,0.13740340433779388,0.18048236990030656,0.12801844336760437,0.14603105139557293,0.2175748007233138,0.21249458864293855,0.28634087759199595,0.06553441083097979,0.20810474754257038,0.07675799808515663,0.1122839028039874,0.24756371127230212,0.11529193960427972,0.21578596893251628,-0.006459519622534379,0.12918048138358543,0.03730160859991381,0.13240881151655004,0.2930882193859359,0.10429540420993616,0.13077251043111773,0.12057068987097207,0.1353900899038166,0.14209308331474288,0.10847381299576803,0.12680361122010694,0.18411553105637202,0.027159723668089115,0.17305184509037116,-0.1742307563887264,-0.00559229604233238,0.040635748266537146,0.23036777609615644,-0.019469017952677716,-0.021831116226839416,-0.01652318792813144,-0.06185420765748064,0.10278238800773834,-0.04535744707929299
0.38796311749082857,0.21451765485268365,0.18580963488355012,0.2782963802978082,0.3987680331364287,0.25572016068059084,0.24564102016129308,0.40459692364096705,0.1973334749952412,0.23370676077408795,0.2993367552816999,0.28318579258578586,0.5297990106339436,0.22106535340152667,0.16481276971585385,0.26598399510472,0.2431250947535609,0.22080404167939371,0.09953700193603471,0.2326878541804988,0.1746351418393297,0.24169516129193072,0.17798166810864488,0.16187672206061848,0.14087988717689548,0.1529435604882815,0.21770756833593577,0.06694980185606496,0.2799812001344174,0.08048037240323373,0.14157086098134336,0.21109355205897962,0.10937271981219877,0.21984367851509715,0.1514564195900083,0.14398148303027003,0.10676154420241006,0.10359479053070848,0.39916389322120543,0.1190022505146869,0.142935403195103,0.1592635663182461,0.1260785242531988,0.2334500692890146,0.10699478506692615,0.14396830312711556,0.20672013819099716,0.005375078287861981,0.18880381816714462,-0.13476199611358244,0.039819036514203536,-0.0837037717717377,0.14684764460453037,-0.02551913047513722,0.06403948294333234,-0.06205070201454748,-0.08289237045054045,-0.12431492303116265,0.1999818343928988
0.5102360915299536,0.10690316859150498,0.11603069476923678,0.27811201376871414,0.3369162770461858,0.2520226747100158,0.17262066439632578,0.3009217556097247,0.15886863920157662,0.19113141976490283,0.19248127797145242,0.2370263835487454,0.22106535340152667,0.5215610564960809,0.21034266603484295,0.34137343003848114,0.200870844315313,0.14569256342912706,0.1184279390750957,0.21254260625516458,0.15548916540634106,0.24178404170041998,0.1535449484359971,0.1552651905862084,0.23543784283175892,0.21504855998373326,0.17255065542830542,0.056153152190803676,0.26868932135107465,0.11363962963748542,0.1423288348863441,0.18296902646547736,0.08631057309869472,0.13565861968791565,0.15776088574834413,0.16104787000172383,0.06854022059220015,0.11610066021929573,0.17260655420245397,0.13127776297734167,0.19927988394943727,0.13923075347679859,0.16588066728572742,0.1283514246158764,0.1863142034330702,0.13741564300801434,0.19013664506826092,-0.02074036985130566,0.1266689229378265,-0.0029159636185778215,0.014179011015679135,-0.03661723360439344,0.05408858539425931,0.06542893084223539,-0.05419957896813214,-0.07583652813187207,-0.058180505144672115,0.09926938657361843,0.08732357842131004
0.2989723912478323,0.0977189014025024,0.19090867028358374,0.18215275494616426,0.22766761653874973,0.17373774622964358,0.16368159030881704,0.15755005089167956,0.15554618113850802,0.19189770606667875,0.23685512804452735,0.20839772271282156,0.16481276971585385,0.21034266603484295,0.5595666903740508,0.19178186498858008,0.1789906726941025,0.1262989817936982,0.13242330664022997,0.1628492317542665,0.17030374071658327,0.1637805665039623,0.08760434141936932,0.15972879166567566,0.08993961462355746,0.237499230440383,0.16762320131573089,0.1166330132876312,0.18926874991155362,0.12726234668464986,0.18026833807805118,0.16472724790060225,0.14789754086676832,0.14634400043366383,0.13330963483796648,0.1600914319348393,0.08410652481475693,0.08291343998093455,0.15216308049228264,0.07686858707571133,0.20073189438059086,0.157174080399969,0.1015908909353494,0.08495881494783047,0.17294517516982788,0.13106739349110524,0.16385568477627682,0.020630318358782842,0.103704962514954,0.11326774598873103,-0.11482100430083815,0.0707785042309546,-0.06232447952272833,0.025512653899071005,0.026207002518408327,0.016917773731714582,-0.03794718539098939,-0.04918078808498913,0.004474944239131379
0.42716009165324775,0.24086818217512435,0.04988625565498583,0.2755299111099788,0.31652650558113216,0.2754824371349579,0.22905635045112088,0.24630160669308934,0.046972943316605016,0.11696039854341211,0.2670922675108686,0.3052709466688381,0.26598399510472,0.34137343003848114,0.19178186498858008,1.1991024887171424,0.23547933793661957,0.13813166628534743,0.1670010004669612,0.37750802679806644,0.18413082857111707,0.5169638745746086,0.04443288954525998,0.15514782148897824,0.14788519914817227,0.16357967789469935,0.3164939180145224,0.17346099711573415,0.3646920398211897,0.21368079836212384,0.16130870636976377,0.2792364619491761,-0.007581778064294641,0.18514221704338532,0.32263887023639026,0.2045914870842063,0.15494362165371192,0.17985509621894313,0.3230051427890624,0.20341994949237927,0.11601269475810821,0.17764297014096186,0.2997630464209725,0.1299431492124292,0.1923038158032733,0.16562712605964924,0.22595996508700392,-0.18656668012751754,0.2733157314903796,-0.13865380310860734,-0.1982574991157367,0.0748034889143058,0.24121532631995488,-0.006605705858241329,0.04371937419637678,-0.023641808314929413,-0.1865504950664251,0.04807851730738808,0.15208668646348023
0.26531943534849195,0.11174994810626282,0.19837609427793093,0.22985216209326403,0.2297911601054594,0.30133292702812214,0.19345569559762718,0.3061923772311843,0.15920321440464702,0.22071947037286319,0.2625044796501521,0.20429049683080616,0.2431250947535609,0.200870844315313,0.1789906726941025,0.23547933793661957,0.5555494524516381,0.16676687182755395,0.14592462764580538,0.3023862336172781,0.1768825431753677,0.22588551768919457,0.14043243208694925,0.160771561675423,0.3538621807846646,0.19248161037592568,0.19026644811490542,0.11644492554017848,0.274987898421368,0.09180507512058675,0.16514122943974985,0.17070766715429497,0.11566457279523629,0.20536527519956638,0.1774141919266379,0.19965616826357255,0.22356360352336532,0.15440278731709775,0.21290013856018444,0.11798617709667526,0.1723293623767486,0.1652384705568096,0.1768637346614532,0.16260991957120086,0.17113855085265955,0.18832252963121035,0.20758986274080735,-0.023477621896568903,0.011368565106512178,-0.04607470594443843,-0.0019088222145431084,-0.21539041610850962,0.06957631979571242,-0.04615939233308012,0.014478096159204663,-0.0750746154445433,-0.05282436609343263,0.024704067717793186,0.06421795793952921
0.32132648159469446,0.4136507732996663,0.18037569437352827,0.21404906231609278,0.23800498742284645,0.25234290191120334,0.20189218833780528,0.2438730032156817,0.17202655028160949,0.2595564385686988,0.1923019962474775,0.1584382552974769,0.22080404167939371,0.14569256342912706,0.1262989817936982,0.13813166628534743,0.16676687182755395,0.7766929660676861,0.12525783110866243,0.0737052503362954,0.2056910291437196,0.1761051637698714,0.38348566751675817,0.16500290235716747,0.1898840325703162,0.25540388837363515,0.06975821991759722,-0.050155930552737274,0.2829034855954577,-0.0359004960982222,0.3785983292882536,0.21657936938895572,0.15380213779113755,0.28994286454841517,0.09279329701673963,0.16999075087949014,0.1228935712851585,0.048053592156020696,0.1740489150205389,0.11417371822690048,0.09062479466459193,0.19852422333145703,0.17559399305980217,0.15881216683707897,0.2067121894777472,0.21748001725666494,0.36302969234739185,-0.021235002408791618,-0.02461766480078158,-0.2740916784837183,0.38847202595880265,-0.32388729383631165,-0.13362852583786308,-0.13755480860309333,0.005438285601561278,0.009202027798687848,0.12647681325284196,0.08833249068882414,-0.25688229713391303
0.14429668358525286,-0.0805583569395274,0.11185820585297505,0.03884777824433064,0.03234764512492071,0.12363740561728427,0.033710415035966265,0.12239005858826094,-0.03569014473822022,0.13588700506359683,0.11235932197770443,0.12525806810562362,0.09953700193603471,0.1184279390750957,0.13242330664022997,0.1670010004669612,0.14592462764580538,0.12525783110866243,0.8195790151372797,-0.00021999495412138763,0.11301620957074783,0.11320788503874057,0.05914833395842033,0.11674424882625205,0.12307866182163812,0.1863587357900854,0.06293424208727402,0.1579079685471291,0.13715544528757984,0.17781372287416808,0.11359751601504568,0.13588267702188178,0.14078531886000467,0.09627895250034364,-0.009467130512609138,0.19322474695858735,0.03860597124819374,0.02594358076019392,0.04636437804908649,-0.018443609027309116,0.2635585914858381,0.10168837559887267,0.05918371086914844,0.06926563785065537,0.02155244770529039,0.13001964089990448,0.12385292083333858,0.002307973881803714,-0.0149452832112772,0.3205189725094105,-0.16467209790858683,-0.13754480846184117,-0.14844564239989402,-0.06360920535854613,-0.03997406030280481,-0.019650884138999132,0.010461294137789068,0.07839255658561545,-0.06125312117576347
0.27431221777573644,0.17388305767176643,0.1282287285369084,0.24436331607500336,0.25742393514850215,0.3782638050859862,0.18889886860521796,0.32111914356694093,0.14100126941913427,0.20653518069312116,0.2916100529505515,0.24879681474362933,0.2326878541804988,0.21254260625516458,0.1628492317542665,0.37750802679806644,0.3023862336172781,0.0737052503362954,-0.00021999495412138763,1.1652558261503425,0.11170658390553924,0.2408746623323357,0.1118113841881285,0.21270920214263864,0.27537835520326615,0.11638846643694119,0.31064058680822615,-0.018788579430158353,0.41272676870389813,0.37363810696371924,0.1383023533759738,0.22928975675259577,-0.061645142309854115,0.30822875140845235,0.428981611914115,0.1590769905332916,0.4939760708016647,0.4949736823753855,0.34427605370773934,0.31115811733411664,-0.03242740918905879,0.11790058019389899,0.31765668776478917,0.0937586515964273,0.15385456377194373,0.24545959733243372,0.26063958351149846,-0.015451178982974441,0.1707016004725376,-0.14060873197469123,-0.18668889393684787,0.07879507743520307,0.38604595972739986,-0.04566803258397913,0.04941368462503769,-0.08370131408878524,0.026679076137667436,-0.015212819605989088,0.05498782019669261
0.2669980855810231,0.25230442588420926,0.16460357911682305,0.17123780506107,0.18460826015172796,0.23020619157876585,0.1585308597242469,0.15427441565234581,0.12303463102183694,0.12975205056573855,0.18124229458127425,0.13740340433779388,0.1746351418393297,0.15548916540634106,0.17030374071658327,0.18413082857111707,0.1768825431753677,0.2056910291437196,0.11301620957074783,0.11170658390553924,0.43406817614986365,0.1616077174657322,0.08428458145709851,0.19045354634352502,0.17327331512081873,0.24818950303104734,0.11525204999896242,0.18072653785334217,0.12672699936970544,0.035447036787974416,0.33134772132069285,0.17532781548117818,0.3043681057976105,0.10824272385679334,0.1389039318315626,0.2497238828193682,0.10087880935673013,0.09683852413269428,0.1417109811530035,0.12571668028095556,0.22039576393170257,0.4051453173380261,0.17276695993508273,0.10108187706085371,0.450551987232149,0.1364476569341791,0.18669639159824158,0.06930816189537949,-0.08235586554755273,-0.044805530717421035,0.05911502493312453,-0.12057613973503661,0.019209216911897066,-0.030572141719131318,0.013622135777888367,-0.023905335152643276,-0.10445439831220397,-0.004908067062893892,0.05790012781289754
0.3694843188510104,0.16015911878712683,0.1923170003810959,0.21803570211831905,0.25035395993596,0.25903930391722035,0.23012358633082783,0.19822871669831904,0.260835711155566,0.14322864911800998,0.19879335752028707,0.18048236990030656,0.24169516129193072,0.24178404170041998,0.1637805665039623,0.5169638745746086,0.22588551768919457,0.1761051637698714,0.11320788503874057,0.2408746623323357,0.1616077174657322,0.6067266540141816,0.1381731579920796,0.15584561001523664,0.1285669456572472,0.16335844709371963,0.20411966388932362,0.07001218214218922,0.23711893599214043,0.09740801853312381,0.14176445121837034,0.23159997509009428,0.10905300246197908,0.1297791687215956,0.14466001827748368,0.19347645226717486,0.08580016327856177,0.1333141111933345,0.21501057677207788,0.11749535818317315,0.09776851218309661,0.15655387887164957,0.17798208650454336,0.13897407288392682,0.13711020483310254,0.22316022046117667,0.1784395916136819,-0.24309490168442358,0.24755870689382095,-0.14241637984150599,-0.03614061583524709,-0.10369706762533284,0.17030875653017072,-0.019988102262922417,0.06300605301113744,0.008843298311231443,-0.06793736900467445,-0.04700606968008298,0.033054412242980315
0.19517862186306004,-0.0025972165361167945,0.0654010173861345,0.18167092615279312,0.23546429496652554,0.15857313603700077,0.11948619452464113,0.19200431015440028,0.10332466530902894,0.15688315301545447,0.11319142726925065,0.12801844336760437,0.17798166810864488,0.1535449484359971,0.08760434141936932,0.04443288954525998,0.14043243208694925,0.38348566751675817,0.05914833395842033,0.1118113841881285,0.08428458145709851,0.1381731579920796,1.289580221601437,0.2419848199790909,0.1946624634648897,-0.09163285735415334,0.04346242560505304,-0.485448353593125,0.43740850198025055,0.13833588504501812,-0.30421311357472336,0.0708469576586378,0.12945746307578443,0.3333228742472843,0.06048044724807946,0.31555603088463113,0.20139783831880015,0.05128246334504829,0.2735378318468656,0.14910393058424984,0.3079934387079355,0.0667504745369947,0.18450807131015468,0.3755727519766214,-0.16281335333277136,0.1551267931473011,0.2649282597240012,0.05714067349832709,0.06700478593695149,-0.14167658616706177,0.02196778086317236,-0.2250521395548379,0.17980179436423716,-0.03522101353943178,-0.052787677575531655,-0.030658129946088793,-0.08346268758566788,0.04837682263193926,0.13211000998850056
0.16242245356924476,0.04196456781552823,0.104807923867786,0.17129832186451208,0.18062099577615023,0.19396855053839668,0.1257229639579446,0.1432680440417912,0.09381898346728855,0.15384291582664925,0.15389735559427495,0.14603105139557293,0.16187672206061848,0.1552651905862084,0.15972879166567566,0.15514782148897824,0.160771561675423,0.16500290235716747,0.11674424882625205,0.21270920214263864,0.19045354634352502,0.15584561001523664,0.2419848199790909,0.6263774802490861,0.24965142379010571,0.16934681982134883,0.12663311589840318,0.15042282814570612,0.07001721753149698,0.4280510570196796,0.203835562645318,0.310523679623174,0.5494650307784488,0.23457725512182356,0.21397943508508152,0.2748482056844272,0.4004442280241068,0.16053915433718405,0.16250816936420465,0.08336336971223973,0.12526734598323483,0.16588472184380418,0.11110498559309254,0.16792360491127287,0.23453661887492158,0.172206611331674,0.2807795159735945,0.07846046134677745,0.022388554562784956,-0.03159214353924855,-0.07170738900419772,-0.11642051402677094,0.1480752709314812,-0.03897947511152839,-0.023800463251393438,-0.09509693333857286,0.10335588689279084,-0.08849640361100226,0.0718767073365365
0.6015727140572743,0.34171724106955936,0.17784298191902706,0.18990821848227987,0.17053234832002026,0.359097543053824,0.2284050556025119,0.1429100258418733,0.03525350260210541,0.21831194478788216,0.11325306046119367,0.2175748007233138,0.14087988717689548,0.23543784283175892,0.08993961462355746,0.14788519914817227,0.3538621807846646,0.1898840325703162,0.12307866182163812,0.27537835520326615,0.17327331512081873,0.1285669456572472,0.1946624634648897,0.24965142379010571,2.5722255730308996,0.10933781402304905,0.21341954435972113,0.21017238029588223,0.2944006242498755,0.09672411641359208,-0.038566107380429634,0.16499319964986486,0.11153300909162839,0.17673401194624508,0.13273948548325315,0.30302493319795626,0.012938543959371832,0.18499848304657765,0.36967982998447346,0.14913746243115517,0.2632082025161661,0.1371582045079611,0.16940278755824317,0.23809593782750652,0.4582895600501277,0.3367244231012025,0.17644227828541734,-0.016820747801560013,-0.5133500711604009,-0.17102806597103729,0.5482745218091926,0.43267217666080515,0.04243121517041781,-0.09938252487373368,-0.02169434923928522,-0.11585264266665941,0.02787463190784971,0.05805305525288661,0.0019224368882624044
0.14245525400994474,-0.023088644571623518,0.14508112755342653,0.2523362579050932,0.25613538740213465,0.27751057510400595,0.16149535036828755,0.22118368327462373,0.1585361910003344,0.12894269262030636,0.23275755564076972,0.21249458864293855,0.1529435604882815,0.21504855998373326,0.237499230440383,0.16357967789469935,0.19248161037592568,0.25540388837363515,0.1863587357900854,0.11638846643694119,0.24818950303104734,0.16335844709371963,-0.09163285735415334,0.16934681982134883,0.10933781402304905,1.4646938063936645,0.2143857133831753,0.18714476780151637,0.03165857354481311,-0.07097171589902736,0.6024623570665373,0.3975884958559905,0.04078800048437697,0.2602846246733475,0.08366780169268485,0.16473679787282675,-0.45305746584572265,0.03159385503303643,-0.4373503674730825,0.07784310876651487,0.15713312582988867,0.24548395486813995,0.18966533745762873,-0.14371214821644432,0.3109452519002145,0.18393149605202172,0.14992225902038286,-0.06621661064088265,0.05523312795225939,0.10480464511734129,-0.03225091453011688,-0.31120296005295867,-0.1988588092853065,-0.06489485219719648,-0.14315206001918507,-0.052149408923242796,-0.06300288036304934,0.22773710295165,-0.16113733784171314
0.28556180074140525,0.27704501768091494,0.1150281799083964,0.1743734115000163,0.19936708324677718,0.21928161807690638,0.1789142065835124,0.22917374735040882,0.11057585088339021,0.18251359955061547,0.23151695986328294,0.28634087759199595,0.21770756833593577,0.17255065542830542,0.16762320131573089,0.3164939180145224,0.19026644811490542,0.06975821991759722,0.06293424208727402,0.31064058680822615,0.11525204999896242,0.20411966388932362,0.04346242560505304,0.12663311589840318,0.21341954435972113,0.2143857133831753,0.6971163710081333,0.11866706119017535,0.21722992084471993,0.11999894237658933,0.12008103516565684,0.2709734966540604,0.007057434560197083,0.16796100449522022,0.15240076795795338,0.17056545140270318,0.09396717022063475,0.14858582949243543,0.20696793576907313,0.14482192897375173,0.07778200250951116,0.10884849794764409,0.19352735416419356,0.07734231787427952,0.13878926881751213,0.18266003123745067,0.14909146917322844,-0.014721052246182396,0.20028129475458403,-0.06273273092071358,-0.08461769495858654,0.07145140682137303,0.17790341233048945,0.005160912175275154,0.041028712879679796,8.74889268717687e-5,0.08102548850414469,-0.003360427773087112,-0.0817049710093489
0.03759801308734515,0.1790886170784874,0.20689275723626271,0.0607029965314154,-0.005472325565285551,0.05047208885197419,0.057050395555732776,0.07091248227290226,0.042477319083374834,0.08642478683583663,0.08512645544945725,0.06553441083097979,0.06694980185606496,0.056153152190803676,0.1166330132876312,0.17346099711573415,0.11644492554017848,-0.050155930552737274,0.1579079685471291,-0.018788579430158353,0.18072653785334217,0.07001218214218922,-0.485448353593125,0.15042282814570612,0.21017238029588223,0.18714476780151637,0.11866706119017535,2.9542091527611327,-0.20242729791608746,0.06524348813185492,0.2519230121431707,0.22914761748848705,0.3565481803102445,0.04193191964108454,-0.0815956855185054,0.7299096521109717,-0.038564824300544094,0.03002572310808774,0.05767408502543043,-0.15618479316634878,0.6751608602320077,0.21247473362297745,-0.045981114661356515,0.6954281992428862,0.26991780751280103,-0.20341067122250495,-0.07799766385303147,0.2420563904897815,-0.263445808487277,-0.26863904089165225,0.022057744547015208,0.7433150129484728,-0.5687144815880161,0.04360323605727926,-0.13906879202005545,0.01730142723939385,0.13615609481089272,-0.01899759344059736,-0.06792223926673208
0.43954973984155365,0.3763723658598573,0.09829445643342316,0.24160264627975106,0.3317186351607182,0.3336277952476617,0.18185124262392016,0.2944907958418814,0.05549335552329748,0.27747122196471236,0.2335257465506292,0.20810474754257038,0.2799812001344174,0.26868932135107465,0.18926874991155362,0.3646920398211897,0.274987898421368,0.2829034855954577,0.13715544528757984,0.41272676870389813,0.12672699936970544,0.23711893599214043,0.43740850198025055,0.07001721753149698,0.2944006242498755,0.03165857354481311,0.21722992084471993,-0.20242729791608746,2.290411904318507,0.16830116950352525,-0.2736733546748151,0.23803853232575892,-0.6823573250517481,0.6553971704616078,0.7472508372693754,0.30211492562834275,-0.1318444560516397,0.08720038059951189,0.4048128032588679,0.35466247950986285,0.4398083153696745,0.103630533983052,0.3797788163714206,0.07748011570818045,0.06050397383234189,0.18785277675767884,0.34091829208314045,-0.19718246941269532,0.17913618834834213,0.3205377940990426,-0.2260582446768248,-0.03920468126521511,-0.1277869308742719,0.08968431858818969,-0.09865323816728856,-0.10150516266012005,-0.13932022375174866,0.2134750571756876,0.09846653688256385
0.07183927817717235,-0.10233475961065265,-0.24149309618896722,0.0338931936842906,0.05873948918653702,-0.04107707263097035,0.019643029318152216,0.09646367279645615,-0.061267446603225716,0.1442260332838347,0.07410513608700352,0.07675799808515663,0.08048037240323373,0.11363962963748542,0.12726234668464986,0.21368079836212384,0.09180507512058675,-0.0359004960982222,0.17781372287416808,0.37363810696371924,0.035447036787974416,0.09740801853312381,0.13833588504501812,0.4280510570196796,0.09672411641359208,-0.07097171589902736,0.11999894237658933,0.06524348813185492,0.16830116950352525,2.7313295882533306,0.14647398269847003,0.04986194143357848,0.09500181933705701,0.22009210767729598,0.5475585380069068,0.0402287312459909,0.37146330254556453,0.28738385604939715,0.48789389717826903,0.10088463263180511,0.3762297404841281,0.005036860208121544,0.3688744893305632,0.3287462522709,0.3800225925048894,0.2849296944661726,1.0347244780873086,0.19526673276466794,0.6802361080424797,-0.11427233088876218,-0.13022450017998402,-0.352656211389414,0.3712745489900239,0.057107416005908435,-0.1199592361559321,-0.04142987865541992,0.00016518368705022,0.2583992688628827,-0.1971789554989104
0.2769595555750072,0.24645030826479003,0.14722177375312517,0.15725947315712924,0.16318408763430553,0.23628017556775338,0.16768084926597784,0.0994568718029406,0.15268065639766992,0.16711289589252198,0.21747007912667835,0.1122839028039874,0.14157086098134336,0.1423288348863441,0.18026833807805118,0.16130870636976377,0.16514122943974985,0.3785983292882536,0.11359751601504568,0.1383023533759738,0.33134772132069285,0.14176445121837034,-0.30421311357472336,0.203835562645318,-0.038566107380429634,0.6024623570665373,0.12008103516565684,0.2519230121431707,-0.2736733546748151,0.14647398269847003,2.065289221590488,0.31377147060542143,0.3697451616012838,0.19099475027457397,0.2618923967588989,0.21947198063506906,0.0763673450292803,0.15031617454158838,-0.14597919271101673,0.05511079427651242,-0.3234475285037585,0.30218786176214985,-0.01410732244291399,-0.08807446541595064,0.5630447545085039,0.24046310186498404,0.3219464616781991,-0.06856526147789682,-0.425218655615026,-0.050348383258842416,0.2251058964094118,-0.24621000806741214,-0.1731583778364887,-0.09817956886255852,0.033436374281168045,0.030619365639728925,0.24706402915583384,-0.1570315359470892,-0.21039548702609848
0.2595979749054936,0.13859060102611465,0.1413647459337048,0.19840582443107666,0.2194941457476311,0.29120466071173,0.18622064058489463,0.1971960726193911,0.14479458356038336,0.19760049921192288,0.22719935202847802,0.24756371127230212,0.21109355205897962,0.18296902646547736,0.16472724790060225,0.2792364619491761,0.17070766715429497,0.21657936938895572,0.13588267702188178,0.22928975675259577,0.17532781548117818,0.23159997509009428,0.0708469576586378,0.310523679623174,0.16499319964986486,0.3975884958559905,0.2709734966540604,0.22914761748848705,0.23803853232575892,0.04986194143357848,0.31377147060542143,0.9007322155867272,-0.03771801931132523,0.28252458900507527,-0.04088986545175591,0.3018377001449119,-0.1329859664715989,0.11968625497009609,0.11284399284832711,0.06336740355112487,0.006424639529750099,0.15368891812534793,0.03332723141525977,0.08057296377415113,0.11451341203540841,0.18887112054674177,0.20039739831030184,-0.08920303305042711,0.05393531502592028,-0.16273600230201177,0.034519593740450695,-0.14322178929532928,0.1088126393967767,-0.030202326566876374,-0.0769863267275016,-0.03845161849172844,0.4558911613386634,-0.07464293612730025,-0.300426848619747
0.14148644297303864,0.09384958666062143,0.19343913566545004,0.11103347274542018,0.07696872177052591,0.10327386668833612,0.11045986143682254,0.07071414603892058,0.11844110551022692,0.0684646358503966,0.09234212194134268,0.11529193960427972,0.10937271981219877,0.08631057309869472,0.14789754086676832,-0.007581778064294641,0.11566457279523629,0.15380213779113755,0.14078531886000467,-0.061645142309854115,0.3043681057976105,0.10905300246197908,0.12945746307578443,0.5494650307784488,0.11153300909162839,0.04078800048437697,0.007057434560197083,0.3565481803102445,-0.6823573250517481,0.09500181933705701,0.3697451616012838,-0.03771801931132523,2.0520679504106476,-0.21982551525227317,-0.30870184128331485,0.009616144128337658,0.9839439987649489,0.071012253107848,0.059859738138581135,-0.11546188924422938,0.1925356181959586,0.2610825361701527,-0.011463586378610663,0.2442045886211712,0.44465432119623993,0.10302206797212617,0.13177773381836355,0.29059074411767055,-0.12729837310738434,0.012769921500503214,-0.048201252963981464,-0.16158687776086178,0.0939467399065338,-0.11550705231694795,0.04704112500710709,-0.04277373164946999,-0.12461914076258289,-0.08797821532337671,0.15286710781000182
0.04620379178735081,0.12448158929807848,0.018021829666872158,0.28850557727966686,0.3921944318548473,0.24129613805227149,0.1716235138870599,0.21831645248940823,0.0638833426292679,0.3247694275939849,0.21430033396027218,0.21578596893251628,0.21984367851509715,0.13565861968791565,0.14634400043366383,0.18514221704338532,0.20536527519956638,0.28994286454841517,0.09627895250034364,0.30822875140845235,0.10824272385679334,0.1297791687215956,0.3333228742472843,0.23457725512182356,0.17673401194624508,0.2602846246733475,0.16796100449522022,0.04193191964108454,0.6553971704616078,0.22009210767729598,0.19099475027457397,0.28252458900507527,-0.21982551525227317,1.6591052163062474,0.6668772749973689,0.2130893641101255,0.34019348008530087,0.14312751024462816,0.17071449684573645,0.14963682941050965,-0.05279445036612441,0.10066309192944761,0.3174821658794872,0.29165139650580935,0.1968021913616471,-0.038680498617691544,0.3143792493924397,-0.06716398359075432,-0.09042151404176507,-0.1502743647474264,0.008552883961542648,-0.24738703133094478,0.09152522141535252,0.013860378378367188,-0.0903426828286174,-0.03837919762434455,0.012061424631655195,0.022854600930954497,0.04048499540728744
