0.9635474009318227,0.3470327500404199,0.21164127804664337,0.06454413433180527,0.16794638447404567,0.10767131276676409,0.17612796355079924,0.138610762628199,0.08000849700725542,0.126597287793517,0.11250650070454016,0.12923182135699404,0.0942097625606061,0.145375176871145,0.13258257885230754,0.13281818423391747,0.14171276831960053,0.12171645333165557,0.06678163981710517,0.09958798538645229,0.12837101279266938,0.17062822712025214,0.046477781958972335,0.027865701636122706,0.10805776606743314,0.07476242482844432,0.11348084033069963,0.14611672201228307,-0.03113949887210227,0.18526563477382532,0.11493084425011212,0.13587537310739908,0.12318132233493137,-0.1198726324623993,0.1652544681373971,0.08570979559608992,0.12892039283765433,0.13692387258268776,0.08986122181387182,0.02055209739574915,0.13845756252339936,0.09219093375800204,0.03843903656432347,0.13383635523432397,0.1211698795714849,0.10224483412447534,0.15789806401829573,0.0012394172842946295,0.03675444613176886,0.048618788778621656,-0.025981575666719856,-0.03763898295791599,-0.0005754592955405201,-0.00020077160399672756,0.11660302506659825,-0.021216570524147025,0.08804840080086487,-0.13438340702852164,-0.06457153173708212
0.3470327500404199,2.8279151793790707,0.25321541395799035,-0.1168308162053265,0.06922302043714924,0.11686015869966404,0.12059026564870778,0.10401687785941664,0.1024727799574804,0.1240076531823245,0.1178920774173812,0.11460346381343262,0.07399036276467477,0.05990868591351636,0.24620252146213653,0.10772642094632943,0.16836426829395928,0.1483973671308099,0.03772571004074188,0.0798361893575253,0.2211362192356506,0.06297074868129283,-0.2634855011956236,-0.09370043809328936,0.09997444418475292,-0.10289047557737874,0.18036387447548374,0.10845472801892676,0.06277071916231917,0.1758869597985908,0.12108405742040593,0.09188687634391192,0.01801235682157104,0.08033984383756515,0.07365130285951987,0.13008177455644626,0.08598866881365407,0.13385367569269702,-0.04148467313600738,0.038581637710796826,0.12947393841634253,0.07155096242060266,0.03216517146408976,0.19966393259808152,0.1972723452525906,-0.03656659172395499,0.11925537440924606,0.001586030260287696,-0.14015075835268084,-0.16906855183711936,0.1698961043582492,0.09483376207863668,-0.12106143940873633,-0.024177972650549964,-0.4724568231922651,-0.005003472043139318,-0.029477640179461945,0.08349344949811915,0.28268119953982074
0.21164127804664337,0.25321541395799035,1.9020163668514298,0.2991853331827837,-0.09690010812221889,0.31777781552442524,0.1562900533338623,0.37647959074694676,0.3252510515960341,0.44788218183308653,0.23467744927614292,0.21383390122898605,0.2141560364543508,0.12586671594232912,0.29748201126062707,0.10175846984530965,0.3705248931477948,0.3071618307320322,0.13493002891467443,0.24606633938055797,0.21518793758743815,0.414708564282438,0.3776253757869872,0.33753104337273093,0.2978147961061881,0.18990050956299484,0.15281854017852659,0.28347341615453003,0.43585197632696526,0.15704767448186074,0.22475141480951216,0.13636403461201574,0.33086266776707307,0.3044624164984015,0.21207388569988228,0.2745213080420103,0.4530066928193601,0.21427630284300891,0.12154526692245043,-0.3623515625631865,0.17146490187639865,0.16813363919200233,0.15781169958589739,0.2085893400269509,0.20384160953874123,0.5175557138518538,0.29480372434735386,-0.012445912945571815,0.12098960880174689,0.14642225602163406,-0.007881841367409733,0.15242341238969584,-0.05865242990915002,-0.23347407696476283,0.015081351095671686,-0.09485074347233519,-0.13985365074898815,0.024434960100964156,-0.1293462442705512
0.06454413433180527,-0.1168308162053265,0.2991853331827837,0.9747855805932152,0.30354759248663804,0.2833654825694272,0.2544640366508013,0.29148086180482174,0.13421809573583188,0.17479809452449555,0.2188060563503696,0.2538080603935198,0.2102070238450038,0.23589709456041522,0.21998988440881845,0.2671164658256861,0.2390377128408348,0.2609164676868582,0.11104923172030455,0.15844716916878665,0.15819702709954855,0.3497257020078277,0.34092545750982745,0.27832759801358575,0.28051018901477903,0.2287065982975518,0.1547072672671428,0.11256229408046596,0.38337686893681483,0.20384845082021455,0.18123163870856684,0.20164957734167904,0.26513476518571655,0.3323864653692762,-0.029313879343252643,0.1850823914364521,0.21517558308137624,0.1983652327334824,0.26962561540387703,-0.07783488335868138,0.1520528161031564,0.1517805962378547,0.22632283517403404,0.3211763818779533,0.10977788697979143,-0.0023348688181671364,0.2656903708880583,-0.0053901208166981865,0.3486788026576203,0.1763319553334773,-0.21715976187938535,0.0592659547037302,0.028604622146484657,-0.10290418855924513,-0.05227788378649541,-0.04146573841816318,-0.33934237159637576,0.2103321299325319,0.04327863065531477
0.16794638447404567,0.06922302043714924,-0.09690010812221889,0.30354759248663804,0.8279553997395135,0.24764853406995851,0.19827276020996745,0.24048094770191625,0.05941043958058053,0.09154736050685067,0.17560178409179292,0.2130998765413072,0.1710847905457253,0.23056708363261394,0.18315813511816942,0.28309926734097696,0.15642991337312084,0.1852378833311824,0.2294283432977519,0.13461981339675091,0.09883157656318799,0.25275703762891816,0.2013953534368678,0.18208286943459698,0.21353440062705922,0.22719523371596126,0.14207498485186873,0.029898647540651097,0.24691078718791626,0.13258695065737647,0.16468022078954664,0.21744656146755678,0.08339402069435327,0.31698795386960155,-0.000765999988627477,0.17955947847789785,0.1562227796007694,0.1747086521634926,0.2646563361564817,0.10088910518902239,0.2108930544228769,0.16614175810744858,0.13498990451690326,0.21915843695822068,0.05589745865249925,0.031466432165502684,0.19550476641892717,0.015421685141149081,0.27873684402761084,0.11331964848769435,-0.16322746188799434,-0.12712412166540513,0.07689581666156226,0.05137214857298467,-0.0663732451700958,-0.08041740974692253,-0.07221851148036033,0.020011712445273406,0.1419649956982298
0.10767131276676409,0.11686015869966404,0.31777781552442524,0.2833654825694272,0.24764853406995851,0.6336293242321481,0.0837972098607364,0.40865390628192483,0.15019034457112018,0.1292341488096059,0.22855078871336046,0.2202992721314333,0.18542029324477768,0.2235322157563212,0.25979748554580134,0.20278693471529766,0.2652912979897356,0.22607024911603157,0.2012875519339892,0.22988327209205575,0.22403749018998675,0.31542330142492125,0.218515076095043,0.24155742489834403,0.28811423133369046,0.16551634942044408,0.18643722473244306,0.20806264383716064,0.39344045028370794,0.28296005441071687,0.18341740176429802,0.22509030024822899,0.12430442528794244,0.309139746240645,0.203482942644614,0.14075918150959718,0.23292079609469774,0.21290033360147967,0.2644632650607796,-0.047568566506481884,0.10126830585121795,0.1673966526785804,0.2619216440589258,0.2603691496009252,0.15586643570193484,0.02245892860546656,0.28820513711319906,0.008645796730617928,0.387412224515934,0.31426173577173183,-0.45360036949453914,0.09408664930706118,-0.07337934453153024,0.020383155878194566,-0.03139617043679427,-0.11272285365692265,-0.056732164921253256,0.10734432429562911,0.00287169921992456
0.17612796355079924,0.12059026564870778,0.1562900533338623,0.2544640366508013,0.19827276020996745,0.0837972098607364,0.5372396043306904,0.16493472029422085,0.19498237311261502,0.15835345107801227,0.1816878111138147,0.22971955306923816,0.15559343568964912,0.18487500782224991,0.1460305386110613,0.2115180559565337,0.20327084884764113,0.21040301327023894,0.058613576722814566,0.14156945979002916,0.1695476642192274,0.2722123639832259,0.2501071090038618,0.19267706792430106,0.20067986505971616,0.18676926882275788,0.1575509612624979,0.13436764666859338,0.1865482394436388,0.17081846582491403,0.1590523018728783,0.19064141185762853,0.17026898532556559,0.230339634225639,0.13013459275701986,0.1627228246426443,0.13506863878621594,0.11228697453175364,0.20700019674562825,0.015394258074730981,0.19238914788376876,0.1311540657074171,0.17208786237079232,0.19493907799391347,0.17890747957433956,0.03134028699341203,0.1959347568238415,0.0027044322084157787,0.32963608184451887,0.0495486304310269,-0.04922713012067986,-0.03610222405994667,0.023608582378285035,-0.0383968746125194,-0.026533960780870496,0.062427642366241196,-0.04466725151977703,0.12516227678872435,-0.2177544469562776
0.138610762628199,0.10401687785941664,0.37647959074694676,0.29148086180482174,0.24048094770191625,0.40865390628192483,0.16493472029422085,0.7285225759964833,0.07199655474740115,0.166486106432247,0.22673573767008484,0.07505010035449385,0.22808711042375196,0.17798629429431106,0.1719927085623131,0.16989546827781368,0.26675046707032946,0.3156350728293727,0.191964041431164,0.18079486353972,0.25306337827250014,0.29248266478608476,0.28290335082785517,0.2102582398571233,0.2626821426187479,0.19858002192918942,0.1490444009736712,0.23216093435975285,0.30535720932242105,0.30749023532042546,0.18193627800307088,0.1788319644517947,0.20929641271989383,0.2849883811836145,0.20521297479730466,0.1519303602615973,0.27010892988982727,0.20047044208270706,0.2858660960649148,0.016846567082249356,0.216550513507554,0.17141480604202045,0.24179301074507967,0.3130266067643374,0.23775311135514587,0.08082291200034109,0.3328875191126408,0.01594328092347216,0.2766058290429549,0.26642344364687753,-0.1289733490003232,-0.034362195547615576,-0.014348554446724275,-0.08095864895040769,-0.06349306500317341,-0.220075166908872,-0.028024123117487983,0.22246661340544363,0.040584539131758406
0.08000849700725542,0.1024727799574804,0.3252510515960341,0.13421809573583188,0.05941043958058053,0.15019034457112018,0.19498237311261502,0.07199655474740115,0.5359636195909662,0.14007103502917131,0.12436452591860758,0.1332282937228238,0.1104871117178189,0.1853433387576403,0.17899259108892568,0.12108305869288781,0.16922341195709548,0.18959311360146985,-0.05225883871777992,0.08475953138482842,0.14899907860703238,0.23282953656894267,0.26932568067314555,0.24850484344010101,0.1889196382072682,0.23611616996842022,0.11949544063276485,0.09604589777607284,0.2295130701044064,0.15694440632102244,0.16082849880791994,0.16812791259773632,0.1089519518027694,0.17161679297582394,0.16877861287322196,0.14891013113481802,0.16366954585096868,0.08002521363622443,0.11154112443515736,-0.031230487722008513,0.18817628237758988,0.11755544121372204,0.13621640248954014,0.10840542548269926,0.17516251260615562,0.14327728740038226,0.18793209105003245,0.004670939422615561,0.30143307579949635,0.01908175762936781,-0.06736874219933685,-0.15741028847156438,0.10579983663108293,0.014827981449585081,0.0006244046330604738,0.08656017661728298,-0.011814945779263843,-0.003928109642349926,-0.18323942242566055
0.126597287793517,0.1240076531823245,0.44788218183308653,0.17479809452449555,0.09154736050685067,0.1292341488096059,0.15835345107801227,0.166486106432247,0.14007103502917131,0.7627637208167504,0.11615795904169252,0.2511377645866441,0.13971775118315052,0.19229374814695546,0.19165264009792488,0.1899422223512266,0.22143462919739532,0.2706887990639605,0.04636707711642747,0.16594411427445502,0.14799639511585677,0.249393304309427,0.2583507130390811,0.19572807394485078,0.2124967145501125,0.228971368515164,0.1996139333931544,0.20757261382594547,0.19301836143403614,0.22695854026528134,0.21332096797098515,0.23115003265180914,0.12517270178001114,0.3300498604523693,0.25720533675791785,0.21450431126570785,0.20814876157382467,0.15631926466912877,0.29244592755991333,0.08123005001386135,0.3594580197232876,0.15442216543536744,0.1856296075831851,0.23600637593316703,0.27182911892985073,0.1766350225450196,0.3300688606003562,0.01965284689863658,0.2209844793609877,0.15156241669232076,-0.06934595455476905,-0.041019556437232485,-0.08680464304450371,0.04181954209604014,-0.015651062833511385,0.0036183551396136173,0.16734911323182183,-0.06351571993997848,-0.17290958497021888
0.11250650070454016,0.1178920774173812,0.23467744927614292,0.2188060563503696,0.17560178409179292,0.22855078871336046,0.1816878111138147,0.22673573767008484,0.12436452591860758,0.11615795904169252,0.4948037570349349,0.23446578768471213,0.21517260962727383,0.22357778597905306,0.30065084248672025,0.22390585856696446,0.26429588068453685,0.21709905209725133,0.07212703088155267,0.22983768210461886,0.18060734684905172,0.27471603578523823,0.2624733735668252,0.2206116516702662,0.2596351774124251,0.22545524201860825,0.18448003016136652,0.1850470960210588,0.2842541375236259,0.23414047410423947,0.17137981944693245,0.21486127816562395,0.13377209411204777,0.2614576604991164,0.2542026697418947,0.19441834833679988,0.160350103350871,0.130645833742951,0.23085694207888988,0.03940258175466975,0.23364392240597265,0.17544289674229116,0.1792001859257015,0.1559837059286231,0.1426824119634151,0.15763472578808876,0.24084309618718142,0.012188890100668998,0.20168918985001216,0.1002780416603218,-0.15028254357249132,-0.07721119409498174,0.04540465443965809,0.04170992571944746,-0.027218575375579424,-0.039688283821007656,-0.058217774276176304,0.0537980677880973,-0.04440029411021317
0.12923182135699404,0.11460346381343262,0.21383390122898605,0.2538080603935198,0.2130998765413072,0.2202992721314333,0.22971955306923816,0.07505010035449385,0.1332282937228238,0.2511377645866441,0.23446578768471213,0.6090350043423948,0.12080416473835316,0.2988554404249693,0.23921970912698465,0.27265442663340506,0.20182700871677275,0.1048507160148891,0.07871980100072976,0.23806383888481214,0.13714370531773049,0.2687673066657269,0.16713324165521903,0.18990304117697315,0.29745659258778556,0.14955301952041092,0.2551141289029233,0.12563214635028633,0.2604247393387347,0.2547889096280794,0.16073354452586586,0.2883150108368883,0.08784774617486606,0.30006758484803897,0.27509927691461095,0.20745621299275088,0.058072831962331775,0.13217944951976068,0.20756819411730765,0.018991091689062888,0.18936399221993822,0.1547106329447304,0.20520206383086328,0.1949827753765539,0.16577046286972388,0.04453173995177206,0.22180223906187121,0.010746469578514283,0.3446089432050427,-0.06339929491748311,-0.24837272227890966,-0.014336357011576767,0.11525404722659524,0.08869661749259529,-0.026725772745126417,0.07452609614194533,-0.00648378095706258,0.07852522541750738,-0.2335668333636837
0.0942097625606061,0.07399036276467477,0.2141560364543508,0.2102070238450038,0.1710847905457253,0.18542029324477768,0.15559343568964912,0.22808711042375196,0.1104871117178189,0.13971775118315052,0.21517260962727383,0.12080416473835316,0.3859498215945523,0.1721447904753975,0.13138840368974414,0.15811987815305975,0.17451840476666722,0.17214828851787986,0.09930932318535896,0.11634829950427181,0.17372190491324288,0.20679188622107764,0.24927070601767118,0.21104565051740104,0.17989276355976583,0.19756839690393352,0.121854039769595,0.13705927238156212,0.22150095170046527,0.16631991294401327,0.1348402362773119,0.16543234183726901,0.15176747058312187,0.21199873806455868,0.13861148446564892,0.14063050056566423,0.15994806355136407,0.09855819077604648,0.2400600830708111,0.03067273687014464,0.1956556525330118,0.12159159532152357,0.10851221284622346,0.18891612021319104,0.06883514964034347,0.1020274187124164,0.17918989550797645,0.009314834580910964,0.20639640467867815,0.10957905605975173,-0.04846423647747902,-0.02643990626129358,0.028750008269441473,-0.05524970363562344,0.01109368350537856,-0.0699245763677743,-0.10737982382086228,-0.08887454762142756,0.1987504743263007
0.145375176871145,0.05990868591351636,0.12586671594232912,0.23589709456041522,0.23056708363261394,0.2235322157563212,0.18487500782224991,0.17798629429431106,0.1853433387576403,0.19229374814695546,0.22357778597905306,0.2988554404249693,0.1721447904753975,0.6995393251060353,0.33127396703241857,0.3928954564164803,0.28279975758386855,0.1794029522350981,0.07750381109223937,0.21291645588383898,0.07813994342832521,0.5749911529071624,0.2744769798255107,0.3363891047763671,0.3155283597846564,0.43240979100178334,0.2943351837212203,0.21027077142461018,0.15410715104208197,0.347257261095174,0.2188209103605782,0.5584224017440405,0.1275563143724156,0.33629303326484117,0.39455981183520217,0.3564532836567926,0.08008886245369064,0.17274957367407842,0.30247166432825384,0.12546807055028206,0.481759129195823,0.25442692581415516,0.18191572662270744,0.3876702673846794,0.2029607264661654,0.07250692942929998,0.2981472346988114,-0.0071820992779012965,0.7492755900670006,0.09264335762515309,-0.1396600915981218,-0.28276006248800306,0.10335496450585104,0.11538966907140501,-0.07211559166606137,-0.022929751099956125,0.12899537573010225,-0.004824529064252574,-0.1043430440113419
0.13258257885230754,0.24620252146213653,0.29748201126062707,0.21998988440881845,0.18315813511816942,0.25979748554580134,0.1460305386110613,0.1719927085623131,0.17899259108892568,0.19165264009792488,0.30065084248672025,0.23921970912698465,0.13138840368974414,0.33127396703241857,0.7320714489920175,0.24585430238747558,0.30372538953196765,0.26089453744583957,0.10294419896958805,0.27048792771142854,0.06800437056781009,0.45254819290147635,0.30094552539973196,0.332732806593133,0.32863879461820744,0.3287244243575473,0.2428521610700826,0.30468795071177357,0.3799061499695437,0.24936874210768187,0.23474123915223394,0.31262529284492535,0.1999560461791733,0.3280172210605691,0.2783192563629277,0.22929683611616059,0.26786701338460955,0.14627776834150444,0.33403665352106465,-0.0014375726041825898,0.27121620900008164,0.21019091759444816,0.22959053536388038,0.1659960811653094,0.06686026515225289,0.17360239964431706,0.27531550230280893,-0.004836338250943285,0.5674824098747946,0.3421619774822783,-0.3863535824920108,0.17751583417376185,-0.20666541861031854,-0.0003829201910353367,0.005006951527061761,0.004967377362991539,-0.04411553483453962,-0.015537045710326478,-0.052841761282251265
0.13281818423391747,0.10772642094632943,0.10175846984530965,0.2671164658256861,0.28309926734097696,0.20278693471529766,0.2115180559565337,0.16989546827781368,0.12108305869288781,0.1899422223512266,0.22390585856696446,0.27265442663340506,0.15811987815305975,0.3928954564164803,0.24585430238747558,0.8200374717889274,0.2635842654071439,0.15380912620571222,0.12438243168345393,0.2301794939887187,0.1514905653380205,0.4083169564699045,0.0972576775175288,0.22184902667940887,0.32186277619892545,0.25403555724751586,0.2813295527756915,0.2221956791050237,0.31487243558479233,0.4177578131810889,0.19531014679442465,0.3595342694391118,0.06126404437080002,0.3232377185598025,0.4662971171195836,0.3102824225925899,0.15872965568160086,0.1626708626268053,0.27498237750427784,0.17238725314774178,0.43290229362172317,0.2739754901433879,0.2650551708948767,0.22927457995193823,0.2690539941155132,0.11265513890354606,0.32089444902989006,-0.0005646787678477916,0.36404439101052793,-0.17129428356224047,-0.13146151214435603,-0.11971613087631754,0.15425004122551314,0.1093876673070757,-0.01095074881633717,-0.025451836197288427,-0.053060525561684224,0.10186788999388793,-0.05261675488164556
0.14171276831960053,0.16836426829395928,0.3705248931477948,0.2390377128408348,0.15642991337312084,0.2652912979897356,0.20327084884764113,0.26675046707032946,0.16922341195709548,0.22143462919739532,0.26429588068453685,0.20182700871677275,0.17451840476666722,0.28279975758386855,0.30372538953196765,0.2635842654071439,0.641050452992812,0.2580765128012607,0.12561857803938942,0.22734436530971,0.12538433976625937,0.6175385106487048,0.34362154901509534,0.2800806991679823,0.2737980803094282,0.25678788635582783,0.21431165091222046,0.4510798781391888,0.19942309481978235,0.3333787099646352,0.20172729652759525,0.275521280226066,0.37609474333149445,0.2399256516699276,0.32783902841886714,0.28473267136758773,0.29223617070643987,0.21893561538199294,0.22349692582823188,-0.04756831725732525,0.328077577258998,0.27658313489019937,0.1611441296028831,0.3258200846153282,0.15161154807920316,0.21512020315501837,0.3501147127416616,-0.010187333037033649,0.46331981232169256,0.3800150048340136,-0.11771997475409736,-0.1257272118945967,-0.13011694884926106,-0.03175132860002774,-0.11206263852396124,-0.07881072195102386,-0.052277159683051695,0.11004981503700377,-0.15284910579255337
0.12171645333165557,0.1483973671308099,0.3071618307320322,0.2609164676868582,0.1852378833311824,0.22607024911603157,0.21040301327023894,0.3156350728293727,0.18959311360146985,0.2706887990639605,0.21709905209725133,0.1048507160148891,0.17214828851787986,0.1794029522350981,0.26089453744583957,0.15380912620571222,0.2580765128012607,0.8568659783339901,0.09108332810885648,-0.09379913509127269,0.2470277238926639,0.3602617085610973,0.6505244001006677,0.30088746726371224,0.2528586082891736,0.37886173279798596,0.08595959784142021,0.263446726941232,0.3426320959827668,0.18902550574326377,0.24850142948941192,0.2002935423890548,0.2766172198625836,0.31911245755372675,0.14896490038926746,0.2184824371038045,0.18282532280666947,0.11295054232025963,0.3131095453110022,0.0821354851713536,0.34762651317741555,0.13453935698399674,0.26303782654414226,0.22471788097038375,0.37824425576647114,0.18505669035317646,0.4928612872191759,-0.0032932699611545923,0.2529579697305739,0.5090098248660302,0.1099558866682808,-0.33912033861809593,-0.2193668270751664,-0.041988710259557555,-0.04329271462277378,-0.05950204794238771,0.06600063322407111,0.32732785541495374,-0.414380233337813
0.06678163981710517,0.03772571004074188,0.13493002891467443,0.11104923172030455,0.2294283432977519,0.2012875519339892,0.058613576722814566,0.191964041431164,-0.05225883871777992,0.04636707711642747,0.07212703088155267,0.07871980100072976,0.09930932318535896,0.07750381109223937,0.10294419896958805,0.12438243168345393,0.12561857803938942,0.09108332810885648,0.6593770094990506,0.10487847953872231,0.08481119549189091,0.20413259562874814,-0.013415880974513376,0.06793418366018436,0.07372738575683961,0.017893638855177366,0.06301100472123658,0.15272345632128304,0.07805055472993094,0.09206569498729063,0.09915953555258994,0.10071410124689004,0.15560853042826447,0.11797526514808625,-0.034258734524401785,0.1546356823755678,0.1564375338670792,0.15733777417707803,0.19369536750197122,0.03741905460628889,0.11872545994285862,0.08545843213014115,0.0374142677986652,0.15929575918037392,0.06623505798363695,0.1548066498026113,0.10431647066559079,-0.0019063386805944662,-0.041232238845326216,-0.059099398047287664,0.20831220865365851,0.24749885304054106,-0.17959651558975603,-0.13878191973338133,-0.03958007965691782,-0.08368018806715219,0.0010644304563315712,0.055664045132025615,0.044913885695389295
0.09958798538645229,0.0798361893575253,0.24606633938055797,0.15844716916878665,0.13461981339675091,0.22988327209205575,0.14156945979002916,0.18079486353972,0.08475953138482842,0.16594411427445502,0.22983768210461886,0.23806383888481214,0.11634829950427181,0.21291645588383898,0.27048792771142854,0.2301794939887187,0.22734436530971,-0.09379913509127269,0.10487847953872231,1.8656983104413005,0.05689508477253941,0.14640606107490828,-0.07209560769072113,0.14773130019584438,0.2748364398890266,0.3355913338770072,0.4684206510513653,0.42195774553250226,0.11383797411129336,0.2709687031251894,0.23463689366894766,0.18442757888941197,0.4245289295650701,0.275703048997364,0.34429773336396363,-0.06838807098320618,0.5287605378775048,0.17864299274370785,0.7030955655030898,0.1510936785052571,0.21191963076050988,0.17399318766500546,0.6183388800334078,0.2209464687838823,0.696526711345417,-0.27007037018170843,0.17716096080648544,0.08539357360169038,0.8630211543156875,-0.04688789239758743,-0.4761135059758394,0.35461548338147586,0.03702303144190351,0.02572144434892861,0.09378181660704342,-0.029553381065674823,-0.10031003443634069,-0.004581709555345883,0.06838352068964416
0.12837101279266938,0.2211362192356506,0.21518793758743815,0.15819702709954855,0.09883157656318799,0.22403749018998675,0.1695476642192274,0.25306337827250014,0.14899907860703238,0.14799639511585677,0.18060734684905172,0.13714370531773049,0.17372190491324288,0.07813994342832521,0.06800437056781009,0.1514905653380205,0.12538433976625937,0.2470277238926639,0.08481119549189091,0.05689508477253941,1.8122819792184153,-0.358052871791111,0.03372481598375588,-0.2253661477160461,0.25503061492943513,-0.9005264069133987,0.008504564592566212,0.04085181782753961,0.5213737174914422,0.9705291707429795,0.09417217857384848,0.047490399628436764,-0.06208510739651943,0.2790547476304329,0.40322656572485327,-0.0005032928923091495,0.3783548938049849,0.22410484294091107,-0.17195345703872011,-0.27435676417861854,0.07947236809073793,0.11488508861042102,0.36374156651497686,0.3258454908940869,1.2540438042664026,-0.3020581232688827,0.6720807449676198,0.045299567790281034,-0.9454519064761229,-0.39549906171862753,0.06269904370708024,-0.1031834835158276,0.30035345008587333,0.09645660382902192,-0.047807736641648425,-0.056743161151107176,-0.10157508402738884,0.27865101887883476,-0.28156364036157516
0.17062822712025214,0.06297074868129283,0.414708564282438,0.3497257020078277,0.25275703762891816,0.31542330142492125,0.2722123639832259,0.29248266478608476,0.23282953656894267,0.249393304309427,0.27471603578523823,0.2687673066657269,0.20679188622107764,0.5749911529071624,0.45254819290147635,0.4083169564699045,0.6175385106487048,0.3602617085610973,0.20413259562874814,0.14640606107490828,-0.358052871791111,2.4043757281510065,0.6986275502537107,0.5955860790945467,0.476735954979695,0.7316247149195383,0.41178959466318904,0.43807202747022467,0.2507176351863042,0.28181889064524956,0.2780818566362741,0.6019242104365637,0.6432580695510735,0.34111773221529623,0.2690376524309856,0.5115492302135635,0.29449807638228337,0.40654718184260796,0.5118720580395048,-0.008375350422450622,0.5222577849305381,0.40056990689488825,0.0822846255020769,0.8900472469308013,-0.46724210482869494,0.4745001135752775,0.3095859495903082,-0.1953716078291109,2.4092142062563497,0.32832150350357264,-0.1960210298146004,-0.33520399204765305,-0.08961481758459755,-0.027876579138459905,-0.14343264583169538,-0.07231335737461414,-0.0012847242897407244,0.16045625837852914,-0.1800372646464012
0.046477781958972335,-0.2634855011956236,0.3776253757869872,0.34092545750982745,0.2013953534368678,0.218515076095043,0.2501071090038618,0.28290335082785517,0.26932568067314555,0.2583507130390811,0.2624733735668252,0.16713324165521903,0.24927070601767118,0.2744769798255107,0.30094552539973196,0.0972576775175288,0.34362154901509534,0.6505244001006677,-0.013415880974513376,-0.07209560769072113,0.03372481598375588,0.6986275502537107,2.1588573234251887,0.845271586069714,0.5322232780037913,0.3414224212061147,0.07530880965362108,0.3651096707635542,0.9429086830647274,0.3926183688850343,0.08814751839012332,0.21527652491537508,0.5475405558588725,0.48023570548102174,0.21605215431819977,0.21851274984266564,0.4413118006490197,-0.0794020854369365,0.6473946593002032,-0.07555980433619551,0.3237956959220675,0.13973627764158716,0.16546808741230598,0.3012049708553167,-0.2681944390151311,0.4317686245691204,0.5368651391264261,-0.00030704701245937323,1.070975623246711,0.5742333026926714,-0.2288940424687988,-0.2274062541287332,-0.02160229262506427,-0.06826231398220758,0.054341716381066135,-0.054128215311557565,-0.12724538748911426,0.03436034969242953,-0.021243394744311597
0.027865701636122706,-0.09370043809328936,0.33753104337273093,0.27832759801358575,0.18208286943459698,0.24155742489834403,0.19267706792430106,0.2102582398571233,0.24850484344010101,0.19572807394485078,0.2206116516702662,0.18990304117697315,0.21104565051740104,0.3363891047763671,0.332732806593133,0.22184902667940887,0.2800806991679823,0.30088746726371224,0.06793418366018436,0.14773130019584438,-0.2253661477160461,0.5955860790945467,0.845271586069714,1.3886155935738402,0.4112916044310027,0.3270214999677945,0.12548073338185387,0.3210552317797812,0.9252789674698214,0.4096534170486911,0.3288070101605778,0.2863735157452677,0.5381587648534881,0.2111224306260669,0.12709086812133188,0.5048120545270722,0.3730765732801899,0.06581268342026013,0.4027577300827374,-0.08477140448645318,0.19674285437026542,0.19309413835383585,0.09700328914579337,0.09590304642417187,-0.29034177198864763,0.3014837328367116,0.3473687282215813,-0.005533480563495386,1.1279126948642784,0.32194166214773245,-0.40934943736104024,0.06708457016427033,0.02127379295264246,-0.07743881340584897,0.09802714386683428,-0.009622397144893408,0.04753721324609453,-0.3514928636053832,0.2388029292186561
0.10805776606743314,0.09997444418475292,0.2978147961061881,0.28051018901477903,0.21353440062705922,0.28811423133369046,0.20067986505971616,0.2626821426187479,0.1889196382072682,0.2124967145501125,0.2596351774124251,0.29745659258778556,0.17989276355976583,0.3155283597846564,0.32863879461820744,0.32186277619892545,0.2737980803094282,0.2528586082891736,0.07372738575683961,0.2748364398890266,0.25503061492943513,0.476735954979695,0.5322232780037913,0.4112916044310027,0.9185107218341392,0.10045847451037822,0.26161140443895653,0.18417781769627867,1.0146572027050789,0.5960540347303231,0.2472524247435244,0.27875606959168914,0.1860663918694831,0.4846334776812807,0.3323217131961334,0.27145172855488214,0.37218433778289883,0.22766536579681998,0.3556319205395492,-0.017426287379913728,0.31839660463826724,0.217306606613625,0.3654258887119077,0.24629497853098017,0.23851620014085656,0.26934248087281176,0.4634822846185119,-0.006118111688500028,0.41704370163184157,-0.33896400956231965,-0.36241069206634074,0.12577625186009783,0.23143048727665994,0.081308364016813,-0.023978466197376067,-0.021910569350879167,-0.10752272743745163,0.14353921508948012,-0.12435491350340534
0.07476242482844432,-0.10289047557737874,0.18990050956299484,0.2287065982975518,0.22719523371596126,0.16551634942044408,0.18676926882275788,0.19858002192918942,0.23611616996842022,0.228971368515164,0.22545524201860825,0.14955301952041092,0.19756839690393352,0.43240979100178334,0.3287244243575473,0.25403555724751586,0.25678788635582783,0.37886173279798596,0.017893638855177366,0.3355913338770072,-0.9005264069133987,0.7316247149195383,0.3414224212061147,0.3270214999677945,0.10045847451037822,2.5961576454050257,0.3519766983284015,0.2116127525817207,-0.5196023310075015,-0.8944117965480266,0.3173868616389936,0.49257034315968073,0.09249387715997182,0.37898186213402324,0.21128629575100738,0.22583687339379696,-0.46393718553850977,-0.03978668647951859,0.8053123397666171,0.7854926251578777,0.959874303196584,0.2726883688309034,0.166092153405441,0.2152818313332877,0.33745471140173283,0.06856025614506223,-0.26206020577396166,0.01423051783219236,1.6773947680552885,0.6193114184467094,0.2014350159936025,-0.48803418799284726,-0.34135241313732334,-0.006641694884036528,-0.09683656102514311,-0.03697459537703029,0.0037402230764728775,0.1917147315526087,-0.1304460586482607
0.11348084033069963,0.18036387447548374,0.15281854017852659,0.1547072672671428,0.14207498485186873,0.18643722473244306,0.1575509612624979,0.1490444009736712,0.11949544063276485,0.1996139333931544,0.18448003016136652,0.2551141289029233,0.121854039769595,0.2943351837212203,0.2428521610700826,0.2813295527756915,0.21431165091222046,0.08595959784142021,0.06301100472123658,0.4684206510513653,0.008504564592566212,0.41178959466318904,0.07530880965362108,0.12548073338185387,0.26161140443895653,0.3519766983284015,0.8878136096965448,0.2401922579138672,0.061510361992694815,0.22300812395602232,0.2288382646491658,0.3305066430263323,0.23146258700935105,0.2945487691774825,0.2872413766168475,0.3078013790898883,0.14546289976510327,0.17623610447771298,0.3251590272561598,0.15563293052821892,0.2746863423199378,0.21694044027165524,0.4643729929243274,0.2193306027086977,0.2381440491728162,-0.011772544140227999,0.17005636111828082,0.014022037450011546,0.7006784252031961,0.03192877290732241,-0.3131301104893428,0.10298671616575909,0.021682366767361586,0.05324185102270016,0.003185586074543639,0.0033128700982480662,0.09958028047360591,0.08479485552826434,-0.15018920047309203
0.14611672201228307,0.10845472801892676,0.28347341615453003,0.11256229408046596,0.029898647540651097,0.20806264383716064,0.13436764666859338,0.23216093435975285,0.09604589777607284,0.20757261382594547,0.1850470960210588,0.12563214635028633,0.13705927238156212,0.21027077142461018,0.30468795071177357,0.2221956791050237,0.4510798781391888,0.263446726941232,0.15272345632128304,0.42195774553250226,0.04085181782753961,0.43807202747022467,0.3651096707635542,0.3210552317797812,0.18417781769627867,0.2116127525817207,0.2401922579138672,1.6659972993217507,-0.2412357308008575,0.33025752878791276,0.23435866915893291,0.24192839815782602,1.024471391843373,-0.006660676868890855,0.8047102124165525,0.13892299338401898,0.34863178055230387,0.07178742486593309,0.5234703763969558,0.027769045558424358,0.3982207137960507,0.18176086718063184,0.09078107761921088,0.3652065164613648,0.01166184300550482,-0.053345947723129956,0.3396173408590885,0.0468634064022955,0.5245182322141162,0.7571967882561066,-0.4576667509064254,0.4448830010071688,-0.5863968134469133,-0.06073855587358846,0.2766275374759512,-0.07029331702378389,0.07184903875955227,-0.15776261040513145,0.15484706620068636
-0.03113949887210227,0.06277071916231917,0.43585197632696526,0.38337686893681483,0.24691078718791626,0.39344045028370794,0.1865482394436388,0.30535720932242105,0.2295130701044064,0.19301836143403614,0.2842541375236259,0.2604247393387347,0.22150095170046527,0.15410715104208197,0.3799061499695437,0.31487243558479233,0.19942309481978235,0.3426320959827668,0.07805055472993094,0.11383797411129336,0.5213737174914422,0.2507176351863042,0.9429086830647274,0.9252789674698214,1.0146572027050789,-0.5196023310075015,0.061510361992694815,-0.2412357308008575,4.272844082639092,0.9848600883252918,0.05078833839056323,0.0966928317218635,-0.10493158058508296,0.8484998454489411,-0.23493361509955923,0.15876893402458206,0.7227961497660604,-0.1449398370103752,0.2323120119636308,-0.16145647684868444,0.06457089048358762,0.05680646406352448,0.28229837803565083,-0.8293665038373933,0.23860126843838922,0.8352032921839762,0.7304474494213234,-0.012996397829815324,1.1843382769380097,-0.4556596718651178,-0.49838539250374453,0.3885307539069795,0.25970540386624236,0.09157210318736919,-0.11904607388451578,-0.07541523112164453,-0.44397181891749654,0.4193746968597124,-0.17086789342353736
0.18526563477382532,0.1758869597985908,0.15704767448186074,0.20384845082021455,0.13258695065737647,0.28296005441071687,0.17081846582491403,0.30749023532042546,0.15694440632102244,0.22695854026528134,0.23414047410423947,0.2547889096280794,0.16631991294401327,0.347257261095174,0.24936874210768187,0.4177578131810889,0.3333787099646352,0.18902550574326377,0.09206569498729063,0.2709687031251894,0.9705291707429795,0.28181889064524956,0.3926183688850343,0.4096534170486911,0.5960540347303231,-0.8944117965480266,0.22300812395602232,0.33025752878791276,0.9848600883252918,3.0305423275556596,0.22593505433344296,0.28523162467005375,0.20532793881723257,0.029413978516499698,0.8730299230935293,0.2749903222756016,0.8627854223032574,0.5749450059022813,-0.06712618847996583,-0.18591673179214518,0.7246273220099834,0.3966301657694194,0.8469391366217351,0.9976900670374214,0.8827858017424722,0.08948953970326794,1.4383538304933874,0.0470108013630284,-0.2405955098060009,-0.3807676084340778,-0.276727905150275,-0.27969818142381475,0.46077743857171766,0.18477124811708234,-0.013614017058506532,-0.18411093387045527,0.0076737731180542825,0.30350355329733364,-0.2402533047850794
0.11493084425011212,0.12108405742040593,0.22475141480951216,0.18123163870856684,0.16468022078954664,0.18341740176429802,0.1590523018728783,0.18193627800307088,0.16082849880791994,0.21332096797098515,0.17137981944693245,0.16073354452586586,0.1348402362773119,0.2188209103605782,0.23474123915223394,0.19531014679442465,0.20172729652759525,0.24850142948941192,0.09915953555258994,0.23463689366894766,0.09417217857384848,0.2780818566362741,0.08814751839012332,0.3288070101605778,0.2472524247435244,0.3173868616389936,0.2288382646491658,0.23435866915893291,0.05078833839056323,0.22593505433344296,0.949020680118705,0.2609635437188417,0.3122386629124508,0.16976141353900498,0.1480600516918685,0.5804441429940904,0.1388432119058145,0.3431759832299545,0.449718711174075,0.12004389224403159,0.3499451978269377,0.21313568211719877,0.19554201259125228,0.3468965510760494,0.3172070875913143,0.04385242887567988,0.2692713567283817,-0.0011084213252630637,-0.1041167942811946,0.22151777754015403,-0.18062430962120607,-0.017068206959859618,-0.05329804967034827,-0.047393470431993934,0.029580808382965812,0.01682001521636498,0.1361202496069394,-0.1326473478781224,-0.042283654303615394
0.13587537310739908,0.09188687634391192,0.13636403461201574,0.20164957734167904,0.21744656146755678,0.22509030024822899,0.19064141185762853,0.1788319644517947,0.16812791259773632,0.23115003265180914,0.21486127816562395,0.2883150108368883,0.16543234183726901,0.5584224017440405,0.31262529284492535,0.3595342694391118,0.275521280226066,0.2002935423890548,0.10071410124689004,0.18442757888941197,0.047490399628436764,0.6019242104365637,0.21527652491537508,0.2863735157452677,0.27875606959168914,0.49257034315968073,0.3305066430263323,0.24192839815782602,0.0966928317218635,0.28523162467005375,0.2609635437188417,0.7889979409017209,0.09347764947185096,0.38796949420563215,0.37417371368484204,0.3957813840486608,0.008785072369273127,0.20392338519750292,0.3780189416831536,0.169361867625975,0.5188750262657068,0.25179470024180206,0.16314196161576347,0.41259625746447676,0.23094603924284043,0.0745671927727028,0.28158020177847104,-0.015495848649209056,0.7398585812877013,0.1300015454098771,-0.12135791653363746,-0.06512568913191942,-0.1142666072876019,0.10012788369599096,-0.0697801092599931,-0.03692025617324494,0.30446177520679557,-0.059268985231775574,-0.19757308817597238
0.12318132233493137,0.01801235682157104,0.33086266776707307,0.26513476518571655,0.08339402069435327,0.12430442528794244,0.17026898532556559,0.20929641271989383,0.1089519518027694,0.12517270178001114,0.13377209411204777,0.08784774617486606,0.15176747058312187,0.1275563143724156,0.1999560461791733,0.06126404437080002,0.37609474333149445,0.2766172198625836,0.15560853042826447,0.4245289295650701,-0.06208510739651943,0.6432580695510735,0.5475405558588725,0.5381587648534881,0.1860663918694831,0.09249387715997182,0.23146258700935105,1.024471391843373,-0.10493158058508296,0.20532793881723257,0.3122386629124508,0.09347764947185096,2.583541659562374,-0.30406450230897625,-0.2638600424401367,0.058599290183487335,0.36328371083707645,0.2903308734164933,0.5712044101455257,-0.19363105523051635,0.13614936565554311,0.15091268707134128,0.09913191380940692,0.5790847281640342,-0.13334741158308602,-0.15242356825031475,0.39188666202482164,0.0760157999362404,0.5800761338527048,0.571332891886996,-0.38550989117853107,0.1415719366785892,-0.0775674924686388,-0.2974741714638973,0.10718747606586804,-0.1176410272436995,-0.21153847207501064,0.17302592301966216,0.06173490568303828
-0.1198726324623993,0.08033984383756515,0.3044624164984015,0.3323864653692762,0.31698795386960155,0.309139746240645,0.230339634225639,0.2849883811836145,0.17161679297582394,0.3300498604523693,0.2614576604991164,0.30006758484803897,0.21199873806455868,0.33629303326484117,0.3280172210605691,0.3232377185598025,0.2399256516699276,0.31911245755372675,0.11797526514808625,0.275703048997364,0.2790547476304329,0.34111773221529623,0.48023570548102174,0.2111224306260669,0.4846334776812807,0.37898186213402324,0.2945487691774825,-0.006660676868890855,0.8484998454489411,0.029413978516499698,0.16976141353900498,0.38796949420563215,-0.30406450230897625,2.1470523650213544,0.2895898161351476,0.1727604912414628,0.17067661422706903,0.13186708617981108,0.48107717296151137,-0.07228805192643341,0.5371260701409992,0.22612077284114404,0.6737222834162447,0.4896088062886663,0.4328299530269781,-0.04654467041055676,0.3281203255132603,0.03524282151773702,0.7363207237474615,-0.019053626599823178,-0.21206317696552635,0.0024802439368844654,-0.0021051477814192283,0.09131608988710353,-0.1727517257528458,-0.016109502249773488,-0.14895535515758923,0.19349995898357525,-0.013293289233119412
