4.645861150555872,1.5034326174884878,1.2144664520965154,0.8063116158505383,1.2622533873481239,0.7190690929263853,0.8142575476493711,0.7567041323079678,0.5249688166883297,0.727963310117739,0.5952764499247853,0.7287469220006386,0.6776391856170483,0.6295543725093823,0.7365004290553874,0.6300843097449165,0.3785723180403061,0.8253997490937369,0.3283372343112219,0.4917043149664242,0.5536879831971435,0.632734654664996,0.5439526221177885,0.35082428640830465,1.099563473785441,0.4293846834861684,0.5151439680219677,0.27390899173115546,0.7781598255185675,0.5811386357562731,0.6015744525036446,0.5624210622391039,0.2109095157931682,0.18874645700319492,0.42424639594722174,0.6446292694805259,0.6455011461892632,0.33652986807788815,0.7041326969092858,0.2189752931691153,0.5587363681280576,0.35324648616606746,0.2983958158390353,0.4216518369554383,0.21524503773542597,0.5835267578059029,0.6772842613102269,-0.19415767073727314,0.49389005798015206,-0.11816078468478976,0.04738193759894501
1.5034326174884878,3.773872173636231,0.8211054976428079,0.20590805070736085,0.5984052343012645,0.43274714190436797,0.5427938625065722,0.3283127494849964,0.4513022051937071,0.4809377514551541,0.3843608476225776,0.527729513757519,0.37616464500801605,0.3780689440177785,0.8151928607511705,0.41877111178392573,0.2494280445311266,0.2493208224299369,-0.09226437041741405,0.36131477887837776,0.45259423038499996,0.36721304172779035,-0.2632500808432878,0.24635164241126906,0.4491332350295363,0.43199529314326035,0.3555676667784163,0.4011189394693537,0.4673355716782529,0.5128232890224774,0.46625172309701257,0.3609604428391005,0.19266665224925825,0.15375751199681129,0.513272589893248,0.23203218136234305,0.9143125236236299,0.2834756506574506,0.46797032692747736,0.28101979687988704,0.45907868891095993,0.37044780830764823,0.27487590824717906,0.17764083278063014,0.5439469078177158,0.30253230152093,0.464220985135451,-0.08829068758831245,0.59762872888008,-0.0552721117036336,0.08024902753157914
1.2144664520965154,0.8211054976428079,4.682398857262939,0.5105814828858942,0.011286053412617693,1.189792080432211,0.7077519610857531,0.8627754186299759,0.9660545064483855,0.9300035111187005,0.9246263679836938,0.8349270673422792,0.9575567077653746,0.6463765133862283,0.5104012993789354,0.6420439341044726,0.7979683008716514,0.7643554875772453,1.4739883894382257,0.8662023543837797,0.6444552495569291,0.8362403150420692,0.6649487840290469,0.6922004110331532,0.6429166381485368,0.46281138151406,0.7065609271913048,0.49716748166362057,0.9254582520656384,1.0418605493235893,0.6336919788592513,0.7294057589008521,0.5599642319575336,0.4959016195518203,0.6108216680056546,0.9622321651560699,0.7032299631059871,0.6314950685721544,0.7536363918328386,0.3051581368796736,0.6359090054685158,0.6313053604268557,0.5242889080193741,0.5459515954591772,0.18901428193754508,0.8024668226880428,0.8918956740026743,-0.22322706669378783,0.5660453108290195,-0.057612140249681656,-0.10515602253496953
0.8063116158505383,0.20590805070736085,0.5105814828858942,1.556008789693793,0.6734668289158735,0.5089549272290824,0.3969436432410263,0.47240197961871877,0.38199258567175703,0.4350474809214581,0.35243907727452045,0.3543487301685749,0.44936424251625806,0.30791186024823525,0.1996011310578557,0.3036395825162681,0.31487951778134526,0.5103864321221655,-0.03012104882127398,0.3000710387238955,0.29645336338060907,0.34956619188342486,0.43218231395813994,0.30150184774918276,0.35827402637713657,0.2837943959075794,0.2888128091039637,0.1592388510370081,0.3663700669288852,0.29995046917901186,0.32149381608900196,0.35762057725269236,0.21536476621407194,0.3435680258644716,0.26671951154289997,0.4027600542771721,0.3578063938815431,0.26513925097227087,0.40230568841164865,0.08673086171657898,0.2451694664204364,0.21639602780410477,0.206122590873879,0.362534500938671,0.014604978112309545,0.3386958096518316,0.4164064484858441,-0.06846271332486101,0.4008572262066382,0.01190807652731139,-0.10099662277100104
1.2622533873481239,0.5984052343012645,0.011286053412617693,0.6734668289158735,1.8100153491680362,0.35033595511945576,0.5641534100976493,0.4631221537757627,0.3750572367498865,0.3403713027376764,0.32782106020383767,0.4736480328199967,0.43614990155749106,0.37835787323566655,0.3362617288492095,0.39208098934614727,0.21866578602869463,0.4408142774829395,-0.020733922491412836,0.21751245996314778,0.2808910380947245,0.3768341639779095,0.3412568733812845,0.2538240959928304,0.35295978343579126,0.3579017043141618,0.2746358776261331,0.1530108810637165,0.3271090506974639,0.050350729225142644,0.319943920070876,0.3678354989420982,0.1982687071904705,0.39677909506705183,0.193186673710555,0.3201910995699218,0.41061708390154616,0.15816143358113052,0.26017615588299664,0.06594055243112612,0.2063927197398,0.22914571521596316,0.11561475878388625,0.23463262674110383,0.010059096316753054,0.2452115634760317,0.34754168136329516,-0.09221317365591727,0.4743419349845101,-0.13631875734174873,0.0668906566836287
0.7190690929263853,0.43274714190436797,1.189792080432211,0.5089549272290824,0.35033595511945576,1.4754785537520176,0.40448508108776415,0.6895684188244599,0.5994878328379981,0.4108318698831231,0.6011006004296329,0.611648216249677,0.578927125718528,0.5230166239704915,0.3993480025381368,0.5475663661174545,0.6438225145039534,0.4775934844061858,0.5462190057648272,0.6268134342914351,0.4739192038863692,0.6026884919365941,0.26435595512596316,0.35475457514679365,0.5563470998636274,0.5578398295401802,0.48762341832503414,0.23942340580826818,0.6635458978609449,0.3159385925870338,0.46108518489847056,0.5745978039575413,0.08772074237077522,0.4246377571959685,0.3749484561685703,0.5149024355437146,0.28085179140544714,0.3753719005896984,0.5121349481470663,0.27102489239315614,0.2309556795989648,0.5069067685347867,0.3115072066329735,0.23149288779327518,0.29242386308485563,0.41187723291262374,0.41924113021285203,-0.12585058051479361,0.187378242125415,-0.06446826723276919,0.0015345771738387544
0.8142575476493711,0.5427938625065722,0.7077519610857531,0.3969436432410263,0.5641534100976493,0.40448508108776415,0.8521789652173013,0.368621972094207,0.5393525936772284,0.4122856907041201,0.41551216657259976,0.565185530155917,0.4703675055001626,0.45512093185617425,0.19684118651703983,0.4440466094554544,0.36882844830503997,0.4173853170239317,0.3370515042753103,0.3408037034229283,0.3456397652570348,0.4885996672165164,0.4212784117071729,0.35688919762376947,0.309959604197452,0.2856803989931632,0.3499858855632488,0.21507285596686726,0.4103592588881404,0.38140226192950943,0.310138454266262,0.4157822916224658,0.30150405768159066,0.3000991990962422,0.24299744746766277,0.45484403598130363,0.41660946015660233,0.24693657516944476,0.40776449655116426,0.11087249351901274,0.32577010222075414,0.2963905239954065,0.1833345066811653,0.30650384507547296,0.015983479897090345,0.3308261053677646,0.4459079397129719,-0.10724435191668302,0.6170839745846136,-0.1174675180197779,0.01319468880942067
0.7567041323079678,0.3283127494849964,0.8627754186299759,0.47240197961871877,0.4631221537757627,0.6895684188244599,0.368621972094207,1.2301188747329672,0.471935054380597,0.44479284599847707,0.5080168944142843,0.3021091536310938,0.5922295180136901,0.4462102985713665,0.1938011725865469,0.39350477959405206,0.4881500146333573,0.5632949789068761,0.47228629394791,0.5132533745257921,0.35279883477950746,0.4529753387174937,0.42020900480781037,0.3434397838160376,0.4232081854482556,0.37554721106577904,0.4028976984071554,0.1743729582731682,0.5519905240431534,0.48318743191512237,0.3847401514706745,0.41645037181844263,0.19223253830824238,0.37722587882447667,0.3558002155080959,0.48689632352734846,0.41531127765677645,0.30079847137637744,0.40887123453471524,0.18374852283245913,0.3629000787853011,0.35930482743838243,0.3052258014575353,0.28480516571476966,0.06560669218085077,0.44049846227375467,0.5376844026658586,-0.11166151930256138,0.4513311383376035,0.040955423678379024,-0.06621265655632659
0.5249688166883297,0.4513022051937071,0.9660545064483855,0.38199258567175703,0.3750572367498865,0.5994878328379981,0.5393525936772284,0.471935054380597,1.2461898947172845,0.34277164404539995,0.4113629921086116,0.3527250536309136,0.547191360031401,0.39920769598845246,0.03791881882505531,0.3268118580725046,0.3941808744246139,0.4973663192105667,0.4725041723976103,0.38312719842086435,0.3636635830880397,0.7375866625247488,0.5079905037207443,0.4352403976706353,0.09608181416107142,0.29788561015159704,0.3533873956727987,0.30066790312033104,0.3892271602048502,0.5956269622587184,0.3774267638155201,0.43118486243117293,0.4153319879594628,0.24866519796593878,0.334618195266776,0.4330048081382688,0.5082267883330155,0.3959368634483175,0.5425899203315173,0.11866575236798765,0.3719695501689645,0.28663318196468,0.29841423773445214,0.4778073789369722,0.030282964624387614,0.3246479226828893,0.5338260261979196,-0.08754416378661291,1.0413449479697607,-0.06878341881779805,-0.013089021192610123
0.727963310117739,0.4809377514551541,0.9300035111187005,0.4350474809214581,0.3403713027376764,0.4108318698831231,0.4122856907041201,0.44479284599847707,0.34277164404539995,0.8254796384313815,0.37474385696974083,0.36785630827202664,0.4632038923709269,0.33074634161509264,0.26805768881407593,0.32551614334718276,0.3491596092377785,0.38755831422048326,0.31686271808999555,0.3825461543296242,0.25712929776068727,0.36090560457674165,0.34872980472867376,0.2992522189866945,0.3029109919959999,0.19730435916394534,0.3241946898360951,0.22949993535907448,0.46007949454371344,0.5710475884836856,0.27743335882526127,0.32134362637119995,0.12313145972075376,0.3757904232919567,0.4662215215544284,0.40909533950047344,0.45743718656875326,0.2442573368253935,0.3410214425235993,0.17541074182863595,0.4016638188240815,0.25813730100915117,0.27646470659614353,0.29560072893241635,0.051891756017503544,0.35835061990569783,0.5334402757438669,-0.10321229051010859,0.45280805471079355,-0.029639907496260092,-0.01576014886366505
0.5952764499247853,0.3843608476225776,0.9246263679836938,0.35243907727452045,0.32782106020383767,0.6011006004296329,0.41551216657259976,0.5080168944142843,0.4113629921086116,0.37474385696974083,0.7038091051116953,0.4192478724518919,0.5614306913221518,0.4063867486712761,0.29563486804781985,0.4190726241770398,0.47360505251098056,0.4182949109785471,0.4003744936936245,0.47677625896779285,0.3390450233572918,0.42096559635422226,0.35940020270248124,0.3513992569961975,0.32218442960368476,0.27350240595922154,0.38051523170272333,0.24902451618559826,0.5225624620432843,0.47306765345035007,0.3279028998117036,0.39958875425746776,0.2293428910125031,0.3409028210240773,0.3577490447452581,0.47557619821752756,0.40305277128200395,0.2671053452426431,0.33166338002784873,0.16845658041801545,0.33678793668155765,0.3451243183422753,0.2630599371330966,0.2487300832265305,0.05486070761730834,0.38887017903584314,0.46502617985089023,-0.12156677209278881,0.4513747372349062,-0.04005587141750662,-0.0006937770594706116
0.7287469220006386,0.527729513757519,0.8349270673422792,0.3543487301685749,0.4736480328199967,0.611648216249677,0.565185530155917,0.3021091536310938,0.3527250536309136,0.36785630827202664,0.4192478724518919,0.9608883045420592,0.37385802849925787,0.4376229395501587,0.4043661271207623,0.5138411917272211,0.4170376465881073,0.3104807491091109,0.313797358732469,0.37428246975986046,0.3323343789335481,0.4067371452529954,0.2761720095665865,0.30214663163545746,0.3184080712804075,0.33858805894797017,0.41067687457525986,0.14993771515445722,0.3725033160925979,0.26091555216948403,0.288590251690947,0.46130759104047825,0.1874105578598919,0.2535101340875424,0.16027665303988445,0.4081897150473413,0.2853766092269633,0.21080172483906934,0.36114413680881013,0.14436213496188613,0.2685533909698128,0.3590834454618077,0.16597049646726464,0.17459852837992798,0.1040607471419462,0.2955443505642835,0.3662105558230927,-0.10577744531509752,0.36002353990227437,-0.12653993327808538,0.053691302663931774
0.6776391856170483,0.37616464500801605,0.9575567077653746,0.44936424251625806,0.43614990155749106,0.578927125718528,0.4703675055001626,0.5922295180136901,0.547191360031401,0.4632038923709269,0.5614306913221518,0.37385802849925787,1.0369134124613428,0.4476192145718667,0.054535486434635606,0.42326013833964093,0.34659702087690725,0.48782950845846135,0.5602072522258917,0.39026344599280516,0.3187975935436149,0.5183240021970448,0.5225322924547151,0.44265610224681684,0.4144137426247765,0.26695020256131796,0.44605657982524044,0.2536269302486799,0.6372057603839365,0.5361913479668576,0.3283881164004516,0.4934856488761119,0.29750001297037715,0.4309659249993897,0.40353689325567693,0.5920465855306799,0.32309250018735036,0.23263239433396332,0.3196798527286326,0.12187741173844736,0.3409457992894888,0.32859988000338225,0.2800627750823595,0.36125835593074745,-0.16958094284939093,0.4759890042583837,0.49520499086146436,-0.13632813697678992,0.548251635072081,-0.020965840946140547,-0.055230382545982386
0.6295543725093823,0.3780689440177785,0.6463765133862283,0.30791186024823525,0.37835787323566655,0.5230166239704915,0.45512093185617425,0.4462102985713665,0.39920769598845246,0.33074634161509264,0.4063867486712761,0.4376229395501587,0.4476192145718667,0.8351505866932272,0.32022472598072904,0.5895558648427058,0.3842727102961333,0.32188447154815164,0.40158625563744654,0.3365377189525376,0.35419500473954557,0.45233522605519005,0.34083282698602513,0.35931001626558623,0.39009706042857933,0.30196556336073666,0.33568147458304365,0.268771579345532,0.43793749891665057,0.5263767564162622,0.29999070697971114,0.41206905048297743,0.19674507525525667,0.297582435670818,0.400566913695458,0.38992322671077984,0.41478200927042347,0.3050644858696313,0.3781400944852578,0.16432242567056413,0.39709576232253224,0.3328001271222441,0.29113971749097806,0.3184481542299721,0.0936450452621959,0.32298116163609664,0.49130113851729645,-0.10049128753028322,0.6765162390800954,-0.026903996408214177,0.02054866823771863
0.7365004290553874,0.8151928607511705,0.5104012993789354,0.1996011310578557,0.3362617288492095,0.3993480025381368,0.19684118651703983,0.1938011725865469,0.03791881882505531,0.26805768881407593,0.29563486804781985,0.4043661271207623,0.054535486434635606,0.32022472598072904,1.1642420482047378,0.3788219629340292,0.3425621443325797,0.261859699726151,0.032594464233637044,0.35606061558885116,0.281846040243452,0.16558141416351224,0.16969801469727072,0.22624955065412175,0.24145352999573805,0.2353186760681006,0.23232769546843596,0.2730891722928711,0.26647400287459483,0.4115296530342668,0.25883941372965813,0.22687572970091655,0.13863687403239128,0.17752313685602394,0.3347994827112761,0.26244149084799995,0.5248863174003989,0.2642723473826978,0.256716630448534,0.1510433516532721,0.3626620342891715,0.28222322168570013,0.19545294328909593,0.19212781462546777,0.2940799735514253,0.24781105129518968,0.35317333265600603,-0.10303682417708697,0.24007324124053084,-0.10912513232767536,0.09241162388220353
0.6300843097449165,0.41877111178392573,0.6420439341044726,0.3036395825162681,0.39208098934614727,0.5475663661174545,0.4440466094554544,0.39350477959405206,0.3268118580725046,0.32551614334718276,0.4190726241770398,0.5138411917272211,0.42326013833964093,0.5895558648427058,0.3788219629340292,0.810560722299003,0.461449233688435,0.3311395467032857,0.3381630591974314,0.40123859600359824,0.32236326577107566,0.5165357131760634,0.2660599710376963,0.33449380860597583,0.3228196898704632,0.30239239061409734,0.3931782500488232,0.2641672918678444,0.45048793408056204,0.4690090231626618,0.31327610605781603,0.4509427793645016,0.14887317101263484,0.32566044008066075,0.40876028024149,0.4119614465577714,0.3979673645897208,0.27101540310112987,0.3441889904253585,0.20155532890171912,0.36482703244823017,0.4099589719893898,0.2737957101486306,0.22604200497032884,0.14607588011417,0.3220777698428358,0.46918654220881045,-0.11298904359243903,0.5115504513962931,-0.058988665854720124,0.04648364480608621
0.3785723180403061,0.2494280445311266,0.7979683008716514,0.31487951778134526,0.21866578602869463,0.6438225145039534,0.36882844830503997,0.4881500146333573,0.3941808744246139,0.3491596092377785,0.47360505251098056,0.4170376465881073,0.34659702087690725,0.3842727102961333,0.3425621443325797,0.461449233688435,1.1554093751801708,0.4627682897851189,0.39875442397448807,0.5945372331235108,0.3858426903379631,0.4362957066726294,0.33165701926918867,0.3771883426033808,0.4612905024777166,0.16116059959756132,0.38529845324038187,0.34997235787994374,0.5345960339338997,0.5755567387065824,0.3986230153914382,0.3545322127413859,0.3773073770738839,0.32562406776595626,0.364891546927468,0.5052656122415863,0.7006891618051935,0.37061145990133426,0.4453173272911306,0.19038535468235332,0.3815994078730374,0.3612156497535014,0.2932821289482296,0.2824728408690315,0.23574347013966732,0.4499971553455794,0.6219277463585068,-0.14928870254707616,0.41133731818710195,-0.06380472950203914,0.003732801901426648
0.8253997490937369,0.2493208224299369,0.7643554875772453,0.5103864321221655,0.4408142774829395,0.4775934844061858,0.4173853170239317,0.5632949789068761,0.4973663192105667,0.38755831422048326,0.4182949109785471,0.3104807491091109,0.48782950845846135,0.32188447154815164,0.261859699726151,0.3311395467032857,0.4627682897851189,1.1547389967298192,0.38449419585655764,0.3760438301519368,0.3472284064700537,0.4412408341384579,0.6670306333039203,0.2865995647410155,0.40691645222409184,0.2938700135141238,0.3408792306008172,0.20864231790989496,0.5247951128267299,0.3233073629546202,0.5209084638878335,0.37488816728403423,0.22930393440426713,0.3971800291016472,0.331309477128868,0.5771388365399325,0.5643836925342612,0.28185439028755704,0.3996192521161505,0.10216023288151115,0.3606089244342739,0.2380765467932895,0.23933653623511375,0.3456650384639639,0.022361840148126498,0.47898802738142754,0.6058346857893259,-0.14758168338251346,0.32028249019583227,-0.09092226131924319,-0.03317625540852738
0.3283372343112219,-0.09226437041741405,1.4739883894382257,-0.03012104882127398,-0.020733922491412836,0.5462190057648272,0.3370515042753103,0.47228629394791,0.4725041723976103,0.31686271808999555,0.4003744936936245,0.313797358732469,0.5602072522258917,0.40158625563744654,0.032594464233637044,0.3381630591974314,0.39875442397448807,0.38449419585655764,2.6547293167175563,0.41791205945729115,0.335105088147136,0.5066663070234215,0.29696148729558924,0.38141302050351616,0.5440257131525225,0.22568357607656775,0.37339229135850455,0.2786648082336488,0.5182619331450296,0.4479685831297768,0.3767195975406935,0.40610921473457123,0.4160694482517912,0.23954636299815774,0.1354603493174368,0.682438049166145,0.08561914052405338,0.38449377496412374,0.2005880495124733,0.09243129120565562,0.27893418050515173,0.34422657269614376,0.22531761402186892,0.18338114832306202,0.00911488068654631,0.5748376323003309,0.38035963781465454,-0.17632774577404658,-0.44846068886877855,0.008807340006183845,-0.09360764618169214
0.4917043149664242,0.36131477887837776,0.8662023543837797,0.3000710387238955,0.21751245996314778,0.6268134342914351,0.3408037034229283,0.5132533745257921,0.38312719842086435,0.3825461543296242,0.47677625896779285,0.37428246975986046,0.39026344599280516,0.3365377189525376,0.35606061558885116,0.40123859600359824,0.5945372331235108,0.3760438301519368,0.41791205945729115,1.8463581036939596,0.2546827279446277,0.31774088546949153,0.37125681679904127,0.4228363921897177,0.06954574341993558,0.5099917229058998,0.4580478523844012,0.35539189171904384,0.6885874962875373,0.9080402824463638,0.3905220573666831,0.3969800627738117,0.13290234520013408,0.5655655006754496,0.7639067982490665,0.47364408093469795,0.902220352149485,0.5565719724771869,0.5115673111278386,0.44220295247562325,0.7054821976520348,0.7504880556989517,0.4657368768641328,0.195898697027077,0.4030820169229597,0.5452573675673332,0.7394053496180093,-0.16891136122720404,0.9114111971170739,-0.01845507474055713,-0.009974590008222033
0.5536879831971435,0.45259423038499996,0.6444552495569291,0.29645336338060907,0.2808910380947245,0.4739192038863692,0.3456397652570348,0.35279883477950746,0.3636635830880397,0.25712929776068727,0.3390450233572918,0.3323343789335481,0.3187975935436149,0.35419500473954557,0.281846040243452,0.32236326577107566,0.3858426903379631,0.3472284064700537,0.335105088147136,0.2546827279446277,0.7846291729012621,0.3290764075113285,0.30883749596502563,0.39357378862009024,0.34052736960096086,0.2842159658129186,0.2784328255690921,0.3463784740610485,0.310386632250882,0.5349370380979894,0.3810876293047644,0.38500856641311687,0.40860495728464286,0.16439983962785157,0.3168331662963661,0.5050529367833564,0.4303430969482044,0.40764009646134186,0.6380291871066188,0.18881759559928646,0.43498305800646947,0.35893874675045917,0.2461596634072908,0.40506433387393626,0.31435672912773166,0.3524584077103792,0.4963421586721612,-0.0850037759357513,0.3372167044400506,-0.028297687319575552,-0.03156638610653574
0.632734654664996,0.36721304172779035,0.8362403150420692,0.34956619188342486,0.3768341639779095,0.6026884919365941,0.4885996672165164,0.4529753387174937,0.7375866625247488,0.36090560457674165,0.42096559635422226,0.4067371452529954,0.5183240021970448,0.45233522605519005,0.16558141416351224,0.5165357131760634,0.4362957066726294,0.4412408341384579,0.5066663070234215,0.31774088546949153,0.3290764075113285,1.211281184473066,0.39033399270442903,0.394832996411594,0.11060168771639058,0.2965381865129497,0.38050528397666566,0.2854624001639902,0.4072269392418739,0.5272340409523961,0.358133563171505,0.5255677287763646,0.25149862921944566,0.3049249095963151,0.4013759969161442,0.4248646113008892,0.39871322033985557,0.4183707985562362,0.5669997502360744,0.16869633870076872,0.3450802629932075,0.2884107491782247,0.3509298349725789,0.43405109092238936,0.08504064212107712,0.301884043906699,0.509295769196313,-0.08510035460335413,0.8042836193695752,-0.08087808869155537,0.009009890998436739
0.5439526221177885,-0.2632500808432878,0.6649487840290469,0.43218231395813994,0.3412568733812845,0.26435595512596316,0.4212784117071729,0.42020900480781037,0.5079905037207443,0.34872980472867376,0.35940020270248124,0.2761720095665865,0.5225322924547151,0.34083282698602513,0.16969801469727072,0.2660599710376963,0.33165701926918867,0.6670306333039203,0.29696148729558924,0.37125681679904127,0.30883749596502563,0.39033399270442903,1.8974350706296688,0.6433897240356002,0.053792316181982686,-0.0035749088163437525,0.24793864019355621,0.06362828294669562,0.5511520250126517,0.8446028194338875,-0.08355044568995315,0.33026623213138945,0.5350397625984982,0.3931432092356686,0.11181651144755836,0.6664832754223841,0.5057307675043754,0.33078349465298795,0.4609864420391546,-0.10946170341908991,0.5508205259496791,0.13368013512567678,0.2888581575556919,0.8102415198596543,-0.4814372554706462,0.49069398057367053,0.6988893683776802,-0.158298340804525,1.0651028353093612,-0.05213462664229739,-0.047620160375487705
0.35082428640830465,0.24635164241126906,0.6922004110331532,0.30150184774918276,0.2538240959928304,0.35475457514679365,0.35688919762376947,0.3434397838160376,0.4352403976706353,0.2992522189866945,0.3513992569961975,0.30214663163545746,0.44265610224681684,0.35931001626558623,0.22624955065412175,0.33449380860597583,0.3771883426033808,0.2865995647410155,0.38141302050351616,0.4228363921897177,0.39357378862009024,0.394832996411594,0.6433897240356002,0.8702895159938749,0.3199250150467485,0.1604568977443392,0.3109565245885871,0.4476221026579554,0.39854009291757997,0.9010384243021485,0.3173179337540284,0.41557390114752185,0.8855091812050246,0.312967990435501,0.26397485821621086,0.6366601724365273,0.597812063997147,0.511772426552407,0.35761296952436755,0.060433160655126106,0.34381554197243464,0.4004900202835703,0.3337216849809121,0.5006871570119409,0.01887552347306152,0.47181069629597844,0.5919807496215853,-0.14337096910902744,0.7493264699457236,-0.029384356499175084,-0.05693363541481002
1.099563473785441,0.4491332350295363,0.6429166381485368,0.35827402637713657,0.35295978343579126,0.5563470998636274,0.309959604197452,0.4232081854482556,0.09608181416107142,0.3029109919959999,0.32218442960368476,0.3184080712804075,0.4144137426247765,0.39009706042857933,0.24145352999573805,0.3228196898704632,0.4612905024777166,0.40691645222409184,0.5440257131525225,0.06954574341993558,0.34052736960096086,0.11060168771639058,0.053792316181982686,0.3199250150467485,3.4521372700416406,0.2824116545729321,0.39427777807709496,0.23350044006783804,0.8198454340218324,0.03082195713603922,0.5836804881315782,0.34286642542625834,0.3109862378645683,0.49649814659103975,0.15650746696674744,0.6470378604490927,0.07073515773380695,0.26384335070841697,0.07059668625442123,0.04853513192729891,-0.046150765493128174,0.16481037404929852,0.14724528688377292,0.056388900016112666,0.020155883890257232,0.7466956898688103,0.2841461835373351,-0.2616091049923421,-0.9283827652763686,0.02817029780539367,-0.07981607841387489
0.4293846834861684,0.43199529314326035,0.46281138151406,0.2837943959075794,0.3579017043141618,0.5578398295401802,0.2856803989931632,0.37554721106577904,0.29788561015159704,0.19730435916394534,0.27350240595922154,0.33858805894797017,0.26695020256131796,0.30196556336073666,0.2353186760681006,0.30239239061409734,0.16116059959756132,0.2938700135141238,0.22568357607656775,0.5099917229058998,0.2842159658129186,0.2965381865129497,-0.0035749088163437525,0.1604568977443392,0.2824116545729321,1.8784040902480652,0.27520197411915254,0.13639454290491976,0.06337612948281496,-0.5630742291748354,0.38402883239567404,0.5810850167415833,-0.11218755381948763,0.3393072585142233,0.2931119627225335,0.2923975801881023,-0.571067772204619,0.0437609458487806,0.20353481574556906,0.33234384067624173,0.1795615365696795,0.6624315437003835,0.02691802365853111,-0.14691026599972518,0.10087254867581467,0.13645836310739815,0.07769497552304674,-0.023319038881533187,0.21025562354960428,-0.08444678024590224,-0.016174950243684087
0.5151439680219677,0.3555676667784163,0.7065609271913048,0.2888128091039637,0.2746358776261331,0.48762341832503414,0.3499858855632488,0.4028976984071554,0.3533873956727987,0.3241946898360951,0.38051523170272333,0.41067687457525986,0.44605657982524044,0.33568147458304365,0.23232769546843596,0.3931782500488232,0.38529845324038187,0.3408792306008172,0.37339229135850455,0.4580478523844012,0.2784328255690921,0.38050528397666566,0.24793864019355621,0.3109565245885871,0.39427777807709496,0.27520197411915254,0.9122288086315717,0.2822952999009293,0.4218014648425924,0.41808205006755034,0.3611814531528947,0.39014148634825724,0.22213816720937807,0.35768307847238223,0.383658521266539,0.6229698816678784,0.35391177850726785,0.2517833851778394,0.14751291614695553,0.20566012831813424,0.29138988704642815,0.38989939557684195,0.34440910315192147,0.09761541893677124,0.05634605853876084,0.4598566061836079,0.35826041524950764,-0.13330130098097814,0.3065597715996583,-0.01580456016861535,-0.008464138764522199
0.27390899173115546,0.4011189394693537,0.49716748166362057,0.1592388510370081,0.1530108810637165,0.23942340580826818,0.21507285596686726,0.1743729582731682,0.30066790312033104,0.22949993535907448,0.24902451618559826,0.14993771515445722,0.2536269302486799,0.268771579345532,0.2730891722928711,0.2641672918678444,0.34997235787994374,0.20864231790989496,0.2786648082336488,0.35539189171904384,0.3463784740610485,0.2854624001639902,0.06362828294669562,0.4476221026579554,0.23350044006783804,0.13639454290491976,0.2822952999009293,1.3097180973193427,0.08971386998375533,0.8815408368056677,0.44586209853620185,0.20514138198646575,0.6270045481311262,0.24905970375511743,1.0655261829754892,0.5108719423663587,0.7601978533265398,0.6644131524055564,0.23773045133723614,0.22224691202943692,0.4410968201444054,0.30616585283378256,0.4301283382164876,0.5887133742634255,0.4352488474388903,0.3605043341287192,0.4659475087777283,-0.11110167101425703,0.2431436739282258,-0.06820804121643605,-0.000849868019304046
0.7781598255185675,0.4673355716782529,0.9254582520656384,0.3663700669288852,0.3271090506974639,0.6635458978609449,0.4103592588881404,0.5519905240431534,0.3892271602048502,0.46007949454371344,0.5225624620432843,0.3725033160925979,0.6372057603839365,0.43793749891665057,0.26647400287459483,0.45048793408056204,0.5345960339338997,0.5247951128267299,0.5182619331450296,0.6885874962875373,0.310386632250882,0.4072269392418739,0.5511520250126517,0.39854009291757997,0.8198454340218324,0.06337612948281496,0.4218014648425924,0.08971386998375533,2.088089453072318,0.6557631959437584,0.22864435622279014,0.41285134397777906,0.046331706753167064,0.6646393063858629,0.35406496936728166,0.8299656986267464,-0.02923473788518675,-0.07239251329668081,0.11451112481198784,0.2925981610017182,0.3327496734359462,0.3678078974078975,0.1701618085261606,-0.18474395486540685,-0.41698127703777405,0.6576434995204874,0.6324972148980981,-0.28092186874897385,0.7006541261933668,-0.03225671159781585,-0.009560845746577888
0.5811386357562731,0.5128232890224774,1.0418605493235893,0.29995046917901186,0.050350729225142644,0.3159385925870338,0.38140226192950943,0.48318743191512237,0.5956269622587184,0.5710475884836856,0.47306765345035007,0.26091555216948403,0.5361913479668576,0.5263767564162622,0.4115296530342668,0.4690090231626618,0.5755567387065824,0.3233073629546202,0.4479685831297768,0.9080402824463638,0.5349370380979894,0.5272340409523961,0.8446028194338875,0.9010384243021485,0.03082195713603922,-0.5630742291748354,0.41808205006755034,0.8815408368056677,0.6557631959437584,4.160928923512794,0.32212086135557355,0.2709754467642453,0.36201939605060823,0.018147263496503127,1.8466846291537358,0.6619778414043581,1.6097802225110396,1.1870423855688257,1.152294456404358,0.5262436450256218,1.7208833729960045,0.6190432924945704,1.2564438014799448,1.3993940152010667,0.7358807563196381,0.653910924298381,1.5423802261357449,-0.20991624454381438,1.823694633948018,0.09565202500551825,-0.022490356446854442
0.6015744525036446,0.46625172309701257,0.6336919788592513,0.32149381608900196,0.319943920070876,0.46108518489847056,0.310138454266262,0.3847401514706745,0.3774267638155201,0.27743335882526127,0.3279028998117036,0.288590251690947,0.3283881164004516,0.29999070697971114,0.25883941372965813,0.31327610605781603,0.3986230153914382,0.5209084638878335,0.3767195975406935,0.3905220573666831,0.3810876293047644,0.358133563171505,-0.08355044568995315,0.3173179337540284,0.5836804881315782,0.38402883239567404,0.3611814531528947,0.44586209853620185,0.22864435622279014,0.32212086135557355,1.2306427819100827,0.3829018826853781,0.42825007411492577,0.2189834488107008,0.405332766867455,0.768562144201857,0.4373241132370787,0.42175555500983875,0.1886203560495134,0.1518769440549011,0.1939556405397299,0.3569359013348798,0.22933977723737556,0.14956803573985963,0.375978918904781,0.4944655680948683,0.3949345895352097,-0.13786814962796298,-0.29924765872785525,-0.05068331538074512,-0.0373358335008387
0.5624210622391039,0.3609604428391005,0.7294057589008521,0.35762057725269236,0.3678354989420982,0.5745978039575413,0.4157822916224658,0.41645037181844263,0.43118486243117293,0.32134362637119995,0.39958875425746776,0.46130759104047825,0.4934856488761119,0.41206905048297743,0.22687572970091655,0.4509427793645016,0.3545322127413859,0.37488816728403423,0.40610921473457123,0.3969800627738117,0.38500856641311687,0.5255677287763646,0.33026623213138945,0.41557390114752185,0.34286642542625834,0.5810850167415833,0.39014148634825724,0.20514138198646575,0.41285134397777906,0.2709754467642453,0.3829018826853781,0.7226058424026719,0.17454016658832663,0.3394718992019541,0.27733190456885554,0.5540047119141234,0.1072435147794438,0.23672163700237375,0.34442693337944497,0.16332430983640597,0.32598413771461765,0.42263266020906015,0.18822326308486703,0.19629185584803463,0.010457194701268309,0.3767678678946599,0.4031919957100961,-0.1068602530879944,0.40692075811714534,-0.05718199382524901,-0.02803936705922453
0.2109095157931682,0.19266665224925825,0.5599642319575336,0.21536476621407194,0.1982687071904705,0.08772074237077522,0.30150405768159066,0.19223253830824238,0.4153319879594628,0.12313145972075376,0.2293428910125031,0.1874105578598919,0.29750001297037715,0.19674507525525667,0.13863687403239128,0.14887317101263484,0.3773073770738839,0.22930393440426713,0.4160694482517912,0.13290234520013408,0.40860495728464286,0.25149862921944566,0.5350397625984982,0.8855091812050246,0.3109862378645683,-0.11218755381948763,0.22213816720937807,0.6270045481311262,0.046331706753167064,0.36201939605060823,0.42825007411492577,0.17454016658832663,2.2614561272239375,-0.13999252073778073,-0.7063555054572926,0.566013342366968,0.8581187788745046,0.590041139567819,0.40684444660158975,-0.2600368731538105,-0.15940515937048474,0.28994076961940335,0.006700065453696864,0.5202540292673069,-0.05064303146433504,0.4709024949962197,0.44317326150528064,-0.14522141683561635,0.6535732310684814,-0.10856521671595817,-0.11204051987501329
0.18874645700319492,0.15375751199681129,0.4959016195518203,0.3435680258644716,0.39677909506705183,0.4246377571959685,0.3000991990962422,0.37722587882447667,0.24866519796593878,0.3757904232919567,0.3409028210240773,0.2535101340875424,0.4309659249993897,0.297582435670818,0.17752313685602394,0.32566044008066075,0.32562406776595626,0.3971800291016472,0.23954636299815774,0.5655655006754496,0.16439983962785157,0.3049249095963151,0.3931432092356686,0.312967990435501,0.49649814659103975,0.3393072585142233,0.35768307847238223,0.24905970375511743,0.6646393063858629,0.018147263496503127,0.2189834488107008,0.3394718992019541,-0.13999252073778073,2.164292508493818,0.856190375871032,0.4127003319858432,0.6716944261424975,0.3883508061635988,-0.4523074702993033,0.16109971989074287,0.16541241189440783,0.4490543360566231,0.5250993565898131,0.14151469199085992,-0.1857390293395625,0.4107207794451027,0.5278360702976683,-0.12752889895996516,0.2733299778084294,0.034772010847850525,-0.013936899249412863
0.42424639594722174,0.513272589893248,0.6108216680056546,0.26671951154289997,0.193186673710555,0.3749484561685703,0.24299744746766277,0.3558002155080959,0.334618195266776,0.4662215215544284,0.3577490447452581,0.16027665303988445,0.40353689325567693,0.400566913695458,0.3347994827112761,0.40876028024149,0.364891546927468,0.331309477128868,0.1354603493174368,0.7639067982490665,0.3168331662963661,0.4013759969161442,0.11181651144755836,0.26397485821621086,0.15650746696674744,0.2931119627225335,0.383658521266539,1.0655261829754892,0.35406496936728166,1.8466846291537358,0.405332766867455,0.27733190456885554,-0.7063555054572926,0.856190375871032,3.44666077869839,0.3278339021617832,0.9601723341265831,0.7455733799358079,0.14613426808147809,0.8971811730553093,0.9858420776145103,0.45496924799657185,0.9848715971234595,0.7111869052404605,0.8461746842185637,0.3891226257247882,0.8534009379026801,-0.11484360919462366,0.28041374072958747,-0.025379534627059906,0.03346994753560825
0.6446292694805259,0.23203218136234305,0.9622321651560699,0.4027600542771721,0.3201910995699218,0.5149024355437146,0.45484403598130363,0.48689632352734846,0.4330048081382688,0.40909533950047344,0.47557619821752756,0.4081897150473413,0.5920465855306799,0.38992322671077984,0.26244149084799995,0.4119614465577714,0.5052656122415863,0.5771388365399325,0.682438049166145,0.47364408093469795,0.5050529367833564,0.4248646113008892,0.6664832754223841,0.6366601724365273,0.6470378604490927,0.2923975801881023,0.6229698816678784,0.5108719423663587,0.8299656986267464,0.6619778414043581,0.768562144201857,0.5540047119141234,0.566013342366968,0.4127003319858432,0.3278339021617832,2.8400543613760623,0.021010596865124777,0.35052022165389246,-0.4926835940198797,0.17528032966274718,0.26192296536757315,0.6154393126478864,0.29275061595089463,-0.23690097712698857,-0.12366627510564313,1.0999073662299084,0.12020578096234726,-0.36078902926688555,-0.6501573989906975,-0.08084628406312158,-0.10185115861304958
0.6455011461892632,0.9143125236236299,0.7032299631059871,0.3578063938815431,0.41061708390154616,0.28085179140544714,0.41660946015660233,0.41531127765677645,0.5082267883330155,0.45743718656875326,0.40305277128200395,0.2853766092269633,0.32309250018735036,0.41478200927042347,0.5248863174003989,0.3979673645897208,0.7006891618051935,0.5643836925342612,0.08561914052405338,0.902220352149485,0.4303430969482044,0.39871322033985557,0.5057307675043754,0.597812063997147,0.07073515773380695,-0.571067772204619,0.35391177850726785,0.7601978533265398,-0.02923473788518675,1.6097802225110396,0.4373241132370787,0.1072435147794438,0.8581187788745046,0.6716944261424975,0.9601723341265831,0.021010596865124777,3.832708375156018,1.1667724117279372,0.861962586919808,0.07722166027755553,0.9531702861976371,0.27425478180726887,0.8668241825240178,1.1873480585631615,1.398066093622507,0.5966447893704481,1.2140712131547344,-0.11224575071348157,1.0676634695605607,-0.04008320230841914,0.03058171769971742
0.33652986807788815,0.2834756506574506,0.6314950685721544,0.26513925097227087,0.15816143358113052,0.3753719005896984,0.24693657516944476,0.30079847137637744,0.3959368634483175,0.2442573368253935,0.2671053452426431,0.21080172483906934,0.23263239433396332,0.3050644858696313,0.2642723473826978,0.27101540310112987,0.37061145990133426,0.28185439028755704,0.38449377496412374,0.5565719724771869,0.40764009646134186,0.4183707985562362,0.33078349465298795,0.511772426552407,0.26384335070841697,0.0437609458487806,0.2517833851778394,0.6644131524055564,-0.07239251329668081,1.1870423855688257,0.42175555500983875,0.23672163700237375,0.590041139567819,0.3883508061635988,0.7455733799358079,0.35052022165389246,1.1667724117279372,2.756387540654593,0.5591310177202226,0.03708630795161667,0.6705871910684625,-0.03103166801094497,1.1289489277262295,1.4095528607502517,0.7934390707943251,0.7163449924290269,0.8632120553552003,-0.2851176806530781,0.26894391703966913,0.0023894713474326645,-0.052300736418867774
0.7041326969092858,0.46797032692747736,0.7536363918328386,0.40230568841164865,0.26017615588299664,0.5121349481470663,0.40776449655116426,0.40887123453471524,0.5425899203315173,0.3410214425235993,0.33166338002784873,0.36114413680881013,0.3196798527286326,0.3781400944852578,0.256716630448534,0.3441889904253585,0.4453173272911306,0.3996192521161505,0.2005880495124733,0.5115673111278386,0.6380291871066188,0.5669997502360744,0.4609864420391546,0.35761296952436755,0.07059668625442123,0.20353481574556906,0.14751291614695553,0.23773045133723614,0.11451112481198784,1.152294456404358,0.1886203560495134,0.34442693337944497,0.40684444660158975,-0.4523074702993033,0.14613426808147809,-0.4926835940198797,0.861962586919808,0.5591310177202226,5.628096129751431,1.0710847655791478,0.536144296382484,0.32230626589658157,0.2634480220727494,1.615276369355056,1.4241911941729586,-0.36598614304087446,0.9273201896967541,0.36238735032776204,2.5298475781815273,-0.14827803548844015,-0.04624666637060085
0.2189752931691153,0.28101979687988704,0.3051581368796736,0.08673086171657898,0.06594055243112612,0.27102489239315614,0.11087249351901274,0.18374852283245913,0.11866575236798765,0.17541074182863595,0.16845658041801545,0.14436213496188613,0.12187741173844736,0.16432242567056413,0.1510433516532721,0.20155532890171912,0.19038535468235332,0.10216023288151115,0.09243129120565562,0.44220295247562325,0.18881759559928646,0.16869633870076872,-0.10946170341908991,0.060433160655126106,0.04853513192729891,0.33234384067624173,0.20566012831813424,0.22224691202943692,0.2925981610017182,0.5262436450256218,0.1518769440549011,0.16332430983640597,-0.2600368731538105,0.16109971989074287,0.8971811730553093,0.17528032966274718,0.07722166027755553,0.03708630795161667,1.0710847655791478,1.3528551901035821,-0.0046644397900170486,0.5962863070425063,0.42534009026067265,-0.3801040053255252,0.6961577611482629,0.02206081764501967,0.31938337392600785,0.08350868099156519,0.6295667680199434,0.01441021626810184,0.015274330937295041
