4.79968871546829,1.5078080940473286,1.2406843625233333,0.7996285986659406,1.3042321843502285,0.7215460829530753,0.7983905599087475,0.7312066705586966,0.4179325787117698,0.7129421008589575,0.6074142473724923,0.7821518481177285,0.7062189379185233,0.6201821800430016,0.8152065036564282,0.6702303605987843,0.3872290225770366,0.8451251044097167,0.32102164087418544,0.4775021216374594,0.5159302012645707,0.5974034678659543,0.5241967200016512,0.33501921384982974,1.1267649621174651,0.4527820482819716,0.541106354163984,0.29634162418407384,0.8454197213895308,0.5264358902455,0.6092679790744631,0.5705356556527901,0.20636139562191824,0.1810240567666981,0.4308499529748389,0.7012785341463699,0.5739377711739752,0.2967232999690311,0.6125206289272872,0.2090549870808664,0.5027019835391774,0.3660885037709111,0.22961363354801975,0.34489751314377415,0.1433276616682355,0.606731571270351,0.6538825505213759,-0.20540650126805532,0.3953514526046457,-0.1310553439995779,0.05567438739839162
1.5078080940473286,3.735667740869501,0.8658225149773671,0.2535705577876673,0.5760422759027114,0.4444684443187571,0.5480890072696538,0.37315900755745435,0.43370630291259754,0.4778298984441114,0.37998220112006675,0.5140093712193096,0.4131943760720898,0.36326375193856825,0.7648807204252163,0.39989932565033476,0.250511198106876,0.28787646211724927,-0.030824779449639263,0.3627447270844408,0.4583052354690573,0.3541900050299708,-0.2485977959284035,0.26520297088163797,0.5135253539021141,0.4600765473904882,0.36587502920411624,0.4018382901559095,0.49059324987120856,0.4987037898697808,0.5016635715470403,0.38461646443715986,0.2443227981290447,0.14160764833797213,0.4632434767195771,0.29197765056616753,0.8624694998507664,0.2942166742768801,0.4932011272513973,0.26338869454034847,0.4287873129451465,0.37224984351006785,0.261411599117957,0.18430965647034198,0.5166319741702299,0.35274744226879456,0.46508099498061717,-0.07809811454461406,0.5062680798882052,-0.012350053337014399,0.00045494784189808194
1.2406843625233333,0.8658225149773671,4.764285640459261,0.4974287976146827,0.0728032692601988,1.2261097643336791,0.735438080004294,0.9300986051560151,1.0173225275862732,0.9555252200699444,0.9295472550644054,0.8447248447324113,0.940129142015573,0.6065769804423989,0.4693268522028681,0.6231973080550953,0.7574887827174052,0.7771209531990344,1.4229791297588972,0.8631452467145728,0.5946826616122748,0.8491914317382088,0.605247028481136,0.6107136578453817,0.6056683189022387,0.528080935867096,0.6927784573510676,0.44228491461827124,0.9227695490686021,0.9602184103359407,0.6128173369291712,0.7412331826987913,0.46158529338167664,0.46367076159558707,0.550615307168323,0.8696692838631632,0.6454289326418909,0.576107219236809,0.8121705355638085,0.3175763467078329,0.6395558218944305,0.6329107812770125,0.48571212897179933,0.5311832658626815,0.2715444605266138,0.7055741757362815,0.8612202719867371,-0.21103616427355995,0.5737220848649393,-0.1154092658497563,-0.05700080502384452
0.7996285986659406,0.2535705577876673,0.4974287976146827,1.5303575391101794,0.6921715913785745,0.4885262680923454,0.36956948235487597,0.429117658949601,0.29479496071143946,0.4300091013852651,0.34578023500676175,0.3787346907204777,0.43418775431231416,0.2904624087541627,0.2607475716916741,0.3121080682982797,0.2838704261682669,0.5045863120561277,-0.10813750625416327,0.29955445779649487,0.2577549236366762,0.30671056840353905,0.3941942701268537,0.24334979294711317,0.3503278773183585,0.29311903061538297,0.28015310895988677,0.12861852935120086,0.352815582473858,0.26687547064533507,0.2985805875256641,0.3455468153391227,0.11063471059798294,0.3372363486838562,0.26218583977040544,0.32551492612055893,0.3438716776900307,0.2224878796314845,0.40162554993776306,0.09976090007529385,0.27454352448920943,0.21388810598340519,0.21923958489157633,0.3506786263782351,0.08432938555713466,0.2724372535535374,0.4075087037255051,-0.0687252487852183,0.35212422655894005,-0.029756598750790033,-0.04494330090239704
1.3042321843502285,0.5760422759027114,0.0728032692601988,0.6921715913785745,1.8157974528948644,0.3401222186330505,0.5387395609149229,0.44440939194503737,0.2773768045086194,0.3303874758773214,0.32864943922066586,0.48922739383989233,0.46797574325572144,0.34225649066474323,0.3737941554363437,0.399618872664972,0.22075745139656683,0.46588734130542026,-0.038912833487679196,0.22127857577109797,0.26568227314575166,0.3343652733606229,0.35720382668723116,0.2583706232837568,0.36085850700697647,0.37483682439563315,0.28686979573109667,0.15427508358416545,0.3530556407594532,0.04711166150401644,0.3211243016876007,0.3695420120127228,0.18943881146799088,0.4009266610930614,0.2263274067452284,0.3603230649659723,0.3779041403055668,0.17049715748333186,0.24753282890546982,0.07577092625094382,0.18485063298929266,0.2547601033401535,0.13039382768804927,0.22095703222784713,0.003311052872362296,0.27330063269528837,0.3549669059604671,-0.08817071917167829,0.3618530797930333,-0.11315629063907381,0.0382041481888995
0.7215460829530753,0.4444684443187571,1.2261097643336791,0.4885262680923454,0.3401222186330505,1.4725426383308402,0.4680406720519191,0.6689194124271447,0.5403898789493327,0.41056413145094756,0.6109646980575124,0.6457034078009605,0.6002880858381757,0.50242741000687,0.419198311954942,0.5593089225335772,0.6485212834128274,0.4898681749853437,0.5075878945438054,0.6414983214298021,0.4467412943913777,0.575273342674954,0.26369589025281864,0.3427055353742723,0.5523971607663732,0.5738698144538734,0.49871067883579834,0.23715084519800955,0.7001286721171845,0.2993060413800546,0.4535094077635407,0.5799032519658938,0.06582659475345375,0.4420008202083572,0.3876465245877734,0.5392363205319598,0.2624732723802772,0.35931539965804826,0.4788042601367727,0.2752903851706207,0.209020767838908,0.5176814644546528,0.3084978872819658,0.2034281187435787,0.29261041931500614,0.4131000655344604,0.4156123126213932,-0.1274134834080323,0.14025909413460927,-0.06816931487134482,0.005855634732740959
0.7983905599087475,0.5480890072696538,0.735438080004294,0.36956948235487597,0.5387395609149229,0.4680406720519191,0.9816180591900244,0.3507834975229379,0.5271147923490641,0.4049043144328068,0.4289420981887568,0.6084968803759915,0.4770665677034061,0.486534030902369,0.17837281682727213,0.49584007949704717,0.4020873117221692,0.39793375555796906,0.3450129540345722,0.35843319671420104,0.3500774126431313,0.5038690528937543,0.41092675769091036,0.35806340253051655,0.30805258433608657,0.32211013588819304,0.3655026493171912,0.21359197756078,0.4238332817206627,0.3715756389594385,0.3023449396428613,0.44229408725207764,0.2903747434596702,0.3012704536951871,0.23818786378109383,0.4645259764397965,0.3881162543440277,0.26273019974106576,0.4448099659171263,0.1293050510846911,0.3122561278005489,0.339609478527614,0.213346940347196,0.3074410893252933,0.06140981289465238,0.31722140432220924,0.42663939907918497,-0.0972347332362715,0.5986253628386204,-0.11357751441215971,0.012592377333635078
0.7312066705586966,0.37315900755745435,0.9300986051560151,0.429117658949601,0.44440939194503737,0.6689194124271447,0.3507834975229379,1.1510728079106707,0.40979128257455516,0.44511413569507907,0.510485368946848,0.35656358884923917,0.5857764361738157,0.43166849246182865,0.21783261910008755,0.40677162508467557,0.45635375938457057,0.5202998519187744,0.4085457619959271,0.48998044402036944,0.30853981413848536,0.4213625624022559,0.3737254876889877,0.3023989600761144,0.4031962145574408,0.3905401678648289,0.4034098122554089,0.15213067805439695,0.5478730422044052,0.43979768998995766,0.35049070552597833,0.4169419998649748,0.1305651945931028,0.35502717425026425,0.3328545952327786,0.4440146149152896,0.35640357024259733,0.24436956397628004,0.3843023485856936,0.18572801812664055,0.3498338439788625,0.3582624763790597,0.29201339497521367,0.2510545552727576,0.09097152189093216,0.3818580927185977,0.49574364805005916,-0.1089069561813935,0.41186340576159486,0.002107754735396448,-0.02748745189790639
0.4179325787117698,0.43370630291259754,1.0173225275862732,0.29479496071143946,0.2773768045086194,0.5403898789493327,0.5271147923490641,0.40979128257455516,1.2357145922374542,0.33518986616670415,0.3862772456792603,0.3534779649118985,0.49159770410019227,0.3835995709434692,0.028911818569452283,0.3370593666132122,0.3893035385383197,0.4655976341691109,0.4386841386460465,0.36535623921884625,0.3465007498174554,0.7298113613505748,0.48436092823588467,0.4074382989784713,0.03264532749854591,0.286728564381126,0.33204632829961156,0.2954106559754719,0.3460532738821227,0.6127611803849506,0.3459045456386115,0.41978147242403635,0.4013865981033385,0.20281728819050612,0.3174497555509316,0.3864713298216221,0.49314181471284385,0.3884063234851513,0.5729656642435301,0.12106120095544397,0.3933671687899247,0.2919400066591306,0.3055600329969489,0.48708085725394085,0.06486916543065614,0.28038095041526523,0.525699758564451,-0.07355817898950534,1.0625622247359292,-0.0789371595085316,-0.008068616704165282
0.7129421008589575,0.4778298984441114,0.9555252200699444,0.4300091013852651,0.3303874758773214,0.41056413145094756,0.4049043144328068,0.44511413569507907,0.33518986616670415,0.8398173614432246,0.3781459565809739,0.366356156829988,0.4540323497363816,0.32993936251751427,0.25809414395207037,0.331428588452457,0.3341729374664643,0.38021830489511077,0.3134164903280042,0.37351598731772895,0.2349302132102569,0.35335186529239593,0.3269301378374344,0.2833251765673541,0.3021983438076254,0.22319210059005767,0.3234765293399906,0.21785124841651307,0.4593985522997381,0.5487565806865863,0.27264488364697637,0.3246572540212878,0.08713730818374829,0.36450202150051203,0.4561610761092605,0.3955909577584086,0.41577704870853277,0.229437437038947,0.3525081768578485,0.1812755477367183,0.3975881090587898,0.2620486400767688,0.27584164185423193,0.2875084901261606,0.07872660208959056,0.33256718065921775,0.5178351480031845,-0.09555482108117319,0.4172950776515779,-0.034829595523850995,-0.015514488488912235
0.6074142473724923,0.37998220112006675,0.9295472550644054,0.34578023500676175,0.32864943922066586,0.6109646980575124,0.4289420981887568,0.510485368946848,0.3862772456792603,0.3781459565809739,0.7213881581109423,0.4299987045622436,0.5654616799148681,0.4013391298582021,0.3009529412011618,0.4353511315164035,0.47749001304528915,0.42059049786674313,0.3916793361368651,0.4916018486249407,0.3194270636698828,0.4152325023514064,0.3494689643694765,0.3383498151690881,0.3126006538996816,0.2983140185290539,0.38382565972261634,0.24510614532453154,0.5388529064415616,0.46345354772661373,0.3207547868890223,0.40619741023764844,0.20005108439895017,0.3412469485241757,0.36861193786640584,0.47557763109032103,0.3805192295354641,0.26888874380619593,0.3409205174793563,0.18179482157132518,0.3332468299598309,0.3646088021560674,0.2676538425416021,0.2376241385586319,0.0856605056699925,0.3743197308322615,0.46044224948948786,-0.11716957294472197,0.4229960576834473,-0.043609929579157165,0.0054024095091014445
0.7821518481177285,0.5140093712193096,0.8447248447324113,0.3787346907204777,0.48922739383989233,0.6457034078009605,0.6084968803759915,0.35656358884923917,0.3534779649118985,0.366356156829988,0.4299987045622436,0.963768381529699,0.4017830999823259,0.4467467421610137,0.3986707120453543,0.5402923374769812,0.4475185806135035,0.34180343331184454,0.3381968806151218,0.3974687739760818,0.3332807948338534,0.4181444459459817,0.29101654286412654,0.30976114841674923,0.32175795423602777,0.36284312474900904,0.4321185878094672,0.16227592229877338,0.40493956875573306,0.2749196286932846,0.30363982025443,0.4778158204170127,0.2060114549759831,0.2662032599816796,0.18402738068835467,0.4451980665272037,0.28469559541043055,0.23650570412589605,0.3746994599789846,0.1557700409202009,0.257226015695041,0.3901011779229067,0.18465550721321342,0.17659260411335326,0.10143572771149525,0.323740033865713,0.3834477837232496,-0.1026765738400055,0.35098961657521976,-0.10337487247008148,0.032534423693229494
0.7062189379185233,0.4131943760720898,0.940129142015573,0.43418775431231416,0.46797574325572144,0.6002880858381757,0.4770665677034061,0.5857764361738157,0.49159770410019227,0.4540323497363816,0.5654616799148681,0.4017830999823259,1.0569829523370078,0.46321067716112496,0.08516872351707995,0.46778848108836324,0.33099159453715044,0.48295258846359224,0.5283235992736993,0.40729781872865284,0.28231436178161823,0.5062541610606347,0.49078246523765456,0.4039426939320263,0.4150618925293448,0.3207972369874956,0.4499478806934228,0.2276691259230353,0.6597695037091622,0.49999737325937826,0.307095732310858,0.5158711259234974,0.22208971631120752,0.43387465678033976,0.410842258036008,0.5645063312649106,0.2826648439894548,0.21547905862010494,0.34111186089186224,0.14797589231928948,0.3424316870294079,0.35926808938068755,0.2838575036234631,0.34039387216709055,-0.09553657048241468,0.4277645600317823,0.4744193984437545,-0.13291165606866528,0.5022829663009983,-0.04650957409128185,-0.022872257512281696
0.6201821800430016,0.36326375193856825,0.6065769804423989,0.2904624087541627,0.34225649066474323,0.50242741000687,0.486534030902369,0.43166849246182865,0.3835995709434692,0.32993936251751427,0.4013391298582021,0.4467467421610137,0.46321067716112496,0.8559791533201072,0.3204453234893026,0.6057448659736951,0.3929635741736617,0.319496163099791,0.42613623476315715,0.3483540510439284,0.34261919353460013,0.44815927791846594,0.34388444075458036,0.36338962258376134,0.3912433496048904,0.3091860144730582,0.34481309620708456,0.27919902822904513,0.4422839255539851,0.5426875462980051,0.2969438383213486,0.41829701404734765,0.20239467552898632,0.29876099418502317,0.4116929714540811,0.4048676790945279,0.4088549616089233,0.31964934183433996,0.38952075147886944,0.17052775711366236,0.4044138745579655,0.35096627773725414,0.30814253500583894,0.3247517737715471,0.10814848402605408,0.3287503053191376,0.4965113258573449,-0.09579014057160869,0.6735120773180719,-0.012745469827958735,0.008713199684583613
0.8152065036564282,0.7648807204252163,0.4693268522028681,0.2607475716916741,0.3737941554363437,0.419198311954942,0.17837281682727213,0.21783261910008755,0.028911818569452283,0.25809414395207037,0.3009529412011618,0.3986707120453543,0.08516872351707995,0.3204453234893026,1.193953340957025,0.3628255513972422,0.3724027822425675,0.3061725552252464,0.08019911889984549,0.3757877526203869,0.29244217305950215,0.1612242580002444,0.20622545131876868,0.2632564814053887,0.2820219123542615,0.24394475631718127,0.2501181812702062,0.3144542919744305,0.3022849738033431,0.4205751344628916,0.29460518415061904,0.2288405827174698,0.1831852360051646,0.20295721853939272,0.3733249520978544,0.3389782416490198,0.5307088710682437,0.3106363385879031,0.2298929795684658,0.1466719681956461,0.34258341169608114,0.291723864722121,0.1983557933998216,0.19240058408377758,0.25656301173016266,0.3115713901953734,0.3755957585788848,-0.1063829750909072,0.18375195407920547,-0.07372908994893172,0.0514977817968546
0.6702303605987843,0.39989932565033476,0.6231973080550953,0.3121080682982797,0.399618872664972,0.5593089225335772,0.49584007949704717,0.40677162508467557,0.3370593666132122,0.331428588452457,0.4353511315164035,0.5402923374769812,0.46778848108836324,0.6057448659736951,0.3628255513972422,0.8257297914073752,0.470644726909767,0.3430555708675341,0.3607326081188858,0.4148900336236011,0.31469837595696404,0.5285065988147936,0.2858862967860237,0.35012071672606515,0.3185948846433774,0.31829859949310874,0.414576250030522,0.277335100229975,0.4749707923697368,0.47902467574434504,0.3180080748726818,0.46557198638184605,0.16298982443265653,0.3361243594115621,0.43047341973428316,0.449010352540461,0.38346310013277063,0.2923431028873558,0.3505492862551117,0.20936393893092944,0.3558656703023925,0.4339742893697865,0.28402253247644127,0.22611094208469973,0.12860925728806638,0.3408570821891554,0.4767611015211459,-0.11102267541274159,0.5228607079398172,-0.045068678985361564,0.03595868514702437
0.3872290225770366,0.250511198106876,0.7574887827174052,0.2838704261682669,0.22075745139656683,0.6485212834128274,0.4020873117221692,0.45635375938457057,0.3893035385383197,0.3341729374664643,0.47749001304528915,0.4475185806135035,0.33099159453715044,0.3929635741736617,0.3724027822425675,0.470644726909767,1.1707714107864557,0.4389405327737153,0.39327807007420384,0.5943915704228496,0.3711684025344706,0.43738061943220713,0.3114575975454861,0.3665644199587692,0.4231638349142385,0.15845366920532677,0.3823910427542417,0.3602557256893629,0.512989645707841,0.5801304065320997,0.3854726408276075,0.34381868977499735,0.35264569578106986,0.2974108708717366,0.3672100042086042,0.47371588481053833,0.7046365379572486,0.39877214396191385,0.4783504956719563,0.2025224157057015,0.39564337274549644,0.37856924792801033,0.3075567791526456,0.28891678557433426,0.28509061087335624,0.41714754935775106,0.6196364876494955,-0.1400508716266393,0.4273044968027436,-0.07290970894519352,0.029037862275973807
0.8451251044097167,0.28787646211724927,0.7771209531990344,0.5045863120561277,0.46588734130542026,0.4898681749853437,0.39793375555796906,0.5202998519187744,0.4655976341691109,0.38021830489511077,0.42059049786674313,0.34180343331184454,0.48295258846359224,0.319496163099791,0.3061725552252464,0.3430555708675341,0.4389405327737153,1.137768296614967,0.3323816986100552,0.3674610059062715,0.32068104754952487,0.43164639759988244,0.6405107039529038,0.270087421365712,0.413410510574693,0.31977207490005877,0.3418871388913301,0.20289169712103214,0.5283537433399043,0.28386535601254514,0.5094320677439281,0.37597438761634766,0.1799775400631832,0.38509058569622023,0.3235119713775323,0.5525221488550948,0.5195524064748615,0.27121657197603255,0.39189341249782855,0.10939637907067185,0.3533629770559301,0.24582394943735655,0.23475251362269378,0.3245917493892291,0.05626468467584585,0.435411378248169,0.5775831556503932,-0.1442826665578305,0.28168591187642184,-0.11322930378390791,-0.002635099340866211
0.32102164087418544,-0.030824779449639263,1.4229791297588972,-0.10813750625416327,-0.038912833487679196,0.5075878945438054,0.3450129540345722,0.4085457619959271,0.4386841386460465,0.3134164903280042,0.3916793361368651,0.3381968806151218,0.5283235992736993,0.42613623476315715,0.08019911889984549,0.3607326081188858,0.39327807007420384,0.3323816986100552,2.6630076471812583,0.4287738195899788,0.29614305183204487,0.4983996308657468,0.2229784914960785,0.33703128032847535,0.5033529847561182,0.23306271525947583,0.35398750824262565,0.26606286178078603,0.5082153111612759,0.4499615609485493,0.3276682668209849,0.40362872815194456,0.3692111855318504,0.20077763036999438,0.11138425272834934,0.6044460155769628,0.09880314295708008,0.37450218606067076,0.2343214386045473,0.11526470461616418,0.3074798557952391,0.3592580757053694,0.2237548125258468,0.16419992265093944,0.10952621219949674,0.49814095788710067,0.3582958007906071,-0.17226518281894324,-0.4058755652458192,-0.02668816731875376,-0.032878179072002855
0.4775021216374594,0.3627447270844408,0.8631452467145728,0.29955445779649487,0.22127857577109797,0.6414983214298021,0.35843319671420104,0.48998044402036944,0.36535623921884625,0.37351598731772895,0.4916018486249407,0.3974687739760818,0.40729781872865284,0.3483540510439284,0.3757877526203869,0.4148900336236011,0.5943915704228496,0.3674610059062715,0.4287738195899788,1.8790159971208014,0.23969468009673597,0.31718073402689784,0.37047776534859744,0.4555770062179611,0.13866799068931057,0.5402496883360156,0.4794676011011354,0.38090566588574704,0.7342762070687842,0.8621013253698673,0.40878350386667966,0.4105769460563485,0.13710987997675977,0.6092934053487027,0.7586197871505054,0.5281275250018038,0.8492448624515129,0.5396706502692828,0.42277108079650716,0.43264060357746587,0.6835790746976386,0.7607695579095834,0.443731863310433,0.14393843229449835,0.35552570472657063,0.5570961943602912,0.7104598319798717,-0.18414882789798814,0.8501764095235683,-0.026250389665878008,-0.0032885532740657857
0.5159302012645707,0.4583052354690573,0.5946826616122748,0.2577549236366762,0.26568227314575166,0.4467412943913777,0.3500774126431313,0.30853981413848536,0.3465007498174554,0.2349302132102569,0.3194270636698828,0.3332807948338534,0.28231436178161823,0.34261919353460013,0.29244217305950215,0.31469837595696404,0.3711684025344706,0.32068104754952487,0.29614305183204487,0.23969468009673597,0.7874139301093315,0.32338205126376574,0.2915131731920121,0.3635967674238353,0.2659158231976725,0.23853450978820012,0.2504306434239338,0.33718523686830454,0.23254774025605296,0.569791695184378,0.35398916746889564,0.3566514168927067,0.3795862446365442,0.11614581384748322,0.28884328560816996,0.3966138114730823,0.48298747294637034,0.4334566661498502,0.7243482281354021,0.18790131251500697,0.483793102202209,0.3587464474064126,0.29484833290397594,0.4752181509635778,0.4203174937756196,0.29853391805458074,0.5185262280683511,-0.06096716116900642,0.4161457837881792,-0.03723977665617649,-0.004592440520970308
0.5974034678659543,0.3541900050299708,0.8491914317382088,0.30671056840353905,0.3343652733606229,0.575273342674954,0.5038690528937543,0.4213625624022559,0.7298113613505748,0.35335186529239593,0.4152325023514064,0.4181444459459817,0.5062541610606347,0.44815927791846594,0.1612242580002444,0.5285065988147936,0.43738061943220713,0.43164639759988244,0.4983996308657468,0.31718073402689784,0.32338205126376574,1.224702722209797,0.39206017212954647,0.3900783109370986,0.07775133355436596,0.29363202036296926,0.37948857497013827,0.2903381766759174,0.3922531298762621,0.5440228549132703,0.3440636738444154,0.5268696571504831,0.26018336279581505,0.2799200170637753,0.39092915754965357,0.41120286524175037,0.39310217880842263,0.42954329106205863,0.599870795206437,0.17357198501494656,0.3607728465840842,0.30203622619494025,0.3558242863356673,0.44338360829537626,0.09585364575485038,0.28619541065196624,0.5129940994274373,-0.0788854321753009,0.8315627501185056,-0.08292896267489576,0.012520567248013365
0.5241967200016512,-0.2485977959284035,0.605247028481136,0.3941942701268537,0.35720382668723116,0.26369589025281864,0.41092675769091036,0.3737254876889877,0.48436092823588467,0.3269301378374344,0.3494689643694765,0.29101654286412654,0.49078246523765456,0.34388444075458036,0.20622545131876868,0.2858862967860237,0.3114575975454861,0.6405107039529038,0.2229784914960785,0.37047776534859744,0.2915131731920121,0.39206017212954647,1.8987243381838048,0.6151992217285372,0.02580180215665292,0.025664195810381474,0.2425466142530825,0.06348509895698085,0.5364813861790997,0.8104675588747564,-0.12470585172978296,0.3279197094846159,0.4666691593702002,0.41875718834530584,0.1436298282512819,0.6219407175724133,0.47268527377785835,0.32467695598561314,0.42385985430922996,-0.10136229433863583,0.5627770627733407,0.1617056146222805,0.3155158282185059,0.8069395462489758,-0.4174270267005021,0.4288518537646644,0.6797986506240317,-0.15454785618927558,1.0493026092515834,-0.07899265318485932,0.0009241196503084871
0.33501921384982974,0.26520297088163797,0.6107136578453817,0.24334979294711317,0.2583706232837568,0.3427055353742723,0.35806340253051655,0.3023989600761144,0.4074382989784713,0.2833251765673541,0.3383498151690881,0.30976114841674923,0.4039426939320263,0.36338962258376134,0.2632564814053887,0.35012071672606515,0.3665644199587692,0.270087421365712,0.33703128032847535,0.4555770062179611,0.3635967674238353,0.3900783109370986,0.6151992217285372,0.8157871366836327,0.27010178483903335,0.1850339036842036,0.30506903199270496,0.4589953212138039,0.3640844072423777,0.8862776094462241,0.2768551638778633,0.3966538350550199,0.7639625771200184,0.3604747305244399,0.38409503860537586,0.5985562905360484,0.6443570199883262,0.5622457674976269,0.3802972870735786,0.1172570222485369,0.3883405973428445,0.4344418493855984,0.39509093821956526,0.509091791949331,0.16135845373865512,0.4095139817850698,0.5833458504222512,-0.13611084489597503,0.7105657592295739,-0.05914268188844706,-0.0011646031032618014
1.1267649621174651,0.5135253539021141,0.6056683189022387,0.3503278773183585,0.36085850700697647,0.5523971607663732,0.30805258433608657,0.4031962145574408,0.03264532749854591,0.3021983438076254,0.3126006538996816,0.32175795423602777,0.4150618925293448,0.3912433496048904,0.2820219123542615,0.3185948846433774,0.4231638349142385,0.413410510574693,0.5033529847561182,0.13866799068931057,0.2659158231976725,0.07775133355436596,0.02580180215665292,0.27010178483903335,3.4993373221405095,0.37459268796029843,0.3847347782952003,0.1941661484977348,0.839393904657931,0.001767937462548545,0.562038418971696,0.35071136284309296,0.20539747781931156,0.5021040642405848,0.17409434763271722,0.6421674078945795,0.06250206388847432,0.30345569716655313,0.1680507045705773,0.10943093695311158,-0.03731066637763457,0.2052555438185968,0.18807799388276744,0.04056721600923998,0.2147303633225914,0.6841371929038251,0.26299634901920577,-0.25440561411862256,-1.008103384865474,0.011582789522420001,-0.04889058070178401
0.4527820482819716,0.4600765473904882,0.528080935867096,0.29311903061538297,0.37483682439563315,0.5738698144538734,0.32211013588819304,0.3905401678648289,0.286728564381126,0.22319210059005767,0.2983140185290539,0.36284312474900904,0.3207972369874956,0.3091860144730582,0.24394475631718127,0.31829859949310874,0.15845366920532677,0.31977207490005877,0.23306271525947583,0.5402496883360156,0.23853450978820012,0.29363202036296926,0.025664195810381474,0.1850339036842036,0.37459268796029843,1.960121080659599,0.3134530732856926,0.13952373408668176,0.1772174554265679,-0.6255255049654412,0.40174534601081924,0.6101230418954333,-0.09072807353002012,0.4248087083605852,0.32677552413123734,0.4123836529527573,-0.649169496532577,-0.0234226162371577,0.029283652647152554,0.3218137353568008,0.09453325688492879,0.6709472330975866,0.0018429515831502863,-0.2439396965713069,-0.0030953592426282064,0.17695561084854552,0.04194779876720145,-0.05464982591863406,0.141743913794899,-0.096569980648674,-0.013348190692771086
0.541106354163984,0.36587502920411624,0.6927784573510676,0.28015310895988677,0.28686979573109667,0.49871067883579834,0.3655026493171912,0.4034098122554089,0.33204632829961156,0.3234765293399906,0.38382565972261634,0.4321185878094672,0.4499478806934228,0.34481309620708456,0.2501181812702062,0.414576250030522,0.3823910427542417,0.3418871388913301,0.35398750824262565,0.4794676011011354,0.2504306434239338,0.37948857497013827,0.2425466142530825,0.30506903199270496,0.3847347782952003,0.3134530732856926,0.9244052339712323,0.2759638902664609,0.4355253407033272,0.4121285407940717,0.3559271616407501,0.3995901988370708,0.19419542171504095,0.34649370630564746,0.38273303690728006,0.6299884150259918,0.33404076908411373,0.26635253138012155,0.18617426452626296,0.2280075935174162,0.28915325029716915,0.4171475388822842,0.3571592840538053,0.08453191681934992,0.10479359558831942,0.43869610639528794,0.35160966380276315,-0.12989822563973644,0.3009762089226277,-0.0232659947954465,0.007370743852894472
0.29634162418407384,0.4018382901559095,0.44228491461827124,0.12861852935120086,0.15427508358416545,0.23715084519800955,0.21359197756078,0.15213067805439695,0.2954106559754719,0.21785124841651307,0.24510614532453154,0.16227592229877338,0.2276691259230353,0.27919902822904513,0.3144542919744305,0.277335100229975,0.3602557256893629,0.20289169712103214,0.26606286178078603,0.38090566588574704,0.33718523686830454,0.2903381766759174,0.06348509895698085,0.4589953212138039,0.1941661484977348,0.13952373408668176,0.2759638902664609,1.341850866543303,0.06631812315218684,0.93246950047069,0.4413517438978042,0.18810479447371134,0.5752800865257286,0.19252501151222962,1.1007366456200973,0.5048216346737517,0.8078654762083662,0.7408743649396723,0.333453536929682,0.2525292430878092,0.4902962317450574,0.3220308850242227,0.45851006615559614,0.629428303172255,0.544413112847363,0.3367076363105916,0.47893765495871626,-0.10455243297292173,0.25466900367719536,-0.07941788550405604,0.026220831395399036
0.8454197213895308,0.49059324987120856,0.9227695490686021,0.352815582473858,0.3530556407594532,0.7001286721171845,0.4238332817206627,0.5478730422044052,0.3460532738821227,0.4593985522997381,0.5388529064415616,0.40493956875573306,0.6597695037091622,0.4422839255539851,0.3022849738033431,0.4749707923697368,0.512989645707841,0.5283537433399043,0.5082153111612759,0.7342762070687842,0.23254774025605296,0.3922531298762621,0.5364813861790997,0.3640844072423777,0.839393904657931,0.1772174554265679,0.4355253407033272,0.06631812315218684,2.2019431168382684,0.5976491356817171,0.19171964127346733,0.4534720612834765,-0.036351941241444835,0.6993911481114713,0.40582267877297656,0.8997884970361791,-0.14995058617730964,-0.06642036515046217,0.04524880489491577,0.3257392286258596,0.2652614648507208,0.41390951059783165,0.15305074290900633,-0.2818235448824145,-0.3389257692737665,0.612596299176898,0.5832720367897221,-0.28284600910496493,0.5812799737268876,-0.04982608679549465,0.01754835407532655
0.5264358902455,0.4987037898697808,0.9602184103359407,0.26687547064533507,0.04711166150401644,0.2993060413800546,0.3715756389594385,0.43979768998995766,0.6127611803849506,0.5487565806865863,0.46345354772661373,0.2749196286932846,0.49999737325937826,0.5426875462980051,0.4205751344628916,0.47902467574434504,0.5801304065320997,0.28386535601254514,0.4499615609485493,0.8621013253698673,0.569791695184378,0.5440228549132703,0.8104675588747564,0.8862776094462241,0.001767937462548545,-0.6255255049654412,0.4121285407940717,0.93246950047069,0.5976491356817171,4.202030931733929,0.31085452088393817,0.2725056344560135,0.38720135804172684,-0.0239719754430311,1.7671727377922197,0.5712302970499152,1.6067726918738894,1.1723192621481116,1.1596901382589544,0.48686307905243065,1.7771150665572684,0.6035211922482241,1.262313858721006,1.4426117529250875,0.7156604616732463,0.620219530776321,1.557385172396405,-0.2011351807079481,1.9346004510127064,0.08587309695986395,0.0007531177693555758
0.6092679790744631,0.5016635715470403,0.6128173369291712,0.2985805875256641,0.3211243016876007,0.4535094077635407,0.3023449396428613,0.35049070552597833,0.3459045456386115,0.27264488364697637,0.3207547868890223,0.30363982025443,0.307095732310858,0.2969438383213486,0.29460518415061904,0.3180080748726818,0.3854726408276075,0.5094320677439281,0.3276682668209849,0.40878350386667966,0.35398916746889564,0.3440636738444154,-0.12470585172978296,0.2768551638778633,0.562038418971696,0.40174534601081924,0.3559271616407501,0.4413517438978042,0.19171964127346733,0.31085452088393817,1.2238023708878418,0.3661290744954532,0.3406538175672317,0.20142541576090614,0.4472077109505225,0.7263525808964999,0.4689834994025519,0.46513016231669446,0.2859337579169899,0.20488351729809062,0.23560695727143297,0.37671923493010656,0.26271709676497185,0.1608129153753667,0.48499092816980777,0.44481187516728504,0.38425809471874534,-0.12514282781346928,-0.32576972419282535,-0.067294454490626,-0.008311824718358044
0.5705356556527901,0.38461646443715986,0.7412331826987913,0.3455468153391227,0.3695420120127228,0.5799032519658938,0.44229408725207764,0.4169419998649748,0.41978147242403635,0.3246572540212878,0.40619741023764844,0.4778158204170127,0.5158711259234974,0.41829701404734765,0.2288405827174698,0.46557198638184605,0.34381868977499735,0.37597438761634766,0.40362872815194456,0.4105769460563485,0.3566514168927067,0.5268696571504831,0.3279197094846159,0.3966538350550199,0.35071136284309296,0.6101230418954333,0.3995901988370708,0.18810479447371134,0.4534720612834765,0.2725056344560135,0.3661290744954532,0.7493090174752903,0.16912846019406624,0.3429172535677649,0.2647091049675838,0.5524372554813897,0.06490827218043227,0.21642910481340483,0.3165968474376366,0.16218634053247552,0.3144519544264115,0.43975539129854174,0.19111019660948977,0.1754510000685321,0.02500377021591336,0.35436661685667836,0.3961756874316914,-0.10823990488466445,0.3994537645691166,-0.06681684525718685,-0.014851116571223639
0.20636139562191824,0.2443227981290447,0.46158529338167664,0.11063471059798294,0.18943881146799088,0.06582659475345375,0.2903747434596702,0.1305651945931028,0.4013865981033385,0.08713730818374829,0.20005108439895017,0.2060114549759831,0.22208971631120752,0.20239467552898632,0.1831852360051646,0.16298982443265653,0.35264569578106986,0.1799775400631832,0.3692111855318504,0.13710987997675977,0.3795862446365442,0.26018336279581505,0.4666691593702002,0.7639625771200184,0.20539747781931156,-0.09072807353002012,0.19419542171504095,0.5752800865257286,-0.036351941241444835,0.38720135804172684,0.3406538175672317,0.16912846019406624,2.165612010917034,-0.2393785176463661,-0.738655430720438,0.3640995283458618,0.8594785708332924,0.6160342348806653,0.5556244429049539,-0.20818895964742684,-0.06355462888893687,0.3522136477535102,0.05693853478850286,0.5547017493926034,0.14371409336004018,0.31380903998728005,0.4470631753271716,-0.12306369823674874,0.7259085672915342,-0.16103440478052852,-0.019728147588497266
0.1810240567666981,0.14160764833797213,0.46367076159558707,0.3372363486838562,0.4009266610930614,0.4420008202083572,0.3012704536951871,0.35502717425026425,0.20281728819050612,0.36450202150051203,0.3412469485241757,0.2662032599816796,0.43387465678033976,0.29876099418502317,0.20295721853939272,0.3361243594115621,0.2974108708717366,0.38509058569622023,0.20077763036999438,0.6092934053487027,0.11614581384748322,0.2799200170637753,0.41875718834530584,0.3604747305244399,0.5021040642405848,0.4248087083605852,0.34649370630564746,0.19252501151222962,0.6993911481114713,-0.0239719754430311,0.20142541576090614,0.3429172535677649,-0.2393785176463661,2.1798032053647645,0.8875612908759961,0.4199462044445806,0.5860366908603286,0.4177922244620541,-0.4069996624706738,0.20511050967710215,0.1441342643268617,0.4855129475281386,0.5452473900983652,0.11585348623106546,-0.07996350678377505,0.3637930743582096,0.5031843020742542,-0.11376266263818798,0.16974190377413242,0.03156045945642096,0.0019695135273013224
0.4308499529748389,0.4632434767195771,0.550615307168323,0.26218583977040544,0.2263274067452284,0.3876465245877734,0.23818786378109383,0.3328545952327786,0.3174497555509316,0.4561610761092605,0.36861193786640584,0.18402738068835467,0.410842258036008,0.4116929714540811,0.3733249520978544,0.43047341973428316,0.3672100042086042,0.3235119713775323,0.11138425272834934,0.7586197871505054,0.28884328560816996,0.39092915754965357,0.1436298282512819,0.38409503860537586,0.17409434763271722,0.32677552413123734,0.38273303690728006,1.1007366456200973,0.40582267877297656,1.7671727377922197,0.4472077109505225,0.2647091049675838,-0.738655430720438,0.8875612908759961,3.4831417043105874,0.4028725719549437,0.863417745454831,0.7218667740214878,0.027257455908361025,0.8770740108158145,0.9143579508937961,0.43087134101340463,0.9220457750509635,0.6532524728620985,0.7763746740399398,0.4012782118420311,0.8138191819968286,-0.1182350326788022,0.21176160263485738,-0.036273720510104225,0.04926291973002132
0.7012785341463699,0.29197765056616753,0.8696692838631632,0.32551492612055893,0.3603230649659723,0.5392363205319598,0.4645259764397965,0.4440146149152896,0.3864713298216221,0.3955909577584086,0.47557763109032103,0.4451980665272037,0.5645063312649106,0.4048676790945279,0.3389782416490198,0.449010352540461,0.47371588481053833,0.5525221488550948,0.6044460155769628,0.5281275250018038,0.3966138114730823,0.41120286524175037,0.6219407175724133,0.5985562905360484,0.6421674078945795,0.4123836529527573,0.6299884150259918,0.5048216346737517,0.8997884970361791,0.5712302970499152,0.7263525808964999,0.5524372554813897,0.3640995283458618,0.4199462044445806,0.4028725719549437,2.865965418955131,-0.08245778305952126,0.3616854450949395,-0.5134087755390684,0.24839529214094358,0.25252966160986723,0.6522450395081395,0.2929121998796259,-0.3401797836125239,0.018297624692667096,0.9892627011841202,0.036670953429381856,-0.36023903517463185,-0.7740860946623348,-0.14161681474533666,0.0013664109487908482
0.5739377711739752,0.8624694998507664,0.6454289326418909,0.3438716776900307,0.3779041403055668,0.2624732723802772,0.3881162543440277,0.35640357024259733,0.49314181471284385,0.41577704870853277,0.3805192295354641,0.28469559541043055,0.2826648439894548,0.4088549616089233,0.5307088710682437,0.38346310013277063,0.7046365379572486,0.5195524064748615,0.09880314295708008,0.8492448624515129,0.48298747294637034,0.39310217880842263,0.47268527377785835,0.6443570199883262,0.06250206388847432,-0.649169496532577,0.33404076908411373,0.8078654762083662,-0.14995058617730964,1.6067726918738894,0.4689834994025519,0.06490827218043227,0.8594785708332924,0.5860366908603286,0.863417745454831,-0.08245778305952126,3.8585437635916935,1.1937336677247337,0.9612613986693485,0.04528585688658605,1.0377545798235013,0.24799318804525827,0.8490837327258857,1.270228161495718,1.4060172861607991,0.5775919713925158,1.2198799470637076,-0.08689804672807752,1.0517807704800988,-0.023940355167499507,0.015784280555538103
0.2967232999690311,0.2942166742768801,0.576107219236809,0.2224878796314845,0.17049715748333186,0.35931539965804826,0.26273019974106576,0.24436956397628004,0.3884063234851513,0.229437437038947,0.26888874380619593,0.23650570412589605,0.21547905862010494,0.31964934183433996,0.3106363385879031,0.2923431028873558,0.39877214396191385,0.27121657197603255,0.37450218606067076,0.5396706502692828,0.4334566661498502,0.42954329106205863,0.32467695598561314,0.5622457674976269,0.30345569716655313,-0.0234226162371577,0.26635253138012155,0.7408743649396723,-0.06642036515046217,1.1723192621481116,0.46513016231669446,0.21642910481340483,0.6160342348806653,0.4177922244620541,0.7218667740214878,0.3616854450949395,1.1937336677247337,2.7453146708693965,0.43590498521792753,-0.011697503884482244,0.692492744161018,-0.09727894564629057,1.0835012273675309,1.3988317485896744,0.6807862299221572,0.7394111824381505,0.8583086943925168,-0.31378699358490697,0.2607671907093702,-0.031742929870112395,-0.0070867249620397655
0.6125206289272872,0.4932011272513973,0.8121705355638085,0.40162554993776306,0.24753282890546982,0.4788042601367727,0.4448099659171263,0.3843023485856936,0.5729656642435301,0.3525081768578485,0.3409205174793563,0.3746994599789846,0.34111186089186224,0.38952075147886944,0.2298929795684658,0.3505492862551117,0.4783504956719563,0.39189341249782855,0.2343214386045473,0.42277108079650716,0.7243482281354021,0.599870795206437,0.42385985430922996,0.3802972870735786,0.1680507045705773,0.029283652647152554,0.18617426452626296,0.333453536929682,0.04524880489491577,1.1596901382589544,0.2859337579169899,0.3165968474376366,0.5556244429049539,-0.4069996624706738,0.027257455908361025,-0.5134087755390684,0.9612613986693485,0.43590498521792753,5.448876764610223,0.9476305371149233,0.5914256080170641,0.23081975787124576,0.22500591407719167,1.6572982685500175,1.1575320235115327,-0.29332601730265423,0.9450054746255587,0.3270684832870664,2.6219517807452966,-0.1573135374020257,-0.05625943474009283
0.2090549870808664,0.26338869454034847,0.3175763467078329,0.09976090007529385,0.07577092625094382,0.2752903851706207,0.1293050510846911,0.18572801812664055,0.12106120095544397,0.1812755477367183,0.18179482157132518,0.1557700409202009,0.14797589231928948,0.17052775711366236,0.1466719681956461,0.20936393893092944,0.2025224157057015,0.10939637907067185,0.11526470461616418,0.43264060357746587,0.18790131251500697,0.17357198501494656,-0.10136229433863583,0.1172570222485369,0.10943093695311158,0.3218137353568008,0.2280075935174162,0.2525292430878092,0.3257392286258596,0.48686307905243065,0.20488351729809062,0.16218634053247552,-0.20818895964742684,0.20511050967710215,0.8770740108158145,0.24839529214094358,0.04528585688658605,-0.011697503884482244,0.9476305371149233,1.319881509886668,-0.04484989854027287,0.5811939029972283,0.3830714209656525,-0.4254873186964133,0.5796190372369292,0.0682787476036727,0.3012150197569285,0.06514546111682723,0.5922715936551066,0.015404131738405557,0.004790237568927903
