1.3403127441168659,-0.09383137411673084,-0.09171845446736439,-0.08203682961600003,-0.05935724333890415,-0.020140442789841374,0.040864507032399036,0.03833510367805782,0.02966604607204371,0.030953447488731807,0.03698598741328747,0.036912883912898584,0.03185108101876708,0.026161974248720004,0.015026505477304051,0.006453350040619512,0.004531789925814634,0.009519795697562934,0.013756556361135116,0.018233224774628184,0.01371647703605993,0.0076408742883637,0.001766765805585013,0.0005025337043859888,0.0017999582201775797,0.0053094581760441935,0.0093205267374942,0.014005212212288698,0.016694235425415118,0.015935691022524026,0.014621755734237865,0.014186093540062878,0.014550388448638946,0.016458116222777985,0.01664467381248688,0.015160954750237512,0.012718087220647828,0.009965890939059143,0.007731085845724384,0.0067008635590218085,0.007380434910603994,0.011332897661045631,0.02212401615340649,0.029584485388812764,0.03310745540991833,0.03245636874109785,0.030122399889931855,0.027486351538368377,0.024641234709950024,-0.0013108726551516407,-0.006579444228993073,0.000721517152923186,-0.004832876844006879,-0.0012734302437157094,-0.02443834558002304,0.001750409304668427,-0.02957745174833562,-8.75106269610109e-6,-0.006099190227897347
-0.09383137411673084,1.3320075147555495,-0.10181980260022891,-0.09648934198066887,-0.07722733240817178,-0.0386116555389889,0.027762492693886004,0.03700737166896602,0.033649794639830546,0.03819249766178785,0.044233558888636185,0.043736165046908346,0.037412150152903015,0.030343144023747794,0.017586525063430745,0.008071190952978494,0.0058772115140894,0.011151807238791698,0.015581692822434793,0.020109918789515735,0.015013837464763204,0.008386687905914895,0.0018116705740255077,5.421550433556166e-5,0.0008573901611955669,0.004020680070274115,0.007846496201150303,0.012731354966974699,0.016202297527999624,0.016496678484785844,0.015417775850499232,0.016130760198479567,0.01642866378620786,0.01722753955687305,0.016726361543719176,0.015269663940531007,0.013133058858255926,0.010580521027567225,0.00842451665696926,0.007387996431199139,0.008190896586241116,0.0129666717390415,0.026331059644845268,0.03319523729193999,0.035609046384298994,0.033670790463260256,0.03031520605165231,0.026909050840303567,0.023558764547004694,-0.0004925046149092616,-0.005465655450042914,0.002666141381469939,-0.003655659007372009,-0.0012004442235627316,-0.021163863782053843,0.0009809933972328446,-0.025539992723208716,0.00013010390331452,-0.006417197063924359
-0.09171845446736439,-0.10181980260022891,1.3225346835107434,-0.11055017258330943,-0.0984345647754276,-0.06527620302281198,0.0014508117138840424,0.03024110237400904,0.03742979240424298,0.04709248031158027,0.052221976232596175,0.05091839303372195,0.04321068703836124,0.034491646304547166,0.0202302362391269,0.010241809065458185,0.007759663457223687,0.012972435881845682,0.017110730826607173,0.021653705514482837,0.016242355930832376,0.009432214685372796,0.0023061727043157476,-5.048671897313592e-5,-5.1378342466348006e-5,0.002419611522448918,0.00580736964669222,0.010802890787867789,0.015219055438623539,0.01693204209205956,0.01625010649617295,0.01826929036190123,0.01833292485243282,0.017610747953823863,0.0161962573997192,0.01477881707696808,0.013098368484248401,0.010928176150527758,0.009028726642100766,0.008143657504509846,0.009220320282893506,0.014969012172918001,0.03112165792139069,0.0368991161209801,0.037865075244506524,0.03445150040524529,0.029971785206470834,0.025742786567393417,0.02187390815772658,0.00037095438050886655,-0.003971734199473244,0.003891062656437796,-0.0024048567217908245,-0.0009039994833658629,-0.016539425015692215,-9.651025601613678e-5,-0.02108010137257917,0.0003422381809364951,-0.006230631151452978
-0.08203682961600003,-0.09648934198066887,-0.11055017258330943,1.3103541546386699,-0.12217875539784995,-0.10337070316367433,-0.047985793364988184,0.013290625710020675,0.03965659176766308,0.057250357543714936,0.060411290129245766,0.05790995407069929,0.048601853163381885,0.0379038001814001,0.02264979931472157,0.013100661835163438,0.010177943175014208,0.014445945175495616,0.017327208014131044,0.021909630981250795,0.01698125824890644,0.010968025497639231,0.0038081895516345653,0.000794985748501188,-0.00044978629653151476,0.0008382231508326913,0.003424721845344645,0.008318882161736475,0.013730321719617413,0.017086248991783497,0.01698421713781354,0.0202948247543333,0.019996525717616148,0.01757955215198768,0.015128493403585968,0.013681484781634246,0.012429127064233157,0.010647363324074557,0.009038947805571526,0.008374218133466754,0.009898424654146403,0.01688349805587254,0.03632355150264457,0.040386269605315855,0.03956336029176084,0.03456371816368203,0.028957277130058606,0.023957823718160833,0.019640801127451212,0.0020276151008766273,-0.0010174671029487548,0.004457941436503872,-0.0010400337518861216,-0.0009740151825640636,-0.009306308860888879,-0.0016446433453066987,-0.015912985068381867,0.0012010497224274113,-0.0029545222565187323
-0.05935724333890415,-0.07722733240817178,-0.0984345647754276,-0.12217875539784995,1.287583315210033,-0.1550375888900159,-0.1348866488063507,-0.02284714983865584,0.034587826268138666,0.06343036532360725,0.06568758370554781,0.06283958354504428,0.052751383787819885,0.04042525476687187,0.025509416719847376,0.01806510028553781,0.01487151651369972,0.017238812783130265,0.017503173146856506,0.022384564842338958,0.0188908699993004,0.014574256806491008,0.007519085716856244,0.003298963030986382,-0.00016827592939961018,-0.0009476201553539754,0.0002805789370510417,0.00476073743106775,0.01120996359905617,0.016562429105967186,0.01744494369824998,0.021848062273606014,0.0208987752648871,0.016493842080726885,0.012795467892894456,0.01121347101948099,0.010469090663326935,0.009310774234795566,0.008319606953088598,0.008222464612601368,0.010522054395669174,0.018802049309966342,0.041113316607292255,0.04242768687538927,0.03945111813736971,0.032955105600312534,0.026430468090325777,0.020916738408720163,0.016381396362664252,0.004337629917245876,0.0036002248426119485,0.003574525489955707,0.00016843442623456446,-0.001750571234787973,-0.0008938081408239534,-0.0034478057560094395,-0.011477996720560601,0.0027703217612979527,0.0016726271959701833
-0.020140442789841374,-0.0386116555389889,-0.06527620302281198,-0.10337070316367433,-0.1550375888900159,1.2148318836794252,-0.2738614670734348,-0.09536269941021658,0.006509006179068044,0.054015989955827785,0.06494162034926106,0.06587938511126305,0.056526834762073805,0.044326522732274824,0.03227234694423441,0.02850640922763186,0.02399135632361181,0.02148368354342548,0.015981770389979034,0.021573460382511827,0.022129258460147835,0.022318140034730243,0.01637579130514044,0.009862249253436768,0.002154328383649508,-0.0023021877287269427,-0.0033821573002203427,0.00019668387213884477,0.007533450355563646,0.01505637837710465,0.017554682067340666,0.02256565304878225,0.020876139426977743,0.014625276635813039,0.009537085156434805,0.0074615952756476814,0.007011389485177129,0.006528711135274496,0.006406744660431336,0.007227804252889378,0.01070287612971704,0.020480738218745204,0.04553179970544017,0.04325826978088952,0.03799566098435983,0.030225525643799576,0.023088681618725612,0.017330875910399068,0.012809535422717466,0.008029916633758875,0.01037195372604386,0.0017340440312787258,-0.00047268472027797124,-0.00490249721841019,0.008038842240414948,-0.00469213483887452,-0.0054298024861542645,0.005521788370924181,0.008375034918904926
0.040864507032399036,0.027762492693886004,0.0014508117138840424,-0.047985793364988184,-0.1348866488063507,-0.2738614670734348,0.9559316353229236,-0.2308409441529515,-0.07659741406068273,0.0033608009948748845,0.042539432172916246,0.05641224241656744,0.05030802004541251,0.048195035395752456,0.04620351538773758,0.050277549980457616,0.04343389770456937,0.033332337322810796,0.017818225420065063,0.02658035723522661,0.03530270189000241,0.04326758947823265,0.037854996540178126,0.025358050980780873,0.008571642576223433,-0.0029652759358642497,-0.00808364065477344,-0.0061783960380431685,0.0018565322048352284,0.011885291786596622,0.01701988869938045,0.02150150116756036,0.018506574688616082,0.010346927134604039,0.0037018291066276193,0.0008574444679612485,0.0008037041186613605,0.001567228278071289,0.0031831289837576486,0.005888360745503558,0.011338727636574075,0.022484447917104536,0.04823690305230251,0.04085976796993877,0.03336112490824185,0.025115582402401276,0.018215523565011757,0.012984061182332267,0.009060767398436455,0.013190178425968103,0.019337530383283532,-0.00047833760245864814,-0.005139161936014272,-0.009064818561612205,0.010959417277046753,-0.003875768262906152,0.004982150086802144,0.011711255239529574,0.016204385863030725
0.03833510367805782,0.03700737166896602,0.03024110237400904,0.013290625710020675,-0.02284714983865584,-0.09536269941021658,-0.2308409441529515,1.2120247307412322,-0.12720683054358328,-0.0459146996112856,-0.01464290668537917,-0.005027130826629338,0.015173131378882512,0.020636573291374517,0.0355126627674234,0.03576427462620976,0.03281733577632773,0.021001485349531765,0.0094828018215762,0.014560315227999414,0.02484404532986737,0.03537550634935814,0.03449601638122454,0.024287207087457283,0.00992058626386775,8.72717727930303e-5,-0.004808463797424627,-0.004366245466210663,-0.000401471608554251,0.006129948361688697,0.00983448460716338,0.01155899610603948,0.008548124851872233,0.0013085788139838483,-0.003923983605470076,-0.005147973513938194,-0.002980304082292597,0.000698572883770468,0.0049530161417749305,0.009113317726337743,0.012250870239233281,0.014431721658899867,0.015876615818035393,0.01676727070664878,0.016171020196940524,0.013909106339515096,0.011437704952174287,0.00880944381682591,0.006658436240493199,0.003365904913730818,0.005129040990864285,0.002610583118770515,-0.0035339905226517204,-0.006819326504565736,-0.00330502611728065,-0.004647598376928198,0.02080778720748435,0.016880950415536354,-0.0008466891500150558
0.02966604607204371,0.033649794639830546,0.03742979240424298,0.03965659176766308,0.034587826268138666,0.006509006179068044,-0.07659741406068273,-0.12720683054358328,1.262938697738307,-0.1593536332061235,-0.09724034645824879,-0.038856979682530206,-0.01082725570652563,0.022810782069097285,0.028481624986785976,0.03371965583044713,0.024471697214196744,0.016573545694416325,0.00529174460884541,0.00921693882618561,0.018884820375162904,0.02919138000307636,0.029874106255761524,0.021883390110794067,0.010271537705299108,0.0024847461847878516,-0.0014843039683482728,-0.001388546945513314,0.0005006022804311904,0.00397015529224224,0.006014398267951857,0.0061712154040482374,0.003798512041795594,-0.0009927562093942277,-0.004107222199568122,-0.004196365178574097,-0.0016446346368858562,0.002129354044653345,0.006235179022651353,0.009992624639547356,0.012175941395672258,0.012494542305334255,0.009671179386664053,0.01275886530966631,0.013782920286588222,0.012779209219615407,0.01117051825262064,0.009004500303178231,0.007123176305125107,-0.002532190866733009,-0.003262039890543834,0.0060107354606350775,-0.006763256489417715,0.0020185917279578565,-0.0186243321137425,0.006007331205738469,0.028780707230557697,0.013065610630216605,-0.009905419723322354
0.030953447488731807,0.03819249766178785,0.04709248031158027,0.057250357543714936,0.06343036532360725,0.054015989955827785,0.0033608009948748845,-0.0459146996112856,-0.1593536332061235,1.1654238859698942,-0.17469577367438008,-0.09822383906424573,-0.016932116159254666,0.0028619208631520386,0.021084053133127015,0.020727190246747747,0.02260339261037376,0.014817799531386412,0.00937127296411716,0.009126459803296096,0.015090606834045154,0.02239522346141663,0.02279316693919489,0.01727628337160652,0.009203143530232721,0.004050126569488367,0.0015804108537104482,0.0019032309374162988,0.0028424488701534432,0.00411152221328804,0.004709439073012982,0.00409277606540734,0.002429174860616589,-0.00015593113320765215,-0.001467417682505731,-0.0008523710225099948,0.0011672197651829302,0.003742423956594013,0.006369454717887869,0.00886523432759771,0.010640060985213263,0.011968847585298181,0.012851117651009294,0.015915418437165315,0.016621382933025067,0.015251174122250471,0.01328806825725436,0.01095696190475743,0.008901737888749057,-0.005445813738742527,-0.00563444790440789,0.004430786674447162,-0.004848304846657016,0.010370886481046565,-0.023771107042496017,0.013507083578686532,0.025900138240778397,0.009017239943769717,-0.00984514194901418
0.03698598741328747,0.044233558888636185,0.052221976232596175,0.060411290129245766,0.06568758370554781,0.06494162034926106,0.042539432172916246,-0.01464290668537917,-0.09724034645824879,-0.17469577367438008,1.1969532369334186,-0.18349096244600793,-0.09817197688421431,-0.03335640638686771,-0.006449567621489744,0.016875662301635556,0.018392674824737023,0.018601606939266546,0.012834266424208991,0.011655838033996748,0.014035724730878628,0.017777849125566444,0.017171358241210043,0.013050866283227236,0.007423498521475099,0.004109292333368342,0.002757271885536508,0.0038448287020514367,0.005930898959165365,0.008154204053279226,0.007471231753958647,0.007507922156137928,0.004475174441742344,0.00013305923511810303,-0.001431120145201387,-0.0002382359435055455,0.0018124988245471283,0.00347439804395485,0.004718867971234224,0.005868528744526718,0.007114907900845686,0.009557085458144455,0.014633220314861948,0.017976385747894973,0.018371265309073577,0.01657703840420398,0.014237807025582703,0.011716717470288646,0.00951482926598684,-0.004156705477221295,-0.0018000367434356243,-0.003937262862195746,8.47331263537254e-5,0.015155518372636118,-0.0077259291734183486,-8.440168130184965e-5,0.011635537395037232,0.01216973548491513,0.006088625998397556
0.036912883912898584,0.043736165046908346,0.05091839303372195,0.05790995407069929,0.06283958354504428,0.06587938511126305,0.05641224241656744,-0.005027130826629338,-0.038856979682530206,-0.09822383906424573,-0.18349096244600793,1.1746369961865388,-0.20050447918384087,-0.10023122398730008,-0.008108328627002923,0.017934237679114846,0.030015217919835975,0.025325661193574853,0.02164304073565023,0.015773677043288276,0.014000163961382393,0.014605120206950366,0.013051490154714811,0.010146212748798362,0.006441345940806414,0.004464848619702682,0.0038920310341819496,0.005281539962091999,0.007620713100667191,0.009763961847557633,0.008177724326180344,0.008083556742042409,0.004571348723186123,1.3829904197930248e-5,-0.0009288531837554703,0.0010697023877752616,0.0031275805609363217,0.004075622221705989,0.0041665787046751175,0.004309437594240968,0.005307008552156673,0.008739592816971687,0.017032048383293003,0.02006929600666293,0.020038181132504992,0.017954395077717514,0.01537946641340558,0.012815088572191264,0.01055966697951367,0.00022468125733196518,0.004822695864571799,-0.020500395441409042,0.007305158571529635,0.022452812165925352,-0.0012472286759468286,-0.003020219869742882,-0.00022546557949217289,0.00885783880083078,0.0122748344604558
0.03185108101876708,0.037412150152903015,0.04321068703836124,0.048601853163381885,0.052751383787819885,0.056526834762073805,0.05030802004541251,0.015173131378882512,-0.01082725570652563,-0.016932116159254666,-0.09817197688421431,-0.20050447918384087,1.1842943895211626,-0.15350554318810147,-0.060907066084959605,-0.0025316592761831123,0.018868877163057966,0.02519144019712312,0.020895351733331513,0.015948234896728784,0.01345983226227824,0.013136934377447177,0.01147105940265274,0.009363159441176471,0.006722434910441825,0.00548429378204484,0.005305522221170662,0.00654459387421584,0.008020594611324157,0.008580811434050288,0.006805874954627508,0.005810837187627066,0.0029487914158947675,0.0004784519571117426,0.0004048879008490266,0.001902921283163575,0.0031521570491433175,0.0034512023773738813,0.0031952638599127706,0.0031010674125545716,0.004066605797096791,0.0075228017288666476,0.01634460034085535,0.019162250552356205,0.01920836587400578,0.01732386950882525,0.014941555410211704,0.012607274279734583,0.010524599679073364,0.0072001560836575775,0.014554837948250047,-0.027904727175283164,0.019463582996999094,0.015730340346991254,-0.0029588875784095424,0.0027531258894717627,-0.008645613685918811,0.004665429364757936,0.009579758367771432
0.026161974248720004,0.030343144023747794,0.034491646304547166,0.0379038001814001,0.04042525476687187,0.044326522732274824,0.048195035395752456,0.020636573291374517,0.022810782069097285,0.0028619208631520386,-0.03335640638686771,-0.10023122398730008,-0.15350554318810147,1.2510690620641682,-0.12155188506719439,-0.0611171773120876,-0.010176006793021119,0.006225802283635093,0.011965107015502673,0.00865968802745499,0.008613431794800099,0.010021104048526911,0.010001730929481268,0.009305218917232558,0.007836663606000365,0.0073748986454244825,0.0075272066995471605,0.00827026727578544,0.00811183628321536,0.00654580696317443,0.005281705477558945,0.0033675080592380745,0.001892878142318702,0.00192097408598204,0.002093387805211804,0.0020814136860781013,0.0019476536665196493,0.0016469260704894753,0.0013774668070920698,0.0014329516995644919,0.0024419090791329297,0.005487245903316312,0.013637168685404709,0.016598813520258635,0.01709031857654234,0.015665069737863517,0.013678706887744748,0.011690001646020817,0.009870385594634807,0.009154675536323913,0.0181044641848424,-0.017440093122988543,0.0291194203307604,-5.8240108587081944e-5,-0.004788280567431659,0.0061320685738122625,-0.013541628740943489,0.004989367645808375,0.004534901101601008
0.015026505477304051,0.017586525063430745,0.0202302362391269,0.02264979931472157,0.025509416719847376,0.03227234694423441,0.04620351538773758,0.0355126627674234,0.028481624986785976,0.021084053133127015,-0.006449567621489744,-0.008108328627002923,-0.060907066084959605,-0.12155188506719439,1.3029406281661664,-0.08714382787523871,-0.04665239655255171,-0.022631530458429305,-0.011872614012559561,-0.008776926279789043,-0.002793304318986915,0.0034618213470312834,0.007348083025422252,0.008942507500100278,0.008802007601511905,0.00896132965519255,0.00930846023373113,0.00977914752231441,0.008703637762953477,0.00582072989238298,0.004421933639778922,0.0015622173841397648,0.0002808416526897271,0.0014870231920010514,0.0018631654933950002,0.0011248993981574833,0.00034038398121594187,-0.00022132153999687202,-0.0003940077471431121,-0.00017408161286337878,0.0009080401153833967,0.0035782574503221564,0.010580258453303864,0.013213514540085063,0.01398585494763579,0.013130977794278572,0.011710501813312402,0.010211973539913172,0.008783412155470701,0.0018435390896217583,0.0067452738987689165,0.0020514866127737457,0.018138350494229072,-0.0045504060303864675,-0.007084949418007366,0.006270591146930472,-0.011308358255589302,0.004617397839550828,0.003747989058661963
0.006453350040619512,0.008071190952978494,0.010241809065458185,0.013100661835163438,0.01806510028553781,0.02850640922763186,0.050277549980457616,0.03576427462620976,0.03371965583044713,0.020727190246747747,0.016875662301635556,0.017934237679114846,-0.0025316592761831123,-0.0611171773120876,-0.08714382787523871,1.338653085311742,-0.07407423625944308,-0.05500550118408437,-0.03599691098367874,-0.028796249924251366,-0.017244835038807527,-0.005596519102010455,0.0032882323119345063,0.008076825271231798,0.009848415728011782,0.01087550863433077,0.01142719435542815,0.011665354698950508,0.009879198465541698,0.006048360191767908,0.0043381121046338345,0.0004219621898683157,-0.0011486283800466828,0.0006323103238624155,0.0013569556074406442,0.0005710579334921675,-0.00036389189947237297,-0.0009952787556440329,-0.001140932256723476,-0.0008319401287521151,0.0003707897896417844,0.0029683398722666803,0.009434245266362148,0.011942412057373106,0.012870973768614586,0.012348124879259438,0.011229241925553633,0.010016175444054068,0.008792323988707797,-0.00512974991393687,-0.004294361308738691,0.014758234559992752,0.005579722575918637,-0.002299738062827094,-0.012012324778639697,0.006781119883635641,-0.00478474314806019,0.0032179042990533716,0.006019515538234331
0.004531789925814634,0.0058772115140894,0.007759663457223687,0.010177943175014208,0.01487151651369972,0.02399135632361181,0.04343389770456937,0.03281733577632773,0.024471697214196744,0.02260339261037376,0.018392674824737023,0.030015217919835975,0.018868877163057966,-0.010176006793021119,-0.04665239655255171,-0.07407423625944308,1.3479468488561717,-0.07600769718945198,-0.061527646408970474,-0.05308353252666088,-0.03564044715077793,-0.016697011134492904,-0.0010446501974203729,0.007642636142113468,0.011286180202586264,0.01275657337701504,0.012931176878679123,0.01283789990931841,0.01092708472391177,0.007249117257826475,0.005305650461184186,0.0011634242045936616,-0.0008219458183882442,0.0006156707039325973,0.0013187249192434828,0.0006878895609057806,-0.00017410414540404732,-0.0008619162952919328,-0.0011103453930682368,-0.0008851691956072048,0.00024117815014877068,0.002743948455034074,0.008748665679180026,0.011439286505503833,0.01262884474156589,0.012402249139827504,0.011513559725007188,0.010459662748354786,0.009334750146396861,-0.006401015166181737,-0.007602341732986931,0.014448877356943793,-0.0017349310472564209,-7.173081366995011e-5,-0.01541942020869435,0.0034521446360366074,0.0038802182572965534,0.0055804787283998064,0.012606472433084251
0.009519795697562934,0.011151807238791698,0.012972435881845682,0.014445945175495616,0.017238812783130265,0.02148368354342548,0.033332337322810796,0.021001485349531765,0.016573545694416325,0.014817799531386412,0.018601606939266546,0.025325661193574853,0.02519144019712312,0.006225802283635093,-0.022631530458429305,-0.05500550118408437,-0.07600769718945198,1.3451481133848056,-0.08375445606403328,-0.0796115965951565,-0.05612327422626662,-0.028073124114858825,-0.004444641056988159,0.00834418616499217,0.013469623099507756,0.014940796701998087,0.014411911649117226,0.013894035032974603,0.012033264776616178,0.008949228188060265,0.006898066531544746,0.003130418894563152,0.0008529438353651769,0.0013994784298058205,0.0016886692723847626,0.0011649350425231098,0.0004390047287668255,-0.0002832911068453398,-0.0006617284884790239,-0.0005606330063106474,0.0004274388346411639,0.002830445366536629,0.008491663910859669,0.01193256538186205,0.01347102509424945,0.013394650556494806,0.012531495368450099,0.011451741797371524,0.010271279676502605,-0.0046491990247242935,-0.0059774421677326085,0.009187805436349157,-0.0029714011671962094,0.0003801713531211047,-0.016204205387864067,-0.0024916708163650017,0.011806124173284159,0.013618217235092217,0.021005067361322002
0.013756556361135116,0.015581692822434793,0.017110730826607173,0.017327208014131044,0.017503173146856506,0.015981770389979034,0.017818225420065063,0.0094828018215762,0.00529174460884541,0.00937127296411716,0.012834266424208991,0.02164304073565023,0.020895351733331513,0.011965107015502673,-0.011872614012559561,-0.03599691098367874,-0.061527646408970474,-0.08375445606403328,1.336148942437035,-0.0936419429588512,-0.06654618854534605,-0.0325740985566224,-0.004272388486891918,0.010141963176866258,0.01496680051530767,0.015455789039819149,0.013865042886727382,0.012941020743205614,0.011380374332010147,0.009176077708022451,0.007222629651591696,0.004834998801976174,0.0031924685213492064,0.003072314238210627,0.002917372445790219,0.002499725261810605,0.0019406822133263316,0.0012911939195299424,0.0008783944105762154,0.0009286282503879402,0.0016853433283353148,0.0037040377609012937,0.008176724946155444,0.012117873514271894,0.013922216721944908,0.01398616484260738,0.01315697588019237,0.012034513321544767,0.010796488111098375,-0.0024154402267582077,-0.003744589059559549,0.003686116629878865,-0.004781070961162628,0.0008420914102927404,-0.0165556187654533,-0.0052760285348033165,0.014746172018546295,0.01973979873650364,0.025136842219094038
0.018233224774628184,0.020109918789515735,0.021653705514482837,0.021909630981250795,0.022384564842338958,0.021573460382511827,0.02658035723522661,0.014560315227999414,0.00921693882618561,0.009126459803296096,0.011655838033996748,0.015773677043288276,0.015948234896728784,0.00865968802745499,-0.008776926279789043,-0.028796249924251366,-0.05308353252666088,-0.0796115965951565,-0.0936419429588512,1.3304650255299608,-0.0817842561021768,-0.05319342619684996,-0.0234666531678241,-0.0034154572860575585,0.008685141219238551,0.014404937145018141,0.015245742864155176,0.014747817517209178,0.01246534213397537,0.009557202249273467,0.0074423224813698,0.004667389761832938,0.002713715241948434,0.002217356801086311,0.0019070799606800226,0.0016496560832551623,0.0015031821316032691,0.0012318174038197466,0.0011476866528895816,0.0013441659481676083,0.0020375728556195605,0.003907062095473127,0.008326005088139443,0.013471172693223878,0.01544378953160899,0.015148402585637771,0.013874303134249642,0.012282362740453951,0.010687623492806974,-0.0009735732757278777,-0.002202277009208642,0.001737588676488122,-0.0008006257138325241,0.0002271159176662097,-0.015113236964567065,-0.005329999963863996,0.014357785602950127,0.021918148516567097,0.023963607866854315
0.01371647703605993,0.015013837464763204,0.016242355930832376,0.01698125824890644,0.0188908699993004,0.022129258460147835,0.03530270189000241,0.02484404532986737,0.018884820375162904,0.015090606834045154,0.014035724730878628,0.014000163961382393,0.01345983226227824,0.008613431794800099,-0.002793304318986915,-0.017244835038807527,-0.03564044715077793,-0.05612327422626662,-0.06654618854534605,-0.0817842561021768,1.3510179378266218,-0.07188555399642449,-0.050395479005824584,-0.027155586030132014,-0.005889958909535521,0.007574344982053292,0.01285616843637982,0.013702018315530112,0.011239476477078599,0.008037254488041254,0.006233990120365071,0.0037286271597628436,0.0020743512373616636,0.0016225308206038976,0.001279497261124245,0.0011760792255579155,0.0013763366087025072,0.0015099982050429898,0.0018064059030840258,0.002178987032496509,0.002776301815854962,0.004190498521906087,0.007825613498421773,0.013737617515877106,0.015680687912077676,0.015058419692723103,0.013449406642287887,0.011562589555709978,0.009771186447392938,0.0002506657719913865,-0.0010287294485818513,-0.00010618173216540913,0.00016287583214197955,-0.00023714547181767658,-0.012105322158191649,-0.0019999868303647063,0.007569788131957002,0.016237879529150897,0.01431630936795898
0.0076408742883637,0.008386687905914895,0.009432214685372796,0.010968025497639231,0.014574256806491008,0.022318140034730243,0.04326758947823265,0.03537550634935814,0.02919138000307636,0.02239522346141663,0.017777849125566444,0.014605120206950366,0.013136934377447177,0.010021104048526911,0.0034618213470312834,-0.005596519102010455,-0.016697011134492904,-0.028073124114858825,-0.0325740985566224,-0.05319342619684996,-0.07188555399642449,1.3460282218689485,-0.07583232643095492,-0.051672654520791,-0.02253827399993311,-0.001997084839307077,0.007574482751594436,0.00983632405697378,0.007800209806683846,0.005298259123132355,0.004192538969552612,0.002458981001614468,0.0010641287002188214,0.0002491324656520753,-0.00031940248888575847,-0.00015639260862645402,0.0006201942404754179,0.0014457920743820728,0.0023783656404902072,0.0030870478106209084,0.003656079795287685,0.004391370155269581,0.006576884824953061,0.012589359764989653,0.014159801600480278,0.013225091568870239,0.0114171035709825,0.009443603674966841,0.0076656342009615575,0.0008942344441070432,0.00010288820921103478,-0.001349609499118752,-0.000657894823348987,-0.0003633599542113476,-0.00769221870814222,0.0015660557072744035,-0.0003387100298207066,0.008276746904275331,0.002459966208358393
0.001766765805585013,0.0018116705740255077,0.0023061727043157476,0.0038081895516345653,0.007519085716856244,0.01637579130514044,0.037854996540178126,0.03449601638122454,0.029874106255761524,0.02279316693919489,0.017171358241210043,0.013051490154714811,0.01147105940265274,0.010001730929481268,0.007348083025422252,0.0032882323119345063,-0.0010446501974203729,-0.004444641056988159,-0.004272388486891918,-0.0234666531678241,-0.050395479005824584,-0.07583232643095492,1.355586581582497,-0.05792347805070749,-0.031410088688417485,-0.011971751255081304,-0.0023907053323989572,0.00038694253882338243,0.0005452019159835243,0.0016597586934630213,0.002210129795911643,0.0031900241595477223,0.0024053585209396506,0.00011558160102585947,-0.0013937439939178601,-0.0009140809503234747,0.0006089662500331083,0.0022349403366186257,0.003779230787931331,0.004710772537341223,0.00522877336652982,0.005395361178048699,0.006714689744403186,0.011825457243462375,0.012283568080911281,0.010658667018225309,0.008503711972579438,0.006458017458323197,0.004778116650456479,0.0007796314781973278,0.000646927712185681,-0.0026320453186055547,-0.002439086876667546,-0.0006812969416350779,-0.0023134466901954106,0.002854097024997693,-0.004245068716128307,0.001007070202124414,-0.006766613066712437
0.0005025337043859888,5.421550433556166e-5,-5.048671897313592e-5,0.000794985748501188,0.003298963030986382,0.009862249253436768,0.025358050980780873,0.024287207087457283,0.021883390110794067,0.01727628337160652,0.013050866283227236,0.010146212748798362,0.009363159441176471,0.009305218917232558,0.008942507500100278,0.008076825271231798,0.007642636142113468,0.00834418616499217,0.010141963176866258,-0.0034154572860575585,-0.027155586030132014,-0.051672654520791,-0.05792347805070749,1.3824714845272512,-0.033371085833439576,-0.021861029408230467,-0.016412773466902487,-0.014377691345566242,-0.010894597029991947,-0.003315167370157308,-2.4515454560156597e-5,0.005268872216973739,0.005112560099782906,-0.0002562124917881216,-0.003605970136429506,-0.002561821786743915,0.0004206200834413749,0.003674827019856156,0.006503582025473899,0.008073037843055669,0.008592859495738608,0.007728527351414854,0.006798165647133541,0.011225740671625122,0.010448096884112665,0.0080761044764122,0.005533879940582176,0.0033299427093426296,0.0017250589379645324,2.942058743081484e-5,0.0007224475573482188,-0.0038581549461877505,-0.004562070682436649,-0.0013455967243291484,0.001881091968370271,0.0025169103427679146,-0.0027407799601073964,-0.004510477297383075,-0.011124772914386964
0.0017999582201775797,0.0008573901611955669,-5.1378342466348006e-5,-0.00044978629653151476,-0.00016827592939961018,0.002154328383649508,0.008571642576223433,0.00992058626386775,0.010271537705299108,0.009203143530232721,0.007423498521475099,0.006441345940806414,0.006722434910441825,0.007836663606000365,0.008802007601511905,0.009848415728011782,0.011286180202586264,0.013469623099507756,0.01496680051530767,0.008685141219238551,-0.005889958909535521,-0.02253827399993311,-0.031410088688417485,-0.033371085833439576,1.4004653124413688,-0.031127784374476233,-0.03230600380918745,-0.032155786048908695,-0.024849703379856924,-0.008907271264870887,-0.0020502861183064004,0.00852197389990822,0.008623944355435138,-0.0011866108173951527,-0.0070728885114612824,-0.005166768288833111,-1.2502510020309104e-6,0.005615687345401494,0.01030860852528869,0.012892947647019228,0.013675192991459261,0.012099980318551893,0.00975803865996104,0.013429680786582835,0.010923347075423145,0.007196693020673992,0.0037708702754825135,0.0010351708115329743,-0.000753709636173004,-0.0012805014140065988,0.0003726740828808034,-0.0047372951064854505,-0.006372101201899101,-0.001894197327003183,0.005369590209113928,0.0013485379082470962,0.0017537703223200194,-0.008435226216306766,-0.012561927948022335
0.0053094581760441935,0.004020680070274115,0.002419611522448918,0.0008382231508326913,-0.0009476201553539754,-0.0023021877287269427,-0.0029652759358642497,8.72717727930303e-5,0.0024847461847878516,0.004050126569488367,0.004109292333368342,0.004464848619702682,0.00548429378204484,0.0073748986454244825,0.00896132965519255,0.01087550863433077,0.01275657337701504,0.014940796701998087,0.015455789039819149,0.014404937145018141,0.007574344982053292,-0.001997084839307077,-0.011971751255081304,-0.021861029408230467,-0.031127784374476233,1.3907354710549351,-0.049127967624268194,-0.051876046796727825,-0.04124167635569306,-0.016177141564504484,-0.004998101012786431,0.010992534330439946,0.010775184587450198,-0.004292210495305194,-0.013049645918215681,-0.009906313517565673,-0.0016515132445762868,0.007363187474333806,0.014901571842871119,0.01922580226795165,0.020827904347882252,0.019009982486534047,0.01618276917150922,0.01830292838615904,0.013285690856905643,0.007555779997451716,0.0027743163337862224,-0.0007640097233873023,-0.002916068643944394,-0.002695463036658162,8.405380549856548e-5,-0.005198731672488768,-0.0082283511990284,-0.0023270643879829897,0.008906276527004587,0.0003645017051379348,0.006460010784625006,-0.011125091677571329,-0.012183712791098623
0.0093205267374942,0.007846496201150303,0.00580736964669222,0.003424721845344645,0.0002805789370510417,-0.0033821573002203427,-0.00808364065477344,-0.004808463797424627,-0.0014843039683482728,0.0015804108537104482,0.002757271885536508,0.0038920310341819496,0.005305522221170662,0.0075272066995471605,0.00930846023373113,0.01142719435542815,0.012931176878679123,0.014411911649117226,0.013865042886727382,0.015245742864155176,0.01285616843637982,0.007574482751594436,-0.0023907053323989572,-0.016412773466902487,-0.03230600380918745,-0.049127967624268194,1.3688991862996078,-0.06926709778978714,-0.05777739669108328,-0.026628958646033925,-0.011035731509941587,0.008158474417944395,0.008288787504601143,-0.00905559783122501,-0.018902433813416636,-0.014274594186241043,-0.002893885891606005,0.009773134252291042,0.02066330927553426,0.027374443668010465,0.030369333153221476,0.028853345302015818,0.025871397845575485,0.02509098821238726,0.017154288177663662,0.00921277966112924,0.0029684441975025557,-0.0014726788022288602,-0.004099281035765046,-0.003857148045541405,3.6614176848745e-6,-0.004996541462685682,-0.009546496042307673,-0.002316588454675412,0.011389957961379257,-0.0003864041036689834,0.010551989123156101,-0.012948922539781334,-0.011070723520146014
0.014005212212288698,0.012731354966974699,0.010802890787867789,0.008318882161736475,0.00476073743106775,0.00019668387213884477,-0.0061783960380431685,-0.004366245466210663,-0.001388546945513314,0.0019032309374162988,0.0038448287020514367,0.005281539962091999,0.00654459387421584,0.00827026727578544,0.00977914752231441,0.011665354698950508,0.01283789990931841,0.013894035032974603,0.012941020743205614,0.014747817517209178,0.013702018315530112,0.00983632405697378,0.00038694253882338243,-0.014377691345566242,-0.032155786048908695,-0.051876046796727825,-0.06926709778978714,1.3512032375120293,-0.07536962917233582,-0.04942572648684491,-0.02954928213782877,-0.014346638201403621,-0.00890923209463753,-0.014578856187278642,-0.017504681088940835,-0.011156652516733877,0.0011231894121198132,0.015463414813534727,0.028559574076371746,0.03740841364456834,0.04213530303486342,0.04174101500281126,0.039611738229286333,0.030313590251798105,0.01814755721338874,0.008185486696391447,0.0010872421681236955,-0.003601736743535087,-0.006208081250527325,-0.004306733259232732,-8.748140565399188e-5,-0.0041674856704793355,-0.00934971698639574,-0.0017221964259685764,0.014813940503521516,-0.0022555041594902628,0.014968114557339759,-0.013166652962907203,-0.008927728366955948
0.016694235425415118,0.016202297527999624,0.015219055438623539,0.013730321719617413,0.01120996359905617,0.007533450355563646,0.0018565322048352284,-0.000401471608554251,0.0005006022804311904,0.0028424488701534432,0.005930898959165365,0.007620713100667191,0.008020594611324157,0.00811183628321536,0.008703637762953477,0.009879198465541698,0.01092708472391177,0.012033264776616178,0.011380374332010147,0.01246534213397537,0.011239476477078599,0.007800209806683846,0.0005452019159835243,-0.010894597029991947,-0.024849703379856924,-0.04124167635569306,-0.05777739669108328,-0.07536962917233582,1.3400088437275648,-0.09820328186691947,-0.07550621512597329,-0.08137024508293002,-0.05767251936236821,-0.01727109817288749,0.006774080921114203,0.015636023845189372,0.02267697556240628,0.0326335160964946,0.0435178341084064,0.052317449409636126,0.057843847088432966,0.058386944694024785,0.05595790983782774,0.02985412429258492,0.013347848647417728,0.0033649286342907554,-0.002525763220603255,-0.005977154324373491,-0.0076189841847682975,-0.003248996217399793,-0.0007711367289592291,-0.0029649925554035735,-0.005587456532660603,2.522901762933477e-5,0.01609460956781887,-0.007168370920524671,0.02177283127652856,-0.010684985174813822,-0.005375425285398811
0.015935691022524026,0.016496678484785844,0.01693204209205956,0.017086248991783497,0.016562429105967186,0.01505637837710465,0.011885291786596622,0.006129948361688697,0.00397015529224224,0.00411152221328804,0.008154204053279226,0.009763961847557633,0.008580811434050288,0.00654580696317443,0.00582072989238298,0.006048360191767908,0.007249117257826475,0.008949228188060265,0.009176077708022451,0.009557202249273467,0.008037254488041254,0.005298259123132355,0.0016597586934630213,-0.003315167370157308,-0.008907271264870887,-0.016177141564504484,-0.026628958646033925,-0.04942572648684491,-0.09820328186691947,1.2719886794527464,-0.14003538408045554,-0.18200675481368225,-0.13283764360007072,-0.02146872942793057,0.04715067377282007,0.062357107162850665,0.060756474283488314,0.0607576222530098,0.0636452550673179,0.06809874587577008,0.07179949246451452,0.07268682856515667,0.07091873519123017,0.02277293011749651,0.002758519918802087,-0.005136683606238619,-0.007914693373852751,-0.00875190300753327,-0.008571628473239027,-0.0005741720157360011,-0.001623063034731488,-0.0013431194453083287,0.0004285691893838709,0.0020410747203932814,0.01595791087685132,-0.014380039699310773,0.030191853438544133,-0.005852626215939478,-0.00036635522382304914
0.014621755734237865,0.015417775850499232,0.01625010649617295,0.01698421713781354,0.01744494369824998,0.017554682067340666,0.01701988869938045,0.00983448460716338,0.006014398267951857,0.004709439073012982,0.007471231753958647,0.008177724326180344,0.006805874954627508,0.005281705477558945,0.004421933639778922,0.0043381121046338345,0.005305650461184186,0.006898066531544746,0.007222629651591696,0.0074423224813698,0.006233990120365071,0.004192538969552612,0.002210129795911643,-2.4515454560156597e-5,-0.0020502861183064004,-0.004998101012786431,-0.011035731509941587,-0.02954928213782877,-0.07550621512597329,-0.14003538408045554,1.2974044748862745,-0.1821011816271686,-0.1454186548720745,-0.04467499564166933,0.02932029602411429,0.057752447027716064,0.06522861296903143,0.0675017283587659,0.06746619928041826,0.06708041527304413,0.06573882488607394,0.06260419559115046,0.05554469363325634,0.013381906443993325,-0.0027145196792079836,-0.007833979234253163,-0.008892477647667138,-0.008740026917424122,-0.008020597836359628,-4.732017174406975e-5,0.0004363683006295016,0.0013918969514198117,0.00010768573075306614,-0.001043575824669728,0.014159860704354578,-0.01328290776365025,0.02579733472298375,-0.004299943462775242,0.0009034802358710281
0.014186093540062878,0.016130760198479567,0.01826929036190123,0.0202948247543333,0.021848062273606014,0.02256565304878225,0.02150150116756036,0.01155899610603948,0.0061712154040482374,0.00409277606540734,0.007507922156137928,0.008083556742042409,0.005810837187627066,0.0033675080592380745,0.0015622173841397648,0.0004219621898683157,0.0011634242045936616,0.003130418894563152,0.004834998801976174,0.004667389761832938,0.0037286271597628436,0.002458981001614468,0.0031900241595477223,0.005268872216973739,0.00852197389990822,0.010992534330439946,0.008158474417944395,-0.014346638201403621,-0.08137024508293002,-0.18200675481368225,-0.1821011816271686,1.16800807732856,-0.22312335864710814,-0.08120139127668832,0.03023291111296046,0.0773584967511198,0.09125026034140608,0.0943684721522924,0.09287634033825626,0.09193149842979366,0.09214627422189749,0.09344364137716954,0.09334092839031884,0.025555176192354305,0.00024102785630721082,-0.007495566238793579,-0.008687537235892905,-0.00794098188269557,-0.0066497929042334146,0.0009170721004750584,0.0015181643048614573,0.004010851375410393,0.0017590885645729381,-0.002086536211124941,0.011661015088947417,-0.016989560154866818,0.027401604515053853,0.0005986569878726341,0.005933335921112191
