1.5319816652075275,0.4149169367638561,0.8377493419903688,0.03637341602187646,0.24927153840908442,0.06998696152205568,0.20364905358072208,0.05762393708021657,0.13043004838177144,0.2321809958268048,0.13338397087706272,0.15578462721321218,0.07307444825784237,0.06732140608456544,0.16241498913312244,0.06426429986649117,0.05264872450874806,0.2002339075884608,0.11798205811729807,-0.02878490972791046,0.20611318670138246,0.09119552493820905,0.019482312227565954,-0.1310087732220133,0.12744694458004255,-0.0011175494744121404,0.09846281516063154,-0.07572681753793345,0.21265257050550893,-0.3504645346536478,0.06859317166488284,0.024698902222031735,-0.02092614442327802,-0.24753980620694252,0.004238097142218216,-0.04246943192372939,-0.04617552217159112,0.02080734198442934,0.07703102407715529,-0.03558832919325161,0.02494454068232208,0.07376097583119769,-0.02518042087409795,0.04175585373840548,0.2283028559396078,0.19203764661263237,-0.10109047969085058,-0.06894651054736638,-0.12323457134801812,-0.07444954626688463,0.05773660606713947,-0.16284765359544515,0.2258871242888807,-0.008975766803837874,-0.10464646780724181,0.02727527758931599,0.23312116766841354,0.35636847352836765,-0.6061574167502559
0.4149169367638561,1.5681050741375344,0.8708004942238102,0.13486127361372383,0.10819869550169417,0.08330870903671371,0.21091297653934735,0.20662463022166144,0.19596354770175087,0.22674189796693286,0.1897123605654846,0.18390266270607145,0.13536923838218204,0.10670354943119782,0.22898959175757339,0.08211645988324144,0.16147856339324482,0.32738374429168104,0.11237012761740811,0.19034529412685866,0.3115316225450827,0.13128855270720957,-0.0060228560920020996,-0.044747796672134896,0.07550597280142513,0.022058681463386774,0.19245433209371263,0.18635122790472303,0.273715179276656,-0.3243514005573806,0.18619530912610446,0.08804121351529923,0.05356723891692954,0.12756168317328084,0.0713229781043081,0.061184107270884205,0.2670306364842928,0.11289359289083349,0.0805990375425733,-0.05065461145063946,0.08733568661773884,0.14346572955764572,0.09811785832451415,0.04319408454392691,0.2622626789848914,0.20786969669437508,-0.041251644730017065,8.407356619189019e-5,-0.0665807555053047,0.01825796170006492,0.21865542845454297,0.03800068655191947,0.06120243698809614,-0.1241943315385459,-0.02928181887887497,-0.09100373464366805,-0.1396477289766555,0.04788870263309708,0.11689613302062782
0.8377493419903688,0.8708004942238102,2.06365067810425,0.06323106178203793,0.014085701377627952,0.1288326434954865,0.14020582470599863,0.3341577691790956,0.28537254933717005,0.3215624117917553,0.19791739246076642,0.14343589965558423,0.13664016697133835,0.11319845246192631,0.1922436604418422,0.03871914083449097,0.10717510084031133,0.2730064849126844,0.09883290138904775,-0.014607785542487794,0.22819998565269892,0.15726654099095005,-0.00526258214926192,-0.14213350762211738,0.09363788492939076,0.051099958293427915,0.058787203465623016,0.20189461815716833,0.27998544141624443,-0.8430539168178486,0.0890436903345849,0.0967293065452395,-0.029626983878064214,0.10671814441925057,0.14200774295707047,0.06805610859537516,0.1056331502139177,0.01620377343800982,-0.015220051157631502,-0.28116160961019454,0.05444584115360216,0.2425489713017051,-0.012667003914711011,0.12568567565146635,0.19257157795155463,0.4217105253832946,-0.23629886820883456,-0.0664156398449039,-0.380980990984175,0.03968442025898623,0.1581556557909498,0.0500469918653454,0.10071779258757038,-0.1606237183744018,-0.005350850148874945,0.06031228322161497,0.059468020346657074,-0.1429574328168085,-0.07876643848244519
0.03637341602187646,0.13486127361372383,0.06323106178203793,0.8857632366951579,0.254340071798817,0.27318801377473334,0.108214452008929,0.21729809095779762,0.09214725213021738,0.08238265545526426,0.16496047761798954,0.19849622685466192,0.13335706206933934,0.16911344050696844,0.1230044107804035,0.19706078205155428,0.13490608848514032,0.07344853265013153,0.18040512912767742,0.17724551338170477,0.10262245196004806,0.1239758026772896,0.060046805371449054,0.13808234958366902,0.13700308984313456,0.14629252088004366,0.11219014986774517,0.055700174689164744,0.1678250067322475,0.03209688074085812,0.1268906575416955,0.16422565095543853,0.11423130650899407,0.15466628409847774,-0.13094629354468487,0.08565099516395439,0.09530544053453663,0.10255243615878214,0.1641226510413858,0.0022548355241491236,-0.021968043196582382,0.05938012098959435,0.13220488929722604,0.13773191650315786,0.03400551873592046,-0.03608329834047134,0.09213045939206692,0.03143819616518254,0.1461775637183721,0.003122671425734413,-0.11892870132789825,0.024667532673659103,0.036231546006440116,-0.022521524945445483,0.05071706362404819,-0.032343771726989955,-0.12317009714241889,0.02048067384438276,0.10035861703190495
0.24927153840908442,0.10819869550169417,0.014085701377627952,0.254340071798817,0.8043165300593754,0.15309125029802353,0.1789550231134546,0.11175572076767468,0.10041925520714995,0.18710465648187918,0.14658511827665974,0.20541920630255908,0.1300435001012153,0.1748588623781524,0.15175101391372983,0.22256641830832316,0.1321383772561661,0.11711201067775903,0.2823988248488081,0.14780003325496335,0.11312426566980038,0.14110411043052853,0.12046081390668664,0.13782661127690166,0.13951038378563618,0.1438737238913615,0.14289310894669838,0.022293847051168915,0.1529709567934697,0.07182273715784492,0.13740211844073616,0.1343585076990121,0.12830542659977964,0.14230839152632097,-0.13204245179760823,0.09024828762608054,0.1218363218685525,0.10018295022335691,0.19653932233265098,0.034708249665117916,0.04305127455863305,0.1299300608141588,0.06563902337654876,0.0549633563748319,0.04515163587562191,-0.01108236693644347,0.09267892015408134,0.033326928173357674,0.19942249606390636,0.020267768582986668,-0.07840652960784708,-0.1867229261406961,0.2658059204966048,-0.006363818938737295,-0.09593469402306433,0.020587618702661157,-0.048259238496379926,0.0904204564738486,-0.02201264650286508
0.06998696152205568,0.08330870903671371,0.1288326434954865,0.27318801377473334,0.15309125029802353,0.8406373469691654,0.07537096837689025,0.19301510530365035,0.18494036008465214,0.10027329436780448,0.20022759891001587,0.25606886144694885,0.1444694889140145,0.1950134643861656,0.15497227593915416,0.19268704488668054,0.19599046387617594,0.0808394689677471,0.28007866223366035,0.2422750326147397,0.11086892439260687,0.1703600399529463,0.019313980658780636,0.10550172457517441,0.18736565722876916,0.3300851766051504,0.1955643834524458,0.01924754332354859,0.34100897231675936,-0.005266970161036536,0.14659168523718605,0.20883637389643875,-0.032235172325209706,0.23081479444381528,0.11638553065713435,0.19655075578299824,0.13359289159230409,0.1365733682639853,0.17983311147400838,0.027639208070192448,-0.10365566072642732,-0.011512822617302724,0.20288236957473682,0.09846718752320399,0.17002932273398177,-0.11931047100693298,0.1902736347301743,0.036508062756808776,0.3085238068487565,0.06600575234980932,-0.42323532441996053,0.014464446852794913,-0.08254391486255061,0.06406270236525302,0.045978238884284414,0.011758038847396226,-0.11208531136431893,-0.007279230555615914,0.03734265846703173
0.20364905358072208,0.21091297653934735,0.14020582470599863,0.108214452008929,0.1789550231134546,0.07537096837689025,0.8794575809452128,0.04855910541275092,0.20197540038088976,0.17114733606205035,0.18386370773134544,0.29141728377228837,0.1356860526693087,0.2063442158225265,0.07102947723859268,0.19483639548198645,0.22360724191942635,0.14158104557050638,0.08452620800988538,0.11823775133123895,0.16160889029611128,0.1810968799308966,0.1479785464502582,0.11049928264091283,0.15181262034023524,0.08067147949329435,0.12624027609557933,0.030607038684498336,0.19602912818367754,-0.022320355746448743,0.11573674215246717,0.1862475670513558,0.07680597538657988,0.21010286895944225,0.08312870146355171,0.07233498100059393,0.09825609197985488,0.07739453126909533,0.16014104788987787,0.01929145890026811,0.04866757420667685,0.14866794347134077,0.12472659846180759,0.05849487572509465,0.07384567521458855,0.10632356878295639,-0.048104597471707276,0.022137445857228544,0.23382301419705712,0.0011987144781326717,-0.02817919138654705,0.006803605177168887,0.1371022837981961,-0.07976203916037765,-0.004405943488850372,0.032866668941142936,-0.07806238691939216,0.08787162998924478,-0.14258348021684003
0.05762393708021657,0.20662463022166144,0.3341577691790956,0.21729809095779762,0.11175572076767468,0.19301510530365035,0.04855910541275092,0.6660723750632231,0.07731263670557596,0.17727325063893037,0.18663616013234677,0.057308025464162915,0.18101117533792185,0.18322235003623005,0.09600641522375447,0.1265879244058711,0.13540345885275587,0.11668297409026819,0.12890757310899378,0.16054347666064672,0.03384377434652303,0.10757759645363484,0.047678570821042834,0.09019713325752655,0.13747300296032733,0.1542401175152129,0.10053454692420362,0.09991824814587878,0.14991491881333677,-0.09887453980700475,0.11813566692076873,0.18121177344964515,0.04000039557497877,0.19408238433101496,0.17340278284511512,0.08914746757441123,0.13846093864895617,0.09831045330232746,0.07491707849096776,0.0034460907397126112,0.06705959053204615,0.034858377016236744,0.12286888274314689,0.06324759323899475,0.03818537869053726,0.08502513299990273,0.10531822410687076,0.01750505367301681,0.11683193741616454,0.060855845420951814,-0.05055656125794083,0.09610779446621893,-0.0035341470586616394,-0.044952535971307564,0.0007632370499474871,-0.06259598567184191,-0.026830341464869054,0.0837525374311695,0.008348874746221441
0.13043004838177144,0.19596354770175087,0.28537254933717005,0.09214725213021738,0.10041925520714995,0.18494036008465214,0.20197540038088976,0.07731263670557596,0.6693097313233374,0.07920859147062642,0.16056441870995516,0.12730142918174148,0.08266288799939649,0.15058298275488313,0.1071959763034594,0.05319800154669959,0.13964310267439192,0.1431361201616981,0.08101624427161631,0.15338174975000407,0.14178628450665381,0.23698289965421873,0.1415239157914456,0.10416479099350905,0.06824094537604035,0.16251240935735645,0.1117960228841242,0.09145621765408836,0.15637215243260058,-0.044754182809833024,0.11379176976488847,0.13732330788914174,0.15559291489480448,0.1215088882018569,0.007460635249413145,0.09232840799017344,0.1588938857975507,0.0982138485014064,0.18061905114405305,-0.009913635485744565,-0.001939367114268796,0.08767183525797198,0.09500640249310482,0.04620223242948188,0.07286846329329098,0.07655187823398066,0.055261991735586366,0.004213397379250239,0.17101961166079813,0.0038127922905871374,-0.11936823756581993,0.03188340806400126,0.12508991492637242,-0.08411266533687738,0.03247189726064999,0.0824953646931941,-0.037497908032621804,-0.07062819535180906,-0.05749551039764473
0.2321809958268048,0.22674189796693286,0.3215624117917553,0.08238265545526426,0.18710465648187918,0.10027329436780448,0.17114733606205035,0.17727325063893037,0.07920859147062642,0.8442609290328136,0.17936083175795006,0.248641694952309,0.1665726618563455,0.11150546213096742,0.1855808036277529,0.134892622698286,0.23886354613775618,0.23719597323157507,0.15970561357949348,0.030192973811151397,-0.016475668927072987,0.11321449597493932,0.1679491908701382,0.05657490358753017,0.1937859906447782,0.06900910279705916,0.24995963905705232,0.08360769398423254,0.13590270145974853,-0.013371495316466236,0.1402569458383276,0.10038704528157873,0.05011136718924519,0.2557895569618907,0.14057179685965868,0.17683149411356125,0.19714977733902375,0.044210016933971294,0.06874174258090084,-0.025782410499233514,0.12909184438757876,0.05703476970801471,0.006543418797620134,0.05689322127122918,-0.05286939065815916,0.1603536418090744,0.118559233217228,0.008209332020500847,0.08071704420337178,0.07136308728345492,0.04805206267812936,0.00823886904096057,0.058829581128741745,-0.06935273055610042,-0.0620586505942822,0.10141848586155361,0.10600234172107803,-0.20129773199825496,0.007747298062734363
0.13338397087706272,0.1897123605654846,0.19791739246076642,0.16496047761798954,0.14658511827665974,0.20022759891001587,0.18386370773134544,0.18663616013234677,0.16056441870995516,0.17936083175795006,0.44279409681547155,0.2565428546273037,0.14506042799416213,0.1411607971197704,0.21803894659639622,0.14347380667711648,0.2075343249459294,0.13544174019657873,0.09999685273782896,0.22961843217057737,0.17712316983471396,0.1281461960809421,0.10288125370371219,0.11683277742069653,0.1592565746163029,0.12512863246341907,0.20060969188475047,0.10418424089991916,0.21538209444795758,-0.0056391610319394304,0.15717154692069651,0.12880224814285282,0.09016788737061576,0.1509765689364274,0.13609546525452412,0.09902794782591666,0.16594051458163395,0.13132910228855346,0.1683419927710822,0.052941417066627985,0.06775882406530487,0.11492073444368771,0.12366999755391696,0.02076633774335713,0.12518646205876505,0.05415991207890832,0.09832995137287943,0.029114376523827482,0.12169200210516326,0.001542954895682588,-0.13377269130714453,-0.011513194369539582,0.13251602948806812,-0.022428848182652786,0.012778636069107592,0.05494198839827761,-0.04658216178525237,-0.006621691951713908,-0.05342999253305197
0.15578462721321218,0.18390266270607145,0.14343589965558423,0.19849622685466192,0.20541920630255908,0.25606886144694885,0.29141728377228837,0.057308025464162915,0.12730142918174148,0.248641694952309,0.2565428546273037,0.6077000935397223,0.11795697022327058,0.17803485818299575,0.17018192963924642,0.20983433484914804,0.2097520325641753,0.17211206722140832,0.161019357073143,0.1602042508148206,0.14617494101464035,0.15158994192322864,0.13226115775207947,0.1257817823820904,0.22478757953115233,0.1582735512111471,0.1956970392469791,-0.021259601498690717,0.2584581229565877,0.014484779660804985,0.1624116035818357,0.1767359167301043,0.06660220231565005,0.1813909545669043,0.15827707477050384,0.1739097395246845,0.10977419069445231,0.10068163060277552,0.1548325886217134,0.04620606073067002,0.032475133861195986,0.09591778637172277,0.12046820530305345,0.05255336341756114,0.11829094318324994,0.0054437439020360075,0.10040373471159178,0.035936999062981825,0.21931268240998947,-0.029512857923272833,-0.11423918215190007,-0.023045697236516116,0.037054680695898366,0.005093748922490767,-0.0024458495035238684,0.048784496812186925,-0.10754863607058973,-0.04077361732584155,-0.014641591788335753
0.07307444825784237,0.13536923838218204,0.13664016697133835,0.13335706206933934,0.1300435001012153,0.1444694889140145,0.1356860526693087,0.18101117533792185,0.08266288799939649,0.1665726618563455,0.14506042799416213,0.11795697022327058,0.3243906695709165,0.1320917043998265,0.0594943037214607,0.15482978546348355,0.09722068305971784,0.12346808470151867,0.11361833350325298,0.08919582032371366,0.03514500033954636,0.14226460355646098,0.07375295288609039,0.08968541392597873,0.11443220266783409,0.14258961941704432,0.10045019973148882,0.05899083630698269,0.1505049145451898,-0.012195125940857306,0.11941976795199918,0.13577555572783523,0.0607027636253616,0.14364843462596527,0.09562944776911095,0.12698255695647082,0.09111863838403458,0.06122488087838652,0.08616410237539454,0.016755802039876123,0.06712074232187167,0.05591814025628965,0.07635823324678455,0.037157050375178406,-0.011009296570088476,0.07195030148715223,0.07764281248948626,0.007012265957555032,0.12818331916639417,0.08543450337566597,-0.047468559398117005,0.029494663181605877,-0.050390635571320216,-0.053946311364251674,0.018549155682797948,-0.032907300779091875,-0.026526350859157714,-0.04231336629268467,0.06455383790269426
0.06732140608456544,0.10670354943119782,0.11319845246192631,0.16911344050696844,0.1748588623781524,0.1950134643861656,0.2063442158225265,0.18322235003623005,0.15058298275488313,0.11150546213096742,0.1411607971197704,0.17803485818299575,0.1320917043998265,0.5521631223885319,0.16543470186896828,0.273459205320239,0.12999790560997318,0.09014551878542604,0.12363231499997206,0.18268182672079633,0.11667519874709899,0.17688294002393787,0.13057795160976796,0.19834864894900725,0.18509372040647695,0.17444125797953333,0.041537241499137734,0.028508234718114714,0.27341527407417715,-0.05148728068886106,0.12931057074494065,0.49584611648025007,0.02361327932154928,0.16275216270118745,0.16376088803484895,0.13154588212469295,0.04166505555227755,0.11468425642354434,0.11500132661964377,0.08001688008275917,0.12561375492266633,0.11810034803677211,0.16814838960991985,0.07556132940516071,0.06562429841940116,-0.06238045524296793,0.07142249397952787,0.01977042638595734,0.3045399273892372,-0.05110298642953129,-0.08631269073144615,-0.0920999058173379,0.11490642893647846,0.05387001829977811,-0.06528668087371135,0.03327463070303885,-0.14450596804964852,0.08887126925044557,0.09880375229541512
0.16241498913312244,0.22898959175757339,0.1922436604418422,0.1230044107804035,0.15175101391372983,0.15497227593915416,0.07102947723859268,0.09600641522375447,0.1071959763034594,0.1855808036277529,0.21803894659639622,0.17018192963924642,0.0594943037214607,0.16543470186896828,0.6957884290839149,0.07992349821179769,0.17084703530542142,0.11225037194231537,0.11544873058421011,0.21876465011210655,0.2297604119388218,0.046047214769390936,0.12423572544282081,0.13430799327720772,0.21013078537710786,0.13689203687940443,0.1797281241998532,0.10594957285425913,0.24023577705222993,0.011759751227272967,0.13197592725604804,0.1607294825546447,0.10177108653731781,0.11889391505656662,0.055944996150302545,0.06965893866551506,0.17077242953624397,0.11364780550484083,0.1616299752623972,0.04152380850176613,0.09568964389899608,0.1675466872438374,0.12894144305584915,0.01614950806081933,0.13687336678305564,0.019871605078265683,0.07833107665600134,0.048032623896156826,0.11373377849375628,0.19522336025645046,-0.15024484187783468,0.0756628654763752,-0.04367450349380905,-0.0240036365831728,-0.003842081235475447,0.06695343280874323,-0.10313325566409808,0.012427555936613866,0.02091579098048796
0.06426429986649117,0.08211645988324144,0.03871914083449097,0.19706078205155428,0.22256641830832316,0.19268704488668054,0.19483639548198645,0.1265879244058711,0.05319800154669959,0.134892622698286,0.14347380667711648,0.20983433484914804,0.15482978546348355,0.273459205320239,0.07992349821179769,0.5668340166849527,0.16866374344014035,0.09936930429440932,0.15113934448404903,0.14686926431003,0.08605735030896802,0.2317983576215788,0.11077911789678559,0.15675641442826796,0.166058945509838,0.16615783646076385,0.13132265841192656,0.07675608649237654,0.22824609238591462,-0.0009276340879565585,0.12109841553914251,0.2528750743319686,0.04779752275953951,0.1600600409994512,0.2457825390758105,0.09470716302185837,0.11076401434840322,0.09043204571951885,0.1659234121837665,0.09948000882760798,0.13899305965284278,0.12488667778414214,0.18302927889621431,0.08924673229957174,0.05508212909671677,-0.039697144629385304,0.097476880845392,0.008616844335635981,0.27776824568099084,-0.13401533286507025,-0.1630155194437153,-0.047442701379059676,0.12081450914935238,0.04257616211733017,0.04380166158077694,0.01495850362269499,-0.15157876053928446,-0.03229512066603977,0.15019223174446122
0.05264872450874806,0.16147856339324482,0.10717510084031133,0.13490608848514032,0.1321383772561661,0.19599046387617594,0.22360724191942635,0.13540345885275587,0.13964310267439192,0.23886354613775618,0.2075343249459294,0.2097520325641753,0.09722068305971784,0.12999790560997318,0.17084703530542142,0.16866374344014035,0.7964595207482944,0.08873895602774459,0.20042285967050397,0.28103736225048137,0.2827487423270237,0.17834177504900905,0.11506382826662112,0.15272858002223647,0.1655162671031954,-0.021490911219674624,0.2586172275352138,0.14929637164559423,0.2741288741548197,-0.002861287978718969,0.14952326845788708,0.12078914865738899,0.16706011782064464,0.16732715883089325,0.09992043838123098,-0.0164888298999002,0.31247794520710404,0.15134610788946667,0.28506826817268893,0.11088609339485525,0.07598883763711108,0.16350175586584953,0.19009449138439044,0.06784647848875858,0.20664847421406177,0.0772625855283212,0.09849724239138018,0.04356537709952881,0.21436273525220176,0.230993968832504,0.04727715895556681,0.11036893966998018,-0.027631258959613787,-0.10791818989118404,0.06905162903505846,-0.016806752547247727,-0.07392803524649844,-0.013127010701415021,0.09216405405903857
0.2002339075884608,0.32738374429168104,0.2730064849126844,0.07344853265013153,0.11711201067775903,0.0808394689677471,0.14158104557050638,0.11668297409026819,0.1431361201616981,0.23719597323157507,0.13544174019657873,0.17211206722140832,0.12346808470151867,0.09014551878542604,0.11225037194231537,0.09936930429440932,0.08873895602774459,0.807461211575596,0.09907141065675289,0.004521678180297943,0.16938656519245185,0.16531530492479976,0.41930484998457573,0.061383727878138596,0.18733380735966335,0.2588592385359761,-0.10695919757555197,0.07111378118414088,0.19648411833029022,-0.11174558067203343,0.3053031288058422,0.07918140604795473,0.15553029680956953,0.16500381550612558,0.03931828056396644,0.26413598086084056,0.2355899921479477,0.034902589515146104,0.15676029220007087,0.072220073989978,0.0642141902192122,0.015335919565348284,0.1524493875762116,-0.009472654251473577,0.10527701812979234,0.16367486696048267,0.26572562432475627,0.008433953777853486,0.006046525280258047,0.2305996210504324,0.1599989032495067,0.030229953233028524,-0.13438458144846518,-0.17712910335990742,0.04073016319350239,0.033293705166929186,0.025815540882691165,0.0006969835153555025,-0.14039617080005395
0.11798205811729807,0.11237012761740811,0.09883290138904775,0.18040512912767742,0.2823988248488081,0.28007866223366035,0.08452620800988538,0.12890757310899378,0.08101624427161631,0.15970561357949348,0.09999685273782896,0.161019357073143,0.11361833350325298,0.12363231499997206,0.11544873058421011,0.15113934448404903,0.20042285967050397,0.09907141065675289,0.6667928591933677,0.07047964236266205,0.2101340289879059,0.1358757241184349,-0.015512113496412525,0.09336018098693431,0.08692516553320984,0.031124503351101566,0.0937739286846155,0.11256506086941467,0.12015857693197586,0.028299948362167832,0.16420772863137234,0.16040659433949073,0.0682520165093101,0.09865384559942511,-0.030938482668400585,0.09768546765075974,0.07142222394053307,0.06283711864717902,0.2079066252158166,0.07126120045673566,0.00932675158869614,0.14214488968366307,0.06130531877726838,0.08861068371176323,0.12676779056549542,0.043901318828103074,0.048151078638126225,0.042688369152739304,0.04687411894348966,0.09562763516995194,0.2926653636345761,0.33534864407299714,-0.315527390199487,-0.09368420676141982,-0.0819743754139655,-0.0034410817192916253,0.008022883291257277,0.08987944268679685,-0.04931509751548086
-0.02878490972791046,0.19034529412685866,-0.014607785542487794,0.17724551338170477,0.14780003325496335,0.2422750326147397,0.11823775133123895,0.16054347666064672,0.15338174975000407,0.030192973811151397,0.22961843217057737,0.1602042508148206,0.08919582032371366,0.18268182672079633,0.21876465011210655,0.14686926431003,0.28103736225048137,0.004521678180297943,0.07047964236266205,0.9271066009821035,-0.02936934880341205,0.0996600723266375,0.11685202748460277,0.2646856235127305,0.1383139045694434,0.1855766483515892,0.2620981401657107,0.17700837727818225,0.2985063652168196,0.20151292151331074,0.17666246404386118,0.17404335570298904,0.2549139622390424,0.2007272585246557,0.008227836689348721,0.05927674206194563,0.4698426669215329,0.437118823634028,0.5253508782166347,0.1681395185403407,-0.024462717995669698,0.00035136644964313613,0.3269560124867627,0.03761970162572199,0.3858664464482075,-0.07703142353114649,0.08950756013370043,0.109593046258299,0.46925741630842016,-0.02041831213900407,-0.30901171945934947,-0.025979429292248737,0.23390487178715474,-0.012728794975035493,0.052506530921946674,0.007567623448899576,-0.15220196230769276,0.030589286847736163,0.09258671807286505
0.20611318670138246,0.3115316225450827,0.22819998565269892,0.10262245196004806,0.11312426566980038,0.11086892439260687,0.16160889029611128,0.03384377434652303,0.14178628450665381,-0.016475668927072987,0.17712316983471396,0.14617494101464035,0.03514500033954636,0.11667519874709899,0.2297604119388218,0.08605735030896802,0.2827487423270237,0.16938656519245185,0.2101340289879059,-0.02936934880341205,1.0368151952384295,0.17386827050008294,0.1765559990886104,0.0712568296877051,0.043473895748145315,-0.1306214642028024,0.03765363196816877,0.10965965935906359,0.26183587688927484,-0.03289662353776866,0.081921414532093,0.10105598870883463,0.05055743170055147,-0.0025756322065418266,0.06858899628828863,-0.061583079194493656,0.07471272897790715,0.013518895576810349,0.18432333860099803,0.13215953290890167,0.11405219531079415,0.3964852880344873,0.1093356182693731,0.0576376802625191,0.3602621725534855,0.05815855717900376,0.08056578961468724,0.020991176088049353,-0.028234000794940144,0.05021613828694406,0.14382277739982977,0.13837098094914577,-0.049507131215342046,-0.07940866029606321,-0.021201526427247524,-0.02931035636199065,-0.021196206188565783,0.17422181301037334,-0.1293087654322971
0.09119552493820905,0.13128855270720957,0.15726654099095005,0.1239758026772896,0.14110411043052853,0.1703600399529463,0.1810968799308966,0.10757759645363484,0.23698289965421873,0.11321449597493932,0.1281461960809421,0.15158994192322864,0.14226460355646098,0.17688294002393787,0.046047214769390936,0.2317983576215788,0.17834177504900905,0.16531530492479976,0.1358757241184349,0.0996600723266375,0.17386827050008294,0.5855030021099114,0.20187519133052223,0.14462616057813865,0.07316991019752932,0.18424716083779094,0.1159092002134732,-0.031661345422944465,0.28181344565260114,8.374697526938483e-5,0.12035679271175735,0.18266202268143977,0.1283071824333706,0.16540267916260332,0.11055808262167299,0.10760902947448303,0.10544408341187135,0.0812843551382625,0.27955305879195297,0.05358608847539197,0.09094388628869267,0.2047012512745614,0.15322180977403826,0.10587053558717589,0.04348388496008443,0.08151852910437797,0.09763437724907109,-0.0716396173790045,0.33637092888184317,-0.015233554571843671,-0.1330652375876774,0.001725711983949548,0.009729561841128248,-0.030031248137785835,0.032174198800608476,0.01844327940508367,-0.06410447707047354,-0.03624162565979808,0.019018483220124643
0.019482312227565954,-0.0060228560920020996,-0.00526258214926192,0.060046805371449054,0.12046081390668664,0.019313980658780636,0.1479785464502582,0.047678570821042834,0.1415239157914456,0.1679491908701382,0.10288125370371219,0.13226115775207947,0.07375295288609039,0.13057795160976796,0.12423572544282081,0.11077911789678559,0.11506382826662112,0.41930484998457573,-0.015512113496412525,0.11685202748460277,0.1765559990886104,0.20187519133052223,1.1567449450335918,0.37406067229128753,0.3054984851202199,0.033149265115023314,0.07826071669557833,0.12736923610507647,0.3757892212071006,0.17697232536043891,-0.11832304249987752,0.09389404246181361,0.4112271898840957,0.1759470175544465,0.03338142507935462,-0.03575487927020542,0.33056612863209983,0.057897105302582734,0.4893491336442503,0.14848458265142678,0.09027587963435608,0.2202021755399943,0.2070939696019427,0.016648683770786658,-0.005109332900543421,0.13047681242237252,0.2915015020472688,0.052841428180856284,0.27054265363436264,0.23774291610826168,-0.26243821504012815,-0.006761530537164823,0.18679586292894562,-0.1287587599706835,0.10388310993657131,0.022634880439816707,-0.08654828568772456,-0.05947643346072069,0.0833445345970751
-0.1310087732220133,-0.044747796672134896,-0.14213350762211738,0.13808234958366902,0.13782661127690166,0.10550172457517441,0.11049928264091283,0.09019713325752655,0.10416479099350905,0.05657490358753017,0.11683277742069653,0.1257817823820904,0.08968541392597873,0.19834864894900725,0.13430799327720772,0.15675641442826796,0.15272858002223647,0.061383727878138596,0.09336018098693431,0.2646856235127305,0.0712568296877051,0.14462616057813865,0.37406067229128753,0.7784730859664093,0.25508225719394023,0.08348564425771632,0.19531741000789213,0.3906923870002454,0.10241298019829578,0.5486522489095923,0.3361750719275608,0.23496842745667712,0.5241017079700573,0.07354578335919393,0.030869417991875904,0.2965643569671928,0.28283388489019834,0.1685421458459519,0.18570781350277302,0.05983499853901784,0.10277512996435365,0.17620090003046152,0.1821289504155256,0.05039100217156617,-0.03321161757660408,-0.017609219878124506,0.32334681016130584,0.0942516741411402,0.2897171128987614,0.05067026215015513,-0.2608699885223178,0.16691596384611357,0.011348396490790882,-0.046198042763926854,-0.016140479685635277,-0.07178842771803892,-0.06664110229207802,0.054368537783565436,0.10705528461168733
0.12744694458004255,0.07550597280142513,0.09363788492939076,0.13700308984313456,0.13951038378563618,0.18736565722876916,0.15181262034023524,0.13747300296032733,0.06824094537604035,0.1937859906447782,0.1592565746163029,0.22478757953115233,0.11443220266783409,0.18509372040647695,0.21013078537710786,0.166058945509838,0.1655162671031954,0.18733380735966335,0.08692516553320984,0.1383139045694434,0.043473895748145315,0.07316991019752932,0.3054984851202199,0.25508225719394023,1.278312428773338,0.28703420185703593,0.1938358918553733,-0.05848277780586901,0.42565838181461846,0.07552346350636113,0.17868270875229855,0.19817557461091037,0.1373505551088152,0.25886687919597384,0.13606505987770304,0.20737729166006108,0.07305622887931464,0.11296878538391647,0.22119542207832962,0.044304435275948115,0.12827835596031037,0.11184284595209963,0.1601817573383371,0.050388471836718636,-0.005223239526572311,0.0553931954615593,0.16068384288906587,0.013914802636366,0.060649386084287576,-0.02674865492633161,-0.27463294016042433,0.04206886733653496,0.007514513398199749,0.0010629393611176234,0.00023094671130533936,0.004687898185297152,-0.09811040263599241,-0.030877292147501866,0.10833052413033997
-0.0011175494744121404,0.022058681463386774,0.051099958293427915,0.14629252088004366,0.1438737238913615,0.3300851766051504,0.08067147949329435,0.1542401175152129,0.16251240935735645,0.06900910279705916,0.12512863246341907,0.1582735512111471,0.14258961941704432,0.17444125797953333,0.13689203687940443,0.16615783646076385,-0.021490911219674624,0.2588592385359761,0.031124503351101566,0.1855766483515892,-0.1306214642028024,0.18424716083779094,0.033149265115023314,0.08348564425771632,0.28703420185703593,2.2964305781061367,0.2260840977149422,-0.07610856956278629,0.14681467184241764,-0.489707713091405,0.29298554544364674,0.21039996611603298,0.1565326925746207,0.154907801099104,0.0372098218239001,0.2847325641879819,-0.30442394192100275,0.11810486855417808,0.21621400059960103,0.10841405249504807,0.264428158602164,0.07787283895741054,0.08453572342173411,-0.12105017068354286,-0.059989681291303304,-0.21555571851204117,-0.1393014851645549,0.06049936139109136,0.7506876371946547,0.29441005400416326,-0.812161554135543,-0.21865446970437652,-0.1952788464811186,0.07511221692930921,0.04158202531922888,-0.015746915648328263,-0.11506621225776334,-0.14249247071512341,0.21363173521642487
0.09846281516063154,0.19245433209371263,0.058787203465623016,0.11219014986774517,0.14289310894669838,0.1955643834524458,0.12624027609557933,0.10053454692420362,0.1117960228841242,0.24995963905705232,0.20060969188475047,0.1956970392469791,0.10045019973148882,0.041537241499137734,0.1797281241998532,0.13132265841192656,0.2586172275352138,-0.10695919757555197,0.0937739286846155,0.2620981401657107,0.03765363196816877,0.1159092002134732,0.07826071669557833,0.19531741000789213,0.1938358918553733,0.2260840977149422,1.368530469905594,0.14767512309700037,0.06533119214629486,0.12198206169503711,0.113957714708605,0.0586474006850794,0.19951968631926087,0.059712511905687576,0.18242108638159318,-0.06333581586883354,0.20043999395586873,0.1508301789248863,0.19819156993813739,0.07912908253429442,0.284705908871979,0.2366449523728737,0.10637418323667533,-0.0005746258233142054,0.15165841993065474,-0.032959752537057165,0.034666348565151626,0.053846190193386025,0.48707307982912684,-0.07347295238967046,-0.3552903346287088,-0.00914140092040935,0.13461811926717504,0.13138582411784078,-0.002327772642575537,0.05005962071533014,-0.006169292442299999,0.07442513294222469,-0.1208555780952938
-0.07572681753793345,0.18635122790472303,0.20189461815716833,0.055700174689164744,0.022293847051168915,0.01924754332354859,0.030607038684498336,0.09991824814587878,0.09145621765408836,0.08360769398423254,0.10418424089991916,-0.021259601498690717,0.05899083630698269,0.028508234718114714,0.10594957285425913,0.07675608649237654,0.14929637164559423,0.07111378118414088,0.11256506086941467,0.17700837727818225,0.10965965935906359,-0.031661345422944465,0.12736923610507647,0.3906923870002454,-0.05848277780586901,-0.07610856956278629,0.14767512309700037,5.684573599605455,-0.878498496925463,-0.4861902895353104,0.311966882280627,0.03996124779162866,1.0076968467366727,-0.007865622053828195,-0.04379815547117142,-0.8344085108118952,0.36696129577690295,0.12701156035035868,0.2641203146629313,0.013985486946978255,0.6963530700835809,0.8222028445923687,-0.017554875352144315,-0.07536035057793579,-0.33373611059084823,0.20713761211959497,-0.1618912134906469,0.20769505200792077,0.014884646091106953,0.051298862733542804,0.12478056703452647,0.2867703800259052,0.15547037872758293,-0.30362490138194637,0.010498088603802707,0.037603014585530614,-0.07541041403542849,0.19008083938823123,0.05827038092348272
0.21265257050550893,0.273715179276656,0.27998544141624443,0.1678250067322475,0.1529709567934697,0.34100897231675936,0.19602912818367754,0.14991491881333677,0.15637215243260058,0.13590270145974853,0.21538209444795758,0.2584581229565877,0.1505049145451898,0.27341527407417715,0.24023577705222993,0.22824609238591462,0.2741288741548197,0.19648411833029022,0.12015857693197586,0.2985063652168196,0.26183587688927484,0.28181344565260114,0.3757892212071006,0.10241298019829578,0.42565838181461846,0.14681467184241764,0.06533119214629486,-0.878498496925463,2.1158508306311723,-0.059819117852406956,-0.10065247510571748,0.29306496861292636,-0.07210820062626577,0.21741939519205467,0.17663494949615346,0.2840552350574822,-0.09846707496337442,0.09302456332156785,0.2914576776662177,0.13212246054453752,0.05746868128770606,0.10248369767519504,0.3720778981587251,-0.08912714416237248,0.16893568354195998,0.21996637164545643,0.057256472492378516,-0.10721242388596888,0.42982153982908405,0.321221261005684,-0.5156648959175032,0.027321727262981915,-0.21254464049060662,0.06563918086796344,0.11406720708415481,-0.005211386264620952,-0.28564581572068687,-0.029292993174011454,0.2328842053522723
-0.3504645346536478,-0.3243514005573806,-0.8430539168178486,0.03209688074085812,0.07182273715784492,-0.005266970161036536,-0.022320355746448743,-0.09887453980700475,-0.044754182809833024,-0.013371495316466236,-0.0056391610319394304,0.014484779660804985,-0.012195125940857306,-0.05148728068886106,0.011759751227272967,-0.0009276340879565585,-0.002861287978718969,-0.11174558067203343,0.028299948362167832,0.20151292151331074,-0.03289662353776866,8.374697526938483e-5,0.17697232536043891,0.5486522489095923,0.07552346350636113,-0.489707713091405,0.12198206169503711,-0.4861902895353104,-0.059819117852406956,3.462823146579201,0.24678665911959713,-0.09064953953195615,0.2967613289268181,0.18225985465040448,0.02126777116582576,1.4416718833376225,0.9090477703252013,0.17980954327239482,-0.5230919580886649,-0.16362274770967722,0.19614195695424524,-0.2907036387758489,0.5161444740346507,0.05749274088626513,-0.08279200985547068,0.21479037377052188,1.3964465280061393,0.012111086620893705,-0.13009791668131868,0.15689812511183124,-0.5111979028790854,0.29252789183677796,0.005050971385050459,-0.04401933208310707,-0.10306837610403981,-0.0016603940555867986,0.06720493568542592,0.36949780939639,-0.4818844100822806
0.06859317166488284,0.18619530912610446,0.0890436903345849,0.1268906575416955,0.13740211844073616,0.14659168523718605,0.11573674215246717,0.11813566692076873,0.11379176976488847,0.1402569458383276,0.15717154692069651,0.1624116035818357,0.11941976795199918,0.12931057074494065,0.13197592725604804,0.12109841553914251,0.14952326845788708,0.3053031288058422,0.16420772863137234,0.17666246404386118,0.081921414532093,0.12035679271175735,-0.11832304249987752,0.3361750719275608,0.17868270875229855,0.29298554544364674,0.113957714708605,0.311966882280627,-0.10065247510571748,0.24678665911959713,1.0082529742026045,0.1640713629923326,0.241141022132932,0.07221776175715054,0.010257465910729655,0.6285912354509532,0.14741011270719964,0.1632874399354998,-0.042815203491117525,0.020596259414619858,0.10142482949490723,0.015102079776142845,0.06815450512142057,0.020730876498720026,0.08752982298481254,-0.002062296770440556,0.2385117486333291,0.06291319101657032,6.437472085599687e-5,0.07290849631082491,0.048486246515675686,0.18780559057761442,-0.19894156171666472,-0.08342292053235609,-0.0885323987382206,-0.029856359500770452,0.07059874753823486,0.02174047224666898,-0.08247668932002991
0.024698902222031735,0.08804121351529923,0.0967293065452395,0.16422565095543853,0.1343585076990121,0.20883637389643875,0.1862475670513558,0.18121177344964515,0.13732330788914174,0.10038704528157873,0.12880224814285282,0.1767359167301043,0.13577555572783523,0.49584611648025007,0.1607294825546447,0.2528750743319686,0.12078914865738899,0.07918140604795473,0.16040659433949073,0.17404335570298904,0.10105598870883463,0.18266202268143977,0.09389404246181361,0.23496842745667712,0.19817557461091037,0.21039996611603298,0.0586474006850794,0.03996124779162866,0.29306496861292636,-0.09064953953195615,0.1640713629923326,0.7401524869837719,-0.021132812868123445,0.15412485429343653,0.16591693268520807,0.19063641002104126,-0.08477749272417293,0.10961978454677646,0.09196019362311506,0.0911240600578296,0.1480589463318525,0.1877744653756759,0.1633835225343697,0.0738807166636966,0.09377372098240097,-0.11309418423529144,0.02059275434104573,0.026066142441223385,0.3059330525900017,-0.06647436043721938,0.030977549890755438,0.30399127486373106,-0.4855818716486648,0.09065832370354508,-0.08131491126925124,0.037609940243521045,-0.14001792001272892,0.09245817700454907,0.08537796557561078
-0.02092614442327802,0.05356723891692954,-0.029626983878064214,0.11423130650899407,0.12830542659977964,-0.032235172325209706,0.07680597538657988,0.04000039557497877,0.15559291489480448,0.05011136718924519,0.09016788737061576,0.06660220231565005,0.0607027636253616,0.02361327932154928,0.10177108653731781,0.04779752275953951,0.16706011782064464,0.15553029680956953,0.0682520165093101,0.2549139622390424,0.05055743170055147,0.1283071824333706,0.4112271898840957,0.5241017079700573,0.1373505551088152,0.1565326925746207,0.19951968631926087,1.0076968467366727,-0.07210820062626577,0.2967613289268181,0.241141022132932,-0.021132812868123445,1.9095439543451025,-0.1534520357199612,-0.3708773736263314,-0.1767138060216092,0.5621564849345367,0.15762837731381238,0.3931114990619776,-0.14594493031705877,-0.4288247810339236,0.2513308771069874,0.25618179072635977,0.11577482568290268,-0.3625347007548935,-0.05176211164647335,0.35350715369607383,0.259407065609193,0.43128770324582494,0.2839819513672849,-0.44618582994330813,0.21272593386811514,0.1912382604982585,-0.29662471932392487,0.22118861017644706,-0.018800394940845105,-0.10897784344459818,-0.02914475436225477,0.1182434081575358
