1.054945577671129,0.3611395103260319,0.396477136590612,0.12288570261363219,0.2568949712100729,0.138376124069429,0.2997260245995913,0.20456802033970933,0.15294655776138472,0.1752810047361795,0.1928802748412721,0.21021216420317557,0.22181367632196006,0.219783857534176,0.12506658599052625,0.15635492967680942,0.16354410002328643,0.2548341332484367,0.14928473406033602,0.10223626073424393,0.16464396602115752,0.34788711853842197,0.18978583310301556,0.09638479834440336,0.1686913278264526,0.16875110936851057,0.16135586345566363,0.10321416672304781,0.13668812925238108,0.20773777869099627,0.17111230290333557,0.17202208840977687,0.18320972127463497,0.02737132422828417,0.09393441992311856,0.16870948223083146,0.24397486042206656,0.30618231597741297,0.19227570092532612,0.08598419923300152,0.20936491645740005,0.13465199986454035,0.19870664420862402,0.3095253321349682,-0.009586453586094902,0.2707206398354296,0.2143593848086548,0.01019381942040101,0.24157026129411435,0.0648958346010923,-0.018440522042367676,-0.12279775880048263,0.08474404462237992,-0.0339568893970021,0.030593839399230792,0.010454348508842921,0.037238415112638666,0.114499282052235,-0.254513957998064
0.3611395103260319,2.9933084421582734,1.1185336384883806,0.45107351053420314,0.22098904462180263,0.20373320762319247,0.3739580994308994,0.4032596822319436,0.23814179070737468,0.3212916990200479,0.3732864239428685,0.30747940052517064,0.3563982980413061,0.2708225578709332,0.4226681067109635,0.22906812762441867,0.4460732904233711,0.3580243241032435,0.21205561560494313,0.3068531301578334,0.2723630751232438,0.3497170881563213,0.08017794842738468,0.03432279120774691,0.28872365716111004,0.384395213708924,0.2515839887408305,0.30247424269111406,0.47271812777748445,0.04658850395929972,0.26611173315198605,0.21802583841321735,0.4009778814396773,0.5535493160331568,0.2830655303554001,0.28457179696114,0.871654668114615,0.3120305509245343,0.31026222239191875,0.014062298310374562,0.2613446778767391,0.3159176850452098,0.2726905654128477,0.3276411058840189,0.11596466948846593,0.38553595741805297,0.24344321959163773,0.008070111322725669,-0.1847612662945926,0.09705333271418985,0.05743426283371087,-0.04418142622969685,0.0565213429489881,-0.21477701007559452,-0.8719136270048146,-0.3882994068769219,-0.5441132543961248,0.934481795424649,0.6719397706165278
0.396477136590612,1.1185336384883806,2.515288625002823,-0.02061120921073063,-0.2442989995534768,0.23504712326201527,0.14594897750985628,0.2997507053088672,0.37501866686005886,0.1108926970636794,0.19380750387125292,0.22433758103513016,0.18104218665441282,0.11141648113858903,0.20209774574738018,0.035576852400433866,0.32326679097372335,0.1760983863291466,0.10118678371345372,0.140747699933823,0.17290684484322183,0.32188705512342913,0.059917328227699726,0.08398949484589713,0.18354330077899547,0.32845501928567594,0.13190959248896694,0.1791893664353687,0.20127333264706018,-0.49459433369037653,0.19803487590351274,0.11357363784833897,0.2527978281641171,0.3558268209791067,-0.034560211255476335,0.22799637665606176,0.4360406588067615,0.2558112606784824,0.10430839455768205,-0.32235436105780124,0.06551678735550326,0.16353311085758174,0.09456885028139898,0.07087243134596101,0.30518722758133787,0.3463418890197515,0.12425008061830653,-0.0861548241456803,-0.14986919728499867,0.13252079979657874,0.07055146310637857,0.32444074021797026,-0.22666589343794033,-0.3487914333776886,-0.15564041874234721,-0.007669389655550566,0.08131439121478622,0.3603081388811354,-0.4230698759987368
0.12288570261363219,0.45107351053420314,-0.02061120921073063,1.1592003680683454,0.6991105683217028,0.30262347666043604,0.3890312894281047,0.42793816921547384,0.11218264681615259,0.38812264376900013,0.3588348901792532,0.3081332647531992,0.3894650685857243,0.34731472520442297,0.2781046917221601,0.3557947622196184,0.3489746412980301,0.3080003294598194,0.32526830727562206,0.24583597129747786,0.2909642216491294,0.4066646714922675,0.25426172218464516,0.17872820576532691,0.3071598846179364,0.21042930117787545,0.25535763905886283,0.17887050118548783,0.3703638500226276,0.31270426566090104,0.26026632894673113,0.28230510582806667,0.30043419810342376,0.4757703030520767,0.3044766317800505,0.2732736116430146,0.5164182778362645,0.30356511413837134,0.40443859586246594,0.23271024940677237,0.35056219590856186,0.2907737481251247,0.2508602407401633,0.509532325090578,-0.19938154244028547,0.341891271109328,0.45770407059339024,0.035160211443775076,-0.04946990276480562,0.1692938875038831,-0.16716098715495986,-0.28796166014134805,0.27087111684372983,-0.027644283269052005,-0.22548581468086756,-0.1852545352682142,-0.6371399157151901,0.4325500643046199,0.47011275335817493
0.2568949712100729,0.22098904462180263,-0.2442989995534768,0.6991105683217028,1.35958505644883,0.16854841517824642,0.36322517028866386,0.3240253733147238,0.004932029276937956,0.42856561940867105,0.3337267320548251,0.2870948371877543,0.3989630353234208,0.28519860786533713,0.2500352299443813,0.3422830372980415,0.25585134314825614,0.2639221904794356,0.4655240843341373,0.28283960927684504,0.22256932578341435,0.3620749627242938,0.25655762533081855,0.18579472916084488,0.25122571413221445,0.19673104151174828,0.2478759071815298,0.11087864583492794,0.36353263185261425,0.5035008625290146,0.22101446161740124,0.21431619507936434,0.16649808766571275,0.3265196911921365,0.40460712806692734,0.3086926108267551,0.29253837191796994,0.21306873375208937,0.34199914989484126,0.32550524794413244,0.4079415921682169,0.2849782717706616,0.21985356988141438,0.4209986299437667,-0.13502419798554335,0.3826891858434317,0.4139290789365903,0.0553808418030286,0.11270485407284818,0.1163081078401778,-0.18731333085321403,-0.5999644060607807,0.44500741494243756,0.1810538282092036,-0.1796893534836394,-0.0638690655476493,-0.172449410528754,0.23396505364294845,0.08793865467881627
0.138376124069429,0.20373320762319247,0.23504712326201527,0.30262347666043604,0.16854841517824642,0.8114949886799829,0.09813053818833828,0.6040869454772886,0.2228360878008171,0.28640521468655167,0.4075591974791812,0.31692253397891795,0.3828068318181622,0.2607074942377348,0.2282819403601252,0.2858849131185384,0.38491469422036445,0.2607010629260978,0.3562249827795257,0.3760711948399516,0.3003033078166134,0.4891091967947971,0.2109037178235907,0.22078453754750924,0.31397467866012646,0.34202769174494607,0.2825002777059808,0.16873223110304916,0.378393405788611,0.13118585761787666,0.2790213978498114,0.23700412935671827,0.20298599669379597,0.462129913972763,0.2048255239860855,0.1917320024669508,0.5041793809310696,0.4184778088395796,0.4133840795933054,0.2659291925456188,0.23434738366768398,0.28646444563051054,0.38694240220452664,0.42242958925405233,0.1298240915850732,0.3487216071825662,0.6231102783366264,0.016408977383851286,0.14470621789768415,0.20797354331091675,-0.1954908499339971,-0.12117171842750794,0.094171576530739,-0.05906960827544505,-0.1883827563519565,0.06749807709078018,-0.08419207185087782,0.38984261131127845,-0.3064626382277662
0.2997260245995913,0.3739580994308994,0.14594897750985628,0.3890312894281047,0.36322517028866386,0.09813053818833828,0.6902752503159832,0.1987493020459567,0.23220244229106632,0.1691133363406314,0.25237921065462066,0.32924644269960573,0.2911249222755483,0.10337553197087954,0.11712770087317706,0.22071185743082755,0.23195741311809842,0.34918330271986286,0.16460256822408834,0.11410832112098074,0.21703379726255811,0.41648850004928556,0.25683979597148743,0.1460509172597596,0.21458728973239158,0.21020922642813591,0.21290598559859913,0.11839106600971296,0.181059678702749,0.1713048180581627,0.228351678336319,0.10768123743670184,0.26655672093855937,0.21436671320166506,0.07837560675393032,0.23417699750641557,0.3344152752744159,0.26142396889857267,0.24561958547558746,0.13724919015102569,0.1599159833457495,0.18131208353641098,0.2261170012353553,0.33677004204019506,0.004068687945675255,0.2628713548395671,0.1099167340958812,-0.014586628088237815,0.23298373888366125,0.06072238026448824,-0.043103647161767636,-0.12764243838489528,0.08779796653432968,-0.0834931349879628,-0.09433278544375966,0.005575505423462384,-0.13761125305940033,0.15284078781144855,-0.0024838201496469835
0.20456802033970933,0.4032596822319436,0.2997507053088672,0.42793816921547384,0.3240253733147238,0.6040869454772886,0.1987493020459567,1.0449305009227743,0.06192416303108782,0.49055237900578436,0.4745237467901885,0.2308093721390809,0.4746561484045762,0.31226841153557644,0.3107642037170791,0.24653360219529627,0.5022106695843093,0.3584949048219791,0.3402507069916189,0.36409825477272373,0.35215206527251197,0.4971539714280305,0.2585354836004916,0.19776836057129635,0.36763491610099763,0.3088982381316566,0.2873052087242882,0.1656042340255364,0.4105284380943274,0.2182274890962118,0.31848074403663496,0.2347058672503761,0.3407994585298114,0.5707522656779829,0.25747178817885213,0.23045432080413966,0.7006901720381244,0.4073480927465259,0.6284783754591319,0.2454861950397128,0.343304932768265,0.31157022620529407,0.393193167356713,0.5623883296364487,-0.02050610463608596,0.42776132691661617,0.8593952537213942,0.04573297469612293,0.09499208605753928,0.3636958738183869,-0.13176726721108178,-0.3405785900832745,0.2804346946362637,-0.17419554678237462,-0.27687742132989673,-0.050772943255690865,-0.18559425180418374,0.48265048091711,-0.12922594231864365
0.15294655776138472,0.23814179070737468,0.37501866686005886,0.11218264681615259,0.004932029276937956,0.2228360878008171,0.23220244229106632,0.06192416303108782,0.7267856604473069,-0.040867882687564465,0.10376727471524623,0.1894985728622615,0.14228368614226014,0.10968105310236315,0.004213475118642252,0.24525605344885065,0.12264799012532833,0.17406984238211612,0.103489105205306,0.10574831749682723,0.15252439574815743,0.2699678994458825,0.12583675224633298,0.13085013741202106,0.11637772561312192,0.2239393462059322,0.14319105852122602,0.09262220933798723,0.12553034340532018,-0.024990022072974866,0.16472575631113714,0.10288410327022668,0.09542947361491419,0.2189771215065278,0.09410911382124013,0.11718073500681432,0.21699174584739622,0.1971331151871516,0.11779172029899808,0.0433277800911156,0.06278770303768948,0.1283514309190083,0.1820282552559162,0.17731723598716853,0.14150754543936378,0.13863443887862098,-0.03324326693387346,-0.011712542680930126,0.32235658596505373,-0.05312041888910721,-0.015582555757603925,0.0897545956613843,0.025146683916320245,-0.06362995863776474,0.010714780514738603,0.19647852650896286,-0.10448229261733834,0.05693095780196557,-0.20158769701347784
0.1752810047361795,0.3212916990200479,0.1108926970636794,0.38812264376900013,0.42856561940867105,0.28640521468655167,0.1691133363406314,0.49055237900578436,-0.040867882687564465,0.889841151480158,0.4243054321307384,0.268672058169083,0.4027698505038195,0.28265505243215516,0.344894413418622,0.1400401305015423,0.4138502754877665,0.3355891222068571,0.2484512045360911,0.3010819515605336,0.26694141568024904,0.34154832773067806,0.28077282282603744,0.20002196389105517,0.2942400390983119,0.17669893853447644,0.2557479936965787,0.20600050137527706,0.3614807784397868,0.4008689647959081,0.26627204917707276,0.24515320535898727,0.2759009390253871,0.4966926943901151,0.4091105377202997,0.24475639278350575,0.511363996700236,0.3004663564964546,0.453882109279778,0.3017930410833324,0.4869681570147489,0.2657879837469402,0.3323900857945905,0.5515375273610237,-0.14880794539859907,0.43421295376159114,0.8570850793811304,0.09988084668554276,0.018261737984061464,0.08396594643171564,-0.042387764397426766,-0.44322932618776056,0.3022907418493941,0.05570749753311471,-0.05627066189147018,-0.09381387648803774,-0.1292172179292743,0.07400733580905802,0.07622092970046468
0.1928802748412721,0.3732864239428685,0.19380750387125292,0.3588348901792532,0.3337267320548251,0.4075591974791812,0.25237921065462066,0.4745237467901885,0.10376727471524623,0.4243054321307384,0.6473369771931466,0.38038303468701024,0.49041082211340054,0.2599514050298357,0.3023449529309736,0.3042146031253502,0.5107200070723121,0.29581163329223353,0.24858207994398834,0.32095234434332187,0.28821644438000854,0.45616911412384514,0.2415833438700173,0.2163444193583786,0.3092411799091209,0.3149095306614522,0.3127401050285731,0.20801047632489394,0.36411781975906093,0.2677170508561046,0.2964538827349767,0.22336902377633955,0.25116973471547355,0.423166720696566,0.35881800796652136,0.27043281265766217,0.5097794157456259,0.339255981346555,0.42970600181825513,0.2729208009514916,0.35491637459407405,0.3118625924097716,0.31610742763688143,0.47246842105757264,-0.0235081877719109,0.41949903526110527,0.6194376084998142,0.04242642868926619,0.0846413635490764,0.18260957805307096,-0.0908026875226914,-0.35123536226380264,0.25272009314318,-0.0009846037235694434,-0.23625527819872702,-0.03257426241231937,-0.13536333617630975,0.36550687030284434,-0.13184042295419737
0.21021216420317557,0.30747940052517064,0.22433758103513016,0.3081332647531992,0.2870948371877543,0.31692253397891795,0.32924644269960573,0.2308093721390809,0.1894985728622615,0.268672058169083,0.38038303468701024,0.6241154947595999,0.34652763565822514,0.18877009319895185,0.159878373936232,0.21745098656645606,0.3134516331802193,0.3856030399853646,0.2420812743399823,0.18603496983346268,0.22366436774166443,0.41790913786980194,0.2662173593728201,0.1515640669081941,0.27842133332453267,0.3017709146245667,0.2940060169867825,0.14205318127233207,0.24675464062602284,0.09337873808252947,0.26710152571831164,0.21130828098817184,0.21566438138385255,0.31016250962112835,0.13782307183101397,0.2649779140509322,0.27558726817531176,0.298639624911886,0.22141020632423314,0.21471103504260158,0.22159279259861214,0.21177906311446804,0.2808659747305866,0.3185816024691387,0.0790380606493293,0.3274578444782115,0.316194846185322,-0.000522360675775364,0.15223839112178714,-0.01790458275495417,0.05068370950056298,-0.14226323538009977,0.026241083056431483,-0.005379428007616253,-0.15552631251936264,0.008625004601712885,-0.02150993369661452,0.27559378592844164,-0.2612732700376835
0.22181367632196006,0.3563982980413061,0.18104218665441282,0.3894650685857243,0.3989630353234208,0.3828068318181622,0.2911249222755483,0.4746561484045762,0.14228368614226014,0.4027698505038195,0.49041082211340054,0.34652763565822514,0.8172294441397973,0.2674065218597937,0.08464910819078783,0.3030762979146048,0.4626595428166409,0.3880989005366954,0.2985973995246923,0.2179199125791388,0.30650799095427517,0.6740398870680747,0.28809558711616323,0.18265321930753334,0.25512728709005567,0.2863842163530555,0.3337849586588424,0.22840568435978456,0.34517502894589436,0.32776612020190626,0.2982993564350494,0.2276062714468642,0.3221633536386294,0.3706062229307645,0.3321848781933208,0.26860845131658717,0.533649507481759,0.3525515603384318,0.5176806743133787,0.26179190005507813,0.3576611407696651,0.28586760309846326,0.34040519676995606,0.6254265579380229,-0.15766597857332623,0.4354341540631781,0.6115982351750935,0.01444508110423389,0.31732987583515093,0.30027640875841694,-0.05661831950624515,-0.4520619663296182,0.20382904005696897,-0.05006426011515964,-0.24291888331059897,-0.07933967933975145,-0.06397674106864018,0.3438506066302708,-0.10376700050605088
0.219783857534176,0.2708225578709332,0.11141648113858903,0.34731472520442297,0.28519860786533713,0.2607074942377348,0.10337553197087954,0.31226841153557644,0.10968105310236315,0.28265505243215516,0.2599514050298357,0.18877009319895185,0.2674065218597937,0.5888301858241123,0.21169707895075657,0.36876487056876406,0.2540336050682238,0.12611165687267956,0.19106587348759208,0.20680178438951893,0.18515097773587438,0.32131010936766735,0.137775437788443,0.13163562592364256,0.23171590807393924,0.15640039239359765,0.18397752079928564,0.14901302816742656,0.26158851476,0.2915432790692544,0.1705027336279068,0.43141606461707566,0.16280846421108683,0.33693551638644254,0.3193105825761924,0.1631338089589277,0.3578352926965817,0.2890175609346373,0.2690868442001575,0.14425228032404072,0.357651506211573,0.2370680353269164,0.20073386672709972,0.39914341244792967,-0.16298248631115947,0.30157363384615865,0.4621521884845944,0.06329953785261362,0.2942746445787951,0.06482888580932064,-0.06379014666747679,-0.2314223586938353,0.2639029569054928,0.017761141636595642,-0.21426068882786806,-0.060929105546915045,-0.186474994030257,0.39906823500279154,-0.04632865480822853
0.12506658599052625,0.4226681067109635,0.20209774574738018,0.2781046917221601,0.2500352299443813,0.2282819403601252,0.11712770087317706,0.3107642037170791,0.004213475118642252,0.344894413418622,0.3023449529309736,0.159878373936232,0.08464910819078783,0.21169707895075657,1.0525810343882607,0.1564546406159665,0.3238036687526297,0.11170893867741885,0.20990412172971298,0.2817845963634833,0.17770638907396144,-0.010466852457737137,0.20867001223211984,0.20767897793118928,0.3626339497642493,0.09775487889197867,0.1561803174932505,0.2151042074929108,0.3612790326533478,0.2621406406276976,0.17460097021370244,0.20662299254081207,0.11462193376729087,0.5088514632116546,0.32491250466018423,0.22114112783267437,0.40168987014994567,0.061758506845174276,0.29306974603307673,0.12318439450096515,0.3671669817193876,0.21456278632575776,0.16753988819366467,0.2978684676462363,-0.10393330868172056,0.33276927876109186,0.4350741297268379,0.09106157741677973,-0.1799315158886326,0.03185484847499254,-0.0826349639822385,0.11055721516712189,0.01256053277897491,-0.020878103006912504,-0.18010795407130237,0.07600468081217612,-0.3593552478798013,0.24894918021571275,0.1864175393270104
0.15635492967680942,0.22906812762441867,0.035576852400433866,0.3557947622196184,0.3422830372980415,0.2858849131185384,0.22071185743082755,0.24653360219529627,0.24525605344885065,0.1400401305015423,0.3042146031253502,0.21745098656645606,0.3030762979146048,0.36876487056876406,0.1564546406159665,1.5416101634166963,0.30364398613316324,-0.05732724423657009,0.15692571389763876,0.34115352909824265,0.24163813557205968,0.3353940719334209,-0.1136549516163742,0.19665627558415186,0.3694499028575972,0.13322098290444084,0.3619477790712479,0.17718291239562448,0.37258753949732215,0.477233356384399,0.24846296500947698,0.18434907187521374,-0.00822625002742878,0.3998156292250402,0.7018967723691295,0.20651697580599856,0.5574483479079793,0.25931956863304845,0.45209957307533266,0.29343860279229156,0.3005493523935939,0.46536368841383685,0.3013069470314136,0.21663796910172134,0.23787894322651423,0.2670464518358455,0.36564593787938726,0.03267999461703545,0.2101601530799136,-0.08908721879244397,-0.3292023141622999,-0.21781159732518887,0.6491494593966722,0.08732577599269664,-0.2325747664525632,0.11873725650310489,-0.32526007554685255,0.5019507174180073,-0.11508020565997257
0.16354410002328643,0.4460732904233711,0.32326679097372335,0.3489746412980301,0.25585134314825614,0.38491469422036445,0.23195741311809842,0.5022106695843093,0.12264799012532833,0.4138502754877665,0.5107200070723121,0.3134516331802193,0.4626595428166409,0.2540336050682238,0.3238036687526297,0.30364398613316324,1.111360558674397,0.12274603111481823,0.23206484045377107,0.4410522732413757,0.2902796118199972,0.4552910688230823,0.09149870142320983,0.21062973915611377,0.3161920807684765,0.391614071955559,0.3519896889282488,0.4629055336048001,0.30720500052170124,0.2356446321772288,0.3042898121440616,0.2531494912724273,0.36910112298853404,0.4419972875688174,0.4224242921641049,0.23952207581130314,0.8209906128939968,0.5029218117414277,0.32239296491812885,0.24211127533181628,0.37313409827572525,0.440151245836088,0.3999114060356959,0.41609094404538477,0.17711101949846206,0.4283416893926166,0.7455806592558102,0.055977913550572106,-0.024498301716321082,0.34544447710569315,-0.1166567184640841,-0.2171815506478152,-0.11189969902490766,-0.06482331765427904,-0.30311565848039246,-0.0825832345827394,-0.20297925185783647,0.4035642998141118,-0.12057111328234457
0.2548341332484367,0.3580243241032435,0.1760983863291466,0.3080003294598194,0.2639221904794356,0.2607010629260978,0.34918330271986286,0.3584949048219791,0.17406984238211612,0.3355891222068571,0.29581163329223353,0.3856030399853646,0.3880989005366954,0.12611165687267956,0.11170893867741885,-0.05732724423657009,0.12274603111481823,1.714511795256078,0.2720819464480345,-0.30675081724274067,0.33851358941893295,0.6487753714308029,0.9134757484155631,0.011782456677460277,0.2555373340728772,0.2333751396462062,0.2731202017823876,0.20223720759641745,0.26139390434439774,0.1896817186811214,0.5193054766040474,0.18761833490171265,0.5307499546876746,0.3421153821325407,-0.07521589783405483,0.44396244123661605,0.43318104970836363,0.25452532414945583,0.33589244697106163,0.202137129325037,0.3234801786649566,0.046375605568823274,0.5785416427926902,0.9069835377322197,-0.19080582837738186,0.5060278777238165,0.5032467998608461,-0.04028862889733661,-0.08917533132346198,0.22912261249116747,0.451990401346286,-0.4235361542924943,-0.28635940314238806,-0.15806050234095406,-0.12435281060498113,-0.005816398415779921,-0.035000008274378366,0.27161679080142,-0.10565563258039787
0.14928473406033602,0.21205561560494313,0.10118678371345372,0.32526830727562206,0.4655240843341373,0.3562249827795257,0.16460256822408834,0.3402507069916189,0.103489105205306,0.2484512045360911,0.24858207994398834,0.2420812743399823,0.2985973995246923,0.19106587348759208,0.20990412172971298,0.15692571389763876,0.23206484045377107,0.2720819464480345,0.6638660326242173,0.26126164600262497,0.18647022069405053,0.33430282746101264,0.187958241320678,0.1294803170732821,0.2001120181883554,0.20392338708116742,0.21273173642869803,0.2266427391517269,0.25921542499921074,0.12150578724929889,0.20637997015975085,0.23948747055950587,0.13926336116199492,0.2981676294389716,0.09775608835372072,0.22058355596070373,0.22037637935602147,0.2429588066989326,0.22665549521591333,0.17845167436810735,0.2431169198035739,0.1759862028527722,0.22294362914085103,0.2595753265914908,0.07125567246897929,0.29002221349353563,0.21105318244082172,0.0007658611704327491,0.018392026417286177,0.057789441396922686,0.11593083438337032,0.19828713225253053,-0.3368990741299958,-0.043244671093991466,-0.12031009577908534,0.005737818685699601,-0.08165599519982585,0.2107239439858012,-0.06916367491498024
0.10223626073424393,0.3068531301578334,0.140747699933823,0.24583597129747786,0.28283960927684504,0.3760711948399516,0.11410832112098074,0.36409825477272373,0.10574831749682723,0.3010819515605336,0.32095234434332187,0.18603496983346268,0.2179199125791388,0.20680178438951893,0.2817845963634833,0.34115352909824265,0.4410522732413757,-0.30675081724274067,0.26126164600262497,1.4148784696587833,0.15434720005963723,0.0140140426533311,-0.09779936591450619,0.2475931558574395,0.22605938489986274,0.4652113547718633,0.3142902529188073,0.08855181629407256,0.4941763215253724,0.24975216696656116,0.09885344648224566,0.12685770479747768,-0.24973223119051305,0.5217672846245079,0.55179575570433,0.15709978699123045,0.5171015614544525,0.3749864024263818,0.1965491042608167,0.41180994262457826,0.2607911572033187,0.4419120768654958,0.4235083449167698,-0.3700524449022551,0.9769448955172451,0.25580938954989635,0.0436215991536596,0.07994333075553355,0.3491358674764223,-0.10374744485944733,-0.21262709324271375,-0.04230640012810147,0.24664753111059182,0.1013690873100529,-0.09236821979350204,0.018676929749188175,-0.05032226370238696,0.15027677354106878,-0.1691338663850062
0.16464396602115752,0.2723630751232438,0.17290684484322183,0.2909642216491294,0.22256932578341435,0.3003033078166134,0.21703379726255811,0.35215206527251197,0.15252439574815743,0.26694141568024904,0.28821644438000854,0.22366436774166443,0.30650799095427517,0.18515097773587438,0.17770638907396144,0.24163813557205968,0.2902796118199972,0.33851358941893295,0.18647022069405053,0.15434720005963723,0.4703136859313286,0.3429097475856183,0.21684064974316453,0.1792139633528949,0.23727203683718034,0.2186712564364671,0.23067707843765392,0.2184487197540214,0.24698106768550665,0.28101479994212625,0.3178011012721846,0.16386402720101756,0.4258642234345522,0.3089320044657456,0.20282667697850745,0.21123524337327648,0.6121399522561712,0.45771120910910246,0.42133577240232695,0.26578775169023494,0.2873367029928277,0.2705597187691925,0.5173065768327398,0.5445064896758361,0.23358740481017057,0.33511618917226144,0.5070222077223129,0.08509178435153747,0.05555521949217287,0.1638070998219073,-0.10891867313119945,-0.2190085683899848,0.1848097144026588,-0.06924519460175953,-0.03114246547136713,0.003314412492504419,-0.19582492336612636,0.19166424131185425,-0.058856202941719005
0.34788711853842197,0.3497170881563213,0.32188705512342913,0.4066646714922675,0.3620749627242938,0.4891091967947971,0.41648850004928556,0.4971539714280305,0.2699678994458825,0.34154832773067806,0.45616911412384514,0.41790913786980194,0.6740398870680747,0.32131010936766735,-0.010466852457737137,0.3353940719334209,0.4552910688230823,0.6487753714308029,0.33430282746101264,0.0140140426533311,0.3429097475856183,2.2639027743608096,0.553924778604724,0.18423806476510213,0.3115931183806014,0.32862841525320935,0.34810440776905816,0.2735205980991281,0.1239859235108123,0.445392230571622,0.35305053984948515,0.285173785915094,0.6555045282915857,0.36905752806051584,0.23448754976906358,0.3221834927452525,0.6970154363364812,0.6952674032359643,0.5117488500899032,0.2933571543110672,0.29514236118147774,0.3606913111742577,0.3951614336111993,1.2264340262323834,-0.6887533006417059,0.6560310456258818,0.6016639506052033,-0.25834219636643846,1.1726862743484032,0.2644476852908815,-0.02126240746350727,-0.5336341616569305,0.3150979831660448,-0.16890628011282832,-0.2416130793279142,-0.011167200001297466,-0.010089694063573455,0.41950092167319214,-0.3315275979541194
0.18978583310301556,0.08017794842738468,0.059917328227699726,0.25426172218464516,0.25655762533081855,0.2109037178235907,0.25683979597148743,0.2585354836004916,0.12583675224633298,0.28077282282603744,0.2415833438700173,0.2662173593728201,0.28809558711616323,0.137775437788443,0.20867001223211984,-0.1136549516163742,0.09149870142320983,0.9134757484155631,0.187958241320678,-0.09779936591450619,0.21684064974316453,0.553924778604724,1.4209976315796078,0.31491221542845704,0.30603365117818926,0.07271582943453861,0.10501698385191273,-0.10902310514056623,0.3218015320359995,0.2963042095973735,0.1320267657934768,0.16002982049742184,0.32009328706908596,0.3440984612602087,-0.13170500888231243,0.404745680409757,0.047088216292563524,0.15574676412940872,0.235560659854075,0.23602657236475105,0.4297627543848717,0.022796432092030913,0.32592942441849165,1.0393830807358864,-0.7512475049893789,0.49746737357926635,0.505683429069695,0.00890902133094918,0.25173480755484456,-0.05546929915029634,0.3020246868759679,-0.4365201550894475,0.131345622025127,-0.04579776931072509,-0.024456116511013256,0.09142020040427407,-0.09515093049827636,-0.03417320248252962,0.02467982447878638
0.09638479834440336,0.03432279120774691,0.08398949484589713,0.17872820576532691,0.18579472916084488,0.22078453754750924,0.1460509172597596,0.19776836057129635,0.13085013741202106,0.20002196389105517,0.2163444193583786,0.1515640669081941,0.18265321930753334,0.13163562592364256,0.20767897793118928,0.19665627558415186,0.21062973915611377,0.011782456677460277,0.1294803170732821,0.2475931558574395,0.1792139633528949,0.18423806476510213,0.31491221542845704,0.6696899470983417,0.25825438855323046,0.06328000176909038,0.12386483449418768,0.08924934708773394,0.15331436859081946,0.26669392941965486,0.27490487411874853,0.08590943121859906,0.07686358263126394,0.08917254850881723,0.21320469388409208,0.23318417793254897,0.25308476884738235,0.23180855440346576,0.212595859696285,0.17283567044862294,0.3025683491914687,0.1562567647065576,0.06582856904917099,0.3404308861577977,-0.19102337877640335,0.2752971664388228,0.31728345400192,0.04201296167513773,0.07814655577050701,-0.016081217822360994,-0.15097633641056155,-0.045873117409932496,0.21449488627209476,0.019360036831223174,0.09406564977437641,0.14394645347078505,-0.0817437835236034,-0.2870470420420121,0.060782370700655876
0.1686913278264526,0.28872365716111004,0.18354330077899547,0.3071598846179364,0.25122571413221445,0.31397467866012646,0.21458728973239158,0.36763491610099763,0.11637772561312192,0.2942400390983119,0.3092411799091209,0.27842133332453267,0.25512728709005567,0.23171590807393924,0.3626339497642493,0.3694499028575972,0.3161920807684765,0.2555373340728772,0.2001120181883554,0.22605938489986274,0.23727203683718034,0.3115931183806014,0.30603365117818926,0.25825438855323046,0.9485604369020382,0.10899828332733064,0.25835324129868775,0.07879526384330753,0.43827129494280803,0.228723182241343,0.27757387469204864,0.16084611549233524,0.17130224820462248,0.5905067501695831,0.36796945434622613,0.23478635050698937,0.3591987143584197,0.19676410390527557,0.39427738257075756,0.18611244514995243,0.2734128158056185,0.23163083099209378,0.30529468514906866,0.44889156028494964,-0.05022040241346943,0.4418722804575029,0.4766566162024851,0.029958870795101983,-0.07824861105590451,-0.4496546659001159,-0.13040524139107798,-0.052368276475004236,0.5272971908292658,-0.0071880231362690325,-0.13666457289898779,0.033146059120899955,-0.20678698666300505,0.23826198470410534,-0.02146192230349867
0.16875110936851057,0.384395213708924,0.32845501928567594,0.21042930117787545,0.19673104151174828,0.34202769174494607,0.21020922642813591,0.3088982381316566,0.2239393462059322,0.17669893853447644,0.3149095306614522,0.3017709146245667,0.2863842163530555,0.15640039239359765,0.09775487889197867,0.13322098290444084,0.391614071955559,0.2333751396462062,0.20392338708116742,0.4652113547718633,0.2186712564364671,0.32862841525320935,0.07271582943453861,0.06328000176909038,0.10899828332733064,1.7481818466071264,0.24332429051262192,0.24641031081986503,0.1279143680633673,-0.2777547877195694,0.1586497394394637,0.15398492204229988,0.1543314488904317,0.3581500438785176,0.19650331058385131,0.18288491105619217,0.19407221239605396,0.21181990205047838,-0.3856496198428072,0.2214576362745959,0.1292815733709129,0.42518931860046805,0.5902719926906403,-0.1521109343009671,0.935610156865722,0.1706112531183113,-0.19254710938295755,-0.024135998802461783,0.06231850002829986,0.3084163751404513,-0.07653538593831577,-0.08820885596404612,-0.4019167650045663,0.035155885281193726,-0.14028680807691177,0.009977192680137236,0.08168830428675865,0.3112467771491516,-0.3724201180164648
0.16135586345566363,0.2515839887408305,0.13190959248896694,0.25535763905886283,0.2478759071815298,0.2825002777059808,0.21290598559859913,0.2873052087242882,0.14319105852122602,0.2557479936965787,0.3127401050285731,0.2940060169867825,0.3337849586588424,0.18397752079928564,0.1561803174932505,0.3619477790712479,0.3519896889282488,0.2731202017823876,0.21273173642869803,0.3142902529188073,0.23067707843765392,0.34810440776905816,0.10501698385191273,0.12386483449418768,0.25835324129868775,0.24332429051262192,0.7628284280532813,0.2318316810891684,0.2637986098070962,0.23899263572878068,0.29991295061223916,0.23441874295324214,0.1361356305497231,0.2943862111601719,0.31318318105447196,0.3366118690576434,0.45998396624807003,0.4036777672927789,0.26619126428129464,0.26350526468462265,0.3482623597768509,0.27777420971800104,0.5105215941189019,0.07175531343290975,0.44268765246925085,0.3119893236096685,0.28461141249981725,0.01314250899832534,0.09134438315734943,0.07014657630525827,-0.10328720966226886,-0.03961521428379118,0.015839199230197366,0.009059070271062912,-0.11484906476302155,0.015790516358574105,-0.05941884844789828,0.26705428169701845,-0.2090995600864926
0.10321416672304781,0.30247424269111406,0.1791893664353687,0.17887050118548783,0.11087864583492794,0.16873223110304916,0.11839106600971296,0.1656042340255364,0.09262220933798723,0.20600050137527706,0.20801047632489394,0.14205318127233207,0.22840568435978456,0.14901302816742656,0.2151042074929108,0.17718291239562448,0.4629055336048001,0.20223720759641745,0.2266427391517269,0.08855181629407256,0.2184487197540214,0.2735205980991281,-0.10902310514056623,0.08924934708773394,0.07879526384330753,0.24641031081986503,0.2318316810891684,1.2550757302662383,-0.05781079565142498,0.29713725269994906,0.30012126429440605,0.2754904003657443,0.5473047033444653,0.18373424475865188,0.5292109018156882,0.12458152180928721,0.8956686728336937,0.4203967870295865,0.16759575478532232,0.15875169783801293,0.256912848902114,0.27929775864417283,0.40332566164057987,0.6239784277581473,0.12135132216510901,0.28570528575278353,0.34099481478114957,0.10400563349281014,-0.09653905759025841,0.36324238459127783,-0.14764840692429357,0.7263823867767629,-1.1519740813319028,-0.02116797170793663,-0.1036884989713376,-0.046156811261203634,-0.16036796960658445,0.11488491971598329,0.2824704041898254
0.13668812925238108,0.47271812777748445,0.20127333264706018,0.3703638500226276,0.36353263185261425,0.378393405788611,0.181059678702749,0.4105284380943274,0.12553034340532018,0.3614807784397868,0.36411781975906093,0.24675464062602284,0.34517502894589436,0.26158851476,0.3612790326533478,0.37258753949732215,0.30720500052170124,0.26139390434439774,0.25921542499921074,0.4941763215253724,0.24698106768550665,0.1239859235108123,0.3218015320359995,0.15331436859081946,0.43827129494280803,0.1279143680633673,0.2637986098070962,-0.05781079565142498,2.24091060510939,0.2967266099389676,0.07847309059028745,0.2696600678120502,-0.23414822173935484,0.7091433914595014,0.4293437109798748,0.6212038343449048,-0.08602541039195945,-0.2007208464587931,0.4592195891552628,0.16313639443099992,0.49477996431089544,0.19623143290872946,0.04847937748871101,-0.24064396580057584,0.2205993032981367,0.37883761332605237,0.5077479526291341,-0.08644354706160198,0.06665832412878087,0.0542615786719625,-0.21976233081853405,-0.33108388940485667,0.26490531452401,0.10461017682925094,-0.26598316720053805,0.014176152567975688,-0.31011075149585876,0.3513190780172969,0.14731569663001715
0.20773777869099627,0.04658850395929972,-0.49459433369037653,0.31270426566090104,0.5035008625290146,0.13118585761787666,0.1713048180581627,0.2182274890962118,-0.024990022072974866,0.4008689647959081,0.2677170508561046,0.09337873808252947,0.32776612020190626,0.2915432790692544,0.2621406406276976,0.477233356384399,0.2356446321772288,0.1896817186811214,0.12150578724929889,0.24975216696656116,0.28101479994212625,0.445392230571622,0.2963042095973735,0.26669392941965486,0.228723182241343,-0.2777547877195694,0.23899263572878068,0.29713725269994906,0.2967266099389676,3.6832758007042266,0.22803972577435655,0.07932754930891327,0.31287671525967686,-0.014588713890969647,1.146314721535719,0.2353818211652585,1.31302863577903,0.746846880213278,0.9231652193419202,0.3185227023151689,0.9244248737489589,0.3674307116460412,1.221500905780304,1.406030415293386,0.05036412567116525,0.5579291935287531,1.1611748651688565,0.295406530057566,0.6471561754179838,-0.07447754939391145,-0.24882615847673736,-1.2852819765559598,1.295880155669086,0.18933887660309007,0.03804412763388537,-0.015410240262417897,-0.09455846048627137,0.1585256885334986,-0.05350412974446157
0.17111230290333557,0.26611173315198605,0.19803487590351274,0.26026632894673113,0.22101446161740124,0.2790213978498114,0.228351678336319,0.31848074403663496,0.16472575631113714,0.26627204917707276,0.2964538827349767,0.26710152571831164,0.2982993564350494,0.1705027336279068,0.17460097021370244,0.24846296500947698,0.3042898121440616,0.5193054766040474,0.20637997015975085,0.09885344648224566,0.3178011012721846,0.35305053984948515,0.1320267657934768,0.27490487411874853,0.27757387469204864,0.1586497394394637,0.29991295061223916,0.30012126429440605,0.07847309059028745,0.22803972577435655,0.8376282581148995,0.14113437303077617,0.2481586040764574,0.21178574109736012,0.28774885968665836,0.3979868244943885,0.6443639075514045,0.4366903306650014,0.38956746503062095,0.17206407966017878,0.30738847894126603,0.21834348399305992,0.23023657944246204,0.4630120464103574,0.11169840029691049,0.40230478281946896,0.48202456198094984,-0.00431287444152713,-0.31514982306162365,0.2197349455006786,-0.06198101157213887,-0.08397131190814752,0.008732425339954967,-0.09525186672294242,-0.06643736947258992,0.034938396149877655,-0.08048991766768163,0.11866835613063938,-0.06755350507701802
0.17202208840977687,0.21802583841321735,0.11357363784833897,0.28230510582806667,0.21431619507936434,0.23700412935671827,0.10768123743670184,0.2347058672503761,0.10288410327022668,0.24515320535898727,0.22336902377633955,0.21130828098817184,0.2276062714468642,0.43141606461707566,0.20662299254081207,0.18434907187521374,0.2531494912724273,0.18761833490171265,0.23948747055950587,0.12685770479747768,0.16386402720101756,0.285173785915094,0.16002982049742184,0.08590943121859906,0.16084611549233524,0.15398492204229988,0.23441874295324214,0.2754904003657443,0.2696600678120502,0.07932754930891327,0.14113437303077617,1.0302106735774013,0.08222410928210057,0.34301044665544383,0.14020786873499239,0.17560949169295056,0.15246386664041825,0.3717128955339099,0.18752935254059225,0.0749904117414984,0.36398737359598154,0.18028303307653712,0.11779335516296091,0.3118268280243596,-0.12725553910200454,0.26411183334015076,0.37131900145916513,0.03881458122202164,0.1578341362606043,0.1804676632584674,0.013993179870116734,0.3049901145512044,-0.5408026365958205,0.011180686002201788,-0.16491360782995204,-0.058148046991502764,-0.129290914981916,0.3013772149642087,-0.07712714679953388
0.18320972127463497,0.4009778814396773,0.2527978281641171,0.30043419810342376,0.16649808766571275,0.20298599669379597,0.26655672093855937,0.3407994585298114,0.09542947361491419,0.2759009390253871,0.25116973471547355,0.21566438138385255,0.3221633536386294,0.16280846421108683,0.11462193376729087,-0.00822625002742878,0.36910112298853404,0.5307499546876746,0.13926336116199492,-0.24973223119051305,0.4258642234345522,0.6555045282915857,0.32009328706908596,0.07686358263126394,0.17130224820462248,0.1543314488904317,0.1361356305497231,0.5473047033444653,-0.23414822173935484,0.31287671525967686,0.2481586040764574,0.08222410928210057,2.3637068848593352,0.17189203804507247,-0.418500726373883,-0.09276243162249086,1.1923214510135336,0.629261211023365,0.1726831306561692,0.1762089862976719,-0.3531750209819142,0.3349518063524719,0.7007877621073045,1.2526036896934416,-0.7545649103879899,0.5068735493331291,0.9286192399319433,0.11839517928066715,0.18371064174532947,0.23100663139864436,-0.056525704858047386,-0.45470045681003507,0.3891300552389471,-0.3730935769971152,-0.1741468984148086,-0.19424377394356684,-0.15068717286520916,0.27981125237663007,0.17282650086973173
0.02737132422828417,0.5535493160331568,0.3558268209791067,0.4757703030520767,0.3265196911921365,0.462129913972763,0.21436671320166506,0.5707522656779829,0.2189771215065278,0.4966926943901151,0.423166720696566,0.31016250962112835,0.3706062229307645,0.33693551638644254,0.5088514632116546,0.3998156292250402,0.4419972875688174,0.3421153821325407,0.2981676294389716,0.5217672846245079,0.3089320044657456,0.36905752806051584,0.3440984612602087,0.08917254850881723,0.5905067501695831,0.3581500438785176,0.2943862111601719,0.18373424475865188,0.7091433914595014,-0.014588713890969647,0.21178574109736012,0.34301044665544383,0.17189203804507247,2.3612161072449007,0.8637570911919099,0.1123969641469812,0.8353609261103744,-0.00801110528837769,0.5331805028008936,0.2109387190233817,0.3943517435736782,0.4391421480364785,0.7044848816310579,0.6960740670627286,0.3852481548692624,0.4638513367201635,0.7702148609364626,0.10814147192670549,0.10102407568959192,-0.48719692461496183,0.03811005233867801,-0.3896820508570485,0.6469636181011398,-0.05012325026927502,-0.362518017882953,0.10618331157967785,-0.5375161701544088,0.45219431662941634,0.3047967172596118
