1.15959814011594,0.4441914501589112,0.3687564874371904,0.01993085219996608,0.12048320038031966,0.052117234655184065,0.26814958112459775,-0.0036654779652593645,0.12548921562442988,0.14714058455122012,0.13433092460071436,0.17425252114877068,0.11067385630555919,0.20812117738062438,0.17473502191463716,0.1115823932079163,0.1314098952812391,0.15883293346294144,-0.0020866066584361853,0.14216753223062809,0.0844009039971353,0.16176980705267163,0.1168631725953307,-0.09689985025983008,0.10195018734850167,0.04575033840668981,0.12731797620694232,0.06502537511961763,0.09695586103735836,-0.09443306328374228,0.13791748353190347,0.16708047948643126,0.1967807840498324,-0.08589767628463597,-0.04828867952507685,0.046111663139495065,0.08218722713504949,0.1392445190504447,0.05313282817335594,-0.009544845008275096,0.15560120727834767,0.08425928560622485,0.12447401380471515,0.023361493175507925,0.04737086195146343,0.12587436879405725,-0.012016070948439643,-0.08599211172447968,0.04342653967715308,0.08511137897503229,-0.04490750245414021,-0.017829462202779176,0.0030768758932004287,0.0030123644936507063,0.14200649920950612,-0.10701449878692233,0.3392223091412266,0.11397705581359352,-0.45425597320134603
0.4441914501589112,2.687344961405404,0.287724155839304,-0.21869606084993293,0.018191575296899003,0.06367157736363975,0.21891600463503552,0.08679640748634254,0.1274030507778621,0.16147871264260133,0.17177600284530833,0.18046604788646076,0.07364085449167021,0.031476606420086456,0.2935768329719399,0.03686772637520912,0.14289575416481767,0.2603031555922106,-0.022173177425006525,0.06485476241020037,0.0647337320692187,-0.03735656764684972,-0.3047811183540298,0.023906753651186007,0.059672140750145014,-0.10344688905634551,0.08278670478801214,0.08669457476121945,0.049679958844805895,0.010646713275871996,0.02672771757863925,0.0736981118800863,0.04985953958598283,-0.027386260639099783,-0.0829402104708385,0.1595555421933668,0.006348384226609741,0.06928747703138234,-0.03730819891640218,-0.04187906516478224,0.11417079732336918,0.003000521051615014,0.04700842575453208,0.009009000065011234,0.04163705159929885,0.16500963747100186,-0.023526107764008895,-0.13348558141478,0.05813380008176597,0.06075324181895221,0.17740748060607056,0.10332501474411618,-0.2822762428740674,-0.0525492920791928,-0.5052516243346912,0.05031570865516748,0.04264273725622209,0.4004440803073877,-0.08784390329928733
0.3687564874371904,0.287724155839304,1.4205141109009665,0.034786713909200594,-0.16800377113812728,0.2996938241558066,0.1671280062795249,0.3637453320873769,0.22236861511169265,0.25571221141505146,0.2654251156040046,0.22589759443476534,0.16657411237712702,0.09696705180895736,0.2725333668171956,0.07299691222278376,0.29798018440897583,0.2609009413642514,0.0810298333701055,0.21633882680992858,0.18962121753241465,0.20815590206657517,0.15691444381929798,0.2406154086591214,0.22391852522670141,0.1429763801200372,0.154101384415181,0.15561656796845375,0.35617388328797,-0.38148000672344934,0.14752895562607343,0.1249385997536427,0.17070376090440745,0.17623489218694424,0.09745804147070611,0.2234887401234608,0.2277170545675086,0.16125982010928014,0.17271100195654518,-0.2282830306516979,0.1250216441533606,0.10443235623234327,0.09070998620821935,0.02355636784611675,0.22421829632193854,0.40462009146810435,0.22699249790237755,-0.2019581409524098,-0.0479855175828519,0.12972795149619856,-0.005485125383632034,0.11935800409118676,-0.08303100389952792,-0.13817919976355275,0.0354168953233259,-0.027120641757318466,-0.014702907362770171,-0.13808772566042415,-6.971714044041575e-5
0.01993085219996608,-0.21869606084993293,0.034786713909200594,1.0379619774366884,0.30945119277171673,0.10132486382600651,0.21609258539986356,0.04838260016992976,0.061636459023959894,0.10330919744039568,0.09218631974891837,0.1683626817173097,0.10255413346328429,0.23037293407101575,0.06636724041347021,0.17639601432123297,0.10001890967399524,0.07367320170715087,0.08727470383674542,0.1110411055080282,0.09490546132816165,0.12995104789741763,0.1439115170181416,0.2219125028181033,0.1272572315480139,0.1413982871375834,0.08695894713827586,0.044721131263167783,0.1562682737667034,0.052815148596744584,0.011841960643235819,0.15562608117659682,0.05797157973096014,0.16591592217242346,0.07164226245018207,0.1296716915642832,0.05773940485962916,0.07518193911880373,0.1026480774197021,0.04814427369421276,0.023564516616627673,0.1193573558464121,0.07687586207520747,0.01278129554445016,0.08610929232680777,0.023443912967842654,0.03935493280862048,0.03356675083395117,-0.009748258077000277,-0.013765714063751667,-0.06802205440230047,-0.057612937389437686,0.07576078723712593,0.02490251602865036,0.009891412049097815,-0.09381255877221159,-0.05528394889929983,0.03410718399783913,0.08359069239991963
0.12048320038031966,0.018191575296899003,-0.16800377113812728,0.30945119277171673,1.055773638964708,-0.006951685918895467,0.11269213369604991,-0.017686845355472786,0.0719573573927876,0.08297662428325749,0.05431513802736332,0.10274520577226869,0.09849035491148295,0.14697122265354917,0.11197368690884653,0.17552350194552707,0.023727311791062942,0.11863174998234388,0.19902046095895715,0.016633374964102894,0.04071605799319554,0.05150085208412494,0.14126895859142374,0.0808704074824546,0.07290900441523301,0.1358070702925638,0.040283905880761556,-0.0049403565049655615,0.1117532414454999,0.010732169012274981,0.12427467641768207,0.10514339524589433,0.06360156515392236,0.11522818731555008,0.052222420726669376,0.09357665717371924,0.02982073848699134,0.019750685614042102,0.11089948922876022,0.06664431241266372,-0.02013627730439594,0.13556673633731658,-0.046683924202242814,0.003546936264503442,-0.06955199873978958,-0.07876239330925787,-0.051312657259281774,0.1033670089473486,0.05505066618879852,0.03143561653298329,-0.16966557757097175,-0.1261571669807565,0.1992321471505572,0.07306313718705243,0.029912909877787257,-0.09018350502567452,-0.011828969992864419,-0.00570056240379928,0.13292336303451255
0.052117234655184065,0.06367157736363975,0.2996938241558066,0.10132486382600651,-0.006951685918895467,0.6762040551792077,0.0164893393857256,0.2524871560747818,0.04331700718088773,0.11406158934567981,0.18869234783337088,0.15006143051163148,0.10023464547770267,0.08517668250557214,0.15754849213613592,0.08173872053270988,0.2044722312754084,0.12868976982549207,0.2044474719123658,0.26113450504335917,0.181433105298908,0.214733276799823,0.07222444690981364,0.35821029042267405,0.1778508989355932,0.1432684431997444,0.10401555022475382,0.08354289598720825,0.16670853624627613,-0.04265803409499893,0.025524169691086326,0.13186213764676524,0.13267112142970933,0.1208918783572641,-0.034002412421468245,0.0808416155266319,0.16228327835024758,0.16140840271357035,0.2166576944055905,0.03987194298815407,0.08177808375667472,0.11835893388607446,0.18398863235426824,0.008006188967197365,0.24116393887462798,0.1401718181556771,0.3585901651861075,-0.018950452445536357,0.34258567787460686,0.17101561615493008,-0.14041221430359435,-0.05451259880152943,-0.10441060905712472,-0.04544603777151455,-0.030003798348285884,-0.05721369182087227,0.03188875053865063,0.04132657615128308,-0.042828102491553784
0.26814958112459775,0.21891600463503552,0.1671280062795249,0.21609258539986356,0.11269213369604991,0.0164893393857256,0.517967197601142,-0.00433516160848841,0.15677894238480067,0.102272870116818,0.1616498050665152,0.26012650807379867,0.10739608190030654,0.07915899942948647,0.10060195280649055,0.13940554615575837,0.14611238258036657,0.08531088395532914,0.00019438017292865254,0.14145739534340493,0.10381914291200042,0.1716201639738431,0.18468300784149816,0.2183153683077213,0.14110181291574694,0.0613705760739354,0.1185802485285429,0.05279584121718236,0.10782867139636534,0.03407476037990984,0.04102296685895769,0.10392630454752891,0.127133382618901,0.07666950235612952,-0.055201703062521056,0.19243367183952906,0.11278967749783067,0.09725771243249681,0.07942777773853081,0.0025660918502966056,0.08404134969213624,0.09760353831332147,0.07589220560970425,0.0178401044375914,0.03147031032383183,0.043268992232559214,-0.15391133020910572,0.048704295210288115,0.012393093356763536,0.03701963194178016,-0.02775479741166108,0.008302118389564319,-0.027091679889854482,-0.053712082054995454,0.01823685593878413,0.026645924476743393,0.04043563273116085,0.04266441944301346,-0.16532406356099144
-0.0036654779652593645,0.08679640748634254,0.3637453320873769,0.04838260016992976,-0.017686845355472786,0.2524871560747818,-0.00433516160848841,0.8291800163352743,-0.018117947341049854,0.1933451245446694,0.1827414993384063,0.04223504547457873,0.14824650223308602,0.08738149770860133,0.10817735918445034,0.04813034548413637,0.20540217787234408,0.2447337651842243,0.14159181856667308,0.16249717805179398,0.11567842695495856,0.10551399452459245,-0.033876501208829964,0.13601253088016219,0.17549918019434121,0.15420108427688903,0.11144954213214378,0.07201490041943037,0.17134160644044688,-0.0594797904460258,0.04453734285668171,0.1128815923952535,0.024523163236800184,0.19100186086239268,0.1046863889252199,0.03646546976582392,0.10973328153153265,0.11547543445179084,0.21136207848663202,0.002392116507992003,0.0276333482978957,0.042310145408512315,0.15290625262176383,-0.00043228171513656077,0.24309306502428749,0.18015782027495683,0.39643014430273005,-0.04997629912179994,0.21272063644418218,0.06580947312080329,-0.029743596419676808,0.10033745281966652,-0.07591766721016482,-0.06719111265577046,-0.18963674281424828,-0.039189425396548475,0.003398507411398569,0.2489535076863796,-0.12862228368938106
0.12548921562442988,0.1274030507778621,0.22236861511169265,0.061636459023959894,0.0719573573927876,0.04331700718088773,0.15677894238480067,-0.018117947341049854,0.579334212088825,0.04056079315595563,0.05690209422079062,0.09402979454919057,0.07083886379177237,0.10596488137795089,0.07682599571254412,0.059727295358362936,0.10948657392781551,0.07715248524747743,-0.07630649890773042,0.11919127098419505,0.08725941054081757,0.09399216102829305,0.1714830201944506,0.16736605576314137,0.05821383884580671,0.06582257701139842,0.06784222077010278,0.05100172492579003,0.04720898545473123,-0.017104090730225667,0.12141913579916766,0.06670400238439682,0.15248252848513258,0.0482586093542743,0.003475566341698675,0.05561737141796844,0.13726035892119437,0.08545429710770723,0.025610659657417073,-0.0029089221439424083,0.061900855621197765,0.06922246052203851,0.10061358653593831,0.012478096342754255,0.07932741001906014,0.11114969116203988,0.048011015636672275,-0.031183125769810832,-0.06877094318955747,-0.036803535053399346,0.03063086799336439,-0.03285943294419884,0.12474433658407658,-0.046092208838781935,0.08327997247597357,0.12980031199500744,0.02238434995347646,-0.13365078888146,-0.07910485612448484
0.14714058455122012,0.16147871264260133,0.25571221141505146,0.10330919744039568,0.08297662428325749,0.11406158934567981,0.102272870116818,0.1933451245446694,0.04056079315595563,0.4691925932635586,0.10404528607567709,0.08483672385523001,0.13496498593047415,0.1276596197530354,0.1304376334369487,0.08510217721770544,0.15750749934941685,0.19252139321024822,0.032564809074252035,0.12565882017019794,0.0834349027012024,0.1046342649821678,0.07216563562063678,0.10868793957594709,0.10560963774322324,0.1156774256270261,0.09611033929130015,0.0785647541304242,0.1836655336661654,-0.06259878186475383,0.11405323532189385,0.11665516379860245,0.04773747023276458,0.17268513732482754,0.1310696567854321,0.03177650306574305,0.1223429427721687,0.08871309367386028,0.14185636432590823,0.025384424322148068,0.08119809264044922,0.06975864644288467,0.11886899185514989,0.01527493515689692,0.12282852649231717,0.09914500110415565,0.18790429754401872,-0.0411483630833871,0.14636250779893065,0.07563809150858054,-0.05790051028589098,-0.03914073789308043,0.026751327759773152,0.0024272584084842467,0.030364687627061043,-0.0028756931928258828,0.0908321979381044,-0.0482272240147485,-0.03655096017733697
0.13433092460071436,0.17177600284530833,0.2654251156040046,0.09218631974891837,0.05431513802736332,0.18869234783337088,0.1616498050665152,0.1827414993384063,0.05690209422079062,0.10404528607567709,0.40614738657367894,0.23869427410099567,0.11732546464359983,0.0699552130248525,0.21790443995660808,0.11617137049408284,0.21269935359496794,0.16417636868186025,0.07926361523056413,0.19104897674425453,0.11490041887621287,0.10307571887347716,0.10372620901203715,0.1800445627761502,0.16053932808075885,0.112722658036988,0.13573911222346033,0.09234234007233003,0.175512926656009,-0.05573453425148744,0.10912606608805721,0.09083556923038,0.09595259008363306,0.10737262833983696,0.11063074547996722,0.11953494292365689,0.1160415757437202,0.11124481180628341,0.13553197200679484,0.0050951355038611965,0.07567636281767402,0.09638597126252525,0.08198384938006678,0.008956852480344741,0.09512181314238707,0.11504587736206157,0.10017419142195014,0.022753708712876686,0.04961290584855604,0.04140267167091213,-0.01556782614635529,0.03245793702308055,0.04558009118140557,-0.05967488922303429,-0.043720125397743524,-0.017216076837385786,-0.022410614997084306,0.06832029806580855,-0.04423474064746541
0.17425252114877068,0.18046604788646076,0.22589759443476534,0.1683626817173097,0.10274520577226869,0.15006143051163148,0.26012650807379867,0.04223504547457873,0.09402979454919057,0.08483672385523001,0.23869427410099567,0.5216371377125109,0.08677077531703084,0.08297958265115614,0.16870245023411573,0.15507038860004796,0.16109652188767887,0.013110868793354196,0.06045277917224306,0.16785645671831764,0.09106394122956729,0.10092128352653351,0.10313733377929855,0.17626165754268508,0.1885569008676941,0.07515145781364028,0.17448523000967936,0.011780523780853812,0.13360662588563194,-0.0052339492565061764,-0.01044659405316876,0.12342115069661945,0.06260191830986819,0.0965383442829624,-0.05371170004559377,0.2461466657344283,0.07148414021130681,0.10779642589493384,0.07258436669893444,0.02222463493142807,0.10107641897544001,0.10395859598723227,0.0371745768891063,0.015009295592296069,0.035192915784120066,0.08311932091627139,-0.008688703396339831,0.03423164457628389,0.15558710080116922,0.01010102255307705,0.015319216430539673,-0.002152656161483424,-0.015065519341850445,-0.0444249582568736,0.005621627529623389,0.01445116664930813,-0.026114057309195957,0.02874238248800691,-0.06238945076039642
0.11067385630555919,0.07364085449167021,0.16657411237712702,0.10255413346328429,0.09849035491148295,0.10023464547770267,0.10739608190030654,0.14824650223308602,0.07083886379177237,0.13496498593047415,0.11732546464359983,0.08677077531703084,0.34431108816906547,0.10793485390733662,0.031096476367750283,0.1326025988541797,0.12919532080549165,0.14184032829146898,0.061824302754658694,0.0862823169240758,0.06498806380869099,0.20411323222573344,0.04871722518116347,0.08518579674518141,0.10025009371778945,0.11402780903609387,0.11342680385083499,0.08324871341363906,0.18711545164382418,-0.05221666221878857,0.019259457481563526,0.12482526780685199,0.04191226208542407,0.11677951861705743,0.12513270921150982,0.0279975663961865,0.057719926180705074,0.0582294683802621,0.13445234955005925,0.01468921580786882,0.04701753879173431,0.070104502008041,0.08712151536954349,0.012013421357986888,0.03811629053253107,0.07443576449520206,0.10298288698736731,-0.018237471499707107,0.0816958375672445,0.07253978588661034,-0.025669799969602038,-0.012994300997056063,-0.017833878482528327,-0.0243580539098212,-0.009993203463150132,-0.05281319789147735,0.05266361853678372,0.013758793891552603,-0.037672266063986805
0.20812117738062438,0.031476606420086456,0.09696705180895736,0.23037293407101575,0.14697122265354917,0.08517668250557214,0.07915899942948647,0.08738149770860133,0.10596488137795089,0.1276596197530354,0.0699552130248525,0.08297958265115614,0.10793485390733662,0.5230502809841505,0.11662082150567032,0.19823736503295328,0.1398599616154758,0.12135128083979409,0.05235572362740765,0.11201610505923608,0.07559862781876443,0.12388468240121141,0.09056214944952277,0.05670355391738628,0.08592295969369233,0.14225266013656723,0.0929451603342948,0.08710929778017337,0.14411734178114494,0.028193581501760063,0.08548085001885673,0.271338090713288,0.09125749355933903,0.1032646899340821,0.13796821131271175,0.0205255328031546,-0.013817651392614538,0.10201635461662645,0.09769963350533305,0.0618990141149482,0.058759463430047426,0.1220805438350297,0.15529645785831042,0.016176694776573002,0.11650132632987606,0.10316541463664262,0.22597772893914844,-0.09812619757103587,0.2066107211244241,0.03844528725886402,-0.053797638275272,-0.09687833958863117,0.08600017240439238,0.06326492330120459,-0.0317235689801285,-0.09271112599164176,0.10005426045544728,0.07572007436961034,-0.04807376321033959
0.17473502191463716,0.2935768329719399,0.2725333668171956,0.06636724041347021,0.11197368690884653,0.15754849213613592,0.10060195280649055,0.10817735918445034,0.07682599571254412,0.1304376334369487,0.21790443995660808,0.16870245023411573,0.031096476367750283,0.11662082150567032,0.7704290559066239,0.03618653174051451,0.12148343506342804,0.30357297769026165,0.1081975218897339,0.1064730943112029,0.12955458722922125,-0.05777047778812113,0.1702300936592137,0.2577165539870551,0.16671217540622763,0.12590544504066228,0.07532578791527399,0.20843095119998442,0.2168633757310663,0.06236504430693009,0.1506894384958292,0.09165944577806942,0.15850676310628767,0.1150188400167641,0.12518060667175482,0.1864589974027025,0.17591017794555577,0.0722316350389784,0.19119560911591457,-0.043538625245126895,0.08362834758518452,0.0959703226273685,0.01831957280333541,-0.0077540480664790995,0.08939445704376574,0.18209870726059965,0.1315621312292553,-0.02958631364084909,0.13649827322083946,0.29311580023228295,-0.025078662286282305,0.13069677677008815,-0.1956778347646395,-0.10302776790188994,-0.038014392332767113,0.048712217385820156,-0.030030460934264185,0.03453510334679702,-0.10458742371834459
0.1115823932079163,0.03686772637520912,0.07299691222278376,0.17639601432123297,0.17552350194552707,0.08173872053270988,0.13940554615575837,0.04813034548413637,0.059727295358362936,0.08510217721770544,0.11617137049408284,0.15507038860004796,0.1326025988541797,0.19823736503295328,0.03618653174051451,0.8702935400473435,0.06126930773496184,0.09720586509471289,0.113465438442513,0.16936016556785413,0.0642844108816305,0.15154462888582562,-0.16272174213086624,0.11574892575142565,0.13870290446625888,0.17689120434125252,0.19732651932086648,0.1521950663354182,0.19907086511465638,0.11458605065399176,-0.05837033422012189,0.18082267126309745,-0.06252427512953468,0.09992425384895075,0.31684128974148973,0.036218614728432505,0.009402971553728797,0.09047079609573296,0.13321242699684527,0.1345960235784351,0.10391888444900989,0.24699855388303407,0.2247896449490005,0.03308163958040403,0.2328078799567924,0.036211222861573036,0.11285135053217771,-0.07558717448658545,0.11793078151895059,-0.032332097563455627,-0.004286401304778397,-0.038522307387961745,0.00558237372684592,0.07250345765305147,0.019167044870226836,-0.0035080001962229145,-0.06450443183319833,0.0010586422110074089,0.027956060613590256
0.1314098952812391,0.14289575416481767,0.29798018440897583,0.10001890967399524,0.023727311791062942,0.2044722312754084,0.14611238258036657,0.20540217787234408,0.10948657392781551,0.15750749934941685,0.21269935359496794,0.16109652188767887,0.12919532080549165,0.1398599616154758,0.12148343506342804,0.06126930773496184,0.8056335072851086,0.17115521423309787,0.09042594728975342,0.24535480768990797,0.0993265746955513,0.2773305752862061,0.16771260576742228,0.09253047298195327,0.17060722002782577,0.10811608515691039,0.13616525280511288,0.1245259044287441,0.15597977506151237,-0.19403683459203516,0.0922836874863355,0.11019394299740079,0.14138968477204092,0.14159594159129316,0.12455903495474262,-0.029745427352655732,0.215015790567218,0.14665623947105988,0.09555648872855005,0.020042813564927976,0.11744807326222594,0.08796174957225247,0.19679990447128198,0.009570775712650881,0.12700515463738205,0.09234103138531771,0.2189944583674713,0.008284489345964463,0.09485114340827289,0.024577746643002663,-0.07996322072078468,-0.06551372196207203,0.05207036405648297,-0.035640665634448274,0.034438105613716796,-0.060162411221931625,0.014292245124825485,-0.008819529340497876,0.006184527040132832
0.15883293346294144,0.2603031555922106,0.2609009413642514,0.07367320170715087,0.11863174998234388,0.12868976982549207,0.08531088395532914,0.2447337651842243,0.07715248524747743,0.19252139321024822,0.16417636868186025,0.013110868793354196,0.14184032829146898,0.12135128083979409,0.30357297769026165,0.09720586509471289,0.17115521423309787,0.7788840398072684,0.11525590708731458,-0.05484962523153844,0.11925104376628112,0.11475381974994202,0.10119332812438074,0.18398541066262572,0.11769737397331312,0.11613863185746072,0.05520320075320137,0.1968003900430546,0.18021641498893795,-0.05015151495836859,0.13541910243277389,0.09804821615322099,0.1502115721710198,0.10369931328575104,0.17874214232576185,0.09302446624663845,0.03697623381733374,0.012883062731300285,0.17631803520324935,-0.017028470670282733,-0.06609402208708264,-0.003585101609254342,0.17534034645115207,-0.01613686518513027,0.19832869218619328,0.1537007159546973,0.17893656675118555,-0.07403553878679626,-0.004086774025505821,0.09714188306523229,0.007968771627602919,0.06447103699388802,-0.09783966354069076,-0.053734356588812156,-0.09657806439687057,-0.10580691778962716,0.012222894482022602,0.11631490267531822,-0.0323748127230462
-0.0020866066584361853,-0.022173177425006525,0.0810298333701055,0.08727470383674542,0.19902046095895715,0.2044474719123658,0.00019438017292865254,0.14159181856667308,-0.07630649890773042,0.032564809074252035,0.07926361523056413,0.06045277917224306,0.061824302754658694,0.05235572362740765,0.1081975218897339,0.113465438442513,0.09042594728975342,0.11525590708731458,0.5860174700869913,-0.07318899298714476,0.09029696378966179,0.13901801764054822,0.019771013319026153,0.1339137566357366,0.1032918433676031,0.07893057642747701,0.02405300130061009,0.07998234627971325,0.1682135980157685,0.051284286022661094,0.04628820677391274,0.08113858144234168,0.0522246940659197,0.0804879467205182,0.00493380687731182,0.16460825910798496,0.01633021807228996,0.0063086628821406405,0.15334651092048868,0.014674882704352951,-0.04590048327207662,0.07057768584344531,-0.013035155219259994,0.006191831420688541,0.04556707120780295,0.0553230854641767,0.015261233817712255,0.07080186335556556,0.07186987161209751,-0.00029121932266456597,0.09925967043781615,0.13050282606305935,-0.16510645579004624,-0.06890036340153358,-0.07271709527219783,-0.06434810806927449,-0.04700446563711749,0.08817928232871339,0.04171535440301782
0.14216753223062809,0.06485476241020037,0.21633882680992858,0.1110411055080282,0.016633374964102894,0.26113450504335917,0.14145739534340493,0.16249717805179398,0.11919127098419505,0.12565882017019794,0.19104897674425453,0.16785645671831764,0.0862823169240758,0.11201610505923608,0.1064730943112029,0.16936016556785413,0.24535480768990797,-0.05484962523153844,-0.07318899298714476,1.0353072372535463,0.06865773676716708,0.06580820989874901,-0.07328815474438813,0.18288861690792216,0.13193576942785645,0.19225048989144683,0.2823835848271703,0.24058616958244772,-0.07554731280320923,0.3271505210203927,-0.013300323445905168,0.12451368711999755,0.21993708194704034,0.05788586095149363,0.27063075861074226,-0.00610438070817617,0.49835166683810017,0.4312674300564897,0.15880025670193923,0.044970000539874766,0.30733001841701446,0.19481067335974367,0.4206835424933084,0.022816877595158106,0.45394444988833954,0.09186641495761227,0.15611430208864133,0.011433077287511922,0.3580954950657721,0.13299607538862876,-0.2019482107980433,-0.055957332955992894,0.11354036099334264,-0.018527399826144125,0.024363786985787242,-0.029477679540274037,0.08737034193965738,-0.026438243265535528,-0.0992369764447675
0.0844009039971353,0.0647337320692187,0.18962121753241465,0.09490546132816165,0.04071605799319554,0.181433105298908,0.10381914291200042,0.11567842695495856,0.08725941054081757,0.0834349027012024,0.11490041887621287,0.09106394122956729,0.06498806380869099,0.07559862781876443,0.12955458722922125,0.0642844108816305,0.0993265746955513,0.11925104376628112,0.09029696378966179,0.06865773676716708,0.3978035999042876,0.04946591691104497,0.14594226249857584,0.10211458664898511,0.09905826786148769,0.09529529321658885,0.06301663685017064,0.1616375478138211,0.17472625820709012,-0.00962675680768187,0.3037012617249813,0.08634461594992653,0.17647254925867312,0.06588837632247992,0.16439775579650934,0.14709005869756042,0.0795583598358957,0.12120155037603532,0.2586501707017428,0.08639774781869272,0.1689700766283105,0.156027646737721,0.1400269619584166,0.011056227874967583,0.3343811700306376,0.14983211265392346,0.20201693949486338,-0.018180639330883975,0.19717129670152303,0.0911865551106825,-0.02764859148370477,0.005459148630721075,-0.0189982225975209,-0.05220420032153061,-0.04022148003807497,0.0013824429370561026,-0.09842736818840005,0.05830924863491716,0.0009337462014720646
0.16176980705267163,-0.03735656764684972,0.20815590206657517,0.12995104789741763,0.05150085208412494,0.214733276799823,0.1716201639738431,0.10551399452459245,0.09399216102829305,0.1046342649821678,0.10307571887347716,0.10092128352653351,0.20411323222573344,0.12388468240121141,-0.05777047778812113,0.15154462888582562,0.2773305752862061,0.11475381974994202,0.13901801764054822,0.06580820989874901,0.04946591691104497,1.1692222963455317,0.4606633165583673,0.034872466727550934,0.19144864333285963,0.16862978451790037,0.13802571059897886,0.04095665307731077,0.2563713677831688,-0.3169711083021974,-0.0830609257556152,0.1718909378542256,0.04859130509751248,0.20126470425568466,0.11507230215374181,-0.1812715757863807,0.07555012172630347,0.026491107846297744,0.14752521282416403,0.05005898570346974,0.0008931759709908042,0.14939807183123038,0.2722753023685033,0.03685382817197614,-0.02998050108940776,-0.02381953769376835,0.10313654530729607,0.13834150392489533,0.006290173048068947,0.008450124849859967,-0.038935919043996806,-0.037293780341166434,0.015628196261912537,-0.05261003288651941,0.05738395920410796,-0.024953138703693346,-0.0072969713845996735,-0.004323444200474264,-0.05172319504442673
0.1168631725953307,-0.3047811183540298,0.15691444381929798,0.1439115170181416,0.14126895859142374,0.07222444690981364,0.18468300784149816,-0.033876501208829964,0.1714830201944506,0.07216563562063678,0.10372620901203715,0.10313733377929855,0.04871722518116347,0.09056214944952277,0.1702300936592137,-0.16272174213086624,0.16771260576742228,0.10119332812438074,0.019771013319026153,-0.07328815474438813,0.14594226249857584,0.4606633165583673,2.4205584064049313,0.47807665846992553,0.34169745383290734,0.17739564736012556,0.029819105152541183,0.1666356437791894,0.4767622430425747,-0.19422260328392177,0.12442203665635385,0.030735583258211498,0.3622603476876207,0.39221302739957625,0.14095430522772204,0.01103288113541157,0.45430376053600086,-0.030826780775998656,0.4348195377320416,-0.06601896740521532,0.015381147407544584,0.07767560537787858,-0.04194862535807752,0.013719170299063388,-0.2908315951216143,0.006312039966620146,0.11326142779280807,0.37793756752024626,0.2131845251768384,0.18685062965233312,-0.10153314636041098,-0.03244910644417276,0.13721263643213163,-0.17484735886291872,0.20510568543927155,0.059797165919130875,-0.0339819664691961,-0.15113307221280073,-0.06437098909784007
-0.09689985025983008,0.023906753651186007,0.2406154086591214,0.2219125028181033,0.0808704074824546,0.35821029042267405,0.2183153683077213,0.13601253088016219,0.16736605576314137,0.10868793957594709,0.1800445627761502,0.17626165754268508,0.08518579674518141,0.05670355391738628,0.2577165539870551,0.11574892575142565,0.09253047298195327,0.18398541066262572,0.1339137566357366,0.18288861690792216,0.10211458664898511,0.034872466727550934,0.47807665846992553,1.7376765261637979,0.3612927928202839,0.2651517564739889,0.02062575732403965,0.28454582259972944,0.05510570385130016,0.41351698258439573,-0.1169482434287141,0.0476458441655176,0.271622154917881,0.042969259300222204,0.2784352431692396,0.27280982149018995,0.1592132428339152,0.08219585832755641,0.2117566981569122,-0.09170611261530613,-0.21071575688758307,0.11619010119329722,0.07346977009065823,-0.00611771889522579,0.17485935033501684,0.2336601479757562,0.22939320573544597,-0.007901147402034592,0.39629467719919625,0.014383007880770862,-0.04798516805945384,0.00688330130777884,0.01996635623224353,-0.11571275044340508,-0.08481218534044628,0.06403128613485741,0.007404417646906188,-0.10956699635522021,-0.0472694998568165
0.10195018734850167,0.059672140750145014,0.22391852522670141,0.1272572315480139,0.07290900441523301,0.1778508989355932,0.14110181291574694,0.17549918019434121,0.05821383884580671,0.10560963774322324,0.16053932808075885,0.1885569008676941,0.10025009371778945,0.08592295969369233,0.16671217540622763,0.13870290446625888,0.17060722002782577,0.11769737397331312,0.1032918433676031,0.13193576942785645,0.09905826786148769,0.19144864333285963,0.34169745383290734,0.3612927928202839,0.768772310083066,0.12754675722597258,0.1376777557630729,0.07163258782479368,0.328647285696519,0.043053499957384105,0.009327998898129837,0.08942080664276475,0.0512294806242658,0.20135491983943488,0.15701827864307766,0.18332693645320908,0.14043612080445333,0.09372772478097292,0.13536585440691465,0.013218623328140697,0.09320066975917486,0.0887139867996752,0.11666368859096903,0.021462707169836816,0.08153511331909773,0.1936941424825774,0.15050778650377014,-0.0495121619012258,0.06598794186312494,-0.15890583604193642,-0.004949555160596856,0.08496725305084138,0.10285530752728747,-0.04969014531763395,-0.013556407252152566,-0.004444089340221734,-0.02452418833290438,0.02618399482837667,-0.04420887869008431
0.04575033840668981,-0.10344688905634551,0.1429763801200372,0.1413982871375834,0.1358070702925638,0.1432684431997444,0.0613705760739354,0.15420108427688903,0.06582257701139842,0.1156774256270261,0.112722658036988,0.07515145781364028,0.11402780903609387,0.14225266013656723,0.12590544504066228,0.17689120434125252,0.10811608515691039,0.11613863185746072,0.07893057642747701,0.19225048989144683,0.09529529321658885,0.16862978451790037,0.17739564736012556,0.2651517564739889,0.12754675722597258,1.8383387646793823,0.09818514439850955,0.26158740492990556,-0.06144517069596606,-0.3199344256452321,0.12010647390180314,0.2613914841225321,-0.08958016592226048,0.17355661082418827,0.4529639982050964,-0.15706884939124166,-0.3122785242408846,0.07707775359176272,0.3520647069448467,0.24734965679003346,-0.672514029033344,0.36465327016000837,0.2596756374479481,-0.06449943103700181,0.9280369350237021,-0.19495157822992368,0.21667060883637246,0.23361749829481296,0.24329892644101855,0.021645168521225513,-0.014256711821135349,0.02724219283320287,-0.14967612297574015,0.061532388118174276,-0.03606149909425267,0.02494988269004473,-0.03870660695140176,0.11451299667912025,-0.1296131778012877
0.12731797620694232,0.08278670478801214,0.154101384415181,0.08695894713827586,0.040283905880761556,0.10401555022475382,0.1185802485285429,0.11144954213214378,0.06784222077010278,0.09611033929130015,0.13573911222346033,0.17448523000967936,0.11342680385083499,0.0929451603342948,0.07532578791527399,0.19732651932086648,0.13616525280511288,0.05520320075320137,0.02405300130061009,0.2823835848271703,0.06301663685017064,0.13802571059897886,0.029819105152541183,0.02062575732403965,0.1376777557630729,0.09818514439850955,0.7470397723013994,0.1548664400567325,0.09637036884330048,0.05256432792650864,-0.026008147837775896,0.16159494754561973,0.07427517017161749,0.08232172145011858,0.1862722532025296,0.20627017258619051,0.16741990472051407,0.15358388619478255,0.09880574906457318,0.07901623808373737,0.13113394669321418,0.1231643935910318,0.23783374893285147,0.02323413689184299,0.20071589161862788,0.022343886605906492,0.04409959473093912,0.031168115387012106,0.18019112219885589,0.02563612300705583,-0.07405658987603142,0.020688761719276805,-0.017335897099406618,0.024380947309986148,0.03166645351538207,-0.037537939147060266,0.049632318223022415,-0.007971232674892657,-0.015511800168978058
0.06502537511961763,0.08669457476121945,0.15561656796845375,0.044721131263167783,-0.0049403565049655615,0.08354289598720825,0.05279584121718236,0.07201490041943037,0.05100172492579003,0.0785647541304242,0.09234234007233003,0.011780523780853812,0.08324871341363906,0.08710929778017337,0.20843095119998442,0.1521950663354182,0.1245259044287441,0.1968003900430546,0.07998234627971325,0.24058616958244772,0.1616375478138211,0.04095665307731077,0.1666356437791894,0.28454582259972944,0.07163258782479368,0.26158740492990556,0.1548664400567325,1.2979146282778202,-0.04348992801805429,0.31375402323864693,0.3178483287086076,0.14064602266349152,0.6827436938998501,-0.008506882905087618,0.9576449131340111,-0.1562677897146195,0.38078015775324064,0.11725030986294013,0.31055577368615583,-0.08733162959285062,0.024951537671415763,0.29455478078253405,0.15446065653775637,0.014288961944506785,0.221031947196325,0.174555246232972,0.3014665360404364,0.03262705728138527,0.4146589304767244,0.33019355738710215,-0.02707509721633508,0.399796733367641,-0.6642801971742424,-0.09018375795603029,-0.06251467813960204,-0.038959898331221605,0.02796523103847329,-0.04656954925363496,-0.039886657785711856
0.09695586103735836,0.049679958844805895,0.35617388328797,0.1562682737667034,0.1117532414454999,0.16670853624627613,0.10782867139636534,0.17134160644044688,0.04720898545473123,0.1836655336661654,0.175512926656009,0.13360662588563194,0.18711545164382418,0.14411734178114494,0.2168633757310663,0.19907086511465638,0.15597977506151237,0.18021641498893795,0.1682135980157685,-0.07554731280320923,0.17472625820709012,0.2563713677831688,0.4767622430425747,0.05510570385130016,0.328647285696519,-0.06144517069596606,0.09637036884330048,-0.04348992801805429,2.767426893269159,-0.38353296494701594,-0.1664573805345117,0.1406025374310701,-0.19254088080901313,0.6633951821405686,0.08813139460858735,0.2690859553119914,0.5493030363366783,-0.06473946104608912,0.32059113951186763,0.0037822099684370696,0.35922352081413306,0.02708214932392829,-0.23686729264235581,-0.02511355701278163,-0.17810256974110833,0.20494657255741047,0.21171401900249437,-0.2746815649017839,0.12650574562736266,0.17451282635749696,-0.015038789958867977,0.06801998486805448,-0.052194032996358324,-0.020948617657491907,0.09304895688680723,-0.08363123229388483,-0.10670318929280302,0.051058162207444704,0.08576262996085024
-0.09443306328374228,0.010646713275871996,-0.38148000672344934,0.052815148596744584,0.010732169012274981,-0.04265803409499893,0.03407476037990984,-0.0594797904460258,-0.017104090730225667,-0.06259878186475383,-0.05573453425148744,-0.0052339492565061764,-0.05221666221878857,0.028193581501760063,0.06236504430693009,0.11458605065399176,-0.19403683459203516,-0.05015151495836859,0.051284286022661094,0.3271505210203927,-0.00962675680768187,-0.3169711083021974,-0.19422260328392177,0.41351698258439573,0.043053499957384105,-0.3199344256452321,0.05256432792650864,0.31375402323864693,-0.38353296494701594,3.234257584300885,-0.40840806996654044,0.005726849554783024,0.34487607528754116,-0.15890242960416703,0.31717765863585895,0.8962213748344244,0.468552331280172,0.2590405132191483,0.04314756695797334,-0.26669034743909303,0.33908757825060554,-0.034559156261944564,0.1326962488152389,0.11961646926310786,0.1220292934248266,0.978106953310839,0.5319466749432236,-0.683832209690982,0.6437528894153268,0.001032084539161482,0.05231256234095029,-0.20700568017428078,0.1254512944700526,-0.06459839194592,-0.26139167169178457,-0.07243438736413978,-0.027093724142021172,0.25806000854113365,-0.1757927184270756
0.13791748353190347,0.02672771757863925,0.14752895562607343,0.011841960643235819,0.12427467641768207,0.025524169691086326,0.04102296685895769,0.04453734285668171,0.12141913579916766,0.11405323532189385,0.10912606608805721,-0.01044659405316876,0.019259457481563526,0.08548085001885673,0.1506894384958292,-0.05837033422012189,0.0922836874863355,0.13541910243277389,0.04628820677391274,-0.013300323445905168,0.3037012617249813,-0.0830609257556152,0.12442203665635385,-0.1169482434287141,0.009327998898129837,0.12010647390180314,-0.026008147837775896,0.3178483287086076,-0.1664573805345117,-0.40840806996654044,2.670855541349073,0.08332925876159562,0.2576636780006611,0.09302256040470572,0.4517013722944709,0.350370482575756,-0.5405305126061748,0.16941224960505336,0.24861565950437461,0.12921098892472682,-0.22934197651386815,0.126571974403627,-0.07296947627950652,0.07375241503129394,0.18668557514807718,0.1801103455346538,0.04338940821659247,-0.10240974198687994,-0.06497544307869052,0.05828203349847926,-0.015888028294461527,0.2066627754692533,-0.07800190484394526,0.008693678026859162,0.215108167139391,0.07678225220104938,0.10423738716771445,-0.1431058381459111,-0.04341176844577573
0.16708047948643126,0.0736981118800863,0.1249385997536427,0.15562608117659682,0.10514339524589433,0.13186213764676524,0.10392630454752891,0.1128815923952535,0.06670400238439682,0.11665516379860245,0.09083556923038,0.12342115069661945,0.12482526780685199,0.271338090713288,0.09165944577806942,0.18082267126309745,0.11019394299740079,0.09804821615322099,0.08113858144234168,0.12451368711999755,0.08634461594992653,0.1718909378542256,0.030735583258211498,0.0476458441655176,0.08942080664276475,0.2613914841225321,0.16159494754561973,0.14064602266349152,0.1406025374310701,0.005726849554783024,0.08332925876159562,0.5943456576860994,0.07191856614176934,0.20173565799680993,0.0773987937951619,0.06104997137005282,-0.15488572613531607,0.13886556439203065,0.16721413031094842,0.07830890751020327,0.00493301913368824,0.17185354077232465,0.1331846369468047,0.02185103311095837,0.17242903799219642,0.10084088024689068,0.18136990958609195,-0.09778095614311999,0.19965016058273496,0.05166923610191035,0.02392221315627771,0.028995868172695165,-0.2336359782917469,0.04968746167675833,-0.05935158573792798,-0.10781225629152087,0.2636366264837115,0.029911675920605535,-0.17339519366443837
0.1967807840498324,0.04985953958598283,0.17070376090440745,0.05797157973096014,0.06360156515392236,0.13267112142970933,0.127133382618901,0.024523163236800184,0.15248252848513258,0.04773747023276458,0.09595259008363306,0.06260191830986819,0.04191226208542407,0.09125749355933903,0.15850676310628767,-0.06252427512953468,0.14138968477204092,0.1502115721710198,0.0522246940659197,0.21993708194704034,0.17647254925867312,0.04859130509751248,0.3622603476876207,0.271622154917881,0.0512294806242658,-0.08958016592226048,0.07427517017161749,0.6827436938998501,-0.19254088080901313,0.34487607528754116,0.2576636780006611,0.07191856614176934,1.9667524108534142,-0.37138374559651505,-0.3003291034710267,-0.1906141909539922,0.8372954595507386,0.17912871057201854,-0.04653871013882157,-0.20914782095769324,0.18906563506501115,0.29134061777077536,0.19021790273914624,-0.01647523145872569,-0.3600510572189327,0.39459794122583897,0.3106342726367788,-0.05716981907668771,0.5240501182406069,0.16413655782533276,-0.1171350269693142,-0.10320031179239424,0.1829968067802727,-0.2663348982650467,0.19893778691821268,-0.18638129549731713,0.13581115775305622,-0.11686665489112123,0.055339706374436554
