1.662542312171264,0.37904943963347293,0.4006769287058062,0.14968052838325935,0.3996597266143338,-0.09588676946423731,0.5459429162604834,0.15740442701840449,0.12724790108389103,0.3054303550638204,0.18989856444600473,0.2631044432611987,0.13076246940962075,0.21054567976009547,0.2547465822803483,0.24946814266391903,0.15973347843364832,0.3053415579366179,0.12689149595366706,0.10709310799178363,0.2187807243150331,0.2004760472853388,0.23432723752945953,-0.0027726206431992074,0.31746921179879456,0.28225540343113315,0.2751427256991453,0.19139140973472796,0.08702425539121357,0.003297981107800851,0.24904571297480024,0.17983382860454267,0.18303827687870006,-0.12054034499929159,0.157271200541786,0.3058252142652164,0.17583209815906553,0.23464894790967084,0.08856294093523608,0.18468546193108157,0.23517124031432243,0.19951572645813387,-0.04519693156975917,0.14057292074666553,0.15575145002857402,0.19987265502229432,0.3443536864408515,-0.02243762470158366,-0.12050852883378751,-0.005632623613949134,0.021755877624102107,-0.004258624335571073,-0.051832564121666376,0.020563672547372406,0.1802714504310514,0.1290082084566357,0.08064197525485059,0.032942955698780765,-0.45059311215549513
0.37904943963347293,3.4209854227903254,0.3436742989722037,-0.0923140569163281,-0.09026367111319221,0.359653758355292,-0.020467764548557164,0.2527835790413697,-0.007178252975210172,0.1512420540513674,0.08596103610212207,0.14175868772553327,0.0701535595648643,0.11811303380223977,0.13184585826695186,0.05788589435798613,-0.01700269930877718,0.41064516119076594,0.20163748332927126,0.1526058712709746,0.36520576601327304,0.018831968886060764,-0.18573781607311357,0.07766203152104872,0.3346005234705465,0.21267009027262815,0.7490074289120353,0.2633062350196347,0.44113769978678324,0.06866993120134113,0.23583882543172768,0.12572109988394145,0.2108367947565177,0.0984265113201463,0.17820338476795264,0.44319453435943706,0.5293441101776712,0.2761324730898853,-0.07120761416951302,0.18717392464797336,0.18106455192672588,0.35906019951183327,0.0072740219217726195,-0.14578507285170628,0.4094412228687403,0.26227733196046726,0.12035203499831837,-0.024775557611092534,-0.3449708167007388,-0.24374429689136318,0.4548582218096314,0.0010665924544702987,-0.19478698130293515,-0.05153547321890781,-0.7393352101282361,-0.12803891235119944,-0.0607087422515277,0.6533649843093882,0.18807112048071156
0.4006769287058062,0.3436742989722037,2.675120420967534,0.31954581270579124,0.4525571247360362,0.3820598376677985,-0.053140634873178244,0.5693544762882431,0.39926169876221407,0.6167826849268968,0.34782472560831484,0.3754019068283556,0.21620375431165995,0.3858685215947142,0.2843064628965395,0.2787809408424536,0.42436749174138055,0.39586888751501986,0.36592555636833846,0.15568475744085788,0.35649536551874605,0.36261597946078666,0.2355230374838949,0.28006167572256674,0.30950471461071866,0.39285027921487414,0.37425118200093055,0.26712029724897074,0.2818429901534762,-0.4006787905164399,0.3931377158594862,0.3246960767895705,0.43117167301028037,0.49807455268877054,0.22926758986621265,0.627655470009062,0.5500665537894311,0.44372848466472353,0.18645467837544916,-0.2941824314041458,0.209678593991516,0.3542748415058924,-0.31287737386588826,0.24371194181947706,-0.0015796000808186526,0.6044807871549253,0.41181378594288137,-0.07279754292430214,-0.46122960457789597,0.2401778561216672,-0.27717566603948374,0.07106948683920006,0.2078711547862964,-0.15178506229935093,-0.015930591655513377,0.08096425978061444,-0.1955097653984022,0.10993662648418191,-0.2286458495947687
0.14968052838325935,-0.0923140569163281,0.31954581270579124,1.0020487309087922,0.3394409318869142,0.2215857732861821,0.2894420976726138,0.2533286205743886,0.12364610301048588,0.21473231147180596,0.24296454873414913,0.2765618921589468,0.17123318358583886,0.2856321834523352,0.19088531703400707,0.2990297118303141,0.25570807397878614,0.2727834552976743,0.22333247538565332,0.1567963653644256,0.2198962061849352,0.22460879422185343,0.11819564977192207,0.2607653488572047,0.23006784249300855,0.2395021386642677,-0.02727882077332391,0.09029766893036449,0.17603167164396474,0.2541227278662465,0.21193000308246884,0.2215073919228884,0.2556280672479362,0.34232362592248744,-0.012284854461709929,0.27947643749750783,0.2730041030123142,0.2922148969526792,0.26536288450795487,-0.003288086315077627,0.19787869307229475,0.18454179895101047,0.1452141383813165,0.6861267196570066,-0.19121067566097172,0.25331195120717837,0.26537911424459376,-0.022571825633067318,0.17831585530944116,0.1606451177953061,-0.07010499632681226,-0.04041046517559535,0.06323301055888991,-0.16943661006815192,-0.13687627951405573,-0.039254167100246866,-0.2571790812903585,0.2837300559722859,0.02001377057011892
0.3996597266143338,-0.09026367111319221,0.4525571247360362,0.3394409318869142,1.4134514544754941,-0.03383110204476656,0.20616123425030508,0.3103531874814841,0.29096298851382935,0.14975433961515455,0.17337634863617327,0.20162962830606088,0.18216250393729846,0.1861844666792718,0.25195510240439334,0.2831843569709644,0.13520869739955654,0.24071805445038286,0.5053283782286115,0.10087932453713061,0.15227393396255218,0.278539771768773,0.2342147210574591,0.207514226626257,0.024433329608382626,0.18712473125473525,-0.0744750332036123,0.06922187905491453,0.14064045074531514,-0.15839300832122566,0.17550145069441572,0.16873370973368373,0.3874533341153744,0.245416079249495,-0.1161855646932981,0.1113495520062528,0.40429728137956306,0.2636081655237587,0.2524518023074783,-0.08256365425121241,0.06855624001755695,0.1308855484275645,-0.05839319589525713,0.1631676027811285,-0.1038935435320769,0.14275688296906086,0.4262969092437781,0.008119461654762537,0.14394050586482468,0.41000574760488767,-0.3091536653474345,-0.13741428380567655,0.13484341411936618,-0.16850364014844396,-0.09612523716929071,-0.09546673517232267,-0.14249525891875633,0.22381466906094197,-0.05784078067083335
-0.09588676946423731,0.359653758355292,0.3820598376677985,0.2215857732861821,-0.03383110204476656,1.1507538230334182,-0.36336397368033013,0.3789940638746207,0.11214439826539946,0.18951854886527028,0.25204422146566613,0.29185078005723436,0.13662779540984202,0.3836501984571395,0.16597067660535542,0.1676852071335461,0.31022476988197056,0.2272124520673717,0.43520158368318285,0.33641300139806135,0.3071022686432023,0.1568477727121059,0.055202398280785804,0.3444297354582797,0.29781911128914573,0.2304749067506597,0.08791018678955612,0.09002292087583627,0.3049814908001421,0.1410874726120672,0.22458218194206667,0.25039030138865065,0.4051969840977664,0.22514765734080822,-0.05139207995287624,0.31986132716385524,0.507950837320521,0.3618712945183108,0.19378528762377345,0.01835436671938286,0.2007048985418759,0.2744079364688374,0.06748553493748712,0.1554674777358748,0.10951982342835313,0.2735932609394471,0.13544455725836763,-0.025125214025991268,0.030435420826666573,0.2661763982332561,-0.3057394263132062,-0.1724951690636228,0.26549650859510443,-0.05539417992682372,-0.2642522380234977,-0.12027441161639638,-0.23453093529058808,0.3553871444517358,0.12423867489421656
0.5459429162604834,-0.020467764548557164,-0.053140634873178244,0.2894420976726138,0.20616123425030508,-0.36336397368033013,1.0656351677761307,0.01684039230261841,0.2143317666284678,0.12098133498871416,0.1706809423742513,0.22440927185391724,0.16542270852911978,0.05416243858512223,0.14101179696704727,0.239706690380107,0.16287868674098596,0.18327608909248494,-0.0257698543748231,0.12825502402923256,0.1603400300259898,0.2344837547018929,0.11044114114994553,0.09855338346549535,0.196171289951339,0.22057027746300392,0.2338900388845412,0.18910226772499966,0.09570589922516085,0.13775886821048205,0.1902048174553061,0.14718711981906915,0.09787863715702312,0.2042505952954753,0.1335184071166233,0.1965167929568454,0.11215513548169741,0.12598330424237034,0.20907296107811468,0.14048782546493657,0.1182047331101023,0.13925213480361412,0.0903142280074734,0.29642831078109466,-0.07865206136128008,0.12473426247067035,0.31036603830293463,-0.011989890613091338,0.29757272988402356,0.017705854103630642,0.10566085302780316,0.1216475822627303,-0.2704239561875943,-0.12830769334916214,0.04146962299048745,0.18662020731622161,0.019481576361022053,0.05477686415186813,-0.31745610173137506
0.15740442701840449,0.2527835790413697,0.5693544762882431,0.2533286205743886,0.3103531874814841,0.3789940638746207,0.01684039230261841,0.7647529442680943,0.05319372283305744,0.17911061019536698,0.2572074950948579,0.10150630487014183,0.16383429074305456,0.3000146762339625,0.07737096953195613,0.190479166989733,0.28057271130621675,0.27482913715700785,0.24974015376723768,0.2539729620388316,0.1829023235299235,0.1494521866640131,0.13275747879424593,0.23875156805423356,0.22189513620298557,0.25782147509472764,0.21017557180722446,0.027370360786270528,0.2831173255275925,0.14881592548278652,0.18111291488915296,0.20015192157089026,0.23410379077119342,0.2771981079901353,0.08419263461266176,0.23979838674767787,0.3522580006621214,0.27364048204791913,0.30456085309516584,0.00964205433930953,0.17881790208772613,0.18412165097451919,0.08725026800113256,0.2001114891978147,0.020344958576206894,0.2915636088618994,0.27945008829345497,-0.020998654995260144,0.2034657702908884,0.2274333273274697,-0.1430328622665448,-0.31666936710854954,0.41853697433101883,-0.10526408283811264,-0.22081335038775676,-0.17078842086977536,0.0059947780778342175,0.38554214976315887,-0.0971224346048994
0.12724790108389103,-0.007178252975210172,0.39926169876221407,0.12364610301048588,0.29096298851382935,0.11214439826539946,0.2143317666284678,0.05319372283305744,0.6918150633638513,0.10321507255559609,0.1385284088199139,0.15271529531135605,0.15871417557120857,0.1397860983875792,0.15648768318119236,0.09624230312612134,0.18250723085009377,0.12347707939429411,0.17098055178421026,0.08290030129259426,0.20916914168327178,0.3548708009954203,0.1166491589787078,0.20458404194612892,0.06033026965359805,0.24248153643633882,0.207284116832465,0.19321828764423252,0.024324110909483367,-0.03259021081481942,0.19924826512860752,0.16096567139686213,0.33824928863164283,0.14137188291025493,0.09010837054773321,0.24162477274209632,0.21942886928816233,0.17143259899581964,0.16223707381449323,0.008680700473891691,0.13797249665863498,0.18017498646908273,-0.1468707936929453,0.10867902070586168,-0.09850568896268752,0.18180072378121526,0.12973176237962275,-0.01673164610128965,0.41848552386935756,0.12668250298153882,-0.09544468902036031,-0.016321977427794333,0.051487195139267174,-0.11769308834710929,-0.01984336749303608,0.14271277073185043,-0.08616404585311759,0.07289566411274641,-0.25725761535904135
0.3054303550638204,0.1512420540513674,0.6167826849268968,0.21473231147180596,0.14975433961515455,0.18951854886527028,0.12098133498871416,0.17911061019536698,0.10321507255559609,0.7872578912022827,0.2290997980707684,0.31991739150508297,0.13694843238279056,0.22869072273576874,0.22672338034722006,0.23792341497908923,0.23743871151028417,0.22781581327737083,0.11151917918867164,0.04893177861007405,0.19022986223270635,0.19160089958149473,0.20461233944950383,0.14239473553968993,0.2160513736037843,0.18756193507567254,0.34038270318265806,0.15556807862876354,0.25009051840475105,0.0005629102214506752,0.2157127370402375,0.19138706016581253,0.1375452289590796,0.36747859418898193,0.25407776672197546,0.29614961473613355,0.249975739222347,0.2156701387070691,0.1284408612207082,-0.008183933038303786,0.15935610715381973,0.2035403457754574,-0.0058976142116727755,0.19033847292468276,-0.030509834659318297,0.18473646413961511,0.4362931638881565,-0.028596576411112035,-0.14205543861729167,-0.10041208505156987,-0.24721304130605853,0.07139263746703381,0.1826724302462459,0.0735424098409884,0.0637235082604662,0.09094912394216188,-0.14810032397352868,-0.023351842178850942,-0.014385827575662416
0.18989856444600473,0.08596103610212207,0.34782472560831484,0.24296454873414913,0.17337634863617327,0.25204422146566613,0.1706809423742513,0.2572074950948579,0.1385284088199139,0.2290997980707684,0.4155738504784389,0.25472866899359997,0.1834867151879344,0.22676289915894327,0.22385638795172585,0.20374994749689151,0.32561502133176373,0.2033928794324713,0.15084122519908688,0.22781472624168625,0.2133481542386594,0.17889376902272927,0.15333151292392325,0.20153686837624124,0.1869251234618783,0.2296193562474807,0.1790168530958629,0.14250914684533994,0.22437172731412408,0.06199408017320056,0.1938722016806663,0.17382335069325935,0.2512090507946673,0.22748423538008253,0.17042164275141136,0.22532390166533747,0.3302486411172183,0.2097595313784567,0.21764115257483635,0.052061898951904016,0.1534306527446901,0.20841539475618187,-0.01615420085040195,0.07253350264190925,0.031710598587062516,0.18769555340597366,0.32296309560639347,-0.015153620374427107,0.09545873539290331,0.12970190095314799,-0.2017022744845105,-0.07788225424726582,0.23932213506065295,-0.05962129959574175,-0.10121031810944403,0.00848158924749942,-0.1464867797634922,0.20267748854310977,-0.08172259001859143
0.2631044432611987,0.14175868772553327,0.3754019068283556,0.2765618921589468,0.20162962830606088,0.29185078005723436,0.22440927185391724,0.10150630487014183,0.15271529531135605,0.31991739150508297,0.25472866899359997,0.725712194983678,0.15162549593920105,0.25174207546657257,0.2187382249894246,0.2535131131192186,0.2532157099038432,0.13242815487786466,0.22654063760204904,0.16607373730694977,0.213743080975913,0.1918781931390715,0.07313397946083827,0.11861259429228518,0.2214880435318315,0.2723679478579792,0.3052160248562466,0.11964057891673319,0.11445044024305837,-0.09133176767933726,0.26113309008379715,0.2558869548512582,0.13256278635524135,0.2567731388612179,0.05668894131667048,0.34194611393965657,0.1814824846429653,0.25893062871146627,0.10823987654308866,0.057591648370122386,0.10269428212015984,0.1933789368714574,-0.0041681469401430235,0.1600491144459891,0.028742637999513904,0.17031363555541196,0.23309968662840064,-0.009989621372134166,-0.09871572321146531,-0.058056121102935426,-0.04744786881689595,0.16172453163198955,-0.12218125524402296,-0.07280486732113868,-0.05090645119062556,0.17686728259934356,-0.15061852129401102,0.12838452206986142,-0.23024599751101227
0.13076246940962075,0.0701535595648643,0.21620375431165995,0.17123318358583886,0.18216250393729846,0.13662779540984202,0.16542270852911978,0.16383429074305456,0.15871417557120857,0.13694843238279056,0.1834867151879344,0.15162549593920105,0.31460323181556993,0.13719032778683704,0.10111973348527663,0.1818369947505886,0.1770314833824832,0.12942438945937826,0.1274500759499884,0.12516083238203174,0.14381929151767192,0.18554396223462258,0.0756203201228418,0.16673969213165596,0.1258318541632133,0.1539613984227748,0.09307384619159105,0.13688079503600542,0.20538584140882707,0.11680696931879248,0.1138747529981209,0.1426333330666864,0.1437940500078866,0.1822675196364917,0.13045048027556552,0.14875621860102525,0.18051799703265137,0.13155775510064419,0.17651970480601079,0.033386196301245855,0.12335624788510803,0.13543619228826792,0.01841705340673958,0.15680701349595025,-0.016727360375984417,0.11693446919418841,0.19918227337363612,-0.010846386644797977,0.1221850753275702,0.1581188787572012,-0.05891964059985525,-0.08702490618208743,-0.02077028623221473,-0.03774395592863138,-0.02597283605671985,-0.010382534366340228,-0.15761415345871005,0.040676658740915396,0.07686134410598887
0.21054567976009547,0.11811303380223977,0.3858685215947142,0.2856321834523352,0.1861844666792718,0.3836501984571395,0.05416243858512223,0.3000146762339625,0.1397860983875792,0.22869072273576874,0.22676289915894327,0.25174207546657257,0.13719032778683704,0.5335723361232031,0.20536685670075694,0.2589712817222315,0.26122036049997877,0.20942370690082318,0.22342326689817182,0.18062113136971153,0.24256480779772144,0.19896284888562188,0.09906504611840684,0.26432796689377414,0.2369015945915534,0.2982539511689478,0.13485682122371428,0.13241023454636855,0.136911049320259,0.11517643499431285,0.22207852560968472,0.31069328032645943,0.2987930554450629,0.2099951254646979,0.15888911867733488,0.34683888469776036,0.2889153877191068,0.2712461203667012,0.13955066918907882,0.03655554725657594,0.25586540955376896,0.23770079759472476,-0.05825968906755398,0.24811835599367396,-0.06450390042276313,0.24960146996850738,0.19599116456020232,-0.02775454603170931,0.17315691130888455,0.020326175020062877,-0.1319029424914223,-0.14409333639613675,0.3451518686406265,-0.03842431574821176,-0.16425175826612415,0.026576108957710294,-0.1687180669865943,0.2811773860849134,-0.0990035313406096
0.2547465822803483,0.13184585826695186,0.2843064628965395,0.19088531703400707,0.25195510240439334,0.16597067660535542,0.14101179696704727,0.07737096953195613,0.15648768318119236,0.22672338034722006,0.22385638795172585,0.2187382249894246,0.10111973348527663,0.20536685670075694,0.735283291302169,0.16788416530188002,0.2768685757977441,0.22409888938123687,0.2125859072566755,0.19293376559954326,0.22020457858715925,0.12150587488807235,0.04082969293649524,0.19927737259393116,0.1913024463022822,0.22992550954013202,0.0979287494932916,0.30835150178764764,0.16407826790397548,0.08315289206946007,0.19004086334951184,0.15344524872156162,0.28785555238071775,0.17950493298652406,0.23222796875875537,0.2007030412349239,0.3675516079511281,0.1443832915875516,0.08416026659790364,0.005307040126185225,0.15819834726584892,0.218164053305709,0.004650833533948801,0.046774376560998594,0.024909196486846148,0.13148460718770483,0.2865582033680945,-0.013038967947701059,0.024340122516013144,0.08992322358934211,-0.30999893314622146,0.3760042532203075,-0.1358804455168937,-0.012605678912749226,-0.0905132892539899,0.1482651644732579,-0.24615745188098634,0.19148451829760396,-0.0986654172679515
0.24946814266391903,0.05788589435798613,0.2787809408424536,0.2990297118303141,0.2831843569709644,0.1676852071335461,0.239706690380107,0.190479166989733,0.09624230312612134,0.23792341497908923,0.20374994749689151,0.2535131131192186,0.1818369947505886,0.2589712817222315,0.16788416530188002,0.7440336013204455,0.23512015279684167,0.21962518138536632,0.22342451132499916,0.03021997173379111,0.2030969031665535,0.3720326805266393,0.13244002072518338,0.18979957089401145,0.17276627461211946,0.152035634085087,0.013911982072573504,0.20050320617558598,0.22061056818843375,0.1769301133821302,0.1677026788212203,0.2499799303437992,0.11944104274272654,0.2796187704859319,0.29086931965019813,0.3128165594408123,0.13747512906685752,0.11643843445925714,0.22346644742586833,0.06840749720429652,0.1850374994176485,0.19572983229085883,-0.04112852706986089,0.3742675335060849,-0.09332577441208119,0.17187266187385705,0.26325888489039256,-0.02151906427744053,-0.04061406798471046,-0.09576260592692835,0.0060635006403682214,-0.04929377981143394,0.009413631097618287,-0.061601841592876135,-0.034988333068866964,0.055843362269823366,-0.2495513829161446,0.15358539021541215,-0.009448749981969432
0.15973347843364832,-0.01700269930877718,0.42436749174138055,0.25570807397878614,0.13520869739955654,0.31022476988197056,0.16287868674098596,0.28057271130621675,0.18250723085009377,0.23743871151028417,0.32561502133176373,0.2532157099038432,0.1770314833824832,0.26122036049997877,0.2768685757977441,0.23512015279684167,0.8801663525154996,0.21880677604109605,0.17350367418677604,0.37081925363488266,0.3138723975961094,0.23555035465093974,0.21660300914537894,0.1980264508745388,0.40787073423328674,0.21189341395619457,0.11516186565094998,0.25623325972022204,0.29758479530638504,0.10394335972003278,0.31565512867320356,0.17762269382276924,0.3008603489422403,0.3113736117943939,0.30641595403409144,0.2992423285917888,0.6054191305876644,0.29681064466856233,0.3310147852790895,0.09278205098184755,0.25330751283969044,0.31210995847298056,-0.027855469290488204,0.12913339133939994,0.14098146041091053,0.28349125183944657,0.6211925479410141,-0.026652266173192635,-0.15998869394783416,0.42430973087693635,-0.22384255078351215,-0.05769077602104947,0.19615117175135083,-0.12727725061756667,-0.04909780358457034,0.03198243012019562,-0.2009410724002407,0.17926057395528738,-0.09065036814459529
0.3053415579366179,0.41064516119076594,0.39586888751501986,0.2727834552976743,0.24071805445038286,0.2272124520673717,0.18327608909248494,0.27482913715700785,0.12347707939429411,0.22781581327737083,0.2033928794324713,0.13242815487786466,0.12942438945937826,0.20942370690082318,0.22409888938123687,0.21962518138536632,0.21880677604109605,0.8393139651339617,0.22426023416075522,0.05811490220324776,0.2703486648167262,0.173697834508488,0.22637742556330942,0.3135971845022022,0.25732642396152844,0.3786138592365995,-0.2631867879902795,0.2165582342873789,0.20131812118595954,0.16855849838343037,0.1781304767168323,0.17655699606424172,0.37445476809653483,0.17393339577200753,0.10565194319549912,0.2871188432654018,0.38762290814880485,0.22453461672120947,0.08773308072240465,0.06570081251681291,0.24739741060496215,0.2552111070872474,0.13004416997708232,0.2857164368221672,0.008463529709811434,0.26048124678220624,0.3279953401081585,-0.022464317612775696,-0.03345921521156542,0.11858791289488864,0.029317701307960357,-0.05223741534321894,0.08970588650983673,-0.07159279594867761,-0.1934460035103144,-0.027448924173518827,-0.12323460181760008,0.33481803644719454,-0.07892908613993277
0.12689149595366706,0.20163748332927126,0.36592555636833846,0.22333247538565332,0.5053283782286115,0.43520158368318285,-0.0257698543748231,0.24974015376723768,0.17098055178421026,0.11151917918867164,0.15084122519908688,0.22654063760204904,0.1274500759499884,0.22342326689817182,0.2125859072566755,0.22342451132499916,0.17350367418677604,0.22426023416075522,0.7462824335534743,0.2269644410973509,0.2198589125413253,0.19330219922570838,-0.028362182989395735,0.2199402127219629,0.19313109374358192,0.17102417331265649,-0.06090983447410483,0.18638328355851874,0.11702924524282704,0.07203849460116091,0.22553199857816186,0.2255266926782727,0.2537964893298362,0.18588199719871643,-0.09793483340576511,0.3192660256223563,0.2495953852291847,0.34584429196033395,0.14474093406751945,0.03736369123539935,0.175350231358062,0.18025373924560883,0.17116862395778934,0.28256458874463297,0.0635724859743534,0.2315389734564332,0.1662444386516578,0.015194826279531622,-0.17728573769300948,0.15853909431613164,0.22860974592914377,0.2920392163914025,-0.44210111124740586,-0.20538437652395966,-0.19076556353762908,-0.05605061282021313,-0.1206307785087769,0.2732206827175156,-0.03547460102109284
0.10709310799178363,0.1526058712709746,0.15568475744085788,0.1567963653644256,0.10087932453713061,0.33641300139806135,0.12825502402923256,0.2539729620388316,0.08290030129259426,0.04893177861007405,0.22781472624168625,0.16607373730694977,0.12516083238203174,0.18062113136971153,0.19293376559954326,0.03021997173379111,0.37081925363488266,0.05811490220324776,0.2269644410973509,1.3156673064367492,0.12702610435396677,0.0077581111983361165,0.08323142073332193,0.1982278401327049,0.23962241035805418,0.24981481373647557,0.21688466391861994,0.1720193329948357,0.5018953752702786,0.16684554065306514,0.16788371833854457,0.1556622624613758,0.14719892487044844,0.3165183832356261,0.11901939016598048,-0.1309165839209629,0.7217983272948187,0.382118087500059,0.3368444808669877,0.25255300774217904,0.08266341682634863,0.18613186691946362,0.4663603295559841,-0.17245652113976184,0.4227409276116119,0.15767622501334017,0.5394527416658182,0.043133836151407264,0.4654402855891174,0.28708529012207096,-0.18622813506633965,0.15524412356057557,-0.15277957141118398,-0.15161686488276985,-0.15311480827757443,-0.0853198551288446,-0.04857183342495044,0.24947568035047427,-0.060813191303393944
0.2187807243150331,0.36520576601327304,0.35649536551874605,0.2198962061849352,0.15227393396255218,0.3071022686432023,0.1603400300259898,0.1829023235299235,0.20916914168327178,0.19022986223270635,0.2133481542386594,0.213743080975913,0.14381929151767192,0.24256480779772144,0.22020457858715925,0.2030969031665535,0.3138723975961094,0.2703486648167262,0.2198589125413253,0.12702610435396677,0.5561327060016203,0.2140375833716965,0.200052847817278,0.2394813966722458,0.3153584148755668,0.18621796854330197,0.11788186771158211,0.33881941533232457,0.14777312012441846,0.16881208775058607,0.3840740420491546,0.19794615651053324,0.4330318271713877,0.20439691593631915,0.2840078098688603,0.6837607870074565,0.46856009573333685,0.3010908650812519,0.21801503839832326,0.17584456554475691,0.3191770195883884,0.47924159887061685,-0.22706703913211274,0.2633045325504372,0.10627427004012312,0.3319082662056529,0.3691644112119227,-0.0399643632245131,-0.3354547764107719,0.18456859539736795,-0.05607973396441407,-0.07655306377220118,0.08125385574915993,-0.0934290148175716,-0.1300554700214035,0.0337926919782884,-0.21758307530238646,0.2105329439773043,-0.013009611980807509
0.2004760472853388,0.018831968886060764,0.36261597946078666,0.22460879422185343,0.278539771768773,0.1568477727121059,0.2344837547018929,0.1494521866640131,0.3548708009954203,0.19160089958149473,0.17889376902272927,0.1918781931390715,0.18554396223462258,0.19896284888562188,0.12150587488807235,0.3720326805266393,0.23555035465093974,0.173697834508488,0.19330219922570838,0.0077581111983361165,0.2140375833716965,0.5801170314296304,0.20882130645574404,0.20093914712787642,0.11342967432562714,0.1702512887668937,0.13740846088065992,0.18501254883538343,0.12879611552159073,0.07308049112476803,0.2055581546464146,0.21761318048506859,0.2532025572297302,0.23788769412315006,0.1543842836230793,0.28983806043615906,0.20025558114090314,0.16951909289908418,0.22909477130651,0.024254472610019062,0.17485738102598566,0.19110834708342064,-0.09846614832046503,0.27880620426643055,-0.12043578472398324,0.1943178051211056,0.24978503754199458,-0.019003628060190424,0.16499982908384933,0.06564691218993228,-0.040031901969905144,-0.08674058371101064,0.03221443583613351,-0.11092243836828054,-0.017347625176946584,0.07730432089451743,-0.1660985784754433,0.09641428803444063,-0.11116617632227886
0.23432723752945953,-0.18573781607311357,0.2355230374838949,0.11819564977192207,0.2342147210574591,0.055202398280785804,0.11044114114994553,0.13275747879424593,0.1166491589787078,0.20461233944950383,0.15333151292392325,0.07313397946083827,0.0756203201228418,0.09906504611840684,0.04082969293649524,0.13244002072518338,0.21660300914537894,0.22637742556330942,-0.028362182989395735,0.08323142073332193,0.200052847817278,0.20882130645574404,1.8177187273033495,0.29361228557888835,0.41476315294408267,-0.17177832805150073,0.2738906312119605,0.19619677679771488,0.26368457533266526,0.015079135536960659,0.27403075259695553,0.0010011956518639832,0.721940699085426,0.2540766985234077,0.009333583007937735,0.2658154155500153,0.7171691743101137,-0.06919119046703082,0.48085391205760486,0.17263538653398572,0.1584218830460245,0.24048982140042954,-0.4144653008619451,-0.06719649951772161,-0.15278274318666507,0.2816761903450521,0.8039111888855003,0.02277877392594861,0.0030385070740924854,0.6366341067773091,-0.43139828111920087,-0.3899698822646457,0.5291042268491185,-0.16502263702760242,0.1448932373784065,-0.02943573381163358,-0.09391904351680583,-0.09975900144495718,0.14414721895690372
-0.0027726206431992074,0.07766203152104872,0.28006167572256674,0.2607653488572047,0.207514226626257,0.3444297354582797,0.09855338346549535,0.23875156805423356,0.20458404194612892,0.14239473553968993,0.20153686837624124,0.11861259429228518,0.16673969213165596,0.26432796689377414,0.19927737259393116,0.18979957089401145,0.1980264508745388,0.3135971845022022,0.2199402127219629,0.1982278401327049,0.2394813966722458,0.20093914712787642,0.29361228557888835,0.8723463449441236,0.2891676851439482,0.09374953150511435,0.05317209725712618,0.3531557728823065,0.17026125798970168,0.5109252708540284,0.17406720466377482,0.23989487748565433,0.8640553745292434,0.17159835962244485,0.05167781233467983,0.3239377251555834,0.5571180957359593,0.2574353447590542,0.25303673131690985,-0.03744742365531405,0.23300884464580082,0.2567012536169099,0.041547565599668185,0.3173156183944348,-0.19969456198602784,0.3385053602464821,0.22998598351623267,-0.04627510091261056,0.5792294802813764,0.22904927545454443,-0.25115977531071976,-0.10665376175489652,0.28813489840997414,-0.15551701053904282,-0.17354862018753195,-0.13349543582047238,-0.1445721406590399,0.22462600952705913,0.1116732965200584
0.31746921179879456,0.3346005234705465,0.30950471461071866,0.23006784249300855,0.024433329608382626,0.29781911128914573,0.196171289951339,0.22189513620298557,0.06033026965359805,0.2160513736037843,0.1869251234618783,0.2214880435318315,0.1258318541632133,0.2369015945915534,0.1913024463022822,0.17276627461211946,0.40787073423328674,0.25732642396152844,0.19313109374358192,0.23962241035805418,0.3153584148755668,0.11342967432562714,0.41476315294408267,0.2891676851439482,1.9777188481825083,0.057640780050067016,0.25501500356552986,0.2487619693613068,0.5992000224653573,0.5690937562880171,0.46401036940639456,0.2179843455895146,0.219574111696622,0.4259978066133012,0.2550897653833943,0.650709641840052,0.34846301775159316,0.47924856165211227,0.39667284696256433,0.17283627148187033,0.1737197584491527,0.3373404281211275,0.4132228099399248,0.6175863091138631,0.23130769521422925,0.5247230674704869,0.5368081393840104,-0.08992924397204269,-0.7617347877001591,-0.01676170740980898,0.17947961161430412,-0.09569406095092506,-0.01794600489729095,-0.12438496098663848,-0.0845671221235906,0.03763431574307835,-0.02601930942163445,0.1667675923524232,-0.15849487055579514
0.28225540343113315,0.21267009027262815,0.39285027921487414,0.2395021386642677,0.18712473125473525,0.2304749067506597,0.22057027746300392,0.25782147509472764,0.24248153643633882,0.18756193507567254,0.2296193562474807,0.2723679478579792,0.1539613984227748,0.2982539511689478,0.22992550954013202,0.152035634085087,0.21189341395619457,0.3786138592365995,0.17102417331265649,0.24981481373647557,0.18621796854330197,0.1702512887668937,-0.17177832805150073,0.09374953150511435,0.057640780050067016,1.3402718892471777,0.23984143550921605,0.2652682871728746,-0.12802508806780302,-0.3763003428138273,0.12722962292647855,0.33603356247404154,0.09718853434976078,0.14694109555339468,0.19150494967954745,-0.020332835276047376,0.016801581477183355,0.3230150673391726,-0.3177228084383121,0.06435166370276035,0.155728526706759,0.17247941070511372,0.19041328032903537,-0.005291658806731906,-0.06369379421404076,0.03374063548720217,0.040830983585481054,0.009412905165680227,0.48086095624322667,0.0685777302805044,-0.3172527201936488,0.5364286486280072,-0.4030666992391935,0.039042603815346244,-0.16559704931672628,0.08871413473419026,-0.1167773772755036,0.29248910228530695,-0.24911489322893404
0.2751427256991453,0.7490074289120353,0.37425118200093055,-0.02727882077332391,-0.0744750332036123,0.08791018678955612,0.2338900388845412,0.21017557180722446,0.207284116832465,0.34038270318265806,0.1790168530958629,0.3052160248562466,0.09307384619159105,0.13485682122371428,0.0979287494932916,0.013911982072573504,0.11516186565094998,-0.2631867879902795,-0.06090983447410483,0.21688466391861994,0.11788186771158211,0.13740846088065992,0.2738906312119605,0.05317209725712618,0.25501500356552986,0.23984143550921605,2.595078841204436,0.36994211673620164,0.1630539024899832,-0.5241144361190339,0.34697989583302546,0.21828127477623474,0.26619224580912393,0.2786526908033523,0.3671620519366383,0.22746397259275872,0.38597138918334273,0.18185271133700504,0.06479657431164089,0.13384580428345866,-0.10550380602684042,0.20022321180615124,-0.28210318292711706,-0.786270698717701,0.1629757077781206,0.20285838076953186,0.25990699937262496,-0.02109888737098175,0.6460602195930979,0.09380066424067551,-0.4964708330757902,0.46906586854384663,-0.15812098465643837,-0.03411194194369621,-0.06198578500985914,0.20852661083423796,0.3375701326523253,0.13903110776307562,-0.602722452925558
0.19139140973472796,0.2633062350196347,0.26712029724897074,0.09029766893036449,0.06922187905491453,0.09002292087583627,0.18910226772499966,0.027370360786270528,0.19321828764423252,0.15556807862876354,0.14250914684533994,0.11964057891673319,0.13688079503600542,0.13241023454636855,0.30835150178764764,0.20050320617558598,0.25623325972022204,0.2165582342873789,0.18638328355851874,0.1720193329948357,0.33881941533232457,0.18501254883538343,0.19619677679771488,0.3531557728823065,0.2487619693613068,0.2652682871728746,0.36994211673620164,1.5548197597574402,-0.03468716610551347,-0.054338158538446174,0.28722590198205217,0.22111896192032243,0.9359624323521749,0.0536531947717543,1.1544468627630509,0.15905259785298162,0.7972077460743437,0.1080644357761063,0.049236987760648,0.13509836591911983,0.1004921707345673,0.44987688622843247,-0.3900100267131223,-0.20446490588707267,0.2261506444314727,0.17369697043465188,0.47318756859354993,-0.012400437672383162,-0.17524784397809595,0.6327833567576134,-0.4987539835488409,1.266001944620781,-1.3855944452349853,-0.056214438577065706,-0.0453852159875694,0.14779017064510133,-0.09917259943791057,0.06766870944953031,-0.06247981234071181
0.08702425539121357,0.44113769978678324,0.2818429901534762,0.17603167164396474,0.14064045074531514,0.3049814908001421,0.09570589922516085,0.2831173255275925,0.024324110909483367,0.25009051840475105,0.22437172731412408,0.11445044024305837,0.20538584140882707,0.136911049320259,0.16407826790397548,0.22061056818843375,0.29758479530638504,0.20131812118595954,0.11702924524282704,0.5018953752702786,0.14777312012441846,0.12879611552159073,0.26368457533266526,0.17026125798970168,0.5992000224653573,-0.12802508806780302,0.1630539024899832,-0.03468716610551347,2.170865232989744,0.34328635890966047,0.04459429951924588,0.13912103305053944,-0.3011236146901693,0.6206974248648462,0.15709703816535986,0.23523953191938166,0.05323192337675335,-0.03140082300948425,0.549747485510611,0.030506730277849104,-0.17729186877441958,0.09963004137740944,0.2498807837914512,-0.24621054929052205,0.2124859250251543,0.18660641287755872,0.7417284704940289,-0.07047432021617762,0.11349085882231272,0.48441968257628604,-0.4936704845471786,-0.08845756987925929,-0.11450609693841768,0.046907109495381925,-0.22603538128300024,-0.15971930232378007,-0.16329476111611144,0.32870184395634,0.059641506088711785
0.003297981107800851,0.06866993120134113,-0.4006787905164399,0.2541227278662465,-0.15839300832122566,0.1410874726120672,0.13775886821048205,0.14881592548278652,-0.03259021081481942,0.0005629102214506752,0.06199408017320056,-0.09133176767933726,0.11680696931879248,0.11517643499431285,0.08315289206946007,0.1769301133821302,0.10394335972003278,0.16855849838343037,0.07203849460116091,0.16684554065306514,0.16881208775058607,0.07308049112476803,0.015079135536960659,0.5109252708540284,0.5690937562880171,-0.3763003428138273,-0.5241144361190339,-0.054338158538446174,0.34328635890966047,3.7910040386453963,0.35956645968994283,0.02764037890308779,-0.11894675295438213,0.14605006719292568,0.22145859684451058,0.7842340636947353,0.01460399176976976,0.6897067955278471,0.8480364914971247,0.08644860067082896,1.0217047481587758,0.2014217450532447,2.182568627678634,2.072264538307494,0.15171524326520344,0.5245055721526075,0.07853949393358656,-0.05735198435472239,0.6772658945550146,-0.37924275478620556,0.6218217454473993,-0.6972558784337646,0.4391127118122882,-0.0022849056934931707,-0.17946588974787864,-0.4085618436753787,-0.1080090046430496,0.31570689541460084,0.18810085909944155
0.24904571297480024,0.23583882543172768,0.3931377158594862,0.21193000308246884,0.17550145069441572,0.22458218194206667,0.1902048174553061,0.18111291488915296,0.19924826512860752,0.2157127370402375,0.1938722016806663,0.26113309008379715,0.1138747529981209,0.22207852560968472,0.19004086334951184,0.1677026788212203,0.31565512867320356,0.1781304767168323,0.22553199857816186,0.16788371833854457,0.3840740420491546,0.2055581546464146,0.27403075259695553,0.17406720466377482,0.46401036940639456,0.12722962292647855,0.34697989583302546,0.28722590198205217,0.04459429951924588,0.35956645968994283,1.1588817123121962,0.19024806154039184,0.37654889357839777,0.2829040869331316,0.16271753642574982,1.1370908634704469,0.48268646976295143,0.518939983633522,0.320582893213562,0.11480071176242278,0.3890198426100595,0.42658589547821,-0.09253064337599924,0.4821596137924871,0.14608234414962543,0.4694143247489912,0.4528094340307404,-0.039699204411294736,-0.7267010263968243,0.17005845891548343,-0.009881411973637491,0.08060945447072751,-0.05130591141523671,-0.13554058712257344,-0.08723721163954655,0.10009232487498748,-0.03665281613812975,0.14125430770754616,-0.22147914520302633
0.17983382860454267,0.12572109988394145,0.3246960767895705,0.2215073919228884,0.16873370973368373,0.25039030138865065,0.14718711981906915,0.20015192157089026,0.16096567139686213,0.19138706016581253,0.17382335069325935,0.2558869548512582,0.1426333330666864,0.31069328032645943,0.15344524872156162,0.2499799303437992,0.17762269382276924,0.17655699606424172,0.2255266926782727,0.1556622624613758,0.19794615651053324,0.21761318048506859,0.0010011956518639832,0.23989487748565433,0.2179843455895146,0.33603356247404154,0.21828127477623474,0.22111896192032243,0.13912103305053944,0.02764037890308779,0.19024806154039184,0.5552063530835668,0.09946189362080612,0.22946445591806872,0.13994936284731294,0.33965992514947496,0.057695548699485816,0.28907772943477267,0.057516780716500536,0.05206445350800467,0.1744931288325136,0.18058322174256733,0.05207423646726858,0.19826345505989323,-0.02241776740139858,0.2063211204211238,0.2062336867177216,-0.021255728660910377,0.06794140526252763,0.08620777826254866,0.03149710165052044,0.2689431246415664,-0.37267342451400554,-0.025453737652733097,-0.14093614935406112,0.05336334772508784,0.05816324842999724,0.16614950754395516,-0.25956357685613396
0.18303827687870006,0.2108367947565177,0.43117167301028037,0.2556280672479362,0.3874533341153744,0.4051969840977664,0.09787863715702312,0.23410379077119342,0.33824928863164283,0.1375452289590796,0.2512090507946673,0.13256278635524135,0.1437940500078866,0.2987930554450629,0.28785555238071775,0.11944104274272654,0.3008603489422403,0.37445476809653483,0.2537964893298362,0.14719892487044844,0.4330318271713877,0.2532025572297302,0.721940699085426,0.8640553745292434,0.219574111696622,0.09718853434976078,0.26619224580912393,0.9359624323521749,-0.3011236146901693,-0.11894675295438213,0.37654889357839777,0.09946189362080612,2.615427501083593,-0.1620148680540877,-0.18847044669134108,0.17699612984252364,1.5722101636505137,0.26128627925676373,0.17539680747765596,-0.09779651270315633,0.1513154116728239,0.47134097530942953,-0.7742362174557086,-0.04833957320910608,-0.41633835633491034,0.4645639160062954,0.46688269121236076,-0.09140865525289983,0.7863756817756546,0.7247251458040248,-0.8858660272686608,-0.1429511278957372,0.7166790755278385,-0.3517081577700209,-0.10941019974374941,-0.07423998496970355,-0.29800348244695224,0.20077598303550515,0.2607662921824253
-0.12054034499929159,0.0984265113201463,0.49807455268877054,0.34232362592248744,0.245416079249495,0.22514765734080822,0.2042505952954753,0.2771981079901353,0.14137188291025493,0.36747859418898193,0.22748423538008253,0.2567731388612179,0.1822675196364917,0.2099951254646979,0.17950493298652406,0.2796187704859319,0.3113736117943939,0.17393339577200753,0.18588199719871643,0.3165183832356261,0.20439691593631915,0.23788769412315006,0.2540766985234077,0.17159835962244485,0.4259978066133012,0.14694109555339468,0.2786526908033523,0.0536531947717543,0.6206974248648462,0.14605006719292568,0.2829040869331316,0.22946445591806872,-0.1620148680540877,1.3578881887487464,0.3567158871905347,0.26517577738321474,0.42136061098958555,0.21456487352716438,0.44908772839343547,-0.0982155349372223,0.0747677540903258,0.2550410717085076,0.25293110489371357,0.46378056185197253,-0.1654776641989581,0.3310152827389742,0.6856092937685706,-0.01742897069231833,0.09904804822845657,-0.04903571598336087,-0.1699461793265024,0.029708381846444122,0.17440591046263454,-0.1101201210655139,-0.1595584405860963,0.012888905467294185,-0.24926929115138868,0.22233179550514398,0.07340763311980841
