1.1123301755228476,0.19700140910395852,0.33629359421758037,0.08614803476145265,0.08409565434731633,0.0763308145093427,0.05320990091792413,0.09601039491530629,0.05490441073620056,0.07244918591348196,0.07776032447029298,0.09269774721801569,0.04107128022268299,0.060171637767975315,0.11464908208662494,0.029444472837934475,0.037836953247109895,0.13722472927480706,0.028875157206434483,0.07026412064978257,0.03679631386989731,0.014354754183430015,0.08464372851261495,-0.02868816091460572,0.07548410011369146,0.07817515388871447,0.05070912550757327,-0.016200666753743827,-0.03283850603337191,-0.013604785140687602,0.03865147123043867,0.01974250511586609,0.047112424427878725,-0.15020369451552465,-0.06415660086551443,0.056718644487764217,0.04670244395611156,0.07436058685840169,-0.017000672763841325,-0.05501950019623487,0.06458677337341495,0.02994275148796408,0.03118562142863023,0.034913961432215035,0.004848562524018553,0.11154676814849641,0.038837866892916593,-0.03977291509732651,0.01863523488644248,0.01716972465002424,0.14728290983176334,-0.07290998952194737,-0.021641683651570338,-0.018053339358517367,-0.0074108427068886205,-0.01932773795141134,0.05110386951257809,0.13057329746470162,-0.16394715421357606
0.19700140910395852,2.3130074732580534,0.6445224040322001,0.18818722633226437,0.2800939048561249,0.27799994814436285,0.3276102929016545,0.2672043278638376,0.29430043374276527,0.26002271903183893,0.28787370122794464,0.35809858297479813,0.17905910085450252,0.281707091864688,0.5464052813596428,0.18499468994290869,0.3036172642933727,0.4297968171557499,0.017175752666295868,0.44447244376719386,0.28711571917934786,0.04624367853158556,0.21278739564324034,0.17242769318599768,0.17662462921477298,0.1493576670320745,0.25308030264188075,0.15870953881175218,0.21039025731708416,0.21400956147099448,0.26637686425927526,0.11880843947540183,0.23522362215402745,0.36272141806862535,0.01618761328204859,0.433022161600895,0.49987456603244695,0.21965069876462182,-0.05638382181075467,-0.13932581575541564,0.4142786444443037,0.2819851230867766,0.30947619992293335,0.10384186343177268,0.12823065033377565,0.2656875047694849,0.28549928739564917,-0.05165573560178215,0.3780380580952207,-0.09870011260058684,0.42303896972029287,-0.06982309878891632,-0.05735055376084392,-0.13079256398749106,-0.16174074071388211,-0.046273736150505965,-0.43380148897882065,0.22679573297766054,0.204238438912233
0.33629359421758037,0.6445224040322001,1.7965890886110034,0.14840809966249477,0.093891062372956,0.38051181770836995,0.1809158814228886,0.36933976093559323,0.4647112500569047,0.46400203777697335,0.31357858067317945,0.4011206370711015,0.19386509024070586,0.20011076076843023,0.30802250836628314,0.185021940847374,0.32487911608818965,0.3837812333271678,0.2953638514963158,0.31360930865099534,0.24137346799622036,0.20901071917184022,0.30763757219284354,0.2317972598799325,0.13235310832500732,0.2434848798133634,0.25916430938013585,0.14346579815811286,0.14753762399623216,-0.07813122906689121,0.28844309064897855,0.22195817924943434,0.27734745183867937,0.4033201324236314,-0.1344158299136134,0.548108179908373,0.45881720600731374,0.18225700278914925,-0.20019462936182336,-0.3941053064851428,0.3754633057503547,0.2379130588175463,0.23005063535093404,0.14322142172830207,0.2504839433891816,0.4817001099901843,0.24617271321719633,-0.1589331551346531,0.03301569270256874,0.044054412668208,0.32687262813469486,-0.009451848235165915,-0.07231231296878772,-0.1709351281178216,0.024067947237650496,0.07457542147417644,-0.1300257665288462,-0.031073552804210994,-0.11686650613131243
0.08614803476145265,0.18818722633226437,0.14840809966249477,1.2223971358908807,0.5786473247718591,0.2571270334351965,0.2959079695750777,0.29227238905570735,0.11390163643502359,0.1168886088939611,0.20034079610370986,0.26252222825062904,0.18769637297924108,0.18480836707319176,0.20487627567148187,0.19196923266701346,0.1879577740463014,0.31093945717565186,-0.10272055928161482,0.3124913958962677,0.19167789615186753,0.07571171948712462,0.26792969407660766,0.20170789935886654,0.13894469791007052,0.18749834492732992,0.16219252854480495,0.06811704402930786,0.15370105876196533,0.10689742529798112,0.19725947695254323,0.15091649316981576,0.14725988933290488,0.33164838903506444,0.016509869974398905,0.26709206067757696,0.2921976823507732,0.15103282770298676,0.15786043629775123,-0.024687679194133727,0.17740299975254578,0.19167468974485177,0.2501024628484897,0.13209847212616888,0.05941731216662817,0.12786697368726277,0.2452983009654998,-0.018175398007490292,0.29779542352511174,0.003393063457066293,0.02722721970662687,0.14194491407038687,-0.05619900775015477,-0.1324902631912267,0.101162454580003,-0.045720130340598464,-0.2387656995234564,-0.004617630892513213,0.13890010387621418
0.08409565434731633,0.2800939048561249,0.093891062372956,0.5786473247718591,1.2178332554392084,0.21120934472466693,0.4352383274533512,0.37940652150578913,0.08459060257470434,0.13029197987562488,0.24223739954425685,0.28416129298304915,0.19470738856054975,0.2526866954185649,0.2891085764313769,0.23982540064680358,0.19713730015348893,0.268585668783626,-0.054286670384771196,0.2466459517656974,0.206031218965905,0.12505766085875122,0.2996982219085258,0.19466385655254573,0.10550462906381086,0.21971270558430403,0.1717737778790691,0.020535767780383053,0.1735299796185563,0.057909123105190925,0.134304074684215,0.20350159163846737,0.09072819327125428,0.39941547856856574,-0.003074816007555823,0.3278811474433195,0.20525632931746193,0.0983171551925836,0.09942359045741328,0.006375307531909647,0.25150127800926414,0.21124347771217933,0.23356095598530952,0.09203246267647695,-0.027528410152832174,0.07326342558075506,0.20153230804479996,-0.00883525752161036,0.5296588035574961,-0.16049914986852962,0.20529431901406853,-0.028764338201557247,0.05030613793960481,-0.020641411991904435,-0.016955961003124156,-0.07827445613671549,-0.20392432351072165,0.06747707111657131,0.1856550900466047
0.0763308145093427,0.27799994814436285,0.38051181770836995,0.2571270334351965,0.21120934472466693,0.6715848515375238,0.11519773098010389,0.29660439079330875,0.2614559275204768,0.07245917345605168,0.22696981778369166,0.24712621981666125,0.16156344824864544,0.23122014373119862,0.22685467094635678,0.13825084054548914,0.24714410110783422,0.1881295354316031,0.1287468780218314,0.47627492883497774,0.2377218580538274,0.3063347821197726,0.13270327413721808,0.2338996872449138,0.14536278852455606,0.25121386941947726,0.20919528643162,0.12951436095449173,0.29445445239548257,0.04582499120654683,0.26510088907093127,0.2568467924403009,0.14848739930292107,0.4027556739953099,0.003790516899333904,0.20894359095446338,0.35330503697074417,0.2515793013228048,0.2211922818566216,-0.015184059685498756,0.12921267940979755,0.22463710481932236,0.3376633377820375,0.1288058072563027,0.18555957914954738,0.08657238528514413,0.3031368961861883,-0.04674457513036434,0.5108200599548216,0.2459696434062671,-0.4709361993340719,0.310491458148004,-0.1819477866837077,0.005539350970743598,0.0301208169576111,0.02268538130006608,-0.13703199289737375,0.057070493399506574,0.0015908552435899876
0.05320990091792413,0.3276102929016545,0.1809158814228886,0.2959079695750777,0.4352383274533512,0.11519773098010389,0.9352775465796372,0.280971911483032,0.22693111937917104,0.21688048424503897,0.29002570865141636,0.3881453270134099,0.21467210839171177,0.25467689003882105,0.14681659356080512,0.3272894462325757,0.29410883332082266,0.2663353395479612,-0.04102212241693865,0.2376372364289778,0.28247421834620473,0.29860339644888273,0.2946494860958006,0.3040742907143197,0.14648462413099847,0.13028035614735875,0.24174814441846346,0.11543315923720716,0.10848894966467111,0.27316171138130807,0.2494546813691819,0.23462086963585319,0.3125262901296229,0.3727336182033037,-0.036426500333257686,0.4806976976862457,0.23837017574866834,0.12544883797073914,0.12268044174070641,-0.04014831943681744,0.3403288352408415,0.2804424888210438,0.3519172748520145,0.09811745494558231,0.011210084440803101,0.16596919397192564,0.14187189544263878,-0.05875202013065748,0.5371740031842588,-0.23529685773221304,0.16894115089943307,-0.011933918424885864,0.10148510066847799,-0.09414311822100944,0.07400965710471283,0.09564527373226095,-0.16529160017619943,0.03650627101675694,-0.10548099361019746
0.09601039491530629,0.2672043278638376,0.36933976093559323,0.29227238905570735,0.37940652150578913,0.29660439079330875,0.280971911483032,0.7665547759565451,0.07713868438290696,0.17763461627245797,0.22618129214293897,0.14588965925084965,0.1809630372806601,0.23834567558597092,0.11072323667151389,0.15615991111055375,0.22883456127423152,0.25655448873935965,0.08477252004476711,0.3927083738876775,0.18366210146764828,0.12450338021262898,0.18527406369899546,0.16791466688768822,0.10522749141164618,0.20281133103741858,0.17812999605792837,0.09818160759198907,0.19393626555973784,0.13075691128129063,0.2058059035748321,0.18342161880763844,0.10695580284993227,0.35072484929208275,0.030933336357935923,0.2480370104323026,0.32573445198420087,0.19814417918976454,0.17813809972278424,0.000123790437398759,0.20659501998073748,0.1835348844630687,0.3035508623443061,0.13213151489158984,0.15795660674767764,0.15832742761769733,0.31089511708223166,-0.044675352147675984,0.4444063624673232,0.11199815957146039,-0.08379587388123275,0.11805511785324528,-0.06272345723578132,-0.04307091588659528,-0.07796484524249983,-0.032814658205768364,-0.01656578803344306,0.23009082026818165,-0.1379877051079754
0.05490441073620056,0.29430043374276527,0.4647112500569047,0.11390163643502359,0.08459060257470434,0.2614559275204768,0.22693111937917104,0.07713868438290696,0.9101799705009026,0.055713520226952584,0.21630169370636826,0.22865324549160154,0.12436677674170343,0.1647261016631516,0.042869136590426064,0.1381300979017262,0.1887858463005696,0.2431604630523983,-0.047268595337439455,0.2963387785185811,0.22547993438827307,0.07774496214509274,0.1788052543781458,0.2424618736606224,0.15422536577896412,0.21332157383219613,0.17694442830392662,0.1147075446634683,0.06428576605989685,0.12536729401758895,0.299625702655361,0.16815097338181248,0.26334793147404445,0.2722229450275175,-0.01354854013650696,0.2944795136095469,0.29752075846704656,0.16686487064879318,0.0006189204537037546,-0.13514395621977673,0.2561603590254296,0.21611128375868782,0.2681362059515448,0.09494563286474013,0.09535274611865655,0.15286946325309153,0.1938635617743075,-0.05685208860850404,0.2957438972439674,-0.025199662447392912,-0.04284166613679603,0.10512443727526939,0.0027426450932390646,-0.047202819074394164,0.19338856892283088,0.17173860585362785,-0.13136370162960856,-0.16758993517836698,-0.07183495281004398
0.07244918591348196,0.26002271903183893,0.46400203777697335,0.1168886088939611,0.13029197987562488,0.07245917345605168,0.21688048424503897,0.17763461627245797,0.055713520226952584,0.7268538192991705,0.05609694943298204,0.13600741343199968,0.10561293562598238,0.18091659978184793,0.18006710149273616,0.18563333008030852,0.16194861871969374,0.2222820570614283,-0.006571623905623813,0.18157081829452967,0.11825724631576039,0.015048374486056686,0.19237249246749463,0.12154700845398485,0.10147560353553499,0.1077497335986958,0.14463190545962681,0.06903360828294122,0.07670259146699779,0.14222297703982292,0.12377504717763269,0.1108827411114086,0.06971107899807027,0.24371942207611416,0.06601339496611477,0.3107725413807063,0.1709858433046413,0.08204572418202005,-0.024705463048289307,-0.06988879241222884,0.29768672370201926,0.13023832690882262,0.1304207708403557,0.10065116261043923,0.025061225170509203,0.17215354839923572,0.20946887288584176,-0.06956832794646568,0.35572486754404714,-0.13972442878218916,0.20900021066083527,-0.12839677647092956,0.06890405924333101,0.010094727908264664,-0.0688230422429687,0.006107890815241926,0.01154447225992116,0.028878447610826523,-0.05355711011434869
0.07776032447029298,0.28787370122794464,0.31357858067317945,0.20034079610370986,0.24223739954425685,0.22696981778369166,0.29002570865141636,0.22618129214293897,0.21630169370636826,0.05609694943298204,0.4549345447978838,0.32152463271770004,0.17529461516167522,0.187422429894132,0.2409176737116149,0.18392053500973665,0.22939764150797032,0.20789011269535107,-0.045731009434614146,0.32020454661779607,0.19468292320412478,0.08460490607201815,0.19875413709444903,0.19284980512251132,0.18167977460233428,0.18386279318978857,0.21044085111586933,0.10171299584875909,0.1718737968010667,0.11428602243945607,0.19837350808227772,0.17892887882083688,0.1430836419097373,0.31544193202979326,0.07860321357950148,0.3057081611882823,0.22144204406589124,0.156675900087978,0.10371948626002118,-0.023043938910900837,0.20236846020030735,0.194592082498308,0.24899952840283873,0.09856650698286985,0.08499182854427968,0.1612592940174411,0.19728570386816263,-0.05517705832296135,0.28734656364491534,-0.031188397963959388,-0.021250195773849515,0.06452845091565214,0.0199505619322929,-0.0295597797058202,0.03522768492210097,0.04194998467766291,-0.14037071921980007,0.0399901938740087,-0.0701238139630811
0.09269774721801569,0.35809858297479813,0.4011206370711015,0.26252222825062904,0.28416129298304915,0.24712621981666125,0.3881453270134099,0.14588965925084965,0.22865324549160154,0.13600741343199968,0.32152463271770004,0.7690432414343443,0.16600957468148392,0.22455397827290316,0.2795827973505901,0.2507636488197896,0.25272846051378867,0.27447127472546007,-0.004500606345374673,0.267456079788703,0.21201402769355637,0.11907180964541025,0.32516077633169616,0.23133229410257566,0.22118493308764733,0.18261599313140225,0.27849487189157224,0.06286886390801326,0.19676232246835,0.10750058107326343,0.14856440529661052,0.22708666863832827,0.20881346304122578,0.35539295828633427,-0.04608142080436931,0.4594286907428517,0.17459788563127776,0.1274013938671176,-0.03793122993501358,-0.10504568832559297,0.3118504921510523,0.2149973814923107,0.2539497921164743,0.06783020137178665,-0.054645814185161214,0.20696949247654578,0.1927914937219522,-0.0678359978570345,0.6273141057001727,-0.4016808995656145,0.3496493101184396,0.04141188361680838,0.08997392618526547,-0.09394870647860912,0.06904854365210404,0.08117129262831313,-0.24402811463533058,0.02155487309090549,-0.10801425492135613
0.04107128022268299,0.17905910085450252,0.19386509024070586,0.18769637297924108,0.19470738856054975,0.16156344824864544,0.21467210839171177,0.1809630372806601,0.12436677674170343,0.10561293562598238,0.17529461516167522,0.16600957468148392,0.3595375102361903,0.14827680028415463,0.00986148251179796,0.1795676413809517,0.14849907513290164,0.16138899686199504,0.05267843358474502,0.18584174688918154,0.14044030355865517,0.12771556344377688,0.1359475027023257,0.14945678252537944,0.10584296630543924,0.15182486719600452,0.17009783120647248,0.08884808764402877,0.10486777942277037,0.07441167359963151,0.1469001017878586,0.1540417885786034,0.13781607955667743,0.22526329682337853,0.04738951348025639,0.21603950121986445,0.16531181233151138,0.09025632141283013,0.16403950942320952,-0.0037895403899568868,0.1422903246867183,0.1392906164429154,0.17861968570127476,0.09357502094093974,-0.039429739802254525,0.13461647555233533,0.1405131019057962,-0.039322885316616235,0.2738358982364886,0.09940552139000923,0.0024672645615581574,-0.001241214700909368,-0.03289683622859842,-0.0723607880177569,0.0793365284432353,-0.017346123534748122,-0.11034139593671828,-0.07165022289814511,0.0952525133860853
0.060171637767975315,0.281707091864688,0.20011076076843023,0.18480836707319176,0.2526866954185649,0.23122014373119862,0.25467689003882105,0.23834567558597092,0.1647261016631516,0.18091659978184793,0.187422429894132,0.22455397827290316,0.14827680028415463,0.6713272586939701,0.43414958529466624,0.2301042332686787,0.22189164298618969,0.1353803811885937,0.08133530885371683,0.29879869902957024,0.19582713794257714,0.11646823495698573,0.23441581858881783,0.1895928764583334,0.21863249875868293,0.20758613599748393,0.15520568119827372,0.0901960921695682,0.24855681584313305,0.2177431263821538,0.11575905520177183,0.14480578778061023,0.0981946393085631,0.33591331248595746,0.09096164517853303,0.2853613674746715,0.32756670585661796,0.14382714288360648,0.050113865441837206,-0.00602221836297334,0.3158040777602791,0.19903614912081233,0.33709502436184036,0.1305563496698837,0.0987541648716312,0.045227420743309876,0.2694459969514094,-0.03510126566210469,0.7022932711393808,-0.04097069948353786,0.021057061193640928,-0.04175385930992677,-0.026251059620516937,0.06658419713107805,-0.19372286289188237,0.03392112622460563,-0.24627105442810582,0.29497218603225117,0.028022586996020542
0.11464908208662494,0.5464052813596428,0.30802250836628314,0.20487627567148187,0.2891085764313769,0.22685467094635678,0.14681659356080512,0.11072323667151389,0.042869136590426064,0.18006710149273616,0.2409176737116149,0.2795827973505901,0.00986148251179796,0.43414958529466624,1.3890562645461855,0.177242604194532,0.2623126568647841,0.09194516586140368,0.2264293080914304,0.1881990728782693,0.19151214316441015,0.18879497136860934,0.3285207829971232,0.1919629294022212,0.25162560732761613,0.08510427078326878,0.14610857112236092,0.04589332433764214,0.35242283729385554,0.3088692566803435,0.026825160908397122,0.052732263621756224,0.1711867344738562,0.36121234527802276,0.007707986437892047,0.3395689283488802,0.48616729814591925,0.08354953751599112,-0.008941856713099192,-0.08066981016662586,0.41188225813683055,0.19364296904798523,0.3540822045606039,0.08951948829538504,0.2244593839272616,0.1639017164319039,0.25955559081976026,-0.020328454291619,0.34554329226561037,-0.34109124632656773,0.3786925119514959,0.0368511928155288,0.09250933545990117,-0.11623062361756918,-0.1476748561181301,0.11006973235425002,-0.5157266079650442,0.2720634084885531,0.0975392572622027
0.029444472837934475,0.18499468994290869,0.185021940847374,0.19196923266701346,0.23982540064680358,0.13825084054548914,0.3272894462325757,0.15615991111055375,0.1381300979017262,0.18563333008030852,0.18392053500973665,0.2507636488197896,0.1795676413809517,0.2301042332686787,0.177242604194532,1.2464279845091633,0.15938441030244885,0.18929464205601856,0.12189608781580624,0.17316453549692684,0.16116115201354056,0.12578280240866696,0.26438501530321984,0.199927777730309,-0.0260538113098891,0.18178147548275805,0.33388555293371264,0.09787209599173455,0.0738178253235539,0.11892299277829342,0.08617717994214752,0.24636022617905057,0.11034649269823626,0.3205416683862481,0.10457507543317884,0.3324107231570594,0.18574850324001374,0.07121517683219897,0.23237595343676432,0.06659447612567276,0.23264603908388287,0.18376994117939635,0.33442684020708263,0.13357827505055328,-0.06743153066147804,-0.0017956477868904385,0.15360464143359356,-0.04142122569318167,0.6535759536431285,-0.2505970246426458,-0.09642667775943763,0.06760112965773418,0.0781641918531938,0.02834292651848794,0.089421774347606,0.018908979570859068,-0.31382010838183455,-0.011281937404028365,0.18692436145478766
0.037836953247109895,0.3036172642933727,0.32487911608818965,0.1879577740463014,0.19713730015348893,0.24714410110783422,0.29410883332082266,0.22883456127423152,0.1887858463005696,0.16194861871969374,0.22939764150797032,0.25272846051378867,0.14849907513290164,0.22189164298618969,0.2623126568647841,0.15938441030244885,0.5888202483790415,0.17377834625707583,0.13958854390145983,0.30002111373192575,0.23483363375551486,0.35515178123976526,0.1828322369548272,0.21965755555335376,0.20168234463512408,0.1419430809987518,0.19561318043075607,0.2191231607055414,0.20561533541267296,0.18732209786094264,0.20801011103676167,0.18649202030650347,0.25006882372645833,0.3334648218967789,0.08516636658683537,0.39353898242714247,0.4099191540171718,0.17087351093894082,0.11298744069637896,-0.010393276869530904,0.3010819506082291,0.2436856701535493,0.30536456362052294,0.11554692298027094,0.25319552552094443,0.19177805318922256,0.2802850595925553,-0.04651649495783473,0.3401104396235494,0.1639522971819458,0.1327592078392446,-0.021274881805656128,-0.1134862110266273,-0.10511319630342804,-0.1031742568075394,0.007047641042847111,-0.16764658304777244,0.14265480149116977,-0.08486498976788379
0.13722472927480706,0.4297968171557499,0.3837812333271678,0.31093945717565186,0.268585668783626,0.1881295354316031,0.2663353395479612,0.25655448873935965,0.2431604630523983,0.2222820570614283,0.20789011269535107,0.27447127472546007,0.16138899686199504,0.1353803811885937,0.09194516586140368,0.18929464205601856,0.17377834625707583,1.133793933072196,0.023891284237934785,0.20289133577786173,0.2665909256767809,0.07806298137998041,0.5743241077695357,0.13956727607654298,0.18904118141138382,0.43011423596897724,0.1457643378414184,-0.0394879736289052,0.08540242499937736,-0.05776787174268568,0.4926380096783036,0.2081347699151991,0.07145482014111168,0.3829313696973306,-0.09848300194860359,0.5439371745677709,0.11058815351814207,0.08986305988205291,0.12600678529964512,-0.005691268794057869,0.41256570760882594,0.25673103596458274,0.24616785287909645,0.1059718706461327,0.05101308592357762,0.2506796098999302,0.3471331824464999,-0.08153659400915624,0.34005613199214707,0.40122937103851075,0.6082477545434571,-0.5414950377742562,-0.2304740569320698,-0.1460723856390633,0.03400046533365985,0.07823614651944372,-0.00850700430578924,0.09014044409238829,-0.27048850970903887
0.028875157206434483,0.017175752666295868,0.2953638514963158,-0.10272055928161482,-0.054286670384771196,0.1287468780218314,-0.04102212241693865,0.08477252004476711,-0.047268595337439455,-0.006571623905623813,-0.045731009434614146,-0.004500606345374673,0.05267843358474502,0.08133530885371683,0.2264293080914304,0.12189608781580624,0.13958854390145983,0.023891284237934785,1.208060381132863,-0.36381800791573526,0.06940937618325536,0.6092414761300708,-0.0022466092799878707,0.06572974328226125,-0.05702104613714041,-0.05993408270918421,-0.01787377089813022,0.0647184449725113,0.1188376375782402,0.004549794014807425,0.08023926353087414,0.0722110720124205,0.2402700606089486,0.005547378359044117,-0.1919388923505642,0.16412176584915034,0.12634843009650334,-0.11695706536699282,0.04893062158989464,-0.028446662669610285,0.13603932710910052,0.039185999256770083,0.07813154217155295,-0.05506293391938457,0.19625981256371114,0.1025172319070193,-0.07159429989855502,-0.006111321482014688,-0.4255817268030087,0.3093585087829195,0.20494374492105558,-0.097083366351359,-0.14840873031503568,-0.17326401128687152,-0.1412141350130593,0.03923700404707499,-0.10079561509297959,0.14148280224776752,0.019540978624609937
0.07026412064978257,0.44447244376719386,0.31360930865099534,0.3124913958962677,0.2466459517656974,0.47627492883497774,0.2376372364289778,0.3927083738876775,0.2963387785185811,0.18157081829452967,0.32020454661779607,0.267456079788703,0.18584174688918154,0.29879869902957024,0.1881990728782693,0.17316453549692684,0.30002111373192575,0.20289133577786173,-0.36381800791573526,1.6189807669812344,0.25883450211418374,-0.35554124410767823,0.21957773628810556,0.26869175824305946,0.19703502665448053,0.2891935948155025,0.3757133910517187,0.1760321026040863,0.19041401230224786,0.3920171897305307,0.27888407729776377,0.22602668371774112,0.026550165050103654,0.46816067082769985,0.33966846313913424,0.37439194110996266,0.5779310931104502,0.7302445036447135,0.3378060572059448,0.08124106541322146,0.26079603148917946,0.311871010443752,0.47398045226670377,0.23829598546350994,0.0009474101435482287,0.3023128844972463,0.3138708818068575,-0.13904291650548364,1.0805290476524387,-0.08262038912060636,-0.5115281284724738,0.29840865702652314,0.11035473786007854,0.05531655667126174,0.05138454185956151,-0.053408402560453525,-0.0917448160030545,0.03337240551438792,0.011842412187919309
0.03679631386989731,0.28711571917934786,0.24137346799622036,0.19167789615186753,0.206031218965905,0.2377218580538274,0.28247421834620473,0.18366210146764828,0.22547993438827307,0.11825724631576039,0.19468292320412478,0.21201402769355637,0.14044030355865517,0.19582713794257714,0.19151214316441015,0.16116115201354056,0.23483363375551486,0.2665909256767809,0.06940937618325536,0.25883450211418374,0.49494740139633814,0.046534754747022074,0.19029621635189312,0.2203033626729999,0.274750446434852,0.20720308801733914,0.1656215435950311,0.1711036620319419,0.18317562758617817,0.26021422246925535,0.3020743173731057,0.17530540259370256,0.25354283392767685,0.3541573791122121,0.15565560589129165,0.43325585745244777,0.45406883843287976,0.1642362357884556,0.20261128996035604,0.06447159177589226,0.42497147600945656,0.4300985426230838,0.3299420473019049,0.08017106943453389,0.33247254563240514,0.1703045054279037,0.3102958343885785,-0.0460752451651754,0.3459818595951026,0.08509628322042563,0.07282113192822791,-0.05873420555656169,-0.02630652327375148,-0.046373442574132936,0.07694756205042484,0.016176305981485926,-0.16424441525876013,-0.009039068680127136,0.06345697994796988
0.014354754183430015,0.04624367853158556,0.20901071917184022,0.07571171948712462,0.12505766085875122,0.3063347821197726,0.29860339644888273,0.12450338021262898,0.07774496214509274,0.015048374486056686,0.08460490607201815,0.11907180964541025,0.12771556344377688,0.11646823495698573,0.18879497136860934,0.12578280240866696,0.35515178123976526,0.07806298137998041,0.6092414761300708,-0.35554124410767823,0.046534754747022074,2.787263009963008,0.1198224210085206,0.14345039946187865,-0.10544796882602418,0.2800441602152271,0.11719063775203457,0.07233995044508411,0.5878014851094637,-0.1607379450635179,0.11308568441483681,0.48924776924529173,-0.009529256526024897,0.5917697776331069,0.056937620791361776,0.07753633790768183,-0.20013287525653406,-0.08741142449765767,0.5353921280356949,0.12745585520494013,-0.06501744968576936,0.03203858617375689,0.39733448407093247,0.10543590481471367,0.40467497253255025,-0.015243905937110083,0.1623048092910193,-0.005302850324076281,-0.29269616054597497,0.3773869888498111,-0.24171632609114227,-0.1432063630175888,-0.3118692685253463,-0.113244154090726,-0.017710049092150897,0.08924498768631108,-0.2151865976528765,0.09634644941443365,-0.15831668669350027
0.08464372851261495,0.21278739564324034,0.30763757219284354,0.26792969407660766,0.2996982219085258,0.13270327413721808,0.2946494860958006,0.18527406369899546,0.1788052543781458,0.19237249246749463,0.19875413709444903,0.32516077633169616,0.1359475027023257,0.23441581858881783,0.3285207829971232,0.26438501530321984,0.1828322369548272,0.5743241077695357,-0.0022466092799878707,0.21957773628810556,0.19029621635189312,0.1198224210085206,1.3838609798838382,0.30957123825265337,0.2838655934555257,0.12082227064421967,0.17114967509285428,-0.35921264995742536,0.4248313386496947,0.3090620416141002,-0.22750830302074926,0.16454179085017437,-0.03848295101102613,0.5113911703007058,-0.25860689021704536,0.817723269866198,0.1802014098174791,0.05466169302510075,0.03357403204464328,-0.12202314142944516,0.4972911220136776,0.20514831163490604,0.32313611902564787,0.261583410620095,-0.17560294466649914,0.3473446890481459,0.31973176116615354,-0.17788439643456247,0.8575484248814075,-0.5123222143938311,0.8775332052727272,-0.46303886054194526,0.23648203959992647,-0.08669692572256046,-0.1605147121716392,-0.001120160936789094,-0.2076426583272947,0.2115699605946163,-0.08339711807528065
-0.02868816091460572,0.17242769318599768,0.2317972598799325,0.20170789935886654,0.19466385655254573,0.2338996872449138,0.3040742907143197,0.16791466688768822,0.2424618736606224,0.12154700845398485,0.19284980512251132,0.23133229410257566,0.14945678252537944,0.1895928764583334,0.1919629294022212,0.199927777730309,0.21965755555335376,0.13956727607654298,0.06572974328226125,0.26869175824305946,0.2203033626729999,0.14345039946187865,0.30957123825265337,0.6449512012040324,0.3072893169395636,0.0833358191949891,0.18958954212382834,0.21855791957411594,0.26238010164246633,0.46980771975437713,0.32720527450634546,0.2602831854855747,0.5146631384995477,0.2913568238520513,0.1005846234510295,0.4918115321118975,0.3379313301922247,0.16568908378011263,0.018915797093323822,-0.1296986976740872,0.3610437051641089,0.22007048274118737,0.2876477140723085,0.17258531675816058,0.05514424157496819,0.14699699151637374,0.27795822782531066,-0.06359571144956018,0.6087853296152516,-0.1824351609015997,-0.06571658836241075,0.20642867146108787,0.07792465426476541,-0.05733945742749306,0.10142810218583484,0.012207705543399873,-0.08712008953232789,-0.17473381898440984,0.13554309928295274
0.07548410011369146,0.17662462921477298,0.13235310832500732,0.13894469791007052,0.10550462906381086,0.14536278852455606,0.14648462413099847,0.10522749141164618,0.15422536577896412,0.10147560353553499,0.18167977460233428,0.22118493308764733,0.10584296630543924,0.21863249875868293,0.25162560732761613,-0.0260538113098891,0.20168234463512408,0.18904118141138382,-0.05702104613714041,0.19703502665448053,0.274750446434852,-0.10544796882602418,0.2838655934555257,0.3072893169395636,2.871094355465164,0.14631130924421734,0.14579548536232614,0.12122964056928023,1.3947418462877892,0.596450495057255,0.11809458732819815,0.16636359749952312,0.10212511714749777,0.7735341070940048,0.3280901511607042,0.4121428158817614,0.6273289222291418,0.15161565353034587,0.6036349889268958,0.2205318048894515,0.3833941939356609,0.2557694168546375,0.3690942724014529,0.18117313572083785,0.7585224191296008,0.44550296344865964,0.5361511925347762,-0.18258449897586446,-0.4425082415496141,-0.6050370277401027,0.385793113088461,-0.20869186121928043,0.3286213146693756,-0.010276795690650604,-0.06090135038973093,0.08539810047656127,-0.018890873693902164,0.08122471666127923,-0.13471734832939442
0.07817515388871447,0.1493576670320745,0.2434848798133634,0.18749834492732992,0.21971270558430403,0.25121386941947726,0.13028035614735875,0.20281133103741858,0.21332157383219613,0.1077497335986958,0.18386279318978857,0.18261599313140225,0.15182486719600452,0.20758613599748393,0.08510427078326878,0.18178147548275805,0.1419430809987518,0.43011423596897724,-0.05993408270918421,0.2891935948155025,0.20720308801733914,0.2800441602152271,0.12082227064421967,0.0833358191949891,0.14631130924421734,2.1249463819357666,0.24939684626898392,0.07342791877862723,0.02361283305894997,-0.6953852803762327,0.319154980665607,0.5017788930812764,-0.2450059667591953,0.4504690684188285,0.29430314954152476,0.11624272076942342,-0.2919744437163547,0.09476334542570514,0.359496796823145,0.3632961898747105,0.34837577738672687,0.225517445035011,0.34141796164830435,0.10320816092848203,0.22159357988203823,-0.1102972743231076,0.10655473655625687,0.05847167398848856,0.8725245184917892,0.4924981908409867,0.1978754444909971,-0.4226848572950243,-0.2901178637030902,0.051969464106192555,-0.1406227013762554,0.01911736379730764,-0.004433306490023472,0.286551905675874,-0.24577081208256557
0.05070912550757327,0.25308030264188075,0.25916430938013585,0.16219252854480495,0.1717737778790691,0.20919528643162,0.24174814441846346,0.17812999605792837,0.17694442830392662,0.14463190545962681,0.21044085111586933,0.27849487189157224,0.17009783120647248,0.15520568119827372,0.14610857112236092,0.33388555293371264,0.19561318043075607,0.1457643378414184,-0.01787377089813022,0.3757133910517187,0.1656215435950311,0.11719063775203457,0.17114967509285428,0.18958954212382834,0.14579548536232614,0.24939684626898392,0.49379361563728813,0.13610552522387875,0.13840234798591752,0.10281197211196627,0.14912915266563775,0.2810128018538624,0.11679972829194382,0.334024450496946,0.13928405248295106,0.34370063605702095,0.13963646180422068,0.1739164634530941,0.15918817050796116,0.03020214914130329,0.18383092331208487,0.1805161976741914,0.3058664591065605,0.10723137034280104,-0.028280026122380737,0.12542016795095248,0.16222589249069622,-0.07799758638977149,0.6052168387061843,-0.10305141799390617,-0.13069424433140053,0.0981107676933432,0.03954286968439182,0.042594436264387414,0.0628412712442809,0.02058183461254785,-0.07454119156032474,-0.009961350060763378,-0.04063836550726512
-0.016200666753743827,0.15870953881175218,0.14346579815811286,0.06811704402930786,0.020535767780383053,0.12951436095449173,0.11543315923720716,0.09818160759198907,0.1147075446634683,0.06903360828294122,0.10171299584875909,0.06286886390801326,0.08884808764402877,0.0901960921695682,0.04589332433764214,0.09787209599173455,0.2191231607055414,-0.0394879736289052,0.0647184449725113,0.1760321026040863,0.1711036620319419,0.07233995044508411,-0.35921264995742536,0.21855791957411594,0.12122964056928023,0.07342791877862723,0.13610552522387875,1.0761392689188605,-0.25411728041427234,0.2734685621345056,0.4937350089896008,0.10625773146622637,0.5719155944865887,-0.008697271566108241,0.6452151497764922,0.31525201903110367,0.32135172982073523,0.14982325202282712,0.16010003508122386,0.041303655974510155,0.2174026068717466,0.1449030375005206,0.24081301387547624,0.2536353515563987,0.4033064889481776,-0.08951867266696518,0.0683619545859028,0.032399934483382145,-0.02431624275554824,0.41454841201770537,-0.5827587942625451,0.5951799048294957,-0.5049497861507168,0.030846744098361897,0.20754126531843387,0.006493053635872639,-0.01729285331609179,-0.24830836738952958,0.23368004902021025
-0.03283850603337191,0.21039025731708416,0.14753762399623216,0.15370105876196533,0.1735299796185563,0.29445445239548257,0.10848894966467111,0.19393626555973784,0.06428576605989685,0.07670259146699779,0.1718737968010667,0.19676232246835,0.10486777942277037,0.24855681584313305,0.35242283729385554,0.0738178253235539,0.20561533541267296,0.08540242499937736,0.1188376375782402,0.19041401230224786,0.18317562758617817,0.5878014851094637,0.4248313386496947,0.26238010164246633,1.3947418462877892,0.02361283305894997,0.13840234798591752,-0.25411728041427234,3.5940329676651444,0.5835552179388823,-0.2607227394821619,0.28408602627030033,-0.5065153851955858,1.1792862738689214,0.141634036817006,0.2689673432173245,0.4051518975246998,-0.017253353412743845,0.17934256885539138,0.18715214477474382,0.025354106318305564,0.1615588020023308,0.2391325592090848,-0.007699460002465505,0.8502273354368376,0.45754993740303534,0.8047248107056555,-0.22724948401465453,0.747327447622602,-0.3844368306170006,0.012324077677828657,-0.00933019397930103,0.17071131588400654,0.028633207491898956,-0.329752015379403,-0.09222028208592754,-0.19199608360450326,0.5234945912979356,-0.1888723562251471
-0.013604785140687602,0.21400956147099448,-0.07813122906689121,0.10689742529798112,0.057909123105190925,0.04582499120654683,0.27316171138130807,0.13075691128129063,0.12536729401758895,0.14222297703982292,0.11428602243945607,0.10750058107326343,0.07441167359963151,0.2177431263821538,0.3088692566803435,0.11892299277829342,0.18732209786094264,-0.05776787174268568,0.004549794014807425,0.3920171897305307,0.26021422246925535,-0.1607379450635179,0.3090620416141002,0.46980771975437713,0.596450495057255,-0.6953852803762327,0.10281197211196627,0.2734685621345056,0.5835552179388823,2.276436334628574,0.1409324869089875,-0.06393290229051518,0.49837567923553394,0.15670475130439251,0.44988963832173257,0.469269000569862,1.02768292283474,0.32047092149113326,-0.18824094396643667,-0.2640986192308959,0.9809215213211138,0.2676955653958584,0.7898797977633719,0.35096434724820147,0.6219182543420958,0.3834105746140387,0.7176661321575222,-0.1473954707887086,0.3596819024994608,-0.9269226722730276,0.19764768826342988,0.11616292455063464,0.4987597048345651,0.04721017450821589,0.08592328429214435,-0.11042587110418711,-0.2530524394371423,0.18031072911735277,0.07731407525042756
0.03865147123043867,0.26637686425927526,0.28844309064897855,0.19725947695254323,0.134304074684215,0.26510088907093127,0.2494546813691819,0.2058059035748321,0.299625702655361,0.12377504717763269,0.19837350808227772,0.14856440529661052,0.1469001017878586,0.11575905520177183,0.026825160908397122,0.08617717994214752,0.20801011103676167,0.4926380096783036,0.08023926353087414,0.27888407729776377,0.3020743173731057,0.11308568441483681,-0.22750830302074926,0.32720527450634546,0.11809458732819815,0.319154980665607,0.14912915266563775,0.4937350089896008,-0.2607227394821619,0.1409324869089875,1.5118407147101243,0.23996630365765056,0.5844621257485707,0.15989866839821854,0.25710609624140396,0.4058967828448489,0.150506648439598,0.22098570451790836,0.05286760308131048,-0.06160080515204963,0.29912997589023804,0.27231182664414444,0.2212340135817221,0.08314204515009439,0.23774399219678755,0.04416381331307767,0.2556533471327251,0.0014127380788051666,-0.15041197669441128,0.6871018381540089,-0.508237428095352,0.346986122857537,-0.3861041882874721,-0.07551401748278869,0.28234324979703285,0.13502558969399323,0.10655464108937115,-0.2994068829288021,-0.06736906451634281
0.01974250511586609,0.11880843947540183,0.22195817924943434,0.15091649316981576,0.20350159163846737,0.2568467924403009,0.23462086963585319,0.18342161880763844,0.16815097338181248,0.1108827411114086,0.17892887882083688,0.22708666863832827,0.1540417885786034,0.14480578778061023,0.052732263621756224,0.24636022617905057,0.18649202030650347,0.2081347699151991,0.0722110720124205,0.22602668371774112,0.17530540259370256,0.48924776924529173,0.16454179085017437,0.2602831854855747,0.16636359749952312,0.5017788930812764,0.2810128018538624,0.10625773146622637,0.28408602627030033,-0.06393290229051518,0.23996630365765056,0.8252582994568166,-0.0021641593773661255,0.5004275796888192,0.13932584515856455,0.33162102556196166,-0.27930361753480115,0.12952943237187342,0.24367086037642738,0.14282226427292152,0.17414107511887283,0.1729224220441029,0.2173826183296821,0.09213726284964313,0.1125828961731711,0.08762087678382598,0.201514036985149,-0.07201163309105606,0.3292951342410497,0.1907404674863488,-0.07465450649039862,0.006326228438205894,-0.13043931505912576,0.04724220600971041,-0.0994260743955846,0.038197491939324174,0.2682469453201491,0.031582125704510126,-0.31685000375330025
0.047112424427878725,0.23522362215402745,0.27734745183867937,0.14725988933290488,0.09072819327125428,0.14848739930292107,0.3125262901296229,0.10695580284993227,0.26334793147404445,0.06971107899807027,0.1430836419097373,0.20881346304122578,0.13781607955667743,0.0981946393085631,0.1711867344738562,0.11034649269823626,0.25006882372645833,0.07145482014111168,0.2402700606089486,0.026550165050103654,0.25354283392767685,-0.009529256526024897,-0.03848295101102613,0.5146631384995477,0.10212511714749777,-0.2450059667591953,0.11679972829194382,0.5719155944865887,-0.5065153851955858,0.49837567923553394,0.5844621257485707,-0.0021641593773661255,1.9704257146248,-0.42899265355968297,-0.4009299095705904,0.36147219912371414,0.8128487834691888,0.10833479484843285,-0.11347090286362398,-0.37250675114239223,0.47006942346345204,0.22054821362317578,0.2933428410871803,0.11339475050571583,-0.05163429047648455,0.0853776245354898,0.1314683775847585,0.052722411966272587,0.3450840066710643,0.005911077386944437,0.09954397464062319,0.28681889360604634,-0.01213953029482013,-0.3375402653154783,0.16821563144829155,0.07386178555558186,-0.2145022219473572,-0.18024073637823448,0.24080378024870458
-0.15020369451552465,0.36272141806862535,0.4033201324236314,0.33164838903506444,0.39941547856856574,0.4027556739953099,0.3727336182033037,0.35072484929208275,0.2722229450275175,0.24371942207611416,0.31544193202979326,0.35539295828633427,0.22526329682337853,0.33591331248595746,0.36121234527802276,0.3205416683862481,0.3334648218967789,0.3829313696973306,0.005547378359044117,0.46816067082769985,0.3541573791122121,0.5917697776331069,0.5113911703007058,0.2913568238520513,0.7735341070940048,0.4504690684188285,0.334024450496946,-0.008697271566108241,1.1792862738689214,0.15670475130439251,0.15989866839821854,0.5004275796888192,-0.42899265355968297,2.3019751994387114,0.3817469544707917,0.48922281392104755,0.5358386166790323,0.11706292318137164,0.3853131376637189,0.077904120457694,0.5426651799481004,0.37300613620102663,0.7501216620197739,0.2850251957284211,0.6797019036891064,0.22019486194321225,0.6439083744341971,-0.07832163537042745,0.5253507732712255,-0.44976930627601647,-0.07491327407874997,-0.0016826453680008195,0.19977183922566255,-0.0021164252343349693,-0.03953316409277245,0.05344968967312782,-0.24505007585405197,0.1083497996015209,-0.002224506901890906
