2.94844858463496,0.3299275288709386,0.9815556694671415,0.3621100878710467,0.4392539387871329,0.3953714442028502,0.38369180578288375,0.5633709601261002,0.28682825530499034,0.431341240730924,0.3427554582912937,0.3605118139127191,0.18204590922220518,0.3108183253897574,0.45568233693233395,0.31399699885415167,0.37087826056965995,0.3304265509124347,0.2732322655766712,0.15616199442598777,0.2877873663078111,0.2989742648858476,-0.00894568503813218,-0.13576251366206593,0.17201609846172464,0.5726208852348031,0.25297147405640275,-0.374958832255041,-0.19063563277396733,0.3568760500283574,0.24744690297248587,0.18503872157798945,0.015202726719872616,-0.3426485253921308,0.20078366682598897,0.2386592684845966,0.011806620784027869,0.5450988438678908,0.28568909677658777,0.44446296707729926,0.45454472656620104,0.050194078837779786,0.29246711520558444,0.6635903546990215,0.059091436764941746,0.49463169985088856,0.33974174431718357,0.0587828422108089,0.2441622911807327,-0.08119992048708709,0.14612311087150237,-0.018308440347115658,0.03663491540859341,0.03761064226662314,0.18177833014543957,0.018871871096714007,-0.2028937743838606,-0.29436060999708613,0.36388306113583285
0.3299275288709386,2.4681774243042938,0.3283802248183343,-0.18642722709648263,-0.05142600704369188,0.31897104494619066,-0.037391679538952824,0.2622146544402492,0.09568419623755879,0.08943125070203584,0.07872201191175894,0.07986373252765298,0.021207405927897365,-0.00499898461501535,0.061795745664105894,0.039436538679578026,0.0008276966350119928,0.29343501804965755,0.041882969953579534,0.062223989477084504,0.2435284697142098,0.08619656478241446,-0.05916542514635369,0.0014613475574849464,0.2581601727408049,-0.01824884233178056,0.16568041857503274,0.11458486225520598,0.29253005003570065,0.07482918294936103,0.16402548724503618,0.034636835942121774,0.15132726143921002,0.070934035116517,0.18522586668756208,0.08433424107562149,0.221503938677003,0.09167298152512822,0.2701577290998298,0.24907880889490894,-0.013908238454765893,0.08062083470810232,0.18377865943380003,0.05257938893643313,0.4697294631843515,0.22239714868467073,0.19882050593920936,0.006576646918860624,-0.08125437884965127,-0.6137097719240261,0.6396971529708251,-0.05733951399861119,0.03814264874520621,-0.016875755832113072,0.04064613853079321,-0.025291922585182983,-0.07261093508924495,-0.15370937207607166,0.2083499586746936
0.9815556694671415,0.3283802248183343,2.868421806508908,0.3955124275293204,-0.19200930665586183,0.5065743493449557,0.30891709690617586,0.5722449849743807,0.5397431955523625,0.6914571580474278,0.4579494313223612,0.39883362696367824,0.2419010072168558,0.44515020657574983,0.5710361347144112,0.35823492704468496,0.4835511287503458,0.4308896968180264,0.17724936659392718,0.42667980838638747,0.4219400751649543,0.45375137741961113,0.4301402696540409,0.3633623247929367,0.3330654798815933,0.506671366984774,0.31419705120562313,0.5226686809092306,0.39963502564818437,0.4534833192471669,0.2764566596008467,0.34690596280247465,0.36624960338141654,0.3422948169350004,0.5876835664975955,0.3072845908978105,0.2718784311083963,0.2999773131336927,0.5016835557288543,0.4906035456834279,0.4476056010128505,0.3036119601940639,0.4493478195595353,0.30053772120864874,0.2507260742787627,0.5529997544340386,0.4719694392796803,0.05806428003882268,0.6189996850755655,-0.0772933779379444,0.027599162496798883,-0.004959127654373651,0.19412242252928247,-0.07624726438015283,0.06260600482103326,-0.1622073909112922,-0.4082181737785341,-0.32852403756310494,0.8379017831196991
0.3621100878710467,-0.18642722709648263,0.3955124275293204,1.2486086612137524,0.3659685219114822,0.3492092756094072,0.2676712138043234,0.32179035707384135,0.16565890638499473,0.19898007982065863,0.2623453380186077,0.3057766204212781,0.17124181835544067,0.2357420282693468,0.24031736076881513,0.30490789438000765,0.27518996674892,0.16676187891893932,0.18982938276381336,0.18985048516707065,0.19978127727037048,0.2538030564593658,0.21720059087845445,0.19600500569180318,0.19440016380005995,0.29751288699709644,0.14255017529924996,0.09964077099670604,0.21675156852283503,0.17113592061238098,0.11997677971093176,0.19156512634032952,0.14951258688848312,0.2288457087363976,-0.13215571474638602,0.17082161740603588,0.2119604602670521,0.283884574636319,0.21534274195980074,0.051563613029824096,0.22443024716318935,0.09286237226581658,0.24765859434457396,0.4754612502556779,-0.25251400108434796,0.245286127207987,0.1631841387512808,0.02220077976049962,0.19968979712530638,0.262895753666189,-0.2351936586299174,0.025489677293791493,-0.05057526502655582,-0.11651691413129364,0.005165532881557275,-0.05028958872340342,-0.48071234599610463,0.12745454806981205,0.4231218160018418
0.4392539387871329,-0.05142600704369188,-0.19200930665586183,0.3659685219114822,1.0588309481033438,0.2237092962708798,0.3610066904704082,0.2903912386979672,0.09395696762002456,0.21284037355748076,0.21887592659052738,0.2844452897370688,0.17307469817539128,0.24258926459713887,0.2622836862203199,0.2877667223563927,0.2227683502355249,0.1437750513890425,0.34227053133650676,0.2199088151708904,0.15106150306402766,0.20606125429535133,0.15603870894666416,0.15389894414045358,0.1612704455107745,0.293804382017052,0.17303328385008002,-0.055984084694671525,0.24564516564993977,0.1313940730072433,0.1426701957580499,0.2202703639816806,0.0526672590904174,0.21706494233206655,-0.09339771987679915,0.20356296199299392,0.23220771065015955,0.28540618443887533,0.12512125759939702,0.03391707160813967,0.2563141291738898,0.14187304318915242,0.11917916528943275,0.23052093965847278,-0.13359112800993908,0.2514687332470242,0.1379179192145895,0.021187352788781356,0.19084709132452615,0.2581582344496666,-0.24751543164047798,-0.13531109660590018,-0.07981486308383391,0.06735074642910412,0.013930566421011653,-0.03046037690244026,-0.08106940985939,-0.07978504969452029,0.19990995863416278
0.3953714442028502,0.31897104494619066,0.5065743493449557,0.3492092756094072,0.2237092962708798,0.7913369119619349,0.09831315591631765,0.5828427582060188,0.2510639284212391,0.20024514548827102,0.30069902847442964,0.2592795831860214,0.17555498655943186,0.26494059480764504,0.27922890648305454,0.2602238339815706,0.31755019242753313,0.23714517358703732,0.30371649548523927,0.36535746664719226,0.2668431743602144,0.2847407038177397,0.2312737348256137,0.24839804138019891,0.30301290341680215,0.2836275202739525,0.23358114286091589,0.28096739257580644,0.47112211333192966,0.22298572684406617,0.17762054576060848,0.25680175723138376,0.16864492348613927,0.33648622970765535,0.16664462686814935,0.1637078682408451,0.33856844938333164,0.3044868684972982,0.3690923149710215,0.17873111421443605,0.15497209821438024,0.16463568900983558,0.3287470394992801,0.26510750050067483,0.14364326611225606,0.2857575692844174,0.26181503758070573,0.021492010819231244,0.3278557981836807,0.20165371300042498,-0.2633695793687175,-0.020847284904775328,0.04170348755206252,-0.044579145367823106,0.036919546991644514,-0.05320972911103326,-0.04372592367502988,-0.006588708809947728,0.11914506868556486
0.38369180578288375,-0.037391679538952824,0.30891709690617586,0.2676712138043234,0.3610066904704082,0.09831315591631765,0.7235945840946062,0.14112218423115636,0.32669534424239594,0.2769663317724463,0.2953637918983323,0.404878371493866,0.17315394858316527,0.30495591012604795,0.29445650135346574,0.2995765410884525,0.30873611588551697,0.21026277481288927,0.1641366911721656,0.2456845449756338,0.25309593266531355,0.31225331620488656,0.18599521978898376,0.23569360812506726,0.2429697328539312,0.32359022067867066,0.2309452294118429,0.10284110855956256,0.24367976368690328,0.18081536200340373,0.23776344533922503,0.2965218288502124,0.17790290099771558,0.26025526482958994,0.1374124979795887,0.2242798188080008,0.17313050282901438,0.29596594831685286,0.23488179173909754,0.16829633245998454,0.2928518600154314,0.1507946143776425,0.23846097768129063,0.1986654744530306,0.057637768596203065,0.32721787099521044,0.19730188037825946,0.024298133643075127,0.418497620565596,0.04875596864665378,-0.08267045340231195,-0.01182498022938305,-0.03366552415838226,-0.029616825741425296,0.10452746669400692,0.06942664211642349,0.03994488619699238,-0.07625068963372889,-0.13561145807196637
0.5633709601261002,0.2622146544402492,0.5722449849743807,0.32179035707384135,0.2903912386979672,0.5828427582060188,0.14112218423115636,0.9640529091096071,0.13456567606303307,0.3910421727028032,0.31211069978199424,0.18951855669778983,0.19193719381553576,0.2953859108402161,0.29295250532995126,0.272363104742982,0.36460108629406524,0.2689092154800947,0.27683504365356115,0.3699857976659328,0.23011121740042953,0.23588371374749134,0.20402329430087254,0.2227730939835727,0.2733207256170435,0.32397353123000494,0.22485364743795533,0.29190289876757874,0.4031839102559727,0.20373033895714998,0.1495301881775297,0.242646002995155,0.17024660629832924,0.303646756887688,0.265829213322294,0.1267377212292674,0.3610294358462599,0.28599450024583584,0.4108936286774022,0.199290955252226,0.19962049686725233,0.1584517911713174,0.3172600656212938,0.1845951817035869,0.17887562425714526,0.2612581113238039,0.2692804557139579,0.035273367541835875,0.3719653223635396,0.22090232487079214,-0.259613393088192,0.04538869895153163,0.03823984497403125,-0.10492842776192304,0.030153365638234224,-0.09631992126890883,-0.05088995254295481,-0.059504499059970836,0.2036014350797416
0.28682825530499034,0.09568419623755879,0.5397431955523625,0.16565890638499473,0.09395696762002456,0.2510639284212391,0.32669534424239594,0.13456567606303307,0.6896836592126175,0.14562978146014324,0.2453814239655128,0.2428841285306767,0.1433423655351818,0.26616441048601236,0.2183308767542968,0.20871061168508698,0.2571443392139503,0.18194158042909087,0.11242125527649593,0.17472709262852432,0.2653787863909664,0.4112182995820683,0.17242312450713962,0.2349185291656793,0.15255702046780306,0.34953963044182046,0.18238185089587944,0.22488543963448782,0.1931967430361181,0.16033004428720532,0.2651576136461263,0.2695531039771581,0.21522248903011257,0.23856218814029523,0.1883144057191629,0.18060089774692137,0.1262500684932634,0.26457440824456985,0.23172461587073745,0.1496943929590063,0.211597224433684,0.15912850531792844,0.20719474498221832,0.24191940600733539,-0.03897150693097289,0.3096656470489751,0.1834408322423786,0.010685881770530254,0.5307907214267642,0.057147358787327115,-0.08478421298954504,0.01061406346391547,0.06465715137035466,-0.07566232240354416,0.07236288703263433,0.021542529513010004,0.0038035388408524206,-0.08674107778936138,-0.003855651406724861
0.431341240730924,0.08943125070203584,0.6914571580474278,0.19898007982065863,0.21284037355748076,0.20024514548827102,0.2769663317724463,0.3910421727028032,0.14562978146014324,0.9592098826988517,0.22997330740279326,0.23454927972929285,0.14955122645779279,0.37033318746587335,0.3678278912930434,0.27343200033190523,0.2954286814875918,0.3466488259070018,0.14250242848597422,0.2746000164458201,0.244724803443851,0.24203311644242215,0.19505263848791451,0.2317829306534938,0.2852764043897042,0.33827367206130676,0.23971267269193255,0.114285899271931,0.27657008748328615,0.36645186442237787,0.24342387062592105,0.28380178594721833,0.16352841729656348,0.2916506701157295,0.3423125610514802,0.23366381704271683,0.20612714442632035,0.2805006391105974,0.24903356893541756,0.29950625918264756,0.3906946817730538,0.1887693770840837,0.3498059766612068,0.21446046187800663,0.3032677096044369,0.4186542798882167,0.38158927695592143,0.05374175428694902,0.34600680262281536,-0.12543334862267436,0.06784061293988455,-0.21824288604808878,0.1281589663946041,0.09200460595886198,0.0525340326706984,-0.0677083280080542,0.02571888396190322,-0.15723553770858376,0.1630297972566722
0.3427554582912937,0.07872201191175894,0.4579494313223612,0.2623453380186077,0.21887592659052738,0.30069902847442964,0.2953637918983323,0.31211069978199424,0.2453814239655128,0.22997330740279326,0.5125702909118293,0.32423410748340226,0.21524087873610204,0.27665401220676666,0.3308611598376452,0.2828301586540617,0.31291007718071745,0.2333649151333299,0.16101933999719706,0.3048897915664911,0.23566712377361135,0.26826298810836846,0.2753712244287485,0.2353547861926299,0.23210896715160553,0.3147207172359691,0.24454422243203375,0.24339206820204903,0.3194558723141109,0.21615410205899896,0.1706265314649233,0.2612488386072047,0.1545735201104639,0.28433795952723995,0.26397147591029135,0.1928325873351827,0.19316670998804508,0.24300433959548812,0.2965224773371378,0.22761358508835844,0.26361223920124915,0.19331230989947917,0.254806376202567,0.11066109650545666,0.16103549098157396,0.3105832988619185,0.24091245699578856,0.0265042867143451,0.34127549158310905,0.042897277435762375,-0.1103440755945886,-0.05499366110924271,0.1267383083192394,-0.016403674723074704,0.041474559520294545,-0.025239617267147487,-0.04501685521905548,-0.02550380343963465,0.06516095982861704
0.3605118139127191,0.07986373252765298,0.39883362696367824,0.3057766204212781,0.2844452897370688,0.2592795831860214,0.404878371493866,0.18951855669778983,0.2428841285306767,0.23454927972929285,0.32423410748340226,0.6357956837218597,0.1655530733486957,0.26517012256811884,0.3188934455681778,0.2757981662890471,0.26589217886009503,0.18710571301321832,0.18458749907912736,0.2715568902710926,0.21730617872396846,0.25450280794814667,0.25877152499663214,0.2127576799101329,0.2812577523201979,0.2822864147673098,0.27239535655000213,0.08540855426176931,0.277488774180671,0.23408187154410587,0.11820551901180387,0.2779511706065034,0.10373341457362543,0.26648542890463245,0.2364492403932059,0.23507619544036398,0.09046784915674241,0.23640909065099142,0.2955207069227803,0.2685765143270517,0.27970765167234557,0.15259142213538265,0.25044820573625803,0.1748570596859698,0.16244398309370617,0.3299020967436821,0.22740176151039676,0.025011852804465058,0.3630986374447859,-0.07126468924800788,0.06092303770080972,-0.12298939486957622,0.07004950474663904,0.0025643409164935113,0.05438624305802674,0.04027529957998559,-0.036420038397494726,-0.05482693990429957,0.019108402989750427
0.18204590922220518,0.021207405927897365,0.2419010072168558,0.17124181835544067,0.17307469817539128,0.17555498655943186,0.17315394858316527,0.19193719381553576,0.1433423655351818,0.14955122645779279,0.21524087873610204,0.1655530733486957,0.39737375744387193,0.21842728389313537,0.11531209650781614,0.2292292705962783,0.1950202754034071,0.13759736330099495,0.13043781217479408,0.1306207958509855,0.1565332349422322,0.21218537009842092,0.20701241909939444,0.17970531002566154,0.17603133165576274,0.18795792506660097,0.18312379650917746,0.15924189588097834,0.22089778669773488,0.16780911950804694,0.08654567544433628,0.1989599306974702,0.12245591328357412,0.18449663424163656,0.1770575940880362,0.13557384318663232,0.11237573653697683,0.14961640530274317,0.1831364762387216,0.13921281728562074,0.17458287657529736,0.1253146044842251,0.16821424643077343,0.11732062719109305,0.04206501270635134,0.20717779274491677,0.159037282655023,0.01372984438979257,0.261050852587104,0.07862687730578216,-0.07077727213054337,-0.08610247191186449,0.03927050362512009,-0.010539120986004779,0.027809101496653152,-0.02621647568521065,-0.05174847633740617,-0.008383141212682677,0.05569273632787116
0.3108183253897574,-0.00499898461501535,0.44515020657574983,0.2357420282693468,0.24258926459713887,0.26494059480764504,0.30495591012604795,0.2953859108402161,0.26616441048601236,0.37033318746587335,0.27665401220676666,0.26517012256811884,0.21842728389313537,0.7087034268892184,0.3707964144124395,0.4439768285816312,0.3666389278329644,0.3279304857775262,0.17016987567498146,0.19130347905134693,0.2718583402046246,0.3733307776969688,0.2876772467491556,0.3041102219655037,0.2360291928115239,0.5144654992446321,0.19719042861942226,0.2392285785479767,0.24231451615978625,0.2861599413321598,0.2686759530481781,0.4557664076007231,0.18689791847337328,0.32811884284649323,0.3293765422011214,0.2711500544864459,0.0774313102315049,0.3350910362907089,0.10134424110652787,0.2079947140198468,0.42450815088885363,0.21734492786657605,0.28417145236878844,0.2910932909315434,0.0030160239774395152,0.4543672384634223,0.32443670604150854,0.04438943519983426,0.5709179954386603,-0.08589713438825815,-0.07722193490861483,-0.12077116361924052,0.2839716962541353,0.045946347308445094,-0.0178602694310149,-0.052452075723258336,0.08773959604943118,-0.05463290792867184,0.050435829417752896
0.45568233693233395,0.061795745664105894,0.5710361347144112,0.24031736076881513,0.2622836862203199,0.27922890648305454,0.29445650135346574,0.29295250532995126,0.2183308767542968,0.3678278912930434,0.3308611598376452,0.3188934455681778,0.11531209650781614,0.3707964144124395,1.164447438807471,0.31067946140943326,0.4604342659077498,0.4181808810661643,0.21625496233347638,0.33415956495907984,0.2772083075783651,0.2415431429565344,0.24356715968077547,0.27004094386161526,0.3829779266105894,0.46629157446353015,0.24091778881112166,0.333152604554396,0.33582234358955193,0.37526404902884636,0.3072615321679771,0.3072541164303191,0.17345786082096434,0.37236212251353,0.31751640195931385,0.3048864167043248,0.3078411569923242,0.28773100453381223,0.1729656752623812,0.17579500048525526,0.5485163601548012,0.2893654868844175,0.3581855619987706,0.14952829873665113,0.14350399636940311,0.5210806689766875,0.4025106134536532,0.06481833937699379,0.29548101062686355,0.025849003939514257,-0.1849392496077765,0.08896084181345978,0.1394719334130551,0.008536937034859797,0.08831393630969489,0.03949782378423754,0.005273642317042847,-0.04438044081413583,-0.07011520937291242
0.31399699885415167,0.039436538679578026,0.35823492704468496,0.30490789438000765,0.2877667223563927,0.2602238339815706,0.2995765410884525,0.272363104742982,0.20871061168508698,0.27343200033190523,0.2828301586540617,0.2757981662890471,0.2292292705962783,0.4439768285816312,0.31067946140943326,0.6785521330098022,0.383043292139595,0.2650781342130178,0.187589244970538,0.1789460459110384,0.24923094534030424,0.4221679211709392,0.24496603524461877,0.24928800164550594,0.23220605648850895,0.38092656036587247,0.24263973183177284,0.26482833937889205,0.253774778281036,0.30249123223644236,0.22305527449741222,0.35202206274327974,0.15085153577147728,0.29928299572838285,0.3332986615798061,0.25386547186048913,0.14131072265707678,0.30730140206726,0.19043991652482237,0.2038078670707959,0.37076730574024885,0.2237128027160308,0.29867239070165735,0.3362388261152031,-0.01549238123911812,0.4007852419549789,0.2913226635425946,0.022981167363349136,0.4383006486310441,-0.008259555047879874,-0.08126109843730708,-0.08536663915549766,0.111659238841415,0.004684364025280867,-0.01162291952023988,0.005572012230084679,-0.10508561280793077,0.04043101816584189,0.07017815420701357
0.37087826056965995,0.0008276966350119928,0.4835511287503458,0.27518996674892,0.2227683502355249,0.31755019242753313,0.30873611588551697,0.36460108629406524,0.2571443392139503,0.2954286814875918,0.31291007718071745,0.26589217886009503,0.1950202754034071,0.3666389278329644,0.4604342659077498,0.383043292139595,0.8996417163775935,0.27765258864142617,0.18802547651635798,0.3415968585646628,0.30508571297538045,0.33365474959327585,0.23860542906828128,0.26851410008548743,0.40076406427877126,0.331657775080595,0.2572280222811729,0.28044105155964294,0.4041727820956223,0.2577118543614568,0.25671402963290824,0.30310142944021234,0.19702022698195723,0.35379706860480314,0.2828052009670903,0.22313673042764332,0.41796743599755276,0.3868709417646712,0.3677631491580517,0.18007875424555045,0.3277861906974567,0.2071063613177748,0.349771393369889,0.2170367745950346,0.1807025045123471,0.3919045136885031,0.2924020741368323,0.034164794911232886,0.39103073382344183,0.24353905370056583,-0.23648591774481462,0.011866687474987219,0.10154378429142831,-0.06481714654761234,0.08213864232186309,-0.012264530159353016,-0.0438421783662596,-0.05342690081081125,0.03344281916121513
0.3304265509124347,0.29343501804965755,0.4308896968180264,0.16676187891893932,0.1437750513890425,0.23714517358703732,0.21026277481288927,0.2689092154800947,0.18194158042909087,0.3466488259070018,0.2333649151333299,0.18710571301321832,0.13759736330099495,0.3279304857775262,0.4181808810661643,0.2650781342130178,0.27765258864142617,0.8564129432421871,0.15585903371771287,-0.008174007318287059,0.26958151491530824,0.26758140069755687,0.45327519178649206,0.2515146901186339,0.1930255819081473,0.5216227209563972,0.11678538804181315,0.3851536678640343,0.16091506656526736,0.12032635682538943,0.3954167956540554,0.26565596245282735,0.3326451264461919,0.2299712804907877,0.23643902445353004,0.19260176204506402,0.10464156254829875,0.19080445801496532,-0.016457155815504266,0.224475611160499,0.321955013894282,0.15531370502226077,0.372062019200652,0.116508299653658,0.22777583871305737,0.45032551768872425,0.47088357492114247,0.035140109327162744,0.22134504542329142,-0.13002742576596274,0.1369242673160634,0.02993194219014661,0.08303073245716493,-0.057637358043750954,0.03407175685539806,0.04567319572799442,0.11412706742278335,0.09474016018824387,-0.2851803786700639
0.2732322655766712,0.041882969953579534,0.17724936659392718,0.18982938276381336,0.34227053133650676,0.30371649548523927,0.1641366911721656,0.27683504365356115,0.11242125527649593,0.14250242848597422,0.16101933999719706,0.18458749907912736,0.13043781217479408,0.17016987567498146,0.21625496233347638,0.187589244970538,0.18802547651635798,0.15585903371771287,0.6420510795146881,0.2514611815164505,0.1331566034760094,0.15755890433461653,0.05157047111937724,0.11878534168954542,0.0816947012240244,0.18358654517932016,0.12939811130945084,0.1887976519379445,0.12533290221575444,0.07821662760244986,0.18249294352916337,0.18502415951394718,0.0454427078218096,0.1473865578783711,-0.005282902114891052,0.17089728250829078,0.06430747632449191,0.19956419433950506,0.13018977628186124,0.11169359063637341,0.15258401150005857,0.08732257672088135,0.1490521251770449,0.13708876633653266,0.16177321671350875,0.23102969975360083,0.12633925036233065,0.0032480141210934448,0.009478919838135433,0.017263563809721938,0.1960590782954881,0.10667634807998685,-0.22447347264786283,-0.037376440542017386,0.013322623907152827,-0.004110525481979277,0.03696355294319984,-0.014589860311842803,0.006798307544625075
0.15616199442598777,0.062223989477084504,0.42667980838638747,0.18985048516707065,0.2199088151708904,0.36535746664719226,0.2456845449756338,0.3699857976659328,0.17472709262852432,0.2746000164458201,0.3048897915664911,0.2715568902710926,0.1306207958509855,0.19130347905134693,0.33415956495907984,0.1789460459110384,0.3415968585646628,-0.008174007318287059,0.2514611815164505,1.533732025303818,0.20712375504934288,0.09862305907993249,0.21051354510146084,0.23413175079600468,0.12433832337948275,0.2540331801199328,0.40796668796641483,0.45220150242535906,0.8279935450111467,0.3700989927538197,0.19036709203666338,0.2497377075794928,0.1017148638388503,0.4636125863094086,0.3115985365526279,0.16268531564235805,0.5131681270361008,0.4381696912698056,0.3942910945966685,0.5552957544722649,0.37550371606247807,0.1702019153297877,0.6146522311325832,-0.41525155373559347,1.2328434384235678,0.22036121642694234,0.2591767554878239,0.06755370270901659,0.5446888610023786,0.04448729963988357,-0.1628230789401018,0.024902057564198783,-0.024980041291872885,0.02368787916495606,0.11048157792604443,-0.08897875799276579,0.0074481260366585835,-0.06211145464896471,0.06765604796524873
0.2877873663078111,0.2435284697142098,0.4219400751649543,0.19978127727037048,0.15106150306402766,0.2668431743602144,0.25309593266531355,0.23011121740042953,0.2653787863909664,0.244724803443851,0.23566712377361135,0.21730617872396846,0.1565332349422322,0.2718583402046246,0.2772083075783651,0.24923094534030424,0.30508571297538045,0.26958151491530824,0.1331566034760094,0.20712375504934288,0.5295132385864137,0.2787094797752567,0.12976267254657398,0.25543437243425915,0.3237740485482687,0.22091402872893956,0.1774853367786562,0.21879220298269333,0.3132084569715556,0.3054415096476257,0.39023064528988294,0.24105498549437834,0.3653112543507625,0.22926001052824693,0.28854708293252207,0.2550738643150686,0.292149814923165,0.3142926802816703,0.37913939575923533,0.25362389344118447,0.23411282881503437,0.21158015824408385,0.3220407812007189,0.29707178367061354,0.16175037766970726,0.42592349865683227,0.30845092454796846,0.04026552338545625,0.27853189053478655,0.04825335220205176,-0.07216861270057848,-0.07164624860771429,0.08099481348021374,-0.03270184008884296,0.1091007365772287,0.01408125918962219,-0.1162356212372922,-0.06007953388556101,0.03342507350761492
0.2989742648858476,0.08619656478241446,0.45375137741961113,0.2538030564593658,0.20606125429535133,0.2847407038177397,0.31225331620488656,0.23588371374749134,0.4112182995820683,0.24203311644242215,0.26826298810836846,0.25450280794814667,0.21218537009842092,0.3733307776969688,0.2415431429565344,0.4221679211709392,0.33365474959327585,0.26758140069755687,0.15755890433461653,0.09862305907993249,0.2787094797752567,0.6620755814015153,0.29104004047277793,0.2696180982517312,0.2323706629945355,0.33676278629415984,0.20487096088150963,0.18103934177906453,0.26686246481685294,0.2816981154296643,0.26548818852015316,0.3366489439578,0.22221989156012886,0.2952935833725195,0.2696348044012604,0.24428526087054586,0.17156335972003023,0.3536492272535085,0.2615092816223562,0.165563507158261,0.2825514653240972,0.2261420943150486,0.2642570439714252,0.42329537941862583,-0.13739207696466643,0.42130716239913557,0.28068609404382044,-0.010539782987421762,0.5857507716659167,0.06212407656044254,-0.11262879367117772,-0.09957263463873664,0.10378083264908565,-0.03714302178431204,0.016748531076682217,0.004379781239890797,-0.06408931387511134,-0.018042113398557838,0.04630886808754429
-0.00894568503813218,-0.05916542514635369,0.4301402696540409,0.21720059087845445,0.15603870894666416,0.2312737348256137,0.18599521978898376,0.20402329430087254,0.17242312450713962,0.19505263848791451,0.2753712244287485,0.25877152499663214,0.20701241909939444,0.2876772467491556,0.24356715968077547,0.24496603524461877,0.23860542906828128,0.45327519178649206,0.05157047111937724,0.21051354510146084,0.12976267254657398,0.29104004047277793,2.033399583814107,0.4693805062553246,0.37236988296554807,0.11654917502700049,0.25026989947367084,0.210476069523363,0.5650188496995407,0.49066250913341697,-0.3101561678267993,0.19746963797670802,0.3272337493705008,0.44350682622906923,0.3622528403094028,0.12837654078399754,0.3018425875229996,0.056651141114769564,0.3688024584457124,0.6318721593893843,0.24973764168232518,0.2202361448583066,0.41974931690048856,-0.005591358785298648,0.1236867262153782,0.30346291103125544,0.47104794791231114,0.04689049618676877,0.6466103695861724,0.06106928773303166,-0.08962181946672912,-0.3491505507900322,0.2974817581200899,-0.02852580782274225,-0.06291872534644388,-0.0990177700362568,-0.2184032621904725,0.09990869831994928,0.2681229006135915
-0.13576251366206593,0.0014613475574849464,0.3633623247929367,0.19600500569180318,0.15389894414045358,0.24839804138019891,0.23569360812506726,0.2227730939835727,0.2349185291656793,0.2317829306534938,0.2353547861926299,0.2127576799101329,0.17970531002566154,0.3041102219655037,0.27004094386161526,0.24928800164550594,0.26851410008548743,0.2515146901186339,0.11878534168954542,0.23413175079600468,0.25543437243425915,0.2696180982517312,0.4693805062553246,0.7882641920035819,0.43799208795336486,0.09662099552852367,0.1910320060635869,0.5720935571367555,0.29348571816177915,0.5614719429993986,0.23484880571304242,0.2870820246986798,0.6440645450022592,0.2368395855536539,0.34323710237163424,0.14791419184579033,0.4179466706475753,0.23801220339085513,0.38837191949668465,0.22271390351376266,0.1711621762059945,0.2799734023617464,0.3532444290104756,0.23459129354674418,-0.007501684874361062,0.42292781602362034,0.42356875370434616,0.07339606573373834,0.6034369692486283,0.055545668658388385,-0.17387319922448025,-0.11218199477741546,0.19315886302833815,-0.06095466632775027,-0.009966658065463908,-0.09433617892903273,0.03757764561056055,0.01903276498365849,0.04063780577884456
0.17201609846172464,0.2581601727408049,0.3330654798815933,0.19440016380005995,0.1612704455107745,0.30301290341680215,0.2429697328539312,0.2733207256170435,0.15255702046780306,0.2852764043897042,0.23210896715160553,0.2812577523201979,0.17603133165576274,0.2360291928115239,0.3829779266105894,0.23220605648850895,0.40076406427877126,0.1930255819081473,0.0816947012240244,0.12433832337948275,0.3237740485482687,0.2323706629945355,0.37236988296554807,0.43799208795336486,2.620598700208403,-0.14535134221112617,0.3080924657864567,-0.6746938038713318,0.9585104710851076,1.0381733256194723,-0.020772225441224573,0.2490474617098765,0.02488640260755196,0.733378705598297,0.5033106691337942,0.424685906991334,0.6615295481004617,0.5933639622603887,0.8611376335122906,0.15810728396766682,0.44616997469647746,0.2986587675004752,0.7371666069652464,0.7559840227697383,0.5491355000596944,0.8616490855875167,0.6168742231202976,0.057753101909513,-0.2680221951732241,-0.06812806099881989,-0.02942917664841088,-0.5502956299052023,0.284690864511024,0.04144918673054965,0.11294972804418557,0.03848361887781816,-0.0340466567892366,-0.03301285136991086,-0.11305746341311891
0.5726208852348031,-0.01824884233178056,0.506671366984774,0.29751288699709644,0.293804382017052,0.2836275202739525,0.32359022067867066,0.32397353123000494,0.34953963044182046,0.33827367206130676,0.3147207172359691,0.2822864147673098,0.18795792506660097,0.5144654992446321,0.46629157446353015,0.38092656036587247,0.331657775080595,0.5216227209563972,0.18358654517932016,0.2540331801199328,0.22091402872893956,0.33676278629415984,0.11654917502700049,0.09662099552852367,-0.14535134221112617,1.791321538240086,0.24144801200835964,0.1649722903146622,-0.12227242701919769,0.017652735459853373,0.43167687102719976,0.480079945483394,-0.11359946844907391,0.32601114993889907,0.26966428866882586,0.42840280065713726,-0.4863278057566513,0.4024946626159551,-0.8572562638973098,0.16230824766661206,0.9586135456294383,0.2102964433972466,0.4061891819161666,0.11528626250186431,0.029426766682851664,0.5183457186046143,0.2535203306108421,0.058105031142918456,0.38606150589785615,0.11529422236955283,-0.1721342956946066,0.01728865460028349,0.03500330114796373,-0.019983115226582686,-0.06809253660538805,0.020323170068375765,-0.09401083200517706,0.11471480154087879,0.041251442991647985
0.25297147405640275,0.16568041857503274,0.31419705120562313,0.14255017529924996,0.17303328385008002,0.23358114286091589,0.2309452294118429,0.22485364743795533,0.18238185089587944,0.23971267269193255,0.24454422243203375,0.27239535655000213,0.18312379650917746,0.19719042861942226,0.24091778881112166,0.24263973183177284,0.2572280222811729,0.11678538804181315,0.12939811130945084,0.40796668796641483,0.1774853367786562,0.20487096088150963,0.25026989947367084,0.1910320060635869,0.3080924657864567,0.24144801200835964,0.6459911123138637,0.14216983293594726,0.312793717832586,0.33172372365429525,0.10949615962027096,0.25053234755757375,0.07266628607071465,0.2802148581366587,0.2890468065037141,0.2864601648960562,0.23200964133649882,0.294858934305923,0.24272353025726773,0.26824141384322164,0.3729323623811225,0.2044316111040098,0.3912891922354229,-0.07814355810593777,0.5425072600055316,0.3152804703893586,0.24782037438053772,0.02853256958958627,0.281370480955313,-0.012809006350231723,-0.03800860335440747,-0.11854448233311303,0.045436934425051805,0.04776911972466725,0.06856255955612352,0.023708919977704152,0.07060412425693079,-0.01795781110736789,-0.11027196198796013
-0.374958832255041,0.11458486225520598,0.5226686809092306,0.09964077099670604,-0.055984084694671525,0.28096739257580644,0.10284110855956256,0.29190289876757874,0.22488543963448782,0.114285899271931,0.24339206820204903,0.08540855426176931,0.15924189588097834,0.2392285785479767,0.333152604554396,0.26482833937889205,0.28044105155964294,0.3851536678640343,0.1887976519379445,0.45220150242535906,0.21879220298269333,0.18103934177906453,0.210476069523363,0.5720935571367555,-0.6746938038713318,0.1649722903146622,0.14216983293594726,5.153754074071902,-0.19794609401127466,-0.1667916789749188,0.5600039597990314,0.2581866734465286,1.440449872094142,0.06520226411690194,0.3358251849112547,-0.13756221572502142,0.8196285473587513,-0.28510665459020557,0.07312946170336926,-0.132624920848217,0.17700618039418553,0.8139875356719334,-0.10692059703327655,-0.7294309274542486,-0.5331170284847854,0.012036220143712365,0.13650274024113904,0.14109445046142483,0.8586064461288918,0.08949070036786623,-0.8200100667977474,1.2435363127255459,0.003287201371787666,-0.25119831485907346,0.014516967128611615,-0.03444732308603822,0.21285124842181,-0.0427233031963906,-0.010278591574909776
-0.19063563277396733,0.29253005003570065,0.39963502564818437,0.21675156852283503,0.24564516564993977,0.47112211333192966,0.24367976368690328,0.4031839102559727,0.1931967430361181,0.27657008748328615,0.3194558723141109,0.277488774180671,0.22089778669773488,0.24231451615978625,0.33582234358955193,0.253774778281036,0.4041727820956223,0.16091506656526736,0.12533290221575444,0.8279935450111467,0.3132084569715556,0.26686246481685294,0.5650188496995407,0.29348571816177915,0.9585104710851076,-0.12227242701919769,0.312793717832586,-0.19794609401127466,3.2971751521551367,0.08613713547815638,-0.21955736887677835,0.28459828815128524,0.004367476060588056,0.9716163780102471,0.36593762106251915,0.24213832065022442,0.041067261204964615,-0.19471230362297984,0.5766040550798018,0.19950415986472367,0.3234945968043213,-0.06376885402272303,0.21609742619533723,-0.8923185580716773,0.5689303554046873,0.2308107438541705,0.16743288042069226,-0.07560889460567526,0.7314234986239716,0.817893020672727,-0.9213251699162084,-0.2564641636957801,-0.10113537590438518,0.050080619717112126,0.015497890337122847,-0.10840503919837594,-0.12396003073962436,0.11407657201477281,0.044639476138962554
0.3568760500283574,0.07482918294936103,0.4534833192471669,0.17113592061238098,0.1313940730072433,0.22298572684406617,0.18081536200340373,0.20373033895714998,0.16033004428720532,0.36645186442237787,0.21615410205899896,0.23408187154410587,0.16780911950804694,0.2861599413321598,0.37526404902884636,0.30249123223644236,0.2577118543614568,0.12032635682538943,0.07821662760244986,0.3700989927538197,0.3054415096476257,0.2816981154296643,0.49066250913341697,0.5614719429993986,1.0381733256194723,0.017652735459853373,0.33172372365429525,-0.1667916789749188,0.08613713547815638,3.1427749230591417,0.023421162462610362,0.17547944878070723,-0.0025818951723058413,0.31518730544934165,0.8447567214386739,0.6696108571522027,0.795531118707146,0.850752482611675,0.900174760478567,0.6486847687782676,1.2419623352810754,0.5518112005712392,1.2852503742157657,1.0430249283131408,0.9647098257249893,0.9326579039870603,1.526049303973723,0.1908478433111634,0.6360918536545123,-0.1771002814151434,0.06866771290044886,-0.6733406191375774,0.38535976059016813,0.14662123032877866,-0.02118516649964293,-0.05573020892123577,-0.29448320000618766,0.2375355591187709,0.17065665895639714
0.24744690297248587,0.16402548724503618,0.2764566596008467,0.11997677971093176,0.1426701957580499,0.17762054576060848,0.23776344533922503,0.1495301881775297,0.2651576136461263,0.24342387062592105,0.1706265314649233,0.11820551901180387,0.08654567544433628,0.2686759530481781,0.3072615321679771,0.22305527449741222,0.25671402963290824,0.3954167956540554,0.18249294352916337,0.19036709203666338,0.39023064528988294,0.26548818852015316,-0.3101561678267993,0.23484880571304242,-0.020772225441224573,0.43167687102719976,0.10949615962027096,0.5600039597990314,-0.21955736887677835,0.023421162462610362,1.5606444608377195,0.2474680567905862,0.45583487141701057,0.093180269669887,0.08181668295699954,0.27725064192989607,0.1263593641447216,0.4446326229643994,-0.0965493463569262,0.008399823945262463,0.2022706464867523,0.24793819089061678,0.2854043301382214,0.39580924322118477,0.19855453211539417,0.5574414558027402,0.22843061378378585,0.041618763131456335,-0.08880707536409493,-0.01755382817819865,0.09699784055323561,0.25958255283643045,-0.14267016544310734,-0.02775285363887703,0.17149138824333368,0.12487726369782719,0.228102339480767,-0.14008394552588774,-0.3100846978152514
0.18503872157798945,0.034636835942121774,0.34690596280247465,0.19156512634032952,0.2202703639816806,0.25680175723138376,0.2965218288502124,0.242646002995155,0.2695531039771581,0.28380178594721833,0.2612488386072047,0.2779511706065034,0.1989599306974702,0.4557664076007231,0.3072541164303191,0.35202206274327974,0.30310142944021234,0.26565596245282735,0.18502415951394718,0.2497377075794928,0.24105498549437834,0.3366489439578,0.19746963797670802,0.2870820246986798,0.2490474617098765,0.480079945483394,0.25053234755757375,0.2581866734465286,0.28459828815128524,0.17547944878070723,0.2474680567905862,0.6543956502719752,0.0932540004600989,0.38441836360766646,0.24093848200234777,0.30456800428349007,-0.04587794159950493,0.353574479634683,0.07406274035761884,0.16136441608441757,0.41466753830619274,0.18504776916458432,0.24686930763093692,0.19542326010024455,0.15240447482975653,0.4392859913220436,0.23793371199779695,0.02645158610990327,0.4060539447443665,0.002649064452174302,0.052910598907973234,-0.03277956668278916,-0.028544652794012682,0.030608464556445905,0.057087944241475334,-0.05022868928456081,0.31553829339542017,-0.1581999228765901,-0.13807430198802276
0.015202726719872616,0.15132726143921002,0.36624960338141654,0.14951258688848312,0.0526672590904174,0.16864492348613927,0.17790290099771558,0.17024660629832924,0.21522248903011257,0.16352841729656348,0.1545735201104639,0.10373341457362543,0.12245591328357412,0.18689791847337328,0.17345786082096434,0.15085153577147728,0.19702022698195723,0.3326451264461919,0.0454427078218096,0.1017148638388503,0.3653112543507625,0.22221989156012886,0.3272337493705008,0.6440645450022592,0.02488640260755196,-0.11359946844907391,0.07266628607071465,1.440449872094142,0.004367476060588056,-0.0025818951723058413,0.45583487141701057,0.0932540004600989,2.185301667117806,-0.2506778998177045,0.07807499428891977,-0.3582721347940456,0.8066403692282098,-0.09151443582187184,0.3981524789047725,0.09230003609736383,-0.5390965276578346,0.23511156024833227,0.10812377488601962,0.178938084598949,-0.9321814285738147,0.3032933829628764,0.2556366155560339,0.1370087659393986,1.0282716542832837,0.17084895194612038,-0.4351140375020909,0.08460990496619496,0.27245343982811077,-0.22260148157185186,0.06650582487820317,-0.05604677086054733,-0.014178187370522972,-0.07381385913250689,0.033554969640225
-0.3426485253921308,0.070934035116517,0.3422948169350004,0.2288457087363976,0.21706494233206655,0.33648622970765535,0.26025526482958994,0.303646756887688,0.23856218814029523,0.2916506701157295,0.28433795952723995,0.26648542890463245,0.18449663424163656,0.32811884284649323,0.37236212251353,0.29928299572838285,0.35379706860480314,0.2299712804907877,0.1473865578783711,0.4636125863094086,0.22926001052824693,0.2952935833725195,0.44350682622906923,0.2368395855536539,0.733378705598297,0.32601114993889907,0.2802148581366587,0.06520226411690194,0.9716163780102471,0.31518730544934165,0.093180269669887,0.38441836360766646,-0.2506778998177045,1.3040287654943736,0.3789374245850584,0.3509056085194358,0.39803185670037655,0.2304391881801404,0.22407089960351842,0.015934750666776114,0.5722335776311517,0.2600382700296971,0.5272954478072168,0.1762681400235743,0.41131946278013654,0.3327880907049333,0.28817774883354674,0.01500014355440969,0.17204368442760684,0.054575939387727916,-0.25583425281740135,-0.22018617236675164,0.15848982621091035,0.033455637351114835,-0.0066209478699008305,-0.024201031061837797,0.009346908839022196,0.05523710193155489,-0.03446889620695146
