0.3372129083403581,0.10502254820797781,0.2607453527590088,0.006939995906275436,0.002755554952448029,0.023507272641521852,0.04233657244589348,-0.044686679423897466,0.025788964782660007,0.03031100884281775,-0.004189741311062434,0.010372568397006328,0.004788726453735427,0.015871934526785186,0.03952721390619497,0.01927083018369255,0.009716821439863087,0.013958240860721538,-0.0020235246706341967,0.011323535257994665,0.005303276592405168,0.029268738638299662,-0.007088797684312846,-0.011796053021155942,0.01707408191595407,0.014334541268225138,0.00755082267497258,0.010097406896974425,0.06737421868521692,-0.0032928588233457463,0.024213606758702672,0.01420209055580274,0.015708771535946582,-0.11052254195193971,-0.009074491022063105,0.0248455895937056,-0.011894335469172103,0.021729965086813286,0.01290778669744684,-0.0020708878080251797,0.008527183446547367,0.008377607924230323,-0.023654694803121434,0.0031587241596438467,0.05958921280125875,0.07070615665541917,0.0046351305436522295,-0.038801307427870815,-0.012648202877505092,0.030580199281423765,-0.009345927526397126,0.009746044109924707,-0.013157771230922008,-0.007714522299926835,0.056656997008917076,0.006684169821101334,0.018950999116374437,-0.06529167744178577,0.009684712108402752
0.10502254820797781,1.599722782694462,0.4619296501688507,0.03197252999073356,0.04727726416443535,0.1608555898895503,0.2285936893912565,0.11239018097547387,0.25605686648388404,0.14492078899079303,0.12565109474866482,0.11391372514756294,0.04182602820380987,0.1636717359080731,0.2890039336866061,0.13702878487775888,0.1422412811122517,0.17959891951321222,-0.05026791985286966,0.26778295615462344,0.13914651765853495,0.07573524593901756,-0.09562589177842011,0.09697110517663399,0.10257899377572109,0.14731590359901428,0.18869025374985118,0.29931628967822216,0.0944959491400724,0.08263885433942525,0.2012384562381321,0.15350520104397372,0.09874320561304907,0.17327719075496312,0.17365178547510335,0.2024708067250888,0.15856336052721626,0.16485411873346945,0.03889556134951845,0.08142252501090404,0.07334656770245816,0.15591455831995793,0.10510380755206539,-0.0057544578316476806,0.22962033354051634,0.22456020370024982,0.12729748205158714,-0.17733099491572546,-0.01638404944877001,-0.1000301140238416,0.1368209220150202,0.05780134699704304,-0.0090818743798274,-0.022517495737367648,-0.14018715044811497,0.06979999682703537,0.017143901122329795,0.11798667299905125,-0.23022095328747677
0.2607453527590088,0.4619296501688507,1.3681518142742186,0.014831201967261879,-0.10782162983717854,0.19700666488162843,0.09248834676045882,0.2316150217235973,0.2100568892203149,0.209734248484685,0.08447230202844361,0.08128042623785088,0.041318392770355414,0.08826635386102111,0.19880289645942004,0.08447457667984899,0.1906429144997899,0.10841980207346513,0.10056445105603248,0.14058957647665857,0.12574769891391274,0.1453384494614468,0.027132898095089637,0.10817611886374898,0.16678555914321777,0.11457679808951161,0.1142323519650874,0.1813965579948568,0.24767830709809327,0.09157653023782832,0.15859543761535697,0.08818311952512821,0.09899046060097728,0.10001396912534359,0.21254495743452412,0.3035770134259848,0.16141526526930666,0.12180266773669113,0.13874800803017842,0.0002785164318365106,0.12136519907397525,0.13503304010759104,0.0069392707227776355,0.01579567017651941,0.273956093277611,0.43059920749383723,0.1387039800026002,-0.24581473962314626,-0.05644398756838285,0.027609536663399863,-0.047540929487027615,0.11571902952989936,0.0020563523335535585,-0.10099496672703395,-0.1093023522851056,0.07944951842490763,-0.0025620900286208743,0.03949860239577205,-0.12343477050481054
0.006939995906275436,0.03197252999073356,0.014831201967261879,0.674370796857992,0.35361787429075753,0.18989310073746984,0.1688113193631776,0.18262934043052395,0.12673917345247493,0.09882111550764318,0.10853425599842045,0.16105187057887962,0.04260520222086049,0.10946004307058756,0.13868447536427775,0.14946856132753625,0.06938535930607326,0.16962172722937172,-0.002686701558706099,0.09616843397459254,0.09002216194269495,0.0902925069589608,0.19101040820758383,0.09020862266816639,0.11713815643135711,0.1450359944567824,0.06721854547068766,0.0647771577180838,0.0797525656149263,-0.04297802620286211,0.03548202625266445,0.10268233556221812,0.06832933554245614,0.225167384418778,-0.0915486243063242,0.11542189677562051,0.12046883079788785,0.05698897070104716,0.13961874495151702,0.07449899453945047,0.02952401336383048,0.08977587205645354,0.12415462748500498,0.021969409462658244,0.01750433805175068,0.06686192833505002,0.08113425512493054,-0.04133960718009414,0.0216885703532427,-0.07660813096748284,0.04441568716842073,0.048750046386432905,0.036510923207156654,-0.03882822555604543,0.019894724794935675,0.029021379845883558,-0.0746339116369643,0.06626298662372236,-0.05403168970927723
0.002755554952448029,0.04727726416443535,-0.10782162983717854,0.35361787429075753,1.123818666874273,0.08003355675281221,0.11481779223295067,0.24095833023061475,0.13128749083770716,0.06588047321613402,0.15175368324300448,0.20387058780196682,0.05615894837070543,0.10568965820491642,0.1915048307292671,0.1697207258989004,0.03954755889308256,0.24116506499081203,-0.028839969642950956,0.11461818773317121,0.07954556277359841,0.06982228353083768,0.27288951769744807,0.11749268857103279,0.10765569810672762,0.1914346092876081,0.031524415993040365,-0.015682905720027528,0.0777126190574884,-0.20109906539583278,0.017116197913454062,0.11169679001247032,0.09482065294125501,0.3700554182777108,-0.1821324971661915,0.09414640293710734,0.18858763458997024,0.03734206724066841,0.15340288152758286,0.07784308503711218,0.014073026468299325,0.12525322351206597,0.10082639295981369,0.00871260581883441,-0.10926432776846266,-0.00020576636018482304,0.05125656665725572,0.02121934831491467,0.0676511025595097,-0.13173508917806767,0.12265504595996311,0.010724733911931848,0.0644258746914884,-0.058576271648405585,0.06501074505492886,-0.10177884914959721,-0.046662150938197894,0.0022283376761273433,0.15688973094040212
0.023507272641521852,0.1608555898895503,0.19700666488162843,0.18989310073746984,0.08003355675281221,0.9951760646327045,0.028453549398056166,0.17890103890535825,0.257834745406537,0.1576313891595341,0.15511915940509163,0.12133697831998595,0.06326848737919873,0.11576331541934078,0.24657388276796638,0.09266234129718272,0.11503100537511805,0.14617427089923193,0.19213637925197383,0.1382987521510672,0.1131442122840257,0.17742958551246368,0.0006455562093552623,0.09304918370097538,0.10642016071680706,0.22943255023134265,0.11124009126820952,0.1881765011158946,0.2821791419688573,-0.023307525257253082,0.10648336523570588,0.17547408216678623,-0.040562832892337315,0.23447202168895825,0.1486006079478909,0.010181868545025619,0.08349663857493496,0.08191987084623477,0.1458309163005186,0.07245003507936038,-0.05591776253449849,0.08435399747545864,0.08257423855915662,0.058013393048418564,0.11990056513997159,0.05895287495552111,0.1271481394009924,-0.004652619742166255,0.1369032373006091,-0.04586071112390381,-0.14074746032144533,0.07635779250991247,-0.008873128609939688,0.013383174809705875,0.04097258049185,-0.031483825164702356,0.07547932485478018,0.013441704583661085,-0.04420571386282261
0.04233657244589348,0.2285936893912565,0.09248834676045882,0.1688113193631776,0.11481779223295067,0.028453549398056166,0.9003376273404179,0.011595256574273762,0.31217460034058087,0.0494826182089736,0.08733313441899268,0.2129092314314917,0.03987704745359277,0.2777624884696919,0.06014146424915327,0.2533518462257708,0.09657519816175993,0.15172735409950266,-0.0774039446735005,0.12035191781597739,0.10805488281522557,0.16906712091686002,0.29273210350284296,0.1665178958162808,0.16018127649267108,0.1834956041621241,0.14178233384074146,0.11910051141258186,0.09563131665314885,0.05360297218969333,0.08165379183045761,0.192407750088583,0.13097191031317265,0.2906593741871633,0.18421475542447752,0.2172746140043999,0.21384758858310216,0.0919675246549369,0.06087691361430136,0.1506608901013907,0.03518826151398157,0.16867327846804805,0.22282241913209375,0.008183139213403927,0.060317881349289434,0.06733353714763908,0.04642310406271225,-0.12494052962678691,-0.00015688681111490795,-0.24335993011391505,0.04774618499111692,-0.09214927639426168,0.16098352314254938,0.049836432007557684,-0.04581770737220774,0.061076821298947086,-0.04494557863548532,0.08458339639327286,-0.4236043121755186
-0.044686679423897466,0.11239018097547387,0.2316150217235973,0.18262934043052395,0.24095833023061475,0.17890103890535825,0.011595256574273762,0.6664407096064316,0.03921615913497521,0.164689108142147,0.20905396972746193,0.13185347777773923,0.05419528970030634,0.05079833686818402,0.14463993458252866,0.0705125756003325,0.18605599564466244,0.17031732215115084,0.14119945420521043,0.11374706269162115,0.1606792308740808,0.07794440340896086,0.11836461027118904,0.11007145340733754,0.16989133535165837,0.11824006056688646,0.11624169675636324,-0.04195345011218498,0.14354900651176083,0.1424070529716451,0.05962577276397812,0.036613294811251605,0.0631212089465289,0.2707499815501528,0.18381816985413219,0.13505479135588594,0.1661013470307984,0.06738028757626931,0.20935953219922118,0.062463865959191504,0.10267647620801837,0.08332948651433862,0.058789485525096115,0.03752497016403468,0.0675315149427961,0.1673404819983543,0.1914679391739954,-0.044971709222233265,0.13418596345745476,-0.005501873691080019,-0.02195046734947567,0.08085746479600071,0.024271339756341957,-0.06202754601296845,-0.07343925934862562,-0.019270587648451708,-0.16326431137734876,0.1393780771281328,0.08548728862939274
0.025788964782660007,0.25605686648388404,0.2100568892203149,0.12673917345247493,0.13128749083770716,0.257834745406537,0.31217460034058087,0.03921615913497521,0.8303232734046655,0.043930004148050254,0.06564069910827922,0.0927634785939311,0.02935618353268471,0.24878914112782585,0.13356285770535178,0.1673122475349769,0.10273613001780514,0.13690015107518919,-0.030012252410189667,0.17365904760795886,0.15907989181402127,0.1293249394224481,0.22748710490764384,0.19326131233752875,0.11762792981255486,0.2756985317849758,0.14060616278663685,0.3146253011606405,0.08964026402393471,0.15096205447241812,0.1848283703651009,0.21945648425410233,0.2066165929865472,0.16490354012557065,0.0883748733290533,0.17986925022561814,0.21813436348602147,0.1533353951591971,0.05912807517008537,0.12535922142937067,0.008202540306305899,0.1791984449426374,0.17954558145653743,0.0031916827824458585,0.1833522879525065,0.24695034005565866,0.14570844519377465,-0.16232040563304231,-0.05813363487718785,-0.34448086866661676,0.0777566845319057,0.09678073988937014,0.15631015891250089,-0.037337393214894744,-0.036500145990155594,0.07153930690516513,0.07432578470018714,-0.0292245076184393,-0.14957656387430684
0.03031100884281775,0.14492078899079303,0.209734248484685,0.09882111550764318,0.06588047321613402,0.1576313891595341,0.0494826182089736,0.164689108142147,0.043930004148050254,0.7031748669247384,0.16521547796078734,0.10810106234116086,0.06893074552186682,0.06869445674179035,0.23095006791587946,0.11052734948915537,0.22719061453910572,0.14852558051477618,0.11768684129886879,0.09747691103739302,0.07311469386564137,0.07724091499415826,0.1659113105517997,0.09873671239762037,0.1925522766758873,0.09257583658454685,0.127722726516759,0.15731957188884663,0.022852163994023927,0.08324340434925248,0.13123419998069458,0.1004914945889293,0.057284091308050886,0.32631470469931106,0.16023181646157902,0.1526371352723587,0.1619554960551852,0.060574105456320054,0.22756536496480728,0.09750795863158934,0.15466958240525894,0.09621898504507355,0.11785463221566492,0.033393869340919306,-0.018863958047198023,0.19035601383713419,0.17489691652016004,-0.08944303220082933,0.09969320655294474,-0.06259246187127444,0.04379036352176735,-0.047923490831900964,0.015076660124599765,0.012676982066250085,0.09430642892754793,0.0793426516214097,0.16989381695768133,-0.24246870172769672,0.028984214719607285
-0.004189741311062434,0.12565109474866482,0.08447230202844361,0.10853425599842045,0.15175368324300448,0.15511915940509163,0.08733313441899268,0.20905396972746193,0.06564069910827922,0.16521547796078734,0.4651673953132819,0.21209997311021517,0.07888482157137702,0.0857106870722827,0.22761327328295497,0.11887907564852404,0.2411674185114819,0.11812542431360133,0.060218701399198674,0.19527280947166284,0.11390575423398049,0.030104363562145815,0.10776871210820256,0.10071263259634337,0.15292890834058176,0.15382300737994795,0.13371998007844588,0.13548807204343785,0.07310054075769305,0.03199257909483528,0.07906717343776554,0.08671691783098397,0.05996813529154687,0.23317617280648018,0.18590406316907893,0.09707346405540572,0.16644757740861127,0.0939929244487854,0.1504636299010674,0.12146199017384979,0.08005970598255076,0.12759622989451727,0.07754238423300022,0.020562855217981103,0.037327465931481285,0.09836279693747761,0.10545524500017324,-0.0548874761408829,0.030686477043120296,-0.13592793297224987,0.05780921650474904,-0.025852631385215007,0.045242437319236904,0.05818887770535558,-0.0500819739895187,0.0339209739431196,-0.0609914235933016,0.012296677408031363,0.025416641136681264
0.010372568397006328,0.11391372514756294,0.08128042623785088,0.16105187057887962,0.20387058780196682,0.12133697831998595,0.2129092314314917,0.13185347777773923,0.0927634785939311,0.10810106234116086,0.21209997311021517,0.5083280054827009,0.0577056288639614,0.14584441424359512,0.14497541459240232,0.15596470220287012,0.12078028983485797,0.17999219075355616,0.06433052894046273,0.10715728813725654,0.10447390464240831,0.10897888789172704,0.16189035706901517,0.12709801709179613,0.19025873061341012,0.13974289380839466,0.1587425303690731,-0.018134492217335988,0.1523144686226749,0.02838775613390653,0.052296087748125705,0.13457943079025542,0.0866905086485865,0.2380226328203255,0.21790099305029234,0.23061017733768718,0.12767684289600373,0.07818292199799531,0.12337766938128182,0.13477821559628908,0.08161798173396462,0.12384361109217613,0.11790358304584266,0.002367251375543061,0.03035766160638946,0.14088090414362775,0.12044657389374978,-0.1274484411687891,0.18716464867022348,-0.1434415469106252,0.05939657926782695,-0.048827357509813485,0.06247418706309153,0.05354639208821471,-0.16559024267228842,0.056521131781324424,-0.13228700631452747,0.08495400702241084,-0.07527681859089641
0.004788726453735427,0.04182602820380987,0.041318392770355414,0.04260520222086049,0.05615894837070543,0.06326848737919873,0.03987704745359277,0.05419528970030634,0.02935618353268471,0.06893074552186682,0.07888482157137702,0.0577056288639614,0.16687303807987813,0.04637010063437133,0.008996019271363122,0.044534371124512466,0.06747559936938245,0.044377371203716744,0.05099465236992445,0.053045237720547145,0.04085926761636983,0.0498322225713706,0.0460904273400843,0.05665222695740932,0.05006806571059158,0.06887890448184965,0.05326721291800213,0.05998660723779413,0.05098431199330329,0.019667633818636104,0.035613480952262466,0.058368438583855195,0.04815961865085467,0.0763845795789763,0.05213951420250772,0.03859012143155491,0.059628448774151355,0.028619740085176947,0.08920241100234262,0.038018580674415124,0.023804416369735147,0.04336638254307464,0.056743240257004376,0.012614094897842288,-0.014577794213614896,0.06650618824184085,0.04380574363732726,-0.02311421914520837,0.05427940556982969,0.01076345452391175,0.006397511733227503,0.008342186834234386,-0.0034258282419786885,-0.021429368489324495,0.011309129569698564,-0.007062104334810173,0.019787566147543612,-0.029700768174558398,0.0110257564334629
0.015871934526785186,0.1636717359080731,0.08826635386102111,0.10946004307058756,0.10568965820491642,0.11576331541934078,0.2777624884696919,0.05079833686818402,0.24878914112782585,0.06869445674179035,0.0857106870722827,0.14584441424359512,0.04637010063437133,0.6152657546307426,0.15449226320876533,0.29036936302828714,0.1480119716730369,0.1126125578228415,0.02007984619866323,0.2491657350326424,0.11259590481636493,0.22129054371060353,0.137961108161891,0.23852224555800297,0.09576360621592846,0.23523584516884238,0.1827415254111839,0.26978459557251555,0.16487943763314797,0.2193648298935161,0.17333430228288527,0.34813307125428145,0.18908538834521008,0.1577659614872124,0.15183794728815259,0.1830684953696464,0.11437480379237115,0.1755131675774447,0.04808121074125525,0.16617226818799588,0.09681275260069634,0.21659485024863548,0.35772029754537865,-0.000237360152084908,0.1353111472656905,0.16329892414872488,0.18642879332111145,-0.11192258937843705,0.2800432240464579,-0.11166810884927932,0.06277881275487895,-0.21478035500397977,0.11074763013572643,0.07259507596948743,-0.1389301744327609,0.016622640390176417,-0.09214900148608136,0.1608384339252888,0.06767676666222669
0.03952721390619497,0.2890039336866061,0.19880289645942004,0.13868447536427775,0.1915048307292671,0.24657388276796638,0.06014146424915327,0.14463993458252866,0.13356285770535178,0.23095006791587946,0.22761327328295497,0.14497541459240232,0.008996019271363122,0.15449226320876533,0.7734130926517138,0.14922567943050508,0.18751858828698315,0.18511937318952343,0.0317178641397062,0.25244387072134356,0.10400189651159364,0.0389841067538907,0.26256350658530964,0.17738155709746392,0.24804941922146648,0.19783689382449957,0.15505985578563156,0.31670787744555884,0.12711613965043048,0.14220896768343153,0.12338782433444388,0.12709454768001266,0.18129908041143106,0.2603387868319849,0.13817538910090152,0.16164729592857818,0.2880009755016486,0.13269407861569066,0.22786192790543755,0.13525431354772946,0.12524527239714653,0.18976062119574272,0.08800791426824206,0.018129165044427277,0.08466446774575001,0.21067117779372818,0.19157115454726742,-0.0702920253951499,0.1393596249891918,0.12385208131303911,-0.011595909685306206,0.024891157226594535,-0.035509280239096046,-0.02133148817532234,0.009271718055289556,0.08152114272016865,-0.048529599259149056,-0.013223813277525358,-0.049988363621130585
0.01927083018369255,0.13702878487775888,0.08447457667984899,0.14946856132753625,0.1697207258989004,0.09266234129718272,0.2533518462257708,0.0705125756003325,0.1673122475349769,0.11052734948915537,0.11887907564852404,0.15596470220287012,0.044534371124512466,0.29036936302828714,0.14922567943050508,0.6382669249179782,0.18606551413329953,0.1274482019325801,0.057851667821646226,0.19605890243593246,0.09285662413482781,0.18234122505426237,0.1805778540999565,0.19225092600592575,0.17519260480919555,0.13484110527476412,0.17525806808900343,0.271956212813852,0.16152552301914444,0.14676763773541815,0.12328692319668653,0.21233487228355788,0.10969281140685591,0.2293333886535213,0.26867709698984116,0.17105675114964608,0.21487920259093843,0.1382493524041202,0.16488394439340873,0.16015826832987298,0.12249297142883962,0.23861794802473046,0.2146894388136087,0.02020451730757754,0.12345520181467247,0.1383894338114986,0.15725939774147124,-0.0967852635070143,0.15834963441631103,-0.19353713793834815,0.022475802776455972,-0.011466133821999252,0.10102962117946615,0.045676505782680045,0.02444254250907953,0.009854099278177828,-0.08020446412770237,-0.04905810950465423,0.129171036852788
0.009716821439863087,0.1422412811122517,0.1906429144997899,0.06938535930607326,0.03954755889308256,0.11503100537511805,0.09657519816175993,0.18605599564466244,0.10273613001780514,0.22719061453910572,0.2411674185114819,0.12078028983485797,0.06747559936938245,0.1480119716730369,0.18751858828698315,0.18606551413329953,1.0196566158482767,0.0019615511865204876,0.09234531718154322,0.3427203730819429,0.07204578806294856,-0.04736928752940847,0.06711943714904674,0.1372556347215983,0.17197932510674643,0.05193765651248937,0.15506544349357668,0.35570694445992507,-0.10436479194988281,0.13204854040310168,0.1507529558976664,0.08800515816365473,0.14755711732214585,0.21121464951895733,0.169042798423788,0.11519958009992988,0.31736911440603527,0.1818688478474975,0.057554016283400025,0.13609762911123788,0.1473082691804621,0.1732037450055373,0.19138053847707506,0.07199246534327589,0.06851653768518014,0.20795808678400768,0.14486743452576453,-0.07801144725414047,0.059496271493188466,0.23847146195796018,0.03177142560072709,-0.2891292105958242,-0.12455324493935406,0.011243618577664517,0.1420286400183349,-0.008067299809381203,-0.024558095922963978,-0.11958680530082574,0.24537604370010888
0.013958240860721538,0.17959891951321222,0.10841980207346513,0.16962172722937172,0.24116506499081203,0.14617427089923193,0.15172735409950266,0.17031732215115084,0.13690015107518919,0.14852558051477618,0.11812542431360133,0.17999219075355616,0.044377371203716744,0.1126125578228415,0.18511937318952343,0.1274482019325801,0.0019615511865204876,0.8397860643636821,0.022194118626153905,-0.06692090642639953,0.19578952080799197,0.23933784237172373,0.5090231148107065,0.18342043447911713,0.14541539907483667,0.26872462269559855,0.0156729798056721,0.27436614911935964,0.15656487640375308,-0.05984536401685594,0.22577783670965243,0.12254262725389904,0.36625113594469405,0.26543568735133527,0.07482117382379293,0.09694168801488902,0.22006628451490015,0.019188810951259915,0.16878439694659228,0.15683253268270234,-0.036523543407692566,0.12020506513241991,0.23540705093290068,-0.0015727382849853888,0.14419012474830528,0.2516436488236417,0.3467688454224102,-0.05221107760755624,0.11792606405550443,0.12291681696426754,0.17604833065491063,-0.16773853371395828,-0.13434953648305714,-0.12192169514706126,-0.060456271757698354,-0.008163525534397757,-0.04566083745259046,0.042133443247078094,-0.08794767484236925
-0.0020235246706341967,-0.05026791985286966,0.10056445105603248,-0.002686701558706099,-0.028839969642950956,0.19213637925197383,-0.0774039446735005,0.14119945420521043,-0.030012252410189667,0.11768684129886879,0.060218701399198674,0.06433052894046273,0.05099465236992445,0.02007984619866323,0.0317178641397062,0.057851667821646226,0.09234531718154322,0.022194118626153905,1.1580725841494792,-0.19434534636815626,0.18973348465457557,0.3448753772799839,-0.2953558118723224,0.04928461923058186,0.03394949967049347,-0.1546578905629557,-0.0013016889779453654,-0.044763852024836494,0.28265899415129603,0.2007889193147776,0.12740514589153035,0.06658730366049904,0.05551231333073691,0.003168290964527566,0.11855525992134296,0.08098483400868373,0.08321880565939949,-0.03905260680907265,0.16575902581354898,-0.08866647982749115,0.18726142418950326,0.005619668752212968,-0.032945325314364636,-0.006093373151525153,-0.012645004242440637,0.035944276778213824,0.0908918511571388,0.12220004914277148,0.15309672962595827,0.2316769558134021,-0.11767898424735082,-0.049401306845607146,-0.0991967153558531,-0.010346838704409092,-0.0512368077642557,-0.03435510340522826,0.031322632641080574,0.06706026983244083,0.006061703378309271
0.011323535257994665,0.26778295615462344,0.14058957647665857,0.09616843397459254,0.11461818773317121,0.1382987521510672,0.12035191781597739,0.11374706269162115,0.17365904760795886,0.09747691103739302,0.19527280947166284,0.10715728813725654,0.053045237720547145,0.2491657350326424,0.25244387072134356,0.19605890243593246,0.3427203730819429,-0.06692090642639953,-0.19434534636815626,0.9826417027517934,-0.0740187512749326,-0.09679764469548802,0.0864692311264186,0.25309668886136166,0.16541659055257288,0.3118113656947819,0.2976402920135206,0.5235645144817576,-0.09156186747923159,0.16769331797503884,0.1752665886724798,0.20054899614782115,0.26775260874931917,0.20717377454935532,0.10538807150106197,0.11603105406100529,0.4317682324133496,0.42158935071615256,0.3065166235826215,0.2677578959929341,0.0625848261784243,0.2916304156775143,0.3221497386584474,0.05597173013531842,0.28815488370417736,0.15582834952241398,0.10150696336761994,-0.02352183702873615,0.24274406440142832,-0.09283500994748906,-0.013304775985524004,0.11686682347172826,0.07640720742326491,0.0008664557117818054,0.04672832173495038,-0.009717754642653717,-0.013217827164840209,0.0029028115337793947,0.09065921160929546
0.005303276592405168,0.13914651765853495,0.12574769891391274,0.09002216194269495,0.07954556277359841,0.1131442122840257,0.10805488281522557,0.1606792308740808,0.15907989181402127,0.07311469386564137,0.11390575423398049,0.10447390464240831,0.04085926761636983,0.11259590481636493,0.10400189651159364,0.09285662413482781,0.07204578806294856,0.19578952080799197,0.18973348465457557,-0.0740187512749326,0.8659110948419463,0.06644555094851079,0.04819204884495753,0.05962902972443953,0.08620948428633904,-0.07050259423549526,0.0006700766807930483,0.12806966765564776,0.20991551224719646,0.2757816954299862,0.16100622584832436,0.08492222275177595,0.033403018134618184,0.16940018687189917,0.13365666060876624,0.22953934036471496,0.0358048402529642,0.05626270534669696,-0.07368689404301024,0.10607424478694678,0.31206116647902504,0.12270452455284561,0.025874693174640213,0.06267826097388268,0.3034076754033744,0.248314659851266,0.2405947938758094,-0.110787617459086,0.07442504488593564,-0.1220349269623405,-0.002107638583638601,-0.05678121873798933,0.08931527606667804,0.009736634863204386,-0.0687077516267375,0.025948743622087465,-0.07053621194203198,0.07215357894151862,-0.019672258895093584
0.029268738638299662,0.07573524593901756,0.1453384494614468,0.0902925069589608,0.06982228353083768,0.17742958551246368,0.16906712091686002,0.07794440340896086,0.1293249394224481,0.07724091499415826,0.030104363562145815,0.10897888789172704,0.0498322225713706,0.22129054371060353,0.0389841067538907,0.18234122505426237,-0.04736928752940847,0.23933784237172373,0.3448753772799839,-0.09679764469548802,0.06644555094851079,1.7534361871222077,0.11327670735801225,0.1434195454691198,0.009624581978995806,0.057928584682022936,0.1254534574136593,-0.2496226381039984,0.719281651326237,0.020366964556304493,0.18030411495713283,0.30138030033227986,0.06467238149969629,0.18081517203901218,0.08428504185679137,0.011620093952124273,-0.03003583912089741,0.025617314238401342,0.30778460603001634,0.08909397988415073,0.029493169272538464,0.07074511281339926,0.728326964507509,-0.09996644784968856,-0.07231170046349829,0.0006220826155283062,0.14348001372673466,0.016916610657955918,0.20250718511924357,0.148405264350946,-0.026332398036736704,-0.20481561988720007,-0.02732907530453329,0.06771729378203942,0.0795219864184772,-0.00809946514439936,-0.10327293786373204,-0.046848732562127016,0.09155033418598302
-0.007088797684312846,-0.09562589177842011,0.027132898095089637,0.19101040820758383,0.27288951769744807,0.0006455562093552623,0.29273210350284296,0.11836461027118904,0.22748710490764384,0.1659113105517997,0.10776871210820256,0.16189035706901517,0.0460904273400843,0.137961108161891,0.26256350658530964,0.1805778540999565,0.06711943714904674,0.5090231148107065,-0.2953558118723224,0.0864692311264186,0.04819204884495753,0.11327670735801225,1.7286265796149447,0.3803951334142198,0.4928316126613541,0.23443193018597863,0.090569124416968,0.26338588932405826,0.1541182306178062,0.0670473962214025,-0.11387388464112201,0.06668011742191562,0.5361552915183345,0.3815555209277463,0.0077323409280067815,0.12940018574469583,0.5649004805142898,0.035748464133549554,0.6348122720283726,0.3643663707459601,-0.008022689430858923,0.1924979321584382,0.2879555434244828,0.05472575177412983,-0.14422545938674283,0.3100921291038982,0.3119846873621943,-0.004360079121006862,0.2890517495696657,-0.1391901478695071,0.09246619560215076,0.019114354680641033,0.17189674410942554,-0.1277570855254667,0.059950796431391604,0.006775515331994266,-0.0714276363910652,-0.09196163122305688,-0.019490454214500096
-0.011796053021155942,0.09697110517663399,0.10817611886374898,0.09020862266816639,0.11749268857103279,0.09304918370097538,0.1665178958162808,0.11007145340733754,0.19326131233752875,0.09873671239762037,0.10071263259634337,0.12709801709179613,0.05665222695740932,0.23852224555800297,0.17738155709746392,0.19225092600592575,0.1372556347215983,0.18342043447911713,0.04928461923058186,0.25309668886136166,0.05962902972443953,0.1434195454691198,0.3803951334142198,0.6753460183564954,0.21536449305067126,0.11674273587481825,0.18900467761343298,0.31685940977645505,0.1529996824604826,0.45452095399472925,0.21759033441529937,0.253665060263569,0.6230770224199166,0.08702531980296593,0.19664740604033737,0.2519808903808464,0.47943811931042896,0.21497726368740977,0.17188284138987434,0.20648023369982474,0.05984157066224043,0.2636219276979774,0.24154287511177658,0.023430124058640575,0.17852640876604886,0.36783412567098006,0.31859420341368205,-0.2442658570665608,0.3172950548903678,-0.16316305309255613,0.02493153276701085,-0.009512049041812333,0.1016851257391828,-0.03775695114861409,0.007570142412097101,-0.12045849234171616,0.09249907670585598,-0.008052101022909076,0.020256889990743925
0.01707408191595407,0.10257899377572109,0.16678555914321777,0.11713815643135711,0.10765569810672762,0.10642016071680706,0.16018127649267108,0.16989133535165837,0.11762792981255486,0.1925522766758873,0.15292890834058176,0.19025873061341012,0.05006806571059158,0.09576360621592846,0.24804941922146648,0.17519260480919555,0.17197932510674643,0.14541539907483667,0.03394949967049347,0.16541659055257288,0.08620948428633904,0.009624581978995806,0.4928316126613541,0.21536449305067126,1.1372428930416663,0.09561491212299797,0.14576064567046687,0.06446006622916675,0.38640297271011903,0.25526838043632166,-0.14018687367760008,0.0723722150617332,0.09883021269857567,0.3437835796406065,0.23404467515231825,0.32093882822238623,0.4459353720137245,0.11736828317454914,0.48100722022441106,0.17016552230116672,0.2076380844991396,0.15195828057218141,0.029657764268268685,0.05451911003291084,0.11308991936987021,0.3784609969166323,0.2166057845199698,-0.2975280731607924,0.05624088458239996,-0.3123532185901116,0.09959201221349517,0.11186556713767266,0.19217810951574885,-0.035140609134155905,-0.05981745512691905,0.06422768600147276,-0.01874156279078954,0.002359422309657265,-0.1278936629654812
0.014334541268225138,0.14731590359901428,0.11457679808951161,0.1450359944567824,0.1914346092876081,0.22943255023134265,0.1834956041621241,0.11824006056688646,0.2756985317849758,0.09257583658454685,0.15382300737994795,0.13974289380839466,0.06887890448184965,0.23523584516884238,0.19783689382449957,0.13484110527476412,0.05193765651248937,0.26872462269559855,-0.1546578905629557,0.3118113656947819,-0.07050259423549526,0.057928584682022936,0.23443193018597863,0.11674273587481825,0.09561491212299797,1.6836683437641973,0.15285149309648136,0.47313612860867266,-0.16847905422938877,-0.38645791345586883,0.1564427341471617,0.2793354297990493,0.271745414319969,0.2626436579150233,0.12071888116326512,0.02787360589369533,0.15004651766224464,0.15149620911257425,0.158862833997421,0.21159983420413211,-0.1826468869370103,0.31683861358644977,0.2819407837980779,-0.049237852886280506,0.18537579871414875,-0.010675779965881947,-0.01913567123857095,0.0024012982143558604,0.1456990486695416,0.02971417632396823,0.22498728936412757,-0.17709429671085788,-0.10009450189323721,-0.05626712628380592,-0.06686777023752895,0.05063421396468589,-0.040199514188483165,0.13271503367054044,-0.13229216746526792
0.00755082267497258,0.18869025374985118,0.1142323519650874,0.06721854547068766,0.031524415993040365,0.11124009126820952,0.14178233384074146,0.11624169675636324,0.14060616278663685,0.127722726516759,0.13371998007844588,0.1587425303690731,0.05326721291800213,0.1827415254111839,0.15505985578563156,0.17525806808900343,0.15506544349357668,0.0156729798056721,-0.0013016889779453654,0.2976402920135206,0.0006700766807930483,0.1254534574136593,0.090569124416968,0.18900467761343298,0.14576064567046687,0.15285149309648136,0.7743341489810558,0.20353456104102663,0.05253981816338687,0.0826103576121831,0.0959309919027621,0.1962996623292846,0.17158704489248833,0.18630070993150627,0.23538139776803094,0.1996766877569777,0.24283045640184076,0.16780719388653742,0.18122299669156772,0.15149076143872292,0.08607672091232207,0.17733208049498847,0.24182591122811462,0.006755323068424852,0.02906975974098743,0.19442204483184933,0.08171421616798366,-0.12859131049470016,0.24801537874018306,-0.13685561520883407,0.011853939630935471,0.07907227834594739,0.09374011448927483,0.027733309681566353,0.07081910490967121,-0.022513681657133165,-0.00043573434184367247,-0.06964438914925893,0.09720529604253292
0.010097406896974425,0.29931628967822216,0.1813965579948568,0.0647771577180838,-0.015682905720027528,0.1881765011158946,0.11910051141258186,-0.04195345011218498,0.3146253011606405,0.15731957188884663,0.13548807204343785,-0.018134492217335988,0.05998660723779413,0.26978459557251555,0.31670787744555884,0.271956212813852,0.35570694445992507,0.27436614911935964,-0.044763852024836494,0.5235645144817576,0.12806966765564776,-0.2496226381039984,0.26338588932405826,0.31685940977645505,0.06446006622916675,0.47313612860867266,0.20353456104102663,3.772542323269236,-0.4634135502895152,0.13257421778041079,0.4346403605942451,0.24796413293196626,0.9069448004616579,0.22658547506369037,0.15369170161277895,0.04515166613074929,0.5034426809617861,0.314505389621051,0.07096097545186009,0.13432408246396366,0.15622498215682953,0.5243502801451954,0.06933521544291105,-0.057066447155478775,0.11250311733877216,0.3088930745555568,0.22920098641190695,0.04865594682367215,0.18789766158177015,-0.09440798274506725,-0.02948800385855926,0.2507191038733634,-0.09761758926866876,-0.17979386662044838,0.014809050622172417,0.05145681316834322,0.051926330096707295,-0.052155471580579815,0.08634626859870596
0.06737421868521692,0.0944959491400724,0.24767830709809327,0.0797525656149263,0.0777126190574884,0.2821791419688573,0.09563131665314885,0.14354900651176083,0.08964026402393471,0.022852163994023927,0.07310054075769305,0.1523144686226749,0.05098431199330329,0.16487943763314797,0.12711613965043048,0.16152552301914444,-0.10436479194988281,0.15656487640375308,0.28265899415129603,-0.09156186747923159,0.20991551224719646,0.719281651326237,0.1541182306178062,0.1529996824604826,0.38640297271011903,-0.16847905422938877,0.05253981816338687,-0.4634135502895152,2.6852147995948377,0.3522880590699573,-0.16790217233282673,0.193915997221496,-0.29992111713928893,-0.03642158156579444,0.2441289350617451,0.23000302366341907,0.09536819739248245,-0.129550557268263,0.28743488331125416,0.06587493157049973,0.3400830686993831,0.02206523162380692,-0.21635799187776653,-0.1331371023466937,0.47612546992187704,0.38578808295928585,0.28380086326154674,-0.4162211271888385,0.2653259505452666,0.2913769295390367,-0.16657791692319082,0.12104147219928031,-0.09129632710721391,0.09523721765948391,0.29679640951494846,-0.18191406145970848,-0.10793509143153053,-0.053507107105499704,0.22031910474435903
-0.0032928588233457463,0.08263885433942525,0.09157653023782832,-0.04297802620286211,-0.20109906539583278,-0.023307525257253082,0.05360297218969333,0.1424070529716451,0.15096205447241812,0.08324340434925248,0.03199257909483528,0.02838775613390653,0.019667633818636104,0.2193648298935161,0.14220896768343153,0.14676763773541815,0.13204854040310168,-0.05984536401685594,0.2007889193147776,0.16769331797503884,0.2757816954299862,0.020366964556304493,0.0670473962214025,0.45452095399472925,0.25526838043632166,-0.38645791345586883,0.0826103576121831,0.13257421778041079,0.3522880590699573,2.23916204125656,0.24450789540943743,0.19756313021546373,0.2908249249463831,-0.2058802870319548,0.38055395370990763,0.405017773008005,0.02404997712961928,0.2469934623311065,-0.1323189905987838,0.034476737590524956,0.5775737287980145,0.17866240146893753,0.0884204092341328,0.11399030340086158,0.4283657948432015,0.6942665028763149,0.8824734556659369,-0.23474453436586576,0.5368804455283724,0.04963693154551744,-0.20259997783986924,0.06635744624144009,0.030820802524421403,0.06550721545472778,0.25455333738698827,-0.16899535319843717,0.08944225131779245,0.11671856541069463,0.040388446501914824
0.024213606758702672,0.2012384562381321,0.15859543761535697,0.03548202625266445,0.017116197913454062,0.10648336523570588,0.08165379183045761,0.05962577276397812,0.1848283703651009,0.13123419998069458,0.07906717343776554,0.052296087748125705,0.035613480952262466,0.17333430228288527,0.12338782433444388,0.12328692319668653,0.1507529558976664,0.22577783670965243,0.12740514589153035,0.1752665886724798,0.16100622584832436,0.18030411495713283,-0.11387388464112201,0.21759033441529937,-0.14018687367760008,0.1564427341471617,0.0959309919027621,0.4346403605942451,-0.16790217233282673,0.24450789540943743,1.3815671624746342,0.21375705594637462,0.5859391536186095,0.05140330636058331,0.2700422389324351,0.31258599532828935,0.22212318226608246,0.25368341555619195,-0.1401410118524196,0.11720226569943946,-0.038278592826723974,0.2424423496004565,0.1995259658752711,0.014837669175262394,0.3323485458703752,0.36356328263126286,0.24299972031140382,-0.2559922658502086,-0.05893729987974382,0.13002472705715656,-0.04135361000138923,-0.0295848653863593,-0.14456833195219074,-0.031142806465674158,0.16757566902995757,0.003699130235245237,0.10869916410123463,-0.09822874865774872,-0.041813387255891274
0.01420209055580274,0.15350520104397372,0.08818311952512821,0.10268233556221812,0.11169679001247032,0.17547408216678623,0.192407750088583,0.036613294811251605,0.21945648425410233,0.1004914945889293,0.08671691783098397,0.13457943079025542,0.058368438583855195,0.34813307125428145,0.12709454768001266,0.21233487228355788,0.08800515816365473,0.12254262725389904,0.06658730366049904,0.20054899614782115,0.08492222275177595,0.30138030033227986,0.06668011742191562,0.253665060263569,0.0723722150617332,0.2793354297990493,0.1962996623292846,0.24796413293196626,0.193915997221496,0.19756313021546373,0.21375705594637462,0.633565964027008,0.13380618014826276,0.14297071579717766,0.12349586563379375,0.13336899180094897,0.009643268387964523,0.1608705008448586,0.07949292269974527,0.12581367319470518,0.04632108846911254,0.19728284059612758,0.2989206691119631,-0.012959711108923333,0.14901448957628813,0.1888518136348225,0.18065835658600243,-0.11114470785608781,0.1862148874158097,-0.12478005382743469,0.07584641435206563,-0.07868058883129599,-0.01501719680994226,0.03135713471598054,-0.16408647830782006,-0.004548912119153362,0.16795267002698663,0.13934010101057845,-0.2234627717791055
0.015708771535946582,0.09874320561304907,0.09899046060097728,0.06832933554245614,0.09482065294125501,-0.040562832892337315,0.13097191031317265,0.0631212089465289,0.2066165929865472,0.057284091308050886,0.05996813529154687,0.0866905086485865,0.04815961865085467,0.18908538834521008,0.18129908041143106,0.10969281140685591,0.14755711732214585,0.36625113594469405,0.05551231333073691,0.26775260874931917,0.033403018134618184,0.06467238149969629,0.5361552915183345,0.6230770224199166,0.09883021269857567,0.271745414319969,0.17158704489248833,0.9069448004616579,-0.29992111713928893,0.2908249249463831,0.5859391536186095,0.13380618014826276,2.0584326006449882,-0.17807577679747125,-0.009064232304823684,-0.08011120527068263,1.1748669793689845,0.26438862018383485,-0.016933318326639798,0.28343471517897273,-0.35658937102647764,0.47823585946958413,0.3577586641223492,0.047635511379617766,0.32804904271185453,0.455508326137512,0.39317000157391696,-0.44032804177223,0.26593844946437767,-0.11553220056187495,0.09765567700089606,-0.11519316644657349,0.07253295534027068,-0.2100784975184399,0.12467128657144705,-0.09336033446991171,-0.044934153446148865,-0.10293651204662352,0.13382924839295682
