0.7371411334372175,0.4154955463858549,0.6339438255165113,0.12256131048382736,0.20184397024934006,0.19186170642098915,0.21383522429565655,0.16680301430014738,0.16091718000342017,0.16795755221910846,0.16826670125501642,0.1849202001330591,0.17648950488334855,0.18315010998973377,0.14119367445935785,0.16011206894283336,0.15516541465185513,0.18038392037924156,0.15031575703558778,0.16639287033142827,0.15747406926794377,0.1694286972208337,0.13391499277670335,0.12276233432952703,0.1649372392493317,0.13515358834918598,0.16605529381042475,0.12879156367518838,0.18439049478806704,0.119045564618203,0.14531297512196656,0.16766840798950602,0.12374300190145415,0.08971903118516515,0.13286763696333337,0.13483660801730152,0.21244151542114711,0.11724867927971175,0.15565882198783576,0.09107596591595325,0.16482862381466154,0.15187983272961977,0.1791881661391328,0.14973034569081728,0.11111807021583144,0.12466135377516405,0.1430849110486185,0.0005644350075486131,0.13020081093921773
0.4154955463858549,8.528537128822288,0.7454818728766063,0.06215430634676396,-0.0068248373509874,0.19325182111957132,0.20064765373700458,0.04456983818699686,0.12121791724137779,0.25220981933261855,0.21413070719120395,0.3295650932547041,0.22141507644155928,0.14683332214954278,0.21269476160666628,0.17591099923098616,0.2876748472716271,0.7203793283828757,0.22284141881045874,0.30634453838846654,0.34434185882086105,0.16380713680494968,-0.12434701850271762,0.03356018470939839,0.39504909791413184,0.09583412714264193,0.6845842400168766,0.3361519409563734,0.8088972504516937,0.18029593443876615,0.4748630938119016,0.1406933492314875,0.28672587931761245,0.11636289825908784,0.31182176045345145,0.274402710500097,1.2040326259935596,0.1729946757540814,-0.026664178649221125,-0.05836185783429191,0.31654331265433294,0.3202578973553871,0.4964006680022883,-0.09856592299329868,0.6722615499686951,0.3531865541936086,0.40166751457362254,-0.01986319744713331,0.16324725558406109
0.6339438255165113,0.7454818728766063,6.200546064391097,0.4752487469719963,0.7927238715233034,0.9046117670615276,0.43948515321003423,1.463233105540719,0.6779510713289683,1.072977759514331,0.8723263804070288,0.7999922804784674,0.9800109683521978,0.5891394810038749,0.5708007480814667,0.6772415178027281,0.7033774575057381,0.8092173282794988,1.309663962510043,0.6543460235580849,0.7448950516832095,0.7324641435933825,0.5615843004963712,0.5402016852325646,0.6554738918527359,0.6144346804580761,0.7119736539528501,0.5574049387745323,0.9132865076066129,0.3843592888995174,0.6504855111179108,0.5603273710604372,0.3423314583136718,0.9417886976469894,0.8430441841156259,0.6526835195985355,0.7281754525209246,0.41511284938980003,1.245092792749604,0.5608018983230297,0.750764950137723,0.6803432131201291,0.8246771220217705,0.6701332549396171,0.49845634098098135,0.5864966627912181,0.7534093353893038,-0.012439825557098357,0.32122035091072487
0.12256131048382736,0.06215430634676396,0.4752487469719963,1.040768742101209,0.7377964198222916,0.4281658775389698,0.3373065710479045,0.27585194316096745,0.21136184089177243,0.2914542582153313,0.2956317332350227,0.36449913716866933,0.3128468466176486,0.3231414060219971,0.20718810820607778,0.3583046967742882,0.24089576426281797,0.23014752446585285,0.21702776160631176,0.2502179290677245,0.23320565326805537,0.2898510854757558,0.18034329323046133,0.2119649154685221,0.16272411030158387,0.24059960964855553,0.2621836382353187,0.12863808418262052,0.26618567937260207,0.07896718772901416,0.22969197557766988,0.3251859341039686,0.1693210244931044,0.31216936372563975,-0.03462698966339295,0.3130473654850284,0.27158862811433887,0.17059326019836416,0.2205716324087744,0.1768569543237065,0.14027060091204765,0.2464414272606023,0.192324855367642,0.1702705433486497,0.11232591095076566,0.19103620265866272,0.2221363347565885,0.0024478416340235256,0.20962247290746025
0.20184397024934006,-0.0068248373509874,0.7927238715233034,0.7377964198222916,1.750467586180045,0.5020149558087886,0.35248444215307007,0.3409294401025191,0.1747922194670774,0.35943836186774475,0.3711963689469913,0.4731130457896129,0.41362863517685633,0.33569874992574555,0.24849040227883704,0.4586799603503341,0.2616600336622878,0.28018397880588286,0.3244082195678448,0.2767555505785294,0.26650678043269926,0.3195767086565601,0.22847085287581073,0.25441256758376013,0.15886872006730696,0.29407366725689116,0.31261174362513927,0.11900454952384772,0.2715337563031168,0.0787726569303144,0.2783770789529622,0.3444555601003253,0.23087392531493364,0.3404126411283726,-0.13177994131998277,0.40354408457517066,0.3209170330351094,0.18347175963131318,0.2945523717308481,0.22841222090407823,0.12719949090960286,0.2880395637892166,0.14414668799434016,0.18299831034181607,0.06269359620866033,0.22861060674628314,0.26431184855819934,0.013378178918273963,0.2396049844304601
0.19186170642098915,0.19325182111957132,0.9046117670615276,0.4281658775389698,0.5020149558087886,1.069793499705413,0.25762928987480965,0.18946979481403017,0.22826099588282706,0.2926688804251518,0.36159221181654394,0.3250657200030289,0.32286968554465656,0.32171651997772277,0.21042858494002073,0.32017190841698223,0.289816500817732,0.25977217933807667,0.3427705221769301,0.5034136926746133,0.31652310869369205,0.30223229654686745,0.24407510338993663,0.2782811892879839,0.3401667139708862,0.2573626845443898,0.2981421084643415,0.18640059510611862,0.47653654963316344,0.14824084243888214,0.2656323710271778,0.32982228843375294,0.10063395944729099,0.44407562870041556,0.10623546801396144,0.3351269890505303,0.3870346950876816,0.30458605860176863,0.37055697533808823,0.29301171543462146,0.16642582731303282,0.30130524924538565,0.4028798005052085,0.2967126227428478,0.32999830814953107,0.23290705092580588,0.3960177035679902,0.0181179429654772,0.09763411689337363
0.21383522429565655,0.20064765373700458,0.43948515321003423,0.3373065710479045,0.35248444215307007,0.25762928987480965,0.5890780214514064,0.09047420361000444,0.30233856925460684,0.19904179147187787,0.27691349214131333,0.3447233899683138,0.26840277007581564,0.16488949544132717,0.17528077281122945,0.25674793119349465,0.2623005266115633,0.18547010953160095,0.1834560016843296,0.20181720772720294,0.22584463708680358,0.2901258311429753,0.11916891237532647,0.18282117820797475,0.16089050871281127,0.18091504987450183,0.22359884037543698,0.18685761317525357,0.22863432643473824,0.09401113077231069,0.21449618572893575,0.19196368455285967,0.17636079899042875,0.22522602075897571,0.11184559440263953,0.25084425843624847,0.24091168625183354,0.14807688053657647,0.1454225000019633,0.13157474192031973,0.13017146009416491,0.23904757782967373,0.18893994291323243,0.16212781550408983,0.13891688427548365,0.16752169100768985,0.05704998836166406,0.0023832509945907357,0.26966127776939647
0.16680301430014738,0.04456983818699686,1.463233105540719,0.27585194316096745,0.3409294401025191,0.18946979481403017,0.09047420361000444,1.3572536832073443,0.167733981399557,0.4302448558764156,0.37688753907445577,0.21674273390413223,0.5575333196450482,0.3265151766093836,0.20358046291467372,0.33569664682207623,0.2993248924165707,0.36097283200736097,0.5399349232086498,0.33305811346428466,0.33506385457517424,0.2754677987578226,0.23043146392656566,0.20366427702939427,0.2911706538146861,0.3502970924350366,0.31051972147091683,0.22228993790716944,0.3926759348180269,0.13894331539450272,0.28537334762500255,0.29317764174879707,0.03818364018271221,0.4667582081148816,0.5543859612816219,0.20491719077938983,0.2649057578411909,0.16849326185989053,0.8413922490269095,0.2781838903327081,0.4494719501906512,0.2894782686394852,0.3686821308332514,0.3109832345380453,0.20731121422702606,0.247945401398667,0.3832278957477167,-0.006777501767643619,0.1843761770628507
0.16091718000342017,0.12121791724137779,0.6779510713289683,0.21136184089177243,0.1747922194670774,0.22826099588282706,0.30233856925460684,0.167733981399557,1.0834316112571105,0.09103954089374837,0.2298158180525976,0.2361176637127893,0.35702192570295194,0.17627613458844,0.3228982666729747,0.1721988590818334,0.29798686211530595,0.16598004469884572,0.5345621238759714,0.2282167597539149,0.2756586724299475,0.5889469331973208,0.07347512587459908,0.22951884492215316,0.15441211183084672,0.27592487717051273,0.22974080294662527,0.26284599266654446,0.2469705279955401,0.14546065146389414,0.28823267129183494,0.20806411139111233,0.22885022588570128,0.3205565024307426,0.2431986966324087,0.2291227814383406,0.30560515862301235,0.18143456633396537,0.31821822579028763,0.15186318129507445,0.20547371930274846,0.27019691604808754,0.23124557079130065,0.22378827479926222,0.1346714453613413,0.19680082858945203,0.06126596436576466,-0.03163318385718923,0.6411824792519749
0.16795755221910846,0.25220981933261855,1.072977759514331,0.2914542582153313,0.35943836186774475,0.2926688804251518,0.19904179147187787,0.4302448558764156,0.09103954089374837,0.8443039598359826,0.2947908550313678,0.26748460298768245,0.3132748820516145,0.250888263451555,0.21578121654702195,0.3303873069944974,0.2712570846676058,0.38001216436429824,0.262166698677494,0.1741124444234359,0.24088500064129434,0.24031573456770441,0.27647445342527915,0.2145838535480105,0.25636330246439654,0.2009703749629032,0.2691079933644341,0.21408568072741607,0.33813566105297266,0.2459211813144263,0.26080967807046673,0.24216236070257716,0.13974574454924307,0.3484242086698391,0.2925274751350088,0.2880551305078726,0.28219225091036537,0.12342341370184645,0.36286600997922647,0.1718375966229994,0.31023682373546413,0.24643104620703285,0.2668388038667475,0.2533389800948383,0.10079120199736083,0.21496040772650418,0.3941202855882633,-0.005371932076146767,0.08496480788848788
0.16826670125501642,0.21413070719120395,0.8723263804070288,0.2956317332350227,0.3711963689469913,0.36159221181654394,0.27691349214131333,0.37688753907445577,0.2298158180525976,0.2947908550313678,0.6102451630726102,0.39380367751204054,0.3874172333556182,0.23905521861011622,0.2902361191138455,0.30146099130252363,0.3323610870629766,0.29493898288573134,0.20824978166063782,0.35359008120064617,0.28704243885254876,0.27401414790382794,0.19914899359392327,0.23206553941231342,0.22102270604077706,0.27557118082728144,0.2807348599444285,0.2592542243284424,0.34356408096712215,0.11710670696887776,0.2878097703214849,0.24241397401025488,0.13372741996184093,0.3414065805961853,0.3503950249147808,0.26920465215258194,0.2871039824467655,0.20832766449201545,0.3706546022528638,0.18519776558580467,0.27836119916329505,0.29324333445841483,0.3098712582264858,0.2491104791356952,0.1707974578838885,0.2315748063463434,0.2574788838838812,0.0028303877859545837,0.1308510105676555
0.1849202001330591,0.3295650932547041,0.7999922804784674,0.36449913716866933,0.4731130457896129,0.3250657200030289,0.3447233899683138,0.21674273390413223,0.2361176637127893,0.26748460298768245,0.39380367751204054,0.7855009422045847,0.33995270556999146,0.2509492695664897,0.27548131456791614,0.3518675864856732,0.31871877663092074,0.25548978718389365,0.28266622845272293,0.2467693833248308,0.25483076672685684,0.2915083803529867,0.16883355365881225,0.20404538049400417,0.18152620753262902,0.25617669797337816,0.32402889019456793,0.2208710996793893,0.2767644274208498,0.04014285670017107,0.2441295825721289,0.25889891878336696,0.16520189142847735,0.29220806961652945,0.2599546613161105,0.2900319549317218,0.2554601126080498,0.17362459166036204,0.16499083837988635,0.15796203062043096,0.20329118063528326,0.28697033245576764,0.27101342718201,0.18978074397326206,0.13940109740699932,0.20390271114630323,0.16658197493938848,0.012414830583027883,0.2260344247728959
0.17648950488334855,0.22141507644155928,0.9800109683521978,0.3128468466176486,0.41362863517685633,0.32286968554465656,0.26840277007581564,0.5575333196450482,0.35702192570295194,0.3132748820516145,0.3874172333556182,0.33995270556999146,0.9413386276909388,0.27287701842158585,0.17148132266321356,0.359643233424925,0.350033818992302,0.273420000660643,0.6234059022688688,0.33018003355340847,0.3646059389234299,0.3804871268536145,0.16398475199289825,0.23915671072664255,0.2980704934800888,0.36699236869875723,0.3624934601621926,0.2960779339852654,0.41839117723093133,0.08955256335912232,0.30151937122396166,0.2586924274837881,0.13107324207161639,0.4163480933906813,0.45505877970281466,0.2735258422195598,0.24542419087368872,0.1797921566658417,0.7321143783264885,0.26298964598005825,0.3774200968543577,0.31681829359902486,0.33114555824109965,0.350665986275716,0.12740147238647337,0.2989512600762916,0.18701434616594256,-0.013471613837281363,0.2939352921841365
0.18315010998973377,0.14683332214954278,0.5891394810038749,0.3231414060219971,0.33569874992574555,0.32171651997772277,0.16488949544132717,0.3265151766093836,0.17627613458844,0.250888263451555,0.23905521861011622,0.2509492695664897,0.27287701842158585,0.549496310498741,0.2507334460347619,0.31038802433293505,0.22325420115476116,0.18637263234433163,0.25018837407138994,0.2917199892513385,0.19887445987647578,0.25147034825789677,0.12309074067166645,0.1904108055221111,0.20750408162449455,0.2522935769196136,0.2514150790155272,0.17022405496456908,0.2803875334758448,0.1203666797247063,0.21734827648514457,0.4762864778567834,0.09229646267273524,0.31825285669281095,0.21399555861683622,0.1869708844897376,0.27317631342440435,0.19236462015154163,0.22543963192241304,0.11667377564184592,0.25613963539575163,0.2215288433023675,0.25710566847231353,0.17059384065454866,0.11352474539516347,0.17163865098006487,0.23933868936853533,0.00876222427854934,0.402241384225717
0.14119367445935785,0.21269476160666628,0.5708007480814667,0.20718810820607778,0.24849040227883704,0.21042858494002073,0.17528077281122945,0.20358046291467372,0.3228982666729747,0.21578121654702195,0.2902361191138455,0.27548131456791614,0.17148132266321356,0.2507334460347619,0.9048029178100739,0.23077296580464257,0.29723191640350655,0.24143037906891177,0.2585248582145863,0.2771314254561472,0.21773959616598887,0.26611517101308124,0.07684526018562346,0.17494105632331614,0.16229104182143395,0.19843027357030682,0.18322420188022512,0.2623271586612743,0.2494315685601935,0.13849464395212244,0.2686750229193983,0.2288445984822264,0.1404305035185792,0.2789805836752774,0.28449783263468564,0.18877103933826492,0.32716315057995937,0.18088445510640142,0.26361789004303876,0.12404340106842958,0.2597515831831535,0.24793681703708836,0.2428256044450463,0.16631326950156686,0.17404223128603472,0.19232728043851224,0.19328106557050637,0.0015325496444050385,0.26573074200940866
0.16011206894283336,0.17591099923098616,0.6772415178027281,0.3583046967742882,0.4586799603503341,0.32017190841698223,0.25674793119349465,0.33569664682207623,0.1721988590818334,0.3303873069944974,0.30146099130252363,0.3518675864856732,0.359643233424925,0.31038802433293505,0.23077296580464257,0.774725896186541,0.3369375039452654,0.29433378120078746,0.2649724313381397,0.17107685752320415,0.25678895419692704,0.4527364706524829,0.2416030788671563,0.21919470909625144,0.15333159330105686,0.2679426140306586,0.30622598837408743,0.25806460721159935,0.29967263459715515,0.04844483978428421,0.2557546313791743,0.29829120725108693,0.10221988358104261,0.3431112493311739,0.3846421724306446,0.2543855375906515,0.2521177812039769,0.15364006022253357,0.3362946344025909,0.17394452525477097,0.3146259854166664,0.29548487105859406,0.31703584648861816,0.3190733501513238,0.13136801458920325,0.21427813506752447,0.24667740825112094,-0.03875484806246738,0.26533881834977163
0.15516541465185513,0.2876748472716271,0.7033774575057381,0.24089576426281797,0.2616600336622878,0.289816500817732,0.2623005266115633,0.2993248924165707,0.29798686211530595,0.2712570846676058,0.3323610870629766,0.31871877663092074,0.350033818992302,0.22325420115476116,0.29723191640350655,0.3369375039452654,0.6415496895165118,0.24684634927815727,0.27168455805331054,0.3496061689815358,0.3009185762494509,0.3467916396185464,0.08471690697111997,0.21923793477019116,0.2916176626488488,0.2530462112649449,0.2846677083284798,0.49347639126285253,0.30774784400907074,0.15122439560632947,0.32700323856877167,0.20731251258849429,0.24867073207071808,0.2977510875661406,0.49034056513289687,0.23149267417035999,0.4471726180776009,0.24540199102640137,0.20671989245015315,0.16918190475881129,0.3353654833997839,0.39996225510325817,0.4295200165463703,0.2863026828593778,0.2984688826715503,0.23601705674491363,0.2621427466012998,0.005330810486253886,0.17220060720289007
0.18038392037924156,0.7203793283828757,0.8092173282794988,0.23014752446585285,0.28018397880588286,0.25977217933807667,0.18547010953160095,0.36097283200736097,0.16598004469884572,0.38001216436429824,0.29493898288573134,0.25548978718389365,0.273420000660643,0.18637263234433163,0.24143037906891177,0.29433378120078746,0.24684634927815727,0.8921953965255087,0.08319072384060666,0.11266841352398575,0.279271585538085,0.2543174666107888,0.5441049265445067,0.17232428452168602,0.21534920353941048,0.3992675927553281,0.14189968829794852,0.1994521118235418,0.32415102627560793,-0.016886536304636678,0.35496134148173636,0.15124206793172265,0.12594414703251877,0.32694816095689727,0.296859879406192,0.23858576143640708,0.360153882160715,0.11387636027166893,0.32343348617594175,0.146513563629606,0.32811493474060655,0.24283230444149556,0.3699563678057874,0.38692420983305736,0.2762728061579201,0.19269891872746944,0.4309317748647271,-0.008022657626353156,-0.03482363390919073
0.15031575703558778,0.22284141881045874,1.309663962510043,0.21702776160631176,0.3244082195678448,0.3427705221769301,0.1834560016843296,0.5399349232086498,0.5345621238759714,0.262166698677494,0.20824978166063782,0.28266622845272293,0.6234059022688688,0.25018837407138994,0.2585248582145863,0.2649724313381397,0.27168455805331054,0.08319072384060666,2.1787484218273554,0.21631097457229126,0.3965062044599545,0.4434837680155038,-0.15588635255441474,0.20571016663514916,0.40593013126865857,0.130851889213896,0.3077642916287734,0.26780847011703396,0.4421331758469783,0.21129978203848487,0.31577386628082654,0.18809425161645346,0.266329369705298,0.32812199291652194,0.25832974033947975,0.31904930079576355,0.29919205871677684,0.1723461438754387,0.9361306826055645,0.3819156924417318,0.2693886608764075,0.2989002353718481,0.25081421260508635,0.18120197040555164,0.3062858278801444,0.3719097135398386,-0.03179492888808427,-0.014124413660819785,0.06660577102562663
0.16639287033142827,0.30634453838846654,0.6543460235580849,0.2502179290677245,0.2767555505785294,0.5034136926746133,0.20181720772720294,0.33305811346428466,0.2282167597539149,0.1741124444234359,0.35359008120064617,0.2467693833248308,0.33018003355340847,0.2917199892513385,0.2771314254561472,0.17107685752320415,0.3496061689815358,0.11266841352398575,0.21631097457229126,1.503351152541582,0.25680345324906023,0.17094632151739836,0.019376695520237994,0.20825820555997435,0.35193671357513634,0.3811364730727814,0.339993947909813,0.27900821828778644,0.499629340698487,0.10152211449702081,0.3141790352705483,0.3017739131118259,-0.003243367288563955,0.4711601651788585,0.4484452345693392,0.04067756403042277,0.6697734941712203,0.6852919385210184,0.6561303275006161,0.3242026734499511,0.30189483855792143,0.33108165941307216,0.688530997369592,0.12475513833262626,0.6914085660765493,0.2675465664010858,0.020217727278584403,0.09748170059318197,0.6908936134310989
0.15747406926794377,0.34434185882086105,0.7448950516832095,0.23320565326805537,0.26650678043269926,0.31652310869369205,0.22584463708680358,0.33506385457517424,0.2756586724299475,0.24088500064129434,0.28704243885254876,0.25483076672685684,0.3646059389234299,0.19887445987647578,0.21773959616598887,0.25678895419692704,0.3009185762494509,0.279271585538085,0.3965062044599545,0.25680345324906023,0.5599057478124206,0.2724887067272939,0.20898799949462965,0.19565590875664207,0.3223550301096156,0.1623921285132823,0.24265383066835142,0.23098653102969827,0.42391504862251655,0.16904474230837582,0.301162336312662,0.18694866875652016,0.17141411795646092,0.3079948187592608,0.3205616914834583,0.31510435888161603,0.3899675857910223,0.22118764164688118,0.4570933944223061,0.31268271917705254,0.3618642354484273,0.39979487633543237,0.45513121404934936,0.3218868828459244,0.5163086563874659,0.2549139681406968,0.2507742512130692,0.0065399869477503975,-0.030741202129268258
0.1694286972208337,0.16380713680494968,0.7324641435933825,0.2898510854757558,0.3195767086565601,0.30223229654686745,0.2901258311429753,0.2754677987578226,0.5889469331973208,0.24031573456770441,0.27401414790382794,0.2915083803529867,0.3804871268536145,0.25147034825789677,0.26611517101308124,0.4527364706524829,0.3467916396185464,0.2543174666107888,0.4434837680155038,0.17094632151739836,0.2724887067272939,0.7667636252242561,0.18480149699666423,0.22800587816985587,0.17253835754864585,0.2798145009714243,0.27084768656192065,0.27952641926241734,0.2974054266761248,0.08226196984318669,0.27857435845735845,0.2696177804243048,0.17568709021954546,0.3623904374328198,0.33666606521273035,0.24363032063428416,0.2784512530992132,0.17529550008790698,0.3785138661575502,0.18060174877627677,0.2864475415148567,0.2950801771863931,0.26576533264290964,0.3269163901841408,0.08272651834411686,0.2283581199860009,0.16108170446287054,-0.08392862374738375,0.6172410887980636
0.13391499277670335,-0.12434701850271762,0.5615843004963712,0.18034329323046133,0.22847085287581073,0.24407510338993663,0.11916891237532647,0.23043146392656566,0.07347512587459908,0.27647445342527915,0.19914899359392327,0.16883355365881225,0.16398475199289825,0.12309074067166645,0.07684526018562346,0.2416030788671563,0.08471690697111997,0.5441049265445067,-0.15588635255441474,0.019376695520237994,0.20898799949462965,0.18480149699666423,1.4989790550847089,0.2782931718407601,0.43160071038280856,0.10838534617228791,0.11342091637016374,-0.05833916115808884,0.44473452621671083,0.18934048862144598,-0.11453085706854979,0.1102336449175856,0.08698812337584887,0.3489597402209503,0.05010448379181585,0.31988347567484576,0.05051047196246341,0.030341590507947346,0.38360702229161225,0.16621624111141334,0.30025417617522315,0.13922699697994428,0.2718798569940699,0.5935069413674845,-0.14673407037019096,0.2043329794595609,0.4249693886358881,0.025946499362640117,0.12073755649445918
0.12276233432952703,0.03356018470939839,0.5402016852325646,0.2119649154685221,0.25441256758376013,0.2782811892879839,0.18282117820797475,0.20366427702939427,0.22951884492215316,0.2145838535480105,0.23206553941231342,0.20404538049400417,0.23915671072664255,0.1904108055221111,0.17494105632331614,0.21919470909625144,0.21923793477019116,0.17232428452168602,0.20571016663514916,0.20825820555997435,0.19565590875664207,0.22800587816985587,0.2782931718407601,0.40994137891691407,0.22295505751895991,0.11947362875503174,0.2032167395786771,0.19098667982272557,0.2745742695976805,0.3704434583130918,0.21898230376166003,0.21067879779585866,0.26155473691394154,0.23658777214815693,0.1701462712526842,0.3150456517114071,0.23655281489271643,0.1401486313833521,0.1894268684736295,0.09643140973850332,0.1571366637466605,0.20426621458556107,0.19811103205669142,0.19273771920238683,0.014346421458377905,0.16832963052035446,0.30405393040357753,0.00953802134215732,0.11907373433017222
0.1649372392493317,0.39504909791413184,0.6554738918527359,0.16272411030158387,0.15886872006730696,0.3401667139708862,0.16089050871281127,0.2911706538146861,0.15441211183084672,0.25636330246439654,0.22102270604077706,0.18152620753262902,0.2980704934800888,0.20750408162449455,0.16229104182143395,0.15333159330105686,0.2916176626488488,0.21534920353941048,0.40593013126865857,0.35193671357513634,0.3223550301096156,0.17253835754864585,0.43160071038280856,0.22295505751895991,2.095447258986374,-0.12149480965529702,0.1977971484461547,0.1926105953384959,1.0127759029492298,0.6911765642362597,0.025897224120403968,0.2068134409226418,0.004526478355436591,0.6388357757707313,0.4993827213012671,0.1422169123075273,0.6074723741863781,0.22461186601581581,0.9071483956911719,0.3027882611728231,0.44212818045226593,0.2947703065427761,0.5388915196187383,0.4140497232655065,0.33332137763589864,0.4612106888124631,0.4640375249605009,-0.038981719805045806,0.31737470352977265
0.13515358834918598,0.09583412714264193,0.6144346804580761,0.24059960964855553,0.29407366725689116,0.2573626845443898,0.18091504987450183,0.3502970924350366,0.27592487717051273,0.2009703749629032,0.27557118082728144,0.25617669797337816,0.36699236869875723,0.2522935769196136,0.19843027357030682,0.2679426140306586,0.2530462112649449,0.3992675927553281,0.130851889213896,0.3811364730727814,0.1623921285132823,0.2798145009714243,0.10838534617228791,0.11947362875503174,-0.12149480965529702,1.7258845541616719,0.29228089387255607,0.26626402996760906,-0.09900164306239632,-0.7245174553716321,0.29669268726702946,0.24643251983161799,-0.03732102766800516,0.3309057162231983,0.4737456728953823,-0.05748290827868109,-0.07110299874248464,0.22087271615889245,0.23172593374855835,0.2652874179577827,0.269872962595178,0.23688178841296845,0.31468633902498805,0.25913864193439956,0.5724887186790235,0.06393579762594952,-0.2288626280413328,0.01724528193691926,0.13724435278605268
0.16605529381042475,0.6845842400168766,0.7119736539528501,0.2621836382353187,0.31261174362513927,0.2981421084643415,0.22359884037543698,0.31051972147091683,0.22974080294662527,0.2691079933644341,0.2807348599444285,0.32402889019456793,0.3624934601621926,0.2514150790155272,0.18322420188022512,0.30622598837408743,0.2846677083284798,0.14189968829794852,0.3077642916287734,0.339993947909813,0.24265383066835142,0.27084768656192065,0.11342091637016374,0.2032167395786771,0.1977971484461547,0.29228089387255607,0.9383271301209045,0.2629355280013624,0.28904336450752055,0.15796404827126548,0.24092094677655193,0.29072720295516924,0.2129111389073287,0.29686414902085084,0.3051234775151906,0.46460055237602454,0.30039251878027146,0.20405471775652578,0.2442206418941719,0.16508495857612424,0.2779599650081485,0.29098396552980277,0.4238181066588925,0.03335814933007403,0.16139908591360297,0.29123801470422456,0.1790267807924687,-0.002415077176082029,0.07137387123585402
0.12879156367518838,0.3361519409563734,0.5574049387745323,0.12863808418262052,0.11900454952384772,0.18640059510611862,0.18685761317525357,0.22228993790716944,0.26284599266654446,0.21408568072741607,0.2592542243284424,0.2208710996793893,0.2960779339852654,0.17022405496456908,0.2623271586612743,0.25806460721159935,0.49347639126285253,0.1994521118235418,0.26780847011703396,0.27900821828778644,0.23098653102969827,0.27952641926241734,-0.05833916115808884,0.19098667982272557,0.1926105953384959,0.26626402996760906,0.2629355280013624,1.0581836018222555,0.06588113688616479,0.14905432108541805,0.3587311533188744,0.12739884913878907,0.47587214454149285,0.0940647662078399,0.7403680500994475,0.11800587028086634,0.369613090083343,0.22123767925348228,0.1701415684290357,0.03152425269748121,0.3591700437126882,0.21969372177034877,0.3855830699089382,0.44056858149867156,0.18807981881763278,0.1717684564249962,0.19348935109813464,0.018760748952520407,0.0070615295698771355
0.18439049478806704,0.8088972504516937,0.9132865076066129,0.26618567937260207,0.2715337563031168,0.47653654963316344,0.22863432643473824,0.3926759348180269,0.2469705279955401,0.33813566105297266,0.34356408096712215,0.2767644274208498,0.41839117723093133,0.2803875334758448,0.2494315685601935,0.29967263459715515,0.30774784400907074,0.32415102627560793,0.4421331758469783,0.499629340698487,0.42391504862251655,0.2974054266761248,0.44473452621671083,0.2745742695976805,1.0127759029492298,-0.09900164306239632,0.28904336450752055,0.06588113688616479,2.6558285773120787,0.13479940411202745,0.12255859184233098,0.30967264240453146,-0.2711673818942755,0.8854698085127041,0.4953705570774159,0.47062867058272834,0.09316733686099292,0.16215228438187324,0.6616292768736755,0.3018532558962111,0.5477367482117403,0.36061646432575994,0.5474986305833145,0.08479561096341692,0.4200267190208562,0.5695405655165324,0.30114350803437306,-0.085982429261128,0.7035851830386011
0.119045564618203,0.18029593443876615,0.3843592888995174,0.07896718772901416,0.0787726569303144,0.14824084243888214,0.09401113077231069,0.13894331539450272,0.14546065146389414,0.2459211813144263,0.11710670696887776,0.04014285670017107,0.08955256335912232,0.1203666797247063,0.13849464395212244,0.04844483978428421,0.15122439560632947,-0.016886536304636678,0.21129978203848487,0.10152211449702081,0.16904474230837582,0.08226196984318669,0.18934048862144598,0.3704434583130918,0.6911765642362597,-0.7245174553716321,0.15796404827126548,0.14905432108541805,0.13479940411202745,3.7791406272073775,0.22320434587269591,0.15689670350875037,0.30831414023224685,-0.0671300534316036,0.21318848081916464,0.7264273523139404,0.6725850480980962,0.09608909946250212,0.27037235832508966,0.4327545912648387,0.44611669606594184,0.18992406643721585,0.4547969057262344,0.009857359371578011,-0.38535494756983896,0.09361474855437597,1.745730463415818,0.010222291832750238,-0.17987873883969394
0.14531297512196656,0.4748630938119016,0.6504855111179108,0.22969197557766988,0.2783770789529622,0.2656323710271778,0.21449618572893575,0.28537334762500255,0.28823267129183494,0.26080967807046673,0.2878097703214849,0.2441295825721289,0.30151937122396166,0.21734827648514457,0.2686750229193983,0.2557546313791743,0.32700323856877167,0.35496134148173636,0.31577386628082654,0.3141790352705483,0.301162336312662,0.27857435845735845,-0.11453085706854979,0.21898230376166003,0.025897224120403968,0.29669268726702946,0.24092094677655193,0.3587311533188744,0.12255859184233098,0.22320434587269591,0.9140162664282107,0.2101747978384236,0.25087099970681676,0.2569642956512524,0.37441158083338455,0.4388249296062823,0.5004735101277802,0.26086130298740856,0.23749071937640195,0.09661537411438394,0.23760334405854877,0.3132031235044535,0.27313545745712037,0.22022361584591682,0.36317236227932903,0.2200460269479393,0.2847050009107405,0.0036993766256594343,-0.14405219320776297
0.16766840798950602,0.1406933492314875,0.5603273710604372,0.3251859341039686,0.3444555601003253,0.32982228843375294,0.19196368455285967,0.29317764174879707,0.20806411139111233,0.24216236070257716,0.24241397401025488,0.25889891878336696,0.2586924274837881,0.4762864778567834,0.2288445984822264,0.29829120725108693,0.20731251258849429,0.15124206793172265,0.18809425161645346,0.3017739131118259,0.18694866875652016,0.2696177804243048,0.1102336449175856,0.21067879779585866,0.2068134409226418,0.24643251983161799,0.29072720295516924,0.12739884913878907,0.30967264240453146,0.15689670350875037,0.2101747978384236,0.804672451866178,0.057476674760809636,0.398870094630717,0.15066180783258498,0.21010221363242193,0.22031635316405487,0.21031345523997103,0.1905475613835039,0.10408212493486727,0.2416979069277265,0.2231976875890471,0.22936711037374388,0.12080798368825932,0.05889933758253483,0.19215478766669952,0.22508372262220205,-0.0015034487328482488,0.47717874044541153
0.12374300190145415,0.28672587931761245,0.3423314583136718,0.1693210244931044,0.23087392531493364,0.10063395944729099,0.17636079899042875,0.03818364018271221,0.22885022588570128,0.13974574454924307,0.13372741996184093,0.16520189142847735,0.13107324207161639,0.09229646267273524,0.1404305035185792,0.10221988358104261,0.24867073207071808,0.12594414703251877,0.266329369705298,-0.003243367288563955,0.17141411795646092,0.17568709021954546,0.08698812337584887,0.26155473691394154,0.004526478355436591,-0.03732102766800516,0.2129111389073287,0.47587214454149285,-0.2711673818942755,0.30831414023224685,0.25087099970681676,0.057476674760809636,1.825976955054685,-0.4752646158747486,-0.48413860610988846,0.03449898690191912,0.5113558537857618,0.08842344267007726,-0.3051904201778339,0.023290502006394483,-0.2901380549191285,0.15789313261477153,0.002771758654463709,0.14480211700302803,-0.31918672608994253,0.0769724794000727,0.3028883889029122,0.10004246007778793,-0.02136871520561118
0.08971903118516515,0.11636289825908784,0.9417886976469894,0.31216936372563975,0.3404126411283726,0.44407562870041556,0.22522602075897571,0.4667582081148816,0.3205565024307426,0.3484242086698391,0.3414065805961853,0.29220806961652945,0.4163480933906813,0.31825285669281095,0.2789805836752774,0.3431112493311739,0.2977510875661406,0.32694816095689727,0.32812199291652194,0.4711601651788585,0.3079948187592608,0.3623904374328198,0.3489597402209503,0.23658777214815693,0.6388357757707313,0.3309057162231983,0.29686414902085084,0.0940647662078399,0.8854698085127041,-0.0671300534316036,0.2569642956512524,0.398870094630717,-0.4752646158747486,1.9533237514608142,0.6158484958676579,0.3488834165303701,0.35174939954674017,0.19800807338901447,0.768128158201194,0.2398297829112525,0.3991274743203439,0.3644408686449349,0.5771467652211761,0.3404520432403692,0.3986709096412543,0.3395598426304088,0.26412139786553845,0.01943609861894821,1.0743571049277618
0.13286763696333337,0.31182176045345145,0.8430441841156259,-0.03462698966339295,-0.13177994131998277,0.10623546801396144,0.11184559440263953,0.5543859612816219,0.2431986966324087,0.2925274751350088,0.3503950249147808,0.2599546613161105,0.45505877970281466,0.21399555861683622,0.28449783263468564,0.3846421724306446,0.49034056513289687,0.296859879406192,0.25832974033947975,0.4484452345693392,0.3205616914834583,0.33666606521273035,0.05010448379181585,0.1701462712526842,0.4993827213012671,0.4737456728953823,0.3051234775151906,0.7403680500994475,0.4953705570774159,0.21318848081916464,0.37441158083338455,0.15066180783258498,-0.48413860610988846,0.6158484958676579,2.73021822386493,-0.31170136934640996,0.09970420348852634,0.23771449172606654,0.7398399085870571,0.04000553086627796,0.9129469797519921,0.3678006258692757,0.8381092126665446,0.5931756532765752,0.4884414398593662,0.21398489547174407,0.2397682407955935,-0.05865625585306657,0.12443367694619065
0.13483660801730152,0.274402710500097,0.6526835195985355,0.3130473654850284,0.40354408457517066,0.3351269890505303,0.25084425843624847,0.20491719077938983,0.2291227814383406,0.2880551305078726,0.26920465215258194,0.2900319549317218,0.2735258422195598,0.1869708844897376,0.18877103933826492,0.2543855375906515,0.23149267417035999,0.23858576143640708,0.31904930079576355,0.04067756403042277,0.31510435888161603,0.24363032063428416,0.31988347567484576,0.3150456517114071,0.1422169123075273,-0.05748290827868109,0.46460055237602454,0.11800587028086634,0.47062867058272834,0.7264273523139404,0.4388249296062823,0.21010221363242193,0.03449898690191912,0.3488834165303701,-0.31170136934640996,2.529747600476369,-0.17364824713079494,0.007784982967845799,0.0018072319322863285,0.3907947983561762,0.2166948227071782,0.3569578971476806,-0.12226184267663803,-0.3288662866058459,-0.16858838260292172,0.49058757683604254,0.5244297367383556,-0.036685648494280826,-1.0059955073730293
0.21244151542114711,1.2040326259935596,0.7281754525209246,0.27158862811433887,0.3209170330351094,0.3870346950876816,0.24091168625183354,0.2649057578411909,0.30560515862301235,0.28219225091036537,0.2871039824467655,0.2554601126080498,0.24542419087368872,0.27317631342440435,0.32716315057995937,0.2521177812039769,0.4471726180776009,0.360153882160715,0.29919205871677684,0.6697734941712203,0.3899675857910223,0.2784512530992132,0.05051047196246341,0.23655281489271643,0.6074723741863781,-0.07110299874248464,0.30039251878027146,0.369613090083343,0.09316733686099292,0.6725850480980962,0.5004735101277802,0.22031635316405487,0.5113558537857618,0.35174939954674017,0.09970420348852634,-0.17364824713079494,3.2619935233681616,0.41438438446002307,0.1278686970924064,-0.18697670082496542,0.38768493394885845,0.49586951675484375,0.752234469306629,0.3027025121375263,1.2366089450374749,0.41650105485574956,0.7073043307785501,0.11860479697687969,1.3355876944156333
0.11724867927971175,0.1729946757540814,0.41511284938980003,0.17059326019836416,0.18347175963131318,0.30458605860176863,0.14807688053657647,0.16849326185989053,0.18143456633396537,0.12342341370184645,0.20832766449201545,0.17362459166036204,0.1797921566658417,0.19236462015154163,0.18088445510640142,0.15364006022253357,0.24540199102640137,0.11387636027166893,0.1723461438754387,0.6852919385210184,0.22118764164688118,0.17529550008790698,0.030341590507947346,0.1401486313833521,0.22461186601581581,0.22087271615889245,0.20405471775652578,0.22123767925348228,0.16215228438187324,0.09608909946250212,0.26086130298740856,0.21031345523997103,0.08842344267007726,0.19800807338901447,0.23771449172606654,0.007784982967845799,0.41438438446002307,1.0197082055586353,0.3339048293424231,0.23842789028110603,0.2149366572008602,0.24621496483116445,0.5128437994239629,0.3770842088922995,0.48865071011787165,0.18060210939727814,0.06329109013721569,0.06777610432388517,0.048142091401578914
0.15565882198783576,-0.026664178649221125,1.245092792749604,0.2205716324087744,0.2945523717308481,0.37055697533808823,0.1454225000019633,0.8413922490269095,0.31821822579028763,0.36286600997922647,0.3706546022528638,0.16499083837988635,0.7321143783264885,0.22543963192241304,0.26361789004303876,0.3362946344025909,0.20671989245015315,0.32343348617594175,0.9361306826055645,0.6561303275006161,0.4570933944223061,0.3785138661575502,0.38360702229161225,0.1894268684736295,0.9071483956911719,0.23172593374855835,0.2442206418941719,0.1701415684290357,0.6616292768736755,0.27037235832508966,0.23749071937640195,0.1905475613835039,-0.3051904201778339,0.768128158201194,0.7398399085870571,0.0018072319322863285,0.1278686970924064,0.3339048293424231,4.029856117207307,0.9633173081274229,0.5409756835990392,0.18145834980168335,0.14037823659063003,0.5870251986876233,0.4441451757187427,0.35002631106088444,0.14685563296051407,-0.07126928569009307,0.6874195080622757
0.09107596591595325,-0.05836185783429191,0.5608018983230297,0.1768569543237065,0.22841222090407823,0.29301171543462146,0.13157474192031973,0.2781838903327081,0.15186318129507445,0.1718375966229994,0.18519776558580467,0.15796203062043096,0.26298964598005825,0.11667377564184592,0.12404340106842958,0.17394452525477097,0.16918190475881129,0.146513563629606,0.3819156924417318,0.3242026734499511,0.31268271917705254,0.18060174877627677,0.16621624111141334,0.09643140973850332,0.3027882611728231,0.2652874179577827,0.16508495857612424,0.03152425269748121,0.3018532558962111,0.4327545912648387,0.09661537411438394,0.10408212493486727,0.023290502006394483,0.2398297829112525,0.04000553086627796,0.3907947983561762,-0.18697670082496542,0.23842789028110603,0.9633173081274229,2.5212508506845963,-0.2963842138010238,0.33523976074331624,0.33652348065524923,0.09877985976862297,0.6731730272670436,0.19924759212923482,0.23210823269458442,0.1398419438846789,0.3844371890528602
0.16482862381466154,0.31654331265433294,0.750764950137723,0.14027060091204765,0.12719949090960286,0.16642582731303282,0.13017146009416491,0.4494719501906512,0.20547371930274846,0.31023682373546413,0.27836119916329505,0.20329118063528326,0.3774200968543577,0.25613963539575163,0.2597515831831535,0.3146259854166664,0.3353654833997839,0.32811493474060655,0.2693886608764075,0.30189483855792143,0.3618642354484273,0.2864475415148567,0.30025417617522315,0.1571366637466605,0.44212818045226593,0.269872962595178,0.2779599650081485,0.3591700437126882,0.5477367482117403,0.44611669606594184,0.23760334405854877,0.2416979069277265,-0.2901380549191285,0.3991274743203439,0.9129469797519921,0.2166948227071782,0.38768493394885845,0.2149366572008602,0.5409756835990392,-0.2963842138010238,2.6763731361691954,0.32330521822082575,0.4461716198493839,0.7913439587069016,-0.07007623214956353,0.7069592589447409,0.6058409229140321,-0.18410952204314174,0.03920330752373727
