4.99867247430339,0.49651946525988866,0.4307586603813816,0.8085730900149712,0.7553765617507535,0.7828922320175058,0.8446405183815733,0.7838157750933701,0.7993777201320801,0.7230897054542509,0.7246791478774024,0.7413346506976812,0.6815414890440887,0.7063684658291558,0.8012094530580145,0.7765126145608763,0.7827693452874926,0.5751803263255507,0.6298457149494626,0.6833400365900707,0.7524014238367689,0.5719135747360525,0.6959568394181674,0.4488435324601975,0.7235204000320219,0.5183303671876737,0.7188027204702233,0.8566539856193648,0.5170825060220121,0.6285196984916918,0.6759265930941161,0.3965574421614955,0.5223182900230662,0.6191241063287989,0.5478156882798652,0.697424165430095,0.4993035897288692,0.6671713513046957,0.6384011384547558,0.4316409883704837,0.6231535632251939,0.6566000507006658,0.5636545629702944,0.4368959853108027,0.10370762104226663,-0.09287575221978565,0.733871873417843,0.07251442545271093,0.3177672554837457,0.12039403046107532,-0.3351238367351894,-0.22212979633573038,-0.2050383649977473,0.055200379288951364,-0.43918838543111216,-0.08744226045222915,0.14384401113054204,0.2913581556260875,-0.03536735284510528
0.49651946525988866,2.453651491634075,1.0955947768756078,0.9103698366922077,0.7117948187392752,0.8184108702317026,0.7586285464630521,0.7863305956260473,0.6323422728312617,0.7072502823664469,0.8360654215617918,0.8111620169526605,0.7925001338770548,0.8098994759515663,0.767399803140968,0.7484817741900899,0.7079593894996047,0.8067004904987976,0.7407330919537085,0.7490426978855864,0.8204508546982218,0.6081779842845781,0.8624538461223814,0.6797894679565916,0.6625645030412115,0.645625661181728,0.796276805796482,0.7832897077524963,0.8062171217108273,0.5075189082581351,0.7143268793464171,0.734094223928125,0.567355410382028,0.5050431252816543,0.6088724912159399,0.6476904272108707,0.7381914573741313,0.6187822181210273,0.595328518224326,0.644495658781133,0.6751250038131774,0.6410793018209426,0.7019966508713996,0.6014745400652723,0.11794767420407902,0.38614693771057984,0.6376370177457953,0.6974782639617747,0.9852566104978921,0.1590502875117231,-0.12275575812177539,0.18008157540895875,-0.02754520935527946,0.02240065921434316,-0.23999539857993474,-0.01796425431907446,-0.004330188570213001,0.13712870363081936,-0.09047345253978206
0.4307586603813816,1.0955947768756078,2.8273998799346116,0.8538893450568954,0.5539286144585557,0.7173984347373907,0.7747928189219488,0.6919781759991195,0.6569499255223143,0.703076814454299,0.697888984856911,0.7929608008534003,0.6260975638473388,0.6923245972854172,0.6520381091165268,0.6737576252270566,0.6472533551973804,0.5619579815478256,0.6703319702334882,0.6229108323038813,0.6114800739032381,0.4139721358601088,0.6719456682140951,0.5146958169520488,0.6257241828903294,0.5642659643410929,0.7489045301875609,0.7282784012881919,0.7069144438415713,0.533757587425555,0.7013328979053989,0.537772339191382,0.5201256426957853,0.40168045888937826,0.43721621345214284,0.54155322251094,0.615119331076074,0.5055531139153838,0.5094713968255119,0.5765395124466038,0.5709883794498558,0.5184511506842442,0.6148318754013297,0.518034231946216,0.09297583582467682,0.6144391930722005,0.4553882806242875,0.7542503497641312,1.3916031142394798,0.1558553723768545,0.022389078991917787,0.005734383752770251,0.21706051578044608,-0.21495786973869863,-0.09372199889443195,-0.25287589471906025,0.10886563217167823,0.3203337886685569,0.06265303874456538
0.8085730900149712,0.9103698366922077,0.8538893450568954,1.8221655639949372,0.5981057297253564,0.5148477791049296,0.8831908440538914,0.653287105245154,0.6272698429043847,0.6612676619796617,0.6496141150070447,0.6028604482171966,0.5699693460250129,0.6288215279762878,0.7129266472970972,0.7789980506840556,0.702166416628642,0.6958698114747469,0.695564146618656,0.6498071623894641,0.7072960029815496,0.5879004928002862,0.6625119555507581,0.8405605040509907,0.6002490416929481,0.48854148547216014,0.7025609527672897,0.6920646266481295,0.7655580884067955,0.6263988051107583,0.5902769585581213,0.6590698668466217,0.5300799776590739,0.4861460583026189,0.603761021192703,0.6939174951668253,0.6595812741872747,0.6020036711018673,0.5748872964729833,0.6195114270778268,0.6463930861589654,0.6300505705880954,0.693600334251515,0.5798209328340637,0.1324391165133942,0.6605372018155673,0.39467979660880487,0.6700614657563494,0.8097896540944677,0.1994565638120388,-0.05772712796471005,0.05648448902534011,-0.1195730622267245,0.030815688017498424,-0.2285194403336819,-0.04873998551133507,0.1385101376217103,0.034065187907391395,0.031915952422387955
0.7553765617507535,0.7117948187392752,0.5539286144585557,0.5981057297253564,1.6773002890238968,0.7615106628864394,0.6249423235594868,0.6995661212424411,0.6826702693655102,0.7494694709236182,0.6679699808108602,0.6997491868537388,0.636572831948544,0.6602310766364415,0.7100596581234125,0.6853716084261949,0.6826109100924709,0.7624960582031769,0.6487559328172543,0.7571933856611605,0.7673655538553552,0.617210716590607,0.7934393424815532,0.4898592345875127,0.6252195537508413,0.44010120880375886,0.6982901953781472,0.7385679534246175,0.5856351725785487,0.4569885131093821,0.49010573415235437,0.5768897920192272,0.44391312160138746,0.35665411100478445,0.5054953636312219,0.505426150509629,0.5379137346709383,0.45860149729246835,0.46233545143772903,0.46732608688481597,0.5429514289986698,0.49282663208639604,0.5500083690186192,0.46805013417776303,0.10937427777862423,0.37491859943302946,0.4442503908236254,0.3814883883456085,0.6449783135189402,0.03975358210375396,0.01578620818573803,0.1801865661831953,0.12372461799127654,-0.08763411375898442,-0.07855938865770778,-0.03489770918057034,0.022071887024869244,0.03147658443345254,-0.05340590127430948
0.7828922320175058,0.8184108702317026,0.7173984347373907,0.5148477791049296,0.7615106628864394,1.9290128016096086,0.7031321255280295,0.716507095739351,0.8797595332030999,0.7929590027694862,0.9077130601369527,0.8111402380781422,0.8200608312708565,0.8031795967499401,0.8486141667128659,0.813799266716945,0.8179269984179506,0.7368895918882585,0.7155037928839504,0.8389171632795007,0.7682391592842941,0.8391969374701185,0.8002571468268224,0.5200196955722062,0.760082974140684,0.5542727896725449,0.7393673044480873,0.796437377417223,0.6605474497852108,0.4520105687168941,0.667785747429057,0.5821803018150048,0.5169329810661245,0.4147010756070737,0.48827205803632484,0.5686873986410553,0.5975740492727697,0.4869874208924801,0.49370974185846656,0.5326341031805537,0.5743344327593313,0.5206470381565943,0.5734114188707516,0.49314896371590944,0.11316429757097173,0.44278277109084213,0.5613528901676981,0.47179814968222805,0.8711564928133211,0.008305333126588071,-0.054658009286380045,0.2862656905257288,0.16545842267047856,-0.07522735858127448,-0.006847518998181567,-0.03197782449644387,-0.0027640249212993757,0.18859693737918085,0.03687848935892949
0.8446405183815733,0.7586285464630521,0.7747928189219488,0.8831908440538914,0.6249423235594868,0.7031321255280295,1.2555560697311037,0.7616639676594161,0.7985877817478227,0.7280437626194409,0.7541084631012498,0.7288672376004606,0.734905387921544,0.7315840892412222,0.755714022167099,0.7402349727947399,0.7454598248656235,0.6695531373615483,0.6627935203381816,0.690432515053416,0.75373189326216,0.6579844343917197,0.7350623008451849,0.4626055507494056,0.6466850936069033,0.5014594990280749,0.8332084762821493,0.7350350485501985,0.6483785109274701,0.5045603780820122,0.6628861028851175,0.6158932521101759,0.56124495510019,0.4653503905973998,0.5112913461641884,0.6070874023975205,0.6729565155521375,0.5177362849476261,0.5103024620996768,0.5661698009084923,0.5851732215345734,0.527049956664118,0.6527019059594751,0.5505956035722293,0.12855224096599854,0.6054725815506972,0.2605557381363388,0.5177169879774004,0.557966894654712,0.16180742780352972,-0.08583140556175456,0.18388693758945715,-0.15819448936995453,-0.03367163033905528,-0.2680662476353994,-0.04528543000931962,-0.06198646838830501,0.25091534346563654,0.15329729086160138
0.7838157750933701,0.7863305956260473,0.6919781759991195,0.653287105245154,0.6995661212424411,0.716507095739351,0.7616639676594161,1.208590273692903,0.8105293708711391,0.7020684769211275,0.7983218781171005,0.7974255089764346,0.8531778078708886,0.7411431382545585,0.7349574787736243,0.7093713758515194,0.768276953436901,0.7400885901723513,0.6679266173769836,0.7329820549485925,0.7930266872810384,0.6767652165845193,0.7241642158149829,0.46708169187143217,0.6594842539231195,0.49959144402490474,0.7969320332934735,0.7175725432814662,0.6384292763049765,0.5265507107422058,0.6206760142842669,0.5847676866818521,0.5209392584000305,0.42999098423045984,0.5478537253499958,0.5625988624414522,0.6125591749910669,0.4926937783387703,0.4954236990293591,0.5404030690673763,0.5777221979001362,0.5130816824259051,0.6161313198525468,0.5077813030668735,0.11664817606435386,0.44333769756152125,0.47150434012822984,0.4546595632810508,0.507564513553545,0.02514534069388598,-0.06734289968162616,0.18924849669108573,-0.09350271021541617,-0.03730828347458179,-0.17089329771220552,-0.008688829027175682,-0.00340031983732595,0.13693284061810412,0.08256254533672776
0.7993777201320801,0.6323422728312617,0.6569499255223143,0.6272698429043847,0.6826702693655102,0.8797595332030999,0.7985877817478227,0.8105293708711391,1.449052788727035,0.6078176488232612,0.6875692509053717,0.6817230799312176,0.8379308747244278,0.6626926269641805,0.7691512543264236,0.7625843622943124,0.8046863179321135,0.6947357916667848,0.665463294176603,0.8298960176621976,0.7449875056359442,0.7300676122777906,0.7277310984403951,0.538443601821682,0.6664486216186388,0.5667256248778082,0.9931221750957361,0.6410343554860348,0.7507353732099309,0.7093880923996617,0.547174731468032,0.6305549785308769,0.5482673623910586,0.40869908993624826,0.6121637120273427,0.6062857544785054,0.60776114305567,0.506480735794334,0.5036467131254004,0.5496943615671294,0.6031579902063637,0.5394574532451879,0.5779367471321418,0.5044320444734222,0.13268429046428876,0.5457090428843443,0.4582765927243741,0.5662938116145305,0.7767252566178974,-0.02576808706852564,-0.11035118895979654,0.31088145007328016,0.20012081215038185,-0.12765010833857923,-0.3020598579280619,0.009373884997655003,0.09556370844171727,0.12389594694476135,0.027144774454949238
0.7230897054542509,0.7072502823664469,0.703076814454299,0.6612676619796617,0.7494694709236182,0.7929590027694862,0.7280437626194409,0.7020684769211275,0.6078176488232612,1.063440651343965,0.7474972461017404,0.8380062485699777,0.6547609837539607,0.7462996598966869,0.7274308269173076,0.7009269403571614,0.7178654187875513,0.7173277835297809,0.6860002243712754,0.6668644953346334,0.7099740997027373,0.626989649857156,0.7314799670266611,0.4668785088387963,0.6657220796699709,0.4367304081646838,0.7123951823635061,0.9704631517408832,0.5519320095188547,0.4093390902822333,0.6408451951179935,0.5240553645765113,0.4775464609964411,0.39691415582295186,0.47223924982610693,0.5120503779342575,0.5879597278105755,0.4609792073372262,0.46416917744520914,0.4935976334873927,0.5311761486869389,0.49418379850635924,0.5721862994216177,0.45550704140965925,0.10566029680480846,0.4918898308045165,0.3730634024065293,0.3858502107510524,0.5210561384238472,0.006739669893811071,0.0037401459496101954,0.0744285950595792,0.05887267475683926,-0.08323345407379477,0.06667838592259555,-0.0693188354070674,-0.02578767819091059,0.0485884293703778,0.0917411185502195
0.7246791478774024,0.8360654215617918,0.697888984856911,0.6496141150070447,0.6679699808108602,0.9077130601369527,0.7541084631012498,0.7983218781171005,0.6875692509053717,0.7474972461017404,1.050513598671134,0.8117480901260207,0.7864089244837906,0.7842944989525333,0.7493797445553683,0.724850164836977,0.7550132646086924,0.7126095547201867,0.6844392577742856,0.7486131336771958,0.7662222849110989,0.7206805688880729,0.7724016502951341,0.47373011215829547,0.6578961789684717,0.4956049642172741,0.6760064523534349,0.7529379926170416,0.6181443753941044,0.4252813058189242,0.6526992083189206,0.5530362635020385,0.49569437555244206,0.41960893543618244,0.4976832257375503,0.5410862655983236,0.578432704644698,0.4825607646552522,0.49366127135449106,0.5064847659808005,0.558496175402862,0.5137805206213556,0.5830881180667851,0.486359453598287,0.10992510849279033,0.4411688777242122,0.44389120265671383,0.45572171734530686,0.7103296127326569,0.314363319784344,-0.08522599133700787,0.06363546243555647,0.02324539673728626,-0.05844139929538562,-0.02772250339365632,-0.03196333957702633,-0.03099841335733308,0.09313909857312354,0.052602078880804294
0.7413346506976812,0.8111620169526605,0.7929608008534003,0.6028604482171966,0.6997491868537388,0.8111402380781422,0.7288672376004606,0.7974255089764346,0.6817230799312176,0.8380062485699777,0.8117480901260207,1.3328727532924551,0.7910227510972615,0.8485447895171864,0.7984480246165662,0.7140823845856302,0.7366936497767277,0.7171733800098916,0.8090461103142879,0.697451289476514,0.7081184097423829,0.5976924353863944,0.7303010173101695,0.4263523100324797,0.6712492095010957,0.46994611425192856,0.8381819917668383,0.8615183515157432,0.6147948042994752,0.46137588403404856,0.7678748049409535,0.5265885672141221,0.4568550901370185,0.3994895114831977,0.421379800171604,0.4758635159380142,0.5669875974764135,0.45293021964382196,0.5089367622612787,0.48134959868054855,0.5533459694709884,0.4929454627901671,0.5828482044232123,0.4635603290264802,0.09613744769302296,0.32403208525818517,0.6099011987591673,0.3962132622532889,0.5763097196699514,0.16128278557959483,-0.09116948824196149,0.035923154253551526,0.006073330327232407,-0.0791644621459735,-0.07841449633763281,-0.061971930753121886,-0.06562004479362936,0.1789714659982719,0.10689372109523143
0.6815414890440887,0.7925001338770548,0.6260975638473388,0.5699693460250129,0.636572831948544,0.8200608312708565,0.734905387921544,0.8531778078708886,0.8379308747244278,0.6547609837539607,0.7864089244837906,0.7910227510972615,1.2179072801478585,0.8038047970648345,0.7941012415971347,0.7532124183741007,0.8119637918545776,0.7472016877408824,0.6469781796606964,0.7542137300695129,0.8043413346757923,0.815676668331333,0.7039382504974846,0.4232265432914243,0.6326981107303753,0.5351107181131519,0.7644974511953523,0.6765547088956515,0.7403914190045566,0.5153386264905667,0.6909139201536915,0.6396801049969013,0.5275200115385127,0.43529743971693285,0.5795519113308455,0.6141280351255667,0.6077856094341032,0.5204297685273214,0.5241231168254554,0.5742329028772323,0.6055741708462474,0.5430980980168377,0.5783300185799086,0.520541198737267,0.11238655582236351,0.5085705052109756,0.521975981885261,0.5861112467598788,0.751611474784649,-0.0588163256177707,-0.04385272880735013,0.23226826072105922,0.05406680014717823,-0.03914533478340171,-0.14953076885899194,0.058829018007480374,-0.04455742385873451,0.04042081066352944,0.04294401176227048
0.7063684658291558,0.8098994759515663,0.6923245972854172,0.6288215279762878,0.6602310766364415,0.8031795967499401,0.7315840892412222,0.7411431382545585,0.6626926269641805,0.7462996598966869,0.7842944989525333,0.8485447895171864,0.8038047970648345,1.0578532781288839,0.7871801785128032,0.7487882729567775,0.7781415790455408,0.7224162597863525,0.7006597217306375,0.7434220989810242,0.7418637486668123,0.681961922794428,0.7859452743065254,0.45925537974352604,0.6616842530757981,0.5258396073166464,0.770264968873014,0.7688490974258826,0.6695471383919978,0.4432625393877173,0.9329722428004034,0.5954250302836933,0.5118427749915673,0.43992385992223326,0.47850383978833766,0.541448244764112,0.6193897983451523,0.5163638983341583,0.5072046796254872,0.5223924683599624,0.5840758111895605,0.5408451302394269,0.5873403012453192,0.5058465312197787,0.10726085013662952,0.4004931081017229,0.5361171784967982,0.493234269673686,0.6878838383169784,0.03671101767364215,-0.055914537281500386,0.12075619050001782,-0.029863509419208664,0.0054133276167541875,-0.022306081525355338,-0.07960771571811584,-0.0570433835796355,0.12630309994041902,0.0891864450923399
0.8012094530580145,0.767399803140968,0.6520381091165268,0.7129266472970972,0.7100596581234125,0.8486141667128659,0.755714022167099,0.7349574787736243,0.7691512543264236,0.7274308269173076,0.7493797445553683,0.7984480246165662,0.7941012415971347,0.7871801785128032,1.0781711179076556,0.8285728188883423,0.8654574586252667,0.8414814103242155,0.7007410271522847,0.8143923597724602,0.8253407848374686,0.7381195917616108,0.7612201504266087,0.536327946954119,0.6757128805852197,0.5129660530625167,0.8478764052064844,0.7538868697686786,0.6999739197738786,0.5577016332346934,0.6611532438929609,0.662418799597025,0.513061794841339,0.403468244608772,0.5197408140019704,0.5656903118205681,0.5925576821296472,0.5133099936471851,0.5119514079827249,0.5368159968760797,0.6017001686836966,0.5554158668580997,0.5552290777844213,0.5133572981331144,0.12677405369252756,0.4916998270310881,0.518339618188505,0.462803503515065,0.7168654310082344,-0.05155268601869793,0.046510952027285425,0.21548693578500364,-0.04755732474830463,-0.03803754883319728,-0.19421666763473155,-0.03133434127134929,0.04132545092313839,0.09972354893201973,0.021533273382239093
0.7765126145608763,0.7484817741900899,0.6737576252270566,0.7789980506840556,0.6853716084261949,0.813799266716945,0.7402349727947399,0.7093713758515194,0.7625843622943124,0.7009269403571614,0.724850164836977,0.7140823845856302,0.7532124183741007,0.7487882729567775,0.8285728188883423,1.0475039472431105,0.9021718780953905,0.764003140054078,0.6576273858446592,0.7867208408110901,0.8393451188986424,0.7053639877646698,0.7623062771108604,0.5399695473623646,0.6673195830205128,0.49011290130853763,0.705877491628887,0.724499600706922,0.7409693626608049,0.5577408680156561,0.58277333571494,0.5986661470358741,0.5351426574668389,0.4327892115710135,0.544253843119448,0.5686085590341281,0.5641192053406886,0.5129680340577459,0.5333366387345188,0.5394185532278647,0.6050896414286081,0.5630348595359146,0.5914253974046864,0.5026916529835042,0.12360605429165387,0.43919732698314706,0.5697345475150505,0.473962600765026,0.7467649108744078,0.09931385813623113,0.008119259122574067,0.09730531971404376,0.013841735267366024,-0.04462274039804256,-0.1851653189094201,-0.00949890085307893,0.0835554348038336,0.05802100026454912,-0.049168756142506334
0.7827693452874926,0.7079593894996047,0.6472533551973804,0.702166416628642,0.6826109100924709,0.8179269984179506,0.7454598248656235,0.768276953436901,0.8046863179321135,0.7178654187875513,0.7550132646086924,0.7366936497767277,0.8119637918545776,0.7781415790455408,0.8654574586252667,0.9021718780953905,1.1639222954643549,0.7850096552906779,0.6560206872738813,0.8238643901164727,0.8231683726332647,0.6728501763867781,0.790180838012975,0.5139381216608745,0.6799632464668017,0.48184639375414734,0.7456402081999188,0.7444290168657908,0.712546866485888,0.5220998908241546,0.5727916394314255,0.5969731903778257,0.5480398043887452,0.4378300894382631,0.5481614609551549,0.5730300500409682,0.583031190287564,0.5149974861633493,0.5070237298368931,0.5343924335086963,0.5937105220734115,0.5509239193870563,0.5794122189017202,0.4986333731892746,0.12485525931552399,0.48950701266145863,0.50051314887263,0.4498142635162536,0.6628944713911812,-0.023459705649605016,0.031167505386453007,0.15993728819139258,0.027754498584721135,-0.06377046568900434,-0.14384778965765652,-0.013476142497120529,0.04270641085221387,0.076236569055816,-0.008089693578742122
0.5751803263255507,0.8067004904987976,0.5619579815478256,0.6958698114747469,0.7624960582031769,0.7368895918882585,0.6695531373615483,0.7400885901723513,0.6947357916667848,0.7173277835297809,0.7126095547201867,0.7171733800098916,0.7472016877408824,0.7224162597863525,0.8414814103242155,0.764003140054078,0.7850096552906779,1.504455897306278,0.8380452622677128,0.7739760848301902,0.911933378999992,0.9992324111140235,0.7104388008398855,0.6954843018773342,0.562752310969276,0.5092022478424677,0.7564924613398897,0.7329948124724528,0.680320506323123,0.6936189864129056,0.6348544865280323,0.6651974630164318,0.5142544520152905,0.38035631391610963,0.5527073632500055,0.6243428847533417,0.5962246727640408,0.50565494927641,0.49837471090573177,0.536489762212826,0.6129094692969075,0.5651654112517533,0.5936166528048906,0.500897678699194,0.12767954060351314,0.5499077578100564,0.4199888607021857,0.4791332938744468,0.8452792413975186,0.014783539012191758,0.05884708170134113,0.31413972634686393,-0.03326666832729679,-0.1197702947706932,-0.1420016912448544,0.04060624352000066,0.09129740137766866,-0.03397520031068445,0.005950262739540283
0.6298457149494626,0.7407330919537085,0.6703319702334882,0.695564146618656,0.6487559328172543,0.7155037928839504,0.6627935203381816,0.6679266173769836,0.665463294176603,0.6860002243712754,0.6844392577742856,0.8090461103142879,0.6469781796606964,0.7006597217306375,0.7007410271522847,0.6576273858446592,0.6560206872738813,0.8380452622677128,1.0833808132371254,0.7152419317433943,0.695260709872271,0.7339132899465809,0.6562531352625386,0.7913187154747462,0.6408928956738721,0.5235408853071694,0.7628327259474998,0.7044070797965994,0.6388041135969648,0.5985118335535113,0.6732394663654827,0.5706852934805002,0.4775000421026755,0.40621352844427994,0.5035107402165304,0.5393749327920297,0.5631632183759055,0.48452828580047747,0.49881569675375614,0.4773761391655571,0.5639614303463198,0.5421346009053963,0.5709918359950356,0.47876421754736037,0.12858212159295163,0.4942928763702515,0.4302294105486685,0.44094117222339024,0.7456094110398876,0.3165067207586931,-0.10300182599302747,0.03399638483018886,-0.08361684517603157,-0.0405645037688337,-0.09069442399541235,-0.06983146843296065,0.03488887079895036,0.10515017393180906,0.05780171415035414
0.6833400365900707,0.7490426978855864,0.6229108323038813,0.6498071623894641,0.7571933856611605,0.8389171632795007,0.690432515053416,0.7329820549485925,0.8298960176621976,0.6668644953346334,0.7486131336771958,0.697451289476514,0.7542137300695129,0.7434220989810242,0.8143923597724602,0.7867208408110901,0.8238643901164727,0.7739760848301902,0.7152419317433943,1.4745914804373,0.9210385117888895,0.7201521589694656,0.8505190209883823,0.5284146543174745,0.7001978706138987,0.5478510010940147,0.7535867324082729,0.7085078132527673,0.6454241319016435,0.5503073887614737,0.4935594287428438,0.6028842976831637,0.4835441212427691,0.37148899751377057,0.5626432808798413,0.5212647516075389,0.5574927799254502,0.4698112816497672,0.4871763719658238,0.47652673363203524,0.5612348720223499,0.5176490165856048,0.5498733234683058,0.48340290809555586,0.13426357382201043,0.4489634554500081,0.4505873897896324,0.49500363584380297,0.8279272393670228,0.13827155471364064,0.012716846650163692,0.12701357343052902,0.10335582152017547,-0.03849568992131945,-0.2279004866318207,-0.01706628494314409,0.06213187490576906,0.11300091051697327,0.026960880874752645
0.7524014238367689,0.8204508546982218,0.6114800739032381,0.7072960029815496,0.7673655538553552,0.7682391592842941,0.75373189326216,0.7930266872810384,0.7449875056359442,0.7099740997027373,0.7662222849110989,0.7081184097423829,0.8043413346757923,0.7418637486668123,0.8253407848374686,0.8393451188986424,0.8231683726332647,0.911933378999992,0.695260709872271,0.9210385117888895,1.4620473185617804,0.8546535426022547,0.8566969390669347,0.5522290096852401,0.7568930988766069,0.5009660739948987,0.836312815171764,0.7452300079484608,0.6939827143390417,0.6522703448684423,0.518965747157545,0.6602811315652783,0.4960066895218309,0.4179090484755714,0.6121379622101666,0.5937061621524472,0.5930888807304748,0.516760261348842,0.5306046674879014,0.5795434321539232,0.6269193605920862,0.5608680563676932,0.6387038700660382,0.5256995329859621,0.12664308350983638,0.5437184450532292,0.49932585460654866,0.5228238917864908,1.0492400892129057,0.12326297791795468,0.042995630477049664,0.14634431675051476,-0.04897566794985214,-0.041389333894653164,-0.3662357323257839,0.03786557567112297,0.17588419002688852,0.07302873279169272,-0.12612690527117953
0.5719135747360525,0.6081779842845781,0.4139721358601088,0.5879004928002862,0.617210716590607,0.8391969374701185,0.6579844343917197,0.6767652165845193,0.7300676122777906,0.626989649857156,0.7206805688880729,0.5976924353863944,0.815676668331333,0.681961922794428,0.7381195917616108,0.7053639877646698,0.6728501763867781,0.9992324111140235,0.7339132899465809,0.7201521589694656,0.8546535426022547,2.236336901469152,0.6873500539628975,0.7783583154392776,0.5060814751270198,0.544390174920318,0.5325993534967094,0.6175178004857736,0.6736145758052955,0.6088886377502567,0.6132878000180088,0.5314757814717673,0.3944811755747773,0.24657381843167336,0.4612850235132854,0.5645842640182718,0.44092259782073306,0.412866691756608,0.42440768566416565,0.45567440186887426,0.5169429285912318,0.48567693142851315,0.34864422133188183,0.43007621534147245,0.12110875204561665,0.6313151330619375,0.34114100929912966,0.699028360259431,1.6654667915542618,0.03432035808067771,0.06754063451791366,0.300184020724039,0.009255892635160804,-0.14478207379006608,-0.17444734258860367,0.049135503766421104,0.04173851148597188,-0.010584606309827743,-0.03719114272066586
0.6959568394181674,0.8624538461223814,0.6719456682140951,0.6625119555507581,0.7934393424815532,0.8002571468268224,0.7350623008451849,0.7241642158149829,0.7277310984403951,0.7314799670266611,0.7724016502951341,0.7303010173101695,0.7039382504974846,0.7859452743065254,0.7612201504266087,0.7623062771108604,0.790180838012975,0.7104388008398855,0.6562531352625386,0.8505190209883823,0.8566969390669347,0.6873500539628975,1.693689587930296,0.42430924891813715,0.6939399240034008,0.46068490599006284,0.8709137082328037,0.7624360748066737,0.6754000522229248,0.40047092895821224,0.10642958665532423,0.5280406248098795,0.44318335926213953,0.44807708183870826,0.7095967179358293,0.5695578455272833,0.5368005937156165,0.47516835868462376,0.46669193796676867,0.5368422003773372,0.5348280990065586,0.48495461034241677,0.6495515313001515,0.4774630767921802,0.11257851682856021,0.35598656271693313,0.3457287460952418,0.6013746644816245,1.1593878348208653,0.2804663447612577,-0.16348791882377572,-0.004235814589748491,0.003836622560202453,-0.03526624941324521,-0.19317290983923371,0.011682183273618545,0.034829851873496874,0.21334431905913687,-0.08571423839430262
0.4488435324601975,0.6797894679565916,0.5146958169520488,0.8405605040509907,0.4898592345875127,0.5200196955722062,0.4626055507494056,0.46708169187143217,0.538443601821682,0.4668785088387963,0.47373011215829547,0.4263523100324797,0.4232265432914243,0.45925537974352604,0.536327946954119,0.5399695473623646,0.5139381216608745,0.6954843018773342,0.7913187154747462,0.5284146543174745,0.5522290096852401,0.7783583154392776,0.42430924891813715,1.8795458826512972,0.4459402605003187,0.5731934574851643,0.45003016730531836,0.4998342371385003,0.7688337494582324,0.8145066114427605,0.5951327402380667,0.6172911215399146,0.43302554183355735,0.3273451256926924,0.5460181777268838,0.5738943574485846,0.5221728121325339,0.47501647336325387,0.4389122721008371,0.4076184985271754,0.5742203970890958,0.6143727987697196,0.5384902201073088,0.48656808205611823,0.18420741623467712,0.6113090118174958,0.2939338689443205,0.5393067842158927,0.9727818354763346,0.14951846247008202,-0.05006225250858526,0.08188591555922596,-0.056463260533320216,-0.0009677138774459642,-0.13828118889333843,-0.04208460965222465,0.13955137492069736,-0.04605299318996196,-0.04574922482789333
0.7235204000320219,0.6625645030412115,0.6257241828903294,0.6002490416929481,0.6252195537508413,0.760082974140684,0.6466850936069033,0.6594842539231195,0.6664486216186388,0.6657220796699709,0.6578961789684717,0.6712492095010957,0.6326981107303753,0.6616842530757981,0.6757128805852197,0.6673195830205128,0.6799632464668017,0.562752310969276,0.6408928956738721,0.7001978706138987,0.7568930988766069,0.5060814751270198,0.6939399240034008,0.4459402605003187,1.2666715708119733,0.5506098335324872,0.7808116397657813,0.6990501702330577,0.5839545760413524,0.3586923466313556,0.5714777888876483,0.5419020945630797,0.5186756071335756,0.4881021054118145,0.5172965643231525,0.5884831395909652,0.5739526087169076,0.5296596303944179,0.4872874969672147,0.6033706315476245,0.5313441161207695,0.5335836674795081,0.5715738795850716,0.4540239051082188,0.09115369868192405,0.5263182914568999,0.47825339072707007,0.2100164411960775,0.5644154757508449,0.09176131149135103,-0.031494547904721705,0.014172746546523498,0.022267137412945698,-0.00191541755842331,-0.01684453126577114,-0.09267704079823683,0.11421224258517747,0.07198099953238961,-0.0036355586818099606
0.5183303671876737,0.645625661181728,0.5642659643410929,0.48854148547216014,0.44010120880375886,0.5542727896725449,0.5014594990280749,0.49959144402490474,0.5667256248778082,0.4367304081646838,0.4956049642172741,0.46994611425192856,0.5351107181131519,0.5258396073166464,0.5129660530625167,0.49011290130853763,0.48184639375414734,0.5092022478424677,0.5235408853071694,0.5478510010940147,0.5009660739948987,0.544390174920318,0.46068490599006284,0.5731934574851643,0.5506098335324872,1.3999536722438606,0.6708415985333749,0.3957909728256123,0.680086778841205,0.6902118345155398,0.6998464565054127,0.760983742770405,0.5993947987043572,0.5099367269593028,0.769019025011113,0.875527047469832,0.7042787178729588,0.6424635632526922,0.6200681781077644,0.6663087964212212,0.720548883650155,0.6539652548353843,0.5923600206055653,0.6156203966338378,0.1783293121200806,0.7370680502126058,0.45165116885320167,0.6552667890914117,0.8529183706279011,0.053276919625924166,-0.07611443998071878,0.2040652763568334,-0.01780766440599946,0.0029802291532988667,-0.08116991432448604,-5.448349177140077e-5,0.05818586223899891,-0.028492639959709434,-0.03178468173230606
0.7188027204702233,0.796276805796482,0.7489045301875609,0.7025609527672897,0.6982901953781472,0.7393673044480873,0.8332084762821493,0.7969320332934735,0.9931221750957361,0.7123951823635061,0.6760064523534349,0.8381819917668383,0.7644974511953523,0.770264968873014,0.8478764052064844,0.705877491628887,0.7456402081999188,0.7564924613398897,0.7628327259474998,0.7535867324082729,0.836312815171764,0.5325993534967094,0.8709137082328037,0.45003016730531836,0.7808116397657813,0.6708415985333749,2.9079532369502505,0.730389120658612,0.7985117087652287,1.0496649943841363,0.6590123192722163,0.7457156164885487,0.5047918452982414,0.4180679242100099,0.4890336839713685,0.5684819060471445,0.6848938606414359,0.5989511314552949,0.5920660787288484,0.6127918831011682,0.6767713563953947,0.6018583986850955,0.6353625050848263,0.5277599048356054,0.1538064754116093,0.7644491342727271,0.49481511852038484,0.7138370246588662,0.8677787218250792,-0.05388169120858166,-0.0643453584216355,0.40218812063977777,-0.08650665102357509,-0.0023900618906533,-0.2532624165655198,-0.06797380212011889,0.13082874448274204,0.0347167354491204,0.08662913951318765
0.8566539856193648,0.7832897077524963,0.7282784012881919,0.6920646266481295,0.7385679534246175,0.796437377417223,0.7350350485501985,0.7175725432814662,0.6410343554860348,0.9704631517408832,0.7529379926170416,0.8615183515157432,0.6765547088956515,0.7688490974258826,0.7538868697686786,0.724499600706922,0.7444290168657908,0.7329948124724528,0.7044070797965994,0.7085078132527673,0.7452300079484608,0.6175178004857736,0.7624360748066737,0.4998342371385003,0.6990501702330577,0.3957909728256123,0.730389120658612,1.5009022738626572,0.6283509573010962,0.478784482529008,0.6691157688398935,0.5432351269244603,0.4499304568062063,0.3839552412751726,0.432409521220815,0.47639654210579335,0.5762329112843965,0.430076979270597,0.46683156962840194,0.504646205401068,0.5306101526095036,0.4974479627987502,0.5899765204027003,0.4377454876965028,0.10142754292215543,0.5791072033522671,0.39336930631573847,0.4190856559393056,0.6501042890342494,0.01160166162866294,0.012942982723230662,0.05779603662231405,0.04373855198781198,-0.07798500848292958,0.019387476023365057,-0.07491750737308468,-0.027286611409013912,0.10013603942409012,0.14069952433708868
0.5170825060220121,0.8062171217108273,0.7069144438415713,0.7655580884067955,0.5856351725785487,0.6605474497852108,0.6483785109274701,0.6384292763049765,0.7507353732099309,0.5519320095188547,0.6181443753941044,0.6147948042994752,0.7403914190045566,0.6695471383919978,0.6999739197738786,0.7409693626608049,0.712546866485888,0.680320506323123,0.6388041135969648,0.6454241319016435,0.6939827143390417,0.6736145758052955,0.6754000522229248,0.7688337494582324,0.5839545760413524,0.680086778841205,0.7985117087652287,0.6283509573010962,2.3844194710941427,0.6735100690482304,0.7515370951332598,0.8971247390265067,0.5605861047221494,0.3427072542707823,0.47524869485164056,0.5767530906662601,0.8645552034753894,0.5032969139612095,0.5790469883100202,0.6571512080224093,0.6310820385848632,0.6364282368173793,0.6768204693710165,0.5076622983097505,0.13909822314923442,0.6190519799907057,0.5034689505506111,0.6802482727297995,0.9621675756652335,-0.06819590028787693,0.10765899119809991,0.1335857259249698,0.08655815044272719,-0.05505698070384115,-0.16068411797921092,-0.020418048833044464,0.13884619284106034,-0.014901839978182368,-0.09844051936554593
0.6285196984916918,0.5075189082581351,0.533757587425555,0.6263988051107583,0.4569885131093821,0.4520105687168941,0.5045603780820122,0.5265507107422058,0.7093880923996617,0.4093390902822333,0.4252813058189242,0.46137588403404856,0.5153386264905667,0.4432625393877173,0.5577016332346934,0.5577408680156561,0.5220998908241546,0.6936189864129056,0.5985118335535113,0.5503073887614737,0.6522703448684423,0.6088886377502567,0.40047092895821224,0.8145066114427605,0.3586923466313556,0.6902118345155398,1.0496649943841363,0.478784482529008,0.6735100690482304,3.3092832684018765,0.276370109414747,0.8393757140333223,0.5754266804090648,0.4606903666584207,0.8047625037188496,0.8227922327419542,0.6180782994109161,0.6184526684119164,0.8659255455919302,0.5170252853737602,0.6907329095507864,0.6715554429562024,0.7083607589726636,0.44936804084800824,0.22202399525083166,1.0588691717694967,0.30597293046792534,0.9341478040882331,1.0112065168923783,0.06481845315725367,-0.008249162525209412,0.10956493645084549,0.002792748673741173,-0.10842066735904266,-0.3070958658175844,0.0034103374479585676,0.17420879349090068,-0.04488860742496886,0.15195220176681296
0.6759265930941161,0.7143268793464171,0.7013328979053989,0.5902769585581213,0.49010573415235437,0.667785747429057,0.6628861028851175,0.6206760142842669,0.547174731468032,0.6408451951179935,0.6526992083189206,0.7678748049409535,0.6909139201536915,0.9329722428004034,0.6611532438929609,0.58277333571494,0.5727916394314255,0.6348544865280323,0.6732394663654827,0.4935594287428438,0.518965747157545,0.6132878000180088,0.10642958665532423,0.5951327402380667,0.5714777888876483,0.6998464565054127,0.6590123192722163,0.6691157688398935,0.7515370951332598,0.276370109414747,3.0352550365072593,0.6337112394970965,0.6383359470632959,0.43035337210686136,0.12159988208922079,0.4825155443004694,0.8257303353172968,0.5349192091662642,0.5382813596477664,0.5639636885419099,0.692967241738144,0.6482743483421352,0.5060985653703155,0.5685167859950767,0.07220419891355316,0.25774306930502816,0.8826844840159649,0.5915044730535597,0.48003150367091996,-0.07474633699458849,0.017666851611839948,0.15999046216440024,-0.025910445985895078,-0.013073715872879667,0.17790484783387053,-0.18989857099363314,-0.11942333354710352,0.036452134217238974,0.3146551116577787
0.3965574421614955,0.734094223928125,0.537772339191382,0.6590698668466217,0.5768897920192272,0.5821803018150048,0.6158932521101759,0.5847676866818521,0.6305549785308769,0.5240553645765113,0.5530362635020385,0.5265885672141221,0.6396801049969013,0.5954250302836933,0.662418799597025,0.5986661470358741,0.5969731903778257,0.6651974630164318,0.5706852934805002,0.6028842976831637,0.6602811315652783,0.5314757814717673,0.5280406248098795,0.6172911215399146,0.5419020945630797,0.760983742770405,0.7457156164885487,0.5432351269244603,0.8971247390265067,0.8393757140333223,0.6337112394970965,2.0722400606677582,0.6385509292955633,0.47559616149506245,0.8584576878302987,0.905222705355875,0.9057523454017161,0.831179878816989,0.6882470239984683,0.7063852451602918,0.894024339835122,0.8549700814159356,0.6684308249634695,0.8379890554677487,0.17071669975242718,0.7324881491099008,0.4232294432593822,0.4446999477269661,0.4149005511538675,0.033382232187277955,0.009723753289045955,0.7780322250032259,-0.19634690106627167,-0.026701323415598333,-0.11609986120324443,-0.0033449594434687446,0.09692569447344056,-0.06772598952932261,0.027735288283074977
0.5223182900230662,0.567355410382028,0.5201256426957853,0.5300799776590739,0.44391312160138746,0.5169329810661245,0.56124495510019,0.5209392584000305,0.5482673623910586,0.4775464609964411,0.49569437555244206,0.4568550901370185,0.5275200115385127,0.5118427749915673,0.513061794841339,0.5351426574668389,0.5480398043887452,0.5142544520152905,0.4775000421026755,0.4835441212427691,0.4960066895218309,0.3944811755747773,0.44318335926213953,0.43302554183355735,0.5186756071335756,0.5993947987043572,0.5047918452982414,0.4499304568062063,0.5605861047221494,0.5754266804090648,0.6383359470632959,0.6385509292955633,1.3181956678212183,0.8315924958581733,0.5209808439726352,0.7884292312041169,0.9593009407310398,0.6571724610533146,0.6351022020500406,0.7114823391008162,0.6890016513689342,0.6719270129703357,0.7039797697220351,0.5844444905176115,0.15748707238236626,0.6933240373505272,0.392824284741369,0.49965473658061127,0.4039353570845609,0.034620666013442436,-0.11718788686453883,0.20548174983205758,-0.021934236136362053,-0.022581668606874834,-0.0005551296639520249,-0.018507850844937817,0.002107729135898129,0.07885958269771012,0.05920159870208846
0.6191241063287989,0.5050431252816543,0.40168045888937826,0.4861460583026189,0.35665411100478445,0.4147010756070737,0.4653503905973998,0.42999098423045984,0.40869908993624826,0.39691415582295186,0.41960893543618244,0.3994895114831977,0.43529743971693285,0.43992385992223326,0.403468244608772,0.4327892115710135,0.4378300894382631,0.38035631391610963,0.40621352844427994,0.37148899751377057,0.4179090484755714,0.24657381843167336,0.44807708183870826,0.3273451256926924,0.4881021054118145,0.5099367269593028,0.4180679242100099,0.3839552412751726,0.3427072542707823,0.4606903666584207,0.43035337210686136,0.47559616149506245,0.8315924958581733,1.4373389270985066,0.5967795020514282,0.9397881301320413,0.5077892162578447,0.8671664376119359,0.7339263671119801,0.5825612651621888,0.6222131504088403,0.7691770905175239,0.6986605589369193,0.43231377652897396,0.16110009072940823,0.7067177076641619,0.3793305227304596,0.3693414215762756,0.2246111814231063,0.1506628533188479,-0.2620565863414346,-0.17213325945585264,-0.08270462507553147,0.12437497944452519,0.0335361560638302,0.005742747549702956,-0.04869359872398468,0.15943499189374485,-0.030041559344341957
0.5478156882798652,0.6088724912159399,0.43721621345214284,0.603761021192703,0.5054953636312219,0.48827205803632484,0.5112913461641884,0.5478537253499958,0.6121637120273427,0.47223924982610693,0.4976832257375503,0.421379800171604,0.5795519113308455,0.47850383978833766,0.5197408140019704,0.544253843119448,0.5481614609551549,0.5527073632500055,0.5035107402165304,0.5626432808798413,0.6121379622101666,0.4612850235132854,0.7095967179358293,0.5460181777268838,0.5172965643231525,0.769019025011113,0.4890336839713685,0.432409521220815,0.47524869485164056,0.8047625037188496,0.12159988208922079,0.8584576878302987,0.5209808439726352,0.5967795020514282,2.899737328003728,1.044229225984291,0.5506721694022163,0.8224985752197901,0.8157396558279026,0.5278666790071037,0.8981167704151205,0.761148659698339,0.7671535938970013,0.843208542787377,0.1813164885398299,0.9491674351153767,0.25789784012756733,0.7626284039275386,0.718021910105278,-0.1601661696212167,-0.18970286400491487,-0.016623156991525837,0.2289056999116166,-0.049696527527378846,-0.16299644295649365,-0.011521321779529603,0.0694726586862668,0.0296705442124203,0.07608134779719457
