0.5996928782688195,0.24759407794533264,0.27527983221732827,0.12923388335857167,0.15800903145334735,0.1257873146429826,0.1742509517615586,0.15708090710413627,0.11577177818205897,0.11841413612415072,0.12909038336567413,0.13370449262738485,0.1531293015723648,0.13250096792758603,0.12081508439293319,0.13763169044581,0.11922059183965325,0.137279291249986,0.13022224386173772,0.11104691457195279,0.13616786657967636,0.15969226366484146,0.10751335789961391,0.09217518112496798,0.11308527554574627,0.12504810321935445,0.11454546336551309,0.09196396397928568,0.13051198240234752,0.039525145748220136,0.10290435943963243,0.09730891370182981,0.0975124402649333,0.0035964357627624264,0.10584455600442656,0.08761823171281438,0.19278402546449086,0.16201418536330928,0.1336318026154451,0.06533329602860975,0.10566621548013837,0.11998350258894061,0.17618614652033132,0.0328666084921281,0.10489482199614059,0.12729509309846468,0.08831596755915928,-0.008142202293957271,0.04935074717911102,0.12287159571938247,-0.043765772557500617,0.026975205571179668,0.0008203776240203427,-0.04695480029295232,0.04495409314033488,-0.019450020805283047,-0.061887220806716145,-0.07610840189187222,0.09076502907509167
0.24759407794533264,2.2521348639349608,1.2210970189305224,0.3875356050919454,0.147962214530249,0.3441397374436406,0.3536976485965423,0.3612172003020338,0.30977004978082934,0.41457748540755995,0.3612749493614371,0.3127199124881495,0.3671702715032572,0.21333560101692953,0.26442032288864026,0.2722786401925475,0.36977231948671163,0.33480032627222145,0.3217410435647493,0.48059161069134276,0.4094313940200676,0.3478525942558418,0.17239919724828096,0.13932037237706527,0.2526958502369668,0.4365815807917457,0.27190832571457213,0.35104270740536786,0.5353397095541498,0.11399672142062955,0.18002630966960806,0.19875646993800966,0.35114695539282503,0.46694683945253285,0.15797831949582242,0.23891446194648375,0.7291318559711512,0.3806006122397513,0.2736249653160155,-0.03169138329334306,0.3513348038399703,0.30756057650721613,0.42600323972105475,0.06907689192741208,0.5130984770071413,0.3621167757281565,0.4844562158223972,0.01598421588391414,0.3244994213042215,0.1201458105791035,0.023617466620366314,0.2106062318079477,0.0003246725132250926,-0.24669729579417826,-0.06728015113147133,-0.25607459373114727,-0.9457113745014175,1.5409631417381418,-0.5385969420188179
0.27527983221732827,1.2210970189305224,2.240817713769475,0.4605311379641354,0.009746268243157654,0.41395125633880436,0.3671285708655183,0.35827482547897616,0.5464139841195088,0.4786153161238407,0.4624537899179448,0.4044521858148793,0.3797275449966299,0.236742496069825,0.3490658052298225,0.2677750178074773,0.5178346483212148,0.2748170472478609,0.42043796719153814,0.46699719039512644,0.3932908398358189,0.35973892933766094,0.1684051622703737,0.27320944645776996,0.33836155160428993,0.36458236233844665,0.3347223134727337,0.4316507742118228,0.4746518818245351,-0.14216704361430688,0.34486270544422876,0.2812535324778834,0.3633884592061154,0.4563724556268059,0.14890191897396066,0.33543603955880463,0.6242827575946464,0.7037574744235628,0.4184714113069182,-0.029373506365698403,0.3801053827240512,0.33450802303031146,0.3805783650346526,0.10674566828407066,0.45866099984440245,0.569576664128577,0.5721151197640831,-0.04905812713333711,0.0027939386588230163,0.18142330179602006,-0.027340218249959455,0.48198390755010456,-0.007007497942829858,-0.3731262229429816,-0.07255112272378289,-0.013645745788785274,-0.059738838089169584,0.5735627923431578,-0.6531497992335696
0.12923388335857167,0.3875356050919454,0.4605311379641354,1.6349598240596368,0.19899772769480395,0.2787977382939015,0.3390136604113987,0.23524301416785645,0.21328812627712895,0.33601514511488006,0.3049341273100868,0.3712519400833464,0.3450493157723179,0.31763266950546015,0.27257197480093415,0.3201895351288655,0.314331147242025,0.41178556549617906,0.16449033827992268,0.19608227482442667,0.29974734422165966,0.3527641844093761,0.3286695673592698,0.205197543909945,0.26271589944563745,0.32224603848179884,0.24684435168996433,0.29616889570443267,0.3603941543971144,0.03654767119960621,0.20317782580742494,0.2560271639701037,0.26795901732819205,0.3737482977704375,0.13341695980314242,0.15677780943137135,0.4569103895806626,0.34913031742681994,0.2998984252127742,0.07049254809102366,0.2643249219736768,0.22618306873754143,0.36852226455135645,0.09421035693758469,0.2524671577344942,0.26557085276343206,0.4123179192852262,-0.016207746610466305,0.19108628361384317,0.4670850247781152,-0.19748775858651935,0.42309418443331176,-0.3119675243601867,-0.13176618084773425,-0.14931743021967556,-0.02573677545223968,-0.2114996401395862,0.6002070055859401,-0.35301189407442596
0.15800903145334735,0.147962214530249,0.009746268243157654,0.19899772769480395,0.8568245420351732,0.2933574416759932,0.19531548817706085,0.3257486804985729,0.15019489448086312,0.1282844046824446,0.18691676678856498,0.17412766607731556,0.28306064993597674,0.16854058842661984,0.21390459070858867,0.25638500441892675,0.1667314274588763,0.16877534758844437,0.3520804642357436,0.1845716271811517,0.2226213611218744,0.22788265527114077,0.09288950809402857,0.12857906377012912,0.22565571430665707,0.1818676263288657,0.1471388407342794,0.05581344908146195,0.3625500319664598,0.09183117698886002,0.10451270281744376,0.14212171276003885,0.07527819453892784,0.3870395913413901,0.1734339328914159,0.20989186155037848,0.1979145071662181,0.08684011348186021,0.2757913970429089,0.09458153075920006,0.14959037840899395,0.1890185781777635,0.12332371942806303,0.04150589073182661,0.14712472088257125,0.12358470070055709,0.18809420851132658,-0.021317576398956053,0.20585292875774247,0.22589731052900008,-0.0927020431942338,-0.2358584520102511,0.12229550804769086,0.07161063350052298,0.021897738553575758,-0.0011212842428086503,-0.18011225155608362,0.02725659306457724,0.09348967895385599
0.1257873146429826,0.3441397374436406,0.41395125633880436,0.2787977382939015,0.2933574416759932,0.6615643012192987,0.2187068967969379,0.47499413648666944,0.2666529191099856,0.19266537091421249,0.2854963084593859,0.24897454494134827,0.33207969323771513,0.23521303214563088,0.25464195163464887,0.30969665274269054,0.32833332059303166,0.22997726060674933,0.3596578815526101,0.28866776457011123,0.32362275129171286,0.36463396979738355,0.18504938905754909,0.2114890544289288,0.27581138383948073,0.3129729502887981,0.2575744042366522,0.22400406266795309,0.44416126996163796,0.08913372440317827,0.18745154909846665,0.32666070092297844,0.160220758765549,0.3801219592482878,0.05608819109835901,0.21609444771836783,0.48881813910543703,0.3355094370979748,0.34061756215687194,0.03522538753905026,0.1114099242914802,0.2331958582341711,0.25179243645997024,0.054832281627090716,0.14605272095362312,0.22661682893916532,0.38861139061239935,-0.01106013000023012,0.45842714460483364,0.3231320693538013,-0.33200997820716316,0.16596937538953607,-0.12947609644317437,-0.1282290896033321,-0.0288059318091205,0.009364949887397346,-0.19962275454167488,0.27871965754931605,-0.1469839374313931
0.1742509517615586,0.3536976485965423,0.3671285708655183,0.3390136604113987,0.19531548817706085,0.2187068967969379,0.6029522970190563,0.202535183557471,0.36630298115282517,0.2066242659583667,0.30717160755823797,0.3947283280779799,0.37940043788444217,0.22189484064398837,0.2438033555870196,0.33665782944740547,0.33384432206569864,0.22079899815715442,0.257677390903305,0.2751454461511757,0.31398440099289704,0.3669219921037099,0.19501969110654568,0.22260813107342972,0.24710935237991838,0.2857777404624319,0.26702586626390734,0.23179416863708538,0.36868803938539113,0.12184267913078756,0.19752413557907256,0.29270715969708744,0.23527336170539054,0.37696883436383705,0.1453797227231586,0.2744932551945653,0.31636028264095495,0.270359971461821,0.3510918174175199,0.08779355818466525,0.23735538872303288,0.22727537547185486,0.29343817182644694,0.04283066042671658,0.2441235471789708,0.2845861870476621,0.22268993991966418,-0.02324164387313203,0.2751651509471123,0.15065226781507898,-0.08079976598487945,0.1653814242656046,-0.029161080128386356,-0.15203481278982445,0.1973232504866185,0.028234447265710217,-0.2614930401106804,0.10075231695965094,-0.18380793607015217
0.15708090710413627,0.3612172003020338,0.35827482547897616,0.23524301416785645,0.3257486804985729,0.47499413648666944,0.202535183557471,0.9778828414796731,0.12896463404455633,0.22232067144757722,0.2670488861018124,0.0743244642890648,0.31465619704012154,0.27142415203132897,0.23806941941369253,0.32546632413993304,0.32061438791190094,0.24985401038069388,0.32465518902823015,0.27865258287131744,0.3035649688340581,0.33715095489227737,0.18140519771784377,0.1752578294530928,0.2814139137070077,0.32738270591552177,0.23170825938465375,0.06352789398516939,0.42234199191344884,0.19449701353473275,0.18708558203530748,0.12327307817626991,0.12807178431504945,0.4335881003200091,0.2149367926629173,0.25973166725340363,0.3793050023402534,0.2586203608010518,0.4323063080683455,0.09309184382302958,0.1492913958723702,0.2465812523623389,0.2665180593606175,0.051050796533615314,0.2294485477017078,0.23589712213601907,0.2987389689665705,-0.005182438721864366,0.3287698464967232,0.2454886658627636,-0.17750101235917035,0.050889777815883004,0.03295715210960096,-0.189575697939692,-0.10233492399701327,-0.022744620895532152,-0.21742703519842463,0.41625794906714353,-0.19725078878770108
0.11577177818205897,0.30977004978082934,0.5464139841195088,0.21328812627712895,0.15019489448086312,0.2666529191099856,0.36630298115282517,0.12896463404455633,0.7683530353309092,0.18350602168969202,0.258801446967166,0.2990222362621312,0.24308031169565356,0.2698646800790105,0.26881744984408884,0.2624823341766257,0.3420127826412523,0.13928635935886552,0.2697534065074287,0.30408478075788886,0.27244542888284257,0.222337009742674,0.12131294315784781,0.2630733985208541,0.18876405757641837,0.31665592153001915,0.2454788437319628,0.37145916702676435,0.25560707198482924,0.1034197434402376,0.2515440481899888,0.3275327055937833,0.24289533473566033,0.22943627856101742,0.09062844639297386,0.23990463211215837,0.3342241207376037,0.33443202858617505,0.28047318266902427,0.07589248713243815,0.25340265421967906,0.20501081458671294,0.23692142581559947,0.03907815686566914,0.1726009015682896,0.27163119315384937,0.21836157942792003,-0.02522896312086786,0.20707465908716124,0.011195891447603875,-0.12943162041642112,0.22760420478230672,0.04272033121272811,-0.13528056814493064,0.16638293517403613,0.13051550373487858,-0.056818092006840216,-0.18175432087011745,-0.05605707770707196
0.11841413612415072,0.41457748540755995,0.4786153161238407,0.33601514511488006,0.1282844046824446,0.19266537091421249,0.2066242659583667,0.22232067144757722,0.18350602168969202,0.5355921925367124,0.2314297370550642,0.180902365031691,0.25178344600715846,0.19592839592788047,0.20864467965006064,0.20122605915110678,0.278122806788897,0.21184920091318485,0.18530029004972798,0.18461691840049776,0.19576775296016502,0.2422997031768877,0.229540406986354,0.1726625567388863,0.2510158525530598,0.19549010707407066,0.18121159539096376,0.24850255181222194,0.3427091139456316,0.11192960023639707,0.1355365399496403,0.1196414500974783,0.20258276977598302,0.39598189469218065,0.20004635079415875,0.2053775580714602,0.29499764147832613,0.16483689032264548,0.284313597588451,0.09455474136444951,0.3260812878286127,0.2154683199209848,0.259465902465454,0.05773763562910564,0.20333490133235996,0.2412501100716832,0.41731876529787904,-0.01991402982416845,0.15151737057554496,0.03392279524759373,-0.01957826572522887,-0.00768342844158661,0.06419394920924267,-0.07738578058271728,-0.00969419551907278,-0.05830615939265149,-0.10596753594092988,0.14842296772075753,-0.052829940633122525
0.12909038336567413,0.3612749493614371,0.4624537899179448,0.3049341273100868,0.18691676678856498,0.2854963084593859,0.30717160755823797,0.2670488861018124,0.258801446967166,0.2314297370550642,0.6001905025486711,0.32490863152796096,0.38795528268343044,0.21245122684152873,0.3448583888999579,0.3143465833536395,0.39320850978837135,0.17056429321013997,0.20657460400127448,0.3876806448461329,0.2867904823533936,0.26824028666138994,0.10343326590341431,0.2112477340027492,0.24210898824754515,0.27950870515517073,0.28012238001534673,0.3130897111822436,0.4030936659295314,0.09875473894929412,0.22967343398973009,0.25112448859337283,0.19083944920325147,0.3645072903465761,0.24711716483515023,0.2867688043369643,0.336800132330592,0.3075457646378858,0.3467603780130888,0.11533394685400564,0.2782277439591476,0.26575094108970226,0.24013038222961583,0.03485034052380632,0.22099299177095044,0.2959746041172768,0.24503815086637803,-0.030148374931624214,0.09503015222743882,0.0858655341633499,-0.13641346649601546,0.14234715466291897,0.06195797025932868,-0.1169030494707131,-0.011545331510814954,0.03308768911412214,-0.1313276086723858,0.021010790740080033,-0.0037640214541640807
0.13370449262738485,0.3127199124881495,0.4044521858148793,0.3712519400833464,0.17412766607731556,0.24897454494134827,0.3947283280779799,0.0743244642890648,0.2990222362621312,0.180902365031691,0.32490863152796096,0.6708364492072384,0.2865897014146751,0.22172279613526436,0.22048997516707902,0.3051468643965625,0.2845367553046022,0.28820359237447346,0.20571723912915849,0.21738366059263622,0.27636631940140954,0.3166638342691347,0.24621419449370754,0.20248294482643694,0.23643916551574654,0.29973549438090313,0.28837648279519856,0.14800108155220745,0.3250278155755979,-0.006892983497804672,0.18098851267558747,0.29734214170813894,0.23715119600189224,0.32173780446452116,0.09360533810517642,0.1801050693887677,0.3656139323207395,0.28195392739389935,0.26541411018027805,0.09619580679241543,0.22330390226827926,0.2032733808597064,0.2637956140642043,0.04062039109999765,0.18581325288193606,0.23288092630306478,0.34264871574023664,-0.01815033979590343,0.36007517270865497,0.19968476184221154,-0.12578129801133286,0.1293671477355499,-0.06660568149344981,-0.08011631178793556,0.027808393002927874,0.04459825513303238,-0.11904620641405643,-0.0051178172782043955,-0.0706411027538382
0.1531293015723648,0.3671702715032572,0.3797275449966299,0.3450493157723179,0.28306064993597674,0.33207969323771513,0.37940043788444217,0.31465619704012154,0.24308031169565356,0.25178344600715846,0.38795528268343044,0.2865897014146751,0.7198538151563413,0.26364235495107446,0.1968027330474881,0.37369685698660593,0.3801103492051044,0.19952678555232262,0.3292592036018847,0.28302050980689447,0.3250694386953017,0.563488803116514,0.16629097465496545,0.23034002787247415,0.3072556462048397,0.29184285544073413,0.3064700101797455,0.27013756851894505,0.5073150147718188,0.14720719436975557,0.18419210283889725,0.2641409025746999,0.17019816269845794,0.43435532297385654,0.308889366352425,0.3433212726008095,0.2956695207702059,0.2684975349296577,0.39741243958438166,0.13266000199151076,0.27831421525080685,0.29308665235092224,0.3625438813067626,0.06830646084868677,0.19043600290306745,0.3047082226457159,0.1944108107793492,-0.035779044795318536,0.19300388311186115,0.14885928292544653,-0.1084396582891779,0.07199803772936215,-0.004101322273665802,-0.12670289089814138,-0.03755678477228663,-0.02339916870496494,-0.22088868106581058,0.05088973472238955,0.10464269037852053
0.13250096792758603,0.21333560101692953,0.236742496069825,0.31763266950546015,0.16854058842661984,0.23521303214563088,0.22189484064398837,0.27142415203132897,0.2698646800790105,0.19592839592788047,0.21245122684152873,0.22172279613526436,0.26364235495107446,0.6769409735055788,0.2646377668056785,0.36047267317127696,0.32921233225094904,0.11214139393352139,0.1591252241900478,0.28306111150004726,0.18966983472993795,0.2331990493872379,0.2158823063594214,0.24569753579520784,0.2852029244265333,0.30732287142508635,0.21814452975838686,0.3833926003139826,0.2974407040119971,0.1353038082832114,0.10869499281107971,0.19141923671831287,0.20022169745551063,0.27492881265577485,0.1662965009979576,0.11873794275543255,0.4621073799787151,0.25379697230552184,0.18103932957180396,0.11721851918929961,0.31973904837465966,0.247943180808209,0.3540802174343736,0.05790823994595751,0.05468170874634083,0.1513000911931913,0.2690557151065182,-0.0019891097723315717,0.4979626792917484,0.15130869907229902,-0.18071220121807813,0.12040554040251217,-0.06240284032986107,-0.025510402025738545,-0.3171793387262387,0.019959265726379436,-0.036622918618174786,-0.021042067916478495,0.3851668589092821
0.12081508439293319,0.26442032288864026,0.3490658052298225,0.27257197480093415,0.21390459070858867,0.25464195163464887,0.2438033555870196,0.23806941941369253,0.26881744984408884,0.20864467965006064,0.3448583888999579,0.22048997516707902,0.1968027330474881,0.2646377668056785,0.7308063569992405,0.27055490317469305,0.32535266370293686,0.07665269508873775,0.16488870223901736,0.39277643431345843,0.23340874021309427,-0.010742014570337662,0.07268828137573713,0.1889290393955203,0.21189837688323576,0.23136834578778362,0.2007050472889287,0.36463090290620337,0.3324150832358185,0.16525059531685485,0.1560722685675736,0.1842638989845527,0.19511113356656695,0.2960657357102671,0.17629481175131917,0.20032235153801853,0.37207853006053043,0.22194908524652152,0.2699250316399874,0.07663767792485059,0.2768654649050393,0.21848467857279028,0.10044433792817385,0.027100593714645644,0.1694495726687549,0.19281881801885573,0.264955522582738,-0.032353239853206636,0.26665059868547325,0.2761458388141466,-0.23365620633200615,0.08931696065759173,-0.009530029253080139,0.029553629049321035,0.028099353734607434,0.07218354217323167,-0.1722794040224597,0.07336929566164063,0.004634329915846515
0.13763169044581,0.2722786401925475,0.2677750178074773,0.3201895351288655,0.25638500441892675,0.30969665274269054,0.33665782944740547,0.32546632413993304,0.2624823341766257,0.20122605915110678,0.3143465833536395,0.3051468643965625,0.37369685698660593,0.36047267317127696,0.27055490317469305,0.947063055055114,0.37065474040875046,0.16601865825150852,0.2252796301550475,0.2671618982592539,0.29221694831383177,0.3544049435522343,0.18273798686340334,0.22597486130755237,0.25163028099714196,0.32023048327883485,0.3006183012347058,0.32339486797901223,0.3916578001317425,0.16940929956830536,0.15000001526102794,0.15309870603532438,0.15289932811772078,0.3448537625140957,0.35793232899611777,0.21516255395995726,0.33944832474747066,0.27800169531498686,0.3128303908767245,0.19098298488454696,0.30188116803262144,0.293839482193916,0.35264441799634394,0.051108064764190185,0.15615435465460906,0.1853025513784924,0.22899859782145757,-0.016024692515550217,0.28522382690716225,0.08036509652323282,-0.24364535648724553,0.16209715597759014,0.06268989163052544,-0.05032616108301881,-0.21271723615831864,0.005251653272853371,-0.20655141940751717,0.07915356671183067,0.2821383803849083
0.11922059183965325,0.36977231948671163,0.5178346483212148,0.314331147242025,0.1667314274588763,0.32833332059303166,0.33384432206569864,0.32061438791190094,0.3420127826412523,0.278122806788897,0.39320850978837135,0.2845367553046022,0.3801103492051044,0.32921233225094904,0.32535266370293686,0.37065474040875046,1.0371645641220049,0.11896602659635395,0.2532725005691145,0.49297991288497794,0.3122919180957351,0.31883626370109047,0.12628144515462805,0.2985656913781082,0.3512591098981686,0.29572014454883605,0.34485647849623513,0.814288039430247,0.44371198969239845,0.11136943653583817,0.2835069865253672,0.369580263402828,0.2933624176723665,0.40213669380833517,0.25849193227872463,0.2750708641380695,0.7174947686033328,0.45511731330998856,0.3404345844468445,0.13396720448395844,0.4825355197997976,0.48448226391375543,0.36421394379423977,0.04866661117665412,0.3299244019433799,0.3604103643472728,0.37983067422344374,-0.019203543837489182,0.26236482271826034,0.20358553653246123,-0.15546472431881392,0.11897089016974759,-0.08843229067131435,-0.1492842667792101,-0.27411275462538565,0.07382937818478359,-0.06679371310302853,-0.08615657826092137,0.17522714665884562
0.137279291249986,0.33480032627222145,0.2748170472478609,0.41178556549617906,0.16877534758844437,0.22997726060674933,0.22079899815715442,0.24985401038069388,0.13928635935886552,0.21184920091318485,0.17056429321013997,0.28820359237447346,0.19952678555232262,0.11214139393352139,0.07665269508873775,0.16601865825150852,0.11896602659635395,1.1818007588881343,0.23608799454725146,-0.2476912571331311,0.3523072245176193,0.4921851466975481,0.6454310528680446,0.1388224200731512,0.15511048158432403,0.33486706855719617,0.137352731818333,0.31052023932417105,0.2637482545512311,0.005007313421582834,0.3634952900775863,0.24440114144849123,0.23123081060967837,0.26463816648840854,0.02954025053026686,0.20992188528872846,0.3740195118489169,-0.03181406942018063,0.18540707761363653,0.048068946100650795,0.2591350126260256,0.09993021077219172,0.46433984824011787,0.06617260013860793,0.3304503886695351,0.22574934099894564,0.2086366442238793,-0.0005729502936126642,0.13185981361129367,0.1183070942681436,0.20798086631704954,-0.2002270772530575,-0.1902170682109843,-0.12422358901594197,0.13591634744035488,-0.010980904832314538,-0.14115987074851793,0.17926004578774443,-0.17096047074125698
0.13022224386173772,0.3217410435647493,0.42043796719153814,0.16449033827992268,0.3520804642357436,0.3596578815526101,0.257677390903305,0.32465518902823015,0.2697534065074287,0.18530029004972798,0.20657460400127448,0.20571723912915849,0.3292592036018847,0.1591252241900478,0.16488870223901736,0.2252796301550475,0.2532725005691145,0.23608799454725146,0.8609370334099611,0.2359151569999737,0.3123553730945179,0.30809978461736826,-0.05375504002440898,0.14600732909008907,0.24444861801114165,0.16172749650485638,0.2034558122791594,0.20111887933809056,0.31057577951843585,0.056439204105672144,0.26431153272082175,0.20195622915729483,0.16784973353792187,0.3348329705231557,0.12589882603966138,0.22748706387607226,0.3188289832226723,0.3091446726794768,0.3946709002973928,0.07977991696395727,0.1580384011988296,0.19211901140432946,0.27594539879443064,0.06090490500187937,0.329947404150439,0.2516274795506876,0.28879413485598976,0.015066540735268827,0.03537296714737161,0.23670482301682316,0.05995519820448397,0.3609432550042796,-0.30617061780866434,-0.1679258948771272,0.1049946548703513,0.02397460230236876,-0.09816056205147441,0.18423171028915758,-0.2707099371349222
0.11104691457195279,0.48059161069134276,0.46699719039512644,0.19608227482442667,0.1845716271811517,0.28866776457011123,0.2751454461511757,0.27865258287131744,0.30408478075788886,0.18461691840049776,0.3876806448461329,0.21738366059263622,0.28302050980689447,0.28306111150004726,0.39277643431345843,0.2671618982592539,0.49297991288497794,-0.2476912571331311,0.2359151569999737,1.2928044532498566,0.10333607909799897,-0.026721846600574,-0.23328454342765775,0.24711271091417775,0.2731444914408022,0.33899712617451816,0.39893477872007976,0.4941788962960126,0.3803767044964173,0.1711243016408365,0.26749313522302887,0.27506705236104667,0.3165246731099476,0.3662495778840715,0.20612337067499625,0.08357729531640694,0.7319429700561834,0.5052203047499776,0.3976637397196975,0.17587970021478286,0.3769478138510844,0.24617627992218735,0.28444637026128916,-0.01397863198346746,0.36456321476110165,0.30168715095975956,0.43075566179024505,0.034231832082297575,0.6165376633628971,0.1810678700178368,-0.2658904660374574,0.34848120778343256,0.07394370478655413,-0.13751025433952963,0.03574870949546968,0.08516983987961572,-0.012964555314884106,-0.026344836023612102,-0.09258785456965064
0.13616786657967636,0.4094313940200676,0.3932908398358189,0.29974734422165966,0.2226213611218744,0.32362275129171286,0.31398440099289704,0.3035649688340581,0.27244542888284257,0.19576775296016502,0.2867904823533936,0.27636631940140954,0.3250694386953017,0.18966983472993795,0.23340874021309427,0.29221694831383177,0.3122919180957351,0.3523072245176193,0.3123553730945179,0.10333607909799897,0.7183902975105984,0.4322100259562685,0.26637199175267057,0.17685653784775396,0.2565767026408492,0.15960652595917585,0.20060307318719695,0.24840423318616942,0.45276831364311604,0.10763366419322518,0.2403571442597297,0.21952717185323295,0.1996984893868136,0.3729961164151869,0.3239941986495509,0.30809577376859915,0.30678566089567044,0.29995335937317347,0.39959762216801986,0.1446679299469183,0.22201952546019962,0.3037727449340254,0.364838055582479,0.08094532538016888,0.4032394800505251,0.2356248633558874,0.24158967655784552,-0.028035254564550915,0.07426590422435977,0.143059602035618,-0.08463671872497051,0.11445086239630195,-0.04979386499260595,-0.11552516377996808,0.04877098965492666,-0.017822931377618208,-0.38129923286234463,0.31789154455583185,-0.07561202284021382
0.15969226366484146,0.3478525942558418,0.35973892933766094,0.3527641844093761,0.22788265527114077,0.36463396979738355,0.3669219921037099,0.33715095489227737,0.222337009742674,0.2422997031768877,0.26824028666138994,0.3166638342691347,0.563488803116514,0.2331990493872379,-0.010742014570337662,0.3544049435522343,0.31883626370109047,0.4921851466975481,0.30809978461736826,-0.026721846600574,0.4322100259562685,1.3378783092419604,0.7235983072452506,0.2976029173679511,0.37381263567915557,0.2100245237879329,0.2841990851687524,0.13947902930811182,0.5956594776403721,0.059947346265007896,0.10754755921663825,0.3473331772271385,0.1834250661139569,0.48475533030410706,0.2871001776239988,0.25247108197990586,0.30113697321698096,0.33116699196478555,0.4670207031169188,0.17012158200964428,0.19043982919168045,0.328525142812204,0.7276561759535072,0.10273583544253743,0.16029155999321407,0.29081324775217154,0.19318721737058692,-0.003355249493491088,0.1553136686495208,0.1836767623131669,-0.0888391408246542,0.04123729802633746,-0.057579678070318684,-0.19116886063471644,-0.010918672312836995,-0.031024805720844643,-0.3268002015499104,-0.08836331986351595,0.3127486298530287
0.10751335789961391,0.17239919724828096,0.1684051622703737,0.3286695673592698,0.09288950809402857,0.18504938905754909,0.19501969110654568,0.18140519771784377,0.12131294315784781,0.229540406986354,0.10343326590341431,0.24621419449370754,0.16629097465496545,0.2158823063594214,0.07268828137573713,0.18273798686340334,0.12628144515462805,0.6454310528680446,-0.05375504002440898,-0.23328454342765775,0.26637199175267057,0.7235983072452506,1.8405293642518388,0.4185679650171123,0.4692885472225872,0.04546062404539747,0.1367093913365122,0.078039861936867,0.5941732011250567,0.019365038605471934,-0.3298356087943164,0.2721482233482989,0.32317854367243376,0.40195807520269455,-0.05379310351289972,0.05692343680661701,0.2904637201183372,0.013554091261658744,0.4002689867318417,0.12867985916488284,0.14865292864622065,0.133154583618353,0.47807083618063756,0.062141986429829606,-0.1422757547987055,0.14516618908124765,0.22624507045107492,0.0528986994991371,0.39305936224081534,0.3444736369531838,-0.14231372099182313,-0.13983629024347205,0.007460516171361276,-0.06490004861856706,-0.01270520001748169,0.014684801286914188,-0.3667068756615048,-0.3775234113317536,0.6977935537581998
0.09217518112496798,0.13932037237706527,0.27320944645776996,0.205197543909945,0.12857906377012912,0.2114890544289288,0.22260813107342972,0.1752578294530928,0.2630733985208541,0.1726625567388863,0.2112477340027492,0.20248294482643694,0.23034002787247415,0.24569753579520784,0.1889290393955203,0.22597486130755237,0.2985656913781082,0.1388224200731512,0.14600732909008907,0.24711271091417775,0.17685653784775396,0.2976029173679511,0.4185679650171123,0.623085022240919,0.270839006825262,0.14048885022437296,0.22805364304245376,0.27385242253520453,0.26658401278416183,0.2139379396243684,0.23128014046313602,0.42816477605772124,0.2775398792159126,0.17105168200859708,0.1577494131531073,0.23763338873766301,0.48684824615410877,0.42066498705449046,0.2601331655663692,0.12857657070367295,0.23863988854691295,0.2841769438894011,0.4379551009129951,0.07806027363656873,0.09282001010097307,0.2632522613788836,0.21645324957844075,-0.026901260365429856,0.22292186530803307,0.16229533508624594,-0.23305355001760078,0.13796663516531918,0.028681316992979045,-0.09609388504391103,0.08935559617239346,0.07095950998015517,0.04771031291149325,-0.8741440373830454,0.6853219107321274
0.11308527554574627,0.2526958502369668,0.33836155160428993,0.26271589944563745,0.22565571430665707,0.27581138383948073,0.24710935237991838,0.2814139137070077,0.18876405757641837,0.2510158525530598,0.24210898824754515,0.23643916551574654,0.3072556462048397,0.2852029244265333,0.21189837688323576,0.25163028099714196,0.3512591098981686,0.15511048158432403,0.24444861801114165,0.2731444914408022,0.2565767026408492,0.37381263567915557,0.4692885472225872,0.270839006825262,1.501284196117152,0.02755804742620213,0.27441154434577797,0.11476120822880359,0.8627795815701119,0.4297971253169781,-0.11031152396709144,0.14968231150398018,0.19787397562482426,0.6770703388983512,0.4325944107062466,0.36214952621675683,0.37538216467857466,0.44350065356751806,0.5284451171128476,0.1393817083343989,0.25983010418395697,0.34342914802814817,0.30761761793587195,0.10028643340156052,0.2743897807560852,0.4363510446370541,0.32799044477610284,-0.14027736060663057,-0.0032574034030851203,0.16364069018034083,-0.15664931796125775,0.04125374085536666,0.11566539662289943,-0.059175121633112636,-0.06093619971240207,0.029933498964642313,0.016270051058196684,-0.2257018355729312,0.16541621594244738
0.12504810321935445,0.4365815807917457,0.36458236233844665,0.32224603848179884,0.1818676263288657,0.3129729502887981,0.2857777404624319,0.32738270591552177,0.31665592153001915,0.19549010707407066,0.27950870515517073,0.29973549438090313,0.29184285544073413,0.30732287142508635,0.23136834578778362,0.32023048327883485,0.29572014454883605,0.33486706855719617,0.16172749650485638,0.33899712617451816,0.15960652595917585,0.2100245237879329,0.04546062404539747,0.14048885022437296,0.02755804742620213,1.4192556864601815,0.21407358454781342,0.53626368967477,0.050460950707215776,0.03984902251707683,0.2897016544564336,0.35440498326792746,0.3242022785996707,0.29291789139240654,0.05904438850305769,0.1905172710476663,0.258750386430706,0.1155854485000222,-0.1360961813089574,0.0064616226334216235,0.45336150526974456,0.1789345369509827,0.2208366193474407,-0.007600949234586808,0.1678782491981996,0.17624198216766176,0.1270749391136079,0.010831319853066866,0.7400323466259905,0.11106121120203614,-0.2289775482062791,0.03802399138591638,-0.19290902864069034,-0.05025805435001645,-0.019767668147098825,-0.034404803179509176,-0.11695673367314662,0.5010157643676915,-0.3327874488453357
0.11454546336551309,0.27190832571457213,0.3347223134727337,0.24684435168996433,0.1471388407342794,0.2575744042366522,0.26702586626390734,0.23170825938465375,0.2454788437319628,0.18121159539096376,0.28012238001534673,0.28837648279519856,0.3064700101797455,0.21814452975838686,0.2007050472889287,0.3006183012347058,0.34485647849623513,0.137352731818333,0.2034558122791594,0.39893477872007976,0.20060307318719695,0.2841990851687524,0.1367093913365122,0.22805364304245376,0.27441154434577797,0.21407358454781342,0.8905121971764413,0.4128303187171556,0.29100018735366684,0.08125059918129066,0.213833346117325,0.5006204550075777,0.3727882470613308,0.2512225074620242,0.03565527916297627,0.26067068409073335,0.4948685209027585,0.35788017290042173,0.23265825626598308,0.0805376972066856,0.3089504146754387,0.23528618962587572,0.32349405985885016,0.012699963867669516,0.10344550353724348,0.3600512589331603,0.1918120417902219,-0.04065189776440519,0.4187267458700447,0.13169722438267797,-0.23005845813542075,0.24647291685199255,0.031535059314413534,-0.12664962477863034,0.03699335191627439,0.03291552876626523,-0.005279373197901285,-0.27833911341724565,0.20059169687745523
0.09196396397928568,0.35104270740536786,0.4316507742118228,0.29616889570443267,0.05581344908146195,0.22400406266795309,0.23179416863708538,0.06352789398516939,0.37145916702676435,0.24850255181222194,0.3130897111822436,0.14800108155220745,0.27013756851894505,0.3833926003139826,0.36463090290620337,0.32339486797901223,0.814288039430247,0.31052023932417105,0.20111887933809056,0.4941788962960126,0.24840423318616942,0.13947902930811182,0.078039861936867,0.27385242253520453,0.11476120822880359,0.53626368967477,0.4128303187171556,2.180180420842899,0.13248217931919554,0.09200242280839598,0.3790932601663029,0.5793863172881881,0.5049804920688332,0.19171923258468648,-0.045229368363264126,0.16958994879899406,0.704592219930569,0.1574017043255623,0.058138155068841006,-0.0031463562637585162,0.8540330111089502,0.2523242904427303,0.41458066013492706,0.016738876814754645,0.11279233382300587,0.2983625210933137,0.1639736154228974,0.0322994247392362,0.6633895160421026,-0.0790600285904699,-0.15597802631048277,0.31383970867979505,-0.19262924671830986,-0.08475517201283637,0.017884509958389035,0.051050094190165776,0.08226560144560598,-0.17584281430204957,0.3261344649444991
0.13051198240234752,0.5353397095541498,0.4746518818245351,0.3603941543971144,0.3625500319664598,0.44416126996163796,0.36868803938539113,0.42234199191344884,0.25560707198482924,0.3427091139456316,0.4030936659295314,0.3250278155755979,0.5073150147718188,0.2974407040119971,0.3324150832358185,0.3916578001317425,0.44371198969239845,0.2637482545512311,0.31057577951843585,0.3803767044964173,0.45276831364311604,0.5956594776403721,0.5941732011250567,0.26658401278416183,0.8627795815701119,0.050460950707215776,0.29100018735366684,0.13248217931919554,2.1059027489982505,0.24308389795546836,-0.23846673141123487,0.31744996480269283,0.0731736824614655,0.9870996399646832,0.4094928167274801,0.8319867409570035,-0.07585729934161636,-0.03699091550892331,0.7320323228260244,0.14136758721349718,0.5797183551359266,0.260413239507794,0.11523123634404572,-0.00765540069110288,0.2767129156730827,0.4016064396268379,0.1197903073968208,-0.17143337878967999,0.3625332737949629,0.2613017242169539,-0.2106938007485482,-0.1392367083175388,0.02203479797751291,0.0007730972231336678,-0.16797794712655725,0.023601133987189857,-0.4861967963119702,-0.0975859918982422,0.4942952603998433
0.039525145748220136,0.11399672142062955,-0.14216704361430688,0.03654767119960621,0.09183117698886002,0.08913372440317827,0.12184267913078756,0.19449701353473275,0.1034197434402376,0.11192960023639707,0.09875473894929412,-0.006892983497804672,0.14720719436975557,0.1353038082832114,0.16525059531685485,0.16940929956830536,0.11136943653583817,0.005007313421582834,0.056439204105672144,0.1711243016408365,0.10763366419322518,0.059947346265007896,0.019365038605471934,0.2139379396243684,0.4297971253169781,0.03984902251707683,0.08125059918129066,0.09200242280839598,0.24308389795546836,2.939739375346816,0.2013742457994762,0.2025496986293455,-0.02706661998630321,0.10515358788356165,0.4128802507580007,0.9674386784762035,0.02053932768882235,0.0903091270339347,0.49249330541190345,0.05553850757329948,0.32680623163094064,0.16005386206632613,0.15081533769103297,0.12593341506464226,0.24410072112552456,0.3816514981576667,-0.09972658001053822,-0.22995103285543078,0.47702576268744085,-0.41966080283281054,-0.05563022059927608,-0.6005460508750678,0.6723562215759527,-0.0406884612305423,-0.057714341768103854,-0.06425539620820807,-0.27698888137794336,1.1199382580886545,-0.7233903510352813
0.10290435943963243,0.18002630966960806,0.34486270544422876,0.20317782580742494,0.10451270281744376,0.18745154909846665,0.19752413557907256,0.18708558203530748,0.2515440481899888,0.1355365399496403,0.22967343398973009,0.18098851267558747,0.18419210283889725,0.10869499281107971,0.1560722685675736,0.15000001526102794,0.2835069865253672,0.3634952900775863,0.26431153272082175,0.26749313522302887,0.2403571442597297,0.10754755921663825,-0.3298356087943164,0.23128014046313602,-0.11031152396709144,0.2897016544564336,0.213833346117325,0.3790932601663029,-0.23846673141123487,0.2013742457994762,1.3198575253300102,0.28096462746677253,0.21621206078579322,0.010382603792239395,0.3683096913709686,0.29425649081548544,0.7536788125073024,0.5545929733606261,0.14983775224940973,0.07757594438232343,0.25492680257799555,0.35313297402836835,0.43785054847714205,0.12581171111110226,0.487665178141395,0.381729597859612,0.31895223440209375,-0.03859173937196701,-0.06933088963370283,0.03069449849644207,-0.07454358119157344,0.11748099182639063,-0.027411929811681356,-0.1939909002714238,0.3075689894188936,0.06008676486589161,0.36018285571769604,-0.3924980823622048,-0.23602358385394479
0.09730891370182981,0.19875646993800966,0.2812535324778834,0.2560271639701037,0.14212171276003885,0.32666070092297844,0.29270715969708744,0.12327307817626991,0.3275327055937833,0.1196414500974783,0.25112448859337283,0.29734214170813894,0.2641409025746999,0.19141923671831287,0.1842638989845527,0.15309870603532438,0.369580263402828,0.24440114144849123,0.20195622915729483,0.27506705236104667,0.21952717185323295,0.3473331772271385,0.2721482233482989,0.42816477605772124,0.14968231150398018,0.35440498326792746,0.5006204550075777,0.5793863172881881,0.31744996480269283,0.2025496986293455,0.28096462746677253,2.4914811742239302,0.5345421324532038,0.06292977764427568,-1.2872054075696833,0.4739892443842351,0.6142332587167084,0.5564987823313211,-0.10986768467368098,-0.3595270354674905,0.04942093991396522,0.023536942830555185,0.08028366833996305,-0.016879265939375984,-0.3571978480899735,0.45581768320312094,0.0359622763664769,-0.12605463838990066,1.1238562820556244,0.2821781097567449,-0.40262478240041777,0.36610230653028947,-0.1827123206665012,-0.18421109253536969,0.10065886002008184,0.0520487644871326,0.10520343977797271,-0.8189255074812544,0.47545464803260856
0.0975124402649333,0.35114695539282503,0.3633884592061154,0.26795901732819205,0.07527819453892784,0.160220758765549,0.23527336170539054,0.12807178431504945,0.24289533473566033,0.20258276977598302,0.19083944920325147,0.23715119600189224,0.17019816269845794,0.20022169745551063,0.19511113356656695,0.15289932811772078,0.2933624176723665,0.23123081060967837,0.16784973353792187,0.3165246731099476,0.1996984893868136,0.1834250661139569,0.32317854367243376,0.2775398792159126,0.19787397562482426,0.3242022785996707,0.3727882470613308,0.5049804920688332,0.0731736824614655,-0.02706661998630321,0.21621206078579322,0.5345421324532038,1.5283830566602077,0.13983566469683342,-0.3144414386074197,-0.08326886300765986,0.8649441727132529,0.395432584477497,-0.10299532181939412,-0.18542117644980155,-0.09596665094508774,0.19002725195168063,0.20191314232324611,0.05352075377747798,-0.1376202438897241,0.27621305756495135,0.7037113386400845,-0.010454660597085287,0.8045398148384852,0.32872568646308603,-0.4088828030490741,0.3422086365292069,-0.16918032411387066,-0.12319271496544124,0.20176358174974462,-0.015419401540959506,-0.13157443651167003,0.03228263984332964,-0.08239655336592402
0.0035964357627624264,0.46694683945253285,0.4563724556268059,0.3737482977704375,0.3870395913413901,0.3801219592482878,0.37696883436383705,0.4335881003200091,0.22943627856101742,0.39598189469218065,0.3645072903465761,0.32173780446452116,0.43435532297385654,0.27492881265577485,0.2960657357102671,0.3448537625140957,0.40213669380833517,0.26463816648840854,0.3348329705231557,0.3662495778840715,0.3729961164151869,0.48475533030410706,0.40195807520269455,0.17105168200859708,0.6770703388983512,0.29291789139240654,0.2512225074620242,0.19171923258468648,0.9870996399646832,0.10515358788356165,0.010382603792239395,0.06292977764427568,0.13983566469683342,1.883937738779923,0.3606553181263336,0.4384219492033595,0.2424510235551214,-0.0007909377364541431,0.6147169031742584,0.015198927657576864,0.4765955241308802,0.3187206400816836,0.4379860422552546,0.08856266131893059,0.40768669987039613,0.26382930371008206,0.5938050370185025,-0.023205319654866954,0.42691142788459596,-0.1603270475146982,0.020198859858338022,-0.0335754476672431,0.17975012603188698,-0.11016593270431621,-0.04856601054273462,0.018758196577067586,-0.43414169968372524,0.38187383027432553,-0.06490252503306963
