2.417345145852505,0.9421496692207343,1.206336949772758,0.023662457838656805,0.1923630023720751,0.3740257178661916,0.4517187251326388,0.39924039922674326,0.19133008192978415,0.38597782944617104,0.34892331410470945,0.389165023974983,0.18713473164719313,0.43316518868865883,0.45029744190832943,0.3234345675151978,0.1543426458083006,0.4441839916389886,0.20138927601313417,0.18217663793447378,0.22522686309176232,0.26508115170642554,0.346218199592228,0.20247128044413706,0.4041654414528799,0.2290601737897985,0.2321880388197067,0.11524386227600195,0.3891824666106316,-0.06957732031454598,0.26828762411306195,0.30695019345228786,0.1638275658489783,0.49446966620742966,0.14963904875989048,0.25734167270960046,0.3672337692250477,0.15619859894060728,0.2706572062651133,0.08710057175225268,0.32552285035082273,0.20334897619695166,0.18872840740172206,0.10477020481326667,-0.026252345885648058,0.4753757884808831,0.38216659499272837,0.00867820195484919,0.09939648627691954,-0.021803711275091897,-0.020140931239487514
0.9421496692207343,4.758842746335506,0.7169617447454663,-0.3566707490032288,0.08735138853907522,0.30484226882169685,0.06839468707136712,0.23906921141841084,0.029150907313464015,0.30004878618038255,0.16555213351852732,0.225242068733453,0.10070206173126726,0.08655197587896263,0.4221230170563365,0.0853291007613442,0.087697343348182,0.2899938811829097,0.035447144174080486,0.19077739066654556,0.25155846295883033,0.03908598665484571,0.18975198843189478,0.06684540540146297,0.24562255198827004,-0.06926218133165853,0.13183711746631477,0.09953366572091332,0.16344555945134157,-0.03871806942201074,0.1749427962209219,0.0950385388591195,0.11485679918246754,0.30868483282730325,0.08351023844500209,0.13360003929604966,0.2884342820422545,0.11546007457039754,0.2616200670910802,0.10013231142370563,0.1859587052273222,0.20761840931042827,0.1516215904523899,0.06278750002542072,0.12307405843648296,0.30055278407973735,0.29380953174682384,0.012731307085231394,-0.2526839295276176,0.08219006914480113,-0.03743264438753432
1.206336949772758,0.7169617447454663,2.716231209827152,0.14048811497881275,-0.28774462112555166,0.4613099273084492,0.3431703796790698,0.7274717875846511,0.31426755259462014,0.7062793591455869,0.4802074578298817,0.42739543684816883,0.275469117465186,0.42784045862129855,0.4952570846765938,0.32055959894511377,0.3510551270994065,0.5141565956887946,0.17768996181188074,0.3943109911797594,0.3184428513958643,0.32174710355982367,0.35667285537574606,0.278724924455127,0.4835444637166013,0.45670069491429255,0.3172203170415555,0.2626257650602755,0.43375286991641454,-0.33349675792266814,0.3810098692583586,0.36577031271715665,0.22519850675396286,0.8901746794204588,0.29930306492573194,0.37449524228382397,0.7175791982338361,0.26734977316025893,0.2831458249728374,0.05006483082353323,0.4617046649724681,0.3247048499635519,0.2868325882686015,0.19615501761173232,0.1597242712992387,0.7029482373306529,0.680092030764947,0.013617285550704477,-0.06118491488895577,-0.08284286206182286,-0.06803050741061022
0.023662457838656805,-0.3566707490032288,0.14048811497881275,1.7220867580459829,0.5730623212793055,0.36578599739769213,0.456836023223172,0.3101929691365834,0.06788422540611008,0.1951150910327028,0.2695976952039396,0.32560590368408204,0.12298831357245239,0.416817964027547,0.3071072267747691,0.3268154607320303,0.15780083628617003,0.22960575642420558,0.2849869811437367,0.22092275187553437,0.1633721656635655,0.17457602014228726,0.18761158187606947,0.20343033958019321,0.2794625346519163,0.3003816927709892,0.19485679920159316,0.15338125336421066,0.17808934404238674,0.11420466993366556,0.19771401030482552,0.29198497922287825,0.17782396029797698,0.3114924055779039,0.17531485449760573,0.20497396708920726,0.22534237852706032,0.153031628652704,0.19002807868861235,0.11694853219569415,0.31080593072225593,0.17132100357107055,0.15448678955809395,0.0623995500719102,-0.0920494420680225,0.3193145134763028,0.22939342483854055,0.026920614301295553,0.21941794120671487,0.008187119421758269,-0.055004165018947185
0.1923630023720751,0.08735138853907522,-0.28774462112555166,0.5730623212793055,1.1557367239613476,0.4893811927940471,0.22658505906897927,0.17265123185655595,-0.016798067301699228,0.1285505346453948,0.22525773271743557,0.30487295641590684,0.12832911552009424,0.3132262407634611,0.4694284485374959,0.2963609766031346,0.12025724684714892,0.23638531500380267,0.43125455170502836,0.21847183156935165,0.16036386109978118,0.11174754144582333,0.1791150281528618,0.15987397722175195,0.2691720510664701,0.12724269344461706,0.1680386763284576,0.1430543365504618,0.19203509138577082,0.23824197877201458,0.18677070209009045,0.2288559657510786,0.20539751097935616,0.14012141612661297,0.1176810173995671,0.19604352763220415,0.14176427305620165,0.15167864243007032,0.2463326572489405,0.15265160544760512,0.3014452389677966,0.1614855340074905,0.11569051012658264,0.01997421874408557,-0.1262293695069381,0.3356602401471497,0.179245171723957,0.029787654248468493,-0.0038417597017462372,0.02918708862975801,-0.043373300356563206
0.3740257178661916,0.30484226882169685,0.4613099273084492,0.36578599739769213,0.4893811927940471,0.7698352706645254,0.16490790844611225,0.4111412278017746,0.07972101082639022,0.2249248676901331,0.3054830119692162,0.3595156879881773,0.1502941114429439,0.3220564572948754,0.41365847797370575,0.31747689511727745,0.24819817226800642,0.2839079997460272,0.3811340295196582,0.3105252742756209,0.22899987622539827,0.1857617895377878,0.1962393362624577,0.2027165676860414,0.341470187394956,0.31283118067977594,0.20700517865556814,0.2019387106662768,0.3083955122747282,-0.0013338992068575068,0.23927327149782338,0.2715273653075013,0.1832184035525658,0.3873579806578547,0.1784294553741758,0.17547943856265694,0.3843517509307972,0.2042236339968699,0.2343058837708192,0.14689786459365933,0.34168779885452916,0.2327466465169574,0.1921314195968356,0.038279270420528116,-0.028035282970273925,0.4302785775046049,0.42590194412241733,0.057825269623239105,-0.007639720330877165,-0.018786255339659934,-0.00010156860298310452
0.4517187251326388,0.06839468707136712,0.3431703796790698,0.456836023223172,0.22658505906897927,0.16490790844611225,1.0709896354368078,0.38011072048218264,0.19907795605144282,0.1434515694605058,0.3529409028835298,0.35431779307106664,0.11018147462078354,0.2925192919592675,0.08065348934331447,0.27932977843893525,0.16504587327006487,0.296173549172906,0.15113958703323285,0.07166483654452188,0.13580586407270512,0.2213304935922817,0.2243301729162857,0.1412087280100938,0.23981524820445418,0.3544408515696574,0.17811408967741732,0.11660200826773193,0.11389267036536639,0.11079502698939223,0.17933161321666477,0.24852133230329337,0.14958554105710725,0.14523678379219715,0.1231471186954079,0.27015535824556797,0.09118667258478205,0.07814615540627355,0.23916399880543265,0.11580822326302628,0.23582254466419855,0.13852632538384313,0.10820741299080329,0.05872986050017332,-0.11873815276202195,0.2920193182859169,-0.06129558658477851,-0.010863435939776239,0.24409491568288294,-0.016814348019221968,-0.003681798015458594
0.39924039922674326,0.23906921141841084,0.7274717875846511,0.3101929691365834,0.17265123185655595,0.4111412278017746,0.38011072048218264,1.1920535410185598,-0.055195424299607325,0.3746429679313276,0.39601382011860364,0.18895317004735432,0.1540391212489965,0.36693903792534516,0.31215885382489106,0.31812094566442695,0.27211794128354466,0.3200917032026203,0.26789436282208345,0.4168583653529253,0.22120673653064318,0.1682535352524739,0.18606635647584238,0.1907011076779367,0.40085046471179975,0.4500938610457583,0.2333903338182272,0.26958160255669644,0.3226124037954443,0.03880142407298385,0.257809254826933,0.2816003492284618,0.1893403079443918,0.4794061646391349,0.2646023265648481,0.18155956356605157,0.5337501394022401,0.2505912660803241,0.3282262415489892,0.16492631164188978,0.395751915551864,0.23335523284439524,0.24556660877126305,0.1238938808068012,0.010347248751864383,0.43374207016390326,0.5340507783954511,0.06213465714432032,0.20660324102137298,0.04070396207637852,-0.005468363026797663
0.19133008192978415,0.029150907313464015,0.31426755259462014,0.06788422540611008,-0.016798067301699228,0.07972101082639022,0.19907795605144282,-0.055195424299607325,1.0362114370917652,-0.027568075131558283,0.06313901842205542,0.012071868077098523,0.14283907457051875,0.09356636291949581,-0.09323376908239796,0.03713722949575975,0.10466177756186186,0.10864862887110184,-0.10171715168105856,0.01785065607494727,0.08720818718741526,0.3862305964854577,0.1460005230040241,0.08783305033984547,-0.008744280092345817,0.44904069410602954,0.07710533171106253,0.07252360561630931,0.18197551741024243,-0.012053286835596245,0.04868533997884123,0.15628103311647534,0.07337238803124793,0.19027962351843183,0.09358133471768249,0.03088911882626462,0.16595527691467202,0.029053247732479477,-0.013989937367163757,-0.004223573824504141,0.04046695272331761,0.08688142895056339,0.11719073352832107,0.07477316064443539,-0.07443943330177968,-0.02897337601870378,0.1238449345065513,0.012962991845653797,0.9237474587287262,-0.014168157523340054,0.003663533312317721
0.38597782944617104,0.30004878618038255,0.7062793591455869,0.1951150910327028,0.1285505346453948,0.2249248676901331,0.1434515694605058,0.3746429679313276,-0.027568075131558283,0.9767203427379483,0.2441592824606698,0.2692905713038557,0.20785553900783402,0.3483565325928306,0.42491961082355245,0.2548857194810448,0.20329191255399362,0.3675960621763475,0.12891417231185712,0.34334547519748326,0.22759575177566457,0.16998471176631416,0.30215549659542645,0.24936195166754543,0.32905231217189107,0.1498822863998009,0.23612693692156836,0.22136367186410247,0.352898904786799,0.10596839742371207,0.27437937937604384,0.2508520682551127,0.2195483839843238,0.5590383376570279,0.29176211570827004,0.22963187010238892,0.5193020777052864,0.21129253006100382,0.3238621152319906,0.1826321897223261,0.4282151201107881,0.22784907089619325,0.23024383463434317,0.1084187454784705,-0.008577969806704555,0.4759148419308782,0.6336167456224507,0.04183532946603653,0.1488596215202169,-0.0055884411084453816,-0.05153272453795072
0.34892331410470945,0.16555213351852732,0.4802074578298817,0.2695976952039396,0.22525773271743557,0.3054830119692162,0.3529409028835298,0.39601382011860364,0.06313901842205542,0.2441592824606698,0.6636829429720085,0.37757662451764007,0.1580675554646351,0.2737670193628191,0.407211587033876,0.28561263085926836,0.3026821783618843,0.3100978526948425,0.20524911920346708,0.2963154244218043,0.22709530301252248,0.15697961199069832,0.2186873370231967,0.2167957083587005,0.31487836400109415,0.3147049002963056,0.22527219902468307,0.2750853733766907,0.22856177146133425,0.05630972012011696,0.2756617563317068,0.24407051289770526,0.18842675308528906,0.32707409176795194,0.31130019801905895,0.24223349206657172,0.3676892155482589,0.1882026745562244,0.29380215689073674,0.18651099855378064,0.32869938958507,0.2398565538424553,0.17445815239577037,0.06622329936974881,-0.005817869105590696,0.4214877624073401,0.32138153514132534,0.03609935378294501,0.05095241830536768,-0.019244189022859733,-0.013501953963634896
0.389165023974983,0.225242068733453,0.42739543684816883,0.32560590368408204,0.30487295641590684,0.3595156879881773,0.35431779307106664,0.18895317004735432,0.012071868077098523,0.2692905713038557,0.37757662451764007,0.7788982404318806,0.1766096348443831,0.37369108528084005,0.3785245824494651,0.3975099603030185,0.2828666391138256,0.2835275704578598,0.26701231479583004,0.21963269893858278,0.21785536917136872,0.16737260760962389,0.20321550356559306,0.18002687314328183,0.3678154420845239,0.25853922931439166,0.27503486232210594,0.21133239771474205,0.1627347012372645,-0.03373564557268152,0.260528622272671,0.32255733232210704,0.2193105706639909,0.3592199897822919,0.18429197439951156,0.22873825866871608,0.29707978191322004,0.15863615243372894,0.2433523191871882,0.14670481258473025,0.29602742715887376,0.22782459658695117,0.17032113567736454,0.04053377429385185,-0.07389881854578298,0.40051653173204643,0.3246195191911778,0.02711141285675526,0.008865147978759324,-0.04845565670493377,-0.017509205159592096
0.18713473164719313,0.10070206173126726,0.275469117465186,0.12298831357245239,0.12832911552009424,0.1502941114429439,0.11018147462078354,0.1540391212489965,0.14283907457051875,0.20785553900783402,0.1580675554646351,0.1766096348443831,0.5487284200712143,0.13319189552009736,0.15923059663248346,0.20223602325724432,0.18463904844250256,0.2082804412798363,0.09171755509341481,0.11047199684396002,0.13745309890944002,0.23020212712758975,0.16296635016469266,0.134335751493838,0.17943076170697986,0.1010274130481409,0.180849839666544,0.16054420555416996,0.3332110946807597,0.07917032429360583,0.14947335164542488,0.1829099183329318,0.07698047737918814,0.24060237545058177,0.23168711813689896,0.16297677247859432,0.2175117393530286,0.06736367901820353,0.21830684428609257,0.11682639339307695,0.16434787169398607,0.14137948061296823,0.14167784989965723,0.11108937228289127,-0.02647868283182919,0.25467214225098994,0.26787886173512093,-0.004181831416446826,0.1657839500234812,-0.02358015868254638,-0.0029551500224304127
0.43316518868865883,0.08655197587896263,0.42784045862129855,0.416817964027547,0.3132262407634611,0.3220564572948754,0.2925192919592675,0.36693903792534516,0.09356636291949581,0.3483565325928306,0.2737670193628191,0.37369108528084005,0.13319189552009736,0.9001035557141789,0.4016448777948451,0.5344120205254066,0.20987891223146288,0.22724092947824634,0.24596907384924444,0.3223392648917048,0.24200772613695962,0.2654260478056473,0.22406375016933136,0.235806698763078,0.39051408792381936,0.4336244053691167,0.2971570568442277,0.2210810601168042,0.3386609942132724,0.0933386009223679,0.2553716754140113,0.491475217950964,0.23132001963477547,0.5152272481010693,0.27516705573230155,0.2046320088947116,0.46464206145870296,0.22121565066298815,0.11745129913742075,0.12032110046194246,0.44835864163383554,0.24803677244141206,0.27194722875419236,0.0719687159133826,-0.121869106850842,0.3805681158827758,0.5679945642854283,0.049155467772687436,0.6455510422581231,0.025166934295000987,-0.04871318724112455
0.45029744190832943,0.4221230170563365,0.4952570846765938,0.3071072267747691,0.4694284485374959,0.41365847797370575,0.08065348934331447,0.31215885382489106,-0.09323376908239796,0.42491961082355245,0.407211587033876,0.3785245824494651,0.15923059663248346,0.4016448777948451,1.6659778199299755,0.2348625441921449,0.2036725935103525,0.4762125590864989,0.3431917689674931,0.35765830493958434,0.2703954161332463,0.0010158997689424635,0.21507748660090575,0.22606202762457275,0.5348500407132087,0.06741902603923011,0.25595327487150665,0.2571019947388047,0.3659649069428746,0.22852789354532205,0.3180587956929939,0.2558327671047514,0.2459161612856704,0.44484249908016843,0.2743027237622701,0.3518426169882056,0.3153276080640015,0.19665551933046224,0.3428503611904875,0.17201857312757307,0.4768875860137867,0.2637541665031968,0.16179226856850093,0.03359021245231759,-0.059324923138664255,0.6344891884605708,0.4008640739757162,0.014523935794202658,-0.27268319038963346,0.003687933063440565,-0.07277668944965979
0.3234345675151978,0.0853291007613442,0.32055959894511377,0.3268154607320303,0.2963609766031346,0.31747689511727745,0.27932977843893525,0.31812094566442695,0.03713722949575975,0.2548857194810448,0.28561263085926836,0.3975099603030185,0.20223602325724432,0.5344120205254066,0.2348625441921449,0.749664532989504,0.31850930120168947,0.18214426805250966,0.2579023232139022,0.31649575813698316,0.24337469809344087,0.323586569464112,0.08395304368611828,0.207918483705406,0.3540623900304152,0.36970510871894824,0.3139565182452785,0.27643323909125983,0.38550331936049353,0.1159242667312566,0.25220522528900746,0.3984719925716258,0.1769619854294157,0.37308740035273624,0.30640718297249053,0.20895658226637245,0.443741624926408,0.20257048567707092,0.17720299514291382,0.16582735124052111,0.3676251876994489,0.2617682208166181,0.2536277201071094,0.043002175820566785,-0.023810642580488168,0.3554715681405461,0.47645218177606696,0.03251809965777765,0.4107722260986583,0.0040889467534091185,0.0003964933941253157
0.1543426458083006,0.087697343348182,0.3510551270994065,0.15780083628617003,0.12025724684714892,0.24819817226800642,0.16504587327006487,0.27211794128354466,0.10466177756186186,0.20329191255399362,0.3026821783618843,0.2828666391138256,0.18463904844250256,0.20987891223146288,0.2036725935103525,0.31850930120168947,1.0023106195564229,0.029561323866634702,0.18764609957876796,0.5088674114743383,0.41554931076092516,0.2006126559121334,0.13363933217129356,0.3084439726959481,0.30135244011088597,0.28099984658377575,0.2674164844539798,0.7167950678117423,0.18773703119516164,0.13663085384801021,0.32492009124642995,0.21839449562248128,0.4556063368762783,0.33190125001397425,0.5326283731254869,0.19629593550591953,0.8159303360203197,0.3068042857263812,0.305305513915304,0.3109741619685233,0.42337943873030054,0.5021359984558107,0.29692549866273754,-0.028648084818523222,0.13792869857196385,0.48956740192605325,0.6685102796344528,0.09418803350840951,0.12358029136698873,-0.11852508261148108,0.03023133078610231
0.4441839916389886,0.2899938811829097,0.5141565956887946,0.22960575642420558,0.23638531500380267,0.2839079997460272,0.296173549172906,0.3200917032026203,0.10864862887110184,0.3675960621763475,0.3100978526948425,0.2835275704578598,0.2082804412798363,0.22724092947824634,0.4762125590864989,0.18214426805250966,0.029561323866634702,1.213718129727732,0.18467838322616442,-0.03368945997993133,0.09436071638911156,0.17277908649504437,0.654596355933387,0.1357420718552488,0.38504856583073876,-0.1828564826709843,0.22047951025698295,0.1284356842981073,0.2824215166956815,0.0187849004484304,0.2699614887147709,0.14865236735144127,0.18327931946696416,0.33966169894306236,0.16134160853802845,0.28880944187146096,0.18974663680402554,0.008764401604810113,0.45178045895761126,0.1607614763012879,0.19599121642972936,0.05182432580431,0.18205725985958865,0.10382365370900451,-0.041671831780037374,0.4387120541699333,0.2586226950369542,-0.034637382846342574,-0.2400649648075399,-0.07075891438633616,-0.03814516842817204
0.20138927601313417,0.035447144174080486,0.17768996181188074,0.2849869811437367,0.43125455170502836,0.3811340295196582,0.15113958703323285,0.26789436282208345,-0.10171715168105856,0.12891417231185712,0.20524911920346708,0.26701231479583004,0.09171755509341481,0.24596907384924444,0.3431917689674931,0.2579023232139022,0.18764609957876796,0.18467838322616442,0.7372138377282872,0.17340505611132612,0.16638588898919,0.08578532747510709,0.033443561777271015,0.11981515122974626,0.24446623541580245,0.025920950945649033,0.15306606141277412,0.211708728625002,0.12549564778004604,0.2144030392222646,0.19867052965317913,0.1767969776569086,0.248735069305702,0.08250535026117882,0.11384586687902681,0.241870643396885,0.17866207209651153,0.15084238935135125,0.2648609689193233,0.11116982787401558,0.32542947811546885,0.15849384742715397,0.09021478451892181,-0.0022914763708741736,-0.04579812633892652,0.4070226170077471,0.10620174111844881,0.020428969602315473,-0.3394246993717448,-0.007870274637762482,-0.023783635822412025
0.18217663793447378,0.19077739066654556,0.3943109911797594,0.22092275187553437,0.21847183156935165,0.3105252742756209,0.07166483654452188,0.4168583653529253,0.01785065607494727,0.34334547519748326,0.2963154244218043,0.21963269893858278,0.11047199684396002,0.3223392648917048,0.35765830493958434,0.31649575813698316,0.5088674114743383,-0.03368945997993133,0.17340505611132612,1.6565766781863356,0.3996958433467953,0.1408962817723213,-0.15129719818311185,0.3286640670917632,0.277233567099863,0.2845149102351503,0.4318906836211927,0.4812694913139225,0.24069473267884525,0.5412464744955849,0.43384515081379965,0.28429370433838086,0.3381095669072253,0.46065694335323554,0.43782932257793955,0.27565699623178336,0.9646653101915968,0.7613194121461461,0.5083456089950897,0.38812361137328644,0.45006967335753223,0.41952106369395215,0.5958986982645431,0.2347522485679842,0.555878158517153,0.4901404901983069,0.46331147569644876,0.0765934258331953,0.35151389857327797,0.036552342063202736,-0.040678439733952965
0.22522686309176232,0.25155846295883033,0.3184428513958643,0.1633721656635655,0.16036386109978118,0.22899987622539827,0.13580586407270512,0.22120673653064318,0.08720818718741526,0.22759575177566457,0.22709530301252248,0.21785536917136872,0.13745309890944002,0.24200772613695962,0.2703954161332463,0.24337469809344087,0.41554931076092516,0.09436071638911156,0.16638588898919,0.3996958433467953,0.7987168751980536,0.1800664397154564,0.044091604692994404,0.2273263978230711,0.22280763555154412,0.3766865774157467,0.21180515159085767,0.2602098081619114,0.223951609222208,0.1830413290232582,0.32395587162287504,0.2630698411310797,0.29472901143773966,0.32684171583833865,0.24758230313722604,0.3261843163261778,0.6531943494456315,0.27183014570556324,0.2529521525096235,0.2650505849964421,0.4942550250020994,0.6632031747550459,0.3216311808841189,-0.0821087475542069,0.25158683469172044,0.4785418103511196,0.5538523492026326,0.05189037223344424,0.0008757289370609059,0.014239576848285189,0.002539295183093872
0.26508115170642554,0.03908598665484571,0.32174710355982367,0.17457602014228726,0.11174754144582333,0.1857617895377878,0.2213304935922817,0.1682535352524739,0.3862305964854577,0.16998471176631416,0.15697961199069832,0.16737260760962389,0.23020212712758975,0.2654260478056473,0.0010158997689424635,0.323586569464112,0.2006126559121334,0.17277908649504437,0.08578532747510709,0.1408962817723213,0.1800664397154564,0.9928860426740039,0.2373870308570932,0.17765948441612114,0.17188376604587977,0.28533202462053275,0.20371023113098968,0.13452317501623295,0.4790491272461064,0.029945147528775248,0.14404295168493467,0.3160083007333561,0.08278854725420481,0.37483740778069974,0.18711047838154407,0.09931453216700646,0.3195931870458349,0.108957342827768,0.18055010302646293,0.10149419996157598,0.1614653125612322,0.1880642975758167,0.2813141886909918,0.08704507595197138,0.008620571138086099,0.15901389819176903,0.39115640044509326,0.022208287072013656,0.6939956405560045,-0.015368597785562179,0.010757185633679368
0.346218199592228,0.18975198843189478,0.35667285537574606,0.18761158187606947,0.1791150281528618,0.1962393362624577,0.2243301729162857,0.18606635647584238,0.1460005230040241,0.30215549659542645,0.2186873370231967,0.20321550356559306,0.16296635016469266,0.22406375016933136,0.21507748660090575,0.08395304368611828,0.13363933217129356,0.654596355933387,0.033443561777271015,-0.15129719818311185,0.044091604692994404,0.2373870308570932,2.0009350987803645,0.5125946844723114,0.5168495942460205,-0.17817957586321276,0.004007795928037435,0.17782003060996482,0.41625184325113185,-0.06392198040608485,0.08504581042005674,0.10169864619482255,0.31088181531920284,0.6395302571367509,0.09659533567675802,0.03212034973952753,0.41100752665749213,-0.1162929679610681,0.5033288260540562,0.24977451240467052,0.16750420981888745,0.08836850663923855,0.15263553792197887,0.1395359816675101,-0.38901190787808565,0.458587078924001,0.6433245742526034,0.0962455633613607,0.4260452165149483,-0.03186952802473511,-0.030176584482958284
0.20247128044413706,0.06684540540146297,0.278724924455127,0.20343033958019321,0.15987397722175195,0.2027165676860414,0.1412087280100938,0.1907011076779367,0.08783305033984547,0.24936195166754543,0.2167957083587005,0.18002687314328183,0.134335751493838,0.235806698763078,0.22606202762457275,0.207918483705406,0.3084439726959481,0.1357420718552488,0.11981515122974626,0.3286640670917632,0.2273263978230711,0.17765948441612114,0.5125946844723114,1.324527860194127,0.2873938681301579,0.18052843064674381,0.10763139242022893,0.292856891985019,0.27841269250264694,0.16940264069758773,0.3484729615541164,0.18406557083189043,0.29752124643974714,0.30847127910173583,0.21144778001152567,0.23748061771518783,0.49033683764938857,0.19186725065204407,0.23137493157849773,0.22217505743417806,0.4248275311780089,0.24464535103378313,0.15565021066946205,-0.03077355946356681,-0.1455227522237857,0.4764464951550672,0.44116377523043226,0.04702506718327675,0.3649745650605984,-0.024495099576552645,0.006784975535233494
0.4041654414528799,0.24562255198827004,0.4835444637166013,0.2794625346519163,0.2691720510664701,0.341470187394956,0.23981524820445418,0.40085046471179975,-0.008744280092345817,0.32905231217189107,0.31487836400109415,0.3678154420845239,0.17943076170697986,0.39051408792381936,0.5348500407132087,0.3540623900304152,0.30135244011088597,0.38504856583073876,0.24446623541580245,0.277233567099863,0.22280763555154412,0.17188376604587977,0.5168495942460205,0.2873938681301579,0.9260943414079884,0.2309219129653977,0.2265106281644146,0.2594175548126029,0.5847476968005921,0.13179700994856164,0.2886129556317873,0.27579923284700797,0.20319368821443676,0.5472878379467131,0.3081700911753501,0.23415145931668965,0.5427430093694479,0.19068791985327782,0.31898047129496127,0.1867127738047117,0.37074013859229465,0.247310533212625,0.20377515267643243,0.09011803595196516,0.0036456463255412205,0.566166365687507,0.5860126064850985,0.032934787917109416,0.07274652538360442,-0.04467258227184253,-0.028009516000554333
0.2290601737897985,-0.06926218133165853,0.45670069491429255,0.3003816927709892,0.12724269344461706,0.31283118067977594,0.3544408515696574,0.4500938610457583,0.44904069410602954,0.1498822863998009,0.3147049002963056,0.25853922931439166,0.1010274130481409,0.4336244053691167,0.06741902603923011,0.36970510871894824,0.28099984658377575,-0.1828564826709843,0.025920950945649033,0.2845149102351503,0.3766865774157467,0.28533202462053275,-0.17817957586321276,0.18052843064674381,0.2309219129653977,4.037576405525183,0.18469522997975682,0.1543940079152806,0.5711824565126883,-0.41493885873111014,0.10534020420315905,0.7156756358222826,0.1804127606595338,0.6692606062330216,0.2739523137534056,0.26538827889780836,0.7554267990995465,0.29660818219984664,-1.6287296773646176,-0.18938393536855966,0.8124222672357919,0.43751286861156974,0.19487085477750998,-0.33676690231570466,-0.5964978100697723,0.3698634844727135,0.6656529529908684,0.16905293698273197,2.405992561469973,-0.018754696564377386,0.05934246708801808
0.2321880388197067,0.13183711746631477,0.3172203170415555,0.19485679920159316,0.1680386763284576,0.20700517865556814,0.17811408967741732,0.2333903338182272,0.07710533171106253,0.23612693692156836,0.22527219902468307,0.27503486232210594,0.180849839666544,0.2971570568442277,0.25595327487150665,0.3139565182452785,0.2674164844539798,0.22047951025698295,0.15306606141277412,0.4318906836211927,0.21180515159085767,0.20371023113098968,0.004007795928037435,0.10763139242022893,0.2265106281644146,0.18469522997975682,1.0699242277911791,0.2720704617726757,0.0196290831532534,0.2389197271540584,0.3249064655656599,0.2852696061113117,0.18234884251267083,0.29875462782693174,0.3046347331385508,0.38581733743836466,0.3771898433390692,0.23115058370512506,0.25428560017140867,0.15057567010423248,0.23586690471004887,0.22479909067890555,0.5127792147088885,0.23134024943808512,0.12116848212218587,0.2307257380181481,0.23754036861216096,-0.04264658350404443,0.2917816512732539,0.013370702798105557,-0.015044906918253402
0.11524386227600195,0.09953366572091332,0.2626257650602755,0.15338125336421066,0.1430543365504618,0.2019387106662768,0.11660200826773193,0.26958160255669644,0.07252360561630931,0.22136367186410247,0.2750853733766907,0.21133239771474205,0.16054420555416996,0.2210810601168042,0.2571019947388047,0.27643323909125983,0.7167950678117423,0.1284356842981073,0.211708728625002,0.4812694913139225,0.2602098081619114,0.13452317501623295,0.17782003060996482,0.292856891985019,0.2594175548126029,0.1543940079152806,0.2720704617726757,1.645305768119267,0.010388958145621687,0.2684442499549725,0.3109497845345883,0.174051838440111,1.0022737789262128,0.035134833289533186,0.9183444561449968,0.07454628154581629,0.9737632716567459,0.30710901778929045,0.3080963353755773,0.4295595120694354,0.41543893710516483,0.2680097379350109,0.3013097703553987,-0.06524075751593486,-0.09229423503622869,0.5407604124254267,0.5537314466586802,0.14711090718989456,0.3712183102358277,0.00819379498846754,-0.002598432146394114
0.3891824666106316,0.16344555945134157,0.43375286991641454,0.17808934404238674,0.19203509138577082,0.3083955122747282,0.11389267036536639,0.3226124037954443,0.18197551741024243,0.352898904786799,0.22856177146133425,0.1627347012372645,0.3332110946807597,0.3386609942132724,0.3659649069428746,0.38550331936049353,0.18773703119516164,0.2824215166956815,0.12549564778004604,0.24069473267884525,0.223951609222208,0.4790491272461064,0.41625184325113185,0.27841269250264694,0.5847476968005921,0.5711824565126883,0.0196290831532534,0.010388958145621687,4.500948496540781,0.43438624099017215,0.05573621604660737,0.3513774981195318,0.12037059386186535,0.31503365340543926,-0.05639465372274523,0.3327231144822921,0.5447831817180698,0.015225273216766583,-0.11270370305158521,0.1471085147240803,-0.0636777304497213,0.20750126942889133,-0.1186006206679325,-0.5251327302688648,0.31721076927080244,0.6127565238139387,1.2329782647417147,-0.15371874601094226,1.5373308278146676,-0.07331818895209849,0.031046426980178517
-0.06957732031454598,-0.03871806942201074,-0.33349675792266814,0.11420466993366556,0.23824197877201458,-0.0013338992068575068,0.11079502698939223,0.03880142407298385,-0.012053286835596245,0.10596839742371207,0.05630972012011696,-0.03373564557268152,0.07917032429360583,0.0933386009223679,0.22852789354532205,0.1159242667312566,0.13663085384801021,0.0187849004484304,0.2144030392222646,0.5412464744955849,0.1830413290232582,0.029945147528775248,-0.06392198040608485,0.16940264069758773,0.13179700994856164,-0.41493885873111014,0.2389197271540584,0.2684442499549725,0.43438624099017215,3.1124925227346245,0.2603937996705651,0.04096738013557734,0.25098956903221525,-0.9112050500568959,0.3973099933599153,0.6539617496570407,0.3739461138544919,0.3452665849357654,0.8379650704450838,0.3293239117756164,0.6043785642075501,0.18295882569074937,0.453766208894499,0.3891796370443269,0.4822969205271972,0.24164495479454762,0.01328852119522245,-0.15442513090489618,0.46059428788897133,0.04796791364033908,-0.01733197256081178
0.26828762411306195,0.1749427962209219,0.3810098692583586,0.19771401030482552,0.18677070209009045,0.23927327149782338,0.17933161321666477,0.257809254826933,0.04868533997884123,0.27437937937604384,0.2756617563317068,0.260528622272671,0.14947335164542488,0.2553716754140113,0.3180587956929939,0.25220522528900746,0.32492009124642995,0.2699614887147709,0.19867052965317913,0.43384515081379965,0.32395587162287504,0.14404295168493467,0.08504581042005674,0.3484729615541164,0.2886129556317873,0.10534020420315905,0.3249064655656599,0.3109497845345883,0.05573621604660737,0.2603937996705651,0.879184270677636,0.2097775015634074,0.2262596324805028,0.2775565273038058,0.3457819010271084,0.619123726983377,0.6493089217573507,0.3321509795105111,0.45516963711945513,0.2584594533359702,0.6209419014160066,0.3170876235900095,0.22889125758233556,0.07465213931432137,0.15768526870712818,0.7090828414333209,0.3287183737549372,-0.03916682982656633,-0.43395098007264804,-0.02746487923519315,-0.01738096921769347
0.30695019345228786,0.0950385388591195,0.36577031271715665,0.29198497922287825,0.2288559657510786,0.2715273653075013,0.24852133230329337,0.2816003492284618,0.15628103311647534,0.2508520682551127,0.24407051289770526,0.32255733232210704,0.1829099183329318,0.491475217950964,0.2558327671047514,0.3984719925716258,0.21839449562248128,0.14865236735144127,0.1767969776569086,0.28429370433838086,0.2630698411310797,0.3160083007333561,0.10169864619482255,0.18406557083189043,0.27579923284700797,0.7156756358222826,0.2852696061113117,0.174051838440111,0.3513774981195318,0.04096738013557734,0.2097775015634074,0.7089446726998535,0.19648184176063585,0.4646615884371865,0.19925787070763082,0.24620049017490633,0.3455767855611772,0.21628088108129434,-0.06831277803686023,0.06474504277629523,0.4130810404105507,0.26021087302660456,0.1939826455569998,0.007817009666045857,-0.18543597001385267,0.3389958535010618,0.4680084559286229,0.030537524361174618,0.7236262024087635,0.0032407733016126725,-0.017797245934365814
0.1638275658489783,0.11485679918246754,0.22519850675396286,0.17782396029797698,0.20539751097935616,0.1832184035525658,0.14958554105710725,0.1893403079443918,0.07337238803124793,0.2195483839843238,0.18842675308528906,0.2193105706639909,0.07698047737918814,0.23132001963477547,0.2459161612856704,0.1769619854294157,0.4556063368762783,0.18327931946696416,0.248735069305702,0.3381095669072253,0.29472901143773966,0.08278854725420481,0.31088181531920284,0.29752124643974714,0.20319368821443676,0.1804127606595338,0.18234884251267083,1.0022737789262128,0.12037059386186535,0.25098956903221525,0.2262596324805028,0.19648184176063585,2.9502423748724333,-0.8087654846699468,-0.5044572237131293,0.14755906071355895,0.9144677143936922,0.29421726543941296,0.04375606626222748,0.20200996745494149,0.34991141422176264,0.26765923782511597,0.20327309784854483,-0.6661214458208448,-1.07144576786115,0.8267850246619944,0.369358352211598,0.05150370331964273,0.9772319735755924,-0.01093214192492818,-0.036744460601840674
0.49446966620742966,0.30868483282730325,0.8901746794204588,0.3114924055779039,0.14012141612661297,0.3873579806578547,0.14523678379219715,0.4794061646391349,0.19027962351843183,0.5590383376570279,0.32707409176795194,0.3592199897822919,0.24060237545058177,0.5152272481010693,0.44484249908016843,0.37308740035273624,0.33190125001397425,0.33966169894306236,0.08250535026117882,0.46065694335323554,0.32684171583833865,0.37483740778069974,0.6395302571367509,0.30847127910173583,0.5472878379467131,0.6692606062330216,0.29875462782693174,0.035134833289533186,0.31503365340543926,-0.9112050500568959,0.2775565273038058,0.4646615884371865,-0.8087654846699468,3.7738388938370444,0.8562389585903102,-0.1564492838250286,1.2774242458583285,0.301083191795929,-0.08753501076327146,-0.16108169634097594,0.530250188485569,0.4390397469369435,0.411003663445458,0.5957683909695102,0.09019721597023228,0.24843839849002375,1.5373337756691048,0.3224722539268674,1.5386980827689938,-0.017715786881825887,-0.04889442022677464
0.14963904875989048,0.08351023844500209,0.29930306492573194,0.17531485449760573,0.1176810173995671,0.1784294553741758,0.1231471186954079,0.2646023265648481,0.09358133471768249,0.29176211570827004,0.31130019801905895,0.18429197439951156,0.23168711813689896,0.27516705573230155,0.2743027237622701,0.30640718297249053,0.5326283731254869,0.16134160853802845,0.11384586687902681,0.43782932257793955,0.24758230313722604,0.18711047838154407,0.09659533567675802,0.21144778001152567,0.3081700911753501,0.2739523137534056,0.3046347331385508,0.9183444561449968,-0.05639465372274523,0.3973099933599153,0.3457819010271084,0.19925787070763082,-0.5044572237131293,0.8562389585903102,2.7195428269333646,-0.04623579156234197,0.8258553058916874,0.2874230245358982,0.3998061188509327,0.6852522828354817,0.5553448390607201,0.3207035713544038,0.3708855706529251,0.4619379892510479,0.5572922497624794,0.40410897899940107,0.7112456628687848,0.2595670701715034,-0.11012506189400523,-0.042256240074974666,-0.01790546865996268
0.25734167270960046,0.13360003929604966,0.37449524228382397,0.20497396708920726,0.19604352763220415,0.17547943856265694,0.27015535824556797,0.18155956356605157,0.03088911882626462,0.22963187010238892,0.24223349206657172,0.22873825866871608,0.16297677247859432,0.2046320088947116,0.3518426169882056,0.20895658226637245,0.19629593550591953,0.28880944187146096,0.241870643396885,0.27565699623178336,0.3261843163261778,0.09931453216700646,0.03212034973952753,0.23748061771518783,0.23415145931668965,0.26538827889780836,0.38581733743836466,0.07454628154581629,0.3327231144822921,0.6539617496570407,0.619123726983377,0.24620049017490633,0.14755906071355895,-0.1564492838250286,-0.04623579156234197,2.2985327260680495,-0.18529996856173767,0.20577770711434354,0.28423196243837257,0.20576410019307245,0.7309392210875734,0.29316353597900735,-0.02349717334405621,-0.17038248367368355,-0.0022053633793160453,1.1427567018788627,-0.38826009545352,-0.5714965792219393,-1.5347696779412732,-0.06321933856461152,-0.024175657363627777
0.3672337692250477,0.2884342820422545,0.7175791982338361,0.22534237852706032,0.14176427305620165,0.3843517509307972,0.09118667258478205,0.5337501394022401,0.16595527691467202,0.5193020777052864,0.3676892155482589,0.29707978191322004,0.2175117393530286,0.46464206145870296,0.3153276080640015,0.443741624926408,0.8159303360203197,0.18974663680402554,0.17866207209651153,0.9646653101915968,0.6531943494456315,0.3195931870458349,0.41100752665749213,0.49033683764938857,0.5427430093694479,0.7554267990995465,0.3771898433390692,0.9737632716567459,0.5447831817180698,0.3739461138544919,0.6493089217573507,0.3455767855611772,0.9144677143936922,1.2774242458583285,0.8258553058916874,-0.18529996856173767,5.013247854927018,0.671546434767687,0.05028705575459624,0.3301436100100008,0.8410097849470717,0.7721808654197126,0.9584963022500228,-0.025183894230819463,1.4087502672266767,1.2365544749583983,1.9355770114613036,0.45158154212057106,1.9619855579174132,0.007041767436458074,0.0002612211620111064
0.15619859894060728,0.11546007457039754,0.26734977316025893,0.153031628652704,0.15167864243007032,0.2042236339968699,0.07814615540627355,0.2505912660803241,0.029053247732479477,0.21129253006100382,0.1882026745562244,0.15863615243372894,0.06736367901820353,0.22121565066298815,0.19665551933046224,0.20257048567707092,0.3068042857263812,0.008764401604810113,0.15084238935135125,0.7613194121461461,0.27183014570556324,0.108957342827768,-0.1162929679610681,0.19186725065204407,0.19068791985327782,0.29660818219984664,0.23115058370512506,0.30710901778929045,0.015225273216766583,0.3452665849357654,0.3321509795105111,0.21628088108129434,0.29421726543941296,0.301083191795929,0.2874230245358982,0.20577770711434354,0.671546434767687,0.7839642190425719,0.1652489917952925,0.15834810461006243,0.4253045603073661,0.2846362980442531,0.33690654476880744,0.24785535412785412,0.23131462988537757,0.4250361147788909,0.3599525097157157,0.05248753717699543,0.040674068946140673,0.010617297891695932,-0.021556699963500996
0.2706572062651133,0.2616200670910802,0.2831458249728374,0.19002807868861235,0.2463326572489405,0.2343058837708192,0.23916399880543265,0.3282262415489892,-0.013989937367163757,0.3238621152319906,0.29380215689073674,0.2433523191871882,0.21830684428609257,0.11745129913742075,0.3428503611904875,0.17720299514291382,0.305305513915304,0.45178045895761126,0.2648609689193233,0.5083456089950897,0.2529521525096235,0.18055010302646293,0.5033288260540562,0.23137493157849773,0.31898047129496127,-1.6287296773646176,0.25428560017140867,0.3080963353755773,-0.11270370305158521,0.8379650704450838,0.45516963711945513,-0.06831277803686023,0.04375606626222748,-0.08753501076327146,0.3998061188509327,0.28423196243837257,0.05028705575459624,0.1652489917952925,3.267289809841817,0.7970489504320727,0.08272126667969755,0.1494559770604579,0.2466048062933276,0.7534637559629216,0.6514533224279078,0.2573700112128033,0.024935391941211988,-0.13516201540682785,-1.0062008052036717,-0.03543896371867087,-0.03866535871102558
