1.0244003502986887,-0.00037903463589164554,-0.00027579611646046744,-0.00014724206790748255,2.734494143825634e-5,0.0004287643145085716,0.00122876289785157,0.0014366648136839922,0.0012067701524898233,0.0005589243823211378,-0.0004377657857573918,-0.0014437695098221417,-0.0020918265640940082,-0.002179116445678049,-0.001722905033126769,-0.000845943213102413,0.00023330361159557838,0.0010646073735671648,0.0014465585716795194,0.0013287755403081289,0.001108962896397448,0.0009074197703564632,0.0007494386379337198,0.000630060382324893,0.0005052839002296311,0.0004074302926481966,0.000311509236304333,0.0002310156096559475,0.00016788875883709016,0.00010556856483106949,5.152404358473238e-5,8.66259988479288e-6,-7.93074231661121e-7,2.575048159326803e-6,-3.7308127140080113e-6,-1.2916247376715064e-5,-2.7951411974778853e-5,-5.200706390842246e-5,-8.837151643457566e-5,-0.00014197586488156127,-0.00022127885722519056,-0.0003473829991728157,-0.0005478716720348223,-0.0004244232944953149,-0.0003315022694133861,-0.00026509390889609043,-0.00021313290859874238,-0.00017157747078784516,-0.00013866367446142906,0.0001777983076099713,0.00046476012240452737,0.0005555761471986192,0.0005623156517282027,0.0003187577752953174,-0.0002755281926655797,-0.000358692878012885,-0.00027004612989224515,-0.00016908498717858409,-0.0003264775685725037
-0.00037903463589164554,1.0241760198810874,-0.001164516560450842,-0.0016149490398755044,-0.0017989499865498095,-0.0012145648750968617,0.0006016529829901277,0.003450438325619163,0.004138818548184475,0.0030140255925725215,0.0008148676075039362,-0.001349078314913449,-0.0027072201199023964,-0.0030310154577100493,-0.002510474952253895,-0.0014034650453670847,-6.630205683501119e-7,0.0010696643423023626,0.0015463185708923,0.001402820628080689,0.0011377024258699326,0.0009157460803160847,0.0007677918444917845,0.000672789766443823,0.0005627821396815759,0.0004702269588320045,0.00036610191386842963,0.0002732436840138877,0.00019882442339392323,0.0001257201066547989,6.351069987764512e-5,1.0113363805922246e-5,-5.032922666515632e-6,-3.297366779969308e-6,-1.0186835695828624e-5,-2.0889608367105668e-5,-3.954674711400219e-5,-6.947680194979072e-5,-0.00011310335987100262,-0.00017584149183703877,-0.0002646357394626827,-0.0004015349289543298,-0.0006136447063694225,-0.00045358643307633837,-0.0003408455666307823,-0.0002667299674189256,-0.00021155060239827863,-0.0001701525992604475,-0.00013806860482282294,0.00013146663961238398,0.0006395852964969064,0.000772833825146556,0.0008245316663566236,0.00037372435409082077,-0.00010799473870916148,-8.61720287346526e-5,-6.0900032086558646e-5,-2.923743765736775e-5,-0.0001931887127390697
-0.00027579611646046744,-0.001164516560450842,1.0223842043899924,-0.0038380238035422725,-0.004669277591363642,-0.003978996396695519,-0.0008553552813746397,0.006193464965255313,0.008654162773280594,0.006986507276435304,0.003077161955439193,-0.0007082648715333837,-0.003143514364772557,-0.003908016302360763,-0.0034072603838141307,-0.0021296993609673863,-0.00042771408362496567,0.0008482112600334698,0.0013688546509866251,0.001184134919166466,0.0008773396483652983,0.0006632337112262056,0.0005764417183028937,0.0005643490434961862,0.0005216513127783456,0.0004703362901253335,0.0003799739362207707,0.00028722901089938487,0.0002097332164008561,0.00013356569516039085,6.993526875860526e-5,8.00961689128768e-6,-1.3845259421207401e-5,-1.4462957165689088e-5,-1.9917477868762813e-5,-3.042989780766715e-5,-5.116524365628477e-5,-8.498263403880711e-5,-0.00013114389821046078,-0.00019445199789881986,-0.00027592700345103983,-0.00039302568597149805,-0.0005630049229764631,-0.0003687471956584953,-0.00024663814370342853,-0.00017953627957099797,-0.00013567591901447412,-0.0001090202386929398,-9.000513987050032e-5,-4.599578911993417e-6,0.0007852300236634761,0.0009579741241408508,0.0010929924929928257,0.0003569063829983422,4.6004806770814375e-5,0.0001923858672530499,0.00010170698206644849,3.223587463214747e-5,-0.00014164805101573747
-0.00014724206790748255,-0.0016149490398755044,-0.0038380238035422725,1.018520706017905,-0.008265570579546175,-0.008191156615549866,-0.004557116406221248,0.007981079235182617,0.013859257086750534,0.012270990875685473,0.006664403102375686,0.0012418925300493832,-0.002559002530356385,-0.004115458608536715,-0.003882329264904267,-0.0026727149465225735,-0.0008726143055138573,0.0004240199657855666,0.0008112100736746359,0.0005100779487904687,0.0001442720304618129,-3.108391864315441e-5,1.7988005574428053e-5,0.00018034088707074718,0.0002930813224866848,0.0003452571525470389,0.00031010021182180825,0.00024315932363716414,0.00018025954143387825,0.00011836675205887256,6.859871315947345e-5,4.3394587343070394e-6,-2.6693213042555148e-5,-3.270199194920983e-5,-3.406858458223733e-5,-4.1839635640381195e-5,-6.164000754591589e-5,-9.409729816647104e-5,-0.0001313337690478835,-0.00017509946238404304,-0.0002116254513215981,-0.0002422823112191548,-0.00025491659207018384,-4.492615883966146e-5,5.782118689507642e-5,8.51160620302023e-5,8.694203344209829e-5,6.932023697174945e-5,5.080469594581641e-5,-0.0001785836024667092,0.0008341183933709948,0.0010482885679265143,0.0013310241906306828,0.0003570556809342473,0.00023593995138133304,0.0005376482273247508,0.0002888783516478926,0.0001155567652753757,-4.345053609939184e-5
2.734494143825634e-5,-0.0017989499865498095,-0.004669277591363642,-0.008265570579546175,1.0131474167093881,-0.013664145616962947,-0.011980479824313908,0.005870736389784691,0.017102695926367182,0.0168823513646205,0.011185683535251718,0.00583015981002619,0.0008333736086479028,-0.002233285996576524,-0.002948317789562362,-0.00238646334110383,-0.0009451781452941,-4.045844282627402e-5,-0.00016910580714276884,-0.000761057505842308,-0.0012440447362409323,-0.0013561851921977692,-0.0010747857642548495,-0.000610241248818084,-0.00021305191452188023,3.4692022279612955e-5,0.00011830624374934269,0.00011716935422996267,9.612528202526492e-5,7.575097552792985e-5,6.241634510423303e-5,4.3465911851628935e-6,-4.1221911432335404e-5,-5.93891764382064e-5,-5.393570742315919e-5,-5.598671332785185e-5,-7.063975525597309e-5,-9.339312640798349e-5,-0.00010218229839110118,-9.121234452108872e-5,-1.7110142641552467e-5,0.0001552134948289777,0.0005008247024791625,0.0006915481382537966,0.0007236551654950258,0.0006539021513498471,0.0005605205860611033,0.00044761119149820786,0.0003495116428767302,-0.00034215032981072105,0.000519330496341636,0.0007032318526513196,0.0011979925089368208,0.00024143777011614493,0.0004004919619818414,0.0008575178287632746,0.000390408544549962,0.00010244565348719143,-9.362944057396501e-5
0.0004287643145085716,-0.0012145648750968617,-0.003978996396695519,-0.008191156615549866,-0.013664145616962947,1.0045923639700842,-0.026007208891261877,-0.005035672631718409,0.014060134093901583,0.017698875735034272,0.01628844469474487,0.015660147595380418,0.010419260085636935,0.0041795947836843735,0.0007666770343034351,-0.0005565972522369876,-0.0002573629989152221,-0.00045944493453383984,-0.0017378935258122521,-0.002865341818382213,-0.0035296153840161377,-0.003532092755053911,-0.0028771646518017517,-0.0019282447932830785,-0.0010608655924071845,-0.0004900622150387196,-0.00020058277805914815,-8.256302292783476e-5,-2.692525981394676e-5,3.046856942327104e-5,8.19180900608511e-5,3.485912746546141e-5,-4.068862755434864e-5,-8.897003266015816e-5,-7.965886125503707e-5,-7.818940427208602e-5,-8.743851287426199e-5,-9.411064491082231e-5,-4.989858762408514e-5,6.520657865667893e-5,0.00034799019865325916,0.0009030040705937871,0.001921985712694473,0.0020489927769310203,0.0019360230049528292,0.0016831768996569741,0.001413740904363067,0.0011269757697733856,0.0008846508699313141,-0.00036656171630669804,-0.00047585229301745424,-0.000493909367068382,0.0002895559752537775,2.3214006226123128e-6,0.0006203298816665145,0.0013296251581319163,0.0005568970707947157,0.0001411952583501518,-0.00014005422062078715
0.00122876289785157,0.0006016529829901277,-0.0008553552813746397,-0.004557116406221248,-0.011980479824313908,-0.026007208891261877,0.9774157708798938,-0.03260610529276652,-0.006371906392720253,0.009831897768884304,0.024298653931579022,0.036538497305461486,0.031939110973741726,0.01890582269540812,0.0086201648339612,0.0029714926917277958,0.0008739126909313443,-0.0013747080118716364,-0.004696227509626584,-0.006415542797430035,-0.007184335021948309,-0.006912762938562791,-0.0056274221767360745,-0.0039013256767188504,-0.002274706760536495,-0.00119806367271293,-0.0005866666573271722,-0.0002835048610478949,-0.00011458102751210699,6.066873446022977e-5,0.00019564772545454834,0.00015362685048457496,2.041395898633569e-5,-9.475591470927052e-5,-0.00010286282338298434,-0.0001197874583879718,-0.00014183857492739712,-0.0001421592768713332,-2.86092124934662e-5,0.00024305365671067436,0.0008574970643578821,0.0020435112276198696,0.004189289107970275,0.004244703169288893,0.003909358291986138,0.0033635824040127754,0.002808353501869117,0.002234288766041724,0.001753818299121309,-0.00015344490461310177,-0.002593880224403336,-0.0031639048304392932,-0.0020471125061646825,-0.00047641057725778706,0.0007321991981686333,0.001519272693518751,0.0002581542299026073,-0.00032675030541234656,-0.0004311282610723824
0.0014366648136839922,0.003450438325619163,0.006193464965255313,0.007981079235182617,0.005870736389784691,-0.005035672631718409,-0.03260610529276652,0.9602841084972445,-0.06822255898811042,-0.01921949563172733,0.031095939398456278,0.04436315275943203,0.0413136963103547,0.02848767276294998,0.015717761814079866,0.006852811678100426,0.002709241397640713,-0.0012461451310252607,-0.004558256404252763,-0.0058071282311345975,-0.006072788949406872,-0.0055560214071194046,-0.004251374679928702,-0.002653438327582586,-0.0011934214675868738,-0.00032234267472908845,9.634640909071649e-5,0.00025324154150608907,0.0003085257381197353,0.0003982711654803837,0.0004598193865412191,0.00029264982592499183,0.00013970321234072844,2.1537234025472965e-5,-2.0226510479969465e-5,-7.103089419996832e-5,-0.00012548320532109597,-0.00017484917328739285,-0.00011822894894367485,7.163004043962031e-5,0.0005582247941511965,0.0015391970799620283,0.0033483282693562567,0.003436943459804822,0.0031867553368467422,0.002754963510335175,0.002307569865068382,0.0018307322418613142,0.0014319094320020377,0.0008970588536700586,-0.003677506633407836,-0.004849896876712558,-0.004671507535973725,-0.0013260072925110576,-6.508301720550171e-5,-0.0020292607292126076,-0.0032458114654634984,-0.0035645034811212506,-0.0008944309306932405
0.0012067701524898233,0.004138818548184475,0.008654162773280594,0.013859257086750534,0.017102695926367182,0.014060134093901583,-0.006371906392720253,-0.06822255898811042,0.9178283941376152,-0.03770028328600198,0.030344618804740712,0.03261799088370098,0.030346952639742727,0.027483754038630053,0.018966951439327584,0.011285965778301389,0.005531293227234075,0.0010114160253387088,-0.002617212181438024,-0.002929200976979411,-0.002900990947616566,-0.002474039968729007,-0.001482492039845689,-0.00031706150885966967,0.0006913438881107316,0.001152897437369033,0.0012107868744503504,0.0011034507279384525,0.0009528185412383627,0.0008678176581723051,0.0007574196132915841,0.0004735521968909945,0.0003210133563039442,0.0001981318080509274,9.038692079720858e-5,-3.215621890984897e-5,-0.000161435944365395,-0.00030534646587280584,-0.0003802720355492878,-0.00038010019491046274,-0.0001964463819685773,0.00029989485503272213,0.0013179048504436675,0.001665942318517309,0.0016833764120175556,0.0015126635255927991,0.0012942593115970102,0.0010213176541452678,0.0007898160418552132,0.0015382275540700083,-0.003057430578272272,-0.004125135456804259,-0.005099060661150019,-0.0013820548121722383,-0.0007249538581378665,-0.00574907730645372,-0.006888148539835709,-0.006953269376638091,-0.0011003140878697248
0.0005589243823211378,0.0030140255925725215,0.006986507276435304,0.012270990875685473,0.0168823513646205,0.017698875735034272,0.009831897768884304,-0.01921949563172733,-0.03770028328600198,0.9607917517176653,-0.059368180730261115,-0.016967453834603838,0.021021475794465515,0.031224021198837763,0.028243001093078753,0.019747424510686732,0.012039896501879543,0.004933656644525903,0.0013439011932723554,0.0007850604116467945,0.0005388507413993134,0.000525101606920488,0.001016578177737835,0.001669422170040075,0.002192664093051988,0.002276602425467232,0.0020224640148178074,0.0016907291710668351,0.0013689054657900043,0.0011516481576106731,0.0009578712679100485,0.0005782105769997244,0.0003748538696234244,0.00022783747694942475,0.00010047580382281003,-4.201764928376832e-5,-0.00020253876326250812,-0.00041003839091082725,-0.0005845337778915799,-0.0007466137474069664,-0.0008304700539955781,-0.0007797292297946015,-0.0004938739092170815,3.657614994171999e-5,0.00027853424685233793,0.0003403143855810217,0.00033219175243165465,0.00025324403813331423,0.0001813678086636538,0.001642245423530574,-0.0013191135840072332,-0.0014828588062917659,-0.0031811794488300106,-0.0001470013469086224,-0.0005782582496657298,0.00025823945400517325,0.00018855128393365444,0.00027392105822338927,-0.0011491299280254315
-0.0004377657857573918,0.0008148676075039362,0.003077161955439193,0.006664403102375686,0.011185683535251718,0.01628844469474487,0.024298653931579022,0.031095939398456278,0.030344618804740712,-0.059368180730261115,0.9009021445562098,-0.08089365205953924,-0.015951880343312384,0.028483000985284293,0.037751689901373196,0.03271786368496559,0.021524822301341933,0.012084847156858893,0.005954976775819605,0.005277794950362657,0.004380810098143474,0.003569187791307908,0.0033306658691683575,0.003362120035976327,0.003349778800739343,0.0030850450294877827,0.002577843244147072,0.002088560921585148,0.0016544930110529434,0.0013363587349910252,0.0010481540785742965,0.000687977103414019,0.0004871349633613319,0.00031522607843665625,0.0001374162165207988,-5.759384735870334e-5,-0.00028212260453354914,-0.0005549503926981476,-0.0008371111718457326,-0.0011567683639733693,-0.0015045338083155262,-0.0018864883860427743,-0.002317901664500474,-0.0015064068214084869,-0.0010047219737984458,-0.0007090658733003859,-0.0005170611513919093,-0.00041453812564525244,-0.00034030308644407225,0.0013929524172342342,0.0011797445947857625,0.002733033679096141,0.0004387785870479425,0.0013607819647896535,-4.860784039290573e-5,0.0047353140362556365,0.005551424962067102,0.005581384723317554,-0.00043892318150673816
-0.0014437695098221417,-0.001349078314913449,-0.0007082648715333837,0.0012418925300493832,0.00583015981002619,0.015660147595380418,0.036538497305461486,0.04436315275943203,0.03261799088370098,-0.016967453834603838,-0.08089365205953924,0.9095122446686575,-0.07713912397108619,-0.009194228233296747,0.031323447404289564,0.04098906272258445,0.03308232493515978,0.020426300353051787,0.013685696363846648,0.011075631158332282,0.008668534134991227,0.0065744907632593885,0.0053638285498340205,0.004685722756892609,0.004112935103546755,0.0035133465330702157,0.0027865249817937343,0.002160415723336065,0.0016383795577129827,0.00124687954459713,0.0009210038382023151,0.00048754483463614196,0.0003230849392433081,0.00022036123227721382,7.740879253987845e-5,-9.330186654101075e-5,-0.00029219826561292756,-0.0005700595374764686,-0.0008824999217774606,-0.0012883509953180827,-0.0018024647176453682,-0.0024964836347532737,-0.0034563181665403626,-0.002581115496808634,-0.0019490585408563387,-0.0015022625650172462,-0.0011669819032282828,-0.0009222800893012871,-0.0007322633326385376,0.001170669238206856,0.0037797883065251747,0.007017597141512596,0.004858260418863397,0.0035179445353640468,0.00027354924239350034,0.0011994428315759992,0.002139860210583671,0.001930298548883563,0.0005980146956066697
-0.0020918265640940082,-0.0027072201199023964,-0.003143514364772557,-0.002559002530356385,0.0008333736086479028,0.010419260085636935,0.031939110973741726,0.0413136963103547,0.030346952639742727,0.021021475794465515,-0.015951880343312384,-0.07713912397108619,0.9187681678941038,-0.06772010224313758,-0.00461976816771297,0.03169764647076743,0.03302484242733867,0.02615197881303367,0.020319636856314705,0.016151119374245588,0.012041713899805372,0.008768116923743473,0.006708995721646878,0.005482477630822143,0.004488188854849668,0.0036373158898665224,0.0027828736413118916,0.0020924732168070047,0.0015512418935997741,0.0011354822511697546,0.0007630042428633958,0.00043677782069037293,0.0003418751122199725,0.00025518657600412744,7.585809038244752e-5,-0.00013470000977702603,-0.00037390714858487106,-0.0006619421788780763,-0.0010088149756146446,-0.0014639277901964838,-0.0020825207724952345,-0.002968495076702828,-0.004271218380978402,-0.0032572090840623327,-0.0025035586269115248,-0.0019475580753973594,-0.0015199965401900106,-0.00118418806762061,-0.0009234421783392959,0.00121117335826857,0.0056739340317169115,0.009239584055160396,0.009328499679224635,0.007555484172552828,0.00045410146322296107,-0.0004243318988795106,0.000653378542371459,0.00035981957449323303,0.0010321285790010064
-0.002179116445678049,-0.0030310154577100493,-0.003908016302360763,-0.004115458608536715,-0.002233285996576524,0.0041795947836843735,0.01890582269540812,0.02848767276294998,0.027483754038630053,0.031224021198837763,0.028483000985284293,-0.009194228233296747,-0.06772010224313758,0.9358753802988822,-0.047161540935501775,-0.007449054112600751,0.012616359821450587,0.02183222287346089,0.02458333613810938,0.018952883063783385,0.013623083045719046,0.009680338092731436,0.0071045319376199,0.005529284910508193,0.004263248407571428,0.003248141128562592,0.002353695281248768,0.0016428367420991752,0.0011198831810075032,0.0007385251005342752,0.00044946168791822077,0.00013036402258486478,5.4374937581055496e-5,2.7378370729182326e-5,-7.000236485423768e-5,-0.00020348744743024907,-0.00037040862027235564,-0.0006084527082235123,-0.0009031813411491438,-0.0013167888829993984,-0.0018981535653625678,-0.0027768379566494614,-0.004098223798955135,-0.003252870230265169,-0.002564774162005832,-0.0020201287108000195,-0.00158506713315676,-0.0012219087392136589,-0.000938828974547429,0.0013627229167231412,0.006180227033725943,0.007773495620955678,0.010435848026684307,0.008065074623073373,0.0006798949407131509,0.0004608083972695358,0.001427117638270986,0.001698030187718744,0.0011999229833551544
-0.001722905033126769,-0.002510474952253895,-0.0034072603838141307,-0.003882329264904267,-0.002948317789562362,0.0007666770343034351,0.0086201648339612,0.015717761814079866,0.018966951439327584,0.028243001093078753,0.037751689901373196,0.031323447404289564,-0.00461976816771297,-0.047161540935501775,0.9596002066327965,-0.05091972073448683,-0.019207286585872615,0.00935725057158241,0.020507216697453225,0.016312240129444353,0.011962061871807603,0.008735691881698322,0.006291130869197031,0.004574007036683503,0.0031517446362591163,0.002116560456833839,0.0013854300021414953,0.0008622788345249588,0.0005220039740661786,0.00027421033385729147,8.075849724946516e-5,-1.5319251176056052e-5,7.260304345676046e-6,2.517290843786205e-5,-3.7336621292169455e-5,-0.00014007421212630525,-0.00029398830893921066,-0.0004921320214101063,-0.0007519104115915307,-0.0011018743105683359,-0.0016120203782177805,-0.002405910234146806,-0.0036330514899218947,-0.002908654860599651,-0.0023085455829309318,-0.001819254377843346,-0.001425478476403643,-0.0010793181938964069,-0.000811587581136548,0.0011526564896454515,0.004920726398542334,0.003558780129560218,0.006819534863027418,0.00267804001456675,0.0006715363930857121,0.0007897944161492675,0.0013632341607346438,0.0027444610964026416,0.0012664030831086497
-0.000845943213102413,-0.0014034650453670847,-0.0021296993609673863,-0.0026727149465225735,-0.00238646334110383,-0.0005565972522369876,0.0029714926917277958,0.006852811678100426,0.011285965778301389,0.019747424510686732,0.03271786368496559,0.04098906272258445,0.03169764647076743,-0.007449054112600751,-0.05091972073448683,0.9639497576722229,-0.03413364266749443,-0.004291303600649629,0.009807657028050087,0.008641301575419726,0.007168029940819189,0.005743134623347516,0.003927618488116112,0.002163415972343503,0.0006645844827461993,-0.00020245922562767526,-0.0005055773914222639,-0.0005799929483836191,-0.0005406910026173534,-0.0005113654393795485,-0.00046081185249660585,-0.0003170504641316613,-0.00016535227502660946,-3.657345261376691e-5,3.2774362768132254e-5,5.037571905374164e-5,3.3855973897829854e-6,-8.255126493466294e-5,-0.0002162759035606649,-0.00040336606009437544,-0.0007021781051331116,-0.0012154353506417675,-0.0020422965313076098,-0.0017832428411168656,-0.001496205527177941,-0.0012114422465670793,-0.0009649642754715274,-0.0007132410555374377,-0.0005183137621178594,0.0002683841565499499,0.0023746174890674297,-8.723348724068798e-5,0.0023730113586819535,-0.0012683428455737948,0.00035787220918251714,0.0007848516948035207,0.0010143197777292834,0.002646970105886021,0.001070051297142405
0.00023330361159557838,-6.630205683501119e-7,-0.00042771408362496567,-0.0008726143055138573,-0.0009451781452941,-0.0002573629989152221,0.0008739126909313443,0.002709241397640713,0.005531293227234075,0.012039896501879543,0.021524822301341933,0.03308232493515978,0.03302484242733867,0.012616359821450587,-0.019207286585872615,-0.03413364266749443,0.9961565961609433,-0.016559666459430897,-0.006970741160675636,-0.002662970110207193,0.00011402146482180346,0.0012249566453224347,0.0005047100481259234,-0.0010334600958856776,-0.002379484896266237,-0.002893422964062626,-0.0026229324337327764,-0.0021170420360342272,-0.0016101803909101154,-0.001245579098688948,-0.0009496119967849284,-0.0004582830444710432,-0.0001465009596672624,5.957360346680975e-5,0.00021181678541038,0.00030840842712500505,0.0003381399408697723,0.00037623937278370977,0.00038247180935598426,0.0003979785723029015,0.0003658247290183478,0.00023921716045209395,-2.6471969102005696e-5,-0.0002509123212037552,-0.0003320249706340047,-0.00031447825883837026,-0.00027311161960864194,-0.00017175050423406393,-9.36754232479965e-5,-0.0009653112183646726,-0.0009226904072309236,-0.002848541454808875,-0.0022258996745026234,-0.0033108923895522513,-0.00021519006438449964,0.0006864903288602339,0.0009924009130668067,0.001348331305374986,0.0006608379189137388
0.0010646073735671648,0.0010696643423023626,0.0008482112600334698,0.0004240199657855666,-4.045844282627402e-5,-0.00045944493453383984,-0.0013747080118716364,-0.0012461451310252607,0.0010114160253387088,0.004933656644525903,0.012084847156858893,0.020426300353051787,0.02615197881303367,0.02183222287346089,0.00935725057158241,-0.004291303600649629,-0.016559666459430897,1.0015009512123487,-0.019549277657499312,-0.012098822929333865,-0.006619229484795156,-0.0035962579966038392,-0.002962722840953134,-0.0036216450271615588,-0.004270672109785046,-0.004274551545818784,-0.0036167531228858507,-0.002817119035225957,-0.002105280294099359,-0.0015719412833240156,-0.0011321245828319058,-0.0005226602446549499,-0.0001782078009538966,4.631750994834711e-5,0.00025863910100952633,0.0004331733397471384,0.000569463600433342,0.0007398026127149348,0.0009052378316112959,0.0011251892438542996,0.0013641198422057262,0.0016253795107854145,0.0019282347818887732,0.0012309177543299537,0.0007969651701545761,0.0005573532931315217,0.0004020900302699757,0.00035045288185934814,0.00031098546378458507,-0.0019154601880068847,-0.003494860018537835,-0.00455491886368962,-0.005434797091978712,-0.004292700788061812,-0.000651321259428303,0.0003283296118028319,0.0006698441559655201,-0.00029434942851157254,0.00018639966291846436
0.0014465585716795194,0.0015463185708923,0.0013688546509866251,0.0008112100736746359,-0.00016910580714276884,-0.0017378935258122521,-0.004696227509626584,-0.004558256404252763,-0.002617212181438024,0.0013439011932723554,0.005954976775819605,0.013685696363846648,0.020319636856314705,0.02458333613810938,0.020507216697453225,0.009807657028050087,-0.006970741160675636,-0.019549277657499312,1.0021198760717314,-0.017402067887945218,-0.012409745929097039,-0.008613668888999134,-0.0061228631381742005,-0.0046531883818666155,-0.0036093898722911774,-0.0028658455402381985,-0.0022329963068877345,-0.001724953873120008,-0.0013380073985575082,-0.0009938433599780002,-0.0006932506295942078,-0.00026809332493951443,-8.83303419052671e-5,3.241504497237263e-6,0.00014495318625653463,0.00030703459973193824,0.0005035713004191719,0.0007545436082321771,0.0010287356336721016,0.0013769088199047672,0.0017876920394261824,0.0023090999654629464,0.002993061557144165,0.0021579911195198746,0.0015823064098215284,0.001210685170702123,0.0009415816833881739,0.0007754783385777367,0.000645604262760319,-0.0022896375358329754,-0.004578299669895624,-0.0050624142321244354,-0.0063782008009105485,-0.0042695957754912825,-0.0007407700730379131,-0.0009561007509627722,-0.0009105379149046468,-0.0015845761803737876,-0.00034225941117960645
0.0013287755403081289,0.001402820628080689,0.001184134919166466,0.0005100779487904687,-0.000761057505842308,-0.002865341818382213,-0.006415542797430035,-0.0058071282311345975,-0.002929200976979411,0.0007850604116467945,0.005277794950362657,0.011075631158332282,0.016151119374245588,0.018952883063783385,0.016312240129444353,0.008641301575419726,-0.002662970110207193,-0.012098822929333865,-0.017402067887945218,1.0087339026370028,-0.013642907518708416,-0.010634662364315489,-0.007364918084621469,-0.004446554281233123,-0.002192759852344447,-0.0010215184945707916,-0.0005924419370799834,-0.00047647233903595694,-0.000466188919152493,-0.0003519382369188367,-0.0002135927215759862,-9.479963817955732e-5,-0.00010976096860587878,-0.00014273271170449443,-6.046835732982999e-5,8.587991955173135e-5,0.0003204878012920269,0.0006056656670195803,0.0009470292147716642,0.0013619244105066153,0.0018800843075671375,0.0025709046465710967,0.003533945856516463,0.002672199685017858,0.002055021194012815,0.0016241950565232745,0.0012971145848864319,0.0010545423195849838,0.0008637898668947446,-0.002030541749977977,-0.004076126399265922,-0.0044789478233091835,-0.005352151444352703,-0.003485496920604572,-0.0005246724001669469,-0.0014355731000535315,-0.001750280037328997,-0.0018398238928226556,-0.0006482921746423485
0.001108962896397448,0.0011377024258699326,0.0008773396483652983,0.0001442720304618129,-0.0012440447362409323,-0.0035296153840161377,-0.007184335021948309,-0.006072788949406872,-0.002900990947616566,0.0005388507413993134,0.004380810098143474,0.008668534134991227,0.012041713899805372,0.013623083045719046,0.011962061871807603,0.007168029940819189,0.00011402146482180346,-0.006619229484795156,-0.012409745929097039,-0.013642907518708416,1.0114940816281552,-0.011449464896535207,-0.00793983117351194,-0.004135898457485554,-0.0010900345693166062,0.0003355485706822656,0.0005853251215043135,0.0004025655330651466,0.00013676597160705657,8.747398722046799e-5,0.00011241646740082748,1.828010289705261e-5,-0.00012665324299971942,-0.00024087803818881532,-0.00019175979582594267,-5.3098753282646416e-5,0.0002046499152457406,0.0005083413356977107,0.0008933391724894487,0.0013449426194788836,0.0019267366602780521,0.002718176862858688,0.00384975516959805,0.0030145915461206973,0.0023884558285601353,0.0019222731186360415,0.0015560741101192232,0.0012540406130124877,0.001016092167745028,-0.0016747294456273354,-0.0032361107394841986,-0.0035966122709238765,-0.0040575691153211186,-0.002617559896960902,-0.00028352336286345325,-0.0011985724569835605,-0.0017974307436551093,-0.001894045983980244,-0.0009126878609745475
0.0009074197703564632,0.0009157460803160847,0.0006632337112262056,-3.108391864315441e-5,-0.0013561851921977692,-0.003532092755053911,-0.006912762938562791,-0.0055560214071194046,-0.002474039968729007,0.000525101606920488,0.003569187791307908,0.0065744907632593885,0.008768116923743473,0.009680338092731436,0.008735691881698322,0.005743134623347516,0.0012249566453224347,-0.0035962579966038392,-0.008613668888999134,-0.010634662364315489,-0.011449464896535207,1.0144070889140606,-0.007570580578711466,-0.004116849408151672,-0.001246338221972007,8.805607869601934e-5,0.0003115058402158117,0.000145898426652787,-8.36544491692769e-5,-8.137745777695582e-5,5.658460979159819e-7,-5.993711428922611e-5,-0.0001627950377573509,-0.00023643448733911166,-0.00013533794507652477,3.725281780786393e-5,0.00030857312644670085,0.0006198927482061314,0.0010212989545341595,0.0014832687375222902,0.002086175238112474,0.0029103392558817408,0.004098626626804662,0.0032655098935438272,0.0026171864345335247,0.0021139935051948115,0.0017125399524550548,0.0013671033274588091,0.001095710362624098,-0.0013238747323402614,-0.002417958228159713,-0.002698583886424094,-0.0028865453950163464,-0.0018401097098060724,-0.000140661130257345,-0.0007855391596112701,-0.0015014408728966269,-0.0017222824889190724,-0.000999450149336716
0.0007494386379337198,0.0007677918444917845,0.0005764417183028937,1.7988005574428053e-5,-0.0010747857642548495,-0.0028771646518017517,-0.0056274221767360745,-0.004251374679928702,-0.001482492039845689,0.001016578177737835,0.0033306658691683575,0.0053638285498340205,0.006708995721646878,0.0071045319376199,0.006291130869197031,0.003927618488116112,0.0005047100481259234,-0.002962722840953134,-0.0061228631381742005,-0.007364918084621469,-0.00793983117351194,-0.007570580578711466,1.0187083240824426,-0.00442163936667712,-0.0028309042627652162,-0.0020027114835667595,-0.0016472545255917744,-0.0014520435295891294,-0.0012958075790964335,-0.001002882540795734,-0.0006649268491284145,-0.00038997264363634885,-0.0002405870369185619,-0.00011611570118791355,0.0001517278152990658,0.00042043707070036826,0.0007027461773697906,0.0010175218407402643,0.0014111718085061213,0.0018631840826793156,0.002450293252723986,0.0032357110740590836,0.004355522533036757,0.003418223997625505,0.002698699552192513,0.0021503147651236753,0.0017202714638201748,0.0013595222325410187,0.0010788086115748083,-0.0010351527723935607,-0.0017835154273592314,-0.0019955988627079644,-0.002043743477341708,-0.0013122108575721013,-0.00013365450227984443,-0.0005018907175303165,-0.0011490968369867306,-0.0014108786962770182,-0.0009020761218505007
0.000630060382324893,0.000672789766443823,0.0005643490434961862,0.00018034088707074718,-0.000610241248818084,-0.0019282447932830785,-0.0039013256767188504,-0.002653438327582586,-0.00031706150885966967,0.001669422170040075,0.003362120035976327,0.004685722756892609,0.005482477630822143,0.005529284910508193,0.004574007036683503,0.002163415972343503,-0.0010334600958856776,-0.0036216450271615588,-0.0046531883818666155,-0.004446554281233123,-0.004135898457485554,-0.004116849408151672,-0.00442163936667712,1.0199944562173309,-0.00500071378108297,-0.004876518979950424,-0.00436944443285077,-0.0037025974551016267,-0.0030342388883332883,-0.0023566392660816725,-0.0016626485614316703,-0.0008872449453247248,-0.00036100316579850913,6.922831663368507e-5,0.0006037439217578638,0.0010312781699435085,0.0013362712751623592,0.0016495422589547306,0.002015948628123076,0.0024357860000450574,0.002975121653911705,0.003668253557493163,0.004632024207347531,0.0035435397266264023,0.002733788176341631,0.0021364349881197293,0.001681449900505834,0.0013182200890404629,0.0010390237101296268,-0.0008306970254235739,-0.0013698669223871412,-0.0015449289699164543,-0.0015479435050431568,-0.0010404141452011449,-0.00018964739379895293,-0.00029132880444335913,-0.0007829801970675849,-0.0010295288479850078,-0.0006896145734353673
0.0005052839002296311,0.0005627821396815759,0.0005216513127783456,0.0002930813224866848,-0.00021305191452188023,-0.0010608655924071845,-0.002274706760536495,-0.0011934214675868738,0.0006913438881107316,0.002192664093051988,0.003349778800739343,0.004112935103546755,0.004488188854849668,0.004263248407571428,0.0031517446362591163,0.0006645844827461993,-0.002379484896266237,-0.004270672109785046,-0.0036093898722911774,-0.002192759852344447,-0.0010900345693166062,-0.001246338221972007,-0.0028309042627652162,-0.00500071378108297,1.0183174468392093,-0.00710285517807104,-0.00660222403533326,-0.005662617698271435,-0.004644183698336533,-0.0036815509267653563,-0.002655338229462851,-0.0013799107676153717,-0.00048295092009516266,0.00028229557719996253,0.0011408299587414078,0.0017631784250246012,0.002084938059834417,0.002358458987556419,0.0026530723309062224,0.002991120540986931,0.0034303834168468664,0.003955173725300098,0.0046550298463373845,0.003469591287221561,0.002620720133725861,0.0020174179793107263,0.0015718787769318007,0.001234170901600367,0.0009766774043354243,-0.0006669155924535714,-0.0010669388231505296,-0.0012285360133752546,-0.0012212723920074775,-0.0008824371737078491,-0.00023084686950665777,-8.607326947195304e-5,-0.0004006634934987421,-0.0006344825362570752,-0.0004058327243569259
0.0004074302926481966,0.0004702269588320045,0.0004703362901253335,0.0003452571525470389,3.4692022279612955e-5,-0.0004900622150387196,-0.00119806367271293,-0.00032234267472908845,0.001152897437369033,0.002276602425467232,0.0030850450294877827,0.0035133465330702157,0.0036373158898665224,0.003248141128562592,0.002116560456833839,-0.00020245922562767526,-0.002893422964062626,-0.004274551545818784,-0.0028658455402381985,-0.0010215184945707916,0.0003355485706822656,8.805607869601934e-5,-0.0020027114835667595,-0.004876518979950424,-0.00710285517807104,1.0167751671002905,-0.007798000158248284,-0.006930703854210265,-0.005883383947397452,-0.004795982811941332,-0.003441092223158449,-0.0017036316920935684,-0.0005774364265869872,0.0004420164445155505,0.0016578470989702925,0.002508668424914432,0.0028439295074601505,0.003034855856335968,0.0032153325010546184,0.003436088879947358,0.0037578991829459074,0.0041121269679236724,0.004569575319534532,0.003382043485716148,0.002547549361251005,0.0019656897325087777,0.00154159588911354,0.001228019409608957,0.0009876273646579788,-0.0005660946613649697,-0.0008867430870164599,-0.001058847771647505,-0.001047196922576026,-0.0008032075748952722,-0.00021936437122699266,5.9743260780720586e-5,-0.00010989407675681208,-0.0003602090473966902,-0.00019233239810817143
0.000311509236304333,0.00036610191386842963,0.0003799739362207707,0.00031010021182180825,0.00011830624374934269,-0.00020058277805914815,-0.0005866666573271722,9.634640909071649e-5,0.0012107868744503504,0.0020224640148178074,0.002577843244147072,0.0027865249817937343,0.0027828736413118916,0.002353695281248768,0.0013854300021414953,-0.0005055773914222639,-0.0026229324337327764,-0.0036167531228858507,-0.0022329963068877345,-0.0005924419370799834,0.0005853251215043135,0.0003115058402158117,-0.0016472545255917744,-0.00436944443285077,-0.00660222403533326,-0.007798000158248284,1.0169972794088897,-0.007423727282012313,-0.0067014726975521246,-0.005622801406088482,-0.0037976898826808554,-0.0015661217334386037,-0.0005926050270373487,0.0003917553845948557,0.0019880475414671512,0.003127256579434513,0.003479782138492982,0.003540500004590767,0.0035374203600924315,0.0035773300675036313,0.0037250328649914514,0.0038775168169625997,0.004081817318757766,0.0031174452606943385,0.0024190613138668168,0.00191757208245513,0.0015419794254586095,0.00125568287832939,0.0010305012272723696,-0.00046416735872737666,-0.0007179895545325336,-0.0008934726690402741,-0.0008647721795420782,-0.0006544438505734496,-0.00016540810179209483,0.00012599138027129578,0.00013200095131882678,-0.00019630607875003155,-1.849593886397777e-5
0.0002310156096559475,0.0002732436840138877,0.00028722901089938487,0.00024315932363716414,0.00011716935422996267,-8.256302292783476e-5,-0.0002835048610478949,0.00025324154150608907,0.0011034507279384525,0.0016907291710668351,0.002088560921585148,0.002160415723336065,0.0020924732168070047,0.0016428367420991752,0.0008622788345249588,-0.0005799929483836191,-0.0021170420360342272,-0.002817119035225957,-0.001724953873120008,-0.00047647233903595694,0.0004025655330651466,0.000145898426652787,-0.0014520435295891294,-0.0037025974551016267,-0.005662617698271435,-0.006930703854210265,-0.007423727282012313,1.017300495485645,-0.0073802605490914585,-0.006271926286707779,-0.0035072947589792963,-0.0004987856362751206,-0.0003789604207837898,-7.318391236652693e-6,0.0020218261727485217,0.003572220222465951,0.003953375498700156,0.003852349227006901,0.0036037901153414035,0.0034177093932499653,0.0033573204132658803,0.0033072228119206846,0.003287932984385662,0.0026954012168224468,0.002215102621520852,0.001838356965384187,0.0015325865840636922,0.001281173005780528,0.0010736086614465648,-0.0003575364760513078,-0.0005607792672876691,-0.0007323155902276692,-0.0006865505319985666,-0.0004638166357854298,-0.0001025078725896743,9.395478285802042e-6,0.0003078657141969885,-0.00017794294389561404,0.00010465147855546634
0.00016788875883709016,0.00019882442339392323,0.0002097332164008561,0.00018025954143387825,9.612528202526492e-5,-2.692525981394676e-5,-0.00011458102751210699,0.0003085257381197353,0.0009528185412383627,0.0013689054657900043,0.0016544930110529434,0.0016383795577129827,0.0015512418935997741,0.0011198831810075032,0.0005220039740661786,-0.0005406910026173534,-0.0016101803909101154,-0.002105280294099359,-0.0013380073985575082,-0.000466188919152493,0.00013676597160705657,-8.36544491692769e-5,-0.0012958075790964335,-0.0030342388883332883,-0.004644183698336533,-0.005883383947397452,-0.0067014726975521246,-0.0073802605490914585,1.0171234104422364,-0.006771241023228158,-0.003368847201361116,0.0002477494953558541,-0.00026011329444620025,-0.000349115836019848,0.0019596063954148385,0.003752924256626228,0.004137177448645845,0.0039453855471316005,0.003511709370722417,0.0031484943515719906,0.0029207054968079017,0.0027359091605889097,0.0025944335757351377,0.002378372960578553,0.002101201564404481,0.0018260420076243527,0.0015684711964777053,0.0013291811356187977,0.0011233059670017447,-0.00023855186419912845,-0.00040289243020093387,-0.0005554038062400781,-0.0005050802127043684,-0.00024202537321170719,-4.8807851493188976e-5,-0.00010985928795292323,0.0004180477871911643,-0.00019873204292902028,0.00017883811212056973
0.00010556856483106949,0.0001257201066547989,0.00013356569516039085,0.00011836675205887256,7.575097552792985e-5,3.046856942327104e-5,6.066873446022977e-5,0.0003982711654803837,0.0008678176581723051,0.0011516481576106731,0.0013363587349910252,0.00124687954459713,0.0011354822511697546,0.0007385251005342752,0.00027421033385729147,-0.0005113654393795485,-0.001245579098688948,-0.0015719412833240156,-0.0009938433599780002,-0.0003519382369188367,8.747398722046799e-5,-8.137745777695582e-5,-0.001002882540795734,-0.0023566392660816725,-0.0036815509267653563,-0.004795982811941332,-0.005622801406088482,-0.006271926286707779,-0.006771241023228158,1.0173945736323873,-0.008410822190090367,-0.00715142808550549,-0.0021875326646645997,0.0022250634332089112,0.003649948750067478,0.003881442459727286,0.0038713634635709703,0.003863873172394586,0.003762841767021574,0.0036968302678452108,0.003777892774747423,0.0038730764194248547,0.004019421599162872,0.003215598444875498,0.0025564563242885057,0.002057545323834006,0.0016705350315843422,0.0013549226789080686,0.0011100107517253916,-0.00011743384020520401,-0.0002479952270546792,-0.00037376011618215396,-0.00035380506344846133,-7.331275616993032e-5,-4.276051081844258e-6,0.0006801863427794339,0.00042048799578963574,0.00041586529944858167,0.00019885023646870766
