0.4208501667870398,0.11027479633760999,0.1734881818232219,0.05706460957350235,0.09597178573084812,0.07910816936023261,0.07473083233397394,0.05516709624652274,0.04084567839647731,0.10958061011564471,0.05492514062583201,0.07739458997586984,0.03247472484393195,0.05570866469396443,0.11100847435815661,0.05220657820056597,0.05205859107489679,0.08330695199862607,0.06265353292176117,0.04153995328787326,0.05845558463114094,0.06397484932378739,0.029604334913800268,0.03135885634547174,0.1820308594176583,0.030705943437607908,0.07994060787940711,0.0463803680034698,0.046799965356752286,0.07119916435799983,0.07910092749440178,0.04919534891355355,0.05613449762729245,-0.03961831275456422,0.023505349850565547,0.07209885147645406,0.056377487547790234,0.09574832911953471,0.027823632133609937,0.003690576495646144,0.06240233564516451,0.05318439995918445,0.07372828220020257,0.05925708920314699,0.09004207623696692,0.06376952441238716,0.08865986276152461,-0.0041273331286538215,-0.10026651691351053,-0.027301201145266872,0.006426230650393703,-0.015052598441007835,0.03730461794264447,-0.006261788670814368,0.04565503813956889,-0.007741581988136305,0.049877481006560885,0.03751475406028476,-0.11157057637260757,-0.008828553271670736
0.11027479633760999,1.9093347330494428,0.631050090416815,0.08208205161912709,0.030672768739173604,0.23283857245158118,0.1944320152185512,0.1977671910954152,0.17934449846903536,0.25909256071377884,0.17101063911647738,0.17231924088331368,0.09549469163801332,0.11983005949715925,0.28835962678140686,0.12100718387888881,0.252579345233495,0.30834799160365006,0.07855732094878692,0.29372539804309694,0.17522069319275727,0.1741989354500348,-0.11663232706045328,0.10964253717400411,0.21294331521945073,0.14144128849669949,0.2661211638682387,0.24380992703202828,0.20233818833489353,0.14425646351871438,0.13812575104830851,0.1658437927915704,0.18450868274417062,0.2473654824509471,0.06667419908646753,0.1502060508820957,0.49097181719329125,0.2748788899073073,-0.14403282743695986,0.009582881151482,0.10140254081643188,0.23791473979162991,0.275953006245647,0.0349586936896858,0.2813004221063995,0.18976543674909008,0.23366258035018359,-0.007190126988366317,-0.07078468783551226,-0.13016757574841217,0.1898388829713195,-0.03753458779196498,0.014665344699083491,-0.037755362618131456,-0.38979225731580036,-0.11618421217597494,-0.09029490796566726,0.26443676961515056,0.2229513955401962,0.13216626236931905
0.1734881818232219,0.631050090416815,1.5423209823096085,0.008328578874309737,-0.25491877227821363,0.2360547235046341,0.21554447910056204,0.20753090043480657,0.2827332225794292,0.34048090814825044,0.13373488093287333,0.15223159710347886,0.08652588681823353,0.04118970881467839,0.25013425629836045,0.00887033700227205,0.26121199264430683,0.22086531310447377,0.03951891727442262,0.19851707778403613,0.16779307874094593,0.1995082341574988,0.0050198546784945355,0.1968144458734937,0.32779282108549224,0.11245933152280935,0.2095748727303794,0.2271282796562352,0.1356625944670303,0.08301329596983191,0.18044513765563258,0.09927844486213033,0.12762754249579417,0.1680762122180912,0.09978896344234983,0.25362304143054404,0.31445594150907663,0.27136679567325966,-0.11120948837610053,-0.14480441895353138,0.14581214058615868,0.286329903448103,0.16018454213496597,0.09053411771557328,0.29228140907095085,0.31571309492448435,0.2031794879247864,-0.02611006446860045,-0.30873250344971365,-0.036676560438795656,0.06222932514912653,0.082181551402617,-0.026813226752779695,-0.09141436715934687,0.018191319324031483,-0.008241972307682033,0.08233305328833687,-0.22119868110127078,0.14060869461971168,0.14072261573928826
0.05706460957350235,0.08208205161912709,0.008328578874309737,0.7783379770906508,0.4467872879363364,0.3184952483182324,0.2164850107850015,0.22093682585500016,0.0945828055045527,0.0544399985734326,0.1579880772508739,0.1742319070324254,0.09189018555592822,0.18365138989474927,0.14312594549934562,0.2155253860004068,0.16158730736852844,0.12679305060569213,0.22170949839481438,0.18261631032154657,0.16263296735930585,0.16334002504012574,0.06763228300992269,0.10762327506885846,0.09135272142494522,0.1913450035345987,0.07455987187664437,0.08234419480440142,0.19260064046609604,0.04131775483974971,0.12854570751180008,0.1687220601791071,0.061507549399144525,0.27350121659317617,-0.044808054501087526,0.0839269145010813,0.1779096859331833,0.13707929280779105,0.2584280391198128,0.05612563965678215,0.12488703083219281,0.17688266331942257,0.13749352061561676,0.12913829665330978,0.15732692280674135,-0.008920342201960961,0.14590099033984769,0.013596398353552374,0.13352116105175668,0.07330881284944783,-0.050339471191563324,-0.008034156166643559,0.004568874291372913,-0.031195043683947637,0.06410098694482615,-0.09933826955268919,-0.16392157087558581,0.07070742582269086,0.1450149921110539,-0.021607842519643553
0.09597178573084812,0.030672768739173604,-0.25491877227821363,0.4467872879363364,0.9104525327022953,0.2649076303008566,0.16657646311304186,0.2005187738773538,0.07117088280843031,0.0292923577701046,0.15240325498511773,0.17517929035293525,0.10807143330116567,0.23710581884525964,0.18260972643265028,0.25643412707592195,0.12135648820582029,0.10182781227538273,0.3169918866595528,0.16703498842619527,0.1445142466762975,0.1570395176989031,0.1026997691188549,0.09997814090559735,0.03391353690691179,0.20791884372590883,0.018879168038117275,0.03034990471514389,0.19729221878351696,0.00021242452079995195,0.13581986245537617,0.19331942799306717,0.07667113543148289,0.3405747632615594,-0.04682354996181602,0.09161902641666732,0.1997532979837055,0.09839283056358125,0.3523350594304381,0.12217371361812225,0.1277020737035355,0.13923295428462132,0.048900160035774354,0.1554326716316583,0.12116381027094449,-0.025657965289568537,0.11869671978309394,0.021558243059627804,0.22697367987595368,0.14456230523041594,-0.03666425185211544,-0.08354399329663247,0.0652215082305057,-0.04493762420542055,-0.0349589013428509,-0.12563697226515497,-0.088499071327671,0.024058337803796993,0.1764572888082675,-0.07438753862117178
0.07910816936023261,0.23283857245158118,0.2360547235046341,0.3184952483182324,0.2649076303008566,0.7514457136471765,0.253098495316108,0.2639758516657854,0.15833632267256725,0.17785785782294636,0.24058703536184042,0.18970133106320483,0.11901968878523962,0.18497125841384937,0.23041379737418471,0.20239310320690693,0.27827409104192463,0.21124657066546335,0.34710067424103064,0.3191649422065008,0.26941539368818385,0.24196980395176815,0.01580679115658004,0.2286241897663722,0.2716325864134768,0.302671179389399,0.16975598509534362,0.27416187077156007,0.2934755351696351,0.09879676940462337,0.21497603025741582,0.2560114476207916,0.003135456979277412,0.3493800839560001,0.039539992057090786,0.10396465488340155,0.26265884204419804,0.27794707652752004,0.3627745563842953,0.07357129872966688,0.17104033966919793,0.29504410173697915,0.2412683898453111,0.2502078366397269,0.3977400608710801,0.02266856888825642,0.2749140839668725,0.017536959636611744,0.32972611409353175,0.058776210529899967,-0.15040061157990586,0.05158704907776081,-0.10676046825991817,0.056400696858138456,-0.003433319305632034,-0.012911829344347567,0.09799848838045468,0.047803439236316046,-0.0454853058713402,0.13559004892207877
0.07473083233397394,0.1944320152185512,0.21554447910056204,0.2164850107850015,0.16657646311304186,0.253098495316108,0.5254885366565928,0.18450035062840023,0.32624400155931216,0.21471758574198657,0.2100681762315586,0.310216721434561,0.11410559124803236,0.20380218087020685,0.10023314960345983,0.20863180018076705,0.2557134763139073,0.25813407833358704,0.0858998682537927,0.19173617866490344,0.20292167104553396,0.2822137172544147,0.12808256315326597,0.19931486287090078,0.14235046845119845,0.18332010492360384,0.17789943647231257,0.1412224583229128,0.1521654940195993,0.15207848421779777,0.19052358148687606,0.22393720734060216,0.11909429304256801,0.27853250764606974,0.07664590706270102,0.19373012568172612,0.24389535554413755,0.21941042893660237,0.16509713028903528,0.05137473923893513,0.15951601244813907,0.27947435388641156,0.1793778788957019,0.17917033009002103,0.22740287849584528,0.10953723954008271,0.2350056700458259,-0.009033368279397207,0.1847515187815238,-0.025451617540027067,-0.005372461271827442,-0.11589407107312458,0.02580588831534621,-0.0030619942505309174,-0.002776315151533551,0.10576460282175094,0.052697480574973005,0.016332494754013535,-0.17790258386597368,0.06167363288998073
0.05516709624652274,0.1977671910954152,0.20753090043480657,0.22093682585500016,0.2005187738773538,0.2639758516657854,0.18450035062840023,1.0724662527595463,0.06235179442736244,0.15305144407572885,0.2073998791365985,0.13447524280418602,0.1165549044104587,0.1862738622372177,0.15381566450493495,0.14784561282932895,0.24712819432925487,0.38187024314033535,0.19637073656542256,0.30086046644387693,0.21563265714057425,0.13729315096730732,0.14903636306225873,0.09757634621290058,0.08615807662981738,0.26741280514171095,0.28374327799022137,-0.03430872293460402,0.22511809752640652,0.2459290394546534,0.16888125216257993,0.16366340616465438,0.13634869649314096,0.274154230625384,0.25972280003960746,0.08623441224716416,0.4012901433368825,0.2651625368708771,0.25301027191730785,0.19407477742542137,0.18584080378150553,0.19675326684533145,0.43099791294092066,0.10779255192590317,0.27029512906338593,0.10506008397776272,0.4125015076743575,0.0425288792162924,0.3575229987057629,0.25649476173626745,0.0012899661581019894,-0.0072498769669329345,-0.06245384656104615,-0.07316305226113463,-0.04863870256343685,-0.04941906498881444,-0.057431620286231444,0.42712347723630156,-0.31683066037660096,-0.036101348216354405
0.04084567839647731,0.17934449846903536,0.2827332225794292,0.0945828055045527,0.07117088280843031,0.15833632267256725,0.32624400155931216,0.06235179442736244,0.6694195173809169,0.2253599967396318,0.1681916225656206,0.22750136621446992,0.11452540634709346,0.20663785631101694,0.009070575554396706,0.16650860727295125,0.20843003958435247,0.2452934420314907,-0.012853639351141099,0.15041383889289198,0.14601392646234718,0.37177981074575567,0.11392888597507117,0.21262362227907644,-0.0015635196222548756,0.13388108236602445,0.13725180738816048,0.145397035612796,0.02372065113917898,0.16433379360739206,0.15279466415302206,0.22894169675237458,0.18121196124287564,0.10551176818792231,0.07591712620376302,0.17811362960818858,0.26017153776248436,0.21202881585143274,0.07838573974471975,0.029397733653464153,0.10660888773600836,0.20942391160598853,0.10200823041734096,0.16544544417611812,0.17494497182271,0.15251517799997705,0.22190822277767583,-0.031163339866067143,0.18659454451840443,-0.06529128177510472,0.05443099091196751,-0.16821782257923507,0.04817219918041766,0.04342670990669875,0.06107598943005178,0.14532585839762674,0.12427415937216411,-0.18617638155503138,-0.14972791992467763,0.08937772142103861
0.10958061011564471,0.25909256071377884,0.34048090814825044,0.0544399985734326,0.0292923577701046,0.17785785782294636,0.21471758574198657,0.15305144407572885,0.2253599967396318,0.9653006621052899,0.1838886696223669,0.3188442314406698,0.1104929581573923,0.1900079001147117,0.27837834445069853,0.10891297205925596,0.2699293124543078,0.27384765575996584,0.07010271090057708,0.18902226635070818,0.13112915703835656,0.17668728835737035,0.11029797245244899,0.20853064579039923,0.2736503084748661,0.12555727121382382,0.34026858990767395,0.20284922102693598,0.21205927987257273,0.21631059071094846,0.2396137770723351,0.23371669788766702,0.06180831071221211,0.4327238808056775,0.21167366417421055,0.3199731349227253,0.28295752052526835,0.2225290430724504,0.017779875785471855,0.07471723625127749,0.2224391946498724,0.19756912601010618,0.24882615539633227,0.0970623781207238,0.16638632803948294,0.3138426230100587,0.3303136398382464,-0.00723181366563047,0.11124082846136367,-0.042478224233268407,0.05948046506199728,-0.01022740814210527,-0.03277516882970497,0.03230112161528687,-0.042223932819386294,0.07696288742358144,0.30069683834635813,-0.04027158501222873,-0.28389097535115176,0.08517869585287677
0.05492514062583201,0.17101063911647738,0.13373488093287333,0.1579880772508739,0.15240325498511773,0.24058703536184042,0.2100681762315586,0.2073998791365985,0.1681916225656206,0.1838886696223669,0.48500346613285866,0.27705648479624856,0.16339250183137316,0.16754869667291974,0.21732945511720675,0.2092120972183243,0.27790246669644014,0.18866476582525285,0.1350356018597395,0.2302517356303324,0.176012155143056,0.20220208018249175,0.07195912920891182,0.18794965955765028,0.1522822798137051,0.19328139057450103,0.18510731421747254,0.16818701993380603,0.1781088599100101,0.13383515092864143,0.17496743961971542,0.19170383558903542,0.13358100126841718,0.22016554215202075,0.19272956303187316,0.18153319096763235,0.1803278121503089,0.1718870498776151,0.173029573599293,0.1306628262387571,0.13153462563100235,0.18918458141678493,0.16143447747875742,0.13492902904521423,0.15750967892986056,0.10970137727606045,0.21690103830597182,0.0027545444634701336,0.25362951343990475,-0.05962572210806211,0.0022970413266904456,-0.06564996728460866,0.05411068768233595,0.06707825542201218,-0.0571776895317832,0.013626812054271253,0.04806852550280861,0.08275661587386603,-0.1489523938240317,0.06335188634604091
0.07739458997586984,0.17231924088331368,0.15223159710347886,0.1742319070324254,0.17517929035293525,0.18970133106320483,0.310216721434561,0.13447524280418602,0.22750136621446992,0.3188442314406698,0.27705648479624856,0.6478926208660221,0.09962488550911298,0.3037751720182501,0.21296350292990954,0.2950566302777782,0.27119305027412055,0.20198030284679927,0.12418767054283254,0.1996971285149839,0.16585017738383315,0.2503020730739448,0.13404834080247327,0.1724273239458989,0.14943699083253795,0.18601847091916257,0.2621115391614653,0.11516858230342078,0.17616159336801335,0.09386879718795135,0.2204018651051284,0.2954561874776456,0.1515526617814345,0.2787108021872126,0.20348573481606091,0.2599042637835361,0.1543239783491465,0.16984547164599206,0.16937254901786844,0.15053464051300353,0.09925374055784479,0.15818231420845527,0.19595508882131646,0.0937446830659256,0.16184501660210657,0.15214948050379068,0.20140984830214928,-0.013347227264767867,0.18148258045733714,-0.1753884105240174,0.0074040087071630374,0.05017067260317573,0.013656590009734631,0.004288515278789152,-0.047754321454480025,0.09967307733374156,0.02624492407910934,0.11590872285672653,-0.3528907592281515,-0.01842136241106924
0.03247472484393195,0.09549469163801332,0.08652588681823353,0.09189018555592822,0.10807143330116567,0.11901968878523962,0.11410559124803236,0.1165549044104587,0.11452540634709346,0.1104929581573923,0.16339250183137316,0.09962488550911298,0.3128153715593064,0.1226892885774017,0.0035835156672088388,0.15125719214330405,0.11676440277190826,0.14841878761364324,0.07422028000796461,0.10855417646921542,0.09429744474787555,0.1411033546485674,0.08195412552856426,0.10187939086841617,0.08683427319300979,0.10339484903296922,0.05981063808475971,0.0710652578061469,0.1274969586593508,0.11600021169585735,0.09286721280155433,0.12529754874374524,0.08936349552371274,0.14144127246720023,0.11782060291134484,0.10862249456814316,0.0981158941291788,0.10350444018379969,0.12427657606312759,0.04237346329596627,0.11029156340944787,0.07678589925378775,0.07913764175683077,0.13114454752703145,-0.028086312871644797,0.11673517978929349,0.15983756350361253,0.0012102710851277798,0.16109073118674008,0.08711089053342327,0.008192230676264503,-0.04493095014940917,0.022556529330819614,-0.0480904229907355,0.007348900056475629,-0.029060259898111104,0.04396280257322851,-0.008377775154628456,-0.03671288961273034,0.021334217253463548
0.05570866469396443,0.11983005949715925,0.04118970881467839,0.18365138989474927,0.23710581884525964,0.18497125841384937,0.20380218087020685,0.1862738622372177,0.20663785631101694,0.1900079001147117,0.16754869667291974,0.3037751720182501,0.1226892885774017,0.7829514622674683,0.13177021369319403,0.5360251714727154,0.285319029067748,0.054810224082594984,0.17694898570166168,0.27913442548242506,0.15737402462404326,0.3878066635827453,0.07731253128691921,0.11320668971835905,0.06782478767009452,0.27665832484814445,0.2818582506105432,0.2902311083105755,0.18964655398070263,0.29507311561768357,0.2428300722837863,0.6201321716721477,0.2296896199091641,0.26517144235432233,0.20664733463283333,0.32716126617276947,0.21036060926149766,0.297333224770112,0.23754496352730498,0.22264067188257605,0.27549024443930425,0.11772088298839893,0.2309766568901036,0.25057042753451136,0.1902201933931917,0.1389620973816113,0.26357312303876795,-0.013409371474946894,0.23217181811554027,0.023032437947719888,0.01527293209631513,-0.10341734558394489,0.09994794346067715,-0.031175750639458124,-0.16858198457166107,-0.09775916627917505,0.09589111729383513,0.2799772485248262,-0.28916870147034146,-0.17367495269294214
0.11100847435815661,0.28835962678140686,0.25013425629836045,0.14312594549934562,0.18260972643265028,0.23041379737418471,0.10023314960345983,0.15381566450493495,0.009070575554396706,0.27837834445069853,0.21732945511720675,0.21296350292990954,0.0035835156672088388,0.13177021369319403,1.1221670304885787,0.09412401646193579,0.2183883029043599,0.058376314186624416,0.2062651603812841,0.22835540066368526,0.14642089376938167,0.09480096857619419,0.01135049126192733,0.20987409560139078,0.22804349630070933,0.20095453683736447,0.27548921598305975,0.2877375464959734,0.16455072007434046,0.16857033146321787,0.1893919429492481,0.14255429937236488,0.12508386432257276,0.28826478317332616,0.17834680011872928,0.2242115884536618,0.21971279575140343,0.13377848877599388,0.12786247614099083,0.07599720802831479,0.14216410134316043,0.18278154820367357,0.21398127112104742,0.08649839782503606,0.2157263848426983,0.04096467826487884,0.14916900524875806,0.02074560171835501,0.21769763352005317,-0.18673911399051255,-0.0849281054758529,0.25643644519627906,0.017004184671884023,-0.009349064296299565,-0.0006353487736415715,0.07406838974648774,-0.024763099827114835,-0.07936717888615177,0.043139994190503565,0.021314534508751603
0.05220657820056597,0.12100718387888881,0.00887033700227205,0.2155253860004068,0.25643412707592195,0.20239310320690693,0.20863180018076705,0.14784561282932895,0.16650860727295125,0.10891297205925596,0.2092120972183243,0.2950566302777782,0.15125719214330405,0.5360251714727154,0.09412401646193579,0.9864770151108713,0.22194777193863457,0.15763904459127628,0.20799795822586428,0.2786362910487592,0.12373596510885325,0.47287748315240363,0.03807034674841526,0.15418642820897685,-0.05483974518590601,0.22497047644151613,0.15428026557672264,0.2583922760936939,0.2111062213969923,0.22628070018899174,0.16023296363646766,0.45809944381462664,0.17468172436387247,0.25303502797820954,0.336346095742253,0.16925390375372043,0.22579987875448057,0.22200475007854018,0.28827724943298544,0.19498026880157732,0.19613401012673004,0.08374658900901255,0.2048820958880352,0.2541826821181363,0.09431216279824964,0.03917190164317612,0.2242647320712621,-0.019813819398884304,0.47885901017288723,-0.13422368697828516,-0.09025627181772339,0.058768524325349285,0.033405645210169414,-0.02729319213891846,-0.03961144859052576,-0.03798919487094393,-0.06351166639946035,0.18262081160171087,-0.17651305823146352,-0.12502964329707061
0.05205859107489679,0.252579345233495,0.26121199264430683,0.16158730736852844,0.12135648820582029,0.27827409104192463,0.2557134763139073,0.24712819432925487,0.20843003958435247,0.2699293124543078,0.27790246669644014,0.27119305027412055,0.11676440277190826,0.285319029067748,0.2183883029043599,0.22194777193863457,0.7630582591091127,0.13768644644687325,0.1864948880253576,0.3182464074994347,0.24653864855974109,0.2947919688355396,0.020557578837440336,0.17686092525166114,0.4548609278783212,0.19503466488716972,0.3413993948230431,0.46088481368794915,0.18161670380418155,0.2929331506350157,0.3102995982927147,0.28469616988091684,0.2546539860070132,0.28790405766536226,0.22211210347420463,0.3587397008882018,0.40240903423732466,0.35358953353484635,0.10752014090428705,0.12229627741134277,0.2996515048948811,0.45993543128910613,0.2977336718107539,0.22800869516172934,0.45571243283923696,0.1842971069601038,0.3722130686176173,-0.011739470688175076,-0.2144785755173558,0.14484292158452078,0.09378291038853788,-0.15122092211800248,-0.0917877248908219,-0.008124306287268929,-0.11544352959367836,-0.04653376616970675,0.060076252401301856,0.14953511318573068,-0.15374574373762523,0.0148739372748533
0.08330695199862607,0.30834799160365006,0.22086531310447377,0.12679305060569213,0.10182781227538273,0.21124657066546335,0.25813407833358704,0.38187024314033535,0.2452934420314907,0.27384765575996584,0.18866476582525285,0.20198030284679927,0.14841878761364324,0.054810224082594984,0.058376314186624416,0.15763904459127628,0.13768644644687325,1.129003118590953,0.08525442677446575,0.11559793728215585,0.20264430171844733,0.1391910963333825,0.23732113838799826,0.2118909865046025,0.1581278161791314,0.18184162447089083,-0.021457445660446724,-0.06732323311118783,0.28979759578695097,0.0303877469200054,0.1625235252835013,0.07036584607030087,0.008075227424176712,0.27624782968166783,0.13570665270438825,0.05109329865689722,0.41544976558622077,0.13399210204810716,0.22953604658480384,0.10188062109898328,0.20994015571390626,0.27680079492567655,0.2134348702872998,0.08759908956608735,0.23370758691492952,0.17251763446300528,0.5135721795557078,0.006955649734628302,0.030730859027109356,0.3823160344843759,0.28179309095620053,-0.3190449519958579,-0.2856314020875002,-0.10965407411992209,0.09625774703826014,0.12881364852676086,0.032819670089082834,0.1130007985254932,-0.3600574457755225,-0.044045362782244385
0.06265353292176117,0.07855732094878692,0.03951891727442262,0.22170949839481438,0.3169918866595528,0.34710067424103064,0.0858998682537927,0.19637073656542256,-0.012853639351141099,0.07010271090057708,0.1350356018597395,0.12418767054283254,0.07422028000796461,0.17694898570166168,0.2062651603812841,0.20799795822586428,0.1864948880253576,0.08525442677446575,0.8163592903347034,0.10208912536040453,0.21912962838367106,0.16587020450699272,-0.06848687484468577,0.08724895463906165,0.22289136601499632,0.18695350065770466,0.1538071670545775,0.3339592365836359,0.1289701812991848,0.11495384817207084,0.1963588332258593,0.2145740900328245,0.1264679664934458,0.21620898989618634,0.02111517310585711,0.0972420883125686,0.1756668119081657,0.2171891847263646,0.4403734423124174,0.06884164719569359,0.221063726919397,0.1757248681696457,0.15913059920562866,0.2398679283123515,0.34373702113827326,-0.04763043387055893,0.12445685480021734,0.04240797815736537,0.22055413083826178,0.06833019066466961,0.0742085603316487,0.263498190546381,-0.25627929958644147,-0.06500014921551327,-0.05219876855495939,-0.057523468730947824,0.021848296639034,0.1150015988299479,0.02604275361045105,0.05139880615752872
0.04153995328787326,0.29372539804309694,0.19851707778403613,0.18261631032154657,0.16703498842619527,0.3191649422065008,0.19173617866490344,0.30086046644387693,0.15041383889289198,0.18902226635070818,0.2302517356303324,0.1996971285149839,0.10855417646921542,0.27913442548242506,0.22835540066368526,0.2786362910487592,0.3182464074994347,0.11559793728215585,0.10208912536040453,1.115285776269977,0.08158901024473053,0.16676120667712704,-0.030717211801629316,0.26386197429819475,0.2563797385759204,0.3142208187044375,0.1509683301573927,0.1345157555936799,0.3068323459545248,0.21511104674952916,0.17946784653707615,0.24309563199261144,0.05489765945597117,0.3371026602026684,0.1954362249998645,0.12428092180500701,0.5627752838139467,0.22161523412933345,0.4055672490415549,0.2316577111155291,0.14055926709048508,0.30218221019707814,0.21601258709618007,0.04065962747774133,0.37733738576082726,0.19402796105057757,0.18454910739217928,0.03527489937643118,0.3766220238031965,-0.07760510804953877,-0.08308217874987837,-0.03671260691026941,0.1573619518322893,-0.02733358991830623,-0.004080603971115746,-0.038204843078697745,0.05544926609284759,-0.06098810001767131,0.0022401264678516735,-0.020435802992705823
0.05845558463114094,0.17522069319275727,0.16779307874094593,0.16263296735930585,0.1445142466762975,0.26941539368818385,0.20292167104553396,0.21563265714057425,0.14601392646234718,0.13112915703835656,0.176012155143056,0.16585017738383315,0.09429744474787555,0.15737402462404326,0.14642089376938167,0.12373596510885325,0.24653864855974109,0.20264430171844733,0.21912962838367106,0.08158901024473053,0.7185289616315799,0.14157317111830897,0.24563741377886936,0.0938044351319984,0.05739160639441183,0.1636834535172074,0.15572589856554347,0.2652665595941635,0.17023391426363216,0.3435862120552402,0.3030957053668095,0.2174447483656106,0.1579479853904724,0.24350555809208332,0.2600338809268128,0.29755064032689305,0.22609272472991182,0.313230112072958,0.6144710179514691,0.2034674046284367,0.4317311576188801,0.42489415601653524,0.23239749866091788,0.4118353628614893,0.7279562917043227,-0.010111549650882663,0.3954843773841463,0.030008185335562012,-0.05663361737258211,0.11541600800369838,0.04065119086591898,-0.0333233231245301,-0.08205465098024115,0.04893939943837021,-0.03683926638915781,-0.030713909158580393,0.015772050541360987,0.07726518590164465,-0.01586447229457647,0.14432592220619778
0.06397484932378739,0.1741989354500348,0.1995082341574988,0.16334002504012574,0.1570395176989031,0.24196980395176815,0.2822137172544147,0.13729315096730732,0.37177981074575567,0.17668728835737035,0.20220208018249175,0.2503020730739448,0.1411033546485674,0.3878066635827453,0.09480096857619419,0.47287748315240363,0.2947919688355396,0.1391910963333825,0.16587020450699272,0.16676120667712704,0.14157317111830897,1.0505249666453422,0.0601396447272008,0.17510894340380964,-0.05869533714278138,0.22748495939374078,0.28962339300348344,0.29906905468477396,0.02951894272919722,0.22086804010134584,0.17946211033080525,0.3873051111825749,0.3044197731201305,0.1864080553238009,0.20461667303589265,0.2317197113960761,0.272761476204122,0.3446440587888843,0.12523481077466736,0.07348529000383122,0.1451450431121555,0.23612749347592943,0.23593632092872474,0.3033671204643913,0.12739241198780826,0.14339130354814733,0.23246805979621374,-0.09840540567453228,0.4665474149882047,-0.10429974464686588,-0.030509452248236542,-0.09922783607530973,0.03865971666420448,-0.017721516752482225,-0.038134928168192285,0.03601705908267877,0.038241842343826674,0.07265603670752455,-0.1850176671882385,0.031422622524759566
0.029604334913800268,-0.11663232706045328,0.0050198546784945355,0.06763228300992269,0.1026997691188549,0.01580679115658004,0.12808256315326597,0.14903636306225873,0.11392888597507117,0.11029797245244899,0.07195912920891182,0.13404834080247327,0.08195412552856426,0.07731253128691921,0.01135049126192733,0.03807034674841526,0.020557578837440336,0.23732113838799826,-0.06848687484468577,-0.030717211801629316,0.24563741377886936,0.0601396447272008,1.4885598013894088,0.11195858151481076,0.06848431410181831,-0.11452742194715465,0.07486224694185299,-0.4800562274990556,0.2884372265528976,0.3594549862030572,0.31815930102653694,0.02409673683986082,0.13428812303821416,0.2694622897171276,0.21257301972575451,0.5146702334506904,0.04523707253452542,0.025258115170102687,1.0781278118280118,0.254623729317788,0.3638127927668357,-0.051001187530637926,0.029436980609654488,0.7057067808008014,-0.16937636055657596,0.13316027526072596,0.40177052450056716,0.054866996691972265,0.24064412693982742,0.009468485335927073,-0.04210127930461038,-0.04737735385972447,0.20031675562187884,-0.07118021750573122,-0.07104579902883368,0.024532789406569357,-0.02012619073110531,-0.08841280038552565,-0.012006695076082584,-0.026053319119234395
0.03135885634547174,0.10964253717400411,0.1968144458734937,0.10762327506885846,0.09997814090559735,0.2286241897663722,0.19931486287090078,0.09757634621290058,0.21262362227907644,0.20853064579039923,0.18794965955765028,0.1724273239458989,0.10187939086841617,0.11320668971835905,0.20987409560139078,0.15418642820897685,0.17686092525166114,0.2118909865046025,0.08724895463906165,0.26386197429819475,0.0938044351319984,0.17510894340380964,0.11195858151481076,0.797566106762878,0.4266399619454027,0.11259264007978148,0.04537555982171459,0.1358301427171607,0.143512040184625,0.19169558571180711,0.16179146117689477,0.14997487099909282,0.1107288283196568,0.22240734554524377,0.23643362340641805,0.19285731990916383,0.18834233815810392,0.12059845484827636,0.06465080278759701,0.03471584341831491,0.09704300705097665,0.17817193408037393,-0.03282693295320591,0.1283863198289331,0.03590661632096273,0.06344878090607241,0.20723180245806733,-0.0063714402061503,0.37317363940929016,-0.18345059684426343,-0.0011947401256311853,-0.06256374928711288,0.10334983891275808,0.0570632401077756,0.12432824149225156,0.11873258690449791,0.1530085220776639,-0.6283331766190838,0.2982640263812566,0.12415212658334265
0.1820308594176583,0.21294331521945073,0.32779282108549224,0.09135272142494522,0.03391353690691179,0.2716325864134768,0.14235046845119845,0.08615807662981738,-0.0015635196222548756,0.2736503084748661,0.1522822798137051,0.14943699083253795,0.08683427319300979,0.06782478767009452,0.22804349630070933,-0.05483974518590601,0.4548609278783212,0.1581278161791314,0.22289136601499632,0.2563797385759204,0.05739160639441183,-0.05869533714278138,0.06848431410181831,0.4266399619454027,3.3983647117202134,0.402300709554433,0.53889764052164,0.47548805583810416,0.405764733406753,0.25040672576223405,0.5011595412042245,0.1172296389897604,0.11357625049802042,0.35400368651492387,0.15621482072526657,0.5364769666929058,-0.14191434194397134,0.46331520200646686,-0.5378850560361085,-0.23153496875402713,0.3473319725055869,0.44048681671053047,0.3711756127674779,0.1914194372068855,0.32006281135224973,0.37161625436872325,0.319332218486054,-0.0674007168878592,-2.0377389348787656,-0.22940175890677889,0.15270935992532578,0.23969545159443525,-0.07163193207898011,-0.11796130547224393,0.08615073113616237,-0.027562429805255823,0.12665845664631045,-0.14031364839074698,0.14554196684728166,0.12192914524059796
0.030705943437607908,0.14144128849669949,0.11245933152280935,0.1913450035345987,0.20791884372590883,0.302671179389399,0.18332010492360384,0.26741280514171095,0.13388108236602445,0.12555727121382382,0.19328139057450103,0.18601847091916257,0.10339484903296922,0.27665832484814445,0.20095453683736447,0.22497047644151613,0.19503466488716972,0.18184162447089083,0.18695350065770466,0.3142208187044375,0.1636834535172074,0.22748495939374078,-0.11452742194715465,0.11259264007978148,0.402300709554433,1.431211491669949,0.0967736667145863,0.2870367817674999,0.25803932157592996,-0.331394722655089,0.20775216941136865,0.30911795948480386,0.12776392306324072,0.2883223633267669,0.22430074987062942,0.16813692250026882,-0.19515091770031767,0.06749410374485845,0.2909044889037101,0.27287748408256324,0.11006928316034925,0.3154846116988211,0.0926895147944148,-0.028273550196447516,0.38148645432471623,-0.11864248328529191,-0.05453832344828648,0.01423960083734759,0.8163800039242747,0.28630935060344653,-0.13633017263584232,-0.047979007609759865,-0.24271108049063292,-0.048020401580796276,-0.06673663302979124,-0.030318745293521764,-0.00493389227827148,0.2122234033259065,-0.1505177718663219,-0.0018401074869092895
0.07994060787940711,0.2661211638682387,0.2095748727303794,0.07455987187664437,0.018879168038117275,0.16975598509534362,0.17789943647231257,0.28374327799022137,0.13725180738816048,0.34026858990767395,0.18510731421747254,0.2621115391614653,0.05981063808475971,0.2818582506105432,0.27548921598305975,0.15428026557672264,0.3413993948230431,-0.021457445660446724,0.1538071670545775,0.1509683301573927,0.15572589856554347,0.28962339300348344,0.07486224694185299,0.04537555982171459,0.53889764052164,0.0967736667145863,2.108751251089368,0.6150413550613019,-0.02211760805618592,0.3598201621395844,0.5573681733597879,0.3112628198598715,0.42437975818455637,0.30412572104113217,0.46095726988128766,0.8796788280408387,0.3102062236232932,0.5225120415960487,-0.1564936825080346,0.3116703425737833,0.24381336397509032,0.0648711088465286,1.374503973302015,-0.09219389226504988,0.05336794467493927,0.38788128013951817,0.1464997695752096,0.0054511066277563875,0.6882368241778213,-0.056774175108558,-0.24599580388563025,0.6031374878972018,-0.05122551210510182,-0.08776650182102891,-0.06637289987570222,-0.013621187828003659,0.1552841720707044,0.498591993384232,-0.49832760569720536,0.03464338790030657
0.0463803680034698,0.24380992703202828,0.2271282796562352,0.08234419480440142,0.03034990471514389,0.27416187077156007,0.1412224583229128,-0.03430872293460402,0.145397035612796,0.20284922102693598,0.16818701993380603,0.11516858230342078,0.0710652578061469,0.2902311083105755,0.2877375464959734,0.2583922760936939,0.46088481368794915,-0.06732323311118783,0.3339592365836359,0.1345157555936799,0.2652665595941635,0.29906905468477396,-0.4800562274990556,0.1358301427171607,0.47548805583810416,0.2870367817674999,0.6150413550613019,1.9906096983560944,-0.20805291330215675,0.39485944460905126,0.4071843699008651,0.44329303655706387,0.34084039232471036,0.17090988884815136,0.19721605396938385,0.6433753597904928,0.006099502733843961,0.45694037199750254,0.013618057112572959,-0.03764895397431063,0.5208479343843928,0.09385457900363733,0.4750531873900047,0.5865619298986743,0.5119342765777163,-0.05819297298669137,0.068565293279035,-0.0015479523143184367,-0.011879005592019461,-0.2996072461786417,0.003594062365581022,0.7345701988581356,-0.5537259882972565,0.052306741387485624,-0.022896047677939433,-0.046753729244100796,0.24538799466351097,0.045980416747521215,0.024238198796600184,0.1388267583559319
0.046799965356752286,0.20233818833489353,0.1356625944670303,0.19260064046609604,0.19729221878351696,0.2934755351696351,0.1521654940195993,0.22511809752640652,0.02372065113917898,0.21205927987257273,0.1781088599100101,0.17616159336801335,0.1274969586593508,0.18964655398070263,0.16455072007434046,0.2111062213969923,0.18161670380418155,0.28979759578695097,0.1289701812991848,0.3068323459545248,0.17023391426363216,0.02951894272919722,0.2884372265528976,0.143512040184625,0.405764733406753,0.25803932157592996,-0.02211760805618592,-0.20805291330215675,1.8509234070722391,0.07331500765115395,0.052957055875434006,0.2126502097470832,-0.28838157954459137,0.6377556947464667,0.22980394136998802,0.31652925263777015,-0.23513124869096416,-0.2545888813101629,0.42814945631718565,0.2741694959369725,0.3280370922740251,0.03526245649376059,0.032255192837094306,-0.2961737352518308,-0.11399157278065446,0.42015038032115337,0.24129442005923796,-0.023542081121659595,0.63372683538761,0.35506328726861935,-0.16744133149592244,0.07887100644592211,-0.3165993889186684,0.031358070155082726,-0.02651819505471602,-0.07560951708232704,-0.06083019842999817,0.1339784608558798,-0.05887891440346215,-0.04812696801029009
0.07119916435799983,0.14425646351871438,0.08301329596983191,0.04131775483974971,0.00021242452079995195,0.09879676940462337,0.15207848421779777,0.2459290394546534,0.16433379360739206,0.21631059071094846,0.13383515092864143,0.09386879718795135,0.11600021169585735,0.29507311561768357,0.16857033146321787,0.22628070018899174,0.2929331506350157,0.0303877469200054,0.11495384817207084,0.21511104674952916,0.3435862120552402,0.22086804010134584,0.3594549862030572,0.19169558571180711,0.25040672576223405,-0.331394722655089,0.3598201621395844,0.39485944460905126,0.07331500765115395,2.8365903621063997,0.27398740032937235,0.3114073436666055,0.37436593890821185,0.1253451690824009,0.6419698475528478,0.32358768195488474,0.7639658428266966,0.9119033393814404,-0.009718021206221743,-0.05388556825398871,0.8570011216095308,0.3882114415531129,0.9108799425351959,0.8827182943480398,0.4843341836610849,0.21492094734016512,1.2961742731442758,0.09319258991049684,-0.012673314824217415,-0.006128272528654458,-0.07023294358541853,-0.16121501530698648,0.25243521566571914,0.0407010640655518,-0.05424658519627239,-0.16007025966579105,0.19658284654964692,0.27004745369216676,-0.20311292510270454,0.14692825286204406
0.07910092749440178,0.13812575104830851,0.18044513765563258,0.12854570751180008,0.13581986245537617,0.21497603025741582,0.19052358148687606,0.16888125216257993,0.15279466415302206,0.2396137770723351,0.17496743961971542,0.2204018651051284,0.09286721280155433,0.2428300722837863,0.1893919429492481,0.16023296363646766,0.3102995982927147,0.1625235252835013,0.1963588332258593,0.17946784653707615,0.3030957053668095,0.17946211033080525,0.31815930102653694,0.16179146117689477,0.5011595412042245,0.20775216941136865,0.5573681733597879,0.4071843699008651,0.052957055875434006,0.27398740032937235,0.920193229209502,0.2593653150137663,0.18448702099206726,0.2978916016187834,0.2217209926020175,0.7941842160058694,0.23502192859250992,0.43003397744800553,0.5567536427555148,0.1909247876064936,0.45278477870010453,0.23728795055463459,0.30949961431811907,0.3496363611979811,0.38041482029813434,0.24146912882428084,0.3180288058353078,-0.0004900110779529814,-0.2779680790139986,0.13149357748288532,-0.006074633382280572,0.16027203259118608,-0.06751896058148056,-0.09689481837008315,-0.011104171487922972,-0.005907774853486986,0.14182400473730739,-0.007612496505916991,-0.11136380475464407,0.041495198251120746
0.04919534891355355,0.1658437927915704,0.09927844486213033,0.1687220601791071,0.19331942799306717,0.2560114476207916,0.22393720734060216,0.16366340616465438,0.22894169675237458,0.23371669788766702,0.19170383558903542,0.2954561874776456,0.12529754874374524,0.6201321716721477,0.14255429937236488,0.45809944381462664,0.28469616988091684,0.07036584607030087,0.2145740900328245,0.24309563199261144,0.2174447483656106,0.3873051111825749,0.02409673683986082,0.14997487099909282,0.1172296389897604,0.30911795948480386,0.3112628198598715,0.44329303655706387,0.2126502097470832,0.3114073436666055,0.2593653150137663,0.7754020754783195,0.19727216498634234,0.3017635300667029,0.1511779409037905,0.31722435955777567,0.12264345408688672,0.3673599597500206,0.2200447675400467,0.16424734779528757,0.2781412600905056,0.15313927091492158,0.24659951750487052,0.2619528120321059,0.294240717884404,0.15018443672339712,0.2813618383370572,-0.01525703160805976,0.3230979719763081,-0.07631223501571509,0.008847984329823757,0.1844229189134792,-0.213922549979998,0.11547185904403653,-0.20403649922868358,-0.07551645999480434,0.26716266334614824,0.1962279884100151,-0.24617007423840137,0.09119864413736925
0.05613449762729245,0.18450868274417062,0.12762754249579417,0.061507549399144525,0.07667113543148289,0.003135456979277412,0.11909429304256801,0.13634869649314096,0.18121196124287564,0.06180831071221211,0.13358100126841718,0.1515526617814345,0.08936349552371274,0.2296896199091641,0.12508386432257276,0.17468172436387247,0.2546539860070132,0.008075227424176712,0.1264679664934458,0.05489765945597117,0.1579479853904724,0.3044197731201305,0.13428812303821416,0.1107288283196568,0.11357625049802042,0.12776392306324072,0.42437975818455637,0.34084039232471036,-0.28838157954459137,0.37436593890821185,0.18448702099206726,0.19727216498634234,1.6579314612645155,-0.1642929688000205,0.2516115104785157,0.14784258893726782,0.7875512485347962,0.43863265913676436,-0.32829755389927967,0.13234295996298262,-0.22325429048210912,0.13890948107094364,0.38579768860265096,0.35280839656004925,0.1651740267662151,-0.04444602480661303,0.33095720540215634,0.0034584456648555167,0.20307058920872578,-0.01565735656344557,-0.07345517725711047,-0.029156985719184975,0.11149666358270532,-0.12627909439981644,-0.2161543266581809,-0.10331580044626158,-0.07207726900717597,0.18731836435666585,0.05888697443220267,-0.037684047869603034
