0.9084406105193529,0.399289372066827,0.387612417617548,0.21814172269957768,0.07227248357238983,0.020926905141514032,0.1808074768193966,0.04281311869942277,0.0506004055179861,0.09776014756408034,0.10179155741326033,0.1360681456751906,0.07522371547460965,0.039709773355723725,0.10881987705431985,0.08202260481396384,0.053423167984859944,0.1607539629168269,0.11162782915955333,0.13433765498063668,0.03347567790554573,0.07337610893658432,-0.012743986501028322,-0.23116808287175017,0.09961938906082211,0.15414588693759598,0.07981809347402484,0.10105412551600547,0.002626177437364908,0.14214222785221103,-0.01188550818390543,0.037261119759142536,0.15971881106367397,-0.28722090882365925,-0.00705587826228217,0.08749139800927197,0.07294558913754322,0.07970005682301119,0.010755960916427517,0.07038300115347867,0.05446234035157391,-0.01177220442883913,0.036770340482100296,-0.0016585316170103764,0.19867971519506383,0.15615412049417526,0.04720237134429374,0.00757762360018771,-0.004186795457457568,0.09282643420112519,0.09715594586397719,0.016935240595088434,-0.1340526286914712,-0.010772980614397971,0.06335158470438294,-0.006652756085814096,0.28911885000082654,0.1306643292815122,-0.48957942496751716
0.399289372066827,5.286020866709049,0.8013419442936262,-0.3581769831859067,0.14684699553460812,-0.07474879659128554,0.8681301919806131,0.15973351923058898,0.4864653934351337,0.1955216980491615,0.3736163827183796,0.35637023797044426,0.2374796181130165,0.18542475463668198,0.5677160716921397,0.2632300945523166,0.1951935421181941,0.793900112727583,0.5943501757842782,-0.022667383457677596,0.408967457810938,0.36146430309483724,-0.44791149638405464,-0.03117629224707207,0.03508450048251025,-0.0885444913163177,0.2847120188476685,0.26028637810197797,0.271580767557344,0.38946458205332957,0.5931246042443133,0.22637142620463496,0.3253671031131154,0.27640146672737764,0.5274246799609846,0.3379155310204352,-0.1352823238183104,0.03172498355304577,0.4886944531200947,0.35255511647421056,0.23657163158518632,0.22934397421642522,0.36068815702500023,0.06693552819974603,0.6254684296497262,0.4215552959369842,0.43475203368147375,0.004955145218713626,0.200877378103178,-0.05645048058494008,0.5088323101926999,-0.25298464207314697,-0.29007169385668935,-0.1146321103974107,-0.7618150254890981,0.20311181221688288,-0.577679376947263,0.3929708944216936,0.7478124271936372
0.387612417617548,0.8013419442936262,3.070787884995666,0.3192570762108877,0.2335572859501082,0.6443091569768301,0.5153548125089923,0.48643202484809384,0.9494159759031738,0.5750256694315538,0.538240648401015,0.639467635661121,0.3368286017690846,0.42516717012922434,0.6141396807494319,0.437111943717213,0.7539682171213669,0.47190261207976486,0.9960910686766771,0.8322699065034843,0.6330632610671846,0.6938863829591129,0.7003743745908265,0.7970194981199632,0.5218590645212353,0.471142981743851,0.44887894374178466,0.8124195022485703,0.7539377902063628,0.729985424812671,0.38677752164888307,0.3240589526169248,0.6585374399435692,0.46320083541361984,0.8081054766644841,0.4447814190618194,0.44203766198071626,0.3892342115120597,0.8552018798332287,0.5619764326810691,0.6349411227989807,0.4856638841662936,0.6556132299677047,0.008510248491023416,0.8943660356471238,0.7907730384373053,1.0295565101722313,0.11820146797178246,0.8889509774843183,-0.13021019034892056,-0.034350616521805814,-0.10935694545897658,0.387334000665552,-0.2228299031165591,-0.05784673557304549,-0.02331729896631501,-0.8834870317188055,-0.06977419296778778,0.9141888065145815
0.21814172269957768,-0.3581769831859067,0.3192570762108877,3.26486520401234,-0.40779497368865975,0.0803314026745246,-0.0008754748201685508,0.13351218175812182,-0.07422788179903399,0.2520363794824062,0.049523801632122916,0.2523619750364205,0.044572436795819875,0.14708573451722684,0.004534271325112548,0.20422837338958305,0.21838417466431306,-0.002491227340269659,0.18782267585536142,0.08979885825483142,-0.05202346994242948,0.06508281304636256,0.018758633308630566,-0.23574290150276694,0.07689318911650733,0.1283500304518625,0.13070150038273443,0.25128717059854,0.07189231613320667,0.1343791628088465,-0.2860150727695214,0.23447346365667782,0.09491535835412618,-0.08011188592020528,-0.8721621308039769,0.3002121066581226,0.07869986378615954,0.056910849509638296,-0.14830605853813925,-0.16313458702564415,0.14600612915164643,-0.11286303275440387,-0.08353072403098386,0.0727990072121817,-0.07371183644162685,0.05651999998394521,-0.11001497864170574,-0.02660592858115755,0.017248060052154124,0.1597595051072749,-0.17749282136212044,0.035571789845160726,-0.4482942516114891,0.09099042900482855,-0.4961915047099961,0.003820456220966993,0.15002230546994189,0.5288083024951921,-0.4076687049228507
0.07227248357238983,0.14684699553460812,0.2335572859501082,-0.40779497368865975,1.3091473781521246,0.5942473267161312,0.023179833423274926,0.28376851273141845,0.29925928259668083,0.1138845505879677,0.2572261937652784,0.3317990418366921,0.1940319823536419,0.3284557645879178,0.31080742133375805,0.28845034911594175,0.18275921910222637,0.2057510660420471,0.10162354556615232,0.23981470784848494,0.2328879237961575,0.28782011891568876,0.35678990684662637,0.3714816060457962,0.25271236306970174,0.2735671724943247,0.19777352248076535,0.1029814239036655,0.40002205447394185,-0.3275483014785548,0.22129469178566713,0.32521542400635917,0.0236805934796512,0.5694964189521767,-0.028174494913540862,0.19329503497559955,0.0999445307919183,0.13587719581339774,0.10819996818387925,0.08822912636184455,0.20923737703630677,0.33620153599243446,0.17154713600755142,-0.0014366976686010008,0.03406148457291001,0.3579476958945353,0.328839821118186,0.010441527726525155,-0.014975621498906605,-0.2739095689944481,0.2048902616302712,0.009834216667671102,0.2710064323831532,0.02745960514519773,-0.0293849156702965,-0.14016883981122874,-0.21468112029699254,0.08575749210036523,0.27985305266123167
0.020926905141514032,-0.07474879659128554,0.6443091569768301,0.0803314026745246,0.5942473267161312,0.8920105054830937,-0.09414810238315498,0.4212945567087794,0.43382930309825457,0.24889846401166696,0.3014752493096256,0.4009738837307209,0.1970124683074706,0.42520499123827277,0.3628753643928485,0.3577169967090691,0.4276430363589555,0.21254192934604765,0.33238378756899906,0.4773546267650099,0.3367952497642826,0.3956434217122078,0.3991672993658576,0.5507783009606743,0.30735492545631743,0.3984634523847791,0.2875694323049689,0.45736038314676497,0.4393419699927011,0.002518975663639633,0.30287914744438643,0.399825483007781,0.1602513863719287,0.4286630687635689,0.25521627016157705,0.21708632588113666,0.12335458279390325,0.2520760268895411,0.4005674602902715,0.24484915958152279,0.2347901079649445,0.3087281417699821,0.332552292730302,0.00732623092195577,0.3017990111306345,0.3959772615182236,0.49971830142849466,0.04258162678167016,0.4202203404572734,0.0892974733891409,-0.338475694572712,0.1329238870050172,-0.037942163014371345,0.06879437627207063,-0.10836600481038074,-0.06206080401277618,-0.2912328033078625,0.19372051332564835,0.1790757605023277
0.1808074768193966,0.8681301919806131,0.5153548125089923,-0.0008754748201685508,0.023179833423274926,-0.09414810238315498,1.1880550018381744,0.18981885880730934,0.37458928143602294,0.12137734509599277,0.3340478778128997,0.31800226992385194,0.20337335060951367,0.15538994029037573,0.2374338853948405,0.2405645746550472,0.3298896789208138,0.30624630515131834,0.38912685470547764,0.2847114917659532,0.3091687971799885,0.3150179563994094,0.36412942551650795,0.4628426932260064,0.2631665938071195,0.06892560442744207,0.242495648828609,0.3117478691570788,0.22923388467813222,0.2940814495585125,0.278500849704503,0.15364442845000312,0.3400288057908353,0.32156034509472764,0.34214473554943914,0.18892007668181912,0.1496513218173376,0.12906811028097354,0.4157910270589193,0.24378782720185077,0.3555578235060819,0.2217949063102971,0.3051673378968057,0.020866870039395705,0.4871916027094905,0.32533092863484164,0.5535409665238855,0.06333448687650747,0.49305412098081247,-0.14796574106623822,-0.004295771174041435,-0.2886504801312749,0.2651024128151867,-0.02030319171194482,-0.16829761841488505,0.25318872381305946,-0.19966324209772215,0.13828367918462023,-0.08824722870762011
0.04281311869942277,0.15973351923058898,0.48643202484809384,0.13351218175812182,0.28376851273141845,0.4212945567087794,0.18981885880730934,0.652721672948431,0.2599602966988964,0.22069743899758873,0.2345598607801711,0.12968686560809214,0.21287714080351988,0.2823762079963754,0.16745834142350596,0.24059659977408226,0.3295115400620196,0.25312373462683296,0.3032693579154503,0.3781062183488765,0.24619228380798036,0.25743406831243343,0.2838754458556363,0.40006570227128607,0.24508646762400965,0.24383424891128888,0.20369244917504514,0.33756644626187116,0.29232119941803436,0.21945959273494176,0.25104366666437156,0.19655160922211012,0.2000316085335461,0.34322343004181194,0.31792501027010966,0.13943923750495296,0.2122339866630206,0.2015238728969271,0.398687924219664,0.21657375274317614,0.21030070647641685,0.12060218768452376,0.29300524778985976,0.013214189288101787,0.3138294722854609,0.2460901173897195,0.42916789458667576,0.04793051389459362,0.46675143000934705,0.05463286729305197,-0.2108980472248763,0.005308133262394723,0.23554470877504574,-0.12968255846103602,-0.1411558276107023,0.007817125775123406,-0.14618744661858105,0.22410501238122663,-0.03937521524123758
0.0506004055179861,0.4864653934351337,0.9494159759031738,-0.07422788179903399,0.29925928259668083,0.43382930309825457,0.37458928143602294,0.2599602966988964,0.9237321107456106,0.30226515799366693,0.35312198793035315,0.3851294613078202,0.21322445562146025,0.3799342395095395,0.40701275951016885,0.322875171087609,0.46984419053693494,0.33670371045613834,0.5755739824897556,0.4390980892092312,0.42210591921751295,0.6044534958501483,0.5126551852496979,0.6588656142471537,0.29545802511315566,0.35069821430655845,0.2990950983760996,0.5482312320545204,0.3789888394768541,0.2847055149182871,0.37272711226969224,0.33521778918800993,0.4442196235424835,0.3372419096840176,0.47105862792205144,0.2037165251973408,0.11980438901816419,0.21813545871080936,0.5038220731803055,0.3326629482336166,0.3499404221865198,0.39175070386989924,0.4268294245049199,0.007937078603901141,0.43953665559092914,0.5476521395309564,0.7221000731688417,0.044141999270652536,0.751133393991782,-0.21046674692337614,0.035674674837576505,-0.11184900647810954,0.24446194514488523,-0.05197924472492671,-0.04452580231189806,0.14648447154273994,-0.5341589418415147,0.004984279161985719,0.4079484504125461
0.09776014756408034,0.1955216980491615,0.5750256694315538,0.2520363794824062,0.1138845505879677,0.24889846401166696,0.12137734509599277,0.22069743899758873,0.30226515799366693,0.5911768882232536,0.2261383102554556,0.2704355485022292,0.1808532590809752,0.24867560304028521,0.26381912742441327,0.22702168809856355,0.3137422083891681,0.20768132447789847,0.31098541612958547,0.4057047899934529,0.23396408379730907,0.2560044474404386,0.20983581471754265,0.2177766521217421,0.21191781065139628,0.23547180037308746,0.23213570508522685,0.30720437526248007,0.35958113626252736,0.2726547693286176,0.1552472169483512,0.22666193677122567,0.1817172992606477,0.3562846113424588,0.35743409939335874,0.18566554485856845,0.27795417862868305,0.19715860353137296,0.3584184010330352,0.22310021626066437,0.368808565660415,0.1333194782616801,0.2853263966068571,0.009238318634480117,0.4283281427639626,0.3352385010410017,0.5024514392401375,0.05211954198504527,0.32079795056655996,0.02496117054634597,-0.0508081835493132,-0.031391728292791715,0.036166366571718477,-0.02477566803952961,0.043801555730662835,0.017535711913672772,-0.2556781888004614,-0.07574704777575389,0.22928680248586367
0.10179155741326033,0.3736163827183796,0.538240648401015,0.049523801632122916,0.2572261937652784,0.3014752493096256,0.3340478778128997,0.2345598607801711,0.35312198793035315,0.2261383102554556,0.483843004259591,0.3600847928567232,0.19549112500702107,0.26518100009190543,0.3784547362092414,0.2887874876968367,0.38074916433023226,0.2568165554373391,0.2709357271172899,0.3487752965475218,0.28950018819410994,0.31608045053264583,0.36594793418185706,0.44439299391579096,0.26406644196541884,0.1966577825282358,0.25550209073605584,0.34129305078173033,0.356212125713938,0.22832745742700647,0.2778410723635425,0.23635203012737976,0.23627894266704505,0.3305726649125301,0.4260858470601148,0.17453292299624612,0.1524823400051954,0.16782756301189541,0.3427132816798543,0.27805013239395715,0.32747346756832063,0.28205673898571104,0.28569913187859697,0.010076743217520332,0.3662225233291911,0.40074296344339866,0.5431364313865398,0.07152623450009928,0.42435429774990285,-0.1283130477923578,0.005295312151470867,-0.13180531893058214,0.20139710756523957,0.03461456586248379,-0.14144575969543674,0.06379292299053609,-0.2101509253815412,0.16403600054105888,0.02308672833406248
0.1360681456751906,0.35637023797044426,0.639467635661121,0.2523619750364205,0.3317990418366921,0.4009738837307209,0.31800226992385194,0.12968686560809214,0.3851294613078202,0.2704355485022292,0.3600847928567232,0.6512040238688859,0.16165867958627553,0.3104488112388021,0.3797024689044129,0.3498782078688765,0.38512396197148824,0.15291737188128296,0.32771547477690316,0.37538704026799136,0.29068822496707925,0.3617127006274954,0.3349169975673879,0.3959643351368805,0.31091133931194903,0.21926556350890547,0.317397634658758,0.32281385758572445,0.4296523261580714,0.2080441112969762,0.17493643218750937,0.3303197183197456,0.18694852163174075,0.3627528626728616,0.3273706480635007,0.30500532788402024,0.09090763874561898,0.18098019224170894,0.2666718849345274,0.26276719233025764,0.37220380007215337,0.32012744955859684,0.29114450457983826,0.013655039542545308,0.37155650183616856,0.4598337010463267,0.4986625246240778,0.0519816234893112,0.2939588779163535,-0.2610677758902534,0.002762369961126062,-0.09800838105483776,0.08021080704706567,0.14778785075168285,-0.16194904911543404,0.058487386403915896,-0.27228790762914007,0.16314414500714047,0.1035992118110449
0.07522371547460965,0.2374796181130165,0.3368286017690846,0.044572436795819875,0.1940319823536419,0.1970124683074706,0.20337335060951367,0.21287714080351988,0.21322445562146025,0.1808532590809752,0.19549112500702107,0.16165867958627553,0.3112166391872971,0.18145548521572843,0.13687701269960234,0.20069430120407256,0.2014432250618901,0.18379921391720594,0.22782065896621886,0.23385870148385016,0.16196695486759938,0.21148944219716406,0.2477542689596732,0.2505219771119828,0.17993079257324437,0.1513659918883783,0.18065304563171203,0.2130158756420588,0.24855509085852964,0.16980201160250893,0.13369886609545512,0.14415659370991518,0.17278380160133525,0.2376001735513294,0.2410879851348084,0.1173807863676488,0.17752398179233123,0.11970089784185012,0.2357581190747569,0.15889002584740522,0.21113529115771307,0.08743956586472901,0.17707101572648443,0.009304754547244417,0.1482354438888433,0.2219185969199539,0.31664409161006,0.03323883639448889,0.3475021333750533,-0.002047545845102698,-0.05296555056638032,-0.032886650090140884,0.14349048825774594,-0.0675276033246212,-0.06446706630970685,-0.01208097970025545,-0.06497612304741922,0.06766785637281938,0.029899438168717846
0.039709773355723725,0.18542475463668198,0.42516717012922434,0.14708573451722684,0.3284557645879178,0.42520499123827277,0.15538994029037573,0.2823762079963754,0.3799342395095395,0.24867560304028521,0.26518100009190543,0.3104488112388021,0.18145548521572843,0.5860257466692163,0.42548207075917605,0.4147198731466609,0.3941667139008922,0.22404344342875995,0.3346721592964222,0.3935219190153027,0.33498488603241594,0.39546736634730695,0.42975358081649623,0.4532193700455925,0.29049429721220954,0.3555418591801897,0.2930757655467749,0.346593123866766,0.3860679085823824,0.27386565147244235,0.21818113339980602,0.48578542502364097,0.2504380535726076,0.40091917703895164,0.334946706495518,0.2864109584179304,0.10886027110941605,0.2034022256496825,0.4033838008495598,0.2673850952586919,0.40548806490778827,0.2847233910410637,0.33445181856160416,0.015185008377722608,0.4234970515301964,0.4647574997093992,0.5695979144027071,0.05814022763831185,0.49322399130139855,0.08866942611491274,-0.13925846616312718,-0.1296156789885981,0.07324401070041374,0.07710346322837737,-0.18889308280519132,0.012502623211199198,-0.30872429675579965,0.2618766334410127,0.05594673841090247
0.10881987705431985,0.5677160716921397,0.6141396807494319,0.004534271325112548,0.31080742133375805,0.3628753643928485,0.2374338853948405,0.16745834142350596,0.40701275951016885,0.26381912742441327,0.3784547362092414,0.3797024689044129,0.13687701269960234,0.42548207075917605,0.8981178034745724,0.34807816637916283,0.4336825562961403,0.3992579712987212,0.415942922426955,0.389377348014611,0.391891123329739,0.3704598090103097,0.49866757264182104,0.49705845120737846,0.34247200632789243,0.3664998814121671,0.28549293006421755,0.4332266386887886,0.44185705780102646,0.2900425656764682,0.3097297360869017,0.39615585253225183,0.3009760281081356,0.404231578486887,0.4294163616579687,0.26840818932300503,0.1877159363325373,0.17555496324066244,0.4953535514832955,0.3098492791021337,0.46565424911092856,0.3693379986893625,0.37710341891176336,0.009001326511620033,0.5244217477352638,0.5304245069319851,0.6756251708172903,0.09731045176347626,0.5258777164429133,0.2879045529366713,-0.07151405867108214,0.010862402300240978,-0.21942925774901942,0.013685946604172628,-0.17980478736397365,0.12731617729102962,-0.4231077690970004,0.2049104284182401,0.14171262901147533
0.08202260481396384,0.2632300945523166,0.437111943717213,0.20422837338958305,0.28845034911594175,0.3577169967090691,0.2405645746550472,0.24059659977408226,0.322875171087609,0.22702168809856355,0.2887874876968367,0.3498782078688765,0.20069430120407256,0.4147198731466609,0.34807816637916283,0.5582076121152366,0.41379646049122243,0.18280887257881304,0.2993097717249102,0.4143497780284299,0.2990997233011228,0.4307954200138639,0.29531774087436796,0.39072260275475557,0.2987261303942193,0.3154125124242087,0.30785392777269,0.3518772299948004,0.35764117483682695,0.23983119348459916,0.21286177094781686,0.3550330330424563,0.21705081946215876,0.36523477134025123,0.42659599567751116,0.23468617083978688,0.14336435421472432,0.20563860052917984,0.35613390527861866,0.27843661544635573,0.38155659414603554,0.3002469621538629,0.35055108607619945,0.021278239097330183,0.43324243151752495,0.4299780120733621,0.5332321215669306,0.03610417818372068,0.4348325606642694,-0.05042907920730234,-0.11133747841708022,-0.1363793418917979,0.1503776404414745,0.0841860312703705,-0.19580828853405752,0.03376648258800867,-0.2811267328938637,0.28017447298264814,0.009422581021030042
0.053423167984859944,0.1951935421181941,0.7539682171213669,0.21838417466431306,0.18275921910222637,0.4276430363589555,0.3298896789208138,0.3295115400620196,0.46984419053693494,0.3137422083891681,0.38074916433023226,0.38512396197148824,0.2014432250618901,0.3941667139008922,0.4336825562961403,0.41379646049122243,1.1796754673213545,0.21033425173988773,0.44108620999938875,0.5670187470099888,0.4630286310067313,0.4405147614789495,0.4984204565990164,0.6060164352973346,0.4156123927006551,0.2954824953191126,0.3379480426242526,1.0339353009349475,0.36255065933702,0.2849977479140808,0.32589423912074594,0.358046143531744,0.5600117286905723,0.3848968292104835,0.4770260800484035,0.18932133242053606,0.4822836528100459,0.26449017127184127,0.577298673880889,0.32313185672723643,0.5963660471592623,0.6551411064771411,0.42461365540122775,0.01778144854554018,0.7925394006672544,0.5773960648824517,0.9333319721070832,0.1628397752011952,0.4691957846184936,0.16280214787374617,-0.26590316159099353,-0.332893961638555,-0.008905544494999787,0.10395450862249167,-0.2016944513000126,0.02317775619252447,-0.4647226458527794,0.2638418123327205,0.1317836020527938
0.1607539629168269,0.793900112727583,0.47190261207976486,-0.002491227340269659,0.2057510660420471,0.21254192934604765,0.30624630515131834,0.25312373462683296,0.33670371045613834,0.20768132447789847,0.2568165554373391,0.15291737188128296,0.18379921391720594,0.22404344342875995,0.3992579712987212,0.18280887257881304,0.21033425173988773,0.7928045898591681,0.3069330818042968,0.12778250359517657,0.3053997386789842,0.262246403363146,0.40212641639876173,0.3284633176444549,0.17412244467978508,0.3117374332293992,0.14575695383158171,0.2842061541680948,0.17007407317556048,0.017377074222523967,0.4654251950472698,0.2058548680405836,0.27064141467482566,0.2614926359907861,0.2850951542089025,0.16461514466361318,0.003428286113057692,0.06416112497753378,0.4714669001578462,0.24581812055190638,0.20080361610709824,0.05115156372167613,0.30046080956535987,0.018056447893492953,0.6087937189482097,0.30291610328263413,0.44201610899916777,0.013284268514921399,0.291072835677427,0.19290008986837748,0.22066810340656715,-0.007389866604317795,-0.32982951467071087,-0.13871657519068117,-0.13642785732358978,0.14944033438526014,-0.11690160951253396,0.17837675814515672,-0.15400809230358592
0.11162782915955333,0.5943501757842782,0.9960910686766771,0.18782267585536142,0.10162354556615232,0.33238378756899906,0.38912685470547764,0.3032693579154503,0.5755739824897556,0.31098541612958547,0.2709357271172899,0.32771547477690316,0.22782065896621886,0.3346721592964222,0.415942922426955,0.2993097717249102,0.44108620999938875,0.3069330818042968,1.6836583114071275,0.5674560172918979,0.4649313258056141,0.46114062364604863,0.307609462262737,0.4272721014368115,0.2431077098453165,0.4254445502183278,0.28998298709689474,0.5951592949131341,0.4650699358737877,0.3715563563623768,0.342368841257212,0.31759275299491857,0.44342095665930864,0.34849111660231835,0.38500112956977844,0.44383476599339283,0.1667363066674614,0.26917653650710216,0.6686788461027035,0.3304648224080625,0.5271790864497735,0.3077524168683567,0.4285337318478353,0.010927288616330806,0.7583435129589892,0.5910264602027306,0.6562051620818729,0.0768043817859143,0.5022674032079769,0.49513064971108245,-0.25787480700044796,-0.2504798352702626,-0.21789874785280755,-0.027491890157389506,-0.0938156112126968,0.1107540502113419,-0.4512190133315038,0.04930842330694715,0.32120321581958444
0.13433765498063668,-0.022667383457677596,0.8322699065034843,0.08979885825483142,0.23981470784848494,0.4773546267650099,0.2847114917659532,0.3781062183488765,0.4390980892092312,0.4057047899934529,0.3487752965475218,0.37538704026799136,0.23385870148385016,0.3935219190153027,0.389377348014611,0.4143497780284299,0.5670187470099888,0.12778250359517657,0.5674560172918979,1.7752029505839135,0.35193647780747017,0.41380538590562854,0.6335634570901426,0.6146672016091845,0.5048641959219599,0.5453168625832187,0.504463210706178,0.9111549391522302,0.3496850481845039,0.41147942246980973,0.18082375158787956,0.35449857786797173,0.3975990067488239,0.48552752210472766,0.6430976616221196,0.15645525736387875,0.9714851353413543,0.806232093871719,0.4939270342101427,0.5175538323371988,0.6347848676614912,-0.08137558691964268,0.6623456633984488,-0.05116513799493258,1.0028309997862546,0.5500297305786992,0.8446016895702886,0.1374371996245266,0.699083753034011,0.0917255226712994,-0.5135266476953713,0.3035510390233659,0.16045158034402934,-0.05053922320343085,0.015361822372728071,-0.015602688825301395,-0.3166713460923396,0.10768724234434764,0.12798653491240053
0.03347567790554573,0.408967457810938,0.6330632610671846,-0.05202346994242948,0.2328879237961575,0.3367952497642826,0.3091687971799885,0.24619228380798036,0.42210591921751295,0.23396408379730907,0.28950018819410994,0.29068822496707925,0.16196695486759938,0.33498488603241594,0.391891123329739,0.2990997233011228,0.4630286310067313,0.3053997386789842,0.4649313258056141,0.35193647780747017,0.6918859137358908,0.36396917254447125,0.36216509973137995,0.5397515224737731,0.304301115214303,0.48461776226589065,0.2466404912252059,0.3037562402927793,0.4739252907429855,0.2634454227248591,0.4897873773551746,0.28704893532447856,0.48236865361155445,0.38121888329658465,0.6019484243961994,0.3072256941471293,0.15756211689355568,0.1735534580063561,0.935779407748759,0.47906818427093767,0.559516977765384,0.5567850876515861,0.45457752709619,0.02985039658873842,1.2207897999337403,0.5713266264917887,0.887709719404554,0.15784003094352925,0.4866136744079312,0.2333498682479402,-0.06876579728104186,-0.3523741832345852,0.10252943561996228,0.0031750362459314328,-0.08425015118755573,0.02277896056480257,-0.4656648836854932,0.0881165618285981,0.27151428975458464
0.07337610893658432,0.36146430309483724,0.6938863829591129,0.06508281304636256,0.28782011891568876,0.3956434217122078,0.3150179563994094,0.25743406831243343,0.6044534958501483,0.2560044474404386,0.31608045053264583,0.3617127006274954,0.21148944219716406,0.39546736634730695,0.3704598090103097,0.4307954200138639,0.4405147614789495,0.262246403363146,0.46114062364604863,0.41380538590562854,0.36396917254447125,0.6180294812006942,0.4311073615971747,0.5236712323676556,0.314083610682771,0.356265135489674,0.30129118931539944,0.42631538059922536,0.39954814626464125,0.26996501260353606,0.26921944826203853,0.34158221438067204,0.3440437073126376,0.34724487581999197,0.4513310605959292,0.21952642133645242,0.1258072939111325,0.20615373624549607,0.4459094040072662,0.30789013317913694,0.3659461724268098,0.37374208989280205,0.401820357585219,0.018285206979916195,0.41589603773058875,0.5057308721064632,0.6409324318099078,0.012072733252905091,0.648251229433291,-0.10346158270228384,-0.0540768417576324,-0.1607225727005881,0.2098651827858425,0.014249129408846359,-0.11931775822461517,0.08363378458038292,-0.4012099078597343,0.15085470425713107,0.1997156050245561
-0.012743986501028322,-0.44791149638405464,0.7003743745908265,0.018758633308630566,0.35678990684662637,0.3991672993658576,0.36412942551650795,0.2838754458556363,0.5126551852496979,0.20983581471754265,0.36594793418185706,0.3349169975673879,0.2477542689596732,0.42975358081649623,0.49866757264182104,0.29531774087436796,0.4984204565990164,0.40212641639876173,0.307609462262737,0.6335634570901426,0.36216509973137995,0.4311073615971747,2.1704617889854707,1.1141096685286818,0.6128249184697888,0.31003008851804736,0.32329263845314254,0.7267926556351971,0.5513965295980179,0.44957038549597333,-0.14861616578128495,0.34838913128733345,0.5542937333821075,0.41907969975068754,0.256086456962537,0.17954009308643828,0.5259333814509959,0.21792387125259194,0.4075952283718592,0.4147022525386136,0.6751385367262969,0.19202847867438014,0.4234655999221377,-0.04097530322964036,0.15024007164132808,0.5672202757904736,0.925053854902399,0.16379215261376784,1.1636555180505062,-0.04002942905684281,-0.2601000295284257,0.03487360748894517,0.32601951273205754,-0.05008647702681643,-0.06864074926828471,0.0015378575635233396,-0.5356396701380117,0.1793156836441157,0.37201484782154887
-0.23116808287175017,-0.03117629224707207,0.7970194981199632,-0.23574290150276694,0.3714816060457962,0.5507783009606743,0.4628426932260064,0.40006570227128607,0.6588656142471537,0.2177766521217421,0.44439299391579096,0.3959643351368805,0.2505219771119828,0.4532193700455925,0.49705845120737846,0.39072260275475557,0.6060164352973346,0.3284633176444549,0.4272721014368115,0.6146672016091845,0.5397515224737731,0.5236712323676556,1.1141096685286818,2.0996956705853114,0.5134513211792375,0.017247643337482535,0.36830315605171915,0.8601677307546416,0.20287866377901193,0.3344001066318529,0.844425540907302,0.33806433982260675,0.5751686130620585,0.24220194676374512,0.9327883783502878,0.0005219803975707877,-0.0033036256909506436,0.2911883953616771,0.6575102781325637,0.5868255275895642,0.3572414363770446,0.43709027642791465,0.46938448094500473,0.009361791384528658,0.28243409724461044,0.629861881816881,1.0516794840030128,0.1873371455472048,1.3129647947089675,-0.24347202539835408,-0.286738067970702,-0.06773617828909131,0.5286783213543408,0.009952429497173343,-0.06523883991161611,0.10830711047097066,-0.5452204383481484,0.08478205940897918,0.4012508159099691
0.09961938906082211,0.03508450048251025,0.5218590645212353,0.07689318911650733,0.25271236306970174,0.30735492545631743,0.2631665938071195,0.24508646762400965,0.29545802511315566,0.21191781065139628,0.26406644196541884,0.31091133931194903,0.17993079257324437,0.29049429721220954,0.34247200632789243,0.2987261303942193,0.4156123927006551,0.17412244467978508,0.2431077098453165,0.5048641959219599,0.304301115214303,0.314083610682771,0.6128249184697888,0.5134513211792375,1.2296003478116768,0.3684188515372403,0.27299330165614744,0.33457814440512706,0.7552627175560481,0.3201043460818875,0.04506006618405837,0.2389349447033446,0.28773214320960605,0.43259602131935615,0.36361825663724273,0.41525932370268004,0.5435858538393837,0.25241348599596286,0.20277045696526697,0.21898081801635555,0.5623125522322101,0.24021220819731604,0.338945759838003,0.011298831817237846,0.5366988941275027,0.6839999734879518,0.5631299778274398,0.06551833609298402,-0.05944111424119451,-0.48980924253806724,0.0987405123867718,0.020023587520679155,0.39025261746201817,-0.01582196930244152,-0.08522336271407811,0.03268401104427839,-0.1901719779147862,0.11300571087846444,-0.02853844020536517
0.15414588693759598,-0.0885444913163177,0.471142981743851,0.1283500304518625,0.2735671724943247,0.3984634523847791,0.06892560442744207,0.24383424891128888,0.35069821430655845,0.23547180037308746,0.1966577825282358,0.21926556350890547,0.1513659918883783,0.3555418591801897,0.3664998814121671,0.3154125124242087,0.2954824953191126,0.3117374332293992,0.4254445502183278,0.5453168625832187,0.48461776226589065,0.356265135489674,0.31003008851804736,0.017247643337482535,0.3684188515372403,2.5594708513622995,0.2244185558775905,0.34404250508230194,0.32460093074656216,-0.07674108030719883,0.10324582125057576,0.3979567349972416,0.38199659365661986,0.4721206321969526,0.3008413694689976,0.2823778481523427,0.1246891296117394,0.21665054389544214,0.6333664770756645,0.44915973346310756,0.6349047836338962,0.24518936554182255,0.2849319507552349,-0.07917519914349506,1.0834700730550577,0.3246545327247391,0.4751375607666212,0.14258866499528927,1.1534833462169118,0.3794068302987929,-0.013845405282637101,-0.00377502912607413,-0.4256021093728163,-0.055569082208506086,-0.028661717239083687,-0.01628726244537746,-0.11435362517874798,0.04460693925694643,0.01098315228985762
0.07981809347402484,0.2847120188476685,0.44887894374178466,0.13070150038273443,0.19777352248076535,0.2875694323049689,0.242495648828609,0.20369244917504514,0.2990950983760996,0.23213570508522685,0.25550209073605584,0.317397634658758,0.18065304563171203,0.2930757655467749,0.28549293006421755,0.30785392777269,0.3379480426242526,0.14575695383158171,0.28998298709689474,0.504463210706178,0.2466404912252059,0.30129118931539944,0.32329263845314254,0.36830315605171915,0.27299330165614744,0.2244185558775905,0.48419354080606336,0.3784951409519402,0.2625327925710912,0.2120311102944264,0.17713926623119497,0.32831980469294453,0.2216529667127729,0.33097040867568434,0.3482843390432571,0.23129968740088486,0.25472631382987376,0.2547101543239608,0.2890382544147436,0.2720638501464287,0.3999824779910047,0.15932139521927155,0.318145413628063,-0.00717151523400032,0.3867256482445459,0.38619008942463345,0.47143244840006787,0.07041872633762294,0.4322322616977514,-0.03298151579419928,-0.139998369992097,0.03572578346722823,0.052823187553385366,0.03923731393601661,-0.11471430224882116,0.03355107007989013,-0.1902736852965007,0.15674298029204034,0.0302682262081785
0.10105412551600547,0.26028637810197797,0.8124195022485703,0.25128717059854,0.1029814239036655,0.45736038314676497,0.3117478691570788,0.33756644626187116,0.5482312320545204,0.30720437526248007,0.34129305078173033,0.32281385758572445,0.2130158756420588,0.346593123866766,0.4332266386887886,0.3518772299948004,1.0339353009349475,0.2842061541680948,0.5951592949131341,0.9111549391522302,0.3037562402927793,0.42631538059922536,0.7267926556351971,0.8601677307546416,0.33457814440512706,0.34404250508230194,0.3784951409519402,4.685519091593657,-0.4395660061308102,-0.05191287496546941,0.3941761262235983,0.3938970838380862,1.2833200679152856,0.025009839660323118,0.03441007866467736,-0.3281767578686417,1.1753880507439474,0.3678189346350958,0.19100857403130275,0.1697596911655053,0.7576818055234668,0.7043731064339487,0.4144289148309641,-0.00677500452231193,-0.5278165407638268,0.28220862970721505,0.8174718529025988,0.37539347532801426,1.4629545668046957,0.05144248831496731,-0.8480100517327798,0.935676651348593,-0.4364202339809909,-0.05707424058801272,0.28575279178849583,0.0478423009286829,-0.3183279160439697,-0.06688690056629487,0.9721058740898774
0.002626177437364908,0.271580767557344,0.7539377902063628,0.07189231613320667,0.40002205447394185,0.4393419699927011,0.22923388467813222,0.29232119941803436,0.3789888394768541,0.35958113626252736,0.356212125713938,0.4296523261580714,0.24855509085852964,0.3860679085823824,0.44185705780102646,0.35764117483682695,0.36255065933702,0.17007407317556048,0.4650699358737877,0.3496850481845039,0.4739252907429855,0.39954814626464125,0.5513965295980179,0.20287866377901193,0.7552627175560481,0.32460093074656216,0.2625327925710912,-0.4395660061308102,3.245775025566986,0.8629373355111555,-0.22500420849816963,0.33627285585604594,0.01834200172146678,1.0738560399392079,0.5588787334265343,0.8459242980544986,0.8117655415418069,0.09887640346294639,0.46862641865949844,0.3591423660923088,1.3729202500312063,0.10863317518802909,0.2676730070334919,-0.029402839210889285,0.41042776938121694,0.7981517176341044,0.7829346693107365,0.04348270773052832,0.6986763224823277,-0.13587219794624927,0.02533953150861389,-0.30320614441572075,0.3722407544318825,0.08805503030184797,-0.2177152828455409,-0.12338456674984992,-0.42239383311158996,0.09725977035340212,0.28103823447484416
0.14214222785221103,0.38946458205332957,0.729985424812671,0.1343791628088465,-0.3275483014785548,0.002518975663639633,0.2940814495585125,0.21945959273494176,0.2847055149182871,0.2726547693286176,0.22832745742700647,0.2080441112969762,0.16980201160250893,0.27386565147244235,0.2900425656764682,0.23983119348459916,0.2849977479140808,0.017377074222523967,0.3715563563623768,0.41147942246980973,0.2634454227248591,0.26996501260353606,0.44957038549597333,0.3344001066318529,0.3201043460818875,-0.07674108030719883,0.2120311102944264,-0.05191287496546941,0.8629373355111555,3.944778728563561,-0.4907049618375843,0.15143163673989374,0.4214786812711499,0.0896794526646392,1.1076580367016784,0.5709031753409237,0.5804103517919162,0.20709637678685908,0.9416877782374351,0.7828031725983827,0.3556612942940234,0.2891482001710766,0.7621285361304522,0.047416461421522525,0.8616282194911485,0.3103444054850046,0.7179454370488593,0.24412577335568297,1.9321783198078053,-0.40658271608945307,0.10341722503941048,-1.4233912137897722,1.3133783192139659,-0.020720045802321507,-0.07566023460760984,-0.2987855144651854,-0.5471669890304454,0.23934410040578935,0.7175142026799614
-0.01188550818390543,0.5931246042443133,0.38677752164888307,-0.2860150727695214,0.22129469178566713,0.30287914744438643,0.278500849704503,0.25104366666437156,0.37272711226969224,0.1552472169483512,0.2778410723635425,0.17493643218750937,0.13369886609545512,0.21818113339980602,0.3097297360869017,0.21286177094781686,0.32589423912074594,0.4654251950472698,0.342368841257212,0.18082375158787956,0.4897873773551746,0.26921944826203853,-0.14861616578128495,0.844425540907302,0.04506006618405837,0.10324582125057576,0.17713926623119497,0.3941761262235983,-0.22500420849816963,-0.4907049618375843,1.82346324631245,0.16154039751199736,0.2971515144992863,0.12673844349806082,0.8689131640224251,-0.00951636889922419,-0.5874008469792102,0.1615145520192802,0.7193596774558336,0.3649937783734867,-0.12742021168490444,0.3907767422910408,0.2582051221852783,0.07300528428278735,0.8555355754537219,0.4532338802020657,0.6562170429005575,0.03915888988286826,-0.08359552104165544,0.0543080669887813,0.1731008591017409,-0.17342918874150223,-0.08374420754559782,-0.02075841289109907,0.01699284368439376,0.25508636491204106,0.029980790852036483,-0.04673687233369856,-0.3118970185026368
0.037261119759142536,0.22637142620463496,0.3240589526169248,0.23447346365667782,0.32521542400635917,0.399825483007781,0.15364442845000312,0.19655160922211012,0.33521778918800993,0.22666193677122567,0.23635203012737976,0.3303197183197456,0.14415659370991518,0.48578542502364097,0.39615585253225183,0.3550330330424563,0.358046143531744,0.2058548680405836,0.31759275299491857,0.35449857786797173,0.28704893532447856,0.34158221438067204,0.34838913128733345,0.33806433982260675,0.2389349447033446,0.3979567349972416,0.32831980469294453,0.3938970838380862,0.33627285585604594,0.15143163673989374,0.16154039751199736,0.8703628310510092,0.2348849962174559,0.43655995978709955,0.0772458833643651,0.33253842639745523,0.01836402293557407,0.21886010121769542,0.22273509653693985,0.15219218744959442,0.4287841061835132,0.1785091664052249,0.21280599795731142,0.006113888222206917,0.31074004706013314,0.4727163101127338,0.4938932258355458,0.04063411878480025,0.33145957782047164,0.16137040360255683,-0.02146715415594506,0.22355133795962215,-0.5538240751831593,0.13352905764423015,-0.22759510226322593,0.04349145151258234,-0.2539714292608457,0.24994009328372124,-0.021196795633149842
0.15971881106367397,0.3253671031131154,0.6585374399435692,0.09491535835412618,0.0236805934796512,0.1602513863719287,0.3400288057908353,0.2000316085335461,0.4442196235424835,0.1817172992606477,0.23627894266704505,0.18694852163174075,0.17278380160133525,0.2504380535726076,0.3009760281081356,0.21705081946215876,0.5600117286905723,0.27064141467482566,0.44342095665930864,0.3975990067488239,0.48236865361155445,0.3440437073126376,0.5542937333821075,0.5751686130620585,0.28773214320960605,0.38199659365661986,0.2216529667127729,1.2833200679152856,0.01834200172146678,0.4214786812711499,0.2971515144992863,0.2348849962174559,2.1694399343888633,-0.1308712850825486,0.21325828819352582,-0.3938326630974879,1.1665772277068494,0.1907430961287632,0.35636153747352867,0.1580792521478216,0.02941434353555581,0.5679324264625242,0.30880942958777396,0.014478162735817446,0.027763340671089744,0.6720509270900855,1.1673132835510507,0.39542021736163835,1.1847478629175319,0.126933296855242,-0.28823045721573565,-0.2854316831636005,0.30372280834155463,-0.17093504195246742,0.12586318550764866,-0.06144773267623247,-0.2920561156421883,-0.0478453302248618,0.4561251811845313
-0.28722090882365925,0.27640146672737764,0.46320083541361984,-0.08011188592020528,0.5694964189521767,0.4286630687635689,0.32156034509472764,0.34322343004181194,0.3372419096840176,0.3562846113424588,0.3305726649125301,0.3627528626728616,0.2376001735513294,0.40091917703895164,0.404231578486887,0.36523477134025123,0.3848968292104835,0.2614926359907861,0.34849111660231835,0.48552752210472766,0.38121888329658465,0.34724487581999197,0.41907969975068754,0.24220194676374512,0.43259602131935615,0.4721206321969526,0.33097040867568434,0.025009839660323118,1.0738560399392079,0.0896794526646392,0.12673844349806082,0.43655995978709955,-0.1308712850825486,1.7436918825951282,0.4333533420315243,0.48757428267772585,0.5913545264500263,0.20796685272267043,0.5613460585825784,0.178274655292677,0.8093317305430857,0.23740511943800818,0.4826039383901358,0.04224310340295718,0.7009744147033945,0.37724711314155773,0.6946708097616545,0.022518843998743557,0.12239072847167155,-0.34078730869417573,0.04560543540125948,-0.22237553343944658,0.34508251525835903,-0.009311479296344323,-0.19681321899210993,0.022779999261597697,-0.43715309453217704,0.09335281116306789,0.26095988156905436
