0.9182727559341366,0.3968024721010103,0.40535162708718603,0.19634316934698845,0.10334696748977663,0.045665659262849115,0.18645342053568056,0.061585216274194304,0.06243368809078546,0.08867065491861094,0.1154208292297624,0.14930358652849812,0.08794956438531679,0.05259705144397135,0.11797574661870544,0.1018598936537459,0.0900258264935698,0.16790310670635583,0.13761603706863582,0.12697021394053357,0.04545776138571079,0.08943244270150408,0.014860155481311862,-0.21897891011244347,0.12389456900838731,0.1633827610329691,0.08863281682550798,0.09756299912954206,0.05655324951881501,0.1959990774034469,-0.021399668192082916,0.0503021961036889,0.17135611572285944,-0.2713009009640867,0.034812955523412854,0.12629256100042238,0.046044671345962414,0.07542586513312413,0.0510662587371955,0.07251725358984978,0.06451867522244455,-0.005589758858060324,0.0011759898234386713,-0.0025808301108165756,0.20528169665607318,0.18154994804385707,0.05723868132400172,0.007593916182133251,0.016670428031217665,0.11872475673291714,0.09247876988528901,-0.058166895297381976,-0.08581275475115148,0.02438488124661897,-0.02524585890188892,-0.009471729280760864,0.23251580620933376,0.1882235647706914,-0.474991416829893
0.3968024721010103,5.090884375718066,0.7491842376932893,-0.5572524802158582,0.18600578091802858,-0.06042181358879845,0.9363053494075325,0.18141272269763617,0.5229320977548005,0.21153910684462873,0.4114471563106792,0.3795065497038711,0.25877878313240965,0.20389109000798855,0.5580755663517583,0.2973152958887547,0.2306304832997871,0.8275866384550601,0.6141795173752963,-0.003298438953020195,0.44112764488209794,0.3987375699231986,-0.37293371656673596,0.07405726867468458,0.10937942333282377,-0.09848458656375214,0.31783923777534245,0.3330935673726027,0.2872099030791959,0.35160464533403574,0.7004642689246826,0.2328485890150905,0.3218630795485052,0.2722746711034042,0.6613787887588306,0.30347863477214915,-0.2368606374442159,0.026698419280180647,0.4239918433225036,0.43313562113043497,0.25940746311423096,0.29568904790739226,0.444596497442905,0.06330769016323026,0.6315578496771096,0.49702127345437513,0.5104901863301963,0.013670845034660407,0.18583451457491884,-0.27631003668942866,0.6005631932317679,-0.3692797762735371,0.013631362715815961,-0.008043959282666003,-0.5296750059766056,0.351875572760911,-0.4448938852702674,0.23498544339579683,0.5606059547664505
0.40535162708718603,0.7491842376932893,3.1832064138017717,0.3451214473185228,0.19188250124967995,0.6473381406138891,0.5604698284831781,0.49139169668813826,0.9332732986810324,0.6102085723049687,0.5523947375054096,0.6733314425542911,0.3379653231093426,0.4391315092341333,0.6207363013579502,0.47764721241917824,0.7782384340042117,0.473060085555228,1.0038247399744427,0.8540985569997632,0.6519274748511578,0.7099736154420153,0.763466472731404,0.8338338118421172,0.5660781330771424,0.45681384928217156,0.4689651731275583,0.8198087198638323,0.807967929399467,0.7979288622257522,0.3838838434580113,0.31931864645908936,0.6424587410776949,0.4664182328162219,0.8953875497109133,0.4567752286061686,0.5172702165254882,0.3952377689692717,0.8061095923298263,0.5796919814290269,0.6921283190072685,0.486107836373758,0.6943729680775051,0.006849019329679748,0.9349976022559418,0.8325424255368282,1.0776568018547668,0.12615763063585017,0.9125430423430545,-0.08975054760703671,-0.1101997529464485,-0.24363178618621073,0.6337090278900338,-0.18535630436622674,0.006490710624966218,0.006103859402632992,-0.7999911191310225,-0.08594780094384578,0.6914472317999912
0.19634316934698845,-0.5572524802158582,0.3451214473185228,3.1235792963429674,-0.372795209991811,0.1294471281228268,-0.018970744412125776,0.13701734865581558,-0.05445225985542814,0.2586294920516949,0.06478906549992638,0.27204184784781366,0.05589111171999186,0.18365337900776746,0.04262654225870839,0.24813539516346014,0.29696580043578374,-0.0031646223840140074,0.2529100372236855,0.1282991452408372,0.017158156770592924,0.10095491467316664,0.14932765619514246,-0.15484778304266522,0.13401865391086867,0.17732090704230266,0.15334020923184116,0.3512097118637026,0.14437431202178022,0.17217858406638825,-0.2895756427191511,0.25912452462925495,0.12984567384029191,-0.06785934112949024,-0.7449892687967541,0.29336749712549387,0.12148122214992646,0.06171646143501125,-0.04747086839694692,-0.10464740155840416,0.21568158541092225,-0.019223822418656663,-0.057549226054131666,0.06707742855311401,0.004891835245488486,0.1020369086827885,-0.011226853851711014,-0.0032532626261115075,0.09537053207916764,0.4486370935952143,-0.2720314505329467,-0.03226890730199125,-0.45765535467077456,0.19299796012822987,-0.31126184289585607,0.003651871740183715,0.02462254784429083,0.3150432073525612,-0.15800216420352964
0.10334696748977663,0.18600578091802858,0.19188250124967995,-0.372795209991811,1.3168577332742901,0.5860650614048519,0.07239121729035938,0.28301051183759063,0.2845133713458925,0.10369187392451136,0.27024986186638583,0.34420661978964845,0.20049678634897591,0.33457851612119316,0.32781786465762947,0.3045665493281045,0.17866160257469593,0.2141734597897637,0.07892250164643756,0.19612669989895606,0.22060677941915388,0.2879771616079398,0.3592810294684239,0.3567958803745161,0.24982100905272128,0.24367313694373946,0.20191261489790774,0.07246796524245867,0.4072428182936891,-0.29579101392050583,0.22416278358231587,0.3296193392574306,0.011243398212053468,0.5677242144127933,-0.040173093011401276,0.2081329209898223,0.06236429688496393,0.11237750532999062,0.05761512713759227,0.08239419667556178,0.19458149968614522,0.3347615186158433,0.14466627462327655,0.004337959488264522,-0.010510238953521033,0.37850679573396107,0.32807073265392406,0.008155961680587017,0.001461730955010967,-0.27833104243206885,0.20976354217504953,-0.12448063612976039,0.4030598854004485,0.055850978582358685,-0.06737080511158261,-0.08579816688944458,-0.12194256244964552,0.13905437978106608,0.10533033781377714
0.045665659262849115,-0.06042181358879845,0.6473381406138891,0.1294471281228268,0.5860650614048519,0.8974891574734527,-0.08302533819969965,0.42832518281063964,0.4257915050806558,0.2495665349254408,0.30409645228052856,0.40545840772748687,0.19702243843485084,0.4381818980727293,0.37754484634966334,0.3666194491014696,0.4278823267412183,0.20181129321605426,0.3238143155815134,0.48194005701972503,0.341666445530697,0.39686999101769893,0.40791416985849854,0.5428450109489404,0.3043857937265767,0.39611829169563806,0.2897443890261143,0.4542826392687613,0.44482529898488243,0.020198966801836186,0.284367772906225,0.39937743637782364,0.16803919817049326,0.42262108689204175,0.23779571425639026,0.21961884847931895,0.1608321685737647,0.2558652950352382,0.394944770952711,0.23416488937906652,0.233875286786611,0.2995584632344079,0.31920191974829715,0.0089024783624236,0.27890199005166144,0.3914733997721922,0.5023315439219186,0.04356077286274175,0.4617515811045085,0.1790581501733413,-0.42839998573117566,0.08126618858448492,0.02666332187279816,0.05976885178618067,-0.09965774676801191,-0.0543062155324,-0.2674816393258662,0.18637540033899183,0.1275783002190836
0.18645342053568056,0.9363053494075325,0.5604698284831781,-0.018970744412125776,0.07239121729035938,-0.08302533819969965,1.2360691647898734,0.19225770435728315,0.41428368349853184,0.14505380930301215,0.3757009094262968,0.34863299588529106,0.21316071545367649,0.18369995713760906,0.2812215044398616,0.2784598194334808,0.3571241463618472,0.3031545701172748,0.4115193255620251,0.30277108121423196,0.3359416662693318,0.35227202941153085,0.3959919117457069,0.5329678169493928,0.27726306430441844,0.02703757078998324,0.26718807438743103,0.30611655212713446,0.24055808568716874,0.3778883082312049,0.32084044962409175,0.17460519929918333,0.33472574249903564,0.3326712539370773,0.39417423582099287,0.19930623356134547,0.13358815387349396,0.13211846553772255,0.4125850736224244,0.26776897880382516,0.3970636368698162,0.2893163252335152,0.3752162140967013,0.02249621720338499,0.49174609762966415,0.3942619542171142,0.6096310269110697,0.07127291122306159,0.49630749729990925,-0.14197860200886744,-0.038214841947083154,-0.41134596269366863,0.5677233760637933,-0.006413130073024307,-0.18625045799974432,0.27528813977505556,-0.2976609306277558,0.16358151834214316,-0.02526222871037982
0.061585216274194304,0.18141272269763617,0.49139169668813826,0.13701734865581558,0.28301051183759063,0.42832518281063964,0.19225770435728315,0.6439487319056609,0.2639500881612937,0.22408948761419054,0.25154417550849395,0.14537402438967126,0.21087812871794065,0.29549770193673747,0.19190340335929237,0.2622986808201102,0.35117329475352604,0.23708345251310506,0.3164455495741583,0.39308781122154474,0.2483768030624724,0.2695504517800382,0.3002093033762564,0.42057622240575593,0.24768284726806525,0.23572220316417236,0.2163684585419713,0.37677614321623826,0.30191522810263705,0.24831221185842092,0.2500998011385057,0.21473569107322021,0.20108440887234097,0.3374915341223515,0.3505266956970257,0.14197542988370654,0.22075559159765598,0.21007116289137434,0.3593295117174743,0.22095475075233295,0.22850128848586668,0.13652132541483816,0.2966956524886839,0.011762416219854731,0.26548595579855444,0.266129420789465,0.43769143318398923,0.051651032830502,0.4781837725971704,-0.044994936885629756,-0.26672061505820704,-0.02353679478765857,0.3554373429735646,-0.11872959653896037,-0.1290744824099383,0.01792786136266623,-0.16569367309584782,0.20824447895072964,-0.028779739363033508
0.06243368809078546,0.5229320977548005,0.9332732986810324,-0.05445225985542814,0.2845133713458925,0.4257915050806558,0.41428368349853184,0.2639500881612937,0.9530276219649826,0.33992490793315056,0.38726908898041057,0.4067306961744539,0.21698098285967102,0.41959976690038453,0.45643988220803766,0.3524299611899436,0.4779359790884306,0.3353579164460624,0.5698351862781985,0.5048869743100767,0.4394838130795716,0.6331800328291114,0.5425429286934778,0.7189640963410274,0.3226031952652674,0.3449349612168581,0.3258627423417801,0.575541348058598,0.3658114398511948,0.3186498232646618,0.410832330802854,0.35202898120259407,0.4475411495401349,0.34560385941121957,0.5024639115124924,0.19858497186081384,0.16490342859980542,0.2473761942192346,0.4872811113394251,0.3625424769022645,0.40274032538300714,0.40677517897008386,0.5009496817352626,0.009451716514828425,0.47245697191882385,0.5954269572991732,0.7800854088291486,0.052303554596068384,0.7957839781939817,-0.24121603830949293,-0.011671608123932687,-0.13187478173382103,0.42409669830436536,-0.07067262112160975,-0.07469196760008093,0.1865757435045341,-0.48337625323576255,0.09681919866643401,0.24027833103568091
0.08867065491861094,0.21153910684462873,0.6102085723049687,0.2586294920516949,0.10369187392451136,0.2495665349254408,0.14505380930301215,0.22408948761419054,0.33992490793315056,0.6458672501212915,0.24796699608847844,0.2950685879294262,0.1844132702618279,0.27693894432517496,0.2946030374540935,0.24879575401166762,0.33101895875976883,0.20280385125384426,0.32097001847600626,0.4653774980700567,0.25840245812796403,0.28445108400937263,0.24405430217097887,0.2619501446244949,0.24082988713472364,0.248536961975864,0.25272174807420056,0.32201961707344484,0.3866656083972836,0.3091713611055225,0.1620316059634167,0.23338536954586242,0.19597072292213097,0.3895972177918752,0.4028353978217631,0.19349213073374513,0.3377529012157844,0.22616543941696113,0.38773870444719166,0.2562884387665681,0.42052839760788885,0.1490817158445678,0.3293625292546178,0.010420407938229815,0.48606367559066316,0.3764959999700219,0.5676375506862893,0.06057338953211398,0.3747571005082229,0.036118487236741076,-0.06795275325594098,-0.05624150525789763,0.1523282791539122,-0.04189767989629718,0.02422084417360972,0.026193535396477025,-0.2790678941497821,-0.07097302046986648,0.2386796619892618
0.1154208292297624,0.4114471563106792,0.5523947375054096,0.06478906549992638,0.27024986186638583,0.30409645228052856,0.3757009094262968,0.25154417550849395,0.38726908898041057,0.24796699608847844,0.5015878568650192,0.36755922965148236,0.19894971559691801,0.2803768098265999,0.3992745932091556,0.295780550462206,0.38307540625613934,0.256296512364635,0.26821754463575304,0.38271606259560886,0.3052563388555658,0.3355000497482867,0.3887169699375793,0.48251490598614816,0.27570387638046023,0.18768499358500373,0.2663387296287356,0.36252162139945776,0.352260253398736,0.2497531563327594,0.2931824506569168,0.23999616398118942,0.24497810970069983,0.33838985670152155,0.43016746485515206,0.1681170383383316,0.1847630660879785,0.18336658516124715,0.3347252419348903,0.29077682804880883,0.3498946707198626,0.2954285083839538,0.31812189565648746,0.011304538890881509,0.36449560852668217,0.4265236221833686,0.5755342779614444,0.07552543347271874,0.4536964707773504,-0.14470138831598592,-0.013100124124016935,-0.1384629464728937,0.3104907681747476,0.006730575624101399,-0.13161810624980053,0.07124894987148248,-0.23872161879753273,0.16123171638600048,0.05272557051980666
0.14930358652849812,0.3795065497038711,0.6733314425542911,0.27204184784781366,0.34420661978964845,0.40545840772748687,0.34863299588529106,0.14537402438967126,0.4067306961744539,0.2950685879294262,0.36755922965148236,0.6570973045582148,0.1676175743926921,0.3317252541081943,0.4053001735838431,0.35979042599749583,0.38978389935062746,0.15337640807698708,0.330804765521692,0.3995823780126027,0.3183202572853497,0.37807106116316685,0.36771176499291663,0.4206029225394706,0.31907118929790534,0.21137218806989308,0.32515927621241364,0.313566087227419,0.44264519261233004,0.25956581145006585,0.17451938026579025,0.3246621457567776,0.20306020383676418,0.3691285726472106,0.33269578701658165,0.30689296082863404,0.15423142514745442,0.18993654101733576,0.3116703840376332,0.2731261874335915,0.3942657226645356,0.3340204097165308,0.3180388482723153,0.015890339104436938,0.38674012649483747,0.48090617152336435,0.5404000214967427,0.05920625443999726,0.3577988760691421,-0.01960498701466528,-0.09986676306805813,-0.18104099160660966,0.2149189719403413,0.11997978355246378,-0.14370458006273765,0.054653892297919546,-0.31358391473738806,0.13902521207752122,0.15388822099503172
0.08794956438531679,0.25877878313240965,0.3379653231093426,0.05589111171999186,0.20049678634897591,0.19702243843485084,0.21316071545367649,0.21087812871794065,0.21698098285967102,0.1844132702618279,0.19894971559691801,0.1676175743926921,0.31306797055737506,0.18421216500200766,0.14665069485558377,0.20246406850410567,0.19807502982053232,0.1774257769714873,0.22075740317877943,0.24285017872417203,0.15928630959344858,0.21348480174569676,0.2481043200368409,0.2569486573468549,0.18010651199114794,0.14391129259874338,0.1838921461639142,0.2224549912158928,0.24370463021105065,0.1612622858864745,0.13433400132607598,0.14550850163969675,0.16909358062085478,0.23546880245397714,0.23886191810323318,0.1100455700258256,0.19040584015240697,0.12650654803405945,0.21865739945317664,0.1601580614114093,0.21481464751206103,0.09220207036642154,0.18134876736758818,0.009763565166790656,0.1313313536286137,0.22507963381430082,0.31771298884846766,0.03345572963250944,0.3427977214022639,-0.05245377321186612,-0.05759665843985917,-0.022862656370284496,0.19450802277460028,-0.08171530251451176,-0.047915209040780206,-0.008816173445575136,-0.06176482737088717,0.0547472800843233,0.03167162812126132
0.05259705144397135,0.20389109000798855,0.4391315092341333,0.18365337900776746,0.33457851612119316,0.4381818980727293,0.18369995713760906,0.29549770193673747,0.41959976690038453,0.27693894432517496,0.2803768098265999,0.3317252541081943,0.18421216500200766,0.6285904642049198,0.47288898239185706,0.42547135413157816,0.40737523576781975,0.21335694473133182,0.3296109104260251,0.4548279955412529,0.3663889835598443,0.42056103110839704,0.4645071774566472,0.4985430521963441,0.31826176182425575,0.35559988538560394,0.3094231651267792,0.380337374929319,0.39269133895914327,0.30650379638903036,0.22410390408151304,0.4934852952721728,0.27567241678817694,0.41674449788253276,0.3362291782629295,0.28704462459297025,0.17811592539142881,0.230356166720615,0.4094941711380155,0.2854801623909195,0.44670391205639115,0.3102517089942908,0.36726465773072564,0.018000906772233823,0.4513481529103875,0.504645014879737,0.6256475275293276,0.06818214921614218,0.5454180726677036,0.12485681442365829,-0.20817071909530446,-0.20662073144212803,0.20776474505749967,0.06774153174834574,-0.17670481422441628,0.019416243186145286,-0.34798225622742335,0.2399084309257929,0.1157101989149666
0.11797574661870544,0.5580755663517583,0.6207363013579502,0.04262654225870839,0.32781786465762947,0.37754484634966334,0.2812215044398616,0.19190340335929237,0.45643988220803766,0.2946030374540935,0.3992745932091556,0.4053001735838431,0.14665069485558377,0.47288898239185706,0.9394510346916229,0.35455170335683056,0.4458305473345611,0.38591668277346997,0.4016322008316793,0.48669702978757495,0.4389435119433889,0.3999132043290049,0.5419253767054908,0.5641363516881598,0.4008434523341586,0.37670239888180723,0.3060899753727556,0.4324759863828515,0.45418765709584674,0.31413442873921504,0.3250158498504566,0.388832491610352,0.3317328736789086,0.4327235393014393,0.42583111168216686,0.2724793228372452,0.2642583439660499,0.21783251595738462,0.5589896977741536,0.34696766065709334,0.5240505291102402,0.40375481504184835,0.42777542935907215,0.012812248054661671,0.6593707440341667,0.586047531649879,0.7610051417133311,0.1114634865259964,0.5646680765990686,0.3516478561534425,-0.08437408941992393,-0.09733010059464596,-0.058457055352118266,0.023927268670706714,-0.1871173565251783,0.13668891819535287,-0.4338600146251951,0.22648896149597808,0.1154066882645037
0.1018598936537459,0.2973152958887547,0.47764721241917824,0.24813539516346014,0.3045665493281045,0.3666194491014696,0.2784598194334808,0.2622986808201102,0.3524299611899436,0.24879575401166762,0.295780550462206,0.35979042599749583,0.20246406850410567,0.42547135413157816,0.35455170335683056,0.5550085093595113,0.40455364490727846,0.1683528663335246,0.28701812046373226,0.4429286729384915,0.31458378151739613,0.44348150050120044,0.3031087740802743,0.4126425504767088,0.30258858066927047,0.2945328802023349,0.3124766176919155,0.359188300733025,0.35592312566106127,0.2677058012584452,0.2127291828267403,0.34367733483448687,0.22660773329472333,0.36576790132413717,0.4079858911376532,0.2297453251485005,0.20130963668624283,0.2181598036611076,0.3420100588985893,0.27950698507325217,0.3916412033623484,0.31083567637823195,0.3683109508040402,0.02389120393376409,0.41125077060026205,0.4439255650971268,0.5516980342367128,0.040142885523393394,0.4633123878284144,-0.003183988062109144,-0.17529388006567198,-0.18848997735868456,0.2826081499456513,0.06147954654681495,-0.15607381077398247,0.020402250806482048,-0.310423558429042,0.2207218523746018,0.1065420802607764
0.0900258264935698,0.2306304832997871,0.7782384340042117,0.29696580043578374,0.17866160257469593,0.4278823267412183,0.3571241463618472,0.35117329475352604,0.4779359790884306,0.33101895875976883,0.38307540625613934,0.38978389935062746,0.19807502982053232,0.40737523576781975,0.4458305473345611,0.40455364490727846,1.1492542198498248,0.19242566875275938,0.416391503780092,0.5891241272412029,0.4643766400814962,0.4377767067569625,0.4585799769290423,0.5865429359200703,0.41207799528984235,0.2656900428705653,0.3350007950761991,1.0032670888846342,0.34258289987402035,0.26697672049771165,0.32316606026632255,0.3481817773704649,0.5446545977158848,0.3740400154340631,0.42369267336354294,0.19210333361321832,0.5719015630746422,0.28021713401316856,0.5499097017104412,0.2792984062413356,0.5899317560284956,0.6173671507800651,0.4079634452073762,0.019537018167717916,0.7692986795369329,0.5652248937328317,0.9133778636887635,0.1546307178850219,0.4601858751634002,0.3311281931277443,-0.3563323522678521,-0.27992944702385014,0.005960291209191895,0.056791391196499764,-0.19300052147199218,0.03927893780511365,-0.4498753732110798,0.2419399606995031,0.08260168024831403
0.16790310670635583,0.8275866384550601,0.473060085555228,-0.0031646223840140074,0.2141734597897637,0.20181129321605426,0.3031545701172748,0.23708345251310506,0.3353579164460624,0.20280385125384426,0.256296512364635,0.15337640807698708,0.1774257769714873,0.21335694473133182,0.38591668277346997,0.1683528663335246,0.19242566875275938,0.7679566836945982,0.29551521916773793,0.14651561999482524,0.3082209090917438,0.2545209339690856,0.3869937528987082,0.328746598519074,0.19385386202259716,0.2961000496546445,0.14159721043405832,0.2759576951858012,0.16769248792726715,-0.009073536083483042,0.4519041722810893,0.1872440656226191,0.2632339174555427,0.24763035802885516,0.2651111925570083,0.15709276574065245,-0.012344308428795527,0.07132548952172717,0.46720596700666583,0.25602473854569496,0.2055029826940021,0.065239168349128,0.30335665357903524,0.018046297281217576,0.6421770864792272,0.30845506561383873,0.4346855777875054,0.016010152330508724,0.237328109587543,0.09407100727527343,0.2808347615958671,0.0034202579130762855,-0.2748710907122698,-0.09661327100854306,-0.1265763980357047,0.1442933313388868,-0.14826632225877523,0.14331490001210317,-0.06243757000355216
0.13761603706863582,0.6141795173752963,1.0038247399744427,0.2529100372236855,0.07892250164643756,0.3238143155815134,0.4115193255620251,0.3164455495741583,0.5698351862781985,0.32097001847600626,0.26821754463575304,0.330804765521692,0.22075740317877943,0.3296109104260251,0.4016322008316793,0.28701812046373226,0.416391503780092,0.29551521916773793,1.6785717191217302,0.5965294772055215,0.46129878511587075,0.45463186212002443,0.26475854591170284,0.41308441805192575,0.2538629713493446,0.4117791746573979,0.28589993684712617,0.5592510557486977,0.4361803266141836,0.3186227494967718,0.349653225418619,0.3005688749963965,0.42987507328733027,0.3209061445722279,0.33749175864231146,0.4309869257295559,0.19888253345326323,0.28791865285969287,0.6688880080351102,0.3099160369152295,0.5217546345396428,0.28272142108694265,0.4402988945782804,0.01201655802022211,0.8132546760191811,0.575448663000276,0.6429159782369324,0.07088236879398653,0.4661654651881145,0.5890361548802019,-0.31133130634316636,-0.19797734145843965,-0.24167643174076467,-0.029876296572410567,-0.09643765578387563,0.146563122102887,-0.37868785372173097,0.0891045844809244,0.13525372524382975
0.12697021394053357,-0.003298438953020195,0.8540985569997632,0.1282991452408372,0.19612669989895606,0.48194005701972503,0.30277108121423196,0.39308781122154474,0.5048869743100767,0.4653774980700567,0.38271606259560886,0.3995823780126027,0.24285017872417203,0.4548279955412529,0.48669702978757495,0.4429286729384915,0.5891241272412029,0.14651561999482524,0.5965294772055215,1.9288429633991229,0.40091207683319546,0.46227203570444725,0.705384076692791,0.7053131591771814,0.5514142001203581,0.6115916684787903,0.5380057416960061,0.99272963110747,0.3347054183721019,0.4066849747543666,0.21951220536028646,0.37531597856606624,0.4544251326328223,0.5151275668678134,0.675162795889832,0.13735138589891685,1.1381335054443005,0.8833849363922932,0.6291929272148364,0.5725587241950988,0.7293627280246038,-0.05550889016737623,0.7577886389644457,-0.05018252123797267,1.1904282373097788,0.5963293822425738,0.9693337890404766,0.15527618945567687,0.8215908881213633,0.3152750893083012,-0.5980941246662489,0.37855627573107187,0.0923268108208691,-0.10479874600299668,0.0377966185309868,0.01870870968277405,-0.31594954877114495,0.11833685017207898,0.06888066195700945
0.04545776138571079,0.44112764488209794,0.6519274748511578,0.017158156770592924,0.22060677941915388,0.341666445530697,0.3359416662693318,0.2483768030624724,0.4394838130795716,0.25840245812796403,0.3052563388555658,0.3183202572853497,0.15928630959344858,0.3663889835598443,0.4389435119433889,0.31458378151739613,0.4643766400814962,0.3082209090917438,0.46129878511587075,0.40091207683319546,0.7236769516409975,0.3817964995181909,0.393940354966908,0.5695983904123058,0.34343689170095376,0.4937293569457131,0.26144235889728007,0.3142781669811736,0.48639408517917787,0.2879669211135437,0.49247364621758677,0.2999216328781867,0.49672249025761267,0.38535837710593757,0.5645905150271723,0.3076456958416229,0.23753036752618045,0.18899311072824865,0.9147797055149759,0.4870903469275641,0.6096552165107869,0.5507416890333987,0.47472679790072814,0.03323231980672602,1.2801443981476397,0.6197441718604769,0.9516716148129474,0.17410302262137825,0.565716663118897,0.41058687742729066,-0.0833694348526121,-0.3119851118679552,0.05131706066660049,0.015193769049052834,-0.1381923156360223,0.036271676755744435,-0.48640173187182334,0.13781396656768002,0.26518759723396357
0.08943244270150408,0.3987375699231986,0.7099736154420153,0.10095491467316664,0.2879771616079398,0.39686999101769893,0.35227202941153085,0.2695504517800382,0.6331800328291114,0.28445108400937263,0.3355000497482867,0.37807106116316685,0.21348480174569676,0.42056103110839704,0.3999132043290049,0.44348150050120044,0.4377767067569625,0.2545209339690856,0.45463186212002443,0.46227203570444725,0.3817964995181909,0.6396844407212259,0.4513530484523416,0.5658502364679946,0.3303894344465762,0.3437718095577171,0.3166404586255456,0.44417937761760606,0.3906528780605073,0.30047569612835,0.2884948989873876,0.34399974644820897,0.35089856389453267,0.34932168141038467,0.453666683083959,0.21293494631732254,0.18355536717254997,0.22669765752992313,0.4303663726613777,0.32377672270051033,0.39978735127616577,0.3890676300334344,0.45044593615948486,0.020586720709926877,0.4257699838131819,0.5370653038631698,0.680817421191565,0.01887400757516543,0.6859205970651517,-0.07507239356570015,-0.11247079231483827,-0.19738046906933174,0.3550007445136378,-0.003893838353145093,-0.10932970180594986,0.09451804359721594,-0.3935126761477976,0.1627538211263728,0.1758273095346706
0.014860155481311862,-0.37293371656673596,0.763466472731404,0.14932765619514246,0.3592810294684239,0.40791416985849854,0.3959919117457069,0.3002093033762564,0.5425429286934778,0.24405430217097887,0.3887169699375793,0.36771176499291663,0.2481043200368409,0.4645071774566472,0.5419253767054908,0.3031087740802743,0.4585799769290423,0.3869937528987082,0.26475854591170284,0.705384076692791,0.393940354966908,0.4513530484523416,2.228003548378217,1.1536141564312907,0.6440777912519869,0.30148698130486146,0.34102191317111413,0.6999669147050313,0.5620828016374785,0.45978089257844584,-0.17914546157121242,0.35557913183420453,0.5435020568504418,0.43936418867732674,0.20893432250364752,0.17655015245046596,0.660826131540578,0.2531398357367927,0.40373994468256863,0.44938475168230263,0.7459867949600529,0.1984608070014075,0.474673844162844,-0.03353571093760851,0.25188772815727595,0.6024115740195313,0.9772283499607805,0.16927185677976964,1.1745347556190109,0.07310130221386718,-0.27281089061566555,0.03404748133606483,0.40685165711594795,-0.06374828472234077,-0.07198452040330414,-0.04332533461945613,-0.5604949767402978,0.20097015817736932,0.40445607023294566
-0.21897891011244347,0.07405726867468458,0.8338338118421172,-0.15484778304266522,0.3567958803745161,0.5428450109489404,0.5329678169493928,0.42057622240575593,0.7189640963410274,0.2619501446244949,0.48251490598614816,0.4206029225394706,0.2569486573468549,0.4985430521963441,0.5641363516881598,0.4126425504767088,0.5865429359200703,0.328746598519074,0.41308441805192575,0.7053131591771814,0.5695983904123058,0.5658502364679946,1.1536141564312907,2.2193692201126405,0.5267298859480312,-0.01374840257463683,0.3949048136564828,0.9136297153876879,0.12489113040683257,0.38922168147093583,0.9267335319720701,0.33136143131420814,0.59571836012018,0.2431065368007508,0.935706626366165,-0.036257373831546647,0.08731163455839808,0.3291663976519766,0.6487018136002299,0.6282874123013322,0.42375516933295854,0.5076234522567378,0.6139213298483881,0.016128430040910146,0.33152073002203236,0.678285188829447,1.1431046407340661,0.2021781649279057,1.3944274350848584,-0.3379283663751466,-0.39167809543929266,-0.20451538504872518,0.8933686221598747,-0.054149463023803246,0.0035243929959402356,0.1436866987230101,-0.5055579740835648,0.10330339406140397,0.340532182302371
0.12389456900838731,0.10937942333282377,0.5660781330771424,0.13401865391086867,0.24982100905272128,0.3043857937265767,0.27726306430441844,0.24768284726806525,0.3226031952652674,0.24082988713472364,0.27570387638046023,0.31907118929790534,0.18010651199114794,0.31826176182425575,0.4008434523341586,0.30258858066927047,0.41207799528984235,0.19385386202259716,0.2538629713493446,0.5514142001203581,0.34343689170095376,0.3303894344465762,0.6440777912519869,0.5267298859480312,1.2528999487066577,0.39488002650308884,0.2802121350035833,0.3086404200842888,0.7654717831877479,0.32732136021261493,0.045216399928186254,0.253610985565457,0.28226714481311027,0.4443856650585234,0.3538064704529769,0.4244729743539481,0.6516687003548302,0.2726887653910501,0.30377589928841825,0.25724121487916773,0.6292986432281654,0.2693349794610872,0.3626449803314139,0.016187123417315732,0.7389092025965155,0.7272811147609806,0.6268564500137761,0.07117589423836654,-0.07570961030972506,-0.12754974844146869,0.17757351231260526,-0.035924719131214616,0.277533787248295,-0.028837698177624792,-0.10806107196096812,0.02218424759718068,-0.23922684145562143,0.12478096387682486,0.0026543192583144823
0.1633827610329691,-0.09848458656375214,0.45681384928217156,0.17732090704230266,0.24367313694373946,0.39611829169563806,0.02703757078998324,0.23572220316417236,0.3449349612168581,0.248536961975864,0.18768499358500373,0.21137218806989308,0.14391129259874338,0.35559988538560394,0.37670239888180723,0.2945328802023349,0.2656900428705653,0.2961000496546445,0.4117791746573979,0.6115916684787903,0.4937293569457131,0.3437718095577171,0.30148698130486146,-0.01374840257463683,0.39488002650308884,2.641223522806245,0.22162500846817504,0.37338518454004194,0.3260947815434082,-0.1488739619391834,0.05732390294681324,0.3968577793296501,0.3945166937286924,0.47842355373595546,0.24229878301342453,0.26436270335236794,0.2777937954932922,0.2537979015210269,0.7186661690418427,0.46185294186269776,0.658228031128152,0.2149314247968525,0.2728954305256678,-0.07974089340328332,1.195724559246806,0.2887831459944903,0.47983850641001835,0.14694418862918798,1.1858818300171854,0.694846984708218,0.0030081210421880845,0.2034830058945037,-0.7669622842913838,-0.04913615201959509,0.009379630690830792,-0.05915779239375166,-0.07639248283440672,0.013566214280556271,0.04573062385176515
0.08863281682550798,0.31783923777534245,0.4689651731275583,0.15334020923184116,0.20191261489790774,0.2897443890261143,0.26718807438743103,0.2163684585419713,0.3258627423417801,0.25272174807420056,0.2663387296287356,0.32515927621241364,0.1838921461639142,0.3094231651267792,0.3060899753727556,0.3124766176919155,0.3350007950761991,0.14159721043405832,0.28589993684712617,0.5380057416960061,0.26144235889728007,0.3166404586255456,0.34102191317111413,0.3949048136564828,0.2802121350035833,0.22162500846817504,0.4941568005063052,0.3928652787794047,0.2571476366384698,0.2267511511310614,0.18162196730422006,0.3264894602974104,0.2342934206081815,0.33828663700069256,0.3461790123293901,0.2231573322752638,0.3012885632949228,0.2714233890589299,0.30807177029554916,0.28701305471960137,0.419274910142502,0.17468075548967724,0.347150983029561,-0.00499896623961817,0.4019866866775701,0.4008759858724921,0.5026590392179848,0.07522032942929877,0.47163645261424225,0.016045192152411295,-0.18037442133662612,0.011318348293572323,0.13960153818542625,0.017081329220843593,-0.09638641165608469,0.03561319852533471,-0.21437821414564473,0.13297419421804935,0.08453264811702318
0.09756299912954206,0.3330935673726027,0.8198087198638323,0.3512097118637026,0.07246796524245867,0.4542826392687613,0.30611655212713446,0.37677614321623826,0.575541348058598,0.32201961707344484,0.36252162139945776,0.313566087227419,0.2224549912158928,0.380337374929319,0.4324759863828515,0.359188300733025,1.0032670888846342,0.2759576951858012,0.5592510557486977,0.99272963110747,0.3142781669811736,0.44417937761760606,0.6999669147050313,0.9136297153876879,0.3086404200842888,0.37338518454004194,0.3928652787794047,4.611061467441833,-0.5161114486260624,-0.16191927047315177,0.4517782035090062,0.3979261318804552,1.2801391624827634,0.014397734675402885,0.007380131663381013,-0.36602066406095085,1.1748374222047042,0.4125868088150877,0.22181125111487932,0.22562297660366043,0.7682935977816097,0.7001201660755729,0.5299202958529088,-0.0005058401422230996,-0.35159834312541033,0.26722282494801164,0.845704536643831,0.3684733532301978,1.4278609213938942,-0.09036484179879345,-0.8717705811045209,0.9378266663631051,-0.303570852855961,-0.10092944831808418,0.29050977277630546,0.06402457147338438,-0.22490663747622744,0.02280072982272828,0.6674357291293513
0.05655324951881501,0.2872099030791959,0.807967929399467,0.14437431202178022,0.4072428182936891,0.44482529898488243,0.24055808568716874,0.30191522810263705,0.3658114398511948,0.3866656083972836,0.352260253398736,0.44264519261233004,0.24370463021105065,0.39269133895914327,0.45418765709584674,0.35592312566106127,0.34258289987402035,0.16769248792726715,0.4361803266141836,0.3347054183721019,0.48639408517917787,0.3906528780605073,0.5620828016374785,0.12489113040683257,0.7654717831877479,0.3260947815434082,0.2571476366384698,-0.5161114486260624,3.330103641797154,0.858286466876168,-0.31959246697320204,0.3419939027038549,-0.03392872097222507,1.0963359553562244,0.548860693761484,0.8537934968858909,0.9096044103888701,0.10468925484590853,0.5209372438710226,0.3804887955225151,1.4103715125947258,0.1024227682839631,0.22113925529483694,-0.02122559040163932,0.5406600454592317,0.8029077089937825,0.7979023328082817,0.03448752928034637,0.6617499079634094,0.2078528234795993,0.07651360568958637,-0.33154216961717475,0.3056686850599973,0.05876749684292754,-0.24201591024362135,-0.1744407275551837,-0.4268574916133977,0.08887947560829582,0.2882571130966777
0.1959990774034469,0.35160464533403574,0.7979288622257522,0.17217858406638825,-0.29579101392050583,0.020198966801836186,0.3778883082312049,0.24831221185842092,0.3186498232646618,0.3091713611055225,0.2497531563327594,0.25956581145006585,0.1612622858864745,0.30650379638903036,0.31413442873921504,0.2677058012584452,0.26697672049771165,-0.009073536083483042,0.3186227494967718,0.4066849747543666,0.2879669211135437,0.30047569612835,0.45978089257844584,0.38922168147093583,0.32732136021261493,-0.1488739619391834,0.2267511511310614,-0.16191927047315177,0.858286466876168,4.03282396334649,-0.4476765572649248,0.13813996094178604,0.3047284813172689,0.07155824191515377,1.175823600449489,0.5550771940357501,0.6557817302967525,0.20024303006347804,0.8219158146019849,0.8241794490460943,0.46536176376938804,0.3904736972280332,0.847388092886971,0.055936604499296556,0.959670011543812,0.37406077483621436,0.7955138961749502,0.25041884290681765,1.9067563192252144,-0.39786201999084336,0.009401917314944693,-1.7578277296472495,1.8618953743648843,-0.04168401499262971,0.03581957093594105,-0.28525126323383876,-0.49172271901540077,0.19019044713607772,0.5403210460767247
-0.021399668192082916,0.7004642689246826,0.3838838434580113,-0.2895756427191511,0.22416278358231587,0.284367772906225,0.32084044962409175,0.2500998011385057,0.410832330802854,0.1620316059634167,0.2931824506569168,0.17451938026579025,0.13433400132607598,0.22410390408151304,0.3250158498504566,0.2127291828267403,0.32316606026632255,0.4519041722810893,0.349653225418619,0.21951220536028646,0.49247364621758677,0.2884948989873876,-0.17914546157121242,0.9267335319720701,0.045216399928186254,0.05732390294681324,0.18162196730422006,0.4517782035090062,-0.31959246697320204,-0.4476765572649248,1.9230952889158057,0.12525562803796103,0.32321898040928493,0.10142944003303152,0.8746589641197975,-0.046024372282361045,-0.6469661879237206,0.17101013607376112,0.7299389688169579,0.3807716148126603,-0.11898279774206016,0.4887996638133877,0.3687153192090292,0.07623864252399695,0.8582538574324233,0.47672572528310325,0.7000493827263443,0.05384414595511441,-0.05428461107908593,-0.24534490804746575,0.12557625101725198,-0.3307284636419146,0.2735941950445892,-0.033861987353764465,0.04406041410164977,0.3057177667007447,0.02500911950034953,-0.017748612878798004,-0.27182883007383957
0.0503021961036889,0.2328485890150905,0.31931864645908936,0.25912452462925495,0.3296193392574306,0.39937743637782364,0.17460519929918333,0.21473569107322021,0.35202898120259407,0.23338536954586242,0.23999616398118942,0.3246621457567776,0.14550850163969675,0.4934852952721728,0.388832491610352,0.34367733483448687,0.3481817773704649,0.1872440656226191,0.3005688749963965,0.37531597856606624,0.2999216328781867,0.34399974644820897,0.35557913183420453,0.33136143131420814,0.253610985565457,0.3968577793296501,0.3264894602974104,0.3979261318804552,0.3419939027038549,0.13813996094178604,0.12525562803796103,0.8574636761144124,0.24901011207381019,0.44789847483108286,0.04861647104810612,0.32536641910902264,0.026238107832891804,0.23314106913871674,0.2563678995657756,0.16356669679175806,0.4265804549910021,0.19112996385677014,0.2098185911654512,0.009736513915721908,0.34077540042518134,0.46597155561415515,0.5047585074393297,0.040156670808864564,0.34765528703877685,0.12525122497202837,-0.029738244933442022,0.17919642352931017,-0.46747861984675415,0.13238604620781455,-0.21828177728172585,0.04332054715708697,-0.27552564228846166,0.21595361111855813,0.05652199352052164
0.17135611572285944,0.3218630795485052,0.6424587410776949,0.12984567384029191,0.011243398212053468,0.16803919817049326,0.33472574249903564,0.20108440887234097,0.4475411495401349,0.19597072292213097,0.24497810970069983,0.20306020383676418,0.16909358062085478,0.27567241678817694,0.3317328736789086,0.22660773329472333,0.5446545977158848,0.2632339174555427,0.42987507328733027,0.4544251326328223,0.49672249025761267,0.35089856389453267,0.5435020568504418,0.59571836012018,0.28226714481311027,0.3945166937286924,0.2342934206081815,1.2801391624827634,-0.03392872097222507,0.3047284813172689,0.32321898040928493,0.24901011207381019,2.1450695119404326,-0.15916339783017447,0.2068389135487281,-0.4799788483394442,1.246166768698304,0.22419231334445197,0.41143073449217654,0.21233471649465038,0.06473585003223993,0.6284655696481392,0.3987629626288071,0.020588057368028455,0.1881289999116286,0.6640757233682669,1.2288383307087247,0.4050755404533929,1.1727160110973753,0.39635472176662523,-0.3410584507637174,-0.23587228767414525,0.226451903260324,-0.17532998103142142,0.18117823619168405,-0.05081600105752342,-0.19429786905602078,-0.01756622028878404,0.3060005038188786
-0.2713009009640867,0.2722746711034042,0.4664182328162219,-0.06785934112949024,0.5677242144127933,0.42262108689204175,0.3326712539370773,0.3374915341223515,0.34560385941121957,0.3895972177918752,0.33838985670152155,0.3691285726472106,0.23546880245397714,0.41674449788253276,0.4327235393014393,0.36576790132413717,0.3740400154340631,0.24763035802885516,0.3209061445722279,0.5151275668678134,0.38535837710593757,0.34932168141038467,0.43936418867732674,0.2431065368007508,0.4443856650585234,0.47842355373595546,0.33828663700069256,0.014397734675402885,1.0963359553562244,0.07155824191515377,0.10142944003303152,0.44789847483108286,-0.15916339783017447,1.7549607725826448,0.4384488201859931,0.47771383656732014,0.6806355053394693,0.2280150515832607,0.5839942903927404,0.19857414573894736,0.8512580864184116,0.2398689645153291,0.49002382717634,0.043822351162290205,0.7549951189791717,0.3959971926740618,0.7224906954640835,0.025528581738268188,0.11795974253219628,-0.11101441342502569,0.044042401357036964,-0.1755662966068049,0.33964133217020204,-0.03998426058217124,-0.1914372645727346,0.022376612343026084,-0.44646717562680005,0.07542782403736865,0.255813566749147
