2.8924659995798936,0.4193569478827917,0.0024687324447358362,0.32641220403543353,0.7002612168728946,0.27201410496980233,0.2985229410612896,0.2594899866989652,0.07631930657945094,0.2951871944418457,0.27557291896674657,0.23665835795768111,0.2755114257312425,0.21356892221249368,0.2251127069836952,0.37916918902299834,0.24797978822239475,0.4778947070285446,0.3053298741287941,0.2985234944692913,0.3328498889758611,0.14521834192387956,0.5939931178170457,0.458339740424802,0.1554173255128038,0.45838433111641796,0.12040934643083863,-0.06714887356443774,-0.4236509311896709,0.08298892155336102,0.08226785880001664,-0.07788108726507573,0.18321284876555746,0.15463136056958646,0.2240258613430165,0.4225918487001838,-0.10015001150099978,0.17138270538959702,0.09251826718770614,0.07960531288776715,0.07935440186158925,0.15942955059474587,0.08259790625653433,0.09439153812243785,-0.0181234238197767,0.45674173157229464,0.1490936336544669,0.15850708647094713,0.07333694214017021,0.053786504139810794,-0.07821868329880921,0.2068312494355573,0.5526270573764749,-0.03428144300904088,0.30049293203686045,-0.12116119047271605,0.01158697662328687,-0.1316256567862007,0.3839836827157961
0.4193569478827917,3.4691125265117773,-0.005944713291198524,0.2549782670453455,0.5475091099216087,0.12595304544321423,0.3757191194552253,0.545578529698337,0.1330813004661669,0.25413033811831937,0.3856106871016347,0.19547714819130252,0.26613060450890724,0.18713515356333232,0.32626583350198507,0.269266427840073,0.22326166599193506,0.1658562072858113,0.3914680511644889,0.3946970541131501,0.41878290214769953,0.3127239883775671,0.622363558285203,0.39728607604174965,0.32796957165237806,0.3458275942464627,0.1680624745750614,0.15158098053579416,0.13574372864491288,0.05901556597208076,0.16376704281660417,0.17247405470619478,0.0620330094100361,0.12544174818471762,0.1100586318430094,0.05848905046347102,0.01914578245341025,0.09603507193680205,0.09506769937152523,0.1472089521388762,0.026773716286231746,0.05624179991880272,0.03628038840786592,0.07294857059309824,-0.11016807076052405,0.31413848629710855,0.02114117624272759,0.03533329694027179,0.20214558329832155,0.10064911668996385,0.018110667156468755,0.15895661500149508,-0.12030522974078493,0.012270344330107512,-0.4490184060504711,0.0867319943427517,0.00522729726532984,0.37009736476631694,-0.06875248694055598
0.0024687324447358362,-0.005944713291198524,2.4175020318164537,0.36962160656599824,0.2486346036968626,0.4184342246913935,0.29628161626073946,0.3022110263389227,0.22154054294951156,0.20071890679947,0.16594087692289933,0.17355259533292078,0.19490211142903352,0.09692160205122244,0.15723522740987142,0.2622636411494876,0.23904882115227724,0.14583276751654453,0.17668808998804106,0.24556499772033616,0.22644810571714674,0.1585764105021065,0.19589377552803225,0.2891808542649017,0.09738232374275949,0.28257779180066245,0.24577348708140526,0.2433658803362424,0.24937278055237178,0.4232183031147263,0.22160414328257533,0.06473122709637168,0.14088546505885868,0.1270866798527609,0.07028906078578019,-0.05867998733109314,0.23692047098748867,0.15586351602651327,0.1943907227566875,0.10892570497584281,0.16989325069764874,0.09598500629511754,0.054611617481758405,0.06279957727475248,0.11714937331884957,0.1169438733226295,-0.02339897294249373,0.039477397520147395,0.04082493043958423,-0.14615443367671738,0.24477998771460552,0.0059512792541221975,-0.053900438060687936,-0.0720979853124812,-0.46267290543148915,-0.10605853420683392,-0.3930521135330545,-0.22837942794881028,-0.07419926374062862
0.32641220403543353,0.2549782670453455,0.36962160656599824,1.5497180136932265,0.5240660810649733,0.39368946999179205,0.15789177177170094,0.27199616818392597,0.022297058209771507,0.1701123808146463,0.20578510442160655,0.22346612833860025,0.21450497995319553,0.27455893267992065,0.19450269834851702,0.11801802524732005,0.26495781385930794,0.2560506213781415,0.23869301523072914,0.25815226486517745,0.2929987414479311,0.21940644885359473,0.21674378859371776,0.19321592841437119,0.22636623833610467,0.16198886733888881,0.1901949125107804,0.17943337077942415,0.13809612870823293,0.4687598193766456,0.24259414928803472,-0.20534705366442496,0.10039600057034238,0.18148794624890854,0.06987573768821702,0.03363148520603733,0.2198930370964306,0.06980515478761745,0.20851282371716068,0.1635384596365014,0.14584718947878722,0.1795971388943255,0.039653183043618354,0.010217065537003642,0.06382021232268081,0.255507630896087,0.1772968361131149,0.18560175978781362,0.0981596718062772,-0.040318211570432645,0.05916060494359358,0.024300558374016863,0.039025013827378746,-0.07011920771650006,0.0569365611185085,-0.027182327193882857,0.07800708627725603,-0.013890238640114176,0.07360111735232833
0.7002612168728946,0.5475091099216087,0.2486346036968626,0.5240660810649733,1.078106984820338,0.302400000619343,0.2780297668192948,0.38600777988957197,0.13417319883377563,0.29556245644138385,0.3375690567137408,0.27198714689578174,0.35553868138267153,0.3159579991646667,0.29504562622918695,0.3056223196582633,0.2835888727710636,0.3138889516890694,0.3023788579500775,0.3649080130178223,0.3025642277560872,0.26235604207284124,0.32580185873596473,0.2502121340329622,0.3297253594497578,0.25041407529563803,0.23559996728156082,0.0733637013885919,0.03724764615347689,0.2514514041575614,0.2157504378316778,0.09362034232561185,0.1274029630938145,0.16832470907098676,0.0005918585034700836,0.014457337800001564,0.16343035026370845,0.11359249746510595,0.20103720425040478,0.0759417369119553,0.17449409921397765,0.14094819260502678,0.07351929203918864,0.05354507741173034,0.03349302382078366,0.24352213647538082,0.0901728878202067,0.1528207810064247,0.07034262969467514,0.2803566298195869,0.06282274183214755,0.11087770333240413,-0.39110489288446537,-0.030519914162397695,0.03761572108712727,-0.11162634867685588,0.08161406439339874,-0.02052349956229654,0.18531052876059512
0.27201410496980233,0.12595304544321423,0.4184342246913935,0.39368946999179205,0.302400000619343,1.4083168268684203,0.37156414777230645,0.3516296357424877,0.18733026674763112,0.2510464664807802,0.2133594543222593,0.24451193921397713,0.2979184057228707,0.27512640047503845,0.33244568843340117,0.303660549517675,0.2291886431280058,0.423463621619115,0.2654297133048193,0.2236829573522001,0.14528155816322458,0.21632337342912877,0.05881476445481242,0.12001236970123823,0.1804989777400815,0.1778291195635838,0.23319785625678693,0.19402594641743431,0.127026427581838,0.3164684322975643,0.2899806488580637,0.06332306641507726,0.060703931064809535,0.1700433001932273,0.15831574903622306,0.044613244745892545,0.21157695152219755,0.0956105572781698,0.189194973620049,0.1355616961116569,0.12076880514190474,0.1268232225489548,0.06534808868266181,0.11370071350706668,0.10775106226441343,0.18073582499466279,0.09472607812510261,0.11898348958839655,0.12815964903955238,-0.0912006635745245,0.08299628482329838,0.1609925920144135,0.02351670979946577,0.0028789076919402156,-0.10829695394303022,-0.02853390177927439,-0.12444810952770359,-0.0595443888966814,0.07724267888614339
0.2985229410612896,0.3757191194552253,0.29628161626073946,0.15789177177170094,0.2780297668192948,0.37156414777230645,0.7687715295956263,0.3426242607295742,0.2967079564421458,0.34505565849949255,0.39813918879379057,0.2747517244437566,0.3002330444419438,0.24519420759552077,0.36555308239383444,0.3176409480566876,0.27852812690122764,0.2746317066001752,0.3498821379140133,0.2967087251648026,0.26282898774155383,0.240298559887669,0.2730292706861559,0.24949722033647112,0.05471872975547044,0.263170471869082,0.2545580654818566,0.20121922231413208,0.1291124315901228,0.15122865705823335,0.24995962303153185,0.19518534031075693,0.10353372846891586,0.18418038278331594,0.18535687871901743,0.1453540971372729,0.15531574885189633,0.11062011131919176,0.20038791246667503,0.15157602512412918,0.15174940561794567,0.13423181107570592,0.0789400720701962,0.10883611203806215,0.10805294545846282,0.24839319035427393,0.17070657590879695,0.11766467138474573,0.12286317783813622,-0.045898543823228305,0.0202964028573136,0.07593362611674678,0.2311873801046466,-0.07024622638065518,-0.1165480092792715,0.042557455236373436,-0.13580804370218458,-0.005888397625328748,0.03769705305392625
0.2594899866989652,0.545578529698337,0.3022110263389227,0.27199616818392597,0.38600777988957197,0.3516296357424877,0.3426242607295742,0.7626567371456152,0.17692902433068416,0.29805913030170694,0.2999743143057166,0.2891315515175775,0.34645171244069267,0.2788563421706187,0.2966518750909059,0.339237498934764,0.3127095903649836,0.2152830468684573,0.3064066673385292,0.3158350513345765,0.31390544358245237,0.27081466804317494,0.30387109827969255,0.2177710661907764,0.26999103323281876,0.23394373369316468,0.24703711096522174,0.19234941853777657,0.12468842427961953,0.22144543127720692,0.18925878341638222,0.17166297473332282,0.07447526215610933,0.15719340077893446,0.14035764903157266,0.040607891891027995,0.1590443227125257,0.11822578223733064,0.20252507928023106,0.1421802856186686,0.16160837943021422,0.12230009046649308,0.07770745046638904,0.10821696495465084,0.07386529130965303,0.25096835971699855,0.15471848373211564,0.0558713381381658,0.1324111585077185,0.031393373411296645,0.014306906142853987,0.17880674118677617,-0.03239769420559839,-0.03931442157070516,-0.15702682413621621,0.02946937974895764,-0.11116258929436794,-0.029084735731103168,0.0007088317265061531
0.07631930657945094,0.1330813004661669,0.22154054294951156,0.022297058209771507,0.13417319883377563,0.18733026674763112,0.2967079564421458,0.17692902433068416,0.9434444972478414,0.2886104644919159,0.284381923600375,0.2180824825560229,0.2519478412302075,0.19613927076869245,0.2189930873875715,0.35660182932578666,0.2584348962724404,0.2164220541332779,0.2581132030345596,0.24979308836138805,0.18607457509008452,0.27432864488842695,0.13748787184454664,0.2515744498348623,0.24930066283135624,0.2734778585479674,0.29349053140232334,0.29424331402889503,0.10641276957898953,0.16536369496394,0.1990845186243996,0.238672375107593,0.18058354102607493,0.10884549079024974,0.1373434088958126,0.2081021953854918,0.24322030662079594,0.12132060560636167,0.22972177112892223,0.18443302978378437,0.21899991480824313,0.16935125281539007,0.10259598577099606,0.06704985720398447,0.11998623813457607,0.1717531202473113,0.13335838919473847,0.0967800903947715,0.17103531408467945,-0.23331350181411267,0.07230924046525213,-0.17064837952434744,0.0801689526465615,-0.021236398959216123,-0.10147744483112543,0.0014119662481063475,-0.11583295869333539,-0.11373632545663667,0.16880686658091082
0.2951871944418457,0.25413033811831937,0.20071890679947,0.1701123808146463,0.29556245644138385,0.2510464664807802,0.34505565849949255,0.29805913030170694,0.2886104644919159,0.7893903033665078,0.40485891692493114,0.3184524701728753,0.45456712919629805,0.30999439318886973,0.35355468927318423,0.47277296619989817,0.4111308266672976,0.3175961519821062,0.3738005550313294,0.2793457242253592,0.329010508899852,0.23706134371240406,0.2930106930935046,0.2940253838542967,0.3449902056145923,0.2561250027833908,0.2831376416796729,0.15708308881656738,0.13784298010633603,0.3093714706414741,0.2256828291925593,0.1794073687203493,0.15099025277501682,0.17689281668979223,0.1421487672670491,0.0693046132275585,0.18898070033899503,0.11954633978310268,0.22651259143091346,0.1201942445728646,0.18004353920352584,0.16588101182463894,0.07433374682892746,0.08653268685236372,0.09055182861283395,0.2472839726239369,0.1551555536931126,0.16366265684341766,0.13612846235759335,-0.03079622322972224,-0.022929951608246627,0.11581711201466384,0.025337327436250095,-0.04449230758525538,-0.09570234086677824,0.06913384932480937,-0.048573600485094716,-0.030529601488095803,0.07509125488307065
0.27557291896674657,0.3856106871016347,0.16594087692289933,0.20578510442160655,0.3375690567137408,0.2133594543222593,0.39813918879379057,0.2999743143057166,0.284381923600375,0.40485891692493114,0.8324190129265037,0.3296207283676788,0.3898149826154222,0.3406225829046658,0.41703465188663147,0.4080196231243181,0.3560499619164863,0.287565366880727,0.5506919312368534,0.3338688265800503,0.38037006886991537,0.2942569845793894,0.4261214529104901,0.3088189657239722,0.444013744840848,0.3255607300586155,0.304572117268117,0.12727467367671141,0.062154152694450314,0.26021645630407714,0.2088923032203251,0.25597610294447054,0.20712114626109768,0.18405599071131698,0.1196857483687116,0.058425474884113295,0.19601660550169858,0.1337547002308019,0.24307521546763927,0.14505390292615247,0.2195602797230191,0.12631287477191405,0.07945620041149978,0.1178543559751592,0.0990676145624148,0.2066871232554197,0.022859005858707877,0.20760907797111772,0.13639358239969926,0.24196583672418773,0.00987674922837372,0.19275765564761782,-0.06781559376237802,-0.04975914575227791,-0.12904993615232296,-0.0034032261997831753,-0.11671577278141451,0.00455813246374392,0.02761644721581059
0.23665835795768111,0.19547714819130252,0.17355259533292078,0.22346612833860025,0.27198714689578174,0.24451193921397713,0.2747517244437566,0.2891315515175775,0.2180824825560229,0.3184524701728753,0.3296207283676788,0.5221276196753178,0.32675555470205137,0.22970335306180234,0.29123879995345037,0.3429437991540415,0.29869147033648913,0.25387746238492304,0.2926853661575169,0.24549505662562648,0.25312920428118185,0.21586323747351516,0.20446896835790213,0.2446195655119301,0.5020933055462953,0.25503594016800113,0.2526191576931071,0.21518312603607004,0.10932058468112883,0.2600213313537749,0.18610360083943048,0.20782581016150575,0.21510347348152792,0.14267969711373796,0.11276680137890874,0.051298989006111524,0.19096938577710526,0.11358236615826206,0.21233353539194233,0.1628815838349594,0.19251263110132943,0.1280359671685047,0.08122673495307632,0.11588378670970231,0.15354377613180634,0.18426534998489144,0.15665931809898936,0.21194644618440803,0.14267268961183335,0.08791277445382303,-0.023349151540144043,0.1567799729225308,-0.07053061723687608,-0.07464029078760373,-0.028573382394169438,0.0029940182209196907,-0.07980153783295361,-0.05278756573751546,0.09213633389085793
0.2755114257312425,0.26613060450890724,0.19490211142903352,0.21450497995319553,0.35553868138267153,0.2979184057228707,0.3002330444419438,0.34645171244069267,0.2519478412302075,0.45456712919629805,0.3898149826154222,0.32675555470205137,0.7281829013578562,0.3171671126792379,0.3532842644932945,0.3779108534718123,0.3852975300159662,0.3125209211071054,0.3782633726541176,0.2470137541611884,0.3242190517016724,0.24257904200034097,0.2702430718946054,0.27694838961229573,0.38879247998335004,0.30288034459103697,0.2766145529216992,0.03394336202292556,0.1372133437618462,0.3150649971047874,0.22641083647961022,0.24566034566618328,0.14662781223605578,0.15467463077456148,0.1391574191286008,0.07023814043851226,0.2383440581364131,0.12945788080047244,0.2285713342781722,0.1373839573365646,0.17754579386423325,0.17923515054527045,0.06878349243056259,0.08697719951774849,0.09628078201864013,0.2154234987141211,0.1440731701315622,0.214827491742878,0.13930687274292314,0.09953106478263055,-0.06420705465188925,0.08614628228698529,0.043946375591760414,-0.06044470975786762,-0.0866917594747973,0.08559578541131914,0.12597351396993153,-0.08444425221527678,0.12024011659199174
0.21356892221249368,0.18713515356333232,0.09692160205122244,0.27455893267992065,0.3159579991646667,0.27512640047503845,0.24519420759552077,0.2788563421706187,0.19613927076869245,0.30999439318886973,0.3406225829046658,0.22970335306180234,0.3171671126792379,0.730541213077223,0.3011998192680975,0.32448238472576174,0.28452885329934297,0.24023539846247255,0.30706924496983506,0.24627609402887016,0.25843838942958863,0.22526284353325374,0.21861924728118703,0.21733776522385861,0.31494126694958735,0.26791114127140087,0.298356866975614,-0.033643562730463324,0.0965489376949772,0.2672304735647514,0.19680916601540077,0.2281267700362244,0.12104723722790024,0.18571044595062397,0.1186310380954344,0.04666682613628291,0.24892378920743327,0.14361093685990242,0.26051536274828635,0.13721583571928117,0.19407692557331846,0.19180133508279573,0.05224529505863904,0.1272819593533128,0.08168676755895501,0.1593664158529583,0.20052209306906396,0.2518499054172968,0.18764940815567344,0.10424885049480928,-0.03322305161740118,0.08345969644726715,-0.001225287271715787,-0.0029121090696550733,-0.02444284402837105,-0.08008247740798445,-0.062162535004768225,-0.010771631551559342,0.13984319400646592
0.2251127069836952,0.32626583350198507,0.15723522740987142,0.19450269834851702,0.29504562622918695,0.33244568843340117,0.36555308239383444,0.2966518750909059,0.2189930873875715,0.35355468927318423,0.41703465188663147,0.29123879995345037,0.3532842644932945,0.3011998192680975,0.8159397466676633,0.39778130563062863,0.28939655128473074,0.3844644463499843,0.4386228590178225,0.2728459337799478,0.31434413311345505,0.2797945509846164,0.3102808221548368,0.24076752259919987,0.30421459258374867,0.24391550742017118,0.2779723045971017,0.19537541883821785,0.07963103065632966,0.25993576933917645,0.25406439158294863,0.232876934568336,0.1116512090913737,0.20594041773677962,0.13945875013722844,0.06780678178347085,0.13798947465787914,0.08227905478054416,0.22102288432464456,0.13264850515156246,0.17031716728257182,0.11744101664772127,0.07350783776794001,0.10977157838782149,0.06564670697549853,0.2714379158546746,0.11626790863188113,0.1379541703648089,0.12746351753872626,0.07475462646706403,0.017682106927370073,0.1295871487694581,0.022248221660388513,-0.04906024523328246,-0.013945467351010689,-0.05537681123431294,-0.09327366982697069,0.11245516465136879,0.07756754983456515
0.37916918902299834,0.269266427840073,0.2622636411494876,0.11801802524732005,0.3056223196582633,0.303660549517675,0.3176409480566876,0.339237498934764,0.35660182932578666,0.47277296619989817,0.4080196231243181,0.3429437991540415,0.3779108534718123,0.32448238472576174,0.39778130563062863,0.9453243572182737,0.4219202154204573,0.37767575031950057,0.43335778687223886,0.2998005648165287,0.38336386296383196,0.2527907457656437,0.38309024081757104,0.3204263449172646,0.42183270849277177,0.3042351595469098,0.3522095714053807,0.2924770345855623,0.05780106271852324,0.3665790200881738,0.21790438437293488,0.0895340235627895,0.17806725182840458,0.18894804228024276,0.17047336088366732,0.08527225509064318,0.16532190217205284,0.12463379616356113,0.26771554484809074,0.10724461344269814,0.1931705905288535,0.16334637008410144,0.0965882879499457,0.11624578112849582,0.08397475110021782,0.19543868806418502,0.08356080957593869,0.05338713567226411,0.11739503396670761,0.06077326640264765,-0.021613481089015927,0.34002105730043053,0.030907681899911058,0.01179579609916355,-0.06913149390648644,-0.0014409157948304123,-0.23801317079614223,-0.08926072079711006,0.0554285319177533
0.24797978822239475,0.22326166599193506,0.23904882115227724,0.26495781385930794,0.2835888727710636,0.2291886431280058,0.27852812690122764,0.3127095903649836,0.2584348962724404,0.4111308266672976,0.3560499619164863,0.29869147033648913,0.3852975300159662,0.28452885329934297,0.28939655128473074,0.4219202154204573,0.8433816221132526,0.27528327465292596,0.3645642592096292,0.25050188605452195,0.5328712770628873,0.23180028334891942,0.27599643800970597,0.28392473079351055,0.3416229235744547,0.2773136115962737,0.29728942205347086,0.19523510665909832,0.2070429999770669,0.25837613804039605,0.2690626091081628,0.061546879123806235,0.16704418822806777,0.18700260345613862,0.1459051256488305,0.11223299129777059,0.21280560475762977,0.15903526764482928,0.22986809240843842,0.17372379381555245,0.18689488256662476,0.15481414875745028,0.08732935403204109,0.06265559390133026,0.11695965066822918,0.19319694163709655,0.13515432926540197,0.13556732612869377,0.12811975826912028,-1.4956621223075442e-5,-0.043879674163586666,0.1261509322547307,0.0618888177874987,-0.08077482134968998,-0.10966305080075732,0.02053476420174292,-0.07562558323389296,-0.09627554202018039,0.013069805944241727
0.4778947070285446,0.1658562072858113,0.14583276751654453,0.2560506213781415,0.3138889516890694,0.423463621619115,0.2746317066001752,0.2152830468684573,0.2164220541332779,0.3175961519821062,0.287565366880727,0.25387746238492304,0.3125209211071054,0.24023539846247255,0.3844644463499843,0.37767575031950057,0.27528327465292596,1.225756958597069,0.29316270446132137,0.3062021283608116,0.14087747361052497,0.2972825426811619,0.19898355887398883,0.2034956409291532,0.31856769145042113,0.293451071158749,0.23830240507390624,0.16542751823751015,-0.09366639354329523,0.36244570737033893,0.41876385007624717,0.22246839791127357,0.2678122757368776,0.17916767305850637,0.1387307840251449,0.14251249510608052,0.20553900418420995,0.09418626699859098,0.20207489305262824,0.043005763514718395,0.20169636853770706,0.21221707521224248,0.042270507119932174,0.10360985500316809,0.1441823740071013,0.17379809303549584,0.19932053731127497,0.19888681987655188,0.15782758786672751,0.19909706651966017,0.042935139757305896,0.1774156756414848,0.11698449182711242,-0.018812683159672373,-0.0571280990061779,0.005722622227417036,-0.05566671807303788,-0.011817362629725872,0.19228255760222965
0.3053298741287941,0.3914680511644889,0.17668808998804106,0.23869301523072914,0.3023788579500775,0.2654297133048193,0.3498821379140133,0.3064066673385292,0.2581132030345596,0.3738005550313294,0.5506919312368534,0.2926853661575169,0.3782633726541176,0.30706924496983506,0.4386228590178225,0.43335778687223886,0.3645642592096292,0.29316270446132137,0.7814722338948009,0.31335342696778207,0.4324621103377496,0.29986375320750425,0.4695038646367023,0.3449993620325298,0.33637223017580287,0.3336309494751239,0.28685993011136396,0.1521624752075516,0.11386899241364073,0.18533147719435616,0.23389279965295715,0.18160035369731076,0.19737597595984369,0.17779862719877373,0.16887901038522526,0.11595142054315558,0.1774326192568347,0.12807996885386405,0.22329215318265733,0.15392945037933134,0.18691079754311246,0.12534035731601906,0.0741440211645605,0.10874205829818667,0.08798335976214997,0.2256141145212724,0.06905756017585134,0.18934283004416022,0.14981387088783385,0.09600581000839514,-0.006346155247257354,0.15700534522292955,0.1418871079748025,-0.04262767087472324,-0.06718980159526612,-0.01344144166348143,-0.09420114468752303,0.037791082368694946,0.046619248415265664
0.2985234944692913,0.3946970541131501,0.24556499772033616,0.25815226486517745,0.3649080130178223,0.2236829573522001,0.2967087251648026,0.3158350513345765,0.24979308836138805,0.2793457242253592,0.3338688265800503,0.24549505662562648,0.2470137541611884,0.24627609402887016,0.2728459337799478,0.2998005648165287,0.25050188605452195,0.3062021283608116,0.31335342696778207,0.8103697366851883,0.32096953068224754,0.49009579824951743,0.37441295507907046,0.2144781846176971,0.2738901883778822,0.2936076302059456,0.2709031660577062,0.2929961332799521,0.09037030387393438,0.21081773844170373,0.1518199941599947,0.25617308623373614,0.1822010903765843,0.18798251931467122,0.04036412592198161,0.06890340509894644,0.18258008236413842,0.15869834697909146,0.2437124489891144,0.10978363474582263,0.20606913724700254,0.1326939587542259,0.0878099230411737,0.06859390003160343,0.11425833002226908,0.1870967727317662,0.10719124193414072,0.15449847482623918,0.09776055960827665,0.23590235970059817,0.18516481766321,0.040282588179092964,-0.20464867364856493,-0.05231496640586364,-0.10252848054389208,-0.11569954013999073,-0.08509794217835445,-0.04403606500643421,0.10743888313075149
0.3328498889758611,0.41878290214769953,0.22644810571714674,0.2929987414479311,0.3025642277560872,0.14528155816322458,0.26282898774155383,0.31390544358245237,0.18607457509008452,0.329010508899852,0.38037006886991537,0.25312920428118185,0.3242190517016724,0.25843838942958863,0.31434413311345505,0.38336386296383196,0.5328712770628873,0.14087747361052497,0.4324621103377496,0.32096953068224754,1.0662139633266734,0.2853756187905114,0.8973762991688818,0.4077260388063996,0.3259592624098101,0.30303833252791823,0.287882297318667,0.2187523386567154,0.14406534024834747,0.1015844118111715,0.1879269122191108,0.016213496389244082,0.1491565595974094,0.22941307056531263,0.10188509420471467,0.16127579849108256,0.12982995719556065,0.1726819865318746,0.20583776530075976,0.12790852091862923,0.21220975516156826,0.09836686461356424,0.09603876965388254,0.047287394834738115,0.06469795802784058,0.28980488300659396,-0.01436744059388352,0.1437255047119853,0.13663733213831614,0.025379609885231753,0.05916759409510371,0.1318327774223139,0.049476781493600304,-0.031535836320154234,-0.1369567950288421,-0.11200620885936621,-0.028550320699513392,-0.05087075691628709,-0.0042326796600704545
0.14521834192387956,0.3127239883775671,0.1585764105021065,0.21940644885359473,0.26235604207284124,0.21632337342912877,0.240298559887669,0.27081466804317494,0.27432864488842695,0.23706134371240406,0.2942569845793894,0.21586323747351516,0.24257904200034097,0.22526284353325374,0.2797945509846164,0.2527907457656437,0.23180028334891942,0.2972825426811619,0.29986375320750425,0.49009579824951743,0.2853756187905114,1.4199930768212563,0.4089020268307062,0.015758094646071082,0.2526206357458391,0.21948785525040934,0.27396927427208767,0.3800158845797424,0.12525304566274065,0.2232104743512189,0.20907873304693414,0.380960591145145,0.12912747125750618,0.2131069602415646,0.06626017224966538,0.0993847581599715,0.1837518833693373,0.1531386070356387,0.2589344929676901,0.10228777945167815,0.21001116748230986,0.15302021442660302,0.10820361414189066,0.10226889126926242,0.15012117322569762,0.20261570046904867,0.06829279810476808,0.23221896492661032,0.17064317475212798,0.07158086267698559,0.07601409357470257,0.0020204324058269705,-0.2037032953589629,-0.03324769940284953,-0.1389164603188227,-0.011384618697415362,0.05538930475420454,0.006567101170595591,0.21733973577131346
0.5939931178170457,0.622363558285203,0.19589377552803225,0.21674378859371776,0.32580185873596473,0.05881476445481242,0.2730292706861559,0.30387109827969255,0.13748787184454664,0.2930106930935046,0.4261214529104901,0.20446896835790213,0.2702430718946054,0.21861924728118703,0.3102808221548368,0.38309024081757104,0.27599643800970597,0.19898355887398883,0.4695038646367023,0.37441295507907046,0.8973762991688818,0.4089020268307062,2.1541275315636197,0.6048009144153307,0.2600346723295406,0.47582377545668547,0.19578056855794213,0.10965769444231874,0.02505669625775788,-0.04022167482379472,0.13309415299934163,0.13485672164278598,0.08322147810238509,0.21450682371495775,0.0551791299891347,0.19988186019809895,-0.001407253666240442,0.14698481431555702,0.14615510578063298,0.0741088878897637,0.28874437298805905,0.09870264590401777,0.08260187808938235,0.07329247285046743,0.01108458337940282,0.38897121494712733,-0.0731901214462202,0.20511943569901273,0.1878910144385632,0.07645709203896643,0.12621076339876858,0.11147795428850789,-0.01652794937292294,0.05534415845813685,-0.1567824498668901,-0.12935192311994936,-0.025607081047394273,0.006577233622297378,0.05307621688900633
0.458339740424802,0.39728607604174965,0.2891808542649017,0.19321592841437119,0.2502121340329622,0.12001236970123823,0.24949722033647112,0.2177710661907764,0.2515744498348623,0.2940253838542967,0.3088189657239722,0.2446195655119301,0.27694838961229573,0.21733776522385861,0.24076752259919987,0.3204263449172646,0.28392473079351055,0.2034956409291532,0.3449993620325298,0.2144781846176971,0.4077260388063996,0.015758094646071082,0.6048009144153307,1.5310892204960866,0.380563857594192,0.9375664212848074,0.21454119683114908,0.04123265503532819,0.23679082706239413,0.29649286102858247,0.29469401968767345,0.2582163180147872,0.24017314952083713,0.1642073512579083,0.22995654425569453,0.2119261298272126,0.10329986775250444,0.18251361184981074,0.19618932128755331,0.2298954515661399,0.19715384953299217,0.15087715480652944,0.07721610653834596,0.06343165228130039,0.11713536987140043,0.22878430767763777,0.10106177547415346,0.19381800637499652,0.12270622259821877,-0.1400125548076486,0.23865563295823178,0.11008525111851936,0.1812426666069655,-0.02192899894159408,-0.08414668062974164,0.03899355282204838,-0.07412407487067615,-0.050170155915057114,0.07112327809886629
0.1554173255128038,0.32796957165237806,0.09738232374275949,0.22636623833610467,0.3297253594497578,0.1804989777400815,0.05471872975547044,0.26999103323281876,0.24930066283135624,0.3449902056145923,0.444013744840848,0.5020933055462953,0.38879247998335004,0.31494126694958735,0.30421459258374867,0.42183270849277177,0.3416229235744547,0.31856769145042113,0.33637223017580287,0.2738901883778822,0.3259592624098101,0.2526206357458391,0.2600346723295406,0.380563857594192,2.415581312330796,0.37524471457701253,0.40595781295073335,0.2660724379637185,0.012756913489365397,0.7150104218474488,0.17445744917817932,0.4530130433010398,0.35144576687673473,0.20100820964834876,0.09520181920566538,-0.03315903941220517,0.24151537683138147,0.15502444338010143,0.35029692566002896,0.21513490892338374,0.3069279896858856,0.19067683502750188,0.11689598728378471,0.14345930217475278,0.19823772971098658,0.15266771458973455,0.04703486680132228,0.36050295204678945,0.17785134243718703,0.22059976572963208,-0.05737321728509105,0.30706533398770397,-0.3449176687164366,-0.02588816173594886,-0.07968091980728277,-0.037590103425488165,-0.05458943932493909,-0.05785065156060717,0.3227914053814197
0.45838433111641796,0.3458275942464627,0.28257779180066245,0.16198886733888881,0.25041407529563803,0.1778291195635838,0.263170471869082,0.23394373369316468,0.2734778585479674,0.2561250027833908,0.3255607300586155,0.25503594016800113,0.30288034459103697,0.26791114127140087,0.24391550742017118,0.3042351595469098,0.2773136115962737,0.293451071158749,0.3336309494751239,0.2936076302059456,0.30303833252791823,0.21948785525040934,0.47582377545668547,0.9375664212848074,0.37524471457701253,1.6513866371640356,0.23358820828930965,-0.019408497659808847,0.18571101870436355,0.20327026229569697,0.3249856696548132,0.3403770136311437,0.21686511573574566,0.24264736454646044,0.26633895680840647,0.27181125133205375,0.18467498601118698,0.25552279349400275,0.22335674482325293,0.14077246972861615,0.21025240175557025,0.16756900208092249,0.08729604908421705,0.11324840340726068,0.12583708027958915,0.18076066953362271,0.11079142923540554,0.1682068099364277,0.1391820535640288,-0.2128008087702138,0.13271372474599444,0.2894770076174089,0.2128002991818617,-0.07323543398287305,-0.09405894909912092,-0.05916615807527416,-0.03544827181456081,-0.13062795717826198,0.08857050842503095
0.12040934643083863,0.1680624745750614,0.24577348708140526,0.1901949125107804,0.23559996728156082,0.23319785625678693,0.2545580654818566,0.24703711096522174,0.29349053140232334,0.2831376416796729,0.304572117268117,0.2526191576931071,0.2766145529216992,0.298356866975614,0.2779723045971017,0.3522095714053807,0.29728942205347086,0.23830240507390624,0.28685993011136396,0.2709031660577062,0.287882297318667,0.27396927427208767,0.19578056855794213,0.21454119683114908,0.40595781295073335,0.23358820828930965,0.9003617410411227,0.18742468311396865,0.18378468441006396,0.34168047145171837,0.22696499777873833,0.3150591094973722,0.23617648671021801,0.28316388409813137,0.14528953868156036,0.005140672096535945,0.3542258313896507,0.1395671428369698,0.5292194627191493,0.21711313393154733,0.23907518595593072,0.1850814620558603,0.11493314218743371,0.06484934669478964,0.1742222748655362,0.16020339079102855,0.1814227974652211,0.21261720948660973,0.1443557921478123,0.017784613701313623,-0.0056471625076932735,0.08775505410134277,-0.08536291616102583,-0.0455674708116755,-0.15082939021439698,-0.009419404763117608,-0.1314687235555958,-0.0007790454491962428,0.09346217647769163
-0.06714887356443774,0.15158098053579416,0.2433658803362424,0.17943337077942415,0.0733637013885919,0.19402594641743431,0.20121922231413208,0.19234941853777657,0.29424331402889503,0.15708308881656738,0.12727467367671141,0.21518312603607004,0.03394336202292556,-0.033643562730463324,0.19537541883821785,0.2924770345855623,0.19523510665909832,0.16542751823751015,0.1521624752075516,0.2929961332799521,0.2187523386567154,0.3800158845797424,0.10965769444231874,0.04123265503532819,0.2660724379637185,-0.019408497659808847,0.18742468311396865,2.011490537216552,0.19278688884532333,0.13355562853234063,0.13348347257075482,0.2040138646172913,0.25165561547998805,0.2322830961288323,0.1586044364464218,0.12718286748605662,0.07593321755764165,0.11528450508600975,0.20994219964424565,0.2062107296556119,0.19573229132846182,0.07866318174869943,0.13526895867228309,0.2478225506301616,0.16846511831181263,0.29275392630666663,0.07173035793241099,0.03614649199922133,0.17459466485950778,0.08385642166135664,0.0038114282764340323,0.27377883778359907,-0.05716854057717705,-0.09139349287041967,-0.2605288556387654,0.14527499048164363,-0.23241905808539376,-0.0433920383283534,-0.05401139442548695
-0.4236509311896709,0.13574372864491288,0.24937278055237178,0.13809612870823293,0.03724764615347689,0.127026427581838,0.1291124315901228,0.12468842427961953,0.10641276957898953,0.13784298010633603,0.062154152694450314,0.10932058468112883,0.1372133437618462,0.0965489376949772,0.07963103065632966,0.05780106271852324,0.2070429999770669,-0.09366639354329523,0.11386899241364073,0.09037030387393438,0.14406534024834747,0.12525304566274065,0.02505669625775788,0.23679082706239413,0.012756913489365397,0.18571101870436355,0.18378468441006396,0.19278688884532333,1.8119549620904014,0.16568006619979272,0.6277488714186724,0.31262809981181683,0.004501711050031064,0.19355942153623665,0.10433276601213995,0.15290928823068997,0.2825864844717006,0.19295870115713626,0.16085815961967898,0.153018453473969,0.13223670440794674,0.2393125874690451,0.07787968788702551,0.06820951893756746,0.22406568754379846,0.057373798570065755,0.15841639714659866,0.005881111773134384,0.08024155378698695,-0.4459116068509915,-0.0420913896417824,-0.051219499283606376,-0.0003258081062236193,-0.045725889213395494,-0.263252293078625,0.1370382551626549,-0.08794843556991791,-0.16484812665366916,-0.08106446106058265
0.08298892155336102,0.05901556597208076,0.4232183031147263,0.4687598193766456,0.2514514041575614,0.3164684322975643,0.15122865705823335,0.22144543127720692,0.16536369496394,0.3093714706414741,0.26021645630407714,0.2600213313537749,0.3150649971047874,0.2672304735647514,0.25993576933917645,0.3665790200881738,0.25837613804039605,0.36244570737033893,0.18533147719435616,0.21081773844170373,0.1015844118111715,0.2232104743512189,-0.04022167482379472,0.29649286102858247,0.7150104218474488,0.20327026229569697,0.34168047145171837,0.13355562853234063,0.16568006619979272,2.5533149123999763,0.3778760765082984,0.09901576450233825,0.2852818759394206,-0.0028600870404730124,0.2529584476320953,-0.2510494972513617,0.34158509962951905,0.1409515096037993,0.34766428249266107,0.24165768481651878,0.1527760425383618,0.23425342910966912,0.05152185063529166,0.0215856433524051,0.1968070469908014,0.06269996950679362,0.13093807834190044,0.10463451751202163,0.04383628660828254,-0.03409872816980351,-7.616330675064548e-5,0.20320309145893706,-0.020269495446873377,-0.018205270691582898,-0.003200446827617131,0.10597039919882625,-0.1883766646293156,-0.09531156489479262,0.013021909331068877
0.08226785880001664,0.16376704281660417,0.22160414328257533,0.24259414928803472,0.2157504378316778,0.2899806488580637,0.24995962303153185,0.18925878341638222,0.1990845186243996,0.2256828291925593,0.2088923032203251,0.18610360083943048,0.22641083647961022,0.19680916601540077,0.25406439158294863,0.21790438437293488,0.2690626091081628,0.41876385007624717,0.23389279965295715,0.1518199941599947,0.1879269122191108,0.20907873304693414,0.13309415299934163,0.29469401968767345,0.17445744917817932,0.3249856696548132,0.22696499777873833,0.13348347257075482,0.6277488714186724,0.3778760765082984,0.9748940942491097,0.26805224207610706,0.11030334404943265,0.1590927624919997,0.12033341833858478,0.15072344887252526,0.3213549290531676,0.1273589790518592,0.1600246546683704,-0.0060855106378325885,0.1311905709940487,0.21566128699532627,0.04669913723284578,0.08550845321366138,0.16981506298613142,0.1126469858286864,0.1905349981018761,0.0844729088938571,0.1004252288366673,-0.20097847714860176,-0.00988621966669241,0.07151819190546602,0.0869435749751997,-0.036334666741114637,-0.14777085130431744,0.07996582309714961,-0.07954923915068059,-0.07733153393993637,0.03143775605355571
-0.07788108726507573,0.17247405470619478,0.06473122709637168,-0.20534705366442496,0.09362034232561185,0.06332306641507726,0.19518534031075693,0.17166297473332282,0.238672375107593,0.1794073687203493,0.25597610294447054,0.20782581016150575,0.24566034566618328,0.2281267700362244,0.232876934568336,0.0895340235627895,0.061546879123806235,0.22246839791127357,0.18160035369731076,0.25617308623373614,0.016213496389244082,0.380960591145145,0.13485672164278598,0.2582163180147872,0.4530130433010398,0.3403770136311437,0.3150591094973722,0.2040138646172913,0.31262809981181683,0.09901576450233825,0.26805224207610706,2.6699788503560047,0.19202544581772357,0.2198359036199429,0.2928718576286924,0.06074172403130536,0.34427094762380434,0.14029294863192915,0.3669847716549161,0.12879909388569769,0.3776911529110934,0.23816097443947623,0.08434010311224127,0.1641871671785612,0.14601884991172887,0.2535023972701971,0.09698999440388888,0.22601369690134862,0.19297670274036732,0.0381111215955881,0.15267278717947813,0.040529705097389165,-0.10302430835809817,-0.05157640741748435,-0.20903442390935636,0.06552527501496234,0.023208032013318055,0.029413310125574136,0.20231522521019799
0.18321284876555746,0.0620330094100361,0.14088546505885868,0.10039600057034238,0.1274029630938145,0.060703931064809535,0.10353372846891586,0.07447526215610933,0.18058354102607493,0.15099025277501682,0.20712114626109768,0.21510347348152792,0.14662781223605578,0.12104723722790024,0.1116512090913737,0.17806725182840458,0.16704418822806777,0.2678122757368776,0.19737597595984369,0.1822010903765843,0.1491565595974094,0.12912747125750618,0.08322147810238509,0.24017314952083713,0.35144576687673473,0.21686511573574566,0.23617648671021801,0.25165561547998805,0.004501711050031064,0.2852818759394206,0.11030334404943265,0.19202544581772357,1.1519552136837017,0.11240966229087701,0.1961281177767515,0.06195907977209677,0.1730167377321332,0.10584383037565312,0.20785442593302567,0.3060716630078795,0.13893758236107345,0.05131041152929653,0.036189003214008184,0.10328783165485496,0.16137231950208478,0.09091318779154439,0.20987340759211337,0.3591964780424766,0.18044264887590267,0.1923397281829891,-0.013769458459741637,0.05773457228502879,-0.06297812332938901,-0.13360376613896285,0.05773440376732967,0.0018038156715527096,-0.13829462120896602,-0.04294208067334959,0.04015631090281381
0.15463136056958646,0.12544174818471762,0.1270866798527609,0.18148794624890854,0.16832470907098676,0.1700433001932273,0.18418038278331594,0.15719340077893446,0.10884549079024974,0.17689281668979223,0.18405599071131698,0.14267969711373796,0.15467463077456148,0.18571044595062397,0.20594041773677962,0.18894804228024276,0.18700260345613862,0.17916767305850637,0.17779862719877373,0.18798251931467122,0.22941307056531263,0.2131069602415646,0.21450682371495775,0.1642073512579083,0.20100820964834876,0.24264736454646044,0.28316388409813137,0.2322830961288323,0.19355942153623665,-0.0028600870404730124,0.1590927624919997,0.2198359036199429,0.11240966229087701,1.4497380837066085,0.1438779173707689,0.30687350723383616,0.17379518474521444,0.1737637383348915,0.36272273740797145,0.14813286012157814,0.17752921483895465,0.22790137007741998,0.06932841730969402,0.3045336651765746,0.13310172325644978,0.26337078635754146,0.28733704829382556,0.40780171721150954,0.1549727348838422,-0.06821538233884498,-0.00018961475158627957,0.1805524989532366,-0.05258893961824393,-0.06016548834393605,-0.06660888999835896,0.01937421317432317,0.08601328600816519,-0.037765245055866044,0.24288759614646263
