0.8583536289493108,0.16325838205898383,0.2078912907773496,0.10209861274810958,0.21311467624180577,0.18288046472382408,0.13192955374575316,0.1561106380044237,0.11507084411112398,0.17749819942296813,0.09763216293368233,0.13459437154446424,0.08103078297439718,0.10722411383465233,0.1677375941051912,0.10237014540071024,0.08659895245530266,0.16090910375696427,0.13772835062276137,0.12290957030500356,0.1263015026639084,0.13722422548513766,0.12025522059426683,0.040370872033552344,0.16266664474642373,0.055969499501676914,0.11083059657979978,0.02371279344301212,0.17614639894441295,0.129932652846739,0.11356645021302912,0.09809327986486673,0.012914877564156197,0.006262539447227907,0.04684280263691109,0.08854559246103325,0.1417376810382428,0.11191089568090158,0.16545024566330901,0.13788352490217143,0.11855204976878546,0.07381428856574654,0.1178362095129182,0.042263431951816206,0.11433287193632695,0.19056803639479375,0.14839421641210496,-0.0007471467691692472,0.09229530243544123,-0.09171598359133439,-0.016298847548898217,-0.003997662927597869,0.03897775485396645,0.036630185667358664,0.0753265422968886,0.0018475733107420392,0.013802783342649883,0.056385688835716756,-0.13441589936685525
0.16325838205898383,1.5344878826212,0.3765404854034244,-0.18405093460256366,0.025592943326399317,0.3373220186936528,0.1561319525334347,0.20722461877994516,0.2674375114771179,0.2410646402499324,0.11023688104547377,0.11990490182939971,0.08493110522276363,0.123384535091203,0.4516374758055774,0.008954703106564989,0.16480604671449775,0.080586390406705,0.05551590416077251,0.15510815353764226,0.3782524203930103,0.06682318368473784,-0.1082262103451539,0.11908316223798839,0.1633077763717077,0.2207815149391315,0.1159596718269094,0.2143673115760847,0.19018375518281366,0.14441019928273188,0.12359882100122685,0.21204076070634845,0.025929421802408502,0.12288011525602117,0.19712762132929953,0.03428067383288905,0.23612021387378354,0.10040692122598922,0.1687655359656567,0.14554441216911843,0.14344482047231719,0.11071851518985999,0.1119754062706958,0.02298748616702178,0.08352249262871174,0.16079195495524837,0.17793666020363005,0.0902832479489371,0.24890550297474065,-0.199077673573758,0.18390820587155507,0.1614462464197145,-0.23101571763178735,0.043171482380598585,-0.09490432531764623,0.041890305288609035,0.1441826971228012,-0.015790755816094633,-0.06413749122288916
0.2078912907773496,0.3765404854034244,2.100588107545918,0.15885824616399039,-0.3789363384672505,0.5333003984339127,0.13576054898913045,0.58473054914994,0.49848179581618335,0.6027050676753319,0.027671379270063762,0.19342149528304153,0.22314737345078614,0.24155340996193608,0.2721041880250664,0.15433533000259878,0.4167974459530701,0.34395639550185686,0.30567698215606054,0.4525033768962186,0.21394753430604557,0.3759682185792185,0.23359761232835577,0.32369714673634037,0.3193281322467209,0.27123922456142857,0.2919479598326429,0.3254480012352904,0.5435702304151876,0.3073856807305984,0.260362567473874,0.28757772248816516,0.15789730336082936,0.27982213758278096,0.27700336109341595,0.43087677015582715,0.38437990826222473,0.20911734621737998,0.36902291284685723,0.27826057009165706,0.3332790013633385,0.26712104729024416,0.3567298475992653,0.05255812009751213,0.2191811821396803,0.4810322755972776,0.3907115401295173,-0.16858075884915913,0.29790582985657793,0.03375281403707347,0.04806437370302928,0.0905249731144704,-0.31571895140396306,-0.0007382655478522528,0.0820455576356848,-0.11531853292775243,0.11116973943634548,-0.5339970612367252,0.4409450776609906
0.10209861274810958,-0.18405093460256366,0.15885824616399039,1.0761802043572757,0.3627775127862946,0.37267397478889325,0.2070271861854317,0.13949654002212303,0.21163103109060735,0.13765089508478312,0.1781864424609318,0.22123977633284012,0.13638249808212136,0.16385120690150234,0.09757468451638948,0.18663206114904304,0.16320415627019777,0.18775728572144554,0.27665226178761254,0.23890361389092452,0.13271278233055683,0.20368936542324464,0.2051203853798589,0.19510835078685038,0.15658762363122825,0.21954245273168171,0.16079659928078716,0.07722911709681253,0.2167365120774081,0.07040085488066006,0.15659944944108106,0.18466895296974914,0.10793590589239113,0.21910874060447197,0.007322907686744303,0.2384625581467728,0.12508749258610716,0.16115457763700786,0.11785496962443232,0.08646594024726399,0.11689485385359911,0.17618207745194406,0.20122411857853698,0.07334547007803711,0.023864809044934248,0.25842014369005095,0.15824568026501418,-0.1292369637601809,0.12529526743498426,0.080788054111598,-0.056455172477364986,0.04583252527788298,-0.03736865749367363,-0.05544277747164292,0.13757382857743686,-0.052577220189685074,-0.03674996286308129,0.02449393373321729,-0.05795199685629569
0.21311467624180577,0.025592943326399317,-0.3789363384672505,0.3627775127862946,1.2281448138554891,0.36015535618953193,0.17143881528449256,0.06855455970703019,0.2672343147557125,0.13557600943985706,0.2615247687247452,0.28525602080150236,0.16317083590412995,0.20031284829008555,0.24014977833405035,0.24414022515814152,0.1291650238774484,0.151778304083969,0.5139591503848001,0.2727476263563443,0.2173461871714225,0.19257899571617396,0.2345368414934898,0.2127658114827396,0.15622077453451988,0.3561175412208981,0.1723741428344541,0.03749722857166687,0.19415768225843116,0.015430566086446012,0.22405389635409728,0.27716763487722507,0.12038788884668164,0.3412226198323132,0.016526084087202537,0.3646891806482814,0.18212119549444677,0.21876161106943026,0.04583730809439727,0.05234645589619295,0.19712719415249916,0.2397908624520965,0.17575751655441152,0.07934277279753062,-0.1302024914324807,0.3873527695652083,0.10232007921446384,-0.1785800596664853,0.0044198698368620535,0.19404179560016035,-0.07495041308968847,-0.13045285577136548,0.11794956733159924,-0.031484107106914364,-0.03155747193715035,-0.05774466706080114,0.03979457304001307,-0.20284376392929243,0.23811586490757428
0.18288046472382408,0.3373220186936528,0.5333003984339127,0.37267397478889325,0.36015535618953193,1.088155717816908,0.09787416210026992,0.41401717285013034,0.5367525338407779,0.33484696145080717,0.31530826724258487,0.30109789512923113,0.2195026093176864,0.26928235091140174,0.4116814626744267,0.18155783005804302,0.3610210290098562,0.2461761260887528,0.7551112854735585,0.6435554249642325,0.3654869336852966,0.3483849029907918,0.16962463394981708,0.3274342611485564,0.2867148090895062,0.5098734702989317,0.33582578489426634,0.24304359213353688,0.4928206056698575,0.2064637796915842,0.28486688350585687,0.42091728267160694,0.07336030871583703,0.3325459627285754,0.11253389661781796,0.3233565259259129,0.3615543798873324,0.3682764503077562,0.21636154218523637,0.27410635745242523,0.22107215731982896,0.3368226312540182,0.41624286818708706,0.12352872745932816,0.2609355933782903,0.5128656575737738,0.3917975161750186,-0.1076260557349966,0.2269872769495834,0.29548759671795555,-0.13513099328680178,0.1253525416572958,-0.34117331180422494,0.022533656519684146,0.12537632014784333,-0.07901849149250606,0.1724891843424427,0.14835251532943816,-0.34088509417228774
0.13192955374575316,0.1561319525334347,0.13576054898913045,0.2070271861854317,0.17143881528449256,0.09787416210026992,0.8291938658030867,0.15265162947361718,0.29430648775778046,0.16548226356723705,0.22227604720214592,0.29667830848050986,0.13712262559656554,0.29437306765387444,-0.005403356332458678,0.271166158489963,0.23202558887556013,0.22164489470878304,0.04970415052740839,0.15266530139777126,0.24081282068463278,0.30511020989995485,0.28996090171389616,0.23346630940859878,0.21935008674963583,0.24800382476976685,0.15952678784286145,0.016661145424514277,0.16153939410193804,0.1688702608260915,0.20214330019371143,0.2567445416418617,0.20578093338255649,0.2566990133268486,-0.030888083809251874,0.29885204145981636,0.1507502036599858,0.15206846716438202,0.2096682873924524,0.05963587942428024,0.18217546735483095,0.21603920887359265,0.27128211483856673,0.07900255579267003,0.013068397254504354,0.3011009600759273,0.15856653797190903,-0.15588308194208791,0.42832794224740695,-0.121968052086336,0.054368878184954124,-0.2184917788760823,0.20976800335328885,-0.12103660082946172,0.007502374181894858,0.036593573048208906,0.036334198054545866,0.5295975755245202,-0.7217404054853619
0.1561106380044237,0.20722461877994516,0.58473054914994,0.13949654002212303,0.06855455970703019,0.41401717285013034,0.15265162947361718,0.9416517999289922,0.17022683142445785,0.3252531001482563,0.27713988580116555,0.17196583648358113,0.2127276937076798,0.3015465057132735,0.206099036341374,0.1940595788636305,0.3115996545976917,0.29673511280105724,0.34849789839287193,0.44047486219703125,0.147721766501001,0.22507973275129997,0.18935830137512455,0.2227659478565926,0.26820069788896306,0.30337495528265895,0.26465132469888436,0.11565939602679612,0.3411226300028319,0.2349147930158008,0.19033082641330207,0.20192655605829526,0.08701934008792121,0.26414881777322713,0.0594549058195828,0.21244802376254115,0.2969520571634948,0.24707415421325843,0.3671760463612506,0.22029514082100216,0.26532441636591636,0.2337890247105843,0.32765022466149474,0.057600871114679056,0.21264647347176346,0.33781023413076033,0.37578088996205666,-0.01207252917263991,0.39441350924160323,0.016447273332400734,0.04911465247888577,0.02717953954273426,-0.12896638812285435,0.017991199234922442,0.0236531989584489,-0.09835689780094718,-0.051566530857396646,0.5568650129009202,-0.46133672609047016
0.11507084411112398,0.2674375114771179,0.49848179581618335,0.21163103109060735,0.2672343147557125,0.5367525338407779,0.29430648775778046,0.17022683142445785,0.9340296761398376,0.21343655293153652,0.13783244488506577,0.2468573126966856,0.18535181807810827,0.245309082287765,0.11050859314568723,0.17474576511002063,0.27357326057555975,0.19223580467455192,0.43466603224668354,0.3578566909878031,0.26134417852085484,0.44243061837902276,0.22966592689537194,0.2820225627179836,0.1836523068081754,0.4424433732234122,0.23672571483721094,0.1962428611165514,0.23065046621283453,0.11642080854061423,0.24911322128143612,0.36369056001473954,0.21310041952469533,0.21199561114188567,0.024526847639041983,0.3009301811483212,0.23201743618469867,0.25116368306202397,0.16179989178983464,0.13115987588973577,0.17780900461602472,0.26814786150388004,0.3671388684554712,0.09197123591541338,0.04534484499041034,0.37196081860203944,0.21749926845451953,-0.14207207969047922,0.46865585819068195,0.07919222499014464,0.012247954928129615,0.05864219938505437,-0.18832390514628333,-0.06976666286040677,0.13064231950101637,-0.0029803805031665756,0.17207509964292445,-0.06096821950955432,-0.2532923726414135
0.17749819942296813,0.2410646402499324,0.6027050676753319,0.13765089508478312,0.13557600943985706,0.33484696145080717,0.16548226356723705,0.3252531001482563,0.21343655293153652,0.8437106094473664,0.058839230545527234,0.192666973660945,0.15454180818680435,0.30943299023474347,0.23028863113562695,0.19807234014784422,0.23922033185566935,0.2488759135636274,0.21543670592957265,0.2667884780549421,0.1602985821626911,0.23687484332063014,0.2430609802789647,0.26833421559066,0.2608824209774665,0.24937784252260595,0.20981101948346678,0.17375926725025848,0.36909620165248685,0.3410391876369846,0.25101366960288063,0.30421097734329594,0.06807533952232271,0.33774700625296006,0.23277822116731547,0.3943707756838871,0.33253586195449275,0.18816991470307462,0.23424338625615557,0.23506531399787609,0.40150826657787125,0.20874681851458282,0.26845054671740715,0.06004456811418534,0.05151334228574569,0.48674415802399373,0.35321620519502817,-0.09389127209023128,0.2967866414320006,-0.03713990866821003,0.018960992397230737,-0.16709064851240357,-0.04754211587417035,0.10649538365136624,-0.08856140550110615,-0.03927577470184518,0.27221855125778466,-0.2751480535652706,0.1411525595281191
0.09763216293368233,0.11023688104547377,0.027671379270063762,0.1781864424609318,0.2615247687247452,0.31530826724258487,0.22227604720214592,0.27713988580116555,0.13783244488506577,0.058839230545527234,0.7612633912392914,0.34770466599663563,0.16087514298835162,0.152972688349626,0.24512413660001484,0.2578798291302487,0.28597813488834395,0.2708200024667974,0.2771596167583021,0.3287081867385116,0.3008283311260982,0.187476639711495,0.19965141474279124,0.19369406897379124,0.20243803998496243,0.2778518648280623,0.27332396833386235,0.04658168911470501,0.2507404511802933,0.08115663563410704,0.20760009019432502,0.26413286631683375,0.11038719726932968,0.26772028755990335,0.07534913620322001,0.25736876556257327,0.13383085170455622,0.2169504576591158,0.3097629956498166,0.13280566697175003,0.167055408701687,0.24132078237116308,0.21102597632333406,0.06609627402949853,0.10537038732870119,0.29985384048742564,0.20730732052358072,-0.10441456192300927,0.20304442281161036,0.007343389032715584,0.04467057222531995,-0.07972086842343211,0.16220275368706477,-0.08811896604454397,-0.05561740291638621,0.017265499053024595,-0.009636813693790203,0.3003996294654458,-0.3920406312888757
0.13459437154446424,0.11990490182939971,0.19342149528304153,0.22123977633284012,0.28525602080150236,0.30109789512923113,0.29667830848050986,0.17196583648358113,0.2468573126966856,0.192666973660945,0.34770466599663563,0.72135439680157,0.13128018690077825,0.25854144584088445,0.23302020375132318,0.24324518422857574,0.2844107930901963,0.3561099238029484,0.30124409448131617,0.2675558277802409,0.279730713230351,0.2148947949495657,0.26033416860421743,0.21175472778319865,0.26698100613514103,0.3225044159726361,0.28498160728132754,0.07675449266238493,0.23587065009285746,0.07121900928288026,0.25181758063976784,0.3126402825354869,0.13984245056452085,0.28704675668691626,0.006552693008703939,0.40785308212493515,0.09289626764395245,0.21476823128762376,0.23863800050318718,0.122607238536625,0.2200269855608981,0.23503577307749793,0.23905270763495054,0.032757915430299836,0.10874893052131103,0.419570966020033,0.2244761948246609,-0.21862637688842235,0.16154734907915932,-0.11056300680236845,0.13063245367134585,-0.013752664908427277,0.004148119928039649,-0.08911382691333287,0.026413370901541878,0.012552912530552417,-0.016931431691394012,0.23334938894227633,-0.46991532868321206
0.08103078297439718,0.08493110522276363,0.22314737345078614,0.13638249808212136,0.16317083590412995,0.2195026093176864,0.13712262559656554,0.2127276937076798,0.18535181807810827,0.15454180818680435,0.16087514298835162,0.13128018690077825,0.3221056690113668,0.19132308271554269,0.03889986618718203,0.18001647218827044,0.16154123791009806,0.14552233869274073,0.19225405062718265,0.1861657841108473,0.11190389283379144,0.21790616753145267,0.12966173469124287,0.15294071313627047,0.14511651840691392,0.134935317751864,0.16932503784373956,0.09763181379351778,0.2553638864544392,0.10493368183699013,0.13073536404248362,0.19067776012103507,0.05921314440860024,0.17174329533196744,0.09166792814928652,0.17959930298652632,0.17370434419963174,0.12205025775694797,0.18356059851782816,0.11359175899915187,0.1804088035769078,0.1457373248510593,0.18556694296027226,0.032387586066810525,0.060430840071094734,0.2084353935119615,0.1481738396246095,-0.0430778947975942,0.16082388890358537,0.0762604343773104,0.00985460706163874,-0.07334808677371124,-0.07389338740418759,0.024452818640150788,0.027961995807548736,-0.03682318051509744,0.01616558337047659,-0.21454931362209004,0.19551849503393454
0.10722411383465233,0.123384535091203,0.24155340996193608,0.16385120690150234,0.20031284829008555,0.26928235091140174,0.29437306765387444,0.3015465057132735,0.245309082287765,0.30943299023474347,0.152972688349626,0.25854144584088445,0.19132308271554269,0.796097932871763,0.17802188174593242,0.28922684161593254,0.24141724133955308,0.14652279504343627,0.23300787006403428,0.3066129582939833,0.23603437469918281,0.22878345622664067,0.1944391676372182,0.2860136634175337,0.2762122088568324,0.3672114062918953,0.19243871944093527,0.21492253354822,0.20038859829886033,0.32669662081365597,0.21849497796315842,0.2606624325879251,0.1779255568892555,0.2451194762547455,0.17434726667472825,0.2852803194529906,0.3275645175834958,0.2214684211856833,0.13964837834057442,0.19480668053323552,0.3925346776823725,0.26150663201048985,0.4124382097040431,0.1014388792908526,0.0025884642862252882,0.3950057603074756,0.31018647520691095,-0.0053493979429980135,0.5409650839414107,-0.04287428089993162,0.05736636600887178,-0.13331442232223897,-0.08276288304938184,0.12457616494445642,-0.04748229202956024,-0.032747512022639765,-0.01550087620834936,0.4461267838161862,-0.3006216313055825
0.1677375941051912,0.4516374758055774,0.2721041880250664,0.09757468451638948,0.24014977833405035,0.4116814626744267,-0.005403356332458678,0.206099036341374,0.11050859314568723,0.23028863113562695,0.24512413660001484,0.23302020375132318,0.03889986618718203,0.17802188174593242,0.9881442764196299,0.02900091050589598,0.20338571668068206,0.14100263782258435,0.29008658700463547,0.30977302374971993,0.31100622255295435,-0.018032495811710816,0.18999132279924952,0.24777056577414555,0.24449702709083765,0.31445369906391657,0.18028388320465916,0.2005031833670969,0.25156606610881677,0.30651697846896264,0.20976391983658754,0.2090702280672552,0.14088945697741104,0.24361305560959806,0.17470083791716143,0.3377558478140436,0.2074589602358048,0.1420831161582296,0.16081454528984065,0.18125551420808067,0.24009253464287478,0.1906982254473883,0.15747803367048566,0.08037850358322501,-0.050518967276491925,0.46011561734892936,0.2800791708244776,-0.1295101179059791,0.21511586744533523,0.036171422486207874,-0.005372228299219188,0.06843150870483988,-0.06681756511378846,0.021748055944021134,0.09428939871123927,0.025744837214762825,0.07654603657164971,0.1487867421014749,-0.2585474678216833
0.10237014540071024,0.008954703106564989,0.15433533000259878,0.18663206114904304,0.24414022515814152,0.18155783005804302,0.271166158489963,0.1940595788636305,0.17474576511002063,0.19807234014784422,0.2578798291302487,0.24324518422857574,0.18001647218827044,0.28922684161593254,0.02900091050589598,0.736280813931236,0.23193014567024056,0.23696766013016266,0.2434313549612415,0.18898403217832302,0.14249236181056057,0.38255568417826513,0.21607346434561456,0.22914083025691587,0.249420065403707,0.17723544268335276,0.2461051022924345,0.13351072737337535,0.27893472576724826,0.13915168467425898,0.22808809646093192,0.3104224835702371,0.12453522571041756,0.25873104930808843,0.1418719903421591,0.2938567928158316,0.23331001782967828,0.1589233882552157,0.23202619825887172,0.10845623024749514,0.28209676677835566,0.30788326725714643,0.33424520155988424,0.1014106145405661,0.044910802140520865,0.3464084950623313,0.2028268549649677,-0.0942124992391467,0.19480251087489486,-0.06881523703042777,0.04194655871945077,-0.10594772091955196,0.008436456414574793,-0.03814422601668066,0.1098157668142311,-0.004813811139430431,-0.012839282801807931,-0.08676308508945892,-0.014861853215160084
0.08659895245530266,0.16480604671449775,0.4167974459530701,0.16320415627019777,0.1291650238774484,0.3610210290098562,0.23202558887556013,0.3115996545976917,0.27357326057555975,0.23922033185566935,0.28597813488834395,0.2844107930901963,0.16154123791009806,0.24141724133955308,0.20338571668068206,0.23193014567024056,0.6563222190784901,0.3105882742646972,0.31000181247247766,0.38596209081293886,0.3368936595200586,0.29150403090801746,0.17404758725695393,0.24450512209801448,0.27779669256021716,0.3034604026061605,0.27688361303395714,0.30283653044543746,0.32553043092415196,0.12774698352738503,0.295367199463878,0.28969114514125804,0.20967047507175238,0.27797560088399426,0.2398732144557904,0.3654531603265909,0.37140445191515303,0.2679100550654883,0.2805618517998331,0.17310939921314653,0.2947531175251286,0.29320545945990467,0.3195511631000937,0.07019869615399343,0.2272293577142182,0.4631523813745544,0.2846087341792578,-0.11610896858858201,0.13127113948833324,0.20277098658950327,0.060150439325793094,-0.04658587125895095,-0.17241073259765372,-0.05518598797848147,-0.07925364729098762,-0.028536565820237877,0.03970534812274651,0.07488304344055513,-0.20987512717649562
0.16090910375696427,0.080586390406705,0.34395639550185686,0.18775728572144554,0.151778304083969,0.2461761260887528,0.22164489470878304,0.29673511280105724,0.19223580467455192,0.2488759135636274,0.2708200024667974,0.3561099238029484,0.14552233869274073,0.14652279504343627,0.14100263782258435,0.23696766013016266,0.3105882742646972,1.0966913798964268,0.24971293991912957,0.03893715882294327,0.2614852279211168,0.27214371235949103,0.3310408471233662,0.17618106699744912,0.2524857492818912,0.2018487367428813,0.20966532612425298,0.21487694386852904,0.34152419893223823,0.011398323465801245,0.3564186418144507,0.22782090577162664,0.17283666524312044,0.3222947341845385,0.06666571212798789,0.4331187996236423,0.3669768838390211,0.1370170600729065,0.27668483549077316,0.10697699955705638,0.31118777368476186,0.14410118253491072,0.25190449875210585,0.0028424195352979575,0.22876136847688694,0.5516538751741885,0.4446874979407955,-0.1898889523779834,0.007694796466308424,0.07873282973400617,0.2458203942104846,0.04364741248081199,-0.2753214342133216,-0.17335102625325957,0.06103696632734054,-0.09990918272838657,-0.016259846438343217,0.06876246707397972,-0.20799062250951753
0.13772835062276137,0.05551590416077251,0.30567698215606054,0.27665226178761254,0.5139591503848001,0.7551112854735585,0.04970415052740839,0.34849789839287193,0.43466603224668354,0.21543670592957265,0.2771596167583021,0.30124409448131617,0.19225405062718265,0.23300787006403428,0.29008658700463547,0.2434313549612415,0.31000181247247766,0.24971293991912957,1.292169589242876,0.5703179208886222,0.2872881050152092,0.3162012960066497,0.1457912393670368,0.25147606081414375,0.21423325533150883,0.41852677761921325,0.3048940832605602,0.3047536221674666,0.3513359755007144,0.052136503078631664,0.2962179534276748,0.31936128559751736,0.14616864913029293,0.3010341085273071,0.049908966376176936,0.39720017927599,0.214977758173102,0.37537327996828207,0.13992101339383178,0.16045791930066355,0.24136933253750995,0.321162395645502,0.35174689829925965,0.07227815168731769,0.11341201004211256,0.4752992177976178,0.1607853399387577,-0.18164813531793345,-0.10865998145797966,0.23916153298749632,0.053725877149996805,0.41986183213089845,-0.5117151266522633,-0.100065154115915,-0.004786675222601356,-0.06925600950118224,0.04529396851302411,0.15814318470782487,-0.11959316845490038
0.12290957030500356,0.15510815353764226,0.4525033768962186,0.23890361389092452,0.2727476263563443,0.6435554249642325,0.15266530139777126,0.44047486219703125,0.3578566909878031,0.2667884780549421,0.3287081867385116,0.2675558277802409,0.1861657841108473,0.3066129582939833,0.30977302374971993,0.18898403217832302,0.38596209081293886,0.03893715882294327,0.5703179208886222,1.4140842064284065,0.14858184274908018,0.23103224483349286,0.2561097636177364,0.38937825403382004,0.3013147066521133,0.3735981176467474,0.42087036130456373,0.06375029946226556,0.4132882541191986,0.403613798543654,0.21725190234262953,0.3088764662779039,0.1026303182380959,0.32012968411002507,0.12314242128024791,0.2779083051317303,0.47469316248893106,0.6030916367356229,0.2601390507086437,0.37483104210907153,0.11101163645463917,0.5013632010105529,0.5539833301798285,0.09410757025426618,0.5399530194017562,0.3331424097841709,0.2747864569792237,-0.11556208496327001,0.3380382956497436,-0.16109699011468956,-0.03469157737450949,-0.05082830141922854,0.23087004803435768,-0.05777208689469173,0.03540198515808052,-0.11996012339737241,0.10662016619947862,0.30591041631864113,-0.3380328460270096
0.1263015026639084,0.3782524203930103,0.21394753430604557,0.13271278233055683,0.2173461871714225,0.3654869336852966,0.24081282068463278,0.147721766501001,0.26134417852085484,0.1602985821626911,0.3008283311260982,0.279730713230351,0.11190389283379144,0.23603437469918281,0.31100622255295435,0.14249236181056057,0.3368936595200586,0.2614852279211168,0.2872881050152092,0.14858184274908018,0.9253363711742907,0.1596101542175,0.07813764911925679,0.1729112522508799,0.19820334612278478,0.3762019705928818,0.16862245744155435,0.3088510448129397,0.1656124105900178,0.0904450285442768,0.2500033398886652,0.3524479892490476,0.056893718783526004,0.2760471346314406,0.3524020895658412,0.2659633220225417,0.20640833881872916,0.1816071539466676,0.21459832379757174,0.24526094707050722,0.3211290882763727,0.19808361847519382,0.19929040549533034,0.09483390572330863,0.07188227920901666,0.3693410492861587,0.21320641001311522,-0.002979410946401495,0.1198999676762894,0.14672903805102755,0.05511890835576528,0.08123951664540499,-0.2551814085398952,0.005281091099448679,-0.07071564802618142,-0.0014936703942719494,0.07788471486242313,0.03286919881115343,-0.10664574193477452
0.13722422548513766,0.06682318368473784,0.3759682185792185,0.20368936542324464,0.19257899571617396,0.3483849029907918,0.30511020989995485,0.22507973275129997,0.44243061837902276,0.23687484332063014,0.187476639711495,0.2148947949495657,0.21790616753145267,0.22878345622664067,-0.018032495811710816,0.38255568417826513,0.29150403090801746,0.27214371235949103,0.3162012960066497,0.23103224483349286,0.1596101542175,0.932135876560621,0.2605796866861467,0.2467852770268864,0.22132470792969788,0.2594101114736556,0.2622764557449245,0.13167133274116943,0.3365691252453866,0.13126667945196527,0.22093031885961834,0.37163013149456053,0.17864988846822522,0.21516111308585892,0.03134175510599663,0.2501781989964426,0.25458123335553656,0.1801854779358423,0.2045314801485463,0.11604787056602472,0.22916767820480036,0.27347979539047473,0.5221424050616671,0.09215910288903272,0.09146817174620024,0.3612737488986919,0.23758518176868004,-0.08678534666537124,0.33236078146726816,0.10493052373854349,0.03039282755113006,-0.19598044657235236,-0.09148770595108777,-0.04788143276152626,0.11682450857528355,-0.015122240352445544,0.04225064220415104,-0.126537743991172,-0.08105076447794181
0.12025522059426683,-0.1082262103451539,0.23359761232835577,0.2051203853798589,0.2345368414934898,0.16962463394981708,0.28996090171389616,0.18935830137512455,0.22966592689537194,0.2430609802789647,0.19965141474279124,0.26033416860421743,0.12966173469124287,0.1944391676372182,0.18999132279924952,0.21607346434561456,0.17404758725695393,0.3310408471233662,0.1457912393670368,0.2561097636177364,0.07813764911925679,0.2605796866861467,1.0863320067895235,0.32672762661111704,0.3158171224652154,0.14135374554988656,0.18012397612416006,-0.1318755611723461,0.41315232826314324,0.3106898099788512,0.2362658570773284,0.21186405797631186,0.20357205064576178,0.39384305392355956,-0.22140395079202257,0.7231996669332509,0.12351412720527563,0.1370114475811058,0.28222306569979305,0.1848642750775005,0.31482388058973804,0.19618729822349776,0.23501988954493602,0.14428201111362207,-0.06630477705048074,0.6515701999802955,0.29516866659590746,-0.4770117228061206,0.2677644933552111,-0.13009621209717792,0.0676618642265697,-0.30029502188161955,0.2911493963675701,-0.06128241773540229,0.06753759797359855,-0.030063018681736175,0.054906913377009516,0.13038478284289484,-0.3080946989547153
0.040370872033552344,0.11908316223798839,0.32369714673634037,0.19510835078685038,0.2127658114827396,0.3274342611485564,0.23346630940859878,0.2227659478565926,0.2820225627179836,0.26833421559066,0.19369406897379124,0.21175472778319865,0.15294071313627047,0.2860136634175337,0.24777056577414555,0.22914083025691587,0.24450512209801448,0.17618106699744912,0.25147606081414375,0.38937825403382004,0.1729112522508799,0.2467852770268864,0.32672762661111704,0.8550778662874917,0.2706399933558228,0.3351614012285681,0.24391096421967484,0.23993095335608086,0.2714354090574679,0.5805109172959192,0.3382443755411709,0.4601738862780829,0.5431165792416929,0.2125271063469448,0.07736148464621605,0.4998457573935018,0.35779702027308585,0.2744285674711206,0.2090366094643879,0.16639772810682188,0.3114208240836694,0.325131207851286,0.3560548540505951,0.14001403869374937,-0.07305744264113147,0.6428565398496126,0.4322752851703502,-0.23174429854933004,0.7280907517574534,0.05423866001742127,-0.023109921902522153,-0.2525838616672636,0.1677063777939788,-0.056477223539415713,0.0858037092907959,-0.23856216716864215,0.3723543759158422,0.19455564012800913,-0.4004591736348986
0.16266664474642373,0.1633077763717077,0.3193281322467209,0.15658762363122825,0.15622077453451988,0.2867148090895062,0.21935008674963583,0.26820069788896306,0.1836523068081754,0.2608824209774665,0.20243803998496243,0.26698100613514103,0.14511651840691392,0.2762122088568324,0.24449702709083765,0.249420065403707,0.27779669256021716,0.2524857492818912,0.21423325533150883,0.3013147066521133,0.19820334612278478,0.22132470792969788,0.3158171224652154,0.2706399933558228,0.8459175534223098,0.12991181484431716,0.2463596523504736,0.1366682903972836,0.522756738881956,0.32582477061237447,0.26841604901366056,0.23603532332430432,0.15176220698848647,0.40147499338760834,0.1592109817705414,0.4406237109949308,0.30043464852451396,0.22451477896071767,0.36522716291550045,0.13553744399133263,0.29349714749873007,0.21447060737326237,0.2472155650983765,0.08464089474151415,0.0604827864172724,0.5558830968378636,0.3187130798610741,-0.21827865548839037,0.15058525852023275,-0.32481798007582563,-0.019507932262856898,0.07199731699059231,0.08332309008622406,0.0014287080923222758,0.014644811347781624,0.013035046137056791,0.05992314009714949,0.1009010206628765,-0.2520633687651883
0.055969499501676914,0.2207815149391315,0.27123922456142857,0.21954245273168171,0.3561175412208981,0.5098734702989317,0.24800382476976685,0.30337495528265895,0.4424433732234122,0.24937784252260595,0.2778518648280623,0.3225044159726361,0.134935317751864,0.3672114062918953,0.31445369906391657,0.17723544268335276,0.3034604026061605,0.2018487367428813,0.41852677761921325,0.3735981176467474,0.3762019705928818,0.2594101114736556,0.14135374554988656,0.3351614012285681,0.12991181484431716,1.9910983965970823,0.2265650578266854,0.259650263177068,-0.08080949240895195,-0.05294613666116383,0.1930160646658148,0.5711048864891782,0.18993758636078242,0.28604245702361897,0.2605628261945075,0.4902294207902025,-0.30420336485947475,0.33859068183249597,-1.0194550103282356,0.06319422915358136,0.566803803761279,0.4950361095968055,0.5293111515446083,0.042580373982236,-0.33196797797778027,0.4485755928735367,0.11356079059126571,-0.08579765966482979,0.39470870117494605,0.4526482155696972,-0.03278742263181405,-0.3983712900033467,-0.1272292246913478,-0.003894608156558559,0.0004906497928916614,0.021321538585887354,0.09811420762464466,0.27525172240380913,-0.3956617097856228
0.11083059657979978,0.1159596718269094,0.2919479598326429,0.16079659928078716,0.1723741428344541,0.33582578489426634,0.15952678784286145,0.26465132469888436,0.23672571483721094,0.20981101948346678,0.27332396833386235,0.28498160728132754,0.16932503784373956,0.19243871944093527,0.18028388320465916,0.2461051022924345,0.27688361303395714,0.20966532612425298,0.3048940832605602,0.42087036130456373,0.16862245744155435,0.2622764557449245,0.18012397612416006,0.24391096421967484,0.2463596523504736,0.2265650578266854,0.8925081550545678,0.23241429063752858,0.1634469524754389,0.2285786359888561,0.274250913508275,0.31180929146753866,0.15445338139228748,0.19871492870425783,0.23243991957858637,0.4189210791945465,0.2677008928720043,0.26491503726472865,0.23174516474742735,0.21086607997950046,0.3009588264951809,0.2616810393425928,0.45290652155263544,0.0164433274055371,0.1887712384865894,0.34411672493551304,0.21410986679303967,-0.17502537526652878,0.3110140584451958,-0.10067198019779862,0.026876661227047502,0.024155607112352602,-0.05181312214133992,0.04843969692585384,0.08894202729691966,-0.05378712073410445,0.1296687607323274,0.01793604294688134,-0.19133184221981678
0.02371279344301212,0.2143673115760847,0.3254480012352904,0.07722911709681253,0.03749722857166687,0.24304359213353688,0.016661145424514277,0.11565939602679612,0.1962428611165514,0.17375926725025848,0.04658168911470501,0.07675449266238493,0.09763181379351778,0.21492253354822,0.2005031833670969,0.13351072737337535,0.30283653044543746,0.21487694386852904,0.3047536221674666,0.06375029946226556,0.3088510448129397,0.13167133274116943,-0.1318755611723461,0.23993095335608086,0.1366682903972836,0.259650263177068,0.23241429063752858,1.2578937848183378,0.02863801616945652,0.10764600856025346,0.2654374433836994,0.14416274864262743,0.4373770361707948,0.08263523029437936,0.9599111841643773,0.2586394341373999,0.4003098302114317,0.13362150669494027,0.05875330042309505,0.19702467625906958,0.34402332158830184,0.13892971607570548,0.2676913116842097,0.13110086756303296,-0.05788227441984116,0.3177853543647686,0.12044256961592763,0.06386721670183607,0.02204578118584396,0.13584891003870458,-0.10617940433179772,1.0096988927048975,-1.2353893008110346,0.14835262175231892,0.17362477391495407,-0.05693569830525106,-0.004247035138670368,-0.2244305106065011,0.3515017616792449
0.17614639894441295,0.19018375518281366,0.5435702304151876,0.2167365120774081,0.19415768225843116,0.4928206056698575,0.16153939410193804,0.3411226300028319,0.23065046621283453,0.36909620165248685,0.2507404511802933,0.23587065009285746,0.2553638864544392,0.20038859829886033,0.25156606610881677,0.27893472576724826,0.32553043092415196,0.34152419893223823,0.3513359755007144,0.4132882541191986,0.1656124105900178,0.3365691252453866,0.41315232826314324,0.2714354090574679,0.522756738881956,-0.08080949240895195,0.1634469524754389,0.02863801616945652,2.355934322685112,0.19626528341986388,0.11854181498983381,0.2495714527293864,0.07649394458179602,0.6139098476160857,-0.18007053833362016,0.5694833814279294,-0.04322270650246331,0.1376736305852521,0.5511982821694491,0.16883786003558263,0.3248641646205522,0.19361810953706354,-0.06128219774621735,-0.11140761222548858,0.2162229671533307,0.5571133729366898,0.2849490249855019,-0.3727275778734301,0.28100335470542054,0.439377358086942,-0.25074119875519973,-0.002249285187409655,-0.3322969198317838,0.0689769678720172,-0.05368402501225119,-0.05673155703000883,0.001018187965306815,-0.23814528208405655,0.21100378885030072
0.129932652846739,0.14441019928273188,0.3073856807305984,0.07040085488066006,0.015430566086446012,0.2064637796915842,0.1688702608260915,0.2349147930158008,0.11642080854061423,0.3410391876369846,0.08115663563410704,0.07121900928288026,0.10493368183699013,0.32669662081365597,0.30651697846896264,0.13915168467425898,0.12774698352738503,0.011398323465801245,0.052136503078631664,0.403613798543654,0.0904450285442768,0.13126667945196527,0.3106898099788512,0.5805109172959192,0.32582477061237447,-0.05294613666116383,0.2285786359888561,0.10764600856025346,0.19626528341986388,3.031628938110288,0.3483350829694918,0.18191688038208284,-0.040439886476070906,0.11208273647189373,0.6315559883240579,0.5416951319213549,0.8405019096500111,0.2791012487963687,0.839538039205093,0.7228120429464816,0.8828747689581469,0.1741437541886585,0.6033640743044916,0.2309249368920814,0.24039447357324273,0.6649625122828925,1.3011996247759365,0.029564726077937174,2.115566349222211,-0.0023191427205634866,0.023684207704179012,-0.8799759865129666,0.5509785811132933,0.16268282649806085,0.30186667631505465,-0.1913821202161407,0.18809596484602367,1.0701774268966966,-1.1596796479470732
0.11356645021302912,0.12359882100122685,0.260362567473874,0.15659944944108106,0.22405389635409728,0.28486688350585687,0.20214330019371143,0.19033082641330207,0.24911322128143612,0.25101366960288063,0.20760009019432502,0.25181758063976784,0.13073536404248362,0.21849497796315842,0.20976391983658754,0.22808809646093192,0.295367199463878,0.3564186418144507,0.2962179534276748,0.21725190234262953,0.2500033398886652,0.22093031885961834,0.2362658570773284,0.3382443755411709,0.26841604901366056,0.1930160646658148,0.274250913508275,0.2654374433836994,0.11854181498983381,0.3483350829694918,0.9859794098767126,0.3667178543295643,0.16295877666996703,0.2810530538131348,0.2868756452538685,0.7338206760775512,0.5315667459782075,0.2745125551154714,0.3477290191357036,0.16906643487705172,0.39865890123937964,0.2185698426938938,0.2526494687085481,0.06581028910161954,0.15223749051378108,0.8226424133728111,0.35452084415635876,-0.3900474254082738,-0.10983077778039979,0.19352066068045576,0.014828605424934511,-0.053145419747256804,-0.07165727384953678,-0.08195945247030953,0.02434019702633387,-0.038682733582839954,0.2790648989491377,0.04056561701894982,-0.36407844807892803
0.09809327986486673,0.21204076070634845,0.28757772248816516,0.18466895296974914,0.27716763487722507,0.42091728267160694,0.2567445416418617,0.20192655605829526,0.36369056001473954,0.30421097734329594,0.26413286631683375,0.3126402825354869,0.19067776012103507,0.2606624325879251,0.2090702280672552,0.3104224835702371,0.28969114514125804,0.22782090577162664,0.31936128559751736,0.3088764662779039,0.3524479892490476,0.37163013149456053,0.21186405797631186,0.4601738862780829,0.23603532332430432,0.5711048864891782,0.31180929146753866,0.14416274864262743,0.2495714527293864,0.18191688038208284,0.3667178543295643,0.972565324378033,0.08268307140425898,0.2543080070425739,0.14000517388640926,0.5013131651172694,0.15645922682170268,0.28182594596543,0.042930645354187676,0.16500623090064437,0.3789731684444872,0.3610982498459967,0.34670008225374827,0.025966786613778263,0.09187003758432347,0.6531256651402148,0.28425768723074585,-0.21566373337930408,0.323978407055486,0.21469087403068318,0.04002481209506893,-0.25849308329046367,-0.05037954162792454,0.005192833832573203,-0.1110589575380547,-0.14536639808964436,0.8591613698826055,-0.2468774334741722,-0.46666293863692054
0.012914877564156197,0.025929421802408502,0.15789730336082936,0.10793590589239113,0.12038788884668164,0.07336030871583703,0.20578093338255649,0.08701934008792121,0.21310041952469533,0.06807533952232271,0.11038719726932968,0.13984245056452085,0.05921314440860024,0.1779255568892555,0.14088945697741104,0.12453522571041756,0.20967047507175238,0.17283666524312044,0.14616864913029293,0.1026303182380959,0.056893718783526004,0.17864988846822522,0.20357205064576178,0.5431165792416929,0.15176220698848647,0.18993758636078242,0.15445338139228748,0.4373770361707948,0.07649394458179602,-0.040439886476070906,0.16295877666996703,0.08268307140425898,1.8122871205818425,-0.054772768653812885,-0.6864473345198735,0.20489797705605733,0.3490050723893944,0.15911434752614853,0.03949464897709941,-0.28802288886349864,-0.38469124967474,0.29631217967888884,0.32339596802816734,0.23518860828671928,-0.5913714813727421,0.41581313567520356,0.1933187321732054,-0.36367940089355766,0.8036742663301002,0.02592005023606111,-0.030043893776698135,-0.06328838293440857,0.15143367392032317,-0.24562216293457595,0.2173202520774141,-0.04747606005079798,-0.06804078016751802,0.1615507179742751,-0.17313857104003252
0.006262539447227907,0.12288011525602117,0.27982213758278096,0.21910874060447197,0.3412226198323132,0.3325459627285754,0.2566990133268486,0.26414881777322713,0.21199561114188567,0.33774700625296006,0.26772028755990335,0.28704675668691626,0.17174329533196744,0.2451194762547455,0.24361305560959806,0.25873104930808843,0.27797560088399426,0.3222947341845385,0.3010341085273071,0.32012968411002507,0.2760471346314406,0.21516111308585892,0.39384305392355956,0.2125271063469448,0.40147499338760834,0.28604245702361897,0.19871492870425783,0.08263523029437936,0.6139098476160857,0.11208273647189373,0.2810530538131348,0.2543080070425739,-0.054772768653812885,1.4609902929484904,0.33443650391605767,0.6787611655124951,0.20310649927936178,0.21089288242762594,0.31196101661564446,-0.030498090692356643,0.40892634879881934,0.23054931105081256,0.24703313740469743,0.08089796123101557,-0.2570898857700326,0.4974480063699586,0.2899976746860949,-0.34965050951562693,0.1137449048294795,-0.15143042260704195,0.06242476788173368,-0.17510485791742553,0.20169787941330455,-0.06091993352150759,-0.12109952136427063,0.026018818561837007,-0.029169464065121904,-0.16832184801259606,0.18917552218774575
