0.8604359518908933,0.15493137868943282,0.19833405699399018,0.1041580724098868,0.2274538713824422,0.17585522573841486,0.11882404917120103,0.14973974236692578,0.09486919372753137,0.16238143719900852,0.09149206532114411,0.13643017266598773,0.08239746897242706,0.11043317022410802,0.17322097129679115,0.10856329297648605,0.0823542680095142,0.16827410687944655,0.1345824526946248,0.10523554052509515,0.1251610469333236,0.13521226228444858,0.11474770508375988,0.03284069089263996,0.15518398194424032,0.06689561372034193,0.1048732849480184,0.024551796634180837,0.1773014008432984,0.1334383984448404,0.11186157127889262,0.0959815154040447,0.017761486042478267,-0.005073340240229464,0.034138260943129974,0.08662837407771314,0.14187617620063306,0.10247505729949943,0.1550657675305168,0.12667948306756932,0.11942735991490626,0.07237399616276984,0.11203502537508125,0.037251352630294256,0.1174574578425125,0.19689722040414329,0.1560933653599623,0.00011545709900957681,0.10606472237981486,-0.04321798303027916,-0.013095236480736103,-0.04536510085524714,0.006223794467638329,0.030969831935361243,0.07768980532638724,-0.0036891647235320377,-0.00040053067405479534,0.15354022123188169,-0.2315334592106916
0.15493137868943282,1.5402301840466728,0.3842113821403963,-0.18227944133506332,0.025282521392473858,0.34677705013921994,0.13760595425078373,0.22197899230517723,0.2645065413312551,0.2404694034638797,0.11047419090670782,0.08669681958151988,0.09475599847302837,0.11886038098800662,0.4467020370285455,0.0032205227541755306,0.16031958117362877,0.07947399971118162,0.06964174046697022,0.15484539501681038,0.3749484461591063,0.060788824904754575,-0.11190441412653304,0.10828143773112335,0.15288390249566816,0.21926800249228318,0.12000950926248725,0.24662303369906047,0.19193553530186871,0.12244822913932324,0.11184346685639938,0.19736506066881368,-0.003267120214389398,0.13126959613189618,0.2301994604100826,0.036808113669775544,0.23723099470217499,0.10099284822278339,0.17687578421240252,0.16633912686296573,0.15836384634539216,0.09778455939628146,0.08814449358845168,0.019270592063697623,0.07761288052151,0.14029290173674824,0.15279209413544192,0.10182765349401013,0.18644164320220058,-0.19239047983281723,0.16506595188756948,0.31658630593280845,-0.32467622652163763,0.09511392000256842,-0.11618936344561948,-9.165147847768589e-5,0.11968458522013796,-0.1878897301735329,0.20102394620536876
0.19833405699399018,0.3842113821403963,2.050974651582197,0.09867654528746142,-0.43421410301519375,0.5002943135843622,0.13561691747630447,0.5966610260314146,0.47611860961822605,0.5990104535617615,0.05522622953604388,0.19211592013983583,0.2155742029136535,0.27879870571465026,0.3151840031168953,0.15304831804361346,0.400533496441189,0.3098031551421944,0.2755934191386655,0.45894264162066706,0.21156722482953091,0.3492522443983193,0.2536117193101562,0.31937941714205026,0.3328349073600757,0.2793788042713374,0.30932009265637733,0.31211074371167014,0.4923409534576557,0.3829879534956684,0.26073024382096593,0.2906658958265441,0.1312130829643018,0.2688096905648272,0.3077231572567684,0.4406657615011609,0.33073915696162304,0.21065606489476124,0.39186713209071444,0.3367633030481352,0.37084355017950704,0.26459801932593935,0.36506009539809,0.05774192378724431,0.23461591768876067,0.516237105305448,0.4226680628762087,-0.15834191037973339,0.41442549787274285,-0.10444287566082128,0.07442245019541059,0.14314585067406033,-0.25054865536423915,0.1029216531240595,0.13549801955346572,-0.05196655118285604,0.14677349315758825,-0.13049529767977672,-0.08351964054313153
0.1041580724098868,-0.18227944133506332,0.09867654528746142,1.068537479871717,0.38418074903719074,0.3518635168957334,0.168703815121257,0.10676534409965702,0.16181918675536913,0.12137905097311508,0.16127775539078218,0.2026807983099072,0.12957480018357947,0.1696087545166148,0.12769606729040936,0.18344360166548174,0.14359068790954407,0.16379044119268957,0.25204604943161246,0.19786973294884358,0.1324510763687465,0.17670425088356226,0.18423330188730497,0.15503740496336518,0.15065693081859605,0.22971424198582624,0.14854206212386503,0.09466956448370463,0.2005221026307321,0.060811264641129126,0.14675161040345017,0.18113791681213648,0.07673933195178832,0.2053426269071881,0.011715952532977119,0.2208830729915513,0.1324251210190735,0.1335622248926676,0.09081862649094537,0.09530107469361845,0.13825975179957595,0.16453106459812666,0.1855376509063928,0.06718578003370664,0.007554904420515808,0.24817837762329034,0.1402769356713407,-0.10198078075951071,0.09483484321450421,0.13869066575187,-0.05970266175980695,-0.00022288043487228226,-0.1258389976839755,0.021869702865353106,0.11844296926849884,0.03200857914589175,-0.02979245021687161,-0.023101396292273518,-0.055195525606304856
0.2274538713824422,0.025282521392473858,-0.43421410301519375,0.38418074903719074,1.2731846901573398,0.3741159940512121,0.1711832680864702,0.057473121404180066,0.2412519136290557,0.10396917298836257,0.2365501528028711,0.28410982086014086,0.14939033758261364,0.19736531483975606,0.25994615638313756,0.24204701459778857,0.11469289503336798,0.15382181665270794,0.5062290901257984,0.2587927146700169,0.21222250197861403,0.18524258616176983,0.22510600954611,0.21432864314633474,0.15820243455827895,0.3806019658462126,0.16075860345267795,0.030023433030538067,0.19324438785051917,0.046536406083558926,0.22643048151963868,0.27743559385631167,0.12186776196349208,0.3216400915211313,-0.010386475002236396,0.3479624167444335,0.2165039923104177,0.20818531670242696,0.02979429468904621,0.056632711620492486,0.2043745801147996,0.2456858889079224,0.193191111560388,0.08568646293280757,-0.11403150336500788,0.4144578022962285,0.1320410045808625,-0.16006902505475315,0.04628102264326778,0.26692931620600696,-0.09364057437706622,-0.27638102529521924,0.09404010641814765,-0.020144323408357628,0.04151576294138095,-0.06116048983067305,0.05010089561939929,-0.021826196780042557,0.027984836041620834
0.17585522573841486,0.34677705013921994,0.5002943135843622,0.3518635168957334,0.3741159940512121,1.0589569838665371,0.04934396056384204,0.39624451257620413,0.4851445556206545,0.3172563021011714,0.3085209949964731,0.27942605872271226,0.2219375346510244,0.2697379041802661,0.44463626245411825,0.17564036669029973,0.34762066810782627,0.2390946524507819,0.7363707379564709,0.6237019820242053,0.3587617773944327,0.31422862991280276,0.16064746771707525,0.3031484139544645,0.28193594950701095,0.5012238356304229,0.33043000369010916,0.2721800789844746,0.47374288002715,0.19027252437577616,0.26537035602285836,0.3947205385784353,0.0416577362127563,0.3341980629553346,0.1304226016923168,0.31707738287311155,0.37277757438773595,0.3482882246125542,0.20675249849914212,0.28731939874092605,0.24141218577022774,0.3214838136433695,0.3887657241475115,0.11445632678592661,0.2417979756719117,0.4844732025661577,0.3665634063494452,-0.08554704242501575,0.17882302132509115,0.2708019556533425,-0.11824322596229678,0.1757883598093531,-0.43122457162387723,0.08900913150198106,0.08286025672192213,-0.0843406387594936,0.15073205417225966,-0.04490961656108451,-0.061681238990261636
0.11882404917120103,0.13760595425078373,0.13561691747630447,0.168703815121257,0.1711832680864702,0.04934396056384204,0.778487962301018,0.13067779636757737,0.23741642940966204,0.16700600210472635,0.19625155639511976,0.2741445770011138,0.1453832289353893,0.2880292681749182,-0.008289948425123699,0.2629017983132926,0.214504648331609,0.20983394616965417,0.008474163835563342,0.12131428518097151,0.23111518027197184,0.2746349848332571,0.2728519631049904,0.20500426999704646,0.202237508285191,0.21700977986029568,0.14458972783644955,-0.005107018322839586,0.1717309782921355,0.1385646940278731,0.17724237322408,0.22113192420296487,0.17144792523476257,0.2534455078872059,0.0274670657976752,0.29040078511163303,0.14391639095792488,0.12845242936955775,0.22201496608698779,0.0692451046578003,0.19718571965112214,0.19582871713003036,0.22404840688731492,0.0798285626098329,-0.016574030757286928,0.2533418712787048,0.1180684304803414,-0.13530991345410423,0.3250428718629168,-0.05820739420575689,0.0448857881627356,-0.2917932552649936,0.3060901589533353,-0.06300706112555048,-0.07791074302193224,0.001652041353234531,-0.017980495099648865,0.1972535093922104,-0.21383800627243763
0.14973974236692578,0.22197899230517723,0.5966610260314146,0.10676534409965702,0.057473121404180066,0.39624451257620413,0.13067779636757737,0.9261960780166881,0.1461767517143313,0.31341368848885787,0.2656887499556295,0.15435570353001052,0.2154222814649155,0.2873262370889707,0.22332276837086684,0.18730859956548368,0.3003972120567639,0.29884867814712013,0.33962355448248244,0.42822442759203405,0.13762311405900052,0.20674894872678698,0.1897851458491811,0.21356983666489804,0.26241935527066246,0.3019320449842794,0.2588460942405694,0.13264316222626613,0.3326947502564771,0.21040159010080142,0.18001184346217666,0.17547687160137748,0.07291962140892208,0.2644808332927806,0.07130504211453027,0.20983071964287056,0.288160904430687,0.23457692789366957,0.36579987013539006,0.2140353817066046,0.263839560104773,0.2238276025839947,0.3182787103589408,0.05652943161131267,0.2047669955623318,0.3049176009590515,0.35241355837055294,-0.00927657436559427,0.37436585310493514,-0.025582886362234523,0.03581277324616554,0.1287697606333106,-0.1545877820365864,0.014589040475840028,-0.0004345949539217208,-0.11169477494378928,-0.06798864782847747,0.42434276864053405,-0.25843494009785484
0.09486919372753137,0.2645065413312551,0.47611860961822605,0.16181918675536913,0.2412519136290557,0.4851445556206545,0.23741642940966204,0.1461767517143313,0.8733047821224519,0.21283139467296736,0.12946488498158765,0.21988698449561705,0.18695137973013376,0.25169654463254443,0.13983081486679405,0.1721952564107242,0.25878251146012476,0.16983603749102164,0.3926969029811331,0.3471932886090867,0.2546430726427072,0.40576032022880315,0.22855375540555886,0.26599326758984443,0.1807810229126983,0.4124617070614857,0.2338105539035559,0.19227418832114931,0.21735715023254007,0.12081828290481182,0.22712602205015928,0.33895262959857875,0.1823207106058548,0.21444882612303914,0.08850267062885561,0.30249230683118306,0.2248241464644828,0.23480090781950963,0.176174212446908,0.159540083443102,0.20366843766633122,0.2538992200269007,0.33461268249741366,0.09238042958745123,0.01778184532663299,0.34744580679854425,0.19255217969162547,-0.12315949240075201,0.4072132902084435,-0.0017885372441130377,0.008618828246373037,0.07187650031669796,-0.10757335729332344,0.01569641220654427,0.07867442958811836,-0.0256581515849574,0.15174925796028113,-0.30805239968864506,0.10690451234080686
0.16238143719900852,0.2404694034638797,0.5990104535617615,0.12137905097311508,0.10396917298836257,0.3172563021011714,0.16700600210472635,0.31341368848885787,0.21283139467296736,0.8467330369897993,0.0730185323281128,0.20210937681798138,0.15680902582577536,0.3165777093198756,0.23382415358249017,0.20429905582793434,0.23949775213771624,0.24302877768733264,0.2076453731011438,0.265317910147314,0.15871047168291283,0.2317651116049187,0.24647655747229183,0.25639309507969954,0.260778843332617,0.24703392380678785,0.2112752897129716,0.15940539748660115,0.35235231133167566,0.32845360435347193,0.24712625296787788,0.2879255265457566,0.06989956717844883,0.3424013285111267,0.25677968649685945,0.39853689699206457,0.3109464305489632,0.1916254159570116,0.2497765324925063,0.23666653363946766,0.39776669466816045,0.20611044349149293,0.26423632904012107,0.06707372015170147,0.054652637685966184,0.4673479428051432,0.3393210638886946,-0.10079624213295157,0.2656532669216968,-0.049174184852097194,0.0352253180951731,-0.13073039880684711,0.0029900614702637702,0.07988263955040555,-0.11827808725574024,-0.0005013159412847923,0.23120865829450968,-0.31766261835711607,0.19450090955578797
0.09149206532114411,0.11047419090670782,0.05522622953604388,0.16127775539078218,0.2365501528028711,0.3085209949964731,0.19625155639511976,0.2656887499556295,0.12946488498158765,0.0730185323281128,0.7636105983295629,0.3483285906450309,0.16671723364822702,0.1502013042238646,0.25310357698483726,0.26013809085064593,0.2966513564537303,0.277568317025083,0.28247488588222924,0.3254439839677263,0.30732253159929823,0.1807773122475822,0.1903952754741312,0.19433883292128198,0.20568656361841714,0.2537462385552736,0.2770510558920054,0.09519992899094393,0.2665162081507926,0.06010432719099315,0.20872396784112307,0.2599090190020612,0.10582329101413136,0.27067395352905693,0.09362320144871406,0.2529652637793356,0.15171570075351828,0.2144892393049979,0.31265874498973467,0.13089197220615065,0.17476525837358617,0.23797177509768197,0.21170104977386175,0.06641827486475602,0.10380430889510898,0.28308469023113697,0.18914975603853826,-0.09342668368628311,0.15793759178559302,-0.0204882136776479,0.03233180088227453,0.025061268466094622,0.08291542223199222,-0.08502751031423088,-0.06248376480120962,-0.00948182981488321,-0.007197255052678422,0.14054725096143167,-0.1695297355413198
0.13643017266598773,0.08669681958151988,0.19211592013983583,0.2026807983099072,0.28410982086014086,0.27942605872271226,0.2741445770011138,0.15435570353001052,0.21988698449561705,0.20210937681798138,0.3483285906450309,0.7150230895220698,0.13647427169024384,0.260532518670016,0.23742671677660984,0.24277385561340675,0.2794484316636965,0.3306855376709477,0.26807283234287116,0.2678515718223758,0.2660102219202433,0.2010484531398566,0.25896806366059494,0.21693463301820845,0.2656935688721884,0.3071217881587856,0.28074085857559117,0.036819272915449265,0.24960145398456526,0.10691915708253817,0.2467047871150843,0.30231977099302504,0.13602794958693595,0.2906511260521665,0.04005550327026467,0.42662822214850515,0.12152497499303853,0.20484115646399303,0.233453890848021,0.1300434501728432,0.2326496045712128,0.2369848558055699,0.23181114754732943,0.04513628922891084,0.08593199575110506,0.4311419044414085,0.23188273650276117,-0.22695138712525917,0.15177013887978053,-0.0030886086431462334,0.08499625427721481,-0.21140930452432746,0.18287867951455639,-0.07904133222301085,0.033124817991350586,-0.010689455603078492,-0.02652244554267513,0.1254425846015791,-0.2939754451208556
0.08239746897242706,0.09475599847302837,0.2155742029136535,0.12957480018357947,0.14939033758261364,0.2219375346510244,0.1453832289353893,0.2154222814649155,0.18695137973013376,0.15680902582577536,0.16671723364822702,0.13647427169024384,0.31711958180583855,0.1976167709651743,0.05026993785346174,0.17809182885448083,0.16221525841204087,0.14266240665247082,0.19131902158802838,0.191172733719798,0.11117516972806439,0.21122064855701717,0.13273100078582048,0.15210716867797236,0.15161256481207647,0.14081151323905902,0.17465957434746407,0.09924105988538667,0.24126565977500336,0.11962567407454257,0.13408515428841442,0.1961473470289848,0.054934273589943385,0.16832410734453607,0.0957771381166123,0.18110537375830435,0.16234315480189276,0.1270547999099278,0.18871567781565657,0.12305018913488966,0.18444139480241942,0.14642026463365654,0.19235397809475097,0.03383420562194828,0.07760872174297309,0.21805438685663545,0.15766061686674335,-0.04233223041750225,0.18857348935463947,0.034100102016963736,0.017079551578737126,-0.03520935159328045,-0.07607101530467751,0.03564947935541134,0.03244314018124799,-0.018674249310872946,0.038288993398040636,-0.09674544283195714,0.03060547428785705
0.11043317022410802,0.11886038098800662,0.27879870571465026,0.1696087545166148,0.19736531483975606,0.2697379041802661,0.2880292681749182,0.2873262370889707,0.25169654463254443,0.3165777093198756,0.1502013042238646,0.260532518670016,0.1976167709651743,0.7995636811701434,0.16565752251692353,0.2992660378156904,0.2496255765922471,0.1548361857378803,0.24058515769562042,0.3124703929908001,0.23347427121969727,0.2393297545179816,0.19718655745131364,0.28240828853883587,0.27535839189535527,0.3749103303724564,0.1961506364891913,0.22308095182794577,0.20120957717027613,0.32036874982271835,0.21498366685380177,0.240013396643599,0.19119944807967254,0.24742860987659032,0.19370516372721475,0.2862172799129608,0.34367807943484835,0.22361819667418117,0.12452157768968838,0.19973860777724298,0.39450545097074136,0.266692109031547,0.42646334162091976,0.10638332216435371,0.0020640577478904997,0.38615249133187707,0.30553874986146873,-0.002029475363979402,0.5234197891369083,-0.007551637245276549,0.0617690326871995,-0.14557627825054817,-0.1090744630807266,0.11816454283998169,-0.020675178328584072,-0.019161364307854985,-0.07219235012936691,0.34857226038429695,-0.17148266805180387
0.17322097129679115,0.4467020370285455,0.3151840031168953,0.12769606729040936,0.25994615638313756,0.44463626245411825,-0.008289948425123699,0.22332276837086684,0.13983081486679405,0.23382415358249017,0.25310357698483726,0.23742671677660984,0.05026993785346174,0.16565752251692353,0.9749596010722215,0.022382638522772808,0.23459386571063856,0.18490037812717727,0.3357087563956905,0.3172929865301165,0.32235445603055385,-0.004360887967701272,0.18365632188181247,0.25742804218400134,0.24381190922294463,0.31417825460246773,0.1856423558653683,0.26735649065947004,0.2776502053834971,0.27102899038934,0.2221584384217455,0.2125596193371205,0.14852868333193667,0.252793905374377,0.13766728555822974,0.3545834661146416,0.2603102637775552,0.1536864693718356,0.15572927462087388,0.16926840386766348,0.24626163694585612,0.19162693622844995,0.16612689342491313,0.07510774979977866,-0.008648052212452411,0.477807879250473,0.2795245155876707,-0.13823388902271502,0.15358594583832302,0.20658412439277943,-0.0007118556618496732,0.16717942464689778,-0.2824785301794637,-0.017743003979922775,0.10696016568427666,-0.020249292427008275,0.06955787846001327,0.06096899008876974,-0.16320492067796688
0.10856329297648605,0.0032205227541755306,0.15304831804361346,0.18344360166548174,0.24204701459778857,0.17564036669029973,0.2629017983132926,0.18730859956548368,0.1721952564107242,0.20429905582793434,0.26013809085064593,0.24277385561340675,0.17809182885448083,0.2992660378156904,0.022382638522772808,0.7389497586501317,0.22191425741432597,0.21050262423453406,0.22866446896850387,0.20381111329819718,0.13742089486932274,0.37904551028867645,0.2173678875653884,0.22794128565124513,0.2470574296135022,0.15848256642040948,0.25607824807227164,0.11134542234489327,0.26583853271905894,0.15659001422803429,0.21535633080218702,0.3005678090730052,0.11408582696304129,0.2541302852071172,0.18486129494622572,0.28214233597475624,0.2214129186237485,0.16253152579355667,0.22462799519148158,0.13361141952422753,0.28920719153930163,0.3075637741315829,0.3370554345426307,0.10707398732171504,0.04358084016917895,0.3371552200984666,0.20033302760759086,-0.07428849706131975,0.19707347692976854,-0.21587224900396745,0.022722263190554218,-0.13212600489378687,0.11490455943731365,0.041828466584333986,0.12917293354512324,-0.007259546434484506,-0.022252483640165147,-0.1400447840184182,0.05131442951681088
0.0823542680095142,0.16031958117362877,0.400533496441189,0.14359068790954407,0.11469289503336798,0.34762066810782627,0.214504648331609,0.3003972120567639,0.25878251146012476,0.23949775213771624,0.2966513564537303,0.2794484316636965,0.16221525841204087,0.2496255765922471,0.23459386571063856,0.22191425741432597,0.6665594267502334,0.3040190384373861,0.3056765239302692,0.3849385276850152,0.3400761025655628,0.27189157554012205,0.17281520104027587,0.24003772233567336,0.2904487437161005,0.2920296968386546,0.27630084006848504,0.33935095037389185,0.3259406258395678,0.13359457796262425,0.2971374578907721,0.2807093903651728,0.1936965177288661,0.28409371004103934,0.22836737584920627,0.37532481020728165,0.40650400106573686,0.26120501757490755,0.26982066416744094,0.17830642418031772,0.3166147989925675,0.28871222378095657,0.3168680841010436,0.07236483967635922,0.217293306553293,0.4566541009327795,0.27413400300647767,-0.11223900220027679,0.10597915997395632,0.3047818319213496,0.06307140278514858,-0.030790986745276902,-0.25595599706708955,-0.04107178780492152,-0.11658489341386247,-0.012180007591126824,0.034539243320027925,-0.027101044375617615,-0.051574859722886626
0.16827410687944655,0.07947399971118162,0.3098031551421944,0.16379044119268957,0.15382181665270794,0.2390946524507819,0.20983394616965417,0.29884867814712013,0.16983603749102164,0.24302877768733264,0.277568317025083,0.3306855376709477,0.14266240665247082,0.1548361857378803,0.18490037812717727,0.21050262423453406,0.3040190384373861,1.0499367616351245,0.22221459982587866,0.035030443417884666,0.2498186676727451,0.23375636046395412,0.32371464086369794,0.18333325296217023,0.26041978835030666,0.19455672718277658,0.2039821179652069,0.23920197914423913,0.34093938887884845,0.047903344757948677,0.35117899297982147,0.21922320646223586,0.14750045704786027,0.31540574470096916,0.031920665787953724,0.4380956655013138,0.40520210294851394,0.12229550225235451,0.2573342326668755,0.11636802964507875,0.3341256290117299,0.13635391217428264,0.2416199850873696,0.007980143488219866,0.20476171495224088,0.5499864825894674,0.4414971641752921,-0.18180426692784565,0.04800325290525144,0.2099937660595405,0.19794115759143208,0.011145872772032132,-0.31414860718080334,-0.11708539392015556,0.06505736311097363,-0.10434894758293616,0.012017926353709222,0.05876879243472112,-0.15545158367364073
0.1345824526946248,0.06964174046697022,0.2755934191386655,0.25204604943161246,0.5062290901257984,0.7363707379564709,0.008474163835563342,0.33962355448248244,0.3926969029811331,0.2076453731011438,0.28247488588222924,0.26807283234287116,0.19131902158802838,0.24058515769562042,0.3357087563956905,0.22866446896850387,0.3056765239302692,0.22221459982587866,1.2740913734069368,0.5715952774257291,0.2867199372780653,0.279670414239349,0.146259017148757,0.2548310856132469,0.224653327785804,0.39709608379255334,0.30889206174282247,0.35253857713135645,0.34363546124051164,0.09240342759485189,0.28730806594539343,0.305579062216743,0.11512742340523814,0.30928447952280613,0.05875587817914263,0.4131668102986913,0.24673629049125903,0.36106522529580437,0.13118223769749313,0.19386100988082244,0.2817599196353048,0.30854922436536025,0.32832773563331924,0.06603679437174695,0.09370901113018333,0.4912177940384889,0.16207216463854926,-0.16746295384968146,-0.09692075598645954,0.209929709815732,0.03813596144897237,0.48133413866666125,-0.6038886756327008,0.014788260544256833,-0.0010317595927747186,-0.08428913967079889,0.05774143087697527,0.13120314718010195,-0.0471729094787199
0.10523554052509515,0.15484539501681038,0.45894264162066706,0.19786973294884358,0.2587927146700169,0.6237019820242053,0.12131428518097151,0.42822442759203405,0.3471932886090867,0.265317910147314,0.3254439839677263,0.2678515718223758,0.191172733719798,0.3124703929908001,0.3172929865301165,0.20381111329819718,0.3849385276850152,0.035030443417884666,0.5715952774257291,1.426099874957631,0.16900538081911032,0.24661968865312553,0.271399812320956,0.40145330641050336,0.30388096654757557,0.3653513226598585,0.43473310588605435,0.07911953404562978,0.42178520985295076,0.4088129971514185,0.21568861679195786,0.30313924628302497,0.10325787878009349,0.3282213210415769,0.16198180723646655,0.28578413296648303,0.4818594881193015,0.5999660970034012,0.2495193556851259,0.4036343853774716,0.1415912177840048,0.509229916624884,0.5753719834420304,0.1014471936100774,0.52418201398993,0.3380058551203973,0.2726262621986597,-0.10002488056337687,0.34976595678198463,-0.2132372404004894,-0.029207893306529936,-0.08127813075496368,0.24144843467944332,0.014936596488829681,0.05406346858964979,-0.1287507750703299,0.1059853564056071,0.16537404165869637,-0.14994948809664754
0.1251610469333236,0.3749484461591063,0.21156722482953091,0.1324510763687465,0.21222250197861403,0.3587617773944327,0.23111518027197184,0.13762311405900052,0.2546430726427072,0.15871047168291283,0.30732253159929823,0.2660102219202433,0.11117516972806439,0.23347427121969727,0.32235445603055385,0.13742089486932274,0.3400761025655628,0.2498186676727451,0.2867199372780653,0.16900538081911032,0.9346697634312608,0.15982020832222385,0.09569814229306733,0.18107459106908866,0.2136189468312786,0.3624646934194959,0.17437836009718577,0.31512167515784156,0.16244942070046453,0.11760746758840818,0.25250657255400555,0.3520249896373349,0.05178320139919864,0.286653807489193,0.35831156436087497,0.28624441316760935,0.2269280154622392,0.18729360476384088,0.21323971716994847,0.266049111400948,0.3356021533228036,0.19942409132116132,0.19976525445714408,0.09995925194281234,0.06895043412308222,0.3841924995412685,0.2155062981469066,-0.011687536032047186,0.10374804121399145,0.13226303612199772,0.05163058973386148,0.08870108932807647,-0.2474606576990771,0.03242367658641264,-0.07346248163758674,0.007983566781608796,0.0811376207629776,-0.0183559715092681,-0.04430134826403933
0.13521226228444858,0.060788824904754575,0.3492522443983193,0.17670425088356226,0.18524258616176983,0.31422862991280276,0.2746349848332571,0.20674894872678698,0.40576032022880315,0.2317651116049187,0.1807773122475822,0.2010484531398566,0.21122064855701717,0.2393297545179816,-0.004360887967701272,0.37904551028867645,0.27189157554012205,0.23375636046395412,0.279670414239349,0.24661968865312553,0.15982020832222385,0.9166740413633397,0.2715697101308665,0.23870068806303668,0.22624253770401423,0.23492153911458272,0.2687844760629685,0.09378024798248116,0.31444378896850717,0.16900646811923814,0.19946119519283925,0.35943964537303646,0.15800462451495256,0.20569783957939747,0.07824285544026104,0.2329416260043467,0.23772411064053192,0.17760858446113148,0.20288746099412383,0.15587681761710198,0.24599283089108556,0.2704269311045837,0.522388253222833,0.09830289245075502,0.07897124596773497,0.3462950722486107,0.234006792252807,-0.05623684742712186,0.3422073327242597,-0.04276986478927004,0.021902257613891876,-0.24944349064625135,0.046971908239103626,0.06490477489290286,0.09991627878243543,-0.015956547033002866,0.037241891429193485,-0.20944709847607096,0.05105948553077308
0.11474770508375988,-0.11190441412653304,0.2536117193101562,0.18423330188730497,0.22510600954611,0.16064746771707525,0.2728519631049904,0.1897851458491811,0.22855375540555886,0.24647655747229183,0.1903952754741312,0.25896806366059494,0.13273100078582048,0.19718655745131364,0.18365632188181247,0.2173678875653884,0.17281520104027587,0.32371464086369794,0.146259017148757,0.271399812320956,0.09569814229306733,0.2715697101308665,1.0912236856974298,0.3332546081104358,0.316838226594535,0.12489911037225099,0.19051557180040227,-0.12649299848564466,0.41939585940988056,0.3130543560153731,0.23155705741301366,0.20839681701928478,0.19608325454322495,0.38955855315092397,-0.19236426454617042,0.7108836468982148,0.1316605940336084,0.14543631761439643,0.28652460199225893,0.2187217717849427,0.3357045208274832,0.19987361273267237,0.26104645296171314,0.15558790764646302,-0.04358203799472711,0.6507355044990982,0.29395552562854343,-0.45020532693831355,0.2534136731769198,-0.1414120281471582,0.05167044454684061,-0.2837204657192983,0.2909925187083263,0.001494206983493444,0.08155785591952577,-0.05369127856734213,0.05546920757221634,0.06511804710448436,-0.2006486251441851
0.03284069089263996,0.10828143773112335,0.31937941714205026,0.15503740496336518,0.21432864314633474,0.3031484139544645,0.20500426999704646,0.21356983666489804,0.26599326758984443,0.25639309507969954,0.19433883292128198,0.21693463301820845,0.15210716867797236,0.28240828853883587,0.25742804218400134,0.22794128565124513,0.24003772233567336,0.18333325296217023,0.2548310856132469,0.40145330641050336,0.18107459106908866,0.23870068806303668,0.3332546081104358,0.8677820458371348,0.27657364579389926,0.31712481531702985,0.25582442103286396,0.2583452813082917,0.2633351740987062,0.5781379015642402,0.3398152552831965,0.4428055296382216,0.5549915251665626,0.2256885162435536,0.12757293164929226,0.514574334601495,0.3764481522267218,0.2787736817225447,0.21064553814932127,0.20183142596889073,0.32809175118587064,0.3304231429112642,0.37386721524255356,0.15270359230861616,-0.08538597497247076,0.6552133136264353,0.43466869138799213,-0.2321441633259523,0.7319744172503257,0.05083261131816899,-0.010573651942510908,-0.2684461062392042,0.18830837869346598,-0.025339711810532115,0.18274148848890592,-0.2588759180881113,0.38448764607920444,0.12430933440115559,-0.30550719855539304
0.15518398194424032,0.15288390249566816,0.3328349073600757,0.15065693081859605,0.15820243455827895,0.28193594950701095,0.202237508285191,0.26241935527066246,0.1807810229126983,0.260778843332617,0.20568656361841714,0.2656935688721884,0.15161256481207647,0.27535839189535527,0.24381190922294463,0.2470574296135022,0.2904487437161005,0.26041978835030666,0.224653327785804,0.30388096654757557,0.2136189468312786,0.22624253770401423,0.316838226594535,0.27657364579389926,0.8314130620903927,0.12600812819648513,0.24674740300314105,0.12793670888569145,0.5321953552542196,0.3352601513050516,0.2763259268075212,0.24066273087298679,0.14479716375110888,0.40294110783563775,0.16201763293719879,0.4732712316781783,0.32109421058552295,0.22450705456514844,0.36125272329170804,0.16373501883913238,0.3232906385082739,0.21910576287539715,0.24583229092392195,0.09326438016503885,0.07462753866522781,0.5851672421111352,0.32629622266157327,-0.23002605425538625,0.10854405825488875,-0.0342304712414377,0.05164833423466769,-0.10370187347439153,0.07743358535337036,0.005282363468743238,0.007238527855839972,-0.007718218931201597,0.0555287158780782,0.027276871651977043,-0.14359744948340505
0.06689561372034193,0.21926800249228318,0.2793788042713374,0.22971424198582624,0.3806019658462126,0.5012238356304229,0.21700977986029568,0.3019320449842794,0.4124617070614857,0.24703392380678785,0.2537462385552736,0.3071217881587856,0.14081151323905902,0.3749103303724564,0.31417825460246773,0.15848256642040948,0.2920296968386546,0.19455672718277658,0.39709608379255334,0.3653513226598585,0.3624646934194959,0.23492153911458272,0.12489911037225099,0.31712481531702985,0.12600812819648513,1.974351774214636,0.22061760726191626,0.28879655876523014,-0.09273522737269871,-0.05481394406176291,0.16232800513702897,0.5369052522637293,0.16199444693737344,0.259801067148362,0.2656984977065159,0.4294566631229425,-0.2521360719602726,0.32837898202421956,-1.0149100506341024,0.0947982657681044,0.5835054007340145,0.48425539311275423,0.5388702445620945,0.038635973791919874,-0.31861072037235144,0.40492089312013974,0.10049679877883497,-0.011505960465711855,0.36888962498508454,0.453914566154143,-0.04071105534226886,-0.3703492132469913,-0.28348492427178074,0.08128159836565949,0.01929899585553026,-0.034427885831133764,0.040916977065276305,0.11145420762045763,-0.09052977918848522
0.1048732849480184,0.12000950926248725,0.30932009265637733,0.14854206212386503,0.16075860345267795,0.33043000369010916,0.14458972783644955,0.2588460942405694,0.2338105539035559,0.2112752897129716,0.2770510558920054,0.28074085857559117,0.17465957434746407,0.1961506364891913,0.1856423558653683,0.25607824807227164,0.27630084006848504,0.2039821179652069,0.30889206174282247,0.43473310588605435,0.17437836009718577,0.2687844760629685,0.19051557180040227,0.25582442103286396,0.24674740300314105,0.22061760726191626,0.9031325148060384,0.239284813489324,0.16268254713751681,0.24566108236378864,0.2747210437017455,0.3100594226141383,0.15432534146076834,0.20070006907837912,0.25996558079101284,0.4252385792033639,0.2728845113745413,0.2681346846974058,0.2294217576708026,0.2355870403924081,0.3178533536116785,0.2665500678556494,0.46350928589497103,0.022614517079461466,0.18747908506977862,0.3508240624951242,0.2180789300663597,-0.1679458204881312,0.31461374361364847,-0.1383782957823758,0.02866880605095237,0.04024437783181242,-0.051996252763121184,0.08425133625407522,0.1161863682363655,-0.06914044265533509,0.12887146519161527,-0.05408300369243586,-0.0932868648015291
0.024551796634180837,0.24662303369906047,0.31211074371167014,0.09466956448370463,0.030023433030538067,0.2721800789844746,-0.005107018322839586,0.13264316222626613,0.19227418832114931,0.15940539748660115,0.09519992899094393,0.036819272915449265,0.09924105988538667,0.22308095182794577,0.26735649065947004,0.11134542234489327,0.33935095037389185,0.23920197914423913,0.35253857713135645,0.07911953404562978,0.31512167515784156,0.09378024798248116,-0.12649299848564466,0.2583452813082917,0.12793670888569145,0.28879655876523014,0.239284813489324,1.4129106545831787,-0.00586457913151892,0.10565357190684603,0.28325299428461226,0.1376118510295494,0.4203038952673603,0.08333890303623018,0.8700923103667488,0.300429677862542,0.49842881864802285,0.1348938490624543,0.0285942574972901,0.21722212048977477,0.38189716099871457,0.13697675743653023,0.25895809890314875,0.11784732030400956,-0.04538877915667155,0.33921170376723625,0.11032116101528358,0.04965332160422398,-0.00047808032082452084,0.3574687556204173,-0.05732896553858818,1.27981896358156,-1.719267908015228,0.14738468085318884,0.2557990003672669,-0.047948014623494455,-0.00476478118389286,-0.22387508462283445,0.34012715120526626
0.1773014008432984,0.19193553530186871,0.4923409534576557,0.2005221026307321,0.19324438785051917,0.47374288002715,0.1717309782921355,0.3326947502564771,0.21735715023254007,0.35235231133167566,0.2665162081507926,0.24960145398456526,0.24126565977500336,0.20120957717027613,0.2776502053834971,0.26583853271905894,0.3259406258395678,0.34093938887884845,0.34363546124051164,0.42178520985295076,0.16244942070046453,0.31444378896850717,0.41939585940988056,0.2633351740987062,0.5321953552542196,-0.09273522737269871,0.16268254713751681,-0.00586457913151892,2.3238975857314985,0.21862330073504616,0.12409103154897731,0.25758556629630736,0.06581041967548251,0.6251269783623308,-0.1819039805479923,0.5923395262081834,-0.04780641549674015,0.14285973242994804,0.5586895209393289,0.18518738622098865,0.3323052025288112,0.1927065374867911,-0.06585653555718718,-0.10125581839928896,0.24152181959069025,0.569772342694371,0.29670725726343716,-0.3935955851315873,0.25878399400891133,0.5363956622729933,-0.17545522712352832,-0.10244109279993621,-0.2621610997043899,0.04278312060800778,-0.1041478674704932,-0.03768772517777082,0.02490977193544688,-0.1882498179939401,0.1516764305181391
0.1334383984448404,0.12244822913932324,0.3829879534956684,0.060811264641129126,0.046536406083558926,0.19027252437577616,0.1385646940278731,0.21040159010080142,0.12081828290481182,0.32845360435347193,0.06010432719099315,0.10691915708253817,0.11962567407454257,0.32036874982271835,0.27102899038934,0.15659001422803429,0.13359457796262425,0.047903344757948677,0.09240342759485189,0.4088129971514185,0.11760746758840818,0.16900646811923814,0.3130543560153731,0.5781379015642402,0.3352601513050516,-0.05481394406176291,0.24566108236378864,0.10565357190684603,0.21862330073504616,3.0432897600987374,0.3605298781924685,0.19044113839047724,0.012079012341521292,0.08957049044084645,0.6180693079140496,0.5313107803816726,0.8219977052851614,0.2955476539067694,0.8366785512192435,0.7509230768604142,0.8866731866201102,0.19128497764171137,0.6584656044551448,0.24595188235737211,0.27820116762569924,0.6923819455782232,1.330736913825709,0.036615373324690226,2.1650533732214514,0.1585763861044083,0.0730523998650421,-0.9272128714566847,0.5010570406755757,0.1546707357222826,0.4179904272297523,-0.20252516881357877,0.1796744564873988,1.1534498785574063,-1.3035076888086765
0.11186157127889262,0.11184346685639938,0.26073024382096593,0.14675161040345017,0.22643048151963868,0.26537035602285836,0.17724237322408,0.18001184346217666,0.22712602205015928,0.24712625296787788,0.20872396784112307,0.2467047871150843,0.13408515428841442,0.21498366685380177,0.2221584384217455,0.21535633080218702,0.2971374578907721,0.35117899297982147,0.28730806594539343,0.21568861679195786,0.25250657255400555,0.19946119519283925,0.23155705741301366,0.3398152552831965,0.2763259268075212,0.16232800513702897,0.2747210437017455,0.28325299428461226,0.12409103154897731,0.3605298781924685,0.9822661657750452,0.3536434502024476,0.15913952192322917,0.2914940543636484,0.2950170349331151,0.7531532496513348,0.5494379989400349,0.27230048346701297,0.3571044596327884,0.18847995033774584,0.4154528859556962,0.21161637523876609,0.23445735934001172,0.0723117392989174,0.1475420276926237,0.8365473310224558,0.35375825849933334,-0.3965838860570102,-0.1481288133409102,0.25246235447518445,0.02248122976064347,-0.07389959929702025,-0.06306904739206498,-0.056333808484086034,0.048695792653711704,-0.07617969372881489,0.27696108653181073,-0.015959783352665693,-0.2569653917811539
0.0959815154040447,0.19736506066881368,0.2906658958265441,0.18113791681213648,0.27743559385631167,0.3947205385784353,0.22113192420296487,0.17547687160137748,0.33895262959857875,0.2879255265457566,0.2599090190020612,0.30231977099302504,0.1961473470289848,0.240013396643599,0.2125596193371205,0.3005678090730052,0.2807093903651728,0.21922320646223586,0.305579062216743,0.30313924628302497,0.3520249896373349,0.35943964537303646,0.20839681701928478,0.4428055296382216,0.24066273087298679,0.5369052522637293,0.3100594226141383,0.1376118510295494,0.25758556629630736,0.19044113839047724,0.3536434502024476,0.9528591734220136,0.08475330863852493,0.2513415215596401,0.1573550179328953,0.48639247534176894,0.15576648776846724,0.2745036720631564,0.047611755272798206,0.1729381409806688,0.3722225250551976,0.3502233207635517,0.3292233330496269,0.027219836023719808,0.07536273832232114,0.6257131713090138,0.27265380034445175,-0.20485393395697468,0.2901321594850167,0.1994478432996208,0.036450867559417933,-0.2544409332000608,-0.03392946372265608,0.03012543352538812,-0.12041108677942479,-0.14880018526059538,0.8304283297850674,-0.4062471634068764,-0.24519092979769835
0.017761486042478267,-0.003267120214389398,0.1312130829643018,0.07673933195178832,0.12186776196349208,0.0416577362127563,0.17144792523476257,0.07291962140892208,0.1823207106058548,0.06989956717844883,0.10582329101413136,0.13602794958693595,0.054934273589943385,0.19119944807967254,0.14852868333193667,0.11408582696304129,0.1936965177288661,0.14750045704786027,0.11512742340523814,0.10325787878009349,0.05178320139919864,0.15800462451495256,0.19608325454322495,0.5549915251665626,0.14479716375110888,0.16199444693737344,0.15432534146076834,0.4203038952673603,0.06581041967548251,0.012079012341521292,0.15913952192322917,0.08475330863852493,1.8284706568969817,-0.09589140370044134,-0.7047635890569404,0.15099688493954705,0.3742065534847296,0.1510094464239986,0.04376811963679582,-0.24023249998688034,-0.37154871052890004,0.3079508604208698,0.3603291918109195,0.2529949103187605,-0.6103197305890956,0.4068161611526951,0.2080979389358059,-0.3093384711381816,0.8626481252404595,0.049625831394892225,-0.019969731001775484,-0.21754113359092894,0.1995331835328269,-0.1730228063395182,0.39258255505261136,-0.0599181455314961,-0.06435783446947231,0.1429937325844727,-0.15188522519700215
-0.005073340240229464,0.13126959613189618,0.2688096905648272,0.2053426269071881,0.3216400915211313,0.3341980629553346,0.2534455078872059,0.2644808332927806,0.21444882612303914,0.3424013285111267,0.27067395352905693,0.2906511260521665,0.16832410734453607,0.24742860987659032,0.252793905374377,0.2541302852071172,0.28409371004103934,0.31540574470096916,0.30928447952280613,0.3282213210415769,0.286653807489193,0.20569783957939747,0.38955855315092397,0.2256885162435536,0.40294110783563775,0.259801067148362,0.20070006907837912,0.08333890303623018,0.6251269783623308,0.08957049044084645,0.2914940543636484,0.2513415215596401,-0.09589140370044134,1.4605905442111935,0.36379547771826604,0.6932732382774065,0.2046677295585586,0.22373217679403642,0.3331766860095034,-0.006437896207508042,0.4351881074216296,0.22034728935467898,0.2228757445433043,0.08982153535256257,-0.21522369563737412,0.49960960653734215,0.27077901911234925,-0.3465866948476476,0.0013704632035156138,-0.04851205946680696,0.05706146322816393,-0.1088888818407698,0.18747285462141675,-0.03650205850657893,-0.19788124263812826,0.026120075985731798,-0.02907251217900965,-0.28491607568382,0.3487747704697735
