2.8238787458945365,0.9939074112573573,0.8310519635905138,0.467720145136961,0.7234306726794486,0.5726508135071883,0.7713247577665931,0.6361165214848253,0.5493416583437141,0.5872183968361366,0.6542435978394207,0.6333971611430593,0.42571417913884557,0.6643441189870161,0.587588627511394,0.580761145122571,0.5696412451758518,0.56773754157664,0.5749001986901431,0.5038650403400998,0.6439708587078841,0.5529746280543644,0.2376623364595014,0.26501573979642323,0.6628531187477699,0.3774246290829947,0.6558104300507277,0.3862856419769702,0.648108192312177,0.17128725443412798,0.6413181135057805,0.4800706861116831,0.3033939530294587,-0.4242512052341113,0.46158370922282,0.660365498279344,0.7638579961367055,0.8684112862828176,0.5849452540845478,0.4153217031583286,0.5762547361643645,0.5580683558024937,0.6236879428358248,0.1001979721274805,0.6741787828908957,0.6916854660586902,0.33438090368007234,-0.28531419531007046,0.3132171357113275,0.14388832354465395,-0.14133438181573374,0.10048454469731119,0.048619852331438396,-0.08958307883387111,0.31901196823907196,-0.12405221993761663,0.10884429697799403,0.014344652088502143,-0.26840448570428016
0.9939074112573573,3.2015054307723214,1.2214434730118326,0.23567453613581718,0.15534476209041853,0.34883845870250063,0.513761692495469,0.4565442586474448,0.49156513613133196,0.26752275915277063,0.49849339806137494,0.39382562225707385,0.3131127990113024,0.4492354358805726,0.4781659000827595,0.23585384803881082,0.3281544333889351,0.5412621507974361,0.43087917073904614,0.5545344243411904,0.5713833597101785,0.353861408935511,0.011625323989414625,0.21032368361102252,0.37786204097047615,0.4240765958240439,0.34320695460454725,0.4356692971967376,0.675626693484839,0.02103412482428803,0.48216426613049085,0.39852553479669206,0.2674202540572127,0.260056352302217,0.5266238933360501,0.36355139904745304,0.923531848668943,0.6377032775256626,0.33309921038613816,0.005768911871769653,0.5621170956428015,0.4712574873771882,0.6145252467103858,0.053140430591646276,0.8976928242748761,0.45937822018462726,0.2773700638845067,-0.00015164418722036038,-0.015710824027536652,-0.05238666340578466,0.052839899682890754,0.2728403272180822,-0.06646841668701116,-0.25926504693618596,-0.5830293522694487,-0.2901387799524446,-0.4670450492386285,0.7336967496713273,0.17679703993681112
0.8310519635905138,1.2214434730118326,2.1913074274471795,0.06500827742391323,-0.3108473673027515,0.3965698855338006,0.36209080640807423,0.3649555194972107,0.5933414387274969,0.30332111577622783,0.41492113544314735,0.3321341055655268,0.2506471228071882,0.37772903233811506,0.4106319956120394,0.17359920998260933,0.39610496754261293,0.4112941224303646,0.38433429646351047,0.3541858133902049,0.4742411649421846,0.4031206618749864,0.15923871825394342,0.2602750352928579,0.3954281979322505,0.26844720072149925,0.27326715573580496,0.4214919365493024,0.6521427041092714,-0.19225409821089742,0.41987407285803435,0.30604144052976184,0.2125893315554985,0.3288200016049936,0.6446830097126061,0.39431640267310325,0.6432354670609651,0.5197420681488008,0.4021344422522023,-0.15709952359782706,0.5731755548451221,0.38087287317611146,0.47920738872569796,0.11041024690282884,0.5770199047671765,0.5890069248452343,0.16978906440687885,-0.21438826055367305,0.06707274499818187,-0.22059504956543965,-0.014796063396935594,0.24553692788115725,0.011492067852724169,-0.3298314162631174,-0.027983396908480784,-0.07770532855171366,-0.011612046401492002,-0.13194962571806843,0.056614362204793774
0.467720145136961,0.23567453613581718,0.06500827742391323,1.0945025097664398,0.7528423169269637,0.4561734103233173,0.4310390139043042,0.41366640364642715,0.2616770719136866,0.4509359642665677,0.3999064205020874,0.48456015781209866,0.2599516542917392,0.43272805606758313,0.3263932686959491,0.47224624752560973,0.3737187398301787,0.30221303747814343,0.33007702461352584,0.31920210788421577,0.33096350391613966,0.33869597645168115,0.24917650384336415,0.2656557507691182,0.3603723919136837,0.2852221050772881,0.3857048366076093,0.07511066867542772,0.45763257679650315,0.12566723635434135,0.30842114906981766,0.3974972484380782,0.15058510916254106,0.3331079249924074,-0.01962638863080432,0.44526581449600294,0.22917407494099942,0.44418967715021124,0.40557034922659746,0.38123774222378404,0.23261974018603546,0.296543604494503,0.3334817446810152,0.04692837157079339,0.3632618078464772,0.3278758256901578,0.23342609408164375,0.05218720787298352,0.14833190661142326,0.03178141367347742,-0.011464599892916458,0.03048417512164481,0.03715439019522537,0.011367690892748193,0.09632610333756941,0.039933508176662996,-0.03347904181477045,0.010223271542412971,-0.1443428121510146
0.7234306726794486,0.15534476209041853,-0.3108473673027515,0.7528423169269637,1.4641559923997853,0.5175629117591379,0.4639743875781996,0.46803057953752836,0.2527300114083548,0.5623002173028221,0.42201973257950437,0.5389413745694656,0.32064806049662403,0.43127404231843647,0.38190035396587785,0.5716967982253822,0.3910510200428241,0.338211260171391,0.34590932317676976,0.3507181491172213,0.33646181631997557,0.36473896673404416,0.31364388026409595,0.29931856025321574,0.39004520506599716,0.3025633159569125,0.43187219472291144,0.032106403302643874,0.4650836133985974,0.2118472549897171,0.3428251909160995,0.4048053157074797,0.14174509965867954,0.21709532979131502,-0.08902512683613772,0.5332730586314219,0.23408718713989582,0.5007634417953116,0.43919061772556445,0.534402093128626,0.19629438346291253,0.3273269572577614,0.2890901395484678,0.05329619082134797,0.3138921043075791,0.31493606682349096,0.27017785079266016,0.10629330542208448,0.251837852878959,0.21529729499160283,-0.01792164446114184,-0.017733857144807765,0.04535555044266787,0.11935599324958517,0.12794770587600207,-0.0026920879762395633,-0.04021242541460908,-0.09149315494659012,0.01653283048699152
0.5726508135071883,0.34883845870250063,0.3965698855338006,0.4561734103233173,0.5175629117591379,0.9282533950571472,0.17478426230991803,0.5033843877119926,0.42061506129550896,0.35629360832899154,0.4408326200164803,0.4413851184873885,0.2839458003188203,0.4672655067666224,0.3802367145112304,0.42117339640574425,0.4395470816854932,0.3411196113103816,0.42756436717349067,0.45493638270312275,0.4233930801155218,0.3974361847775487,0.17092662067427813,0.3102907902583696,0.3930275480635363,0.3496653985939586,0.5130121321742543,0.23458287939909178,0.520392634033177,0.16840234812731011,0.3990396714304594,0.4395145301170074,0.09227923401912788,0.36538698735453246,0.3153771992708384,0.43601177605988045,0.4196810678789726,0.5391206786833216,0.5033290773476267,0.35373680059258306,0.329787520609915,0.3656382886580438,0.5251131694387992,0.07764230704571996,0.60104551294748,0.3777020776848999,0.3388257264542976,0.04207347553455861,0.3498413218859446,0.029043012236995104,-0.08892494529608361,0.12895257114163342,-0.021252534880611365,-0.04340848113963851,0.10435477191143219,-0.030142608712346388,0.05424874888256122,0.09629384863305451,-0.2780675316467301
0.7713247577665931,0.513761692495469,0.36209080640807423,0.4310390139043042,0.4639743875781996,0.17478426230991803,0.8911890302518316,0.276408518999503,0.34001838183679606,0.4328502104828602,0.39082454552422075,0.46077022926410827,0.2755882515477115,0.3161542436098643,0.3572721194928823,0.3636052899848962,0.3897149820772267,0.3982221856831847,0.3443245344869532,0.2433194325564517,0.3827065182517539,0.3725088636025733,0.33627582136453776,0.255542819181411,0.3991977281915645,0.2534371434264222,0.31440494254155443,0.1901610223665315,0.473503767005516,0.14168335458965223,0.33297449864497414,0.2779289958591225,0.28104604909542197,0.21368598791749838,0.13254097346259244,0.48102931436041546,0.33977579016177556,0.39376584509506274,0.40921814941242185,0.23019681259641958,0.2892238326012524,0.3175247735380864,0.2569308483158882,0.04505241733492164,0.29266959568813844,0.4118944741284455,0.22797180748493884,-0.061310926658616136,0.18248983411476782,-0.16959220821964485,-0.0336662166263284,-0.020165113836673364,0.03805887515221999,-0.08461203546220997,0.08636969385231472,-0.04018867044038002,0.034990065662713316,-0.0448661060372231,-0.10650302122620511
0.6361165214848253,0.4565442586474448,0.3649555194972107,0.41366640364642715,0.46803057953752836,0.5033843877119926,0.276408518999503,0.8431687186646605,0.2724129747877854,0.5270965882104622,0.5258434793596266,0.3781063703338815,0.329557828366538,0.46455723872522103,0.3836916937834512,0.4210168594762658,0.43447100721917736,0.4444441582810177,0.4148500934674031,0.3735010567582325,0.381567637991985,0.35762024060248837,0.22461300329184083,0.2769654876462969,0.42995762745343397,0.3888812339902546,0.5293227238640996,0.22864096558971445,0.4281871088466676,0.1939834930612126,0.4049326647232285,0.38227382857268005,0.07058081603405973,0.3776936871486028,0.42899368990519043,0.4276030620054682,0.46560548421399106,0.4903496102604596,0.5100001062192104,0.3030762629511825,0.4694990099155383,0.34387421678655367,0.5340553245393747,0.08334444355080511,0.5378629793345606,0.4259708496570754,0.3643860958500919,-0.03688466796476835,0.32028820860857915,0.11495201786238615,-0.028340663256869802,0.124755596547341,0.02485293373276606,-0.10851071574753035,0.05673181848561427,-0.11078150303171792,0.05228702271689294,0.17979043556051733,-0.1994009665268235
0.5493416583437141,0.49156513613133196,0.5933414387274969,0.2616770719136866,0.2527300114083548,0.42061506129550896,0.34001838183679606,0.2724129747877854,0.9724866691785327,0.22765046732481573,0.2867053289862018,0.337173588768437,0.2318455434588026,0.3431425199938905,0.3856856078975298,0.18652846234354611,0.28686740640146313,0.29762161277841154,0.22493118168406984,0.35504911231755054,0.3529343574623717,0.4420601841226228,0.2993737627914814,0.29233985376723154,0.33504644421398366,0.35627720336589724,0.3222701342400279,0.20444242284135006,0.35174795141782045,0.18986441397641662,0.30704281774288034,0.3125045696987721,0.2572377419342446,0.34741496153290424,0.22739006792139269,0.4107873185489662,0.2897643004342658,0.34450293456481007,0.4067537311342198,0.1734504706563949,0.29670998188577624,0.29441785270435855,0.3533468876874442,0.07654189309899562,0.4191167602162194,0.4213185319220311,0.27333453299682386,-0.0330785608412386,0.12122083020826371,-0.2824968977612681,0.05502832246075102,0.07332679135863776,0.17729633751161922,-0.1237141555176175,0.12773870228904458,0.00609723952058472,0.15581217213904033,-0.07082343197819513,-0.328604231169486
0.5872183968361366,0.26752275915277063,0.30332111577622783,0.4509359642665677,0.5623002173028221,0.35629360832899154,0.4328502104828602,0.5270965882104622,0.22765046732481573,1.186191033422581,0.38773089340537115,0.4462323016248251,0.29813306101684023,0.3605968862761759,0.37381826835334203,0.4775377584920566,0.48929769871067236,0.440212570340833,0.45142285912900004,0.17222242606461796,0.35709612529228874,0.3722404422210657,0.3727980367428795,0.31442332387044697,0.4129387446146544,0.263270679586181,0.5026590619516049,0.1933349694865879,0.49820409786268643,0.1935866671124639,0.37165912757090397,0.32260898700265067,0.06069433054276218,0.3637349481306348,0.3431085168563138,0.5334217892710936,0.3511805830044539,0.43015958663489884,0.5297157792786574,0.37319447570176556,0.47277351150298336,0.3258623728918541,0.37984780218611475,0.09772496836214276,0.33589732298571034,0.4368251747531902,0.3242316784181793,-0.13044055510595565,0.4269425990837531,0.15103340844827617,-0.04875870435999948,-0.09529646357038961,-0.013486852325812471,0.04781834433656446,0.23543154295260113,0.07258687466244494,0.271410590716802,-0.30213662139302544,-0.13725574391875728
0.6542435978394207,0.49849339806137494,0.41492113544314735,0.3999064205020874,0.42201973257950437,0.4408326200164803,0.39082454552422075,0.5258434793596266,0.2867053289862018,0.38773089340537115,0.929539549937081,0.4130361614569291,0.2817466407276753,0.439107826958868,0.47510568413436327,0.3731456536510954,0.3968578654879585,0.4378060199782265,0.33057652981404784,0.4559743312247569,0.40468241985912556,0.311217573975292,0.2592478077063153,0.2876199601052487,0.4288956696765413,0.3189505704632007,0.41022979098033546,0.22341669802229586,0.5030857849706257,0.12053908094124667,0.4010398124323597,0.3711294190411936,0.14733276517286656,0.29638477469351565,0.35133358849633695,0.45570479728438223,0.42266084242746904,0.47294051964096623,0.508098124662249,0.2643424422665409,0.3861579743689014,0.3560471261762655,0.42883911359791876,0.07012580439121759,0.4881943344597964,0.4354221017050765,0.2954744417311209,0.0018850774905978462,0.12192527325199162,0.028083137883956874,-0.005176530617907331,0.09284276897947114,0.13003849005531526,-0.09625396205052815,-0.09054130636719827,-0.02817755030465791,-0.018389151561001127,0.18543126801492138,-0.1887941709914317
0.6333971611430593,0.39382562225707385,0.3321341055655268,0.48456015781209866,0.5389413745694656,0.4413851184873885,0.46077022926410827,0.3781063703338815,0.337173588768437,0.4462323016248251,0.4130361614569291,0.7571300551879553,0.25555285807465383,0.4205470640067481,0.3890401971417376,0.40902635440461144,0.41505715521402414,0.32992812368757307,0.39739391586545875,0.32708514938572875,0.3863935374026525,0.34937525528504804,0.23544241534708696,0.2710908076945794,0.4226457409220724,0.33124559971488843,0.4825542874531121,0.18884499535286933,0.4718451686077095,0.10013458104852103,0.3743543551805534,0.40309778418698905,0.10815234348657414,0.291470309579122,0.3047480701877136,0.4790747171598702,0.3022870815192663,0.46875517663352473,0.4660697035740749,0.3144191435500667,0.38645047800023496,0.3453384890158318,0.40281899276236643,0.054152507451913336,0.521995338784522,0.37985525509420465,0.22979406293161342,-0.010771143854051073,0.3267611007077817,0.03805973431433247,-0.028541334063903884,0.05320559463389103,0.003908168945681104,0.008006991054967653,0.046031597296544366,0.07210679272890563,0.016965326057893606,0.042355076153199604,-0.34676490583849984
0.42571417913884557,0.3131127990113024,0.2506471228071882,0.2599516542917392,0.32064806049662403,0.2839458003188203,0.2755882515477115,0.329557828366538,0.2318455434588026,0.29813306101684023,0.2817466407276753,0.25555285807465383,0.42959473798408726,0.24443048534741801,0.22053319069082097,0.2626396385573105,0.27547102413122776,0.28802428364605603,0.2576487630406769,0.24025635693001468,0.2402199586121082,0.30681904592514475,0.16330545568002924,0.20953537139878226,0.2687625528545666,0.24515771900421102,0.27463462928411936,0.174258243381975,0.32818795445488924,0.11889286498442714,0.243340319762673,0.22560308382713676,0.17295098571464448,0.19219106130758012,0.1998271350843684,0.283540341299166,0.30683437273646114,0.29749911172876115,0.27765679473831256,0.18334774675422832,0.25228725983152794,0.22029416835387872,0.2899904214584096,0.06468340242491213,0.23809678844691176,0.2863256702316635,0.21518886063623965,-0.026337149289415156,0.2410458110585555,0.011190085681069101,-0.03274586729400358,-0.054384892088653006,0.014121115647512068,-0.03706971288884372,0.08798245432447951,-0.0333930557698496,0.04943466848592427,-0.06042981071473296,-0.03350101006124767
0.6643441189870161,0.4492354358805726,0.37772903233811506,0.43272805606758313,0.43127404231843647,0.4672655067666224,0.3161542436098643,0.46455723872522103,0.3431425199938905,0.3605968862761759,0.439107826958868,0.4205470640067481,0.24443048534741801,0.7979821561022141,0.33441781381119406,0.4346999182803487,0.35894178620637174,0.279356580607316,0.3508240507659338,0.43258542082127344,0.38774160265273677,0.35265964547564876,0.14098841031963377,0.28811962388013174,0.33671860750007043,0.33271196874218173,0.4532586592796578,0.23842496104436328,0.4495217087172283,0.1733436005186984,0.40512577689035917,0.6417169897347639,0.06642524055191844,0.24711796338593076,0.3658277309367479,0.416797215482585,0.42606437095199695,0.5717343000521435,0.4320433018650874,0.3177818659383834,0.45873419638514656,0.36428865983576386,0.5275703486052195,0.08114277809746336,0.5833051081220146,0.41823833027513213,0.2582324508736275,-0.019778836734821496,0.18474781680023075,0.19569880991709224,-0.012599215102002254,0.16683463047471395,-0.0023169617851260768,-0.06827802090485903,-0.08375802580705187,0.009410908223397692,-0.05431791107475163,0.2566699509647846,-0.23902070479448928
0.587588627511394,0.4781659000827595,0.4106319956120394,0.3263932686959491,0.38190035396587785,0.3802367145112304,0.3572721194928823,0.3836916937834512,0.3856856078975298,0.37381826835334203,0.47510568413436327,0.3890401971417376,0.22053319069082097,0.33441781381119406,0.7163979053176908,0.23797465142886098,0.3680306920071371,0.4141698430325413,0.32746973792619705,0.34219138575791064,0.3737570453017865,0.2256607108517284,0.2857435710333041,0.2752664545204519,0.42155156891693535,0.2549575113846474,0.39969907013673545,0.2915547096348821,0.47995770996050313,0.18114296657888895,0.37594935528103934,0.3254030177162523,0.16703859839682347,0.2785437137911425,0.3145454259926271,0.434606390190416,0.4496174155587196,0.3557091451344767,0.44415808559584563,0.2227535598044777,0.41684633464896786,0.3284731130745122,0.4154461934793081,0.08217831510100947,0.4103158574767376,0.412712483678977,0.30379233632604735,-0.08240926165176461,0.2355495443614984,0.19070719760558222,-0.08930836265666629,0.17127324783291648,-0.13961074519036196,-0.009648164482520217,0.05107930771506063,-0.005997396960267538,0.06199545065922345,0.03646165641666264,-0.14015566271974986
0.580761145122571,0.23585384803881082,0.17359920998260933,0.47224624752560973,0.5716967982253822,0.42117339640574425,0.3636052899848962,0.4210168594762658,0.18652846234354611,0.4775377584920566,0.3731456536510954,0.40902635440461144,0.2626396385573105,0.4346999182803487,0.23797465142886098,0.9709154396501909,0.44811005701621415,0.3621838296384499,0.42948138053318324,0.2936244979970901,0.36839166151219255,0.4855686083907539,0.19483835196166907,0.2907110898201552,0.4274642505725,0.24873215652662709,0.4790619578765497,0.2731062080584396,0.4472160086276265,0.14550157015417117,0.38092150527550744,0.3730023589290093,0.0897354037957599,0.2432201212600911,0.5008075252523132,0.4080908055282706,0.3832620153514271,0.4301517616210493,0.4341935537839231,0.33670846020536405,0.4066566208566846,0.3734058570758598,0.5050472679888149,0.09756126743772682,0.46957656124131214,0.3629901671084616,0.2688126873367859,-0.027856227771476803,0.22438828148028142,0.07351622611819779,-0.06500819557028871,0.09103644971661887,0.06960970310722768,0.03700731004407708,0.1790534622974039,0.030520631796459106,0.01549801629100528,-0.06228615172376184,-0.13048424951615958
0.5696412451758518,0.3281544333889351,0.39610496754261293,0.3737187398301787,0.3910510200428241,0.4395470816854932,0.3897149820772267,0.43447100721917736,0.28686740640146313,0.48929769871067236,0.3968578654879585,0.41505715521402414,0.27547102413122776,0.35894178620637174,0.3680306920071371,0.44811005701621415,0.8638280735376381,0.4136042468909374,0.5092089951911174,0.3135172037120198,0.42696811446541005,0.3906549577329037,0.25989272655214146,0.2984356006224444,0.42496912569740625,0.2271299487077056,0.512403751646113,0.3442328604698987,0.5606988210594891,0.09425767505029216,0.42013520973964785,0.32939840033299117,0.3024214890922803,0.28887803715817645,0.3540438149768169,0.4596405183734625,0.5216153266751404,0.4549344721869878,0.5199740475864959,0.28372481398066884,0.41774292737126417,0.37182779825424317,0.48371962270862173,0.09412444395988072,0.451773639585229,0.42489496249092784,0.29500978574628156,-0.06823880290622109,0.36881487368347343,-0.001165698826489911,-0.05195506178977394,-0.13948104667450695,-0.052554638805525154,-0.032377768837533086,0.20093336402566517,-0.027122442313738258,0.037918113089616415,-0.09953927098142595,-0.04678397527285074
0.56773754157664,0.5412621507974361,0.4112941224303646,0.30221303747814343,0.338211260171391,0.3411196113103816,0.3982221856831847,0.4444441582810177,0.29762161277841154,0.440212570340833,0.4378060199782265,0.32992812368757307,0.28802428364605603,0.279356580607316,0.4141698430325413,0.3621838296384499,0.4136042468909374,0.908255016882734,0.3748699461384396,0.14759441435292542,0.42401697784053854,0.34510830694498507,0.40672124951563804,0.2628443438650255,0.43688088923505614,0.3162702776652529,0.47956524326280353,0.36617787991533823,0.4686325855080488,0.1376522838442778,0.5208330095674493,0.2811932666380165,0.21435905864107802,0.35106015772858584,0.41906074669794985,0.5101208448679193,0.548249559477655,0.391556815682695,0.44164068425988223,0.21044667469187398,0.5434942855525093,0.3434097936796538,0.5509176644110567,0.10184459512341967,0.5674287684560912,0.48741140623382373,0.4931331119034671,-0.17604768527412662,0.09734676432540892,0.052069058328395125,0.05740012395316318,-0.0009649281591811467,-0.15903680644419,-0.10391115120713693,0.05293713234580383,-0.11026273498509001,0.08251276795807484,0.1441984654428583,-0.2030508460831285
0.5749001986901431,0.43087917073904614,0.38433429646351047,0.33007702461352584,0.34590932317676976,0.42756436717349067,0.3443245344869532,0.4148500934674031,0.22493118168406984,0.45142285912900004,0.33057652981404784,0.39739391586545875,0.2576487630406769,0.3508240507659338,0.32746973792619705,0.42948138053318324,0.5092089951911174,0.3748699461384396,1.6335202693132498,0.04607725892112872,0.4936469571495125,0.3567610892005643,-0.127430551373167,0.26142764706425997,0.18203455598502724,0.25049587889802316,0.5306462377913587,0.4833792655187804,0.29775125768357613,0.278079215578826,0.5192861456725171,0.34110352640711084,0.3586321455841667,0.0853753977779502,0.40686122877317243,0.41909907432314003,0.861151606143004,0.5711540072422545,0.549318788027327,0.23662523325899312,0.4730757448756536,0.44566477996536574,0.4568136213154606,0.07942004403321422,0.5313798401190353,0.34084454085064636,0.31397286649511985,0.23849562283347636,0.6009456387515419,0.7298116288346045,-0.153420852083556,-0.24286985374706557,-0.32040870678756944,-0.06207965647097126,-0.08426071675575068,-0.0650321641257693,0.07235360104705463,0.17419039593149654,-0.10661324994848512
0.5038650403400998,0.5545344243411904,0.3541858133902049,0.31920210788421577,0.3507181491172213,0.45493638270312275,0.2433194325564517,0.3735010567582325,0.35504911231755054,0.17222242606461796,0.4559743312247569,0.32708514938572875,0.24025635693001468,0.43258542082127344,0.34219138575791064,0.2936244979970901,0.3135172037120198,0.14759441435292542,0.04607725892112872,1.2368805006238368,0.2764856360112786,0.24614103959932754,0.060327462554331676,0.27009771686631656,0.40795575940564893,0.238684428531473,0.40341048884843406,0.23386178715906597,0.4881334091368531,0.21760578464486924,0.2995985385227787,0.3577725772072492,0.23818301617633578,0.2510424825921708,0.2939214946580892,0.24637956289151444,0.5897049828500203,0.4644305290705969,0.45467982336775176,0.2849564226224764,0.1318144215554597,0.2630912698272889,0.5082723999712618,0.007112780310647515,0.6983411537328879,0.26869141179292555,0.20103609212918888,0.35982997614386963,0.25407754374987956,-0.1479171464837325,-0.03660229813315592,0.305438789788955,0.18330235926252006,-0.11090268338965409,-0.0016755019596506652,-0.0279802932721795,-0.06463810551966541,0.13083192518914835,-0.14157496433171038
0.6439708587078841,0.5713833597101785,0.4742411649421846,0.33096350391613966,0.33646181631997557,0.4233930801155218,0.3827065182517539,0.381567637991985,0.3529343574623717,0.35709612529228874,0.40468241985912556,0.3863935374026525,0.2402199586121082,0.38774160265273677,0.3737570453017865,0.36839166151219255,0.42696811446541005,0.42401697784053854,0.4936469571495125,0.2764856360112786,0.7173508977053413,0.3609249936162646,0.21847635043640262,0.25553008153250373,0.32064978717986403,0.1966449579102707,0.5078481656696587,0.3865680020874767,0.5535754483039169,0.17320291483939282,0.5009829493171423,0.35757715704697174,0.2432423493724232,0.23181728323598944,0.4597335593946051,0.5380024977534803,0.5280439017319158,0.5608946516718821,0.5513824679937612,0.30467712532226293,0.5097822282680652,0.5287550306195807,0.541266162216899,0.08834877225621382,0.7295375137171975,0.44139753411443955,0.3149604852968683,-0.10355784010254426,0.18710774928729534,0.1643602305917456,-0.04470379694721463,0.06497680794211082,-0.07123917063484846,-0.07015979826660948,0.005376298570623231,-0.055464256136651895,-0.039587861697802706,0.1453707223846712,-0.16827382381851252
0.5529746280543644,0.353861408935511,0.4031206618749864,0.33869597645168115,0.36473896673404416,0.3974361847775487,0.3725088636025733,0.35762024060248837,0.4420601841226228,0.3722404422210657,0.311217573975292,0.34937525528504804,0.30681904592514475,0.35265964547564876,0.2256607108517284,0.4855686083907539,0.3906549577329037,0.34510830694498507,0.3567610892005643,0.24614103959932754,0.3609249936162646,0.8632349960137508,0.3209292110866466,0.266457512448189,0.37244451787139116,0.2752202085954698,0.4456474715296229,0.22432282573689988,0.43833351547181026,0.12143215905955224,0.31565350264781156,0.3030683938162975,0.18802467168447984,0.28191819343225816,0.34875111359825167,0.416142111076571,0.3388403337016241,0.36851050156487514,0.4189991410784634,0.2287035774997163,0.3416508948843383,0.33459104542349843,0.4398204258973648,0.10480588604867597,0.36614770236242383,0.40293117424321806,0.2582109793851638,-0.028883678333801243,0.1330046167647409,-0.1083824670932188,-0.009659464564301282,-0.003500396587857891,0.11457272371567241,-0.07835773972354937,0.1511944447437023,-0.005793822378895633,0.04818970338419482,-0.08678487723289381,-0.15088122818246905
0.2376623364595014,0.011625323989414625,0.15923871825394342,0.24917650384336415,0.31364388026409595,0.17092662067427813,0.33627582136453776,0.22461300329184083,0.2993737627914814,0.3727980367428795,0.2592478077063153,0.23544241534708696,0.16330545568002924,0.14098841031963377,0.2857435710333041,0.19483835196166907,0.25989272655214146,0.40672124951563804,-0.127430551373167,0.060327462554331676,0.21847635043640262,0.3209292110866466,1.2863259516711825,0.31864741620441506,0.5577409821429193,0.07390111884569905,0.20847697224029416,0.006215225961597098,0.5331685113986899,0.26255461942842656,0.0851935055634904,0.09018758439912848,0.21739127531676575,0.374908586672355,0.06751848753827076,0.5819600980388395,0.10347061683562,0.02010162908386974,0.5086158317939509,0.15855104893053926,0.2508371809444179,0.1653999139774388,0.1920585086739216,0.1701402463214859,-0.038261438319920245,0.39630862218763196,0.31689974321733055,-0.005115824665805557,0.12313754565961607,-0.4308798973455248,0.017925052581602038,-0.12446844503434946,0.2609607426661052,-0.0035810403038591346,0.2063377494735487,0.0316308456982198,0.14847875820517556,-0.30618013380525705,-0.01681353133577747
0.26501573979642323,0.21032368361102252,0.2602750352928579,0.2656557507691182,0.29931856025321574,0.3102907902583696,0.255542819181411,0.2769654876462969,0.29233985376723154,0.31442332387044697,0.2876199601052487,0.2710908076945794,0.20953537139878226,0.28811962388013174,0.2752664545204519,0.2907110898201552,0.2984356006224444,0.2628443438650255,0.26142764706425997,0.27009771686631656,0.25553008153250373,0.266457512448189,0.31864741620441506,0.611163712548348,0.33615472546015024,0.17127786165760533,0.32066192890876627,0.24721001832992848,0.28803844918430027,0.43831637358836095,0.29333604439279665,0.30197197739209913,0.2958965902848512,0.17562385938331884,0.2631335183767294,0.454009865810113,0.42566439387170996,0.35282276616770575,0.3462524566305074,0.18622227399437224,0.3635049711843897,0.26224187147287026,0.36737580191182373,0.10962469719269573,0.21006087504052914,0.4180336828122465,0.343923730036757,-0.14260394672200072,0.4484629800564762,-0.025704764585485637,-0.06348460827509214,0.03249156945532924,0.07883235698223487,-0.044111654869565184,0.15278755731344326,-0.00237985058184033,0.12993322507554717,-0.1987583687081991,-0.06853520776930354
0.6628531187477699,0.37786204097047615,0.3954281979322505,0.3603723919136837,0.39004520506599716,0.3930275480635363,0.3991977281915645,0.42995762745343397,0.33504644421398366,0.4129387446146544,0.4288956696765413,0.4226457409220724,0.2687625528545666,0.33671860750007043,0.42155156891693535,0.4274642505725,0.42496912569740625,0.43688088923505614,0.18203455598502724,0.40795575940564893,0.32064978717986403,0.37244451787139116,0.5577409821429193,0.33615472546015024,1.6969484053452506,0.40510272881586706,0.518839020808822,0.22204780235438384,0.5784904597752205,0.2701289998056435,0.3547937835591579,0.24942674500983503,0.2025622690610094,0.4266331779858395,0.39385990716658004,0.593767515174835,0.28546460409441826,0.33196151047954,0.3465555812780744,0.13383487444205683,0.4229786996684644,0.2983408018288738,0.5315060472651787,0.11845143964056251,0.4056089904177496,0.7019054199485806,0.33840883152640605,-0.3860943762332632,-0.5946142072371784,-0.7031049754136629,-0.0020753764583762557,0.11085925760168537,0.2629264011921545,-0.01783296422480578,0.1337832764808833,0.002470637460805014,0.06169206213973848,-0.03290714249481419,-0.2052838342555717
0.3774246290829947,0.4240765958240439,0.26844720072149925,0.2852221050772881,0.3025633159569125,0.3496653985939586,0.2534371434264222,0.3888812339902546,0.35627720336589724,0.263270679586181,0.3189505704632007,0.33124559971488843,0.24515771900421102,0.33271196874218173,0.2549575113846474,0.24873215652662709,0.2271299487077056,0.3162702776652529,0.25049587889802316,0.238684428531473,0.1966449579102707,0.2752202085954698,0.07390111884569905,0.17127786165760533,0.40510272881586706,1.5085185627843363,0.14748474384337978,0.21131147924597685,-0.13728899166223613,0.14843239879693984,0.3387008610207871,0.33708941070307763,0.0984222858091925,0.4107268432930602,0.2825078697208987,0.15782503435720063,0.2658280869551068,0.3667002801119738,-0.14448443403176994,0.16730137949374835,0.4570829928021902,0.2551038431886195,0.287518591085941,-0.0008128318197066172,0.5180691778833274,0.220077316596804,0.2438506936149988,0.1130864382323891,0.35586446915565473,-0.1895462639649309,-0.044796534253673505,-0.10876314364621983,-0.042992214995399555,-0.036560547963703824,-0.07988308833198272,-0.07091412425286303,0.021227577262816783,0.3408143727716348,-0.4114820010293592
0.6558104300507277,0.34320695460454725,0.27326715573580496,0.3857048366076093,0.43187219472291144,0.5130121321742543,0.31440494254155443,0.5293227238640996,0.3222701342400279,0.5026590619516049,0.41022979098033546,0.4825542874531121,0.27463462928411936,0.4532586592796578,0.39969907013673545,0.4790619578765497,0.512403751646113,0.47956524326280353,0.5306462377913587,0.40341048884843406,0.5078481656696587,0.4456474715296229,0.20847697224029416,0.32066192890876627,0.518839020808822,0.14748474384337978,2.5961390728463134,0.5581543181158721,0.4420956329257978,0.4413957092829087,0.7230434765736229,0.450345582088807,0.21536952933066966,0.5247011690683022,0.7023463358418487,1.0793119427876474,0.7329616501811337,0.9312325416308694,0.6801317471716263,0.6336294595784849,0.9902680346463049,0.5425794519415799,1.2559681310408721,0.05391136555272059,0.8483614763207518,0.5715985331192929,0.44583271678051817,-0.17931142729976995,1.496930125369221,0.3953286855600455,-0.20197993913616394,0.4231830686430481,-0.10130098772978638,-0.08472161973695744,0.3666391550596356,0.01186565427649118,0.046909858032643095,0.01809871777745602,-0.31031850193924754
0.3862856419769702,0.4356692971967376,0.4214919365493024,0.07511066867542772,0.032106403302643874,0.23458287939909178,0.1901610223665315,0.22864096558971445,0.20444242284135006,0.1933349694865879,0.22341669802229586,0.18884499535286933,0.174258243381975,0.23842496104436328,0.2915547096348821,0.2731062080584396,0.3442328604698987,0.36617787991533823,0.4833792655187804,0.23386178715906597,0.3865680020874767,0.22432282573689988,0.006215225961597098,0.24721001832992848,0.22204780235438384,0.21131147924597685,0.5581543181158721,1.0865837001058933,0.24156651672621798,0.287692860671765,0.4798613592273804,0.2513316952851428,0.5287549186373308,0.09513784019014307,0.8707508990305908,0.33148666933389326,0.7320597236742195,0.3402988085063013,0.26677996240525326,0.09197140287875492,0.59345400176288,0.40049466867795774,0.5765059669064616,0.15721034950157117,0.40611973161670545,0.4062957473527944,0.3309606399002397,-0.11515576138284753,0.5220786798936116,0.2624261931582431,-0.11770071205994392,0.4046340566068181,-0.5074012854951028,-0.07649218742446474,0.07023259587674448,-0.04888451157445674,0.02798567582451371,0.028118836901192587,-0.029304860879435655
0.648108192312177,0.675626693484839,0.6521427041092714,0.45763257679650315,0.4650836133985974,0.520392634033177,0.473503767005516,0.4281871088466676,0.35174795141782045,0.49820409786268643,0.5030857849706257,0.4718451686077095,0.32818795445488924,0.4495217087172283,0.47995770996050313,0.4472160086276265,0.5606988210594891,0.4686325855080488,0.29775125768357613,0.4881334091368531,0.5535754483039169,0.43833351547181026,0.5331685113986899,0.28803844918430027,0.5784904597752205,-0.13728899166223613,0.4420956329257978,0.24156651672621798,2.913586361510388,-0.26501314187423936,0.206079165865806,0.43620877573483413,0.21355885430797333,0.49047301526357867,0.2000549121343115,0.9267238211141136,-0.03656776007349867,0.32867859276071615,0.8172997233189833,0.36973542543021515,0.37602294679443865,0.39702226413056024,0.32540711394269833,-0.036018828222300375,0.3659833024462366,0.5528490278271748,0.1489197246048347,-0.15363309430339978,0.9578664500330516,0.3024203097250266,-0.17694411123470835,0.12911222376872133,-0.15082289412594216,-0.01609613857363241,-0.00943700582091165,0.045905858513383024,-0.07739177679801047,-0.20088494173605997,0.2163389763391184
0.17128725443412798,0.02103412482428803,-0.19225409821089742,0.12566723635434135,0.2118472549897171,0.16840234812731011,0.14168335458965223,0.1939834930612126,0.18986441397641662,0.1935866671124639,0.12053908094124667,0.10013458104852103,0.11889286498442714,0.1733436005186984,0.18114296657888895,0.14550157015417117,0.09425767505029216,0.1376522838442778,0.278079215578826,0.21760578464486924,0.17320291483939282,0.12143215905955224,0.26255461942842656,0.43831637358836095,0.2701289998056435,0.14843239879693984,0.4413957092829087,0.287692860671765,-0.26501314187423936,3.1439579732292744,0.27581355023871273,0.19373800320737872,0.24508696123680207,0.07059301093750248,0.3174938546249563,0.7521387799121981,0.864871201631005,0.32291599436749324,0.4602417756757693,0.09922105373308218,0.633771295060111,0.17080731080508071,0.4397445910743045,0.12633172548415794,0.17488730082856008,0.7602064860890664,1.3921984832168237,-0.7352487197754985,0.37516537210019596,0.33976460204506126,-0.206523658400267,-0.06399883821270902,0.04703257323015077,-0.0665678066444986,0.015029150895610558,-0.13778446844923298,0.3380511582982159,0.40496016900179743,-0.8145471584805056
0.6413181135057805,0.48216426613049085,0.41987407285803435,0.30842114906981766,0.3428251909160995,0.3990396714304594,0.33297449864497414,0.4049326647232285,0.30704281774288034,0.37165912757090397,0.4010398124323597,0.3743543551805534,0.243340319762673,0.40512577689035917,0.37594935528103934,0.38092150527550744,0.42013520973964785,0.5208330095674493,0.5192861456725171,0.2995985385227787,0.5009829493171423,0.31565350264781156,0.0851935055634904,0.29333604439279665,0.3547937835591579,0.3387008610207871,0.7230434765736229,0.4798613592273804,0.206079165865806,0.27581355023871273,1.3608731746076594,0.41394256071619356,0.2191449276585651,0.19464015171251875,0.49188778082900153,0.7504965185029079,0.7608941188871564,0.7281475812161022,0.4334145627676266,0.302494469914513,0.6195446580352124,0.45974310639766225,0.661791361631689,0.11386091258894099,0.7363912927156666,0.6512832875239806,0.39176941519521435,-0.18278734146969422,-0.014005026417202067,0.4889285077191817,-0.04432242415761056,0.2894998305835731,-0.2661622918890411,-0.13209657681792486,0.09558335073466072,-0.057499353570273186,0.11514427017771131,0.06859634822340806,-0.24719285632847993
0.4800706861116831,0.39852553479669206,0.30604144052976184,0.3974972484380782,0.4048053157074797,0.4395145301170074,0.2779289958591225,0.38227382857268005,0.3125045696987721,0.32260898700265067,0.3711294190411936,0.40309778418698905,0.22560308382713676,0.6417169897347639,0.3254030177162523,0.3730023589290093,0.32939840033299117,0.2811932666380165,0.34110352640711084,0.3577725772072492,0.35757715704697174,0.3030683938162975,0.09018758439912848,0.30197197739209913,0.24942674500983503,0.33708941070307763,0.450345582088807,0.2513316952851428,0.43620877573483413,0.19373800320737872,0.41394256071619356,1.136073847181249,-0.012914274836903817,0.3198225898566961,0.3000910185883688,0.39333601266005785,0.3104453226025882,0.6794895104399282,0.38964498165285033,0.36236759828286047,0.5073526849305793,0.34984980052276987,0.523812698746916,0.08912209233025933,0.6308145385965627,0.47280786654896356,0.26344741974672475,-0.0835493083904506,-0.006124221506270127,0.24129897190755664,0.04312373633923788,0.3188380364555967,-0.2578605093229466,-0.051922144186338184,-0.14316768821449957,0.010654354998192428,-0.022271086597765995,0.2665165099004193,-0.28370489169034724
0.3033939530294587,0.2674202540572127,0.2125893315554985,0.15058510916254106,0.14174509965867954,0.09227923401912788,0.28104604909542197,0.07058081603405973,0.2572377419342446,0.06069433054276218,0.14733276517286656,0.10815234348657414,0.17295098571464448,0.06642524055191844,0.16703859839682347,0.0897354037957599,0.3024214890922803,0.21435905864107802,0.3586321455841667,0.23818301617633578,0.2432423493724232,0.18802467168447984,0.21739127531676575,0.2958965902848512,0.2025622690610094,0.0984222858091925,0.21536952933066966,0.5287549186373308,0.21355885430797333,0.24508696123680207,0.2191449276585651,-0.012914274836903817,1.7958214281937679,-0.14714176589165529,-0.41223742832795623,0.2265709944392924,0.5760782455420892,0.16647803888228438,-0.06530556810575461,-0.05511943317208115,-0.24312960940626482,0.24165694072352173,0.19794997776390935,0.108475263125704,-0.3022713891463905,0.31223657491203144,0.24951898411647486,0.16374311327877303,0.5184384808404151,-0.5994967921310431,-0.132870227897113,-0.3659529499442414,0.30155732707124505,-0.10976532399462557,0.22370120565909354,-0.08046974584338154,0.031290098458005663,-0.16860428253933,0.16934916967969008
-0.4242512052341113,0.260056352302217,0.3288200016049936,0.3331079249924074,0.21709532979131502,0.36538698735453246,0.21368598791749838,0.3776936871486028,0.34741496153290424,0.3637349481306348,0.29638477469351565,0.291470309579122,0.19219106130758012,0.24711796338593076,0.2785437137911425,0.2432201212600911,0.28887803715817645,0.35106015772858584,0.0853753977779502,0.2510424825921708,0.23181728323598944,0.28191819343225816,0.374908586672355,0.17562385938331884,0.4266331779858395,0.4107268432930602,0.5247011690683022,0.09513784019014307,0.49047301526357867,0.07059301093750248,0.19464015171251875,0.3198225898566961,-0.14714176589165529,2.010697582913039,0.4532319343488563,0.2735660982255135,0.004169676328809287,0.029387957146313086,0.47356363849747457,0.051903585086795066,0.6859525077022856,0.22772766204458617,0.6687981908622666,0.15501022375284262,0.4750359755110353,0.2904191437693536,0.34541363881152315,0.05242867222327355,0.03642262836053362,-0.6944136726087982,0.1578670851099339,0.09622685285689532,0.14530035118316956,-0.1135696809768661,-0.15726191284632304,0.07675307293056507,-0.23417465046612376,0.17234258246036543,-0.03827130407165941
