0.37020790369131157,0.10892638631927543,0.17976285996545546,0.04111658783112616,0.07529874808384579,0.06521981928898223,0.06852909447348508,0.03728387190467052,0.07041737524663572,0.0488387719645415,0.048906619692024804,0.07042247259975222,0.02242671457018698,0.06575374821219593,0.06003731961618848,0.05214889954112038,0.03428803982429294,0.07121796429268036,0.03759280438052702,0.029569379285302403,0.0679177114138166,0.08795240635208562,0.04386877890686634,0.03558744616424572,0.053381297938609566,0.046523365673011206,0.03876700052028818,0.03620707151057253,0.04456933028467386,-0.0007321332723691382,0.05857249705472137,0.05161206871119477,0.03486800658490268,-0.011555778601270205,0.025827748908957494,0.028257209180835952,0.05718802700894871,0.11891847185225338,0.04407636262367003,0.023347609940115793,0.0752599456940568,0.05118773195663885,0.07899186806060456,0.10330104314547511,0.10211436456572769,0.06371631099415895,0.07946936988264289,-0.009169368369234642,-0.02769517919409023
0.10892638631927543,1.6078878658531013,0.5037080060389058,-0.19193254453821063,0.00998522353394846,0.228882482527345,0.08695173032262435,0.11263128820065325,0.19089109422844405,0.12278358913432207,0.1428299251313346,0.12215924273828808,0.0564770242495102,0.044299969149775374,0.2314987589967234,0.05365937393848103,0.1512539385675315,0.20390574817031853,0.00019692196376958323,0.23538378213869182,0.17739321986204495,0.07775542242099777,-0.1251223877616774,0.08091458337785133,0.11785296493624849,0.228748530293153,0.17335701905054965,0.18621209823292298,0.22235899971809664,-0.1245184687026408,0.08722692214187985,0.10643545797137102,0.10325255564950728,0.14197498187192947,0.16746479037370393,-0.03754481134616543,0.3896739215735638,0.2399592855720359,0.027288086952577662,0.036554502660351346,0.18607781421188455,0.1455610181831855,0.3596638512274385,0.09176618257986688,0.3945493555920074,0.12977447592534783,0.214447055823295,-0.010537202135897424,-0.21972116462188374
0.17976285996545546,0.5037080060389058,1.6877154048499279,0.09420148279757705,-0.15425596519349355,0.242070805020925,0.06969583926379323,0.25351052523627565,0.3058574334924666,0.2832683527996796,0.23083175492702265,0.1822139350472062,0.07528796574200677,0.16193851577755228,0.2536269006238591,0.12015856316605698,0.2876566479342071,0.16584992443520338,0.20208829527048278,0.22046451958886085,0.15447996167361658,0.2912532725732983,0.01452436264041597,0.14797579991100898,0.1779017739330737,0.24465243428718148,0.16494015367239837,0.19718876526339293,0.2938220596110966,-0.42853985773044756,0.16424030246632249,0.12982194987560422,0.15805288906965145,0.2943616488697302,0.16624502136979283,0.051706809367966504,0.3217440118934494,0.4474975346516978,0.08016826250998793,-0.13962751140358412,0.333015011679087,0.2283370846459562,0.32776418653977984,0.3279496239273803,0.47422698008172165,0.3342684192292714,0.3371256227620948,-0.053137418674422815,-0.5056722312637869
0.04111658783112616,-0.19193254453821063,0.09420148279757705,1.954431802860271,0.4303715763831411,0.3643643173634543,0.32249862795965495,0.25577772546015365,0.11873420162676712,0.30765957087071727,0.20995789449901078,0.3704389806728639,0.09379313184768406,0.3493973607596521,0.15302706128786964,0.29399812668810726,0.20969084830816478,0.256665742307352,0.0032349209725514617,0.1407141737122964,0.2653459114374584,0.32726847973056167,0.29388744141870965,0.17457928377151752,0.22660044888852413,0.18428679184126376,0.15205538042189742,0.03817057070171678,0.2149594839188359,-0.010759537747508518,0.15264382528633313,0.25195041205139257,0.13606464508442928,0.3049655680779115,-0.05534998692907765,0.1702620100847014,0.13034283556066611,0.25978852044853323,0.20548986259238486,0.18477728552595343,0.11762726361045261,0.18313373401080468,0.18299953102962532,0.2923290233460196,0.06721600695737283,0.11451771324206404,0.3024213953783207,-0.008491680533872541,0.1770710776534738
0.07529874808384579,0.00998522353394846,-0.15425596519349355,0.4303715763831411,1.5077848870517576,0.25723339560156755,0.16513601727472185,0.185707985968266,0.09665879470274538,0.1642639707403776,0.14730787386224156,0.24031540681117117,0.09171831562337938,0.17225508368879427,0.1575654249543339,0.20880691224469836,0.07128300095512577,0.16963389116560995,0.04727655913863314,0.12545764613722304,0.1134611868248811,0.15864317541946,0.19182438962523277,0.13819859747424523,0.14080699870524913,0.2282416383658242,0.09461296127289834,-0.019838231508397364,0.17765452071143104,-0.10247121451525622,0.1400635736385118,0.19556459896266648,0.08478692221277183,0.19300982251473367,-0.11578746951769675,0.19981688045763416,0.052769641488736564,0.00993591803561933,0.139569138275019,0.13113021180115617,0.04201053512647936,0.17235864560696895,-0.1294986778020296,0.07454077942931138,-0.16820942382111684,0.029372893450176418,0.11154889683186041,0.009842667803355763,0.15922042001679199
0.06521981928898223,0.228882482527345,0.242070805020925,0.3643643173634543,0.25723339560156755,0.6877204305014609,0.14497842151022505,0.2677695727733803,0.14011198889235757,0.20395387337518675,0.22119873431803908,0.22889166055754462,0.09730872402844826,0.22352274310696044,0.22262315429666732,0.21064375639083122,0.24549900409814213,0.21136409928345454,0.18107860669278567,0.2883261622921077,0.3647651844212819,0.32802343683412233,0.11642545299852058,0.18317487845255598,0.2220890696239105,0.1937730402794839,0.18050232789716403,0.13633325354700293,0.24391233569243592,0.009383931203952528,0.17916672982432627,0.24151844759336377,0.047878774348578124,0.2935457239344389,0.14309672426263143,0.060482405911284134,0.2436303838646125,0.37552456079780216,0.263643848132097,0.20159369327145257,0.0792343929845983,0.21762156808006136,0.37774479044532144,0.3277096237101915,0.4041142186915988,0.13934006817594033,0.357001185931105,-0.013501120974888802,-0.02297613241530202
0.06852909447348508,0.08695173032262435,0.06969583926379323,0.32249862795965495,0.16513601727472185,0.14497842151022505,0.520513785362082,0.0729492007518036,0.21089713486229641,0.14187976838106844,0.1446040894460987,0.3148540309857932,0.06315156183746673,0.12497364363014903,0.10888986217952042,0.1419859313736763,0.16302801589265647,0.177084610785419,0.11032803411429086,0.13336237930900383,0.2821830420982515,0.23527359093214742,0.17878283641798434,0.10805593119866287,0.1509449368817974,0.06043271772244942,0.14164681094832943,0.07141631684902038,0.1074553459128039,0.08568069133279044,0.13522749235478038,0.17825991448362585,0.1566790003487846,0.19036821029225226,0.0176826571510768,0.10087163489623131,0.19498847532248895,0.23192161829408223,0.16322502026868063,0.14859113940222804,0.11172866661043207,0.13466969747796712,0.2051358777898649,0.2065673622307273,0.16082750392485434,0.10204267927481404,0.25908335590605036,-0.0013691472995708324,0.13213042708899364
0.03728387190467052,0.11263128820065325,0.25351052523627565,0.25577772546015365,0.185707985968266,0.2677695727733803,0.0729492007518036,0.7410068704047583,-0.017501686700880526,0.20599372756136664,0.2019634329857665,0.02477822392816856,0.1182729365762675,0.21177787965475336,0.1595291431694573,0.16216330606908216,0.2858610853579119,0.16695193118396004,0.10907398572052339,0.19402432869738756,0.1682895335034554,0.17099740719059006,0.07875760713591268,0.12619707218559548,0.18490910342208033,0.19854489194232702,0.13959112420114597,0.066571283950723,0.19975004174845915,0.06295912225878852,0.11559207918924018,0.12199223494282792,0.04095635281903856,0.21917357432755033,0.156842959535015,0.10238898511138256,0.19311675411414997,0.19927011784822907,0.14332862773313296,0.08138628742127839,0.15715156551129503,0.14524211326152045,0.22382073738000308,0.16320391503934112,0.2209836130279678,0.1283014861144697,0.21854046672371932,-0.008754663103207699,-0.025501211644279237
0.07041737524663572,0.19089109422844405,0.3058574334924666,0.11873420162676712,0.09665879470274538,0.14011198889235757,0.21089713486229641,-0.017501686700880526,0.7891774050496326,-0.0002720212402978338,0.06955227486888144,0.1342116669317466,0.05307320634599537,0.15365920041530937,0.19848556277068252,0.08610212242092391,0.13202784384841076,0.11256905214125537,0.05950456372951704,0.0548450527669217,0.21871052746286912,0.23885050437576621,0.18089206995185708,0.12655710863480507,0.09139244233412411,0.17535247358200737,0.09415080479693907,0.14832462815773342,0.0627193191410454,0.06460782276119964,0.13064650741000502,0.14007716126903896,0.2056858852520623,0.17284486307733798,0.026339791585523152,0.09300794911495157,0.1681885408199379,0.23830539589504862,0.10397461448295353,0.06024381462927423,0.14691179232597057,0.1385429749254419,0.09953084084810661,0.2747856780525451,0.1041963565891728,0.12252589876535487,0.19599329361283854,-0.0016306781414670377,0.17924546875348926
0.0488387719645415,0.12278358913432207,0.2832683527996796,0.30765957087071727,0.1642639707403776,0.20395387337518675,0.14187976838106844,0.20599372756136664,-0.0002720212402978338,0.5529235755711626,0.1663073563972014,0.18021432628029443,0.0845098199672087,0.1736241013450349,0.14570282241516538,0.15467635540338867,0.23074930472195415,0.17819086293665184,0.07372585668709868,0.187164564045427,0.14635413884664839,0.17123723407880065,0.08687619150292723,0.11795688650781215,0.16731529624749478,0.12254964668906869,0.15437211724779226,0.10854632778996544,0.20785941845930675,-0.04609553298998844,0.12818612163736628,0.13516016259681526,0.09785058744297956,0.23189541670901073,0.1304378138630132,0.0852411313849911,0.23577844342857895,0.1921833903172207,0.14820437315541618,0.10191249685262523,0.20551044324052917,0.13870564425747692,0.237342360166287,0.1662185734452267,0.1630285820828944,0.1402631709914276,0.3197180222438087,-0.009801381532620293,-0.012232784637244008
0.048906619692024804,0.1428299251313346,0.23083175492702265,0.20995789449901078,0.14730787386224156,0.22119873431803908,0.1446040894460987,0.2019634329857665,0.06955227486888144,0.1663073563972014,0.38953812770926893,0.2032274874491205,0.09981899222649224,0.14051425293035638,0.2144802321043989,0.15504093344644196,0.2799531198024143,0.14644893008971094,0.08327610609851413,0.19625164366444978,0.13789521324362136,0.17243554226890112,0.11476340828102723,0.14130267195181,0.1642651841684876,0.15263767957867055,0.16964189391293377,0.11074912584140519,0.20185456544861075,-0.0323224335896996,0.15102232627910586,0.1484639154461532,0.10318553862306858,0.1826409179809913,0.12349069424681476,0.12362957886986231,0.17589861296779602,0.1852599880570313,0.14108580469564216,0.10093652643357594,0.15244544908212668,0.15639306815881981,0.19043407069318002,0.15436004148094895,0.12031650676029974,0.12654909584426807,0.21312858957624864,-0.002875779060645806,0.008517449963793637
0.07042247259975222,0.12215924273828808,0.1822139350472062,0.3704389806728639,0.24031540681117117,0.22889166055754462,0.3148540309857932,0.02477822392816856,0.1342116669317466,0.18021432628029443,0.2032274874491205,0.7586604908953929,0.06287694007735553,0.1800919385938163,0.13869471603468775,0.23287190376797334,0.15255465830760706,0.25163107977590754,0.11377568250813878,0.13415138702309945,0.2388050090667727,0.23787359608884384,0.190071940495608,0.1167150856950675,0.19792226750735753,0.14076075687460357,0.22221630371653583,0.020924846701712393,0.1451123338712214,-0.05193510046371604,0.14768880789861175,0.2692370764124692,0.10510498265577671,0.18629199394046667,0.04199222439520113,0.15647904226303735,0.12760097977735524,0.22474261903709428,0.1837079241481643,0.17087770842823166,0.07825356887343413,0.16678810325277157,0.2744332039473748,0.13918197418542494,0.20875320354676524,0.13646702086534188,0.23834579453752933,-0.009808732856167466,0.024898068065829535
0.02242671457018698,0.0564770242495102,0.07528796574200677,0.09379313184768406,0.09171831562337938,0.09730872402844826,0.06315156183746673,0.1182729365762675,0.05307320634599537,0.0845098199672087,0.09981899222649224,0.06287694007735553,0.19804735433939616,0.0907862736865194,0.05660384129388931,0.09678597009218992,0.09701558059908731,0.07420970748038028,0.047951332591804736,0.043403981085871846,0.06534831030718699,0.11499941144272269,0.08814045699160072,0.06801208200097013,0.09665001595816831,0.07753710143100444,0.08945046719107336,0.05925085171202316,0.12961567307894484,0.02807311234340072,0.05837302893849179,0.09255756588052035,0.05677022740435666,0.09719583335546426,0.07958069026457903,0.06924671546405504,0.050031959089876635,0.0724659285043733,0.06797045511350178,0.05017657398689126,0.10085951393946187,0.07167490455990247,0.08647964275519256,0.11662655192855408,-0.018910643792073363,0.0654529858160732,0.09268836587658466,-0.004593571105541606,0.07892512102668725
0.06575374821219593,0.044299969149775374,0.16193851577755228,0.3493973607596521,0.17225508368879427,0.22352274310696044,0.12497364363014903,0.21177787965475336,0.15365920041530937,0.1736241013450349,0.14051425293035638,0.1800919385938163,0.0907862736865194,0.5957318762987563,0.12544963948425103,0.33073172712839244,0.18843258631601095,0.14435541446197264,0.08436219383224582,0.09151893192239528,0.13744136416235603,0.3483087049445713,0.19869191757535223,0.1518785432200402,0.1566502023200203,0.17587189779058096,0.06738794547602138,0.12397212713136149,0.11171767012224493,0.126495447745145,0.1635309304302686,0.19610465278793324,0.06543970312967692,0.17246412828662164,0.14329277922084718,0.16945099168718666,0.13968147764485175,0.2240286531690524,0.21064395962707852,0.10851002465293241,0.20236425467369745,0.17858828839369123,0.10459262235849269,0.29426642097408023,0.10033732358747838,0.12879313220719324,0.2097244498557988,-0.02131659279745,0.2477525718995656
0.06003731961618848,0.2314987589967234,0.2536269006238591,0.15302706128786964,0.1575654249543339,0.22262315429666732,0.10888986217952042,0.1595291431694573,0.19848556277068252,0.14570282241516538,0.2144802321043989,0.13869471603468775,0.05660384129388931,0.12544963948425103,0.6623233115331557,0.17741985460040263,0.2940322392953656,0.15774439369615698,0.11109481293528867,0.20545802615958228,0.1094808706583436,0.23393445221573914,0.14661129225578984,0.15152646503368478,0.18160907700780124,0.14625980389148246,0.16489419211578424,0.17581007258118156,0.16881965058175732,0.058196522378101544,0.17481407382674816,0.14407640230162505,0.14679295701330033,0.2210966313642005,0.1318163964705351,0.13570269785862119,0.27356755437601366,0.23720248806638744,0.1585943300909701,0.08013789105034325,0.19593403115038988,0.1885191561447414,0.18772740408790228,0.222255510995398,0.1231912480996066,0.14344485823341477,0.24935232015404574,-0.004425211305359169,0.0662684732761553
0.05214889954112038,0.05365937393848103,0.12015856316605698,0.29399812668810726,0.20880691224469836,0.21064375639083122,0.1419859313736763,0.16216330606908216,0.08610212242092391,0.15467635540338867,0.15504093344644196,0.23287190376797334,0.09678597009218992,0.33073172712839244,0.17741985460040263,0.5392066460340539,0.20596264303198425,0.1495597150438801,0.1581995273646474,0.11542076140158405,0.13036559666925107,0.3467889784346028,0.17433260680695048,0.14770830037139754,0.17908615283343818,0.13815670312139136,0.16120218491208235,0.15048679211799088,0.17004623926351464,0.14671318106418305,0.1662603066791281,0.23871107321873603,0.09571443574103503,0.17739758310085502,0.19119983985932093,0.17036938237062374,0.13829014788376884,0.25102466118348793,0.2164065248328511,0.1446253451523895,0.22431820236935782,0.23847428048653835,0.2009067692483369,0.2845017004833584,0.1250396955640611,0.13085030298597786,0.23398116821598836,-0.015229487221068117,0.20995133889622203
0.03428803982429294,0.1512539385675315,0.2876566479342071,0.20969084830816478,0.07128300095512577,0.24549900409814213,0.16302801589265647,0.2858610853579119,0.13202784384841076,0.23074930472195415,0.2799531198024143,0.15255465830760706,0.09701558059908731,0.18843258631601095,0.2940322392953656,0.20596264303198425,1.1165685649354118,0.002423119887875642,0.15774547239065892,0.36672023522235137,0.16032790241355466,0.24177647380829667,0.15645164904037454,0.1475749428719259,0.2632720528422669,-0.14769158056591364,0.24811758809734852,0.19840282286586147,0.32420648332867646,0.0095098173860484,0.19636753568862153,0.12532188110372208,0.2686207067556508,0.32038898551945555,0.1475286352698567,0.09840620501611091,0.5096954512697061,0.3280002639641808,0.18469157439603073,0.13160418899663162,0.19619853009629726,0.19572749137133516,0.3429439897421471,0.24976378675745342,0.14670834154285065,0.1730824271444499,0.49692136441432916,0.00739149186692285,0.03979203819605545
0.07121796429268036,0.20390574817031853,0.16584992443520338,0.256665742307352,0.16963389116560995,0.21136409928345454,0.177084610785419,0.16695193118396004,0.11256905214125537,0.17819086293665184,0.14644893008971094,0.25163107977590754,0.07420970748038028,0.14435541446197264,0.15774439369615698,0.1495597150438801,0.002423119887875642,0.9661870256657763,0.1368093708013585,-0.21858943254483593,0.2441625739530606,0.3527838768818982,0.3194367150734866,0.1626441737402037,0.16891965694915592,0.2953021804284329,0.09264577276811443,0.156407020166002,0.11635956010637455,0.011444356300468599,0.12767850076314274,0.16080155957501932,0.06570210439998024,0.09858651140942845,0.14778994486649374,0.12491191152026594,0.21092518755881143,0.17962257456562222,0.14247470677034738,0.15068795380117378,0.20086525776996397,0.04482872574416378,0.39471062361888,0.29788276140030173,0.25641095718843343,0.12735702947783387,0.13565864153615517,-0.046836880518882365,-0.008875419976146711
0.03759280438052702,0.00019692196376958323,0.20208829527048278,0.0032349209725514617,0.04727655913863314,0.18107860669278567,0.11032803411429086,0.10907398572052339,0.05950456372951704,0.07372585668709868,0.08327610609851413,0.11377568250813878,0.047951332591804736,0.08436219383224582,0.11109481293528867,0.1581995273646474,0.15774547239065892,0.1368093708013585,1.1264558573100472,0.0790249692419208,0.1648207539388047,0.3779491692733219,-0.22393690500372543,0.0654909638584046,0.02178491534940834,-0.1087024158077443,0.06998376732365058,0.14211346364114996,-0.006275853546197846,0.2294465381120726,0.11892466574788753,0.14866034206139797,0.0946921328788732,0.05308593623742046,0.10365361995068578,0.10341569586225102,0.21900913006003414,0.19290435955906393,0.2350109020758394,-0.03461599469689566,0.02419416480336215,0.12236066149717666,0.09625836279075152,0.04375657221277528,0.3145430251690475,0.11727964039027855,0.18849850507438706,-0.03074775327222086,0.0514900628687062
0.029569379285302403,0.23538378213869182,0.22046451958886085,0.1407141737122964,0.12545764613722304,0.2883261622921077,0.13336237930900383,0.19402432869738756,0.0548450527669217,0.187164564045427,0.19625164366444978,0.13415138702309945,0.043403981085871846,0.09151893192239528,0.20545802615958228,0.11542076140158405,0.36672023522235137,-0.21858943254483593,0.0790249692419208,1.2513066042988519,0.19388023575474342,-0.21252613497532932,-0.15291681110078972,0.07762830296823782,0.16434256374981396,0.3693064591776047,0.32726455413960903,0.2899515694574811,0.24825789394581396,-0.06355754063297123,0.261307355887899,0.15238877325604328,0.2673840152840723,0.3912264555275058,0.2809248492335951,-0.11742936041216061,0.6573031760220297,0.5403001912926518,0.35944486623706523,0.3818749119348177,0.2501977887603097,0.3844518284401334,0.9179636606290551,0.015126358543732085,0.9418939976158122,0.15947397216142503,0.590829485689679,0.10267018078896996,-0.1002285744176116
0.0679177114138166,0.17739321986204495,0.15447996167361658,0.2653459114374584,0.1134611868248811,0.3647651844212819,0.2821830420982515,0.1682895335034554,0.21871052746286912,0.14635413884664839,0.13789521324362136,0.2388050090667727,0.06534831030718699,0.13744136416235603,0.1094808706583436,0.13036559666925107,0.16032790241355466,0.2441625739530606,0.1648207539388047,0.19388023575474342,1.2032403671102048,-0.13079964048588272,0.018884272279432276,0.002769747908833467,0.17717357336426767,-0.25211722747396587,0.10088154876839274,0.22196567533698952,0.06177516004632965,0.34794337520112406,0.16730416446701324,0.14728306435398406,-0.007776561562252177,0.213634342337699,0.43172839503204863,-0.07721842243344255,0.5468177787270879,0.3353547855983165,0.15659263703904847,0.24503032737586913,0.14736364900603066,0.17705252341533123,0.45186446576337025,0.3824557950166182,0.9368968609915868,0.088417260727963,0.4639523219572185,0.030838809074938096,-0.6195904660713771
0.08795240635208562,0.07775542242099777,0.2912532725732983,0.32726847973056167,0.15864317541946,0.32802343683412233,0.23527359093214742,0.17099740719059006,0.23885050437576621,0.17123723407880065,0.17243554226890112,0.23787359608884384,0.11499941144272269,0.3483087049445713,0.23393445221573914,0.3467889784346028,0.24177647380829667,0.3527838768818982,0.3779491692733219,-0.21252613497532932,-0.13079964048588272,1.9230617652609048,0.38697480869276113,0.11394106699073002,0.2835428386836345,0.2358132006949335,0.16093852289840596,0.13279765496217122,0.11447732903674981,0.008469000729308375,0.29493573566416115,0.48532717655152474,0.28410194310666775,0.4608205178129897,0.05086675224554561,0.029804233490535435,-0.040547377887668115,0.6403036229727601,0.5922924211294269,0.10194091359312889,0.34639664285281924,0.27479330703419047,0.20749830367305605,0.7212553883439743,-0.5145803524337532,0.2855118409895702,0.5063606584618309,-0.20417925743718138,1.8356490078751109
0.04386877890686634,-0.1251223877616774,0.01452436264041597,0.29388744141870965,0.19182438962523277,0.11642545299852058,0.17878283641798434,0.07875760713591268,0.18089206995185708,0.08687619150292723,0.11476340828102723,0.190071940495608,0.08814045699160072,0.19869191757535223,0.14661129225578984,0.17433260680695048,0.15645164904037454,0.3194367150734866,-0.22393690500372543,-0.15291681110078972,0.018884272279432276,0.38697480869276113,1.907220032401362,0.14728409531330744,0.37598326973686924,-0.22639799429630952,0.09260016242551353,-0.1436769072058036,0.2706956647516812,0.10741979676852162,0.2922751553213874,0.03878429571901989,0.18479146661062618,0.42063602467018296,-0.14877827137827218,0.5733434196138881,0.21663659938046953,0.20333320971871582,0.32130269514338616,0.3294295160917038,0.2394337355256756,-0.013525499039623544,0.0441455622388282,0.9197605250902338,-0.5914502407849942,0.18041231352498638,0.19550056389163858,0.026283834892284186,0.15510374730267035
0.03558744616424572,0.08091458337785133,0.14797579991100898,0.17457928377151752,0.13819859747424523,0.18317487845255598,0.10805593119866287,0.12619707218559548,0.12655710863480507,0.11795688650781215,0.14130267195181,0.1167150856950675,0.06801208200097013,0.1518785432200402,0.15152646503368478,0.14770830037139754,0.1475749428719259,0.1626441737402037,0.0654909638584046,0.07762830296823782,0.002769747908833467,0.11394106699073002,0.14728409531330744,0.5565147954582857,0.10644991272257424,0.22351762899862535,0.10016441607600941,0.10879418257463716,0.15170840507433084,0.15064688158582823,0.1281587887506008,0.11106388860573568,0.07173971506236176,-0.025371483280819406,0.08536902729201182,0.2622906626132012,0.021134457404757594,0.08914513301019068,0.09850400099636948,0.05069094643164127,0.13166301395969535,0.11396579451700416,0.031443921388268146,0.1137463566701244,0.1182731053964464,0.13608704615937825,0.05447358821168791,-0.010318583577973066,-0.07050241831753111
0.053381297938609566,0.11785296493624849,0.1779017739330737,0.22660044888852413,0.14080699870524913,0.2220890696239105,0.1509449368817974,0.18490910342208033,0.09139244233412411,0.16731529624749478,0.1642651841684876,0.19792226750735753,0.09665001595816831,0.1566502023200203,0.18160907700780124,0.17908615283343818,0.2632720528422669,0.16891965694915592,0.02178491534940834,0.16434256374981396,0.17717357336426767,0.2835428386836345,0.37598326973686924,0.10644991272257424,0.9813913964598429,-0.014342520015919907,0.18362142767669712,0.09522131660573109,0.47600753507184507,0.14607687776074715,0.24489858202075296,0.1677023984700759,0.12083515806097844,0.5000599168341109,0.1875489351394786,0.34129614825709553,0.2635867872810991,0.2535555063003997,0.2672284222478733,0.1510340982653999,0.22334929343088997,0.13343287254954506,0.19714609329136118,0.30243949146926974,0.02142713263472548,0.22476764906041402,0.2613668032448035,-0.018936588541942845,0.07765423599415763
0.046523365673011206,0.228748530293153,0.24465243428718148,0.18428679184126376,0.2282416383658242,0.1937730402794839,0.06043271772244942,0.19854489194232702,0.17535247358200737,0.12254964668906869,0.15263767957867055,0.14076075687460357,0.07753710143100444,0.17587189779058096,0.14625980389148246,0.13815670312139136,-0.14769158056591364,0.2953021804284329,-0.1087024158077443,0.3693064591776047,-0.25211722747396587,0.2358132006949335,-0.22639799429630952,0.22351762899862535,-0.014342520015919907,2.419907456467507,0.15224062524200566,0.2817485464797788,-0.21803052936182452,-0.35634793055978775,0.2321357155386874,0.4418211982980777,0.20395098881878587,0.046233597288174645,0.14182504877052068,0.074360070439212,-0.5354630259649684,0.17571032481869944,0.2903758833696678,0.0721033041793397,0.5270387338448882,0.4934887043149677,0.21149528472737752,-0.08757603984047066,0.5486613848430394,0.13692500893057688,-0.005014955418252117,-0.007089416236914511,0.45158687603183634
0.03876700052028818,0.17335701905054965,0.16494015367239837,0.15205538042189742,0.09461296127289834,0.18050232789716403,0.14164681094832943,0.13959112420114597,0.09415080479693907,0.15437211724779226,0.16964189391293377,0.22221630371653583,0.08945046719107336,0.06738794547602138,0.16489419211578424,0.16120218491208235,0.24811758809734852,0.09264577276811443,0.06998376732365058,0.32726455413960903,0.10088154876839274,0.16093852289840596,0.09260016242551353,0.10016441607600941,0.18362142767669712,0.15224062524200566,0.6313920626110829,0.18642832712629323,0.13916493697102933,0.03783856959224419,0.20599862666114538,0.18743348464067003,0.1961991752558478,0.19264651811610947,0.17807223604988104,0.20958189563211432,0.3208128243873193,0.34371713724698766,0.14197805562701682,0.18759148519785643,0.22337460363442493,0.20996280254460406,0.620148911727734,0.08173657777181313,0.27277712757291117,0.18000326215780535,0.2328650631294564,0.014464747168616792,0.02272287635660664
0.03620707151057253,0.18621209823292298,0.19718876526339293,0.03817057070171678,-0.019838231508397364,0.13633325354700293,0.07141631684902038,0.066571283950723,0.14832462815773342,0.10854632778996544,0.11074912584140519,0.020924846701712393,0.05925085171202316,0.12397212713136149,0.17581007258118156,0.15048679211799088,0.19840282286586147,0.156407020166002,0.14211346364114996,0.2899515694574811,0.22196567533698952,0.13279765496217122,-0.1436769072058036,0.10879418257463716,0.09522131660573109,0.2817485464797788,0.18642832712629323,1.07447617647016,-0.1542890925176465,0.3160717568913596,0.3041708149487063,0.12424479934849618,0.5146523399894126,0.1576285760793569,0.5580821169369142,0.09079287819209024,0.5182068834908156,0.40144647945845796,0.20998019385678723,0.12625285477914117,0.4935427347527737,0.30562888329370513,0.27209399024287845,0.5693254477421207,0.42246525343207625,0.1251385296530484,0.3419050969440226,0.04775656137836659,-0.030648627759295385
0.04456933028467386,0.22235899971809664,0.2938220596110966,0.2149594839188359,0.17765452071143104,0.24391233569243592,0.1074553459128039,0.19975004174845915,0.0627193191410454,0.20785941845930675,0.20185456544861075,0.1451123338712214,0.12961567307894484,0.11171767012224493,0.16881965058175732,0.17004623926351464,0.32420648332867646,0.11635956010637455,-0.006275853546197846,0.24825789394581396,0.06177516004632965,0.11447732903674981,0.2706956647516812,0.15170840507433084,0.47600753507184507,-0.21803052936182452,0.13916493697102933,-0.1542890925176465,2.1646247565948995,-0.4120493712860628,-0.2785360314720389,0.12752966470222235,0.07684926914895464,0.43245432349649093,-0.07116869694625368,0.4213670625440049,-0.3799745702143106,-0.35405160649311157,-0.07326170379321612,-0.016248512877710092,0.23946300392814374,0.012249062104538654,-0.13365224121818858,-0.34604879089802776,-0.6164675965433941,0.19736423841168044,0.04047768666546764,-0.046857427983265115,0.1089688040285115
-0.0007321332723691382,-0.1245184687026408,-0.42853985773044756,-0.010759537747508518,-0.10247121451525622,0.009383931203952528,0.08568069133279044,0.06295912225878852,0.06460782276119964,-0.04609553298998844,-0.0323224335896996,-0.05193510046371604,0.02807311234340072,0.126495447745145,0.058196522378101544,0.14671318106418305,0.0095098173860484,0.011444356300468599,0.2294465381120726,-0.06355754063297123,0.34794337520112406,0.008469000729308375,0.10741979676852162,0.15064688158582823,0.14607687776074715,-0.35634793055978775,0.03783856959224419,0.3160717568913596,-0.4120493712860628,3.7622592766403606,0.22611268037972132,0.2039308221777603,-0.02672089559798395,-0.5035377840718492,0.5115155609547167,1.0034103252937407,0.15751966786592494,0.17879868231586374,0.1628093306482251,-0.1348150626705379,0.20922778162787561,0.1383127364671745,-0.2677272328345615,0.23746180648141074,1.1059062201288132,0.5980846231791197,0.07708651158394149,-0.03022898574616151,-0.07762212003988807
0.05857249705472137,0.08722692214187985,0.16424030246632249,0.15264382528633313,0.1400635736385118,0.17916672982432627,0.13522749235478038,0.11559207918924018,0.13064650741000502,0.12818612163736628,0.15102232627910586,0.14768880789861175,0.05837302893849179,0.1635309304302686,0.17481407382674816,0.1662603066791281,0.19636753568862153,0.12767850076314274,0.11892466574788753,0.261307355887899,0.16730416446701324,0.29493573566416115,0.2922751553213874,0.1281587887506008,0.24489858202075296,0.2321357155386874,0.20599862666114538,0.3041708149487063,-0.2785360314720389,0.22611268037972132,1.2833895921384821,0.20885917763314668,0.17458624695762587,0.04037191313281993,0.3073572071058413,0.61422868685343,0.4401730484709965,0.3778095140581149,0.42203316864431983,0.2437598468235308,0.3564480780666259,0.23470700221290347,0.024883784980903694,0.47923055741035653,0.4664135844262618,0.26503783072261056,0.26966606336189824,-0.0018439889843994387,-0.2911449473119156
0.05161206871119477,0.10643545797137102,0.12982194987560422,0.25195041205139257,0.19556459896266648,0.24151844759336377,0.17825991448362585,0.12199223494282792,0.14007716126903896,0.13516016259681526,0.1484639154461532,0.2692370764124692,0.09255756588052035,0.19610465278793324,0.14407640230162505,0.23871107321873603,0.12532188110372208,0.16080155957501932,0.14866034206139797,0.15238877325604328,0.14728306435398406,0.48532717655152474,0.03878429571901989,0.11106388860573568,0.1677023984700759,0.4418211982980777,0.18743348464067003,0.12424479934849618,0.12752966470222235,0.2039308221777603,0.20885917763314668,0.6634916696624763,0.17438887126644692,0.16361299003088167,0.06415950306073943,0.16138993446942115,-0.10614878475837418,0.23325858479788367,0.2527023276341542,0.07897756906214963,0.16958085224319305,0.2846349054157398,0.147394980862986,0.09346636984367161,0.19913692230423352,0.20798757583441105,0.28449610914552975,-0.04510250509211916,0.455477816445747
0.03486800658490268,0.10325255564950728,0.15805288906965145,0.13606464508442928,0.08478692221277183,0.047878774348578124,0.1566790003487846,0.04095635281903856,0.2056858852520623,0.09785058744297956,0.10318553862306858,0.10510498265577671,0.05677022740435666,0.06543970312967692,0.14679295701330033,0.09571443574103503,0.2686207067556508,0.06570210439998024,0.0946921328788732,0.2673840152840723,-0.007776561562252177,0.28410194310666775,0.18479146661062618,0.07173971506236176,0.12083515806097844,0.20395098881878587,0.1961991752558478,0.5146523399894126,0.07684926914895464,-0.02672089559798395,0.17458624695762587,0.17438887126644692,1.9650678503851402,0.22169146700912595,-0.5027037187657446,-0.18862577608161143,0.38909942432218264,0.6327965021619074,-0.043823733773164515,0.10407462981263867,-0.12560198546424894,0.3772997002450823,0.20136982547068824,0.6001790714929957,-0.24929389897968235,0.0964282566673197,0.9556808621356736,0.1353703916880264,0.5214012911673421
-0.011555778601270205,0.14197498187192947,0.2943616488697302,0.3049655680779115,0.19300982251473367,0.2935457239344389,0.19036821029225226,0.21917357432755033,0.17284486307733798,0.23189541670901073,0.1826409179809913,0.18629199394046667,0.09719583335546426,0.17246412828662164,0.2210966313642005,0.17739758310085502,0.32038898551945555,0.09858651140942845,0.05308593623742046,0.3912264555275058,0.213634342337699,0.4608205178129897,0.42063602467018296,-0.025371483280819406,0.5000599168341109,0.046233597288174645,0.19264651811610947,0.1576285760793569,0.43245432349649093,-0.5035377840718492,0.04037191313281993,0.16361299003088167,0.22169146700912595,2.273342822658561,0.31579677049233806,-0.109466274244712,0.8641852640918964,0.1855445165167542,0.19955221584007904,0.05577161751213823,0.2790534683243344,0.14818961320572294,0.3791430538709178,0.5155893344202669,-0.6083620016999428,-0.06168137254160033,0.55632747465664,0.0389437133428382,0.5897563544109151
0.025827748908957494,0.16746479037370393,0.16624502136979283,-0.05534998692907765,-0.11578746951769675,0.14309672426263143,0.0176826571510768,0.156842959535015,0.026339791585523152,0.1304378138630132,0.12349069424681476,0.04199222439520113,0.07958069026457903,0.14329277922084718,0.1318163964705351,0.19119983985932093,0.1475286352698567,0.14778994486649374,0.10365361995068578,0.2809248492335951,0.43172839503204863,0.05086675224554561,-0.14877827137827218,0.08536902729201182,0.1875489351394786,0.14182504877052068,0.17807223604988104,0.5580821169369142,-0.07116869694625368,0.5115155609547167,0.3073572071058413,0.06415950306073943,-0.5027037187657446,0.31579677049233806,1.9344337936464056,-0.10898739566371388,0.5027820451028417,0.01945541902402825,0.45154533043259676,0.2572306649759866,0.5546476463268942,0.2320682623423171,0.6511791351077455,0.2354602422057668,0.905294409077164,0.17251673111465873,0.22421491242965141,-0.02818990208002535,-0.0975947664463045
0.028257209180835952,-0.03754481134616543,0.051706809367966504,0.1702620100847014,0.19981688045763416,0.060482405911284134,0.10087163489623131,0.10238898511138256,0.09300794911495157,0.0852411313849911,0.12362957886986231,0.15647904226303735,0.06924671546405504,0.16945099168718666,0.13570269785862119,0.17036938237062374,0.09840620501611091,0.12491191152026594,0.10341569586225102,-0.11742936041216061,-0.07721842243344255,0.029804233490535435,0.5733434196138881,0.2622906626132012,0.34129614825709553,0.074360070439212,0.20958189563211432,0.09079287819209024,0.4213670625440049,1.0034103252937407,0.61422868685343,0.16138993446942115,-0.18862577608161143,-0.109466274244712,-0.10898739566371388,3.020363451582598,-0.6916802857692652,-0.5048479681591874,0.14940930987015558,0.03803974054604218,-0.00552476217675466,-0.09781494574489707,-1.8077478640403686,-0.3817182181817844,-0.3078706033961927,0.5902129448211347,-1.0962116300432807,-0.05674349355716834,-1.395975326871377
0.05718802700894871,0.3896739215735638,0.3217440118934494,0.13034283556066611,0.052769641488736564,0.2436303838646125,0.19498847532248895,0.19311675411414997,0.1681885408199379,0.23577844342857895,0.17589861296779602,0.12760097977735524,0.050031959089876635,0.13968147764485175,0.27356755437601366,0.13829014788376884,0.5096954512697061,0.21092518755881143,0.21900913006003414,0.6573031760220297,0.5468177787270879,-0.040547377887668115,0.21663659938046953,0.021134457404757594,0.2635867872810991,-0.5354630259649684,0.3208128243873193,0.5182068834908156,-0.3799745702143106,0.15751966786592494,0.4401730484709965,-0.10614878475837418,0.38909942432218264,0.8641852640918964,0.5027820451028417,-0.6916802857692652,4.477238231828665,0.9608117926644303,-0.1687939804925502,0.26813364817962415,0.699989891360198,0.23898042783011428,1.630199430835803,1.0135532230689916,1.2662000474856652,-0.02953480076909053,1.0860027843529028,0.10093132838031302,-1.184769050983165
0.11891847185225338,0.2399592855720359,0.4474975346516978,0.25978852044853323,0.00993591803561933,0.37552456079780216,0.23192161829408223,0.19927011784822907,0.23830539589504862,0.1921833903172207,0.1852599880570313,0.22474261903709428,0.0724659285043733,0.2240286531690524,0.23720248806638744,0.25102466118348793,0.3280002639641808,0.17962257456562222,0.19290435955906393,0.5403001912926518,0.3353547855983165,0.6403036229727601,0.20333320971871582,0.08914513301019068,0.2535555063003997,0.17571032481869944,0.34371713724698766,0.40144647945845796,-0.35405160649311157,0.17879868231586374,0.3778095140581149,0.23325858479788367,0.6327965021619074,0.1855445165167542,0.01945541902402825,-0.5048479681591874,0.9608117926644303,2.9397029939742283,-0.024887235118335346,0.5358408122819838,0.5377533734326106,0.43623775395808756,1.8602174976156947,1.4624051395334445,1.0583100668772254,0.25657377680333476,1.2392967225117628,0.10790947971351253,0.24573261031785962
0.04407636262367003,0.027288086952577662,0.08016826250998793,0.20548986259238486,0.139569138275019,0.263643848132097,0.16322502026868063,0.14332862773313296,0.10397461448295353,0.14820437315541618,0.14108580469564216,0.1837079241481643,0.06797045511350178,0.21064395962707852,0.1585943300909701,0.2164065248328511,0.18469157439603073,0.14247470677034738,0.2350109020758394,0.35944486623706523,0.15659263703904847,0.5922924211294269,0.32130269514338616,0.09850400099636948,0.2672284222478733,0.2903758833696678,0.14197805562701682,0.20998019385678723,-0.07326170379321612,0.1628093306482251,0.42203316864431983,0.2527023276341542,-0.043823733773164515,0.19955221584007904,0.45154533043259676,0.14940930987015558,-0.1687939804925502,-0.024887235118335346,2.440223725311271,0.5026434883133157,0.21168693159096963,0.28015288184490506,0.19092054477452813,0.399388353707088,0.7634349143539595,0.13961840845350115,0.41240699168220085,-0.034057457851986765,1.6242376017989113
0.023347609940115793,0.036554502660351346,-0.13962751140358412,0.18477728552595343,0.13113021180115617,0.20159369327145257,0.14859113940222804,0.08138628742127839,0.06024381462927423,0.10191249685262523,0.10093652643357594,0.17087770842823166,0.05017657398689126,0.10851002465293241,0.08013789105034325,0.1446253451523895,0.13160418899663162,0.15068795380117378,-0.03461599469689566,0.3818749119348177,0.24503032737586913,0.10194091359312889,0.3294295160917038,0.05069094643164127,0.1510340982653999,0.0721033041793397,0.18759148519785643,0.12625285477914117,-0.016248512877710092,-0.1348150626705379,0.2437598468235308,0.07897756906214963,0.10407462981263867,0.05577161751213823,0.2572306649759866,0.03803974054604218,0.26813364817962415,0.5358408122819838,0.5026434883133157,1.3435082816809365,0.006205221542771733,0.10890939148465385,0.7892850336281314,0.38239134536186614,0.5336702724773433,0.1891069781395875,0.41051906368053803,0.06979299759395173,0.4339726756829821
0.0752599456940568,0.18607781421188455,0.333015011679087,0.11762726361045261,0.04201053512647936,0.0792343929845983,0.11172866661043207,0.15715156551129503,0.14691179232597057,0.20551044324052917,0.15244544908212668,0.07825356887343413,0.10085951393946187,0.20236425467369745,0.19593403115038988,0.22431820236935782,0.19619853009629726,0.20086525776996397,0.02419416480336215,0.2501977887603097,0.14736364900603066,0.34639664285281924,0.2394337355256756,0.13166301395969535,0.22334929343088997,0.5270387338448882,0.22337460363442493,0.4935427347527737,0.23946300392814374,0.20922778162787561,0.3564480780666259,0.16958085224319305,-0.12560198546424894,0.2790534683243344,0.5546476463268942,-0.00552476217675466,0.699989891360198,0.5377533734326106,0.21168693159096963,0.006205221542771733,2.727599369398383,0.309443531531753,0.31763201240210104,1.3192271863904648,-0.11623957101748598,0.32149904576690064,1.0645645111222635,-0.05292461386117078,0.4346046454972309
