0.3708709818270352,0.10966423397507381,0.18012527115390328,0.04181890114952072,0.0762682193384627,0.06542165901278663,0.06813779494665131,0.038574955998350056,0.06809170440263758,0.049542233728252914,0.04913666431166428,0.07113598187428395,0.022578588021427145,0.06532441659360566,0.061647827705652115,0.0519488344485397,0.0337359524902329,0.07047593113613967,0.03611782705901944,0.03130244149114277,0.06664946306636332,0.08666391846924663,0.04263061462647764,0.03506157460003749,0.05350845351683974,0.05002296980138434,0.03924045795527303,0.034009967811758114,0.047823552970499714,0.0008046690693035362,0.056151010281212874,0.05270685191393716,0.035803046591693914,-0.013081604025216406,0.025123312227298508,0.027012258616852445,0.05273378804949293,0.12149691036750182,0.04384241162321012,0.023344963607405875,0.07535785041952456,0.052555223793256875,0.0817095362981234,0.10134646566346407,0.10713568252099706,0.0627218077106281,0.07927302527660103,-0.008902839301046123,-0.030477687274238937
0.10966423397507381,1.6187567502135052,0.514201523780227,-0.1966340912843497,0.010846934863940047,0.23727893895735397,0.0778171220456744,0.11918199693269177,0.18855358674349887,0.1265681163620027,0.145868027071788,0.1181783294789019,0.05643985079184768,0.0445078244091336,0.2474479138665233,0.0545302584307616,0.15262751755822634,0.20163234998736557,0.004878047252393558,0.2485752570579973,0.17762160445560732,0.07862817178129736,-0.1295980175570878,0.08093327344489601,0.11714553138538691,0.23946022987202661,0.1763181021518417,0.18461130893994027,0.22411186472341635,-0.12131492742215166,0.08687771098691473,0.10843177553641034,0.10276075393799933,0.13964977448396448,0.16716867019379306,-0.05833051849466716,0.3903780070911393,0.2646186667573217,0.034046713027645364,0.0427477060796592,0.19728788129142025,0.156199653692138,0.397696239394703,0.10176320152826475,0.4264756897376659,0.12970451357399324,0.2327357624730731,-0.009131743707550634,-0.21400372093996048
0.18012527115390328,0.514201523780227,1.698873179911178,0.09169523391034623,-0.1624844441963756,0.2515739308483646,0.08281401672676188,0.2539994574642728,0.31208841191441133,0.286202639991406,0.23698397232619187,0.1863401617471774,0.07647489913554455,0.15300711606890632,0.2504241934728608,0.11236267205957076,0.28857032731748133,0.16715083272389977,0.20563455418823534,0.23269156709482025,0.16425078654137032,0.28996776192687845,0.011212358030299269,0.14799361357847354,0.1785658814573781,0.2517713432325627,0.17015368374297762,0.19138435434060017,0.3032004274114932,-0.4266881490702524,0.15484232363244504,0.13512759761219523,0.16022575288578608,0.2954028949459501,0.15820696675365312,0.04109140243510231,0.3127330144044289,0.47462126040486796,0.07841150330475098,-0.13260243377085457,0.33349046613694594,0.23418059416282022,0.37016006740900215,0.32843827349646054,0.5077112499281838,0.3338769997682888,0.34713622191831706,-0.051774746059955856,-0.5129348549229797
0.04181890114952072,-0.1966340912843497,0.09169523391034623,1.9572901097174786,0.4311853284534667,0.35327033722590134,0.32796801355850247,0.24323107880166034,0.11959626632584151,0.30610927223338874,0.2008346599177206,0.372088589805068,0.09188132267688208,0.35120413551273494,0.14815035436105028,0.29494788302569525,0.2039335534061447,0.25793497144266586,0.009956404961753705,0.13152514509759217,0.26734905198464914,0.3255270580131142,0.2935456605079421,0.173215954692602,0.2239341494121777,0.17955400595811333,0.14767567366120798,0.0480152564283475,0.209194652067859,-0.002419025201262483,0.15297322785079695,0.2511040660273552,0.14448292790680028,0.29743869214611646,-0.03992861966895878,0.1835647617274527,0.14382105499797568,0.24588455337144957,0.20751081440578126,0.18158234902986614,0.1209447742562219,0.18176626381923006,0.1580999902921777,0.2931354136084555,0.07210307279190994,0.11528845444105075,0.2965955878661636,-0.008609657140138574,0.16284500885370964
0.0762682193384627,0.010846934863940047,-0.1624844441963756,0.4311853284534667,1.5215596299018694,0.2671399345404265,0.17295390965360033,0.18943686480067679,0.08855591476773152,0.1617991522965998,0.1434285205820231,0.23824570389171978,0.09018953664831392,0.1768422732295858,0.1677221189762028,0.21401578507893348,0.06948565224821211,0.17165710620265204,0.05631298985333508,0.12752192107041838,0.12342516594463607,0.16439721353401304,0.19204533500371462,0.1404440910249706,0.14379619209318964,0.2214673713701014,0.0931545673523251,-0.00927589538812438,0.1733158597569842,-0.09674926288112398,0.1470414382319094,0.19753585078371294,0.08826542255554337,0.19638368360375003,-0.10025780510761372,0.2093732362553981,0.07320187923077698,0.004160302219158641,0.14808330218970522,0.13378555959009264,0.04365387234440684,0.17547517131491883,-0.14236652498978286,0.08458178927550476,-0.15920009553555353,0.03235440594704355,0.11454098741371636,0.009489292137241458,0.14890887325306598
0.06542165901278663,0.23727893895735397,0.2515739308483646,0.35327033722590134,0.2671399345404265,0.6926949832742291,0.13114076979625455,0.2790216789089454,0.14363103817749698,0.20937785286420546,0.21676282051272738,0.21831122870068606,0.09723935577835796,0.22589793108573175,0.231516614315642,0.21065503400727914,0.24535790950135447,0.20979704854486175,0.18382997642770071,0.29455806144250707,0.3626845474086199,0.3235251829149266,0.1106239302745276,0.18439373285097174,0.22210503126039657,0.2035773288109027,0.1794902961663087,0.14164116961555095,0.24826697616650412,0.014081240762114585,0.1786851725985884,0.24184217484570555,0.05117353590375694,0.2894449210247005,0.1564019463677628,0.06508811293641688,0.2499944470605841,0.3762641613619083,0.2676076975960603,0.20018772905256682,0.08518723812586598,0.22199145306114554,0.37087498906309607,0.32578070747075805,0.4235050028970925,0.13902296289425367,0.3575135246382179,-0.012816456329411752,-0.03702768337813973
0.06813779494665131,0.0778171220456744,0.08281401672676188,0.32796801355850247,0.17295390965360033,0.13114076979625455,0.4757782361813728,0.07404050466936053,0.19365945587181757,0.13821054502802457,0.1456636606763724,0.31014030993228603,0.0655905573948888,0.13388245401761306,0.09790548786410075,0.1490388432216749,0.16106128948932114,0.17879541412465463,0.10750240400118866,0.11835086879962427,0.2592141641801292,0.23101525442872248,0.1732531645259285,0.10331458283700964,0.14816232833563728,0.06532292505244369,0.13615486663881554,0.07341978014316611,0.1109608686426513,0.07758848081845313,0.13076932175837097,0.17467455842395746,0.15453953603687776,0.18296650115676952,0.028378290809152322,0.1101201377029368,0.1867409192694617,0.21027026390225204,0.15627005150319562,0.13514747931128104,0.11272153109492317,0.13062610018965443,0.17569854212815514,0.19574041650240903,0.14338029727155824,0.10212253993750726,0.24156129250549088,-0.0029826677099425384,0.12262750902532779
0.038574955998350056,0.11918199693269177,0.2539994574642728,0.24323107880166034,0.18943686480067679,0.2790216789089454,0.07404050466936053,0.7470364152686745,-0.03116308659035634,0.21412900851420136,0.19602133401747332,0.009334168592879014,0.1168774495246088,0.21589239146887496,0.17535286512302936,0.16972526617299105,0.28896548072990336,0.17065602669627164,0.11530842957328927,0.20350457171732608,0.1756264365472787,0.1793842276832636,0.07835304717728828,0.12526731031365548,0.18794236632218222,0.19901448386661996,0.14065848406781864,0.0739773833854693,0.19866015450612112,0.07714197390807045,0.11992854720093027,0.1236068384380892,0.040182960378399385,0.21658198377345644,0.16796969286226648,0.0972956063702374,0.2098282981073837,0.21927863777174456,0.154310234643644,0.08938767870492263,0.16994544894562236,0.15362666863465407,0.2452798606588757,0.18025011110909775,0.2516964307709194,0.13110218536037377,0.23347673744607242,-0.008765090583994686,-0.027545618775771146
0.06809170440263758,0.18855358674349887,0.31208841191441133,0.11959626632584151,0.08855591476773152,0.14363103817749698,0.19365945587181757,-0.03116308659035634,0.7650139500850776,0.006836557569405823,0.07264906994069421,0.14730285874376306,0.060170890207314386,0.14631426626845467,0.17456771388018008,0.07616671499399834,0.13144287437337168,0.12402419843829751,0.0721608501707215,0.04707437163195674,0.21610336054568346,0.23385014958758532,0.17262366524541778,0.12185547865206578,0.09012790948807559,0.1676097606211426,0.0941523898378016,0.14719056617696477,0.0682940618798116,0.05161068482373016,0.12568928794438117,0.13905960391221783,0.20318829917081274,0.16617656675844603,0.030600288825086495,0.09085283235928934,0.16466302749939196,0.2290663195397128,0.10042077334462607,0.057219223889484104,0.13784097459247083,0.13094111250975402,0.10327816788656251,0.2660944973321123,0.1082109530050361,0.12286641332954121,0.1922893584540231,-0.0028888172107997996,0.15764318447461234
0.049542233728252914,0.1265681163620027,0.286202639991406,0.30610927223338874,0.1617991522965998,0.20937785286420546,0.13821054502802457,0.21412900851420136,0.006836557569405823,0.5334230094767123,0.17923920357637801,0.17246683659317624,0.08483312569300051,0.17483693971159361,0.1563528692959017,0.15671554049546005,0.23523825869033574,0.17299792021311217,0.07433150228592127,0.19291188869292045,0.14700618665140133,0.17209265367782264,0.08804152167605914,0.12131074140866259,0.16797744448260124,0.13004918417511993,0.15573068730044354,0.11133015544970856,0.21027151463987667,-0.037877318747242525,0.12870034724971657,0.1369251871415746,0.10050956905443731,0.23414416546364722,0.13350705911595845,0.08685611427376537,0.2366836026715413,0.19961669979146254,0.1494083580395549,0.10236704764378217,0.20755143782873892,0.14405997163492293,0.24095684665697903,0.16987625197900202,0.1715896822770288,0.14077811746281316,0.3184857177884226,-0.008656942269938636,-0.01017488921105702
0.04913666431166428,0.145868027071788,0.23698397232619187,0.2008346599177206,0.1434285205820231,0.21676282051272738,0.1456636606763724,0.19602133401747332,0.07264906994069421,0.17923920357637801,0.38642476297335715,0.21017593233324416,0.09843304887134127,0.13808535666211288,0.20982512040811832,0.15280725134150583,0.28175432303764897,0.14866149194773284,0.08507097845070853,0.1965634926417306,0.13879143015546086,0.16981904851040425,0.11259205905572217,0.14065227839573158,0.16408727535559858,0.15264156473900148,0.17161824002446763,0.11213408431859238,0.2039202358884558,-0.033411759132526114,0.1496169059243664,0.14927286548258903,0.10654343945478535,0.18150342640394346,0.1259875943909806,0.12352957108540728,0.1792441316947697,0.18644569207701361,0.14068898704853852,0.10150447435845483,0.1548196175060655,0.1563338749473475,0.19544739600679492,0.15151224499912533,0.1276502339942512,0.12822460339358396,0.21784390125167344,-0.002674433802127644,0.004652771816158562
0.07113598187428395,0.1181783294789019,0.1863401617471774,0.372088589805068,0.23824570389171978,0.21831122870068606,0.31014030993228603,0.009334168592879014,0.14730285874376306,0.17246683659317624,0.21017593233324416,0.7662707495479724,0.060905802673909604,0.18128745906625693,0.1248087259606751,0.23446048431613942,0.154139510383394,0.2483566844964488,0.11915557992305793,0.12810452671849382,0.23306837260790444,0.23271454562607324,0.18657535963338942,0.11830757044189633,0.19332886628338433,0.14189310123441592,0.22135916288179663,0.027008553843537033,0.1438881420065023,-0.05115151895983207,0.14688743314775862,0.26934261728983055,0.11358405511447103,0.17483004590339515,0.050327239336051995,0.16711116056124423,0.13113884993293132,0.2118270440050929,0.1821513164160104,0.16557787267303203,0.07801133704014904,0.16597521027662526,0.2542278430293121,0.13011030432888473,0.2056082206577058,0.13588074593616728,0.22883713696016658,-0.009326020078019057,0.018225847977458572
0.022578588021427145,0.05643985079184768,0.07647489913554455,0.09188132267688208,0.09018953664831392,0.09723935577835796,0.0655905573948888,0.1168774495246088,0.060170890207314386,0.08483312569300051,0.09843304887134127,0.060905802673909604,0.1979844086570101,0.090463482114001,0.05143000350451458,0.09595554410419323,0.098178628074495,0.0743627624115483,0.05086444487995997,0.04211024005569894,0.06837216253732785,0.11540100499011095,0.0876661377597138,0.06842700655210465,0.09585106333638438,0.07606334980494982,0.08912290805256899,0.06095181090333915,0.12945204665003923,0.028131458510901534,0.05738098013676977,0.09236426846893857,0.05774625387465774,0.09709153660501238,0.08000100636790973,0.06959044709991681,0.051427794003642356,0.07344113080985996,0.0674667332861104,0.05076849664185466,0.1009073298578453,0.07117967885926214,0.0872900961975451,0.11795577446166071,-0.01780159249090037,0.06566824043428467,0.0933357750166167,-0.004555912949068834,0.07847209673424967
0.06532441659360566,0.0445078244091336,0.15300711606890632,0.35120413551273494,0.1768422732295858,0.22589793108573175,0.13388245401761306,0.21589239146887496,0.14631426626845467,0.17483693971159361,0.13808535666211288,0.18128745906625693,0.090463482114001,0.5918370053529041,0.13383577204391467,0.32624845883745546,0.18646193503024744,0.14322066688774354,0.08929482316569079,0.09203908669362046,0.13935020947131826,0.34508823493454516,0.1961559043052371,0.15238750568023027,0.15719370088611537,0.1758183080812079,0.06742499874660676,0.12225690109151394,0.11402944647304114,0.1386969107418005,0.1619429383135685,0.1980468845503302,0.06542050382061154,0.16912742132507574,0.14316237928044445,0.1865652224194792,0.13506957180402202,0.21984525392642798,0.2093332511461836,0.1082365009328347,0.194999993924805,0.17666811542893418,0.08687627185876101,0.28485701967676863,0.10479089665258014,0.13005000720525006,0.20124097361163928,-0.021154070161755714,0.23447841806661363
0.061647827705652115,0.2474479138665233,0.2504241934728608,0.14815035436105028,0.1677221189762028,0.231516614315642,0.09790548786410075,0.17535286512302936,0.17456771388018008,0.1563528692959017,0.20982512040811832,0.1248087259606751,0.05143000350451458,0.13383577204391467,0.7676359876092065,0.18863907488134193,0.28046863741175243,0.13743872627988485,0.1007571682163657,0.2225194272328758,0.09337875433121423,0.23561196341907978,0.1454908107580257,0.15780116592893864,0.18901720311913392,0.15654267833466154,0.16580287501732152,0.1807119533984136,0.1729362703322989,0.07149615590264606,0.17969134640231432,0.1452617932978138,0.14251359457372215,0.23591471632567582,0.14017389826074028,0.14683251153288984,0.2788671683447526,0.23723605995371613,0.16236693966839214,0.07509801411094463,0.20266708118689686,0.199073677017264,0.16929394366965153,0.22124609592802158,0.1133415001826524,0.14482220450417604,0.24888853051498847,-0.003790078501157323,0.07423519886190873
0.0519488344485397,0.0545302584307616,0.11236267205957076,0.29494788302569525,0.21401578507893348,0.21065503400727914,0.1490388432216749,0.16972526617299105,0.07616671499399834,0.15671554049546005,0.15280725134150583,0.23446048431613942,0.09595554410419323,0.32624845883745546,0.18863907488134193,0.5323606674592508,0.20301369034673816,0.1478455693072073,0.16312401409212554,0.11809344433367339,0.12982544159260445,0.34090031407946275,0.1698836030734641,0.14841468864350804,0.17932488294808885,0.13998791242062888,0.1609960808037976,0.14746261182076945,0.17240586436435193,0.15472467352702202,0.16365190335090055,0.23943848094633005,0.09382085220735756,0.1738992046275868,0.19010999501558473,0.18635977530534906,0.13330494986601027,0.24596503455872626,0.21493518746322057,0.14347075613609897,0.2176815585385562,0.23591880263306902,0.18124964765683899,0.2708856618346909,0.1288190857365915,0.13009976915123844,0.2239563401865063,-0.014879939910209763,0.1955068335072802
0.0337359524902329,0.15262751755822634,0.28857032731748133,0.2039335534061447,0.06948565224821211,0.24535790950135447,0.16106128948932114,0.28896548072990336,0.13144287437337168,0.23523825869033574,0.28175432303764897,0.154139510383394,0.098178628074495,0.18646193503024744,0.28046863741175243,0.20301369034673816,1.1246480429495793,0.0039704594567753744,0.15799186104164073,0.3671304183736146,0.1606986478411384,0.24091898860248462,0.15758422199556196,0.14777821064576926,0.2654734819138517,-0.14731628398376076,0.24927098468703718,0.1939092827847439,0.33336947552463236,0.013246106204495013,0.19368843082500065,0.12610841932900838,0.27176825206566607,0.32806333814696786,0.1428170622880251,0.1007895249268623,0.5072434257725137,0.32653122408350715,0.18024426150043296,0.1294848638394412,0.18813587473128665,0.19223368986872116,0.3397616323472047,0.23840919342382352,0.1439420838684354,0.1734777831532237,0.49902907775333,0.0076211076535644155,0.049146400574786205
0.07047593113613967,0.20163234998736557,0.16715083272389977,0.25793497144266586,0.17165710620265204,0.20979704854486175,0.17879541412465463,0.17065602669627164,0.12402419843829751,0.17299792021311217,0.14866149194773284,0.2483566844964488,0.0743627624115483,0.14322066688774354,0.13743872627988485,0.1478455693072073,0.0039704594567753744,0.9606261834797853,0.1345398446919111,-0.2184366148761406,0.24028769456422,0.34734558396347165,0.31680278858202937,0.16352707727827742,0.17034371025080414,0.30374476962521496,0.09239527400715766,0.15150253597226204,0.13185908753666353,0.01685699890008911,0.11931009371072271,0.16420282370300876,0.07086662985650242,0.10228421292857642,0.14114950458068062,0.14295176480713037,0.184474506415861,0.16724139741624588,0.13388748817891172,0.14388623613364368,0.1869408545486775,0.040056937444774884,0.3601161565939887,0.2743591028783377,0.2397345991976325,0.12488828920415852,0.11912807248592405,-0.04640480567830766,-0.007964198378058864
0.03611782705901944,0.004878047252393558,0.20563455418823534,0.009956404961753705,0.05631298985333508,0.18382997642770071,0.10750240400118866,0.11530842957328927,0.0721608501707215,0.07433150228592127,0.08507097845070853,0.11915557992305793,0.05086444487995997,0.08929482316569079,0.1007571682163657,0.16312401409212554,0.15799186104164073,0.1345398446919111,1.1051817239658654,0.09138477062624131,0.15812110192886292,0.37747856416947145,-0.21778299993164588,0.06680691249989057,0.028183971872792625,-0.10365289771783004,0.07334742730866523,0.13239203383187528,0.0005762365462895273,0.2238128056640642,0.12016469046261427,0.15226520606612234,0.09645821712258937,0.06796242293654281,0.09525958516445995,0.11061467018993885,0.21140679421746403,0.19584546472433326,0.23208891535419923,-0.03542727819976815,0.01589958760031925,0.12179354841614069,0.09168252712929449,0.03262332540459772,0.30513756553965204,0.1173364513570003,0.18680401305318836,-0.030022472760243432,0.06515629731691167
0.03130244149114277,0.2485752570579973,0.23269156709482025,0.13152514509759217,0.12752192107041838,0.29455806144250707,0.11835086879962427,0.20350457171732608,0.04707437163195674,0.19291188869292045,0.1965634926417306,0.12810452671849382,0.04211024005569894,0.09203908669362046,0.2225194272328758,0.11809344433367339,0.3671304183736146,-0.2184366148761406,0.09138477062624131,1.2791056916097823,0.19161705535369578,-0.2152932666917914,-0.16473342890145912,0.07398834782911785,0.1593541899604695,0.3969064445690097,0.33212569266526626,0.2887991800053436,0.24423606333752862,-0.051192714585162336,0.2629473778285605,0.15495713720278195,0.26973133629014057,0.37012815090290313,0.28617805480351777,-0.16551147475307296,0.6727837045630798,0.5926314434555232,0.38352861178901565,0.3967267573943084,0.27814720562368145,0.4060937352313505,0.9991895397372172,0.02953562511081937,1.0257435154533554,0.15291723993567816,0.62853487815614,0.10682667679509704,-0.08856803737981034
0.06664946306636332,0.17762160445560732,0.16425078654137032,0.26734905198464914,0.12342516594463607,0.3626845474086199,0.2592141641801292,0.1756264365472787,0.21610336054568346,0.14700618665140133,0.13879143015546086,0.23306837260790444,0.06837216253732785,0.13935020947131826,0.09337875433121423,0.12982544159260445,0.1606986478411384,0.24028769456422,0.15812110192886292,0.19161705535369578,1.1916891090287938,-0.13747198239224298,0.012094266170816523,-0.00020836762556038333,0.1772521145467258,-0.23350742274427222,0.09773042925880933,0.21264546838362786,0.08436745354614515,0.35569228574995304,0.1543520365730682,0.15220117571735883,-0.0020893114775961718,0.21778775539361475,0.4173401270992004,-0.0642120481969793,0.505194411422178,0.3261760115688226,0.14095282793439246,0.2310214485543669,0.13613458284145838,0.17604324544724273,0.4170200072435737,0.3604585904462871,0.9268924785731244,0.08636446476269574,0.4480080251253557,0.030801074284782595,-0.6271982973619992
0.08666391846924663,0.07862817178129736,0.28996776192687845,0.3255270580131142,0.16439721353401304,0.3235251829149266,0.23101525442872248,0.1793842276832636,0.23385014958758532,0.17209265367782264,0.16981904851040425,0.23271454562607324,0.11540100499011095,0.34508823493454516,0.23561196341907978,0.34090031407946275,0.24091898860248462,0.34734558396347165,0.37747856416947145,-0.2152932666917914,-0.13747198239224298,1.9083818353000155,0.3764759986605513,0.11347658871280415,0.2843630230303343,0.22851259701884044,0.157476983351733,0.13812134894840303,0.12218814513789299,0.012413878882210152,0.2949421509025808,0.48124712413879894,0.2847084020218225,0.4627433490172368,0.06616559717759599,0.07302571216470048,-0.027304562950615136,0.6061279871053366,0.5865242219182257,0.08827111840980353,0.3260682593378144,0.25934559663004975,0.13051713771549697,0.686376171248568,-0.5340142718180431,0.2843896635645509,0.4747053384778724,-0.204664468371264,1.8009567205761507
0.04263061462647764,-0.1295980175570878,0.011212358030299269,0.2935456605079421,0.19204533500371462,0.1106239302745276,0.1732531645259285,0.07835304717728828,0.17262366524541778,0.08804152167605914,0.11259205905572217,0.18657535963338942,0.0876661377597138,0.1961559043052371,0.1454908107580257,0.1698836030734641,0.15758422199556196,0.31680278858202937,-0.21778299993164588,-0.16473342890145912,0.012094266170816523,0.3764759986605513,1.9031477018647038,0.1451059948048124,0.377696824282738,-0.24176160775878855,0.0894090688171818,-0.13952595805295007,0.28618289043433526,0.12164586607947946,0.28218303267227196,0.037398217670068935,0.19184594757428697,0.43157061344760134,-0.1353907146849485,0.6183066186618407,0.22404317664524304,0.1680368200773061,0.30441845645108273,0.3149892258338701,0.2088414116825573,-0.029126894196111714,-0.009220516610791376,0.8835817042879291,-0.6199046322821665,0.1860506572232983,0.1682218718271862,0.025823623016137155,0.13204004101862152
0.03506157460003749,0.08093327344489601,0.14799361357847354,0.173215954692602,0.1404440910249706,0.18439373285097174,0.10331458283700964,0.12526731031365548,0.12185547865206578,0.12131074140866259,0.14065227839573158,0.11830757044189633,0.06842700655210465,0.15238750568023027,0.15780116592893864,0.14841468864350804,0.14777821064576926,0.16352707727827742,0.06680691249989057,0.07398834782911785,-0.00020836762556038333,0.11347658871280415,0.1451059948048124,0.55782992544763,0.1080904962884805,0.2203655516822045,0.10063976004245447,0.10984501458262431,0.1592173073698563,0.15300524454860165,0.1248225590354822,0.11246289935915281,0.07325499661978296,-0.020361026264794926,0.08830073683285572,0.2717297703913536,0.012856881305616488,0.07776149137725612,0.09152775494531577,0.04503109467168326,0.12573305005099958,0.11206521751018783,0.0174668436490423,0.10739864699242319,0.10749974374640923,0.13839291646249405,0.04815954753920777,-0.011033212825633666,-0.07738070346458775
0.05350845351683974,0.11714553138538691,0.1785658814573781,0.2239341494121777,0.14379619209318964,0.22210503126039657,0.14816232833563728,0.18794236632218222,0.09012790948807559,0.16797744448260124,0.16408727535559858,0.19332886628338433,0.09585106333638438,0.15719370088611537,0.18901720311913392,0.17932488294808885,0.2654734819138517,0.17034371025080414,0.028183971872792625,0.1593541899604695,0.1772521145467258,0.2843630230303343,0.377696824282738,0.1080904962884805,0.983928690854895,-0.0241004064163431,0.18250950413593614,0.10200700128752127,0.47323759196642445,0.1471386895989854,0.24938492110187793,0.1651709266196111,0.11996578436440462,0.5057359079442031,0.19811488080227982,0.3578965424845504,0.28087695897072606,0.23971770255835417,0.2656165339193345,0.14822045991074634,0.21922138701866126,0.12912174367104787,0.17706832669216507,0.2998402868718271,0.00722035446246967,0.2289078347408247,0.2559710980861401,-0.019643935557784657,0.07635623411787625
0.05002296980138434,0.23946022987202661,0.2517713432325627,0.17955400595811333,0.2214673713701014,0.2035773288109027,0.06532292505244369,0.19901448386661996,0.1676097606211426,0.13004918417511993,0.15264156473900148,0.14189310123441592,0.07606334980494982,0.1758183080812079,0.15654267833466154,0.13998791242062888,-0.14731628398376076,0.30374476962521496,-0.10365289771783004,0.3969064445690097,-0.23350742274427222,0.22851259701884044,-0.24176160775878855,0.2203655516822045,-0.0241004064163431,2.4356756061129636,0.15949394046275103,0.29857501115757823,-0.24555193164605874,-0.3658082888900809,0.23981020125391672,0.44093705926224563,0.20176649218141685,0.003117687833743939,0.16935941414794428,0.004519507333489126,-0.4894612936006878,0.24561845950342126,0.32957584141779245,0.10613331894668897,0.587010420049839,0.5220868663987968,0.33310266745837736,-0.02918119781952802,0.6772423093378925,0.12839973079714237,0.046744488585955826,-0.0026021232187458986,0.41158527605215295
0.03924045795527303,0.1763181021518417,0.17015368374297762,0.14767567366120798,0.0931545673523251,0.1794902961663087,0.13615486663881554,0.14065848406781864,0.0941523898378016,0.15573068730044354,0.17161824002446763,0.22135916288179663,0.08912290805256899,0.06742499874660676,0.16580287501732152,0.1609960808037976,0.24927098468703718,0.09239527400715766,0.07334742730866523,0.33212569266526626,0.09773042925880933,0.157476983351733,0.0894090688171818,0.10063976004245447,0.18250950413593614,0.15949394046275103,0.6337910724279293,0.18793284131796853,0.14217979936150246,0.03989769755679201,0.20413933335256096,0.187374832696188,0.19865716899369001,0.18565743767687215,0.18486410483082288,0.20018349230821617,0.32563126292282185,0.3473432552866671,0.14627152738465427,0.18850432733282688,0.22849027653155665,0.21299035322531124,0.6314766529971434,0.07759626443592467,0.28424454112658104,0.1766299816426104,0.23819800881285833,0.015593275127312133,0.030885490221740752
0.034009967811758114,0.18461130893994027,0.19138435434060017,0.0480152564283475,-0.00927589538812438,0.14164116961555095,0.07341978014316611,0.0739773833854693,0.14719056617696477,0.11133015544970856,0.11213408431859238,0.027008553843537033,0.06095181090333915,0.12225690109151394,0.1807119533984136,0.14746261182076945,0.1939092827847439,0.15150253597226204,0.13239203383187528,0.2887991800053436,0.21264546838362786,0.13812134894840303,-0.13952595805295007,0.10984501458262431,0.10200700128752127,0.29857501115757823,0.18793284131796853,1.055416486176686,-0.13337005513375522,0.3169925291922976,0.2974567156874357,0.13289698400375882,0.5154793330287497,0.18958141955767643,0.5223743757463314,0.09962368701199799,0.44792972533577136,0.39297056562892435,0.1945598007774802,0.11691719595678295,0.4725649211070669,0.3017796927447883,0.24359054089713195,0.5481420283592927,0.37733257876820614,0.12384881563499571,0.329351971078617,0.047034079038265196,-0.0008861519420859772
0.047823552970499714,0.22411186472341635,0.3032004274114932,0.209194652067859,0.1733158597569842,0.24826697616650412,0.1109608686426513,0.19866015450612112,0.0682940618798116,0.21027151463987667,0.2039202358884558,0.1438881420065023,0.12945204665003923,0.11402944647304114,0.1729362703322989,0.17240586436435193,0.33336947552463236,0.13185908753666353,0.0005762365462895273,0.24423606333752862,0.08436745354614515,0.12218814513789299,0.28618289043433526,0.1592173073698563,0.47323759196642445,-0.24555193164605874,0.14217979936150246,-0.13337005513375522,2.128472184203153,-0.4552473885199515,-0.2644458528083954,0.11271738080700644,0.053506709746235094,0.4171377851803307,-0.04104034520422661,0.3942157775072225,-0.3091345241878645,-0.33864521839591427,-0.05473319608658758,0.01355906531640822,0.2742997395922854,0.015259384801632511,-0.05179464797965229,-0.29686554796572656,-0.6109095208524484,0.20447135221824964,0.06806818354379252,-0.04821587308610175,0.11358561631897106
0.0008046690693035362,-0.12131492742215166,-0.4266881490702524,-0.002419025201262483,-0.09674926288112398,0.014081240762114585,0.07758848081845313,0.07714197390807045,0.05161068482373016,-0.037877318747242525,-0.033411759132526114,-0.05115151895983207,0.028131458510901534,0.1386969107418005,0.07149615590264606,0.15472467352702202,0.013246106204495013,0.01685699890008911,0.2238128056640642,-0.051192714585162336,0.35569228574995304,0.012413878882210152,0.12164586607947946,0.15300524454860165,0.1471386895989854,-0.3658082888900809,0.03989769755679201,0.3169925291922976,-0.4552473885199515,3.749681811444329,0.25231819307113884,0.1868112883183932,-0.03866284837794778,-0.5004428823882894,0.5447420887907692,0.9642212489942462,0.24983407602254004,0.2011091571546278,0.18768863305612482,-0.1168683144103406,0.2343923802771788,0.1472054388560499,-0.1842958169796132,0.2863863843190252,1.138184200760109,0.6035000143154428,0.11495958193141166,-0.029959412474324744,-0.08182152455652957
0.056151010281212874,0.08687771098691473,0.15484232363244504,0.15297322785079695,0.1470414382319094,0.1786851725985884,0.13076932175837097,0.11992854720093027,0.12568928794438117,0.12870034724971657,0.1496169059243664,0.14688743314775862,0.05738098013676977,0.1619429383135685,0.17969134640231432,0.16365190335090055,0.19368843082500065,0.11931009371072271,0.12016469046261427,0.2629473778285605,0.1543520365730682,0.2949421509025808,0.28218303267227196,0.1248225590354822,0.24938492110187793,0.23981020125391672,0.20413933335256096,0.2974567156874357,-0.2644458528083954,0.25231819307113884,1.290822125985856,0.2143602708531362,0.1935190926981582,0.06033426629856758,0.29449982039288264,0.6265522066757275,0.4275520689237812,0.3598105906391958,0.4174898383692019,0.2199203700948544,0.33643541185100356,0.230301156733229,-0.02969599267603326,0.4578551128431257,0.4567650588192488,0.2681206155087863,0.26354766739594476,-0.0021147178803183836,-0.2881882260387449
0.05270685191393716,0.10843177553641034,0.13512759761219523,0.2511040660273552,0.19753585078371294,0.24184217484570555,0.17467455842395746,0.1236068384380892,0.13905960391221783,0.1369251871415746,0.14927286548258903,0.26934261728983055,0.09236426846893857,0.1980468845503302,0.1452617932978138,0.23943848094633005,0.12610841932900838,0.16420282370300876,0.15226520606612234,0.15495713720278195,0.15220117571735883,0.48124712413879894,0.037398217670068935,0.11246289935915281,0.1651709266196111,0.44093705926224563,0.187374832696188,0.13289698400375882,0.11271738080700644,0.1868112883183932,0.2143602708531362,0.6605737296628041,0.16016835215786276,0.15347248266758007,0.08572774501878855,0.16906207644673377,-0.08006449036592272,0.23927395575654323,0.2633440563321933,0.09050457874984685,0.1841515222280195,0.2872403313229869,0.15843765982266536,0.10330333693230535,0.22139333535938302,0.2087714610023409,0.2825994809615183,-0.045042784374995835,0.4256001642822937
0.035803046591693914,0.10276075393799933,0.16022575288578608,0.14448292790680028,0.08826542255554337,0.05117353590375694,0.15453953603687776,0.040182960378399385,0.20318829917081274,0.10050956905443731,0.10654343945478535,0.11358405511447103,0.05774625387465774,0.06542050382061154,0.14251359457372215,0.09382085220735756,0.27176825206566607,0.07086662985650242,0.09645821712258937,0.26973133629014057,-0.0020893114775961718,0.2847084020218225,0.19184594757428697,0.07325499661978296,0.11996578436440462,0.20176649218141685,0.19865716899369001,0.5154793330287497,0.053506709746235094,-0.03866284837794778,0.1935190926981582,0.16016835215786276,1.965705421879107,0.21667959653968333,-0.5215662950548433,-0.22702403335099575,0.4226418108575831,0.6530085301686607,-0.034162943958891585,0.10936854920186553,-0.11233338378375951,0.37660097728293657,0.23121639576274883,0.6286170979539676,-0.24421198744387557,0.09408986846833153,0.9805128358083565,0.1353235813030096,0.5334752158282623
-0.013081604025216406,0.13964977448396448,0.2954028949459501,0.29743869214611646,0.19638368360375003,0.2894449210247005,0.18296650115676952,0.21658198377345644,0.16617656675844603,0.23414416546364722,0.18150342640394346,0.17483004590339515,0.09709153660501238,0.16912742132507574,0.23591471632567582,0.1738992046275868,0.32806333814696786,0.10228421292857642,0.06796242293654281,0.37012815090290313,0.21778775539361475,0.4627433490172368,0.43157061344760134,-0.020361026264794926,0.5057359079442031,0.003117687833743939,0.18565743767687215,0.18958141955767643,0.4171377851803307,-0.5004428823882894,0.06033426629856758,0.15347248266758007,0.21667959653968333,2.2944071322163406,0.33908567700676645,-0.04267204524086849,0.9206110572003234,0.12505828627741047,0.18959099270908275,0.04025365322915432,0.2599284623696626,0.12271842666423158,0.27980861567584,0.49852991807630564,-0.6824981800371119,-0.05002134150219093,0.5294324957217028,0.03552707159421326,0.5975831776723777
0.025123312227298508,0.16716867019379306,0.15820696675365312,-0.03992861966895878,-0.10025780510761372,0.1564019463677628,0.028378290809152322,0.16796969286226648,0.030600288825086495,0.13350705911595845,0.1259875943909806,0.050327239336051995,0.08000100636790973,0.14316237928044445,0.14017389826074028,0.19010999501558473,0.1428170622880251,0.14114950458068062,0.09525958516445995,0.28617805480351777,0.4173401270992004,0.06616559717759599,-0.1353907146849485,0.08830073683285572,0.19811488080227982,0.16935941414794428,0.18486410483082288,0.5223743757463314,-0.04104034520422661,0.5447420887907692,0.29449982039288264,0.08572774501878855,-0.5215662950548433,0.33908567700676645,1.8558207480712974,-0.07043908177333207,0.40609292564891836,0.057761021238297336,0.43258147434396016,0.2587060448863113,0.5268924913748944,0.22900911726566248,0.6323234098231683,0.20550729978514115,0.8749009124088926,0.17935749898370223,0.202043981747341,-0.028524155883434894,-0.05146272940071498
0.027012258616852445,-0.05833051849466716,0.04109140243510231,0.1835647617274527,0.2093732362553981,0.06508811293641688,0.1101201377029368,0.0972956063702374,0.09085283235928934,0.08685611427376537,0.12352957108540728,0.16711116056124423,0.06959044709991681,0.1865652224194792,0.14683251153288984,0.18635977530534906,0.1007895249268623,0.14295176480713037,0.11061467018993885,-0.16551147475307296,-0.0642120481969793,0.07302571216470048,0.6183066186618407,0.2717297703913536,0.3578965424845504,0.004519507333489126,0.20018349230821617,0.09962368701199799,0.3942157775072225,0.9642212489942462,0.6265522066757275,0.16906207644673377,-0.22702403335099575,-0.04267204524086849,-0.07043908177333207,3.154890720778119,-0.6689937157575914,-0.5656819704099041,0.12975347469338527,0.04870825004818729,-0.03628981791360757,-0.11479427879454462,-1.8913896107568733,-0.35755108062193935,-0.41700665719437074,0.6351058879119165,-1.1432669857326805,-0.06632410656164295,-1.42275153914543
0.05273378804949293,0.3903780070911393,0.3127330144044289,0.14382105499797568,0.07320187923077698,0.2499944470605841,0.1867409192694617,0.2098282981073837,0.16466302749939196,0.2366836026715413,0.1792441316947697,0.13113884993293132,0.051427794003642356,0.13506957180402202,0.2788671683447526,0.13330494986601027,0.5072434257725137,0.184474506415861,0.21140679421746403,0.6727837045630798,0.505194411422178,-0.027304562950615136,0.22404317664524304,0.012856881305616488,0.28087695897072606,-0.4894612936006878,0.32563126292282185,0.44792972533577136,-0.3091345241878645,0.24983407602254004,0.4275520689237812,-0.08006449036592272,0.4226418108575831,0.9206110572003234,0.40609292564891836,-0.6689937157575914,4.358971452323313,0.967455804339295,-0.19852961168371838,0.23140844273680164,0.6251059787979841,0.2319225580951911,1.5453280609064943,0.9279488259544546,1.2136756537191076,-0.029374469591905282,1.0798334930403302,0.10343084549167,-1.0522884151164769
0.12149691036750182,0.2646186667573217,0.47462126040486796,0.24588455337144957,0.004160302219158641,0.3762641613619083,0.21027026390225204,0.21927863777174456,0.2290663195397128,0.19961669979146254,0.18644569207701361,0.2118270440050929,0.07344113080985996,0.21984525392642798,0.23723605995371613,0.24596503455872626,0.32653122408350715,0.16724139741624588,0.19584546472433326,0.5926314434555232,0.3261760115688226,0.6061279871053366,0.1680368200773061,0.07776149137725612,0.23971770255835417,0.24561845950342126,0.3473432552866671,0.39297056562892435,-0.33864521839591427,0.2011091571546278,0.3598105906391958,0.23927395575654323,0.6530085301686607,0.12505828627741047,0.057761021238297336,-0.5656819704099041,0.967455804339295,3.0156833358801216,0.00748132848526684,0.5552144119989515,0.5822097687536576,0.47835241664680894,1.9585503955245624,1.4665887206329997,1.2465697335205848,0.23361903060030673,1.2788938791771611,0.117787945912679,0.19225579943346152
0.04384241162321012,0.034046713027645364,0.07841150330475098,0.20751081440578126,0.14808330218970522,0.2676076975960603,0.15627005150319562,0.154310234643644,0.10042077334462607,0.1494083580395549,0.14068898704853852,0.1821513164160104,0.0674667332861104,0.2093332511461836,0.16236693966839214,0.21493518746322057,0.18024426150043296,0.13388748817891172,0.23208891535419923,0.38352861178901565,0.14095282793439246,0.5865242219182257,0.30441845645108273,0.09152775494531577,0.2656165339193345,0.32957584141779245,0.14627152738465427,0.1945598007774802,-0.05473319608658758,0.18768863305612482,0.4174898383692019,0.2633440563321933,-0.034162943958891585,0.18959099270908275,0.43258147434396016,0.12975347469338527,-0.19852961168371838,0.00748132848526684,2.4569674768118936,0.5035391316083961,0.21082993772022668,0.2930632708960781,0.21233756343507754,0.38096702245908975,0.8207922612431128,0.1341252661990833,0.421948248927922,-0.029911766431001338,1.6342541220988802
0.023344963607405875,0.0427477060796592,-0.13260243377085457,0.18158234902986614,0.13378555959009264,0.20018772905256682,0.13514747931128104,0.08938767870492263,0.057219223889484104,0.10236704764378217,0.10150447435845483,0.16557787267303203,0.05076849664185466,0.1082365009328347,0.07509801411094463,0.14347075613609897,0.1294848638394412,0.14388623613364368,-0.03542727819976815,0.3967267573943084,0.2310214485543669,0.08827111840980353,0.3149892258338701,0.04503109467168326,0.14822045991074634,0.10613331894668897,0.18850432733282688,0.11691719595678295,0.01355906531640822,-0.1168683144103406,0.2199203700948544,0.09050457874984685,0.10936854920186553,0.04025365322915432,0.2587060448863113,0.04870825004818729,0.23140844273680164,0.5552144119989515,0.5035391316083961,1.3466884177492544,-0.0003345378377843064,0.11845962391477735,0.7940910631378771,0.35115031233246974,0.5816609703376023,0.18312772944117728,0.3987096933393088,0.07379339423107874,0.4106540359540054
0.07535785041952456,0.19728788129142025,0.33349046613694594,0.1209447742562219,0.04365387234440684,0.08518723812586598,0.11272153109492317,0.16994544894562236,0.13784097459247083,0.20755143782873892,0.1548196175060655,0.07801133704014904,0.1009073298578453,0.194999993924805,0.20266708118689686,0.2176815585385562,0.18813587473128665,0.1869408545486775,0.01589958760031925,0.27814720562368145,0.13613458284145838,0.3260682593378144,0.2088414116825573,0.12573305005099958,0.21922138701866126,0.587010420049839,0.22849027653155665,0.4725649211070669,0.2742997395922854,0.2343923802771788,0.33643541185100356,0.1841515222280195,-0.11233338378375951,0.2599284623696626,0.5268924913748944,-0.03628981791360757,0.6251059787979841,0.5822097687536576,0.21082993772022668,-0.0003345378377843064,2.7448142603935546,0.33080615064047253,0.3320515393637445,1.3121279530726535,-0.024751119436744073,0.3028316391505077,1.0644966878233415,-0.04766587378491911,0.379978123423255
