1.0078019438832426,0.20376218551832695,0.18026084637097742,0.08456482568368034,0.10732111630307059,0.049104409188340595,0.25648083925461646,0.15402930654474012,0.07802648055941548,0.17467968549533747,0.11416191076282807,0.12864467627610776,0.05606693461996357,0.13520540629724945,0.1422197142705102,0.08937899018227813,0.1272688121393344,0.1779712000994356,0.03319430865526324,0.07013521863905746,0.10918657160958455,0.08236381621851101,0.09791738504830187,-0.07187619677056044,0.1231834659385334,0.15193180248280694,0.14164655053373076,-0.05193545059442794,0.030189403824896013,-0.0005658765405247631,0.10098191984759504,-4.543431635922757e-6,0.05354474161505347,-0.10250609107855531,0.12662272071697603,0.06794220617038994,0.13107308719899868,0.052839755767389605,0.02708341477144034,0.05040238444050816,0.12325595831966875,0.09105297092552948,0.012656758215701853,0.022005926074810736,0.07958534406948521,0.10664963208650492,0.08448381136757399,-0.012557651607426851,-0.09039833296618709,-0.03668530046509445,-0.027309807604004255,-0.15273271033371263,0.19332443054443918,0.06151944267670106,0.0959925064436636,0.10248156864260961,-0.15778205898633502,-0.0024230021682794377,-0.15321916752969367
0.20376218551832695,1.4579845639051887,0.7709247050347707,0.09874246801771748,-0.05430328211321665,0.21779711696768553,0.19730849480574714,0.31069743793032845,0.2174928409311447,0.25009117359229194,0.2352720189119733,0.1680715161996319,0.12057404817189965,0.19932220939873266,0.4182867378292627,0.15717353373547513,0.2840617313629359,0.5904860634260474,0.13540684239830253,0.29837789213830196,0.33498732854913615,0.17084160819839653,-0.17383092661490834,0.21722205209755957,0.05100598888502412,0.5700128426016092,0.2224873213942241,0.4383459711835851,0.2288757471285104,-0.03766093010614806,0.1693287257745411,0.19285702906524138,0.16473510420760532,0.17188793170018307,0.1703892592867298,0.20282683738525184,0.3841330798340643,0.19253535829355356,0.030144258769180025,0.03540858673589514,0.3204888419537892,0.29634317951820566,0.12900059184382112,0.04705753759476333,0.08956036283432718,0.2914123809398503,0.2440103240149555,0.0009341951312544027,-0.10748144496112763,0.00540046133825487,0.004168014871596207,0.1967972582104519,-0.18723219584529008,-0.06517206209619752,-0.31638167995605343,0.06260585027848878,-0.20076890036568038,0.31717704040724065,-0.059983190345353175
0.18026084637097742,0.7709247050347707,1.6665814760614464,0.03197915030110434,-0.4985624444306011,0.20902757053762855,0.26290519698482084,0.29778436403026287,0.2940501430393357,0.40016077587118415,0.1977991427773173,0.23511331775576397,0.11883373760774214,0.12194492025330421,0.2820207215599198,0.07289262792446659,0.2366665820380166,0.2825317040797801,0.026914490553855804,0.13712607808926025,0.16840798683837138,0.1865025424911334,0.016771636961731073,0.1086962486266548,0.11375789300311075,0.3561346090672951,0.2374993652418012,0.39188392885321566,0.24822244935309257,-0.26414712818924163,0.18176631851602532,0.12856585740355259,0.14060328968354882,0.16674053067646918,0.04610197557242346,0.24993994909358588,0.2461194096392032,0.15494873099556392,0.02503682551754173,-0.12823341923470144,0.18184090653220153,0.1582494865479707,-0.006059997473525511,0.07404243012670106,0.10268256118309342,0.37673800523000367,-0.004184831995815673,-0.02675844862715325,-0.4286636238519238,0.11849818727758878,0.05497398128248719,0.4851895660148586,-0.641735025124907,-0.09338371584511482,0.021891216314586796,0.2725031787358888,-0.22053860913978085,-0.10375530745002262,-0.1007768860441392
0.08456482568368034,0.09874246801771748,0.03197915030110434,0.8036179437846181,0.367242251425177,0.17718895494046044,0.26162323323742476,0.13862180780921854,0.08952561799146981,0.17663576141279372,0.13961025649198913,0.24894827369259584,0.08324396415894007,0.17759331266121062,0.15259530950564448,0.18228392618820002,0.144110103918806,0.12919127188982985,0.16539543537218976,0.12217288402795393,0.14687762490914916,0.1343105208902086,0.13868614256163822,0.11203634219542777,0.13409769837119123,0.1445031467117283,0.05165862516750267,-0.033235042565000324,0.16222841915761235,0.07625108401706988,0.1144980449493145,0.12339296314084018,0.005027009223456911,0.19363242589321303,0.07103687489262112,0.13655891864903089,0.12930630205202556,0.07928950399328517,0.15426882659749655,0.0787691928617519,0.09983113192042688,0.13435319432525006,0.09254853582464821,0.11786245936138061,0.015034180663321614,0.08193632098461782,0.1026665755600934,0.006756601067139359,0.07567876008133771,-0.06641048999089334,-0.052694621372930205,-0.26084855256676226,0.31546258786904474,0.05311453945563635,-0.07660225040245658,0.05578998051010512,-0.1527974531368814,0.11829138560880717,0.011603996468523173
0.10732111630307059,-0.05430328211321665,-0.4985624444306011,0.367242251425177,1.020435872593308,0.250282002940033,0.13582014898073225,0.1220167992859961,0.06917629586204437,0.04767334306601049,0.1442734858415215,0.19039020233003848,0.10384740577566368,0.17791781881975363,0.16520575642152885,0.22347912999887282,0.122750694152627,0.1737687616208232,0.3500704577299423,0.13119956625144813,0.1655816566660154,0.15097365495769666,0.08306142293766469,0.16925887356312747,0.10139850799559803,0.13144292870665636,0.005944826122749065,-0.19501578830680247,0.16739693982385104,0.18718269008438684,0.07742099166006057,0.1717296592234891,-0.044399956096572775,0.22685780619327547,0.08220631764308528,0.1224747279630912,0.10316184775573516,0.07225835343856156,0.1926128525054414,0.1542393184300697,0.07241649343060463,0.14459429232569732,0.14324663990493625,0.06757549158459464,-0.002534492821264324,-0.009950498844828808,0.2095835795431407,0.02314079417094806,0.3942192562482158,-0.16696987794637128,-0.11992012086036039,-0.6648856483480661,0.9367005307233097,0.07858412599558746,-0.15013072692109777,-0.1510665521857898,-0.0716904206009636,0.2714159508402738,0.07526517177319385
0.049104409188340595,0.21779711696768553,0.20902757053762855,0.17718895494046044,0.250282002940033,0.5854324891945313,0.0007199805411539894,0.3169655640496128,0.18678600085330102,0.07730574143484649,0.18339520907100032,0.1959314289654126,0.12499735128858772,0.17426336660246022,0.19288913029764088,0.19929765053848994,0.22689390611663485,0.2686722219582366,0.3724437910699183,0.1964302935187042,0.1816133287621208,0.21318817429954207,-0.031419419572108316,0.19849286743659475,0.09023556163485254,0.34789686960558625,0.05184966287711488,0.31007629106133433,0.24470945486023604,0.012929771642052425,0.1207148180736006,0.18320283128390946,0.07434929114153097,0.21383228321279676,0.05186335645859615,0.09375625334492436,0.3031804802235204,0.11191754962551814,0.27794433886487535,0.09898491598751817,0.08044789318584104,0.17502053945650028,0.20542769683467305,0.10007861484673929,0.02776790896196908,0.12151315960872963,0.19649220274644863,0.019877848428141637,0.3715665655354173,0.43434164929540925,-0.07698016979206292,0.23510580049049679,-0.6965116389651664,-0.06178918197432466,-0.2532732641351833,-0.06515910175037962,-0.15468513093704708,0.3682131910816606,0.02063367391968318
0.25648083925461646,0.19730849480574714,0.26290519698482084,0.26162323323742476,0.13582014898073225,0.0007199805411539894,0.7256856868426045,0.12317471321858849,0.20322666498715844,0.231452899665708,0.16660376911731303,0.32649820380074146,0.09635337464396561,0.1556339833485174,0.06707825613986455,0.17593930656397458,0.17622043092676365,0.11516040805763537,-0.005082777520042272,0.10670146112643018,0.1753377263381887,0.18065826405926785,0.30088476533477826,0.086539807570643,0.18442546487929248,0.1360875762503043,0.16697515366832563,-0.17270686247770445,0.18258375852530453,0.023839176086936403,0.15556313432954494,0.12980121939804265,0.0643810336934274,0.17553491688225947,0.10246553268311824,0.23558903056050876,0.08136673249903881,0.08565199074045424,0.11671476713528703,0.07683450614846214,0.08902291132951161,0.1582668125090087,0.024524795840110514,0.062491578306634724,0.049523599316088976,0.16954208136965704,0.005374730160389103,0.007040244730779708,0.12916065592669973,-0.2183761990081178,-0.045004164848626564,-0.34585783685778215,0.5672682738212387,0.07610264452635436,0.022132912019923054,0.15315735946506612,-0.17257380204578301,0.004077896011483499,-0.21849858773139033
0.15402930654474012,0.31069743793032845,0.29778436403026287,0.13862180780921854,0.1220167992859961,0.3169655640496128,0.12317471321858849,0.787686586908518,0.10583922193717615,0.23886876159593434,0.2701976782465522,0.021295539504262606,0.14888351460595206,0.19701464821558337,0.20279716052598284,0.18888511053412688,0.2736511597012049,0.37079442854317435,0.24029717516115245,0.224047015289446,0.15959765132699785,0.16622022966862748,0.04043229941480131,0.2040941676310127,0.10020054519294744,0.3379488264685632,0.16361343598793862,0.2792158654970494,0.2244154126547398,0.11251006519884245,0.1451774830841125,0.10159849816258905,0.11701292790428691,0.178948843788037,0.1386532167324929,0.18334565860325913,0.3646338035640663,0.1367436051058661,0.17761103125597213,0.10094752815574104,0.19657801201520209,0.16633348323319713,0.23986658635532118,0.07919391567376312,0.08431023707888129,0.19235131814760112,0.2903635654469157,0.008827898795050939,0.03441921113781254,0.22473636417476314,-0.023819572125322444,0.235544460817585,-0.49691148876474983,-0.022469104939809696,-0.22371244499777881,-0.029124477397462364,-0.2022661318910002,0.3434462176251107,-0.020344898228298602
0.07802648055941548,0.2174928409311447,0.2940501430393357,0.08952561799146981,0.06917629586204437,0.18678600085330102,0.20322666498715844,0.10583922193717615,0.6843024795681597,0.0569150106696313,0.10829496460038306,0.13336630604430244,0.07956193470982575,0.14499746181483525,0.03220950156255294,0.08649999301547673,0.12449480884046779,0.14189115905068278,0.11140357792866051,0.10880570526649719,0.16211841865234597,0.325141246500521,0.17433877903074688,0.13552346484104968,0.05484069469114394,0.20559976866402144,0.18607569276535588,0.11331469908490069,0.13239187191065493,0.04721417742771579,0.1432779005808657,0.13585209802895679,0.15928408993556756,0.13924927678735582,0.012081423044143601,0.23724194170761337,0.16370977779826218,0.10128519413695632,0.13704181119916273,0.07143764681343995,0.08598362501630577,0.14583692074968305,0.15392014828334122,0.06270957830918066,0.012090638586461165,0.22428228420650678,0.09766070417895341,-0.03175055033293804,-0.1575255457065898,0.016174865635528307,-0.0036511782579554094,0.03809129309516088,-0.03028845925447007,-0.03484597083878054,-0.14265664662424496,0.09696388978196789,-0.13103607530991732,0.07745396522299344,-0.04283034177209736
0.17467968549533747,0.25009117359229194,0.40016077587118415,0.17663576141279372,0.04767334306601049,0.07730574143484649,0.231452899665708,0.23886876159593434,0.0569150106696313,0.7499147833780214,0.16062532690265846,0.25707199973105616,0.1140899898760093,0.12013961494641558,0.23072845980146908,0.1130641733082621,0.20078480175527305,0.16898250664361622,0.054035583549111164,0.09810307034860184,0.07498720554900953,0.09726794557602964,0.2074098498236356,0.04587867874865,0.22753672686288265,0.0931497671573093,0.18485609195503966,-0.05311972564362764,0.24304265345917647,-0.01554838432722511,0.16325220224434556,0.08605587171303358,-0.0181146256225739,0.2414013828091003,0.11727126743896164,0.16968561071550725,0.15129100377946017,0.07761307387293678,0.11500278292112492,0.02838987506992828,0.16141999479627867,0.0782355514222484,0.046230813692328995,0.06316405303257064,-0.03709890211292137,0.1749821751021048,0.07354759192858125,-0.003434882170360156,-0.02241984857053755,-0.12487879381475575,-0.005545905252858169,-0.07991485862961954,0.17049647054240955,0.040703923072438704,0.16541896683148752,0.3100944013547893,-0.1659386252223617,-0.33273930271946767,0.06106201028684486
0.11416191076282807,0.2352720189119733,0.1977991427773173,0.13961025649198913,0.1442734858415215,0.18339520907100032,0.16660376911731303,0.2701976782465522,0.10829496460038306,0.16062532690265846,0.4946294114898584,0.15169222682179054,0.13392753468501353,0.13224768015782215,0.24339480123065566,0.16508409555697093,0.2430456310065583,0.289877196939291,0.1369163391839456,0.2281622870637246,0.22154736555179275,0.12758663540264892,0.06257090238356862,0.17576363240727805,0.10259496120338525,0.2909597410601531,0.23241539937566433,0.14790511186407324,0.18946704548845303,0.07977168620640018,0.1645249520601269,0.13238702866301102,0.1009050113130752,0.16572695778814467,0.22500352409283342,0.2072684104033225,0.24325546941594667,0.14169144982130466,0.10374722664375723,0.1249005557195306,0.1896042208401428,0.205927119618981,0.14138147097029088,0.03596753810584004,0.11873403136022267,0.21109866756796122,0.1954670988067798,0.002639488644752645,-0.18599427937967505,-0.035245370955054874,-0.01618185807288228,-0.07335987097930391,0.033234020368807224,0.07190493501805592,-0.15070485860692578,0.003252223699734136,-0.1359482399524094,0.14672604502526707,-0.000994306120610714
0.12864467627610776,0.1680715161996319,0.23511331775576397,0.24894827369259584,0.19039020233003848,0.1959314289654126,0.32649820380074146,0.021295539504262606,0.13336630604430244,0.25707199973105616,0.15169222682179054,0.7469671299488307,0.10721648068442853,0.13382609063047368,0.11705965417900052,0.19911912774562837,0.11340072750015304,0.025579598593837745,0.14705358605044225,0.10328332203565449,0.11239418548292077,0.1718723662731437,0.17063429954118212,0.06369488533771507,0.16947535358540036,0.07664185443870326,0.09261501949636336,-0.042930051185286415,0.17178930201198805,-0.03616222733008421,0.15490080393056457,0.17804378861359726,0.05436319902161014,0.20897706816880723,-0.0016732388710361354,0.11007322702631266,0.13661986294733428,0.07213241868720971,0.19296037588492268,0.055419743991611856,-0.00564334810609242,0.11451764832775144,0.07910804380770411,0.07639437027022579,-0.052520497494006835,0.0783117186436228,-0.025605340862768812,0.03316778263880965,0.5136127713019187,0.0253346468905085,-0.030180278307260902,-0.10266614667635919,0.11824258497935695,-0.020428943389557818,0.00540950253272458,0.16067317804216524,-0.16985069220997717,0.007899026095542445,-0.029638885613071715
0.05606693461996357,0.12057404817189965,0.11883373760774214,0.08324396415894007,0.10384740577566368,0.12499735128858772,0.09635337464396561,0.14888351460595206,0.07956193470982575,0.1140899898760093,0.13392753468501353,0.10721648068442853,0.29521581418112525,0.08461903144471096,0.012565189519804999,0.10844452602784631,0.10740229965339394,0.12023042579121579,0.11422691665473608,0.10013510294093307,0.07631429982376263,0.11035684610999165,0.08575677202082253,0.1272473371123911,0.10669628851596566,0.12174849667885061,0.12607370398816284,0.08588319562540017,0.16750422116274052,0.05546241208713161,0.09239083153313547,0.11102943584175992,0.10156482284143005,0.13093114030834133,0.1213644457153835,0.12335628684488262,0.12144863345941183,0.07182579551216367,0.13347337766930173,0.060008775516029574,0.07227367923464746,0.08784403494788764,0.09355052643255338,0.05190404165072849,-0.024590330491376905,0.14509404086475466,0.09289289742902342,0.01716661551823373,0.11759454204944743,0.11208119008133866,-0.016130012798881245,0.08386360096551639,-0.09799928388500447,-0.0754029261720726,-0.07499016800739874,-0.017388125240511636,-0.015089717072684186,0.03958366515220486,0.011237518538546702
0.13520540629724945,0.19932220939873266,0.12194492025330421,0.17759331266121062,0.17791781881975363,0.17426336660246022,0.1556339833485174,0.19701464821558337,0.14499746181483525,0.12013961494641558,0.13224768015782215,0.13382609063047368,0.08461903144471096,0.5251950656023731,0.2593095140293303,0.25060943579145406,0.23248255026039116,0.2539466864930636,0.14757090230439224,0.18779090893779898,0.2156167498116267,0.19551114685675292,0.15113639168073756,0.16040442842008576,0.1269944231681548,0.28728989149082657,-0.0013670044180570575,0.0612482641880165,0.1794615536988244,0.10551281793620654,0.11511591431045566,0.09121592054945563,0.04269360133665107,0.1682127746318352,0.12062819396754838,0.09621692460969676,0.3130318563580636,0.09214375602169927,0.15653424531575344,0.1265935373224085,0.202207070519366,0.1966076883151861,0.26325008812256967,0.09621273590409701,0.04853177172521867,0.08692446380058934,0.20003732176308414,0.005331544433737407,0.2913902190126928,0.06221161177628595,-0.012713441184612255,-0.07451619635808959,-0.09686049248541612,0.06954347703922531,-0.2621269331975141,0.03138338038147338,-0.2818751553556066,0.36891462097830363,0.03512074182946188
0.1422197142705102,0.4182867378292627,0.2820207215599198,0.15259530950564448,0.16520575642152885,0.19288913029764088,0.06707825613986455,0.20279716052598284,0.03220950156255294,0.23072845980146908,0.24339480123065566,0.11705965417900052,0.012565189519804999,0.2593095140293303,0.9775144714576663,0.15055889204480513,0.3819182083784634,0.48044380183130164,0.1470540145658178,0.2916207171643277,0.2749936163429852,0.09231578854003636,0.07188536788973898,0.21897278798166542,0.16039172269627827,0.4654997665201642,0.12503982887026668,0.1878298599666484,0.21089340477133972,0.08305943533142379,0.18439084624409544,0.08298538419336168,0.12850888038734437,0.20406067668111263,0.18250931033285733,0.21526670423461702,0.4110340983749322,0.14147905130250613,0.1730120534343828,0.10178339339132801,0.2752996909632967,0.25052143058364135,0.2058277372727088,0.05287303588090022,0.0636483238856886,0.22132461671715228,0.28472825631792226,0.03267856364828004,-0.0035376816974882707,0.19805669269292145,-0.05124655154876947,0.07911320175816543,-0.14430999065714661,-0.09058933814734364,-0.24830257892705898,0.13006189709400895,-0.3812538857983739,0.36185430214331454,-0.0992537508565463
0.08937899018227813,0.15717353373547513,0.07289262792446659,0.18228392618820002,0.22347912999887282,0.19929765053848994,0.17593930656397458,0.18888511053412688,0.08649999301547673,0.1130641733082621,0.16508409555697093,0.19911912774562837,0.10844452602784631,0.25060943579145406,0.15055889204480513,0.6807396691771134,0.15765202711774845,0.22490496342073962,0.24262275708897135,0.13659982519785993,0.18522039720516142,0.34644453071508213,0.05293529752822974,0.17722174846688196,0.06116755028818893,0.22365076127269573,0.02488122596042785,0.27482557909152916,0.2162984805714703,0.10056073457923202,0.09697550181247709,0.20434918224911477,0.07274975928554321,0.2030677763389699,0.12533943381954366,0.11233313290248838,0.17615252337527254,0.08426917590019366,0.22383411046354948,0.12229333882742086,0.17199750241942274,0.22816705393311024,0.20888448062976997,0.12792918605143042,-0.03819914164007461,0.07700314648122472,0.1574937875450702,-0.009242175885099128,0.3844895757009474,0.08384223039768378,-0.007416161290943069,0.06887318490438714,-0.19475912100647888,-0.014683810408373788,-0.2174173776489062,0.014769176011602426,-0.2330465914436937,0.2646193356670025,0.07259291646974023
0.1272688121393344,0.2840617313629359,0.2366665820380166,0.144110103918806,0.122750694152627,0.22689390611663485,0.17622043092676365,0.2736511597012049,0.12449480884046779,0.20078480175527305,0.2430456310065583,0.11340072750015304,0.10740229965339394,0.23248255026039116,0.3819182083784634,0.15765202711774845,0.9065811575523953,0.5671730303614927,0.1956690797428174,0.28406892635959063,0.33463062428505397,0.14937480102635292,0.06400676921356817,0.19507071558821756,0.1644565494397319,0.46098948573210524,0.19771122488645243,0.21874037534931895,0.25813430431052353,-0.0327015858509352,0.18333266411716534,0.11477724617382294,0.22190002773092415,0.19222148923493207,0.17504877092625956,0.12800125485894476,0.45325983752113347,0.15488649507928207,0.20892974152809618,0.1392488497452048,0.23871237281592514,0.2800715240180844,0.21564176334838875,0.04493538140516214,0.08289881908401935,0.24337193403618504,0.2917058354383283,0.029642593898307017,0.12553932547560878,0.286768820863043,-0.021494764072972967,0.0797848180047126,-0.3662954365810115,-0.05211930653050198,-0.17394881494051684,0.03049858648726362,-0.22781577543622406,0.25407844969957605,-0.03451206105071536
0.1779712000994356,0.5904860634260474,0.2825317040797801,0.12919127188982985,0.1737687616208232,0.2686722219582366,0.11516040805763537,0.37079442854317435,0.14189115905068278,0.16898250664361622,0.289877196939291,0.025579598593837745,0.12023042579121579,0.2539466864930636,0.48044380183130164,0.22490496342073962,0.5671730303614927,1.7652677427837316,0.23529389482662932,0.05491355539191668,0.4476991018373073,0.14457855176468237,0.030042008368509048,0.31741864568227834,0.07444266344399632,0.9098951184796404,0.350425266879795,0.24121022439716341,0.2833541118540631,-0.1366505584853108,0.20893290668414308,0.1402817599967969,0.19086835587076498,0.20589245061892344,0.3824264715403527,0.30996245460997085,0.4676375010027853,0.06836597090389421,0.09511456867748612,0.18174362019881657,0.4124564727817927,0.35664803984092425,0.1654291392396507,-0.01855166771795556,-0.01837776110692303,0.32088444143003086,0.7774547523504519,-0.022975579699685732,-0.348357159490007,0.1429002274247402,-0.023699441488563573,0.03612084329229889,-0.15152630567476455,-0.058661808626523114,-0.32118318782933886,-0.08711495931099358,-0.2548687083920125,0.4644508767783064,-0.11587482900232379
0.03319430865526324,0.13540684239830253,0.026914490553855804,0.16539543537218976,0.3500704577299423,0.3724437910699183,-0.005082777520042272,0.24029717516115245,0.11140357792866051,0.054035583549111164,0.1369163391839456,0.14705358605044225,0.11422691665473608,0.14757090230439224,0.1470540145658178,0.24262275708897135,0.1956690797428174,0.23529389482662932,0.7278597548822748,0.05554688521602209,0.16917548993155707,0.2134028590977505,-0.1689814654505012,0.1675859636499072,0.10419852134051558,0.12042082454474864,-0.011944535366207643,0.4468663924027713,0.1775859541399076,0.09406061389570954,0.09088265629429153,0.16909720122002883,0.14075582204831583,0.159455079137396,-0.001658594065167324,0.0944655749428662,0.21859913617252835,0.07189957976722029,0.26211820205438763,0.04488503752574783,0.05638917156359758,0.15085616887780384,0.0925786222668809,0.08142612208175422,-0.014050358742440705,0.08312494406661593,0.14746852428305662,0.025835429027202966,0.29595815867910547,0.2687171588318833,0.12021811708932495,0.523951521304026,-0.8158131980587117,-0.1260158274991745,-0.2054079828334871,-0.07326755290113192,-0.1084053416133991,0.312414649560415,0.02838401048337757
0.07013521863905746,0.29837789213830196,0.13712607808926025,0.12217288402795393,0.13119956625144813,0.1964302935187042,0.10670146112643018,0.224047015289446,0.10880570526649719,0.09810307034860184,0.2281622870637246,0.10328332203565449,0.10013510294093307,0.18779090893779898,0.2916207171643277,0.13659982519785993,0.28406892635959063,0.05491355539191668,0.05554688521602209,0.9325081048970669,0.2217981475118484,0.12063404285061823,0.09146924376438095,0.27029339912531003,0.20201448669262678,0.4817677393011255,0.17352050338400216,0.23255096782235696,0.2762836902455925,0.2584675843608428,0.268138360798459,0.2337103906426021,0.15375167501754822,0.27900547228767125,0.1779837868027364,0.23131146962017868,0.4608919404038808,0.41203153114322094,0.4005949862288025,0.2461720876860241,0.33972170348772524,0.30769639233995383,0.27347340724041186,0.052117405633684374,0.19838306823994167,0.3329944011684448,0.13437200087729442,0.09500703592896455,0.4632953289702086,0.13805500549826985,-0.13272124835428323,-0.05658253211002069,0.11776632004362864,-0.037844117192249206,-0.17379615574874288,-0.02194767694705452,-0.11082202656406204,0.26343026733463604,-0.0516912724144181
0.10918657160958455,0.33498732854913615,0.16840798683837138,0.14687762490914916,0.1655816566660154,0.1816133287621208,0.1753377263381887,0.15959765132699785,0.16211841865234597,0.07498720554900953,0.22154736555179275,0.11239418548292077,0.07631429982376263,0.2156167498116267,0.2749936163429852,0.18522039720516142,0.33463062428505397,0.4476991018373073,0.16917548993155707,0.2217981475118484,0.6676545829697554,0.155322449513292,0.12305833159356411,0.19920728817247216,0.09629254548013853,0.5113659085444204,0.14991068338040361,0.15858644203909888,0.1953328463513072,0.08716173334271396,0.17822794025007388,0.2159902795171185,0.13285512897649873,0.21787931844334504,0.2691134356486007,0.16474204219245706,0.22682717602201677,0.1272212129536596,0.20333790522280532,0.15365556776730568,0.3599442576150376,0.47333182497501136,0.12473043933817732,0.08109460832735702,0.05049084356310587,0.22446900683491985,0.2724752053885556,0.03560008329681603,0.19362446480427317,0.026647376184254404,-0.02600950094119565,-0.07465829737059357,-0.01123806230483995,-0.00125719291761496,-0.21441020634455893,-0.013812454668069673,-0.14411801521196269,0.2919863007878257,-0.09416338756059249
0.08236381621851101,0.17084160819839653,0.1865025424911334,0.1343105208902086,0.15097365495769666,0.21318817429954207,0.18065826405926785,0.16622022966862748,0.325141246500521,0.09726794557602964,0.12758663540264892,0.1718723662731437,0.11035684610999165,0.19551114685675292,0.09231578854003636,0.34644453071508213,0.14937480102635292,0.14457855176468237,0.2134028590977505,0.12063404285061823,0.155322449513292,0.6991012826386828,0.12938563364658487,0.15577457980486864,0.08404640908543076,0.19379658450222562,0.12207545897760692,0.1696284736587544,0.1887325497776932,0.052436867067267426,0.13209508988630642,0.21519429910502455,0.13592469137049046,0.2063069013700889,0.04081134631313678,0.1305861531250316,0.21108759470284774,0.10937559399280074,0.2697243082786468,0.11243441776628704,0.11173164394820592,0.1749381392714237,0.30945795697899436,0.11036155941843646,-0.025545226818675833,0.16481598605223033,0.09520184968387703,-0.08006252175579122,0.4522648432660995,0.14263438038141793,-0.006752384946478091,0.10229680411990057,-0.22383539715512238,-0.052874572925096806,-0.16634032436792567,0.04843778636097636,-0.16813560446789821,0.16715784315262722,0.004100880700368465
0.09791738504830187,-0.17383092661490834,0.016771636961731073,0.13868614256163822,0.08306142293766469,-0.031419419572108316,0.30088476533477826,0.04043229941480131,0.17433877903074688,0.2074098498236356,0.06257090238356862,0.17063429954118212,0.08575677202082253,0.15113639168073756,0.07188536788973898,0.05293529752822974,0.06400676921356817,0.030042008368509048,-0.1689814654505012,0.09146924376438095,0.12305833159356411,0.12938563364658487,2.0132722752983394,0.1516619292173097,0.4305729284847976,-0.1612104193639543,0.1348010353594479,-0.9742452668969437,0.3892946292638438,0.23953024886005045,0.30362328064636024,-0.10453385301027829,0.09796280525386289,0.36091131506693463,0.07751383726904205,0.4851525046209168,0.3854946238443245,-0.007408158650856779,0.7247138791512996,0.3178455653484623,0.020075462886587334,0.0992304426617767,0.3308081448645795,0.1853768462444237,0.03274234829312413,0.320284638545191,0.15293359674405393,0.10618450316453351,0.34164710779722374,0.3403135575342742,-0.03721982064695632,-0.33129433299759686,0.13467207384574675,0.006638931578564419,0.08764656601729448,0.12519880946826334,-0.18100678470749149,-0.0870437421364517,-0.03743349848454946
-0.07187619677056044,0.21722205209755957,0.1086962486266548,0.11203634219542777,0.16925887356312747,0.19849286743659475,0.086539807570643,0.2040941676310127,0.13552346484104968,0.04587867874865,0.17576363240727805,0.06369488533771507,0.1272473371123911,0.16040442842008576,0.21897278798166542,0.17722174846688196,0.19507071558821756,0.31741864568227834,0.1675859636499072,0.27029339912531003,0.19920728817247216,0.15577457980486864,0.1516619292173097,0.9767732220659201,0.043943816999140003,0.45115995115707663,0.18683119034647186,0.20201125423904467,0.18689231343739296,0.43148049945028394,0.15480851326046188,0.26427092789249784,0.4464826411551297,0.13570648482454745,0.26018684254445384,0.3873176156240789,0.43132831957163514,0.2101372224156497,0.08865784339064277,0.1306166047016844,0.18925395944505005,0.2393174018202752,0.3554852721330423,0.08953596830371148,0.08459780476653819,0.31009542321807204,0.38809603061426495,0.049212186694986705,-0.0050540634336008255,0.11132210506907263,-0.07103954500197905,-0.006069358825852967,-0.05356662575639929,-0.08698602578873622,-0.2574924070055647,-0.19467748052644807,-0.009737294181589267,0.26386973314348167,0.02505837929419362
0.1231834659385334,0.05100598888502412,0.11375789300311075,0.13409769837119123,0.10139850799559803,0.09023556163485254,0.18442546487929248,0.10020054519294744,0.05484069469114394,0.22753672686288265,0.10259496120338525,0.16947535358540036,0.10669628851596566,0.1269944231681548,0.16039172269627827,0.06116755028818893,0.1644565494397319,0.07444266344399632,0.10419852134051558,0.20201448669262678,0.09629254548013853,0.08404640908543076,0.4305729284847976,0.043943816999140003,1.8289063225514102,-0.24263449665964337,0.11755966538667217,-0.17622261556029709,0.7638214336169544,0.3249107574674373,0.28963565414596015,0.04628821171483709,0.05826903133874128,0.45187015647542017,0.23494539091092514,0.36816471874477213,0.25657688544088414,0.17147305627173565,0.24769615581367613,0.09994335708623311,0.1563297953319496,0.08180416163735843,0.07276376244584189,0.07842793898556966,-0.03683184702861153,0.4920048668833948,0.18990220322718745,0.0062613860429369395,0.02969964877214783,-0.16206468179800018,0.06653689300231459,-0.01096299671722435,0.22782513039226732,-0.0433036989580598,0.08458776981092271,0.1928645560730426,-0.1069778113266002,-0.12021984038680232,-0.08814124154241074
0.15193180248280694,0.5700128426016092,0.3561346090672951,0.1445031467117283,0.13144292870665636,0.34789686960558625,0.1360875762503043,0.3379488264685632,0.20559976866402144,0.0931497671573093,0.2909597410601531,0.07664185443870326,0.12174849667885061,0.28728989149082657,0.4654997665201642,0.22365076127269573,0.46098948573210524,0.9098951184796404,0.12042082454474864,0.4817677393011255,0.5113659085444204,0.19379658450222562,-0.1612104193639543,0.45115995115707663,-0.24263449665964337,3.1587017241580098,0.20898257632527095,0.3648007378626718,-0.1592159714978728,-0.6977640152631651,0.19804964524602428,0.4877134278016939,0.1188216407920688,0.15743206107070412,0.534854238301205,-0.04094328612767531,-0.04647445137002984,0.199791548744614,0.4051403173968981,0.2871490708814693,0.6871032976398965,0.5926492599837242,0.05673113065822009,0.056941232689669094,-0.24924002054931768,0.23561962899593397,0.07599551816653126,0.04314761689523844,0.6606751602179011,0.7547678621185641,-0.3258827982301628,0.10978274065974564,-0.6336283116380071,-0.059482656584451316,-0.34380112324906914,-0.08922834873231329,-0.2821992935177369,0.6809670236738642,-0.18301365692357788
0.14164655053373076,0.2224873213942241,0.2374993652418012,0.05165862516750267,0.005944826122749065,0.05184966287711488,0.16697515366832563,0.16361343598793862,0.18607569276535588,0.18485609195503966,0.23241539937566433,0.09261501949636336,0.12607370398816284,-0.0013670044180570575,0.12503982887026668,0.02488122596042785,0.19771122488645243,0.350425266879795,-0.011944535366207643,0.17352050338400216,0.14991068338040361,0.12207545897760692,0.1348010353594479,0.18683119034647186,0.11755966538667217,0.20898257632527095,2.260612882638228,-0.14191332586415123,0.07090340851514168,0.000515525187508754,0.44551220170986483,0.15989138379791848,0.555901241749813,0.1280373586631869,0.5838283779528775,0.5675450622615531,0.5228713992565818,0.269857052614439,-0.14648628625733853,0.2020771831615056,0.3401662338891829,0.16618193905849601,0.245094319333186,-0.1525975678276683,0.005075235814716034,0.7019791259155127,0.198108449191846,0.01612649340578749,-0.6877756146596553,-0.23066590168429305,-0.14508302227567982,-0.2663779434148893,0.6239613252269814,0.09005854066380563,0.23194940365926267,-0.023947504049771744,0.020194369328837232,-0.43565783646817496,0.2589249082942953
-0.05193545059442794,0.4383459711835851,0.39188392885321566,-0.033235042565000324,-0.19501578830680247,0.31007629106133433,-0.17270686247770445,0.2792158654970494,0.11331469908490069,-0.05311972564362764,0.14790511186407324,-0.042930051185286415,0.08588319562540017,0.0612482641880165,0.1878298599666484,0.27482557909152916,0.21874037534931895,0.24121022439716341,0.4468663924027713,0.23255096782235696,0.15858644203909888,0.1696284736587544,-0.9742452668969437,0.20201125423904467,-0.17622261556029709,0.3648007378626718,-0.14191332586415123,3.9936645083956206,-0.5164887946989335,0.2802786317781151,0.2483529144534633,0.2176490520636971,0.6008519320008778,-0.16058377598040674,-0.13457473035733808,0.5380824345548566,0.36422917941891253,0.19143633438501806,0.04619085658459206,-0.12095461043467058,0.4927485170891135,0.26972426398844823,0.32516628435100364,0.2885678326686516,0.10293898014864893,0.27144870579294367,0.17045656754244184,0.012725964279129906,-0.643879753246305,0.17798181459532922,0.23406696953784636,1.839217238058419,-2.4873909168658104,-0.26714253657130677,-0.5090830344225986,-0.029095643821979912,-0.07860386964214135,0.5521480835828112,-0.15499744703750648
0.030189403824896013,0.2288757471285104,0.24822244935309257,0.16222841915761235,0.16739693982385104,0.24470945486023604,0.18258375852530453,0.2244154126547398,0.13239187191065493,0.24304265345917647,0.18946704548845303,0.17178930201198805,0.16750422116274052,0.1794615536988244,0.21089340477133972,0.2162984805714703,0.25813430431052353,0.2833541118540631,0.1775859541399076,0.2762836902455925,0.1953328463513072,0.1887325497776932,0.3892946292638438,0.18689231343739296,0.7638214336169544,-0.1592159714978728,0.07090340851514168,-0.5164887946989335,2.2985663594765953,0.07432234548445446,0.03660188307420579,0.25078098030726603,0.05222626147219596,0.7181014890119027,-0.0013108624239739485,0.29301592115501096,-0.23633563860786444,0.04813016888514626,0.3328661631964577,0.04000196560642385,0.09003678279983338,0.16163714390195208,-0.34770259501397166,-0.08642508041560261,-0.2758516582151442,0.41641164984764334,0.18017492182421105,0.019415458940363044,0.6191796514131406,0.31465905937479743,-0.07384337058511746,-0.01610949355992915,-0.1840430455654018,-0.05716207995483346,0.0919981973704419,0.0716722009507296,-0.17418097929743964,-0.030042558087268797,0.13954660506674235
-0.0005658765405247631,-0.03766093010614806,-0.26414712818924163,0.07625108401706988,0.18718269008438684,0.012929771642052425,0.023839176086936403,0.11251006519884245,0.04721417742771579,-0.01554838432722511,0.07977168620640018,-0.03616222733008421,0.05546241208713161,0.10551281793620654,0.08305943533142379,0.10056073457923202,-0.0327015858509352,-0.1366505584853108,0.09406061389570954,0.2584675843608428,0.08716173334271396,0.052436867067267426,0.23953024886005045,0.43148049945028394,0.3249107574674373,-0.6977640152631651,0.000515525187508754,0.2802786317781151,0.07432234548445446,2.489925152522214,0.277643750839388,-0.013027643741859597,0.37959619998761795,0.03695254192605177,0.26356196781113617,0.8382767490914799,0.76214553047683,0.266079031330315,-0.2512981319285628,-0.03416961089796503,0.5028534657260438,0.09674629842137768,0.6639331426884126,0.2170435945768974,0.286984836863821,0.4301578190495327,1.1519143992392191,0.015866264879853924,-0.7100087646446449,-0.5675982841269446,-0.04756858271886259,-0.34077817062344956,0.8188575651402562,0.012199757313684407,-0.07294145708665997,-0.20384830466833612,0.01550422359450974,0.6178238134023515,-0.3947180937428951
0.10098191984759504,0.1693287257745411,0.18176631851602532,0.1144980449493145,0.07742099166006057,0.1207148180736006,0.15556313432954494,0.1451774830841125,0.1432779005808657,0.16325220224434556,0.1645249520601269,0.15490080393056457,0.09239083153313547,0.11511591431045566,0.18439084624409544,0.09697550181247709,0.18333266411716534,0.20893290668414308,0.09088265629429153,0.268138360798459,0.17822794025007388,0.13209508988630642,0.30362328064636024,0.15480851326046188,0.28963565414596015,0.19804964524602428,0.44551220170986483,0.2483529144534633,0.03660188307420579,0.277643750839388,0.8091980302400577,0.09570934560053858,0.2064822518242592,0.22708221157687955,0.21678274524760488,0.8051606266724789,0.6190573897312008,0.26464346991781645,0.38125463741829824,0.17290301936843,0.38159725398472116,0.18981331978711544,0.20260971506642098,0.10501747307705009,0.16807422055957585,0.49293073888187716,0.25022001003544353,0.03275539110012802,-0.3050679578277551,0.15503710578422186,-0.06476962910356747,-0.0004163516239377697,0.021698329723045456,-0.049796136638135556,-0.01532650944045755,0.07368619251336396,-0.1117749262564731,-0.011274002336920068,-0.0362518425448324
-4.543431635922757e-6,0.19285702906524138,0.12856585740355259,0.12339296314084018,0.1717296592234891,0.18320283128390946,0.12980121939804265,0.10159849816258905,0.13585209802895679,0.08605587171303358,0.13238702866301102,0.17804378861359726,0.11102943584175992,0.09121592054945563,0.08298538419336168,0.20434918224911477,0.11477724617382294,0.1402817599967969,0.16909720122002883,0.2337103906426021,0.2159902795171185,0.21519429910502455,-0.10453385301027829,0.26427092789249784,0.04628821171483709,0.4877134278016939,0.15989138379791848,0.2176490520636971,0.25078098030726603,-0.013027643741859597,0.09570934560053858,0.9624703884078382,0.13177662131206735,0.32422918225983005,-0.07183984052544626,0.1561004378555135,-0.19253244837668518,0.18028210539247005,0.12071153614318994,0.035834702114076016,0.13550739425444236,0.2561695779080668,-0.017714622787536886,0.017095130094290676,-0.1940838776651726,0.23597767096686909,0.05000907544608792,0.024244445406750546,0.4266806444328092,-0.14153434920287566,-0.02308876518040187,-0.04165374840523209,0.1161633038237572,-0.04762042907270389,-0.20356233735443544,-0.018200156571791234,0.17488766599809671,0.008233281301083117,-0.12563031926779955
0.05354474161505347,0.16473510420760532,0.14060328968354882,0.005027009223456911,-0.044399956096572775,0.07434929114153097,0.0643810336934274,0.11701292790428691,0.15928408993556756,-0.0181146256225739,0.1009050113130752,0.05436319902161014,0.10156482284143005,0.04269360133665107,0.12850888038734437,0.07274975928554321,0.22190002773092415,0.19086835587076498,0.14075582204831583,0.15375167501754822,0.13285512897649873,0.13592469137049046,0.09796280525386289,0.4464826411551297,0.05826903133874128,0.1188216407920688,0.555901241749813,0.6008519320008778,0.05222626147219596,0.37959619998761795,0.2064822518242592,0.13177662131206735,1.660267856009062,-0.2490923996820407,-0.045722422843924485,0.16208625538223675,0.7182806404168833,0.17900896891089776,-0.16917674301370383,0.009198769713837698,-0.09873948357481722,0.19512262895657953,0.29973108955588385,0.05360345222284932,-0.18218510650348071,0.45784793979226124,0.3369923260229668,0.11424966456494182,-0.14188241151620082,0.4403688597132659,0.02491867843027525,0.4180720952747803,-0.849536028564641,-0.1895595530114026,-0.17796199705916327,-0.04158285265518294,-0.03846013227437158,0.1866240043061595,-0.1519536429190202
