2.132521287137366,0.6712378491047651,1.06795664532368,0.0221367925483639,0.1532588871469893,0.33127590051168077,0.4525417269280411,0.40583348525938706,0.19340951272868787,0.34030438754000947,0.3301588367017233,0.35096562713030904,0.16739080970597942,0.41186557215895164,0.40001108269397606,0.2932742425871033,0.11481294668500726,0.36925961584366035,0.1488186953940449,0.1909634500952527,0.15666416160942864,0.23571566584241668,0.2900594598005291,0.16978209788624302,0.36515210009227367,0.15321961840386458,0.2254558419974179,0.04858223889221213,0.3723412784110994,-0.024204519574784804,0.2530121852422003,0.3740208080217801,0.1247895144171028,0.3347407935673524,0.11832756585443362,0.25179540843164483,0.28298625260266813,0.1584163132520767,0.33679290200980977,0.08566601857167343,0.20604833769423017,0.15124256129070018,0.14380002533630926,0.08380630675010017,0.14175036111764677,0.5175778321297436,0.4453741472359059,-0.02320523847693031,0.30292866024361226,-0.050395769753100124,-0.11144558779041562,0.02210448336022138,0.1646068365039989,-0.036632668181544786,0.19527181236209282,-0.06303735115200573,0.4996007207514727,0.0007450436983783897,-0.674401671882666
0.6712378491047651,4.085637470519597,0.43680942580846727,-0.35207566415654323,0.04372920201906025,0.24418420481856243,-0.02687739835956185,0.21129798440047753,-0.018346532813047923,0.16385531174540638,0.10084452954491652,0.13507237506441272,0.05332863607209377,0.05432037295399386,0.28104847530450944,0.05651574779874117,0.10762350596280751,0.21551745000228648,0.047417212333885746,0.11896942980285254,0.1796913636666067,-0.0048780993280074635,0.05886154249972771,-0.055535441079905545,0.16297736316771977,0.004832128758671796,0.09456200160007158,0.09339619564186165,0.07856235777205914,-0.03282641152245808,0.07906964506240259,0.09394107266219445,-0.023045973290687756,0.21390649099079084,0.024422558697480563,0.047877948329031285,0.10355682431056304,0.07686620360867959,0.12319711160328232,0.10332185856739382,0.13027804519676822,0.1312322906798661,0.10088176652401029,0.14734703910163408,0.013666816976953733,0.09338549173961243,0.137886677555127,0.023595372868610392,-0.0856143504686818,-0.17938037568511378,0.15864084802442072,0.15283917392824897,-0.31391901554169804,0.1091613961924799,-0.6414732422681113,-0.012614571797628293,0.08288481409210458,0.613678193970262,-0.09242176294352858
1.06795664532368,0.43680942580846727,2.3054154525062636,0.062025828836056424,-0.34507619075937246,0.4316165772137634,0.3428271110367009,0.6874153200161952,0.29745486040743463,0.5660962263059032,0.43319894134275116,0.36588603700777217,0.24154222723274282,0.31872352592911585,0.39006341758132584,0.2730080978473048,0.3421994815472935,0.4212495453556059,0.13788766502676467,0.33654910853468534,0.2513211742607857,0.29695606545329606,0.2891939478579105,0.2661915521258675,0.3977650893758343,0.3967852882688758,0.27737560781035686,0.3204772532991234,0.4155409277044923,-0.36866470892409287,0.34107327973855955,0.3523874668792116,0.2145238652683651,0.6769526491359381,0.17926269813440215,0.2945995350132509,0.7283005057366679,0.23209021845873223,0.31730758727445035,-0.004165833736771875,0.24958721910713363,0.26297640272629436,0.24919267614768087,0.13927163092728576,0.2554031773841501,0.6287012640745011,0.655349669560905,-0.015194111416540874,0.13473329245928806,0.1880570107533379,-0.2916362711492237,0.5105444311819766,-0.21144912331549331,-0.2129745342597489,0.3226114855391281,-0.030908632299905738,0.2390387364149211,-0.28111895735590886,-0.2844330696147534
0.0221367925483639,-0.35207566415654323,0.062025828836056424,1.3773488561065321,0.45452834854562857,0.2902993774574762,0.38067270706805006,0.23917611750514345,0.05762896599998142,0.1364433676574747,0.20986979358822896,0.2633017329265492,0.09687457217735237,0.32897738863479653,0.21413386924567834,0.2770394352993232,0.12400809413657927,0.15079023736372452,0.1930907240164541,0.1746505461061968,0.13468384964393182,0.15248890563036652,0.15742873056423115,0.2004593294217333,0.21757123140790327,0.2724098417585344,0.1597111182713113,0.07907166824280562,0.14704223246105036,0.10174393262204587,0.1628462490332624,0.23121106948513054,0.1312146332585027,0.23344094885454905,0.14865961339323125,0.15209071106871755,0.1956168111042738,0.12126572988864949,0.16236265932246408,0.1050219696145919,0.26314837521586004,0.15027547135174893,0.13102347062157194,0.0361698153077091,-0.10651473600712619,0.2551594583661135,0.2104438835817582,0.0271686437621953,0.24066178019378454,0.017724306169817947,-0.09488852836771376,-0.14724043171524145,0.21987168065973317,-0.008210206099817404,0.016679007522373283,0.037223239150960825,0.045048961118732134,-0.036811903344643175,-0.0368071375402469
0.1532588871469893,0.04372920201906025,-0.34507619075937246,0.45452834854562857,0.9982692897424394,0.36542403163195125,0.1749868540703884,0.0992620545149342,-0.02637324261458447,0.08253364232055854,0.1643813903806731,0.24082326253574315,0.1019195732247823,0.26720210495809854,0.3336542246375649,0.2566479186118919,0.05909249808407203,0.1419933433641784,0.30316949174147295,0.17221484803413029,0.1369354016721538,0.09124158731172813,0.1471557105490566,0.13927379000864154,0.20249119661820986,0.10470348896506453,0.13304133327828885,-0.02330774580079965,0.15743782442416612,0.29031042578824423,0.1362268146343906,0.17486293204977477,0.12771132509196034,0.07339596132242035,0.14509241708632967,0.1571732538668801,0.046517598715199955,0.11959101122215161,0.18160426481203848,0.17470904842567794,0.31485324099327094,0.14983363133364797,0.0838451156746891,-0.008782450313119182,-0.14470777389514616,0.27849671308892876,0.1671884713052737,0.04339986960379585,0.029956069191194257,-0.10055753787767849,0.07485355765878739,-0.5583245577208287,0.4622151490667691,0.12238749207282067,-0.0645400622980113,-0.04771310950407099,0.046543042889952924,0.07149135930293025,0.007864019415925398
0.33127590051168077,0.24418420481856243,0.4316165772137634,0.2902993774574762,0.36542403163195125,0.7284268888599941,0.12043410162007033,0.41395701340890745,0.04968131625135396,0.19721299232567405,0.279268709559446,0.31808186696237056,0.13707847564470968,0.2945518673292602,0.37831955799204886,0.2816234727945399,0.2662306021725811,0.25286616009458956,0.32517749099978804,0.3467796394616835,0.197374942203934,0.1581892969447252,0.16984338747819636,0.1722420479903506,0.29475824412604285,0.23185954660339642,0.20716716874213192,0.28323227696504655,0.2586336887284993,-0.02313183891455468,0.22170112499627928,0.2728893915750898,0.19422286133654817,0.3371146657120154,0.16725565874292153,0.11056624671284819,0.43959209316811243,0.21158973133539663,0.28309993210520057,0.10524746401911503,0.21723127146654797,0.19476305340458627,0.22551189645818118,0.12506042129941802,0.05374788660623656,0.364249169728222,0.44280223772435034,0.04126459930702624,0.11043825235578633,0.3606983738523387,-0.5234206111365145,0.3310411784688418,-0.21780411059927057,-0.08957326430371182,-0.011027662666713017,-0.09393108951104352,0.15183778769326822,0.020498391963549037,-0.0691113473474062
0.4525417269280411,-0.02687739835956185,0.3428271110367009,0.38067270706805006,0.1749868540703884,0.12043410162007033,0.9508719013072141,0.31572478895014844,0.19043552898342594,0.12519316433931915,0.3112078409193565,0.31764822315094166,0.10334726306661332,0.24536028155468576,0.09821857159352597,0.24438633243111824,0.1425155275015373,0.25025590092674,0.09273469301542198,0.06651608910676943,0.10651964743014385,0.20178492573698792,0.22535176817383634,0.13994181256975485,0.22370670796236472,0.31228765893014526,0.1580200244238679,0.023162722924876224,0.11106409432661656,0.07877119623248754,0.1714447484620013,0.2251066271278211,0.13761607290667943,0.12721604820971377,0.08446020329658023,0.25832926231631853,0.08857714785722377,0.06999846130996885,0.2588341809709979,0.09420794544633819,0.17111114330244792,0.10895590932658199,0.0725447472341639,0.04980077893908527,-0.061049093679071284,0.3103734904813808,0.006646295112028424,-0.03055086299487707,0.2746292162758121,-0.0062952538575765625,-0.07985803018375333,-0.08323466679969016,0.25538994123366654,-0.07101499262375985,0.02269280318032429,0.06543291166355947,0.08640056997412533,0.04223051511263433,-0.3502545292546408
0.40583348525938706,0.21129798440047753,0.6874153200161952,0.23917611750514345,0.0992620545149342,0.41395701340890745,0.31572478895014844,1.060595128576912,-0.06028761774421927,0.30408547130003255,0.35782354904785624,0.1718092782644101,0.14483063307054192,0.3411393486346147,0.31584091163152733,0.28149650078416344,0.2742091358187318,0.306629437125774,0.244596427821297,0.4085109478130677,0.16378837877754376,0.1376968667976486,0.15233931672530843,0.1353673759101073,0.3591595737095641,0.3339406292134503,0.22835183177451082,0.31446525718155294,0.31938224636203966,0.011494589771412803,0.23271016070968292,0.33264018310533894,0.20178392410053322,0.3713434320159686,0.19814668751748568,0.15656536222678144,0.50838898084441,0.2471963474579435,0.3820307685588303,0.12053537929464792,0.22650052333925105,0.17117518656946384,0.20697263895709045,0.16848087423222816,0.1277733272741957,0.40744430995312203,0.5296716750288332,0.02282333169010344,0.3392338027221141,0.18371515190506643,-0.3249381141918465,0.4156741889981577,-0.198581974462268,-0.11660744904300235,-0.01604649000273196,-0.1950462112731604,0.37398243167312967,0.049750186467719164,-0.19914561874573916
0.19340951272868787,-0.018346532813047923,0.29745486040743463,0.05762896599998142,-0.02637324261458447,0.04968131625135396,0.19043552898342594,-0.06028761774421927,0.8736328090039355,-0.0014829334678406838,0.05883345634020988,0.022166270950530274,0.11975781844065016,0.07909511128891336,-0.05712991278774334,0.033488735667888694,0.08482351256775723,0.09074999777267916,-0.0956404430758571,0.009444131601394314,0.06888897401748487,0.32782070392332874,0.14035166366050966,0.09522586144767044,0.006488496566577922,0.36898090602494765,0.06744742866216798,0.024647526854741943,0.13382347867608846,-0.041019251782782755,0.058081770695640814,0.1327027705422812,0.0560865172635261,0.18177695052223533,0.0604290626344598,0.04121197091891938,0.15022353320236875,0.02308730426933794,0.008764028331717976,-0.012184328697184032,0.02650918794393608,0.07139597190158654,0.10845013335478432,0.05420859718443723,-0.034944718585637365,0.005326016866408044,0.1213555353655193,1.3399166953587567e-5,0.7566769324085707,-0.015873943023793684,0.0071831079555648575,-0.00328700851863625,0.10050844618248146,-0.05650975091922643,0.048942099734451835,0.12155502626933075,0.020566295686029634,-0.03424799044540996,-0.20943958558064227
0.34030438754000947,0.16385531174540638,0.5660962263059032,0.1364433676574747,0.08253364232055854,0.19721299232567405,0.12519316433931915,0.30408547130003255,-0.0014829334678406838,0.7985758323619576,0.20769607320254216,0.23105912337732623,0.1751453750117355,0.28067573129874435,0.31622606627365724,0.21933367264427772,0.17518204897928583,0.2693638993302783,0.08207870525591107,0.2775535400842511,0.18333493557627162,0.15507747226226917,0.24881285039540466,0.24535782451640026,0.26266793724880755,0.13489810401419466,0.19648345241857865,0.1695610136616665,0.30158527558657694,0.07105473003657709,0.2384806448818879,0.2154110533495006,0.18432881886190652,0.42369629842670187,0.23100410607841348,0.17994863951126389,0.46606631925457165,0.17493832072755747,0.2759396818670375,0.1453577931657903,0.3412288980696485,0.19706615857825963,0.19751435815228027,0.05595861336426505,0.0103946680798224,0.4133727844309072,0.5669397087674791,0.033637052717425044,0.18026055657887402,0.05914342554975649,-0.09048013107784025,-0.05465935295110146,0.1319240031586355,-0.053241827017658366,0.144510456130431,0.0416927817823318,0.09631083175280426,-0.14125294804914731,-0.11307553505147919
0.3301588367017233,0.10084452954491652,0.43319894134275116,0.20986979358822896,0.1643813903806731,0.279268709559446,0.3112078409193565,0.35782354904785624,0.05883345634020988,0.20769607320254216,0.5695632448642731,0.3304244655843896,0.14127855776563072,0.2262535523550089,0.3421936996691862,0.24654963266254767,0.2825112885705465,0.25329652875407693,0.16699024054426176,0.2762711336389049,0.18727963914886925,0.14044761157917415,0.19085300747357903,0.18657086911926749,0.2690875936559983,0.23917914853042327,0.20078995194385085,0.2407818417469373,0.21407317677360296,0.023955654936780525,0.24004320378143684,0.22126851698123828,0.17387868337228066,0.2660277572576067,0.23767580216123232,0.1976504640212802,0.37446943954118933,0.17514080692294007,0.2933202020992554,0.1447564672115266,0.21948552929617277,0.19610991765606536,0.15166833745335054,0.06747710499729133,0.07607288582160314,0.3746596159399373,0.32924193083555076,0.01876669032419228,0.11123768831383751,0.09368406828446069,-0.15777090281294592,0.15154125666430013,0.005393704200667147,-0.09017664644753187,0.031347486975838376,-0.05584411882292294,0.08555051349299372,-0.007002221723789646,-0.13462167055660307
0.35096562713030904,0.13507237506441272,0.36588603700777217,0.2633017329265492,0.24082326253574315,0.31808186696237056,0.31764822315094166,0.1718092782644101,0.022166270950530274,0.23105912337732623,0.3304244655843896,0.6627950548628425,0.15193460746776824,0.29970404174391724,0.30153382352628416,0.33965118619749246,0.2601451317425626,0.20631960649114903,0.20575729874991916,0.2121076297271321,0.1867428430397527,0.15325710710423446,0.1807449165463018,0.17292768600432407,0.3057873161240069,0.195395293013063,0.23780646735219615,0.15963672679619623,0.13719878542929506,-0.04547898907898374,0.22819864665585732,0.2579746671453711,0.1805245161134526,0.29774386546841125,0.14463855909129028,0.17822854365696253,0.31125948209077,0.14588353263442563,0.23830380232859377,0.11763664980974776,0.2119133607527466,0.19255789621812533,0.16179031633711646,0.045264870333818506,-0.00341610551356355,0.34557468709360206,0.3206712164756499,0.018315200873233854,0.04073546903344949,0.06985487779549764,-0.17176815009393934,0.05966675451290891,0.08244347332887303,-0.06458433398700092,0.02587851864989429,0.030098638295198134,-0.015198866691169785,-0.012903195817308455,-0.14872529591775646
0.16739080970597942,0.05332863607209377,0.24154222723274282,0.09687457217735237,0.1019195732247823,0.13707847564470968,0.10334726306661332,0.14483063307054192,0.11975781844065016,0.1751453750117355,0.14127855776563072,0.15193460746776824,0.4592231492121259,0.09873999554542562,0.12442279777959075,0.1685224104710671,0.17588873619488368,0.18156960489930563,0.07911922931835647,0.09667825891427706,0.11805719482377715,0.1956627967650168,0.1373161611983124,0.10279729614093856,0.14486995749348133,0.08310847787665786,0.1493151681659337,0.14256992796867385,0.2949071014583771,0.05898954090953281,0.12345009305901226,0.14758957162411113,0.06602640303410642,0.18855612899764132,0.1938916754110966,0.133624821980392,0.21112338404369704,0.0596481030310415,0.18703519350785386,0.0972142840542838,0.1171727545405142,0.12023698062493705,0.11843450043237234,0.08528007123474116,0.02629743942372352,0.22581067954123568,0.25191675438125993,-0.0036533562076864314,0.13914413325322186,0.07529307575554055,-0.025631721502966186,-0.00033469309543209344,-0.03985477244174255,-0.01568776516203865,0.05055933496742002,-0.05322716901115068,-0.024091235851436105,-0.027769028073008697,-0.01574576327734412
0.41186557215895164,0.05432037295399386,0.31872352592911585,0.32897738863479653,0.26720210495809854,0.2945518673292602,0.24536028155468576,0.3411393486346147,0.07909511128891336,0.28067573129874435,0.2262535523550089,0.29970404174391724,0.09873999554542562,0.7899782660936505,0.3105945043144203,0.4552924576064618,0.15178587236458496,0.15233782561266193,0.18359726632490056,0.3063709596623169,0.1777139828123465,0.21474949651646766,0.1615155472771731,0.20728872798863554,0.319404326443527,0.32222699083640677,0.2668584131732732,0.14853449883231676,0.2833910844853661,0.12126113991859407,0.22201951229524988,0.4879893618862216,0.18006329703657908,0.37367266317935205,0.23424693329183524,0.16617855010009785,0.3806485775503494,0.21094607646117877,0.14523978300570337,0.1143850691275817,0.3558842150369157,0.2017413165254769,0.2288355432893565,0.07063306423861017,-0.04951063334586239,0.34678222908277206,0.5374358919149937,0.03469216351260718,0.7055431195524747,0.014798924375576629,-0.1265781632896536,-0.10917077419570588,0.19801981782970537,-0.011039652750719388,0.03402934791746373,-0.07333833906442909,0.4202247105323221,-0.06108856885512772,-0.21184863193052533
0.40001108269397606,0.28104847530450944,0.39006341758132584,0.21413386924567834,0.3336542246375649,0.37831955799204886,0.09821857159352597,0.31584091163152733,-0.05712991278774334,0.31622606627365724,0.3421936996691862,0.30153382352628416,0.12442279777959075,0.3105945043144203,1.3072775837977333,0.18086536349879423,0.2056586021648169,0.37913950007549824,0.28038241523011054,0.28915801806794633,0.2099155267763848,0.008826895606362028,0.13823667695866634,0.18751769125586598,0.4162106020794703,0.07801678438806789,0.2097744873573455,0.262940671105113,0.315467361096608,0.1570374581477426,0.2645007456819954,0.24257311531471262,0.18745784273612465,0.2893973091322987,0.17626000201862027,0.2609797142476957,0.31548546063146893,0.16600152941925292,0.29728570359838385,0.12653472939114366,0.33284529477139685,0.21718495968599907,0.14987024085974687,0.0057136908059767545,0.035798497902115735,0.5220101000689726,0.3761478384229756,0.008056267687739326,-0.09513342077432543,0.14984675933876565,-0.0855881792848438,0.1657302961537712,-0.15359844594888414,-0.08673111139622688,0.13212377029375874,-0.0499897334075519,0.20811979172410858,-0.0777528125672021,-0.17543193381203423
0.2932742425871033,0.05651574779874117,0.2730080978473048,0.2770394352993232,0.2566479186118919,0.2816234727945399,0.24438633243111824,0.28149650078416344,0.033488735667888694,0.21933367264427772,0.24654963266254767,0.33965118619749246,0.1685224104710671,0.4552924576064618,0.18086536349879423,0.6187640314469884,0.2476761874155536,0.12151257759786582,0.19768100026112215,0.3022542879714388,0.19074408783453956,0.26513746826051265,0.07544099338048996,0.1786101559541236,0.29392295761698894,0.2430867367342286,0.2728540337653668,0.19056073714094218,0.3105513535007696,0.11854741225694276,0.20984918080952586,0.3405412625160456,0.12458344751338508,0.2965111957731155,0.2796087592475485,0.15975062366438242,0.3640123736323972,0.18755161421259847,0.19966194448642186,0.14831399294056333,0.28282218989946434,0.20710613973708086,0.2301139712469663,0.07316334403142997,0.05016778771583513,0.2935028951790104,0.420575625974376,0.026308243016380743,0.34742107888395807,-0.028045161596172867,-0.16299825043413368,0.01033183135378587,0.12473826755904746,0.018481697993088464,0.0035343228594093535,-0.044827532663385766,0.0857104623263697,-0.0031659413198171756,-0.05997389846522037
0.11481294668500726,0.10762350596280751,0.3421994815472935,0.12400809413657927,0.05909249808407203,0.2662306021725811,0.1425155275015373,0.2742091358187318,0.08482351256775723,0.17518204897928583,0.2825112885705465,0.2601451317425626,0.17588873619488368,0.15178587236458496,0.2056586021648169,0.2476761874155536,0.9493313654568227,0.09951755442652889,0.193113017793168,0.45186934840068343,0.37198329292413856,0.1704772467635414,0.1177921629745585,0.1993661545713372,0.24044892168861762,0.27186524689508706,0.22652201085467025,0.6953321528647058,0.11281709737292435,0.022588601866523523,0.27944926395187675,0.15738189402086203,0.4265313047628509,0.32999468207300886,0.35978862078061535,0.13963919738146985,0.847619735186594,0.26998827727761066,0.24572121201127992,0.2147111523724184,0.27878271576904406,0.4215614369519594,0.30380920060044575,0.06091016814640419,0.18443532000859553,0.3887491493517847,0.6031373725776742,0.06884376232344064,0.14981156279126323,0.5208082730865564,-0.1906271494562101,0.1774640862045981,-0.39663079672394397,-0.19315700987908835,-0.2369513010037094,-0.007779741855883481,-0.1824743469343769,0.21479864714566463,-0.10868202874287511
0.36925961584366035,0.21551745000228648,0.4212495453556059,0.15079023736372452,0.1419933433641784,0.25286616009458956,0.25025590092674,0.306629437125774,0.09074999777267916,0.2693638993302783,0.25329652875407693,0.20631960649114903,0.18156960489930563,0.15233782561266193,0.37913950007549824,0.12151257759786582,0.09951755442652889,1.0927632719261688,0.18077606566102516,-0.09180369563997014,0.0894393740129382,0.14431607319695067,0.5049874108998602,0.05613528378524965,0.2802109206239237,0.001155971339415513,0.15844706184476653,0.22933989004663094,0.2533343503253488,-0.03766059680632169,0.22191135437515908,0.14726044842421548,0.21289072841532536,0.23485679475482787,0.050198051763780574,0.2438041966272514,0.2532346313275304,-0.014314464000443058,0.28942895182775824,0.09676586962477471,0.1390232186302023,0.0651765783593352,0.13736681333937556,0.030920854686101645,-0.04718267644491436,0.39501185545757267,0.2527708466342442,-0.03352239817235832,-0.048195983704365924,0.44310040098953296,0.1806987055293281,-0.14076509778997312,-0.38541258932298444,-0.12884413954354987,0.09694080300558802,-0.09311951507501325,0.07181351666185892,-0.030806972955643788,-0.05915302866475168
0.1488186953940449,0.047417212333885746,0.13788766502676467,0.1930907240164541,0.30316949174147295,0.32517749099978804,0.09273469301542198,0.244596427821297,-0.0956404430758571,0.08207870525591107,0.16699024054426176,0.20575729874991916,0.07911922931835647,0.18359726632490056,0.28038241523011054,0.19768100026112215,0.193113017793168,0.18077606566102516,0.6207283920269525,0.13140206432735985,0.1334600283938936,0.06375859443039031,-0.004406271012326471,0.06683123387310368,0.18482379242360258,0.048178436112072474,0.12230500638935146,0.25902216684265844,0.11392412809302552,0.14265836227102036,0.1563351430821568,0.16071758368893066,0.2107843704664665,0.03913330198536013,0.04738980483539295,0.17709252560194158,0.19493116135160216,0.12179099219330111,0.20629690059319045,0.0734365085827071,0.2258540766314775,0.12721796754645365,0.07890216776055439,0.004507237894675798,-0.0014313442023926783,0.3085641601762447,0.0976912376613135,0.014003567993961548,-0.20857083760103087,0.14475050169412168,0.018243360229731376,0.18451047253162015,-0.2853364510465906,-0.06815094812101377,-0.018903444569938872,-0.07820339382285361,0.06950908664862855,0.03215058178243346,0.010750820892079809
0.1909634500952527,0.11896942980285254,0.33654910853468534,0.1746505461061968,0.17221484803413029,0.3467796394616835,0.06651608910676943,0.4085109478130677,0.009444131601394314,0.2775535400842511,0.2762711336389049,0.2121076297271321,0.09667825891427706,0.3063709596623169,0.28915801806794633,0.3022542879714388,0.45186934840068343,-0.09180369563997014,0.13140206432735985,1.4670285466986273,0.33077804791406984,0.13297088515458277,-0.10382507068231184,0.3229559665251538,0.2542295983440181,0.15131616098903564,0.3986154860088241,0.4224525082767994,0.24654802247176166,0.4517849197901566,0.3790454736815912,0.27918378409963346,0.3207141697266908,0.3766356568836106,0.3707067280469432,0.1979595729137467,0.8963884707398421,0.6771441946978981,0.5286029366490556,0.3172987593629063,0.2993462414652919,0.3416559761826771,0.5223339856065368,0.23690854359146096,0.5164060210797128,0.42551947163947057,0.49139688781740176,0.05509159163414656,0.44139827034926266,0.1696441028346729,-0.562472195141975,0.3168962586982108,0.1457855420266561,-0.09646913404572537,-0.008430539436566969,-0.11442792999905285,0.22415244246301647,-0.010698160878154997,-0.07551297396919954
0.15666416160942864,0.1796913636666067,0.2513211742607857,0.13468384964393182,0.1369354016721538,0.197374942203934,0.10651964743014385,0.16378837877754376,0.06888897401748487,0.18333493557627162,0.18727963914886925,0.1867428430397527,0.11805719482377715,0.1777139828123465,0.2099155267763848,0.19074408783453956,0.37198329292413856,0.0894393740129382,0.1334600283938936,0.33077804791406984,0.6788293764661514,0.15471431202721514,0.056337132002438756,0.18863400705557296,0.17424468292434012,0.31879027894884115,0.1651401819210022,0.20411541861209856,0.15638056629678657,0.15290476944918205,0.2646165414866744,0.1577325206231548,0.2879131147443939,0.2936841524442574,0.1805916247602126,0.2478061398602509,0.6006578323161087,0.21827078376730968,0.18924567070472645,0.1970301826541178,0.4121576022006228,0.5662350918546585,0.3174773499100129,-0.05158517958689818,0.19439464017881025,0.3849995566591549,0.46800744925825133,0.0551437486721154,-0.02752677303354143,0.13277856336060165,-0.06755828318680474,-0.1301059633366028,0.07567385115730847,-0.055387592919287194,-0.012767649393519298,-0.017229697110876494,-0.20098791998131288,0.07964432511346005,0.11498135261272956
0.23571566584241668,-0.0048780993280074635,0.29695606545329606,0.15248890563036652,0.09124158731172813,0.1581892969447252,0.20178492573698792,0.1376968667976486,0.32782070392332874,0.15507747226226917,0.14044761157917415,0.15325710710423446,0.1956627967650168,0.21474949651646766,0.008826895606362028,0.26513746826051265,0.1704772467635414,0.14431607319695067,0.06375859443039031,0.13297088515458277,0.15471431202721514,0.8199084443109421,0.21699299660326551,0.1598208836796659,0.14752288939056987,0.20927818751242308,0.1735616087331927,0.0927565851594949,0.37818891012163175,0.016448217552822594,0.12977723290936213,0.24474382276873122,0.08152404116844894,0.32764735361123176,0.15252110652245096,0.08165770774070301,0.30140479727579483,0.09671288053004483,0.17507689677381158,0.07567108189590788,0.12038363501246288,0.16054613939552867,0.2659013499173811,0.08091403102143148,0.046375390875817865,0.14736274867634055,0.34556486213936,0.01475784681660218,0.5406432717558716,0.04137142000620774,-0.085402237923161,-0.002479609436824299,0.07896971011974702,-0.04545218805046834,0.052617948959402264,0.022136631429362966,-0.05196050818347442,-0.023803553983413626,-0.04725644559774283
0.2900594598005291,0.05886154249972771,0.2891939478579105,0.15742873056423115,0.1471557105490566,0.16984338747819636,0.22535176817383634,0.15233931672530843,0.14035166366050966,0.24881285039540466,0.19085300747357903,0.1807449165463018,0.1373161611983124,0.1615155472771731,0.13823667695866634,0.07544099338048996,0.1177921629745585,0.5049874108998602,-0.004406271012326471,-0.10382507068231184,0.056337132002438756,0.21699299660326551,1.6752818506730476,0.47850886891068645,0.41753444674721824,-0.15209604493190168,0.007229327699891189,0.11176688889111737,0.3366764435646098,-0.06493824702789186,0.0878372249695135,0.0376623470643419,0.28783589042295804,0.5368160500520927,0.08151203093127958,0.013188547407463528,0.4556443614429326,-0.08261030041642473,0.4339605925749894,0.20088652721184913,0.1445538959017441,0.09804259284238542,0.15421751018780425,0.07281415686704656,-0.296936100400807,0.38924199380280794,0.5768802627161217,0.08285080901352108,0.32848075700921153,0.18286219241996196,-0.18347814529764617,-0.1098783544799924,0.2607677326820426,-0.10092709631148566,0.12351293759826494,0.0292559088294504,-0.11476964367210042,-0.13243796214605752,0.06966444837146313
0.16978209788624302,-0.055535441079905545,0.2661915521258675,0.2004593294217333,0.13927379000864154,0.1722420479903506,0.13994181256975485,0.1353673759101073,0.09522586144767044,0.24535782451640026,0.18657086911926749,0.17292768600432407,0.10279729614093856,0.20728872798863554,0.18751769125586598,0.1786101559541236,0.1993661545713372,0.05613528378524965,0.06683123387310368,0.3229559665251538,0.18863400705557296,0.1598208836796659,0.47850886891068645,1.1971124338663224,0.25084583229912893,0.04806699850523797,0.10531198593076209,0.22107811024057203,0.18315978652398388,0.12014879130643781,0.3236345485571678,0.11313378106694598,0.2841276715728216,0.2932451952910449,0.20188189958737665,0.17890527568516446,0.5113112629699462,0.18344279529192328,0.2727963981569118,0.16617495268850446,0.37133535254186806,0.21623839551753377,0.18670173754355113,-0.039066466450675894,-0.07034482598018246,0.39315525229504683,0.38141130040231225,0.04093620636355893,0.16917188809612074,0.03658119650606719,-0.2930723994860575,0.08650717779668014,0.30491095307807564,-0.09616631941973823,0.29533698446377027,0.10515869713713258,-0.06681172492237139,-0.4158718940726433,0.21971426036264938
0.36515210009227367,0.16297736316771977,0.3977650893758343,0.21757123140790327,0.20249119661820986,0.29475824412604285,0.22370670796236472,0.3591595737095641,0.006488496566577922,0.26266793724880755,0.2690875936559983,0.3057873161240069,0.14486995749348133,0.319404326443527,0.4162106020794703,0.29392295761698894,0.24044892168861762,0.2802109206239237,0.18482379242360258,0.2542295983440181,0.17424468292434012,0.14752288939056987,0.41753444674721824,0.25084583229912893,0.7509179067587092,0.15028029614521102,0.19840382422854744,0.20086136714856997,0.4713334518527026,0.09915557464228945,0.24159198153818814,0.24156059429663057,0.14406380573182534,0.4186678565249026,0.23591565192836983,0.16903793537278042,0.4863051462055663,0.1733574382471417,0.30696846712580134,0.1506100624520037,0.262626258391138,0.1991865768607976,0.19136404880326965,0.08221306126945324,0.0931329106215343,0.45697262146252554,0.5156418857197759,0.0225424134072428,0.12223675268115712,0.007337210094273939,-0.1291032242207059,0.11661852548449321,0.06428557579003301,-0.05868085273626098,0.06115102676210479,-0.011692777952805225,0.11865759140028422,-0.04753241847996844,-0.14375243552581135
0.15321961840386458,0.004832128758671796,0.3967852882688758,0.2724098417585344,0.10470348896506453,0.23185954660339642,0.31228765893014526,0.3339406292134503,0.36898090602494765,0.13489810401419466,0.23917914853042327,0.195395293013063,0.08310847787665786,0.32222699083640677,0.07801678438806789,0.2430867367342286,0.27186524689508706,0.001155971339415513,0.048178436112072474,0.15131616098903564,0.31879027894884115,0.20927818751242308,-0.15209604493190168,0.04806699850523797,0.15028029614521102,3.3851861935756054,0.11886396055550862,0.14375061729659838,0.3068450348128091,-0.379792593493686,0.08017044842271848,0.5298523144595946,0.13564166717425413,0.6018419918537762,0.20227586290709834,0.20972145651831206,0.6582498800736208,0.21117716954490967,-1.4122068171028108,-0.1749268150371723,0.7118687944900615,0.37776756844935766,0.2671014810485698,-0.21509591679375117,-0.46100060677089616,0.2663631084925019,0.4837614697836342,0.14660708206726888,1.8128615155727728,0.3043681397411236,0.3031288685027066,-0.45741283740741245,-0.24966481835560592,-0.04460938503448691,-0.15143468761115988,0.10995934089011998,-0.2627557058256415,0.24802917901289107,-0.01647164099659543
0.2254558419974179,0.09456200160007158,0.27737560781035686,0.1597111182713113,0.13304133327828885,0.20716716874213192,0.1580200244238679,0.22835183177451082,0.06744742866216798,0.19648345241857865,0.20078995194385085,0.23780646735219615,0.1493151681659337,0.2668584131732732,0.2097744873573455,0.2728540337653668,0.22652201085467025,0.15844706184476653,0.12230500638935146,0.3986154860088241,0.1651401819210022,0.1735616087331927,0.007229327699891189,0.10531198593076209,0.19840382422854744,0.11886396055550862,0.8942432332859704,0.23481547839902592,0.04231016132567049,0.19909343527645465,0.2770054923751887,0.2698226407373952,0.1612295925611978,0.23747814242277102,0.25095821531098134,0.3101516877491951,0.341394899011886,0.2110265552769832,0.2570623641359973,0.12312788792173757,0.1528399369776218,0.17534513053977585,0.43080997614377514,0.2024535099139673,0.1357597310366175,0.2097647582224599,0.24507338267383316,-0.0426805875936969,0.33283012188379035,0.047885434242460466,-0.20360437533613093,0.15763708380004177,0.029843594388032343,-0.03684933343327767,0.017868003237229944,-0.04789855752123346,0.1510872460313679,-0.00041668360977812556,-0.10823307227174049
0.04858223889221213,0.09339619564186165,0.3204772532991234,0.07907166824280562,-0.02330774580079965,0.28323227696504655,0.023162722924876224,0.31446525718155294,0.024647526854741943,0.1695610136616665,0.2407818417469373,0.15963672679619623,0.14256992796867385,0.14853449883231676,0.262940671105113,0.19056073714094218,0.6953321528647058,0.22933989004663094,0.25902216684265844,0.4224525082767994,0.20411541861209856,0.0927565851594949,0.11176688889111737,0.22107811024057203,0.20086136714856997,0.14375061729659838,0.23481547839902592,1.7299742263225697,0.03594444741602382,0.06524189297454855,0.2767709109705483,0.17699425552383122,0.8999345068830121,0.0032848214158661096,0.6916701367275461,-0.014202991521426301,1.0523928660267876,0.27712737040124596,0.30430362021453655,0.27393521947997856,0.21523552461835704,0.21609985586731975,0.33279704510818325,-0.015259379045672853,0.09901909374179292,0.3778771139184747,0.484694879143844,0.11263841232995447,0.3001420735311576,0.7222031639576357,-0.39412845857560974,0.9461480276127421,-1.05903013718515,-0.24910366879877122,0.276140209112992,-0.15398221905347786,0.0732476028161648,-0.2599835926044081,0.32171089271841835
0.3723412784110994,0.07856235777205914,0.4155409277044923,0.14704223246105036,0.15743782442416612,0.2586336887284993,0.11106409432661656,0.31938224636203966,0.13382347867608846,0.30158527558657694,0.21407317677360296,0.13719878542929506,0.2949071014583771,0.2833910844853661,0.315467361096608,0.3105513535007696,0.11281709737292435,0.2533343503253488,0.11392412809302552,0.24654802247176166,0.15638056629678657,0.37818891012163175,0.3366764435646098,0.18315978652398388,0.4713334518527026,0.3068450348128091,0.04231016132567049,0.03594444741602382,3.7341870757053877,0.3682791188380951,0.02980208695166999,0.3256343118695638,0.028274280261286918,0.20762500417584778,0.015155749982662073,0.2190199481236325,0.4941847854134506,0.05086070430893791,0.0015104212677475508,0.13720972804191878,-0.14763413997700953,0.15101710931754503,-0.047347572764416354,-0.42490569298113884,0.6182769708332645,0.4581565205807222,1.082339975287439,-0.12412383776070583,1.1955693123341915,0.10003497279700188,-0.05806025761814964,0.18718402229135753,-0.11207270064323549,-0.005765030188006637,0.2841877690338528,-0.2553760347608818,0.12913781994009663,-0.16964788412733642,0.024133675310729706
-0.024204519574784804,-0.03282641152245808,-0.36866470892409287,0.10174393262204587,0.29031042578824423,-0.02313183891455468,0.07877119623248754,0.011494589771412803,-0.041019251782782755,0.07105473003657709,0.023955654936780525,-0.04547898907898374,0.05898954090953281,0.12126113991859407,0.1570374581477426,0.11854741225694276,0.022588601866523523,-0.03766059680632169,0.14265836227102036,0.4517849197901566,0.15290476944918205,0.016448217552822594,-0.06493824702789186,0.12014879130643781,0.09915557464228945,-0.379792593493686,0.19909343527645465,0.06524189297454855,0.3682791188380951,2.722142218289685,0.18201431490787395,0.061227989437285135,0.15706764860488354,-0.8474372837255795,0.3886546168861283,0.537653490796464,0.09229989457723736,0.27574276057744,0.6886615112304173,0.3360178520800438,0.5888863687830508,0.16896919303411556,0.388342344423391,0.29578797658341016,0.3667530498783056,0.23693838437860906,0.01546161300469438,-0.1021471125601381,0.40413175296022813,-0.34973323238296194,0.13035758007988674,-0.6091724983009452,0.48557230682521074,0.2566966901352387,0.06496888975335387,-0.17450832680023962,0.17216788217667958,0.1252129747896407,-0.06517718168673794
0.2530121852422003,0.07906964506240259,0.34107327973855955,0.1628462490332624,0.1362268146343906,0.22170112499627928,0.1714447484620013,0.23271016070968292,0.058081770695640814,0.2384806448818879,0.24004320378143684,0.22819864665585732,0.12345009305901226,0.22201951229524988,0.2645007456819954,0.20984918080952586,0.27944926395187675,0.22191135437515908,0.1563351430821568,0.3790454736815912,0.2646165414866744,0.12977723290936213,0.0878372249695135,0.3236345485571678,0.24159198153818814,0.08017044842271848,0.2770054923751887,0.2767709109705483,0.02980208695166999,0.18201431490787395,0.7447795471874192,0.19070839647413101,0.22659254239103602,0.21872977829456192,0.24758883356038872,0.5017624985029017,0.6080476124491467,0.2889090647499447,0.4184783315892991,0.19320910347149448,0.4967609393706055,0.26957821591185543,0.22154085412881058,0.05955324658434114,0.17823718939730754,0.6103205894675201,0.31904273213699774,-0.038852026000844746,-0.3080746165297707,0.18425832348482363,-0.15338750926769187,0.03942420240083337,0.04516804974987,-0.11602302375557681,0.13199460830595844,0.023991551287994992,0.11383427750306029,-0.15474095893846765,-0.0951017576260829
0.3740208080217801,0.09394107266219445,0.3523874668792116,0.23121106948513054,0.17486293204977477,0.2728893915750898,0.2251066271278211,0.33264018310533894,0.1327027705422812,0.2154110533495006,0.22126851698123828,0.2579746671453711,0.14758957162411113,0.4879893618862216,0.24257311531471262,0.3405412625160456,0.15738189402086203,0.14726044842421548,0.16071758368893066,0.27918378409963346,0.1577325206231548,0.24474382276873122,0.0376623470643419,0.11313378106694598,0.24156059429663057,0.5298523144595946,0.2698226407373952,0.17699425552383122,0.3256343118695638,0.061227989437285135,0.19070839647413101,0.7664316514189152,0.1196207063824211,0.2956210064446313,0.16685045126787315,0.22964530844240236,0.23370736051155655,0.2156632741666715,0.03967728142634741,0.06500786657717987,0.26821323800647234,0.17444810988513318,0.12479305070047945,0.05545578118469202,0.017409660930722354,0.3497272015004379,0.4756943170363235,-0.004691413521588642,0.8471622480800893,0.005952691194984016,-0.07040038916903302,0.1469026250730391,-0.1468115421594691,0.005113767519483486,0.0858640898321188,-0.1652278223876154,0.7568347238871389,-0.14208829109352217,-0.4404064149559766
0.1247895144171028,-0.023045973290687756,0.2145238652683651,0.1312146332585027,0.12771132509196034,0.19422286133654817,0.13761607290667943,0.20178392410053322,0.0560865172635261,0.18432881886190652,0.17387868337228066,0.1805245161134526,0.06602640303410642,0.18006329703657908,0.18745784273612465,0.12458344751338508,0.4265313047628509,0.21289072841532536,0.2107843704664665,0.3207141697266908,0.2879131147443939,0.08152404116844894,0.28783589042295804,0.2841276715728216,0.14406380573182534,0.13564166717425413,0.1612295925611978,0.8999345068830121,0.028274280261286918,0.15706764860488354,0.22659254239103602,0.1196207063824211,2.6017565533286007,-0.5948559436828532,-0.5195209727770959,0.07268508329623742,1.0929372468129301,0.28320452890467246,0.09844365362388606,0.08495184558453454,0.26222732217814054,0.2961042529171989,0.36229845090882656,-0.5456181566897127,-0.7671906334812122,0.686562264978437,0.4100553053595439,0.044302033425171264,0.826914653292327,0.5481377445286559,-0.20872775333542162,-0.0758612473837731,0.1538611259316724,-0.4290907081444512,0.28592820654498374,-0.1609188972380266,-0.05920388741822697,-0.2006470048906424,0.3245921310872681
0.3347407935673524,0.21390649099079084,0.6769526491359381,0.23344094885454905,0.07339596132242035,0.3371146657120154,0.12721604820971377,0.3713434320159686,0.18177695052223533,0.42369629842670187,0.2660277572576067,0.29774386546841125,0.18855612899764132,0.37367266317935205,0.2893973091322987,0.2965111957731155,0.32999468207300886,0.23485679475482787,0.03913330198536013,0.3766356568836106,0.2936841524442574,0.32764735361123176,0.5368160500520927,0.2932451952910449,0.4186678565249026,0.6018419918537762,0.23747814242277102,0.0032848214158661096,0.20762500417584778,-0.8474372837255795,0.21872977829456192,0.2956210064446313,-0.5948559436828532,3.1664597997292754,0.6287826550736649,-0.19878944185137506,1.2144882648094082,0.256239635608083,-0.11515387895390695,-0.19029118209231344,0.3702004109508108,0.38423221407407737,0.4204063092265988,0.5365983546328391,-0.008959791443650628,0.1109721249147127,1.2582354404826253,0.2719767198793352,1.2989064330803037,0.1278996220393204,-0.20472538904951246,0.01756555434967819,0.19383858396194312,-0.2463113446258494,-0.16123714102702538,0.10027912275803423,-0.2837044917863067,0.0043941885222084365,0.24711970884892628
