0.359861506276515,0.1535306445576539,0.06944171281015896,0.040580054805047165,0.07405583557482437,0.056200991750517314,0.11851795587218485,0.0896330376177588,0.046227008653724304,0.046242680464654365,0.06497558344571586,0.057056532813877306,0.06406592718995953,0.06612623753189863,0.05398077934764602,0.05539883725395852,0.06026754062330935,0.06731762506067478,0.021377893442959896,0.05294928504950779,0.05866955399511731,0.08519831855028537,0.04796302755954231,0.030979351317551057,0.06100493822633367,0.05960314892824539,0.05371198651763531,0.023054098435783526,0.05141063852685259,0.046830315035268175,0.052794748530930996,0.05154856179621774,0.04550039982348881,0.0013363998231275796,0.03414192400837293,0.05753671463807369,0.06271272439541364,0.07479899842697639,0.03424861517873993,0.03724901988316631,0.06780955345393169,0.05224848306741448,0.0462701854493599,0.061780921648269725,0.027040762175269406,0.08198806661333784,0.07240915500876076,-0.003324521308538165,0.03778560114485267,-0.009527797031687149,0.007203341311046119,-0.03645864404881219,0.033825764888245236,-0.004043588425423894,-0.011714919359386735,-0.0019060046971901786,-0.017689719055426757,0.01973515942803331,-0.01384545630461985
0.1535306445576539,6.748197460893002,0.26522138762585257,0.12881713994701705,0.1998530636713077,-0.0662880636966122,0.5038013365131204,0.4304723454696852,0.16570000600924464,0.31222039155669074,0.2935345803621709,0.17287027555287152,0.3956833887513039,0.0056669877539688805,0.5350691166014011,0.3610019040097239,0.23351559358557827,0.525932355385179,0.37887812236455887,0.156817562271749,0.4604433214485409,0.4119086494995933,-0.2471794697947572,0.17094783755284332,0.23429236561298794,-0.11497000147494855,0.5220316128231729,0.45177658879089716,0.6757976582496078,0.39750919151563613,0.41082302297359213,0.11941916048089538,0.42719279766665746,0.24147061939303144,0.5089172513386584,0.504698629825311,0.8805795230196641,0.19471580366607932,-0.03530736281278672,0.08279249905515916,0.36915573121552353,0.309787922798779,0.1534529895876597,-0.10869629618840904,0.3186497512323224,0.5356586272512289,0.37540592905183084,-0.21927665281715097,-0.04668847712982053,-0.4525110159324236,0.5489421004803146,-0.15885991307807631,0.15824561602980328,-0.026068489604775924,-0.15927863434275738,0.08969291877748291,-0.35606492977922805,0.19042242424351133,-0.10632381201305034
0.06944171281015896,0.26522138762585257,1.885829834557187,0.3655817861943975,-0.30243221552646166,0.3939799593068318,0.18579075656477545,0.43267784911716034,0.4381240786881893,0.3839103246414503,0.35878804747030874,0.260883517537426,0.3346627482669651,0.2262095773263178,0.24448485757857213,0.22218372892522317,0.3763651606622837,0.37061003293428335,0.2908464652171615,0.3758595582172441,0.33936975964678173,0.5512292580854075,0.17107828746570716,0.2868558230588062,0.28691176596999673,0.39168068927136224,0.27137281746610975,0.342724446195595,0.5029623961725266,-0.028418439613981945,0.3811329452121433,0.28857897555916157,0.29076024965136094,0.49583575517776735,0.3201557580501406,0.3905462764686642,0.5532070894179315,0.6377431325358982,0.3478525163604944,-0.13186220077096839,0.30458887213010427,0.31462996170471824,0.2521802816228589,0.40183263754363424,0.2941543667958778,0.620265266859547,0.5505078464424831,-0.14404194664986938,-0.14721854173437832,0.265870720713216,-0.25859145383543186,0.15649315116331441,-0.11324196124421448,-0.12610139493830907,-0.11635150367498596,-0.001248169609347615,-0.08208741371398108,0.11282273958901161,-0.24924531714044293
0.040580054805047165,0.12881713994701705,0.3655817861943975,2.002118285263243,0.26162456386292526,0.284812546903364,0.5570556829760052,0.37157169862048817,0.25907248673476174,0.3473520464439802,0.3305379218003648,0.36928148518855664,0.35835129632914436,0.37614950654105994,0.17142252499237026,0.33813794461600405,0.34511040362473594,0.4113761045351146,0.0022355960023640337,0.3152943279759522,0.33122240983003687,0.36499653811315463,0.3535502751583894,0.3227966313012175,0.2984308675085677,0.41449335422917394,0.2714997672979137,0.2726705660673002,0.26878362305397185,0.1816393431827532,0.2972683338968249,0.3201515410065082,0.2687263667590423,0.4595847431936709,0.22944364799644518,0.2944907985367866,0.3035526077313279,0.4828215133988196,0.28778694304566965,0.18650171363940068,0.32366148970080516,0.31537735530236144,0.289297321842303,0.5924133577535818,0.0438994856569253,0.45855508360121316,0.46622405145689017,-0.029640421148578896,-0.25612305879700176,0.083537743354354,-0.06644010175248023,0.14839899242819207,-0.09634834225798922,-0.06384488793822582,-0.036748167586505356,0.010133320571649082,-0.1425726809335789,0.055898833755321724,0.012221443165067817
0.07405583557482437,0.1998530636713077,-0.30243221552646166,0.26162456386292526,1.511075912832677,0.7336991741172382,0.20847392448015464,0.2137093356269061,0.18034691506316788,0.18167938369244716,0.19539334111499854,0.20724424981026862,0.32142216948829555,0.17440196931591603,0.15376975534441123,0.24134072709145796,0.23661675088256384,0.23250140825386817,-0.03920736084498601,0.19534315723977072,0.18403171846220193,0.22245464300884055,0.25536608850209086,0.20764524457129438,0.18096541263897012,0.2766741448171732,0.19606634904752426,0.07316268462472657,0.2120802346046899,-0.012049128059198947,0.12068177916508425,0.21017548133643316,0.09003482671099453,0.38579689298229847,0.15296973003774866,0.013442520027307541,0.06237574906182031,0.2819885092234582,0.17675640718442298,0.23751978785403577,-0.029339874290139643,0.1888046745639588,0.1695259256252139,0.29397918020118,-0.0027630747332669727,0.04327486349030188,0.30564524386307,0.029092063261235587,0.4424826276234977,-0.2406975755257751,0.21300350134198612,-0.07532836189671939,0.05777369300586903,0.09822377825296341,0.14040294491840252,-0.07920025708574162,-0.13197515684229272,-0.10283940059559697,0.24740296922093782
0.056200991750517314,-0.0662880636966122,0.3939799593068318,0.284812546903364,0.7336991741172382,1.0611629315615712,0.03883124410466926,0.3622783658661834,0.32661280058527276,0.20694409102254413,0.26787085965017793,0.2167380832293623,0.35461641259576476,0.23553027179770886,0.1586561123310584,0.2448599762756703,0.3525901693893211,0.30632418668309364,0.11064881646547368,0.3122342163847407,0.28157136779916514,0.3982025820731258,0.23763381806166936,0.25853840517029486,0.22401655571600382,0.5168234368022196,0.2381692097409905,0.2661622063911618,0.38972935280464654,-0.14137957689169076,0.22881789514842163,0.3129238559412163,0.15150204305858084,0.47457445667293213,0.192409751553606,0.09292005158134094,0.2744699386638191,0.4425062644144466,0.3247405704049901,0.13209082804560374,0.0462445465545307,0.27040629657053405,0.22889270473092468,0.4048960768310362,0.09496140353205318,0.2373771512595687,0.4453120578306952,0.0033309475872468964,0.4851735877014547,0.18968302408126883,-0.26971177225642134,0.32311240506090205,-0.30275060403749465,-0.0447447303208286,0.03066475317288947,-0.072577849289283,-0.10052786418540348,0.006751225039862002,0.06378621234490202
0.11851795587218485,0.5038013365131204,0.18579075656477545,0.5570556829760052,0.20847392448015464,0.03883124410466926,0.9253558603483888,0.2102861073251007,0.1105144032760211,0.23215173673225706,0.22961231663144133,0.20912418722210388,0.23113839902026864,0.03995672120745434,0.10397124312814215,0.17527461317285037,0.26053448261984735,0.26049780815538587,0.09752859400371067,0.1283381452827115,0.204620112644444,0.2946910461995742,0.19456416441370547,0.18538851697390596,0.18996633775723903,0.11335269400924698,0.17838238663419295,0.10241204531382515,0.16535303763214976,0.21228966309231018,0.1796699624150918,0.10581699670793074,0.20911672291816333,0.2767130680562577,0.13085956657880402,0.23408792528610672,0.21203831838656548,0.24798152414406371,0.1655673381134162,0.09219338855252995,0.1939110176336981,0.16707303875367016,0.18245372444505348,0.27379167686089906,-0.02701873611509306,0.2713894194974482,0.20523866241642047,-0.06350885957317849,-0.06523591721319139,-0.01761454213259865,0.05994370493041822,-0.14463386900904796,0.13305926801178664,-0.02134554701496971,-0.025708018342799076,0.018914688079199514,-0.15274977447648122,0.03115799324416233,0.08104002861894155
0.0896330376177588,0.4304723454696852,0.43267784911716034,0.37157169862048817,0.2137093356269061,0.3622783658661834,0.2102861073251007,1.129169301153508,0.05254095384483911,0.18019989882588236,0.38123474805552343,0.1995330177165747,0.3197299308141814,0.21888303292613384,0.22668625067174913,0.20912602961393006,0.34859977916960244,0.3823280855526056,0.13576403028975068,0.34044176841462753,0.27922661727988424,0.28386170718492926,0.21200338482494208,0.219076474922582,0.30703424893114023,0.5268340133222635,0.3026735766532254,0.0009022987948545433,0.3674206300132466,0.007928147681990098,0.2356979222397851,0.24198230247944114,0.1312711674760342,0.430827637717867,0.1989836436774802,0.18419380181400147,0.26451905973241663,0.3280502021382877,0.3413623151717419,0.08837440655248067,0.22932529765154183,0.2657367285526045,0.18101169827541028,0.20221976804107678,-0.018474210054396832,0.33904829682602033,0.47972363362638637,0.03163601916074579,0.35960606932218786,0.1530015298038295,-0.10266887806275067,-0.05388986128073848,0.07420716103960148,-0.06649753184864428,-0.069762757225235,-0.11222301375939,-0.07643050391578772,0.11198855987025254,0.0314207418880753
0.046227008653724304,0.16570000600924464,0.4381240786881893,0.25907248673476174,0.18034691506316788,0.32661280058527276,0.1105144032760211,0.05254095384483911,0.7947326629161757,0.17099492386128565,0.13371601848996034,0.1797746446522026,0.23955196228389214,0.26108973855043627,-0.010774911879397246,0.2661724347172101,0.21401319795410426,0.2453496169037187,-0.014071505650766975,0.2283631343821245,0.21750198103849233,0.35007256413500953,0.18226490894923686,0.20828818189341422,0.13880375427435904,0.2467702811311871,0.16664425363012053,0.25134259086181615,0.18207529607767303,0.12240327471856854,0.24815377476483746,0.24117669261001853,0.20626605108175902,0.28228587690928125,0.18046807660431688,0.27020574184892693,0.28415756953150423,0.3433737568493839,0.1545851710958785,0.10152327798465123,0.1689903423046524,0.22788896319872481,0.24466529670223214,0.281918909000758,0.16815407489729803,0.37882802945115795,0.299369558529196,-0.11780927336604347,-0.25187906773090607,-0.09678690570332021,-0.022466790654690854,0.19628130318952508,-0.019587724349029546,-0.1193325580488251,0.11540813304382758,0.1128047949010224,-0.09459966033186731,-0.10703930001740224,-0.1572217922727603
0.046242680464654365,0.31222039155669074,0.3839103246414503,0.3473520464439802,0.18167938369244716,0.20694409102254413,0.23215173673225706,0.18019989882588236,0.17099492386128565,0.6151000780079161,0.18609691109830284,0.19562067116726686,0.22698374364484064,0.12653784648014593,0.19459744867116774,0.17364100583482403,0.2309335059966798,0.2800411621148584,0.03715235335303421,0.2967178750199368,0.20219383015514183,0.24365784574038635,0.15539624632035565,0.1937115152859343,0.18380498191343203,0.172298619024298,0.23252902927831517,0.2085216798822955,0.2942979398716901,0.18183224676982457,0.24206775252016627,0.16571592483910844,0.18510361254099092,0.32572473354917697,0.2617063126879209,0.24285414860591728,0.2961584332214262,0.27976905939782626,0.2399735711522728,0.10150896876448708,0.28697398812562724,0.20880654577524843,0.14890498153771647,0.2425567680658726,0.02032145433070627,0.34221166026262007,0.4175836239511136,-0.014568433908138157,0.17325529204369433,-0.024455949995293276,0.02480611277697886,-0.05336341839324012,0.01899783644326193,-0.005489804845868842,0.03460618148281792,0.025849085980856272,-0.05241534125497135,-0.05109918313909643,-0.04352493939369604
0.06497558344571586,0.2935345803621709,0.35878804747030874,0.3305379218003648,0.19539334111499854,0.26787085965017793,0.22961231663144133,0.38123474805552343,0.13371601848996034,0.18609691109830284,0.4990912161578389,0.25398224871924946,0.35527328887203735,0.19478782151643406,0.24593967315905163,0.21642146330738765,0.28625321186071967,0.27635843881027555,0.08233645417792984,0.2925724234080602,0.24533373448716503,0.25506230766751464,0.17792441954894647,0.22013911005473075,0.21250126167536998,0.29616818205098117,0.2516178645939739,0.16691778871455698,0.3390813962312674,0.07427191075600376,0.2259985247191736,0.20937753945267515,0.18046550189670396,0.3127632609707514,0.21432311605110602,0.24688244283546093,0.2654841993862761,0.2699154084932449,0.23267791811922364,0.10165532189518985,0.2140065497668585,0.23673188425433134,0.1609485721459031,0.19058512259430396,0.046189660771778336,0.3575285970821176,0.3391280307052127,-0.03856472828798839,-0.032471333908546854,0.047558866330145146,-0.054420048427759854,0.052861097257644304,0.012594389727514161,-0.06493035709440066,-0.022843869555438653,-0.04259092577664737,-0.11326828018435978,0.032219978557411974,0.03216351459622425
0.057056532813877306,0.17287027555287152,0.260883517537426,0.36928148518855664,0.20724424981026862,0.2167380832293623,0.20912418722210388,0.1995330177165747,0.1797746446522026,0.19562067116726686,0.25398224871924946,0.6647701478458705,0.22175553326078135,0.26498135844131143,0.1229552992704072,0.2398276065856147,0.21702716688996904,0.20675866204258975,0.0688534683840497,0.21157648466192655,0.19273519750858356,0.16075063136279877,0.15104670165191247,0.16476569346978065,0.22408813439188782,0.3199581030127561,0.25330473938840675,-0.010773459239173796,0.1265882661877349,0.0028182804238384507,0.1951593857266711,0.24584001001209196,0.1281432449773121,0.2726802205116648,0.1253904877471627,0.08692155428711065,0.208919488387334,0.2815921777026788,0.11159762191074497,0.08777339883238634,0.12450242876395919,0.2039141443112515,0.1511539548683701,0.17351162185217112,0.0284694526261977,0.194716368056185,0.34397077533072246,0.061150539569168584,0.42192077612103784,-0.08328953445093086,-0.02120597498528107,-0.08419653651292784,0.14766743980588964,-0.01378126685006465,-0.0016309605709987948,0.012712136370014684,-0.10252920932421096,0.03173580019328677,-0.03463671604090817
0.06406592718995953,0.3956833887513039,0.3346627482669651,0.35835129632914436,0.32142216948829555,0.35461641259576476,0.23113839902026864,0.3197299308141814,0.23955196228389214,0.22698374364484064,0.35527328887203735,0.22175553326078135,0.6895237578001908,0.18710540368667455,0.15567870842493584,0.2746002779063374,0.29223237813807923,0.3430960853581831,0.1634171014158193,0.2592482520060613,0.27405580084573394,0.4093150511861078,0.20752539880889395,0.2638935872456816,0.21566505872143601,0.26727729513053855,0.2762630511078538,0.24577579761536186,0.49524223974086196,0.12126556171772708,0.2540351632592514,0.24767141418612013,0.21705372572916398,0.37554256671237474,0.2952640419673591,0.3102703999538622,0.30446875785090527,0.2671661256755315,0.30541558968965893,0.11490983980350049,0.23534259388433143,0.25676956793778016,0.1946377419422435,0.27307811799826137,0.002348183047771278,0.4146038069165137,0.373413956647119,-0.087870666749404,0.07208010695609689,0.10286548375613919,-0.05950817409917104,0.042875420499656536,-0.03416039038753376,-0.09196409207743392,0.06748614060229631,-0.07064321347562685,-0.16097392536239433,-0.055946640307751226,0.12370742739332832
0.06612623753189863,0.0056669877539688805,0.2262095773263178,0.37614950654105994,0.17440196931591603,0.23553027179770886,0.03995672120745434,0.21888303292613384,0.26108973855043627,0.12653784648014593,0.19478782151643406,0.26498135844131143,0.18710540368667455,0.5901942718266491,0.1489174472782364,0.3184755321648461,0.19187553996696044,0.11974385604217028,0.11029472779522213,0.19757333863921517,0.20076396367799226,0.26170276255276476,0.12784213492228674,0.19649590352359522,0.18615159651357846,0.27587654486424895,0.15698631875116437,0.13853919023137007,0.17329768281516156,0.1021629483234594,0.18658211077889875,0.321177320724672,0.12863240414032326,0.2366233217729707,0.20058886992785274,0.14956167203031231,0.23984090668530245,0.27363859522052447,0.12417331110362112,0.09180496765079971,0.16525967221852966,0.2213287166744751,0.200538670176847,0.22464741464725616,0.08789427237158076,0.222529323329242,0.3417009605104671,0.0005246613171879684,0.32089253883986235,-0.030364235354309096,-0.058541807111800175,-0.08875575141577809,0.09224080076052539,0.0053155918692907094,-0.09393483892191958,0.007301187063855423,-0.03386855458647014,0.09655415232734625,-0.07610815979915762
0.05398077934764602,0.5350691166014011,0.24448485757857213,0.17142252499237026,0.15376975534441123,0.1586561123310584,0.10397124312814215,0.22668625067174913,-0.010774911879397246,0.19459744867116774,0.24593967315905163,0.1229552992704072,0.15567870842493584,0.1489174472782364,0.7597816105489871,0.08198888633836322,0.18666841472506912,0.11009797536260442,0.17442163953958925,0.13600857981359443,0.16513876910715994,0.1263331509435827,0.09545620233937219,0.1537903062367129,0.2065230025095018,0.15241111082702397,0.18483900231150888,0.2197193756360203,0.25728455133508465,0.1218447861107602,0.13494499471776972,0.1101952136352031,0.1787904258620745,0.209527168979056,0.19573128363430528,0.1558716193425171,0.20681094265468533,0.14090715644088586,0.153970114089222,0.02389115677206229,0.1351392203851198,0.13939161873367276,0.11144848349092702,0.12925283273574817,0.04669440012974532,0.18557522460155293,0.22599787087943365,-0.015932450863364308,0.06429439265501403,0.06565579821301123,-0.037791912105130214,0.015985493172453052,-0.07738008919856791,0.06667129043722154,-0.07489822827488929,0.04407430613557648,-0.14141814294281121,0.0708509929404955,-0.009245106791760606
0.05539883725395852,0.3610019040097239,0.22218372892522317,0.33813794461600405,0.24134072709145796,0.2448599762756703,0.17527461317285037,0.20912602961393006,0.2661724347172101,0.17364100583482403,0.21642146330738765,0.2398276065856147,0.2746002779063374,0.3184755321648461,0.08198888633836322,0.8393147173474039,0.24772918970944371,0.21963836020583558,0.21349240043348316,0.25332185521531936,0.25708694944306204,0.39754269543986975,0.11832031167108467,0.24346040330415125,0.25265079626556003,0.16658104076347238,0.25087980407694904,0.22491532689724106,0.3146773252297328,0.24175868107906237,0.25615051860445476,0.2646142825056381,0.16151148619915923,0.36189383869541,0.4286433133009316,0.2172785870300227,0.4197360542227149,0.33400871114745506,0.1997843934847701,0.1688149095344801,0.2211741059796071,0.3387189759205621,0.291481697217373,0.28638667279802044,0.1983309457583185,0.31807589337069214,0.39907442864565296,-0.05160249386612583,0.15694013730622375,-0.267193207240317,-0.08567223735618627,-0.04950180844016024,0.19200582039973357,-0.004983437946626954,0.04984975079486635,-0.01819682437774047,-0.22500771142267392,-0.022325533292824093,0.0945761533236836
0.06026754062330935,0.23351559358557827,0.3763651606622837,0.34511040362473594,0.23661675088256384,0.3525901693893211,0.26053448261984735,0.34859977916960244,0.21401319795410426,0.2309335059966798,0.28625321186071967,0.21702716688996904,0.29223237813807923,0.19187553996696044,0.18666841472506912,0.24772918970944371,0.6402826965871639,0.28211755370989083,0.18697352827959948,0.2461836825378833,0.27402063489890055,0.5291560311040622,0.22716224689745454,0.2417209841759885,0.2559886285895494,0.2248244502712143,0.2615764162749226,0.2632350368903119,0.31716651172180044,0.10095612695973971,0.2651989771547234,0.21980130036136125,0.26262338114704437,0.32541864587753727,0.19618539538709512,0.2695849609863439,0.41450269754099306,0.3755619455408938,0.2698441769144836,0.13230080429756386,0.207780750001788,0.24342212011804354,0.2626594279011422,0.3232972140784484,0.13052545033294533,0.38387711267878216,0.4577397786831778,-0.10092283846245387,0.14544163070558458,0.24377601992823322,-0.031151161611298255,-0.00770042547553705,-0.12422692110121293,-0.07587108016047747,0.033526335991537884,-0.030380232315931004,-0.13668329749682803,-0.006298312635673019,0.03753785481672349
0.06731762506067478,0.525932355385179,0.37061003293428335,0.4113761045351146,0.23250140825386817,0.30632418668309364,0.26049780815538587,0.3823280855526056,0.2453496169037187,0.2800411621148584,0.27635843881027555,0.20675866204258975,0.3430960853581831,0.11974385604217028,0.11009797536260442,0.21963836020583558,0.28211755370989083,0.9085896714337,0.03532940960958832,0.2251767511350451,0.2940773473071332,0.3707206617662794,0.393201448065719,0.2425342883461153,0.23745969147997692,0.36798968933571474,0.20151073669661676,0.33199094510479593,0.36726698643768196,0.05662329557556493,0.3073267880323796,0.2120021676688581,0.23728341250435586,0.41720604311704057,0.18044903421504097,0.39879969360851025,0.23604636175531585,0.2851838495599557,0.32601249929444737,0.14015263850275297,0.3187684756504757,0.25045780387668787,0.199123810560825,0.3221964083144744,-0.10405856984131437,0.47434371976480394,0.3697474449177071,-0.07294095881818688,-0.024791812152050254,0.11828422626783763,0.274366131038084,0.14943215800737744,-0.3853825873183281,-0.15244670426301293,0.02616090799550539,-0.04378304720780645,-0.13467046444408012,-0.0187816467505982,0.07796498453573109
0.021377893442959896,0.37887812236455887,0.2908464652171615,0.0022355960023640337,-0.03920736084498601,0.11064881646547368,0.09752859400371067,0.13576403028975068,-0.014071505650766975,0.03715235335303421,0.08233645417792984,0.0688534683840497,0.1634171014158193,0.11029472779522213,0.17442163953958925,0.21349240043348316,0.18697352827959948,0.03532940960958832,1.3385833046367488,-0.31096186836230216,0.16577388851425237,0.44973951225870995,-0.15338781916430275,0.11447883394267379,0.17881132547700473,-0.03774243099596673,0.09982108636861231,0.217723143810095,0.15052959380394254,0.22304235222582777,0.15234573791847478,0.09314904710754371,0.26752139112698087,0.06701482700199084,0.12146733490945952,0.0829118891096574,0.3402424038831213,0.26710456257229853,0.34734240338569833,-0.13527217629023294,0.06309101539816502,0.049581975214323344,0.2198654196861661,0.18331813254640064,0.054234172989677,0.12544398207403204,0.10945071969900763,-0.012877149786318414,0.2493287776554139,0.5246303468574354,-0.24449418533308567,-0.12856453871955512,-0.06195074187208204,-0.07743579043083772,-0.1867924945683247,0.036650360201446026,-0.12382710391601127,0.2155165122093973,-0.05345688914136183
0.05294928504950779,0.156817562271749,0.3758595582172441,0.3152943279759522,0.19534315723977072,0.3122342163847407,0.1283381452827115,0.34044176841462753,0.2283631343821245,0.2967178750199368,0.2925724234080602,0.21157648466192655,0.2592482520060613,0.19757333863921517,0.13600857981359443,0.25332185521531936,0.2461836825378833,0.2251767511350451,-0.31096186836230216,1.5293450251026706,0.3135643360098399,-0.06321051877693859,-0.04697520058839759,0.2434919767199401,0.14233739424008296,0.496062655094705,0.3781190857808929,0.26944526117743944,0.32126249253389594,0.2615644216719099,0.4310644351729889,0.22783403049710665,0.18365432150338026,0.45622104066932906,0.4543904172706386,0.2448106397653628,0.6851690454450567,0.4186020566163676,0.49028978732765144,0.3498532912969725,0.6561199209891386,0.5329681454016604,0.20184586440899507,0.06768334303457335,0.12966388093980977,0.553714860839253,0.5320933056992578,0.28385853717512743,0.5009392356956165,-0.16055135637523857,-0.1053059724002771,0.029367339463899918,0.19669245195453575,-0.0960874709259379,0.1791879903127493,-0.041572315696708786,-0.013780525230982667,-0.17893565044072168,0.0707864338838287
0.05866955399511731,0.4604433214485409,0.33936975964678173,0.33122240983003687,0.18403171846220193,0.28157136779916514,0.204620112644444,0.27922661727988424,0.21750198103849233,0.20219383015514183,0.24533373448716503,0.19273519750858356,0.27405580084573394,0.20076396367799226,0.16513876910715994,0.25708694944306204,0.27402063489890055,0.2940773473071332,0.16577388851425237,0.3135643360098399,0.5783140106636613,0.31994652242337795,0.13773301556426362,0.23324577377854605,0.17790198486199152,0.40215703138283326,0.22536752688548473,0.3416601697419943,0.29141335758692444,0.1861471018689486,0.3353916201071214,0.23109975036768152,0.30386812174564176,0.3030903155081091,0.242002452472801,0.3552105916423381,0.37937980435758617,0.42993361659614154,0.2976047984341736,0.1907763583176654,0.46825132144286996,0.3623343443135323,0.2709228315543665,0.33236520218866145,0.06046881524255974,0.4534187344260456,0.4404245106532489,0.020245067248822173,0.1276935383388515,0.13797362583959374,-0.10244449436799073,0.07335262690183657,-0.06881609001667656,-0.09177836247068175,-0.09817864364333657,-0.003275531082164438,-0.2458874944861773,0.12710768523396657,0.06081432393514015
0.08519831855028537,0.4119086494995933,0.5512292580854075,0.36499653811315463,0.22245464300884055,0.3982025820731258,0.2946910461995742,0.28386170718492926,0.35007256413500953,0.24365784574038635,0.25506230766751464,0.16075063136279877,0.4093150511861078,0.26170276255276476,0.1263331509435827,0.39754269543986975,0.5291560311040622,0.3707206617662794,0.44973951225870995,-0.06321051877693859,0.31994652242337795,2.1345845914036894,0.2784582480590443,0.309932976538243,0.21710187222911292,0.10658558526022925,0.3270642006507553,0.32910337380413546,0.5052711072634816,0.18979003059534996,0.3511844715529892,0.4000989656111107,0.4674811930646258,0.3595258967251534,0.14649518787270366,0.5628006323675279,0.40653912855716634,0.5659019374957774,0.3621389525309353,0.12508704921195127,-0.0015818968496200613,0.2536878750519311,0.592505463864867,0.47824407815881276,0.1819693095630264,0.534364830547381,0.45261300900439144,-0.731984210676945,0.3483567700116128,0.15471335663106736,-0.14131618158077508,-0.3935527156619417,0.049133875431029705,-0.031485378811734334,0.04322736858624635,0.03173914113862127,-0.26841796816842434,0.0005317043154684996,-0.023507325124515435
0.04796302755954231,-0.2471794697947572,0.17107828746570716,0.3535502751583894,0.25536608850209086,0.23763381806166936,0.19456416441370547,0.21200338482494208,0.18226490894923686,0.15539624632035565,0.17792441954894647,0.15104670165191247,0.20752539880889395,0.12784213492228674,0.09545620233937219,0.11832031167108467,0.22716224689745454,0.393201448065719,-0.15338781916430275,-0.04697520058839759,0.13773301556426362,0.2784582480590443,1.1585128047525288,0.2623349719035268,0.3304961157305319,0.09025195473153295,0.027785685022983304,-0.04034660028904855,0.20533048422284908,0.10797782816648743,0.05887982783053914,0.11233685103507943,0.17249178104753216,0.34515745102561207,-0.07528084863792765,0.25244895100988896,-0.05028938955027116,0.21466281128483036,0.3422984385564141,0.1723040030826927,0.14895889429591008,0.07989708030181147,0.22475992410670503,0.6768757249526847,-0.1925733099897952,0.2693834001237213,0.3361581032000791,-4.186562504117377e-5,-0.1312113494866818,0.02838834880417997,0.07481877830247108,0.1620941000935761,-0.1257623876676915,-0.03587606461894145,0.14987880878045176,-0.05844964818481534,-0.09694487763367433,-0.14175387519442312,0.22469943074833074
0.030979351317551057,0.17094783755284332,0.2868558230588062,0.3227966313012175,0.20764524457129438,0.25853840517029486,0.18538851697390596,0.219076474922582,0.20828818189341422,0.1937115152859343,0.22013911005473075,0.16476569346978065,0.2638935872456816,0.19649590352359522,0.1537903062367129,0.24346040330415125,0.2417209841759885,0.2425342883461153,0.11447883394267379,0.2434919767199401,0.23324577377854605,0.309932976538243,0.2623349719035268,0.5667999244060568,0.23516496784458873,0.19622602441224773,0.22381029701606225,0.2663703392775704,0.21019591690803252,0.3494879284157388,0.23484690830748278,0.2496218330521349,0.42234800905264097,0.2325036490107741,0.16631461108347903,0.2812032785343444,0.37998323913831705,0.34373278890654635,0.10367090841660558,0.1067687659413292,0.23462798559362064,0.2464347607315501,0.24011782568162368,0.3598627128791929,-0.025715935188743953,0.38367035663081667,0.3452028115651154,-0.04917265756654069,0.03970626298926792,-0.010169548878257741,-0.06394343074240878,0.05752392565592197,0.012378495412841875,-0.05703223422490441,0.21073331769908105,-0.07865830553744448,-0.058237386742450756,-0.24779090909648507,0.2982655011137781
0.06100493822633367,0.23429236561298794,0.28691176596999673,0.2984308675085677,0.18096541263897012,0.22401655571600382,0.18996633775723903,0.30703424893114023,0.13880375427435904,0.18380498191343203,0.21250126167536998,0.22408813439188782,0.21566505872143601,0.18615159651357846,0.2065230025095018,0.25265079626556003,0.2559886285895494,0.23745969147997692,0.17881132547700473,0.14233739424008296,0.17790198486199152,0.21710187222911292,0.3304961157305319,0.23516496784458873,1.0088308782267486,0.15326941832875046,0.19049453824793497,0.08608094730052335,0.26445877885355146,0.22801117058895307,0.17958064906922816,0.17272893815583393,0.16366478701448275,0.4375607774186491,0.27375041594364874,0.1278588676862036,0.2796213351421936,0.3873712469452082,0.22946964760335004,0.0897013627399847,0.11023946307160384,0.1861434409684874,0.2572164936663742,0.37443985896049126,0.08191962776659983,0.35632472532236814,0.4015958580816291,-0.0366533467305959,0.009247242605147817,-0.149612758687465,-0.019260405507168184,-0.03635135574379861,0.1251482064748187,0.014923524659575298,0.02899308196035034,0.006092145750631373,-0.07817142526916558,-0.014770203673453582,-0.0012468645930630903
0.05960314892824539,-0.11497000147494855,0.39168068927136224,0.41449335422917394,0.2766741448171732,0.5168234368022196,0.11335269400924698,0.5268340133222635,0.2467702811311871,0.172298619024298,0.29616818205098117,0.3199581030127561,0.26727729513053855,0.27587654486424895,0.15241111082702397,0.16658104076347238,0.2248244502712143,0.36798968933571474,-0.03774243099596673,0.496062655094705,0.40215703138283326,0.10658558526022925,0.09025195473153295,0.19622602441224773,0.15326941832875046,2.4830491124645753,0.28085015395165985,0.4578951445495238,-0.007220272644434243,-0.5046966014343754,0.25118004012308925,0.4837704974779152,0.07975115784579158,0.4764189680962892,0.16197973779594424,0.09760975936684298,-0.10297847369625761,0.41364097591555815,0.3203039294380884,0.2025856789925806,0.39433302413612514,0.5013337103594803,0.18001491242068218,0.2431180925751176,-0.27463485955810996,0.270270871892101,0.32472486804872547,0.24276389203222953,0.5121092372259315,0.4842677179431602,-0.1764786489988217,0.37076019370191693,-0.7756828832332411,-0.0536226676290889,-0.09211359692799838,0.013303423771801317,-0.1267234028149592,0.17539063781987657,-0.04875052309077605
0.05371198651763531,0.5220316128231729,0.27137281746610975,0.2714997672979137,0.19606634904752426,0.2381692097409905,0.17838238663419295,0.3026735766532254,0.16664425363012053,0.23252902927831517,0.2516178645939739,0.25330473938840675,0.2762630511078538,0.15698631875116437,0.18483900231150888,0.25087980407694904,0.2615764162749226,0.20151073669661676,0.09982108636861231,0.3781190857808929,0.22536752688548473,0.3270642006507553,0.027785685022983304,0.22381029701606225,0.19049453824793497,0.28085015395165985,0.8348649195669657,0.28908193302799573,0.25897806345397806,0.131727796252408,0.32195295784700095,0.23426886366450278,0.2957653093097584,0.29776775201942607,0.31357082408584186,0.26255782777303655,0.43454124794307425,0.3778298795681843,0.16280907302995248,0.1602823493667237,0.2782349667954506,0.2802231303519146,0.2192374941125586,0.13208572210711633,0.05598966272521348,0.4152997174229947,0.3565845689428806,-0.04940917720483525,0.1322113366553688,-0.07992794657534028,-0.06720302052240121,0.012367867354941308,0.05025198120881686,0.0191443318440468,0.11678811901877988,-0.02492100827801295,-0.08588049337340137,-0.12210203624395144,0.11163816017696368
0.023054098435783526,0.45177658879089716,0.342724446195595,0.2726705660673002,0.07316268462472657,0.2661622063911618,0.10241204531382515,0.0009022987948545433,0.25134259086181615,0.2085216798822955,0.16691778871455698,-0.010773459239173796,0.24577579761536186,0.13853919023137007,0.2197193756360203,0.22491532689724106,0.2632350368903119,0.33199094510479593,0.217723143810095,0.26944526117743944,0.3416601697419943,0.32910337380413546,-0.04034660028904855,0.2663703392775704,0.08608094730052335,0.4578951445495238,0.28908193302799573,1.399522855265103,0.24652016811500557,0.2429203206305519,0.3780812044234262,0.2333404897394297,0.5187673549717641,0.2261797580213431,0.43064320491432434,0.4412333133158274,0.488132647003826,0.40232376139737736,0.19917599663326446,0.14748061755452324,0.4837381633386918,0.32175281096898617,0.2431514163144999,0.483772389413253,0.017783374117285325,0.5133064730699833,0.234653966336541,-0.03782066273176929,-0.1722817496285154,0.19395741957095922,0.008492307542767755,0.9000068554219695,-1.0730199524979103,-0.09012189762421458,0.008728813543147081,0.05105389277901222,-0.13522094432340762,-0.053684702875928164,0.08845616002473583
0.05141063852685259,0.6757976582496078,0.5029623961725266,0.26878362305397185,0.2120802346046899,0.38972935280464654,0.16535303763214976,0.3674206300132466,0.18207529607767303,0.2942979398716901,0.3390813962312674,0.1265882661877349,0.49524223974086196,0.17329768281516156,0.25728455133508465,0.3146773252297328,0.31716651172180044,0.36726698643768196,0.15052959380394254,0.32126249253389594,0.29141335758692444,0.5052711072634816,0.20533048422284908,0.21019591690803252,0.26445877885355146,-0.007220272644434243,0.25897806345397806,0.24652016811500557,2.0904468106288467,-0.04129928049899439,0.21030800856534962,0.2038865655646797,0.07009268414288054,0.575899594709223,0.44554471832258974,0.7050652705723666,0.28551137304194785,-0.3276741014770434,0.4283354372000503,0.04689789983444542,0.2756381047848801,0.23197091180189908,-0.10956421697872996,-0.1847852829559831,-0.09016656014910586,0.6001172210294929,0.4317807904546328,-0.44110961818393435,0.22411714772804062,0.3156222104455448,-0.3847188407283503,0.02923523595614539,-0.05800965630363486,-0.0643440410815919,0.06370605325022624,-0.12018362229686837,-0.20718078456192024,-0.1301566845539632,0.23904178850622118
0.046830315035268175,0.39750919151563613,-0.028418439613981945,0.1816393431827532,-0.012049128059198947,-0.14137957689169076,0.21228966309231018,0.007928147681990098,0.12240327471856854,0.18183224676982457,0.07427191075600376,0.0028182804238384507,0.12126556171772708,0.1021629483234594,0.1218447861107602,0.24175868107906237,0.10095612695973971,0.05662329557556493,0.22304235222582777,0.2615644216719099,0.1861471018689486,0.18979003059534996,0.10797782816648743,0.3494879284157388,0.22801117058895307,-0.5046966014343754,0.131727796252408,0.2429203206305519,-0.04129928049899439,2.4536867926836914,0.32182565878277253,-0.05200103540244078,0.495126744828216,-0.06596012175435177,0.5395952863758962,0.48220841706629125,0.5512158230869385,0.5503653875890092,0.17234777781824515,0.028582170536835032,0.7211576657099505,0.18292400084718366,0.6993301232234952,0.6030364773078958,0.07512068416325418,0.5542329175439704,0.31366805047331164,0.08393593280848818,-0.01926823893317262,-0.3115333794053473,0.039929640118993276,-0.6548171078332988,0.8156968812069361,-0.0740062053056533,-0.020032504313403764,0.034266599637773634,-0.21866005483972883,0.1577487782143828,0.0832870921959764
0.052794748530930996,0.41082302297359213,0.3811329452121433,0.2972683338968249,0.12068177916508425,0.22881789514842163,0.1796699624150918,0.2356979222397851,0.24815377476483746,0.24206775252016627,0.2259985247191736,0.1951593857266711,0.2540351632592514,0.18658211077889875,0.13494499471776972,0.25615051860445476,0.2651989771547234,0.3073267880323796,0.15234573791847478,0.4310644351729889,0.3353916201071214,0.3511844715529892,0.05887982783053914,0.23484690830748278,0.17958064906922816,0.25118004012308925,0.32195295784700095,0.3780812044234262,0.21030800856534962,0.32182565878277253,0.8339849222575705,0.2355617213919767,0.3455621426291003,0.30969669186082754,0.3765770249630552,0.5277477210499135,0.6518278045264507,0.5071410873304926,0.37065760207424103,0.14054457836539813,0.5442106508255373,0.32574553596714517,0.24264081431510198,0.3004356365940559,0.08489961938350296,0.6150792814649391,0.4668882777568083,-0.04657645947646774,0.11153898019319008,0.12413247711761484,-0.10742327271610354,-0.039498167288021885,0.07705831772876244,-0.13911721870483354,0.11786396750292588,0.029823192306956806,-0.037838958180082795,-0.1440882873911467,-0.03684358745059024
0.05154856179621774,0.11941916048089538,0.28857897555916157,0.3201515410065082,0.21017548133643316,0.3129238559412163,0.10581699670793074,0.24198230247944114,0.24117669261001853,0.16571592483910844,0.20937753945267515,0.24584001001209196,0.24767141418612013,0.321177320724672,0.1101952136352031,0.2646142825056381,0.21980130036136125,0.2120021676688581,0.09314904710754371,0.22783403049710665,0.23109975036768152,0.4000989656111107,0.11233685103507943,0.2496218330521349,0.17272893815583393,0.4837704974779152,0.23426886366450278,0.2333404897394297,0.2038865655646797,-0.05200103540244078,0.2355617213919767,0.6638984688557114,0.11199481014751604,0.25395766929414276,0.12337130247119653,0.21076491116599116,0.17278789789091456,0.2894600349363852,0.16976794651366292,0.12541465041678784,0.16216210078183763,0.2675273998721576,0.11900150269140167,0.15632077026764182,0.04172788828880806,0.33130600219758016,0.3888370159680906,-0.07239560817819471,0.4005908501662371,0.058352969278066005,-0.038256093801310204,0.22525700307352708,-0.2759457169582107,-0.016822645169536878,0.010288584705620243,-0.008108810748947936,0.23183135485095963,-0.06661193952829056,-0.21624110188898832
0.04550039982348881,0.42719279766665746,0.29076024965136094,0.2687263667590423,0.09003482671099453,0.15150204305858084,0.20911672291816333,0.1312711674760342,0.20626605108175902,0.18510361254099092,0.18046550189670396,0.1281432449773121,0.21705372572916398,0.12863240414032326,0.1787904258620745,0.16151148619915923,0.26262338114704437,0.23728341250435586,0.26752139112698087,0.18365432150338026,0.30386812174564176,0.4674811930646258,0.17249178104753216,0.42234800905264097,0.16366478701448275,0.07975115784579158,0.2957653093097584,0.5187673549717641,0.07009268414288054,0.495126744828216,0.3455621426291003,0.11199481014751604,1.2591716823210672,-0.0007356418609492136,-0.13190943471057348,0.2870683447388,0.857828466264934,0.54919851716316,-0.09944243402639408,0.08411172295483879,0.19944904682680784,0.29939784881969994,0.37958807290713353,0.4777998670446887,0.027869502367001402,0.4967525562290034,0.3947092371317692,-0.10899033300673,-0.13183444931624125,0.15038492391870206,-0.11451974655256257,0.027617399959377856,-0.03141299435093311,-0.12905265437403313,0.21592677507639105,-0.001121628736879769,-0.2194889637093657,-0.1714688163360413,0.29418339540861554
0.0013363998231275796,0.24147061939303144,0.49583575517776735,0.4595847431936709,0.38579689298229847,0.47457445667293213,0.2767130680562577,0.430827637717867,0.28228587690928125,0.32572473354917697,0.3127632609707514,0.2726802205116648,0.37554256671237474,0.2366233217729707,0.209527168979056,0.36189383869541,0.32541864587753727,0.41720604311704057,0.06701482700199084,0.45622104066932906,0.3030903155081091,0.3595258967251534,0.34515745102561207,0.2325036490107741,0.4375607774186491,0.4764189680962892,0.29776775201942607,0.2261797580213431,0.575899594709223,-0.06596012175435177,0.30969669186082754,0.25395766929414276,-0.0007356418609492136,1.706398134926246,0.6588335507885072,0.170725780178808,0.3085597016764966,0.40708839117941215,0.6757835561089678,0.0022111819370069807,0.1894701205883286,0.3433339435715881,0.32481957138204437,0.4806080705306806,-0.2974199434755193,0.2766049864745502,0.6542732781072692,0.003814537978904767,0.6937145465648946,-0.14632659745285764,0.01543835304130513,-0.06220710990037361,0.04915419330880024,0.024744922049562693,-0.07384527960296461,-0.02779720246132342,-0.23529300566739192,0.026761240174303008,0.18795006308132178
