0.9332456269079161,0.14677156470583147,0.24839358950712487,0.0005517915879521398,0.12378812215130919,0.05771186673404883,0.2837677575252871,0.007046552770621695,0.09561178236139545,0.12963427778103032,0.11053385048803593,0.1684389335192495,0.05101686916786899,0.20510435938718397,0.10467679760944185,0.12810075390299394,0.11168375290941288,0.11738112284483711,0.0896623602750516,0.035200306581059077,0.11982746657639268,0.12546188159604693,0.07244103634056198,0.10623829604817199,0.08292680089263128,-0.013007046409631753,0.11409861687774352,0.020123378826516134,0.1710164666480306,0.07728284811206786,0.14711637044381817,0.09706053414815247,0.12462804747194335,-0.08925228082993523,0.07587008320519976,0.08037590878809818,0.08854324265513504,0.23541031593475,-0.030362305214010097,0.06450356258512051,0.13790290000797945,0.11445371139650808,0.18329977513809145,0.025224197976116913,0.07343907466473493,0.3184037469850779,0.07797578940974637,0.11245252085532219,0.08587123306604255,-0.03698130655733004,0.019873012753164675,-0.023970918354295014,0.04671078070252106,-0.002071140398151757,-0.08317818081735079,-0.05611841370696179,0.024679455988135764,0.8057581520049893,-0.7762774485683298
0.14677156470583147,3.4298061636625308,0.4500653276023328,0.12366927674811154,0.11455927356812834,0.12935602467876992,0.3597755794432221,0.20050178287096918,0.3061782820399011,0.3230767248979723,0.20319112533466488,0.2502769485788248,0.15284708094685742,-0.11069118654702204,0.38938894536400126,0.024497318978906668,0.18786535769025897,0.494230716860789,0.15676263548580177,0.17360086454446802,0.3071408631355186,0.21712994478980563,-0.16058102432797053,-0.35031612992273364,0.1595660879162832,0.18506777614890818,0.7452438938214563,0.32770067695261035,0.5162640288267735,-0.22414513430070443,0.2092622458390631,0.19179806590679752,0.31967426426468826,0.16766519630135404,0.19604414065410597,0.2676471356204036,0.5471025549397581,0.22461936592262322,0.09307596642578557,0.1131282357856215,0.2686569191266368,0.3038087399558921,0.04881774422487305,0.004544874667806912,0.27552110354289067,0.3868957125456952,-0.007017155810529154,0.0721329305376665,-0.12737734405252335,-0.06538767712667877,0.2670248111297839,0.37431374838904985,-0.3377259999608973,-0.14625816904218633,-0.052858105031816434,0.07531834780414039,-0.03615187897023317,-0.15922531176807822,0.26490409752192434
0.24839358950712487,0.4500653276023328,1.542745696116918,0.2643501495403606,-0.08402740499447972,0.3895868676755473,0.2949319669360981,0.31054907182497293,0.3929528045536053,0.34706782413957504,0.3422732901025079,0.2902361309236706,0.21204777683690054,0.11149138327546157,0.30021125815561867,0.18592920632962093,0.3676425629112705,0.29697108332368666,0.17683260347931362,0.30724045222077234,0.2910923961986229,0.3368005993224509,0.251875323266336,0.204840695411447,0.25238185458750534,0.19859086965308836,0.24507628134127316,0.22271921945451148,0.6190684196153128,-0.5109338045581262,0.24685062127262777,0.21885755571956508,0.18159061840788662,0.3117243352605672,0.323010951754539,0.4049759335432023,0.4088100218524292,0.4632500093289749,0.2782325109354984,0.056662698684259764,0.3103219727559152,0.3240398748824823,0.07042113728307524,0.19015456241521084,0.20115661606971136,0.6187774334359275,0.1127544565425959,0.05781124960155162,-0.3799130734318734,0.10203181076347377,-0.06609515170364111,0.21604350942982675,-0.1023392705081945,-0.16456924820362664,-0.19971948518317692,-0.04192787534209816,-0.09493144505033584,-0.2477807377982014,0.4042691860977096
0.0005517915879521398,0.12366927674811154,0.2643501495403606,1.2187795359394547,0.26790186948950273,0.30242263619414955,0.33083331269297667,0.26924912713028915,0.23075413514832616,0.2349761671310734,0.24037784647723434,0.33144983468201267,0.18144354802905688,0.37060067533943075,0.2458559487284383,0.3357322020766926,0.2142697179436244,0.2796490742114567,0.22222253171305884,0.23577125017529965,0.22488154888219972,0.2886126062901809,0.3107156186175091,0.23524041442238852,0.2753705406713781,0.24913887316984185,0.1474789599820312,0.019785521084172447,0.3073182284429828,0.08776055782408816,0.1853425688700361,0.19575318144111353,0.15644964089701582,0.33969014641182327,0.0032151035707066538,0.2188174496781496,0.3122214877039722,0.34423549465078485,0.2615110504341302,0.12459654313696976,0.1585219160079417,0.22078165264884295,0.4124527830282527,0.11542484687176603,0.14367911799541563,0.24549047904248797,0.2721444968009484,0.0888400215642969,0.21866295338506853,-0.006296366526443227,-0.0648020973740548,0.08774937892538387,0.07764628073968607,-0.11939058403708525,-0.01788178166435813,-0.0390671683941577,-0.2724398096232994,0.4590396870183776,-0.24219753866916496
0.12378812215130919,0.11455927356812834,-0.08402740499447972,0.26790186948950273,0.699330012025309,0.2248745277404673,0.18112982626868504,0.12822206068898817,0.1243787146190132,0.1477288006753597,0.13740025179942927,0.21035969872200905,0.12356089151056354,0.14748009138451312,0.2593108816311392,0.208740791704829,0.08182528828662991,0.19865264976561461,0.30505962550876425,0.0983102439047445,0.1571220520674479,0.1701155395670127,0.22397035019952796,0.1345346532767554,0.22232236398507127,0.15281272952096336,0.12246160211280016,-0.08085356574274541,0.19238363285745227,0.2330379423430068,0.09148067525112578,0.13407517644994332,0.07592781164580309,0.26283403160280355,0.0020431766084287283,0.1678196079938676,0.2385186435604047,0.13461394778063268,0.1893477803342928,0.10155823937525428,0.14142307900921533,0.15223145099110627,0.24864147371045445,0.09745779158849426,0.08118505892776737,0.13313262532651488,0.19834467568502998,0.11182216556956141,0.27043806259106773,0.10430403286432312,-0.1130923485591916,-0.29822070025644354,0.22095004931304527,0.10660667047512934,-0.06306733986497995,0.04653520859645717,-0.13626472737221088,0.2570940823134442,-0.16422086527915977
0.05771186673404883,0.12935602467876992,0.3895868676755473,0.30242263619414955,0.2248745277404673,0.6960062562278924,0.10109483973131927,0.3674865724372307,0.2414097786982159,0.12543040666074115,0.28465858790743137,0.24306474274293752,0.17704177463848522,0.17439894956790175,0.2300616331344894,0.21193172954555353,0.2744986599535576,0.22034762317897702,0.3451130252028782,0.29236993191573757,0.22973819016700697,0.26014970508129814,0.1750925681250553,0.18121198971531213,0.23541404527750248,0.25701810472517334,0.23261107030431669,0.10739926102929596,0.39999328946991314,-0.06616127157389934,0.1716893287253205,0.18078512966751387,0.07068968663626193,0.2382091743624666,0.16461970203325216,0.16476329473180285,0.348337886080345,0.2845200454412048,0.3095961637417607,0.15004033276554246,0.21400119952528543,0.2256385441355451,0.3061339240158881,0.1546555919189678,0.1682201112949239,0.2721146885457297,0.4156854259760494,0.11693197243335567,0.23250208440861053,0.30295619166123217,-0.24032584084612732,-0.024158361673926192,-0.10966659004265514,0.04023147540586408,-0.09869960100471524,0.07141142188572341,-0.15142426743948528,0.4189807995258032,-0.3905781436539855
0.2837677575252871,0.3597755794432221,0.2949319669360981,0.33083331269297667,0.18112982626868504,0.10109483973131927,0.591172579028045,0.05043706093100236,0.23883847548561854,0.15995486900150635,0.15987057986784034,0.3015505276055127,0.11211609406051516,0.0190722858801947,0.1575521812248955,0.15737230860251272,0.13856437660842078,0.2387495451115422,0.120980871403893,0.10869690443898841,0.1745252474092032,0.22621649977344233,0.19290218364562067,0.11757544596376884,0.1803602757924905,0.14272573719479312,0.2050593963010017,0.04390813437776398,0.1914862267013149,0.0456950444781973,0.16486806416157782,0.1636913519451123,0.15572194832502947,0.19823909920488864,0.06433987336629826,0.22839708513154033,0.18144266683315055,0.2551851629617736,0.12672606121509997,0.07954639213647738,0.09685029219832897,0.17618109919595476,0.19713873796067666,0.06203403332264244,0.1385879821397048,0.28510776176579694,-0.007410333306577223,0.05552932026149869,0.0763527205499283,-0.057394244215762426,0.003984895918376261,0.0666998092642039,0.07846639889035625,-0.10538624337924524,0.03895067828286352,0.05759089438477169,-0.04361786969985865,0.21326846729860593,-0.3283465142028758
0.007046552770621695,0.20050178287096918,0.31054907182497293,0.26924912713028915,0.12822206068898817,0.3674865724372307,0.05043706093100236,0.8230099451789493,0.11480680986599237,0.2653431477498298,0.2821933522668067,0.1414780832932601,0.2150106612364835,0.15551410637437113,0.17834567347218333,0.18759829773202655,0.28891031537803147,0.2396604257189484,0.23393499487929478,0.27195067907597015,0.19382705018395607,0.1856070437388828,0.1783163206883123,0.10251218949510418,0.2647771540613877,0.2134044186210015,0.2747106454892352,0.08906890591605579,0.25432552699961725,-0.08954023397265128,0.11290517967340927,0.14744832184037765,0.11674155386803732,0.26808316990291786,0.306478514090287,0.07990085890700763,0.33373893108410885,0.2673855379103161,0.3384794699262939,0.19081973939488114,0.21690244088124724,0.20624596508749374,0.303159232308296,0.13327802445637707,0.12588109084825416,0.32172120626230866,0.46979711233298754,0.15394398232602957,0.19972786687721555,0.03215648421004261,-0.07118252671600825,0.16183686194371538,-0.012157539503212775,-0.08891077797509303,-0.1841291006620033,-0.002531550725251945,-0.07071436350064293,0.7113225776292518,-0.6273874163325079
0.09561178236139545,0.3061782820399011,0.3929528045536053,0.23075413514832616,0.1243787146190132,0.2414097786982159,0.23883847548561854,0.11480680986599237,0.7563727519963993,0.18009602416920092,0.14328366055415434,0.21480673739581824,0.1345438097192915,0.08719632732499703,0.08969761302659299,0.13022910891188122,0.1467075738186599,0.29690225366111733,0.13346181121851294,0.07456546466105797,0.18531572297894966,0.3886909398059119,0.19444595767029318,0.11825128494879696,0.1361498382306894,0.21318321412281033,0.2304525179664481,0.1080454768454646,0.26558211485972316,-0.010008909650013227,0.2462384294757974,0.16254034766080924,0.19595751610359172,0.07557269864788321,0.12726320377302486,0.27321367380406975,0.20681729387693878,0.2692907478556435,0.11385413386199139,0.08099566655081554,0.1282132291730122,0.1907953644791318,0.24283313817244265,0.08115042818553411,0.16777235317035624,0.26813479365362236,0.10179579412087689,-0.05804700579339699,0.06834109782352174,0.18048688974836777,-0.0828864037385698,0.010096586000740612,-0.0691369799195259,-0.05514147285274659,0.22310359275122033,0.2438301030532773,-0.04531123246395526,-0.0064263421753752315,-0.4035364012580562
0.12963427778103032,0.3230767248979723,0.34706782413957504,0.2349761671310734,0.1477288006753597,0.12543040666074115,0.15995486900150635,0.2653431477498298,0.18009602416920092,0.776045406679238,0.17605253866479856,0.17477121468824292,0.1400637885836903,0.09593675554429786,0.24259433294501462,0.15953027251633278,0.18819586524958012,0.3141588806607464,0.11294356058564535,0.13158765418170512,0.16068200766760524,0.20090659382509263,0.28723108885049503,0.04760272719968125,0.25342664165522644,0.14847058999747087,0.2721461531014714,-0.0018169597011665937,0.3178120465352188,-0.008646899128962106,0.09910723298688907,0.17992228055760784,0.1207244401317809,0.36540364439057704,0.18057669905810814,0.25563180391868184,0.2710648590435752,0.18678017210793676,0.25592341737499996,0.11080288672188714,0.20534569461611496,0.18832220222989457,0.09628940197466722,0.1254930605982188,0.02618921811485809,0.3010275094433308,0.2201801325191788,0.07512332410403481,0.05750677665418202,-0.007556228728981362,0.02405314010923062,-0.09632426711410536,0.16082583120258906,-0.08114703052435593,-0.33581608980443,-0.008310927299919297,0.07715426790332125,0.07537695986633418,0.06746059457302274
0.11053385048803593,0.20319112533466488,0.3422732901025079,0.24037784647723434,0.13740025179942927,0.28465858790743137,0.15987057986784034,0.2821933522668067,0.14328366055415434,0.17605253866479856,0.555530481934388,0.22029324139311532,0.16499092893594816,0.17350191974256848,0.2280069734969651,0.19853923690728464,0.3216818941560084,0.1754859327379073,0.15445144555103774,0.3182998693076614,0.2341234498368727,0.180320411516458,0.17300737004844255,0.1632892067256565,0.23057365327614837,0.20551942068331253,0.259684198768869,0.10162916531850345,0.3101474763900107,-0.06531982670567187,0.14661346116579,0.1653319922194154,0.13415353315669581,0.23757930040899464,0.24367922144202453,0.19081665837154627,0.3164277958969204,0.28278995767398774,0.23064264159342762,0.17365997628606858,0.2469672510846727,0.24967393587214515,0.23367102675968815,0.13438701370580453,0.13915855899404844,0.33984842612219773,0.2653459675913325,0.16051921301573102,0.04254069119013365,0.030683599326455514,-0.0945388040715015,-0.07841513612469621,0.17189981917309205,-0.016804219970425537,-0.18773665741593673,-0.009210590105079295,-0.11323984476406906,0.34425556288725245,-0.212256396525136
0.1684389335192495,0.2502769485788248,0.2902361309236706,0.33144983468201267,0.21035969872200905,0.24306474274293752,0.3015505276055127,0.1414780832932601,0.21480673739581824,0.17477121468824292,0.22029324139311532,0.592755560094867,0.125381067294419,0.13993001808964803,0.24684333876401401,0.19900497452196633,0.20884769040423437,0.18912684757031137,0.16207968057850095,0.18789681513140316,0.1806567247340153,0.21005811824893938,0.2045914294828444,0.1320849716677103,0.2666065455580072,0.16594891743391785,0.25874126270467024,-0.01731361734262131,0.26616679990647185,0.0358507718923443,0.10008762312944795,0.1985144602173775,0.12660786536780075,0.2184205543542572,0.1981700874455848,0.16259455387969493,0.21449321967725618,0.2502304005661274,0.18364468160955721,0.1322569973339417,0.1570174204110532,0.1910186314843156,0.24707360093840483,0.08881403248468078,0.11026449928621615,0.3491469408387986,0.20573150739029886,0.15161745040087554,0.3015559463760123,-0.02452236029907729,-0.056986186839424136,-0.07176189865158124,0.10677526701832762,-0.002163490753090524,0.06885444271024437,0.05540957424813472,-0.1355485687657129,0.33245002666863144,-0.5581808492571271
0.05101686916786899,0.15284708094685742,0.21204777683690054,0.18144354802905688,0.12356089151056354,0.17704177463848522,0.11211609406051516,0.2150106612364835,0.1345438097192915,0.1400637885836903,0.16499092893594816,0.125381067294419,0.3370562837608688,0.1100253698737257,0.05042018621954209,0.15591016651093076,0.14122717125942602,0.1312109287472483,0.1131444131683959,0.13237841371111503,0.1264006084286157,0.17182912731088998,0.12702942592611197,0.08189418937929809,0.13625709548323145,0.13110375381612627,0.11870099167999072,0.04443723055456068,0.2859724731984782,-0.07371793747504593,0.06344217037942088,0.13923616271798073,0.07055107614469606,0.16557707392322632,0.1741022096857934,0.11005821973223372,0.16125371694256485,0.13713180157203006,0.19864839593920075,0.10167370037974781,0.13892763178132259,0.1334598499905915,0.12180027992647906,0.09948700849716052,0.0024465418759878847,0.18911581817812306,0.14319052202500288,0.047932146862778253,0.1324556186638181,0.1564922785883446,-0.06101536564386241,-0.04567349096569361,-0.047169584318739084,-0.004007397259049903,-0.06135852734151794,-0.018189263273206975,-0.07876996835947316,-0.0031012804231055117,0.08582416724457603
0.20510435938718397,-0.11069118654702204,0.11149138327546157,0.37060067533943075,0.14748009138451312,0.17439894956790175,0.0190722858801947,0.15551410637437113,0.08719632732499703,0.09593675554429786,0.17350191974256848,0.13993001808964803,0.1100253698737257,0.6652204362260391,0.16768449531807356,0.30196221567159814,0.1999385451598468,0.10176513580470035,0.13202537418527582,0.18727817778053216,0.16564761594985888,0.1640490410100113,0.1876939498260437,0.2201381614566297,0.15745286925633184,0.11016756291718348,-0.014150510398856824,0.018325154442838682,0.28558343666479463,0.06356974548416953,0.12050850194649106,0.09395986217398436,0.0818455401303151,0.12216483569272035,0.13637197694128028,0.07562722840499882,0.24498486743079,0.23400177844760295,0.09567002292422465,0.13713869276173932,0.2112008177738387,0.17034590589842385,0.3619131472615406,0.1031555056860764,0.06690493702979299,0.09396505257128625,0.24634870754167382,0.1415836607766365,0.37606484558063813,0.04888208598705386,-0.04686777836329303,-0.0431818889065141,-0.01180823165384856,0.03272004781976112,-0.3325629909211291,-0.0830206684340816,-0.25552409441711776,0.7289009523877259,-0.18278812899175773
0.10467679760944185,0.38938894536400126,0.30021125815561867,0.2458559487284383,0.2593108816311392,0.2300616331344894,0.1575521812248955,0.17834567347218333,0.08969761302659299,0.24259433294501462,0.2280069734969651,0.24684333876401401,0.05042018621954209,0.16768449531807356,1.1271175108882359,0.1642440130104137,0.16487483508036507,0.41059536541613617,0.1743164519705112,0.29138419588144193,0.29184068190971535,0.14396889748650998,0.5461451518147131,0.30470343794560956,0.4460492472665539,0.23493170896216578,0.26038140988860947,-0.09314972456591016,0.3782036319516889,0.20053497406028542,0.1631683777606152,0.10894806114377038,0.13638945204779773,0.4160736045598464,0.20906142970343763,0.3288379805046822,0.5146453786911565,0.23578571984927857,0.33552471522534905,0.19308529462403268,0.34469341882466414,0.31423606540234744,0.2677430440866539,0.1722837628854964,0.16427375616001902,0.37554295020898687,0.268180079569965,0.27135776786185545,0.1770841136113481,-0.04976278862375681,-0.07499082496156166,-0.09182739422508188,0.17391746433166103,0.032464054208341565,-0.2800933845115171,0.13453946259315253,-0.24334484573418214,0.42382010495604855,-0.09388625022576767
0.12810075390299394,0.024497318978906668,0.18592920632962093,0.3357322020766926,0.208740791704829,0.21193172954555353,0.15737230860251272,0.18759829773202655,0.13022910891188122,0.15953027251633278,0.19853923690728464,0.19900497452196633,0.15591016651093076,0.30196221567159814,0.1642440130104137,0.8200573943421545,0.25617081334592706,0.16363015968459405,0.19750540775644265,0.1742399768887813,0.2234629781904417,0.396932521012653,0.3035580605936432,0.26336132640242116,0.2809406252080315,0.11802049480866562,0.16181580048872402,0.07707882619232811,0.3797435722331557,-0.05444434305966655,0.11108349185361426,0.2289136425138258,0.1068947098064461,0.2467264364732199,0.41270871475938764,0.16110502091572643,0.24143282118330348,0.32974930266431546,0.2883102633437873,0.2752699677588424,0.2260381772597701,0.24651348486238503,0.4834761886092118,0.1918827648193192,0.15291188663919597,0.1439512848830473,0.22423255246618204,0.013105295785597477,0.32774133638624486,-0.09862887337414696,-0.08835938844283767,0.08387551847640799,0.03253133862770365,-0.03141444110967882,-0.25923888309706866,-0.0249638313838633,-0.23541179231143128,0.5427987447821584,-0.13041582564751739
0.11168375290941288,0.18786535769025897,0.3676425629112705,0.2142697179436244,0.08182528828662991,0.2744986599535576,0.13856437660842078,0.28891031537803147,0.1467075738186599,0.18819586524958012,0.3216818941560084,0.20884769040423437,0.14122717125942602,0.1999385451598468,0.16487483508036507,0.25617081334592706,1.0029655709977316,0.011507934765355126,0.20552240578249922,0.42406735472641505,0.3338336983031436,0.20869349878538573,0.06866321796560111,0.31856146656921086,0.20133659613555874,-0.04167300622244272,0.4133688184849829,0.6044975290194823,0.29587563358363256,-0.11950919365881081,0.28668382271688614,0.1513155870822494,0.3042970135155267,0.14485096679861212,0.33545321225043073,0.27089572749470614,0.5791375711773721,0.4507589268182111,0.14279933219194468,0.2617971930793111,0.515672060184773,0.3908563402190951,0.32706504138259324,0.25073648287550604,0.27484906978646517,0.33333841018978816,0.4015274156751268,0.3150829776381078,0.1553454370016744,0.10225065969815947,0.014571249135410216,0.12329331284458314,-0.0805567890755965,-0.04666082428364955,-0.6719117720323322,-0.05396581426096049,-0.08091749571372725,0.5646954069554935,-0.19075790543058319
0.11738112284483711,0.494230716860789,0.29697108332368666,0.2796490742114567,0.19865264976561461,0.22034762317897702,0.2387495451115422,0.2396604257189484,0.29690225366111733,0.3141588806607464,0.1754859327379073,0.18912684757031137,0.1312109287472483,0.10176513580470035,0.41059536541613617,0.16363015968459405,0.011507934765355126,0.9536197891946947,0.16323163999216225,0.06314818256210603,0.28926433167678695,0.27393949826374564,0.6801976616230794,0.16327016820416032,0.31327901193827934,0.46971491329756904,0.018309450953158373,-0.32095183789917703,0.39346695757086475,0.06713721206041541,0.3211685622628168,0.16503789466000976,0.08401109916299694,0.3788435790365906,0.1838360122373782,0.34064328350962075,0.35148097152297825,0.2551274186238394,0.3305226696223112,0.22725981717930405,0.17989120400003963,0.2928659328152741,0.32705761546509926,0.07659342179399167,0.2526803211420958,0.4285630647670453,0.26674348609953746,0.10793014927380999,0.07323113095818233,0.3074803711090698,0.03859363191056946,-0.18595025309648028,-0.12242103878997163,-0.025610570281428886,-0.022631637792663466,0.1574216459420661,-0.05344730087510905,0.3928260100117178,-0.5233262490814812
0.0896623602750516,0.15676263548580177,0.17683260347931362,0.22222253171305884,0.30505962550876425,0.3451130252028782,0.120980871403893,0.23393499487929478,0.13346181121851294,0.11294356058564535,0.15445144555103774,0.16207968057850095,0.1131444131683959,0.13202537418527582,0.1743164519705112,0.19750540775644265,0.20552240578249922,0.16323163999216225,0.6123508252802553,0.09593476482013119,0.1807736462738874,0.1979457192683805,0.050840122824842994,0.17321538550269758,0.15054309401976929,0.06110379320534479,0.1357817978065318,0.27238495338812996,0.11930846044114528,0.048766412222361354,0.2298144336473037,0.12941089404333264,0.09936654049837405,0.1445907099371192,0.05350849141699045,0.1715381065092389,0.22405162346728466,0.2814853658483249,0.20126149450844447,0.11158824987427644,0.20626446224694298,0.16058896025042477,0.2796538357863181,0.0979700459002209,0.19994142487607472,0.14507805539346924,0.15484071016323908,0.09409900988238505,0.09442275585824843,-0.13987900811910012,0.12972717643809484,0.5179223474514927,-0.356237564291991,-0.06654623618666117,-0.013364060539736794,0.06189394126669344,-0.0856926034440492,0.29390630590067995,-0.25216104946430346
0.035200306581059077,0.17360086454446802,0.30724045222077234,0.23577125017529965,0.0983102439047445,0.29236993191573757,0.10869690443898841,0.27195067907597015,0.07456546466105797,0.13158765418170512,0.3182998693076614,0.18789681513140316,0.13237841371111503,0.18727817778053216,0.29138419588144193,0.1742399768887813,0.42406735472641505,0.06314818256210603,0.09593476482013119,1.1733029082991249,0.18115853098822446,0.09187722887586862,0.17421095678057205,0.3653353697577295,0.26520125312845944,0.40849248872638105,0.4280487830281115,0.14679499455015577,0.3850522256348614,0.014456126268000082,0.2106289785870251,0.2436556776343183,0.1443074461663104,0.3907653450095859,0.1464306595643638,0.14051379730835728,0.5410329743162646,0.3262120293088607,0.5350810421160075,0.25975410588702225,0.3296387015640894,0.22664498806711847,0.1893744318764247,0.1877373492978158,0.1314659766342344,0.3020159632516961,0.15559728965575648,0.4109539729902956,0.8059983112791035,-0.0019467274976776553,-0.1916260783987915,-0.04867408604357667,0.24121670734327869,-0.03004719808277841,-0.35227508981490335,-0.014464380176853572,-0.07403031166115943,0.20442235891459368,0.007304221179824544
0.11982746657639268,0.3071408631355186,0.2910923961986229,0.22488154888219972,0.1571220520674479,0.22973819016700697,0.1745252474092032,0.19382705018395607,0.18531572297894966,0.16068200766760524,0.2341234498368727,0.1806567247340153,0.1264006084286157,0.16564761594985888,0.29184068190971535,0.2234629781904417,0.3338336983031436,0.28926433167678695,0.1807736462738874,0.18115853098822446,0.5581787394640707,0.22804817814529743,0.2608126477097121,0.22136783738241902,0.23580423185231478,0.18613299049624168,0.1982142863716545,0.13163683788313207,0.2965448229234143,0.05409248845339937,0.29040890115792983,0.15794684105583176,0.25224300450417364,0.22524999922847844,0.41994075165188766,0.33665337626313396,0.501542154316497,0.43139280702790156,0.14791866858135597,0.29832121404103124,0.42410588405916716,0.524667968274933,0.424552759235223,0.156215217123251,0.43413945518831704,0.3502080841248264,0.33386472706882464,0.26851175639449687,-0.024170818002275808,0.16663172834971274,-0.022906045119790816,-0.09045708124829978,-0.0063308407385111705,-0.003857734321621752,-0.13676520396737965,-0.0059888583957887825,-0.18713700710475756,0.4555179189198977,-0.1705057193516841
0.12546188159604693,0.21712994478980563,0.3368005993224509,0.2886126062901809,0.1701155395670127,0.26014970508129814,0.22621649977344233,0.1856070437388828,0.3886909398059119,0.20090659382509263,0.180320411516458,0.21005811824893938,0.17182912731088998,0.1640490410100113,0.14396889748650998,0.396932521012653,0.20869349878538573,0.27393949826374564,0.1979457192683805,0.09187722887586862,0.22804817814529743,0.7868743906505078,0.29805031907809787,0.1612865791696638,0.22258483807856055,0.19605003631867102,0.20677704406210448,0.09077695656633158,0.44069623916915535,-0.031565991335234994,0.17089368198221236,0.2708134991273166,0.19864920989534035,0.2293926573940555,0.22387154553278432,0.30237256955815534,0.2015270175590128,0.39494824878137696,0.2544068454298348,0.17354664090836588,0.16378025030898125,0.24111865791428447,0.48578043524037945,0.15898291396965664,0.18590628968690595,0.22224114739535014,0.1756182014527829,-0.2821087895930273,0.2958672474835122,0.0836893861997452,-0.0989814027488556,0.05523904401089757,-0.07169861386821424,-0.07335412264995023,-0.022035243511469703,0.08904107215303161,-0.1375742680722611,0.32833807255136155,-0.30498983162354404
0.07244103634056198,-0.16058102432797053,0.251875323266336,0.3107156186175091,0.22397035019952796,0.1750925681250553,0.19290218364562067,0.1783163206883123,0.19444595767029318,0.28723108885049503,0.17300737004844255,0.2045914294828444,0.12702942592611197,0.1876939498260437,0.5461451518147131,0.3035580605936432,0.06866321796560111,0.6801976616230794,0.050840122824842994,0.17421095678057205,0.2608126477097121,0.29805031907809787,1.5707364157974966,0.6014536385169923,0.6084978411856974,0.20229781994671914,0.02733608038683454,-0.7588758225875811,0.6544948158990671,0.3378915277869754,-0.07167870414908564,0.10279645551011496,0.039208844130060476,0.5617287548562028,0.2067513746888787,0.4480075693097935,0.44225810878281835,0.16891292516368486,0.6568381819382842,0.3223127249601537,0.2855527455589441,0.2976382189015481,0.2238283958731402,0.28887158945710306,-0.09156379405490117,0.5739461622409806,0.40306600798714165,0.2226710242189448,0.3683846025348128,0.17982278337159546,-0.09421280590607858,-0.5522300675695767,0.37614699143606106,0.03906946887616132,-0.4798954233719046,0.0032000970656474574,-0.20555043225540123,0.35999329239428074,-0.02183911116528036
0.10623829604817199,-0.35031612992273364,0.204840695411447,0.23524041442238852,0.1345346532767554,0.18121198971531213,0.11757544596376884,0.10251218949510418,0.11825128494879696,0.04760272719968125,0.1632892067256565,0.1320849716677103,0.08189418937929809,0.2201381614566297,0.30470343794560956,0.26336132640242116,0.31856146656921086,0.16327016820416032,0.17321538550269758,0.3653353697577295,0.22136783738241902,0.1612865791696638,0.6014536385169923,1.4700568837588965,0.41055276844846833,-0.17158269102570103,0.028691702285967027,0.35807154590410245,0.21135031572013838,0.6321404833848056,0.7401982126338997,0.07068527448367525,0.1828518347250016,0.06583119071886237,0.08754194643437012,0.48216179712892027,0.35588033080872883,0.424759779347028,0.17784622949767007,0.12157760238761402,0.556532663028553,0.24298718225848692,0.13104202397428377,0.268814964631437,-0.028062830483311662,0.33810958094598914,0.24642916138336862,0.30023127812701883,0.14584078758685567,-0.1834087307731958,-0.11366542799209611,0.18231337552754256,0.08975655432728565,-0.0009867686963646823,-0.10148382320557846,-0.05555562558777096,-0.11818138131673328,0.10390876568039543,0.12152098625732911
0.08292680089263128,0.1595660879162832,0.25238185458750534,0.2753705406713781,0.22232236398507127,0.23541404527750248,0.1803602757924905,0.2647771540613877,0.1361498382306894,0.25342664165522644,0.23057365327614837,0.2666065455580072,0.13625709548323145,0.15745286925633184,0.4460492472665539,0.2809406252080315,0.20133659613555874,0.31327901193827934,0.15054309401976929,0.26520125312845944,0.23580423185231478,0.22258483807856055,0.6084978411856974,0.41055276844846833,1.0024365961318389,0.21190072000200116,0.3027574864935687,-0.27727882763380607,0.42628156587667804,0.2876352898048145,0.048413181387796045,0.1799600173009987,0.11418069993509676,0.5647198634536303,0.36279021314947035,0.25401980791783596,0.46132103445784406,0.28875812490497577,0.480593448896452,0.21906934879954515,0.22612812347288605,0.278149407217055,0.28607539247223274,0.20218687405960353,0.14999400698146093,0.48125403858051174,0.4016893715446479,0.18347160778097416,0.15536114927633562,-0.18216176601775308,-0.09607179962939452,-0.22218828970423543,0.38943658510778456,-0.02023770272866311,-0.1859566936920919,0.024237735547281897,-0.10795178981823408,0.31269157732322417,-0.2687672474567036
-0.013007046409631753,0.18506777614890818,0.19859086965308836,0.24913887316984185,0.15281272952096336,0.25701810472517334,0.14272573719479312,0.2134044186210015,0.21318321412281033,0.14847058999747087,0.20551942068331253,0.16594891743391785,0.13110375381612627,0.11016756291718348,0.23493170896216578,0.11802049480866562,-0.04167300622244272,0.46971491329756904,0.06110379320534479,0.40849248872638105,0.18613299049624168,0.19605003631867102,0.20229781994671914,-0.17158269102570103,0.21190072000200116,2.1713677864733243,0.2768195395191726,-0.4928056063160474,-0.24487489555804728,-0.2578718131515003,0.09498773869711145,0.4133914989108171,0.12713876789826736,0.5825316545600673,0.3649810364861905,-0.008572348889783527,-0.011731257227528205,0.26470312985470695,0.3769124545152844,0.27586610318119315,-0.48782830075474887,0.20435790017959346,0.5169764471222827,-0.06769942206246128,0.6295159366199911,-0.07819238575637556,-0.20720469989523008,0.013844260925809945,0.39880172938252106,0.7492973642248726,-0.30605315754091894,-0.40015454674030243,-0.054319086068540474,-0.11748227471935392,0.23194699787755188,0.03442518699309436,-0.12991451825625758,0.1433729750706471,-0.4168222195716018
0.11409861687774352,0.7452438938214563,0.24507628134127316,0.1474789599820312,0.12246160211280016,0.23261107030431669,0.2050593963010017,0.2747106454892352,0.2304525179664481,0.2721461531014714,0.259684198768869,0.25874126270467024,0.11870099167999072,-0.014150510398856824,0.26038140988860947,0.16181580048872402,0.4133688184849829,0.018309450953158373,0.1357817978065318,0.4280487830281115,0.1982142863716545,0.20677704406210448,0.02733608038683454,0.028691702285967027,0.3027574864935687,0.2768195395191726,1.3655387035652469,0.3323488343481906,0.060856826734791196,0.046359220086095256,0.07769025436975546,0.20297276308795323,0.352831079558106,0.08989151792763168,0.3555561747613549,0.08874100854350787,0.4229674029800606,0.33841728588827386,0.2618658235907597,0.24059903210902958,0.3355176555726639,0.2513676930831054,0.42139755882192886,0.20818783727654575,0.1646317736393571,0.5013514612360698,0.2263129422890152,0.36727012326919456,0.5832181151167655,-0.07833650247014518,-0.07061447459294881,0.07712410148737024,0.17190603560507026,-0.07154198211069288,0.07195431399156621,0.13902557365258195,0.0020542646045696184,0.5940744500069037,-0.9380886123612271
0.020123378826516134,0.32770067695261035,0.22271921945451148,0.019785521084172447,-0.08085356574274541,0.10739926102929596,0.04390813437776398,0.08906890591605579,0.1080454768454646,-0.0018169597011665937,0.10162916531850345,-0.01731361734262131,0.04443723055456068,0.018325154442838682,-0.09314972456591016,0.07707882619232811,0.6044975290194823,-0.32095183789917703,0.27238495338812996,0.14679499455015577,0.13163683788313207,0.09077695656633158,-0.7588758225875811,0.35807154590410245,-0.27727882763380607,-0.4928056063160474,0.3323488343481906,2.8354966159209343,-0.2526894350185638,-0.19626037713109593,0.6924405056070639,0.06941692855993399,0.4176612005297807,-0.2067504780927549,-0.024752646739168167,0.6022320937846568,0.22648931698368927,0.33449313895946836,-0.22549023095224757,-0.09145018761994371,0.7050671341652194,0.13134700943981376,0.3054114895986104,0.4058310775661638,0.2453812537376357,-0.5590391880117278,-0.21109470861696092,0.18057385449432228,-0.14361053662736703,-0.585322169719633,0.1219254200707495,1.4627032785962273,-0.8601747080063803,-0.1319298614837597,0.06075407947730709,0.1259701050088453,0.10793601529527447,-0.2672037567170346,0.9204470140563809
0.1710164666480306,0.5162640288267735,0.6190684196153128,0.3073182284429828,0.19238363285745227,0.39999328946991314,0.1914862267013149,0.25432552699961725,0.26558211485972316,0.3178120465352188,0.3101474763900107,0.26616679990647185,0.2859724731984782,0.28558343666479463,0.3782036319516889,0.3797435722331557,0.29587563358363256,0.39346695757086475,0.11930846044114528,0.3850522256348614,0.2965448229234143,0.44069623916915535,0.6544948158990671,0.21135031572013838,0.42628156587667804,-0.24487489555804728,0.060856826734791196,-0.2526894350185638,3.093450176893215,-0.5861684203029486,-0.1227398086841026,0.2920685594802228,-0.15067167847385926,0.3980059070170652,0.18705947655492525,0.561055427305776,0.08505878483703051,-0.16579175043321312,0.588918620062894,0.2647717136880437,0.5742100570055676,0.2912621800078517,-0.32306224938492384,0.027272735020930593,-0.14940233499578323,0.6041502177347382,0.2501913491734162,-0.08485111517762024,0.5584554046390868,0.7103949963193836,-0.2582824740323228,-0.44506131609628546,-0.27131547261626376,0.2497124913634279,-0.9087199072264598,0.031280783650737776,-0.11700645290842814,-0.006080467673595824,0.7265270502972595
0.07728284811206786,-0.22414513430070443,-0.5109338045581262,0.08776055782408816,0.2330379423430068,-0.06616127157389934,0.0456950444781973,-0.08954023397265128,-0.010008909650013227,-0.008646899128962106,-0.06531982670567187,0.0358507718923443,-0.07371793747504593,0.06356974548416953,0.20053497406028542,-0.05444434305966655,-0.11950919365881081,0.06713721206041541,0.048766412222361354,0.014456126268000082,0.05409248845339937,-0.031565991335234994,0.3378915277869754,0.6321404833848056,0.2876352898048145,-0.2578718131515003,0.046359220086095256,-0.19626037713109593,-0.5861684203029486,3.0872178928484817,0.3663081532596762,-0.03151251292375722,0.2770527919961632,-0.13791780332266604,-0.3958802771897255,0.33408200223304857,0.5645215836547325,0.4576788091438565,-0.3845707642474802,-0.24451021785747598,0.29091768747337354,0.017572491967507497,0.6644466795992605,0.028141666563087225,0.17223209910932438,0.6242900997012186,0.5597616150269195,0.41170000039214466,-0.05699950035949813,-0.0911953586937441,-0.0683030735141388,-0.40690925297402264,0.3910937190501862,0.16316166784417782,0.6711088390069075,-0.1269293146591586,-0.22121253482368805,0.8842757033070258,-1.2543787700976763
0.14711637044381817,0.2092622458390631,0.24685062127262777,0.1853425688700361,0.09148067525112578,0.1716893287253205,0.16486806416157782,0.11290517967340927,0.2462384294757974,0.09910723298688907,0.14661346116579,0.10008762312944795,0.06344217037942088,0.12050850194649106,0.1631683777606152,0.11108349185361426,0.28668382271688614,0.3211685622628168,0.2298144336473037,0.2106289785870251,0.29040890115792983,0.17089368198221236,-0.07167870414908564,0.7401982126338997,0.048413181387796045,0.09498773869711145,0.07769025436975546,0.6924405056070639,-0.1227398086841026,0.3663081532596762,1.5497604225268697,0.14474727338476498,0.3076612466000471,-0.04381637646870569,0.07344898309008845,0.4944491726080795,0.2808615213691868,0.6165036261369272,-0.18264667151317443,0.03193685117578971,0.4410183790791243,0.2910407027284534,0.22917595871708066,0.1116415974735779,0.336278535185187,0.2138779558163995,0.10137143882184471,0.19313153393271323,-0.370817830379193,0.1189638213546581,-0.06357575459446503,0.5651934791343334,-0.43795368609954705,-0.06812733360541397,0.2899448928853606,0.09055975305092928,0.07839510628044719,0.035529546434539656,-0.28356636611429353
0.09706053414815247,0.19179806590679752,0.21885755571956508,0.19575318144111353,0.13407517644994332,0.18078512966751387,0.1636913519451123,0.14744832184037765,0.16254034766080924,0.17992228055760784,0.1653319922194154,0.1985144602173775,0.13923616271798073,0.09395986217398436,0.10894806114377038,0.2289136425138258,0.1513155870822494,0.16503789466000976,0.12941089404333264,0.2436556776343183,0.15794684105583176,0.2708134991273166,0.10279645551011496,0.07068527448367525,0.1799600173009987,0.4133914989108171,0.20297276308795323,0.06941692855993399,0.2920685594802228,-0.03151251292375722,0.14474727338476498,0.7879464788025508,0.14900434466802842,0.3211390544934699,0.19988543806229273,0.24118446273148,0.01008113283861635,0.3629749996248977,0.27163585714587674,0.15398905263509566,0.08130666201770705,0.1632233776467271,0.17207843404966738,0.099410436670943,0.1711320644576728,0.16590954624737944,0.06539009614803264,0.032131161999331324,0.18189285355926815,0.11485046840001004,-0.051140841049136444,-0.07134122691926639,0.04752479638892863,-0.04132361549167321,-0.18141373729745375,-0.035354918756039334,0.27078997311974234,-0.05984056887850592,-0.09199852313493574
0.12462804747194335,0.31967426426468826,0.18159061840788662,0.15644964089701582,0.07592781164580309,0.07068968663626193,0.15572194832502947,0.11674155386803732,0.19595751610359172,0.1207244401317809,0.13415353315669581,0.12660786536780075,0.07055107614469606,0.0818455401303151,0.13638945204779773,0.1068947098064461,0.3042970135155267,0.08401109916299694,0.09936654049837405,0.1443074461663104,0.25224300450417364,0.19864920989534035,0.039208844130060476,0.1828518347250016,0.11418069993509676,0.12713876789826736,0.352831079558106,0.4176612005297807,-0.15067167847385926,0.2770527919961632,0.3076612466000471,0.14900434466802842,1.608895161005681,-0.05659319938046069,0.08095080986539965,0.11181826567337949,0.7889973787099,0.42370276535138035,-0.18709603267868305,0.039966026142091125,0.03564834889341794,0.2955027157083355,0.3735097772889286,0.16676318389714423,0.29002477247737757,0.10230338265677952,0.4594584598852195,0.345599396185242,-0.04902953676420234,0.16240212703510118,-0.1527930239730127,0.05388512615192599,0.0655825161737007,-0.20640749965482225,0.021704024806218025,-0.03801270343295956,-0.09397637101472968,0.3942410238445836,-0.26039256014284273
-0.08925228082993523,0.16766519630135404,0.3117243352605672,0.33969014641182327,0.26283403160280355,0.2382091743624666,0.19823909920488864,0.26808316990291786,0.07557269864788321,0.36540364439057704,0.23757930040899464,0.2184205543542572,0.16557707392322632,0.12216483569272035,0.4160736045598464,0.2467264364732199,0.14485096679861212,0.3788435790365906,0.1445907099371192,0.3907653450095859,0.22524999922847844,0.2293926573940555,0.5617287548562028,0.06583119071886237,0.5647198634536303,0.5825316545600673,0.08989151792763168,-0.2067504780927549,0.3980059070170652,-0.13791780332266604,-0.04381637646870569,0.3211390544934699,-0.05659319938046069,1.6897599282427234,0.2776460972748534,0.3843970190940748,0.4831864361305841,0.12691380523068577,0.5756504410436835,0.0966077041290309,-0.01966249424054421,0.28164987906479516,0.19594593586276698,0.14806393730791856,0.13240464875317387,0.0821692114345619,0.32470997465825663,0.030247369510737886,0.2543547034535027,-0.04084518039824107,-0.1405208285463693,-0.20746740947691183,0.3780791076426329,-0.149508255249738,-0.5629241730859348,0.027191320832086224,-0.08945683779003051,-0.19804894481035626,0.717075955184263
