1.0140972837082138,3.855515247495226e-6,3.7201484787252318e-6,3.5067252026610728e-6,-3.2145585518705616e-6,-9.533913621888455e-6,-2.7427916624670308e-5,-9.53689107133778e-6,-2.075458663419892e-5,-3.300547553316415e-6,7.699589684852429e-7,-2.797191059158738e-7,3.5335262388592148e-6,3.0608262977829634e-6,4.571932866568137e-6,3.2330744333247667e-6,1.0623244044984003e-5,4.7938350743500666e-6,4.0405383122096895e-6,5.026617816593676e-7,3.083641259245963e-6,2.8228039215990315e-6,9.72269247901292e-7,-1.0560052921984243e-6,-2.3626947519132527e-6,-8.110112943107731e-7,-9.116453503530356e-7,-1.3042127656811585e-6,-1.281168767224915e-6,-1.6149077937223651e-6,-8.673615575544213e-7,-5.174245480564443e-7,-2.5975610107359767e-7,-6.992429491615293e-8,1.1508618714951463e-8,1.4471496016432418e-7,3.3604430374060535e-7,-1.7699378325499632e-9,-6.929106832253643e-7,-5.875490455261482e-7,1.6470970743563635e-6,8.856431135758767e-6,3.046445087052259e-5,8.622182120155723e-6,1.6529275313968888e-6,-8.414816881535485e-7,-1.058773482748342e-6,-8.644498050549895e-7,-5.43786752826716e-7,-1.9256688360225335e-7,-2.633903245805226e-6,-3.6098225042049553e-6,-3.4458328523078425e-6,-1.4666056117393631e-5,-7.496231721870751e-5,-1.3578990171025224e-6,2.2295846697693385e-5,1.0675255264501618e-5,-5.397952323469719e-5
3.855515247495226e-6,1.0140982957365692,-1.4366869855834819e-6,-7.242878158973133e-6,-4.565275039533759e-6,-3.4553994690644394e-6,1.888095136541333e-5,-9.32102588031581e-5,-3.770609629827736e-5,-2.3192047332421363e-5,9.510669234325963e-8,1.6510257643896028e-7,7.615229925838328e-6,9.071958003543627e-6,7.343918379413329e-6,9.907844405466246e-6,1.6996747320336647e-5,1.0928045562429705e-5,5.607114620865674e-6,6.31862744769566e-7,5.447437957205634e-6,5.113849609092066e-6,1.728012037176705e-6,-2.1566085371047015e-6,-4.564569877378695e-6,-1.6192750412395294e-6,-1.852405853070436e-6,-2.6167680696385055e-6,-2.8059156517017467e-6,-3.62343710290616e-6,-2.141137904656756e-6,-1.4953754672352746e-6,-1.1795634687784831e-6,-7.138823717834473e-7,-4.181584728538937e-7,1.647536422956602e-7,7.91942511540139e-7,4.959819870875436e-7,-4.3056555318786067e-7,-2.631927408818646e-7,4.12465825111883e-6,1.7434432649196738e-5,5.7141648836335646e-5,1.6463146783697493e-5,3.1570837195801953e-6,-1.5927739016671809e-6,-2.0107702823552946e-6,-1.6340154423583028e-6,-1.0294527065982787e-6,-1.6861163768571778e-6,-5.226425361281658e-6,-7.019594347302645e-6,-1.0320523307476783e-5,2.883033327977591e-5,5.799715468360873e-5,-1.7532553506701144e-5,-1.447724976073874e-6,7.809109248808167e-6,4.259295217904584e-5
3.7201484787252318e-6,-1.4366869855834819e-6,1.0140845637233118,-8.526643925495749e-6,-2.1585006257312835e-5,-2.292045661981163e-5,2.3492839774694078e-6,-6.130614804327554e-5,-0.00012231772795818734,6.109963058625501e-6,-2.015184686322407e-6,1.864736925280172e-5,2.0602852999506817e-5,2.293000736405645e-5,1.4005974242840382e-5,1.553485560849666e-5,1.7710751600297917e-5,9.587052194636823e-6,8.469873364414209e-6,3.867525005636979e-7,6.6257472346212715e-6,5.973828742330155e-6,6.948958360281291e-7,-5.214884999911244e-6,-9.07989593723504e-6,-5.373866543676432e-6,-3.980285098453388e-6,-4.816968454174225e-6,-3.833335707066666e-6,-3.944450604272697e-6,-2.876742608834786e-6,-1.6933858254885143e-6,-1.5243742914184868e-6,-9.234463921177492e-7,-6.607930898794996e-7,-4.07265315560447e-7,-4.3527183677842714e-7,-1.0300039501584145e-7,5.302386389758785e-7,2.6575854019438662e-6,1.0027500839455921e-5,2.7656399681924717e-5,7.85065999630834e-5,2.1514751372415862e-5,3.1698205916339414e-6,-2.9063805787723194e-6,-3.2222572549814806e-6,-2.4564420020854677e-6,-1.5156352130064397e-6,-2.365209809321576e-6,-8.044054766361027e-6,-1.0381593563159193e-5,-1.4407647693530417e-5,-1.1494359200129685e-5,0.00014883386214624964,7.26484270778513e-5,1.4660709470940757e-6,1.1048011920033906e-5,0.00010070736611765206
3.5067252026610728e-6,-7.242878158973133e-6,-8.526643925495749e-6,1.0140724343109897,-6.28880073541525e-5,-1.9705998824526023e-5,0.00033857879552998837,-0.0005031343567076209,-0.0003540377133953076,-4.4138446433332715e-5,-1.7866407737782063e-5,5.536104514088455e-5,9.695462969674494e-5,8.513381501169892e-5,5.086597086293224e-5,3.3922875565788103e-5,4.601190649725517e-5,2.8068245542562455e-5,2.4595960062782045e-5,1.3146979243600703e-6,1.730626121330634e-5,1.594776412786183e-5,2.419012073078782e-6,-1.4023697075005417e-5,-2.4478770630771953e-5,-1.4168060833203382e-5,-1.0615986393733679e-5,-1.2928281081424297e-5,-1.0622058496360494e-5,-1.1295478183134136e-5,-8.371162792316514e-6,-4.898006749342425e-6,-4.7689497835981036e-6,-2.892556209727364e-6,-2.041994416302022e-6,-1.212734929836096e-6,-9.356173042563153e-7,-3.214456483648457e-8,1.608913940327127e-6,6.941298597904804e-6,2.7061847156482975e-5,7.545291256534478e-5,0.0002150470376829139,5.9346138273509454e-5,8.956934186152168e-6,-7.809004920385503e-6,-8.730840222808878e-6,-6.673415871381015e-6,-4.122711801779789e-6,-9.496832098817025e-6,-2.579799637974032e-5,-3.24473088585777e-5,-4.959438971987106e-5,2.966420475754278e-5,7.358248821995333e-5,-3.656799097159126e-5,1.551317807314825e-5,3.3724174347246415e-5,5.010441114051217e-5
-3.2145585518705616e-6,-4.565275039533759e-6,-2.1585006257312835e-5,-6.28880073541525e-5,1.0139219046278425,-0.00017131665061920583,0.0005257761159106818,-0.0009317832071825407,-0.0008652537697751974,-7.938372126713851e-5,-0.0003766330586710199,0.00018895259168475028,0.00033324348502439586,0.0003418410018485354,0.00015775806175225213,8.365048087257983e-5,0.00010199396902814833,8.522688158086277e-5,9.802112034463437e-5,1.3038388969096613e-7,4.6738176455989555e-5,4.48619472319185e-5,7.280943408416207e-6,-3.9940676453669664e-5,-7.077981336524444e-5,-4.103883342715689e-5,-2.983981442992593e-5,-3.5784386125735045e-5,-2.8711939894318608e-5,-3.088173692363173e-5,-2.4736111464121592e-5,-1.4009594599204159e-5,-1.5080332552508556e-5,-8.914783068885061e-6,-6.304102076315657e-6,-3.89392542414965e-6,-3.891498073641892e-6,-9.555748874489822e-7,3.553192660158879e-6,1.9294044717315712e-5,7.654615595598047e-5,0.00021491802375350454,0.000613940817962089,0.00016858679715202207,2.5244165898116012e-5,-2.2300365847978963e-5,-2.4862392398283524e-5,-1.8964915222303763e-5,-1.1703802991454631e-5,-2.6492273569108742e-5,-7.696105336572561e-5,-9.637316296122452e-5,-0.00013698954449260084,4.999075617701503e-5,8.861567222213115e-6,-4.439507412849264e-5,6.793786004400043e-6,2.201454247852472e-5,-3.886356494248152e-6
-9.533913621888455e-6,-3.4553994690644394e-6,-2.292045661981163e-5,-1.9705998824526023e-5,-0.00017131665061920583,1.0130983720272324,-0.0024514555363849702,0.0005801599512810143,0.0004612536123014927,-0.0005895341503599949,-0.002012601718117562,0.00013578319957122394,0.0008878007888716979,0.0009599374411424855,0.00036810855572939937,0.00018832714612762122,0.00012535593819584692,0.0003424513457740389,0.0002601408773530077,-1.2975875416832015e-5,0.00011551979194755066,0.0001150333647926361,2.681901231388556e-5,-9.23987349815243e-5,-0.00017199671905804417,-9.362259301295182e-5,-6.882203571150901e-5,-8.517213123831029e-5,-7.768705347149266e-5,-8.79260375303987e-5,-8.12255369074058e-5,-5.716477645993389e-5,-6.118579426362708e-5,-3.597144104149634e-5,-1.7875761362450195e-5,-4.7990606907867994e-6,7.037939495735594e-6,9.81787636823457e-6,1.8464669624010942e-5,4.823084090854429e-5,0.0001910414629899126,0.0005408921446659579,0.0015621566005549195,0.0004344380622299006,6.932975855935156e-5,-5.36510390560658e-5,-6.127680597101108e-5,-4.723276104165999e-5,-2.9245976185456937e-5,-4.1322293358333775e-5,-0.00016392935189753517,-0.00021383819004005866,-0.0002562212381365427,0.00014280804434267463,-3.269750455725477e-5,-0.00011934417349407925,1.131309840260129e-5,6.267971264468034e-5,-5.983067816413746e-5
-2.7427916624670308e-5,1.888095136541333e-5,2.3492839774694078e-6,0.00033857879552998837,0.0005257761159106818,-0.0024514555363849702,0.9960755879045439,0.009744218855046846,-0.00016901256214014193,0.004065352639010538,-0.006325894196091334,0.003976215789733488,-0.0009115110225537658,0.0014352202487951397,0.0007502323408053159,-0.00022929169598132846,0.0007864281364697367,0.000223785007868964,0.0008648830120160148,-1.791428302904217e-5,0.00039215993429689565,0.0003389303462751174,7.34056277550196e-5,-0.0002304373499514686,-0.00042372716626583226,-0.000222928578492172,-0.00018071921254033072,-0.00023826147577488827,-0.0002445263705702157,-0.0002713626860376196,-0.00025713881197880734,-0.0001894126422484451,-0.00018232949112047982,-0.0001407772425978748,-6.83531190510092e-5,-1.3152205490154637e-5,6.449009376956904e-5,6.206533539646182e-5,0.00010269392494904914,0.00014865459106461066,0.0005333017856119515,0.0014469820404162624,0.004111144032305475,0.0011714396893398645,0.0001978987144376331,-0.0001345302460015947,-0.00015802460390265845,-0.00012323554847940956,-7.669828693006825e-5,3.296857748658241e-6,-0.0002298784926543169,-0.00034174112148244125,-0.00024457584865062717,0.00029662873883486856,-1.729188476453e-5,0.0004029719735093492,-0.0001610823983089083,-0.00015163435071867512,4.1246010008294504e-5
-9.53689107133778e-6,-9.32102588031581e-5,-6.130614804327554e-5,-0.0005031343567076209,-0.0009317832071825407,0.0005801599512810143,0.009744218855046846,0.978882358531042,-0.011590230872318733,-0.01230214348352009,0.03419187807188181,0.002177578623887147,0.009801651389268258,-0.0025364998999408044,0.000895647893683237,-0.0008703393128090956,-0.0006884490589808265,0.000900788450839182,0.00011227883823337412,-6.698387892823807e-5,0.00013392752824571387,0.0002954169199635986,5.364159609076472e-5,-0.00038314307299920126,-0.0006912972884576101,-0.0004123880633753915,-0.00027746365877740614,-0.00032010082262589733,-0.00022785527357555105,-0.0002892267429807777,-0.00021535654142071579,-3.3329586845432436e-5,-7.687581886324266e-5,6.652879954218495e-5,-1.8870573042692722e-5,-4.008088743068938e-5,-0.00010017870227058237,-5.510995798281946e-5,1.1967067574664396e-5,0.00020537407060114033,0.0007395083877497285,0.0019364150753273812,0.00538066218710858,0.0014353247840256122,0.00018032127651047334,-0.00022186038030635078,-0.00023377965277153172,-0.00017406986439565862,-0.00010647914116738805,-0.0002506999080775005,-0.0007400623100006319,-0.0009232780864034144,-0.001298486884122189,0.0005905796803758266,0.00020661502133010397,0.0012604680982182606,0.0006212888557122094,0.0004931440777819656,0.0002555055216737317
-2.075458663419892e-5,-3.770609629827736e-5,-0.00012231772795818734,-0.0003540377133953076,-0.0008652537697751974,0.0004612536123014927,-0.00016901256214014193,-0.011590230872318733,0.9602339479274947,0.027585708594047038,-0.0033616631726360153,0.039523963308198407,-0.010126389699803031,0.012860615227112113,-0.0058617517704312155,0.002978725513406265,-0.0018848281151857807,-0.0004247574053444692,0.0013349956836839142,-0.0008817226869298812,-0.00017421565638708916,0.00017839090478767925,6.20129396339674e-5,-0.0003203656892957224,-0.0006170821358909936,-0.000365530456807114,-0.00020457108752428056,-0.00021345843873670859,-0.00016532546191801146,-0.00021048087508887878,-3.574282236788821e-5,-9.194032882365089e-5,-3.1890480353109942e-6,-0.0002403749626235037,-0.00015907506013705723,-0.00015468925759275798,-0.0001635752588853034,-4.132947039771954e-5,3.382460599677263e-5,0.00018083979369004863,0.0006267035801994356,0.0016504832755315849,0.004577736384252211,0.0012056436180682925,0.0001490609238662865,-0.00018372139024957427,-0.00019301667477395498,-0.00014218808092959098,-8.6683639976096e-5,-0.00024666558143780055,-0.0007030576288480781,-0.0008593246810783239,-0.001245242121665328,0.00025723311882668937,0.00010603014881546215,0.0006203422977179119,-4.0361684524135e-5,7.267375415434305e-6,0.00026647206636729053
-3.300547553316415e-6,-2.3192047332421363e-5,6.109963058625501e-6,-4.4138446433332715e-5,-7.938372126713851e-5,-0.0005895341503599949,0.004065352639010538,-0.01230214348352009,0.027585708594047038,0.9696208210297582,0.022998859576140795,-0.03251317373506541,0.03791829298375989,-0.011899086883188815,0.01141043849107393,-0.007002594761821222,0.002681728897415863,0.0006619342119413273,3.0576284591241476e-5,-0.00013995779530262824,-0.0002536502350348632,-2.5007079683675537e-5,3.227208405150965e-5,-0.00014237703038182302,-0.00030441303151764176,-0.00017872553889514386,-8.37466590936145e-5,-0.00011594103600207187,-3.8919262676054523e-5,3.3090801241933814e-5,-0.00031854990429152697,1.3682190103216421e-5,-0.00030543282255022407,0.0002079238685259663,7.739692963043482e-5,0.00012588095970365813,0.00010028305375009918,-5.0634005740593666e-5,-2.1290003007223225e-5,8.368579703734186e-6,0.00022513973079928907,0.0006434330537644833,0.0018984381660167927,0.00047116696919218297,3.5841192312027507e-5,-9.251113213559777e-5,-8.916783289781792e-5,-6.309035127782139e-5,-3.774724227813779e-5,-4.411507843870274e-5,-0.00020978519524321606,-0.0002737049304422403,-0.00030376557315201077,0.0016114543816683053,-0.00017858592390094166,-0.00027074489354505274,-0.0003752701058229208,-0.0002706811108850394,-0.00040031037475552297
7.699589684852429e-7,9.510669234325963e-8,-2.015184686322407e-6,-1.7866407737782063e-5,-0.0003766330586710199,-0.002012601718117562,-0.006325894196091334,0.03419187807188181,-0.0033616631726360153,0.022998859576140795,0.928634255210269,0.03710873126926099,-0.02972079717412929,0.04198356045947214,-0.02153564827529609,0.020638423166998047,-0.008612166206077517,0.0024524295446123065,-0.0014663562016041683,-0.0006421775292204431,-0.0002593791261501158,-2.56867795889614e-5,-1.430497980583751e-5,-7.616034325776831e-5,-0.00013087991633108274,-9.951059064911726e-5,-4.1516206461894605e-5,-4.602693332784247e-6,1.702559721194892e-5,-6.262812066020681e-5,0.00027421234451288287,9.534061881661104e-5,0.0003997047669178621,-0.00021793388996890168,-0.00012304053011826888,-0.00024641222125087656,-0.00034078752237492836,-6.213255334386355e-5,-5.732489734311835e-5,9.394496758093247e-5,0.00014636946311563545,0.000315459295133309,0.0005716425496426174,0.00013137723973683586,-3.985752351537157e-6,-3.51985059205158e-5,-3.12713479872131e-5,-2.0294028714527205e-5,-1.1865741943239964e-5,3.402529393195371e-5,0.00010859539663740554,0.00012531858573742888,0.00012991169619022255,9.042086658929398e-5,-0.0006196888384337061,-0.0013060173539722502,-0.0018449350774418672,-0.0012073090795998848,-0.0008408082154521095
-2.797191059158738e-7,1.6510257643896028e-7,1.864736925280172e-5,5.536104514088455e-5,0.00018895259168475028,0.00013578319957122394,0.003976215789733488,0.002177578623887147,0.039523963308198407,-0.03251317373506541,0.03710873126926099,0.9373819921019063,0.052421136893338896,-0.05638150559296218,0.03678074105581257,-0.023933074835798002,0.018657370559168256,-0.004938388064926154,0.0027517771473197215,0.00047642761216635615,0.0003010183991698866,2.4349076196833382e-5,-2.321006976953292e-5,1.74831873983013e-5,6.553541142896695e-5,4.026347452251135e-5,1.2555514224667919e-6,-4.713446525956189e-5,1.8412388941780593e-5,0.00021453626521980375,-0.00024366993848540575,8.790085945442443e-5,-0.00044321496280119835,0.00030948144927355533,7.991211787161575e-5,0.00024835926263342485,0.0002829959091505115,-7.707045548061678e-5,-6.042218523584438e-5,-0.00021643048253053117,-0.00018843862159552372,-0.00022773787373769427,9.299398707167862e-6,-1.4942350361441414e-5,1.2980711790904844e-5,1.6231779013051682e-5,1.2134104914414881e-5,6.7067591061759715e-6,3.6910962230486397e-6,7.26739871294472e-5,0.0003205799303824143,0.00037607315644449553,0.0003444292416114195,-0.0005953430194768869,-0.00013597260575098506,-0.0017163776904162186,-0.00035936720509095553,-0.0003296693306131831,-0.00021768406975058622
3.5335262388592148e-6,7.615229925838328e-6,2.0602852999506817e-5,9.695462969674494e-5,0.00033324348502439586,0.0008878007888716979,-0.0009115110225537658,0.009801651389268258,-0.010126389699803031,0.03791829298375989,-0.02972079717412929,0.052421136893338896,0.9075807411677114,0.06662862912220273,-0.038997150942149804,0.035269931770637544,-0.02007039921604172,0.008436784395265347,-0.005404426505383849,0.00021831154411818072,0.00041060845627565145,0.00013754198399255942,-2.0556956768685286e-5,0.00010064443270370758,0.00024464679612042734,0.0001549357981591136,4.533621243276464e-5,8.304154644665153e-5,3.0725432098486686e-5,-8.678982150152967e-5,0.00016206420456931045,-1.4692595033485677e-5,0.0003246970801297057,-0.00027471262461912236,-3.167887116001378e-5,-0.00014062330298310333,-0.00019275501724224774,0.00012691395531237427,-6.407557750002852e-5,4.3633225005057216e-5,-0.00018763370057602152,-0.00026364030109235845,-0.0009647977390593223,-0.0001555331851113408,3.5182114256240485e-5,7.306723914012508e-5,5.8407371503461395e-5,3.641206300970992e-5,2.0646100649681605e-5,0.00015838995417278152,0.000389283259306609,0.0003734953870750044,0.0006828492627806049,0.000878644586553638,0.00014391165905562768,0.000585110667110283,0.0003679578289047631,0.00034472704786027403,0.0003213849592431911
3.0608262977829634e-6,9.071958003543627e-6,2.293000736405645e-5,8.513381501169892e-5,0.0003418410018485354,0.0009599374411424855,0.0014352202487951397,-0.0025364998999408044,0.012860615227112113,-0.011899086883188815,0.04198356045947214,-0.05638150559296218,0.06662862912220273,0.928710815811549,0.05114415733118669,-0.03811280759285621,0.023086928228862446,-0.01062535041275486,0.005859962853537905,0.0010521987584668356,0.0006293128631603349,9.452613664345235e-5,-6.785961176790255e-5,6.755239472607529e-5,0.0002252270210613049,0.0001093049181428737,1.3375496799941781e-5,-2.8842350646118453e-5,-7.2300084960463155e-6,0.00016738434011312863,-0.00011290246236971331,2.566985256650784e-5,-0.0003799776527616064,0.00020231470652184362,-1.2480179742976512e-5,0.00014793787240539595,0.00025220875967181506,-9.605387270235415e-5,6.182847073555936e-5,-0.00016283852023053408,-0.0001428921786693515,-0.0005096135015634303,-0.0009402600746328476,-0.00026244813857274874,-6.344544457421857e-6,6.549183379475646e-5,5.885472998604982e-5,3.978646198024538e-5,2.344640664307876e-5,0.00011022412758833877,0.0002999525988519495,0.00031771808076909674,0.0004779396863019929,-0.0030918414532294966,0.00034142328762510823,0.000668409864195098,0.0011567989307907243,0.0007071330503180914,0.0005491273900971169
4.571932866568137e-6,7.343918379413329e-6,1.4005974242840382e-5,5.086597086293224e-5,0.00015775806175225213,0.00036810855572939937,0.0007502323408053159,0.000895647893683237,-0.0058617517704312155,0.01141043849107393,-0.02153564827529609,0.03678074105581257,-0.038997150942149804,0.05114415733118669,0.9586030566440602,0.03146157535099354,-0.01713075652472413,0.011880723847929951,-0.0052589508272014255,0.000243735020349143,0.0004319659036613293,0.00014529861428578056,8.027796954513973e-5,0.0002861065242157769,0.0004729616395411247,0.00037476854245648445,0.00018709646231534306,0.00024199974537934845,8.677171579255331e-5,-4.865827230209934e-5,0.0001190285362929365,-0.00015602624409603418,5.7169302841648285e-5,-0.00033149486434347244,-1.7763801484547585e-6,3.893060732379106e-5,0.00011706827658247994,0.0003147053084381352,-7.33474499378221e-5,-0.00011609670400363736,-0.0005922067878810944,-0.0008003596982288823,-0.0018233937287880223,-0.0003496775204404084,5.1544376920758277e-5,0.00013584059963698257,0.00011411812403258324,7.226255241520644e-5,4.1573365224040575e-5,-0.0001241166497212401,-3.344914724298419e-6,0.00014712441723028658,-0.00035540730477336835,0.0013641217066802996,0.0002661990924887419,0.0006377803937727136,0.0007390372579961958,0.0005123694261600953,0.00035058183614321346
3.2330744333247667e-6,9.907844405466246e-6,1.553485560849666e-5,3.3922875565788103e-5,8.365048087257983e-5,0.00018832714612762122,-0.00022929169598132846,-0.0008703393128090956,0.002978725513406265,-0.007002594761821222,0.020638423166998047,-0.023933074835798002,0.035269931770637544,-0.03811280759285621,0.03146157535099354,0.9815846201678556,0.016902841646792118,-0.011092346642276358,0.00604297639868258,0.001622659531007007,0.0005572552418639601,9.172511503545589e-5,9.386750964428469e-5,0.0003483407186056794,0.0005590467780098575,0.00043326599771092197,0.00020140653239613654,0.00014842419163128365,0.0001593404688781778,0.00024383391105241452,0.00014087864204931968,0.00035400200622266845,0.00022924824961432816,0.0004602360502607651,0.0001270719617743907,6.909455287066264e-5,1.3229324900507194e-5,-0.0003149029723612094,-0.00036176000740928866,-0.0006548740467682669,-0.0008176373514775538,-0.0013256678548110208,-0.002176307898430046,-0.0005679171355918791,5.2646596647899946e-6,0.0001537050095473632,0.00013945957346788443,9.217988256143343e-5,5.4199829981607484e-5,-5.079875873955575e-6,-5.023604990323047e-5,-4.075062866696502e-5,2.2144433160678744e-6,0.0002626042869080102,0.00028517494491592336,-0.00024817725543115673,0.0008152249077398091,0.0005174509926339389,0.0003363739807637268
1.0623244044984003e-5,1.6996747320336647e-5,1.7710751600297917e-5,4.601190649725517e-5,0.00010199396902814833,0.00012535593819584692,0.0007864281364697367,-0.0006884490589808265,-0.0018848281151857807,0.002681728897415863,-0.008612166206077517,0.018657370559168256,-0.02007039921604172,0.023086928228862446,-0.01713075652472413,0.016902841646792118,0.9975559543782373,0.00883825124241855,-0.004608285599268722,-4.816152779458547e-5,0.0003974991230849072,1.6809681756989927e-5,-0.0001305231684962239,-2.7803788105873186e-5,9.229983534298586e-5,-4.41877326713613e-5,-1.1813973867784375e-5,7.575295806293624e-5,-2.2850740056843196e-5,-7.102046458082598e-5,0.00013332725869965133,-0.000361822410881361,-0.00028937575284010257,-0.0004416460314759806,-0.00010502297154910108,5.439758384597714e-5,0.00021189541306421288,0.00040195735082186986,0.0003612243848167727,0.0004470719563560845,0.00015827147097240068,-0.000258403077464888,-0.001856484819451419,-0.0004812589729101127,-0.00010162135170228619,3.674277514245417e-5,4.915734088412378e-5,4.212274784736276e-5,2.6705537220617597e-5,6.259432817818002e-5,6.366892200330757e-5,7.180245761926e-5,0.0002878597461231761,-0.0008667262731872854,3.0080719729922328e-5,0.0010620334610827668,0.00015242249033923334,0.00016432125098797385,0.00019627642965495292
4.7938350743500666e-6,1.0928045562429705e-5,9.587052194636823e-6,2.8068245542562455e-5,8.522688158086277e-5,0.0003424513457740389,0.000223785007868964,0.000900788450839182,-0.0004247574053444692,0.0006619342119413273,0.0024524295446123065,-0.004938388064926154,0.008436784395265347,-0.01062535041275486,0.011880723847929951,-0.011092346642276358,0.00883825124241855,1.0017385066201852,0.005325068749454854,0.0011849479853855206,-8.517701111799146e-5,-0.00014173319584759794,-0.00023906929570919087,-0.00030642863892149647,-0.0003287880151994695,-0.00040149800404587255,-0.00026831492639321346,-0.0003557194211200207,8.817773945880658e-5,3.135991620157093e-5,-8.175902872998814e-5,0.000994101149920638,0.0011110182359840746,0.0010157852409384696,0.0001672768114800491,-0.0004320724320286855,-0.001232873418166471,-0.0009526293300466679,-0.0004750314526713355,2.1271703337648105e-5,0.000589190825385221,0.0005822614367022623,0.00019219208203984328,-9.884435991772814e-5,-0.00013573009677542394,-8.504387889047046e-5,-5.5830436305103977e-5,-2.5369077795947358e-5,-1.2351964592665605e-5,3.449635909016421e-5,8.852889840897297e-5,0.00011732385473312591,0.0002313082823086088,0.00029950663073326846,-7.57139458478141e-5,-0.00015496781880265274,-6.349640160759918e-5,-2.6332221791301824e-5,0.00012163602130952211
4.0405383122096895e-6,5.607114620865674e-6,8.469873364414209e-6,2.4595960062782045e-5,9.802112034463437e-5,0.0002601408773530077,0.0008648830120160148,0.00011227883823337412,0.0013349956836839142,3.0576284591241476e-5,-0.0014663562016041683,0.0027517771473197215,-0.005404426505383849,0.005859962853537905,-0.0052589508272014255,0.00604297639868258,-0.004608285599268722,0.005325068749454854,1.0094078114327674,-0.0004196076235499409,-0.00014763466069188784,-0.00012738997556803241,-5.75122890486841e-5,-5.89813858889529e-5,-7.834575082865834e-5,-9.136719668363553e-5,-1.7350739073521724e-5,-2.463160277066707e-5,-0.00019760364766725357,-2.150183946467771e-5,3.679071343130153e-5,-0.0005577333932828111,-0.00038350991660721296,-0.00042815640776536527,3.140426422751936e-5,0.00021431352756273985,0.0006074055157060663,0.0005091400413793707,0.000531963674267388,0.000417806088767292,0.0002608760086077033,-3.552334068160242e-5,-0.0009309467659616295,-0.00021761195740879784,-7.919941101937512e-5,-2.2230645791364905e-5,-6.675661320594703e-6,2.1003030787162197e-6,2.4808463352058714e-6,3.468199953462866e-5,0.00010270047442644853,0.00012706761157995706,0.00016299913240429588,-0.0001993758614018258,-5.741274461722635e-5,8.987787091060974e-5,-0.00015026015176692595,-0.00010936154291173429,-7.134493986872804e-5
5.026617816593676e-7,6.31862744769566e-7,3.867525005636979e-7,1.3146979243600703e-6,1.3038388969096613e-7,-1.2975875416832015e-5,-1.791428302904217e-5,-6.698387892823807e-5,-0.0008817226869298812,-0.00013995779530262824,-0.0006421775292204431,0.00047642761216635615,0.00021831154411818072,0.0010521987584668356,0.000243735020349143,0.001622659531007007,-4.816152779458547e-5,0.0011849479853855206,-0.0004196076235499409,1.012575041578255,-0.0008506045370565111,-0.0002321617351359219,4.8810024926302066e-5,-9.014802650673401e-7,-0.00011245359959488184,-3.8774453471876564e-5,5.8162386720280246e-5,0.00012171707979333474,2.4153062369652603e-6,-1.5146683967305741e-5,7.704702579556976e-5,-0.0003590119946577336,-0.0002654618329077715,-0.00032441260300391226,-4.3413546208671276e-5,5.351623589259478e-5,0.0003046265279754409,0.00023863954870282682,0.0002390934349660185,0.00013387239342088712,5.4095439113146347e-5,3.662555339996732e-6,8.734705896567929e-6,-4.485162202347035e-5,-4.2124895299930484e-5,-2.8504265282526896e-5,-1.629706570767223e-5,-7.2753849311777595e-6,-3.234190009363056e-6,5.938223678928717e-6,3.154823661642189e-5,4.333570707216191e-5,7.066919599602996e-5,-7.85656874811585e-5,-0.0001381563007552882,-0.0007327059587147,-0.00047547146543099126,-0.0003645769423378002,-0.00030328123343889595
3.083641259245963e-6,5.447437957205634e-6,6.6257472346212715e-6,1.730626121330634e-5,4.6738176455989555e-5,0.00011551979194755066,0.00039215993429689565,0.00013392752824571387,-0.00017421565638708916,-0.0002536502350348632,-0.0002593791261501158,0.0003010183991698866,0.00041060845627565145,0.0006293128631603349,0.0004319659036613293,0.0005572552418639601,0.0003974991230849072,-8.517701111799146e-5,-0.00014763466069188784,-0.0008506045370565111,1.0133715048453575,-0.00024325408793912927,3.0303078001711397e-5,4.215849861199131e-5,-1.4722087448337734e-5,1.081575718015806e-5,6.456160332166619e-5,8.672620581263265e-5,7.968342397931356e-5,2.4656665120317125e-5,3.672926500014619e-5,4.467120025021812e-5,5.122394381484605e-5,3.5090117975525736e-5,-3.5330424610896403e-6,-2.0354854971396572e-5,-5.7231345348179864e-5,-4.0374516088465044e-5,-3.9575725460596245e-5,-3.496663208260623e-5,-7.020310920109235e-5,-0.00018923107138259666,-0.0005343251159025307,-0.00019288846432978372,-5.6960761213780896e-5,8.640778827130688e-7,1.2918429978931607e-5,1.4053208897644661e-5,9.647347857666145e-6,1.8749070822763635e-5,6.622298599182867e-5,8.964455378624441e-5,0.00012880848569575768,-5.096466559256275e-5,-0.00011071249705159779,-0.0005588800961152172,-0.00037447166129562045,-0.00029239697922677914,-0.0002527107015361637
2.8228039215990315e-6,5.113849609092066e-6,5.973828742330155e-6,1.594776412786183e-5,4.48619472319185e-5,0.0001150333647926361,0.0003389303462751174,0.0002954169199635986,0.00017839090478767925,-2.5007079683675537e-5,-2.56867795889614e-5,2.4349076196833382e-5,0.00013754198399255942,9.452613664345235e-5,0.00014529861428578056,9.172511503545589e-5,1.6809681756989927e-5,-0.00014173319584759794,-0.00012738997556803241,-0.0002321617351359219,-0.00024325408793912927,1.0139919513017834,-2.1600080186955586e-5,-7.113633684585274e-6,-1.639222945028593e-5,-2.7867673918110694e-5,8.676916048974681e-6,1.9238694279863212e-5,3.160161648250476e-5,3.7283190118553396e-5,1.3602610102041837e-5,2.112059150978323e-5,1.1675417659913791e-5,8.150226926061646e-6,-3.2068134141721896e-6,-1.3606497948050394e-5,-3.366548587119921e-5,-1.800230352422968e-5,1.336154525429305e-5,3.460303641632752e-5,2.186092675844557e-5,-8.762946382099207e-5,-0.00043331142848570034,-0.00014589055301864466,-4.534932667396439e-5,-8.830600401097661e-7,7.652462284572048e-6,9.293515885825187e-6,6.442820504142892e-6,1.5118605786849667e-5,5.267419684042763e-5,7.093901847796104e-5,9.734589851467168e-5,-5.9924344929922696e-5,-4.224377427338182e-5,-0.00016152159337352878,-0.00012219602304682772,-9.14522709307124e-5,-6.153545801632163e-5
9.72269247901292e-7,1.728012037176705e-6,6.948958360281291e-7,2.419012073078782e-6,7.280943408416207e-6,2.681901231388556e-5,7.34056277550196e-5,5.364159609076472e-5,6.20129396339674e-5,3.227208405150965e-5,-1.430497980583751e-5,-2.321006976953292e-5,-2.0556956768685286e-5,-6.785961176790255e-5,8.027796954513973e-5,9.386750964428469e-5,-0.0001305231684962239,-0.00023906929570919087,-5.75122890486841e-5,4.8810024926302066e-5,3.0303078001711397e-5,-2.1600080186955586e-5,1.0140246824943016,-0.00012631425321252545,-0.0001508001366040485,-0.00015836552636176745,-8.727583809742126e-5,-8.5478698803996e-5,-3.298519922877743e-5,7.736757226184259e-6,-2.4473936227459197e-5,3.1032144348469807e-7,-1.6460266653421472e-5,-1.0744885155944088e-5,-1.5246288856452229e-5,-3.5332370568367394e-5,-6.7069513854068e-5,-2.3235906667616165e-5,7.938259882252056e-5,0.00016776012869874183,0.00026255681550403057,0.00028837267858811887,0.0002670775515745762,4.180005008924621e-5,-3.387257230493761e-5,-3.933144240296418e-5,-3.075576358751681e-5,-1.749075184005882e-5,-9.683600854535816e-6,3.358637491345241e-6,1.1735090328220762e-5,1.5982512398088227e-5,2.186105056662917e-5,-1.3280608129550294e-5,-3.0215024013556366e-5,2.7352150210531813e-5,-3.0770805552363284e-5,-1.9597505679476265e-5,3.1669477528169525e-5
-1.0560052921984243e-6,-2.1566085371047015e-6,-5.214884999911244e-6,-1.4023697075005417e-5,-3.9940676453669664e-5,-9.23987349815243e-5,-0.0002304373499514686,-0.00038314307299920126,-0.0003203656892957224,-0.00014237703038182302,-7.616034325776831e-5,1.74831873983013e-5,0.00010064443270370758,6.755239472607529e-5,0.0002861065242157769,0.0003483407186056794,-2.7803788105873186e-5,-0.00030642863892149647,-5.89813858889529e-5,-9.014802650673401e-7,4.215849861199131e-5,-7.113633684585274e-6,-0.00012631425321252545,1.0138409683145149,-0.0003451548869523292,-0.0003219586630240785,-0.00018326189517335633,-0.00018772951825392592,-8.610432657593348e-5,-1.4397114641816774e-5,-6.25969877156067e-5,-4.293313533287672e-6,-3.0205423986853686e-5,-1.3336300719181838e-5,-2.5313173617650285e-5,-6.776232677814176e-5,-0.00012977681187958948,-5.3420098614881133e-5,0.0001284975550526956,0.00029818311335615686,0.0005276072882958761,0.0007289029549786629,0.0011360708787812718,0.0002555521058283957,-3.212196060397049e-5,-9.267530823899839e-5,-8.034251131243878e-5,-5.064792722849083e-5,-2.9244193610058534e-5,-9.701953717974036e-6,-3.2276676297899675e-5,-4.3664445556870615e-5,-6.090979004456287e-5,4.495194309373767e-5,-7.498634301119233e-5,-3.0002030667781352e-5,-0.00011369864476223139,-8.902916511999281e-5,3.876829779201527e-6
-2.3626947519132527e-6,-4.564569877378695e-6,-9.07989593723504e-6,-2.4478770630771953e-5,-7.077981336524444e-5,-0.00017199671905804417,-0.00042372716626583226,-0.0006912972884576101,-0.0006170821358909936,-0.00030441303151764176,-0.00013087991633108274,6.553541142896695e-5,0.00024464679612042734,0.0002252270210613049,0.0004729616395411247,0.0005590467780098575,9.229983534298586e-5,-0.0003287880151994695,-7.834575082865834e-5,-0.00011245359959488184,-1.4722087448337734e-5,-1.639222945028593e-5,-0.0001508001366040485,-0.0003451548869523292,1.013630784812427,-0.00042453529962195455,-0.00023946147895518736,-0.0002481538232462051,-0.00011720332337290847,-2.439027966436617e-5,-8.716797153668364e-5,-1.1500791372142784e-5,-3.3162364403271384e-5,-1.4503919763718709e-5,-2.874402898535787e-5,-9.03193520651603e-5,-0.0001754057835502858,-7.136297944080666e-5,0.00015936579438408736,0.00037532576877108285,0.0006877575458925143,0.0010014077990410145,0.0016880552774331575,0.00038888548055868063,-3.241843366270765e-5,-0.00012696571046197532,-0.00011177775588016887,-7.142420930477112e-5,-4.143778562711329e-5,-1.712519129764212e-5,-5.887245446038516e-5,-7.96580643774358e-5,-0.00011026901513680628,8.06710894527314e-5,-0.00010499121108691135,-0.00010813037377783863,-0.00019242347855064884,-0.00014481053820120029,-1.838135076378309e-5
-8.110112943107731e-7,-1.6192750412395294e-6,-5.373866543676432e-6,-1.4168060833203382e-5,-4.103883342715689e-5,-9.362259301295182e-5,-0.000222928578492172,-0.0004123880633753915,-0.000365530456807114,-0.00017872553889514386,-9.951059064911726e-5,4.026347452251135e-5,0.0001549357981591136,0.0001093049181428737,0.00037476854245648445,0.00043326599771092197,-4.41877326713613e-5,-0.00040149800404587255,-9.136719668363553e-5,-3.8774453471876564e-5,1.081575718015806e-5,-2.7867673918110694e-5,-0.00015836552636176745,-0.0003219586630240785,-0.00042453529962195455,1.0137038150644857,-0.00022894293310906912,-0.00023953838953107368,-0.00010356016708830996,-1.1386974812710104e-6,-6.925889702299125e-5,1.9453754648426846e-5,4.526682899769763e-6,2.1925504554833404e-5,-1.1349994176774248e-5,-9.332542486905936e-5,-0.000197796372448566,-9.216527088149063e-5,0.0001364853380349165,0.0003456485903826355,0.0006283329305850116,0.0008663140151209494,0.001314123721793,0.0002926564662790761,-4.240485881621272e-5,-0.00010941154107005878,-9.428323421276616e-5,-5.841597048447785e-5,-3.347703358678545e-5,-8.709313849393442e-6,-2.9466871619276438e-5,-3.9907260076626904e-5,-5.626614675442379e-5,4.007541261762134e-5,-9.441299246084838e-5,-5.0306622775917034e-5,-0.00016158586498750288,-0.00012767961076268764,-8.743120172055711e-6
-9.116453503530356e-7,-1.852405853070436e-6,-3.980285098453388e-6,-1.0615986393733679e-5,-2.983981442992593e-5,-6.882203571150901e-5,-0.00018071921254033072,-0.00027746365877740614,-0.00020457108752428056,-8.37466590936145e-5,-4.1516206461894605e-5,1.2555514224667919e-6,4.533621243276464e-5,1.3375496799941781e-5,0.00018709646231534306,0.00020140653239613654,-1.1813973867784375e-5,-0.00026831492639321346,-1.7350739073521724e-5,5.8162386720280246e-5,6.456160332166619e-5,8.676916048974681e-6,-8.727583809742126e-5,-0.00018326189517335633,-0.00023946147895518736,-0.00022894293310906912,1.0139377116064432,-0.00021000855802228704,-7.767855731332178e-5,2.8959698151384318e-5,-1.3553942708536181e-5,0.00015987209489120373,0.00021358371826903783,0.0002298145553919386,9.164749898338702e-5,-9.249450625367529e-5,-0.0002868964956134379,-0.00020161749959453075,-7.614516819594649e-5,4.9053498538055394e-5,0.0002516390339955871,0.00047963526796953335,0.0008775444015552541,0.00023583617611454044,1.0980728706183858e-5,-4.3183499714246026e-5,-4.3759622471681356e-5,-2.6992330120572393e-5,-1.541249524692128e-5,-7.986802294211217e-6,-2.4677918807982037e-5,-3.313938241694124e-5,-4.4622162446152396e-5,2.8792169944862068e-5,-1.1868083312930899e-5,0.00011302828193642469,-3.937937650470957e-5,-4.8459553221248595e-5,1.3171690376805267e-5
-1.3042127656811585e-6,-2.6167680696385055e-6,-4.816968454174225e-6,-1.2928281081424297e-5,-3.5784386125735045e-5,-8.517213123831029e-5,-0.00023826147577488827,-0.00032010082262589733,-0.00021345843873670859,-0.00011594103600207187,-4.602693332784247e-6,-4.713446525956189e-5,8.304154644665153e-5,-2.8842350646118453e-5,0.00024199974537934845,0.00014842419163128365,7.575295806293624e-5,-0.0003557194211200207,-2.463160277066707e-5,0.00012171707979333474,8.672620581263265e-5,1.9238694279863212e-5,-8.5478698803996e-5,-0.00018772951825392592,-0.0002481538232462051,-0.00023953838953107368,-0.00021000855802228704,1.0137954791827166,-0.0001074385269448965,6.234888258674176e-5,5.9343833572445155e-6,0.00033147576716305223,0.0005088077070878768,0.0004924159987616239,0.0002019612327740722,-0.00016676142295874447,-0.0005564924657483023,-0.00039000933658342663,-0.00025336930044453414,-9.852076308380751e-5,0.00016955563487223223,0.0004979668855649717,0.0010332029536827035,0.00031383513713276325,4.748589008913137e-5,-2.3880234039578324e-5,-3.397288790311029e-5,-2.042920969384206e-5,-1.1520087049396411e-5,-1.0061990840550525e-5,-2.9267919065497006e-5,-3.857659069107945e-5,-5.063062138278728e-5,3.079699867357327e-5,1.9421362931771458e-5,0.00022273700277799892,-2.43128016264495e-5,-5.2890958939157325e-5,7.63679007548881e-6
-1.281168767224915e-6,-2.8059156517017467e-6,-3.833335707066666e-6,-1.0622058496360494e-5,-2.8711939894318608e-5,-7.768705347149266e-5,-0.0002445263705702157,-0.00022785527357555105,-0.00016532546191801146,-3.8919262676054523e-5,1.702559721194892e-5,1.8412388941780593e-5,3.0725432098486686e-5,-7.2300084960463155e-6,8.677171579255331e-5,0.0001593404688781778,-2.2850740056843196e-5,8.817773945880658e-5,-0.00019760364766725357,2.4153062369652603e-6,7.968342397931356e-5,3.160161648250476e-5,-3.298519922877743e-5,-8.610432657593348e-5,-0.00011720332337290847,-0.00010356016708830996,-7.767855731332178e-5,-0.0001074385269448965,1.0139149963672378,-3.4552490881114095e-5,2.174124874553617e-5,-0.0004315870916141602,-2.421561069412816e-7,-0.000298730083114307,-4.31065593275779e-5,-0.00010661838536101308,-3.2077826907608784e-5,0.00019855268726374996,0.0003294980198521657,0.0003117544403235316,0.00036070880338516075,0.00037334387125388283,0.0004902726223377592,0.00015680543604515087,1.698411859691114e-5,-2.309241654990433e-5,-2.5296037990498496e-5,-1.6835162689796826e-5,-1.0131047422973394e-5,-9.73546164740348e-6,-2.4313957706839965e-5,-2.9588716004411423e-5,-2.2665827013699606e-5,3.24134925449835e-5,-2.746817865634179e-5,2.3000026280168827e-5,-7.367042727849007e-5,-4.0978356999119346e-5,-8.988577929191038e-6
-1.6149077937223651e-6,-3.62343710290616e-6,-3.944450604272697e-6,-1.1295478183134136e-5,-3.088173692363173e-5,-8.79260375303987e-5,-0.0002713626860376196,-0.0002892267429807777,-0.00021048087508887878,3.3090801241933814e-5,-6.262812066020681e-5,0.00021453626521980375,-8.678982150152967e-5,0.00016738434011312863,-4.865827230209934e-5,0.00024383391105241452,-7.102046458082598e-5,3.135991620157093e-5,-2.150183946467771e-5,-1.5146683967305741e-5,2.4656665120317125e-5,3.7283190118553396e-5,7.736757226184259e-6,-1.4397114641816774e-5,-2.439027966436617e-5,-1.1386974812710104e-6,2.8959698151384318e-5,6.234888258674176e-5,-3.4552490881114095e-5,1.0137660263040467,-0.00024048596961922944,-0.0002226546007770175,-0.0004352320349765442,-0.000226813126916939,-0.00016316314689929622,0.00021347477825381855,0.00034669387148715807,0.00033028339173152955,0.0002822835894564096,0.0003734418218777524,0.00032117975348504286,0.0002577779378928689,8.004030613847023e-5,1.1744135393826297e-5,-2.679375338676262e-5,-4.082941489657287e-5,-3.147308141273836e-5,-2.3246042155393997e-5,-1.4834068960258174e-5,-5.15289507283048e-6,-2.463641377501089e-5,-2.673458300796375e-5,7.817950316122398e-6,1.6776885154738663e-5,-3.4506098670085446e-5,-0.00016928347204023665,1.1506151129022218e-5,2.3502434250880686e-5,1.28468926216063e-5
