0.934551692844879,0.23337763700112743,0.34895479736506857,-0.12432196865174007,0.27394181277702934,0.1276225289549559,0.1857190535786196,0.12197712295780888,0.07517613812532624,0.18950233591536136,0.10842146089880353,0.15062528935009886,0.0765744980595751,0.13279173351989243,0.1273689468997521,0.0738544417691512,0.08613548283132862,0.13182574112666562,0.06569924898279923,0.04473974699964236,0.10987340774967257,0.1595069292467043,0.049584074747943414,0.12503415164358103,0.15313082523708804,0.06708436827302794,0.07425920719247815,0.04187522275661043,0.1643350284312195,-0.03551351017239466,0.13340557729289867,0.09519628377084348,0.049775082742430254,0.06023629752317845,0.037903547133532556,0.16851555445321106,0.03599815534568336,0.059721904218857716,0.10468470663275756,0.006166636627890251,0.07344569771814297,0.049990258451184294,-0.017864998019797202,0.015292654870493024,0.04271385637455774,0.1506816930089795,0.06667174314300459,-0.0962361461163552,-0.18483120269857742,-0.13875736016463583,-0.013846160112170606,0.009633490204866875,0.14597935095533665,-0.012661083533582895,0.1648954110092704,0.012413099889893744,-0.10398532155180558,-0.2939906007761523,0.16942713950795116
0.23337763700112743,1.2642266952553018,0.6667581602645012,0.013542018341119193,0.2325828148462309,0.3212194805632968,0.10280081380887583,0.30058826270016364,0.15331193775077911,0.25718369001695235,0.23630664633506504,0.21572978512389543,0.10388838745800456,0.18401359197822878,0.4283583440346162,0.09899400315912452,0.3107761330203746,0.45287339111779334,-0.13536718093711675,0.31658648359598623,0.22719833233214295,0.2281445217261407,0.028274784687493594,0.03469347171111105,0.24676730994313906,0.3800230156666577,0.18150939909313601,0.2712482491298478,0.38257584894757485,-0.07931790020012548,0.2213526364126038,0.15020586308182574,0.164939269336686,0.24134694997741302,0.0013779176815792928,0.3861688492440952,0.14274184949562838,0.18733805917711335,0.01611125934595246,0.07427680375245084,0.191095717525458,0.16702118568424318,0.3662572859384036,0.010870491306617438,0.5177898892383724,0.18718001909095452,0.17496917402033213,-0.19406626043045533,-0.6877952515407063,-0.43568215965711965,0.20296599573499052,0.19052222920438933,0.13621786886741952,-0.08613132410669609,-0.43711355615224284,-0.11105342164143821,-0.2973134775856531,0.8921280030567476,-0.24724078784135034
0.34895479736506857,0.6667581602645012,1.6182869196814544,0.029241818298693645,-0.08141109591204423,0.23854080117633095,0.10157070814053144,0.33520228261361024,0.15681988112297052,0.3965774662476996,0.21810496480213387,0.20365155886466224,0.09916967057123767,0.1505987600776956,0.28552198984814575,0.01885859868410846,0.28223316374395485,0.3355399329116233,0.10422629812950372,0.08865309684739212,0.16967597027522222,0.4133061310410594,0.04220542120631943,0.13448210310202166,0.1832487811907026,0.25746955462271603,0.15142263111550336,0.1695968613991491,0.27562683269232185,-0.28248925575827394,0.21547966625601722,0.15837434879797277,0.0980280991401835,0.23580128586642107,0.08095045873287827,0.39203552920356916,0.1622519465241019,0.08022180779418014,0.028187454149124564,-0.11194894978486374,0.18875842297901646,0.20164131482362024,0.03820373720528999,0.016027274631080654,0.30033100483338854,0.5331755694708405,0.08238032993367927,-0.229265446076032,-0.8357094232240128,-0.060430832226713985,0.16367273438939814,-0.0512026148704353,0.021669143940651326,-0.10203188710477788,-0.12825185593328606,0.0848293206894221,-0.01935898741571823,0.13589158962847728,-0.2829702160428479
-0.12432196865174007,0.013542018341119193,0.029241818298693645,2.1531333405135897,0.40913097160298656,0.42520209940691417,0.3348181963378138,0.36451441143116287,0.21358671214209993,0.10894550180422313,0.262833194984767,0.41165326200070784,0.20968120077402175,0.41752281724748846,0.24064357290558108,0.40157393736425856,0.2283333701431662,0.2718553378958866,-0.1250458140321159,0.2212749178256475,0.24249721336391689,0.22312677312662482,0.30742496198174635,0.2508077033875564,0.3513701270826366,0.42453114233157985,0.2290462784377394,0.126555180660467,0.31710868701171685,-0.010330483383399354,0.22479736040339302,0.35844462714967623,0.11417657274329056,0.33493977398600505,-0.226342495818566,0.45269929856708657,-0.10526392464293742,0.14787185186272608,0.1214301531903838,0.1466612739375498,0.15735458383545523,0.12208877804431997,0.3856114106208869,0.05386799647763985,0.36212958820808505,-0.09564285440989317,0.1532920235416211,-0.2928923708923082,-0.016876839656733755,-0.31236996662567895,0.08452682294379939,0.10103556531231016,0.060129243754199195,-0.03637681990860349,-0.4675831012499941,0.09270152642790493,-0.07702800791926395,0.8573231138397078,-0.5474243432758412
0.27394181277702934,0.2325828148462309,-0.08141109591204423,0.40913097160298656,1.2702562877213264,0.41687639647619595,0.16664609398540395,0.28723947275458545,0.15072703281145441,0.0992127877060341,0.21345506222909602,0.3202751505390156,0.17833736132561803,0.2278266585377891,0.2699142394597193,0.2572855548263928,0.13229373707037378,0.23375602997476283,-0.012563725026403247,0.21304329290904495,0.2001107519415271,0.12332423191607875,0.18845255815461578,0.18898074434868792,0.27531787168181565,0.34959392965771546,0.15638193663408925,0.06894154695434836,0.2670407713294491,-0.0687436632135153,0.19561684439945912,0.19558785533294132,0.1313785127986915,0.235117878810845,-0.15053492765279813,0.3271845401022998,-0.03587583021925947,0.1194237546511689,0.04879106917579261,0.11778641446219011,0.08621507369643755,0.14420828770049413,0.2434003864528867,0.01950031293204014,0.16162943715604502,-0.029758047590378048,0.09210897868202142,-0.17721085488042906,-0.22978568899478236,-0.13524227276010706,0.08117447775929093,0.045477558849974446,0.09762460432093131,-0.06851410366554962,-0.1665777239060202,-0.12291271607446033,-0.2992886467693405,0.4871952658120683,0.07709385890086697
0.1276225289549559,0.3212194805632968,0.23854080117633095,0.42520209940691417,0.41687639647619595,0.7518473797152134,0.11929753339508041,0.34197085311563996,0.208581202871926,0.09031531991303228,0.2776631311416349,0.23388524642038264,0.1819029328594291,0.21442210118704857,0.2847822220510437,0.21106355491574827,0.2426012725649349,0.27149939546927926,0.0806390881175385,0.2985227996209708,0.24859916482701008,0.3437610372312867,0.12593507420672606,0.22240184836452198,0.2542511722534159,0.3759531887955902,0.19697208232745975,0.19258282269103005,0.4165065800878021,0.006608671008425387,0.21902003346648544,0.20870536395571448,0.10438597408136197,0.25574088876050494,-0.019493947129072455,0.31999565104435007,0.1173082620194642,0.20257033896910487,0.11793389216987452,0.09642986136277486,0.09760540644058655,0.1805499306293021,0.38541686746174064,0.03598588924738731,0.26629983227644033,0.07825712054772926,0.15354201933895903,-0.16554835689726238,-0.11934991907609568,0.004182845518085278,-0.18129487345529635,0.10786566486338076,-0.03125771561669656,-0.030161674802771193,-0.15910430711407916,-0.01267061802729352,-0.2597329398296107,0.5580134658691793,-0.18967517113152313
0.1857190535786196,0.10280081380887583,0.10157070814053144,0.3348181963378138,0.16664609398540395,0.11929753339508041,0.5329910394524613,0.03662609249500162,0.23459605745939413,0.14617999727762318,0.1361042595009802,0.27309217905082406,0.09786351060706579,0.12060921079303136,0.06958394106258804,0.2002956610790698,0.1534480286732256,0.1365574433508459,0.05919699307456827,0.1407554950334868,0.1685355309194833,0.2389889281030132,0.17488248032771575,0.16721712203007702,0.1660933936418176,0.1476789672247158,0.14770832751472085,0.06503241997869161,0.18089356344311167,0.028889750757117763,0.14081731845477102,0.14433216929299922,0.09781977306446282,0.16951038588960757,0.0182291288687267,0.20755469660085332,0.04893328184906747,0.09281721948275619,0.17485158794799466,0.10513665111863647,0.10923159461486001,0.09016047950197825,0.17959101572077604,0.03078031115247612,0.24387418806591624,0.06601306511593855,0.09587521810322128,-0.08327533170796243,0.06230531940117039,-0.1285709884678035,0.03418070488477786,-0.008922454791494255,-0.018155202580734015,0.0036398384925860326,0.07042257737652978,0.08244555384960044,-0.1122528610384572,0.07441146907299895,-0.22564947137960392
0.12197712295780888,0.30058826270016364,0.33520228261361024,0.36451441143116287,0.28723947275458545,0.34197085311563996,0.03662609249500162,0.9288194919087286,-0.004381805781385688,0.2760086893704894,0.2769128510594281,0.15762422927065675,0.1906514989549129,0.21846089394949733,0.27223677371304883,0.13307370255907286,0.227455840268427,0.425054091172198,-0.015406882410201439,0.17403899552222904,0.19753662146018935,0.28599229453773173,0.18328905217897018,0.06626041447469655,0.293337926648105,0.43008180188684847,0.18138096807607973,0.0476893046859366,0.29778335545325413,0.02947897608540823,0.1855424910772569,0.19497975842864143,0.1056938683592259,0.2668330466100356,0.136939706397117,0.23633717373950025,0.1165237791876193,0.14819753099135366,0.11610788400300627,0.10918387036155007,0.21295343467773353,0.17553549435222754,0.3672314363504573,0.03568600295705987,0.3324509833480586,0.14693334374065795,0.24365520574661237,-0.0492247215742191,-0.05363400965190648,-0.01169165865438449,0.015704969433124757,0.03713502885201836,-0.007149808333843747,-0.06228463092767079,-0.2973028327882671,-0.0010279641828079397,-0.1258230887595712,0.8390681381792768,-0.5358063900718761
0.07517613812532624,0.15331193775077911,0.15681988112297052,0.21358671214209993,0.15072703281145441,0.208581202871926,0.23459605745939413,-0.004381805781385688,0.8286233224529932,-0.0953780284353401,0.05980974782390002,0.11862241242024431,0.10310915540676571,0.1105947340583655,-0.046632565488999446,0.14150543485708758,0.0967689001581496,0.06684675062805046,-0.015905443578859535,0.15045616086426014,0.1867840818815807,0.17149859724214037,0.1805541670729037,0.2233909945708341,0.022942092127615474,0.24513529019574617,0.1156324362194121,0.08589219601147435,0.12317818352767615,-0.009158689448893151,0.12532965501362714,0.12052729918745426,0.16389686190878314,0.0813866552806831,-0.09377569911335461,0.24327309583285867,0.046354162361072024,0.10608991674766903,0.1540857810101697,0.08481061949185624,0.06464895712755143,0.05492673045598262,0.16733140692430515,0.0372754256394805,0.24446984817898917,0.009106945018369884,0.04666188731968235,-0.15714864507487242,-0.06204163228000878,0.030494780165484448,0.036575492701334554,0.002037787036646197,-0.05840734537630036,-0.08738829105888965,0.020355130278054957,0.04703927489453821,-0.11635499004818199,0.05959886948690191,-0.08166763695044206
0.18950233591536136,0.25718369001695235,0.3965774662476996,0.10894550180422313,0.0992127877060341,0.09031531991303228,0.14617999727762318,0.2760086893704894,-0.0953780284353401,0.847915225099482,0.20921615807069435,0.16772786506147858,0.07191097729879485,0.148532888261856,0.319580916754139,0.044370923962144954,0.19052886040897732,0.36381188754292754,-0.034750358332300404,-0.016506628077528892,0.0784358737450051,0.30775967480465555,0.15757446049341944,0.06931596604928501,0.22938536734710843,0.2023173613571685,0.11317244656973197,0.07104025671719465,0.1849315844548095,-0.025831659823022025,0.15320661487248058,0.15329892554771804,0.013192128280161697,0.2781973685405749,0.1776163747691666,0.2308525534058164,0.06668403563533054,-0.001150133863084689,0.01985798098348229,0.043341055570150215,0.2660353135437062,0.1324353500526074,0.009897946662806278,0.040705534825045186,0.1419164056405146,0.21246899989624127,0.20452910161137222,-0.017096755999695342,-0.24774378702201824,-0.21636906583503407,0.11870690180431871,-0.10922905643599445,0.11180669365619722,0.08570942197244416,-0.16404227637112814,0.06155733979966237,0.028844713623616056,0.0019397787348957596,-0.06911518432847055
0.10842146089880353,0.23630664633506504,0.21810496480213387,0.262833194984767,0.21345506222909602,0.2776631311416349,0.1361042595009802,0.2769128510594281,0.05980974782390002,0.20921615807069435,0.3602877677352452,0.20224407208085157,0.19045830312671397,0.16944993930990826,0.2493098426318982,0.1597596607503112,0.2654833781519646,0.2688903926307951,-0.011684968458483935,0.18288487697577283,0.1762574201636555,0.23445891179828948,0.12590840531207262,0.13281299871375882,0.2241706318209023,0.2798003751234927,0.17644847378276612,0.17189219540915715,0.2617885155099217,0.02568341016765733,0.19037317481885596,0.16799647062000703,0.09848129769403488,0.19138828303227215,0.09440441518061755,0.29874375479562376,0.07839288640328358,0.1183578809524685,0.11181579213119036,0.10362730462916775,0.18418091097436592,0.1616636919078486,0.2218603653289872,0.03782292908885855,0.26344444544067036,0.11251854270820481,0.16760177932443918,-0.11361333406746096,-0.17530441403199537,-0.1370838255766329,-0.011746403959428888,0.023160955586643887,0.07489411364850629,0.012070265567159132,-0.17093533060493352,0.01652721053505231,-0.12354895823689836,0.34610446235243,-0.1962162544565274
0.15062528935009886,0.21572978512389543,0.20365155886466224,0.41165326200070784,0.3202751505390156,0.23388524642038264,0.27309217905082406,0.15762422927065675,0.11862241242024431,0.16772786506147858,0.20224407208085157,0.6827063670061563,0.08376045995912122,0.22002511402192712,0.2491270219097563,0.16098726951628087,0.19160052291348775,0.1815784803698026,0.00783565246261591,0.21427718354598058,0.1729543764770862,0.1263195512065068,0.16008269142307513,0.09512061009481862,0.2844520217821,0.2615784872960322,0.22043304499582675,0.010705719455311454,0.20685243308443985,-0.0402808427685599,0.17208712176533877,0.2131612198256524,0.08769216721514589,0.23437710178386342,0.021099443043171445,0.22613850043493716,-0.0006597265975080582,0.1210091745399406,0.15613980823738144,0.12624494752128076,0.12715680742365595,0.1437274433930704,0.2269048242612008,0.025379852523227494,0.31708433688087106,0.09972790499318454,0.10244866258772652,-0.07954927700377833,-0.03852174862952652,-0.15280805506576917,0.11639526914725541,-0.051100015712742294,0.11363032328776713,-0.02063025400853892,-0.24915174041655647,0.07446619957532881,-0.09684448924443904,0.5590238283025685,-0.4295641969755391
0.0765744980595751,0.10388838745800456,0.09916967057123767,0.20968120077402175,0.17833736132561803,0.1819029328594291,0.09786351060706579,0.1906514989549129,0.10310915540676571,0.07191097729879485,0.19045830312671397,0.08376045995912122,0.41979873776482685,0.151527008927277,-0.0009917242128578126,0.13926535178910388,0.08768575374235295,0.14442137579339306,0.03920432879243596,0.062001434983677814,0.13733020615443045,0.24127198291604848,0.16573368860273324,0.17607625755049935,0.10315921881725708,0.1680717099422222,0.1454113974260051,0.03679903931539825,0.2484655850295625,0.04954248411639999,0.11597886658239949,0.1536568624157236,0.10525350297904525,0.11781511279665771,0.0649030040962833,0.23383291026490607,0.03767185367171365,0.050594477854701725,0.09006301836230139,0.07004390733513978,0.10992707178373463,0.08082978464181362,0.12942299343185526,0.03409131157906217,0.037463343126370605,0.09713934575845103,0.10743073491674596,-0.11942137904054385,-0.009270929324592567,0.09887722471732165,-0.020498569668742236,-0.10302364274971082,-0.008740913427468975,-0.035676301536278286,-0.03371023523783158,-0.006612751985121768,-0.083550554481577,0.07770959249431518,0.006289481359358962
0.13279173351989243,0.18401359197822878,0.1505987600776956,0.41752281724748846,0.2278266585377891,0.21442210118704857,0.12060921079303136,0.21846089394949733,0.1105947340583655,0.148532888261856,0.16944993930990826,0.22002511402192712,0.151527008927277,0.4813700549772784,0.21702560946941055,0.2234885688282966,0.18834962505137365,0.20093441442678245,-0.03438605704383036,0.12727621009318107,0.1519837225161617,0.21950044852818026,0.14179832843695853,0.14923982034930278,0.2088409343573855,0.2895882405759947,0.12514046101753495,0.13432063439142228,0.21426580618462052,0.04884950153456989,0.18517169183499627,0.3151741150527761,0.08929639518975792,0.19629460743199417,0.015793745578163626,0.35893194729389166,0.003867913743906423,0.08984538713049127,0.04941785190787679,0.08668951438131595,0.23137022111497155,0.1101835845021482,0.16903345310222906,0.047276427564022415,0.2046902996753624,0.021147362184373186,0.14521338669710696,-0.17182437235967946,-0.1404232155378776,-0.16420087418456955,0.03497067548657644,-0.06150438910042831,0.22242098896416307,-0.009431613071838256,-0.3856231878615464,0.004461070031154354,-0.02596741994530161,0.40282581445325216,-0.10700760825990065
0.1273689468997521,0.4283583440346162,0.28552198984814575,0.24064357290558108,0.2699142394597193,0.2847822220510437,0.06958394106258804,0.27223677371304883,-0.046632565488999446,0.319580916754139,0.2493098426318982,0.2491270219097563,-0.0009917242128578126,0.21702560946941055,1.0963323474676656,0.06659424111503146,0.3158904530944243,0.4903010933598122,-0.1548692532029414,0.3061103983369385,0.21754787554541727,-0.028228441604873,0.23122746576077602,0.1909178968294559,0.47118498288564503,0.3234991270149742,0.15206012227840005,0.3184739346169722,0.3088909393867061,0.16958477841090708,0.29091703389091256,0.12915791880693286,0.1689535092281872,0.2899753394466154,0.016404369732385224,0.48232451800804277,0.15747689996675437,0.18733188044566673,0.04705571496761296,0.08245430055357873,0.2603456905369076,0.2114262598031224,0.42930890205666117,0.04549325771712667,0.3789032287695831,0.13632439196455864,0.30703141831256653,-0.24489424263628487,-0.4081819259121462,-0.36033370097310785,-0.01359904292707907,0.3288977473945349,0.15619586925118334,-0.06885457686314428,-0.2575967671569207,0.09770043894044617,-0.24869090133937796,0.7002388277530106,-0.3765078218680563
0.0738544417691512,0.09899400315912452,0.01885859868410846,0.40157393736425856,0.2572855548263928,0.21106355491574827,0.2002956610790698,0.13307370255907286,0.14150543485708758,0.044370923962144954,0.1597596607503112,0.16098726951628087,0.13926535178910388,0.2234885688282966,0.06659424111503146,1.1617917183086375,0.20084727619917017,0.11898143183079395,0.07629786899589965,0.11660689607919775,0.16314167829292017,0.2089478058150941,0.1385195546226211,0.2387397197798593,0.2867807483958762,0.1911549498179034,0.26282471686145353,0.22152306455105328,0.3371800953441657,0.10550548780512167,0.17229623395223176,0.24789134757519687,0.07152889214549694,0.2401061235692526,0.28577989868391557,0.30180062001911656,0.0836864825893289,0.08799381245622852,0.11902301666820617,0.1791912058608994,0.21198979204852803,0.12639390579147236,0.2907844697713691,0.06907585411814095,0.20470205990447382,-0.0813926830577767,0.13615273270891684,-0.13137069017349223,-0.03081087225915545,-0.17515938644915754,-0.07916468394485947,0.053635399362432445,-0.0065757969533842804,0.05516566182163688,-0.11384399989668481,-0.007264911571314386,-0.25872619820156373,0.061312499775906346,0.3160399632329297
0.08613548283132862,0.3107761330203746,0.28223316374395485,0.2283333701431662,0.13229373707037378,0.2426012725649349,0.1534480286732256,0.227455840268427,0.0967689001581496,0.19052886040897732,0.2654833781519646,0.19160052291348775,0.08768575374235295,0.18834962505137365,0.3158904530944243,0.20084727619917017,0.7203710837556098,0.2971584368591051,0.020553492029495947,0.24815734814658297,0.23057972099401927,0.3633872346068177,-0.01609098672992878,0.11528196609264452,0.23255294518532663,0.3229559500554337,0.18844443652305284,0.5308841484151888,0.17725508677986754,0.045605379442166014,0.2927840183517412,0.18585743781958375,0.1830879343092014,0.17756087521043637,0.1466235226294311,0.48330536481806435,0.2081238873339287,0.17889545732075726,0.14822802134514282,0.11540076783013051,0.31124520672635947,0.32077392309452774,0.23813258294364517,0.0595635734164217,0.6123485476124553,0.05865615371709365,0.2230842852400096,-0.19225156660477985,-0.5437780447341833,-0.23672142820297745,0.018473369035904647,0.06837069949513885,0.14930875179436437,0.0019080371914158981,-0.39340959376704787,0.022540646764879067,-0.13672235580346093,0.36174895890206465,-0.2103073871945535
0.13182574112666562,0.45287339111779334,0.3355399329116233,0.2718553378958866,0.23375602997476283,0.27149939546927926,0.1365574433508459,0.425054091172198,0.06684675062805046,0.36381188754292754,0.2688903926307951,0.1815784803698026,0.14442137579339306,0.20093441442678245,0.4903010933598122,0.11898143183079395,0.2971584368591051,1.0551349844316023,-0.14056744831013376,0.032381122590491515,0.28493365114209607,0.25189010654797694,0.3366959387766631,0.06665037020605608,0.3627382456134179,0.4888777115061606,0.14202863784358574,0.31279391220417346,0.3756934417976715,0.029828242912654165,0.34301719540142966,0.1934701862439179,0.1920928044204646,0.2540904663131818,-0.008670312653075902,0.5643994021163449,0.023957530543543302,0.09553660418560227,-0.00020874906502128134,0.1358806330202978,0.3330037746165016,0.16312688715795465,0.6523758025361998,0.03888487066944047,0.6307368747580668,0.042239847701355325,0.4949330234625922,-0.30696461650958135,-0.5868408820194299,-0.34185416749732483,0.214579120486994,0.17659575364178534,0.03515767550062671,-0.0714245350987243,-0.3084530774911896,0.09718076514012662,-0.11829547088762032,1.3462947361252917,-1.081527421100927
0.06569924898279923,-0.13536718093711675,0.10422629812950372,-0.1250458140321159,-0.012563725026403247,0.0806390881175385,0.05919699307456827,-0.015406882410201439,-0.015905443578859535,-0.034750358332300404,-0.011684968458483935,0.00783565246261591,0.03920432879243596,-0.03438605704383036,-0.1548692532029414,0.07629786899589965,0.020553492029495947,-0.14056744831013376,1.532598158093022,0.1791652134566431,0.0747058144781969,0.16950466436463033,-0.35420981042455524,-0.03503672207012625,-0.15501246703322644,-0.2258905459698598,0.04071825622901797,0.1465620203595321,0.10249804966530708,0.12306202948395242,0.04380737775751961,0.022433386625008593,0.2176710159060195,0.037305202724453056,0.09672597595794652,-0.21894081989318473,0.4292907807649,0.07463122043244387,0.24871169479406557,-0.009200703310426864,0.1497142363454527,0.01442176462183242,0.08479844786173447,-0.01694509099065118,0.0012465425590509635,0.3387222610604432,0.026405382784831576,0.3787040330230322,0.633192338999826,1.1185726586825029,0.12113835575082335,-0.29873766473494007,-0.7402062187119531,-0.15872242587388777,0.26130971088924726,-0.023951506638886975,0.04437593158858552,-0.12939937353882322,-0.09202570262916189
0.04473974699964236,0.31658648359598623,0.08865309684739212,0.2212749178256475,0.21304329290904495,0.2985227996209708,0.1407554950334868,0.17403899552222904,0.15045616086426014,-0.016506628077528892,0.18288487697577283,0.21427718354598058,0.062001434983677814,0.12727621009318107,0.3061103983369385,0.11660689607919775,0.24815734814658297,0.032381122590491515,0.1791652134566431,1.1811970545615433,0.17642510631443345,-0.27452404412448295,0.029726081691336045,0.16956698165110273,0.25010524834889486,0.18730080425031523,0.2727556868407295,0.24349547615384445,0.3956479679414453,0.23762354746504202,0.19857537044140355,0.09558366572044338,0.15436869367729467,0.3018854533010356,0.061073057009327636,0.13950985020145634,0.5238464715789154,0.5570597022656271,0.23688898336267233,0.2750866440015089,0.06442700539613029,0.18393145362610555,0.6794010672152659,0.0007998481397644528,0.5897460672636897,0.26042322844852905,0.17401100330731872,0.047091764852713186,0.2571105351253534,-0.2418063937159333,-0.11758770772053381,0.36780133674044135,0.019935954238084655,-0.030023444610544722,-0.10735681664397131,-0.024007482309088026,-0.09433186844450701,0.6491096632874513,-0.43525501891778434
0.10987340774967257,0.22719833233214295,0.16967597027522222,0.24249721336391689,0.2001107519415271,0.24859916482701008,0.1685355309194833,0.19753662146018935,0.1867840818815807,0.0784358737450051,0.1762574201636555,0.1729543764770862,0.13733020615443045,0.1519837225161617,0.21754787554541727,0.16314167829292017,0.23057972099401927,0.28493365114209607,0.0747058144781969,0.17642510631443345,0.5545802087133782,0.05486949711813295,0.2697049806198173,0.2330065302542923,0.18860262344400913,0.15733403602149434,0.1392765428556068,0.221915685914792,0.32011887193515265,0.21384372439274024,0.3099219271069611,0.13396439799674312,0.3647416600068559,0.11902724502197723,0.048705558830008586,0.5728724861214539,0.18672310522209815,0.15715423597015113,0.3685345476269511,0.22461719363141266,0.24995268587203778,0.22179936811620599,0.5329217865345488,0.0629518883863637,0.7478752571834918,-0.0575367501061733,0.2835293280216474,-0.3174562238811403,-0.4307712961114812,0.18739400187776092,0.06931719278724208,-0.043282454056504605,-0.11457649184151256,-0.07774143803327388,0.010418990907020446,-0.011464775051741703,-0.293051657914009,0.40617285454439384,-0.14694872852078167
0.1595069292467043,0.2281445217261407,0.4133061310410594,0.22312677312662482,0.12332423191607875,0.3437610372312867,0.2389889281030132,0.28599229453773173,0.17149859724214037,0.30775967480465555,0.23445891179828948,0.1263195512065068,0.24127198291604848,0.21950044852818026,-0.028228441604873,0.2089478058150941,0.3633872346068177,0.25189010654797694,0.16950466436463033,-0.27452404412448295,0.05486949711813295,3.3628604950694085,0.03742978505063506,-0.32401754997149057,-0.14917159279434422,0.09048107994310493,0.15849756556613284,-0.04872347418844572,0.1859273555777579,-0.20636894608879922,0.07865944633889703,0.44495248292278,-0.04130315978385371,0.3949957375610632,0.2715269600640549,-0.01373351280169017,0.18800642543058865,-0.022265943165470713,0.2614317575450572,0.028950958264549582,0.16141257413065338,0.2457396733592105,-0.17165961628775156,0.06394781389710091,-0.341451807672869,0.3830292432120918,0.10219072945021174,0.17908963387303736,0.4729386232509703,0.20767029348453211,0.1600200667530797,-0.6546533641475555,-0.11612862660025035,-0.1168555236088642,-0.30165668732393486,0.05873012366707647,-0.22313066093592135,0.1829213111038301,-0.1356603708920257
0.049584074747943414,0.028274784687493594,0.04220542120631943,0.30742496198174635,0.18845255815461578,0.12593507420672606,0.17488248032771575,0.18328905217897018,0.1805541670729037,0.15757446049341944,0.12590840531207262,0.16008269142307513,0.16573368860273324,0.14179832843695853,0.23122746576077602,0.1385195546226211,-0.01609098672992878,0.3366959387766631,-0.35420981042455524,0.029726081691336045,0.2697049806198173,0.03742978505063506,1.3869288262347228,0.5435534961817928,0.4527912878618845,0.040085945064749315,0.10016951074941423,-0.35103694426349247,0.4014452640380185,0.2912010189387576,0.1729406497006254,0.10028008632132468,0.20605675765939307,0.2974266670789071,-0.018685781198455223,0.7127212093819393,-0.0001258484484813519,0.06723869549033698,0.28444426994398664,0.22325376945703576,0.12318379673060359,0.1673653246036572,0.2593008628815305,0.15462714955942564,0.22879869219109694,0.0817046721065908,0.3357107858442535,-0.46117946407684995,-0.5063939389773374,-0.15532524231274705,0.12082144680628937,-0.18751560125134356,0.14427729026213604,-0.020270123199388024,-0.08671952170362392,0.07386528600466956,-0.11999845464500308,-0.0628482871317157,0.12307076782601044
0.12503415164358103,0.03469347171111105,0.13448210310202166,0.2508077033875564,0.18898074434868792,0.22240184836452198,0.16721712203007702,0.06626041447469655,0.2233909945708341,0.06931596604928501,0.13281299871375882,0.09512061009481862,0.17607625755049935,0.14923982034930278,0.1909178968294559,0.2387397197798593,0.11528196609264452,0.06665037020605608,-0.03503672207012625,0.16956698165110273,0.2330065302542923,-0.32401754997149057,0.5435534961817928,1.6248269425127995,0.34747375960704197,0.22232841024854194,0.09444272031914624,0.13712999437368129,0.3489978714418821,0.3343987716161738,0.31750248086572075,0.08001325969359038,0.3363078476798795,0.09427473558104679,-0.00039974700904246843,0.9140243597048784,0.045170126761067415,0.09667853533722252,0.05879448796536675,-0.01936133800811467,0.08398559235309683,0.11610910555487806,-0.1275345309121544,0.08088857081934296,0.046594774491691075,-0.08659657661453207,0.17487251317979516,-0.7431473395902537,-0.8516258257974024,0.11280217288079858,-0.27124018256201304,0.04654497971495512,0.17375028416238886,-0.10144037182825706,0.19456153774891807,0.06391391076805891,-0.10828076350380784,-1.6103939960681863,1.4070942031028435
0.15313082523708804,0.24676730994313906,0.1832487811907026,0.3513701270826366,0.27531787168181565,0.2542511722534159,0.1660933936418176,0.293337926648105,0.022942092127615474,0.22938536734710843,0.2241706318209023,0.2844520217821,0.10315921881725708,0.2088409343573855,0.47118498288564503,0.2867807483958762,0.23255294518532663,0.3627382456134179,-0.15501246703322644,0.25010524834889486,0.18860262344400913,-0.14917159279434422,0.4527912878618845,0.34747375960704197,1.4892386352934395,0.3243432023815888,0.19041504270020326,0.16698936108387497,0.3235950378295207,0.08369634938101825,0.31747801543020837,0.1748922535687658,0.09574441036828321,0.3740324221792403,0.06782660111878595,0.5296834656381318,-0.07070220051530274,0.17242324367702216,0.06256668938077908,0.14600983343323973,0.13078097500721914,0.15168950177918863,0.3724895349273917,0.06693181516975102,0.34420452202929736,0.004054920953385599,0.2219227733886282,-0.38109825461978236,-0.3601570044799788,-0.8568007837986129,0.021677618951295583,0.3894527621915263,0.24551006876553572,0.04370595113909551,-0.20269254543841406,0.07078783747510214,-0.13008728649880338,0.36565011261003283,-0.17106926736541245
0.06708436827302794,0.3800230156666577,0.25746955462271603,0.42453114233157985,0.34959392965771546,0.3759531887955902,0.1476789672247158,0.43008180188684847,0.24513529019574617,0.2023173613571685,0.2798003751234927,0.2615784872960322,0.1680717099422222,0.2895882405759947,0.3234991270149742,0.1911549498179034,0.3229559500554337,0.4888777115061606,-0.2258905459698598,0.18730080425031523,0.15733403602149434,0.09048107994310493,0.040085945064749315,0.22232841024854194,0.3243432023815888,1.6415360988362453,0.22493191935987333,0.3632907284276972,0.14748981371717787,-0.25036545467684174,0.2361122506055503,0.28110518938352597,0.09255437194330651,0.28398326678504776,-0.011271576007232852,0.43053558282507337,-0.45216587275181236,0.14296073929671274,-0.8950082406068522,0.04126568062196304,0.5382620836279028,0.19052135318430174,0.6332620017327839,0.0017611618635282702,0.38468638898229535,-0.04987216991051867,0.08669965245856981,-0.08662158631410144,-0.6176485682618139,-0.44167206261773206,-0.2325286231038851,0.15570147512885268,0.33256217328885035,0.10351302329984548,-0.4203858326140984,-0.01939141948651812,-0.2861290486262707,1.46071515990838,-0.8456778380153411
0.07425920719247815,0.18150939909313601,0.15142263111550336,0.2290462784377394,0.15638193663408925,0.19697208232745975,0.14770832751472085,0.18138096807607973,0.1156324362194121,0.11317244656973197,0.17644847378276612,0.22043304499582675,0.1454113974260051,0.12514046101753495,0.15206012227840005,0.26282471686145353,0.18844443652305284,0.14202863784358574,0.04071825622901797,0.2727556868407295,0.1392765428556068,0.15849756556613284,0.10016951074941423,0.09444272031914624,0.19041504270020326,0.22493191935987333,0.49700520031807727,0.16522807251848448,0.23644478173161718,0.04699995572577455,0.16743612554402318,0.17765378823875816,0.1413331142031607,0.1852400235934988,0.13459179538558902,0.2397357347684577,0.14389094280081244,0.15799732697612454,0.08911983224845899,0.1342573363978375,0.162826613091822,0.140901617622477,0.30009872800587306,0.02330328309844238,0.23637117371671945,0.18225961510121907,0.11185423643837437,-0.0732091738724324,0.0011272204738060445,-0.08684226586153798,-0.0502853669957606,0.06392008961561522,-0.011477474801931627,0.01733913607518876,-0.09557237379929544,0.019710911966504003,-0.059001505383822435,0.3601447330839836,-0.2540980100304586
0.04187522275661043,0.2712482491298478,0.1695968613991491,0.126555180660467,0.06894154695434836,0.19258282269103005,0.06503241997869161,0.0476893046859366,0.08589219601147435,0.07104025671719465,0.17189219540915715,0.010705719455311454,0.03679903931539825,0.13432063439142228,0.3184739346169722,0.22152306455105328,0.5308841484151888,0.31279391220417346,0.1465620203595321,0.24349547615384445,0.221915685914792,-0.04872347418844572,-0.35103694426349247,0.13712999437368129,0.16698936108387497,0.3632907284276972,0.16522807251848448,1.634755805377561,-0.021916300976110956,0.007553537998005575,0.38088968139202006,0.15623491761194455,0.34846515291778685,-0.05803549541238246,-0.10443095073559389,0.7507931211805396,0.04979198920746138,0.11527485123972857,-0.04183072171343265,0.04889341918487817,0.32564534191804323,0.01442992141236045,0.559966020454889,0.10188495063854253,0.5496958520264053,-0.4206736145392482,0.12203480335674022,-0.47759021400042406,-0.6701859870962075,-0.5661392362965314,-0.15795261857150827,0.9192413000620655,-0.17209539115568298,0.004386529193710276,0.01897596642580906,0.0059404437873753204,-0.12240988898071496,0.3619836479320822,-0.006601969965671787
0.1643350284312195,0.38257584894757485,0.27562683269232185,0.31710868701171685,0.2670407713294491,0.4165065800878021,0.18089356344311167,0.29778335545325413,0.12317818352767615,0.1849315844548095,0.2617885155099217,0.20685243308443985,0.2484655850295625,0.21426580618462052,0.3088909393867061,0.3371800953441657,0.17725508677986754,0.3756934417976715,0.10249804966530708,0.3956479679414453,0.32011887193515265,0.1859273555777579,0.4014452640380185,0.3489978714418821,0.3235950378295207,0.14748981371717787,0.23644478173161718,-0.021916300976110956,2.3060310369326213,0.2467251067014173,0.1392546917617955,0.21319091723965694,0.11537592975198512,0.4279869336029609,0.10456973092101274,0.3653763985075128,-0.10106555858271636,0.1341347808697993,0.2831731391017848,0.18807615363910085,0.18136838817717427,0.10254221961872327,0.6409028651837718,-0.05228187958531715,0.4331138764652805,0.23361194341900426,0.34552003043388607,-0.32618864060432334,0.31416547916249155,0.7430655153941264,-0.32617331604695055,-0.09192582299169143,-0.511467354369705,0.026661993087732004,-0.27910994916697457,-0.061574315153406535,-0.33188007785709955,1.1322339785221573,-0.5605006765554067
-0.03551351017239466,-0.07931790020012548,-0.28248925575827394,-0.010330483383399354,-0.0687436632135153,0.006608671008425387,0.028889750757117763,0.02947897608540823,-0.009158689448893151,-0.025831659823022025,0.02568341016765733,-0.0402808427685599,0.04954248411639999,0.04884950153456989,0.16958477841090708,0.10550548780512167,0.045605379442166014,0.029828242912654165,0.12306202948395242,0.23762354746504202,0.21384372439274024,-0.20636894608879922,0.2912010189387576,0.3343987716161738,0.08369634938101825,-0.25036545467684174,0.04699995572577455,0.007553537998005575,0.2467251067014173,2.101389590315462,0.1713185300201422,-0.017989306416107517,0.3236998034691238,-0.14240811001877374,0.3818939104282294,0.3764911069289776,0.734017147217271,0.24341327671449695,0.6485363103996059,0.18482115848262806,0.47664809079636056,0.18588255825225022,0.8908594965098029,0.1607638512949645,0.551408041947571,0.06924637438433005,0.878513396774733,-0.07105586069521837,1.07665086381157,0.4517838550295738,-0.26660419581183686,-0.5475466460056312,0.166143386000784,-0.02745141854051379,0.12854488373082174,-0.10120178091520367,-0.01965854398963046,0.7851501039415025,-0.7405742677755843
0.13340557729289867,0.2213526364126038,0.21547966625601722,0.22479736040339302,0.19561684439945912,0.21902003346648544,0.14081731845477102,0.1855424910772569,0.12532965501362714,0.15320661487248058,0.19037317481885596,0.17208712176533877,0.11597886658239949,0.18517169183499627,0.29091703389091256,0.17229623395223176,0.2927840183517412,0.34301719540142966,0.04380737775751961,0.19857537044140355,0.3099219271069611,0.07865944633889703,0.1729406497006254,0.31750248086572075,0.31747801543020837,0.2361122506055503,0.16743612554402318,0.38088968139202006,0.1392546917617955,0.1713185300201422,0.8313359191095742,0.18234989654123882,0.24615957772738062,0.09974052724545536,0.03134121945691242,0.8553148837045067,0.21107742138173213,0.18329987902908346,0.19330663457124495,0.11219496619835528,0.32462421321533186,0.18275351885863908,0.2620158484150827,0.04434875557458331,0.4751823791137964,-0.026869393267681195,0.2741566594599096,-0.5234137999717018,-0.6076842905505649,0.026808414147400397,-0.005743361584182722,0.12322704584626586,-0.009686051362641637,-0.10513794505870282,-0.11816980336529959,0.07451874613250292,-0.0410341055576197,0.004084654284448043,0.03202308498816146
0.09519628377084348,0.15020586308182574,0.15837434879797277,0.35844462714967623,0.19558785533294132,0.20870536395571448,0.14433216929299922,0.19497975842864143,0.12052729918745426,0.15329892554771804,0.16799647062000703,0.2131612198256524,0.1536568624157236,0.3151741150527761,0.12915791880693286,0.24789134757519687,0.18585743781958375,0.1934701862439179,0.022433386625008593,0.09558366572044338,0.13396439799674312,0.44495248292278,0.10028008632132468,0.08001325969359038,0.1748922535687658,0.28110518938352597,0.17765378823875816,0.15623491761194455,0.21319091723965694,-0.017989306416107517,0.18234989654123882,0.5265300207469309,0.045839681398400514,0.23328381387307714,0.05556390020780591,0.305619493580835,-0.04723661300859324,0.07920157178558186,0.07396747421110633,0.10476404680559126,0.26649684196206813,0.07009070990457074,0.11210194443145122,0.04004918967633489,0.17804685241749005,0.06152419331446166,0.11507999466198764,-0.108788858794004,0.17485427703677847,-0.13256868993202037,0.09039580444806856,0.01105508220339864,-0.0501833436179792,0.02139428537543672,-0.4110467881625029,0.01658264828226843,0.19820656728326172,0.3638675646473905,-0.31327831164861836
0.049775082742430254,0.164939269336686,0.0980280991401835,0.11417657274329056,0.1313785127986915,0.10438597408136197,0.09781977306446282,0.1056938683592259,0.16389686190878314,0.013192128280161697,0.09848129769403488,0.08769216721514589,0.10525350297904525,0.08929639518975792,0.1689535092281872,0.07152889214549694,0.1830879343092014,0.1920928044204646,0.2176710159060195,0.15436869367729467,0.3647416600068559,-0.04130315978385371,0.20605675765939307,0.3363078476798795,0.09574441036828321,0.09255437194330651,0.1413331142031607,0.34846515291778685,0.11537592975198512,0.3236998034691238,0.24615957772738062,0.045839681398400514,1.5113914594770623,-0.040413350654261465,-0.14498989208546229,0.46917411670667264,0.4203475956199212,0.1368432940994926,0.17110808682516193,0.08067673539724017,0.16478648177941285,0.13625628269769585,0.39159341560062483,0.10508276208246427,0.44102760950524234,-0.06066970949023533,0.2952678041143459,-0.3588542308675744,0.18877198309686047,0.6226254151237322,-0.011843825850374154,-0.11189331593455937,-0.20557197044983683,-0.2408374753799713,-0.04404981302383355,-0.11617152455945097,-0.2023036378549179,0.5016694735851888,-0.11388040156597262
