0.8484487377927712,0.2245980321566225,0.6242026860087256,0.08322124182046586,0.11900144178881959,0.20184141752403914,0.1362066840016335,0.06164754245613923,0.36850684975399184,0.05119665666634794,0.13728049488133726,0.1636961294972672,0.10293638825088217,0.12143284356080007,0.14241698487349116,0.10510759963472793,0.07778410563164198,0.1435885677133866,0.17471076246773434,0.03150205823784073,0.13564167330323926,0.16277803797426865,-0.0151233153625664,0.014532777908531838,0.14729987925104238,0.1149505145990316,0.08419953343360007,0.10965700482393181,0.18807561679763107,-0.18987335716214218,0.14619202532640038,0.13300607975020778,0.0647023807998399,-0.08702076707095341,0.1594295151767933,0.1923154949758799,0.025631142372764603,0.04958287651329255,0.07784608870617739,-0.039766607207860016,0.12749944822945106,0.07975059310926261,0.058865420350880715,0.012845455041654342,0.2098282867716311,0.22693501926126866,0.022894397410478762,-0.08742878541580792,-0.2751847582629618,-0.10083090152599405,0.07508985731914936,0.041497773311529026,0.0312571806657186,-0.05215474606630204,0.1928301483926533,0.08500274103515082,0.09099216938464111,-0.01224996772367734,-0.364068515407675
0.2245980321566225,1.8455734917727216,0.8901095686761321,-0.10180503162630425,-0.2728604830861181,0.8785581772580011,-0.2835388509618454,0.3854979489796805,0.3223996612615714,-0.004486026054689482,0.2671245782511586,0.2150399310320917,0.24338388737710848,0.3088488598827603,0.09972181283791173,0.2566976875614584,0.3140761666141679,0.42614122129209697,0.2274624430376112,0.27140696417875176,0.41498176630224226,0.25098753570288146,0.15443393482986803,0.13566105067384232,0.3810606498266836,0.18604184648903566,0.22091994865381404,0.2464685064411971,0.4698333234178091,-0.2776994230266872,0.2852693781889773,0.23806949354628895,0.1240720886232099,0.3529847097165793,0.3951178353531455,0.4372668641342935,0.1951249943535777,0.16554316101148697,0.21617582873616997,0.05553834853884876,0.274220544387664,0.110100308755524,0.2854611108845748,0.10068602602581765,0.5194229492335183,0.4061201862759201,0.05345024852762298,-0.053698387459130574,-0.6325177333748346,-0.17423097686479627,0.33280554799722173,0.131979781677841,0.013777548090299201,-0.17063989342598598,-0.48817760447697645,-0.18748016924891436,-0.18568045379758766,0.4370922640462713,0.13677953439545104
0.6242026860087256,0.8901095686761321,2.446706650673656,0.12924674331979857,-0.09076810657292497,0.7879023786968773,-0.05954535431814771,0.54290754025873,0.9926954497978684,0.19362523017272362,0.4838227490435853,0.4172730397341663,0.38298956413199964,0.4537233775279891,0.33411620973877887,0.4010445090092245,0.5113047914685538,0.5120461696539522,0.4470081493273937,0.3506794022098743,0.4903338068238659,0.5686446269053558,0.2303058039462973,0.27436596659662077,0.5231659408026353,0.5114305546316618,0.27383116670552127,0.43313877593677663,0.675550855978246,-0.5961563618756812,0.4915674868305766,0.425243860146862,0.26799071567788124,0.5099457151349411,0.6522081503447744,0.9530775300899481,0.5566125316305701,0.27036119806245545,0.2673581289408004,-0.17198916333018324,0.5231094982743373,0.2628610375935151,0.3845020845741261,0.12476430897120624,0.8855014224252655,0.8440487447429885,0.12212677934885657,-0.19061022744919173,-1.1810602329409616,-0.2585999099568899,0.3943267028940443,0.205583161438759,0.1054253159496688,-0.2987754637886535,0.1666971235050372,0.14350397409052074,-0.07842289531922822,-0.24842740420059028,-0.10415623309536487
0.08322124182046586,-0.10180503162630425,0.12924674331979857,1.08058531620548,0.4803121152730179,0.38342037482686586,0.4493876667900251,0.25114399190388537,0.21557848419816428,0.14691811931254387,0.2572802631194797,0.3553876817408957,0.2931656484825027,0.2783584475584829,0.24005091512856433,0.28251820495735724,0.23750279005822414,0.17926844896729316,0.2879013012185685,0.23092948881737324,0.1539020429450023,0.24547636319503624,0.14710033587676236,0.2588463416782897,0.2383023700502596,0.2882222540346201,0.1869577653415838,0.058963679360283655,0.23535331844624713,0.13226322294440895,0.21716021294215937,0.24780058643658323,0.22134032883550528,0.30574186448398544,-0.08055592514753036,0.26950709314312327,0.26106880597780135,0.14206786424900733,0.2102362206965624,0.09531959385372575,0.13659002133022938,0.1773531839757154,0.28437913392336567,0.04439231429337331,0.10088440536368264,0.23287230538975504,0.19880954895008868,0.052199241680983596,0.14095133011141758,0.06858846440238808,-0.08602464964247625,-0.08224062739135019,0.050159296417417766,-0.013512912932307466,-0.05626768722377559,-0.023763407293445764,-0.1495756774239429,0.22284563480322472,-0.09374911731702536
0.11900144178881959,-0.2728604830861181,-0.09076810657292497,0.4803121152730179,1.5413958490719035,-0.16582938846749123,0.5841636181604483,0.1770110737570243,0.19628064637692788,0.3580622405262386,0.1196251440922836,0.28988847420380326,0.25296023470897655,0.2021341909481546,0.3947679497751076,0.2397771091121206,0.10599407158374141,0.21017177946902982,0.43231147594987757,0.22862247473239136,0.036748698274765505,0.21533443971760707,0.149588268351234,0.2796694347222321,0.10822904691538997,0.19446087026569062,0.16235192845218793,0.050027510932734096,0.08890420975520791,0.3108930299602552,0.21388113377203094,0.19621963355058936,0.31731738273913046,0.22695759290364872,-0.26262926737649006,0.29437135358101374,0.3839856777478953,0.13636940149520527,0.23055593338429495,0.1100293042437316,0.08056615199885078,0.20680986935202342,0.18545877451015347,0.02560845414303094,-0.05956213370650291,0.19499147715224768,0.3297719678628343,0.14267502325699827,0.3543216570433914,0.22859118551099267,-0.1398214011706518,-0.12713487926712472,-0.03761964968272925,0.00785339137942914,-0.1474162858037293,0.10691068878551134,-0.06294333716145717,0.1901902527890465,-0.24247303014556054
0.20184141752403914,0.8785581772580011,0.7879023786968773,0.38342037482686586,-0.16582938846749123,1.822411150779815,-0.35236778476615593,0.6118526796776665,0.4814009352081354,-0.06374681558419237,0.5022106378892787,0.4361051319356501,0.43704125451366366,0.5958442503093728,0.08068270841815887,0.5064673547194536,0.604520433230412,0.27107636853115274,0.621295919374319,0.4761897295393554,0.4650678922323809,0.45181133580613664,0.07527930909586299,0.3038682241672807,0.4399324198994862,0.4713274766683922,0.3513844289516204,0.24307735695674154,0.5372077907809518,-0.1988271876176638,0.3959156238607032,0.4330680223233211,0.22250399533151227,0.48087988132784665,0.4654263328197241,0.3980248737580998,0.5195902168165035,0.3135882886750326,0.36951211165927345,0.1255237918906857,0.39458049096090236,0.3119407328727253,0.5291979863794627,0.12532371506598913,0.4714366215054041,0.42733122969829773,0.023947845630127338,0.04637137176143357,0.0851244903461918,0.16856524639568796,-0.23265494608505455,-0.16438652599366935,0.25578641398768986,-0.05379709799545289,-0.26936969707582376,-0.08569546765864869,-0.26035242676286624,0.40725129094695994,-0.006022779440160943
0.1362066840016335,-0.2835388509618454,-0.05954535431814771,0.4493876667900251,0.5841636181604483,-0.35236778476615593,2.3223192249919005,0.01082426854993177,0.8669215271140832,0.4484626635800492,0.4269369818132652,0.6969118757710516,0.48312095924523846,0.21130351603394923,0.5414054344573643,0.2504035306261917,0.13882653541630458,0.4916967154435142,0.12283347956673436,0.2542631726839804,0.1338628312402179,0.39528195844271724,0.3832354488338282,0.2915394374280762,0.29980448503900436,0.4843574039452835,0.2761912743926101,0.20565527077582216,0.3582364592666316,0.3941488154494342,0.3075954647549899,0.34436318601675386,0.16344163009571794,0.7167659201025433,0.13905146235789334,0.6221564214171837,0.2647633547891508,0.14162667588490463,0.3768022078384761,0.22622661587424361,0.04425748869840218,0.15112071032949287,0.46382139228128205,0.0904771546130117,0.06613205580884161,0.35640802255473353,0.5216371929691322,0.04346522280863986,0.23761495864609317,-0.14142007403166568,0.03263022328609912,0.19867704160872396,-0.1765305484072241,-0.08246285295669079,-0.01332665090817285,0.32437416332475444,-0.10619103146371053,0.05226840917662083,-0.48844189763770374
0.06164754245613923,0.3854979489796805,0.54290754025873,0.25114399190388537,0.1770110737570243,0.6118526796776665,0.01082426854993177,0.9088100663890466,0.24731045731331802,0.2486799110933589,0.38301631917634527,0.2237009472768845,0.4519538397611033,0.456777448666769,0.18030287423789962,0.39112916838473827,0.50417492695168,0.3334030958582141,0.3220039254942664,0.4126262242466269,0.27871963276104195,0.3753437988367203,0.20311953777073705,0.3024520361414387,0.3579664746763325,0.3965020089724652,0.2843834967310521,0.17275983134278627,0.43061092946208585,0.10550180098408336,0.34202131395203933,0.35173822599998983,0.1743472434860712,0.4869881132090413,0.34344921881206963,0.5145430247834796,0.5000110351746544,0.24936059704936525,0.3826840839573319,0.12905774872070327,0.2649901206202622,0.18062528975223147,0.43284050477735575,0.10145265566719988,0.31102435876070755,0.4479353956354308,0.2857202187874491,0.034670568369687474,-0.004630045337472396,0.08943000285361903,0.022088278748641336,-0.0364746490980256,0.20099137063891362,-0.20256511428240126,-0.20845659918664383,-0.0636470599158486,-0.0602491325336126,0.27730985084855764,-0.07808595468779626
0.36850684975399184,0.3223996612615714,0.9926954497978684,0.21557848419816428,0.19628064637692788,0.4814009352081354,0.8669215271140832,0.24731045731331802,2.1807725195525354,0.06864605249104248,0.4114570824552687,0.4918911948442001,0.489606255102165,0.3904127452428213,0.2838501161521385,0.33526717058319844,0.3287412639243402,0.4984218873216249,0.373585193107491,0.3752604433896943,0.2815676812292554,0.4758073047433803,0.26786093303824954,0.19944460169185194,0.15291955418267744,0.7260359319298346,0.2882112733470152,0.35483665605562625,0.3872424168746411,-0.08280189500980449,0.38451015191530413,0.4113215041080663,0.17257017878167996,0.7106889595811714,0.48264089200241134,0.7178860685749902,0.6814241575528641,0.2687213578503422,0.4240186278492781,0.07924241674563963,0.18181580363145294,0.20716987348812427,0.628905041220002,0.10475163762314592,0.5694393213531623,0.5089182710407739,0.2404839216893357,0.03914140756569191,-0.016692316470709113,-0.1981817867418283,0.21913583077743823,0.4161650954083728,0.0008725176096249441,-0.34568879016632253,0.40957826919170676,0.5947208538255828,-0.0835427930411648,-0.3932282212172982,-0.5297278998380487
0.05119665666634794,-0.004486026054689482,0.19362523017272362,0.14691811931254387,0.3580622405262386,-0.06374681558419237,0.4484626635800492,0.2486799110933589,0.06864605249104248,1.051164496297673,0.11433844810943333,0.2645772315183013,0.24032391093412273,0.2195963484237881,0.3440662497331448,0.21055929043456897,0.19279768383828788,0.38570443778192176,0.08659150372068172,0.1962878113537197,0.11326249728811867,0.4168448849868126,0.2532956336351522,0.24620531974552226,0.26602828889942687,0.14164591005680352,0.2061824981156979,0.1846736497590675,0.3247438699430837,0.3442297821087125,0.23504043829419863,0.24673919509102724,0.18205666802702625,0.419141565543769,0.18264221293688526,0.5170275372310675,0.11070445769963586,0.09715095299316301,0.2686969228160885,0.12995898925083932,0.26394640697408295,0.10867109377826493,0.2170077469904869,0.09632585339703718,0.14097376797545697,0.3885650978747992,0.46748744895876015,-0.1303654687845255,-0.19924551722360784,-0.0020526951452697483,0.052238899294739995,-0.16471062305646214,-0.05909833296153275,0.060771613069081735,-0.11486418518983703,-0.01703371957421285,0.06176579340105873,0.05313937997363771,-0.1259246662285059
0.13728049488133726,0.2671245782511586,0.4838227490435853,0.2572802631194797,0.1196251440922836,0.5022106378892787,0.4269369818132652,0.38301631917634527,0.4114570824552687,0.11433844810943333,0.8711970159337171,0.42797557243328804,0.39650457237594394,0.31778366984737705,0.27599880256498305,0.33487928093393465,0.4128597408246463,0.3104006923525584,0.24418057638957694,0.3475849824081662,0.3124483421871954,0.3472044685907615,0.18038871061492104,0.23077731464197437,0.30304735659690474,0.43962637069068455,0.26681765695081255,0.19146516591481036,0.47359912960451167,-0.02807251971757591,0.29711452919420644,0.3154769036795551,0.08518575418082212,0.48158688355126467,0.3657141682734439,0.43673700202223803,0.3066613350657969,0.19162926021159285,0.34846815686195504,0.15948089133139018,0.2244262891797966,0.2052471995648958,0.37809943804021623,0.09363844038093269,0.2749518693218078,0.35728348026729123,0.2509488642186184,0.01440471366161389,0.065600044559821,-0.014024644644148633,-0.02258223042293996,-0.021613375916517533,0.0987020992494545,-0.0370312268836946,-0.1349149818031511,0.0728575017354385,-0.1682986026336658,0.18213326509276925,-0.17720444421810116
0.1636961294972672,0.2150399310320917,0.4172730397341663,0.3553876817408957,0.28988847420380326,0.4361051319356501,0.6969118757710516,0.2237009472768845,0.4918911948442001,0.2645772315183013,0.42797557243328804,0.8361973503258122,0.383515574042618,0.34440216484857183,0.41569720304054875,0.37884212854419247,0.3663463396853844,0.30948571067416747,0.2784141986060823,0.3360163752795214,0.26835232734370207,0.3024015410181142,0.19461827313358,0.26845730595531236,0.3976545104406699,0.483395655337322,0.34587024985689,0.19765391642608635,0.4276368845833526,0.0422390466464283,0.3480921955466307,0.36971100491462944,0.13147414654451195,0.5210258146445109,0.3289651107546703,0.5470697463083356,0.2611671318958364,0.18750407117340226,0.2911265420546094,0.18304295734645754,0.17967054739862462,0.22681004789430706,0.4106210080750866,0.06965999632402382,0.28665912054366594,0.3958456106918582,0.28255298175179316,0.06822478343677013,-0.0508816532291272,-0.12259671468645011,-0.020525708230705864,-0.02397794129574437,0.06304769353988553,-0.0180423492530669,-0.17410564644001433,0.1109602216676754,-0.22543986935458735,0.24069709200197204,-0.31252463249457657
0.10293638825088217,0.24338388737710848,0.38298956413199964,0.2931656484825027,0.25296023470897655,0.43704125451366366,0.48312095924523846,0.4519538397611033,0.489606255102165,0.24032391093412273,0.39650457237594394,0.383515574042618,0.7173149871550212,0.38152795471762363,0.20752601825313785,0.3696464721882622,0.41981991159625454,0.37086789708247936,0.26881488760109373,0.3404071878411333,0.28262056462730495,0.49543692154024016,0.2502055701939967,0.31545582177232145,0.3380205247674069,0.38946660706063163,0.30296482388629464,0.24102035388396734,0.5068788797552635,0.15519365493277387,0.3308648490066461,0.3875214562179253,0.17412833904617472,0.5117962675652259,0.3503018832814751,0.5535016483037731,0.36245383031324824,0.20107732585932553,0.3805839450801839,0.17134581157105042,0.2508455255788844,0.19177516377972995,0.4472701748915842,0.12678129919822273,0.13892016319069667,0.46472332771966063,0.3374360183420215,-0.04005441461126046,0.12178646974793318,0.07303976799582469,-0.017440204015117578,-0.01915520116406945,0.009305268788254098,-0.09012689344695363,-0.09920342251497204,0.03921869782753427,-0.1428075690916148,0.14261676146690977,-0.11479995129789541
0.12143284356080007,0.3088488598827603,0.4537233775279891,0.2783584475584829,0.2021341909481546,0.5958442503093728,0.21130351603394923,0.456777448666769,0.3904127452428213,0.2195963484237881,0.31778366984737705,0.34440216484857183,0.38152795471762363,0.6676965318389922,0.3093803751569395,0.46252927606655253,0.376192631528193,0.2780950854152528,0.3068232392465577,0.41357907003765254,0.30032358291510797,0.37528759904020326,0.16450641969995786,0.33895049423685025,0.33872831095230654,0.36759796447168974,0.2866531940412145,0.24525190024510168,0.38861434554665897,0.14120474588417126,0.3500783380066929,0.4385714443719751,0.23347422428627768,0.4015129461455231,0.3766116286815412,0.5457263868749924,0.4327598065905062,0.2441002430303165,0.30741572034655823,0.14988710308183903,0.2939305757964041,0.2387553735317317,0.43317578248876326,0.0916067145704777,0.32925124893488694,0.4401757102389112,0.26386122057356287,0.03593302280405934,-0.0922243387608168,-0.033827586224766004,-0.03228073772463347,-0.11142071934448176,0.2032819151883057,-0.09818579764950722,-0.14872953841493747,0.004145308652454525,-0.05624914183806331,0.18858820626951067,-0.10632504726228695
0.14241698487349116,0.09972181283791173,0.33411620973877887,0.24005091512856433,0.3947679497751076,0.08068270841815887,0.5414054344573643,0.18030287423789962,0.2838501161521385,0.3440662497331448,0.27599880256498305,0.41569720304054875,0.20752601825313785,0.3093803751569395,1.3299139423463369,0.25103165786805876,0.14359535297951231,0.4138792355036254,0.23884140366721127,0.29553561202629824,0.1620053878672511,0.2081463979185508,0.20867985179149892,0.2770774399266033,0.29076143806992183,0.2701542618432462,0.18039396199218732,0.2883193086567893,0.36054523667718347,0.18154770580733123,0.2921915573702588,0.2600257292305083,0.27523507068912983,0.4051017177177933,0.20206652668545672,0.5276227816072171,0.4175686417227104,0.14937822214043345,0.22810180687016213,0.10069764805955739,0.2147277736198204,0.22678264526771336,0.3327580743017934,0.05343160886470218,0.25160551241403495,0.3383963746724324,0.33342154840804206,0.13351776694717762,-0.08219455258254471,-0.0012945128494053805,0.061263087142460364,0.13086155075188366,-0.13755450728013793,-0.097489562224698,-0.033781770087501765,0.26134583575978837,-0.11635753182959224,0.018220821866898426,-0.21702115446442558
0.10510759963472793,0.2566976875614584,0.4010445090092245,0.28251820495735724,0.2397771091121206,0.5064673547194536,0.2504035306261917,0.39112916838473827,0.33526717058319844,0.21055929043456897,0.33487928093393465,0.37884212854419247,0.3696464721882622,0.46252927606655253,0.25103165786805876,0.7253649666614292,0.5553941946625831,0.22689738984962007,0.2915473724649261,0.3820112450693734,0.2902874870292411,0.35633458835416626,0.10546871184257199,0.2987644847236923,0.3498556896722947,0.3510119325440209,0.3223010409330966,0.27512830427073165,0.45473193874646894,0.11964338659200772,0.3490567133484433,0.3761377618304501,0.10025605098719945,0.4213117807577451,0.5276280108258179,0.5109271887927603,0.4520708930134223,0.22275040764496462,0.32236444838042067,0.22321601147317965,0.30981353472144985,0.25880048312895376,0.49493885004260213,0.07705597016094808,0.33447737207004236,0.40773431482001105,0.2999644509247492,0.018728015366256144,-0.03027022688061998,-0.06971607607951628,-0.042478662200779456,-0.09956029678996986,0.140027903162407,-0.050921660177284875,-0.13394046900579368,0.02399550160458001,-0.17566206279458838,0.2201028454549843,-0.0984833552096152
0.07778410563164198,0.3140761666141679,0.5113047914685538,0.23750279005822414,0.10599407158374141,0.604520433230412,0.13882653541630458,0.50417492695168,0.3287412639243402,0.19279768383828788,0.4128597408246463,0.3663463396853844,0.41981991159625454,0.376192631528193,0.14359535297951231,0.5553941946625831,1.3316927545922013,0.13370055495682792,0.34122333452286563,0.5195467050490372,0.4302428742736412,0.3961680795471639,-0.0115756140371286,0.3064296413220121,0.6238934329843434,0.3133511369876514,0.3636085110822402,0.3586124305461952,0.5643966861099876,0.04600651773253115,0.4464593366568501,0.35242794216546885,0.03430464155878252,0.5146111595305504,0.5864584457501681,0.5124258284763933,0.5846446034313328,0.28192005435672846,0.5431953079829981,0.25961369226378017,0.4572013600402663,0.21816229983286048,0.49621595344572855,0.09263385169876966,0.6003321699720914,0.4934819886012162,0.3985835811214855,-0.11196908294674196,-0.35295941059918795,0.6229189828820508,0.021176958342733993,-0.1659012204821594,-0.1700811704547574,-0.024054277130299843,-0.10919529011541727,-0.07817677416460896,-0.16766259730031782,0.19645788164174485,0.060585623556453194
0.1435885677133866,0.42614122129209697,0.5120461696539522,0.17926844896729316,0.21017177946902982,0.27107636853115274,0.4916967154435142,0.3334030958582141,0.4984218873216249,0.38570443778192176,0.3104006923525584,0.30948571067416747,0.37086789708247936,0.2780950854152528,0.4138792355036254,0.22689738984962007,0.13370055495682792,0.9741972710511504,0.23892521735312477,0.15990128638159554,0.26707776926403615,0.4894529194655571,0.5535244808035796,0.2896410839745875,0.35921018103903946,0.3002382681369767,0.12477167230198252,0.290830170003398,0.4741042389723884,0.12491834082838564,0.399867835371694,0.3079182379528021,0.3457329752280297,0.520596409452476,0.14653272228339168,0.7782881793096911,0.3889938487357266,0.140614343251576,0.32813538553943405,0.09621578159327124,0.2733682684963803,0.10151771701673303,0.46095988148810074,0.13712652935346537,0.35375037007107213,0.5147132763872089,0.4140026542572249,-0.04955907005476592,-0.2914660105223493,0.06426939628760596,0.3341186828672351,0.14862716800828027,-0.26827289782879965,-0.2344779120239644,-0.07356646380403295,0.19528823801452816,-0.03998336076354262,0.0817614854535621,-0.29813762683419887
0.17471076246773434,0.2274624430376112,0.4470081493273937,0.2879013012185685,0.43231147594987757,0.621295919374319,0.12283347956673436,0.3220039254942664,0.373585193107491,0.08659150372068172,0.24418057638957694,0.2784141986060823,0.26881488760109373,0.3068232392465577,0.23884140366721127,0.2915473724649261,0.34122333452286563,0.23892521735312477,0.9199559959317535,0.2976187835988518,0.2791183684339806,0.18229377660297838,0.0023272738524361975,0.26558932349972286,0.32719944870296463,0.3222052103191187,0.20323103005543985,0.29120837338121985,0.27131935645351934,-0.02864749055042171,0.32132643437409925,0.2610409065830495,0.35075602174401954,0.2877851967403929,0.13229660425551037,0.30555033683225047,0.6388860053277274,0.21389406438133513,0.23199723374502657,0.09535585777627173,0.33103052965753815,0.19616103232355286,0.3157338525303146,0.05837372478507167,0.4755749958592661,0.3374260376312125,0.164860687252008,0.18789797354799515,-0.0018946790141512696,0.12671901315058662,0.21829642905836238,0.2229520098537904,-0.18038585766325607,-0.1317960804753341,-0.07681545566342214,0.0891187520522361,-0.08637783161941037,0.14344203717463874,-0.14464089201128943
0.03150205823784073,0.27140696417875176,0.3506794022098743,0.23092948881737324,0.22862247473239136,0.4761897295393554,0.2542631726839804,0.4126262242466269,0.3752604433896943,0.1962878113537197,0.3475849824081662,0.3360163752795214,0.3404071878411333,0.41357907003765254,0.29553561202629824,0.3820112450693734,0.5195467050490372,0.15990128638159554,0.2976187835988518,1.3003809080408488,0.3119611905813488,0.04087989639732555,0.0029354878081626784,0.38264061216537254,0.38690880831708824,0.33775276216621836,0.3930861092546945,0.28517491083326596,0.46990347262381776,0.42551877750395023,0.4182934307412881,0.2969589245382975,0.14124310463178869,0.5733337189565696,0.500330463593239,0.4737593215761497,1.1128977741923012,0.6131754935543157,0.4645690706696325,0.2713859893800463,-0.0513970511192507,0.25385817742749467,0.9053511351911909,0.08008597667781248,0.7102658186361102,0.36493097534488433,0.42967904501407844,0.42129740534151827,0.027432706737709908,-0.05462702508498713,-0.17616157699365295,0.03947990718030039,0.24816188944280726,-0.13700657675790295,-0.055994872935854936,0.058831597275947944,-0.13176475089526976,0.19903996521923475,-0.10507531132500925
0.13564167330323926,0.41498176630224226,0.4903338068238659,0.1539020429450023,0.036748698274765505,0.4650678922323809,0.1338628312402179,0.27871963276104195,0.2815676812292554,0.11326249728811867,0.3124483421871954,0.26835232734370207,0.28262056462730495,0.30032358291510797,0.1620053878672511,0.2902874870292411,0.4302428742736412,0.26707776926403615,0.2791183684339806,0.3119611905813488,0.9704303330709685,0.21339707130883126,0.22382564387812673,0.24638928505708751,0.29431036993198895,0.24104769498596365,0.19159630242139622,0.3344505069609741,0.3561442378496991,0.047008670215894416,0.2635355108944336,0.3046365774704941,0.16684469905826718,0.3468614783766038,0.4586853321067565,0.5764657504099484,0.1966741132755478,0.16101686634896317,0.36543543730576733,0.17797007138299048,0.4512577588983356,0.27170785765848254,0.41558550269981276,0.13678349328993794,0.9709552240736292,0.3480931547590363,0.2815217026098717,-0.007201288992599669,-0.8340587407542828,0.044816615172121516,0.24308082765655514,0.01958768859787256,-0.04437925052633021,-0.036463372556809204,-0.11863663339021105,-0.0016389343785220736,-0.11402160694387962,0.2008562897066079,-0.10967567448632601
0.16277803797426865,0.25098753570288146,0.5686446269053558,0.24547636319503624,0.21533443971760707,0.45181133580613664,0.39528195844271724,0.3753437988367203,0.4758073047433803,0.4168448849868126,0.3472044685907615,0.3024015410181142,0.49543692154024016,0.37528759904020326,0.2081463979185508,0.35633458835416626,0.3961680795471639,0.4894529194655571,0.18229377660297838,0.04087989639732555,0.21339707130883126,2.1616396630607606,0.4614547842826517,0.3678709372180008,0.006325666593562248,0.21354611198480042,0.2744656530779847,0.22128952426781098,0.6009589704834927,0.19384335995367294,0.3233638145592739,0.5184858581526881,0.5072743905121362,0.35140258807630925,0.06239727937620132,0.8315503838034555,0.007053739018497748,0.1692347671738017,0.4985722672951046,0.09625174272340638,0.5629623275230706,0.3032412402468978,0.38143523062526513,0.16137552513938247,-0.34276902162002165,0.7711444217755219,0.3691170633161818,-1.0384333644340813,0.7881821071685483,-0.008089968882505606,-0.16034840112788928,-0.45039930508789194,0.12426768375595586,-0.08830295756226975,-0.036719059001066576,0.13148627387394096,-0.1494840054478412,0.10505597037528804,-0.27811165408227884
-0.0151233153625664,0.15443393482986803,0.2303058039462973,0.14710033587676236,0.149588268351234,0.07527930909586299,0.3832354488338282,0.20311953777073705,0.26786093303824954,0.2532956336351522,0.18038871061492104,0.19461827313358,0.2502055701939967,0.16450641969995786,0.20867985179149892,0.10546871184257199,-0.0115756140371286,0.5535244808035796,0.0023272738524361975,0.0029354878081626784,0.22382564387812673,0.4614547842826517,1.3136686496685226,0.40488614864460226,0.3501174005978667,0.055509773522844495,0.1269327239063304,0.009067335989370956,0.42804982195811153,0.4401148523283073,0.21180512365404852,0.19670173994074724,0.4052841782433154,0.38450771464164685,-0.09472027258343726,1.1697136209394183,0.15030207104727056,0.04885183415656985,0.3763103176003295,0.08266321855934736,0.2273423770456193,0.05049496722382612,0.33198704132447776,0.2348907880389097,0.0003530259953594314,0.4866788161119539,0.29383035101982485,0.05436817525820722,-0.22045304797266266,-0.15767093828096987,0.16470747832253996,-0.04141535227375348,0.23704357947546595,-0.16248124195862426,-0.19088421978159864,-0.011640686450355096,-0.05544808659778318,0.07023438922730557,-0.00016250551752098293
0.014532777908531838,0.13566105067384232,0.27436596659662077,0.2588463416782897,0.2796694347222321,0.3038682241672807,0.2915394374280762,0.3024520361414387,0.19944460169185194,0.24620531974552226,0.23077731464197437,0.26845730595531236,0.31545582177232145,0.33895049423685025,0.2770774399266033,0.2987644847236923,0.3064296413220121,0.2896410839745875,0.26558932349972286,0.38264061216537254,0.24638928505708751,0.3678709372180008,0.40488614864460226,0.8734423027448157,0.40320669753039257,0.2568433290652452,0.2590956115063173,0.3215456370013325,0.24384993290631823,0.5331547753249981,0.45904407535601777,0.3625156104470549,0.6768947648646662,0.10264973769712755,0.12208759575058153,0.8584271012754473,0.40701730092766447,0.25834107381805405,0.3094309979229431,0.12121951623204308,0.2588681683287289,0.20277232197922193,0.32738600265437723,0.10755530657877169,0.23529039171010796,0.5366828936777307,0.3012552076093899,0.13024403940769097,-0.233865580268878,-0.056582239549096885,-0.0034015348202127097,-0.027699173223979714,0.1969168883212599,-0.1580672546531755,-0.2207173090490095,-0.19246143190799042,-0.0008354162769998461,0.22346453740991476,0.010446711296034528
0.14729987925104238,0.3810606498266836,0.5231659408026353,0.2383023700502596,0.10822904691538997,0.4399324198994862,0.29980448503900436,0.3579664746763325,0.15291955418267744,0.26602828889942687,0.30304735659690474,0.3976545104406699,0.3380205247674069,0.33872831095230654,0.29076143806992183,0.3498556896722947,0.6238934329843434,0.35921018103903946,0.32719944870296463,0.38690880831708824,0.29431036993198895,0.006325666593562248,0.3501174005978667,0.40320669753039257,2.3962330351623415,0.5459727150419125,0.3717547395300815,0.14795709804888782,0.9145965951283191,0.34067072600272297,0.516005599974094,0.3529680394351629,-0.08414383990328878,0.9593999807027982,0.4682054504988633,0.550223226046481,0.44537022780162266,0.2200310985108367,0.13789477621694893,0.08963770046747856,0.3832499160749221,0.05558820330893587,0.44594441630126974,0.12993925181132765,0.7754242621786054,0.7961719600170086,0.5317379743112601,-0.1272846828984188,-1.7000073945643137,-0.556769793603719,0.5183261390854678,0.04288508151128631,0.11114203294911051,-0.061872803521737844,-0.23267897395703607,-0.15116069784005393,-0.10832419998640015,0.2943203891647197,0.02429361512396023
0.1149505145990316,0.18604184648903566,0.5114305546316618,0.2882222540346201,0.19446087026569062,0.4713274766683922,0.4843574039452835,0.3965020089724652,0.7260359319298346,0.14164591005680352,0.43962637069068455,0.483395655337322,0.38946660706063163,0.36759796447168974,0.2701542618432462,0.3510119325440209,0.3133511369876514,0.3002382681369767,0.3222052103191187,0.33775276216621836,0.24104769498596365,0.21354611198480042,0.055509773522844495,0.2568433290652452,0.5459727150419125,1.4668761620805248,0.3277846278446039,0.2917519536636453,0.5970133643792982,0.22547645336057406,0.3701398987595558,0.40864357448134686,0.14954690085168412,0.6595557559714162,0.43553874941728826,0.5024289643991323,0.8441473837274992,0.24394665741304758,-0.30371222666064157,0.08437481758832929,0.2242820251562473,0.2904154618236855,0.5970336160752978,0.014707934546133755,0.7505212485091812,0.4823553410357764,0.334404139554275,0.1632053794457287,-0.29621368885897853,-0.41099983625737124,0.22545225973630917,0.06768186244867744,0.09006320221482142,-0.10815432765352706,-0.08296752699617238,0.20690537609289977,-0.28036867224620404,0.1978942174622622,-0.253577568656608
0.08419953343360007,0.22091994865381404,0.27383116670552127,0.1869577653415838,0.16235192845218793,0.3513844289516204,0.2761912743926101,0.2843834967310521,0.2882112733470152,0.2061824981156979,0.26681765695081255,0.34587024985689,0.30296482388629464,0.2866531940412145,0.18039396199218732,0.3223010409330966,0.3636085110822402,0.12477167230198252,0.20323103005543985,0.3930861092546945,0.19159630242139622,0.2744656530779847,0.1269327239063304,0.2590956115063173,0.3717547395300815,0.3277846278446039,0.69231401723576,0.23966039788176963,0.3521019716563363,0.20669329858317098,0.3074811326027705,0.29880052618865016,0.10030997598692021,0.36498442180258867,0.4236750737886781,0.4598663284094094,0.3672812565317993,0.21857918228490023,0.24652086947774007,0.1939890194688889,0.15658134433940568,0.1995265882379887,0.42993922007515806,0.08194468349942767,0.21425346727736708,0.3955356207251294,0.2537016894403322,0.08638931844709287,0.10301717453109767,-0.10357656836433149,-0.08340519436628825,0.021961274309087776,0.12255870333591148,-0.030111339393763162,-0.0933607042391455,0.03976598193809249,-0.06810543175017782,0.16600393094182886,-0.18605275879242764
0.10965700482393181,0.2464685064411971,0.43313877593677663,0.058963679360283655,0.050027510932734096,0.24307735695674154,0.20565527077582216,0.17275983134278627,0.35483665605562625,0.1846736497590675,0.19146516591481036,0.19765391642608635,0.24102035388396734,0.24525190024510168,0.2883193086567893,0.27512830427073165,0.3586124305461952,0.290830170003398,0.29120837338121985,0.28517491083326596,0.3344505069609741,0.22128952426781098,0.009067335989370956,0.3215456370013325,0.14795709804888782,0.2917519536636453,0.23966039788176963,1.038494635717251,0.22640590016735027,0.06672017514698383,0.36781897399291236,0.26946354012775814,0.5050530827438422,0.17271625698272017,0.8980964420659161,0.8004927732261374,0.43679615055577103,0.19846673983966587,0.2109194547211575,0.20746166710788866,0.31467546737350444,0.23454018194010828,0.43937456369649625,0.12780934340259772,0.5942084047895013,0.3788927738296987,0.16945252762204494,0.18847245901489307,-0.40341158298948276,0.14552227492693084,0.1211324699275149,0.5040639849186822,-0.6595714097899875,-0.0804112654128188,0.04719941105170595,0.12149053763369974,-0.004411098958823145,-0.09400722743656184,-0.0734629638877496
0.18807561679763107,0.4698333234178091,0.675550855978246,0.23535331844624713,0.08890420975520791,0.5372077907809518,0.3582364592666316,0.43061092946208585,0.3872424168746411,0.3247438699430837,0.47359912960451167,0.4276368845833526,0.5068788797552635,0.38861434554665897,0.36054523667718347,0.45473193874646894,0.5643966861099876,0.4741042389723884,0.27131935645351934,0.46990347262381776,0.3561442378496991,0.6009589704834927,0.42804982195811153,0.24384993290631823,0.9145965951283191,0.5970133643792982,0.3521019716563363,0.22640590016735027,2.8793338189728703,0.514757404799991,0.2921449570368491,0.400981363260946,-0.36272404173269696,0.9569286639124213,0.7529070700275406,0.8580176328125733,0.9558672262534209,0.15848093039361974,0.3567462875381419,0.25318953092220203,0.473907747373537,0.13499403971500348,0.8032168120996257,0.033453253540161584,0.8582521883404833,0.8262072806678921,0.8082879084645416,-0.29828238623966213,-0.21005352858316462,-0.11915575423382868,0.3460030193627823,-0.051738276362604974,-0.10951779828880703,-0.04378352706105501,-0.204527175832682,-0.02293875645327375,-0.33675507787819553,0.2846569248241384,0.0799810825009392
-0.18987335716214218,-0.2776994230266872,-0.5961563618756812,0.13226322294440895,0.3108930299602552,-0.1988271876176638,0.3941488154494342,0.10550180098408336,-0.08280189500980449,0.3442297821087125,-0.02807251971757591,0.0422390466464283,0.15519365493277387,0.14120474588417126,0.18154770580733123,0.11964338659200772,0.04600651773253115,0.12491834082838564,-0.02864749055042171,0.42551877750395023,0.047008670215894416,0.19384335995367294,0.4401148523283073,0.5331547753249981,0.34067072600272297,0.22547645336057406,0.20669329858317098,0.06672017514698383,0.514757404799991,2.900442315819539,0.2930912610434902,0.16165369818742711,0.3228646298527549,0.35925065076101986,0.0378644537888786,0.657150564994642,0.8433994284686099,0.30758113442262414,0.48452058679866833,0.03054834330510327,0.018717299820658957,-0.026306255217286748,0.6235261046631063,0.1859728486257327,0.6582645459339808,0.4822879999677883,0.8368615852159821,0.11006093027947456,-0.18721668771181438,-0.11305445672455815,-0.07162648861496909,-0.37475716418216637,0.4101139027198724,-0.08653281578877436,-0.0969977229679884,0.0009030156634819167,-0.0019892923883750007,0.30852211776079713,-0.2621565815842508
0.14619202532640038,0.2852693781889773,0.4915674868305766,0.21716021294215937,0.21388113377203094,0.3959156238607032,0.3075954647549899,0.34202131395203933,0.38451015191530413,0.23504043829419863,0.29711452919420644,0.3480921955466307,0.3308648490066461,0.3500783380066929,0.2921915573702588,0.3490567133484433,0.4464593366568501,0.399867835371694,0.32132643437409925,0.4182934307412881,0.2635355108944336,0.3233638145592739,0.21180512365404852,0.45904407535601777,0.516005599974094,0.3701398987595558,0.3074811326027705,0.36781897399291236,0.2921449570368491,0.2930912610434902,1.0453936106396233,0.3568314177596518,0.3761952813887052,0.3429513091418111,0.3492448896970156,0.9573869444444618,0.5780583704817037,0.3120980667914272,0.3333515293770749,0.14316963720194914,0.21115284911093074,0.18505515567712538,0.3940072085242298,0.04754828697533315,0.4281305800373092,0.6275118183930555,0.33844661966782674,0.100506583841664,-0.5914313242482814,0.012979237004912903,0.11593184070870877,0.06946474971263683,0.018834265658125977,-0.19438048971101862,-0.09131003843177644,0.06194465244964583,-0.006213376154074809,0.051115036533200965,-0.1612256241126187
0.13300607975020778,0.23806949354628895,0.425243860146862,0.24780058643658323,0.19621963355058936,0.4330680223233211,0.34436318601675386,0.35173822599998983,0.4113215041080663,0.24673919509102724,0.3154769036795551,0.36971100491462944,0.3875214562179253,0.4385714443719751,0.2600257292305083,0.3761377618304501,0.35242794216546885,0.3079182379528021,0.2610409065830495,0.2969589245382975,0.3046365774704941,0.5184858581526881,0.19670173994074724,0.3625156104470549,0.3529680394351629,0.40864357448134686,0.29880052618865016,0.26946354012775814,0.400981363260946,0.16165369818742711,0.3568314177596518,0.6415863153430494,0.19046884674668552,0.37874442419287935,0.32073256835983865,0.6032284287100587,0.26750270497011486,0.19630448864124406,0.27003613192263587,0.11677226539692472,0.26624260926662713,0.1896235272626236,0.2643882620469807,0.08014664547542195,0.2580343460058411,0.514643585759857,0.3125737303245507,-0.12223901600639225,-0.19276018555596836,0.02242197742013895,0.03019670781221731,0.021160225199375694,-0.052742948449301434,-0.08023381029149543,-0.026486248237380158,0.00043790309390382977,0.21347627871963504,-0.06711800390882314,-0.17317011133194235
0.0647023807998399,0.1240720886232099,0.26799071567788124,0.22134032883550528,0.31731738273913046,0.22250399533151227,0.16344163009571794,0.1743472434860712,0.17257017878167996,0.18205666802702625,0.08518575418082212,0.13147414654451195,0.17412833904617472,0.23347422428627768,0.27523507068912983,0.10025605098719945,0.03430464155878252,0.3457329752280297,0.35075602174401954,0.14124310463178869,0.16684469905826718,0.5072743905121362,0.4052841782433154,0.6768947648646662,-0.08414383990328878,0.14954690085168412,0.10030997598692021,0.5050530827438422,-0.36272404173269696,0.3228646298527549,0.3761952813887052,0.19046884674668552,1.9088700050363867,-0.3321891395901828,-0.5646328443807341,0.7452467105466537,0.6342964588775276,0.19786166267359867,0.16456947110369038,-0.04902421348873186,0.17119115826081602,0.2628121101622775,0.2988153495251447,0.12656048453323412,0.20782337151072924,0.4251141841968748,0.12695635440587533,0.17366406440287446,-0.3037947482853803,0.0122751876077826,0.010552233837011973,-0.08910006981830726,0.21687848068469384,-0.2591558104215419,-0.19070598376861003,-0.2372798118388658,-0.1382919239186083,0.3341576270678493,0.08539453229381637
-0.08702076707095341,0.3529847097165793,0.5099457151349411,0.30574186448398544,0.22695759290364872,0.48087988132784665,0.7167659201025433,0.4869881132090413,0.7106889595811714,0.419141565543769,0.48158688355126467,0.5210258146445109,0.5117962675652259,0.4015129461455231,0.4051017177177933,0.4213117807577451,0.5146111595305504,0.520596409452476,0.2877851967403929,0.5733337189565696,0.3468614783766038,0.35140258807630925,0.38450771464164685,0.10264973769712755,0.9593999807027982,0.6595557559714162,0.36498442180258867,0.17271625698272017,0.9569286639124213,0.35925065076101986,0.3429513091418111,0.37874442419287935,-0.3321891395901828,2.2616102047554842,0.7189911125491919,0.4425914367478839,0.8169048951527473,0.27268933578809124,0.4217541698794891,0.1698479989090663,0.548783439837272,0.15436398733757326,0.8695070088798033,0.259033984131165,0.7933492100651286,0.5612324605902056,0.7153396302260687,-0.010496498951209675,-0.20552378067072305,-0.41567419243696235,0.305235022011352,0.03840040870911779,0.07706295369971387,-0.05827368542554175,-0.17930239312837923,0.21544408513860058,-0.3201014061519788,0.15690244717457474,-0.0642259807376487
