0.45817933018344487,0.13883450705128125,0.196422201715829,0.06517778765356182,0.10712289449353368,0.08634391952571255,0.08018865218803328,0.054116191269484214,0.0417454443974443,0.11152944635849142,0.05566380524459335,0.07794429923449347,0.03260165941237814,0.04988473044939972,0.1262645315999374,0.05103945733635799,0.05556543844845147,0.08600988515941067,0.07425339578856525,0.039976867550062335,0.06596903383079449,0.06682664688240803,0.03134775107900224,0.03973379074376401,0.19949087701153873,0.035860079451757544,0.07042565534901156,0.05423222113356604,0.058231030775252726,0.060509762701851176,0.08275464638993049,0.049106877324926114,0.06748345986284518,-0.040060670994059314,0.023402234810021415,0.07387169999260526,0.07431196437769999,0.09160964582316149,0.025415011047303385,0.002649732663837614,0.06216930926027104,0.048552452976427275,0.0541645947501063,0.06499042579250185,0.07706593044200273,0.043966528931623367,0.08118182458701159,-0.005016691869948406,-0.11121482507965873
0.13883450705128125,1.9318501383701214,0.6402532680126766,0.07528636151591206,0.01545453217295497,0.25421824131647913,0.2366389970443271,0.20703207884731586,0.23140386731179086,0.29482446961127734,0.1758286421869911,0.20480438004233287,0.09275683305531675,0.14879560552180723,0.3270370520157903,0.149289741255226,0.24184592243990788,0.34887554080714006,0.03430875782333618,0.33640036030775505,0.15293444360869365,0.18798348065672055,-0.13125143518566926,0.1545689175741948,0.18686727075895784,0.14367640994199435,0.3091254238100075,0.22692508499137837,0.2314272807168942,0.12463773998221692,0.1467662431790091,0.15546581163058162,0.12694386995904575,0.22082189503433322,0.1619593875807134,0.1477647656417335,0.5594229775462933,0.2378902376254749,-0.12716549264592053,0.042552254107801536,0.108029291702987,0.24000238605254937,0.30210220470164306,-0.03432766125586108,0.32472713787111174,0.22117757478570688,0.23775962914567084,-0.012088478101028297,0.019493036035000535
0.196422201715829,0.6402532680126766,1.6028643686906745,0.02563146362252908,-0.2517775314896842,0.2529110101344974,0.23417288597003455,0.24288101182553753,0.2752948525974419,0.31990546517674767,0.13790275778622324,0.1587910384690052,0.06982598794345839,0.10838914909431106,0.2767509951445768,0.05005220255901807,0.2754747957543036,0.20489242915820408,0.02338382292723275,0.22589046731605567,0.15959383844683941,0.20413924972860592,-0.008914319987749062,0.16367369040600277,0.29355131539014584,0.12410831094315002,0.23814168834952718,0.2219395887744954,0.1727241142085906,0.07262495380958083,0.16872088197055635,0.11218558215440037,0.11816811085373756,0.1532570056273611,0.14473788791682754,0.2306836180896028,0.3618805624493449,0.2503165264070954,-0.13292417748239527,-0.06985513842329212,0.15826306602556742,0.28914162646965424,0.2061313714392532,0.07286626726821804,0.3287161148507591,0.28169041403679546,0.18955101478799524,-0.02654674202723926,-0.312652742923949
0.06517778765356182,0.07528636151591206,0.02563146362252908,0.8039928604350739,0.4359264379266236,0.34289904465886106,0.24532237320660616,0.22278661491815308,0.15217719457849252,0.13348151415434262,0.1775192917385032,0.20761834790383482,0.09754056109604983,0.20947931304308645,0.1746966912494888,0.22097832551491664,0.17779246595656656,0.1464592616085665,0.22893262965291947,0.20260086941227498,0.16843818766282023,0.19149628826387535,0.07728265014750657,0.15337585918759078,0.10085629013362518,0.19489827422077385,0.09889803456554144,0.11683894033532832,0.18019317087187056,0.04565256550258496,0.1535920894219031,0.21004215599523995,0.04799343690831322,0.29618287995531134,-0.0437911007973495,0.108982156052623,0.18834954132190423,0.15239677940813529,0.2832063186624266,0.07465746208312346,0.14037051393016584,0.18089528132685803,0.12145603676480746,0.16114242534642742,0.19506065475746343,0.02309747284402604,0.16173579953443834,0.010657301220012844,0.21353431535539613
0.10712289449353368,0.01545453217295497,-0.2517775314896842,0.4359264379266236,0.9275436968463061,0.2840468100955633,0.18288841825018984,0.20436375765053244,0.13408137331633005,0.12150173162859357,0.17902566270758094,0.22034942289105286,0.1163400456422895,0.22812716609835562,0.2187287139522822,0.2562350349788917,0.1271472359391443,0.13871893646251363,0.33763952663462643,0.16639256044868667,0.15722594013558186,0.18661010539790066,0.10121575811724223,0.14207730245538597,0.051355591197591414,0.21769848004434728,0.050903587932535015,0.08075928063845354,0.18586372288428618,-0.0031774896029732325,0.15631733942836457,0.2272519248545304,0.05473975446036378,0.3714008627256039,-0.04991936738279369,0.0905604296727608,0.1865637465835124,0.1212460832761375,0.3635640034603516,0.10562651741208158,0.13686683888024245,0.15986268568363277,0.07895751943523896,0.1688124007684162,0.16078283347375338,-0.0014228629518040362,0.13831567409912818,0.019647780229096485,0.3219216060784717
0.08634391952571255,0.25421824131647913,0.2529110101344974,0.34289904465886106,0.2840468100955633,0.7789552838256303,0.2664870774448094,0.27270283291714104,0.16845412994748316,0.18496166539037795,0.24051322590586058,0.20162827018412274,0.11987602980995568,0.24439040025675757,0.2615843933425,0.23531459378110495,0.2990146628282014,0.20273113191986927,0.3665400908926928,0.3591081948891989,0.26627713022495836,0.254732970799876,0.031155249928472534,0.23949682135749206,0.27272506637342064,0.28827805073885193,0.1588636263879719,0.25896460154984136,0.289746333204091,0.07690906041408702,0.2237212025587789,0.24846622014571831,0.008457564385451527,0.3612485762740866,0.05303062147457132,0.1296643963067381,0.27956737092368533,0.24722222387324247,0.40749308410076723,0.11469080012550958,0.17932756447493314,0.27276399360740133,0.20513586744689397,0.2637134022716147,0.3950377162841667,0.015268736085396455,0.250971710321094,0.016517156816936055,0.22345597579526572
0.08018865218803328,0.2366389970443271,0.23417288597003455,0.24532237320660616,0.18288841825018984,0.2664870774448094,0.5700490770584741,0.19156668147353922,0.3382863901188988,0.18540340675552924,0.20208297355706573,0.2947858143916099,0.10995180218197967,0.2680066144671062,0.12520696319536506,0.2481826897735223,0.27722754830757207,0.20641882707521528,0.10457005600809617,0.22725387690207954,0.22449226099740452,0.29979496322588123,0.13531220825768084,0.19156394480115752,0.14684600383847304,0.18607974188012863,0.20139128953478885,0.1859104533040782,0.17533134974727976,0.18556814050939335,0.2070950801409427,0.2661621301839612,0.13893759835998476,0.2986330035830185,0.09596336226572719,0.22406889679145128,0.2640263495439885,0.2392866951693711,0.2087010825734528,0.08949062730801842,0.19965810092149908,0.27641157927436555,0.18879616668370366,0.2062704752607332,0.2564581220608352,0.08800199422314692,0.22203339271615385,-0.005990331126980685,0.1327196873346249
0.054116191269484214,0.20703207884731586,0.24288101182553753,0.22278661491815308,0.20436375765053244,0.27270283291714104,0.19156668147353922,1.085241178885557,0.12035984067819402,0.22637186853537536,0.24771707166793577,0.16098284938205468,0.11439294772309717,0.19634347980141809,0.1886876173299908,0.14778809144090135,0.2578638357317843,0.3434395979203691,0.18061244576868044,0.3442518419289125,0.20920461004500676,0.16085075609710822,0.15888771693443812,0.18921099178023243,0.10765114600149808,0.27114292654291783,0.2651472401288397,-0.009841752147713783,0.21691117326193152,0.23135536220732927,0.17410964890997846,0.1883951579420416,0.1383351042169143,0.3184383373815169,0.2901410664368275,0.09529241224661547,0.3954279878683331,0.2375260292091681,0.2733900036471622,0.18965463482412995,0.18032486218503704,0.22334975932937,0.3308895272519024,0.13677335438292088,0.2376712408466537,0.06549685038941735,0.4016676730250652,0.03748071375809999,0.3881207191841039
0.0417454443974443,0.23140386731179086,0.2752948525974419,0.15217719457849252,0.13408137331633005,0.16845412994748316,0.3382863901188988,0.12035984067819402,0.6763623624234467,0.159380259709545,0.1573954727986838,0.19685624210554656,0.1114689364436599,0.28294983556861586,0.004400019303231938,0.2167223188502112,0.2279719570750682,0.2060906707377197,0.01313337626380229,0.18309068397814413,0.16165555012126676,0.3927157482664868,0.11654363480728376,0.16629805722588517,-0.011770508518101373,0.15908989551302183,0.17949903349909133,0.1845292712860915,0.05395882534660835,0.1988830150557183,0.16294063578192347,0.2719745478761091,0.2286031632795129,0.12458922550046694,0.07729746789657722,0.1895923638017593,0.30137836116640965,0.25710912604696096,0.10039489740635625,0.0650353830185194,0.143324503741407,0.19096519948626287,0.17495536954450328,0.1904135332816769,0.16422136262280704,0.11331549124434215,0.21805072203342737,-0.02323811068814594,0.16374350132322688
0.11152944635849142,0.29482446961127734,0.31990546517674767,0.13348151415434262,0.12150173162859357,0.18496166539037795,0.18540340675552924,0.22637186853537536,0.159380259709545,0.9299696543998643,0.1603348951125787,0.2933599334372627,0.1100339510543134,0.21682596271237856,0.33585356803067573,0.15776258646740965,0.27415114235530624,0.2680419302095356,0.09827436483101423,0.2189132818438675,0.14139304902717822,0.16622758484878256,0.12232152381601208,0.18525089915664333,0.2713662982772014,0.15147223265217438,0.3254013048041058,0.16805339231303076,0.2624139065023894,0.20856955934910532,0.22952741112564,0.21283906341879252,0.07745945088411518,0.47133117566804233,0.23143060474565402,0.29525406012185207,0.32953639064888507,0.21087735338179073,0.06760338758383672,0.09405695484551692,0.24660906748995032,0.21365392419017826,0.2931004332480435,0.09806044339208386,0.14210890253627914,0.22538152403236617,0.33099758671180446,0.0017505909551823729,0.036908046081740524
0.05566380524459335,0.1758286421869911,0.13790275778622324,0.1775192917385032,0.17902566270758094,0.24051322590586058,0.20208297355706573,0.24771707166793577,0.1573954727986838,0.1603348951125787,0.48457452770174264,0.257360816519905,0.18514250939356877,0.16895026643751876,0.24306183742027698,0.2208135521053285,0.27868515303705416,0.21942643099323453,0.15419575085734719,0.24292321262559144,0.17304902042885,0.199794608003572,0.0756054156461929,0.19416357122713587,0.1669235264392134,0.20871611026135925,0.18060839682124658,0.1788821531850162,0.19007935768447526,0.1174497569939472,0.18096034549260528,0.17586017851695665,0.14449052785048278,0.23379253965813485,0.19991055296303425,0.17490153773490472,0.21218941555845372,0.1682402913467424,0.2004167980129103,0.13123425438198136,0.1513977436946655,0.20072145030136718,0.16374863810104134,0.14359683977511645,0.1239416037359553,0.07694349928877282,0.21661947395108722,0.008358246021455875,0.24174665027098047
0.07794429923449347,0.20480438004233287,0.1587910384690052,0.20761834790383482,0.22034942289105286,0.20162827018412274,0.2947858143916099,0.16098284938205468,0.19685624210554656,0.2933599334372627,0.257360816519905,0.6372038600329921,0.11664017360141012,0.3130669449026738,0.24807077566012764,0.30276898366237387,0.2737055835015508,0.20883983093728392,0.1526387186864301,0.21054293687097944,0.18808412852969839,0.23587908270296015,0.13168751012312085,0.17491287818689974,0.1734745988575487,0.20125018900650532,0.2617999529462994,0.12697205278060603,0.20237726186655147,0.11778166625417102,0.2338346579983383,0.3051615243829851,0.16304840454059305,0.3084865207061719,0.19670326198817362,0.26750381364657494,0.19034155548114653,0.193184475058581,0.18701941267858896,0.14873323420530182,0.1436156665276031,0.22930616895431713,0.1851577811511034,0.11459723300205146,0.16826474939662886,0.10417495341111942,0.22208400053144095,-0.005019025170618703,0.1268877014468772
0.03260165941237814,0.09275683305531675,0.06982598794345839,0.09754056109604983,0.1163400456422895,0.11987602980995568,0.10995180218197967,0.11439294772309717,0.1114689364436599,0.1100339510543134,0.18514250939356877,0.11664017360141012,0.33815299626196726,0.12065873806466111,0.009120498966996167,0.16627176877872324,0.11197986320043558,0.1576648115451868,0.07598777749324218,0.11135665967502194,0.09189548490949398,0.13916346521157175,0.08469422759549267,0.10807313768201926,0.08655009557687593,0.10131784374749372,0.06050335365359314,0.08202684859566979,0.14046193461065296,0.09594679400403625,0.08672253143966152,0.12542963938225676,0.08293380461582531,0.14705706362610382,0.13882255561090007,0.08936789525947367,0.0923684702483962,0.08508613410920329,0.13108847670512871,0.06343222997867802,0.10948474277517656,0.07064127100725492,0.07689441154227683,0.13581655796551634,-0.0494830370408387,0.07762242264256423,0.1470103304297275,0.001831344357567564,0.1862663807128301
0.04988473044939972,0.14879560552180723,0.10838914909431106,0.20947931304308645,0.22812716609835562,0.24439040025675757,0.2680066144671062,0.19634347980141809,0.28294983556861586,0.21682596271237856,0.16895026643751876,0.3130669449026738,0.12065873806466111,0.7877104563122003,0.16562340764894368,0.5672332650617705,0.30412856907491975,0.0968267043333115,0.2150166209377489,0.29682134017118994,0.2169483361908195,0.4500817506192049,0.07610611552861359,0.1966599859802528,0.1342447176148043,0.313537802646747,0.2966831884361012,0.377450897230709,0.2115363281958335,0.31847346819428407,0.2797420879829998,0.6840369749935604,0.22494977378027037,0.3324166737433155,0.1996476205403094,0.34020531178148133,0.23073596602596308,0.3569342332924321,0.26731583749461235,0.13985942019631917,0.3216609900939464,0.2069618561801735,0.24415297493999197,0.2901584618436593,0.2472860871582233,0.09339649227477471,0.3011038758140397,-0.01647961196696081,0.2643058366465445
0.1262645315999374,0.3270370520157903,0.2767509951445768,0.1746966912494888,0.2187287139522822,0.2615843933425,0.12520696319536506,0.1886876173299908,0.004400019303231938,0.33585356803067573,0.24306183742027698,0.24807077566012764,0.009120498966996167,0.16562340764894368,1.1850530569816888,0.10950051132785166,0.2747900876554112,0.1293773782269715,0.22620137409448882,0.24022711091992088,0.18203103775412366,0.11290919826705757,0.021661925616258463,0.2065289301535068,0.25060246824384225,0.24810864472567065,0.2861925129386068,0.28597665421749546,0.2141916087079478,0.21073092044590047,0.21636708012693479,0.1650454451508925,0.14604773510953475,0.315036216898536,0.19497222631573335,0.25695873720750123,0.2638116207213559,0.1482851451482292,0.14382994910680214,0.11357136081510323,0.18772435528243625,0.2781759610507862,0.23291870263180153,0.09347785276232869,0.308724839846132,0.07337189006818916,0.220248758594857,0.02078565092591883,0.15107422840474316
0.05103945733635799,0.149289741255226,0.05005220255901807,0.22097832551491664,0.2562350349788917,0.23531459378110495,0.2481826897735223,0.14778809144090135,0.2167223188502112,0.15776258646740965,0.2208135521053285,0.30276898366237387,0.16627176877872324,0.5672332650617705,0.10950051132785166,1.062719928897406,0.24939132093337332,0.210614388832398,0.24217673730581696,0.2923227066734659,0.17090318024260662,0.5235334614768119,0.035283876422500283,0.2138841674361842,-0.015811769231007158,0.2374003820221518,0.17252068423911218,0.3212366942476513,0.2240819901638352,0.2687827078981613,0.2021644562919083,0.5251822092874727,0.16945315535233013,0.2979172083980453,0.3389237140629907,0.21267384648774867,0.25178960577084625,0.2804709709006579,0.3161415076885613,0.17238438981122256,0.26116170709301156,0.16385314748482444,0.1834997787855098,0.30386110696982044,0.16774494275468074,0.03946482550945938,0.27394496228835324,-0.022780745362271405,0.48110519656444917
0.05556543844845147,0.24184592243990788,0.2754747957543036,0.17779246595656656,0.1271472359391443,0.2990146628282014,0.27722754830757207,0.2578638357317843,0.2279719570750682,0.27415114235530624,0.27868515303705416,0.2737055835015508,0.11197986320043558,0.30412856907491975,0.2747900876554112,0.24939132093337332,0.8019164486337004,0.09670547170750693,0.19476019383594384,0.36077081026142016,0.2558140635002086,0.31393878066422165,0.027814367739239693,0.21718469323542366,0.5022209289637654,0.1762008623402543,0.389315328086072,0.5150740706926126,0.16273556131432432,0.31397812934712444,0.33294961584809285,0.28564518254196775,0.25913778536619114,0.30054409357332285,0.2334274224161888,0.37446053374757177,0.42712019225083453,0.385492354156441,0.1390092509494676,0.10531908569977765,0.33344419857583224,0.4983475450092244,0.3304362015500886,0.2675453413661646,0.4532085496194082,0.13804002402359325,0.36977928073274335,-0.006824711371880009,-0.2230988302052427
0.08600988515941067,0.34887554080714006,0.20489242915820408,0.1464592616085665,0.13871893646251363,0.20273113191986927,0.20641882707521528,0.3434395979203691,0.2060906707377197,0.2680419302095356,0.21942643099323453,0.20883983093728392,0.1576648115451868,0.0968267043333115,0.1293773782269715,0.210614388832398,0.09670547170750693,0.9904289866316325,0.05605011447531673,0.15298885760724987,0.1964393868462828,0.12639167978785487,0.2738836236771898,0.24488473848587028,0.1532205769267707,0.12484342244072179,0.03443161104325988,-0.055847440915112755,0.28855158772253414,0.08602730133558363,0.15587470081489058,0.102067144271692,0.04581466647249211,0.2824417028666798,0.17978225124393732,0.09735095767541813,0.36979396988813484,0.1534915355266346,0.23429118824802267,0.11591705656897017,0.1909257157384845,0.17321166690513798,0.18696047434357488,0.1390721297290114,0.10331277183727396,0.11900138499525657,0.4746671615502748,0.011822862009980936,0.11213038630075514
0.07425339578856525,0.03430875782333618,0.02338382292723275,0.22893262965291947,0.33763952663462643,0.3665400908926928,0.10457005600809617,0.18061244576868044,0.01313337626380229,0.09827436483101423,0.15419575085734719,0.1526387186864301,0.07598777749324218,0.2150166209377489,0.22620137409448882,0.24217673730581696,0.19476019383594384,0.05605011447531673,0.832380855364464,0.12829569425844606,0.20822231028949859,0.19325914885935874,-0.06275336591681523,0.1266280753394344,0.17417364545288982,0.1751562170679822,0.13662890469285485,0.27373204276557506,0.11991748953403907,0.13336141555948658,0.1855177783336455,0.1992203213281713,0.14096355716903938,0.20596099999949596,0.06330377895193243,0.10081233033047733,0.21264447025702907,0.1797605961037669,0.4432516490246333,0.09522269974283762,0.2041231032063934,0.19544091669120625,0.1042988148795748,0.24641178157972513,0.32453150497586614,-0.06009301427304321,0.12581567209468894,0.03880251820499188,0.2723360287280513
0.039976867550062335,0.33640036030775505,0.22589046731605567,0.20260086941227498,0.16639256044868667,0.3591081948891989,0.22725387690207954,0.3442518419289125,0.18309068397814413,0.2189132818438675,0.24292321262559144,0.21054293687097944,0.11135665967502194,0.29682134017118994,0.24022711091992088,0.2923227066734659,0.36077081026142016,0.15298885760724987,0.12829569425844606,1.1987898023020098,0.08825574863372901,0.17687457681330368,-0.07311108201598732,0.2840793432554947,0.3057658891650256,0.3575859539398329,0.17700639690645018,0.19313575422258783,0.3567200664121081,0.20166257035098906,0.19616719067974953,0.2794792007482422,0.05068069155518498,0.3757335218331679,0.214595760599479,0.12937578034387168,0.5990098119162446,0.22661503459945787,0.38556538197168005,0.2484800375297045,0.14955333620797556,0.329028769617431,0.23011094922135478,0.0018721411374555855,0.41691966299526456,0.2009616377031106,0.18322616220532645,0.034035260760470434,0.3826177239803055
0.06596903383079449,0.15293444360869365,0.15959383844683941,0.16843818766282023,0.15722594013558186,0.26627713022495836,0.22449226099740452,0.20920461004500676,0.16165555012126676,0.14139304902717822,0.17304902042885,0.18808412852969839,0.09189548490949398,0.2169483361908195,0.18203103775412366,0.17090318024260662,0.2558140635002086,0.1964393868462828,0.20822231028949859,0.08825574863372901,0.747581924848886,0.15886480879267986,0.2868822869204681,0.10646164853884126,0.04285180145596989,0.1435590055498186,0.15784592683935977,0.2795933946345984,0.15440341431149884,0.36558749552802294,0.31874261865754333,0.21566733746006092,0.1864970848250309,0.24964343291258873,0.29477465999837027,0.3053665699819361,0.26259689375729234,0.3063674907115702,0.6508269584904142,0.2270365278981326,0.46692410763917547,0.4273840830849148,0.23810668981297023,0.47698877829641,0.7150696106511013,-0.03588042306665435,0.40412718860312474,0.0351954595632545,-0.07774478939853972
0.06682664688240803,0.18798348065672055,0.20413924972860592,0.19149628826387535,0.18661010539790066,0.254732970799876,0.29979496322588123,0.16085075609710822,0.3927157482664868,0.16622758484878256,0.199794608003572,0.23587908270296015,0.13916346521157175,0.4500817506192049,0.11290919826705757,0.5235334614768119,0.31393878066422165,0.12639167978785487,0.19325914885935874,0.17687457681330368,0.15886480879267986,1.1315748159397923,0.06391978168851203,0.17937719720716694,-0.06162466328122214,0.22413469961894258,0.33736857589363306,0.3505059294333314,0.031992827739591945,0.23872503148949106,0.20408107197792338,0.4362955518839645,0.30929431887799874,0.19559117187761071,0.2226614052384573,0.26033870736121295,0.2963936332466218,0.3820431500100345,0.16600991254628727,0.1049969797379058,0.20024696365822287,0.2513259384868099,0.25606320069192334,0.33801440154077117,0.15634743995870945,0.11066788546527821,0.22941451004598654,-0.10222227594109706,0.4433044478559442
0.03134775107900224,-0.13125143518566926,-0.008914319987749062,0.07728265014750657,0.10121575811724223,0.031155249928472534,0.13531220825768084,0.15888771693443812,0.11654363480728376,0.12232152381601208,0.0756054156461929,0.13168751012312085,0.08469422759549267,0.07610611552861359,0.021661925616258463,0.035283876422500283,0.027814367739239693,0.2738836236771898,-0.06275336591681523,-0.07311108201598732,0.2868822869204681,0.06391978168851203,1.6014250815949007,0.10386650225761154,0.11546368428944537,-0.10790465971249552,0.09239837977464413,-0.43468625055916527,0.3262031051275818,0.39612935457169185,0.3505910263996517,0.05845188320330801,0.12153771369837052,0.2979213514613651,0.19691883889023779,0.5179214495496657,-0.0006377934341353075,0.03761086448832963,1.1348944242774153,0.2589965234359949,0.44333561216171136,0.026608382924213664,0.06313023849916391,0.7824762288835969,-0.156144842284952,0.1112878532848524,0.45050366488175675,0.06315237937827907,0.2338950468737412
0.03973379074376401,0.1545689175741948,0.16367369040600277,0.15337585918759078,0.14207730245538597,0.23949682135749206,0.19156394480115752,0.18921099178023243,0.16629805722588517,0.18525089915664333,0.19416357122713587,0.17491287818689974,0.10807313768201926,0.1966599859802528,0.2065289301535068,0.2138841674361842,0.21718469323542366,0.24488473848587028,0.1266280753394344,0.2840793432554947,0.10646164853884126,0.17937719720716694,0.10386650225761154,0.7430779327724402,0.4350427974643952,0.16013046183598506,0.11913626372769662,0.1520175392451348,0.19958805400807594,0.23926922669085932,0.17664406600934018,0.18802903113346991,0.1457569589601394,0.22927645036783495,0.2559197486747342,0.19328412589866772,0.23712372386911323,0.18817139946148748,0.07204738120952023,0.1097033760287327,0.14340691878758977,0.16666824150832008,0.1567967446343358,0.11959144150206628,0.08100569767185517,0.07035983908152713,0.24896486967569206,0.005185191170193229,0.37772886919270926
0.19949087701153873,0.18686727075895784,0.29355131539014584,0.10085629013362518,0.051355591197591414,0.27272506637342064,0.14684600383847304,0.10765114600149808,-0.011770508518101373,0.2713662982772014,0.1669235264392134,0.1734745988575487,0.08655009557687593,0.1342447176148043,0.25060246824384225,-0.015811769231007158,0.5022209289637654,0.1532205769267707,0.17417364545288982,0.3057658891650256,0.04285180145596989,-0.06162466328122214,0.11546368428944537,0.4350427974643952,3.613569529332501,0.46192597300118765,0.5587150478252085,0.40100713437924074,0.4936757768460983,0.2628167677387811,0.5272809679777444,0.11821657771422435,0.1124730075912379,0.3274681924362396,0.2669068032369183,0.585516471643689,-0.06257955781637028,0.4393574896682027,-0.5308982532347473,-0.11104338339127738,0.36492413423942366,0.43978192487302326,0.3796260074307342,0.16417973512072634,0.3666068751635447,0.381547607886285,0.3418107014121647,-0.08039318090411725,-2.1567576592314097
0.035860079451757544,0.14367640994199435,0.12410831094315002,0.19489827422077385,0.21769848004434728,0.28827805073885193,0.18607974188012863,0.27114292654291783,0.15908989551302183,0.15147223265217438,0.20871611026135925,0.20125018900650532,0.10131784374749372,0.313537802646747,0.24810864472567065,0.2374003820221518,0.1762008623402543,0.12484342244072179,0.1751562170679822,0.3575859539398329,0.1435590055498186,0.22413469961894258,-0.10790465971249552,0.16013046183598506,0.46192597300118765,1.4961787747412603,0.1413801069686297,0.29964485455389467,0.23119375299487718,-0.38000731960053763,0.2248487161212903,0.32428769224394727,0.12226196734860238,0.31480285570460015,0.27320298039972635,0.24914831498125628,-0.2942473899890596,0.03223722195043586,0.30239651567527653,0.3099277960471916,0.0875215472206276,0.2773792051535246,0.020497478606098456,-0.05493857672941254,0.3621812694505299,-0.13805902108564494,-0.12810730019491032,0.007328671743680043,0.8130609188487282
0.07042565534901156,0.3091254238100075,0.23814168834952718,0.09889803456554144,0.050903587932535015,0.1588636263879719,0.20139128953478885,0.2651472401288397,0.17949903349909133,0.3254013048041058,0.18060839682124658,0.2617999529462994,0.06050335365359314,0.2966831884361012,0.2861925129386068,0.17252068423911218,0.389315328086072,0.03443161104325988,0.13662890469285485,0.17700639690645018,0.15784592683935977,0.33736857589363306,0.09239837977464413,0.11913626372769662,0.5587150478252085,0.1413801069686297,2.1076294745101625,0.5617134214391745,0.0023279416696617428,0.3015487428127603,0.5721008648267724,0.29595737005487244,0.46581212256895693,0.33288668204048677,0.527527429996789,0.9463120292034064,0.3704577837738703,0.4089872876747208,-0.11282057136729737,0.3814075578648651,0.2446900852614642,0.18110258428739548,1.2078139648534505,-0.1282142109986533,0.09150039809412501,0.33641316318143977,0.14214128728741526,-0.015709636918639306,0.5288295837698035
0.05423222113356604,0.22692508499137837,0.2219395887744954,0.11683894033532832,0.08075928063845354,0.25896460154984136,0.1859104533040782,-0.009841752147713783,0.1845292712860915,0.16805339231303076,0.1788821531850162,0.12697205278060603,0.08202684859566979,0.377450897230709,0.28597665421749546,0.3212366942476513,0.5150740706926126,-0.055847440915112755,0.27373204276557506,0.19313575422258783,0.2795933946345984,0.3505059294333314,-0.43468625055916527,0.1520175392451348,0.40100713437924074,0.29964485455389467,0.5617134214391745,1.8937025555641702,-0.2512124869251282,0.4603756955121424,0.41423601660086923,0.37607273049987083,0.40024252365087576,0.14061066139379966,0.251030913179384,0.722861704392292,0.12631243976188591,0.43431961173026623,0.0604513207934176,0.004298135388426223,0.5724185890345674,0.16626038232688367,0.42930528752718433,0.6563617884804145,0.5764795209387314,-0.06826009060014668,0.12248177331653586,-0.006724785760577085,-0.15953658870156578
0.058231030775252726,0.2314272807168942,0.1727241142085906,0.18019317087187056,0.18586372288428618,0.289746333204091,0.17533134974727976,0.21691117326193152,0.05395882534660835,0.2624139065023894,0.19007935768447526,0.20237726186655147,0.14046193461065296,0.2115363281958335,0.2141916087079478,0.2240819901638352,0.16273556131432432,0.28855158772253414,0.11991748953403907,0.3567200664121081,0.15440341431149884,0.031992827739591945,0.3262031051275818,0.19958805400807594,0.4936757768460983,0.23119375299487718,0.0023279416696617428,-0.2512124869251282,1.971937985634091,0.0947867196737838,0.05921736771582643,0.21829807951591887,-0.3196164497942426,0.7319490702385707,0.22970206844704918,0.39896737917608804,-0.3326789053559266,-0.26872851294393063,0.44452131140386486,0.25173172582760867,0.3406819315126444,0.03866211430857887,-0.027451458271419555,-0.3043228473953292,-0.1463960251843258,0.44357535537508064,0.25029227008258514,-0.033849039444731485,0.6249431577940618
0.060509762701851176,0.12463773998221692,0.07262495380958083,0.04565256550258496,-0.0031774896029732325,0.07690906041408702,0.18556814050939335,0.23135536220732927,0.1988830150557183,0.20856955934910532,0.1174497569939472,0.11778166625417102,0.09594679400403625,0.31847346819428407,0.21073092044590047,0.2687827078981613,0.31397812934712444,0.08602730133558363,0.13336141555948658,0.20166257035098906,0.36558749552802294,0.23872503148949106,0.39612935457169185,0.23926922669085932,0.2628167677387811,-0.38000731960053763,0.3015487428127603,0.4603756955121424,0.0947867196737838,3.011672947640256,0.2774341561327332,0.3111070229440851,0.3749516114143783,0.12289819708146438,0.7005835711747487,0.2684768444519775,0.8389850394071336,0.8935702575891169,0.036212595627128905,-0.058684185507299216,0.9610554324520013,0.3908267727303414,0.9245836065467817,0.9677727888640562,0.4874697233333608,0.11185029298509304,1.3592503371625664,0.10439713475539529,-0.07595859249142364
0.08275464638993049,0.1467662431790091,0.16872088197055635,0.1535920894219031,0.15631733942836457,0.2237212025587789,0.2070950801409427,0.17410964890997846,0.16294063578192347,0.22952741112564,0.18096034549260528,0.2338346579983383,0.08672253143966152,0.2797420879829998,0.21636708012693479,0.2021644562919083,0.33294961584809285,0.15587470081489058,0.1855177783336455,0.19616719067974953,0.31874261865754333,0.20408107197792338,0.3505910263996517,0.17664406600934018,0.5272809679777444,0.2248487161212903,0.5721008648267724,0.41423601660086923,0.05921736771582643,0.2774341561327332,0.9809051071920084,0.2698657128435979,0.201607223636903,0.3068609234514807,0.24869101274398545,0.8365461872298863,0.2422147391791303,0.4145025190620786,0.5852370058775024,0.23932360033223554,0.48243358701349065,0.28877835501459354,0.29681275044687855,0.36374866504918185,0.3737986356189102,0.19023745591917482,0.3230122064579862,-0.007238434256671833,-0.34275054468572513
0.049106877324926114,0.15546581163058162,0.11218558215440037,0.21004215599523995,0.2272519248545304,0.24846622014571831,0.2661621301839612,0.1883951579420416,0.2719745478761091,0.21283906341879252,0.17586017851695665,0.3051615243829851,0.12542963938225676,0.6840369749935604,0.1650454451508925,0.5251822092874727,0.28564518254196775,0.102067144271692,0.1992203213281713,0.2794792007482422,0.21566733746006092,0.4362955518839645,0.05845188320330801,0.18802903113346991,0.11821657771422435,0.32428769224394727,0.29595737005487244,0.37607273049987083,0.21829807951591887,0.3111070229440851,0.2698657128435979,0.7664701197603697,0.22848557683002432,0.3448067328520458,0.16791982377813772,0.3433632563120658,0.19256714564806854,0.36399276064054764,0.23626733263795374,0.129660797466479,0.30132865429128597,0.19735674829674396,0.23730583678584705,0.2689671769424488,0.2314552119235791,0.09396753124245216,0.29640524973579524,-0.019036573926282538,0.23949460748788617
0.06748345986284518,0.12694386995904575,0.11816811085373756,0.04799343690831322,0.05473975446036378,0.008457564385451527,0.13893759835998476,0.1383351042169143,0.2286031632795129,0.07745945088411518,0.14449052785048278,0.16304840454059305,0.08293380461582531,0.22494977378027037,0.14604773510953475,0.16945315535233013,0.25913778536619114,0.04581466647249211,0.14096355716903938,0.05068069155518498,0.1864970848250309,0.30929431887799874,0.12153771369837052,0.1457569589601394,0.1124730075912379,0.12226196734860238,0.46581212256895693,0.40024252365087576,-0.3196164497942426,0.3749516114143783,0.201607223636903,0.22848557683002432,1.7183300662705698,-0.2130288232807728,0.305441761366353,0.11600397504292077,0.8220227173558385,0.4652449956551921,-0.2753572265457626,0.17562010708142417,-0.2089707295123756,0.2096973142222017,0.4113791187985948,0.3707699764499976,0.3423314397760854,-0.1014809643969511,0.3573627921446295,0.00591265806158513,0.2240865214231001
-0.040060670994059314,0.22082189503433322,0.1532570056273611,0.29618287995531134,0.3714008627256039,0.3612485762740866,0.2986330035830185,0.3184383373815169,0.12458922550046694,0.47133117566804233,0.23379253965813485,0.3084865207061719,0.14705706362610382,0.3324166737433155,0.315036216898536,0.2979172083980453,0.30054409357332285,0.2824417028666798,0.20596099999949596,0.3757335218331679,0.24964343291258873,0.19559117187761071,0.2979213514613651,0.22927645036783495,0.3274681924362396,0.31480285570460015,0.33288668204048677,0.14061066139379966,0.7319490702385707,0.12289819708146438,0.3068609234514807,0.3448067328520458,-0.2130288232807728,1.7026392636588608,0.3681357562758649,0.36403163224473284,0.4071004851114246,0.17193316261500236,0.3527888918483634,0.1606699265999005,0.42917437541094,0.33738555044068874,0.3248004251704422,0.22304270635562196,0.27635983722125623,0.33798229550288256,0.3654927499937106,0.015745399109654865,0.37788349008553046
0.023402234810021415,0.1619593875807134,0.14473788791682754,-0.0437911007973495,-0.04991936738279369,0.05303062147457132,0.09596336226572719,0.2901410664368275,0.07729746789657722,0.23143060474565402,0.19991055296303425,0.19670326198817362,0.13882255561090007,0.1996476205403094,0.19497222631573335,0.3389237140629907,0.2334274224161888,0.17978225124393732,0.06330377895193243,0.214595760599479,0.29477465999837027,0.2226614052384573,0.19691883889023779,0.2559197486747342,0.2669068032369183,0.27320298039972635,0.527527429996789,0.251030913179384,0.22970206844704918,0.7005835711747487,0.24869101274398545,0.16791982377813772,0.305441761366353,0.3681357562758649,3.0269216719796335,0.2839064416951296,0.20510357129170154,0.17628686016222142,0.1491571274692181,0.8530214906662325,0.050919117779202716,0.18113457973154404,0.5299911315022663,0.31625406927996225,0.4418528747489029,-0.06849562109258225,0.40833094489393373,0.02942306939433465,0.7840537286097319
0.07387169999260526,0.1477647656417335,0.2306836180896028,0.108982156052623,0.0905604296727608,0.1296643963067381,0.22406889679145128,0.09529241224661547,0.1895923638017593,0.29525406012185207,0.17490153773490472,0.26750381364657494,0.08936789525947367,0.34020531178148133,0.25695873720750123,0.21267384648774867,0.37446053374757177,0.09735095767541813,0.10081233033047733,0.12937578034387168,0.3053665699819361,0.26033870736121295,0.5179214495496657,0.19328412589866772,0.585516471643689,0.24914831498125628,0.9463120292034064,0.722861704392292,0.39896737917608804,0.2684768444519775,0.8365461872298863,0.3433632563120658,0.11600397504292077,0.36403163224473284,0.2839064416951296,2.68451311399557,-0.5114418951352503,0.006937814969383776,0.3763141395186069,0.5541523402543643,0.543389168754294,0.17247716563118556,0.04113144597081742,-0.3993929060141933,-0.12853878536863714,0.8170447537389955,0.05833992843208076,-0.19449947187315336,-1.28549701080356
0.07431196437769999,0.5594229775462933,0.3618805624493449,0.18834954132190423,0.1865637465835124,0.27956737092368533,0.2640263495439885,0.3954279878683331,0.30137836116640965,0.32953639064888507,0.21218941555845372,0.19034155548114653,0.0923684702483962,0.23073596602596308,0.2638116207213559,0.25178960577084625,0.42712019225083453,0.36979396988813484,0.21264447025702907,0.5990098119162446,0.26259689375729234,0.2963936332466218,-0.0006377934341353075,0.23712372386911323,-0.06257955781637028,-0.2942473899890596,0.3704577837738703,0.12631243976188591,-0.3326789053559266,0.8389850394071336,0.2422147391791303,0.19256714564806854,0.8220227173558385,0.4071004851114246,0.20510357129170154,-0.5114418951352503,4.491100299794116,1.1978278219676195,-0.861705726322657,-0.16753805996201065,0.016403191075721364,0.5422694871872413,1.1257811186907805,0.41235371110675845,1.6966012504045556,0.6611365210953132,0.8539029981547792,0.09912295683779039,0.05590525624489047
0.09160964582316149,0.2378902376254749,0.2503165264070954,0.15239677940813529,0.1212460832761375,0.24722222387324247,0.2392866951693711,0.2375260292091681,0.25710912604696096,0.21087735338179073,0.1682402913467424,0.193184475058581,0.08508613410920329,0.3569342332924321,0.1482851451482292,0.2804709709006579,0.385492354156441,0.1534915355266346,0.1797605961037669,0.22661503459945787,0.3063674907115702,0.3820431500100345,0.03761086448832963,0.18817139946148748,0.4393574896682027,0.03223722195043586,0.4089872876747208,0.43431961173026623,-0.26872851294393063,0.8935702575891169,0.4145025190620786,0.36399276064054764,0.4652449956551921,0.17193316261500236,0.17628686016222142,0.006937814969383776,1.1978278219676195,2.069010927395382,-0.7156714547864226,-0.09534018699420675,0.41472899723124296,0.6421623058866032,1.1559702929234745,0.7394750908352691,0.82400682999759,0.28839534023636043,0.7523255836711777,0.08305579416536296,-0.742907845447384
0.025415011047303385,-0.12716549264592053,-0.13292417748239527,0.2832063186624266,0.3635640034603516,0.40749308410076723,0.2087010825734528,0.2733900036471622,0.10039489740635625,0.06760338758383672,0.2004167980129103,0.18701941267858896,0.13108847670512871,0.26731583749461235,0.14382994910680214,0.3161415076885613,0.1390092509494676,0.23429118824802267,0.4432516490246333,0.38556538197168005,0.6508269584904142,0.16600991254628727,1.1348944242774153,0.07204738120952023,-0.5308982532347473,0.30239651567527653,-0.11282057136729737,0.0604513207934176,0.44452131140386486,0.036212595627128905,0.5852370058775024,0.23626733263795374,-0.2753572265457626,0.3527888918483634,0.1491571274692181,0.3763141395186069,-0.861705726322657,-0.7156714547864226,5.77439560580739,1.0830877138595099,0.7877373782681271,-0.1443491179824849,-0.6011402105428951,1.4614925445661882,0.5101284036532062,-0.7515670118942752,0.15581296412449783,0.10882261042540105,2.3604955619619212
0.002649732663837614,0.042552254107801536,-0.06985513842329212,0.07465746208312346,0.10562651741208158,0.11469080012550958,0.08949062730801842,0.18965463482412995,0.0650353830185194,0.09405695484551692,0.13123425438198136,0.14873323420530182,0.06343222997867802,0.13985942019631917,0.11357136081510323,0.17238438981122256,0.10531908569977765,0.11591705656897017,0.09522269974283762,0.2484800375297045,0.2270365278981326,0.1049969797379058,0.2589965234359949,0.1097033760287327,-0.11104338339127738,0.3099277960471916,0.3814075578648651,0.004298135388426223,0.25173172582760867,-0.058684185507299216,0.23932360033223554,0.129660797466479,0.17562010708142417,0.1606699265999005,0.8530214906662325,0.5541523402543643,-0.16753805996201065,-0.09534018699420675,1.0830877138595099,1.5924213089205337,-0.2401410461628879,0.015785618855546274,0.20917786664783825,-0.25559839160966635,0.2804320088605958,0.16675629502624223,0.028357285049573872,-0.041808947808025076,0.4194149563036278
0.06216930926027104,0.108029291702987,0.15826306602556742,0.14037051393016584,0.13686683888024245,0.17932756447493314,0.19965810092149908,0.18032486218503704,0.143324503741407,0.24660906748995032,0.1513977436946655,0.1436156665276031,0.10948474277517656,0.3216609900939464,0.18772435528243625,0.26116170709301156,0.33344419857583224,0.1909257157384845,0.2041231032063934,0.14955333620797556,0.46692410763917547,0.20024696365822287,0.44333561216171136,0.14340691878758977,0.36492413423942366,0.0875215472206276,0.2446900852614642,0.5724185890345674,0.3406819315126444,0.9610554324520013,0.48243358701349065,0.30132865429128597,-0.2089707295123756,0.42917437541094,0.050919117779202716,0.543389168754294,0.016403191075721364,0.41472899723124296,0.7877373782681271,-0.2401410461628879,2.288674249711211,0.36747004180594367,0.11773586269241725,1.0055428420330144,0.02316775438942641,0.3013014204955941,0.7555110795110815,0.14963674824568007,0.3496476572174395
