0.8770175512230274,0.2799543557408868,0.5000429517840286,-0.0969717395254799,0.17054824779624628,0.1770561395301176,0.23044258162547376,0.14938755246583477,0.15842536655637235,0.14769334083521338,0.14840522161169034,0.159895044679991,0.07241787037601691,0.16320133422109834,0.17624870312673502,0.13727629758548446,0.13505858435377416,0.17982469311339835,0.17392325626028451,0.10461426007560488,0.14514867792391878,0.1745425751052943,0.14657461014923756,0.11379021657688448,0.23479669163113318,0.1711633889446708,0.23503908442510393,0.1807565062140687,0.07638856126711281,0.059766306182620826,0.18677336877635098,0.1409079513160113,0.1876576150981103,-0.03863413362644119,0.14910277140691747,0.06813654670804047,0.09885607153527359,0.13739238319493086,0.17981985801671851,0.10744398024476987,0.06309792166831614,0.10846098787333293,0.32695855714766653,0.011798338939315492,0.15472584254460214,0.09064792163673173,0.11938099428235645,0.0040553287171079515,0.24285521062558718,0.0017070622426134997,0.002388302243794006,0.024952017407643523,0.010556137101354347,-0.006726519358019507,0.18279746026487712,-0.009209893119536848,0.06836751137720246,0.12275230694040189,-0.279348007329442
0.2799543557408868,3.587066617020632,0.6989477307928117,0.1403293017381824,0.2769581167551937,0.07540442479332482,0.3056739213326516,0.3195795572833501,0.3536849553618995,0.2796344046843511,0.12479060667750407,0.2491542456304755,0.16131415164675886,0.12420820329542526,0.3179923380264857,0.25797401420769905,0.037420016784078025,0.46593728634439296,0.3721944573604285,-0.027801350763718535,0.4298105676164231,0.3514098075122312,-0.5182586943951105,0.1603586440650092,-0.1361641104840061,0.07875208083423768,0.6800001085241107,0.12095232171312255,0.1316448122368311,0.10926003570129221,0.23323261459093894,0.16391429532703006,0.23189372375055478,0.12707851723515481,0.0726105261816133,0.335493091339867,0.3072622627837873,0.3992153569664112,-0.042580708726703595,0.16576008424503622,0.19818783334474974,0.14861340807271878,0.7431304884191587,0.08196639988561773,0.516557054898258,0.26658980648283054,0.22095514968823726,-0.09140928219847083,0.34309209539105345,-0.7380445292655169,0.32591657389188156,0.2605332624965775,0.21940002603411785,-0.1288801835671569,-0.2075976622206519,0.12727204078132742,-0.01824725347144968,-0.04918866348705335,0.20148701097048125
0.5000429517840286,0.6989477307928117,3.440485048762316,0.1637539997374447,0.287279592864281,0.7001313906827825,0.22096755949478394,0.7477675464876617,0.4844458221725703,0.7637629525616351,0.4759317151728527,0.4742126280215684,0.2785838220696708,0.3275677280106138,0.5085409921276521,0.293838514634604,0.5587744745385504,0.5898225037696658,0.6746952602027776,0.39528162266379907,0.4151834248823392,0.49850728489065355,0.29100940860585384,0.4295843785431616,0.3130572638093057,0.39021360340171807,0.7309860971280987,0.569901032036848,0.37809381860796715,0.3869344101156222,0.4184727397521948,0.3797825766410119,0.5211678582755449,0.4606292734208776,0.515163950268316,0.1918542521161842,0.7607428241214707,0.4968469831519923,0.548524649538527,0.32580247291881914,0.23495839474978567,0.35960987606231787,0.9482032536315806,0.11761069469168564,0.5988718428153387,0.25491023192774825,0.587353208980945,0.050293629158304314,0.8476589168929863,0.2211105360816516,0.07212041827068374,0.14337727555414123,-0.08215441448125202,-0.09434886580456692,0.23338807868534486,0.060627830955940695,0.14455625242208336,-0.22163369098307692,-0.10554871745471524
-0.0969717395254799,0.1403293017381824,0.1637539997374447,1.9394473275691788,0.3008605140433734,0.23193455802233678,0.41876682001994725,0.2539569390209742,0.16986682009254347,0.18407854569062698,0.15286478728505623,0.2873578762212708,0.14554887106814737,0.3844728165327051,0.16614774436958438,0.32312782198543305,0.2621207494083522,0.1927432402827421,0.2346389567012189,0.21939599359306378,0.24276730947848388,0.25623538622498043,0.24958933209607556,0.2254680650956183,0.4471483439515832,0.19234868397521188,0.11486545127664358,0.13851071804087237,0.24665402372544254,0.12416455350176292,0.3366225210740621,0.31797629113069054,0.1273674157852307,0.4388133528881025,0.16216306369113928,0.2495406323777185,0.45907053685803817,0.4672384811418049,0.2684215011498188,-0.023827382796155237,0.5195952344965625,0.20711289666829155,0.02557044405446324,0.7759031077277287,0.23878099661508628,0.02957662035975002,0.137517926425345,0.07570927625433681,-0.2195226401691218,0.08330247617907667,-0.026258379284764086,-0.04474613730333474,-0.014060430280035688,-0.10313485824104812,0.001993155242712267,-0.16821100629588762,0.013115177493644025,0.1013675629570077,-0.1291172787117736
0.17054824779624628,0.2769581167551937,0.287279592864281,0.3008605140433734,0.9252209824057673,0.3417634102315449,0.1813811637700756,0.26915759277545087,0.13324810906274717,0.06433885733288196,0.1372814619926976,0.18116005991824763,0.11320029216114684,0.20418594129680379,0.16798565505701005,0.2181511852424731,0.14519265759817654,0.20906377890733344,0.4074659585000788,0.11986212257559106,0.17680573595419422,0.23318437929693625,0.07290178682756729,0.14382646718576136,0.06312743045201877,0.17648509470189058,0.1257135907425269,0.09216006671104536,0.17188244251083987,-0.045544505108969104,0.17141183280305977,0.23006677824402227,0.10692190447521797,0.2555361425156815,0.04986737923360988,0.07029160686540767,0.21148796826442767,0.28798664030653304,0.24913886763523602,0.14075792846918492,0.17552442089334044,0.23179761408537258,0.20698856366757312,0.26840171184677936,0.19286216271659914,0.03185210624343304,0.1232696784326629,0.07408745265357602,0.35918937011673513,0.1621740614114561,0.062182863366913296,-0.12196750995345589,0.016632708146619022,-0.04810921036333719,-0.03579330047648335,-0.10404400537828704,0.12117650157021868,0.06532879521817321,-0.017559263516863603
0.1770561395301176,0.07540442479332482,0.7001313906827825,0.23193455802233678,0.3417634102315449,0.7260549658518135,0.1305435699917562,0.33521405041082236,0.20958371688125826,0.14367424799481773,0.19883543584315486,0.2074992773671745,0.13146451841754006,0.23263977835877364,0.21911537682501833,0.19120903632473604,0.20665869015106098,0.24313454955132952,0.39845547185107943,0.22264407733135794,0.18755591208580663,0.30077906119045794,0.1000514096490858,0.19800953150165182,0.19098349471164996,0.2751082687188951,0.2211900522603896,0.21271849955784763,0.2824104687855283,0.12304378401304539,0.1945512603574295,0.2735432181265031,0.11012214996817563,0.3094408830690795,0.15292458759750846,0.051715970149898025,0.34788559465076757,0.27607861976660036,0.33781346281545926,0.17818895070206767,0.11573228676738612,0.20836207150880598,0.36844096404562726,0.2317312079596876,0.2078475388304042,0.023591674998025596,0.2683366620350819,0.06226913926544751,0.5917109422378047,0.30665050753456297,-0.1865076354367007,-0.05608645768642067,-0.1780557583821034,0.013877155842842675,0.0642889351741334,-0.06465210525689438,0.15219174950059056,0.030972873857896554,-0.09690581279666166
0.23044258162547376,0.3056739213326516,0.22096755949478394,0.41876682001994725,0.1813811637700756,0.1305435699917562,0.5238916914165035,0.0949579029572056,0.18091307258543388,0.12448557001694475,0.16917637735598778,0.24979184015644115,0.0936533666024068,0.11307318054009019,0.12426622033270034,0.19153020967539938,0.1642130448940418,0.1598030033062723,0.1487852951590006,0.1176681004544521,0.1733345081922512,0.20003705846053085,0.17789549337312469,0.12039414707933477,0.26514229556005936,0.10932111928807522,0.17021202804388189,0.0991494921746991,0.16948831646536922,0.006294100428258076,0.2167615308423155,0.1355715084816989,0.133399256524806,0.20924768574602437,0.09014010381874071,0.16897275540202428,0.24315102264131014,0.19938278332267803,0.16542921041881564,0.01781963824885834,0.1764438583417124,0.16400278778938013,0.14239794043547227,0.22199430206644802,0.14010288241360672,0.07466681833859251,0.02730569913594967,-0.012460236635072517,0.024144581309984304,-0.041939273150667124,0.0025511160377688466,-0.01586964146292572,0.024996379280479895,-0.06712710467330829,0.09375621284223969,0.019592552000170994,-0.011353303868353794,0.11857629166853356,-0.2543755348272024
0.14938755246583477,0.3195795572833501,0.7477675464876617,0.2539569390209742,0.26915759277545087,0.33521405041082236,0.0949579029572056,0.7508703013831619,0.12700166176996897,0.19751650471668752,0.22374784597398253,0.14664862470037346,0.13853545127301786,0.228023224528818,0.16873561031934406,0.17440109456697353,0.23525951942653525,0.2930648754376902,0.2878184782609306,0.22011283137071694,0.15267485233517455,0.22125500251494584,0.07229513294074037,0.17554297939972147,0.04776012488963897,0.24633432321861623,0.3283597554375988,0.1695732257058649,0.18446889019218768,0.1639042605461103,0.18268374168876061,0.21660166391748445,0.13562123217851496,0.2583358922797062,0.12936222886256693,0.0742728476190139,0.3271046238125566,0.23553351231253847,0.299249642656944,0.19744042731370606,0.1773336946976033,0.17309071788536523,0.4282021371168889,0.11196584424794098,0.1886693402158582,0.06662269632130574,0.29823649409737146,0.06644632431231835,0.5616484592279596,0.1866655601961886,-0.007902438761222961,0.024766641842291534,-0.055284238867893166,-0.0592954294068644,0.051387993903136135,-0.052653298104433414,0.18300498083465133,0.1061530190472067,-0.1590816350802577
0.15842536655637235,0.3536849553618995,0.4844458221725703,0.16986682009254347,0.13324810906274717,0.20958371688125826,0.18091307258543388,0.12700166176996897,0.7215254789483384,0.16708918620330918,0.10332444766997803,0.13114717349699304,0.11781520502700506,0.17500043213965466,0.20217844699426876,0.15931977683314327,0.1428801733181748,0.22026271975697254,0.18448004196990528,0.16354391691970532,0.191310413993503,0.25657224414483343,0.23359640178676674,0.2005920096027735,0.2785857135220781,0.2496086847501006,0.2686170314672722,0.2336402942643079,0.1292260256161627,0.2369709203230495,0.2358076946010975,0.16891192326880905,0.33087025851577706,0.18364436559133956,0.18453167620787847,0.1269037069931631,0.3250039490723819,0.16307806596718485,0.23923249676369004,0.09623732193939083,-0.011200673234648904,0.06371592202287389,0.40569286128740356,0.028564381734194035,0.26527287926064247,0.2138786383811217,0.2370723022719257,-0.1138347599726014,-0.0007591052014124039,-0.09560911677047647,0.009189013399757527,0.020210711524424763,0.04072321346168107,-0.093650343269291,0.1921124020070454,0.14387893597416693,0.08455255599264279,-0.15086960911707234,-0.18644728432639948
0.14769334083521338,0.2796344046843511,0.7637629525616351,0.18407854569062698,0.06433885733288196,0.14367424799481773,0.12448557001694475,0.19751650471668752,0.16708918620330918,0.6728596247912232,0.09327567616178319,0.15870821983978578,0.12047526079488802,0.15904787559552055,0.24629817925195674,0.12638455594393588,0.23307418215851824,0.2947728162829483,0.12834103352427909,0.18224429435243678,0.15020513287097392,0.1775672920846121,0.2582220962662816,0.18433702814803712,0.20313965409311432,0.19100882132788902,0.23694568633630195,0.25775649151521496,0.21238787444038204,0.19749756609888347,0.18999430306563722,0.15849976659212867,0.19856520568838176,0.28757950048738123,0.29848499412850477,0.09690993480216879,0.42610371445921247,0.1794074950540549,0.21686004921951707,0.07516248434733658,0.25206799919456613,0.156863361085168,0.24223974891676714,0.1284254590297094,0.11091860834629298,0.055909720000869086,0.25051787237636874,0.0636640795934396,0.3908194145020693,0.12829654164641718,-0.04086564089075158,0.0691261722440508,-0.022940159036478686,-0.04187871943367541,0.193028656775808,0.05464329407098349,0.049085972476712966,-0.3017144460704827,0.06318039937283508
0.14840522161169034,0.12479060667750407,0.4759317151728527,0.15286478728505623,0.1372814619926976,0.19883543584315486,0.16917637735598778,0.22374784597398253,0.10332444766997803,0.09327567616178319,0.5042448587482018,0.20933147562782467,0.0981435378993046,0.10922409300335024,0.21871574493116946,0.17364488344357107,0.2500961762307903,0.18648059400730804,0.12551424491570007,0.240622138575721,0.18976991897862774,0.15239157719999993,0.20144680263001044,0.1402988717237449,0.2980867229687904,0.19760818487252402,0.2494258197008176,0.19958975782484462,0.23905142009593358,-0.02105785393556035,0.21957101109466723,0.13918569701642616,0.15252752115622048,0.20033427047767022,0.22057270023242584,0.08144702975797917,0.22135108747618668,0.18206156299864037,0.23591552761470722,0.15956507581478557,0.07125676755256495,0.27372353095750185,0.34914177511501937,0.02703856158807938,0.2670083890572717,0.10106430532221346,0.11170075137570377,0.011579635751848826,-0.03351164222358943,0.06253076194297395,-0.03013738260128081,-0.03236239769106543,0.017925055098756363,-0.0011612461956912621,0.05420946406937301,-0.011443146127389047,-0.022351051864787946,0.1804089199018218,-0.18423868030712034
0.159895044679991,0.2491542456304755,0.4742126280215684,0.2873578762212708,0.18116005991824763,0.2074992773671745,0.24979184015644115,0.14664862470037346,0.13114717349699304,0.15870821983978578,0.20933147562782467,0.5050002343043047,0.10556865170890374,0.15299236505308705,0.17250925730168437,0.21650094930996205,0.18570027512735054,0.12667371147655396,0.17985484551625472,0.12547494726553582,0.1628465276071541,0.16697444416938823,0.12156575347309104,0.12137050452397279,0.2455153318668222,0.13647788726041293,0.2470575651516106,0.09658873204232996,0.16982909228700319,-0.04129364767300739,0.1912616651975224,0.17060043750886747,0.12386323819166649,0.19000086784259404,0.09059694551033076,0.13095645521170152,0.14750432722449544,0.18959212295325534,0.1387897202565872,0.05853597709428896,0.1277224413382644,0.15842047906929646,0.24345294100014642,0.15832008368187392,0.11736397620017414,0.05644502810082801,0.06414840100910443,0.04320534270703999,0.35640609320636973,-0.08008805234263805,0.013519768136528693,-0.008560158723048016,0.008760274472642406,-0.04876501003615984,-0.03274878125907132,0.05284649392583394,-0.041521484115692855,0.12235152633454921,-0.11512584125444611
0.07241787037601691,0.16131415164675886,0.2785838220696708,0.14554887106814737,0.11320029216114684,0.13146451841754006,0.0936533666024068,0.13853545127301786,0.11781520502700506,0.12047526079488802,0.0981435378993046,0.10556865170890374,0.19467601412557844,0.10508697213821527,0.08251325771436126,0.11542510433921152,0.1166390801417571,0.1298116747351112,0.11061451377706145,0.09362416041050672,0.1087856172242257,0.1748755386332717,0.09703366848339844,0.09836300592644118,0.08114647693879871,0.12443907534429274,0.12086766562232135,0.10621807185290151,0.12320454125282358,0.0444329903053395,0.103020693431527,0.12103196145009434,0.09677671221337264,0.12904563280380127,0.10511029681952289,0.08440932437245777,0.14138699503122595,0.10712014307961847,0.1646149635239377,0.06616885562066008,0.11565749430086236,0.11515414342621182,0.1393999341654716,0.12312407597873858,0.07557426473177481,0.05938020886322972,0.0985064635964035,-0.0032513731856855027,0.20177479001069912,0.08742680867605163,0.0046221270908017136,-0.0557065062968348,-0.02718189176505605,-0.024395440800093107,-0.002705779474813924,-0.005857388092717577,0.02980337371220193,-0.07186456845858409,0.05090972301555489
0.16320133422109834,0.12420820329542526,0.3275677280106138,0.3844728165327051,0.20418594129680379,0.23263977835877364,0.11307318054009019,0.228023224528818,0.17500043213965466,0.15904787559552055,0.10922409300335024,0.15299236505308705,0.10508697213821527,0.4393038965905221,0.20753717804859007,0.255459937526074,0.1838148708645613,0.1839040375583416,0.21813919859768227,0.17671977553876456,0.1692915456777758,0.21404754816066504,0.1721230743574887,0.1831917164087762,0.23038955441119932,0.28348196780126544,0.20149167434580828,0.2052146310286721,0.15045342608027917,0.10462506864878461,0.2140777807660902,0.3049377011521561,0.15739071112726993,0.20080174336036943,0.1875874234495625,0.06622750145849662,0.22349409677237755,0.2517223176266342,0.22641969153747502,0.13489372611847394,0.24920431298681087,0.15937483316235926,0.28844087333754836,0.24666563051303014,0.14603560527400722,0.017359147944855404,0.1921376154779365,0.0866172512149167,0.42893757808314614,0.09317262547381723,-0.03227656908920137,0.004010052341030881,-0.010375825745424554,-0.011577621509237733,0.03280565846449188,-0.0745593718424866,0.09988017496442031,-0.040878782360406124,0.04479506765064908
0.17624870312673502,0.3179923380264857,0.5085409921276521,0.16614774436958438,0.16798565505701005,0.21911537682501833,0.12426622033270034,0.16873561031934406,0.20217844699426876,0.24629817925195674,0.21871574493116946,0.17250925730168437,0.08251325771436126,0.20753717804859007,0.5877626732065839,0.18431969890977332,0.23590118673806942,0.2923385794242519,0.20069770033805973,0.24222994176456328,0.2006617673123078,0.12311857907174566,0.343225931229903,0.19178160910836115,0.38152541351855596,0.3238587689763718,0.24707262066023467,0.3361701172855047,0.24088599563557722,0.1572754985298316,0.23842231204931466,0.17422725495353403,0.2632315850680271,0.24200671741936264,0.2831631261174435,0.04043151689484755,0.36775701431471797,0.11441780913658584,0.33389079073374656,0.1523619811497344,0.13030156407449878,0.19545550659352548,0.3506044902982384,0.02335665306322546,0.2264304039342865,0.07869689639682553,0.23483170485379468,0.06565198180210037,0.3306024905366428,0.30697257635601044,-0.10067804765446682,0.10439695331064416,-0.12978891073749144,-0.04857337010979711,0.17908832194770902,0.04261639062861453,-0.018699881671738614,-0.021091817564348803,-0.0724578366263942
0.13727629758548446,0.25797401420769905,0.293838514634604,0.32312782198543305,0.2181511852424731,0.19120903632473604,0.19153020967539938,0.17440109456697353,0.15931977683314327,0.12638455594393588,0.17364488344357107,0.21650094930996205,0.11542510433921152,0.255459937526074,0.18431969890977332,0.6893055032851769,0.0964231311902548,0.2053992587087697,0.2486377051521336,0.14596118218040002,0.1558639225382473,0.189604284308476,0.13692070617110888,0.1612900387596879,0.26415425672064996,0.19233316807718182,0.2318478257251278,0.1369590725551617,0.17372950039705506,0.012967990174867359,0.17586912095594917,0.23789779446264034,0.12720206864693398,0.24364909379306013,0.1543708518436067,0.07938810503642944,0.16005264959591345,0.19049638362045934,0.25012915672713465,0.09351708779664011,0.18782142309568822,0.08957245272514174,0.36395862731593814,0.26346087221211434,0.11832565730581375,0.08332003886519879,0.1315611893081282,0.028366291186511062,0.3079089339026587,-0.2749197354567085,0.018445283647962357,0.049636829864420966,0.0458713148749158,-0.10101381560007217,0.0005060785629305038,0.024926975733937373,-0.034669476110085765,0.0996453582851486,-0.014235012457272852
0.13505858435377416,0.037420016784078025,0.5587744745385504,0.2621207494083522,0.14519265759817654,0.20665869015106098,0.1642130448940418,0.23525951942653525,0.1428801733181748,0.23307418215851824,0.2500961762307903,0.18570027512735054,0.1166390801417571,0.1838148708645613,0.23590118673806942,0.0964231311902548,0.792934646108342,0.18521221428556806,0.22211602926661211,0.3330239057253908,0.2952092717345658,0.14336932729089688,0.3036258028883773,0.19282744587238182,0.4495180240596803,0.09888037945097593,0.27235098726414025,0.4738840944447549,0.24007349707499884,-0.04748587474630626,0.3481006916531412,0.13788799082899122,0.29861295150986916,0.2015566347564464,0.37979327269691376,0.03280734560081585,0.5782073062164863,0.42929450727647844,0.23623491301408048,0.16071185368268295,0.3280787527968568,0.5950527404297803,0.39132553646366064,0.23597857723219426,0.5570628094188066,0.017942452929728746,0.1458695931865519,0.20913060386545337,0.08992745454178892,0.5026948875348145,0.03150914621278385,0.029920740526630928,-0.1418054345542381,-0.02988967666325695,0.06870134357354489,-0.07913101237219906,-0.026822776278430237,0.048648026169395835,-0.08321293887773408
0.17982469311339835,0.46593728634439296,0.5898225037696658,0.1927432402827421,0.20906377890733344,0.24313454955132952,0.1598030033062723,0.2930648754376902,0.22026271975697254,0.2947728162829483,0.18648059400730804,0.12667371147655396,0.1298116747351112,0.1839040375583416,0.2923385794242519,0.2053992587087697,0.18521221428556806,0.8482500428056172,0.2383501330606273,0.12034951445234425,0.22488810684564872,0.29266557849016717,0.3048507047967504,0.1876604845873271,0.1728081502621254,0.4842682768671531,0.16090237282255895,0.2693398080999352,0.24886907232250766,-0.007121775969556575,0.20816483739836003,0.18821588675854,0.22852785869830425,0.2964634925326978,0.20842722610876113,0.08177997535498861,0.3879122862601621,0.18737985354095424,0.3083485591108299,0.14520668989034155,0.22881662594308844,0.18853770810360526,0.30650039989178857,0.10068609188482032,0.24093503622980716,0.159520110314394,0.3853232200487041,0.002518070365650651,0.4942650934501641,0.17584643144045226,0.019151437427325807,0.1733357865843541,-0.1087536213199182,-0.13184799440766518,0.09598691973328088,0.05355949898680694,0.07989965812216693,-0.04060251152053313,-0.10135373061520338
0.17392325626028451,0.3721944573604285,0.6746952602027776,0.2346389567012189,0.4074659585000788,0.39845547185107943,0.1487852951590006,0.2878184782609306,0.18448004196990528,0.12834103352427909,0.12551424491570007,0.17985484551625472,0.11061451377706145,0.21813919859768227,0.20069770033805973,0.2486377051521336,0.22211602926661211,0.2383501330606273,0.8720521791088818,0.06205775393156303,0.23868501133831338,0.2506052022371843,-0.09226462968240522,0.19872804292649213,0.1419355436126278,0.08874624640734492,0.29270932930694993,0.2845279138738095,0.07792343555090125,0.13886073172586316,0.25645237292803996,0.23174812857779314,0.2539825401592069,0.14784231844483037,0.11815858823417562,0.10506577128841055,0.31118309321744697,0.3906679732767735,0.2810626193217306,0.1421453409709832,0.20040848570233155,0.12281838492922004,0.45975689921691915,0.2607064027088542,0.3755315048076069,0.09985790584490987,0.2058773648897587,0.08486392478072857,0.3942260978758074,0.13307384355163432,0.16813325920499816,0.1978016917385723,-0.1899132059153716,-0.08611593433903153,-0.006287713611019962,-0.047098326486483696,0.13835384799070827,-0.033630326108332935,-0.021165050541558428
0.10461426007560488,-0.027801350763718535,0.39528162266379907,0.21939599359306378,0.11986212257559106,0.22264407733135794,0.1176681004544521,0.22011283137071694,0.16354391691970532,0.18224429435243678,0.240622138575721,0.12547494726553582,0.09362416041050672,0.17671977553876456,0.24222994176456328,0.14596118218040002,0.3330239057253908,0.12034951445234425,0.06205775393156303,1.1408483408279009,0.13800714855662496,-0.0687353025825725,0.3082346748893758,0.23512893821789607,0.3830579496129873,0.2946621152993344,0.06760521853046078,0.324436468147228,0.44675603292794797,0.33902163595142815,0.1958390566714065,0.1800817310123301,0.20588688215067175,0.41616646276001584,0.38926257554570565,-0.16382903541112276,0.7882410252573493,0.28389105124079256,0.4990400033188346,0.27833543299719343,0.08035773764861458,0.3210146355302241,0.36463814172325226,-0.04490435084986932,0.37475178109240026,0.0022527049372428947,0.23437213655204736,0.2500860394389294,0.5366223529663365,0.31236301742645767,-0.13972800814849595,-0.06795625332105418,-0.04343396661187909,-0.07160235335895686,0.2609971977595084,-0.09905222740260503,0.10154765752668175,-0.10412818082246388,-0.060423504592617035
0.14514867792391878,0.4298105676164231,0.4151834248823392,0.24276730947848388,0.17680573595419422,0.18755591208580663,0.1733345081922512,0.15267485233517455,0.191310413993503,0.15020513287097392,0.18976991897862774,0.1628465276071541,0.1087856172242257,0.1692915456777758,0.2006617673123078,0.1558639225382473,0.2952092717345658,0.22488810684564872,0.23868501133831338,0.13800714855662496,0.48874125386735867,0.25452877461913626,0.16766866954949558,0.15837493726727314,0.24742826225920245,0.1074722117779309,0.27118652265357673,0.2606165200375293,0.17502873446277883,-0.010988980249791967,0.3399112353990522,0.15702467882751572,0.25886339857452106,0.10972481022247298,0.20265546966595002,0.1382864160507578,0.2837762079775663,0.38401253766801213,0.2612681395974013,0.15752285058828913,0.27820608243207046,0.39939484723267793,0.4958728000400093,0.3059830939567211,0.5256908184492641,0.08745977402322762,0.15061491532981122,0.10509565730898933,0.2410445144467336,0.1075007488417211,0.06447488958450527,5.4380908229253555e-5,-0.02861162087424031,-0.05235774207657958,0.009056561534425014,-0.01331737289906841,-0.06745685392932128,0.05951783717428617,0.0123502627185795
0.1745425751052943,0.3514098075122312,0.49850728489065355,0.25623538622498043,0.23318437929693625,0.30077906119045794,0.20003705846053085,0.22125500251494584,0.25657224414483343,0.1775672920846121,0.15239157719999993,0.16697444416938823,0.1748755386332717,0.21404754816066504,0.12311857907174566,0.189604284308476,0.14336932729089688,0.29266557849016717,0.2506052022371843,-0.0687353025825725,0.25452877461913626,1.516905059588913,0.17597997501511312,0.1900369243998407,-0.19884888421651178,0.22521151824335434,0.4215196672694142,0.04836501017588665,0.08952188224687616,0.01653063945865523,0.31200829150705467,0.2993633737484959,0.23131561863906341,0.13818761550485575,0.011273705293753678,0.5898837859015909,0.05391361947202382,0.40406888054976897,0.32306661183452284,0.14819156025521849,0.13950713785422106,0.2907038020317462,0.36624533137516657,0.3094941868697519,0.08509493254620591,0.5442947932205631,0.1951356513673307,-0.6520488437753312,0.4337566521299685,-0.19607050337998103,-0.0030000639146343508,-0.33458054518158437,0.12682160772271703,-0.04306196025522825,-0.11379997119086023,0.04546434133378219,0.0894390693733139,-0.07230096836731242,0.032690790882394
0.14657461014923756,-0.5182586943951105,0.29100940860585384,0.24958933209607556,0.07290178682756729,0.1000514096490858,0.17789549337312469,0.07229513294074037,0.23359640178676674,0.2582220962662816,0.20144680263001044,0.12156575347309104,0.09703366848339844,0.1721230743574887,0.343225931229903,0.13692070617110888,0.3036258028883773,0.3048507047967504,-0.09226462968240522,0.3082346748893758,0.16766866954949558,0.17597997501511312,1.7838860442455475,0.21554834569572748,0.9240235252605358,0.29778595106235556,-0.03172947334604311,0.39694443800368745,0.4499760970554745,0.18553168687726107,0.3563330348244191,0.0814966517741817,0.4307069871223837,0.39071342671196335,0.34512507515610813,0.003550854608215857,0.6363229671437639,-0.08193813221971534,0.6949683031745102,0.01299971759277697,0.2966032180612333,0.2170096297486414,-0.03159735302582991,0.21550950709644792,-0.1687243551318131,0.08221757102539963,0.26322994297704877,0.10719492396732506,0.32670758618050166,0.8979663302856429,-0.2207442710057405,-0.19039659644356702,-0.1841374575193421,-0.10247889939981922,0.3789852811562171,0.03817990236951011,-0.12310469538199853,-0.012493298278453715,-0.17583629837629333
0.11379021657688448,0.1603586440650092,0.4295843785431616,0.2254680650956183,0.14382646718576136,0.19800953150165182,0.12039414707933477,0.17554297939972147,0.2005920096027735,0.18433702814803712,0.1402988717237449,0.12137050452397279,0.09836300592644118,0.1831917164087762,0.19178160910836115,0.1612900387596879,0.19282744587238182,0.1876604845873271,0.19872804292649213,0.23512893821789607,0.15837493726727314,0.1900369243998407,0.21554834569572748,0.400393012126624,0.22620499750479944,0.09584966328465812,0.1955855207497445,0.34305095449384565,0.08358596175347272,0.5168532466551915,0.13095702301652096,0.23272260452570626,0.43960650985708005,0.1696409643871861,0.2960665251876569,0.0022933144014664016,0.5097864126710848,0.2856498093320828,0.241070575165783,0.1542953952708934,0.09879314762879383,0.07467870163273803,0.38183759371816717,0.15956077907714583,0.2811632022350283,0.06881888398544594,0.3501173006531801,0.06307648864572583,0.3663764387302372,0.07742277637207806,-0.029200867135216278,0.009528971270301107,-0.0019415270011725436,-0.0535532257155037,0.1043932330117259,-0.050153737296453726,0.16727203800347637,-0.24369348243282762,0.07200949347657819
0.23479669163113318,-0.1361641104840061,0.3130572638093057,0.4471483439515832,0.06312743045201877,0.19098349471164996,0.26514229556005936,0.04776012488963897,0.2785857135220781,0.20313965409311432,0.2980867229687904,0.2455153318668222,0.08114647693879871,0.23038955441119932,0.38152541351855596,0.26415425672064996,0.4495180240596803,0.1728081502621254,0.1419355436126278,0.3830579496129873,0.24742826225920245,-0.19884888421651178,0.9240235252605358,0.22620499750479944,4.7628972913756416,0.4186005505075815,0.48773156442600596,0.3244070975056883,0.9054638975206735,-0.10325937949540058,0.7740516676171282,0.19650793005294978,0.24829248742659615,0.6174322745953114,0.4738930597121013,0.3614511830810816,0.37409014788610956,0.39807879337340213,0.5448267828035718,0.05878967657022698,0.3610353969277378,0.49379200323861394,0.6937851509054782,0.41154033224837977,0.4700599093282279,0.25016223875149834,-0.003264871099132491,-0.04409031690740209,-1.8198266565785475,-0.20922832950710796,-0.16164890577782118,-0.2573793472921176,0.03513363441756789,-0.07176458562359479,0.4087265697202765,-0.06540914882306499,-0.1536326156663255,0.20828462845674556,-0.35861476347377164
0.1711633889446708,0.07875208083423768,0.39021360340171807,0.19234868397521188,0.17648509470189058,0.2751082687188951,0.10932111928807522,0.24633432321861623,0.2496086847501006,0.19100882132788902,0.19760818487252402,0.13647788726041293,0.12443907534429274,0.28348196780126544,0.3238587689763718,0.19233316807718182,0.09888037945097593,0.4842682768671531,0.08874624640734492,0.2946621152993344,0.1074722117779309,0.22521151824335434,0.29778595106235556,0.09584966328465812,0.4186005505075815,1.767660672317532,0.10712957043507725,0.2826365966201975,0.23362321501443245,-0.4448529091424644,0.24014146650096374,0.32564119225381877,0.18710253926927542,0.2993895096887979,0.2091553478555439,0.03398870359223261,-0.07466333847611789,-0.03535487383325955,0.44626485112274017,0.27114156861344424,0.07658849922794791,0.2671036059605951,0.18808689451773322,-0.15556328195356603,0.09096681232083585,0.04227576746503323,0.052472918628094826,-0.017575361793168872,0.729792093962401,0.48357865257161736,-0.2860554158346452,0.010330767958679257,-0.24984272033159197,-0.10814093376176034,0.1613345647165387,0.063868846497184,0.04242738960908309,0.003966067707775663,-0.07600687339963387
0.23503908442510393,0.6800001085241107,0.7309860971280987,0.11486545127664358,0.1257135907425269,0.2211900522603896,0.17021202804388189,0.3283597554375988,0.2686170314672722,0.23694568633630195,0.2494258197008176,0.2470575651516106,0.12086766562232135,0.20149167434580828,0.24707262066023467,0.2318478257251278,0.27235098726414025,0.16090237282255895,0.29270932930694993,0.06760521853046078,0.27118652265357673,0.4215196672694142,-0.03172947334604311,0.1955855207497445,0.48773156442600596,0.10712957043507725,2.0680875303589956,0.39742633295814533,-0.003281215677446249,-0.2278465770478895,0.5708621844760405,0.25973036472875943,0.3277483541631336,0.17758697753317873,0.35324215675491716,0.5375523219459918,0.16792255430708647,0.4502329862361665,0.18302741539141648,0.39493649208318843,0.3369224661474352,0.5065813842281832,1.8676941723965472,-0.21954451798786356,0.34030842297457087,0.31692289985833283,0.042131449999550145,-0.03769119203574712,0.3204604956005515,-0.3473845302081295,0.014567475459909478,0.21861956707105049,0.1119816571018404,-0.03209769043194876,0.24799151216618118,0.07360125503044986,0.22940233470846647,-0.046511210844694915,-0.020627649401256505
0.1807565062140687,0.12095232171312255,0.569901032036848,0.13851071804087237,0.09216006671104536,0.21271849955784763,0.0991494921746991,0.1695732257058649,0.2336402942643079,0.25775649151521496,0.19958975782484462,0.09658873204232996,0.10621807185290151,0.2052146310286721,0.3361701172855047,0.1369590725551617,0.4738840944447549,0.2693398080999352,0.2845279138738095,0.324436468147228,0.2606165200375293,0.04836501017588665,0.39694443800368745,0.34305095449384565,0.3244070975056883,0.2826365966201975,0.39742633295814533,1.5819977549566377,-0.11563721125390145,0.3061301597809707,0.41584944368036525,0.17327124722233567,0.875752256138924,-0.03069316164971474,1.0773228637206618,-0.3682368935326281,0.799757614343178,0.28076851441095246,0.3861776549447699,0.2814503497330051,0.1383010373626599,0.2128134880238787,0.7614295926725405,0.11685337832991297,0.5907951057073234,-0.15888648755477186,0.330985040914345,0.34846236915121565,0.6999569721728292,0.5626726149641937,-0.14844152809609276,0.5385783613406228,-0.49405896682995404,-0.00305755654332061,0.3984969050725315,-0.029764662282987825,0.14906980543865928,-0.3186692198372724,0.07016623297572476
0.07638856126711281,0.1316448122368311,0.37809381860796715,0.24665402372544254,0.17188244251083987,0.2824104687855283,0.16948831646536922,0.18446889019218768,0.1292260256161627,0.21238787444038204,0.23905142009593358,0.16982909228700319,0.12320454125282358,0.15045342608027917,0.24088599563557722,0.17372950039705506,0.24007349707499884,0.24886907232250766,0.07792343555090125,0.44675603292794797,0.17502873446277883,0.08952188224687616,0.4499760970554745,0.08358596175347272,0.9054638975206735,0.23362321501443245,-0.003281215677446249,-0.11563721125390145,1.986682576022114,-0.27173499125719364,-0.059444618555683296,0.1950282941143825,-0.37241803209240565,0.8931986060320456,0.0892298382593299,0.35668268748898346,0.36812738996854116,-0.01703566353697374,0.39825054674435517,0.12277877785739923,0.49691581908332627,0.5387190628452689,-0.11876505077397663,0.0722318400804371,-0.17710338658772917,-0.02557192620351367,0.004509910469941359,0.054726870205125074,0.3201920965408517,0.5747657977593373,-0.3243718114624555,-0.33388620392891166,-0.15911912432387226,0.012663449609900446,0.13692587930210504,0.02294361317044708,-0.0395306459782481,0.11273601829443938,-0.18693091034271578
0.059766306182620826,0.10926003570129221,0.3869344101156222,0.12416455350176292,-0.045544505108969104,0.12304378401304539,0.006294100428258076,0.1639042605461103,0.2369709203230495,0.19749756609888347,-0.02105785393556035,-0.04129364767300739,0.0444329903053395,0.10462506864878461,0.1572754985298316,0.012967990174867359,-0.04748587474630626,-0.007121775969556575,0.13886073172586316,0.33902163595142815,-0.010988980249791967,0.01653063945865523,0.18553168687726107,0.5168532466551915,-0.10325937949540058,-0.4448529091424644,-0.2278465770478895,0.3061301597809707,-0.27173499125719364,3.5990977566834403,0.015982952565806733,0.00635331160140752,0.5232741341102468,0.00620763085803388,0.46218930562317906,-0.16474685021722707,1.3528734240934308,0.21560296519610817,0.23771650325129426,0.09344609333634664,-0.15929062935155436,-0.9521806092285627,0.40454455546054335,0.19023183825017118,0.42422058347838193,0.0837131213870486,1.4842454116791433,0.01886340437053139,0.6238866517444552,-0.2488620633447258,-0.12378600583034861,-0.13474106664344657,0.29787498666896534,0.014649338252665846,0.24423405510553148,-0.15579667767549396,0.19915226663991067,-0.45315452701838865,0.14127327303020656
0.18677336877635098,0.23323261459093894,0.4184727397521948,0.3366225210740621,0.17141183280305977,0.1945512603574295,0.2167615308423155,0.18268374168876061,0.2358076946010975,0.18999430306563722,0.21957101109466723,0.1912616651975224,0.103020693431527,0.2140777807660902,0.23842231204931466,0.17586912095594917,0.3481006916531412,0.20816483739836003,0.25645237292803996,0.1958390566714065,0.3399112353990522,0.31200829150705467,0.3563330348244191,0.13095702301652096,0.7740516676171282,0.24014146650096374,0.5708621844760405,0.41584944368036525,-0.059444618555683296,0.015982952565806733,1.5649422684614986,0.2100403408501592,0.285770471793815,0.298905530387642,0.39424702991128935,0.7306714748154207,0.5734043517718637,0.4808604631927606,0.3750040663703242,0.05547985023653931,0.6579639569431949,0.27825579749726087,0.14604601875198756,0.4830158201620192,0.1828729855155102,0.13692779700211158,0.097387819263771,-0.04500708691551019,-0.22318647115236062,0.1808412810371099,-0.056489548120914515,0.1634643446733452,-0.10808171457999192,-0.07093374941853325,0.1795245744576741,-0.02255089194252939,-0.017395938053191302,0.13677459958589422,-0.2575605610997208
0.1409079513160113,0.16391429532703006,0.3797825766410119,0.31797629113069054,0.23006677824402227,0.2735432181265031,0.1355715084816989,0.21660166391748445,0.16891192326880905,0.15849976659212867,0.13918569701642616,0.17060043750886747,0.12103196145009434,0.3049377011521561,0.17422725495353403,0.23789779446264034,0.13788799082899122,0.18821588675854,0.23174812857779314,0.1800817310123301,0.15702467882751572,0.2993633737484959,0.0814966517741817,0.23272260452570626,0.19650793005294978,0.32564119225381877,0.25973036472875943,0.17327124722233567,0.1950282941143825,0.00635331160140752,0.2100403408501592,0.664708576130304,0.10754384611592109,0.27299793041893217,0.12531553102584744,0.1288509427726622,0.051892966808309925,0.28944758674735344,0.2647389790239544,0.14937591059721264,0.19758259754468535,0.10968604712308082,0.31281094562440365,0.22045747648234762,0.10711700100958618,0.04320509629796893,0.12974596125803317,0.0012281397811405004,0.37877503593124534,0.12343613710439848,8.394370722297232e-5,0.017173976250751868,-0.1359708970026741,-0.003416541959176509,0.018570506283685825,-0.12331120994743068,0.4082771302201672,-0.34668646469004005,0.06820196120452197
0.1876576150981103,0.23189372375055478,0.5211678582755449,0.1273674157852307,0.10692190447521797,0.11012214996817563,0.133399256524806,0.13562123217851496,0.33087025851577706,0.19856520568838176,0.15252752115622048,0.12386323819166649,0.09677671221337264,0.15739071112726993,0.2632315850680271,0.12720206864693398,0.29861295150986916,0.22852785869830425,0.2539825401592069,0.20588688215067175,0.25886339857452106,0.23131561863906341,0.4307069871223837,0.43960650985708005,0.24829248742659615,0.18710253926927542,0.3277483541631336,0.875752256138924,-0.37241803209240565,0.5232741341102468,0.285770471793815,0.10754384611592109,1.9075415191792873,-0.3633473324699054,0.08403216461754676,-0.40918512740956897,0.5701056783158376,0.29646228847153316,0.17977572746657694,0.14628865194996624,-0.6941933047404202,-0.08107021667952259,0.818429684757254,-0.13491057057047792,0.6565863346247649,0.15847981207381018,0.43997824340976105,0.004240989648425529,0.2578245780611937,0.11357197913711954,0.08067220041087941,0.12513334100875484,-0.02267189049227202,-0.20608324993852295,0.28258621070815715,0.01223104326576735,0.0846735460641418,-0.3707510781660652,0.17776021562576252
-0.03863413362644119,0.12707851723515481,0.4606292734208776,0.4388133528881025,0.2555361425156815,0.3094408830690795,0.20924768574602437,0.2583358922797062,0.18364436559133956,0.28757950048738123,0.20033427047767022,0.19000086784259404,0.12904563280380127,0.20080174336036943,0.24200671741936264,0.24364909379306013,0.2015566347564464,0.2964634925326978,0.14784231844483037,0.41616646276001584,0.10972481022247298,0.13818761550485575,0.39071342671196335,0.1696409643871861,0.6174322745953114,0.2993895096887979,0.17758697753317873,-0.03069316164971474,0.8931986060320456,0.00620763085803388,0.298905530387642,0.27299793041893217,-0.3633473324699054,1.881172242333343,0.35257271520750016,0.26333814128424027,1.1079238706357715,0.10831145152209708,0.3290638730086014,0.06457389754475486,0.6164658354033465,0.45507326577030155,-0.1756284918227219,0.3919723267483741,-0.2251488973462639,-0.19191223195948495,0.17971905694265528,0.09557967268006447,0.23537907111889889,0.19695653610816496,-0.242956932811282,-0.19082465381560906,-0.0011453584312134631,-0.006126824543797397,0.18815794604175673,0.010755468935779252,0.044630823098025726,0.003223581451369603,-0.1492999697204971
