0.8643460326019802,0.27819899080825555,0.5011822128223563,-0.10571808296699475,0.1705442521120746,0.17715401517745077,0.23727292120601184,0.1589549790111611,0.16566567431350976,0.15078172259698036,0.14399365450220128,0.16187337986576897,0.0666033177124188,0.1523456148737718,0.16229674604302585,0.1292840649740368,0.13029153317479383,0.17909260461526802,0.17263181648646925,0.10164304970085361,0.14131000545931616,0.16792776211660906,0.1371363848989246,0.10139817587203626,0.2375901546507682,0.1648168849245138,0.2592030751547572,0.15933503477690802,0.07899160929122623,0.04415745256721097,0.1918956540274543,0.13006591869888448,0.15713096000965895,-0.026790850056517258,0.1265258063286589,0.06804742656575725,0.09931526052497909,0.15489955653034088,0.17428081639073134,0.1321024960808999,0.07541009448732634,0.13438083495970352,0.37228624423850404,0.014854719335902473,0.1789184721572686,0.08233516600597218,0.11145806750051034,0.00939517823425751,0.210239316263223,-0.013341100213755251,0.006889202563713637,0.02523748367741277,0.013667801016521128,-0.008231257135265886,0.2017658878461386,-0.005650153006447606,0.07877728131702653,0.26649178346852054,-0.43332007489340507
0.27819899080825555,3.5165865138847554,0.7357673662683633,0.1740549779416053,0.25921865202194955,0.08262699237175743,0.29978189548043616,0.3174570177312496,0.357552926805989,0.2666317524525086,0.10139028449064721,0.24374216070508276,0.1567904026604858,0.11535200427382096,0.28743976845219005,0.23271194466484918,0.021036632893779144,0.45171208766414933,0.35776784819551316,-0.04648257284379538,0.39934348735225283,0.342408669291465,-0.5222194283962708,0.14800260388095526,-0.1252936019695125,0.08350383313248826,0.6608464816450762,0.11061259758805647,0.14325955628987821,0.1617295488471044,0.23468388662048112,0.15079112327014707,0.19653199296468368,0.15641503667343107,0.10003149849758158,0.3386344331228977,0.3300345093943264,0.38764669239434063,-0.06833685349952416,0.12201637239302933,0.1908348232551435,0.09822062726125365,0.666586634165691,0.0654605285074794,0.43250532009811743,0.24308234897875294,0.22793768762169425,-0.09119305005072685,0.33496474239208285,-0.7800977595141173,0.2850960098771725,0.28299827333533756,0.24029735196134733,-0.12680907682308795,-0.29399688711676597,0.14111040914399284,-0.09731226877887594,0.18433198062319603,0.06585747095387896
0.5011822128223563,0.7357673662683633,3.4055360316418906,0.19436590838880868,0.3192038942006827,0.7221434779064118,0.21378865032823474,0.7581998643128888,0.47195224599920466,0.7067399198477227,0.45592381192688436,0.4524090165255441,0.27040724511333264,0.3221897618086234,0.4644141835347865,0.27989796835987374,0.5378748925206588,0.5619230211582897,0.6812349522795595,0.374235354367347,0.4101110437890514,0.4870583524040456,0.24379191289409086,0.41202160294482554,0.3005450332891341,0.37564140286968095,0.7384448966653366,0.5407535485759992,0.36653885146709103,0.38429728401525376,0.40855369786689266,0.3741801488813038,0.4802628486507964,0.4495100434425209,0.47974784341408183,0.16251277194323313,0.7448328564128353,0.529103341741536,0.5116664825279431,0.3529576507298206,0.23234488038854212,0.38515637122921614,0.9866219193739436,0.1387679126595343,0.5857840116139754,0.21593745047481344,0.5637371601305391,0.07971430011359332,0.8286730733738292,0.16567670653902625,0.06323440993223427,0.13755629431779307,-0.05703748457915848,-0.08563911024914117,0.21261698350268363,0.004228801604611155,0.10133536382171471,-0.10229553525089607,-0.06465991620659396
-0.10571808296699475,0.1740549779416053,0.19436590838880868,1.8659014552946722,0.29153358340992536,0.2314619609622476,0.4070846989886765,0.21794229162216383,0.15353127885335527,0.19513512146882306,0.134382401624819,0.2564130293600081,0.14404071914593572,0.34911863207997185,0.14081701903648436,0.2954746145030677,0.2504897431934147,0.15972980712618767,0.2221435179813323,0.1958517375522784,0.23161934437168558,0.2539354272196871,0.237701991044631,0.22075476074807274,0.405817615481731,0.16332952714403773,0.12078931403309694,0.14696610667791746,0.2515419394561136,0.14604927626552686,0.30541440867588354,0.30159494506681417,0.11799816089833652,0.4348509229040137,0.1812778003002851,0.22530168470271716,0.45301588097093265,0.4525898048407034,0.2294531143269661,0.0006540017701867117,0.506501821692303,0.2041138341324596,0.018509084276226766,0.7578338805248015,0.16202554353693613,-0.0182457809315626,0.12176729416537663,0.11019145192270638,-0.11480711190639738,0.06857285597487153,-0.04718591265847675,-0.04273108323561897,-0.0037488527052305584,-0.0687599397505322,-0.05228813919627944,-0.18704952995465832,0.05435634869645983,-0.053496934180286664,0.12149049575020268
0.1705442521120746,0.25921865202194955,0.3192038942006827,0.29153358340992536,0.8912530071147914,0.33646124803991634,0.18863645243283894,0.248073234621177,0.1498103901720805,0.09057409926053196,0.12352099564904,0.15943644242264698,0.10715978776365205,0.180331676431057,0.1472180548241856,0.19328957530763577,0.14521693916304293,0.1868984884260605,0.38606418479444826,0.118240159831094,0.16071321713911765,0.21495046243391402,0.08449541501960497,0.1366501338704901,0.0710757638481549,0.16403901944212493,0.11674579402882372,0.09082026206739736,0.18248212452784135,-0.025412054235616405,0.1685163367382467,0.211924324532472,0.09286826014179256,0.2635038924044521,0.06901961894495943,0.06518642673931496,0.23462575353183615,0.27428049342087435,0.2414772712608069,0.11921833524571412,0.16916213726531504,0.21091627233993818,0.18468949876999258,0.25036205526219746,0.1600020311632617,0.020436477024020457,0.11593057414544272,0.08081262415974634,0.33139460818139266,0.15748419679907755,0.03747222123932043,-0.11424162019312843,0.026938850151576176,-0.04103164283077084,0.00673146271441334,-0.10959576958735384,0.12726444565304118,0.09581286164860561,-0.09011918365492945
0.17715401517745077,0.08262699237175743,0.7221434779064118,0.2314619609622476,0.33646124803991634,0.7081320817948452,0.1326664385731894,0.3152092911139302,0.21431131991347863,0.16943092109689648,0.19456712686094024,0.1947594756752717,0.12494606464651284,0.2214545408916505,0.20729453412261986,0.17759194450835514,0.2091973544146988,0.22007409548957174,0.380103388504219,0.22612726354117357,0.1818322700080619,0.28239856286107057,0.10457591181816098,0.19161018242160663,0.19185767777878365,0.2629878257495155,0.22497831115942774,0.20577216726437156,0.28281194277808536,0.12525600275998705,0.19245161148066384,0.2663462044585809,0.10106347035828979,0.3113030069680189,0.15693675487260972,0.0466643372875032,0.3450721934858483,0.282286726927402,0.3324144835202142,0.181504356621506,0.12045999546041221,0.2117436052730209,0.37850677081563544,0.225768905627593,0.21219893036704335,0.008622732240823206,0.2528140947561928,0.0648392926615957,0.5773204745804419,0.2986101042930719,-0.1878040409560881,-0.057941103778715176,-0.1646489064075186,0.02601074051714917,0.0785549474173687,-0.07757611539884068,0.16707387691713885,0.05553982568362813,-0.130263330473485
0.23727292120601184,0.29978189548043616,0.21378865032823474,0.4070846989886765,0.18863645243283894,0.1326664385731894,0.5253921655789022,0.08706216521153753,0.18544034126346948,0.12731891482704785,0.1658636655492854,0.2485439220905349,0.0875420178738691,0.10959642837520801,0.11863572971802076,0.1831351293809633,0.15994366514887767,0.1369494357160108,0.15002498810635495,0.1131978479958001,0.17126563236194803,0.1904244115422725,0.17422612064255186,0.11313248304924622,0.2671372692515227,0.09650562883675491,0.17974026960505887,0.10174239456194123,0.16846252609179777,0.024946332264051237,0.2235440317487924,0.13665682903391793,0.12280876187846844,0.21644821339341835,0.1018512370889003,0.15737105818872882,0.2637497000716772,0.2068502274988354,0.15117599954819994,0.03913202768925262,0.1715876127861434,0.1715210793222735,0.1561846768116594,0.2255556904192661,0.15219829760744344,0.05191701354234801,0.021564873737482646,0.004441934018957099,-0.019239229544928325,-0.05784962173027168,-0.004440836572016583,-0.014465431667631016,0.03468543135779151,-0.05474943032568251,0.14255109392581347,0.02828893003978161,0.00248350086987799,0.1551534669228226,-0.34045939978051054
0.1589549790111611,0.3174570177312496,0.7581998643128888,0.21794229162216383,0.248073234621177,0.3152092911139302,0.08706216521153753,0.7319695011220093,0.13042706611067598,0.23391677586282275,0.21492466670433819,0.13864921062321864,0.12460117921438796,0.2183255869342415,0.1502705727387483,0.15607761623621,0.24388241283751344,0.26448115661732285,0.2693985984940797,0.21754814992200056,0.14073166547175237,0.1920431433636767,0.05852621632362415,0.14721095562204742,0.040412490931920786,0.2362931288230934,0.34029154316015536,0.14484457454109706,0.18295887255816348,0.13442033927273048,0.17091391894234395,0.19688146880398447,0.0954080173119491,0.2519852291983133,0.11129710569685922,0.05214897845014459,0.3203179546470425,0.2604222849364445,0.28323286024005856,0.19666537530799588,0.19615606100971905,0.20079178304535525,0.4658013684774259,0.10462512707428544,0.18881415654086905,0.04880927013081463,0.2681044905823861,0.1037729956078812,0.5544278327261182,0.1781396447858247,-0.01048733664612264,0.043814909768943505,-0.03764863644694994,-0.06766901345572714,0.037120363563277685,-0.0679460580869125,0.16863885455575733,0.3343632760147725,-0.34233444073195374
0.16566567431350976,0.357552926805989,0.47195224599920466,0.15353127885335527,0.1498103901720805,0.21431131991347863,0.18544034126346948,0.13042706611067598,0.6941743925495998,0.1668737077296775,0.1007064047656107,0.14201694701907647,0.10801959630997045,0.18108221773363384,0.18638437008853237,0.15213995065928598,0.14164291939733573,0.18851948337673136,0.19496832012977458,0.1518286791506245,0.19154598190156588,0.2428806140856118,0.19574232202684566,0.20229374117573676,0.25111435378395697,0.22636743565566486,0.2814833260410831,0.22072977881544179,0.1111848819598991,0.21430403998378228,0.22907110737575043,0.1821489841312867,0.2925738745638226,0.1732557590274936,0.15890705078953565,0.10523240805157681,0.3113680573802126,0.20207795957542513,0.20889820741435736,0.13139048054852628,0.018347305931520237,0.10848135378160123,0.4261249814376823,0.06347998131954227,0.2781887591334009,0.17319837259136756,0.20842544514688768,-0.06035192660912838,0.03849086876180071,-0.0942560668306759,0.02189448626932529,0.030829627919077653,0.040009700256014274,-0.09641046355581341,0.13306748485982184,0.15306662661784123,0.12766339412311328,-0.17510610356506037,-0.14723592173864272
0.15078172259698036,0.2666317524525086,0.7067399198477227,0.19513512146882306,0.09057409926053196,0.16943092109689648,0.12731891482704785,0.23391677586282275,0.1668737077296775,0.590513921353314,0.09643339286982477,0.1487229223582817,0.11547400285694864,0.1701684439080548,0.2202203390157436,0.12724026259552082,0.2243516601694073,0.271239264648762,0.14493786291413632,0.17767959452562657,0.1540003253064849,0.17985981895411354,0.22522934357422547,0.17625504780879797,0.18922382990223455,0.18371635446508405,0.24970248792093455,0.24208852865647387,0.1989803725575493,0.18668447916456843,0.189365379967995,0.16304280800059257,0.17545751773977147,0.27450982121795975,0.2712385090118437,0.07603023916476122,0.40098574906082385,0.200993430257019,0.20326344641999342,0.11036866579882995,0.24309105290617622,0.18365417183296637,0.2899381089355728,0.14520039639612314,0.12325226908268429,0.03428612302132102,0.23480165629248606,0.0813940908916193,0.38646930493602577,0.09860927048023838,-0.044046592994445015,0.06304461144141181,-0.01396539452200444,-0.028337058657384735,0.180420034518483,0.018432508968233386,0.03494974292859583,-0.23588903700586214,0.0984560967921651
0.14399365450220128,0.10139028449064721,0.45592381192688436,0.134382401624819,0.12352099564904,0.19456712686094024,0.1658636655492854,0.21492466670433819,0.1007064047656107,0.09643339286982477,0.4993119470264354,0.1971689747800267,0.09271875156617677,0.1024313857082499,0.21639075733080826,0.15725972651546793,0.24319983498946166,0.17230701453663871,0.11048519040492731,0.24345896227177619,0.18324820029107566,0.14328555936889864,0.20528698559206576,0.13056449761966835,0.30178789856133365,0.18809655660105326,0.25547991244457874,0.20804367709065488,0.23658099752977055,0.008356134485086136,0.22118456282272256,0.1365474569839144,0.1527428922730806,0.2046022038419617,0.24079655409799736,0.07067393157280785,0.22472581872339512,0.167191818039431,0.23038822955246527,0.1774638162489449,0.051793350309120696,0.27405851497572614,0.36866725980550974,0.00020564772603566317,0.2826692169592814,0.08044754359886437,0.11349988708908727,-0.0014191008851050146,-0.07802406528477834,0.043535120690740114,-0.03937893576563146,-0.05976283817312951,0.029834791300362797,0.0407703614734848,0.10154795427646802,-0.006953768267981466,-0.029735811426194924,0.20410721091432396,-0.23235776477286355
0.16187337986576897,0.24374216070508276,0.4524090165255441,0.2564130293600081,0.15943644242264698,0.1947594756752717,0.2485439220905349,0.13864921062321864,0.14201694701907647,0.1487229223582817,0.1971689747800267,0.49091207025998546,0.09936665702655877,0.13453343887749492,0.16610664721771287,0.1916163625574005,0.1669843393876362,0.11470086187798563,0.16273674356188558,0.11377661165718196,0.15002419558253416,0.1630546580908697,0.1142520146803493,0.11154910595381783,0.23283146745854083,0.12815876823284733,0.247613959320751,0.09291076563893531,0.1581801417008723,-0.02823180601367152,0.18573333407444953,0.16293798862198253,0.10818746053153079,0.18307446825216012,0.09393094483458614,0.1216966644906614,0.14565721345792212,0.17055803444629178,0.12287988741467211,0.06193067841965131,0.10476223566767245,0.1488313434784442,0.2500973391171328,0.12956324656033938,0.127845671537752,0.04836830552009551,0.0622250499684205,0.0349605045536245,0.3135215927038194,-0.10211528553900792,0.010012105903423324,-0.010012507969915435,0.011933422390678548,-0.029845913267007456,-0.009910990674661392,0.10199887402804475,-0.020333125674808487,0.16499972586330985,-0.2528020077875416
0.0666033177124188,0.1567904026604858,0.27040724511333264,0.14404071914593572,0.10715978776365205,0.12494606464651284,0.0875420178738691,0.12460117921438796,0.10801959630997045,0.11547400285694864,0.09271875156617677,0.09936665702655877,0.18966049029848212,0.09955187908793359,0.08186035201768062,0.1100803560288854,0.11406471754036639,0.11935697769729771,0.10548626941618805,0.09012448016484619,0.10481189092015399,0.16606307893820405,0.09736341276613478,0.09831133982456225,0.07969271241554697,0.1160728295822151,0.11060894861111847,0.10884156446077761,0.11834953369548094,0.04931334202115614,0.09774641181284409,0.11421714893022995,0.09550930830200037,0.12293722418718576,0.11301726441212247,0.07566981094887441,0.14482010325717543,0.1000381201483785,0.15934261336536126,0.05853024206095497,0.10831934950188789,0.10789827964591364,0.13117585225494757,0.11386269539089863,0.0681762851240464,0.05386265781758722,0.09444851423759208,1.701420503573341e-5,0.18623465404381367,0.08864089479363917,-0.0004856734743332736,-0.05262409573560312,-0.02540383364486034,-0.023890302200989935,0.008051177317001099,-0.01079135744061934,0.010378617207972101,-0.11645018839462834,0.10969053738778907
0.1523456148737718,0.11535200427382096,0.3221897618086234,0.34911863207997185,0.180331676431057,0.2214545408916505,0.10959642837520801,0.2183255869342415,0.18108221773363384,0.1701684439080548,0.1024313857082499,0.13453343887749492,0.09955187908793359,0.4153308064741338,0.19275483221472556,0.23430349572389503,0.18307653074726646,0.17399616834646145,0.19852732113243032,0.17349566184439993,0.15925614749368897,0.20629791089189475,0.17318824515179812,0.18103503548290079,0.22363397234430032,0.26857387529553434,0.21120056455760353,0.20015970273599923,0.1543273105746295,0.08481901919804621,0.1996998170736848,0.2879706425194565,0.13171820378967414,0.20089522673275587,0.1896867770001247,0.05956919547498435,0.20291849150649335,0.2406752864318823,0.21551661934579672,0.1422782487985929,0.2539422494771245,0.17260092671147045,0.30660554209277374,0.22271465596108958,0.12726139255413424,0.0038536886734305037,0.17692315180381643,0.09095748888497092,0.45542593106191437,0.09067573888543438,-0.03834925922003499,0.0035461726863116,-0.00961883441153315,0.009088507546832665,-0.011776108779263201,-0.06275288078292918,0.13573696523679907,-0.06528704741594749,0.08229395874361017
0.16229674604302585,0.28743976845219005,0.4644141835347865,0.14081701903648436,0.1472180548241856,0.20729453412261986,0.11863572971802076,0.1502705727387483,0.18638437008853237,0.2202203390157436,0.21639075733080826,0.16610664721771287,0.08186035201768062,0.19275483221472556,0.5499483377125142,0.16211992307356615,0.21898813377811494,0.26639054016605246,0.17983792713469854,0.22441185823802753,0.19705601490922317,0.12266716109722157,0.322165671539216,0.1808490652106531,0.36821271038546893,0.2925085005841657,0.2473731949226991,0.32733300870293836,0.22635155318865638,0.16005001300319793,0.22325980457960867,0.16786868560201904,0.24487622178762758,0.2270700442080646,0.28400743305885595,0.025751215498908513,0.3370191532497517,0.11174069163191129,0.2949942504788362,0.16479634549232602,0.11578643847483745,0.20427078570850274,0.3684457604411531,0.018920341982959013,0.21681859026290215,0.058591791003709544,0.2206205326590436,0.0677268631367461,0.2944576643439174,0.24456477076939118,-0.11426674349337519,0.0982163004966728,-0.10542331629652768,-0.014147167510059793,0.15471545450401925,0.03341026773237775,-0.02332917827094476,-0.06071625833265373,0.014517271256951313
0.1292840649740368,0.23271194466484918,0.27989796835987374,0.2954746145030677,0.19328957530763577,0.17759194450835514,0.1831351293809633,0.15607761623621,0.15213995065928598,0.12724026259552082,0.15725972651546793,0.1916163625574005,0.1100803560288854,0.23430349572389503,0.16211992307356615,0.6469075126238868,0.10198775243219385,0.19044827181173715,0.23445937399264238,0.13491143386453372,0.1441662783450592,0.18680382098292445,0.13498813387363046,0.1515670256538024,0.23977516450245634,0.1736363675281562,0.21748742704459267,0.1424763813925286,0.16127974182524143,0.01586722935423382,0.16343217993042616,0.2251025359336957,0.10583318855697423,0.2275511747772425,0.1579508706824573,0.061137561174419694,0.16355337532786157,0.19099438387140294,0.23939324041519633,0.09380336290961779,0.18971816190435417,0.10348193886363052,0.3467005812930746,0.24531714165056123,0.11381471637194936,0.0587930592065282,0.12634692461247488,0.04722621602114164,0.2863078347633997,-0.23242455509280732,0.005865310188480443,0.05024456259284717,0.03143145440769717,-0.0789502569400646,-0.019764351710629395,0.00795724981623937,-0.024123787367085286,0.10985970017986488,-0.011859017377852046
0.13029153317479383,0.021036632893779144,0.5378748925206588,0.2504897431934147,0.14521693916304293,0.2091973544146988,0.15994366514887767,0.24388241283751344,0.14164291939733573,0.2243516601694073,0.24319983498946166,0.1669843393876362,0.11406471754036639,0.18307653074726646,0.21898813377811494,0.10198775243219385,0.7673609155366753,0.18488449875988633,0.2186246484170927,0.33518306882511895,0.27540239636348113,0.14844770092152476,0.3136216405142536,0.18613294824396848,0.44987088870554887,0.11791071406495937,0.2847811699073854,0.46799384175417147,0.24160110753267347,-0.02896244617811533,0.35031859231453866,0.13503527870136425,0.3067221759632382,0.21041755306865126,0.36451002849446495,0.03552172841352329,0.5879332969308206,0.42039382429632244,0.25303617757666524,0.1771155169153423,0.32493635584958475,0.5786552379658101,0.4048096998462338,0.21458864566578942,0.5077431981063014,0.014359729713660977,0.1504390492867446,0.20629344195867105,0.11316270945514655,0.5028281116061574,0.006129514524972786,0.01850510057324546,-0.13793989306562615,-0.04532458300214849,0.07786973979647989,-0.11818380599469669,-0.037676793926870775,0.07754297772038501,-0.01834559561491702
0.17909260461526802,0.45171208766414933,0.5619230211582897,0.15972980712618767,0.1868984884260605,0.22007409548957174,0.1369494357160108,0.26448115661732285,0.18851948337673136,0.271239264648762,0.17230701453663871,0.11470086187798563,0.11935697769729771,0.17399616834646145,0.26639054016605246,0.19044827181173715,0.18488449875988633,0.8259874180235682,0.2367476500191833,0.09289704726425335,0.2167297009762103,0.276267740809795,0.2782776534819488,0.15688299186459215,0.15588338917011513,0.4651542164500538,0.14729222185596105,0.2566334414019596,0.22561297856128174,-0.044380886677481024,0.1990464863102698,0.1628905159793531,0.2041158871541098,0.26047235465716945,0.1765780009303555,0.044490544953902186,0.3590096750195408,0.18845768355463421,0.26922542171763103,0.13772576435960923,0.21557693587652546,0.20514953580647122,0.2982850752715354,0.09045714165038307,0.21132810546238262,0.1350259861503953,0.3532976714036361,0.03893560688489912,0.44693087019085376,0.16718405261638747,0.01524484162035876,0.19630098496327641,-0.09950024487513985,-0.13360114159962924,0.07256031775219443,0.04478341086437721,-0.035867224203852195,0.1451411891027717,-0.1381507468555844
0.17263181648646925,0.35776784819551316,0.6812349522795595,0.2221435179813323,0.38606418479444826,0.380103388504219,0.15002498810635495,0.2693985984940797,0.19496832012977458,0.14493786291413632,0.11048519040492731,0.16273674356188558,0.10548626941618805,0.19852732113243032,0.17983792713469854,0.23445937399264238,0.2186246484170927,0.2367476500191833,0.843389625032414,0.059785987258534866,0.22418632806075287,0.24173595727820177,-0.06692744804271532,0.19497971674128212,0.16318240199176273,0.09628274901550861,0.28051479304662086,0.27095370178316874,0.08714736486810891,0.128106729803547,0.25506475661919004,0.20791824078607166,0.24495131395742448,0.14989563316891752,0.10612453856040502,0.10180543795216014,0.33740311612966933,0.3839758221628368,0.2786534980923993,0.11457540453674692,0.2026609261969086,0.11140481703541771,0.4306487536943709,0.2420241009717267,0.3167948698678463,0.10716235673688339,0.19411119595797713,0.09738169008835594,0.37548278082207137,0.14839421561337393,0.14723822929500052,0.218783507287417,-0.18089949729923546,-0.133782538307958,0.004998911501602012,-0.04574239208823685,0.10146323756934475,0.019309921497170326,-0.045126841046604915
0.10164304970085361,-0.04648257284379538,0.374235354367347,0.1958517375522784,0.118240159831094,0.22612726354117357,0.1131978479958001,0.21754814992200056,0.1518286791506245,0.17767959452562657,0.24345896227177619,0.11377661165718196,0.09012448016484619,0.17349566184439993,0.22441185823802753,0.13491143386453372,0.33518306882511895,0.09289704726425335,0.059785987258534866,1.1046432873346956,0.13937329903094006,-0.06453500934720065,0.2869105127107979,0.21626948978553515,0.3674974910565847,0.2692871464737114,0.10351285044809158,0.32412396212779904,0.43380055753998253,0.32100435933291877,0.17799678402566987,0.17639689573528466,0.18196288000227445,0.39992496680475775,0.4069642972862657,-0.19062440725136692,0.7668793135475378,0.3082024853644327,0.4740015648968789,0.3144868724331472,0.08900514690288311,0.3772582454243371,0.4889964671718987,-0.03436925106208486,0.420790571323652,-0.0259675563631981,0.21457014338853572,0.27688045818410567,0.49387876839223077,0.2831938187300903,-0.14550164368961674,-0.08482155666433856,-0.028836460883307703,-0.027374158058714296,0.2808590419284505,-0.12140603117100618,0.12891708964512488,-0.1938187070953926,0.05225518166089207
0.14131000545931616,0.39934348735225283,0.4101110437890514,0.23161934437168558,0.16071321713911765,0.1818322700080619,0.17126563236194803,0.14073166547175237,0.19154598190156588,0.1540003253064849,0.18324820029107566,0.15002419558253416,0.10481189092015399,0.15925614749368897,0.19705601490922317,0.1441662783450592,0.27540239636348113,0.2167297009762103,0.22418632806075287,0.13937329903094006,0.4492648265934966,0.23527759626995703,0.1920732658774999,0.1612907749324356,0.26669511021952075,0.11694165350575572,0.24668844301590925,0.27677331315764314,0.19451471745962723,0.05619873121745485,0.35664303181031337,0.14747720262114314,0.2714120655625475,0.1453973630582878,0.23360015162560097,0.16743668730675992,0.3217252099755753,0.3135089292891108,0.25493999816296975,0.12873334343523204,0.24067699227878633,0.3027626786076035,0.35058777512898953,0.23936024861148295,0.397049092946225,0.07203146137180905,0.15921786431253546,0.0655078482422476,0.201120013538036,0.11888082110747439,0.022931072576129564,0.011723642944232861,-0.029594000957548182,-0.04789088378113798,0.04453795953901154,-0.015499696485719338,-0.11958305659185495,0.08039693078788855,0.012997064970045345
0.16792776211660906,0.342408669291465,0.4870583524040456,0.2539354272196871,0.21495046243391402,0.28239856286107057,0.1904244115422725,0.1920431433636767,0.2428806140856118,0.17985981895411354,0.14328555936889864,0.1630546580908697,0.16606307893820405,0.20629791089189475,0.12266716109722157,0.18680382098292445,0.14844770092152476,0.276267740809795,0.24173595727820177,-0.06453500934720065,0.23527759626995703,1.460377392332883,0.17292905662674676,0.1817059212952801,-0.18674776938813467,0.22610208680043092,0.39949848868516447,0.03913123106808012,0.0909777564455148,-0.007251207858728575,0.30153702504146823,0.26971783483028466,0.1906914555534669,0.14267006129327484,0.02354997044462745,0.5763903940598015,0.06508448300975717,0.3974600613612409,0.333594964703783,0.13757597312044087,0.1635816414147435,0.30229207482947673,0.3210478239576896,0.29740049192064694,0.08944423617944006,0.516963828801025,0.17555314483601975,-0.6224901286323784,0.40742136328585443,-0.1602087147661687,-0.008495865665771115,-0.32656981917585765,0.10665624895757655,-0.05514355830281201,-0.1319709900399504,0.05749613615395385,0.006390715585405988,0.029149955317812355,-0.0038009202727238723
0.1371363848989246,-0.5222194283962708,0.24379191289409086,0.237701991044631,0.08449541501960497,0.10457591181816098,0.17422612064255186,0.05852621632362415,0.19574232202684566,0.22522934357422547,0.20528698559206576,0.1142520146803493,0.09736341276613478,0.17318824515179812,0.322165671539216,0.13498813387363046,0.3136216405142536,0.2782776534819488,-0.06692744804271532,0.2869105127107979,0.1920732658774999,0.17292905662674676,1.703020771884496,0.2052996648410409,0.87448077425364,0.24080577352237775,-0.025703837887290658,0.4067960090889723,0.4160024469344411,0.1867094387269192,0.33526440023903314,0.0835811358345752,0.4284506496511138,0.3588998918130429,0.36348840966837287,-0.037884184374623174,0.630775921538017,-0.04684536777291933,0.6438107403714793,0.04067301933183832,0.28316563822645224,0.2605563286852691,0.03790903277623919,0.24609040448462244,-0.109623078096243,0.061662904095653476,0.2502888509760237,0.1489881930889037,0.23817188414650736,0.8415590851728746,-0.2160901338455431,-0.1847433008531024,-0.1538749964506578,-0.0835353957472516,0.425205183190918,-0.03424079821683218,-0.1511812663013431,-0.16216012176579295,0.050784110997280155
0.10139817587203626,0.14800260388095526,0.41202160294482554,0.22075476074807274,0.1366501338704901,0.19161018242160663,0.11313248304924622,0.14721095562204742,0.20229374117573676,0.17625504780879797,0.13056449761966835,0.11154910595381783,0.09831133982456225,0.18103503548290079,0.1808490652106531,0.1515670256538024,0.18613294824396848,0.15688299186459215,0.19497971674128212,0.21626948978553515,0.1612907749324356,0.1817059212952801,0.2052996648410409,0.4108121058861293,0.21784070255659024,0.07584309001730702,0.17876268224750722,0.34500305274921284,0.04824540414630143,0.49430476413882485,0.13450442023818346,0.24678057381806115,0.45344218648876755,0.12065471274444041,0.2764421404610536,-0.026073452425100358,0.4605943516584329,0.2772567257127714,0.21658527335501096,0.14586791792681303,0.06391897867473777,0.06269271215879832,0.39450220849056045,0.1509067055320863,0.27995270507916453,0.05740127080050714,0.32410584576634466,0.06911653355733506,0.32999687052677584,0.062320676852210384,-0.021399338591716662,0.014355862644450284,-0.0014576250426697255,-0.042296749409631774,0.11900809147043932,-0.04305966648947677,0.2188072122878122,-0.5444875637071186,0.3108355899043686
0.2375901546507682,-0.1252936019695125,0.3005450332891341,0.405817615481731,0.0710757638481549,0.19185767777878365,0.2671372692515227,0.040412490931920786,0.25111435378395697,0.18922382990223455,0.30178789856133365,0.23283146745854083,0.07969271241554697,0.22363397234430032,0.36821271038546893,0.23977516450245634,0.44987088870554887,0.15588338917011513,0.16318240199176273,0.3674974910565847,0.26669511021952075,-0.18674776938813467,0.87448077425364,0.21784070255659024,4.55476976853402,0.35762005774015626,0.527804378060886,0.34766121112197534,0.8440985407681069,-0.055864605444626576,0.7579444900830739,0.2172521387800731,0.27756425798787254,0.5747585510643453,0.46321025450088793,0.3210748443641852,0.3402014184651919,0.3958206909950233,0.5272611755251988,0.125959937018749,0.30947613538580043,0.4700237573958721,0.7495286704722104,0.33995649861819666,0.4983144373589908,0.20275469425982554,0.008233765461550533,-0.04628596390185308,-1.7904823373120495,-0.1850276334117637,-0.13850480047320707,-0.2434285033369973,0.01713569149333713,-0.030762106859147022,0.46200676483981223,-0.14848259494598115,-0.09836072448428548,0.08343668335928929,-0.1992047446073779
0.1648168849245138,0.08350383313248826,0.37564140286968095,0.16332952714403773,0.16403901944212493,0.2629878257495155,0.09650562883675491,0.2362931288230934,0.22636743565566486,0.18371635446508405,0.18809655660105326,0.12815876823284733,0.1160728295822151,0.26857387529553434,0.2925085005841657,0.1736363675281562,0.11791071406495937,0.4651542164500538,0.09628274901550861,0.2692871464737114,0.11694165350575572,0.22610208680043092,0.24080577352237775,0.07584309001730702,0.35762005774015626,1.6929085113317188,0.14820728229237018,0.2591131810057269,0.1977416385750237,-0.5318532311953931,0.20013479092126032,0.29654503960408196,0.11224979175788592,0.2531564862834369,0.17337663634587905,-0.030875230873324364,-0.11012198834167897,0.04331095601624836,0.4241993730802203,0.3014686672826287,0.13239375767629677,0.39998327175642945,0.38455695120003214,-0.1185610636841216,0.2060125246088217,0.02376850565882192,0.020459509031603307,0.06583448160938556,0.7363550727726564,0.46031483532458906,-0.26524180802941805,0.01500654724703355,-0.23850591813917543,-0.10593980189531943,0.08628715165208438,0.0653605211694846,0.007793579803114427,0.12947421587523875,-0.08530383255314962
0.2592030751547572,0.6608464816450762,0.7384448966653366,0.12078931403309694,0.11674579402882372,0.22497831115942774,0.17974026960505887,0.34029154316015536,0.2814833260410831,0.24970248792093455,0.25547991244457874,0.247613959320751,0.11060894861111847,0.21120056455760353,0.2473731949226991,0.21748742704459267,0.2847811699073854,0.14729222185596105,0.28051479304662086,0.10351285044809158,0.24668844301590925,0.39949848868516447,-0.025703837887290658,0.17876268224750722,0.527804378060886,0.14820728229237018,2.0943038431406036,0.37919829930422033,-0.004969015142916214,-0.2823607063350513,0.5792689022130494,0.25809873589612725,0.25374048972807206,0.17808254656708924,0.34086855677378114,0.5057142087261339,0.151967862816335,0.5079785820512656,0.2440916012471285,0.4393668430364645,0.38690277826643044,0.6003936168457009,2.0464939771141983,-0.2675761140923476,0.47451748458318393,0.2892837604951296,0.020619602269061555,-0.03206538179135638,0.24638744594919487,-0.33895477443855115,0.0027664958608548387,0.1926788125090401,0.09972350810330764,-0.013926611093330028,0.22976690458736082,0.07290596457419707,0.2126679411817518,0.2562335519645454,-0.2950701309488802
0.15933503477690802,0.11061259758805647,0.5407535485759992,0.14696610667791746,0.09082026206739736,0.20577216726437156,0.10174239456194123,0.14484457454109706,0.22072977881544179,0.24208852865647387,0.20804367709065488,0.09291076563893531,0.10884156446077761,0.20015970273599923,0.32733300870293836,0.1424763813925286,0.46799384175417147,0.2566334414019596,0.27095370178316874,0.32412396212779904,0.27677331315764314,0.03913123106808012,0.4067960090889723,0.34500305274921284,0.34766121112197534,0.2591131810057269,0.37919829930422033,1.560919556986655,-0.09574602273163177,0.29327065691705234,0.3857444743522791,0.15725346052857336,0.8677672596020906,-0.005014058837112515,1.1032047881575306,-0.3888022264893745,0.7916501649927263,0.25751730983067483,0.3644446705073882,0.2755148587151511,0.11990033228941471,0.2290914585447144,0.7818606014084595,0.10670947394444898,0.5912166250573411,-0.15432844285893563,0.317358313345913,0.33830097978217344,0.6390468139068991,0.5046591788820968,-0.15687605940018676,0.5023170909135602,-0.4446145544350534,-0.005204215391444951,0.42018601712297643,-0.042907551771438845,0.06625753735148249,-0.5099233457876662,0.3511135692632739
0.07899160929122623,0.14325955628987821,0.36653885146709103,0.2515419394561136,0.18248212452784135,0.28281194277808536,0.16846252609179777,0.18295887255816348,0.1111848819598991,0.1989803725575493,0.23658099752977055,0.1581801417008723,0.11834953369548094,0.1543273105746295,0.22635155318865638,0.16127974182524143,0.24160110753267347,0.22561297856128174,0.08714736486810891,0.43380055753998253,0.19451471745962723,0.0909777564455148,0.4160024469344411,0.04824540414630143,0.8440985407681069,0.1977416385750237,-0.004969015142916214,-0.09574602273163177,1.912020107433838,-0.16625000034246248,-0.051904224632377566,0.21560678474216644,-0.30756801258554706,0.8679784681286069,0.09028473942724384,0.3402002488101913,0.38021322655994655,0.002602416025895045,0.3741887293465822,0.13913992868065225,0.44992756715502535,0.48680403330951083,-0.1592830062814838,0.09049685044693571,-0.17807746015625625,-0.0432426542052913,0.02981457332780971,0.04297204726710149,0.2838208978660493,0.5571771214927186,-0.3155756615678469,-0.33363220091027523,-0.14734179783208023,0.04355035001374927,0.1457090830770635,-0.05677254265404465,-0.046133162432565156,0.18824841789095645,-0.18938704150561753
0.04415745256721097,0.1617295488471044,0.38429728401525376,0.14604927626552686,-0.025412054235616405,0.12525600275998705,0.024946332264051237,0.13442033927273048,0.21430403998378228,0.18668447916456843,0.008356134485086136,-0.02823180601367152,0.04931334202115614,0.08481901919804621,0.16005001300319793,0.01586722935423382,-0.02896244617811533,-0.044380886677481024,0.128106729803547,0.32100435933291877,0.05619873121745485,-0.007251207858728575,0.1867094387269192,0.49430476413882485,-0.055864605444626576,-0.5318532311953931,-0.2823607063350513,0.29327065691705234,-0.16625000034246248,3.5901805228371546,-0.0384385254144198,-0.04467791261419624,0.49288350624641397,0.09384304775643883,0.593718165110427,-0.1336434774209518,1.4181336500779518,0.16686815111882503,0.14078199881963,0.04158134861802304,-0.192509181775828,-0.9808266602773398,0.2437428861049755,0.22937031352914056,0.3556030227258106,0.07532402770512327,1.438929218263713,-0.012518338198096593,0.47153530238926317,-0.320787877290827,-0.13715376540900964,-0.14001339715919472,0.3430569753854906,0.06102049033418574,0.32515823968096225,-0.18270090272659423,0.07579629653967754,-0.6426369587105549,0.3702764070559681
0.1918956540274543,0.23468388662048112,0.40855369786689266,0.30541440867588354,0.1685163367382467,0.19245161148066384,0.2235440317487924,0.17091391894234395,0.22907110737575043,0.189365379967995,0.22118456282272256,0.18573333407444953,0.09774641181284409,0.1996998170736848,0.22325980457960867,0.16343217993042616,0.35031859231453866,0.1990464863102698,0.25506475661919004,0.17799678402566987,0.35664303181031337,0.30153702504146823,0.33526440023903314,0.13450442023818346,0.7579444900830739,0.20013479092126032,0.5792689022130494,0.3857444743522791,-0.051904224632377566,-0.0384385254144198,1.5067185744320963,0.1923109904906588,0.23332879699809786,0.27747651180183336,0.3923118174740926,0.6735259085285985,0.539789575637687,0.4873535821871859,0.3328533269088944,0.07950288559318801,0.6401716675115577,0.34021165918497437,0.24117420394543235,0.4734564279315394,0.21736457493370762,0.11768749290447188,0.06445129259702181,-0.015724179095703162,-0.286991763337369,0.16094711636986322,-0.04169744380691354,0.1545710805379771,-0.10136911372267794,-0.05471345249879499,0.21061569321800974,-0.02964270292598317,0.005182379229900685,0.14872641839850176,-0.2768683839052044
0.13006591869888448,0.15079112327014707,0.3741801488813038,0.30159494506681417,0.211924324532472,0.2663462044585809,0.13665682903391793,0.19688146880398447,0.1821489841312867,0.16304280800059257,0.1365474569839144,0.16293798862198253,0.11421714893022995,0.2879706425194565,0.16786868560201904,0.2251025359336957,0.13503527870136425,0.1628905159793531,0.20791824078607166,0.17639689573528466,0.14747720262114314,0.26971783483028466,0.0835811358345752,0.24678057381806115,0.2172521387800731,0.29654503960408196,0.25809873589612725,0.15725346052857336,0.21560678474216644,-0.04467791261419624,0.1923109904906588,0.6338446839982076,0.04805545271239263,0.28538679859781313,0.13460587540045318,0.12679353878777577,0.020392121906487995,0.2555114793155518,0.24312694778767463,0.15143598104166697,0.20641970066959286,0.12452925449845922,0.29682441336077336,0.1970623546302308,0.06406207020251518,0.022044855211970655,0.09108303007408808,0.001946521873856845,0.366291084730609,0.10480917007170006,-0.008512129376901828,0.009021097113188334,-0.12777217424268283,0.02108438384159617,0.014058609923613694,-0.07841809971196947,0.47253549286123697,-0.46959435458187837,0.11226921689991524
0.15713096000965895,0.19653199296468368,0.4802628486507964,0.11799816089833652,0.09286826014179256,0.10106347035828979,0.12280876187846844,0.0954080173119491,0.2925738745638226,0.17545751773977147,0.1527428922730806,0.10818746053153079,0.09550930830200037,0.13171820378967414,0.24487622178762758,0.10583318855697423,0.3067221759632382,0.2041158871541098,0.24495131395742448,0.18196288000227445,0.2714120655625475,0.1906914555534669,0.4284506496511138,0.45344218648876755,0.27756425798787254,0.11224979175788592,0.25374048972807206,0.8677672596020906,-0.30756801258554706,0.49288350624641397,0.23332879699809786,0.04805545271239263,1.7697229495310884,-0.3096063308213974,0.1759220552924948,-0.399493119955716,0.6163451886709814,0.23717484474252135,0.11027111215815918,0.09168236291418942,-0.6553674782656609,-0.0965637706975083,0.6310237652028844,-0.1358301961374031,0.5385612957000733,0.13243248232369376,0.4009772304850966,0.04177585360707259,0.18945268628843173,0.09264438649041347,0.04033153293546748,0.1593727315088326,0.014436474720527089,-0.19694787893443855,0.3085764927260883,-0.004371899335360658,-0.03257835509251979,-0.5780330911378468,0.4551616536487812
-0.026790850056517258,0.15641503667343107,0.4495100434425209,0.4348509229040137,0.2635038924044521,0.3113030069680189,0.21644821339341835,0.2519852291983133,0.1732557590274936,0.27450982121795975,0.2046022038419617,0.18307446825216012,0.12293722418718576,0.20089522673275587,0.2270700442080646,0.2275511747772425,0.21041755306865126,0.26047235465716945,0.14989563316891752,0.39992496680475775,0.1453973630582878,0.14267006129327484,0.3588998918130429,0.12065471274444041,0.5747585510643453,0.2531564862834369,0.17808254656708924,-0.005014058837112515,0.8679784681286069,0.09384304775643883,0.27747651180183336,0.28538679859781313,-0.3096063308213974,1.8345270520490238,0.36517292771576704,0.23626390013663273,1.1043856482411403,0.1310456182922544,0.2872734468304924,0.08207464823931598,0.5632709794817358,0.43600977024231313,-0.16198181494235814,0.4143604324827828,-0.19942935539645404,-0.2115997140707331,0.18878548999146347,0.09181462238100203,0.18460531825313561,0.152425773208479,-0.23886511844018568,-0.2046953618955031,0.024419445913646635,0.0412625646787425,0.1970313544503898,-0.04022752908525638,0.026593760798840304,0.0906099704928163,-0.17713594630066687
