1.7122135975670167,0.4609537302530621,1.1032780583801907,-0.21198157974389828,0.4520944609937231,0.24878574401854833,0.5145482430172282,-0.0789756530146705,0.10920856566718366,0.20512555295538734,0.19191786346589046,0.2552620793130039,0.1327811860795562,0.17957592951273574,0.21838797430359108,0.15857638415104713,0.2511920205065,0.11012437103069006,0.11747574130937921,0.20733670764985312,0.2135241961978187,0.15868545817273355,0.017740052427519453,0.09951389123632595,0.1347655373015092,0.17623535620186714,0.2553940162387396,0.19780665557276111,-0.001604593336546239,0.1533030446600262,0.20931029259066397,0.1618163407765298,0.3229021489807312,-0.184728888031111,0.035951304004622375,0.18143788903204208,0.1423686455486709,0.12296367944836498,0.21082551711776684,0.16843339951093722,0.2769756770800556,0.09186365077180217,0.023419027081390542,0.018743713755036587,-0.18839787202104816,0.1500244460855193,0.052616435003858215,-0.02436044194298558,0.8314669044653648
0.4609537302530621,3.0095673876928384,0.5624677104235277,-0.4542750703048491,0.24342210378114962,0.9535321667976677,-0.03675876671389414,-0.1737355851401345,0.08338995451626131,0.04004453792873394,0.17747915534270517,0.12131967480726288,0.07480434377860115,0.05218189559286567,0.11359598087653125,0.0702019552534598,0.1816989311126907,0.2613258526529766,-0.2017774889235833,0.3915520186346189,0.2952996480801342,0.09669172856782951,0.1217113556747394,0.13203461435356226,0.15087299477655491,0.10532348375913249,0.41134918058248887,0.2749225958399411,0.27721486925379946,0.270843811864965,0.2216350534898357,0.0623215974203482,0.3140067050281044,0.04094392660567446,0.08683462906752726,0.1462264909071292,0.6238963662542811,0.19742283283461776,0.27811171884898395,0.15460670195112197,0.2447054839169099,0.11491402458482185,0.2536972585571402,0.003209781461449932,0.09929883059414987,0.233094220420412,0.3902579933615762,-0.04350941015428015,0.931041640520187
1.1032780583801907,0.5624677104235277,2.970426406399027,-0.13409114363878502,0.3429202207098152,0.5443451538874551,0.3585583043235156,0.1599300956519933,0.30212012810578603,0.43659933646863425,0.3943963485295087,0.49967182592829235,0.28800053967331457,0.2650298563742505,0.4715803311400387,0.23524830208755698,0.46033757756227556,0.27364668339067166,0.33467700376307924,0.3822070572513958,0.3846650036645151,0.29464162977407127,0.22357590690471738,0.35461586665406736,0.3245548333616124,0.31387051789905906,0.5401959513343946,0.48976463272223103,0.22013631620709204,0.3392426646632392,0.3704009924331408,0.2484023601767796,0.5277238071643573,0.19271192904715076,0.4117085905200265,0.31557964279520795,0.44271607095273663,0.19981629505968718,0.4795231904697776,0.24981494305533086,0.326120370455427,0.3009016087928848,0.2989002921781161,0.010990263528245565,-0.13055565634505115,0.24381952918542635,0.3333886901153058,-0.033049192660133224,1.2706045201658254
-0.21198157974389828,-0.4542750703048491,-0.13409114363878502,1.555340221227967,0.2154725111327852,0.1256876964080633,0.365433575334782,0.5044642134578013,0.22565039508286067,0.2790967482834978,0.23043429923038702,0.32559861552079444,0.18449434190807365,0.34128078289829344,0.20233670890639727,0.28558669183552826,0.2488809697434668,0.2472224893576899,-0.061575107292867234,0.2569577373594199,0.17125576005855325,0.22705515112964156,0.32712946785505853,0.2576524788943337,0.27208638565686677,0.2839344097032632,0.01742844886540165,-0.012678431575814362,0.3850573988525309,-0.05953367183554378,0.17950272070643392,0.3530624887328995,0.08023320218726482,0.49886672260738096,-0.12612069183713928,0.2281249684325247,0.18782355772812528,0.15031138075696437,0.3333401134410616,0.03433009355116622,0.03193929701694524,0.05406501794258368,0.3054738770532996,0.07522531141901372,-0.0029198295902559774,-0.002244897892837199,0.12496580563120728,-0.04241041852848089,0.08374872925459305
0.4520944609937231,0.24342210378114962,0.3429202207098152,0.2154725111327852,1.4335640936040988,0.3043240072667975,0.34939766054881427,0.20345750927104925,0.2949696420466809,0.239269766686906,0.19440297795538589,0.271863241854003,0.16607282220602482,0.18490361338604572,0.1717294000457198,0.23143609688931152,0.19783091320042434,0.21314614365453824,-0.001978900177514176,0.27100427959753837,0.14778607821368106,0.22404019027396294,0.24553932014071142,0.15082349738225315,0.2147629637091641,0.2286548304806656,0.07222015543172734,-0.06830852392704481,0.30125337966172205,-0.06239236958282718,0.17736379220627513,0.2054293031185281,0.10413028648497241,0.32300742525463305,-0.29797427571149926,0.2661663429194623,0.224107602553618,0.1379057670703179,0.25464755374043246,0.055285337918118696,0.14261471900141223,0.10829247203856919,0.14391131844932967,0.05559466472192459,-0.18169127818992212,0.06112291550353373,0.06644935262184742,-0.039703759432676324,0.39417885739806147
0.24878574401854833,0.9535321667976677,0.5443451538874551,0.1256876964080633,0.3043240072667975,1.3889676509222952,-0.0029285154441841717,0.035508715221888115,0.13033313659771462,0.0799170289786704,0.32055971173360287,0.22233092085524428,0.15977821451593271,0.23490567481922608,0.1512015629422133,0.21753933752010338,0.33694849603794,0.2559449024914611,0.28945024040604633,0.48306033546930993,0.4043734272231016,0.26183721765896345,0.2654764996666482,0.33553314185419797,0.23749921538035154,0.08322368837609728,0.18473377272029098,0.23003545587921195,0.3277195158239276,0.3051910514253038,0.3047945629216582,0.246219008649959,0.35533917641798274,0.2509305977469336,0.0023610203997031175,0.25148257623205367,0.5560245075196132,0.24532230677937364,0.6255292525942279,0.27489495258691443,0.29955450494896885,0.10595049592326605,0.3877139621479591,0.06908730233544633,0.04317246306315717,0.14312043278933065,0.4536325949159476,-0.02356527031252913,1.323627828220104
0.5145482430172282,-0.03675876671389414,0.3585583043235156,0.365433575334782,0.34939766054881427,-0.0029285154441841717,0.8568079404512136,0.14969602373119428,0.20691399058570073,0.19973526727618227,0.1887174179824207,0.24585943273556474,0.1502049134564802,0.12768091890868796,0.12137640320328044,0.1916692392699371,0.28340115938174243,0.15261125400708703,-0.02534218838552265,0.2099102994657471,0.18555505537962771,0.21167831913024818,0.1918302174153232,0.18498771387115098,0.16923583026247305,0.17556492112517366,0.0943470500712271,0.10897023848260562,0.1633852621662016,0.02251631125312637,0.17028192315466473,0.14779432115559674,0.21375324556903536,0.2225057322618093,-0.016772446530094465,0.14584050842170815,0.23505803115343143,0.12011866973679798,0.23195173474297479,0.05249591140698847,0.0932150748245648,0.11257996746108251,0.16920313037695403,0.04220399374815114,-0.0748124697014213,-0.010328746990589863,-0.06468934148495112,-0.01101732559994801,0.42386793620966795
-0.0789756530146705,-0.1737355851401345,0.1599300956519933,0.5044642134578013,0.20345750927104925,0.035508715221888115,0.14969602373119428,0.8748420440170616,0.1642648668187409,0.2908006827375542,0.23244677887418866,0.24829668752577447,0.1883780050363118,0.19944859914914354,0.1775324215605202,0.14373145915468147,0.21915961022182426,0.25372803085535084,0.05532049405424138,0.1839624969967322,0.15381280469266978,0.1537018816465902,0.22663781680385428,0.167413456736249,0.2921729096970117,0.36212124823433267,0.20642346856178306,0.12032514383837635,0.2712102174430852,0.02557007864033933,0.17463640323632082,0.19577947522405048,0.06095319796411602,0.3688308549241083,0.29455636577120425,0.1169640657871757,0.13281471444827597,0.09602386855521651,0.2741334212079187,0.09343853046131177,-0.003897302388903202,0.09809250795223334,0.2731796120132352,0.027454652736759195,0.047723240594980405,0.06197344769911553,0.21955497955419248,-0.00915509250695749,0.29329157737262984
0.10920856566718366,0.08338995451626131,0.30212012810578603,0.22565039508286067,0.2949696420466809,0.13033313659771462,0.20691399058570073,0.1642648668187409,0.6995948428597132,0.14071832285578634,0.14637480033430925,0.1579448096806468,0.1437928695578207,0.16239891396954817,0.01631843014817129,0.11861281275520053,0.16917978539755255,0.17287407433194085,-0.09222072233791676,0.17732177845793237,0.15045970711284543,0.33400880807547456,0.21263449148686128,0.16778671583056826,0.13154060192935926,0.31041316654229045,0.1040363255231076,0.12235018928129654,0.13734772146787935,-0.04195731979631533,0.12423308921541275,0.17046304698954093,0.20376191168294508,0.17499205129016782,0.04087496200526487,0.09035589855211137,0.14501507441685324,0.09848230714844197,0.186180099549312,0.05594509952955358,0.023244247394707616,0.08455000921581808,0.13568632939535089,0.03124605641871399,-0.042008741815933906,0.07259609538422897,0.10061268204907255,-0.023364679715046886,0.03787525655587359
0.20512555295538734,0.04004453792873394,0.43659933646863425,0.2790967482834978,0.239269766686906,0.0799170289786704,0.19973526727618227,0.2908006827375542,0.14071832285578634,0.6695394243638806,0.21097171958010588,0.2689171473347264,0.16603350445006734,0.17231322300613122,0.2952870076333248,0.1603219803545454,0.21960601495661503,0.25587803550551647,0.0668215364756775,0.12783161463072168,0.12714393189195763,0.15919848801555628,0.2680498879727914,0.17521654266291645,0.25326656223826394,0.23893720809167546,0.23894897831349673,0.1486247022397727,0.31651929543150026,0.08080375185161516,0.15246509751491114,0.1833378026201984,0.08004882424962258,0.36068045541738775,0.2199515143661918,0.14676708883966652,0.15307032866203985,0.07655458441011018,0.2290152256692255,0.04796069229231217,0.04516601937050203,0.1273883825682854,0.20599634664068753,0.021635107751290034,-0.0453708442030923,0.08500605973484669,0.18374186524021358,-0.01626144543419054,0.3574181343734022
0.19191786346589046,0.17747915534270517,0.3943963485295087,0.23043429923038702,0.19440297795538589,0.32055971173360287,0.1887174179824207,0.23244677887418866,0.14637480033430925,0.21097171958010588,0.3947963438940739,0.23216827484081945,0.2287037602931079,0.17194448911029556,0.21830264324417323,0.17354531187408745,0.28893847169861503,0.23109590098299818,0.06398295723935908,0.3055457879719872,0.18820509824484333,0.17585907795259603,0.2203221319382116,0.2170466702552746,0.23566127345097448,0.2127211057682678,0.17668015369644327,0.20607045269927982,0.23094356022978935,0.12709002037011055,0.2078102509452964,0.17819428532027906,0.23398228915524902,0.22701521186523446,0.15900605136451418,0.1527692303237273,0.2967496535759805,0.15287315670358495,0.2940775930359384,0.11813434533152968,0.1024915202644154,0.12404376086694513,0.2528998502236913,0.033119279903523945,0.0187897599860631,0.10714744451769644,0.21946248519210532,-0.017693757411994252,0.4228714891114073
0.2552620793130039,0.12131967480726288,0.49967182592829235,0.32559861552079444,0.271863241854003,0.22233092085524428,0.24585943273556474,0.24829668752577447,0.1579448096806468,0.2689171473347264,0.23216827484081945,0.610304112437071,0.15421973466458946,0.24128016428417473,0.30662816011866456,0.1764692913813577,0.28626663970933625,0.16350574783903266,0.05929797442857499,0.25347754283781476,0.20415279322762947,0.14990898555648402,0.19529478138142198,0.21840791307416577,0.2732485687397684,0.29402093787136774,0.27127977368062195,0.20492514182658647,0.19046265435439552,0.07749442559380897,0.24242741396798445,0.255752857284514,0.23818873793929404,0.2625936553231531,0.23968397492269194,0.15301285568989187,0.19816173052294256,0.13688621446049973,0.3253188655048712,0.12156904616883393,0.12814855430332292,0.13573266521988897,0.20508294345159858,0.014826376643035627,-0.10798908493757185,0.10195553945840787,0.15044782570457876,-0.013069779781073194,0.9495600790679508
0.1327811860795562,0.07480434377860115,0.28800053967331457,0.18449434190807365,0.16607282220602482,0.15977821451593271,0.1502049134564802,0.1883780050363118,0.1437928695578207,0.16603350445006734,0.2287037602931079,0.15421973466458946,0.38246318131210516,0.12647709653136396,0.10352283169576255,0.1563781997047981,0.15632212186019662,0.1864497048939827,0.051986964610327015,0.17662961013930756,0.11205504982949403,0.1737227093292107,0.17025560789025387,0.16540868474079823,0.1673203565772859,0.227868361878763,0.14802167908563876,0.16627917867279823,0.1696849428162867,0.048677994515115675,0.1366778004449638,0.13318009865241626,0.19184360911919862,0.1773909953678007,0.14621389830690681,0.08639658091998564,0.1735174198551853,0.08448248538997492,0.19726649084696563,0.05117198299530994,0.023110268893448218,0.09025769760303046,0.17808382729424685,0.03488561966003187,-0.04149440624772577,0.08084628577594365,0.13423348702150226,-0.016853413561240652,0.27661144363053997
0.17957592951273574,0.05218189559286567,0.2650298563742505,0.34128078289829344,0.18490361338604572,0.23490567481922608,0.12768091890868796,0.19944859914914354,0.16239891396954817,0.17231322300613122,0.17194448911029556,0.24128016428417473,0.12647709653136396,0.4725061807965073,0.23370844551502212,0.23866618059252412,0.18317201415609696,0.1570720763989846,0.08640166758557895,0.24402546992347704,0.1682056780738201,0.19115728087801787,0.207980192534271,0.24840519264653677,0.2146367981812964,0.252208530020298,0.18809567983144396,0.17343826054785186,0.2257758862461625,0.09532997163869876,0.20891208887888418,0.44605096773690206,0.17110198272067098,0.26310026096148614,0.15407277106376932,0.16428472486193685,0.14832928911255922,0.14848793159924784,0.3775508973820134,0.11704930475460405,0.1347657317032927,0.08513897454807307,0.2170481151599393,0.03200149565579209,-0.079625587869128,0.06770140860450077,0.1876102554586477,-0.022482588204055996,0.7806482344426644
0.21838797430359108,0.11359598087653125,0.4715803311400387,0.20233670890639727,0.1717294000457198,0.1512015629422133,0.12137640320328044,0.1775324215605202,0.01631843014817129,0.2952870076333248,0.21830264324417323,0.30662816011866456,0.10352283169576255,0.23370844551502212,1.0064048204305005,0.13028767927563184,0.2128771480784163,0.3208061156033505,0.019934977454757426,0.32982460554820764,0.21965375628337672,0.013232915555597715,0.3140708898869083,0.25453981756528266,0.3398242524442257,0.19570993066294326,0.1872070360456462,0.3054224132962406,0.34584860819240504,0.3255789473726469,0.2547516698894364,0.2344627115645698,0.2781386055270837,0.281352716594542,0.2749702788365611,0.23790841673638566,0.2983993533455076,0.18189563690910884,0.2923675638077395,0.1589666105956124,0.2645549894955669,0.21869934376589323,0.3026853223751559,0.01987780214308232,-0.029897848929105946,0.13808383868259316,0.3223629515043008,-0.011971590437442977,0.8173321304460581
0.15857638415104713,0.0702019552534598,0.23524830208755698,0.28558669183552826,0.23143609688931152,0.21753933752010338,0.1916692392699371,0.14373145915468147,0.11861281275520053,0.1603219803545454,0.17354531187408745,0.1764692913813577,0.1563781997047981,0.23866618059252412,0.13028767927563184,0.6537903511607203,0.227016046582129,0.21758980629546434,0.1251956138544336,0.212721417007488,0.1428593704875631,0.33221216877928145,0.2577095119837026,0.21892917148956864,0.14821468736072463,0.26202141347686897,0.187185952428177,0.22567828977374135,0.1495044119437862,0.04619441722887485,0.1711688803275616,0.23764358832299243,0.1678173827987346,0.25560016170908095,0.2826377398128681,0.05113909010633664,0.2562830661294474,0.11414825676049481,0.36476341778523275,0.14843354791185726,0.01801253369148403,0.10615047556621207,0.2688212646996002,0.029435306970068298,0.042287940380925995,0.06276525393147638,0.16130372171405158,-0.0002642986076769306,0.5585137422548015
0.2511920205065,0.1816989311126907,0.46033757756227556,0.2488809697434668,0.19783091320042434,0.33694849603794,0.28340115938174243,0.21915961022182426,0.16917978539755255,0.21960601495661503,0.28893847169861503,0.28626663970933625,0.15632212186019662,0.18317201415609696,0.2128771480784163,0.227016046582129,0.7100235900238928,0.2236643249582681,0.10262561906594234,0.3923597170740711,0.21860348612041236,0.25548573232780736,0.24712446023107015,0.25908219394966375,0.2713443470861231,0.18434607514606124,0.21257978031377753,0.2937321231168225,0.20381949420758647,0.126834908380188,0.24776885818483066,0.18282069848623125,0.3350014462256981,0.2515908204126876,0.19927589650941696,0.1055674861468526,0.4712193477689171,0.19753824264220882,0.412822031635364,0.15279596458652578,0.10166655545581614,0.1278187307156561,0.31751458597675364,0.0211673458825635,0.06843330744158467,0.12316378928636583,0.21725432704145828,-0.015113393011612436,0.7474191515491523
0.11012437103069006,0.2613258526529766,0.27364668339067166,0.2472224893576899,0.21314614365453824,0.2559449024914611,0.15261125400708703,0.25372803085535084,0.17287407433194085,0.25587803550551647,0.23109590098299818,0.16350574783903266,0.1864497048939827,0.1570720763989846,0.3208061156033505,0.21758980629546434,0.2236643249582681,0.7874784626299701,-0.04709918971338064,0.21438560199822032,0.2548679608903328,0.21312378291084108,0.6194304712939024,0.2041455487513479,0.3203753088297875,0.4051887211811331,-0.056514032866943446,0.25974178206356635,0.4123237784001221,0.08482282069814512,0.21365661415999745,0.14857204653855433,0.23170343230698778,0.33946275953737615,0.228025261933829,0.08541474088792544,0.3562341801607747,0.10650715166983987,0.4912730729774815,0.1868830908603322,-0.04549497131593048,0.07879418474166115,0.4276679043643959,0.06024460393096444,0.2711720349415789,0.03894887720406527,0.4314800111147046,-0.0018995383808421498,0.43100881843020955
0.11747574130937921,-0.2017774889235833,0.33467700376307924,-0.061575107292867234,-0.001978900177514176,0.28945024040604633,-0.02534218838552265,0.05532049405424138,-0.09222072233791676,0.0668215364756775,0.06398295723935908,0.05929797442857499,0.051986964610327015,0.08640166758557895,0.019934977454757426,0.1251956138544336,0.10262561906594234,-0.04709918971338064,1.2533402599954402,-0.1417130944957242,0.21560968891596008,0.13158668092824563,-0.26090124689743494,0.13174465556713996,0.028893328257202564,-0.1597640130577072,0.26819837981791966,0.1527881001829418,-0.05669108222118416,0.2273077065629941,0.19909776623377773,0.0695423594958325,0.19382287023384417,-0.00680198500561801,0.1270623763409027,0.2372417755321143,0.06109199592953374,-0.006891317807484069,0.33836585658741863,0.10217772674456412,0.21668418039517978,0.0862089745923263,0.01070369492947959,-0.008526112323980761,-0.13858751878534523,0.06158972869976534,0.05064822046947093,0.009051605993996225,0.5688492547033568
0.20733670764985312,0.3915520186346189,0.3822070572513958,0.2569577373594199,0.27100427959753837,0.48306033546930993,0.2099102994657471,0.1839624969967322,0.17732177845793237,0.12783161463072168,0.3055457879719872,0.25347754283781476,0.17662961013930756,0.24402546992347704,0.32982460554820764,0.212721417007488,0.3923597170740711,0.21438560199822032,-0.1417130944957242,1.1828359738318426,0.12850289931591008,0.1647454184530668,0.42490129691955525,0.33814179952480417,0.32835926672983334,0.22807744514488956,0.009058343734567943,0.3342214885611521,0.29413340154078127,0.3609494828165329,0.2476226956083517,0.25859083768752583,0.4391362212822773,0.3084950966731516,0.1574596068102836,0.02852484254555987,0.8333902823992669,0.4840890030358838,0.5150500092149854,0.28132080823660993,0.16767043269227774,0.16048737723673764,0.6897855754152197,0.04755210908442898,0.4330870361951435,0.21266994385676302,0.2727271732666186,0.025357540341462873,1.2916537874573886
0.2135241961978187,0.2952996480801342,0.3846650036645151,0.17125576005855325,0.14778607821368106,0.4043734272231016,0.18555505537962771,0.15381280469266978,0.15045970711284543,0.12714393189195763,0.18820509824484333,0.20415279322762947,0.11205504982949403,0.1682056780738201,0.21965375628337672,0.1428593704875631,0.21860348612041236,0.2548679608903328,0.21560968891596008,0.12850289931591008,0.6746499178063592,0.1372415963804923,0.2599174265926714,0.20881024651616392,0.20878050612625226,0.12791283127473266,0.17297698751756127,0.2940777046942988,0.20661210405580932,0.33201894520847025,0.3273815176437058,0.16353388593235194,0.36991251877489906,0.15000015185326696,0.1919022221780696,0.3154554993152844,0.3171838307385566,0.11945785306082558,0.6324530485702822,0.34128519117871986,0.356241434763945,0.18769116998737992,0.28011519666990686,0.07227571071164816,-0.003967639811866696,0.044039729508322946,0.3381085350902118,-0.019691843193997468,1.0779978184385408
0.15868545817273355,0.09669172856782951,0.29464162977407127,0.22705515112964156,0.22404019027396294,0.26183721765896345,0.21167831913024818,0.1537018816465902,0.33400880807547456,0.15919848801555628,0.17585907795259603,0.14990898555648402,0.1737227093292107,0.19115728087801787,0.013232915555597715,0.33221216877928145,0.25548573232780736,0.21312378291084108,0.13158668092824563,0.1647454184530668,0.1372415963804923,0.831108279282439,0.3110870176060342,0.16748744627992795,0.171353730230466,0.2843096866086691,0.13702542471704493,0.16324780996643629,0.15091991692140092,-0.06102350023577551,0.11311223874302487,0.1928610059255549,0.17433924690402314,0.22650893807318967,0.17464148464792878,-0.025979800008460657,0.1834741081744216,0.07667449659015722,0.3412235033926974,0.13294715637358262,-0.043932460414199084,0.0905247203276551,0.14655023785684418,0.027243323387280003,-0.06466156767822216,0.05168163843397443,0.1127555031781726,0.015434733148777365,0.42398672068895177
0.017740052427519453,0.1217113556747394,0.22357590690471738,0.32712946785505853,0.24553932014071142,0.2654764996666482,0.1918302174153232,0.22663781680385428,0.21263449148686128,0.2680498879727914,0.2203221319382116,0.19529478138142198,0.17025560789025387,0.207980192534271,0.3140708898869083,0.2577095119837026,0.24712446023107015,0.6194304712939024,-0.26090124689743494,0.42490129691955525,0.2599174265926714,0.3110870176060342,2.060868334449717,0.5147073417748859,0.4192112104179501,0.10631106036219921,-0.09519231535217389,0.42916196373158993,0.7033294667946872,0.46640407705671216,0.004485189134427916,0.198723153209097,0.5103834407177837,0.579520130686826,0.3602265926343187,-0.13032824587657008,0.7306726162075277,0.15102914379259594,0.9405397630789455,0.40653614986409553,-0.10400412676015505,0.22335861568068668,0.6540537237865779,0.12488483080614782,0.1565192387030503,0.07356857920198394,0.5814246807735428,0.09019166228245072,1.3162025009227487
0.09951389123632595,0.13203461435356226,0.35461586665406736,0.2576524788943337,0.15082349738225315,0.33553314185419797,0.18498771387115098,0.167413456736249,0.16778671583056826,0.17521654266291645,0.2170466702552746,0.21840791307416577,0.16540868474079823,0.24840519264653677,0.25453981756528266,0.21892917148956864,0.25908219394966375,0.2041455487513479,0.13174465556713996,0.33814179952480417,0.20881024651616392,0.16748744627992795,0.5147073417748859,0.9272075295094898,0.2145139121324807,-0.11771673297496361,0.3734360529943589,0.5495986959469927,0.22569255437761312,0.6659167782998641,0.3396735004092242,0.27419387823785096,0.7441654486716829,0.26437489568707284,0.3830978212700717,0.25017128263863897,0.6079160943586791,0.25149556536242473,0.3262704521350019,0.08920954683952123,0.37651678435929625,0.3053034742799172,0.33846675398554593,0.049455541451383964,-0.2544135066263078,0.04199732933101463,0.4811347676469601,-0.0005871009788350594,1.077017006745422
0.1347655373015092,0.15087299477655491,0.3245548333616124,0.27208638565686677,0.2147629637091641,0.23749921538035154,0.16923583026247305,0.2921729096970117,0.13154060192935926,0.25326656223826394,0.23566127345097448,0.2732485687397684,0.1673203565772859,0.2146367981812964,0.3398242524442257,0.14821468736072463,0.2713443470861231,0.3203753088297875,0.028893328257202564,0.32835926672983334,0.20878050612625226,0.171353730230466,0.4192112104179501,0.2145139121324807,1.3754956498267346,0.22392588130998278,0.10811531925767244,0.19473670644188276,0.7560617062192814,0.30954457549226044,0.36372287637956724,0.22196340887848653,0.1125869992572008,0.43380539632074844,0.26045689234580316,0.3706921367349285,0.23098650533234444,0.1707578026990705,0.3538317190564035,0.2031524446539613,0.12934530314505313,0.1241426129615252,0.4048120430003624,0.03609512182412862,0.08380018395064602,0.05229837633427878,0.3186373449533584,-0.062251736452975555,0.5940267827080034
0.17623535620186714,0.10532348375913249,0.31387051789905906,0.2839344097032632,0.2286548304806656,0.08322368837609728,0.17556492112517366,0.36212124823433267,0.31041316654229045,0.23893720809167546,0.2127211057682678,0.29402093787136774,0.227868361878763,0.252208530020298,0.19570993066294326,0.26202141347686897,0.18434607514606124,0.4051887211811331,-0.1597640130577072,0.22807744514488956,0.12791283127473266,0.2843096866086691,0.10631106036219921,-0.11771673297496361,0.22392588130998278,2.5581606133725003,0.3947855585629486,0.2868091069305841,0.02984761190930992,-1.0739386794186343,0.19313880555468904,0.25911816751057526,0.05137196938385738,0.2714186659898544,0.4903698092600792,0.027694611641223894,-0.5262201428178639,0.06118494254451211,0.238116125532125,0.17026938679748363,-0.27134930152964126,0.061170047401374536,0.2654175120313073,-0.011643709478906809,0.014452296031311748,0.19881458713334438,-0.2817991201701631,-0.02716045095201993,0.3371940891121079
0.2553940162387396,0.41134918058248887,0.5401959513343946,0.01742844886540165,0.07222015543172734,0.18473377272029098,0.0943470500712271,0.20642346856178306,0.1040363255231076,0.23894897831349673,0.17668015369644327,0.27127977368062195,0.14802167908563876,0.18809567983144396,0.1872070360456462,0.187185952428177,0.21257978031377753,-0.056514032866943446,0.26819837981791966,0.009058343734567943,0.17297698751756127,0.13702542471704493,-0.09519231535217389,0.3734360529943589,0.10811531925767244,0.3947855585629486,2.99220688634183,0.7209180476655453,-0.35922898973634193,0.2850618667304357,0.545976486721866,0.20744136411400893,0.6268269460726118,0.10320850054689092,0.7109654019226401,0.7103469046431048,0.2586762670194751,0.18482948449984893,-0.046766002461923556,0.10131401390584485,0.5275053625935371,0.5077536606690704,0.1445223561377381,-0.14741981052157713,-0.6302108431415236,1.0321259385116077,0.2669740375468762,-0.19821683023948294,0.4858753087302155
0.19780665557276111,0.2749225958399411,0.48976463272223103,-0.012678431575814362,-0.06830852392704481,0.23003545587921195,0.10897023848260562,0.12032514383837635,0.12235018928129654,0.1486247022397727,0.20607045269927982,0.20492514182658647,0.16627917867279823,0.17343826054785186,0.3054224132962406,0.22567828977374135,0.2937321231168225,0.25974178206356635,0.1527881001829418,0.3342214885611521,0.2940777046942988,0.16324780996643629,0.42916196373158993,0.5495986959469927,0.19473670644188276,0.2868091069305841,0.7209180476655453,1.678683125224657,-0.2582018103457394,0.5193324866723892,0.4252919843191878,0.15918488582571474,1.3099981795152595,0.04200008419433016,1.033514007532859,-0.013126965447288327,0.818218109353528,0.24066929742629814,0.42283573981106876,0.17379428150082113,0.3273840086079228,0.5337090239230377,0.30729282334783364,-0.056511016617800156,-0.3179455665383959,0.029507035960061257,0.4841313510742221,0.08323763571030145,1.6286249422665653
-0.001604593336546239,0.27721486925379946,0.22013631620709204,0.3850573988525309,0.30125337966172205,0.3277195158239276,0.1633852621662016,0.2712102174430852,0.13734772146787935,0.31651929543150026,0.23094356022978935,0.19046265435439552,0.1696849428162867,0.2257758862461625,0.34584860819240504,0.1495044119437862,0.20381949420758647,0.4123237784001221,-0.05669108222118416,0.29413340154078127,0.20661210405580932,0.15091991692140092,0.7033294667946872,0.22569255437761312,0.7560617062192814,0.02984761190930992,-0.35922898973634193,-0.2582018103457394,2.6520064406564123,0.3528491299350115,-0.07249409885742178,0.26943160780620223,-0.41064551997113635,0.8264446999482289,-0.11242200854306053,0.39584105448666507,-0.07368259981326816,0.039841736865903525,0.3831604619756215,0.19398081932232428,-0.2426709546143506,-0.1326417081648579,0.2932974542234272,0.029684153848679194,0.23021273935426054,-0.09913853470744732,0.38324930045174427,-0.1297131317407925,0.17107435219983294
0.1533030446600262,0.270843811864965,0.3392426646632392,-0.05953367183554378,-0.06239236958282718,0.3051910514253038,0.02251631125312637,0.02557007864033933,-0.04195731979631533,0.08080375185161516,0.12709002037011055,0.07749442559380897,0.048677994515115675,0.09532997163869876,0.3255789473726469,0.04619441722887485,0.126834908380188,0.08482282069814512,0.2273077065629941,0.3609494828165329,0.33201894520847025,-0.06102350023577551,0.46640407705671216,0.6659167782998641,0.30954457549226044,-1.0739386794186343,0.2850618667304357,0.5193324866723892,0.3528491299350115,2.7115748030519846,0.28501834057500175,0.07478346632629275,0.547325785442693,-0.10531908608813431,0.5419059929151777,0.7073345105076276,0.9807222056130185,0.40120651373848154,0.030014949333917657,0.5127393520911164,1.2070335751882773,0.5845894706015473,0.999862075953917,0.23670343543150538,0.18202372467905595,-0.15029485693526706,1.3558494650600774,0.06842839314638925,1.1486642138006506
0.20931029259066397,0.2216350534898357,0.3704009924331408,0.17950272070643392,0.17736379220627513,0.3047945629216582,0.17028192315466473,0.17463640323632082,0.12423308921541275,0.15246509751491114,0.2078102509452964,0.24242741396798445,0.1366778004449638,0.20891208887888418,0.2547516698894364,0.1711688803275616,0.24776885818483066,0.21365661415999745,0.19909776623377773,0.2476226956083517,0.3273815176437058,0.11311223874302487,0.004485189134427916,0.3396735004092242,0.36372287637956724,0.19313880555468904,0.545976486721866,0.4252919843191878,-0.07249409885742178,0.28501834057500175,1.0615048777345857,0.23030113993359122,0.5263055083871983,0.16784869414128106,0.23775972287903613,0.7523100369126265,0.40143167694220466,0.2696467030853727,0.3540914646424745,0.06416743589699313,0.5431157627664144,0.25011560084390394,0.21747251429649297,0.04895661450161702,-0.24597058799563074,0.1096651135484695,0.27606939340818126,-0.09397970668046467,0.7365542674816901
0.1618163407765298,0.0623215974203482,0.2484023601767796,0.3530624887328995,0.2054293031185281,0.246219008649959,0.14779432115559674,0.19577947522405048,0.17046304698954093,0.1833378026201984,0.17819428532027906,0.255752857284514,0.13318009865241626,0.44605096773690206,0.2344627115645698,0.23764358832299243,0.18282069848623125,0.14857204653855433,0.0695423594958325,0.25859083768752583,0.16353388593235194,0.1928610059255549,0.198723153209097,0.27419387823785096,0.22196340887848653,0.25911816751057526,0.20744136411400893,0.15918488582571474,0.26943160780620223,0.07478346632629275,0.23030113993359122,0.594360536087309,0.15425151171014154,0.32503826724841256,0.1382177876205694,0.1820466899053281,0.10872029526353356,0.16460141868012207,0.4195589409150564,0.09758004738759575,0.14056015242742934,0.07370626097992433,0.21554250417109075,0.03427156815618109,-0.11880288292109117,0.05437631283060192,0.16648418317859762,-0.0306422728874824,0.856649265291085
0.3229021489807312,0.3140067050281044,0.5277238071643573,0.08023320218726482,0.10413028648497241,0.35533917641798274,0.21375324556903536,0.06095319796411602,0.20376191168294508,0.08004882424962258,0.23398228915524902,0.23818873793929404,0.19184360911919862,0.17110198272067098,0.2781386055270837,0.1678173827987346,0.3350014462256981,0.23170343230698778,0.19382287023384417,0.4391362212822773,0.36991251877489906,0.17433924690402314,0.5103834407177837,0.7441654486716829,0.1125869992572008,0.05137196938385738,0.6268269460726118,1.3099981795152595,-0.41064551997113635,0.547325785442693,0.5263055083871983,0.15425151171014154,2.473633758680014,-0.21760135515381143,0.28021756793791236,0.04454930636405037,1.155600053449245,0.3726396415756331,0.47419878712811153,-0.025681544946495417,0.6159696402110242,0.47765712312944697,0.20263084056045733,-0.03984744028731734,-0.9688685660776151,0.07164793411622777,0.4730120088625513,-0.001953498191662883,2.3478409596034933
-0.184728888031111,0.04094392660567446,0.19271192904715076,0.49886672260738096,0.32300742525463305,0.2509305977469336,0.2225057322618093,0.3688308549241083,0.17499205129016782,0.36068045541738775,0.22701521186523446,0.2625936553231531,0.1773909953678007,0.26310026096148614,0.281352716594542,0.25560016170908095,0.2515908204126876,0.33946275953737615,-0.00680198500561801,0.3084950966731516,0.15000015185326696,0.22650893807318967,0.579520130686826,0.26437489568707284,0.43380539632074844,0.2714186659898544,0.10320850054689092,0.04200008419433016,0.8264446999482289,-0.10531908608813431,0.16784869414128106,0.32503826724841256,-0.21760135515381143,1.4458874019164507,0.26863113801780286,0.11852629485650272,0.5300238625025683,0.14761099806829864,0.521529343655182,-0.1258563337642453,-0.17657835418599518,0.17863977490643845,0.5915183983930674,0.07057016976125144,0.13859122187017398,-0.15010679810886177,0.1535395961063779,0.008231386830218533,0.4654697305123219
0.035951304004622375,0.08683462906752726,0.4117085905200265,-0.12612069183713928,-0.29797427571149926,0.0023610203997031175,-0.016772446530094465,0.29455636577120425,0.04087496200526487,0.2199515143661918,0.15900605136451418,0.23968397492269194,0.14621389830690681,0.15407277106376932,0.2749702788365611,0.2826377398128681,0.19927589650941696,0.228025261933829,0.1270623763409027,0.1574596068102836,0.1919022221780696,0.17464148464792878,0.3602265926343187,0.3830978212700717,0.26045689234580316,0.4903698092600792,0.7109654019226401,1.033514007532859,-0.11242200854306053,0.5419059929151777,0.23775972287903613,0.1382177876205694,0.28021756793791236,0.26863113801780286,2.191232040184902,-0.3857100910529306,0.24786135532639025,0.05899072367946434,0.36552354703174006,0.3344820362836633,-0.1457514879806099,0.44563674342426934,0.40627726100827,-0.09379827474500319,0.3210340924225552,0.08001026804937988,0.4860983856406057,0.15787796538500315,1.2614319133288516
0.18143788903204208,0.1462264909071292,0.31557964279520795,0.2281249684325247,0.2661663429194623,0.25148257623205367,0.14584050842170815,0.1169640657871757,0.09035589855211137,0.14676708883966652,0.1527692303237273,0.15301285568989187,0.08639658091998564,0.16428472486193685,0.23790841673638566,0.05113909010633664,0.1055674861468526,0.08541474088792544,0.2372417755321143,0.02852484254555987,0.3154554993152844,-0.025979800008460657,-0.13032824587657008,0.25017128263863897,0.3706921367349285,0.027694611641223894,0.7103469046431048,-0.013126965447288327,0.39584105448666507,0.7073345105076276,0.7523100369126265,0.1820466899053281,0.04454930636405037,0.11852629485650272,-0.3857100910529306,3.084867383964485,-0.2332327016115365,0.2502950793864673,-0.28631799980536393,0.16755632095644044,1.0841136882872113,0.27483521713851616,0.26290883208588894,0.0883344341789166,-0.5525408654211212,0.294754839365615,0.37331749134862974,-0.48461471975895215,-1.444279524497698
0.1423686455486709,0.6238963662542811,0.44271607095273663,0.18782355772812528,0.224107602553618,0.5560245075196132,0.23505803115343143,0.13281471444827597,0.14501507441685324,0.15307032866203985,0.2967496535759805,0.19816173052294256,0.1735174198551853,0.14832928911255922,0.2983993533455076,0.2562830661294474,0.4712193477689171,0.3562341801607747,0.06109199592953374,0.8333902823992669,0.3171838307385566,0.1834741081744216,0.7306726162075277,0.6079160943586791,0.23098650533234444,-0.5262201428178639,0.2586762670194751,0.818218109353528,-0.07368259981326816,0.9807222056130185,0.40143167694220466,0.10872029526353356,1.155600053449245,0.5300238625025683,0.24786135532639025,-0.2332327016115365,3.5398487957488105,0.5809771031681092,0.696898424425229,-0.34832033991685796,0.5065242989163694,0.6790497870395682,0.9317203996526434,0.046599028630810425,0.6935978826912153,0.23126552976446862,0.7161152898989072,0.13623645388026132,1.3498895232059551
0.12296367944836498,0.19742283283461776,0.19981629505968718,0.15031138075696437,0.1379057670703179,0.24532230677937364,0.12011866973679798,0.09602386855521651,0.09848230714844197,0.07655458441011018,0.15287315670358495,0.13688621446049973,0.08448248538997492,0.14848793159924784,0.18189563690910884,0.11414825676049481,0.19753824264220882,0.10650715166983987,-0.006891317807484069,0.4840890030358838,0.11945785306082558,0.07667449659015722,0.15102914379259594,0.25149556536242473,0.1707578026990705,0.06118494254451211,0.18482948449984893,0.24066929742629814,0.039841736865903525,0.40120651373848154,0.2696467030853727,0.16460141868012207,0.3726396415756331,0.14761099806829864,0.05899072367946434,0.2502950793864673,0.5809771031681092,0.7316902762038088,-0.041836734083057985,0.015600496504408992,0.23479381629868418,0.27414463021099955,0.4876620882594075,0.13506175346527138,0.19371342583821335,0.17186275854776514,0.2571990169818256,-0.024407096356530752,0.4226748069287317
0.21082551711776684,0.27811171884898395,0.4795231904697776,0.3333401134410616,0.25464755374043246,0.6255292525942279,0.23195173474297479,0.2741334212079187,0.186180099549312,0.2290152256692255,0.2940775930359384,0.3253188655048712,0.19726649084696563,0.3775508973820134,0.2923675638077395,0.36476341778523275,0.412822031635364,0.4912730729774815,0.33836585658741863,0.5150500092149854,0.6324530485702822,0.3412235033926974,0.9405397630789455,0.3262704521350019,0.3538317190564035,0.238116125532125,-0.046766002461923556,0.42283573981106876,0.3831604619756215,0.030014949333917657,0.3540914646424745,0.4195589409150564,0.47419878712811153,0.521529343655182,0.36552354703174006,-0.28631799980536393,0.696898424425229,-0.041836734083057985,4.117784287311782,0.7594495963307403,-0.24717418611430142,-0.08028210642027747,0.5359815771663148,0.11103194558887342,0.5428773825945044,0.06908501551352782,0.34264232103022285,-0.04951838945506062,3.9214249596801776
0.16843339951093722,0.15460670195112197,0.24981494305533086,0.03433009355116622,0.055285337918118696,0.27489495258691443,0.05249591140698847,0.09343853046131177,0.05594509952955358,0.04796069229231217,0.11813434533152968,0.12156904616883393,0.05117198299530994,0.11704930475460405,0.1589666105956124,0.14843354791185726,0.15279596458652578,0.1868830908603322,0.10217772674456412,0.28132080823660993,0.34128519117871986,0.13294715637358262,0.40653614986409553,0.08920954683952123,0.2031524446539613,0.17026938679748363,0.10131401390584485,0.17379428150082113,0.19398081932232428,0.5127393520911164,0.06416743589699313,0.09758004738759575,-0.025681544946495417,-0.1258563337642453,0.3344820362836633,0.16755632095644044,-0.34832033991685796,0.015600496504408992,0.7594495963307403,2.881316275198584,0.04877640958570187,0.19438320923031857,0.2636076417148831,0.18248172440208812,0.7757257389046875,-0.06437121639892515,0.5058885507935099,0.20853592160095738,1.4566176072164374
0.2769756770800556,0.2447054839169099,0.326120370455427,0.03193929701694524,0.14261471900141223,0.29955450494896885,0.0932150748245648,-0.003897302388903202,0.023244247394707616,0.04516601937050203,0.1024915202644154,0.12814855430332292,0.023110268893448218,0.1347657317032927,0.2645549894955669,0.01801253369148403,0.10166655545581614,-0.04549497131593048,0.21668418039517978,0.16767043269227774,0.356241434763945,-0.043932460414199084,-0.10400412676015505,0.37651678435929625,0.12934530314505313,-0.27134930152964126,0.5275053625935371,0.3273840086079228,-0.2426709546143506,1.2070335751882773,0.5431157627664144,0.14056015242742934,0.6159696402110242,-0.17657835418599518,-0.1457514879806099,1.0841136882872113,0.5065242989163694,0.23479381629868418,-0.24717418611430142,0.04877640958570187,3.200041526017322,0.18154178118331007,-0.26724502732924504,0.20912257141356141,-1.9538131364519964,0.0686841791480675,0.5955459026171818,0.06356530328375896,1.602263961776895
