1.702979566426577,0.4359585509498841,1.098749765074353,-0.18246662147462492,0.4972545634101241,0.24423468232375,0.5439415312745632,-0.03492873651396774,0.11138593896200256,0.2035903935646019,0.19057277050669474,0.2508798023379088,0.13104973864627112,0.16526591950636965,0.20833854468267748,0.15887984446428766,0.2568156705815219,0.134215858392769,0.1040084892025576,0.20487743952503185,0.21919127934616878,0.15775228778243436,0.01888704958201371,0.09539778896972094,0.1394562384834773,0.18644870732317143,0.24902702554137618,0.17215129903233378,0.009458525885421001,0.14858897394370876,0.20966034369265948,0.1509947126336614,0.2904213992190888,-0.16690225065795564,0.030986235404844093,0.18932307256285585,0.13895376639781679,0.12151376042291852,0.20669123612907978,0.17221183236145532,0.26055306549103774,0.09417871891275782,0.0564425353050587,0.022198102797885852,-0.16459964276201988,0.14951379688143038,0.05843934984376663,-0.027039062442308318,0.786084783441036
0.4359585509498841,2.920987461895032,0.5249967066977728,-0.4112463203840524,0.2854302016653277,0.8936890074674155,-0.024000036360042505,-0.10997018658400341,0.06745567952479248,0.03350238812534128,0.17364103347746182,0.12489265165829373,0.07697257288566658,0.05336177396373959,0.1275583838271917,0.07990364513584837,0.1880032152310765,0.29181282594986213,-0.22404481586337044,0.39331565220044035,0.2930369319667109,0.08943046708936105,0.13466790257138445,0.12195070109192749,0.16126171021242242,0.10917608476745214,0.4012171596890469,0.2580847060621116,0.28343264019809106,0.2764921021257666,0.22241995313413693,0.05817888758551158,0.28487996974034463,0.06285123220686148,0.10079906941514205,0.152647286973092,0.6356897987973629,0.199404218064669,0.2912616770180216,0.16697939921786722,0.23274528158867613,0.12026252114168183,0.284870496398728,0.00604208086879956,0.1398614322496098,0.22886519625820095,0.40956184303093823,-0.044429070063107284,0.8886412146104145
1.098749765074353,0.5249967066977728,2.943478816309064,-0.07063366062548064,0.4409719954952235,0.5467714723949527,0.426513927258078,0.2496029337555006,0.3351428426045772,0.44073763949695505,0.39582645853298426,0.49140886701376274,0.27827712565184226,0.24162351145241878,0.4094218152260478,0.22768166150197097,0.46858946295884857,0.2981121929448504,0.3153570008485273,0.36987273521337405,0.4084570656835854,0.3078609119676922,0.21888009149691207,0.3403148909688904,0.32806987830908674,0.328109843299182,0.5302283934443531,0.4472408668089198,0.23855142221456382,0.30579108554376133,0.36871754675740104,0.2324300081973689,0.49699032955639044,0.22092225608712387,0.3668893261336506,0.3291351416896148,0.43070055767133725,0.19342851041441636,0.4653481245732892,0.2393901955121258,0.30717820593802087,0.2905474860255903,0.31002984335415706,0.017213870498834615,-0.15070909497341264,0.2373548200343175,0.32040253417701275,-0.03717493615203393,1.2023332877853061
-0.18246662147462492,-0.4112463203840524,-0.07063366062548064,1.5485285368635757,0.23983643896620102,0.16699411439081466,0.368395590500473,0.4878995917334958,0.21395036734615497,0.26682322539415365,0.232302268397025,0.33212281979907493,0.18577084246464942,0.333986616491357,0.19879821327216626,0.28640349908876267,0.2512703347267434,0.2566957625524411,-0.054104806469678385,0.2516876557288357,0.18936367133697096,0.22632019713342233,0.3177172469682809,0.26871332871054426,0.2706589261288166,0.28154502126238307,0.02500272310948104,-0.010590044406184078,0.38781963982354184,-0.06250984974460562,0.19083755506434105,0.3543558825323409,0.10210247536397421,0.48402297296365987,-0.14293070944983927,0.23313774100757925,0.17640884598175763,0.14665328569189187,0.3199903148414714,0.025909419253563992,0.042047896470777106,0.047895972223176056,0.28653113152431015,0.07684774381099803,-0.04545562311339801,0.01061420722324165,0.12800794529303877,-0.04502438513376938,0.14377057109350203
0.4972545634101241,0.2854302016653277,0.4409719954952235,0.23983643896620102,1.5181867089480905,0.3474911044740839,0.3669631049187563,0.21587286904017142,0.2672833175417143,0.22771461412829144,0.1981916555072016,0.281857194594086,0.1718992572849122,0.17254723621540544,0.175478923883841,0.2393276698412735,0.20722098047260362,0.25160345454923055,-0.007490842077039327,0.27353678304061335,0.16822162589217982,0.21700726315215088,0.2418456841414505,0.16145851706798553,0.22193991263530577,0.23494262534742502,0.08086189744533998,-0.07596060691135534,0.32324343918672455,-0.06640927256057766,0.1978404950319599,0.20560038672725944,0.11578595724364361,0.3253954593550046,-0.3212641507014498,0.28764578578650085,0.2298808327471263,0.13804385346010214,0.2531690674560309,0.046617522920307346,0.1454506661786647,0.10382703095940261,0.13833590072103377,0.058823604004508936,-0.2080049354714469,0.07713137698392177,0.08602993923555828,-0.04841581826705523,0.436367809724419
0.24423468232375,0.8936890074674155,0.5467714723949527,0.16699411439081466,0.3474911044740839,1.3330006281687088,0.013464052680717202,0.08957709109881822,0.11741237090668871,0.07638312272721941,0.3191781467265383,0.23597201524326777,0.16824596792857988,0.2375147402146437,0.171500650295488,0.2240147282820557,0.3411483610149087,0.2814880826616363,0.2624847185364951,0.47679681437128685,0.39967770144204073,0.24846004344833897,0.25967458430582374,0.33448475013774365,0.24292321268839234,0.08776447054159808,0.18415080108018653,0.21713614214382612,0.3325346624230121,0.2916659931323742,0.31257361650578125,0.24626094735182455,0.3466922350419596,0.26278608803752135,0.006314052042918169,0.25584862503708133,0.5545362276155557,0.24228846454190905,0.6142649561461383,0.2588698501364567,0.28658897030169445,0.10045342724465453,0.3805003073235769,0.06589266797131792,0.031750660012795306,0.13896726666597262,0.46236001382221875,-0.02905836596496751,1.2913387968711603
0.5439415312745632,-0.024000036360042505,0.426513927258078,0.368395590500473,0.3669631049187563,0.013464052680717202,0.899117698963685,0.16359347170552913,0.20633977893915384,0.19645395431128548,0.18968794181696158,0.24205518211101948,0.15108116200259758,0.10244891226130241,0.11110561013305084,0.1886186529390387,0.28684981434973456,0.17529823286325763,-0.027318486414408587,0.1947969231281055,0.20650685954528114,0.21066013964503005,0.17705779706090372,0.1858254536292385,0.16587986367234897,0.1862954093651131,0.0955139484057597,0.10644222210372069,0.16766026055349645,0.014849334201577153,0.17937407168408478,0.13834562872809122,0.22255602615125303,0.2178673602342165,-0.027020750244334733,0.1543007384984829,0.2231604255772354,0.11316605185220148,0.21751942656693388,0.042443113362037724,0.09107167540136629,0.10944798602553411,0.165721689162143,0.04513119179517803,-0.10360236325039861,-0.006698936408728609,-0.06434628952298159,-0.014909444706009719,0.4352134291498544
-0.03492873651396774,-0.10997018658400341,0.2496029337555006,0.4878995917334958,0.21587286904017142,0.08957709109881822,0.16359347170552913,0.8455235884579532,0.15899767739307433,0.2839868073535887,0.2377660817135353,0.2488569169182658,0.18618182574216938,0.18044424655189564,0.15710939255693035,0.1407510136579654,0.2211186145460634,0.25897070316844306,0.06957030162511638,0.17745423701790855,0.18199408663505004,0.15647684373713,0.21104865041068366,0.16361189789477845,0.28591618103847355,0.364276748741887,0.21473432524120944,0.1275942249321253,0.27245909833255644,0.025436412314720623,0.18210430580681633,0.1916270793709996,0.08436542875266752,0.34882615579806336,0.2722597811616446,0.12746373393314575,0.12861359864249539,0.09253732043973961,0.27607626697533155,0.09658000762609854,0.01384309663654459,0.09341697867259449,0.25603663031850604,0.030690316210934158,0.0008441121009104496,0.07305195940309489,0.2158179837210305,-0.011127958904611742,0.3722579862097027
0.11138593896200256,0.06745567952479248,0.3351428426045772,0.21395036734615497,0.2672833175417143,0.11741237090668871,0.20633977893915384,0.15899767739307433,0.6899932122004282,0.14930811214601034,0.14732509328090923,0.15909555860166671,0.1400296609348847,0.15365760135590364,0.018427670831915363,0.12565827263603702,0.17030151384033082,0.1856875669339858,-0.08566950482483615,0.1644566777008497,0.16299670096784524,0.33493977207158715,0.21157207151204654,0.17466132540231213,0.13039590960718375,0.3247642097912974,0.11121306902429817,0.13328965639562404,0.13374578168805282,-0.04047894548604024,0.12992162772593668,0.17292026772511299,0.211053157538135,0.1660639792458403,0.058749643177991105,0.08868722205204982,0.12541313308796356,0.09303142019165869,0.17608830434980674,0.0566592616079742,0.021008199852312608,0.08673216609959908,0.13992128163112544,0.032033502379666866,-0.053370031449574355,0.08013027943094729,0.10174369270649845,-0.022923119661828736,0.049685804296449754
0.2035903935646019,0.03350238812534128,0.44073763949695505,0.26682322539415365,0.22771461412829144,0.07638312272721941,0.19645395431128548,0.2839868073535887,0.14930811214601034,0.6955995367734296,0.21808297657952458,0.26838844052109345,0.1589366203973886,0.16802914964955612,0.2789025525156221,0.15728020314704652,0.2179955613576304,0.24845439690857374,0.0732400313805181,0.10502673973787843,0.13496610346491927,0.15974184131336153,0.24609860668985914,0.1627110166210035,0.2480737433675797,0.24648052350575597,0.2492376589193011,0.14654875276812532,0.3189304595365064,0.06334567492738269,0.14662198066575188,0.18571956139132262,0.07214226104605376,0.3611651771783187,0.21960186104084353,0.14452347846553862,0.12076571126674808,0.06548684459118675,0.2066483645481183,0.03678322539330188,0.040428230072572055,0.1210402492901442,0.18521648371352775,0.021362564800605964,-0.08670810272618827,0.09309875891886787,0.16554490216658585,-0.01604579482112231,0.3613278389468938
0.19057277050669474,0.17364103347746182,0.39582645853298426,0.232302268397025,0.1981916555072016,0.3191781467265383,0.18968794181696158,0.2377660817135353,0.14732509328090923,0.21808297657952458,0.3957201807536685,0.23147782068275197,0.22433181626200782,0.16869885783617536,0.21217010348249787,0.17393541342329552,0.2893774529118964,0.23056269464263734,0.06485484061129113,0.2964526833895967,0.1935957184136141,0.17573276034925367,0.2119381779195994,0.21224222942777374,0.23359859489941365,0.21104340051238527,0.1784079923986,0.1988065736119835,0.23165399868679323,0.12121546345349037,0.20509300551168763,0.1757182836284653,0.2263886504481133,0.22718228722838457,0.15540711420497616,0.15071350587358667,0.2844681168135061,0.14825538957012835,0.2812386947425525,0.11375979125053742,0.09878805348627784,0.12108563031325884,0.2491617593268463,0.03348551342977164,0.007821616062481858,0.11094425162312203,0.2147799449836172,-0.01773523596157512,0.40970122113327334
0.2508798023379088,0.12489265165829373,0.49140886701376274,0.33212281979907493,0.281857194594086,0.23597201524326777,0.24205518211101948,0.2488569169182658,0.15909555860166671,0.26838844052109345,0.23147782068275197,0.604645299442149,0.15237588479656003,0.24158484096301575,0.2988701052952691,0.1792638086301977,0.28542264500801734,0.15877964321305635,0.06300222541205529,0.2435147493876482,0.21125409456455516,0.1504005664227621,0.18066311312786473,0.21405880879881234,0.26992732111407164,0.29066762471845486,0.27195982185339906,0.19456221770315135,0.19392580155094613,0.06802526174978897,0.23907874447615018,0.256619426963561,0.2277473079812411,0.26076191535440246,0.22775872920000936,0.1539346643340047,0.17922297315913574,0.13118683250759497,0.3075987612258767,0.11474428468313418,0.12609721839665983,0.12843343271024205,0.1955668787793595,0.01572171404657968,-0.13901727952684467,0.10924637045175674,0.1405229657633482,-0.013708942483707262,0.9556737059527454
0.13104973864627112,0.07697257288566658,0.27827712565184226,0.18577084246464942,0.1718992572849122,0.16824596792857988,0.15108116200259758,0.18618182574216938,0.1400296609348847,0.1589366203973886,0.22433181626200782,0.15237588479656003,0.38016723440832234,0.12551113385489257,0.09789079788929973,0.15780229550216496,0.15498074861609334,0.18107846217847579,0.05673497142336381,0.17107466073491334,0.1185256842027089,0.1726853238467413,0.15969486376239023,0.1624584121974249,0.1637394272017173,0.22374249295027748,0.14554405327961806,0.15808805909999682,0.16829970872317615,0.044061646318765676,0.13393243155404624,0.13257766846806443,0.18624586743441693,0.17489613891000308,0.13483884907044147,0.08465226653829291,0.16173435190668542,0.0817262095922578,0.18608313777921626,0.04890524023810103,0.02330872440896391,0.08697263204359622,0.17726027667830369,0.03656857613176559,-0.05031818743301234,0.08392718188895201,0.12634762465474733,-0.016184681286617646,0.27489490592478755
0.16526591950636965,0.05336177396373959,0.24162351145241878,0.333986616491357,0.17254723621540544,0.2375147402146437,0.10244891226130241,0.18044424655189564,0.15365760135590364,0.16802914964955612,0.16869885783617536,0.24158484096301575,0.12551113385489257,0.47542577291162263,0.24797129502382925,0.23515384373050574,0.18127208192381572,0.149035992258844,0.09051924957862026,0.23984849833808633,0.16884030103647846,0.18567510523022826,0.2049412198761141,0.24852907977894043,0.21357082400256847,0.23316879891379722,0.18326773256205953,0.16505189652341984,0.22181199462158885,0.10395845924546378,0.20177683759834258,0.44117188817907055,0.15821853729059157,0.2526945438562183,0.15200209788305682,0.1582437498175263,0.13396171631132742,0.1448678523112562,0.3589212977716848,0.12156792440697164,0.13781988694901615,0.08392012834738137,0.218269522126595,0.03232167287404975,-0.08288081013442608,0.07700072192550045,0.18905550696276102,-0.019860009936016013,0.7816829866587014
0.20833854468267748,0.1275583838271917,0.4094218152260478,0.19879821327216626,0.175478923883841,0.171500650295488,0.11110561013305084,0.15710939255693035,0.018427670831915363,0.2789025525156221,0.21217010348249787,0.2988701052952691,0.09789079788929973,0.24797129502382925,1.0054533726601058,0.12038805429579919,0.21148925239885827,0.29666979584223496,0.026850506965271755,0.331974573594085,0.218011940174472,0.013174476422983963,0.311604813783808,0.24807547359095847,0.3372285304389105,0.15737971501497772,0.1760589457640574,0.28949015869928796,0.3449218768188592,0.33280805167719996,0.24162787227018367,0.23167798872414241,0.2609687575673805,0.2847721730297684,0.25594348643465425,0.2319216488204209,0.3026608026605298,0.18272226533025648,0.2852243407729876,0.15971133237041824,0.2691543725985495,0.21485545782649068,0.30183547513407055,0.01980281347469722,-0.031023975691787723,0.1340291435949618,0.31627467321779235,-0.008529285680709603,0.8080147261998627
0.15887984446428766,0.07990364513584837,0.22768166150197097,0.28640349908876267,0.2393276698412735,0.2240147282820557,0.1886186529390387,0.1407510136579654,0.12565827263603702,0.15728020314704652,0.17393541342329552,0.1792638086301977,0.15780229550216496,0.23515384373050574,0.12038805429579919,0.6350228431332039,0.22437851321655303,0.2086701305351827,0.1229953511578043,0.2069806832300701,0.14208504033178557,0.32877408780889933,0.2509886298174902,0.21035467519598142,0.14452438784992272,0.23802341415594497,0.1823415779927499,0.21240304143047628,0.14001412812043784,0.047752752963612255,0.16420752879588738,0.2255569748419125,0.16049684706915807,0.24496739574383192,0.2613913225940487,0.04622141901790699,0.25286302304112274,0.11038444512275764,0.35023001696638445,0.1478581360305747,0.022356936156393486,0.10255985562375602,0.26034042004486746,0.029719997424042625,0.04087335587934551,0.06405162521082566,0.16233072904290063,0.0008784353951540897,0.5378072667737659
0.2568156705815219,0.1880032152310765,0.46858946295884857,0.2512703347267434,0.20722098047260362,0.3411483610149087,0.28684981434973456,0.2211186145460634,0.17030151384033082,0.2179955613576304,0.2893774529118964,0.28542264500801734,0.15498074861609334,0.18127208192381572,0.21148925239885827,0.22437851321655303,0.7059870650450922,0.22352122359848534,0.09963850573405258,0.3834808938363068,0.2226868078113706,0.25399327977399383,0.24341913677178822,0.25685087417298774,0.2692461890034458,0.16457478620522184,0.21124068477581703,0.2842285178565658,0.20558439774491363,0.12943325079495618,0.2445875646564482,0.1757221000564859,0.3284353561838583,0.25072080236676275,0.191750641546525,0.10389768390773244,0.46705663100271094,0.1924141053863238,0.3970459496863229,0.14502290049350375,0.09937476907225472,0.12390973345736023,0.3101386616321194,0.020974024358725456,0.056311097476552295,0.1250722913803334,0.220865660652974,-0.015782115768053002,0.7347154211179473
0.134215858392769,0.29181282594986213,0.2981121929448504,0.2566957625524411,0.25160345454923055,0.2814880826616363,0.17529823286325763,0.25897070316844306,0.1856875669339858,0.24845439690857374,0.23056269464263734,0.15877964321305635,0.18107846217847579,0.149035992258844,0.29666979584223496,0.2086701305351827,0.22352122359848534,0.7818862431198174,-0.048678349906007376,0.2169506581576119,0.2654343090716772,0.22104296319929526,0.6212982661667249,0.2027956703213758,0.31539694331159523,0.38281459664440703,-0.06096936824857446,0.24384828407563458,0.4071806623689267,0.09007463052690941,0.21204345801894278,0.13662522117771925,0.2310781200152863,0.3367540207569281,0.1932197943488077,0.09132586636692665,0.36966039233036546,0.10830934092257478,0.4948474941873148,0.19328972144329015,-0.02960988360097897,0.07871037673041252,0.42790207806075004,0.06302068280237269,0.2731515804009676,0.03123282951441357,0.4340677766989,-0.0013399225251906008,0.42164975909185204
0.1040084892025576,-0.22404481586337044,0.3153570008485273,-0.054104806469678385,-0.007490842077039327,0.2624847185364951,-0.027318486414408587,0.06957030162511638,-0.08566950482483615,0.0732400313805181,0.06485484061129113,0.06300222541205529,0.05673497142336381,0.09051924957862026,0.026850506965271755,0.1229953511578043,0.09963850573405258,-0.048678349906007376,1.2424109081221077,-0.1509991340811029,0.21548094323339012,0.12641705772862577,-0.2604701554993957,0.13156129706530933,0.03390161539444731,-0.1667113060759887,0.2730216806338585,0.15515930181538956,-0.04467152488950613,0.22021422952043637,0.19608801696920466,0.06718848545900519,0.19487061868006786,0.002415026131991725,0.1366573496464145,0.23899056422809672,0.05435045053546473,-0.012902047443457946,0.31479343188151676,0.07776562118284572,0.20506748966660696,0.0778306668925827,-0.007358856933190942,-0.01464434405371551,-0.19065591839975604,0.056441002052265946,0.04511085287660596,0.006045550065502483,0.5511852206105223
0.20487743952503185,0.39331565220044035,0.36987273521337405,0.2516876557288357,0.27353678304061335,0.47679681437128685,0.1947969231281055,0.17745423701790855,0.1644566777008497,0.10502673973787843,0.2964526833895967,0.2435147493876482,0.17107466073491334,0.23984849833808633,0.331974573594085,0.2069806832300701,0.3834808938363068,0.2169506581576119,-0.1509991340811029,1.2017313097904476,0.12224229123293895,0.16116313017154932,0.45302822185041935,0.33324654618011784,0.31911582629145946,0.20577045396680188,-0.022588470140251077,0.3031851438589786,0.26394955280031074,0.4009678316343146,0.23167388964923527,0.2420470923864577,0.4013800829019087,0.2907242381356437,0.1437931510493372,0.004363579101325314,0.8643407200733702,0.4955600034290836,0.5658314026570144,0.3500949860883034,0.18207542685258019,0.18247396747532013,0.7570450436755018,0.059067709131339505,0.5910617485282212,0.21311051042900458,0.30552358207008257,0.03501664624150024,1.2900083096881019
0.21919127934616878,0.2930369319667109,0.4084570656835854,0.18936367133697096,0.16822162589217982,0.39967770144204073,0.20650685954528114,0.18199408663505004,0.16299670096784524,0.13496610346491927,0.1935957184136141,0.21125409456455516,0.1185256842027089,0.16884030103647846,0.218011940174472,0.14208504033178557,0.2226868078113706,0.2654343090716772,0.21548094323339012,0.12224229123293895,0.6880960558427691,0.14827567843059317,0.27645681929658,0.23068886233695587,0.22439519629305135,0.12155121522977484,0.19665800278747422,0.3159027579785602,0.23682602848980805,0.3305679078428838,0.3471927082078241,0.16665028093997958,0.4001076040028214,0.17798824326116627,0.21520747953921746,0.3446294417024666,0.33468025755152647,0.11689895978428348,0.6218732827199147,0.29749080762117674,0.35431932883508255,0.17695735688499542,0.24415804702727628,0.06098878879300811,-0.11417875298821294,0.021875797911533167,0.3407615452480958,-0.027817503693885498,1.0871696344388322
0.15775228778243436,0.08943046708936105,0.3078609119676922,0.22632019713342233,0.21700726315215088,0.24846004344833897,0.21066013964503005,0.15647684373713,0.33493977207158715,0.15974184131336153,0.17573276034925367,0.1504005664227621,0.1726853238467413,0.18567510523022826,0.013174476422983963,0.32877408780889933,0.25399327977399383,0.22104296319929526,0.12641705772862577,0.16116313017154932,0.14827567843059317,0.8316679572400734,0.3239327074636548,0.17536354517446134,0.17251897611213968,0.2756910394729957,0.1373477198388673,0.1673248812447852,0.14793604655867543,-0.051030553578809916,0.11548900774427874,0.18810333902700882,0.18141676069094734,0.22197595324310498,0.17556317503307942,-0.02625180120593571,0.1842947996760321,0.07511129784822555,0.33640728977401874,0.1355036649453834,-0.039199402632380566,0.09224438989942008,0.14991545373669352,0.027576790904619286,-0.07010292955739157,0.05191436229807601,0.12299527928191166,0.01618516499444429,0.42815818521337545
0.01888704958201371,0.13466790257138445,0.21888009149691207,0.3177172469682809,0.2418456841414505,0.25967458430582374,0.17705779706090372,0.21104865041068366,0.21157207151204654,0.24609860668985914,0.2119381779195994,0.18066311312786473,0.15969486376239023,0.2049412198761141,0.311604813783808,0.2509886298174902,0.24341913677178822,0.6212982661667249,-0.2604701554993957,0.45302822185041935,0.27645681929658,0.3239327074636548,2.103549436452198,0.5277417858180226,0.41134740172600087,0.07180854258681788,-0.125207954972976,0.4234033822865342,0.6692674322032652,0.5163487120076264,0.0013682860266794716,0.18696947725431382,0.52273317785664,0.5619911612455879,0.332510494951054,-0.1519199822655968,0.7787371041447987,0.16910032698348884,0.9954855855604423,0.46891145770640086,-0.066582024019786,0.24619095639247854,0.7178744598817045,0.13328762676873152,0.2628011851609329,0.05705880473959428,0.6179564292636722,0.1020667686940326,1.3671564306522712
0.09539778896972094,0.12195070109192749,0.3403148909688904,0.26871332871054426,0.16145851706798553,0.33448475013774365,0.1858254536292385,0.16361189789477845,0.17466132540231213,0.1627110166210035,0.21224222942777374,0.21405880879881234,0.1624584121974249,0.24852907977894043,0.24807547359095847,0.21035467519598142,0.25685087417298774,0.2027956703213758,0.13156129706530933,0.33324654618011784,0.23068886233695587,0.17536354517446134,0.5277417858180226,0.9379122369122498,0.20555917325628548,-0.14010797525083382,0.34621135669282616,0.5385368918123201,0.20745174996974652,0.6481775682188479,0.3318401431214802,0.27211727778970085,0.792485589173566,0.244932448162208,0.32144658225912415,0.20938985525915974,0.5960110331529842,0.24907299385656312,0.3061408144474166,0.07693786736173006,0.3733580715888415,0.2972200270607889,0.3378743255875649,0.05347746836905475,-0.2906091777904594,0.04615052487808384,0.47120802666984235,0.004493517581540287,1.1168771268444717
0.1394562384834773,0.16126171021242242,0.32806987830908674,0.2706589261288166,0.22193991263530577,0.24292321268839234,0.16587986367234897,0.28591618103847355,0.13039590960718375,0.2480737433675797,0.23359859489941365,0.26992732111407164,0.1637394272017173,0.21357082400256847,0.3372285304389105,0.14452438784992272,0.2692461890034458,0.31539694331159523,0.03390161539444731,0.31911582629145946,0.22439519629305135,0.17251897611213968,0.41134740172600087,0.20555917325628548,1.367196688351178,0.2046410901668958,0.10692435178058364,0.19285174377358708,0.7556051611374719,0.31243521521716994,0.35979546546548835,0.21874246204977082,0.12124290503624945,0.4284455890377813,0.24571248163185763,0.37060731541345826,0.22501722203136157,0.16699629468585278,0.33667350354180686,0.19550014707449714,0.13790340137114507,0.11941913288025613,0.3896222202443557,0.036603857494301444,0.05333251418218513,0.0538576184585055,0.3181375006662697,-0.061046538698257026,0.6039241874291789
0.18644870732317143,0.10917608476745214,0.328109843299182,0.28154502126238307,0.23494262534742502,0.08776447054159808,0.1862954093651131,0.364276748741887,0.3247642097912974,0.24648052350575597,0.21104340051238527,0.29066762471845486,0.22374249295027748,0.23316879891379722,0.15737971501497772,0.23802341415594497,0.16457478620522184,0.38281459664440703,-0.1667113060759887,0.20577045396680188,0.12155121522977484,0.2756910394729957,0.07180854258681788,-0.14010797525083382,0.2046410901668958,2.5484881044028302,0.395474960829911,0.25316339272789634,-0.00120682770791973,-1.0707139403603219,0.17659044636676174,0.2437896670112208,-0.009958924297779635,0.2483470286676687,0.4591979230511423,0.028383862048659423,-0.5666473979866807,0.05180193457478218,0.21850880745064985,0.2044720956404944,-0.2517647893962105,0.07032671040422202,0.27474790640399516,-0.003212139103201821,0.07885076624437574,0.20323841059094067,-0.2901804903150899,-0.02193476442293049,0.26425131385695644
0.24902702554137618,0.4012171596890469,0.5302283934443531,0.02500272310948104,0.08086189744533998,0.18415080108018653,0.0955139484057597,0.21473432524120944,0.11121306902429817,0.2492376589193011,0.1784079923986,0.27195982185339906,0.14554405327961806,0.18326773256205953,0.1760589457640574,0.1823415779927499,0.21124068477581703,-0.06096936824857446,0.2730216806338585,-0.022588470140251077,0.19665800278747422,0.1373477198388673,-0.125207954972976,0.34621135669282616,0.10692435178058364,0.395474960829911,2.9816212741343517,0.7049445520564872,-0.34212683240936903,0.2608319570822623,0.5270883017854858,0.20252133459358576,0.601803581027828,0.1018256219395606,0.6898383329739677,0.7033760273004408,0.1968642162752713,0.16495176374013493,-0.10710172145325547,0.07817816572748373,0.5154346191723361,0.48971526196431414,0.13013487389481648,-0.1495554026129616,-0.7213044543706435,1.0285888474016702,0.24110465726094207,-0.1966182545629492,0.459672139656376
0.17215129903233378,0.2580847060621116,0.4472408668089198,-0.010590044406184078,-0.07596060691135534,0.21713614214382612,0.10644222210372069,0.1275942249321253,0.13328965639562404,0.14654875276812532,0.1988065736119835,0.19456221770315135,0.15808805909999682,0.16505189652341984,0.28949015869928796,0.21240304143047628,0.2842285178565658,0.24384828407563458,0.15515930181538956,0.3031851438589786,0.3159027579785602,0.1673248812447852,0.4234033822865342,0.5385368918123201,0.19285174377358708,0.25316339272789634,0.7049445520564872,1.646129531574201,-0.24721379034643526,0.5229494002272603,0.3988620391569692,0.1371523876813863,1.2544472626290635,0.05280785528686582,1.0289852523205962,-0.008651284881570385,0.7672783382908706,0.22150711260148565,0.35422377632056173,0.16441441427676398,0.3151061412898449,0.5277676780767373,0.3162372969953599,-0.05465234997316343,-0.3431474241551722,0.029743358314564178,0.47258598359556536,0.08726151859874491,1.5360683840554725
0.009458525885421001,0.28343264019809106,0.23855142221456382,0.38781963982354184,0.32324343918672455,0.3325346624230121,0.16766026055349645,0.27245909833255644,0.13374578168805282,0.3189304595365064,0.23165399868679323,0.19392580155094613,0.16829970872317615,0.22181199462158885,0.3449218768188592,0.14001412812043784,0.20558439774491363,0.4071806623689267,-0.04467152488950613,0.26394955280031074,0.23682602848980805,0.14793604655867543,0.6692674322032652,0.20745174996974652,0.7556051611374719,-0.00120682770791973,-0.34212683240936903,-0.24721379034643526,2.6764669915117043,0.3378638448514221,-0.06901179809795033,0.26798260724442385,-0.3590011057018598,0.818367013608293,-0.14091323695117594,0.40449922616419476,-0.09834451788225133,0.025120794893637263,0.34485680716713335,0.15204432364581555,-0.23651657290834135,-0.157384888107534,0.20922388945199769,0.02938281656424368,0.07991647405271134,-0.07912341757289303,0.3682525997825242,-0.13443306054267895,0.2123534041643474
0.14858897394370876,0.2764921021257666,0.30579108554376133,-0.06250984974460562,-0.06640927256057766,0.2916659931323742,0.014849334201577153,0.025436412314720623,-0.04047894548604024,0.06334567492738269,0.12121546345349037,0.06802526174978897,0.044061646318765676,0.10395845924546378,0.33280805167719996,0.047752752963612255,0.12943325079495618,0.09007463052690941,0.22021422952043637,0.4009678316343146,0.3305679078428838,-0.051030553578809916,0.5163487120076264,0.6481775682188479,0.31243521521716994,-1.0707139403603219,0.2608319570822623,0.5229494002272603,0.3378638448514221,2.731111936647785,0.27313110443645744,0.07280145549197196,0.5605849877829209,-0.09908382645603378,0.5457837478599018,0.6846344312676558,1.0596549083978015,0.4286959956352457,0.11801002030067904,0.5598877705929319,1.2151668990998554,0.5998877627767164,1.0540490558711948,0.23823273140871193,0.30052921829124735,-0.17692332040880604,1.3769673147378214,0.07608991251722418,1.1634429663263024
0.20966034369265948,0.22241995313413693,0.36871754675740104,0.19083755506434105,0.1978404950319599,0.31257361650578125,0.17937407168408478,0.18210430580681633,0.12992162772593668,0.14662198066575188,0.20509300551168763,0.23907874447615018,0.13393243155404624,0.20177683759834258,0.24162787227018367,0.16420752879588738,0.2445875646564482,0.21204345801894278,0.19608801696920466,0.23167388964923527,0.3471927082078241,0.11548900774427874,0.0013682860266794716,0.3318401431214802,0.35979546546548835,0.17659044636676174,0.5270883017854858,0.3988620391569692,-0.06901179809795033,0.27313110443645744,1.0421316935550125,0.21947979409782573,0.5135641619430302,0.16415021966283302,0.20796879526731216,0.7416108347785916,0.37849333901249155,0.2590911458144096,0.31236966548870304,0.04715580212073009,0.527285277915888,0.24103641198511924,0.2199878602249327,0.05076186621019475,-0.28002262598914524,0.11729247585468497,0.26566602643605514,-0.09348497263312762,0.7190315535467542
0.1509947126336614,0.05817888758551158,0.2324300081973689,0.3543558825323409,0.20560038672725944,0.24626094735182455,0.13834562872809122,0.1916270793709996,0.17292026772511299,0.18571956139132262,0.1757182836284653,0.256619426963561,0.13257766846806443,0.44117188817907055,0.23167798872414241,0.2255569748419125,0.1757221000564859,0.13662522117771925,0.06718848545900519,0.2420470923864577,0.16665028093997958,0.18810333902700882,0.18696947725431382,0.27211727778970085,0.21874246204977082,0.2437896670112208,0.20252133459358576,0.1371523876813863,0.26798260724442385,0.07280145549197196,0.21947979409782573,0.5842095881490914,0.1295403360613111,0.31545940865725686,0.12511572139410584,0.18026643672796758,0.07554180603535554,0.15467299998016995,0.382772984419278,0.09499604494366105,0.13982199979459356,0.06957913474012091,0.2078188467328187,0.03614546749620492,-0.1360044920342397,0.0646938778506304,0.15832091108738194,-0.02915943112226239,0.8280027593097944
0.2904213992190888,0.28487996974034463,0.49699032955639044,0.10210247536397421,0.11578595724364361,0.3466922350419596,0.22255602615125303,0.08436542875266752,0.211053157538135,0.07214226104605376,0.2263886504481133,0.2277473079812411,0.18624586743441693,0.15821853729059157,0.2609687575673805,0.16049684706915807,0.3284353561838583,0.2310781200152863,0.19487061868006786,0.4013800829019087,0.4001076040028214,0.18141676069094734,0.52273317785664,0.792485589173566,0.12124290503624945,-0.009958924297779635,0.601803581027828,1.2544472626290635,-0.3590011057018598,0.5605849877829209,0.5135641619430302,0.1295403360613111,2.4021326667270873,-0.19808802222735789,0.2732327592888409,0.06049831485140081,1.096058231751,0.35047584022146877,0.35928270810715146,-0.07993229325136811,0.5725614657650733,0.45750839786602193,0.20140430378018195,-0.03533672951773423,-1.0081852291685651,0.09062184443702598,0.4700036200413725,-0.005429078919070332,2.2036263712903246
-0.16690225065795564,0.06285123220686148,0.22092225608712387,0.48402297296365987,0.3253954593550046,0.26278608803752135,0.2178673602342165,0.34882615579806336,0.1660639792458403,0.3611651771783187,0.22718228722838457,0.26076191535440246,0.17489613891000308,0.2526945438562183,0.2847721730297684,0.24496739574383192,0.25072080236676275,0.3367540207569281,0.002415026131991725,0.2907242381356437,0.17798824326116627,0.22197595324310498,0.5619911612455879,0.244932448162208,0.4284455890377813,0.2483470286676687,0.1018256219395606,0.05280785528686582,0.818367013608293,-0.09908382645603378,0.16415021966283302,0.31545940865725686,-0.19808802222735789,1.4206172567432658,0.23972481358392625,0.1256959191200398,0.5189349173265652,0.13890269682126988,0.5031047840429745,-0.12240346886572373,-0.14411498318285876,0.17304599925024045,0.5550688254641037,0.07446813661215368,0.08000782626279952,-0.13973399977290912,0.1538329992127661,0.010985870053133019,0.5142506479304354
0.030986235404844093,0.10079906941514205,0.3668893261336506,-0.14293070944983927,-0.3212641507014498,0.006314052042918169,-0.027020750244334733,0.2722597811616446,0.058749643177991105,0.21960186104084353,0.15540711420497616,0.22775872920000936,0.13483884907044147,0.15200209788305682,0.25594348643465425,0.2613913225940487,0.191750641546525,0.1932197943488077,0.1366573496464145,0.1437931510493372,0.21520747953921746,0.17556317503307942,0.332510494951054,0.32144658225912415,0.24571248163185763,0.4591979230511423,0.6898383329739677,1.0289852523205962,-0.14091323695117594,0.5457837478599018,0.20796879526731216,0.12511572139410584,0.2732327592888409,0.23972481358392625,2.1281320655920823,-0.3888892503766167,0.24180504288152674,0.054340842603786695,0.3649864473928202,0.3651727847308944,-0.10530247221193927,0.44173569380908057,0.3998308693576048,-0.08812338927995815,0.28120011861023125,0.07238820286742856,0.4660320489031797,0.16707430934923745,1.2739212810753162
0.18932307256285585,0.152647286973092,0.3291351416896148,0.23313774100757925,0.28764578578650085,0.25584862503708133,0.1543007384984829,0.12746373393314575,0.08868722205204982,0.14452347846553862,0.15071350587358667,0.1539346643340047,0.08465226653829291,0.1582437498175263,0.2319216488204209,0.04622141901790699,0.10389768390773244,0.09132586636692665,0.23899056422809672,0.004363579101325314,0.3446294417024666,-0.02625180120593571,-0.1519199822655968,0.20938985525915974,0.37060731541345826,0.028383862048659423,0.7033760273004408,-0.008651284881570385,0.40449922616419476,0.6846344312676558,0.7416108347785916,0.18026643672796758,0.06049831485140081,0.1256959191200398,-0.3888892503766167,3.0624383213487754,-0.25199167608504497,0.23606151748497808,-0.3387786615052484,0.11968538421292936,1.0546391312075103,0.26160744752726955,0.24567721860428357,0.08442685797389639,-0.6186037675844185,0.29904622530479663,0.36177776100003994,-0.4853181528758341,-1.4159293781181266
0.13895376639781679,0.6356897987973629,0.43070055767133725,0.17640884598175763,0.2298808327471263,0.5545362276155557,0.2231604255772354,0.12861359864249539,0.12541313308796356,0.12076571126674808,0.2844681168135061,0.17922297315913574,0.16173435190668542,0.13396171631132742,0.3026608026605298,0.25286302304112274,0.46705663100271094,0.36966039233036546,0.05435045053546473,0.8643407200733702,0.33468025755152647,0.1842947996760321,0.7787371041447987,0.5960110331529842,0.22501722203136157,-0.5666473979866807,0.1968642162752713,0.7672783382908706,-0.09834451788225133,1.0596549083978015,0.37849333901249155,0.07554180603535554,1.096058231751,0.5189349173265652,0.24180504288152674,-0.25199167608504497,3.5914796639209423,0.5966813788600951,0.7634995865929247,-0.25619390015657934,0.5256231674213565,0.709292382465882,1.0558886132307446,0.06301374500962363,0.8843604297907313,0.22133815783885336,0.7698506533077764,0.14922062074711429,1.3890593568617904
0.12151376042291852,0.199404218064669,0.19342851041441636,0.14665328569189187,0.13804385346010214,0.24228846454190905,0.11316605185220148,0.09253732043973961,0.09303142019165869,0.06548684459118675,0.14825538957012835,0.13118683250759497,0.0817262095922578,0.1448678523112562,0.18272226533025648,0.11038444512275764,0.1924141053863238,0.10830934092257478,-0.012902047443457946,0.4955600034290836,0.11689895978428348,0.07511129784822555,0.16910032698348884,0.24907299385656312,0.16699629468585278,0.05180193457478218,0.16495176374013493,0.22150711260148565,0.025120794893637263,0.4286959956352457,0.2590911458144096,0.15467299998016995,0.35047584022146877,0.13890269682126988,0.054340842603786695,0.23606151748497808,0.5966813788600951,0.7366428160316191,-0.02037756392734011,0.05124947743442992,0.24427182570583403,0.28852829747829994,0.5366661801793872,0.14012951851176098,0.2846959578709279,0.1664135059885213,0.2766293198809059,-0.017938811706123613,0.4196923189666299
0.20669123612907978,0.2912616770180216,0.4653481245732892,0.3199903148414714,0.2531690674560309,0.6142649561461383,0.21751942656693388,0.27607626697533155,0.17608830434980674,0.2066483645481183,0.2812386947425525,0.3075987612258767,0.18608313777921626,0.3589212977716848,0.2852243407729876,0.35023001696638445,0.3970459496863229,0.4948474941873148,0.31479343188151676,0.5658314026570144,0.6218732827199147,0.33640728977401874,0.9954855855604423,0.3061408144474166,0.33667350354180686,0.21850880745064985,-0.10710172145325547,0.35422377632056173,0.34485680716713335,0.11801002030067904,0.31236966548870304,0.382772984419278,0.35928270810715146,0.5031047840429745,0.3649864473928202,-0.3387786615052484,0.7634995865929247,-0.02037756392734011,4.246207929377791,0.9243058272723681,-0.2408342349898349,-0.0317147395317302,0.7177420253458531,0.12472577762420779,0.8378999791284403,0.05713047325366359,0.40338694577179884,-0.0318409837625696,3.9996534595959927
0.17221183236145532,0.16697939921786722,0.2393901955121258,0.025909419253563992,0.046617522920307346,0.2588698501364567,0.042443113362037724,0.09658000762609854,0.0566592616079742,0.03678322539330188,0.11375979125053742,0.11474428468313418,0.04890524023810103,0.12156792440697164,0.15971133237041824,0.1478581360305747,0.14502290049350375,0.19328972144329015,0.07776562118284572,0.3500949860883034,0.29749080762117674,0.1355036649453834,0.46891145770640086,0.07693786736173006,0.19550014707449714,0.2044720956404944,0.07817816572748373,0.16441441427676398,0.15204432364581555,0.5598877705929319,0.04715580212073009,0.09499604494366105,-0.07993229325136811,-0.12240346886572373,0.3651727847308944,0.11968538421292936,-0.25619390015657934,0.05124947743442992,0.9243058272723681,3.0000286692064866,0.04929938529089291,0.23985325005243785,0.4111741786946033,0.18154874175861668,1.0462173197434548,-0.10455205989530193,0.5508058808970061,0.21922767366942736,1.5040748505910313
0.26055306549103774,0.23274528158867613,0.30717820593802087,0.042047896470777106,0.1454506661786647,0.28658897030169445,0.09107167540136629,0.01384309663654459,0.021008199852312608,0.040428230072572055,0.09878805348627784,0.12609721839665983,0.02330872440896391,0.13781988694901615,0.2691543725985495,0.022356936156393486,0.09937476907225472,-0.02960988360097897,0.20506748966660696,0.18207542685258019,0.35431932883508255,-0.039199402632380566,-0.066582024019786,0.3733580715888415,0.13790340137114507,-0.2517647893962105,0.5154346191723361,0.3151061412898449,-0.23651657290834135,1.2151668990998554,0.527285277915888,0.13982199979459356,0.5725614657650733,-0.14411498318285876,-0.10530247221193927,1.0546391312075103,0.5256231674213565,0.24427182570583403,-0.2408342349898349,0.04929938529089291,3.124556696843029,0.1967318323151115,-0.15332029047230458,0.20008070341694748,-1.854207026763065,0.04997329058801041,0.6068294348675212,0.06237503848985062,1.5523571758177446
