0.6701273357456144,0.1369546374749795,0.0867977516852064,0.07591886363695406,0.13680898729075025,0.1054937386505277,0.18958710023074496,0.05014395303028402,0.04393781149041935,0.06347582048746774,0.06984118904469508,0.08925717479886679,0.05851913115274339,0.0926366157149781,0.05466328535378911,0.09108614849706627,0.03074357889483739,0.07566938269059875,-0.022876853664343257,0.027368869729442327,0.04220958892342738,0.07001963563731384,0.020172144637341478,-0.0329846357707579,0.07342649909460924,0.051117141729290855,0.06995200316880065,0.013157752165903371,0.0907976760546746,0.07360728987750546,0.0295129662990118,0.076870918798328,-0.015006799475232525,-0.12591788115339764,0.0737278282959955,0.009916948748364815,0.00013846037999707132,0.03758627187208235,-0.0027763236681915032,0.028136317585723297,0.06644789363809861,0.037179456273810446,0.03328016567606417,0.0039396329491012405,0.11470992407418604,0.04810064534255999,0.06229650331169291,-0.009697740975585688,0.05493049187612862,-0.11646470380316236,-0.007440296943952816,-0.018098840316294527,0.057482747198284084,0.04084635783744165,0.022927864569510067,-0.010947172578004986,0.0017296258814934373,0.08482151081588676,-0.11147103073701882
0.1369546374749795,2.801241970890371,0.378214063712138,0.07772392208384328,0.2087031708060358,0.31286586606594086,0.2590703956748516,0.12466595253995634,0.37569278328855416,0.08398838352738602,0.1529012169120471,0.23665457798459683,0.12413155344339219,0.07868084408512616,0.22644414051101452,0.19802492133931351,0.12437757704835554,0.2727286543132287,-0.4608042092060694,0.1840346753811213,0.1776558505057669,0.22655961163670826,-0.09474742609790605,-0.10351839071536924,0.16745419119824828,0.21835826173852665,0.3662821962509893,0.04191569296939883,0.1872432313086177,-0.16924820425124454,0.15743718206567292,0.11438711301974953,-0.0658180962791656,0.14984723480300666,0.16369782019988058,0.16952921760203865,0.11879038350763313,0.11321734309182475,-0.23135162876837304,0.09613500225574816,0.1376125869208709,0.16964324986056614,0.24817467402784843,-0.01678562482866212,0.25356922490859335,0.24656550084560167,0.1474123704230599,-0.055222141276697174,-0.1277812236740777,-1.0666163407405425,0.6012415247475265,0.24496443080140545,0.16039627726139435,-0.14393549453963136,-0.07547980512572283,0.08653707328728662,-0.10860884997036516,0.1146382742692635,-0.08459699215530511
0.0867977516852064,0.378214063712138,2.628932287888124,-0.028662410325807713,-0.22381445789107218,0.3194707603884008,0.12973268545995437,0.23686201352430736,0.3857627673493171,0.1494426174272697,0.12084365578266329,0.15451693707846295,0.117575130022596,0.08334021324555038,0.3024100925698294,0.2120899804507112,0.3641829332453023,0.2416736231711568,0.0029845929099577228,0.2696699942300035,0.22846822470664316,0.31305034138998317,0.19728896322899434,0.17513983056031027,0.18459960073430415,0.24417140145048744,0.20339135067253547,0.232930114950286,0.1804179452651988,-0.6885616786034146,0.20732214826873582,0.10927440540399831,0.36989184846221906,0.28314146617300634,-0.012770255440167865,0.21551653434208082,0.49748908439122663,0.13043708276959293,0.05568470205093692,-0.3861321284011849,0.06566135657987193,0.24530231279922168,0.22912040723439564,0.045443815121714366,0.11776484553973002,0.37339056953760064,0.28401329888580246,-0.06620682774657996,-0.3053306753378276,0.15212132733258948,-0.025872005126384053,0.04310239903203873,-0.08757351084158191,-0.2236759615699915,-0.04074916478861907,-0.12133637461369529,0.0916983872680573,0.04658578273594774,-0.1666119406965562
0.07591886363695406,0.07772392208384328,-0.028662410325807713,0.77683103149798,0.5172840235582575,0.39941143016037783,0.32916533024138944,0.14115194727154534,0.19917151855060602,0.12226893908324947,0.20155450901165636,0.22469613338983369,0.16648201525030618,0.19527696984802498,0.18884680584370292,0.19762528654973788,0.13332329588059375,0.18578503203234498,-0.11727958135904822,0.20986583637050646,0.14917681636442243,0.17941181421372637,0.2868929002021557,0.22762503412559607,0.18903889132390006,0.2305937246220834,0.12411316971658559,0.12458961297294271,0.2656706804742466,-0.015218677238051528,0.1185601259179798,0.1738877372814652,0.016267548576416237,0.34958352004672655,0.22949371165701507,0.07733420514649214,0.1866321664658861,0.12804094212327283,0.1973891892357711,0.07360660435010549,0.07173765431039418,0.15362068803268447,0.25635364731357513,0.01851664308992719,0.00017710305695719893,0.1075355060086695,0.24597353698852803,-0.009604061914295813,0.22230415281090607,-0.0300616361826405,-0.20143230526945197,0.16938343270270723,0.03512350630799034,-0.010769075492669195,0.21210221310345273,0.024010649176547105,-0.24661618964799523,-0.07066226307517086,0.10818475699279648
0.13680898729075025,0.2087031708060358,-0.22381445789107218,0.5172840235582575,1.0201552946699417,0.4202570141147414,0.2774127696964572,0.22273663080595701,0.2248706202675902,0.16661592606710632,0.24042130646568052,0.23506361248471552,0.19584411395242693,0.20859684034920153,0.1932271313445536,0.19241370363642366,0.11090992702247476,0.1931331450447506,-0.1174254922504434,0.214569240997491,0.1484244185942783,0.17387497190856915,0.2637931151252488,0.2057909649238946,0.19422486476083195,0.25575011396725855,0.16082666053287376,0.06358922742670405,0.26981939501352864,-0.01695003441327689,0.12303175351547731,0.19096980226733826,-0.060753645341054284,0.42045778651205057,0.2286018149164726,0.11103385986128174,0.1319765616349047,0.12481264166058653,0.1908121061254176,0.16750201911769103,0.10227921191857983,0.15552626055290575,0.20829981280060708,0.01460873418205526,-0.019832339311244285,0.12464937896861387,0.26093368720461163,-0.011606388225028479,0.27011980326347396,-0.11620562460239921,-0.07338017085846599,0.1450099971491339,0.11253228533995435,0.05252357435449818,0.039411525511996254,0.064293115378502,-0.2487627446152359,-0.12370028317821798,0.268452841474956
0.1054937386505277,0.31286586606594086,0.3194707603884008,0.39941143016037783,0.4202570141147414,1.04845193573427,0.2597004786126642,0.10899064495519756,0.17364147455605372,0.10914616164961606,0.28104927172340677,0.30625330846699994,0.15702595341262457,0.24494834331557017,0.28683160694894994,0.21865026933926224,0.1941665591573863,0.14500575735240137,0.08275109828475416,0.3187811001905775,0.19750151804202956,0.20741086158703048,0.06455599035785986,0.12263737589671198,0.22428391765068295,0.4208910532306908,0.2633650555444892,0.1822657114526466,0.5209983415934026,-0.2669867610193521,0.15462909300623726,0.2635160675434547,-0.0861376398586669,0.4605857921820091,0.28092491775964124,-0.004972984123863069,0.29676339493572423,0.1909614011062906,0.3059602608292286,0.0731432768907912,0.005231078828712547,0.20364133624246405,0.36441457265117244,-0.004760093901923187,0.07055758552053708,0.010117826068840657,0.35362025297418737,-0.019948682558420052,0.39803015940414205,0.3076112865261709,-0.8000100063702718,0.22069300929737976,-0.2011293584760994,0.20394991195462278,0.05130288923030569,0.03318008019185459,-0.2154294122884949,0.2639172465675272,-0.13329262260440686
0.18958710023074496,0.2590703956748516,0.12973268545995437,0.32916533024138944,0.2774127696964572,0.2597004786126642,0.8440216141263928,-0.1050679582062491,0.24253946662542236,0.06423026663469904,0.15395838811774049,0.28016812891520365,0.12309592310748155,0.09991849778558093,0.13528532036658417,0.223586759528192,0.0839476631986763,0.1753660342531983,-0.2170207722040587,0.09484091506907008,0.1065453906134502,0.21010554373555618,0.265440399454617,0.16541482296043122,0.20449799419210074,0.12739569320583452,0.14966262807050215,0.044782547514548326,0.20428996556102952,0.0064709091699257605,0.09867727688362286,0.09610280314453948,0.0021798563560915707,0.30564958764882266,0.1478617340283718,0.1481163214230777,0.1267056471862978,0.05841257054890559,0.05846327691818759,-0.02237953470955506,0.01615163603625066,0.11155398315730863,0.23678432083398782,0.017231637025455077,-0.03159430733495477,0.0868013159175696,-0.031271785094487185,-0.044824616232396246,0.062273886144724205,-0.4113339395271142,-0.11565751997462882,0.06159802360398166,0.1448084769147815,-0.03386112680925733,0.20800232755429635,0.08756969018543996,-0.05842136307230731,0.12086235470337678,-0.40364807696968324
0.05014395303028402,0.12466595253995634,0.23686201352430736,0.14115194727154534,0.22273663080595701,0.10899064495519756,-0.1050679582062491,1.0999378669499558,0.1109878548080767,0.3483360108248641,0.3126833288451172,0.13482466512275534,0.26769907674107907,0.1983111922224155,0.16596089190707045,0.19949345391691262,0.2599877060155948,0.33060258711815177,0.1187363187092386,0.25372456436036467,0.18288920008876314,0.1988095819856586,0.25877858651505414,0.0915076784417081,0.19417028605083336,0.3617623533543164,0.21219250083095098,0.13439856476474604,0.1408635802800999,-0.15491923199092827,0.12207191373694704,0.14299229557800097,0.2775134460130878,0.32073635377803306,0.06927222958746126,0.004653672207270327,0.3433491191034957,0.17846014287837347,0.2671380610798357,0.10657094581052581,0.13241399557930622,0.19143524376110874,0.3645020257430177,-0.0032430640007408834,0.03914980032609622,0.24509055543477629,0.5409697888740317,0.024362600938113235,0.3540783761687027,0.17113115295251735,0.03219674811360933,0.07627078395847829,0.046737872296119386,-0.17072507633681533,-0.1537443280257345,-0.14926784976886406,0.008249004202378915,0.77726168050462,-0.5257381325267145
0.04393781149041935,0.37569278328855416,0.3857627673493171,0.19917151855060602,0.2248706202675902,0.17364147455605372,0.24253946662542236,0.1109878548080767,0.7878266722322519,0.1445160628407862,0.0962212256967998,0.1281638264296006,0.1397123458263667,0.15975471329492064,0.22488618648390296,0.10842542114505309,0.13373042078419115,0.2374034373400771,-0.4162231804666726,0.16655365769890748,0.13490667460575953,0.36511498234698153,0.43078402691802553,0.3187784723798736,0.18927553431746136,0.22255426745533857,0.1425819135000334,0.0757361515292984,0.07177503261604806,-0.019572257188097665,0.14388361794443283,0.12694610482604526,0.12028902105891776,0.12927121927946666,0.16408986148250784,0.13331218515274662,0.11384267097010574,0.10541173502998899,0.004208939720790557,-0.0034788977094631236,0.10762139903867537,0.13669473556115647,0.14119266574226377,0.016679510040573088,0.057439237930401246,0.24983063240206774,0.2876417595574592,-0.045744902177416745,0.2575803406643253,-0.5892378182510672,0.22109483815505554,0.03537274922868078,0.3380488254863983,-0.16813717865932673,0.048247597116010996,0.18587133319822127,-0.11246622389058077,-0.3275293554337199,0.15585040622530028
0.06347582048746774,0.08398838352738602,0.1494426174272697,0.12226893908324947,0.16661592606710632,0.10914616164961606,0.06423026663469904,0.3483360108248641,0.1445160628407862,0.691829073084772,0.18205312974134794,0.09120163372940719,0.17053889920425994,0.08066550134585138,0.16541061556629558,0.10914205414653598,0.17844438404870655,0.26672534056873737,0.044670460818178034,0.07670575876514887,0.11553735123254234,0.15604291477115664,0.30909582707440564,0.14463215971451432,0.14865992371331585,0.17697850400451678,0.22571676817186623,0.1667681992890207,0.14924874718519546,-0.10003035399524195,0.12138145016285717,0.07342276629246257,0.18682616966858745,0.36001097364029083,0.17007125348165633,0.08549259069070453,0.3055552205516416,0.06412928787756558,0.27291524126078054,0.136817688620599,0.16842415388005216,0.12514551974315521,0.06065624414348861,0.011158626016451352,-0.08247316882815824,0.18737720046664377,0.416438160795427,-0.00693217473718096,0.2337603928082762,0.20403128063238601,-0.11330652506167933,-0.005511598431701597,0.03717371283100658,-0.006823326755827694,-0.017210285084041054,-0.09350715508919175,0.23232455745298405,-0.2191880278407934,0.08958435882823346
0.06984118904469508,0.1529012169120471,0.12084365578266329,0.20155450901165636,0.24042130646568052,0.28104927172340677,0.15395838811774049,0.3126833288451172,0.0962212256967998,0.18205312974134794,0.47401621299546837,0.2815897705657367,0.2268378040358466,0.14146462730739479,0.2779801811574166,0.22317694268087032,0.3142465435797013,0.22023564573755228,0.02934863315468305,0.2718699913152901,0.20361531662157867,0.18056252091744932,0.2248614256990075,0.18039781446483755,0.21309400548817475,0.23998571622216006,0.2502929500689842,0.2286347988607394,0.24179210658768083,-0.025022657741729935,0.16113423969404242,0.12124710420818798,0.15515473401372407,0.2589024696927493,0.275726846770756,0.08373128885848849,0.3188278639947584,0.1640093010960603,0.20144787830505792,0.12302550098376053,0.1491619836289408,0.2134123980400542,0.22943260765856294,-0.006180809880357101,0.124288221391327,0.17455764816723332,0.3463921481622653,-0.0033432723607080958,0.21000840225343095,0.113653528280822,-0.20452770342508445,0.07185921637365986,0.03824746263907854,0.02558829921009371,-0.021000498202812284,0.034887863504568135,-0.13177679071752382,0.08161620359193288,-0.03440797101156607
0.08925717479886679,0.23665457798459683,0.15451693707846295,0.22469613338983369,0.23506361248471552,0.30625330846699994,0.28016812891520365,0.13482466512275534,0.1281638264296006,0.09120163372940719,0.2815897705657367,0.6499498540530317,0.15017305667146869,0.17386623235706927,0.2235240190989129,0.28729778525865096,0.20450214225279947,0.10660028571236095,0.03034374236716583,0.21711159327261215,0.18199250174287362,0.20522693497729408,0.09748973471217519,0.11983588398952075,0.189042233242471,0.19301755267442264,0.25301910461260924,0.11415313984857733,0.20831804148967809,0.0033964873876346727,0.13163171673078167,0.18134669857794697,0.1070732367418449,0.2521193029054095,0.0859853629673094,0.1415503915081066,0.19142869046588235,0.12874669653589557,0.17907289634261653,0.09587473008289919,0.09502023914785132,0.18932743600016935,0.2915880969384015,-5.165373007388094e-5,0.05607925742138246,0.18097037800893423,0.261990220947125,-0.02438181533721329,0.26752309018540166,0.018696581056275148,-0.0377928969300374,-0.03558564689734055,-0.09328988705940472,-0.042990173372109836,-0.042984576695727764,0.0540874511706145,-0.12884106234092552,0.4107724303365476,-0.314068490728957
0.05851913115274339,0.12413155344339219,0.117575130022596,0.16648201525030618,0.19584411395242693,0.15702595341262457,0.12309592310748155,0.26769907674107907,0.1397123458263667,0.17053889920425994,0.2268378040358466,0.15017305667146869,0.34957392557998945,0.1459525543884887,0.08720416796196624,0.16139608399340652,0.13911467045601195,0.15966656687474587,0.00011411314890595974,0.15906250549794354,0.122905546600642,0.15757982352949168,0.2397226714607926,0.19180482724784528,0.14524244639622477,0.15567324588783726,0.13676570259568388,0.12172078523583223,0.1584156728914745,-0.007827391159486007,0.10138574989811863,0.11556279009021223,0.12319611562914476,0.18804025492898616,0.18224181568215717,0.06436511807247096,0.19807692538264476,0.09314721653476371,0.17364060072663215,0.06556235581741682,0.10101296937273375,0.1282399283573535,0.09907213546121404,0.011173270927406727,0.02870803234813258,0.15326229938672106,0.25441986645517856,0.00010819496028154374,0.214099915558265,0.025439439245527464,-0.01635833748636453,-0.006693724822212177,0.08405449630248087,-0.0959317542041097,0.05589653325084617,-0.024121168335320662,-0.117828908310438,-0.29914675185030176,0.3859158872456911
0.0926366157149781,0.07868084408512616,0.08334021324555038,0.19527696984802498,0.20859684034920153,0.24494834331557017,0.09991849778558093,0.1983111922224155,0.15975471329492064,0.08066550134585138,0.14146462730739479,0.17386623235706927,0.1459525543884887,0.4997473662566826,0.2041895035091864,0.19453224002156524,0.20615437284720323,0.12872612675181003,0.0023914634961549252,0.2519362837422964,0.17762179005237042,0.18760338213800934,0.1620680848784642,0.20672555565343845,0.13508922020388914,0.2875621481294641,0.05567902429836192,0.15044231534178493,0.28623274055879466,0.10504139594556972,0.13586841723648385,0.39986421669566596,0.06472421321689732,0.14892752357236216,0.1521490963735193,0.09248140890920876,0.1704906146828758,0.16485797926171855,0.18749624576853183,0.06918502925609372,0.19339715086830697,0.17659130105544152,0.23441851508453504,0.011098883224610924,0.07903952698446726,0.16557717632806868,0.35822972536425574,-0.004015208702770609,0.4973289758525143,0.1931937415088145,-0.18837078436842483,0.005582420663934741,-0.00033601135732676805,0.09488592345654619,-0.11655688566542866,0.02935271254119214,-0.2630202984080956,0.20606667444069324,0.09938093739962817
0.05466328535378911,0.22644414051101452,0.3024100925698294,0.18884680584370292,0.1932271313445536,0.28683160694894994,0.13528532036658417,0.16596089190707045,0.22488618648390296,0.16541061556629558,0.2779801811574166,0.2235240190989129,0.08720416796196624,0.2041895035091864,0.6890894391128587,0.27625395699502897,0.4114799536014859,0.3410194877417023,-0.044248952561031986,0.32578541767800073,0.2628551159697023,0.26217952091002783,0.3956728124036889,0.32296307585795114,0.2630983221049636,0.3338923738918724,0.21035293662575924,0.3935035866899525,0.28558209915355887,0.015035754673984157,0.2478847056420591,0.18551158430132272,0.2622041261383372,0.2545744149663029,0.3066242185757183,0.10873274982245007,0.478513116704622,0.2006528440917973,0.27291182655370816,0.073086617303939,0.221160609176828,0.2691127395261527,0.28450533591527805,-0.0004993251505353139,0.12469437138118801,0.247858567017484,0.44868779353839866,-0.0027189505725818694,0.3980928427608276,0.48409352285595925,-0.32483002794132,0.23781324877248655,-0.22004657913824924,-0.046958911238241356,0.010625859491178382,0.13949473645871086,-0.22660810129043013,0.008700261141778852,0.0015527704459281397
0.09108614849706627,0.19802492133931351,0.2120899804507112,0.19762528654973788,0.19241370363642366,0.21865026933926224,0.223586759528192,0.19949345391691262,0.10842542114505309,0.10914205414653598,0.22317694268087032,0.28729778525865096,0.16139608399340652,0.19453224002156524,0.27625395699502897,1.1748906178318672,0.23040071204448978,0.29499094674266574,0.026676814345235382,0.20627379402697513,0.26861588912074474,0.5423873149756957,0.3342968529526358,0.283199472958865,0.3149819015264768,0.08271558461133549,0.24186204538234657,0.1668202876078003,0.2773985032967819,0.3197600486122698,0.2217962154933644,0.16506998576729592,0.14740997250707175,0.21764864690703176,0.20502626996828843,0.2391142755119264,0.33411762807516593,0.1296138177163538,0.28127112911822316,0.10914447652360768,0.21450130930655942,0.3022550677363411,0.5264633254212446,0.036389999567107964,0.1383556375976692,0.3350339695927214,0.43088726277254247,-0.07255510806552175,0.36641042695817244,-0.23618825470665536,0.17694197257060057,-0.3281244918433531,0.022189088008310848,-0.23062039038458462,-0.0066005616415871285,0.11401026470489536,-0.19024956873729695,0.28687820988557233,-0.14754598672538483
0.03074357889483739,0.12437757704835554,0.3641829332453023,0.13332329588059375,0.11090992702247476,0.1941665591573863,0.0839476631986763,0.2599877060155948,0.13373042078419115,0.17844438404870655,0.3142465435797013,0.20450214225279947,0.13911467045601195,0.20615437284720323,0.4114799536014859,0.23040071204448978,1.023284304276872,0.29205946191605253,0.055584513928742155,0.46669496981881803,0.37818774805762895,0.23841224722003448,0.2870330853148844,0.26263206771044256,0.254812172365019,0.2689730642761755,0.23688357206227467,0.7229272185531826,0.24559194618040986,-0.002076194398914175,0.2790298978427498,0.1507275116359039,0.5071978554420101,0.19555870253243737,0.5421873008063358,0.11756841735858602,0.7123892435551622,0.2923250388623249,0.2975003826472598,0.13913109408146188,0.3084434475596809,0.4022399867138061,0.19592937215759193,2.3777742134481547e-5,0.40400088484664437,0.34538838694679835,0.653266354910286,0.018876975663925512,0.1911793971477294,0.7756617272054738,-0.22327154736215593,0.1304276441182729,-0.22979413306542798,-0.09305412699734104,-0.20025557404188504,0.04562614680665134,-0.15534870581250856,-0.007981063588144294,-0.09427593166668712
0.07566938269059875,0.2727286543132287,0.2416736231711568,0.18578503203234498,0.1931331450447506,0.14500575735240137,0.1753660342531983,0.33060258711815177,0.2374034373400771,0.26672534056873737,0.22023564573755228,0.10660028571236095,0.15966656687474587,0.12872612675181003,0.3410194877417023,0.29499094674266574,0.29205946191605253,0.842866861504375,-0.19856156986152304,0.15002828181901912,0.22006860142299656,0.2792898445787285,0.7283313724934555,0.23977913881962393,0.26408194006935976,0.38041235094241316,0.14081176378665544,0.284823336429982,0.21365213385497517,-0.01996558957594696,0.2569204375194014,0.07508890995311646,0.2825151822690464,0.2777348957108341,0.2568144720301714,0.0974451420420207,0.41724526461705685,0.13249903775432803,0.2507447991970455,0.07612872031943581,0.19686697473322018,0.21539758480280427,0.4669241027346032,0.020142743085014295,0.11792950630276317,0.27040340428814,0.45749408386680074,0.006707703942167259,0.33755030297031435,0.016012348885497636,-0.010500657048759509,0.16694730745940758,0.07252180655878854,-0.15763419341138357,0.002144341832130706,0.005156989951143511,0.03077192717892481,0.5407405815888146,-0.6126219516552961
-0.022876853664343257,-0.4608042092060694,0.0029845929099577228,-0.11727958135904822,-0.1174254922504434,0.08275109828475416,-0.2170207722040587,0.1187363187092386,-0.4162231804666726,0.044670460818178034,0.02934863315468305,0.03034374236716583,0.00011411314890595974,0.0023914634961549252,-0.044248952561031986,0.026676814345235382,0.055584513928742155,-0.19856156986152304,1.4636248125919487,-0.02809738622985595,0.06662487044959402,-0.07749660475134865,-0.5504700043245314,-0.19767289893985507,-0.08099677972425039,-0.012813604920888297,0.062495159536421,0.13231722085880862,0.022248184150390798,-0.05685421043152516,0.07406491490794352,0.015869965805682236,0.18628899412857902,0.05816656751265985,-0.13455428624447371,0.0026515619498109952,0.2703348872405623,-0.020062499256543406,0.4470845386921804,0.05339303846792369,-0.007145649663185209,0.045005564942835204,-0.007434865726539643,0.01382991987600488,-0.0892742911213833,-0.022916689157803632,-0.09103802104176686,0.043333167881747514,0.019116465208776866,1.1925706687669204,-0.37958522276214923,-0.21317023456638454,-0.5029022021908874,0.012648040811906755,-0.012722684241939645,-0.14785546945737846,0.03580674074000468,0.21439517379655262,-0.02613722662996815
0.027368869729442327,0.1840346753811213,0.2696699942300035,0.20986583637050646,0.214569240997491,0.3187811001905775,0.09484091506907008,0.25372456436036467,0.16655365769890748,0.07670575876514887,0.2718699913152901,0.21711159327261215,0.15906250549794354,0.2519362837422964,0.32578541767800073,0.20627379402697513,0.46669496981881803,0.15002828181901912,-0.02809738622985595,1.2494264960872847,0.2961712397126422,0.22026550989051688,0.29821599661884207,0.49051093426439857,0.34875223118622944,0.2683826555357286,0.14262606792890759,0.38233395377512436,0.38075008879989397,0.28468692188124,0.29089073576886526,0.19350246271463148,0.23690257757838765,0.2869928433200813,0.4700320252528566,0.06900021903354554,0.7485546852224786,0.587702099407744,0.42280714064465874,0.1688830460205406,0.2145252921555216,0.3355720775427757,0.5617529295489195,-0.02602293222057698,0.6190495950541262,0.25659389906937397,0.5229974909795232,0.0638802410834762,0.47586586162425776,0.09338167605458433,-0.3122051898300332,0.21430801187846,0.08017861635936713,-0.10679406189798345,0.07144858890874424,0.06560127264153406,-0.32318996558138485,-0.0968494669801099,0.1947698355042458
0.04220958892342738,0.1776558505057669,0.22846822470664316,0.14917681636442243,0.1484244185942783,0.19750151804202956,0.1065453906134502,0.18288920008876314,0.13490667460575953,0.11553735123254234,0.20361531662157867,0.18199250174287362,0.122905546600642,0.17762179005237042,0.2628551159697023,0.26861588912074474,0.37818774805762895,0.22006860142299656,0.06662487044959402,0.2961712397126422,0.5125037127227668,0.2352692416453866,0.2703554337347497,0.25181004602715956,0.18248815386326908,0.2564913767216079,0.19087172269680405,0.33282772142126377,0.22619413827668072,0.055316982427602954,0.22788206513024944,0.1555269102924917,0.297016060292039,0.1915784500458319,0.29920849594927384,0.15083986169558175,0.4217313018912882,0.19644499204118432,0.29542944569603863,0.17211902052217837,0.2556141442231462,0.42744976391930123,0.3650193908159914,0.010474559800789748,0.28479565816331415,0.27803073435717823,0.4772151413632152,-0.00038916578182898184,0.22298724074542584,0.31783102012511416,-0.08025891853555493,-0.08644563593319018,-0.07636373179592283,-0.07985730871802807,0.06382691814630138,0.01971254126970345,-0.20536618976016668,-0.003676882850451843,0.1243791615643624
0.07001963563731384,0.22655961163670826,0.31305034138998317,0.17941181421372637,0.17387497190856915,0.20741086158703048,0.21010554373555618,0.1988095819856586,0.36511498234698153,0.15604291477115664,0.18056252091744932,0.20522693497729408,0.15757982352949168,0.18760338213800934,0.26217952091002783,0.5423873149756957,0.23841224722003448,0.2792898445787285,-0.07749660475134865,0.22026550989051688,0.2352692416453866,0.9311584003483844,0.3877004434248182,0.32902336354527717,0.24976133305871154,0.22986120416814224,0.2484342527422756,0.1743621535869623,0.18918231208317193,0.17929031196702877,0.21132642705148497,0.17776408071019814,0.261066506385219,0.1971404139336552,0.13911401918590482,0.23921830723945087,0.3013269112416774,0.14636521249506224,0.2321161066376173,0.05207446680933639,0.17687689953716856,0.2538721213772866,0.4689784218199298,0.04725625266277652,0.0036035236104565395,0.3870378711348636,0.4062919081498031,-0.13045525137041097,0.5827832308180021,-0.21680919001195842,0.11298928727503026,-0.27051471129979476,0.08965055108547092,-0.207170043412363,-0.030640178770784718,0.11601512262614594,-0.12016365682884356,0.16758261037410038,-0.13427598194267087
0.020172144637341478,-0.09474742609790605,0.19728896322899434,0.2868929002021557,0.2637931151252488,0.06455599035785986,0.265440399454617,0.25877858651505414,0.43078402691802553,0.30909582707440564,0.2248614256990075,0.09748973471217519,0.2397226714607926,0.1620680848784642,0.3956728124036889,0.3342968529526358,0.2870330853148844,0.7283313724934555,-0.5504700043245314,0.29821599661884207,0.2703554337347497,0.3877004434248182,2.212586320079842,1.155769104866877,0.6170926440978813,0.08790200778764766,0.1187209037300641,0.3920566649879189,0.4840674102211981,0.47587311595031345,0.09514213492288016,0.06151216345096362,0.6026350194282036,0.3054049696466484,0.4371681566615032,0.09935572346263313,0.6832227078751958,0.18012629263310603,0.490379047455941,0.012087694974046588,0.28874618476166397,0.2596001265984476,0.24260795369102156,0.03233147605646335,0.031135490367279178,0.40116380441600513,0.8428237167299453,0.05143663895329803,0.8371729858903244,0.03364355827107916,-0.12847019442234506,-0.007449135005549311,0.38529477706945203,-0.27236407449949235,0.33134430627893163,0.06976306080677554,-0.18558208179094704,-0.792826448823238,0.620989142466721
-0.0329846357707579,-0.10351839071536924,0.17513983056031027,0.22762503412559607,0.2057909649238946,0.12263737589671198,0.16541482296043122,0.0915076784417081,0.3187784723798736,0.14463215971451432,0.18039781446483755,0.11983588398952075,0.19180482724784528,0.20672555565343845,0.32296307585795114,0.283199472958865,0.26263206771044256,0.23977913881962393,-0.19767289893985507,0.49051093426439857,0.25181004602715956,0.32902336354527717,1.155769104866877,1.4641281921203566,0.4727176815719505,-0.02128583992910077,0.010872492420175107,0.3264784625321167,0.44650804444409214,0.8019822429769234,0.3936537626181625,0.17443287716775227,0.3427987522997731,0.09813501679280102,0.43653085002989905,0.41085756248449323,0.5704202631160119,0.2666099085356274,0.3860863303668565,-0.03633709569978375,0.36552839061395687,0.24540403625702378,0.060722775625074325,0.03926819751860546,0.16956872418387997,0.41980802399818956,0.6112827220897901,-0.009569750093037196,0.6584346816951363,0.11190383610715776,-0.1355201136495114,-0.125335767426546,0.20889719473228777,-0.21266094108381695,0.298701189303354,0.16450159569857625,-0.2827874989925814,-1.394562713397838,1.218477079594123
0.07342649909460924,0.16745419119824828,0.18459960073430415,0.18903889132390006,0.19422486476083195,0.22428391765068295,0.20449799419210074,0.19417028605083336,0.18927553431746136,0.14865992371331585,0.21309400548817475,0.189042233242471,0.14524244639622477,0.13508922020388914,0.2630983221049636,0.3149819015264768,0.254812172365019,0.26408194006935976,-0.08099677972425039,0.34875223118622944,0.18248815386326908,0.24976133305871154,0.6170926440978813,0.4727176815719505,1.1474648765056048,0.06620369642763672,0.24419751260167719,0.20410265071394118,0.44714340625001414,0.3452850315377967,0.15076240134755148,0.05512945046990962,0.2043089390698763,0.3154559308420299,0.3961047418508945,0.13584342025216367,0.4238348477426589,0.21184632503338444,0.14618082685982506,-0.015986752212696912,0.1460276872391295,0.20642547443295206,0.37033396180239475,0.038826628265042754,0.16254540208047635,0.3458865199938579,0.4234835982274537,-0.040974704284628044,0.07085922821789667,-0.6491100040978087,-0.12194971125156459,0.13813716584691024,0.3566588922470152,-0.10031440597328997,0.08605854597645372,0.16468112937647808,-0.0902024004836563,-0.02844586478064342,-0.1750188468322781
0.051117141729290855,0.21835826173852665,0.24417140145048744,0.2305937246220834,0.25575011396725855,0.4208910532306908,0.12739569320583452,0.3617623533543164,0.22255426745533857,0.17697850400451678,0.23998571622216006,0.19301755267442264,0.15567324588783726,0.2875621481294641,0.3338923738918724,0.08271558461133549,0.2689730642761755,0.38041235094241316,-0.012813604920888297,0.2683826555357286,0.2564913767216079,0.22986120416814224,0.08790200778764766,-0.02128583992910077,0.06620369642763672,1.900659920123528,0.226164359511981,0.3705167128407856,-0.14203278378221504,-0.821432091929364,0.19454842849093368,0.23597513250655475,0.2544354137458614,0.42559860948713113,0.263246096437165,-0.18053412216507775,0.01782479291523066,0.15065372356216533,0.37278929303813463,0.3543056801894003,0.07277884182747198,0.2670869756751055,0.2975673444522212,-0.07953401178581505,-0.1835539793090065,0.08374626305925537,0.18170198068114354,0.05439120555879434,1.1627904774124238,0.6489779967051228,-0.6017881915122381,0.2902322644757879,-0.2993233886955071,-0.04395213533554938,-0.18086397191263662,-0.033292892803381,-0.05131504884981714,0.982204757266344,-0.667398078187808
0.06995200316880065,0.3662821962509893,0.20339135067253547,0.12411316971658559,0.16082666053287376,0.2633650555444892,0.14966262807050215,0.21219250083095098,0.1425819135000334,0.22571676817186623,0.2502929500689842,0.25301910461260924,0.13676570259568388,0.05567902429836192,0.21035293662575924,0.24186204538234657,0.23688357206227467,0.14081176378665544,0.062495159536421,0.14262606792890759,0.19087172269680405,0.2484342527422756,0.1187209037300641,0.010872492420175107,0.24419751260167719,0.226164359511981,1.5728774997848851,0.350216507998478,-0.03480391328081982,-0.05727030704434244,0.19513004662706135,0.08120848374241428,0.38444832888306507,0.28693784226351415,0.2472234224994105,0.22468988997131842,0.45194487707180964,0.14058083825613035,0.16034242569084292,0.2884226095846072,0.19228498500868232,0.2200145130259393,0.46666445541249774,-0.11233679457345427,0.053038521139261434,0.3603191333009044,0.23426496295508176,-0.04141908296314623,0.4555784030704278,0.033559972722293954,-0.24262887211473555,0.12709243169509885,-0.0283080244295498,0.023443062548629896,-0.00041670001851614656,0.12474567946259082,0.06292782765328689,0.41173029546709683,-0.4490646983565935
0.013157752165903371,0.04191569296939883,0.232930114950286,0.12458961297294271,0.06358922742670405,0.1822657114526466,0.044782547514548326,0.13439856476474604,0.0757361515292984,0.1667681992890207,0.2286347988607394,0.11415313984857733,0.12172078523583223,0.15044231534178493,0.3935035866899525,0.1668202876078003,0.7229272185531826,0.284823336429982,0.13231722085880862,0.38233395377512436,0.33282772142126377,0.1743621535869623,0.3920566649879189,0.3264784625321167,0.20410265071394118,0.3705167128407856,0.350216507998478,1.537603493371044,0.0711947725302301,0.0834955526524288,0.25457267072918743,0.08303099223794543,0.8466617592469798,0.16314901441895147,0.9831359963025275,-0.0907178836127475,0.7737343557689302,0.23377018859948548,0.3548973586352606,0.16709097536490697,0.2847956058840429,0.3383401129767174,0.24413979134475666,-0.003166191217954972,0.08676437787013726,0.2939296883456767,0.5190846754673779,0.08056219454367174,0.6272426252325581,1.0976044493589006,-0.6252861232530201,0.7238810251977201,-0.6244888990409777,-0.09472548565393854,0.3259238637434625,-0.050810084477614044,-0.2171448775049157,-0.5070707495902874,0.599373208154028
0.0907976760546746,0.1872432313086177,0.1804179452651988,0.2656706804742466,0.26981939501352864,0.5209983415934026,0.20428996556102952,0.1408635802800999,0.07177503261604806,0.14924874718519546,0.24179210658768083,0.20831804148967809,0.1584156728914745,0.28623274055879466,0.28558209915355887,0.2773985032967819,0.24559194618040986,0.21365213385497517,0.022248184150390798,0.38075008879989397,0.22619413827668072,0.18918231208317193,0.4840674102211981,0.44650804444409214,0.44714340625001414,-0.14203278378221504,-0.03480391328081982,0.0711947725302301,2.4031270493369745,0.2106787517828798,0.12193278981470337,0.4194494852093713,-0.2547461215532021,0.39630111673285107,0.35785252410830126,0.24048370412108475,0.1796606681911527,0.16804100007963688,0.448905206005987,0.048943850029875155,0.5293404540772821,0.20272247269400756,0.14290910368468254,-0.022829364560035884,0.058892523941346024,0.1512331061528123,0.3868843930013881,-0.03719468762666363,0.45581698520134406,0.7191874701746703,-0.6038716381362316,-0.07742532850718976,-0.2885431171778449,0.24285791496624892,0.0965488602740632,-0.026541063193914156,-0.26700947332010294,0.07595804775525157,0.03172244757007675
0.07360728987750546,-0.16924820425124454,-0.6885616786034146,-0.015218677238051528,-0.01695003441327689,-0.2669867610193521,0.0064709091699257605,-0.15491923199092827,-0.019572257188097665,-0.10003035399524195,-0.025022657741729935,0.0033964873876346727,-0.007827391159486007,0.10504139594556972,0.015035754673984157,0.3197600486122698,-0.002076194398914175,-0.01996558957594696,-0.05685421043152516,0.28468692188124,0.055316982427602954,0.17929031196702877,0.47587311595031345,0.8019822429769234,0.3452850315377967,-0.821432091929364,-0.05727030704434244,0.0834955526524288,0.2106787517828798,4.473671000011208,0.2760232557378895,0.14471328991506457,-0.38787828122303986,-0.7684211022071749,0.6199660245248422,0.9162730303630341,0.10618240819682694,0.23197495864992826,0.176378531508404,-0.021845611829619194,0.8243563343621126,0.027061615198955207,0.335629413189662,0.14647370192490536,0.8717469596382178,0.5898462015825969,0.5832097838102428,-0.050191240366226346,1.0872408312937167,-0.3476042965575452,0.6858322332773524,-0.8339237675626929,0.2637770640729244,-0.04537399914928446,0.02629530080101575,0.13049769423870047,-0.22187685968887322,0.055850455892206566,0.06094920990757786
0.0295129662990118,0.15743718206567292,0.20732214826873582,0.1185601259179798,0.12303175351547731,0.15462909300623726,0.09867727688362286,0.12207191373694704,0.14388361794443283,0.12138145016285717,0.16113423969404242,0.13163171673078167,0.10138574989811863,0.13586841723648385,0.2478847056420591,0.2217962154933644,0.2790298978427498,0.2569204375194014,0.07406491490794352,0.29089073576886526,0.22788206513024944,0.21132642705148497,0.09514213492288016,0.3936537626181625,0.15076240134755148,0.19454842849093368,0.19513004662706135,0.25457267072918743,0.12193278981470337,0.2760232557378895,0.7122395880244856,0.1513906327998399,0.10226187592909675,0.12330796192925994,0.26924744498537195,0.4724346201586199,0.435742943903151,0.20297777575263934,0.30359435488968484,0.04443288575600748,0.32683147374580207,0.22100019196165466,0.25405547817062063,0.03383842640800457,0.20282439206744232,0.3561285877145387,0.30817849030756456,-0.051673753735076246,0.0737989421324256,0.27708583298728584,-0.07240760087214787,-0.01108213262672757,-0.09851561760365947,-0.10653765033778205,0.06425520136319743,0.13023696568796594,-0.03441517985742526,-0.2028436409509601,-0.000985641894212737
0.076870918798328,0.11438711301974953,0.10927440540399831,0.1738877372814652,0.19096980226733826,0.2635160675434547,0.09610280314453948,0.14299229557800097,0.12694610482604526,0.07342276629246257,0.12124710420818798,0.18134669857794697,0.11556279009021223,0.39986421669566596,0.18551158430132272,0.16506998576729592,0.1507275116359039,0.07508890995311646,0.015869965805682236,0.19350246271463148,0.1555269102924917,0.17776408071019814,0.06151216345096362,0.17443287716775227,0.05512945046990962,0.23597513250655475,0.08120848374241428,0.08303099223794543,0.4194494852093713,0.14471328991506457,0.1513906327998399,0.9165160687742746,-0.06929193219095969,0.14716251546484937,-0.04952289471911301,0.23731880440115324,0.013370590753550194,0.154258659905392,0.23953278951263757,0.03591044620393722,0.25513256662608874,0.1484225527541791,0.10626123305957785,0.010589721734950852,0.011153757395169774,0.2423341898016474,0.31750946853028605,-0.03818876964000964,0.5236695400353473,0.5017897137944347,-0.05251313262847691,-0.0775142080287947,-0.3615075299436062,0.13027028075263314,-0.1311784664127341,0.027428428833497727,-0.20609234611955857,0.08819497204022261,0.1438399342596311
-0.015006799475232525,-0.0658180962791656,0.36989184846221906,0.016267548576416237,-0.060753645341054284,-0.0861376398586669,0.0021798563560915707,0.2775134460130878,0.12028902105891776,0.18682616966858745,0.15515473401372407,0.1070732367418449,0.12319611562914476,0.06472421321689732,0.2622041261383372,0.14740997250707175,0.5071978554420101,0.2825151822690464,0.18628899412857902,0.23690257757838765,0.297016060292039,0.261066506385219,0.6026350194282036,0.3427987522997731,0.2043089390698763,0.2544354137458614,0.38444832888306507,0.8466617592469798,-0.2547461215532021,-0.38787828122303986,0.10226187592909675,-0.06929193219095969,2.076771438490039,0.1414691930486009,-0.24045882487360754,-0.26524428308662046,1.0631894826104187,0.21041765273091792,0.027034956992655224,-0.13023685992317938,-0.2698343033770348,0.32725791062344606,0.12190833725715365,-0.006957758219266116,-0.3270961312607588,0.35685120280177746,0.7261030062450969,0.0753486370998857,0.7014912896619695,0.6392159800079977,-0.46553108154294365,0.1369824795505541,0.04195578581310593,-0.3522913813347763,0.1673245640439604,-0.12800777938911856,-0.03403806133497425,0.07443945372901242,0.017605668110305284
-0.12591788115339764,0.14984723480300666,0.28314146617300634,0.34958352004672655,0.42045778651205057,0.4605857921820091,0.30564958764882266,0.32073635377803306,0.12927121927946666,0.36001097364029083,0.2589024696927493,0.2521193029054095,0.18804025492898616,0.14892752357236216,0.2545744149663029,0.21764864690703176,0.19555870253243737,0.2777348957108341,0.05816656751265985,0.2869928433200813,0.1915784500458319,0.1971404139336552,0.3054049696466484,0.09813501679280102,0.3154559308420299,0.42559860948713113,0.28693784226351415,0.16314901441895147,0.39630111673285107,-0.7684211022071749,0.12330796192925994,0.14716251546484937,0.1414691930486009,1.8817975531805025,0.15905844111241121,0.10611796009505356,0.6100631929036756,0.16977296373741216,0.44610610520537486,-0.01513799837114731,-0.1041934689098578,0.22912763743778894,0.6231700850712039,0.04627478464026234,-0.6861206674353755,0.07348030702866318,0.2508648733042085,-0.017203159500231626,0.2129665915993509,0.018832111265686496,-0.6513166330506205,0.45454922970889966,0.02593978061767375,-0.017373396810908076,0.07423649105830656,-0.05508741250923317,-0.1154429385723652,0.30881070290397794,-0.14652081648048768
