1.6575479299129203,-0.0228009951952998,-0.03467139766109233,-0.044496489353045024,-0.05332480417207193,-0.05223843784880269,0.03977365688305763,0.010371366538363187,0.024174860923132112,0.019391434705505767,0.009397165413382239,0.025549965944301804,0.011536542444770686,0.019147265675035018,0.014872317625006093,0.009363887001894793,0.009053258063523053,0.005652241847438194,0.009203418549154968,0.00863554292457331,0.011924036852785456,0.011284755947485571,0.010404978546974383,0.007699204380036505,0.005249241127339742,0.003181743008968123,0.0016858187699098559,0.0008094234608842035,-0.00036304181118051743,-0.000632319482483942,0.0013588491981711697,-0.0017740442071341594,-0.0016342079398264508,-0.00021592065547943988,0.0010398669370083045,0.0008669345676591073,0.0011020288397798309,0.0007603032017863037,0.00030882607100581055,-0.00041901659170628166,0.0005875242247443792,0.0010986192122655971,0.0016702789947617444,-0.0005392420467434733,-0.0007536853698323524,-0.0006439321989805928,-0.0005066524891220515,-0.00035780627581083447,-0.00024583637130304477,-0.0050176994446514914,0.00986014634601267,0.015042578668478884,0.01777537992106113,-0.0023203669187977305,0.0018148319588250736,-0.0003582006408131666,0.0032593327576432786,0.0031771180612164187,0.006106442421560981
-0.0228009951952998,1.6401945755567477,-0.04924709877303947,-0.06516952371793633,-0.07857207382771743,-0.07991905167572202,0.05295888948789422,0.012359334240371129,0.03496080003008031,0.027541893258953225,0.012712512257462777,0.03662269049684141,0.018211500051707255,0.030547392684454173,0.024640354798398777,0.012445969911955021,0.01299270988560859,0.00803890502044082,0.01275565182450313,0.013400638936742126,0.018326658789041196,0.017280651572475676,0.015295123415010044,0.011084909946964136,0.007561773466758482,0.004847663725340033,0.003035801300974066,0.001883426314167397,0.00024128709431130098,-0.000997906020176267,0.0011483802102170478,-0.0026692632798279285,-0.003133188173799498,-0.0004940575454271716,0.0012549393142147203,0.0012586401374572597,0.0013420456207208764,0.0005974539975077127,0.0002084283720789384,-0.0006912073401787313,0.0006020636005476053,0.0013488413041830296,0.0018131340759768983,-0.0005842995051557217,-0.0010035139594469483,-0.0008986765426407433,-0.0007156335224433756,-0.0005087430897635289,-0.000352024426542116,-0.010258082703422126,0.010580857302084721,0.01725500475089708,0.029818359997464815,0.0006864664281081923,-0.0059118070920348076,0.0007942521543077833,0.006122184799905867,0.006684487803109793,-0.0013194250247781408
-0.03467139766109233,-0.04924709877303947,1.6072297703938578,-0.09219994185804359,-0.11531286933972147,-0.12462020232103334,0.06767257413347456,0.010631131039611245,0.04979010888992331,0.03859523602085916,0.01999559017754593,0.05094536234704881,0.031466351103203685,0.045236795974197455,0.03612616063483378,0.02054276198069573,0.02134623302370561,0.016050222066687592,0.017156122551094735,0.021336257947123405,0.02765340772869846,0.025254069590188232,0.0216418974215955,0.015173878016491681,0.010012157390671175,0.00622887463787634,0.003618124903450837,0.002075454166636845,-1.5688846812738567e-6,-0.0010944073133267633,0.0017779486169946827,-0.0026628068765044647,-0.0033257573723029536,-0.00010586016253960622,0.0013449878663611514,0.0014434647584031588,0.0014226400218889479,0.0009955755238196685,0.00019570109739029567,-0.0008045127961523808,0.0005391541269522743,0.001420078303342045,0.0019536078240708975,-0.0008995663066118225,-0.0012642245367863994,-0.0010827167611137155,-0.00084903384973459,-0.000598185816458347,-0.00041067709824883146,-0.0101233482478786,0.01707747767012462,0.026235064878775673,0.03297943970839098,-0.004426859756331792,-0.010116213232982344,0.003458932820158876,0.007820043425490268,0.008112269767557771,0.005871695833516646
-0.044496489353045024,-0.06516952371793633,-0.09219994185804359,1.5478160857940735,-0.17049515788602368,-0.19785074862946184,0.06849699896253837,0.02358926539941406,0.05820567934454632,0.05212933262208355,0.03335187061407452,0.06823087492061233,0.04919579819282016,0.07053354058309134,0.05525896031359877,0.03247072873670065,0.03580564281755672,0.02953964351979362,0.022479200325334337,0.034943767056134216,0.04246034338522819,0.03772114337521977,0.0305833625568913,0.020684720372749345,0.01298625806719674,0.007701938692540185,0.0040469664240301165,0.0018576970290053799,-0.0005562494353619154,-0.0016340988581601493,0.001691144354859777,-0.0029479150161383165,-0.004961213902295296,-0.00019466309797751727,0.0016234820143193006,0.002604471091736445,0.0022946697472793678,0.0017890263068043176,0.00022852698503456173,-0.0007694528214846263,0.0005785852555270217,0.0017677966882851837,0.0022270971963480775,-0.0006628145826396875,-0.0011247228252542543,-0.0009914921649484085,-0.0008031970183087259,-0.0005622657382060868,-0.0003908305968920823,-0.01747205508721955,0.016492078502127982,0.0344390758347973,0.04345678540422517,-0.0004127138785130505,-0.004134041623186788,0.0008407486233412598,0.011859039108612633,0.010317188101127348,0.008750545354991065
-0.05332480417207193,-0.07857207382771743,-0.11531286933972147,-0.17049515788602368,1.4258372408637094,-0.3413547322073209,0.02547588324607708,0.04544218012403654,0.08983858970016725,0.06166081166717024,0.05816821598221564,0.08276361363987685,0.0801058360484014,0.10551460036318476,0.08645866390746171,0.058461162728535916,0.05768119128000631,0.0586939543849204,0.029810417430100374,0.059958232282893285,0.06289630369051849,0.05305245080143933,0.04182582440079458,0.02792565534303723,0.016621903343056698,0.009169936368506507,0.004582617389048009,0.002443159943323906,0.00022183678589778318,-0.0008519414690600905,0.001538756475181905,-0.0027175729607557112,-0.006324200772766857,0.0003409225336939288,0.00202934406377138,0.0043191452336826626,0.0026177121269244136,0.0025508737162553063,-0.0001275447375019531,-0.000521006592754166,0.00022821685910698265,0.002198005322303112,0.003537310385865089,-0.0010018833164840261,-0.001221689055170502,-0.0009743877292594452,-0.0007599952156094626,-0.0005160729732858147,-0.00035563592385912227,-0.022247378370240926,0.020714830969716855,0.051303383399698255,0.04849526463019548,0.003216156388546026,-0.02025736931437915,0.005576533730073619,0.01938301770358545,0.018630180587386882,0.011839696240994053
-0.05223843784880269,-0.07991905167572202,-0.12462020232103334,-0.19785074862946184,-0.3413547322073209,1.097941198341397,-0.13064663913786764,0.03845538890198532,0.14957602727112312,0.07379446754823753,0.0981000416082492,0.08978457996266132,0.11763552706777065,0.1604250971891153,0.12980330096198806,0.10162155180413747,0.10007311784535639,0.1160558390048179,0.04546346493374196,0.10344241637202369,0.09115491666448414,0.07055295252695044,0.0513102079138028,0.032254151692602324,0.017108105045482658,0.00826290443035314,0.003625260194535987,0.0024770080496608468,0.0022479931342973248,0.001810149869246317,-0.0012165355449343697,0.0016302033180847493,-0.006379841907573485,0.001330092872372622,0.0016783109046319032,0.005862220710544091,0.0025457649889659467,0.0025888252646300465,-0.0013787278843238012,-0.0006703899237178901,-0.0017688599950511823,0.00025259347841331044,0.00269426587560055,-0.0012021887199179944,-0.0003814709197833479,-3.044559044565033e-6,6.482626971785084e-5,0.00010389688107732097,7.610255953860921e-5,-0.025507283530860583,0.01848909658161957,0.03981163727955949,0.05004493143046254,0.010802142470601284,-0.02177241777604874,0.005528641957749016,0.01742032325152589,0.01835932689497609,0.013338524213299428
0.03977365688305763,0.05295888948789422,0.06767257413347456,0.06849699896253837,0.02547588324607708,-0.13064663913786764,0.40791764441024836,0.08477527569845594,-0.09221596798447028,0.056438432210468466,0.1664688918452996,0.050673395275746186,0.09599460458818762,0.08653371759580326,0.0694388136466377,0.08131773260589928,0.08227146049754591,0.08482214206383056,0.032641571944044864,0.07815325297478407,0.07017609973068997,0.053629974401053715,0.03273263226033877,0.01640283849208531,0.0071496299808804595,0.003976856268314545,0.0020804863882602073,0.0015507287466060237,0.0031106400185919383,0.0032397828836496136,-0.005479146271792252,0.013640548126978689,0.0017457323254368733,0.005613282017488556,-0.003742361361019986,0.0016229959873087024,-0.003005804509152482,0.0012342732300281412,-0.004237479633709911,-0.0016490830906053546,-0.007467586533196134,-0.007775849006027884,-0.009750046162079294,-0.0020790187724281785,0.0005247072673758779,0.0011530457990835648,0.0010757787903391527,0.0008481971181869705,0.000617325826294852,0.009035872610732259,-0.029640224338805306,-0.04821786821301112,-0.07655622990029305,0.025539938377809643,-0.003743247121634034,0.0035020214660436023,-0.00020682575500853301,-0.00015974245011147342,-0.0010198891928490312
0.010371366538363187,0.012359334240371129,0.010631131039611245,0.02358926539941406,0.04544218012403654,0.03845538890198532,0.08477527569845594,0.4778933517785521,-0.2610540845347237,0.0984346142257731,0.20733243685607636,0.09947219903189575,0.08946574735273137,0.05160170719178717,0.08215649753413884,0.07764554865748406,0.07702125078727443,0.08464088443920231,0.03288235460300262,0.08637054408373897,0.07629545419942996,0.05950454718094416,0.03941842454856271,0.022293066892341003,0.011563599420197754,0.006576758238731013,0.003708201388853144,0.0030464827691280383,0.004258395787713591,0.003702744463073871,-0.002826674210881921,0.012516577474276494,-0.0007522760772137835,0.005012386929134688,-0.0038322286628049815,0.0016599154918935858,-0.003350744786307801,0.0014490640510073356,-0.005069809654585247,-0.0016096480657931643,-0.00716943110527421,-0.005862058628691943,-0.006874767510375552,-0.0024062903467319693,1.7975263894602625e-5,0.0007056633655978976,0.0007259802800803807,0.0006016017549400156,0.0004487241160700054,0.010647384055163297,0.008347011091653374,-0.023696980970608173,0.035207231191970396,-0.02571991053028259,-0.005080805877545083,0.007873765589123446,0.0002594951520775872,0.004942308296374155,-0.019808617345067343
0.024174860923132112,0.03496080003008031,0.04979010888992331,0.05820567934454632,0.08983858970016725,0.14957602727112312,-0.09221596798447028,-0.2610540845347237,0.9175163320324716,-0.05398877666113614,-0.051051016368206845,0.004855863437183245,0.08689743938335949,0.16180747745002688,0.009681945241492221,0.11853435661139226,0.028968864514980132,0.09036770472111066,0.026656995054502593,0.06012867846922206,0.05319888179079451,0.04634206242365558,0.034992003368201054,0.022450169206072287,0.012512657402208954,0.007306234947910488,0.00454910353817368,0.00414485673989735,0.0033793895121761687,0.0026653809214113528,-0.005169814352671576,0.0048819748293650825,0.0009999253968818707,0.0005024250433945199,0.0014952850954096375,-0.0030982650816500402,0.002092932926022137,-0.003248277919137578,0.00028457424283709267,-0.004337390674298896,-0.0005169857748282094,-0.0035874869104684276,-0.00032389355628254006,-0.0023076468273745786,-0.0009915150410504498,-0.0003863477982173929,-0.00016024023449473336,-6.553491510821704e-5,-1.1591712306342292e-5,0.01497190952061539,-0.012687186339933262,-0.002773148857585702,-0.024943471495756087,0.009887553572995835,0.026856152201672836,-0.006085258425754213,-0.019481345840138147,-0.01635395013099038,-0.0061909393571725055
0.019391434705505767,0.027541893258953225,0.03859523602085916,0.05212933262208355,0.06166081166717024,0.07379446754823753,0.056438432210468466,0.0984346142257731,-0.05398877666113614,0.7853517363629698,-0.38450876937497663,0.06838329164739153,0.18943722364382162,0.011354455420175215,0.11227740271192245,0.03555066450559672,0.07116655505306145,0.05960256979053416,0.04723118757384433,0.08078387373923056,0.06456062644623896,0.05012643952411176,0.0345214969131351,0.020292306843694076,0.010066396389805573,0.0046261311340371055,0.0014930591160860801,0.0013886943182237269,0.0035436528239964978,0.003882717925370391,0.0002709546480556406,0.019843155959441285,0.0015785708214126858,0.01087293791478259,-0.005831572439748594,0.0033355795072361923,-0.004826049858476145,0.0035523736209171065,-0.005978303195027035,-0.000967508911070585,-0.009273009986943652,-0.006080917204863705,-0.006227221037403978,-0.004461154666181913,-0.0009553636675500444,0.00029902165736229997,0.0005275088816733264,0.0005086922503617277,0.00039433190854183057,0.026938580876500147,-0.025830090599361293,-0.035364681325737814,-0.055012607061346176,-0.01256899192495583,-0.008636275885768548,0.001963331174780519,0.014234922538244649,0.023199696818498785,-0.0031055020058984944
0.009397165413382239,0.012712512257462777,0.01999559017754593,0.03335187061407452,0.05816821598221564,0.0981000416082492,0.1664688918452996,0.20733243685607636,-0.051051016368206845,-0.38450876937497663,0.7090391246030504,0.19358008737786186,-0.016712865310927163,0.021841239101966118,-0.029855186230774093,0.13602533157782104,0.0505366534929251,0.11405695091603674,0.02539372380514039,0.07810111336998665,0.07131012485582863,0.057299438716142605,0.03865345275267884,0.022659843717985007,0.012324416070101185,0.007663624348428549,0.004957929337845681,0.003922800241164039,0.0037628908665255823,0.0032253663226020704,-0.0063654676605263485,0.006735133471534443,-0.0005179775681541691,0.0018474230606645727,-0.00018110006542410408,0.0008448434123002425,-0.00017640887324231325,-0.00034789384161056693,-0.002456251579358575,-0.0033674387875607674,-0.004429879011779323,-0.00603023871010211,-0.006008019093896321,-0.002055942241502058,-0.0003874374078346839,0.00017124358598591904,0.0002635220199930521,0.00025177806287612485,0.00019801539008567048,0.0016299868870646942,0.003760682870015475,-0.02190492396683729,0.003014243376062597,0.008396849695436866,-0.004679625780731107,0.001994917367537043,-0.007734604976699944,-0.004432072455507887,0.013047871950443633
0.025549965944301804,0.03662269049684141,0.05094536234704881,0.06823087492061233,0.08276361363987685,0.08978457996266132,0.050673395275746186,0.09947219903189575,0.004855863437183245,0.06838329164739153,0.19358008737786186,0.5284265432968489,-0.07642239757047892,-0.01637837163097374,-0.018226407440648948,0.03127362933337784,0.06314918156958783,0.05698602015181029,0.04106132834163607,0.06600568583411343,0.057878417640304,0.04946755817549023,0.035748751666563036,0.021776667817657653,0.01186485701851433,0.006777969542744297,0.0042478536984991615,0.003787328953980075,0.004268709524149992,0.0036387607338907828,-0.0029084491724506545,0.008963774351222836,0.001231167631495551,0.003607115602199469,-0.00022031429038263994,0.0022264277766064896,-0.0006676722658445885,0.0007366440842850191,-0.003716845491294313,-0.003335849943492619,-0.0064479546140170756,-0.006411494000939977,-0.005760746055028498,-0.0034420525070266617,-0.0010158592933547223,-0.00010961293928615624,0.000118837545273906,0.00016808440594948826,0.00014737993609158155,0.012933008320321276,-0.006040979142898629,-0.048645039219715094,-0.00686336966616082,0.009498465080795748,0.0006582402734887244,-0.0022436372505046202,-0.007392291322531279,0.004467523762943056,0.007423319809154763
0.011536542444770686,0.018211500051707255,0.031466351103203685,0.04919579819282016,0.0801058360484014,0.11763552706777065,0.09599460458818762,0.08946574735273137,0.08689743938335949,0.18943722364382162,-0.016712865310927163,-0.07642239757047892,0.5078737321932884,-0.005832757695264358,0.14475094054966725,-0.012301919479826173,-0.11090249849943061,0.10882285733223804,0.013649219058253597,0.10028625973103533,0.08225346957996714,0.06207794320798403,0.04183977671905206,0.025128205444202266,0.013667565165196799,0.008217188912427351,0.005247699214168896,0.006082765093900411,0.00842192192755066,0.0071435243148775815,-0.007189197849792884,0.025159583242227765,-0.001931418374250238,0.011983840916015459,-0.006297810180728657,-0.0005994269619237532,-0.00480737336881234,-0.0013317909219660593,-0.005923339806288677,-0.004567906428372412,-0.00893169991932246,-0.008909088234210027,-0.006572788748272169,-0.005196097904951956,-0.001243831704670912,0.00021739836363380695,0.0005497934853044337,0.000539553991705224,0.0004394023924674256,-0.003252645223316376,-0.06171421557815346,0.09137231494291276,-0.08101840582141145,-0.014765545926420352,-0.0031772047517231324,0.008803865595282328,-0.007465931334605592,0.0009941231172054788,-0.03097002077479991
0.019147265675035018,0.030547392684454173,0.045236795974197455,0.07053354058309134,0.10551460036318476,0.1604250971891153,0.08653371759580326,0.05160170719178717,0.16180747745002688,0.011354455420175215,0.021841239101966118,-0.01637837163097374,-0.005832757695264358,0.890882734380805,-0.25287856714120144,-0.22036306238435446,0.1535004995578244,-0.009574075980596135,0.04447638679293057,0.06808320067512279,0.07050676908698186,0.060692274630508566,0.04430886478791838,0.027239136157273133,0.015035990913551739,0.008630808197995513,0.005569092148929317,0.0046124421178532875,0.0039535718140936964,0.003742197021800255,-0.0015071636213327075,-0.0001646460667469587,0.002746422761074195,-0.0028690090797621037,0.0023545550733066766,-0.0012780914819665065,0.0008542426393971679,-0.0014903235506630679,-0.001601332217200571,-0.002804318075469732,-0.002441804834437023,-0.003347839866160117,-0.0022284017019339104,-0.0019746151194167177,-0.0006082279570313407,-0.00010446281550237882,3.652113802950748e-5,6.481339894690995e-5,7.203338943654168e-5,0.004203750181017258,0.020493364026690223,-0.03268582441349558,0.01926996785074247,0.005655502473716371,0.015485047835955426,-0.009422297515149515,-0.011348722006201482,-0.0084312926512718,-0.01121680347440491
0.014872317625006093,0.024640354798398777,0.03612616063483378,0.05525896031359877,0.08645866390746171,0.12980330096198806,0.0694388136466377,0.08215649753413884,0.009681945241492221,0.11227740271192245,-0.029855186230774093,-0.018226407440648948,0.14475094054966725,-0.25287856714120144,0.8801743410334808,0.0326332650901408,-0.034824806191648516,0.14372799232323807,0.06461068604111815,0.0392603997289405,0.022255266938407785,0.019334830570700463,0.013427264563471817,0.003990455080086507,-0.00176457830736725,-0.003029943472368526,-0.002160112765857728,-0.0006652917307311592,0.0014982790244005009,-0.0006248667711250818,-0.006922324303079265,0.0046210658733471495,-0.010470697432463191,0.0019016252914830613,-7.389987064643211e-6,0.005178558227277829,0.0035472200412967336,-0.0006499965022825239,0.0005415679494233954,-0.0008677658157249767,2.8694230798527676e-5,-0.0021325178561935987,-8.493271355578026e-5,0.0023271974679273024,0.0021674841047850165,0.0016229669892416094,0.0011938983529969703,0.0008187737288077241,0.0005525629369277274,-0.015114724365770035,0.04990537732485854,-0.054037177410725674,0.07380017629159982,0.02430219422349626,-0.005978831442982884,0.015620590956079927,-0.003079099353660752,-0.0168643214795525,-0.0264334614161495
0.009363887001894793,0.012445969911955021,0.02054276198069573,0.03247072873670065,0.058461162728535916,0.10162155180413747,0.08131773260589928,0.07764554865748406,0.11853435661139226,0.03555066450559672,0.13602533157782104,0.03127362933337784,-0.012301919479826173,-0.22036306238435446,0.0326332650901408,1.0783046246234855,-0.08327026715937501,-0.12576351815500772,0.09611737024327852,0.033588097942545275,0.038125705992834574,0.042697189469501545,0.03430478769536182,0.019793074851477084,0.009708795620378671,0.004295471268632912,0.0009613152644739017,-0.0014605323669644378,-0.0031825230900993074,-0.0023757113907487215,0.003671811768391772,-0.0012387958977101185,0.0006366902924701655,0.00041845007017143925,-0.0026487405577681313,-0.0006109693337495198,-0.0025590018755336096,0.002607853848281822,-0.0008308763092666452,0.002962386381362631,0.0002136301083549537,0.003354512535684579,-0.0006902119967583799,0.00042807333418559235,-0.00010476197664192041,-0.00025602398587492366,-0.00025577423721528524,-0.00020071819597982247,-0.00013649355021659975,0.0005854422547510448,-0.024110569044655927,0.019468208641761072,-0.031382322556318655,-0.005212421174952539,0.022999679317947896,-0.010545966908803685,-0.0031713574199291844,-0.013805063356509962,0.0182634321510124
0.009053258063523053,0.01299270988560859,0.02134623302370561,0.03580564281755672,0.05768119128000631,0.10007311784535639,0.08227146049754591,0.07702125078727443,0.028968864514980132,0.07116655505306145,0.0505366534929251,0.06314918156958783,-0.11090249849943061,0.1535004995578244,-0.034824806191648516,-0.08327026715937501,1.3650733241004285,-0.13960622024041336,-0.037208826481781525,-0.05661900535480222,-0.02332891142634846,0.0036291492255117763,0.011936087911810797,0.004856467890957963,-0.0023851597288812344,-0.005228277929461066,-0.005227694732749412,-0.005028943156593328,-0.00458633841923327,0.00017328363718811606,0.004663797801929115,-0.01031868069425469,0.010360373607495666,-0.009398303746751952,0.004524809733184009,-0.00955720510528609,0.004386325116265988,-0.005480481382901372,0.008419136584628645,-0.00025530282519716077,0.010540513526350529,0.0012916755832968936,0.006517452456938355,0.0026458903767359945,0.0015182343513502332,0.000876915160356058,0.0005357338276453365,0.0003342335307499929,0.0002040817383789934,0.005713067378006793,-0.013541157941564658,0.01625373631400622,-0.03157419574883113,-0.013032823710889763,-0.0005677742387170936,0.010154768395669587,0.0028484374980382,-0.008041752662154828,0.0013943787353249465
0.005652241847438194,0.00803890502044082,0.016050222066687592,0.02953964351979362,0.0586939543849204,0.1160558390048179,0.08482214206383056,0.08464088443920231,0.09036770472111066,0.05960256979053416,0.11405695091603674,0.05698602015181029,0.10882285733223804,-0.009574075980596135,0.14372799232323807,-0.12576351815500772,-0.13960622024041336,1.2129563332319877,-0.09471630347085921,-0.11287115218047006,-0.038617257911392686,-0.007746187484296358,0.004269753696789514,0.0006309470632093908,-0.0035977184492086704,-0.005571002348730572,-0.005787073006466511,-0.006657005658601097,-0.007200234164275561,-0.007499610537146313,0.008058376386505374,-0.009847487217130534,0.0036815812436031287,0.000665065532883103,-0.0018637775390670647,0.00305805131903206,-0.0032253949936695233,0.005716783682614911,0.0006150423816887599,0.009605527706402378,0.002908958364917067,0.0101651782369875,0.00495678132682758,0.003458193906927294,0.001423551384166395,0.00054467356439428,0.00026245969770734637,0.00011332430132306879,4.8689497056698306e-5,0.015250274286427057,-0.00728307578785769,-0.020139141015593477,-0.024292259318589193,-0.006836629404434618,0.008455518619591712,-0.009468591657904014,-0.00322169021487026,-0.008555143752422478,0.02764424139773678
0.009203418549154968,0.01275565182450313,0.017156122551094735,0.022479200325334337,0.029810417430100374,0.04546346493374196,0.032641571944044864,0.03288235460300262,0.026656995054502593,0.04723118757384433,0.02539372380514039,0.04106132834163607,0.013649219058253597,0.04447638679293057,0.06461068604111815,0.09611737024327852,-0.037208826481781525,-0.09471630347085921,1.4002552976115896,-0.05753699351241126,-0.02498804274210825,-0.02928084963304786,-0.029241310560328432,-0.016939023117995892,-0.00700174297792094,-0.0010559677380875142,0.0023892799455896346,0.005935786339077169,0.008627238105420517,0.0062588413210850225,-0.018885141528548127,0.01706596975000292,0.004074396019555999,0.006349115481766033,0.0032325998012615103,-0.0011117968214538441,0.0032048717838799668,-0.005741671630471344,-0.0012061835730226504,-0.009877369562555704,-0.005457443831097453,-0.013271025451848908,-0.005805884986649424,-0.0038773891418584666,-0.0006092949312093362,0.0005040965913788895,0.0006813284596272103,0.0005895433869440733,0.00044657920507940805,0.005859776770112723,-0.007360282793883424,-0.005730978168523437,-0.018960115128197286,0.004404063382383543,-0.0050554119799103465,-0.006594043350675598,-0.007586360043379629,0.010470304449534172,-0.0036956228008091724
0.00863554292457331,0.013400638936742126,0.021336257947123405,0.034943767056134216,0.059958232282893285,0.10344241637202369,0.07815325297478407,0.08637054408373897,0.06012867846922206,0.08078387373923056,0.07810111336998665,0.06600568583411343,0.10028625973103533,0.06808320067512279,0.0392603997289405,0.033588097942545275,-0.05661900535480222,-0.11287115218047006,-0.05753699351241126,1.4626218055731421,-0.18431453671198386,-0.135611489788943,-0.08943138620257685,-0.04732549232143575,-0.017876223316901918,-0.0043698776233691726,0.0005647460589854542,-0.00013230906655062373,-0.004149601664025684,-0.007240631391917629,0.007369984590684623,-0.015455241851641816,0.005844103340836645,-0.005104913412338247,0.0005982206488137108,-0.006030555008242147,-0.002240802297140241,-0.00039290541122291627,0.001175595519218345,0.0016961616120887981,0.003011983223797141,0.004910279313217751,0.000114566472827697,1.2187524430102523e-6,-0.002254090974141364,-0.0024066543979891224,-0.0019582999844530123,-0.0014280430122639329,-0.0009787260427984643,0.011781144516546905,-0.0003862623296669144,-0.02256872428416558,-0.021068425774458797,-0.008440959406698229,0.01053916076940599,-0.0048854011722973935,-0.0004431691388403805,0.002711526987006356,-0.016100869186446362
0.011924036852785456,0.018326658789041196,0.02765340772869846,0.04246034338522819,0.06289630369051849,0.09115491666448414,0.07017609973068997,0.07629545419942996,0.05319888179079451,0.06456062644623896,0.07131012485582863,0.057878417640304,0.08225346957996714,0.07050676908698186,0.022255266938407785,0.038125705992834574,-0.02332891142634846,-0.038617257911392686,-0.02498804274210825,-0.18431453671198386,1.4817295559018433,-0.16501532936666718,-0.11863851451218775,-0.06866507176217489,-0.033689416537752995,-0.016437147390005735,-0.008211089415638853,-0.006075744547442496,-0.0061807068455725514,-0.005080948898307321,0.007303380163383025,-0.014702636669908103,0.002723908679737192,-0.007349247202191709,-0.0006535577525894494,-0.005032719322326594,-0.001359830441606815,-0.0005549992535152344,0.003371190412626302,0.005268001859974663,0.007171381856894952,0.008700604032264464,0.005389111558540657,0.0038425997747941055,0.000798289503142295,-0.0002617346253376808,-0.0004351545491617059,-0.00041326426782169564,-0.0003087083533276142,0.004109474253789132,0.0007777813818691904,-0.009826395211896799,-0.007532527332257414,-0.00472763110363879,0.006802811050359525,-0.00407188056037183,-0.005386435935311063,-0.0032009759670119796,-0.01114563685109282
0.011284755947485571,0.017280651572475676,0.025254069590188232,0.03772114337521977,0.05305245080143933,0.07055295252695044,0.053629974401053715,0.05950454718094416,0.04634206242365558,0.05012643952411176,0.057299438716142605,0.04946755817549023,0.06207794320798403,0.060692274630508566,0.019334830570700463,0.042697189469501545,0.0036291492255117763,-0.007746187484296358,-0.02928084963304786,-0.135611489788943,-0.16501532936666718,1.5253618729418206,-0.11727394913240907,-0.07277640468144067,-0.04072862773563301,-0.024347073075612843,-0.015497482550108181,-0.012019795491170686,-0.008867912378356256,-0.003823882591894129,0.0054783376524557455,-0.012356050785799405,0.001437818172996713,-0.009185095725444676,-0.0019104290416325892,-0.004835805393041883,0.00018424071257674258,-0.0004655544400639051,0.005697418674989421,0.00837742775907131,0.01118462470006025,0.011583615628406865,0.010298767258978967,0.007752324095986552,0.004328942537551532,0.0024135954068045234,0.001496948600691214,0.0009227478888021167,0.0005821276287401372,0.0018481813052353918,0.00021313999849323882,-0.0050968544455834396,-0.002622874140269994,-0.0024167741215210376,0.0009232939639366468,-0.005253523995779578,-0.00649049488812416,-0.008735682429119979,0.002829158212277691
0.010404978546974383,0.015295123415010044,0.0216418974215955,0.0305833625568913,0.04182582440079458,0.0513102079138028,0.03273263226033877,0.03941842454856271,0.034992003368201054,0.0345214969131351,0.03865345275267884,0.035748751666563036,0.04183977671905206,0.04430886478791838,0.013427264563471817,0.03430478769536182,0.011936087911810797,0.004269753696789514,-0.029241310560328432,-0.08943138620257685,-0.11863851451218775,-0.11727394913240907,1.5839994247834275,-0.06241426583456763,-0.039232285211793304,-0.027471838015960443,-0.021759549821652527,-0.019673191188398744,-0.01545712362585695,-0.005392998901095074,0.0047040992773924074,-0.009725714572670746,0.0006598513138508775,-0.010067308262096708,-0.0023767948740869727,-0.003269280829946066,0.0035086995188041863,0.002424385470096099,0.008734041563421155,0.01136192084741887,0.014728826510640218,0.013782411622350174,0.013671819748400215,0.010883352563269619,0.007424083633590981,0.00484030717343427,0.0032388978928131443,0.0021339350208252955,0.0014075609285137255,-0.00048643845358944374,-0.0016838746609572348,-0.003254120950837333,-0.002483115055371981,0.0001461410959306355,-0.007809942473851735,-0.004842138229478189,-0.008891709328641606,-0.0014169477672478844,0.007265556156715502
0.007699204380036505,0.011084909946964136,0.015173878016491681,0.020684720372749345,0.02792565534303723,0.032254151692602324,0.01640283849208531,0.022293066892341003,0.022450169206072287,0.020292306843694076,0.022659843717985007,0.021776667817657653,0.025128205444202266,0.027239136157273133,0.003990455080086507,0.019793074851477084,0.004856467890957963,0.0006309470632093908,-0.016939023117995892,-0.04732549232143575,-0.06866507176217489,-0.07277640468144067,-0.06241426583456763,1.632812916607963,-0.03435243817057986,-0.029599601612651516,-0.028394242809508453,-0.028756196531013623,-0.02400087065294328,-0.008789148190859486,0.004954127237542059,-0.008749659102315548,-0.0005132238062242123,-0.01295988890805223,-0.003963622222201116,-0.0035962987025299604,0.0069795947041217275,0.005875107903306749,0.012615491114411688,0.015860390592083225,0.02091791787900213,0.019293922933982893,0.020394477389950788,0.015536032413737995,0.011355192347956343,0.007756572857633986,0.00525788811093819,0.003533592182512877,0.002350879873611669,-0.0005000816441068541,-0.0018211484093735835,-0.002979564398615091,-0.00224492614065389,0.00018189456684655523,-0.014157776650122576,-0.00514740280447101,-0.009423963237089791,0.004027617787918777,0.013053444927592592
0.005249241127339742,0.007561773466758482,0.010012157390671175,0.01298625806719674,0.016621903343056698,0.017108105045482658,0.0071496299808804595,0.011563599420197754,0.012512657402208954,0.010066396389805573,0.012324416070101185,0.01186485701851433,0.013667565165196799,0.015035990913551739,-0.00176457830736725,0.009708795620378671,-0.0023851597288812344,-0.0035977184492086704,-0.00700174297792094,-0.017876223316901918,-0.033689416537752995,-0.04072862773563301,-0.039232285211793304,-0.03435243817057986,1.6459887565956695,-0.03443434159645093,-0.03814017191580971,-0.04128816106072723,-0.03629655802718401,-0.013956805900228427,0.0069990004245233765,-0.00947361636255989,-0.0014624301098674433,-0.01519042854089032,-0.003976960154605927,-0.0007275275721128781,0.012452532366075918,0.012085080173163364,0.018280633146642158,0.0221800442962168,0.02777561968970612,0.025689409797778263,0.02819747338553333,0.020065987641286004,0.015298861288407154,0.010711254853100503,0.007318605045635087,0.004948300948259307,0.003309910074492004,-0.001232456747086817,-0.0014002468978148292,-0.0009650721513513533,-0.0003021153236485491,0.0010179098734001192,-0.02206961807831235,-0.0051365851065335874,-0.01317072753805621,0.011749647456592745,0.015522822004474301
0.003181743008968123,0.004847663725340033,0.00622887463787634,0.007701938692540185,0.009169936368506507,0.00826290443035314,0.003976856268314545,0.006576758238731013,0.007306234947910488,0.0046261311340371055,0.007663624348428549,0.006777969542744297,0.008217188912427351,0.008630808197995513,-0.003029943472368526,0.004295471268632912,-0.005228277929461066,-0.005571002348730572,-0.0010559677380875142,-0.0043698776233691726,-0.016437147390005735,-0.024347073075612843,-0.027471838015960443,-0.029599601612651516,-0.03443434159645093,1.6367957284005663,-0.05100740872576452,-0.05837251831512673,-0.05409331207128713,-0.02370005321761813,0.011201022145065433,-0.014340483468776852,-0.004576350371514038,-0.02099042106705023,-0.0052684208622132194,0.0005292436180807,0.019430999043755053,0.020361672206169114,0.02695341647099501,0.03197525890029843,0.03960131936912513,0.03738389975858119,0.04055703209291795,0.027425447963765517,0.020723665555311008,0.014466194312560327,0.009814025229855215,0.006634431291414892,0.004433958598453241,-0.0005974045916474287,-0.0006189278893259588,0.0002507414625223458,0.000580941797429659,0.0010085786504890764,-0.029105625112329832,-0.006956232250952084,-0.017336889486170935,0.021839183308020413,0.015131334882425003
0.0016858187699098559,0.003035801300974066,0.003618124903450837,0.0040469664240301165,0.004582617389048009,0.003625260194535987,0.0020804863882602073,0.003708201388853144,0.00454910353817368,0.0014930591160860801,0.004957929337845681,0.0042478536984991615,0.005247699214168896,0.005569092148929317,-0.002160112765857728,0.0009613152644739017,-0.005227694732749412,-0.005787073006466511,0.0023892799455896346,0.0005647460589854542,-0.008211089415638853,-0.015497482550108181,-0.021759549821652527,-0.028394242809508453,-0.03814017191580971,-0.05100740872576452,1.6122661223842085,-0.07960297242625647,-0.07839874275539226,-0.040557612045619626,0.016863998193563465,-0.024499326933790245,-0.01155633522687425,-0.028586854741057856,-0.0071099201803549355,0.002890443850897869,0.028795836451887814,0.032670177121329635,0.0395334720860194,0.04619194665410673,0.05562119458016963,0.053486175213777035,0.055863354669914864,0.03660160947074269,0.026972098023903972,0.018605598993433718,0.012506089249751415,0.00842178264258446,0.005628967697669914,-0.0013398479410263767,-0.0010746575189887642,-0.00034925136077474685,0.0012130867937483604,0.001414872498159218,-0.037388424299749624,-0.009789441164769108,-0.02230585812919093,0.03500826706094798,0.012725204166134466
0.0008094234608842035,0.001883426314167397,0.002075454166636845,0.0018576970290053799,0.002443159943323906,0.0024770080496608468,0.0015507287466060237,0.0030464827691280383,0.00414485673989735,0.0013886943182237269,0.003922800241164039,0.003787328953980075,0.006082765093900411,0.0046124421178532875,-0.0006652917307311592,-0.0014605323669644378,-0.005028943156593328,-0.006657005658601097,0.005935786339077169,-0.00013230906655062373,-0.006075744547442496,-0.012019795491170686,-0.019673191188398744,-0.028756196531013623,-0.04128816106072723,-0.05837251831512673,-0.07960297242625647,1.5779222999774136,-0.10828086655728168,-0.07238249196160283,0.023729892677349613,-0.048277634726268906,-0.024582160000113727,-0.035796928393495714,-0.00500246351928742,0.007985107503473718,0.04081018463533197,0.04847994450467168,0.057393183685177,0.06443620029798221,0.0756433210315882,0.07380384195282787,0.07225798791745418,0.046960338170451074,0.032075463470708415,0.021193792500635442,0.013864431288466482,0.009191714305815148,0.0060816445501736364,-0.00011030048545843205,-0.0008289421902098053,-0.0008607684467735522,-0.0021125904262762622,0.0005851772079954185,-0.0402216656795975,-0.01133199041065919,-0.024882927484566948,0.0422938643676834,0.008287495144472785
-0.00036304181118051743,0.00024128709431130098,-1.5688846812738567e-6,-0.0005562494353619154,0.00022183678589778318,0.0022479931342973248,0.0031106400185919383,0.004258395787713591,0.0033793895121761687,0.0035436528239964978,0.0037628908665255823,0.004268709524149992,0.00842192192755066,0.0039535718140936964,0.0014982790244005009,-0.0031825230900993074,-0.00458633841923327,-0.007200234164275561,0.008627238105420517,-0.004149601664025684,-0.0061807068455725514,-0.008867912378356256,-0.01545712362585695,-0.02400087065294328,-0.03629655802718401,-0.05409331207128713,-0.07839874275539226,-0.10828086655728168,1.5430410177351506,-0.13469810428598614,0.019850672389891064,-0.08844606525452073,-0.04896876074554826,-0.02472750941955967,0.010501467340507003,0.02240474297291153,0.051423330853099095,0.06589296205478594,0.07497421957266905,0.08236123355643003,0.0923337820786877,0.09304607615948618,0.08359906023322179,0.053988326689074155,0.032206363862258953,0.019489355305111655,0.012050439957699183,0.007685585703487342,0.004971636429003442,0.00014335882942961535,-0.0008777960124597368,-0.002658663563458476,-0.005552518859087705,-0.0008597972910472305,-0.032469808683428615,-0.010991910988394773,-0.02009938581798696,0.037763944090163384,0.0008026164703365913
-0.000632319482483942,-0.000997906020176267,-0.0010944073133267633,-0.0016340988581601493,-0.0008519414690600905,0.001810149869246317,0.0032397828836496136,0.003702744463073871,0.0026653809214113528,0.003882717925370391,0.0032253663226020704,0.0036387607338907828,0.0071435243148775815,0.003742197021800255,-0.0006248667711250818,-0.0023757113907487215,0.00017328363718811606,-0.007499610537146313,0.0062588413210850225,-0.007240631391917629,-0.005080948898307321,-0.003823882591894129,-0.005392998901095074,-0.008789148190859486,-0.013956805900228427,-0.02370005321761813,-0.040557612045619626,-0.07238249196160283,-0.13469810428598614,1.4205747814604746,-0.028269503083537168,-0.14291511355544362,-0.07376205665889381,0.055990121338612114,0.0795746138406866,0.05457587634695798,0.048562156429700666,0.06373587927875263,0.06734556472903719,0.07631029106416369,0.08215233261853061,0.09272389168331199,0.07713876622586181,0.05081175190897088,0.02294998559716757,0.01092543360410984,0.005558745803913525,0.003019863071663261,0.0017350430048898556,0.0038785182219313982,0.0026642025970514184,0.0014843962418051894,-0.012891383485829976,-0.0033418611192249283,-0.004866139404046761,-0.010680966798759586,-0.0049512454667759945,0.01345013743391817,-0.0015080710956190283
0.0013588491981711697,0.0011483802102170478,0.0017779486169946827,0.001691144354859777,0.001538756475181905,-0.0012165355449343697,-0.005479146271792252,-0.002826674210881921,-0.005169814352671576,0.0002709546480556406,-0.0063654676605263485,-0.0029084491724506545,-0.007189197849792884,-0.0015071636213327075,-0.006922324303079265,0.003671811768391772,0.004663797801929115,0.008058376386505374,-0.018885141528548127,0.007369984590684623,0.007303380163383025,0.0054783376524557455,0.0047040992773924074,0.004954127237542059,0.0069990004245233765,0.011201022145065433,0.016863998193563465,0.023729892677349613,0.019850672389891064,-0.028269503083537168,1.5669361161883655,-0.003547999206679499,-0.08002645507152228,0.010395890998314831,0.005810281804557817,0.0379557683124301,0.007230576684441406,0.011908672142329076,-0.0010665188878615812,0.007171352689356561,0.0070791694718675795,0.012865912114922476,0.033642171757299916,0.007477658452040725,0.002218369510551717,0.0011168928870203432,0.0008314358665279679,0.0006365109322064525,0.00047830131689634726,0.0043545914520256735,0.005525869800444522,0.008477171195926232,-0.004276566283207969,-0.004826739154080774,-0.0007228339758208512,-0.002373866332624073,0.0005671951500768577,9.359024358311919e-5,0.009545271739596285
