1.0828614867053903,0.00026426916858048277,-0.0002294047574493675,0.0002137708270909861,-0.00016696164112326505,0.00012016313222369396,0.00046700056673427677,-6.74769817022883e-6,0.00015059173382636097,-0.0003285761001460921,-8.073189506778748e-5,-0.0001597762591340407,-0.00018024711637390305,-8.795877214790603e-5,-0.0001414470471277131,0.00023508429689315783,-0.00018349420849318455,0.0001976716598678965,-0.0001311410334138854,-2.5052269401651408e-5,5.7264192963442635e-5,0.00012915312719170496,6.412119328312954e-5,5.1132756135227915e-5,3.6667557470632055e-5,4.869202382149411e-5,3.3645752375229745e-5,4.845473894504799e-6,-1.0382469744318936e-5,1.9507329919700102e-5,5.357002587749595e-6,-8.588173656083165e-5,9.872838347591036e-5,-8.36612106459663e-5,2.9824454445011943e-5,2.2160407563051705e-5,-2.532621794279031e-5,1.6696935934881657e-5,-2.6262890006453234e-5,1.7816219322539083e-5,-2.1373018235966712e-5,-3.3375705293233916e-5,-7.327729304053835e-5,-4.840895360920609e-6,9.945186748581768e-8,-5.950824302169195e-7,5.025141342705158e-7,-3.523964529410814e-7,3.647899990185171e-7,3.79107214731408e-5,6.853854908252106e-5,0.0001111641756451619,-0.00031221286924975396,-0.00028560810306969234,-8.026996163005818e-5,-0.00043251661271527026,-0.00029903671659428286,-0.00024185377103850379,-0.00022182608129810199
0.00026426916858048277,1.0827215782334187,0.00041099754365483434,-0.0003436319094740575,0.00023576911386298885,-5.012239020040862e-5,-0.0007987933735121741,0.0003530714535396567,-0.0007523888204939657,0.0009841684419889534,-0.00013099968178228435,0.0002730633181370994,0.00016166230935039068,0.00012773126084011333,6.310554028555248e-5,-0.00015669262373669733,0.0002904014340062763,-0.0004566395388241105,0.00025022434401844894,0.00013690848171159147,-8.083760598087419e-5,-0.00017250625411022283,-0.00011600074831866828,-6.907683390344489e-5,-5.8998751735081966e-5,-7.574055008934581e-5,-4.533516807605192e-5,-1.5929657417590628e-6,2.215187622095167e-5,-1.2562644976860199e-5,1.620871801938679e-7,5.250985382087012e-5,-6.882861764444787e-5,6.275225079583825e-5,-1.5918057411824683e-5,-1.1031656697555797e-5,2.269306525664194e-5,-1.595952150763876e-5,1.7289583906783564e-5,-5.864080656353217e-6,2.2506178213176737e-5,4.8732674083582925e-5,0.0001109243867015552,7.059261209192667e-6,-1.1933348372660737e-7,5.910668346046722e-7,-4.943538722404403e-7,5.141471554590642e-7,-4.730675606491238e-7,-3.584541616896624e-6,6.206784362470024e-5,0.00014197572174947848,0.0005183163415211888,0.0007395148158989015,-2.6838625855045745e-6,0.0003612203512486474,0.0003296373591636963,0.00026653753170335833,0.00011239879029842199
-0.0002294047574493675,0.00041099754365483434,1.0822868012617015,0.0005598083049355877,-0.00044964041217874167,0.0005654601845451865,-0.0006216580983900847,-0.0006163329306000621,0.0013826286936606633,-0.001013750013483533,0.0005665158518062227,-0.00013617195293752593,0.00015676520673420734,1.9213683329530796e-6,2.4471537515882244e-5,0.0004109033779455747,-0.00047185833300479927,0.000419154962106522,-0.0002734395657457152,-2.733684656911243e-5,4.367391384333241e-6,-4.778860807842514e-5,-3.445002217853213e-5,-1.5510895620808794e-5,-2.57131211726376e-5,-2.2399511749541747e-5,-9.383408268497898e-6,6.178697756560953e-6,4.754265708395699e-6,2.5345889833780738e-5,-9.704240414993256e-6,-3.448996344934962e-5,4.113085319189477e-5,-3.381061781967395e-5,1.576242438134963e-5,1.5908244321054433e-5,-7.382280375560784e-6,-1.5078898095108926e-6,-8.258775134713202e-6,6.896129628249815e-6,6.808216835812824e-6,6.07123610183902e-6,3.8551924417966305e-5,1.3693920102633163e-6,3.7590501365675785e-7,-6.732616559937552e-7,4.991245961454084e-7,-4.700253634921877e-7,4.173959485278987e-7,7.824218244528687e-5,5.990891793056066e-5,-2.6519848242861244e-5,-0.00024008469961646188,-0.0006704566226644265,-5.77161345339612e-5,-0.0003892963731913848,-0.00020144265349987262,-7.976205178972773e-5,0.00018905280984462703
0.0002137708270909861,-0.0003436319094740575,0.0005598083049355877,1.0823070319753234,0.0005485135958850723,-0.0002262746036970178,0.002149875413332577,-0.00031043659537049914,-0.0019112343022811321,0.0013049426156227068,-0.0008743506134664774,-2.1098561321882706e-5,-0.00034155267508688295,-0.00012652799228517612,-6.622399943688001e-5,-0.0007549943989409515,0.0007101580188048743,-0.00037763904068245825,0.0003381071030444517,-0.00010093890920460965,7.833332850638979e-5,0.00022903196543952827,0.00018091584361773467,8.990230304906752e-5,9.817858062133071e-5,0.0001148203493000209,5.4030641448268324e-5,-9.530294596617554e-6,-3.427974000608627e-5,-3.9359562944786287e-5,1.1777931422309341e-5,4.1343977841241796e-5,-4.0276018656984295e-5,2.347948677314667e-5,-1.40434930553846e-5,-3.7872304196788106e-5,1.224104951731245e-5,2.9635033503225363e-6,1.7903337999006833e-5,-2.3632392120946448e-5,-2.3172416205155567e-5,-6.033494489111129e-5,-0.00016896521522828613,-8.698251125254935e-6,-6.407899834341647e-7,8.370173680172689e-7,-6.548984574079169e-7,4.3628312306547283e-7,-4.4441287388371195e-7,-0.00017894527400492264,-0.00028876614925434866,-0.00032653669172892945,-0.0004994220282147559,-0.0003392937570921048,0.00024568141624919997,0.0007073817128201397,0.0006094802120941329,0.0004696057171692324,-1.2714618368473795e-5
-0.00016696164112326505,0.00023576911386298885,-0.00044964041217874167,0.0005485135958850723,1.0801346594951247,-0.00241172147864189,0.0009791763954828897,0.003117645929047283,0.001394043472905601,-0.0018776219359941078,0.0009004362808948113,3.813879998498702e-5,0.0005485482638273138,0.00032185247112166405,-3.686460177401977e-5,0.0007899435465310259,-0.0006354505130242214,0.00019936385228089398,-0.00026507515526955967,0.00019990368545280582,-5.936774874104303e-5,-0.0002544487364533141,-0.0002203832619265665,-0.00010394241046703375,-0.00011219024822014409,-0.00014113600691636018,-5.562396193135885e-5,1.8096721977746177e-5,4.6206349627112036e-5,2.4239330360499037e-5,-4.436636603185115e-5,-3.99879983863552e-5,2.630628739431696e-5,3.3815389176998607e-6,1.797680495486804e-5,7.515083739959466e-5,-3.60729010259154e-8,-1.743598675340563e-5,-2.5503545304632042e-5,4.296689301932977e-5,2.0572647296877613e-5,6.576096564083454e-5,0.0001939387503024765,1.057117874281607e-5,5.323062357650433e-7,-1.1267662556676524e-6,7.717465293028325e-7,-2.3651489854670746e-7,3.1514758101863867e-7,0.00015069445375565668,5.279608663376471e-6,0.0005492357941159909,-0.0010480330255125691,0.0007522933604752562,-0.00022567527897556527,-0.00033071547446249813,-1.588668650690259e-5,5.8961489835930484e-5,0.00015751814567546487
0.00012016313222369396,-5.012239020040862e-5,0.0005654601845451865,-0.0002262746036970178,-0.00241172147864189,1.0639438531674732,-0.005137781967595148,0.034927642145843416,0.0014083981933702206,-0.00813074652026208,0.00020529591664416046,-0.0009702755694546238,-0.0015887150537011,-0.0010472230720422486,0.0006321514632311587,-0.0005627828390546481,0.0015436040789997575,-0.001428330795362239,0.0003778378180210196,-0.00034660737357469144,0.0003772938364913355,0.0005996752652462434,0.0004424247739931242,0.0002474940673276527,0.0002277233971557881,0.0002763839145487614,0.00017045191949216368,3.367645863769396e-6,-6.930628289219455e-5,-7.502712926561865e-5,9.538120934427898e-6,1.2782877752093994e-5,-1.884892782264215e-5,1.0921067060105837e-5,-3.0137992361039716e-5,4.618287604356374e-5,-2.4591334118105693e-5,-8.122305331177022e-7,-3.821815992158042e-5,1.3570483664095383e-5,-9.441833473399526e-5,-0.0001782381490605549,-0.00042238143799211886,-2.22028061103779e-5,-1.374481691195949e-6,1.5463674828093102e-7,-3.256607072171527e-7,7.55356545038373e-7,-6.228295746854742e-7,8.072635107450263e-5,-0.001900117746822781,-0.0032973025755597234,-0.006550743984442407,-0.002241521671607429,0.0012186373003177263,0.00040630537839710557,-0.00012307756211438092,3.8649937343770235e-6,-0.0005423461272212075
0.00046700056673427677,-0.0007987933735121741,-0.0006216580983900847,0.002149875413332577,0.0009791763954828897,-0.005137781967595148,0.7900317556505662,0.18673125235535223,0.03898160050105591,0.03527357859883137,0.015157937129368136,0.014080018143491866,0.01289209901902878,0.0017725290705815785,-0.000241779324955908,-0.0016293186932870571,-0.0032641143240988834,-0.0008689334581859115,0.005210131767917165,0.0027582133007188325,-0.0022914626945056246,-0.005136224963465418,-0.0034372074720419358,-0.002027660599568751,-0.0018885807913989088,-0.0022275132620073984,-0.0013458741726158122,-4.429836009268974e-6,0.0006090583640968601,0.0004888928182497198,-0.0016771895918572513,0.0007055518101814697,-0.0002911845171611338,0.0004478934379568489,8.284789283434113e-6,0.00034815480207453026,-4.792744915253522e-5,0.0004173750847742766,2.11252129901411e-6,0.00029919867901391506,0.0005469436332019185,0.001599699198144968,0.003453840612914795,0.00018735419786166524,8.65649580938693e-6,9.438105518202585e-7,3.791712853117058e-7,-1.155803040596427e-6,7.024547284523582e-7,0.0030295004255955996,0.00689873328081334,0.009083475218176379,0.012961935908070238,0.01236871418630347,-0.0007010824858003224,0.00028498429390792,0.0007198450628441394,0.0006092985047224434,0.00036081640748348166
-6.74769817022883e-6,0.0003530714535396567,-0.0006163329306000621,-0.00031043659537049914,0.003117645929047283,0.034927642145843416,0.18673125235535223,0.8228267918954413,0.033593184875974035,-0.04585372053787106,0.041125637332287183,0.007674222187072295,0.005373784317456306,0.002615703598636988,0.0002669489863944593,-0.012022048452766308,0.010227843023892009,-0.011572594455554117,0.007527271637687932,0.0008181269838405144,-0.0006664402998068554,-0.0018390118305547823,-0.0010152566614214445,-0.0007161980158589673,-0.0005586846185129812,-0.0007313403798281416,-0.0004285163938056991,-4.4119109046672715e-5,0.00020662878377426585,0.0001385853398896314,0.0009482436920639107,0.0005201294944875344,-0.0007246800997377429,0.0006208195279961066,-0.0010349603315577905,0.0004995730579010921,-0.0012617581205929798,0.0009405216695325112,-0.0009989872666608436,0.0007001544233273562,-0.0005936746128353711,0.0011969008322555293,0.0011498736717790788,9.701835243237075e-5,3.3141625452329306e-6,2.904202058222689e-6,-1.0397563859018142e-6,-2.446230443447277e-7,2.653113597778655e-7,-0.00010005573104393928,0.004281143640126631,0.00806750485836691,0.013487970872399961,0.0067219139177720644,-0.0008649448051658788,-0.001928468890303302,-0.0024574181134744146,-0.0024493789827988656,-0.0009902050467191525
0.00015059173382636097,-0.0007523888204939657,0.0013826286936606633,-0.0019112343022811321,0.001394043472905601,0.0014083981933702206,0.03898160050105591,0.033593184875974035,0.9090594940603104,0.09102136557235146,0.004906747471285575,0.004678404323759972,0.029603778382482786,-0.010480558155119894,-0.022239720727574932,0.013347374117203607,-0.022817529460837843,0.02140490204849574,-0.010876859941973054,-0.0004584235539615404,0.0004018105224688378,0.0008821565807030375,0.0005442837823686759,0.0003957443630359117,0.00026312556101661214,0.0004209795296553336,0.0001946091579012498,2.241119626032005e-5,-0.00014137004512289317,9.707544159945718e-5,-0.00116678142993532,0.0007288466893441321,-0.00017764673132806622,-4.217834172478319e-5,0.00048557880083659893,-0.0005113843594193157,0.0009756771205310998,-0.0008802036792724883,0.0009971836116967048,-0.0008923998095764272,0.0008092921274382994,-0.0010883045976213814,-0.0005049268882471275,-6.230753761082521e-5,-2.2093933367416277e-6,-1.9899581314066227e-6,-2.77937168339728e-7,-5.236004610670297e-7,-3.1026958484411763e-7,-0.0006817426480450411,0.001153692652107697,0.0037174724758035536,0.004072181006819273,0.003540006864204587,0.001523382336235161,0.001334903850257221,0.00047535397604248856,8.445969902573e-5,-0.0009555626603393937
-0.0003285761001460921,0.0009841684419889534,-0.001013750013483533,0.0013049426156227068,-0.0018776219359941078,-0.00813074652026208,0.03527357859883137,-0.04585372053787106,0.09102136557235146,0.9257295719123222,0.10529070781730217,-0.061902494108243764,0.02856434534949061,-0.0012803301266302153,0.003970301418069527,-0.004388181739162091,0.013234266484676517,-0.011011410787225728,0.009393742549384966,0.00043671996353417694,0.0007097140816153167,0.0015717753986943053,0.0013946635457960331,0.0006720892917010607,0.0007513021122735833,0.0008459699790514753,0.00043676013653725694,-6.861639285712675e-5,-0.00026323907068382004,-0.0009156923372398841,0.0012245241232562078,-0.0007304857544079352,-0.00022963241301581972,0.0004778757768402421,-0.0006116771686203063,0.0005542878189940515,-0.000879432209636241,0.0011717612143424291,-0.001079947643687513,0.001088317187987357,-0.0014350769157578233,0.000767038012294438,-0.0015220299142510805,-3.0391247833659405e-5,-1.1531944091471584e-6,3.578819840485536e-6,-5.331441041066727e-7,-7.017384392211512e-7,1.1481622285165491e-6,-0.0006664555127591352,-0.004337931581528854,-0.00881676224658642,-0.012548576413654412,-0.010035730693168876,-0.0021369345091773583,-0.002605222887663996,-0.00235117982542674,-0.0021307212014125203,-0.0005893351832191474
-8.073189506778748e-5,-0.00013099968178228435,0.0005665158518062227,-0.0008743506134664774,0.0009004362808948113,0.00020529591664416046,0.015157937129368136,0.041125637332287183,0.004906747471285575,0.10529070781730217,0.6768419971427319,0.28326462895722243,-0.1067624295623776,0.03373588986681408,0.0351470768431291,0.0020351702977530095,-0.00557698359231256,0.003236467281806565,-0.007839708678137864,-0.0009042372298882394,0.0007265901541343823,0.0012541580138917905,0.0008724207033951013,0.0005493978133846208,0.00046190359931006864,0.0005866007403858109,0.0003575073658572743,2.0807483396347865e-5,-0.00014713303957680874,0.0004489003097896385,-0.0009321136463339946,9.579136446607226e-5,0.0005395570351164576,-0.0006920332908796085,0.0007211205510506001,-0.0006863153159609198,0.0009155602807246973,-0.0009697754430187859,0.0010227319071095262,-0.001003569848048271,0.0008971689547896063,-0.001370187941856686,-0.0006456340778430954,-8.306876026616611e-5,-2.7748127954071946e-6,-1.350961445188828e-6,-1.8162460484881188e-7,3.6157220270014147e-7,-5.206132870161714e-7,-0.0007135030509027523,-0.0027572067163529152,-0.0046988335737337995,-0.005370009572426982,-0.005654513270529392,0.0010996206130770216,0.004468905274704455,0.004294799868851833,0.003914445110367406,0.002773573165624953
-0.0001597762591340407,0.0002730633181370994,-0.00013617195293752593,-2.1098561321882706e-5,3.813879998498702e-5,-0.0009702755694546238,0.014080018143491866,0.007674222187072295,0.004678404323759972,-0.061902494108243764,0.28326462895722243,0.7241293860498864,0.16105231520201435,-0.07592808788210045,0.025241044858578206,-0.0007085045142855971,0.006154924308692117,-0.0014180488532648163,-0.005062799313757395,-0.000439198258262871,0.0007645367316868462,0.0015202769017953017,0.0008940738858704522,0.000613063619627618,0.0005056310673268699,0.0006057790482051406,0.0004094442984153102,5.1414727328422404e-5,-0.00012763643312278464,0.0006097438735899967,0.0007857960108248156,-0.0034374759762980183,0.00342788260451881,-0.0030256465302711194,0.002635731184490664,-0.0018156413296100673,0.002116115213638029,-0.001847832269735761,0.0016104651134983404,-0.001255063450597324,0.001026439353215023,-0.0015162016992173852,-0.0010748506378155842,-0.00010806265581328639,-2.9330309273634235e-6,-2.1782770460880977e-6,9.592460046943784e-7,1.100166150968048e-6,-5.725967991652764e-7,-0.0016790047526662043,-0.006017801506590241,-0.007019756985870196,-0.012325339471716374,-0.012424269795944147,-0.0019967538937389786,-0.0033463951103481562,-0.0023575768700524104,-0.0013747773253817432,-0.0007079725861459428
-0.00018024711637390305,0.00016166230935039068,0.00015676520673420734,-0.00034155267508688295,0.0005485482638273138,-0.0015887150537011,0.01289209901902878,0.005373784317456306,0.029603778382482786,0.02856434534949061,-0.1067624295623776,0.16105231520201435,0.6682654139822045,0.26461310147505757,-0.047196002106780245,0.038881615651733335,0.02411652247412665,-0.0023412609268415796,0.006499969489957351,-0.0017222462875701615,-6.970033174951875e-5,0.001635117588088459,0.0009247335849404678,0.0005069441552224053,0.0005593228130751584,0.0006041626319387104,0.0003181938550384701,-6.023691273955341e-5,-0.00020541733484184991,-0.0008170551752492329,-7.802258962889252e-5,0.0017356415170759728,-0.0019865718422497083,0.0017870279682156358,-0.0017111156924968743,0.001350627375926208,-0.001589123274589483,0.001527660876642417,-0.0013572428994480651,0.0010847710183062866,-0.001257091347278014,0.0006689944268899454,-0.0009827496126260974,-4.7199476134773405e-6,-1.6257625421092383e-6,1.9608320255715223e-6,-1.0695078657183866e-6,-8.024498126669722e-7,4.86787185850677e-7,-0.0013231907904731493,-0.0029726722378207635,-0.0022036669982019976,-0.005758907096862411,-0.005651580749413143,0.0014997816752610883,0.0019854514854832435,0.0007385497131935931,0.0009386075146155595,0.00020905553140079425
-8.795877214790603e-5,0.00012773126084011333,1.9213683329530796e-6,-0.00012652799228517612,0.00032185247112166405,-0.0010472230720422486,0.0017725290705815785,0.002615703598636988,-0.010480558155119894,-0.0012803301266302153,0.03373588986681408,-0.07592808788210045,0.26461310147505757,0.8016674776683723,0.1064925158363129,-0.06580669642919688,0.0434189824318447,-0.02396890931520061,0.005387067036887044,-0.00040951809368999293,0.0006078936163598848,0.0009858772436171126,0.0004639861129057276,0.0003318083157385331,0.0002896592280443984,0.00029185992047979725,0.00028279483197626387,5.827972183399508e-5,-1.5590517486100352e-5,0.0006765124194248505,-0.0002035471411106098,-0.0019665775711299686,0.002131236099339453,-0.0017341886943999605,0.001176008454051852,-0.00046717732197327664,0.0005801757940046898,-0.0005648206388926434,0.0004378947835204527,-0.00028742639896481954,0.0003894575785355991,-0.0007585998686629058,-0.000448102489840212,-6.193736206465839e-5,-2.24583247137235e-6,-3.3656482671166977e-6,1.820758546948878e-6,1.5593954344857656e-6,-9.047476145528339e-7,0.0012704236900871945,0.0017384502222906773,-0.002074140729910566,0.0032743584632206526,0.0038903799164016245,0.0013639544665717898,0.001734662464956065,0.00015302354410710303,0.0007393715839555597,0.000702595505101809
-0.0001414470471277131,6.310554028555248e-5,2.4471537515882244e-5,-6.622399943688001e-5,-3.686460177401977e-5,0.0006321514632311587,-0.000241779324955908,0.0002669489863944593,-0.022239720727574932,0.003970301418069527,0.0351470768431291,0.025241044858578206,-0.047196002106780245,0.1064925158363129,0.9089612579630358,0.12025602085890795,-0.09672301939201208,0.05553495447480868,-0.008914716984041346,-0.0013032155851607533,0.0011748299137881717,0.0015165258061630672,0.0002843953600242924,0.0005790882676324142,0.00021546250946165716,0.0002964813345896792,0.00041984877399480847,0.00021015170485748187,-2.9192877353171536e-5,-0.0017383964438403982,-0.0012334540506167436,0.002984413736685688,-0.003518833924763981,0.002908665731268891,-0.0012676679958883014,0.0018082634626124807,-0.0001223435142554668,-0.00013319603627155304,-0.0006259866880897349,0.0006310087303015001,-0.0007544554794923858,-4.110529782247139e-5,-0.0002731211823525071,2.916330707764308e-5,-4.70046253802663e-6,-6.8818370700423575e-6,2.2228963273455118e-6,4.511767514378873e-6,-2.64289943409836e-6,0.000340283424748813,0.0032670970122755986,0.003432986874452692,0.0087477754906904,0.008674779301265534,0.0011186086893738862,-0.0014991415688904817,-0.00043021981117104453,-0.0009850098547868691,-0.0007224421077302295
0.00023508429689315783,-0.00015669262373669733,0.0004109033779455747,-0.0007549943989409515,0.0007899435465310259,-0.0005627828390546481,-0.0016293186932870571,-0.012022048452766308,0.013347374117203607,-0.004388181739162091,0.0020351702977530095,-0.0007085045142855971,0.038881615651733335,-0.06580669642919688,0.12025602085890795,0.9186495069090195,0.09458659386869481,-0.051721267479016904,0.0317430461021137,0.0004748923819659921,-0.00129623286883331,0.0005015453079022885,0.0007478963183202399,5.272783733345045e-5,0.0004101949919462596,0.00042025857506164426,-7.313285552787506e-5,-0.0002554552605135706,-0.00025963393325733014,-4.021743946247308e-5,0.0008426706502155314,0.0006914206065547632,-0.0009443732190218611,0.001114752976902869,-0.001855737644652084,0.0005214376755487154,-0.0021801973044801117,0.0023377950942387133,-0.00148024628353939,0.0012094608500215784,-0.0013855088631162522,0.0014593457943964812,-0.0008700172448549532,-7.55874576701568e-7,2.710994247097718e-6,8.58226787104689e-6,-3.828633713884805e-6,-4.9919422155820615e-6,2.7406060927680875e-6,-0.0008833578202254727,-0.0008498785730931825,0.001020293446838581,-0.0011591011959685405,0.00018471671798998864,-0.0003031785890716867,0.00047789588780683206,0.0014945529861506088,0.0011342871429247166,0.0010599945881810998
-0.00018349420849318455,0.0002904014340062763,-0.00047185833300479927,0.0007101580188048743,-0.0006354505130242214,0.0015436040789997575,-0.0032641143240988834,0.010227843023892009,-0.022817529460837843,0.013234266484676517,-0.00557698359231256,0.006154924308692117,0.02411652247412665,0.0434189824318447,-0.09672301939201208,0.09458659386869481,0.9792848244574166,0.06807886617620354,-0.02230794581731987,-0.005200099065742035,-0.0010109021760601352,-0.00022422753884960493,-0.0002954471398594457,-9.994638965095042e-5,-0.00013113731660594372,-7.95752899504624e-5,-0.00023691083193850938,-5.361649556157388e-5,-2.8764770185775075e-5,0.0008621531364559358,-0.0004149834997047493,-0.00027589514268637515,0.001336589268038388,-0.001874205564895838,0.0018601756107340097,-0.002367510221199237,0.00210591736886671,-0.001990881902841762,0.002093787837040126,-0.0021706709636478017,0.0018350363022316591,-0.0013117323822735743,0.0010120530181766502,-7.535302771383567e-6,4.434833680586097e-8,6.584687458814749e-6,-3.938685993368636e-6,-2.3085989175098816e-6,1.4335901883746362e-6,-0.0002894313032189058,0.00023645862623079535,0.0011326696746196264,0.0008514442509687854,-0.0008611279743975526,-0.0016750672146608552,-0.0018232859440046607,0.00016311182384667774,-0.00028465312612096236,-0.00023449248606593185
0.0001976716598678965,-0.0004566395388241105,0.000419154962106522,-0.00037763904068245825,0.00019936385228089398,-0.001428330795362239,-0.0008689334581859115,-0.011572594455554117,0.02140490204849574,-0.011011410787225728,0.003236467281806565,-0.0014180488532648163,-0.0023412609268415796,-0.02396890931520061,0.05553495447480868,-0.051721267479016904,0.06807886617620354,1.0122560981625626,0.017827036474839724,0.008277227896493428,0.0028981015270132036,-0.0014384241815943602,-0.0007428098022852245,-0.00031004804750516115,-0.0004807209049979713,-0.0006789371421296389,0.00022411516554295244,0.0003540595153904934,0.0005250913136885995,-0.0007911926426461801,-0.0003143530888609959,-0.0012392596750764305,0.000656663169340283,0.001463231688236822,-0.0016337697017914936,0.0037991588221560043,-0.002690530591383404,0.002139383960408234,-0.003173733841311315,0.0031870135344858443,-0.002222588141594201,0.0017318802028767873,-0.0003959074803537448,3.1136942093165416e-5,-1.559046495907424e-6,-1.77556837901689e-5,1.0295178789072142e-5,8.199059018121342e-6,-4.660612521648575e-6,0.0010285762658050355,0.0004970791480791533,-0.000290428467558112,3.056858952986882e-5,1.60296897632724e-5,0.0013308994200380935,0.0006722059694376579,-0.000739605295877115,-0.0005245562884110658,-0.0003619811055794011
-0.0001311410334138854,0.00025022434401844894,-0.0002734395657457152,0.0003381071030444517,-0.00026507515526955967,0.0003778378180210196,0.005210131767917165,0.007527271637687932,-0.010876859941973054,0.009393742549384966,-0.007839708678137864,-0.005062799313757395,0.006499969489957351,0.005387067036887044,-0.008914716984041346,0.0317430461021137,-0.02230794581731987,0.017827036474839724,1.0504699836552887,0.0022980857815138567,0.001282080831558769,0.00012052556830140457,0.00013589325080750939,0.0002453080235974136,-8.19110400105767e-6,0.0001453977236142726,0.00018922908235337159,0.00011480302973941402,-1.9501064918580492e-5,6.274947242764277e-5,0.0003561721496896379,0.001330965095912819,-0.0010296263478792572,-0.0004783883323458533,0.0013674292417762148,-0.0018218114619876085,0.0029536542717301904,-0.0032815366720376766,0.002524559345010978,-0.002500028510700429,0.0021326855180505053,-0.0025193069932973712,0.0002420406918462621,-3.861081673867153e-5,-1.857133786133861e-6,-4.822591610270502e-6,1.7788939233085401e-6,1.8577901939578745e-6,-1.066973929597939e-6,-0.0003028778940505635,-0.0006601758128741015,-0.0006887157327695708,-0.0009316416757633367,-0.001207791154087715,-0.0011350113294891983,-0.0013526500969073027,-0.0016064069670143819,-0.0015291549038410467,-0.0008169209087537087
-2.5052269401651408e-5,0.00013690848171159147,-2.733684656911243e-5,-0.00010093890920460965,0.00019990368545280582,-0.00034660737357469144,0.0027582133007188325,0.0008181269838405144,-0.0004584235539615404,0.00043671996353417694,-0.0009042372298882394,-0.000439198258262871,-0.0017222462875701615,-0.00040951809368999293,-0.0013032155851607533,0.0004748923819659921,-0.005200099065742035,0.008277227896493428,0.0022980857815138567,1.0786739039819753,-0.0011727411855978914,0.0007640319781923642,0.0005991812157842301,0.00011939367622002784,0.0003509535556245096,0.0003538907097475152,-3.085777796352375e-5,-0.00019779125941039183,-0.00023088716357035056,0.0005119491928231826,0.001278596203011106,-0.0013870992646496647,0.001134954802520533,-0.0009666819812827655,7.502335501262961e-5,-0.0007060242603104055,-0.0006208509048899075,0.0007544268614429206,-0.00010827546122314864,5.5166574597838934e-5,-0.00025539703499561397,0.0003520448078165321,-0.0005897018010566822,-2.8220965502785023e-5,2.7598554493741407e-7,8.167125099558633e-6,-4.507680762223921e-6,-3.0822094916122512e-6,1.4629025723488944e-6,-0.00027693478646997666,-0.0007501168501099202,-0.001221528965662894,-0.0015070495769572625,-0.001699075013203988,0.00016923960436414007,0.0009021221684024076,0.0010588568639875817,0.000890705931462761,0.0005227086094443942
5.7264192963442635e-5,-8.083760598087419e-5,4.367391384333241e-6,7.833332850638979e-5,-5.936774874104303e-5,0.0003772938364913355,-0.0022914626945056246,-0.0006664402998068554,0.0004018105224688378,0.0007097140816153167,0.0007265901541343823,0.0007645367316868462,-6.970033174951875e-5,0.0006078936163598848,0.0011748299137881717,-0.00129623286883331,-0.0010109021760601352,0.0028981015270132036,0.001282080831558769,-0.0011727411855978914,1.0815727490074756,-0.0004161796166420284,-0.0003625692815841464,-0.00026822744577290004,-0.00015905878422996524,-0.00016051860365760015,-0.00032303864647635616,-0.00014031241917387423,-6.395507870479036e-5,0.00027053295418087437,0.00047467041840906,0.000246688797888263,-0.0002571580365912396,-5.332646860477879e-5,-0.0002324277006685452,-0.0004826339520083386,-0.00025680654652202495,0.00037159013361863226,0.0001367208375693066,-0.00018069752943806772,9.302736417801031e-5,0.00040344176769238545,0.0004029992172262723,2.4950499132762282e-5,2.843487067315863e-6,6.055962251733868e-6,-2.5658904661130025e-6,-3.865334745874303e-6,2.599369390590194e-6,0.000192231894534485,0.00044110996933578305,0.0006923740123498241,0.0008178555116538058,0.0009411859784037499,-0.00023136477919988679,0.0003759459337438309,0.0006063210802951766,0.0005398095337753422,0.00019216834089727535
0.00012915312719170496,-0.00017250625411022283,-4.778860807842514e-5,0.00022903196543952827,-0.0002544487364533141,0.0005996752652462434,-0.005136224963465418,-0.0018390118305547823,0.0008821565807030375,0.0015717753986943053,0.0012541580138917905,0.0015202769017953017,0.001635117588088459,0.0009858772436171126,0.0015165258061630672,0.0005015453079022885,-0.00022422753884960493,-0.0014384241815943602,0.00012052556830140457,0.0007640319781923642,-0.0004161796166420284,1.0817488077608637,-0.0007418186620127222,-0.0005176821552201969,-0.0004363210423483911,-0.0005309251157956017,-0.0003164965899260979,-2.7509149427588484e-5,0.000115349109515211,0.0001073594689266276,0.00010554219628127018,-8.619177454979008e-5,-0.00012937531766320432,-1.344373672705394e-6,8.206114681020573e-5,-4.367592466373768e-5,5.302400925356803e-5,5.144215822136886e-5,8.576678450591163e-5,2.6089757676969295e-5,0.00015625473049709813,0.0003320416561431595,0.0008003005976752648,4.222735497406016e-5,1.6992943005262212e-6,9.598296040324733e-7,-8.233189620167969e-7,4.542738485018397e-7,-6.97100087616426e-7,0.0005283641744844855,0.0010611859059699931,0.0015469690056786015,0.0018864198027255562,0.00166879978352533,-0.000302265554671124,-0.00023644946627481134,-0.00020715151757845385,-0.00020920573088141598,-0.00022015304721333793
6.412119328312954e-5,-0.00011600074831866828,-3.445002217853213e-5,0.00018091584361773467,-0.0002203832619265665,0.0004424247739931242,-0.0034372074720419358,-0.0010152566614214445,0.0005442837823686759,0.0013946635457960331,0.0008724207033951013,0.0008940738858704522,0.0009247335849404678,0.0004639861129057276,0.0002843953600242924,0.0007478963183202399,-0.0002954471398594457,-0.0007428098022852245,0.00013589325080750939,0.0005991812157842301,-0.0003625692815841464,-0.0007418186620127222,1.0825014014055698,-0.00027764610415005977,-0.0003408207905008258,-0.0003559782163167502,-0.00021284491475333375,2.6611911350460978e-5,0.00011696107773152463,0.00013005087881471945,-1.5422370557410232e-5,4.077505803346421e-6,5.226360471764644e-6,-1.0548777003335848e-5,-4.921223859732439e-5,0.00010724222647866509,-8.393904878865012e-5,-1.1882122546752044e-5,-2.7622568090097463e-5,5.349685921203975e-5,6.378072521379096e-5,0.00024747794619488754,0.0005728635387188892,3.5167652699371266e-5,1.4657821975063975e-6,-4.753788655614784e-7,7.589403793068685e-7,-6.228410614974243e-7,7.312022363534687e-7,0.000340557889004168,0.0007482230874520817,0.0011476653954858524,0.0013643457142036488,0.0013800402080312668,0.00010919893053636528,4.7065101701166596e-5,2.968735627407124e-5,5.510133702115905e-5,6.375046995945444e-5
5.1132756135227915e-5,-6.907683390344489e-5,-1.5510895620808794e-5,8.990230304906752e-5,-0.00010394241046703375,0.0002474940673276527,-0.002027660599568751,-0.0007161980158589673,0.0003957443630359117,0.0006720892917010607,0.0005493978133846208,0.000613063619627618,0.0005069441552224053,0.0003318083157385331,0.0005790882676324142,5.272783733345045e-5,-9.994638965095042e-5,-0.00031004804750516115,0.0002453080235974136,0.00011939367622002784,-0.00026822744577290004,-0.0005176821552201969,-0.00027764610415005977,1.0829044797663967,-0.00014432653767317287,-0.00021333218630216597,-0.00012872663187889845,-6.763245029956317e-6,8.387646648805907e-5,1.5998292358071453e-5,6.594081479533226e-5,0.00013600664090759816,0.00019806899141508845,5.099923141938469e-5,-3.3049489960609135e-5,-0.00024512503975610125,2.0747860431639247e-5,-4.0496506432651925e-5,-8.056303143589972e-5,-0.00010406875503656195,7.874736444134305e-5,0.00014960566250158406,0.00033418307897312296,1.582478493455733e-5,6.131507137989062e-7,9.578019214023485e-7,-8.924336713073315e-7,5.184262594321734e-7,-6.572274726788224e-7,0.00022090401104937863,0.0004221626677689613,0.0006019810454241355,0.0007213709491410848,0.0006156198984250777,-8.139712681948381e-5,1.9360061634171112e-5,5.047657533040989e-5,3.160427833921528e-6,-3.099920942322339e-5
3.6667557470632055e-5,-5.8998751735081966e-5,-2.57131211726376e-5,9.817858062133071e-5,-0.00011219024822014409,0.0002277233971557881,-0.0018885807913989088,-0.0005586846185129812,0.00026312556101661214,0.0007513021122735833,0.00046190359931006864,0.0005056310673268699,0.0005593228130751584,0.0002896592280443984,0.00021546250946165716,0.0004101949919462596,-0.00013113731660594372,-0.0004807209049979713,-8.19110400105767e-6,0.0003509535556245096,-0.00015905878422996524,-0.0004363210423483911,-0.0003408207905008258,-0.00014432653767317287,1.0829266913048579,-0.00018851003585407407,-0.00012364284824882216,-1.0963120723941979e-6,9.988814323765777e-6,9.55111409325511e-5,-9.905539752916027e-6,-0.0001583725325389904,-0.0002810755862773717,-4.4291570861322934e-5,3.7642558185633657e-5,0.00025483856208400864,-4.411438639153068e-5,8.450421428295174e-5,0.00010862688081740343,0.0001352459428481062,1.9237717168059472e-5,0.00012876224545472446,0.000295354638102234,1.96524264797943e-5,9.924001842480803e-7,-4.461567614792272e-7,7.984459682087944e-7,-7.851596136426808e-7,7.938338984233043e-7,0.00017531994939170043,0.00040095296512805884,0.0006228155892381282,0.0007649889997308491,0.0007654219743237959,5.8124826522183216e-5,2.5120324435991355e-6,-3.70290899934894e-5,-1.6229262953309582e-6,2.1962391264205955e-5
4.869202382149411e-5,-7.574055008934581e-5,-2.2399511749541747e-5,0.0001148203493000209,-0.00014113600691636018,0.0002763839145487614,-0.0022275132620073984,-0.0007313403798281416,0.0004209795296553336,0.0008459699790514753,0.0005866007403858109,0.0006057790482051406,0.0006041626319387104,0.00029185992047979725,0.0002964813345896792,0.00042025857506164426,-7.95752899504624e-5,-0.0006789371421296389,0.0001453977236142726,0.0003538907097475152,-0.00016051860365760015,-0.0005309251157956017,-0.0003559782163167502,-0.00021333218630216597,-0.00018851003585407407,1.082879899708331,-0.0001109019098596433,-4.322107331820639e-6,9.863274284921985e-5,7.155639425893888e-5,2.1699797814785034e-5,-7.126081602273173e-5,0.00012672448847259203,-8.607282992385478e-5,5.573729418590593e-5,-2.9641924372235738e-5,2.7139520286998782e-5,-5.853275438659431e-5,2.183523836763202e-5,-1.077944165776596e-5,9.335230245284376e-5,0.00010174067168792063,0.0003519153975248041,1.6137552243210384e-5,5.543043496611953e-7,-6.343242859469936e-8,-4.2092468323912744e-7,9.66000717475274e-7,-8.955865706531989e-7,0.00026131785175035146,0.0005036539332926524,0.0007273858544557628,0.0008252767856242717,0.0007665824280393622,5.930202476233681e-5,4.10666493013945e-5,2.4674056341097984e-5,2.79649483634224e-5,3.9970874386846496e-5
3.3645752375229745e-5,-4.533516807605192e-5,-9.383408268497898e-6,5.4030641448268324e-5,-5.562396193135885e-5,0.00017045191949216368,-0.0013458741726158122,-0.0004285163938056991,0.0001946091579012498,0.00043676013653725694,0.0003575073658572743,0.0004094442984153102,0.0003181938550384701,0.00028279483197626387,0.00041984877399480847,-7.313285552787506e-5,-0.00023691083193850938,0.00022411516554295244,0.00018922908235337159,-3.085777796352375e-5,-0.00032303864647635616,-0.0003164965899260979,-0.00021284491475333375,-0.00012872663187889845,-0.00012364284824882216,-0.0001109019098596433,1.0830034416136547,-3.5024099184008692e-6,-1.0896491854832669e-7,5.142873952963868e-5,1.743993339519643e-5,0.00016797172305067152,-0.0001592006603735677,0.0001466107044176037,-0.00015040321968907717,-2.361961247299079e-6,-0.00011252705326216737,0.00011777653285624671,-5.253714936036934e-5,8.368532536167496e-6,-8.746069036411478e-6,0.000178810864020582,0.00023488262159616148,1.6648241173228243e-5,1.095695288079274e-6,8.119720927133557e-7,3.635717179622104e-7,-1.4867407072879567e-6,1.2049488434850453e-6,8.883100743453768e-5,0.00023768063232530116,0.00038467034786029936,0.0005282231844566631,0.0005054596324775391,-8.577623709229267e-5,3.321365511662995e-5,6.793503669179711e-5,3.5723586880110695e-5,-1.7377357610168278e-5
4.845473894504799e-6,-1.5929657417590628e-6,6.178697756560953e-6,-9.530294596617554e-6,1.8096721977746177e-5,3.367645863769396e-6,-4.429836009268974e-6,-4.4119109046672715e-5,2.241119626032005e-5,-6.861639285712675e-5,2.0807483396347865e-5,5.1414727328422404e-5,-6.023691273955341e-5,5.827972183399508e-5,0.00021015170485748187,-0.0002554552605135706,-5.361649556157388e-5,0.0003540595153904934,0.00011480302973941402,-0.00019779125941039183,-0.00014031241917387423,-2.7509149427588484e-5,2.6611911350460978e-5,-6.763245029956317e-6,-1.0963120723941979e-6,-4.322107331820639e-6,-3.5024099184008692e-6,1.0830196272143615,-0.000142002717293092,5.8495117557962146e-5,0.00016989795480114086,-0.0006928650263468144,-0.000581708082123083,-0.00038543158455952816,0.00047294818371978965,0.0002098174217981567,0.00024014857478621792,0.0001497961185792879,0.0005507492492098656,0.0001610039354934721,8.698789759314274e-5,-0.00010983972582821101,-7.284905292158422e-5,-8.830350332436204e-6,2.0100815907510185e-7,9.433834412622936e-7,-1.2054199252784632e-6,3.9489852847844103e-7,-5.83397752796084e-7,5.355242914721181e-5,6.609147833066968e-5,7.311108030774935e-5,-3.428007446265472e-5,2.6535344733191255e-5,-0.00013820194786881744,-7.61020621722632e-5,-5.765355888670443e-5,4.157744862258451e-5,3.1061578061959386e-7
-1.0382469744318936e-5,2.215187622095167e-5,4.754265708395699e-6,-3.427974000608627e-5,4.6206349627112036e-5,-6.930628289219455e-5,0.0006090583640968601,0.00020662878377426585,-0.00014137004512289317,-0.00026323907068382004,-0.00014713303957680874,-0.00012763643312278464,-0.00020541733484184991,-1.5590517486100352e-5,-2.9192877353171536e-5,-0.00025963393325733014,-2.8764770185775075e-5,0.0005250913136885995,-1.9501064918580492e-5,-0.00023088716357035056,-6.395507870479036e-5,0.000115349109515211,0.00011696107773152463,8.387646648805907e-5,9.988814323765777e-6,9.863274284921985e-5,-1.0896491854832669e-7,-0.000142002717293092,1.0827165173982591,-0.00011297585257055235,3.0640411825983185e-5,-0.0009461733898250939,-0.0020415885830859285,0.00015583646469876554,0.00038847199863637443,0.001127735623465167,0.00014448808543934575,0.0006733481983052215,0.0007664266367279013,0.0006381689559548561,-0.0001057318730060084,-9.391262599969887e-5,-0.00024205814937558714,-9.43018785684795e-6,-3.115993331098185e-7,3.082188585580907e-7,7.89018864277514e-7,-1.407150206421647e-6,1.1396660518997386e-6,-0.00010681987071390855,-0.00019969653905224316,-0.00028629602974280973,-0.00019700567100722213,-0.00028258278534033814,-0.0004088118494299824,-0.00029991220179522815,-0.00025613006418281453,-6.597685414055172e-5,-0.00012042147552479824
1.9507329919700102e-5,-1.2562644976860199e-5,2.5345889833780738e-5,-3.9359562944786287e-5,2.4239330360499037e-5,-7.502712926561865e-5,0.0004888928182497198,0.0001385853398896314,9.707544159945718e-5,-0.0009156923372398841,0.0004489003097896385,0.0006097438735899967,-0.0008170551752492329,0.0006765124194248505,-0.0017383964438403982,-4.021743946247308e-5,0.0008621531364559358,-0.0007911926426461801,6.274947242764277e-5,0.0005119491928231826,0.00027053295418087437,0.0001073594689266276,0.00013005087881471945,1.5998292358071453e-5,9.55111409325511e-5,7.155639425893888e-5,5.142873952963868e-5,5.8495117557962146e-5,-0.00011297585257055235,1.0807724583845293,0.002160107906821022,-0.0024750802516447477,0.0003656275366278196,0.0019671441917133497,0.0002250334375029215,-0.0005915789689216322,0.0012366448771535127,-0.0005997938212370951,-0.0002550827523321154,0.0001648314736450241,-0.0003168019505320859,0.00023994710409973942,7.236944663639886e-7,3.44886449381777e-5,-1.6818732006702215e-6,6.022668501808433e-7,-1.5704468065415499e-6,1.3697528086961748e-6,-1.0205310414891904e-6,-1.745390747323437e-5,-4.801019610393596e-6,-4.967694327698238e-6,3.3181721746770855e-5,0.00011844129678793944,-0.0006154803689464775,-0.0006743940684705356,-0.0004797897628140484,-0.000492189937400058,-0.00047706537335957843
