0.3198243790631788,0.043563071223327164,0.20123476409831514,0.010827567673476922,0.05758880070186531,0.024418887764081777,0.04203407340697376,-0.001309904338320687,0.023654398843459743,0.03938657506309282,0.03854007962469385,0.046892019330085515,0.01742337748989357,0.00100399853723182,0.028518772494491775,0.019807742908369886,0.026633563773945677,0.05403033846042924,0.03058643150860003,0.006657902852611096,0.02932654516280253,0.02140508589721796,0.014695824230546743,-0.002269946241231362,0.011085751519684838,0.02533501430374475,0.019394676924816258,0.00846849471073466,-0.009359921322595038,0.02877824973849853,0.0315836333799694,-0.0048324595197990075,0.027445483824765783,-0.05588751553276059,-0.00949023007685166,0.022146808201621033,0.02102806358906281,0.04494209532692545,0.029418499507109144,-0.00895263019340323,0.021101941787915385,0.01936357791343848,0.0286611992394415,0.01699736503764551,0.05419539938150036,0.05621654911302696,0.03969989241485784,-0.008074312003710832,-0.02070250145228833,0.04512536334675882,0.01661476035547237,-0.030295502228031554,0.0011512765284988791,-0.027162336616561457,0.05879512028889582,-0.007505028704797701,-0.029992728557353777,0.17456990766336017,-0.21735929859183503
0.043563071223327164,2.419974245570135,0.3267067003364244,-0.47224829388406586,0.13469814419883575,0.26809048758471093,0.2726180139073669,0.04995396166350505,0.2941312517656004,0.14981163955165339,0.189697796247478,0.1948436005762966,0.19025364490459956,0.21005110436431848,0.3578300905007374,0.13509237730615575,0.23224770283382115,0.23598074632235744,-0.00019581934725675774,0.29546253265828637,0.17750969030566716,0.19080697506132974,-0.27908330176947466,0.018462902492620316,0.08118149328844078,0.16178998220504875,0.3020275638743835,0.2003559810329335,0.2862238224312933,-0.07181466371126949,0.23381212334983226,0.2005405449141895,0.050188877045191586,0.2563784143421963,0.2576393014998165,0.29721812746294035,0.40477640693295136,0.08775950990096841,0.12200464184467374,-0.09756988226317558,0.07208844437541692,0.1415196388552379,0.09978231332976539,-0.39986349319475095,0.34561475972019307,0.11253594898520476,0.07840111553524394,-0.08951962634270953,-0.06339116787301637,0.10209803770871778,0.07081329373151768,0.035688659609852486,-0.11007859098707613,-0.21240152135806037,-0.4013667303226772,0.09447713160818363,-0.25514345544695877,0.002071517766331281,0.31934011319438044
0.20123476409831514,0.3267067003364244,2.401800141083206,0.3857714817035941,0.09795517709913394,0.36521493296192264,0.12224598507646747,0.4990708529373794,0.40460018156293737,0.4125312479051132,0.4478165966586544,0.27313861769060305,0.3961450295239843,0.2580303068479995,0.25369499491295533,0.18315961821589052,0.36083388332368316,0.3500972987053005,0.3346181136896015,0.2915121229278241,0.2937124275232381,0.31097283532210684,0.26349341929805237,0.2602810190175294,0.30229276618753326,0.34029161375851574,0.18849093374173664,0.289110024392022,0.39945666645793904,-0.011115518823983006,0.3302733416510969,0.2279410018553765,0.3732897332827807,0.5030603673156521,0.20525253428820803,0.572096660082877,0.7268930455465675,0.08977867718526666,0.2668752694632491,-0.44185943224633234,0.1681838829492053,0.2524112325622702,0.17199058723759436,0.14114288576204573,0.23564233137245988,0.550481990927991,0.21479355843562786,-0.021998339186637184,-0.34155012684122665,0.3762576333509176,0.07081971843719588,0.19402448721187393,-0.03426799438855869,-0.43693201958017003,-0.36419420149968085,-0.07932539392639873,-0.2548490879476914,0.2056050533973929,0.153135424244997
0.010827567673476922,-0.47224829388406586,0.3857714817035941,2.321243485141668,0.21061621825589708,0.40051599004303334,0.19123476315338367,0.44039123353127985,0.11374513976766254,0.14261842874899155,0.3471333873391966,0.31812430629714705,0.2979785263457202,0.31293102385323096,0.16567336994486348,0.33105506444256794,0.24889849896035288,0.3267179557496786,0.25518021120877915,0.2314127853466121,0.28362240562360097,0.2843829115703886,0.44369533898327096,0.34632039696066674,0.37165245760925775,0.16913673520948616,0.1200838519775891,0.1727376310511387,-0.006934545318696243,0.34627368504699835,0.25801526341386216,0.2798960218256899,0.4332881700286944,0.4856905164420071,-0.24506514551274922,0.08079687374003672,0.5054631123181055,0.43422346741636053,0.3925519403734303,0.09995065270016348,0.21806081135714933,0.2506234637259917,0.5180194951690256,1.2043119543132155,0.06514057271936821,0.269840296340701,0.3778199958484235,0.2122041270490312,0.17481728159426402,0.337846754272732,-0.07358611146367873,0.16014154108038633,-0.08751073876542723,-0.2828330549150304,0.07780587728856433,-0.002133289667279243,-0.39569247146679176,0.7097049558532619,-0.32157525740928683
0.05758880070186531,0.13469814419883575,0.09795517709913394,0.21061621825589708,1.3207580055300663,0.45965756872227387,0.2394466482455148,0.30858944664473476,0.24163750564118258,0.09104943515738782,0.20991827648321415,0.3252014050956383,0.30947538878417796,0.3333633569024883,0.27645691158385943,0.376336115817382,0.211587961352131,0.2390966792837363,0.5176479920929146,0.30613120096027946,0.2811083595824854,0.3136030676364275,0.2887054968995688,0.3072096027932728,0.29133692752986673,0.20967819516066646,0.23997006809519147,0.059672083571505094,0.3391593972689123,0.3210990913675066,0.2602314331704129,0.2985059078679499,0.24336522506467556,0.4791300548895914,0.02045830947207831,0.31206358120412203,0.394983287445159,0.29786446165353514,0.334362604817552,0.12613527279034611,0.17995109405867885,0.30343224848291817,0.2704490635034173,0.3259776389020934,0.07280011084325853,0.23199701063182054,0.3093261642915087,0.1607511812311413,0.405805654384471,0.17672389472324304,-0.08719518021411914,-0.2474156186362981,0.24349213390745256,-0.11406430759725013,-0.037995289844982495,0.02442072934295843,-0.5718912187472749,0.8045879440890523,-0.2800929159686217
0.024418887764081777,0.26809048758471093,0.36521493296192264,0.40051599004303334,0.45965756872227387,0.8915159428256961,0.23379821627099415,0.3566907212534813,0.35176231780040107,0.10142867137994625,0.3077093399447721,0.3337180866035956,0.35304271983335384,0.4031664424301566,0.223461566109702,0.35849816896456477,0.32383549429791386,0.2053480797357609,0.45592464295677176,0.39624212446637963,0.333408031478752,0.40500168407899884,0.15148247551030314,0.3113580613579383,0.3671943058956585,0.2962351593933048,0.2953334568787879,0.22546761969247178,0.4542408175967304,0.32609685196974963,0.3001042551774268,0.3941137824769649,0.17295108608898196,0.47368311003417046,0.23067382060844996,0.2744762460041599,0.4612733934236782,0.3885171805860786,0.395921008087889,0.08578709276002719,0.1381661246921531,0.304197500948743,0.379790323785284,0.3265997600479697,0.28536051252661354,0.2053521983112148,0.3191812067880562,0.07617114040164143,0.3635118992714496,0.15839544620133042,-0.35812128558136025,0.056102576439987444,-0.019209756315119158,-0.07258541186000401,-0.1070597648539318,0.041682420663820885,-0.6003902018831629,0.8333747649522372,-0.2801243112652098
0.04203407340697376,0.2726180139073669,0.12224598507646747,0.19123476315338367,0.2394466482455148,0.23379821627099415,1.0705297823168425,0.19508988080272419,0.484161586301234,0.1775840397680249,0.33792209392564726,0.40774041629882646,0.3497636318267779,0.30421071568173064,-0.00013850491201666468,0.32907025322961525,0.33638784549003176,0.34854838509997405,0.11849617749836244,0.23773036866383637,0.3091371299154146,0.42233331632838034,0.35234203238736844,0.2986559787843329,0.2933116178683094,0.2507038575034171,0.28004497259406075,0.17917498019346437,0.18300698686935188,0.3140583818122666,0.2842493638221462,0.2733001737264954,0.2987119998810383,0.41060462096184264,0.1817812968243772,0.2720739309643266,0.3678050240990614,0.34935073454839377,0.37298451796152615,0.07561315430410395,0.19234551460669772,0.27016734006456955,0.39766408445642704,0.3468339085912124,0.28522157852277336,0.16385435963500813,0.3125251149988483,0.0628918289499632,0.3952283308930416,0.027041683122646803,-0.11047348343162826,-0.1564777330312296,0.13302619994163056,-0.09781573506893147,0.16998920809555707,0.1020725194701045,-0.41534380091573864,0.6655707805374297,-0.6944311899992324
-0.001309904338320687,0.04995396166350505,0.4990708529373794,0.44039123353127985,0.30858944664473476,0.3566907212534813,0.19508988080272419,0.9273853249360655,0.1942062162549715,0.22404849694347692,0.3254053539184063,0.0941063806035905,0.46661200355248716,0.3579022191212952,0.033201171050644226,0.24418820282414128,0.2440547782409469,0.24313156226139232,0.3041457384852569,0.29271165048488607,0.25205307627806584,0.27408245425103545,0.2817827627485539,0.33188962878941436,0.31190553633934726,0.2458893384232764,0.21950501805277348,0.2095113361946185,0.22784860983656446,0.32006055869947936,0.2489983041116909,0.29623480223730064,0.2627667740826607,0.3994346968184723,0.25382067483536386,0.2391350091605968,0.4394079493777313,0.33744529430145376,0.3339431929761458,-0.024714690322945033,0.2203053719625994,0.22173079844148008,0.3335641337605229,0.3724150992653373,0.09921891403418329,0.2230854997177427,0.32538136368992404,0.13300988361286054,0.29833411482639155,0.05429189165651474,-0.077700230513908,0.052872396961943124,0.15094994811657858,-0.12913211059147595,-0.14638265539967588,-0.197235467218922,-0.3179851198906145,0.8024558430930853,-0.22168391536611776
0.023654398843459743,0.2941312517656004,0.40460018156293737,0.11374513976766254,0.24163750564118258,0.35176231780040107,0.484161586301234,0.1942062162549715,0.9555701891947778,0.12121777796571541,0.20239623830975878,0.27443317525286504,0.37679237201385934,0.22466933407195652,-0.07129611999586906,0.15303958107284488,0.2145551097622054,0.3211610686308659,0.18262337109895377,0.1702434776511271,0.276779584676359,0.4807954053810915,0.3093146107801946,0.21426137986834065,0.1424884071787757,0.3416275095236427,0.23334593115340554,0.12383946554799742,0.2214416041150894,0.16391172884253222,0.24736087504526558,0.22138292260753034,0.2868914144727731,0.29990143520512835,0.04584143076932453,0.3050462162705991,0.31490220814819425,0.33110081659901247,0.25847971894314953,0.07663817648316598,0.09759970195631376,0.2214254291305908,0.3482639415451338,0.24953596265616748,0.2633432582620585,0.20448945282760966,0.2441217810884662,-0.01186032194529924,0.2321198409561086,0.018278824969958557,-0.022782692678218856,-0.04570851554630526,0.09207196025714023,-0.10993405038504299,0.15511779377155271,0.20358890698523743,-0.315270752036949,0.1326252645998621,-0.27252201256768593
0.03938657506309282,0.14981163955165339,0.4125312479051132,0.14261842874899155,0.09104943515738782,0.10142867137994625,0.1775840397680249,0.22404849694347692,0.12121777796571541,0.7446290797496524,0.16564978893194923,0.11395584541199147,0.23249415485546973,0.1255661346210989,0.2025816123217346,0.15281902431092587,0.22219565934000607,0.29305115837197093,0.10930736192057787,0.08051316165643317,0.14993031002708376,0.18955991026098956,0.296911457130128,0.1877064466370695,0.22765604687477498,0.0878143577407216,0.14513063945254362,0.1729067544432566,0.10321798575302799,0.2356873714536389,0.18318022547059984,0.11207160942995359,0.2026818715338714,0.38325602925735236,0.17953603293693104,0.2185615318387995,0.3647339713779913,0.14662984220285147,0.22056740750903792,-0.009772717195354061,0.2480009355607288,0.1419952133504389,0.1965822754966298,0.32536557850778575,0.03485533207070401,0.21080363797352086,0.3034700715828461,0.07705261311832724,0.09485012122209896,0.08605199888462071,0.055681469927203193,-0.01188414754683812,0.009824445850088702,-0.09417024169218025,-0.14094253292256648,-0.056907587391558975,-0.12341144186032403,0.1421850596385628,0.06565937205712986
0.03854007962469385,0.189697796247478,0.4478165966586544,0.3471333873391966,0.20991827648321415,0.3077093399447721,0.33792209392564726,0.3254053539184063,0.20239623830975878,0.16564978893194923,0.6837867798477033,0.3066445472399795,0.30496120266943244,0.27653019604402057,0.21281547623904648,0.2744588950848007,0.32525601905670876,0.2710891028407727,0.1756653477385408,0.3531984343768715,0.2612791991369036,0.25227985852345275,0.21869391380330633,0.2452407226911021,0.22804195800186436,0.30546263221809455,0.21219271930756622,0.20371911724026656,0.315638442326236,0.22278634904205144,0.26509486136664334,0.24501414447716424,0.21533477128694914,0.3280862368051614,0.25976854010646294,0.3437588691831743,0.4068202390398838,0.25019346693667227,0.27023911210504636,-0.019573148413400916,0.1950588458976158,0.24364558434496492,0.21698672683424297,0.08466419621515021,0.20722452877906106,0.22627111380173048,0.26351743948396333,0.0848704952897059,0.18491260693211345,0.030175512052984705,-0.03368512570046479,-0.002862552754001838,0.11556200997885449,-0.10902277361595909,-0.14219592790913296,-0.002901426518661383,-0.3534763094373134,0.5477593753534669,-0.24916860275485253
0.046892019330085515,0.1948436005762966,0.27313861769060305,0.31812430629714705,0.3252014050956383,0.3337180866035956,0.40774041629882646,0.0941063806035905,0.27443317525286504,0.11395584541199147,0.3066445472399795,0.7409899708620337,0.2006728467379448,0.26111917149453345,0.2441054962583116,0.2959392335828694,0.3386928450270579,0.3397272705536713,0.22022939398679284,0.24760177448795145,0.27252451364262814,0.2989727573049827,0.2565924194952077,0.24034154641524488,0.28602668174490026,0.24172213308149873,0.23581884470298595,0.1990572103365362,0.22760835707688754,0.26450850962034794,0.2880279995091939,0.25143829366661624,0.23748879843925505,0.35287766880399135,0.24739617609780007,0.2584788985273542,0.38710222109444525,0.2484506699879264,0.33843840925429297,0.045364434213693836,0.20053904402227915,0.24801079152095548,0.27916207418195726,0.2531517196739534,0.29271513675470184,0.20151021291383098,0.32246839044798103,0.09322521768039418,0.32093626922526414,0.10625461918596038,-0.03753551836381263,-0.1512066753939136,0.0768041649721347,-0.08725170491562617,0.014285875725159849,0.159450732428593,-0.39923588767908214,0.541728893747451,-0.5406203584720352
0.01742337748989357,0.19025364490459956,0.3961450295239843,0.2979785263457202,0.30947538878417796,0.35304271983335384,0.3497636318267779,0.46661200355248716,0.37679237201385934,0.23249415485546973,0.30496120266943244,0.2006728467379448,0.7344572015597832,0.2764369712096482,-0.02813261589680733,0.24974658612988848,0.24387129810119437,0.28028710595500955,0.26301959501947225,0.23301433804872276,0.2741021055708149,0.34461591270084174,0.32288047718843693,0.28691840616788494,0.28150556595402176,0.3057663650446807,0.2502657115705053,0.19733258188382705,0.2744934556941569,0.23643638853346888,0.24654901787441744,0.2515749955770159,0.30176512971225916,0.37933178192551015,0.17570437757226742,0.3341238511857508,0.38410971700608415,0.31227941558662026,0.2676332470739842,0.007283282638360399,0.1733420730328503,0.22677387730305432,0.28792610330151075,0.3058057121779404,0.0678089509769747,0.2030118995847194,0.2721295394103173,0.10180282048334513,0.29029713018227216,0.03250060749159482,-0.05185663053381664,-0.008258147921391215,0.0948239736479124,-0.1003480779858151,-0.007427103962724515,-0.03148019120917299,-0.325566725801611,0.23296530120618467,0.02622079864494592
0.00100399853723182,0.21005110436431848,0.2580303068479995,0.31293102385323096,0.3333633569024883,0.4031664424301566,0.30421071568173064,0.3579022191212952,0.22466933407195652,0.1255661346210989,0.27653019604402057,0.26111917149453345,0.2764369712096482,0.6829627389576666,0.28816548150330606,0.3468516056967203,0.26464406865238643,0.159884684520793,0.2779686362791003,0.3976144378226911,0.26546887660487717,0.3205925708615637,0.23339150754166074,0.40384470596767497,0.3459877138075286,0.21187226422865954,0.28832606613368855,0.15877811891534319,0.3810456885002041,0.42601936746079244,0.2809995475129994,0.566149108424204,0.1822420304303581,0.4179862475987401,0.2515466845870485,0.2897429773832904,0.42481782986455296,0.3252079130592721,0.34603640259666485,-0.00717180498420761,0.3005128632638568,0.25769002287116155,0.361827064099219,0.2700489001118943,0.14886738217950343,0.19868306013736992,0.33415889962060075,0.1047899037573244,0.44099825434330225,0.01834386830642259,-0.1051672679098254,-0.09713293845663053,0.1951323827851211,-0.10099835967358847,-0.3354198202072487,-0.00986055562614407,-0.5625820434040611,0.9157989732288728,-0.16102053060785
0.028518772494491775,0.3578300905007374,0.25369499491295533,0.16567336994486348,0.27645691158385943,0.223461566109702,-0.00013850491201666468,0.033201171050644226,-0.07129611999586906,0.2025816123217346,0.21281547623904648,0.2441054962583116,-0.02813261589680733,0.28816548150330606,1.1395826252142987,0.1884108827991664,0.250302820618718,0.2095937400326131,0.17921897249848395,0.33842133619603715,0.20445161358262626,0.10775995458369404,0.17066266241442204,0.23059292866987155,0.34837702294380507,0.09276418556619366,0.14594099777032662,0.20095620605851452,0.40464112133834773,0.3761699576578264,0.21178989244593374,0.26717123282354055,0.12613695716710427,0.4040805573008229,0.23452544200298883,0.19517540135622566,0.505711221964265,0.047273032234918466,0.21804946153562024,-0.051096363576140794,0.3587823910740921,0.2212008101461327,0.1607488723537352,0.15386242514714837,0.06957401120976069,0.25634657236102737,0.3158834790653125,0.09432464571323755,0.22255969381504864,0.14800884120683994,0.008708590204851704,0.018821695107599387,-0.049515362548055254,-0.10503778444206345,-0.21318516801309184,0.08582897566477089,-0.6421917007518638,0.7765526370620722,-0.07828364721517325
0.019807742908369886,0.13509237730615575,0.18315961821589052,0.33105506444256794,0.376336115817382,0.35849816896456477,0.32907025322961525,0.24418820282414128,0.15303958107284488,0.15281902431092587,0.2744588950848007,0.2959392335828694,0.24974658612988848,0.3468516056967203,0.1884108827991664,0.9235143632016625,0.34441886369619046,0.18042262429794492,0.26655551448807824,0.2538250368488808,0.25920771374182755,0.45802976170164394,0.14417580279597694,0.27900941906146276,0.19313809306459123,0.18650463718877203,0.26441610757084555,0.2588858104142201,0.32239346153161064,0.42567492966717374,0.2464914666993261,0.3237052908254086,0.13620660382054828,0.3877399552175536,0.40034421142237553,0.21731509948479094,0.39149912086294236,0.21579938617330405,0.3325270848367781,0.026032182971669284,0.2960059966580174,0.2992249936047096,0.31682501537525376,0.24163918075962956,0.14364500563739363,0.12700232357765714,0.3332414655580407,-0.007341634761852046,0.45209400680860695,-0.07233091272607683,-0.16146878261300857,-0.13724116815342838,0.03093521516664754,-0.012167003057237889,-0.1291908329127684,0.003426558931502018,-0.5345841378655334,0.7342284510026902,-0.2084832666863129
0.026633563773945677,0.23224770283382115,0.36083388332368316,0.24889849896035288,0.211587961352131,0.32383549429791386,0.33638784549003176,0.2440547782409469,0.2145551097622054,0.22219565934000607,0.32525601905670876,0.3386928450270579,0.24387129810119437,0.26464406865238643,0.250302820618718,0.34441886369619046,0.7515112722825825,0.22782306438904898,0.22148191095705327,0.3725208832748864,0.2989519974454117,0.32040944752698897,0.15303097642442606,0.3172057936700496,0.3622127422333279,0.2611125894565097,0.25047646026303644,0.45193857442089347,0.2559719110398004,0.3492311953720015,0.33996022488484823,0.25479038107142726,0.3691427488696144,0.37717483539448576,0.3940031974388938,0.3401988815384843,0.6081556617788172,0.34613207190719425,0.359952250885332,-0.03434424008141462,0.2680427446029719,0.34671616821445717,0.30792991925100593,0.22450747290580872,0.3575007294817257,0.21303821795433692,0.34437432899808396,0.11943454193870351,0.234880085497721,0.32013744945180006,-0.09651273759000255,0.03154511460890413,-0.14321148695848707,-0.12736604624317377,-0.3083137957590656,-0.000882194490632122,-0.3595065947452477,0.5818508565382033,-0.22541516495095787
0.05403033846042924,0.23598074632235744,0.3500972987053005,0.3267179557496786,0.2390966792837363,0.2053480797357609,0.34854838509997405,0.24313156226139232,0.3211610686308659,0.29305115837197093,0.2710891028407727,0.3397272705536713,0.28028710595500955,0.159884684520793,0.2095937400326131,0.18042262429794492,0.22782306438904898,1.0422960390934213,0.16730932686390118,0.03290895371368387,0.3339396408554466,0.3478562991511087,0.6438007197813512,0.19288672792795838,0.3500284958221164,0.4349417264090581,0.05352171543960729,0.14692320727493968,0.14237645123465667,0.2075961343853258,0.3487497552672697,0.12427930544888972,0.3071394294412959,0.37339150297812496,0.028788807514225082,0.24751232220791455,0.5684073077177099,0.29546675063962924,0.2827183302523178,0.13836066195766494,0.29727407715383375,0.2243525543236682,0.5171997656258766,0.45833826410810585,0.49864166376192715,0.3303037657904185,0.5640511975805784,0.03328992434770432,-0.07040107419992778,0.3234488512967176,0.21312922721796168,-0.21407200794214115,-0.06424892056791091,-0.17076415243039228,0.2028566368283804,0.10210238618184043,-0.3217721880886469,0.6062644488289294,-0.6484219268242237
0.03058643150860003,-0.00019581934725675774,0.3346181136896015,0.25518021120877915,0.5176479920929146,0.45592464295677176,0.11849617749836244,0.3041457384852569,0.18262337109895377,0.10930736192057787,0.1756653477385408,0.22022939398679284,0.26301959501947225,0.2779686362791003,0.17921897249848395,0.26655551448807824,0.22148191095705327,0.16730932686390118,0.8956957096725578,0.1960554780446424,0.27841687534919685,0.28188689323101285,0.14074567069976665,0.29019720055121145,0.4222265968828424,0.17903248756317222,0.19506353918871328,0.2458292336156373,0.3223458470242447,0.3387827440261858,0.27241787365295256,0.2723046558720691,0.3001238303122739,0.3716824075153692,0.10162023353391714,0.2625270947396922,0.45942836206606996,0.34861621234222656,0.2733495788536608,0.027100561658240773,0.18253464308620998,0.26202825285291803,0.2947222545879323,0.35276898717180716,0.1024607570606148,0.261730087971577,0.27479860977835513,0.15185205969624838,0.2782015392565784,0.1667450612252079,-0.01480250627937871,0.2347817179088489,-0.1270473892862733,-0.17562402291871299,-0.07483019324220182,0.012054189554395115,-0.3947194896675246,0.6343276405173848,-0.1929870156939428
0.006657902852611096,0.29546253265828637,0.2915121229278241,0.2314127853466121,0.30613120096027946,0.39624212446637963,0.23773036866383637,0.29271165048488607,0.1702434776511271,0.08051316165643317,0.3531984343768715,0.24760177448795145,0.23301433804872276,0.3976144378226911,0.33842133619603715,0.2538250368488808,0.3725208832748864,0.03290895371368387,0.1960554780446424,1.1331374036872908,0.19312693969030437,0.1967795596449047,0.11101254297811129,0.37937005010165314,0.21409658432352272,0.19169011319311266,0.34474576819968433,0.30115413397862273,0.39596952469622426,0.4462002209339814,0.31210922932794954,0.40407742403642044,0.24468869823163183,0.4349723110894345,0.34447720463452197,0.2788968426917243,0.600972178279327,0.48587118840539656,0.42816319995673263,0.07136456605612812,0.2552576711580737,0.23787764766055036,0.4514970269176093,0.0892040756776868,0.43762697557165897,0.13497764215338204,0.27685245289009713,0.2587376848760854,0.5712884864010168,0.029754821743631456,-0.23283014728046172,0.1167199579403065,0.047966700371466074,-0.07705865848467934,-0.25681656801195146,-0.004501785482769794,-0.47063814545165106,0.6892364158787135,-0.12416122065507246
0.02932654516280253,0.17750969030566716,0.2937124275232381,0.28362240562360097,0.2811083595824854,0.333408031478752,0.3091371299154146,0.25205307627806584,0.276779584676359,0.14993031002708376,0.2612791991369036,0.27252451364262814,0.2741021055708149,0.26546887660487717,0.20445161358262626,0.25920771374182755,0.2989519974454117,0.3339396408554466,0.27841687534919685,0.19312693969030437,0.6664249607055462,0.32057801281446024,0.3392226109588507,0.3030762693715842,0.36549731367476956,0.25494387706857397,0.2099126204748817,0.20998377603077684,0.33023809831359313,0.47548294547559056,0.346606350633073,0.2212209294239633,0.3423960641578109,0.3131486323453971,0.19630244011855363,0.3865486644411275,0.5993757494529663,0.3608571736203976,0.3822079259286168,0.1996657847777118,0.29973548587310844,0.433618378825901,0.3750927205104654,0.3345922923276541,0.5963869516921282,0.2734009075423086,0.42976701206818263,0.11838803293363183,0.07468032767693578,0.1318592334888309,-0.012848501627482752,-0.11042681595302484,0.1169031700034387,-0.13383117103419312,0.02691854196683578,0.00972939482109305,-0.45970186472947305,0.665452277346739,-0.3139141871547686
0.02140508589721796,0.19080697506132974,0.31097283532210684,0.2843829115703886,0.3136030676364275,0.40500168407899884,0.42233331632838034,0.27408245425103545,0.4807954053810915,0.18955991026098956,0.25227985852345275,0.2989727573049827,0.34461591270084174,0.3205925708615637,0.10775995458369404,0.45802976170164394,0.32040944752698897,0.3478562991511087,0.28188689323101285,0.1967795596449047,0.32057801281446024,1.0247237926485122,0.3417410156661859,0.31536986201440037,0.2049339471207787,0.29743786291016006,0.26160836700281354,0.19253669197575307,0.4117304487761833,0.4278856451438916,0.31173723542257875,0.33325300529658686,0.26349583600154886,0.45813362477617897,0.1956048245830788,0.3344099998725685,0.446382282551313,0.4427032995953478,0.3907123588120932,0.06281839486169451,0.2748957711834262,0.3205011472530513,0.5269333623402196,0.41766710456949474,0.19891537039379376,0.2953032515778955,0.4098249625600649,-0.25903923475645413,0.43213542417106665,-0.01767091681294419,-0.12797799472551993,-0.14929648715967522,0.031899033307734234,-0.09653877502128178,0.03255633223978496,0.07517234556195809,-0.46564515200607903,0.5476595444113223,-0.3121007266003869
0.014695824230546743,-0.27908330176947466,0.26349341929805237,0.44369533898327096,0.2887054968995688,0.15148247551030314,0.35234203238736844,0.2817827627485539,0.3093146107801946,0.296911457130128,0.21869391380330633,0.2565924194952077,0.32288047718843693,0.23339150754166074,0.17066266241442204,0.14417580279597694,0.15303097642442606,0.6438007197813512,0.14074567069976665,0.11101254297811129,0.3392226109588507,0.3417410156661859,1.5253536858295802,0.49503164139424255,0.47107713014665525,0.13652559073899728,0.14471367911163008,0.027066781439393377,0.322096753017252,0.5869986419437729,0.19618465922445613,0.20778036173585257,0.4595795784201484,0.4476351080491538,-9.721048792142492e-5,0.380065191695528,0.4030163874596239,0.21045960453461665,0.420586237212076,0.12866223661431375,0.34733459517692383,0.2154997085802261,0.41772502025781966,0.8416351776180951,-0.020197345024894644,0.34572326589428387,0.5789648967232149,0.2516695901060239,0.3774634497369005,0.01968468471134688,0.14821571913080478,-0.2701535390493891,0.3215471603087338,-0.0817091388223525,0.1393288358204742,-0.019770624731013684,-0.38675705186933135,0.5485339728822201,-0.3073624550526353
-0.002269946241231362,0.018462902492620316,0.2602810190175294,0.34632039696066674,0.3072096027932728,0.3113580613579383,0.2986559787843329,0.33188962878941436,0.21426137986834065,0.1877064466370695,0.2452407226911021,0.24034154641524488,0.28691840616788494,0.40384470596767497,0.23059292866987155,0.27900941906146276,0.3172057936700496,0.19288672792795838,0.29019720055121145,0.37937005010165314,0.3030762693715842,0.31536986201440037,0.49503164139424255,0.9019135044756816,0.5390449565836503,0.011490993636270057,0.3150739603121139,0.3500056881336382,0.2826980691592714,0.795165312094591,0.38972149016931085,0.4643505642764249,0.6076335381550664,0.3834665785032816,0.2839840286916182,0.35349910695086306,0.5961090673255312,0.4681951471033855,0.4251187681771452,-0.0489817506575344,0.36241882980889895,0.2939864872039805,0.4218747232455493,0.573038589608763,-0.05130799699676302,0.26064889006216785,0.5070423028641328,0.2810989410333312,0.743997037567463,-0.03515501386047415,-0.08108793997030708,0.039095245547222615,0.17599127808639442,-0.12124869399867721,-0.1759583055761,-0.11797284561403766,-0.46258964869966807,0.8215934657378224,-0.17155167582503877
0.011085751519684838,0.08118149328844078,0.30229276618753326,0.37165245760925775,0.29133692752986673,0.3671943058956585,0.2933116178683094,0.31190553633934726,0.1424884071787757,0.22765604687477498,0.22804195800186436,0.28602668174490026,0.28150556595402176,0.3459877138075286,0.34837702294380507,0.19313809306459123,0.3622127422333279,0.3500284958221164,0.4222265968828424,0.21409658432352272,0.36549731367476956,0.2049339471207787,0.47107713014665525,0.5390449565836503,2.213691413506378,0.2961107738136979,0.2718075567621004,0.3090625483294682,0.7041909504074265,0.737308741933535,0.4497495847800526,0.33463960271072624,0.48932940797519175,0.6744678160174431,0.40309809717423,0.3347360407585539,0.9722235932517902,0.6713090990788524,0.2814763798924601,-0.17840278626037492,0.387728846951335,0.36547053656941403,0.47496508579095287,0.7278162631966965,0.23449840158707838,0.5129143274614866,0.5848406916226757,0.13269513395087523,-0.20597218812232734,-0.3369588419342747,0.28635519222492506,0.0025243361581504626,0.26807782682471415,-0.14713090922646435,-0.11786420432804671,0.03344349338494372,-0.39408973459430835,0.6332279905214563,-0.21827360650578234
0.02533501430374475,0.16178998220504875,0.34029161375851574,0.16913673520948616,0.20967819516066646,0.2962351593933048,0.2507038575034171,0.2458893384232764,0.3416275095236427,0.0878143577407216,0.30546263221809455,0.24172213308149873,0.3057663650446807,0.21187226422865954,0.09276418556619366,0.18650463718877203,0.2611125894565097,0.4349417264090581,0.17903248756317222,0.19169011319311266,0.25494387706857397,0.29743786291016006,0.13652559073899728,0.011490993636270057,0.2961107738136979,1.6253413636121292,0.17692956576939847,0.18575932592836011,0.29103644694387054,-0.19750598074674447,0.2524848337989793,0.17083182173481237,0.1734185453821952,0.2925310307426162,0.1785103581020735,0.32683535512028733,0.5240637798073681,0.38286366122741156,-0.19714868369221927,0.2077727476307653,0.30867603656329645,0.3348622703296048,0.4286506779568489,-0.16475862358763838,0.6954930717660504,0.16345163148269126,0.12711454402447708,0.06853522712015064,0.1568794231239065,0.0980762034696068,0.18429596839471976,-0.08801780264971217,-0.12906423214176632,-0.07665231460896572,-0.001704985765929006,0.12025978852164383,-0.2166109325966258,-0.015391362308550855,0.04064477707316202
0.019394676924816258,0.3020275638743835,0.18849093374173664,0.1200838519775891,0.23997006809519147,0.2953334568787879,0.28004497259406075,0.21950501805277348,0.23334593115340554,0.14513063945254362,0.21219271930756622,0.23581884470298595,0.2502657115705053,0.28832606613368855,0.14594099777032662,0.26441610757084555,0.25047646026303644,0.05352171543960729,0.19506353918871328,0.34474576819968433,0.2099126204748817,0.26160836700281354,0.14471367911163008,0.3150739603121139,0.2718075567621004,0.17692956576939847,0.8473746645198066,0.23240957044846086,0.13574262799528625,0.31952887822919956,0.29790855355165347,0.3183328410528016,0.3000547481358964,0.3025411689196671,0.24302830645287277,0.3427221789070593,0.33962878007836217,0.3754391221304094,0.23935935740096623,0.12045184514991905,0.2318998781701226,0.24280290121833809,0.3719036453733723,0.04631023926541922,0.15316354302772325,0.10771756007179346,0.21876648089175443,0.19499019549249896,0.6507874008750977,-0.12163186010663095,-0.12573514191891547,0.056308022651146435,0.10546562269343092,-0.042321276020718085,-0.00953567441229193,0.05444062650620068,-0.33886379663999516,0.585376208918212,-0.33607420899130425
0.00846849471073466,0.2003559810329335,0.289110024392022,0.1727376310511387,0.059672083571505094,0.22546761969247178,0.17917498019346437,0.2095113361946185,0.12383946554799742,0.1729067544432566,0.20371911724026656,0.1990572103365362,0.19733258188382705,0.15877811891534319,0.20095620605851452,0.2588858104142201,0.45193857442089347,0.14692320727493968,0.2458292336156373,0.30115413397862273,0.20998377603077684,0.19253669197575307,0.027066781439393377,0.3500056881336382,0.3090625483294682,0.18575932592836011,0.23240957044846086,1.1651118436307133,0.057975550272030565,0.3924527744523828,0.3405998250974482,0.21203852691938235,0.622298004808436,0.2714165981097747,0.6532432977006252,0.13720043062939039,0.6555736252468018,0.30344425168599903,0.24486839233971663,-0.15679592954451124,0.30680309814788104,0.23186304401896882,0.2664538697524833,0.3864623868452107,-0.06339946934494001,0.03467415734075545,0.2815021924236624,0.25484932692651874,0.6207127601431564,0.3360732261705696,-0.12450851498318766,0.7307216688479271,-0.8775590980459471,-0.09422834472984346,-0.024122718359889828,-0.011780154454621949,-0.2509324775557199,0.22892975040825653,0.127841095694456
-0.009359921322595038,0.2862238224312933,0.39945666645793904,-0.006934545318696243,0.3391593972689123,0.4542408175967304,0.18300698686935188,0.22784860983656446,0.2214416041150894,0.10321798575302799,0.315638442326236,0.22760835707688754,0.2744934556941569,0.3810456885002041,0.40464112133834773,0.32239346153161064,0.2559719110398004,0.14237645123465667,0.3223458470242447,0.39596952469622426,0.33023809831359313,0.4117304487761833,0.322096753017252,0.2826980691592714,0.7041909504074265,0.29103644694387054,0.13574262799528625,0.057975550272030565,2.7106991438998227,0.2845946249955915,0.1367076389421495,0.4048634939417154,0.023325227475720176,0.5043103338558351,0.3265277844507784,0.9437646127303958,0.5228021555049661,-0.3981087552307615,0.18493072179260517,-0.01581137972812293,0.16534875521229736,0.2119483043325164,-0.39956817314613613,-0.8563078594236866,0.2189936920900308,0.5850324032040536,0.2340812486376189,-0.32387096608219507,0.16938129608537317,-0.1187371822135068,-0.01641199363759413,-0.09827107497853203,0.13182273879724168,-0.05824835223591257,-0.400237956219433,0.06004108153516688,-0.49202843413852887,0.3500603080822761,0.22156394504696011
0.02877824973849853,-0.07181466371126949,-0.011115518823983006,0.34627368504699835,0.3210990913675066,0.32609685196974963,0.3140583818122666,0.32006055869947936,0.16391172884253222,0.2356873714536389,0.22278634904205144,0.26450850962034794,0.23643638853346888,0.42601936746079244,0.3761699576578264,0.42567492966717374,0.3492311953720015,0.2075961343853258,0.3387827440261858,0.4462002209339814,0.47548294547559056,0.4278856451438916,0.5869986419437729,0.795165312094591,0.737308741933535,-0.19750598074674447,0.31952887822919956,0.3924527744523828,0.2845946249955915,2.6332871009073915,0.48606006268778135,0.36203273110388934,0.5042870212510058,0.12554128614951562,0.7912540796823756,0.19211222084934437,1.0786140581320103,0.8024670255649669,0.7081861594852437,-0.1175933655277947,1.050616363992761,0.4751887992529835,1.0047039019486323,1.193761036850505,0.05389831059104436,0.31385522688975775,1.2732997159746582,0.32847098180072604,1.4083024734629337,-0.5145543390903526,-0.10807864509763616,-0.378392086031502,0.623815157445631,0.11791725870032647,0.08761910392240875,-0.09926743269139982,-0.759780792393259,1.6949607873529695,-0.8659990185219725
0.0315836333799694,0.23381212334983226,0.3302733416510969,0.25801526341386216,0.2602314331704129,0.3001042551774268,0.2842493638221462,0.2489983041116909,0.24736087504526558,0.18318022547059984,0.26509486136664334,0.2880279995091939,0.24654901787441744,0.2809995475129994,0.21178989244593374,0.2464914666993261,0.33996022488484823,0.3487497552672697,0.27241787365295256,0.31210922932794954,0.346606350633073,0.31173723542257875,0.19618465922445613,0.38972149016931085,0.4497495847800526,0.2524848337989793,0.29790855355165347,0.3405998250974482,0.1367076389421495,0.48606006268778135,0.7987713572891388,0.27150794426577923,0.3938041306241041,0.32067189972522947,0.2804488538755938,0.597434564600046,0.8685948188375163,0.53858608332094,0.3585184993486303,0.04108993335647661,0.3959279292924326,0.3231915313681332,0.3902274833172008,0.35355157579601815,0.4352149549772548,0.3838410087106543,0.42617447556856125,0.155591844882281,0.007659140000157819,0.19623449428822798,-0.06689067071445644,0.06842609715076617,0.004886398128591711,-0.20237123272034538,-0.06738756278722137,0.04249228878622801,-0.32142416145738284,0.5229719740188615,-0.2743242095856663
-0.0048324595197990075,0.2005405449141895,0.2279410018553765,0.2798960218256899,0.2985059078679499,0.3941137824769649,0.2733001737264954,0.29623480223730064,0.22138292260753034,0.11207160942995359,0.24501414447716424,0.25143829366661624,0.2515749955770159,0.566149108424204,0.26717123282354055,0.3237052908254086,0.25479038107142726,0.12427930544888972,0.2723046558720691,0.40407742403642044,0.2212209294239633,0.33325300529658686,0.20778036173585257,0.4643505642764249,0.33463960271072624,0.17083182173481237,0.3183328410528016,0.21203852691938235,0.4048634939417154,0.36203273110388934,0.27150794426577923,0.874558092147141,0.09804333580354897,0.39721543063158493,0.2206569769225465,0.317924190438432,0.21578759041946274,0.3249458202106709,0.31047625580802474,-0.006002777752278372,0.3100110794433314,0.21814219240990626,0.2932411232466131,0.20773325075398144,0.07822072274850841,0.15171706222504805,0.284292261968152,0.07065900988675582,0.47485450353849,-0.018912558994550292,-0.09728612077066671,0.15448603035536299,-0.14949794788327267,-0.017474373153597796,-0.34136225286707517,0.012113249434078798,-0.47219845947666983,0.7503495903846855,-0.12836949839512446
0.027445483824765783,0.050188877045191586,0.3732897332827807,0.4332881700286944,0.24336522506467556,0.17295108608898196,0.2987119998810383,0.2627667740826607,0.2868914144727731,0.2026818715338714,0.21533477128694914,0.23748879843925505,0.30176512971225916,0.1822420304303581,0.12613695716710427,0.13620660382054828,0.3691427488696144,0.3071394294412959,0.3001238303122739,0.24468869823163183,0.3423960641578109,0.26349583600154886,0.4595795784201484,0.6076335381550664,0.48932940797519175,0.1734185453821952,0.3000547481358964,0.622298004808436,0.023325227475720176,0.5042870212510058,0.3938041306241041,0.09804333580354897,1.6165471516049297,0.2844096001368795,-0.18720712666333905,0.3217837472794329,0.8793885923678681,0.5689548515776883,0.28353687331256455,-0.08950206117994218,0.023985006128203104,0.36438867335462083,0.5058624987416943,0.7961892621462168,-0.16688046110427954,0.29847687926437955,0.4504389516142735,0.5035295728034095,0.7512447105870923,0.4054361030529985,0.04306310188131802,0.19905821458314843,0.036796977278750434,-0.44509176991447436,0.14172092257328797,0.011090550700230222,-0.29208781467140454,0.2567832020356718,-0.023890557690259266
-0.05588751553276059,0.2563784143421963,0.5030603673156521,0.4856905164420071,0.4791300548895914,0.47368311003417046,0.41060462096184264,0.3994346968184723,0.29990143520512835,0.38325602925735236,0.3280862368051614,0.35287766880399135,0.37933178192551015,0.4179862475987401,0.4040805573008229,0.3877399552175536,0.37717483539448576,0.37339150297812496,0.3716824075153692,0.4349723110894345,0.3131486323453971,0.45813362477617897,0.4476351080491538,0.3834665785032816,0.6744678160174431,0.2925310307426162,0.3025411689196671,0.2714165981097747,0.5043103338558351,0.12554128614951562,0.32067189972522947,0.39721543063158493,0.2844096001368795,1.8854890477345332,0.34600816007400054,0.24488370045190747,1.0250435463788725,0.2745086238778132,0.33718140947737246,-0.17822040787648452,0.3046691260492806,0.36655141541746544,0.5354560308955529,0.7268518281377689,0.006182159169688624,0.26946225233567267,0.3802118378168695,0.1951177164130667,0.39581301725754836,-0.012158080239136818,-0.09304817959773137,0.16169861448090203,0.07876137512811092,-0.23009468699532387,-0.17597383942720676,0.07626003768506183,-0.6241206330865232,0.5545294708465216,0.09889816938963127
