1.2595441194959793,0.12671932361374968,0.06078733119531727,0.08037842325026379,0.20713998340846712,0.15581509881359026,0.1809058355611174,0.18673606670657006,0.06937278831720231,0.11806777489913484,0.11942431455842652,0.1392602726696794,0.1027462952247336,0.199464012791977,0.1332962126893828,0.11527040768326499,0.10391838260818102,0.14540960854006868,0.02517601985881263,0.12350001240661602,0.09588208526345905,0.09376676388576187,0.11747450399834065,0.03041398733788577,0.15943380343397753,0.1941156589942419,0.08051648749684212,0.08437559631855245,0.08063318673553063,0.21391996655865117,0.08993066080601321,-0.11481314377922829,0.1507591437756185,-0.31883148024816305,0.06616821393344277,0.14215105190013066,0.000505820675626326,-0.015614704324592074,0.08930326720551138,0.13998893143119412,0.08781349559218936,0.06873952491770222,0.07621514562663591,0.059309638771507155,-0.01535608787606033,0.008605543605544046,0.1785270228239106,0.00044731249614093997,0.04825541500222153,-0.03758676270888407,0.02396365590880226,-0.04696551438966303,-0.03471057568947402,0.02414222346304099,-0.015506584433647799,-0.07902348861570228,0.10040830510075309,0.09544918516540811,-0.09984640134191873,-0.040208963418868204
0.12671932361374968,1.8443238151722512,0.7137527962072572,0.1902454887510458,0.09331264014781496,0.1288974895944773,0.1907347128454985,0.15264173490332653,0.21629788707559944,0.14779060657628829,0.1615528621156717,0.22790452909426212,0.11991545230488958,0.16035490113177617,0.3462922064493828,0.12843579465223634,0.14861642664408348,0.3019082693051331,0.019694310327259486,0.33104960196192884,0.2617311766727296,0.14385317499754477,-0.07544634788482106,0.09655892481812627,0.3465585998555617,0.26659183264375447,0.22559696335314355,0.2195320401007026,0.3063760160962623,0.1278030906946287,0.25527324204539525,0.11318464073193023,0.1847179812860729,0.15061097384761257,0.2092471880968707,0.23745024849087906,0.231057948291201,0.17395318324146952,0.05642971585389626,0.06743245768336376,0.22880314457127768,0.23152206142566922,0.011959799132278858,-0.003104310811663695,-0.03753376373332726,0.10236777682733858,0.17658396791791903,-0.004873322678416834,0.14852235039455425,-0.3589506137334277,0.36996513765679284,0.10189842128316785,-0.01682088233769863,-0.06280624944164886,0.026980904163108065,-0.09337948461626759,-0.27840763862457996,0.13958523198491068,0.1119277161900469,-0.042558162445157886
0.06078733119531727,0.7137527962072572,2.44352777800906,-0.0541599793663072,-0.36235495344493074,0.08427045357531882,0.12034832607934075,0.07447336692335484,0.400623126560858,0.09779684985909923,0.08419385889733565,0.1610939359741891,0.06483695186914872,0.06015721930012965,0.2061719408356294,0.03037485860360256,0.23681006277991815,0.15549805045829523,0.12717556271427868,0.24673822039086046,0.17154441429031408,0.21344325672578124,0.11108239030293583,0.1610516096742882,0.26127955421787047,0.15863748908203773,0.12396898594898606,0.16375638088258224,0.2169315882698897,0.249569858319622,0.1458029952888268,-0.050914215065630104,0.22826959483747625,0.02073788027102689,0.3287231013726202,0.10634237769000815,0.1883718668377529,0.1368229874204171,0.1091102585698984,0.022606393695868022,0.07653306444743417,0.1511563526336714,0.11393574298219457,-0.01208730664960841,0.04469073106894317,0.0862309315882449,0.16287322455447953,-0.0045014299745134165,0.18895986509796445,-0.09961036412330712,0.13538527314743898,0.037122358976356115,0.06019405672450815,-0.12453486189837913,0.06783123011522739,-0.06334279285527616,0.09820766063463936,-0.1740979330218646,0.04609212542916801,0.00628729201022917
0.08037842325026379,0.1902454887510458,-0.0541599793663072,0.794997625614409,0.528388290890936,0.298717773583313,0.25296895291576527,0.19828032112099012,0.11598745183012499,0.20071766001197977,0.16664181776520925,0.2216452800424716,0.14630468393247031,0.21778198601995677,0.2607841992116717,0.20102445523723164,0.11701783206923012,0.2850408584833765,-0.06258080709573363,0.09800005554949591,0.18040626712528132,0.15457000020154404,0.3027134053536635,0.1446879793275676,0.1525497319746948,0.24477886832497842,0.11727167375513355,0.13032560460939416,0.22670716794096846,0.0169975443230859,0.12662822413267474,0.17922013376658646,0.15142959892396954,0.28224300380207484,0.02220513967382351,0.12210747509804529,0.11902140375145139,0.13328213839268815,0.0973680355600529,0.15425096435577498,0.07603501210921929,0.17288179716241805,0.061047560291472805,0.08014229241268586,-0.12243376439380162,0.021452452609509218,0.2076132898337625,0.0022303966689032266,0.17063952404622837,0.060085218903359015,-0.016033832116582627,0.14305708644930107,-0.09117340746199068,-0.04520985656256692,0.17690143272213138,-0.06250623298961369,-0.45074634814547404,0.32233072068792595,-0.015236446465662282,-0.15051625325946255
0.20713998340846712,0.09331264014781496,-0.36235495344493074,0.528388290890936,1.2653077505048513,0.352092742553822,0.26278631097211547,0.2968589840329948,0.07573601799219402,0.22094724684576306,0.21775737154372868,0.2562774956505463,0.18287042220877775,0.25563242641387424,0.29469877666045996,0.24499355676497064,0.11164079597300725,0.3524859900992539,-0.05015352230545234,0.08000065539382148,0.2250245436664144,0.15570710770938576,0.3295127846104592,0.1576573462340549,0.13092447438478474,0.32374261447050356,0.13124682612297017,0.12622553867158462,0.22512311050562325,-0.12025839764684507,0.1814112539513284,0.2696120276571297,0.12419286729426192,0.44200556894592763,0.001701785254956986,0.16831447428930696,0.17920937493715638,0.177045668737331,0.07671647783305116,0.2299453778020754,0.12082690574511044,0.2217642081990532,-0.015459080740401697,0.09267782027775995,-0.13159706629240872,0.1434116214048623,0.20511822694425802,0.007162579470879124,0.155305183689664,0.1761341477627279,0.06142307280630152,-0.027870920613765237,-0.06949359081568464,-0.042762028973397696,0.11210550368338607,-0.15453077737937673,0.21051768801184287,-0.13321387330110235,-0.047036451481699965,-0.42768408684321024
0.15581509881359026,0.1288974895944773,0.08427045357531882,0.298717773583313,0.352092742553822,0.6645158860589748,0.227201202024404,0.19822721667201723,0.1916111674618816,0.20710223346893608,0.19001081364854375,0.18999327440538855,0.16056900717449624,0.26036711495620385,0.21533311452020923,0.186698202669944,0.11568395680384379,0.2593937054126205,0.05681543990471368,0.1578462943666951,0.2345692509194254,0.1963675322284419,0.19102054662645973,0.15980970592050128,0.1974681028160286,0.32057621362231653,0.14484628949016756,0.18854031842712418,0.32107541427066993,0.01907355936808719,0.14249897864903993,0.21876807757227923,0.0737366390550129,0.27403111273511216,0.1004644759071584,0.16890314650637822,0.14464470933703402,0.11308621813729575,0.0913773232845291,0.17382536525708148,0.0003291966165564836,0.20933542190396973,0.09018207715455566,0.08737090935261463,0.047185983849307285,0.15977523461653878,0.19908914660409047,-0.001423331958620779,0.06367627413563305,0.0003417525747191767,-0.22468879280401047,-0.012542835151730233,-0.06177514084393229,0.13221735933684517,-0.007396917241559642,-0.032366216271974405,0.05753630984853188,-0.024844765079372638,0.024138345849667918,0.060520534408163136
0.1809058355611174,0.1907347128454985,0.12034832607934075,0.25296895291576527,0.26278631097211547,0.227201202024404,0.40713198828232056,0.11371477334100821,0.23560715417986106,0.15105232740136545,0.16052622986325915,0.2357435578452737,0.1218762949288252,0.1556360824572172,0.1480656816210323,0.1792002484462265,0.1493644265033808,0.1977257094799836,0.01798949630465087,0.13609341115788018,0.1726955671161433,0.20239513588409966,0.22192609934264151,0.1209719166802805,0.17442266721365654,0.216269575522008,0.14240887003550698,0.11207595983393122,0.19094251359484093,0.00923897415061849,0.12384092190495047,0.15788617223138499,0.11577643733767047,0.19870556696215091,0.08870244552239323,0.12179876679950509,0.11725044411572536,0.10626714727715639,0.10528771605577215,0.13857580217506923,0.048840492584531374,0.16033809199980673,0.06076140303839905,0.047195487184134695,-0.007080270006419621,0.1484388415260092,0.08221805616465515,0.0008491781461644195,0.23870689134078377,-0.04484620450181452,-0.02910896854857976,0.03221456829908756,0.0017214102317604752,0.00879524288691175,0.14790921015955383,0.04548391819125962,-0.03284337700436429,0.06154142357217799,-0.2675098507538049,-0.04763599360475719
0.18673606670657006,0.15264173490332653,0.07447336692335484,0.19828032112099012,0.2968589840329948,0.19822721667201723,0.11371477334100821,0.7436169092838086,0.02242715088876942,0.1305235774713671,0.2607468356125606,0.18286404828115857,0.2262381336612102,0.233500727549277,0.11605845146936632,0.15330804051719274,0.2283964085610053,0.22033864913974352,0.10512477804233816,0.16947549348263896,0.1897603040065481,0.10161502407694709,0.16427845860159634,0.09661659457316896,0.11819321777245974,0.27342536037471726,0.12929528048652902,-0.13577634288983972,0.18877831512976628,0.12388052969016232,0.10949166010874416,-0.0023218097121113787,0.10407995278166808,0.13232349131879792,0.24595219052242565,0.09607473628310187,0.13560924863152973,0.048938597150554014,0.23586495714264655,0.1861672576080979,0.030957673667238613,0.16152246057861044,0.10114095604402107,0.03646275240197415,0.030747005876963295,0.08182213058113927,0.22134147350842912,0.0026253922156186326,0.10308017336621644,0.08248574875390702,0.019629724363748838,-0.026096260656573257,0.0628875965687105,-0.10060499262096992,-0.12933794129655876,-0.16010904031095355,0.0741211736625073,0.15274779001719785,0.08789893967281498,0.022852272495030877
0.06937278831720231,0.21629788707559944,0.400623126560858,0.11598745183012499,0.07573601799219402,0.1916111674618816,0.23560715417986106,0.02242715088876942,0.6214968267038836,0.14002430318948914,0.12485153728680244,0.09843308841738801,0.08269484433053437,0.09365993408603125,0.0775808530212728,0.057408939306936,0.12212023966653775,0.22466343070560976,0.02120371501392626,0.06879264062587218,0.1575110924454251,0.3060203828300536,0.27307340549738834,0.13891614131269706,0.11870894540170329,0.2028675760642363,0.10923118412551551,0.24129415938563162,0.13237621369226313,0.07024998095635974,0.12310109567324001,0.14746693607310885,0.18695761028671123,0.12842665147062232,0.09158961991889557,0.09196752794505253,0.1246277933522586,0.08591626455634924,0.1188906319329951,0.08877234430149482,0.06556395348783678,0.13524473550373825,0.05676562158231695,0.030913093304854204,-0.07739342300543052,0.05769451434786973,0.13788197429468074,0.00021007947797805723,0.42195232477251576,-0.021309396305806902,0.01536566323594775,0.0016993124206857591,0.02154141680505808,0.018362888511698594,0.13871909589253553,0.19904139247030833,-0.048049414320945845,-0.07497864333953637,-0.18439166892709946,0.06711633440830013
0.11806777489913484,0.14779060657628829,0.09779684985909923,0.20071766001197977,0.22094724684576306,0.20710223346893608,0.15105232740136545,0.1305235774713671,0.14002430318948914,0.6060469711423703,0.1763117302720124,0.17078790885320116,0.12790341712968464,0.17007837381619353,0.23715527134599776,0.14399204022108322,0.17137575074704828,0.2660779716399747,0.11978023591246145,0.12177137809520923,0.12788954966422666,0.14415516488219904,0.26658964476204206,0.1778990095109608,0.20772978310213616,0.1269333531335179,0.1456780065863037,0.15932377587778476,0.22713725359843873,0.1512031791367829,0.17141839177531246,0.1799466028846861,0.16895550392943173,0.2518167930807919,0.14076744308530362,0.18297300475745873,0.22160687831706344,0.11399267135209812,0.17732405862609807,0.2041506281956688,0.1718784996735007,0.15542256013064387,0.0165544332007233,0.07442864849799519,-0.10015922498937817,0.1600258768720222,0.28001645304914813,0.006766605616379079,0.1927594779186921,0.050287749950845825,0.05428007870575633,-0.15457060118127366,-0.038369793940907754,0.13333065230322513,0.05024316512701532,0.011020745941035174,0.009983920098700716,-0.203207827488054,0.14876661934693636,0.018402243812394015
0.11942431455842652,0.1615528621156717,0.08419385889733565,0.16664181776520925,0.21775737154372868,0.19001081364854375,0.16052622986325915,0.2607468356125606,0.12485153728680244,0.1763117302720124,0.4851793580118352,0.23418859606483475,0.177039214811789,0.1725273278484393,0.21723079943952425,0.15345534448000112,0.29314600994008694,0.1729996414347508,0.04986461182998172,0.24837882837544914,0.165125542445963,0.1342097875189044,0.21010593385864665,0.15032126218310823,0.16574418211907951,0.2298219870034511,0.16824055422682144,0.11086953714641687,0.21227809284588842,0.051178454533154685,0.12987194690521664,0.13605601257094427,0.13794360531936808,0.187411093100263,0.17932094567929405,0.0960922362701553,0.17903921383897065,0.1007956620511517,0.18842788527298204,0.12195919056631002,0.08155066862458131,0.16377757512071853,0.06132202527151431,0.03762421642679522,0.00795374978061194,0.1394504805295004,0.13120546548451384,0.007570860902823416,0.20137876168635716,0.06955704913354847,0.017113138124770586,-0.04435236978126399,0.01827607041703649,0.04426268289554513,-0.011291839798309862,-0.03435263627936116,0.024893093388684145,0.004893940518364116,0.010977050895699494,0.018065258665454012
0.1392602726696794,0.22790452909426212,0.1610939359741891,0.2216452800424716,0.2562774956505463,0.18999327440538855,0.2357435578452737,0.18286404828115857,0.09843308841738801,0.17078790885320116,0.23418859606483475,0.49886431772608275,0.14169341973296007,0.17735714909567007,0.2847681926400755,0.1703160954189116,0.25713449401064176,0.0941049550777052,0.05912375382318078,0.2387036015222971,0.15732310660530327,0.12234398199206224,0.15026963977241234,0.14032209549572489,0.22391987660330306,0.21026286316912984,0.20788867721156135,-0.016497519162976915,0.22453919945196876,0.040510330585046064,0.14898704638867655,0.204801809018164,0.09776676493957528,0.2179198459504945,0.17692514920705416,0.1903624246174033,0.07421804906630139,0.13096555452587394,0.14493830814010852,0.15370605087934375,0.06579722474040137,0.16158579795586442,0.04338944610298379,0.040931042343963234,-0.01748162928184981,0.15477687495881381,0.11320994108306555,-0.0006957817548717652,0.13282737916986898,-0.114655490489477,0.005742592768266205,0.09853164083201071,0.029554663666141824,-0.009591507161040427,0.031371000137079,-0.03287972607820269,-0.02725788458523693,-0.009081154870724355,-0.07070488497006341,-0.04272160293291621
0.1027462952247336,0.11991545230488958,0.06483695186914872,0.14630468393247031,0.18287042220877775,0.16056900717449624,0.1218762949288252,0.2262381336612102,0.08269484433053437,0.12790341712968464,0.177039214811789,0.14169341973296007,0.3007856600557432,0.15310208107559625,0.06657062362056997,0.1597008602146768,0.16580119922898015,0.12277729209084204,0.08643793474151204,0.07695027033142465,0.11887625003297173,0.13982465678124362,0.12831437504681817,0.1059442223169775,0.09612863480320874,0.14419303448375267,0.11121861163481722,0.017581987245502265,0.14914418293275353,0.05615342408045036,0.07884764392265795,0.084988656621719,0.07513165281920581,0.1280716313108135,0.14787534866135085,0.0752559217571681,0.09335032258234015,0.049225098490150096,0.14377645300906156,0.11268264332885919,0.03540708979820902,0.11285018888245944,0.05900960056851408,0.04895965440086834,-0.012833238599722971,0.09842890440532162,0.10160003487803347,0.0020357319545690096,0.10909002578755654,0.0653836895879326,-0.0030738882750457235,-0.05617838340615565,0.02816775961344347,-0.013276212486189294,-0.018598540131107955,-0.07180336434108243,0.02434881012406152,-0.08596149008946298,0.12650891951864437,0.01699455320786954
0.199464012791977,0.16035490113177617,0.06015721930012965,0.21778198601995677,0.25563242641387424,0.26036711495620385,0.1556360824572172,0.233500727549277,0.09365993408603125,0.17007837381619353,0.1725273278484393,0.17735714909567007,0.15310208107559625,0.43289145071489205,0.27544946507423307,0.19477061156305692,0.11526806011744817,0.19119799138080418,0.04895112026585491,0.14219960040626578,0.16686280501975595,0.1367333954528091,0.22715892756861167,0.13736207241862675,0.16862953916862314,0.21242342494796326,0.11348714531135826,0.1451910514874615,0.2048062624197499,0.13087144217449984,0.1156401124912053,0.09858238118679837,0.1327783792374693,0.1603359618200098,0.17365350804213822,0.1354399817874244,0.16420404287156676,0.06535533588133836,0.09753018823879997,0.0666260436172724,0.11100775844434485,0.15886724894755944,0.06781679674594578,0.057085488758383575,-0.08416548659596611,0.058264760025796974,0.21505943921212334,0.004640292134607577,0.1611746028677215,-0.022908782107180035,-0.014230175181896766,-0.021091723376373016,-0.011846837506684138,0.032960329419823645,-0.10575589235504236,-0.08336904277375551,0.00019396130396953586,0.015460523205316674,0.21260945182303523,-0.005186526125309114
0.1332962126893828,0.3462922064493828,0.2061719408356294,0.2607841992116717,0.29469877666045996,0.21533311452020923,0.1480656816210323,0.11605845146936632,0.0775808530212728,0.23715527134599776,0.21723079943952425,0.2847681926400755,0.06657062362056997,0.27544946507423307,0.8242252333955461,0.13476628737592816,0.06517788925422359,0.30783138086724343,-0.018194826815625512,0.24953410062226175,0.2161083986011666,0.07828714486165217,0.42270350693347203,0.1785064102668581,0.22632924599606996,0.21402252040194608,0.14987881709830767,0.31020962026720983,0.2538365161854845,0.16748511405624408,0.15004447580650973,0.14050862277333862,0.2181954012936735,0.2577041771198038,0.19107344428451847,0.1615923761408099,0.25257156397876873,0.08385316992299738,0.11606940167867447,0.04069192769124172,0.15608906651875332,0.21083746630138547,0.0685918001533162,0.03250022182751781,-0.0947571213398068,0.1585682921872807,0.22530612983691384,0.010394482656552222,0.173284051145669,-0.12481681896286342,0.0004923964567238165,0.12327855203529994,-0.016238760014857447,-0.004809996934412048,0.16527541050354455,0.035450497515523635,-0.1156716336833954,0.04774702359288721,-0.14365195447482798,-0.13490281203568646
0.11527040768326499,0.12843579465223634,0.03037485860360256,0.20102445523723164,0.24499355676497064,0.186698202669944,0.1792002484462265,0.15330804051719274,0.057408939306936,0.14399204022108322,0.15345534448000112,0.1703160954189116,0.1597008602146768,0.19477061156305692,0.13476628737592816,0.7138250636013245,0.14288882995391727,0.14778731034415823,0.1318056674621846,0.05872659981896987,0.19173540945547107,0.3362941881902337,0.17712511671792652,0.14530088902826724,0.07425025348763821,0.1316980211399462,0.16094228142662262,0.11251732130286897,0.13487161625636368,0.09982760115779167,0.10766204680559474,0.16547926125997064,0.06028857584668145,0.22170419540987776,0.2615941364732537,0.09333702319529948,0.13860674903680242,0.09884634406903386,0.13683981511241405,0.19827141631727674,0.10139379598139549,0.1972367878085668,0.14385038061978128,0.0802798471434748,0.003156435825621912,0.07402808359851083,0.1800872491209809,0.004966134433787403,0.11890173239979791,-0.2733140501486322,-0.11934898392261745,0.10336134498450629,0.12148216532670901,-0.016987030756316964,-0.036584644493606294,-0.09212350607608415,0.005793605184636412,-0.05276749012376116,0.16452719251704315,-0.04275734459285088
0.10391838260818102,0.14861642664408348,0.23681006277991815,0.11701783206923012,0.11164079597300725,0.11568395680384379,0.1493644265033808,0.2283964085610053,0.12212023966653775,0.17137575074704828,0.29314600994008694,0.25713449401064176,0.16580119922898015,0.11526806011744817,0.06517788925422359,0.14288882995391727,1.0495560836550457,-0.02568137205266022,0.08806654943761567,0.4573542539204223,0.08332327841852791,0.14586311171978206,0.10864824258644912,0.18063428374635007,0.4998827698540035,0.16516190398301217,0.2113164737492846,0.12443561896487937,0.2890624793607797,0.03492586577962775,0.17245155198866668,0.11054661838049544,0.17311793010412274,0.15812500101388732,0.19578736946754832,0.08157971327305072,0.34425763227877615,0.19311261035816046,0.17827633629690026,0.06167847971021389,0.10011665971932199,0.1308652587817574,0.12321309374590103,0.02449790475190998,0.1308912264256214,0.16874283164428105,0.043315123843926225,0.004219257563230421,0.1718037396533042,0.4811748820297033,0.15906113832869628,-0.20552485812847066,-0.1556642864447407,-0.022903661650434382,0.010783198121876099,-0.1718275331334505,0.06430038453940454,-0.08177737144171036,0.24692990680378596,-0.019056668273261405
0.14540960854006868,0.3019082693051331,0.15549805045829523,0.2850408584833765,0.3524859900992539,0.2593937054126205,0.1977257094799836,0.22033864913974352,0.22466343070560976,0.2660779716399747,0.1729996414347508,0.0941049550777052,0.12277729209084204,0.19119799138080418,0.30783138086724343,0.14778731034415823,-0.02568137205266022,0.6768348129812749,0.029317141652906113,-0.0023268608461658384,0.25614803223716,0.19095337936189738,0.47731176361533584,0.1228480637872185,0.18131176394765625,0.30439967565736586,0.03177342444916204,0.23867658542579193,0.23788252203925223,0.08797799314714773,0.1715947303614326,0.04185981785507137,0.20758763877049846,0.2233736534738335,0.12411326382902198,0.1493319795979005,0.22499838756408033,0.06558209270872664,0.08398131940257221,0.23386129648341988,0.15168271930977784,0.2225761319318145,0.08293101518276454,0.04288331586523807,-0.11298815147525061,0.1630027018205312,0.3631611964441524,0.008563742563494077,0.19006993626181184,0.10980079593047846,0.1443868776694531,-0.15776647917426195,-0.12851341555706025,-0.03439438155773668,0.1696123835823299,0.03358656489564079,-0.00843143803094461,0.09343996976702935,-0.26449317268066036,-0.14261315440425057
0.02517601985881263,0.019694310327259486,0.12717556271427868,-0.06258080709573363,-0.05015352230545234,0.05681543990471368,0.01798949630465087,0.10512477804233816,0.02120371501392626,0.11978023591246145,0.04986461182998172,0.05912375382318078,0.08643793474151204,0.04895112026585491,-0.018194826815625512,0.1318056674621846,0.08806654943761567,0.029317141652906113,0.9853930162996943,-0.021744783503700956,0.11051986246791304,0.1072447136567529,-0.18613607164200846,0.06853493685794156,0.06168268848330351,-0.09696879717720316,0.034178589034077986,0.032330029497640245,0.057585749630046444,0.1204969188126241,0.13247517960856606,0.11506363144742686,0.062173621807181896,0.06098105649417303,0.03758903642314254,0.1762513417385761,0.16625724321552648,0.180846153784656,0.20737025305202325,-0.015817127591300936,0.06380652793036531,0.07230877150103544,0.06442075638388559,0.011921545363692387,0.1915021080854172,0.17183644301807494,0.09454212409685125,0.006828227706815436,-0.28706739476299953,0.31946884453196683,-0.030657558246760204,-0.05043440466275056,-0.10616999721197536,-0.029537520643051714,-0.08688121225432359,0.0362434707444869,0.06120070852983665,-0.02362587632042285,0.04040847504089436,0.1208452584890055
0.12350001240661602,0.33104960196192884,0.24673822039086046,0.09800005554949591,0.08000065539382148,0.1578462943666951,0.13609341115788018,0.16947549348263896,0.06879264062587218,0.12177137809520923,0.24837882837544914,0.2387036015222971,0.07695027033142465,0.14219960040626578,0.24953410062226175,0.05872659981896987,0.4573542539204223,-0.0023268608461658384,-0.021744783503700956,1.3968065448626106,0.11428707163517031,0.03684581201474961,0.13258558946009877,0.19766610004755414,0.5228138483014304,0.36183373992030526,0.3310369937780129,0.2978690449069556,0.34183404096670655,0.23464981218466158,0.20608189203204158,0.1049566117100754,0.2818405785907615,0.15926649387644734,0.277239061588026,0.0993758199815424,0.5477838933721391,0.174167301651714,0.17953696704376343,0.22269229121814232,0.23822521233386285,0.2321144359059917,0.2729605196868429,0.024647316622253775,0.16063464590157875,0.2037561236246744,0.12823700482630693,0.027897681549580482,0.522025560198691,-0.24287326101748494,0.012781427814577476,0.06764930941801932,0.0979092310582813,0.010343266923230973,0.0668549515218591,-0.025080797638727708,0.013158586630836133,-0.06683235843835766,0.05017435799119649,0.011564700561555001
0.09588208526345905,0.2617311766727296,0.17154441429031408,0.18040626712528132,0.2250245436664144,0.2345692509194254,0.1726955671161433,0.1897603040065481,0.1575110924454251,0.12788954966422666,0.165125542445963,0.15732310660530327,0.11887625003297173,0.16686280501975595,0.2161083986011666,0.19173540945547107,0.08332327841852791,0.25614803223716,0.11051986246791304,0.11428707163517031,0.8153746605148847,0.17411024988104193,0.14675294175836814,0.11758714859597495,0.21799159930139136,0.3536497001996483,0.09401053743304634,0.2542469786783079,0.18006384025184474,0.14086972753512078,0.21182705742230706,0.12456926869233388,0.12551023140237774,0.3002924585389865,0.3590133022642234,0.19594020907072135,0.17095457590004182,0.26157250587825837,-0.038781697815206004,0.2507923798222199,0.22687304462633745,0.5428022598989687,0.07568880425489972,0.03882469502256762,0.11251464847383584,0.16506039270164655,0.19600361379658607,-0.0007312738190771091,0.06012825360004486,-0.07136688592261242,-0.05957801116669626,-0.05912434131245803,0.08307221607172159,-0.015356063078481724,0.05185650737709059,-0.041193897982855034,0.02987865878900678,-0.02818965087848824,-0.008067799007442379,-0.03053950908487117
0.09376676388576187,0.14385317499754477,0.21344325672578124,0.15457000020154404,0.15570710770938576,0.1963675322284419,0.20239513588409966,0.10161502407694709,0.3060203828300536,0.14415516488219904,0.1342097875189044,0.12234398199206224,0.13982465678124362,0.1367333954528091,0.07828714486165217,0.3362941881902337,0.14586311171978206,0.19095337936189738,0.1072447136567529,0.03684581201474961,0.17411024988104193,0.5554557109318322,0.26002300739334755,0.1320543196496528,0.13593949624979026,0.15935294945963782,0.11592109964100263,0.14242921384122195,0.1284509356794662,0.08012852807411373,0.09645962052445659,0.13100525262742863,0.1201194523033929,0.17746840301538716,0.18894127217645207,0.05182279641356635,0.13787766064086954,0.06784251513899184,0.12597876400398073,0.10841571744466943,0.05621881603845471,0.15700643528198407,0.10606127191847908,0.05279681900677328,-0.041267922066596324,0.07699565031685879,0.15252024737032585,0.00538662332029761,0.27211837426256363,-0.1364701810837191,-0.05623693555757272,-0.0030254789696835096,0.0791073640776704,-0.018517326522009773,0.058771332612063625,0.037805473836371305,-0.0017256319541851862,-0.07266194222948087,-0.015680862702947232,0.009235659444115902
0.11747450399834065,-0.07544634788482106,0.11108239030293583,0.3027134053536635,0.3295127846104592,0.19102054662645973,0.22192609934264151,0.16427845860159634,0.27307340549738834,0.26658964476204206,0.21010593385864665,0.15026963977241234,0.12831437504681817,0.22715892756861167,0.42270350693347203,0.17712511671792652,0.10864824258644912,0.47731176361533584,-0.18613607164200846,0.13258558946009877,0.14675294175836814,0.26002300739334755,1.640481005065302,0.3080248280113323,0.21198998906464028,0.03632679974934185,0.09158893852133072,0.22969860010512366,0.3676607404944331,0.26612636830853453,-0.09776251247402064,0.014698716461907334,0.3736116303224632,0.2771678507881954,0.2947694708678346,-0.08606852735684653,0.4431756529231483,-0.1434574334765427,0.34814669813749716,-0.013231034594247409,-0.011268271571443863,0.1531453819507583,0.1075346194779245,0.06648878600082855,-0.21612971339266704,0.16327650821273182,0.34108189228572444,0.03599024416212981,0.4545447087147895,0.15808591470105826,-0.1067207545424938,0.0292477285290051,0.09129317905101862,0.008388534954608933,0.1892511332684562,0.0676400501837268,-0.09139146137378615,-0.09891609306678383,-0.0503681432759408,-0.0757356299687086
0.03041398733788577,0.09655892481812627,0.1610516096742882,0.1446879793275676,0.1576573462340549,0.15980970592050128,0.1209719166802805,0.09661659457316896,0.13891614131269706,0.1778990095109608,0.15032126218310823,0.14032209549572489,0.1059442223169775,0.13736207241862675,0.1785064102668581,0.14530088902826724,0.18063428374635007,0.1228480637872185,0.06853493685794156,0.19766610004755414,0.11758714859597495,0.1320543196496528,0.3080248280113323,0.5583703889264412,0.16781724166091347,0.09516427012526689,0.18844610941723094,0.21659279860894437,0.22085690470388933,0.28442823218387403,0.20225891639825713,0.39646778223435564,0.3249497815807344,0.19623659436301885,0.1842234114293979,0.2385567745118843,0.16622064910077056,0.20812825467431637,0.18904038249166263,0.008915519104953891,0.12844483350249813,0.15642185933654798,0.08663692582001235,0.0852464974235421,-0.10396865464004607,0.0411581861296538,0.21340763558514844,-0.0075916311363193704,0.19785393771994206,0.0028277759964387135,-0.06288550984556196,0.03791366248878678,0.10347707658212575,-0.004748822745043576,0.057126583890350364,-0.0011964101901089067,0.020572468492594583,-0.363917475650868,0.3014651049746911,0.02179387668244156
0.15943380343397753,0.3465585998555617,0.26127955421787047,0.1525497319746948,0.13092447438478474,0.1974681028160286,0.17442266721365654,0.11819321777245974,0.11870894540170329,0.20772978310213616,0.16574418211907951,0.22391987660330306,0.09612863480320874,0.16862953916862314,0.22632924599606996,0.07425025348763821,0.4998827698540035,0.18131176394765625,0.06168268848330351,0.5228138483014304,0.21799159930139136,0.13593949624979026,0.21198998906464028,0.16781724166091347,2.847303662582437,0.1175427314201247,0.13788608025141733,0.14201075013858921,0.6712897986813517,0.1938374755276774,0.5091963092911088,0.2032863204464828,0.12483564993957202,0.31206605637660273,0.3281234806316792,0.4619207237593072,0.024248229430762377,0.1372022800701555,0.2435345173601948,0.5888136537824813,0.17382539524119933,0.23827811914827923,0.052499778748431425,-0.05680194435640111,0.007185748848852116,0.27672127939244645,0.13735996031461378,-0.034727322042350725,0.3334331256561259,-0.5833574260232224,0.20852368710003838,-0.0008687652209769783,0.23886840233596746,0.04933498622029005,0.04674981530516635,-0.05589226566668954,-0.027188889550758103,-0.0035236036214135722,0.08213991259607076,0.03916055170668883
0.1941156589942419,0.26659183264375447,0.15863748908203773,0.24477886832497842,0.32374261447050356,0.32057621362231653,0.216269575522008,0.27342536037471726,0.2028675760642363,0.1269333531335179,0.2298219870034511,0.21026286316912984,0.14419303448375267,0.21242342494796326,0.21402252040194608,0.1316980211399462,0.16516190398301217,0.30439967565736586,-0.09696879717720316,0.36183373992030526,0.3536497001996483,0.15935294945963782,0.03632679974934185,0.09516427012526689,0.1175427314201247,1.6995517125082586,0.18081006138833913,0.3094633001390293,0.011168042579070137,-0.14916653128702592,0.1714518116018919,0.011217272040330972,0.2853738322784673,0.13387179867577279,0.1423753324531097,0.18669870788074824,-0.18478928643544165,0.19392789967556615,-0.6599107067090701,0.02811281298996654,0.288307740271672,0.3466790759711579,0.3584769281296784,0.026056562269623895,-0.3619941416013863,0.10231044336213962,0.04343563180340122,0.009497484449666648,0.12815935067440812,0.2817536518920595,-0.1446004141284675,-0.3145774686827459,-0.21202278748643705,-0.07668866425862039,0.11079531851672764,-0.1273607833410165,0.12300848671288704,-0.0895631075322786,-0.005681907698475621,-0.2048690445060615
0.08051648749684212,0.22559696335314355,0.12396898594898606,0.11727167375513355,0.13124682612297017,0.14484628949016756,0.14240887003550698,0.12929528048652902,0.10923118412551551,0.1456780065863037,0.16824055422682144,0.20788867721156135,0.11121861163481722,0.11348714531135826,0.14987881709830767,0.16094228142662262,0.2113164737492846,0.03177342444916204,0.034178589034077986,0.3310369937780129,0.09401053743304634,0.11592109964100263,0.09158893852133072,0.18844610941723094,0.13788608025141733,0.18081006138833913,0.62733244610859,0.15393520353500395,0.11002070643448351,0.07714942826655304,0.1824149172462578,0.37466465276169564,0.1577056056363974,0.18571197736917247,0.11244675474989825,0.20671825610086939,0.12943674891841978,0.20859109208353144,0.124612593225102,0.03771543989943792,0.19764920411631623,0.14416402705475584,0.2549089276500472,0.08006843272060132,-0.03694524218689019,0.14267086091316597,0.06409403343704223,0.003787373943949402,0.23096924872283944,-0.12922295085319785,-0.010930206564895146,0.08726673968446207,0.11198584355826774,0.028647647993705675,0.008648552637586453,0.02772977327870737,0.0011165213573404277,-0.02833476377494376,0.002042374719522171,0.050609626863775306
0.08437559631855245,0.2195320401007026,0.16375638088258224,0.13032560460939416,0.12622553867158462,0.18854031842712418,0.11207595983393122,-0.13577634288983972,0.24129415938563162,0.15932377587778476,0.11086953714641687,-0.016497519162976915,0.017581987245502265,0.1451910514874615,0.31020962026720983,0.11251732130286897,0.12443561896487937,0.23867658542579193,0.032330029497640245,0.2978690449069556,0.2542469786783079,0.14242921384122195,0.22969860010512366,0.21659279860894437,0.14201075013858921,0.3094633001390293,0.15393520353500395,3.16361334305996,-0.34862873681955686,-0.00504938230028459,0.2598844929575148,0.15834216846360513,0.6546680120893099,-0.014773292923712527,-0.2055217739501252,0.08648786414643227,0.5540457315457842,0.239953961220339,-0.12956986161791856,-0.39162194300105113,0.5735675726939347,0.2648310906806246,0.18967964243898344,0.0469513635200061,-0.23668759774185585,-0.1901046880010547,0.0897130219455249,0.03582679468534243,0.3984674643322637,-0.08428003205279992,-0.07591667443928611,0.26150771953386587,-0.1187554824830079,-0.01676158882476586,0.10063619826089702,0.18012229545828856,-0.081175790760727,-0.0639035333094095,-0.009817415730985034,-0.0925718506447781
0.08063318673553063,0.3063760160962623,0.2169315882698897,0.22670716794096846,0.22512311050562325,0.32107541427066993,0.19094251359484093,0.18877831512976628,0.13237621369226313,0.22713725359843873,0.21227809284588842,0.22453919945196876,0.14914418293275353,0.2048062624197499,0.2538365161854845,0.13487161625636368,0.2890624793607797,0.23788252203925223,0.057585749630046444,0.34183404096670655,0.18006384025184474,0.1284509356794662,0.3676607404944331,0.22085690470388933,0.6712897986813517,0.011168042579070137,0.11002070643448351,-0.34862873681955686,2.0143742520945227,0.15085691691540679,0.08042621196504664,0.4019861642986344,0.06619768210647867,0.4551832192455183,0.2866971484434618,0.35397478156178375,-0.1277589869519357,0.0032996352582138466,0.3207233489115778,0.06853913194549195,0.11361648863187042,0.17134188963329636,-0.1962327034457178,-0.14256942930352917,-0.25241687987893585,0.44089579607774626,0.1538205676127222,-0.03483212785868305,0.3460065849968159,0.4339967916985797,-0.416852632578306,-0.1830556234257086,-0.034852010139840926,0.10061071926175649,0.02889881988192235,-0.04702886398761515,-0.045322367577528964,-0.02756590057714484,0.09916346880764298,-0.04567591742305371
0.21391996655865117,0.1278030906946287,0.249569858319622,0.0169975443230859,-0.12025839764684507,0.01907355936808719,0.00923897415061849,0.12388052969016232,0.07024998095635974,0.1512031791367829,0.051178454533154685,0.040510330585046064,0.05615342408045036,0.13087144217449984,0.16748511405624408,0.09982760115779167,0.03492586577962775,0.08797799314714773,0.1204969188126241,0.23464981218466158,0.14086972753512078,0.08012852807411373,0.26612636830853453,0.28442823218387403,0.1938374755276774,-0.14916653128702592,0.07714942826655304,-0.00504938230028459,0.15085691691540679,2.4994360081561777,0.12259433387865303,-0.2121053165093534,0.3861407318539074,-0.489010277247119,0.6940010034021794,0.2933566179329297,0.2887159696078868,0.1632581965992673,0.46635555648073485,0.27143327386252675,0.4297422041295747,0.16395463541252175,0.9455744568506248,0.2302186802172488,0.1589167889633361,-0.4103697244531771,1.1434240821037505,0.0003080462297604559,0.38746655156344784,-0.16561759566118509,-0.11538358535853573,-0.12227963777240558,0.1758518013028545,0.0409633857485695,0.25869679564346243,-0.07552041274484607,-0.09076473834087202,0.05903092545378529,-0.09650368291235177,0.010196453095139068
0.08993066080601321,0.25527324204539525,0.1458029952888268,0.12662822413267474,0.1814112539513284,0.14249897864903993,0.12384092190495047,0.10949166010874416,0.12310109567324001,0.17141839177531246,0.12987194690521664,0.14898704638867655,0.07884764392265795,0.1156401124912053,0.15004447580650973,0.10766204680559474,0.17245155198866668,0.1715947303614326,0.13247517960856606,0.20608189203204158,0.21182705742230706,0.09645962052445659,-0.09776251247402064,0.20225891639825713,0.5091963092911088,0.1714518116018919,0.1824149172462578,0.2598844929575148,0.08042621196504664,0.12259433387865303,0.9711898561441987,0.3717508887196831,0.208205350654498,0.16343090269247842,0.04521884261402439,0.7161532159599822,0.07728239016632825,0.4537917002597267,0.16355969234666842,0.2555494730256572,0.3673851330302075,0.22951889375637521,-0.06942328768792577,0.11793921998529126,-0.023451506738118834,0.19524043219196466,0.19509520726656043,-0.02851800366842143,-0.08618076015117748,-0.052490853025874785,0.12292984958732599,0.03942663832589943,0.00013521023200401022,-0.0005293832418579956,0.04624807288891473,0.0030814341918969025,0.04624153312828144,-0.10089958078882301,0.027211321685615155,-0.016154799428812795
-0.11481314377922829,0.11318464073193023,-0.050914215065630104,0.17922013376658646,0.2696120276571297,0.21876807757227923,0.15788617223138499,-0.0023218097121113787,0.14746693607310885,0.1799466028846861,0.13605601257094427,0.204801809018164,0.084988656621719,0.09858238118679837,0.14050862277333862,0.16547926125997064,0.11054661838049544,0.04185981785507137,0.11506363144742686,0.1049566117100754,0.12456926869233388,0.13100525262742863,0.014698716461907334,0.39646778223435564,0.2032863204464828,0.011217272040330972,0.37466465276169564,0.15834216846360513,0.4019861642986344,-0.2121053165093534,0.3717508887196831,2.1554557527139258,-0.22938217130717253,0.781109961519441,-0.1343926614328056,0.5009350440830755,-0.4287860358934353,0.6494507619769112,0.3396225872966268,0.01318878711438201,0.48566566654367477,0.16872865869674292,-0.12354329380325843,0.10317648755474207,-0.32061157581467714,0.169562585858653,-0.07717065999650921,-0.01629456775728485,0.46579531733558305,-0.09755266227218465,0.23575872079136,0.0866923441496706,0.21382895851110012,0.08517495421715056,-0.16763881499429953,0.23611556204369485,-0.12306180563121934,-0.2343556823685392,0.2479025597651236,0.1994337009260218
0.1507591437756185,0.1847179812860729,0.22826959483747625,0.15142959892396954,0.12419286729426192,0.0737366390550129,0.11577643733767047,0.10407995278166808,0.18695761028671123,0.16895550392943173,0.13794360531936808,0.09776676493957528,0.07513165281920581,0.1327783792374693,0.2181954012936735,0.06028857584668145,0.17311793010412274,0.20758763877049846,0.062173621807181896,0.2818405785907615,0.12551023140237774,0.1201194523033929,0.3736116303224632,0.3249497815807344,0.12483564993957202,0.2853738322784673,0.1577056056363974,0.6546680120893099,0.06619768210647867,0.3861407318539074,0.208205350654498,-0.22938217130717253,1.5075082091895569,-0.23094754943535753,-0.26058647680965374,0.13612076965186723,0.5566733139840064,0.21562240274170388,0.021462218765959558,-0.008190635788036497,-0.2097911189507177,0.19850538190937242,0.3261687672613324,0.13565834714567496,-0.1817307450216079,-0.18796234534140668,0.40484650428179964,-0.026522808490179968,0.3831332610622472,0.196730186959206,-0.23710055427109208,0.009734474533919513,-0.06406644480591732,-0.11366761831812792,0.17802275810607787,0.02713410473278276,-0.09835050203423927,-0.12781400626631922,0.0602063622093398,-0.15940174189613304
