1.1566046134942733,0.47575960381669935,0.8090236570194109,0.12053088135277494,0.06559741139143638,0.2452232180368241,0.333476207275193,0.14505085008312713,0.3000614621541484,0.24019005102985022,0.2532567613101177,0.29270348771020965,0.24050105647537653,0.2498434087356338,0.2507862541065411,0.22228369709462378,0.1528933774760801,0.30182274308546325,0.1376181431080641,0.07770610419102787,0.2713689948753749,0.2543061154195233,0.21704144472813908,0.18264907313146753,0.41399063426329413,0.22618583993038752,0.2292283872326971,0.17099452823004088,0.42605838514881006,-0.15339223066389338,0.23860070004147424,0.24083633095073398,0.10045007074492902,0.40618733437771615,0.2413812664244947,0.3049122467584671,0.041878113737543354,0.055580432794131183,0.17067077537233033,0.08668266447125589,0.2760192438887072,0.1610007432949152,0.1313942191730006,0.048528821822028514,0.37900414562460893,0.137919944468035,0.10084089701246488,-0.027658431995061777,0.04338226234268214
0.47575960381669935,1.9502823961739906,1.567405471382887,0.16011891238029521,0.06306401341263877,0.551552463906127,0.3455457382861927,0.49265020913413093,0.46107803370021433,0.5070868373478378,0.4777166430519794,0.4204594785625282,0.41882323909727165,0.3080371236371418,0.4513639860675375,0.3276637056571556,0.4506894585170923,0.6367357181378425,0.2570905115318684,0.5907884704520184,0.5212268141763587,0.37880660628162893,0.26390822120873153,0.25148170480474136,0.7186558345086904,0.5240891064345086,0.756753570166591,0.4947266582918653,0.780003269157741,-0.19176292391734587,0.5084887485280807,0.4137494718858985,0.3352414304144328,0.7542645724836059,0.575434288744869,0.48347351315333764,0.5137519042057777,0.2948067681610895,0.34716511393749416,0.2733589607163926,0.6469070523445577,0.4181423844391832,0.6309215243357726,0.05292188389176621,1.2142535424997258,0.20821220883186153,0.3254519020259791,0.015278216335223516,0.007098684551003008
0.8090236570194109,1.567405471382887,2.997993646292855,0.24794084749344192,-0.033569701263037065,0.8026002867067255,0.5679851395024661,0.7116392432056836,0.740848259545245,0.8153899676649364,0.7319800615805986,0.6569744904358411,0.6540915981309844,0.4909583890946321,0.6837557158539365,0.4792631677765207,0.5849911705727007,0.7149031513360261,0.4208296058715562,0.4626741362463238,0.6539809319421287,0.5684982342278639,0.3439547640073689,0.38855387569166033,0.8626748354460944,0.7281392740489472,0.8751804283687191,0.5431907223380977,1.0152672472321513,-0.6007634707157999,0.624679511181935,0.588885639508693,0.2706826676706281,1.1792607059092322,0.7526733321465394,0.730533367731283,0.32704742262258063,0.23866579205559768,0.44688525368206766,0.17897689452531979,0.7991667382059777,0.5031801759421206,0.556164013423762,0.14155558237145727,1.3455943489434758,0.44793255447185787,0.2684896052586114,-0.038927685522797906,-0.22932794677679808
0.12053088135277494,0.16011891238029521,0.24794084749344192,1.5768386950934177,0.6453535119644589,0.4340093675190053,0.5221037716396394,0.43419916405483044,0.2627447022858641,0.24572669594511146,0.35270779061417357,0.4319124999619534,0.4101026781741623,0.4606001660261547,0.29502582245996306,0.4719116006713984,0.32904706912804993,0.23673665140971623,0.36780950021542586,0.230822962960915,0.29174547530675565,0.33849000495288106,0.17390726300303175,0.24158796081054792,0.21950046779575208,0.3811837762149941,0.2991089032585004,0.16122819857922124,0.31620310271970836,0.061068553314407574,0.2619086669568773,0.38662564067674915,0.22211576575577494,0.2417214180147661,0.009032124308165482,0.423014124462697,0.13772439775796602,0.15078220608400597,0.30754049265307914,0.16177032849378456,0.24375952609614582,0.25363937278148446,-0.03346470560018398,0.05781858615784995,0.29360080885815243,-0.0022153564126791802,0.22140692264817707,-0.0132137910848369,0.1549142692656296
0.06559741139143638,0.06306401341263877,-0.033569701263037065,0.6453535119644589,1.5540856867903923,0.3769979653919643,0.38775388953499684,0.3104593131219933,0.1560395082878717,0.1412354996661767,0.27502347936061494,0.3743028671002821,0.34620884570048993,0.3362214146357909,0.27928884089081873,0.44079038168626855,0.2614890075878291,0.16914674502688537,0.6006888457467462,0.19994733395869538,0.2034219199655228,0.28331805532803006,0.11945909303255572,0.22178121109608645,0.04273876214075553,0.2759819970669672,0.1978875375383909,0.10491177341500289,0.14077564404652051,0.21410467224649898,0.24525264591646154,0.3231969855277385,0.2610068018635366,-0.04850529622947179,-0.148807740534126,0.3901957016894613,0.27329647013062847,0.16140811843481873,0.3277967418389325,0.1217444311297645,0.11865678251917518,0.2497621608896387,-0.3033184421599079,0.04453640790773782,0.025920172676124915,-0.04974418122415239,0.20825809584683816,0.015009767277675489,0.3033281663686894
0.2452232180368241,0.551552463906127,0.8026002867067255,0.4340093675190053,0.3769979653919643,1.0260725416332865,0.25898302772095316,0.44181317251405344,0.3752769365938302,0.19033069319861953,0.4270432460046804,0.4554116966585761,0.3926394227502523,0.33980690588291346,0.352057937890392,0.3532567323627837,0.3580545247229352,0.3296799184996673,0.5538570357500878,0.42458633317539346,0.35086818816496795,0.3365727963380832,0.1603791836492549,0.2504185093772449,0.4294224847100839,0.45193938485535184,0.377760925412916,0.24190352894069372,0.5808606421662282,-0.12554013870461656,0.3133911139431004,0.3837297370817465,0.05383317978003289,0.5223939577848012,0.36260038964895147,0.3120064883360559,0.2105327360659329,0.23237213728600772,0.3920219464907051,0.23814463275128228,0.2411483737211308,0.2794237138875889,0.3922845089445697,0.09690264909311964,0.6648141303829805,0.07210303687844315,0.2822886545903127,0.016568264076432374,0.2531412838050899
0.333476207275193,0.3455457382861927,0.5679851395024661,0.5221037716396394,0.38775388953499684,0.25898302772095316,0.9505252677690611,0.32105610961547654,0.3796428504225633,0.3505253350473955,0.4325404586497507,0.5360262919541616,0.4607926779121641,0.40889320855533834,0.35276709011343504,0.4642176221489091,0.3688152086177883,0.32332263540605405,0.22160684750820292,0.10805792455264375,0.3266509871212234,0.3969697159510021,0.23296801828553898,0.24037769441675172,0.3335409677559506,0.41444849418479784,0.3734589264099423,0.2686152806146663,0.3863614547530717,-0.02072024373729517,0.30447020404513697,0.42224453906130494,0.23262348324405058,0.40535182313598683,0.28664994338088995,0.4796640020369552,0.04123628514031156,0.08211518582849249,0.2848941840682222,0.1480754173995675,0.33852805115478213,0.29562070049178296,-0.07405792552695689,0.041533399108936164,0.3008338345069054,0.06022184946430274,0.09844792787692389,-0.028898766915233305,0.30598961006356856
0.14505085008312713,0.49265020913413093,0.7116392432056836,0.43419916405483044,0.3104593131219933,0.44181317251405344,0.32105610961547654,0.9692436671343684,0.19267175079781673,0.39691219488795143,0.40691873893768793,0.20102875713472088,0.4764535747877925,0.39467512611344785,0.30460925197398814,0.3638776690030309,0.45760940769429,0.3131236061366394,0.32279139947460744,0.4572852429119698,0.32650267396699084,0.3082980266223998,0.1464577392405539,0.21318650266354722,0.32831342456821777,0.4342151831656194,0.4546182353440527,0.27952177937010003,0.44864457297214266,0.03190370388783071,0.3053393501487908,0.3289109374778258,0.16925707464786835,0.4838781550066333,0.4192152660382025,0.24390066984459707,0.32071946672775486,0.23284357640489792,0.4725819823818221,0.22500595930915906,0.46556653919062013,0.29530159235769904,0.38614969963541906,0.06041883411402818,0.6822253443183977,0.0251772529884899,0.3501232414588237,0.027926057391347205,0.347783827861846
0.3000614621541484,0.46107803370021433,0.740848259545245,0.2627447022858641,0.1560395082878717,0.3752769365938302,0.3796428504225633,0.19267175079781673,1.320413852070897,0.21761063345087978,0.3111308744139725,0.34132809609718073,0.33548322853144114,0.3391097297989085,0.49648807671538103,0.20017183661600957,0.26066881729557495,0.2945349019627922,0.1908531512238165,0.2943889411097831,0.3538311382250426,0.5239728214132849,0.2257886604521467,0.26980628341017465,0.41174612308605346,0.6021248965037729,0.4486312501661145,0.38805605070911325,0.34528681397398453,-0.03840110918832254,0.3270725484638477,0.39648678840248386,0.3480726463581329,0.6034800581293154,0.349539384431332,0.38884746902155715,0.21814164373279776,0.1681642739981945,0.21393999965600063,0.17551433066860278,0.3720344630533504,0.32606712647727026,0.16385244526096693,0.06134413539131939,0.5896616363318029,0.1358167266513908,0.1713081592970106,-0.03892569183526167,0.2682030780139681
0.24019005102985022,0.5070868373478378,0.8153899676649364,0.24572669594511146,0.1412354996661767,0.19033069319861953,0.3505253350473955,0.39691219488795143,0.21761063345087978,0.9340835737492996,0.2661801503660228,0.28606045837087285,0.3916570851072302,0.3252847471043715,0.33812879038127275,0.3243805965015708,0.3705146110292479,0.41283383932525614,0.11250985939292565,0.20054795128584368,0.26096156334498033,0.30525668454989013,0.2646040390345201,0.2237020895981639,0.3698461988461862,0.3019192321393098,0.4876567815110359,0.33852941534769804,0.4492651557253486,0.08104042924762427,0.33172920801537736,0.2962549183800868,0.24034444322562618,0.5428180117078307,0.4091889035814597,0.4166473853633831,0.24866690230114097,0.11610085187044733,0.30251191976274805,0.13636384440420693,0.5295668905057191,0.2652262690533435,0.2199696630190118,0.03974747596827656,0.4590518297437747,0.11956583626005408,0.3481909082535158,-8.913290950258452e-5,0.20621467913039165
0.2532567613101177,0.4777166430519794,0.7319800615805986,0.35270779061417357,0.27502347936061494,0.4270432460046804,0.4325404586497507,0.40691873893768793,0.3111308744139725,0.2661801503660228,0.6833001145361484,0.4328355670861092,0.4165378329576183,0.3219591809813206,0.4885026966101926,0.40358712545978365,0.4730023021697895,0.31986476211317755,0.26275769734535576,0.3809452469226059,0.379522810024807,0.3312043607965072,0.18643185886106836,0.2671086922706981,0.43110590476430816,0.4353778525480509,0.3914916369028599,0.35411531357653453,0.504842033831011,-0.02667150611939012,0.34719559457226945,0.3864355320970337,0.21920482762659527,0.48194491861075583,0.42862072426126185,0.3646994272764868,0.20350652795934127,0.19987027707430277,0.36124682629580535,0.22102262453311838,0.41635163776565814,0.3466081464061425,0.23277778732477705,0.05932408184583995,0.5996429491978008,0.09470566529207215,0.23853965739863434,0.003851427744599893,0.14062624323358994
0.29270348771020965,0.4204594785625282,0.6569744904358411,0.4319124999619534,0.3743028671002821,0.4554116966585761,0.5360262919541616,0.20102875713472088,0.34132809609718073,0.28606045837087285,0.4328355670861092,0.7731214295870233,0.38296122404997335,0.311595258692246,0.362089454254246,0.3943091043393656,0.29968910888989114,0.3789512408392519,0.2885451844015547,0.14250112743052543,0.314852525834309,0.33050011209267793,0.26219602820459265,0.2452385503932472,0.3977660399931243,0.4270975606556641,0.33805629702707896,0.19664214488170198,0.45392645993097874,-0.12108717796045806,0.31963698798645723,0.434608810912805,0.15551204811871708,0.4431367186383841,0.25593508946306,0.5200950761152844,-0.025187644258184254,0.09831014482220538,0.272066270346945,0.16787024069661752,0.296569463344659,0.25680117404434044,0.0440118906793473,0.04838637252337229,0.3714902026256924,0.05739836971940119,0.1601704012536563,-0.015413526919053141,0.1901316663335322
0.24050105647537653,0.41882323909727165,0.6540915981309844,0.4101026781741623,0.34620884570048993,0.3926394227502523,0.4607926779121641,0.4764535747877925,0.33548322853144114,0.3916570851072302,0.4165378329576183,0.38296122404997335,0.7216286135689525,0.39526700467219744,0.29883904463337346,0.4396907363768361,0.38537241246714316,0.33119787965491293,0.3000658482898155,0.23958066211452578,0.3576079258312498,0.41416080957815926,0.2298833403716923,0.2519277314496254,0.36483151230822797,0.408664708966602,0.3996425544414104,0.30668023812302264,0.4803246439022494,0.03724012030716662,0.298687358101422,0.43816800652650434,0.22045619427719937,0.4781200458628871,0.3804402202696482,0.35041568930582184,0.14569117808390675,0.14018413517181932,0.39739366063249776,0.1866233619242691,0.41911869352775033,0.29226728999131574,0.15899401669350013,0.06786863833096471,0.3997043348512752,0.06788760088790372,0.27791091539888013,-0.008697388937760996,0.4314450335940929
0.2498434087356338,0.3080371236371418,0.4909583890946321,0.4606001660261547,0.3362214146357909,0.33980690588291346,0.40889320855533834,0.39467512611344785,0.3391097297989085,0.3252847471043715,0.3219591809813206,0.311595258692246,0.39526700467219744,0.7408225155861105,0.3361251564770519,0.5319622904164506,0.3761141173003202,0.2575852824493205,0.2877495764086568,0.2680426981632002,0.30476220556517786,0.4086432426673396,0.2142721849176384,0.26252059641071246,0.33124112462610256,0.3942238336696265,0.3372706786967661,0.3545296716424718,0.39820979538767637,0.19170407767906175,0.2855190120747787,0.3760934420437818,0.25143369465746207,0.38059540781027423,0.38407056188699845,0.34893762516187005,0.24330344510529395,0.15789308637942553,0.29477327881456566,0.18697735563795476,0.4237500953292371,0.31337552876523433,0.18626064925499686,0.055950954373988226,0.3970963276469896,0.04102241857077081,0.3421195359532746,0.0015721553590441056,0.491081515156158
0.2507862541065411,0.4513639860675375,0.6837557158539365,0.29502582245996306,0.27928884089081873,0.352057937890392,0.35276709011343504,0.30460925197398814,0.49648807671538103,0.33812879038127275,0.4885026966101926,0.362089454254246,0.29883904463337346,0.3361251564770519,0.9967754479891767,0.38661907874574736,0.5375686673778345,0.2547495685899359,0.2771547636293316,0.45917073696276195,0.3765989859140261,0.3178154070997248,0.081584707871242,0.27395095734196034,0.40376843289461267,0.43981009998003306,0.4127143377084109,0.48430682652673646,0.453794715105911,0.12050635512517943,0.3899421221990774,0.3571139585244031,0.3183353625461039,0.49892740099654614,0.48907400887436786,0.3961902769742799,0.3568274553653561,0.22635696225319776,0.3187460566811015,0.21553618826526877,0.48512500669917297,0.41405562738743656,0.2468975097988034,0.05136627261167792,0.7146861815594581,0.0876073906252365,0.2685012527565499,0.02015256161088297,0.14591777857112376
0.22228369709462378,0.3276637056571556,0.4792631677765207,0.4719116006713984,0.44079038168626855,0.3532567323627837,0.4642176221489091,0.3638776690030309,0.20017183661600957,0.3243805965015708,0.40358712545978365,0.3943091043393656,0.4396907363768361,0.5319622904164506,0.38661907874574736,0.8887580142194171,0.502089741309373,0.24133264582776853,0.3482276137966268,0.3202629204445483,0.3199588470575961,0.4581289089692425,0.12236677862404804,0.26522000150201996,0.31700572183638676,0.3673156428139102,0.3593680360151007,0.4058931337598157,0.4641087374129953,0.280942496455527,0.3345458776143193,0.46329395938401574,0.24410486508770035,0.3831699076463894,0.50524684154288,0.4077746900502934,0.23454989393856213,0.18037354683204643,0.3691710662653166,0.22594881794071056,0.48229525208630486,0.4016288980385548,0.21219431060849114,0.07390806429471684,0.4295503775420072,0.05077296337818295,0.3496725434694225,-0.002874811783919444,0.48906128345883
0.1528933774760801,0.4506894585170923,0.5849911705727007,0.32904706912804993,0.2614890075878291,0.3580545247229352,0.3688152086177883,0.45760940769429,0.26066881729557495,0.3705146110292479,0.4730023021697895,0.29968910888989114,0.38537241246714316,0.3761141173003202,0.5375686673778345,0.502089741309373,1.3202197757875842,0.11656287478116677,0.30024024184106013,0.7695753999340058,0.3946402686476672,0.3816348599638978,0.030248739413400113,0.31617748489253567,0.7540622711680215,0.3416479673022765,0.5882442503482022,0.7340137845400191,0.5788119521829913,0.3466482075431655,0.45143430579866706,0.3672648233008148,0.47699783779152366,0.5565399898407442,0.7226734679592974,0.38962187838660617,0.6411163050456905,0.39030903271117023,0.3994084411435579,0.3413002904896688,0.6273180953694533,0.599819015922411,0.5443672685065772,0.04750235733760524,1.03366967428087,0.05137920446029515,0.4292682177479402,0.05070123414557235,0.29200500604684837
0.30182274308546325,0.6367357181378425,0.7149031513360261,0.23673665140971623,0.16914674502688537,0.3296799184996673,0.32332263540605405,0.3131236061366394,0.2945349019627922,0.41283383932525614,0.31986476211317755,0.3789512408392519,0.33119787965491293,0.2575852824493205,0.2547495685899359,0.24133264582776853,0.11656287478116677,1.053536726032406,0.11312155904049655,-0.03317090981174869,0.4340483458227693,0.3012719882881681,0.7880708569026935,0.2780201434490791,0.5131869788869924,0.39694240467889924,-0.03617955742599595,0.23245933775966832,0.6287688257668121,-0.22548979395226976,0.32853078148040443,0.320920553321394,0.15758011978207162,0.651607616182846,0.29379452870464273,0.31015454643332874,0.13339253525715628,-0.002577893345191401,0.3036770112966528,0.23047016243936636,0.41751372134602766,0.16914818873360885,0.3678190619386807,0.06478826278961831,0.5952797363017629,0.13577742124246836,0.4312836991514513,-0.018006606464092436,0.10388851009572633
0.1376181431080641,0.2570905115318684,0.4208296058715562,0.36780950021542586,0.6006888457467462,0.5538570357500878,0.22160684750820292,0.32279139947460744,0.1908531512238165,0.11250985939292565,0.26275769734535576,0.2885451844015547,0.3000658482898155,0.2877495764086568,0.2771547636293316,0.3482276137966268,0.30024024184106013,0.11312155904049655,0.9343485881052653,0.25462086904684217,0.27195785079990653,0.2706422464264545,-0.047077401635390266,0.17644140770653413,0.11998704752593074,0.22290438763749798,0.21735671434281217,0.19355813783215706,0.2503238050692015,0.1350970288171207,0.2413585220315673,0.27110591490448366,0.17269548253680034,0.149822318875612,0.1318471810147326,0.30863177093671035,0.28527415673291673,0.17281409324872307,0.3871322675052494,0.1161491753766884,0.1516587512668984,0.25015642205870486,-0.057781640532674525,0.07854511951522893,0.3618637941803595,0.01256544722704738,0.15709197528446708,0.0231967320956599,0.21512197049751067
0.07770610419102787,0.5907884704520184,0.4626741362463238,0.230822962960915,0.19994733395869538,0.42458633317539346,0.10805792455264375,0.4572852429119698,0.2943889411097831,0.20054795128584368,0.3809452469226059,0.14250112743052543,0.23958066211452578,0.2680426981632002,0.45917073696276195,0.3202629204445483,0.7695753999340058,-0.03317090981174869,0.25462086904684217,1.6798868263189835,0.23769561797569363,0.2668196709105978,-0.23703388796898356,0.2570104158772451,0.7193630799256048,0.47089308654154566,0.6537543198308825,0.6189294902723225,0.5077616526650401,0.5013349444030087,0.4847989532167322,0.2830537589922205,0.4729682693945225,0.47391888526015247,0.6085828053098494,0.184520724773457,1.0200417947859506,0.7810545233133638,0.4431462489228906,0.493859236449997,0.5633601429590749,0.5994129513468153,0.991418175622095,-0.003260007603897307,1.46727159104289,-0.007724338557369661,0.28879108646697327,0.1505846349235218,0.5694567220884443
0.2713689948753749,0.5212268141763587,0.6539809319421287,0.29174547530675565,0.2034219199655228,0.35086818816496795,0.3266509871212234,0.32650267396699084,0.3538311382250426,0.26096156334498033,0.379522810024807,0.314852525834309,0.3576079258312498,0.30476220556517786,0.3765989859140261,0.3199588470575961,0.3946402686476672,0.4340483458227693,0.27195785079990653,0.23769561797569363,1.166137829325523,0.3486248318333452,0.3633901962304372,0.22251385054004286,0.48957164449047225,0.31860719955939826,0.23926098035657314,0.41441386846361483,0.5264855194025752,-0.010460900087628655,0.29131213203532746,0.4380968959566939,0.27633046588405374,0.5961134365025815,0.41543267297854114,0.2997078180284191,0.2540496819029889,0.14847059363668563,0.28228534655427207,0.3827492317620605,0.513298314627558,0.38416293653860417,0.3252792999329277,0.08640275976041935,1.2896733871825523,-0.030322276958829403,0.31534463699079457,-0.01089536667498218,0.11770201679716255
0.2543061154195233,0.37880660628162893,0.5684982342278639,0.33849000495288106,0.28331805532803006,0.3365727963380832,0.3969697159510021,0.3082980266223998,0.5239728214132849,0.30525668454989013,0.3312043607965072,0.33050011209267793,0.41416080957815926,0.4086432426673396,0.3178154070997248,0.4581289089692425,0.3816348599638978,0.3012719882881681,0.2706422464264545,0.2668196709105978,0.3486248318333452,0.9068654428245784,0.3193485945098769,0.271688663412412,0.4813824936651119,0.3920092927389154,0.35976618138633293,0.3695513776438776,0.42545903999066104,0.1656905070105114,0.27850823490857324,0.47457976291890724,0.35613554976766365,0.5213355272634866,0.3662571207921365,0.34878071516845033,0.2511997454946658,0.17506358717720152,0.3139138726761251,0.21165871258813515,0.3862638030796394,0.3659473020992506,0.14464780162403537,0.10685673167192859,0.2702890319867566,0.17860658328708356,0.29952494447465344,-0.09124755614425623,0.8859947817386897
0.21704144472813908,0.26390822120873153,0.3439547640073689,0.17390726300303175,0.11945909303255572,0.1603791836492549,0.23296801828553898,0.1464577392405539,0.2257886604521467,0.2646040390345201,0.18643185886106836,0.26219602820459265,0.2298833403716923,0.2142721849176384,0.081584707871242,0.12236677862404804,0.030248739413400113,0.7880708569026935,-0.047077401635390266,-0.23703388796898356,0.3633901962304372,0.3193485945098769,1.7397529706394963,0.41758197450651674,0.49440563332105447,0.06632826191329345,0.12354337924570132,0.18892962755128317,0.6443189010820719,-0.014103887892011334,-0.07992645884740818,0.20517563883445886,0.31729841339909776,0.6547314269466008,0.11310006478131665,0.1659234865393972,0.15330317783062875,-0.12894362499051415,0.399474657682086,0.2662975191999344,0.24411424220239655,0.09068988602886387,0.17028306895017128,0.03623032585720852,0.17990147781848653,0.13994632650703653,0.4499043704732624,0.007705707862013963,0.45834470673057004
0.18264907313146753,0.25148170480474136,0.38855387569166033,0.24158796081054792,0.22178121109608645,0.2504185093772449,0.24037769441675172,0.21318650266354722,0.26980628341017465,0.2237020895981639,0.2671086922706981,0.2452385503932472,0.2519277314496254,0.26252059641071246,0.27395095734196034,0.26522000150201996,0.31617748489253567,0.2780201434490791,0.17644140770653413,0.2570104158772451,0.22251385054004286,0.271688663412412,0.41758197450651674,0.6890661492817628,0.45053156898433727,0.2436923345400658,0.36490287842102725,0.30285252730371626,0.4382883237634954,0.19038030215323987,0.3692067969483162,0.25634493577509293,0.2946627765295022,0.328925782141848,0.24698539695098004,0.49586367980341084,0.1525052748354382,0.14499557416427292,0.2684227659553319,0.17606003847732382,0.35725770845234917,0.24795826901461485,0.13915116217170406,0.032746113534177945,0.3685303337091589,0.06453173665222804,0.2902016537811153,0.0037420797593623353,0.07258910429221728
0.41399063426329413,0.7186558345086904,0.8626748354460944,0.21950046779575208,0.04273876214075553,0.4294224847100839,0.3335409677559506,0.32831342456821777,0.41174612308605346,0.3698461988461862,0.43110590476430816,0.3977660399931243,0.36483151230822797,0.33124112462610256,0.40376843289461267,0.31700572183638676,0.7540622711680215,0.5131869788869924,0.11998704752593074,0.7193630799256048,0.48957164449047225,0.4813824936651119,0.49440563332105447,0.45053156898433727,3.1149157328573316,0.5699323270770766,0.5153549395654323,0.5947895687878001,1.2083754677862317,0.03424779992852363,0.6808912392425337,0.4511095118202754,0.2892762104444088,1.2223705973548373,0.8655144979259396,0.7216356463205033,0.12090361256454082,0.35643655787139744,0.3237720459001559,0.4437279778608364,0.7895733545430942,0.4999006595119436,1.0152742118870723,0.029970768784095825,1.2847446606558752,0.2012829992670236,0.3764780996983667,-0.02062873845387036,0.1353956665965383
0.22618583993038752,0.5240891064345086,0.7281392740489472,0.3811837762149941,0.2759819970669672,0.45193938485535184,0.41444849418479784,0.4342151831656194,0.6021248965037729,0.3019192321393098,0.4353778525480509,0.4270975606556641,0.408664708966602,0.3942238336696265,0.43981009998003306,0.3673156428139102,0.3416479673022765,0.39694240467889924,0.22290438763749798,0.47089308654154566,0.31860719955939826,0.3920092927389154,0.06632826191329345,0.2436923345400658,0.5699323270770766,1.6422203231156605,0.7232280676945225,0.5364131811925242,0.24271559513621163,-0.20833432555122994,0.47064180465780525,0.5845927892198677,0.46022877166277015,0.6752086416965467,0.5267968582881768,0.5365241385772112,-0.08142286312501118,0.24186247713271122,-0.2074136946378687,0.27158077471657505,0.6281513596681493,0.4682625692701254,0.6061168058250591,-0.024048464950648378,0.9911223261066706,-0.03868786152073634,0.13857372601906512,0.019766183303098536,0.09418501832711954
0.2292283872326971,0.756753570166591,0.8751804283687191,0.2991089032585004,0.1978875375383909,0.377760925412916,0.3734589264099423,0.4546182353440527,0.4486312501661145,0.4876567815110359,0.3914916369028599,0.33805629702707896,0.3996425544414104,0.3372706786967661,0.4127143377084109,0.3593680360151007,0.5882442503482022,-0.03617955742599595,0.21735671434281217,0.6537543198308825,0.23926098035657314,0.35976618138633293,0.12354337924570132,0.36490287842102725,0.5153549395654323,0.7232280676945225,1.9380617673584035,0.6557344707555839,0.30386739563812076,0.1360262330063147,0.4359674274537909,0.39752925318411636,0.6495899648999298,0.4532036098526653,0.5961236211680789,0.7116660583103221,0.3551842461227154,0.34075065925756876,0.16449502259576138,0.3087048624340497,0.775403603899822,0.5415010556228198,0.8083987066280931,-0.012475520395567378,1.1394724804848702,-0.017718203474436464,0.1742330594161458,0.06418958575500532,-0.03687802053522119
0.17099452823004088,0.4947266582918653,0.5431907223380977,0.16122819857922124,0.10491177341500289,0.24190352894069372,0.2686152806146663,0.27952177937010003,0.38805605070911325,0.33852941534769804,0.35411531357653453,0.19664214488170198,0.30668023812302264,0.3545296716424718,0.48430682652673646,0.4058931337598157,0.7340137845400191,0.23245933775966832,0.19355813783215706,0.6189294902723225,0.41441386846361483,0.3695513776438776,0.18892962755128317,0.30285252730371626,0.5947895687878001,0.5364131811925242,0.6557344707555839,1.5709096591679361,0.3342918548707241,0.5508522114764967,0.4167194891697795,0.349547855984967,0.9279280644536647,0.6297445714543983,1.1558286045708566,0.28888465280938114,0.6292213875126145,0.3026772915351509,0.22502153492925395,0.3696771872330188,0.7647768107270537,0.6052622893448416,0.591460802721873,0.038141002356929445,1.0302371948761146,0.005796119238797439,0.5053112492254346,0.09127614537898879,0.45555307415345603
0.42605838514881006,0.780003269157741,1.0152672472321513,0.31620310271970836,0.14077564404652051,0.5808606421662282,0.3863614547530717,0.44864457297214266,0.34528681397398453,0.4492651557253486,0.504842033831011,0.45392645993097874,0.4803246439022494,0.39820979538767637,0.453794715105911,0.4641087374129953,0.5788119521829913,0.6287688257668121,0.2503238050692015,0.5077616526650401,0.5264855194025752,0.42545903999066104,0.6443189010820719,0.4382883237634954,1.2083754677862317,0.24271559513621163,0.30386739563812076,0.3342918548707241,2.959172062507087,-0.004080579971055643,0.4052534873567759,0.47985796044361895,0.0007620825670789088,1.2929930180330689,0.7988967308104195,0.7794520038178409,-0.23381793715924137,0.1657503950620072,0.7565889039205071,0.35728912658155454,1.0757579727691173,0.31737654276519456,0.8493955467271427,-0.006315776035002477,0.9909348209030481,0.482727919829852,0.4719794645306758,-0.027773618650326834,0.28963236865781494
-0.15339223066389338,-0.19176292391734587,-0.6007634707157999,0.061068553314407574,0.21410467224649898,-0.12554013870461656,-0.02072024373729517,0.03190370388783071,-0.03840110918832254,0.08104042924762427,-0.02667150611939012,-0.12108717796045806,0.03724012030716662,0.19170407767906175,0.12050635512517943,0.280942496455527,0.3466482075431655,-0.22548979395226976,0.1350970288171207,0.5013349444030087,-0.010460900087628655,0.1656905070105114,-0.014103887892011334,0.19038030215323987,0.03424779992852363,-0.20833432555122994,0.1360262330063147,0.5508522114764967,-0.004080579971055643,4.128738926432506,0.1536269694610136,0.10828694201325804,0.43624057142223116,-0.33080829493348357,0.6434043104469183,0.5981716760994393,0.6903902392125587,0.32007333258989046,0.7436877015742275,0.0877851037365829,0.8920573227180495,0.32424590671776404,0.3734879509878285,0.07869213197394932,-0.1828436057848435,-0.00040860223415417813,1.6669589846984192,0.11821269625587583,1.0087631354605426
0.23860070004147424,0.5084887485280807,0.624679511181935,0.2619086669568773,0.24525264591646154,0.3133911139431004,0.30447020404513697,0.3053393501487908,0.3270725484638477,0.33172920801537736,0.34719559457226945,0.31963698798645723,0.298687358101422,0.2855190120747787,0.3899421221990774,0.3345458776143193,0.45143430579866706,0.32853078148040443,0.2413585220315673,0.4847989532167322,0.29131213203532746,0.27850823490857324,-0.07992645884740818,0.3692067969483162,0.6808912392425337,0.47064180465780525,0.4359674274537909,0.4167194891697795,0.4052534873567759,0.1536269694610136,1.1575824511229937,0.3531161704178059,0.2569724765092277,0.4100711548365286,0.45418483662031056,0.9647735541146361,0.1348223828684737,0.3000543404479579,0.3463187550823277,0.22894439162183536,0.7046811635130927,0.37392184103130516,0.1912570455193369,0.08353415547492654,0.819304452583384,0.009867407881595677,0.3066148010234909,0.002539412271509976,-0.2869867538850847
0.24083633095073398,0.4137494718858985,0.588885639508693,0.38662564067674915,0.3231969855277385,0.3837297370817465,0.42224453906130494,0.3289109374778258,0.39648678840248386,0.2962549183800868,0.3864355320970337,0.434608810912805,0.43816800652650434,0.3760934420437818,0.3571139585244031,0.46329395938401574,0.3672648233008148,0.320920553321394,0.27110591490448366,0.2830537589922205,0.4380968959566939,0.47457976291890724,0.20517563883445886,0.25634493577509293,0.4511095118202754,0.5845927892198677,0.39752925318411636,0.349547855984967,0.47985796044361895,0.10828694201325804,0.3531161704178059,0.8437278767321024,0.3176025402822519,0.5328007253454197,0.31939635756408935,0.4747874922626104,0.021635321175473864,0.1822546652091641,0.23616606109559513,0.20277113974851896,0.4652598762534187,0.3455123231351128,0.1671755997350357,0.04439161288789021,0.4972923396248271,0.007967406451587031,0.2921896330103438,-0.012789580076934886,0.5098739777469723
0.10045007074492902,0.3352414304144328,0.2706826676706281,0.22211576575577494,0.2610068018635366,0.05383317978003289,0.23262348324405058,0.16925707464786835,0.3480726463581329,0.24034444322562618,0.21920482762659527,0.15551204811871708,0.22045619427719937,0.25143369465746207,0.3183353625461039,0.24410486508770035,0.47699783779152366,0.15758011978207162,0.17269548253680034,0.4729682693945225,0.27633046588405374,0.35613554976766365,0.31729841339909776,0.2946627765295022,0.2892762104444088,0.46022877166277015,0.6495899648999298,0.9279280644536647,0.0007620825670789088,0.43624057142223116,0.2569724765092277,0.3176025402822519,2.070362945943361,-0.08516483629562739,-0.13775111554611247,0.2197745006388963,0.7361303083912404,0.2614824423493481,-0.06676616624052206,0.2450059465724547,0.08771551102060607,0.4948226315808572,0.1312933046052014,0.06524483186103948,0.5757083097851428,-0.20059980756630086,0.42631666476221125,0.10975790037528614,0.3384787325435333
0.40618733437771615,0.7542645724836059,1.1792607059092322,0.2417214180147661,-0.04850529622947179,0.5223939577848012,0.40535182313598683,0.4838781550066333,0.6034800581293154,0.5428180117078307,0.48194491861075583,0.4431367186383841,0.4781200458628871,0.38059540781027423,0.49892740099654614,0.3831699076463894,0.5565399898407442,0.651607616182846,0.149822318875612,0.47391888526015247,0.5961134365025815,0.5213355272634866,0.6547314269466008,0.328925782141848,1.2223705973548373,0.6752086416965467,0.4532036098526653,0.6297445714543983,1.2929930180330689,-0.33080829493348357,0.4100711548365286,0.5328007253454197,-0.08516483629562739,4.451343833987269,1.5534808166982663,0.3636445235510421,0.46864985235010126,0.12788983842709054,0.45646174721737826,0.14128620973775308,1.0370376445094114,0.5625608698271091,1.0004613372425024,0.10729626987708184,1.541501993017153,0.30982679703240595,0.38596397175830344,0.046374251768137024,1.24513764471066
0.2413812664244947,0.575434288744869,0.7526733321465394,0.009032124308165482,-0.148807740534126,0.36260038964895147,0.28664994338088995,0.4192152660382025,0.349539384431332,0.4091889035814597,0.42862072426126185,0.25593508946306,0.3804402202696482,0.38407056188699845,0.48907400887436786,0.50524684154288,0.7226734679592974,0.29379452870464273,0.1318471810147326,0.6085828053098494,0.41543267297854114,0.3662571207921365,0.11310006478131665,0.24698539695098004,0.8655144979259396,0.5267968582881768,0.5961236211680789,1.1558286045708566,0.7988967308104195,0.6434043104469183,0.45418483662031056,0.31939635756408935,-0.13775111554611247,1.5534808166982663,2.9991692239197576,0.04358066402633661,0.3334571801600033,0.2373704153436442,0.49452104419813236,0.5463999781281557,1.0754134409032876,0.7083651194592403,1.3196173256107677,0.028300113973774497,1.3731328409322632,0.22087166086061677,0.5741014937605288,0.07621399977766548,0.8172930810620431
0.3049122467584671,0.48347351315333764,0.730533367731283,0.423014124462697,0.3901957016894613,0.3120064883360559,0.4796640020369552,0.24390066984459707,0.38884746902155715,0.4166473853633831,0.3646994272764868,0.5200950761152844,0.35041568930582184,0.34893762516187005,0.3961902769742799,0.4077746900502934,0.38962187838660617,0.31015454643332874,0.30863177093671035,0.184520724773457,0.2997078180284191,0.34878071516845033,0.1659234865393972,0.49586367980341084,0.7216356463205033,0.5365241385772112,0.7116660583103221,0.28888465280938114,0.7794520038178409,0.5981716760994393,0.9647735541146361,0.4747874922626104,0.2197745006388963,0.3636445235510421,0.04358066402633661,3.149619288165002,-0.6798385799471092,0.15919704520786174,0.41440301729157636,0.20993093526266923,1.000724212217863,0.36048622713328776,-0.7038744065276512,0.08245582699594932,0.44305338126822497,0.21868493050638932,0.4096136571931164,-0.135035703455925,-1.9628706149283521
0.041878113737543354,0.5137519042057777,0.32704742262258063,0.13772439775796602,0.27329647013062847,0.2105327360659329,0.04123628514031156,0.32071946672775486,0.21814164373279776,0.24866690230114097,0.20350652795934127,-0.025187644258184254,0.14569117808390675,0.24330344510529395,0.3568274553653561,0.23454989393856213,0.6411163050456905,0.13339253525715628,0.28527415673291673,1.0200417947859506,0.2540496819029889,0.2511997454946658,0.15330317783062875,0.1525052748354382,0.12090361256454082,-0.08142286312501118,0.3551842461227154,0.6292213875126145,-0.23381793715924137,0.6903902392125587,0.1348223828684737,0.021635321175473864,0.7361303083912404,0.46864985235010126,0.3334571801600033,-0.6798385799471092,3.8564001533505587,0.5627148134718666,0.19710124541850443,0.19178766929937385,0.17426906838177053,0.7088675570119487,0.3106109124549287,0.02496072836827966,1.494914348523405,0.2572455501103061,0.5824800111950277,0.17629497205165154,1.035164130177922
0.055580432794131183,0.2948067681610895,0.23866579205559768,0.15078220608400597,0.16140811843481873,0.23237213728600772,0.08211518582849249,0.23284357640489792,0.1681642739981945,0.11610085187044733,0.19987027707430277,0.09831014482220538,0.14018413517181932,0.15789308637942553,0.22635696225319776,0.18037354683204643,0.39030903271117023,-0.002577893345191401,0.17281409324872307,0.7810545233133638,0.14847059363668563,0.17506358717720152,-0.12894362499051415,0.14499557416427292,0.35643655787139744,0.24186247713271122,0.34075065925756876,0.3026772915351509,0.1657503950620072,0.32007333258989046,0.3000543404479579,0.1822546652091641,0.2614824423493481,0.12788983842709054,0.2373704153436442,0.15919704520786174,0.5627148134718666,0.7223435174080665,0.22798959811100555,0.24824714248423968,0.24606610616658894,0.3161950024840314,0.418395360506786,-0.0024077132364356984,0.6501829701074892,-0.03246569732668828,0.20623160168696836,0.07705765593799699,0.22984809012227178
0.17067077537233033,0.34716511393749416,0.44688525368206766,0.30754049265307914,0.3277967418389325,0.3920219464907051,0.2848941840682222,0.4725819823818221,0.21393999965600063,0.30251191976274805,0.36124682629580535,0.272066270346945,0.39739366063249776,0.29477327881456566,0.3187460566811015,0.3691710662653166,0.3994084411435579,0.3036770112966528,0.3871322675052494,0.4431462489228906,0.28228534655427207,0.3139138726761251,0.399474657682086,0.2684227659553319,0.3237720459001559,-0.2074136946378687,0.16449502259576138,0.22502153492925395,0.7565889039205071,0.7436877015742275,0.3463187550823277,0.23616606109559513,-0.06676616624052206,0.45646174721737826,0.49452104419813236,0.41440301729157636,0.19710124541850443,0.22798959811100555,2.3839817134157775,0.30580373292214724,0.6329496774875196,0.11066472846418154,-0.24297788462321282,0.17713905565804033,0.6795273735312863,-0.19095073992325773,0.5688930984558465,0.0275052483405315,1.0899689241259314
0.08668266447125589,0.2733589607163926,0.17897689452531979,0.16177032849378456,0.1217444311297645,0.23814463275128228,0.1480754173995675,0.22500595930915906,0.17551433066860278,0.13636384440420693,0.22102262453311838,0.16787024069661752,0.1866233619242691,0.18697735563795476,0.21553618826526877,0.22594881794071056,0.3413002904896688,0.23047016243936636,0.1161491753766884,0.493859236449997,0.3827492317620605,0.21165871258813515,0.2662975191999344,0.17606003847732382,0.4437279778608364,0.27158077471657505,0.3087048624340497,0.3696771872330188,0.35728912658155454,0.0877851037365829,0.22894439162183536,0.20277113974851896,0.2450059465724547,0.14128620973775308,0.5463999781281557,0.20993093526266923,0.19178766929937385,0.24824714248423968,0.30580373292214724,1.347485857620236,0.17520753486608479,0.3224659921408345,0.7322825240276066,0.0245091621594534,1.2997384661043137,0.10920038578940387,0.17228408513227736,0.04562249086376127,0.12181291258284063
0.2760192438887072,0.6469070523445577,0.7991667382059777,0.24375952609614582,0.11865678251917518,0.2411483737211308,0.33852805115478213,0.46556653919062013,0.3720344630533504,0.5295668905057191,0.41635163776565814,0.296569463344659,0.41911869352775033,0.4237500953292371,0.48512500669917297,0.48229525208630486,0.6273180953694533,0.41751372134602766,0.1516587512668984,0.5633601429590749,0.513298314627558,0.3862638030796394,0.24411424220239655,0.35725770845234917,0.7895733545430942,0.6281513596681493,0.775403603899822,0.7647768107270537,1.0757579727691173,0.8920573227180495,0.7046811635130927,0.4652598762534187,0.08771551102060607,1.0370376445094114,1.0754134409032876,1.000724212217863,0.17426906838177053,0.24606610616658894,0.6329496774875196,0.17520753486608479,3.034518758156375,0.4874982562438928,0.6968766523503789,0.27969517659841564,1.2168742450895398,0.2660835755749992,0.8794831037272698,0.059334321314122015,0.16627466259046073
