1.157860179649311,0.4760396488522263,0.8119751694932398,0.12135901620784952,0.061645761397602736,0.24238389639335292,0.33583154206590415,0.148239285663271,0.30136679434446645,0.23989499331654235,0.2520213916081143,0.2918429426597691,0.24123483624933045,0.24896005865994944,0.24749493532258557,0.22099510908603962,0.15114338383514433,0.3036982838085066,0.1336239000633737,0.07371492841349535,0.27063433119388314,0.25450261822679515,0.21855364533520538,0.18175799252545946,0.41360381370656346,0.2282364867233574,0.2324482000353566,0.17158938008472405,0.42532979868814447,-0.15755678856743185,0.237740110345682,0.24020196023993728,0.09999989266597208,0.40779180772337564,0.24088899701358163,0.30405766556701247,0.037790046856965166,0.05322348384677671,0.1696481501281516,0.08525761516760862,0.27603737800750067,0.1591428301168074,0.13458770397054132,0.04741445625874844,0.37579923608026633,0.13797222714850238,0.09819009044291378,-0.028032070342206068,0.04483366840336745
0.4760396488522263,1.951035420743913,1.566867092795285,0.16395864782083852,0.06729491445653739,0.5577248880239192,0.35552353771840856,0.497881187839919,0.46553035944821886,0.5029362708972811,0.4764857174764348,0.41944000212085947,0.42419402784600196,0.3054915752871082,0.442343384628038,0.3264015173697448,0.4507810988051059,0.6388909550220611,0.26027142179086915,0.5892240333282726,0.5232286774465752,0.38185122399699484,0.2677434927302118,0.25190501882884625,0.7208540370337462,0.5255113452999771,0.7596753049443369,0.49480609825757577,0.7820357984033423,-0.19389907146905314,0.5070847900158708,0.41430160678003913,0.33396897404441966,0.7606527035261433,0.5751024887602806,0.48075315994133166,0.5119747158176625,0.2932944044429076,0.34804701930516385,0.2741352043695791,0.644446832308043,0.41745873763317926,0.641564069963924,0.052320927370143766,1.21360732538969,0.20916205493536946,0.32370075472862697,0.015522994409152951,0.014659200815482738
0.8119751694932398,1.566867092795285,2.9979688119700962,0.2555548621356725,-0.027998817933238555,0.8096482410580637,0.5877665831410646,0.7168058135536758,0.7410789092928228,0.8112590362835653,0.7315113143553753,0.6595029862047499,0.663449363086369,0.4893097958049206,0.6744142000793434,0.48172603554005206,0.5844018912153051,0.7207173831213587,0.4220473699084903,0.4546354386033122,0.6561375073413028,0.571844032322495,0.3501180600116234,0.3887251090296692,0.8657083755859725,0.7328518184322546,0.8850668282043236,0.5460351213501506,1.0201686207732277,-0.606691638138094,0.6226872244715271,0.5910688418026929,0.2689356087710253,1.1883610225538412,0.7539165654768358,0.7286705043337267,0.31715278544551234,0.2341951873462842,0.44680332058501915,0.17885614334012181,0.797139378518483,0.501704280930169,0.5770338873970776,0.13916038483215754,1.3403828073947632,0.44665185843118305,0.26321109228537826,-0.03876754099529289,-0.2176616300306258
0.12135901620784952,0.16395864782083852,0.2555548621356725,1.5608557079670131,0.6278927997433245,0.4227477877345148,0.49780871665634907,0.420604718751782,0.2663970320738128,0.25124576383196195,0.35089272677839883,0.42818976279645105,0.4011760570552212,0.45720717794859045,0.3031915400699341,0.4678571934607607,0.32724873287287576,0.2396065595451433,0.358348486887851,0.23120056465209118,0.29065740387944067,0.3359692928006704,0.17395671407657406,0.24066305017046843,0.22303558469487572,0.37937527506311153,0.30128825957838246,0.167470615427123,0.31645125965898885,0.06321984549182344,0.2639990624610725,0.38303645466577096,0.2260292989023856,0.24463552716631662,0.014874675252776777,0.42336746042018525,0.14047369514404195,0.1503677907530194,0.3034389519675584,0.16088504220347558,0.2521280189913387,0.2539832010915688,-0.029739963121494392,0.05652705526350715,0.29854683989885517,0.0010681171755914398,0.22625682969700875,-0.013078726489659935,0.14726117432934904
0.061645761397602736,0.06729491445653739,-0.027998817933238555,0.6278927997433245,1.5395132809575485,0.36766446590852103,0.3539617187763893,0.3036867584074124,0.16488336845113333,0.14937552348257033,0.2749244015804877,0.3662983251785041,0.33456767020474576,0.3343695506676534,0.2937645366922136,0.4362913781056802,0.26384871067103455,0.16578670922515973,0.5948435083068917,0.21149712700940249,0.20213311010423163,0.28059753687496175,0.1133919073643777,0.22193923996383966,0.04565590337927239,0.27308302799568274,0.1991896417972905,0.11149922436053794,0.1391725397505329,0.22186682149365353,0.24832132593059772,0.31844214507543545,0.26617508930040473,-0.04579999864853841,-0.1408946087361373,0.38720247903490357,0.28586981938595707,0.16658674111507688,0.3264159783348316,0.12264865255378875,0.1302416745438185,0.252852832196192,-0.29579201989729004,0.0452821932518076,0.04102993426658579,-0.04739950600692197,0.21747477038613355,0.016024003403085515,0.29384659863191964
0.24238389639335292,0.5577248880239192,0.8096482410580637,0.4227477877345148,0.36766446590852103,1.0256069734346451,0.24128980056038163,0.44604119779856544,0.3926532868848847,0.19575799505325575,0.426321422983865,0.4491758469019261,0.389337311401986,0.3372103890953832,0.34645588741940136,0.3460348070918727,0.3569763766911171,0.33321312207644604,0.5508799300458596,0.43063294519887146,0.3503574462781923,0.33894948876932113,0.1626761395222237,0.25068931062255734,0.4365946517481673,0.45522500284673195,0.38709658910845124,0.24609878040027208,0.5827620038911071,-0.1259340923887468,0.3140779426435863,0.3811072735968163,0.05622938597257885,0.5306466962078972,0.3686193243075208,0.3062764182168967,0.21357636833109087,0.2343547223172208,0.38934046470013745,0.2402432813132874,0.24688496617880717,0.2800124977392998,0.4262791855257152,0.09539131679690453,0.6748826971686802,0.07382538714398322,0.28712518893104927,0.017570251611269436,0.25231184595231976
0.33583154206590415,0.35552353771840856,0.5877665831410646,0.49780871665634907,0.3539617187763893,0.24128980056038163,0.9132585733108112,0.31292612509492884,0.3950685202236597,0.3454516526170581,0.41972042817297295,0.5209134154520313,0.45078494197513974,0.39030155902515634,0.3551987611803648,0.4448236397910457,0.3571059929467336,0.3324400071723462,0.20410111834593112,0.10286690852812327,0.32683377153986004,0.3930333175799276,0.23493246172864596,0.23423720794460923,0.3356958006008087,0.4151424717923346,0.3750977954383289,0.2734698117613223,0.3822502849751166,-0.027250645588626082,0.3050162485234081,0.41445386373929377,0.23581302008825486,0.4133038208407031,0.28787849790864434,0.4764683651045059,0.0423771618588601,0.07824451482379215,0.2822837964892224,0.1435602152157565,0.34610892595819365,0.29017066547126497,-0.08223086565635075,0.03968999804314536,0.3082628604855254,0.06561066519610179,0.1011665925159738,-0.030438571936884352,0.29336764919629643
0.148239285663271,0.497881187839919,0.7168058135536758,0.420604718751782,0.3036867584074124,0.44604119779856544,0.31292612509492884,0.9506972953243978,0.19607299427459735,0.39376553710150836,0.4050854422895984,0.19773727730922905,0.4729427578478155,0.3852168649615902,0.31825046222813275,0.3624264095254881,0.4580614381141972,0.31969531952460695,0.3204426565521689,0.45571470877575226,0.33035892273291,0.3085498746837123,0.14991960605813034,0.21296827720456674,0.33640361994653106,0.4326097677990055,0.4578255182896647,0.2877423096891187,0.45609396167650296,0.035294831213834324,0.3064629271818603,0.3281016970866614,0.1714624180156722,0.4940515439802279,0.42753308280387997,0.24291400937960697,0.3220562481590765,0.23111726598564566,0.46915288725838744,0.2257690557706492,0.46873200046816016,0.29799193471671237,0.40307535246514553,0.05887422926008047,0.6876701598470766,0.028131588538493856,0.3551972956527175,0.02842833475538835,0.34587700411783406
0.30136679434446645,0.46553035944821886,0.7410789092928228,0.2663970320738128,0.16488336845113333,0.3926532868848847,0.3950685202236597,0.19607299427459735,1.3141469024700467,0.2055178012875366,0.30218220121583905,0.3374260422730967,0.3452131032627232,0.3231577379839995,0.4861605246296256,0.1888312835493468,0.2555109114265521,0.3093217270043875,0.20126233564521287,0.2864859124193431,0.3599828334799026,0.5224365036326724,0.23506611410790978,0.268001612589081,0.4147944935406684,0.6001769929257458,0.44539651267572317,0.3858104832004254,0.35146422761081353,-0.04571664614627273,0.3264251210792783,0.3951071715069948,0.3437195324560107,0.6087219674701297,0.34345676316557683,0.38623602455544626,0.21557422383169172,0.16422938489222455,0.22231456474521652,0.176408828572172,0.3652606819589106,0.3215056605648188,0.16248536335403813,0.06153063089661468,0.5924089241292523,0.13556002809153217,0.17023294112778053,-0.038871879300592056,0.27151783122603335
0.23989499331654235,0.5029362708972811,0.8112590362835653,0.25124576383196195,0.14937552348257033,0.19575799505325575,0.3454516526170581,0.39376553710150836,0.2055178012875366,0.9325518682211882,0.26962581539250835,0.2885069239700331,0.3973010185582177,0.3331761816204105,0.3520823207431676,0.3389220021669829,0.38020504444905434,0.40908297151024015,0.11688416295287254,0.20336261035318484,0.26212528410302705,0.30601870461727537,0.2617462651418962,0.2265539597594806,0.3695168954613865,0.3022456452938123,0.4929107146271301,0.34717702410449586,0.45355828817970606,0.08881081771631769,0.33372298674615963,0.29952374076186905,0.24239253133637143,0.5436531236686424,0.4165655899362231,0.4191549031582392,0.25117005804003284,0.11661720809413319,0.30482015424767894,0.13774645530105606,0.5338558701106295,0.2698475921269126,0.2252971676974913,0.039157347054786754,0.4570650106429072,0.11951904987370231,0.35268976343403435,0.0012621322430538594,0.21513214046784884
0.2520213916081143,0.4764857174764348,0.7315113143553753,0.35089272677839883,0.2749244015804877,0.426321422983865,0.41972042817297295,0.4050854422895984,0.30218220121583905,0.26962581539250835,0.6859206265228326,0.43727521333375863,0.4207230079206072,0.32718722456929344,0.4894809497982884,0.40686376951363495,0.4751559018106009,0.3201182897634854,0.2624484361993067,0.38196078063311634,0.3800044708670263,0.32970922245740897,0.18671180949100086,0.2682387574124438,0.4341682137083088,0.4354038837030958,0.39510448314618374,0.35715721799170297,0.5089615026734895,-0.02748498035016118,0.3478995094650863,0.3874522387280771,0.21862621937930574,0.48658717230161097,0.4327834109212621,0.3646423016913411,0.20155554514221777,0.19974051323849357,0.36044755846872106,0.22203646457880297,0.4205703541174757,0.34710945574577073,0.24474530596564895,0.05850924521946028,0.6002517173086583,0.09454013055725691,0.24059612123855145,0.004940723616833537,0.1437408580520621
0.2918429426597691,0.41944000212085947,0.6595029862047499,0.42818976279645105,0.3662983251785041,0.4491758469019261,0.5209134154520313,0.19773727730922905,0.3374260422730967,0.2885069239700331,0.43727521333375863,0.7757958191543403,0.37865809484492874,0.3144043356152744,0.35263591919623566,0.39759689154749733,0.3017733919868459,0.37902095066320884,0.2841195347611248,0.1426794650285552,0.3117234566238831,0.3291588097078954,0.26153413448925716,0.24509735571782337,0.3992641092452303,0.4276222435900895,0.3431120182081147,0.19912191892662315,0.4526849096276143,-0.12459411227249714,0.3209401904178399,0.43335293337565167,0.1559958762450193,0.4390589391807823,0.256936781743365,0.5206956492821706,-0.028085311536270068,0.09828205394944534,0.27040686775096723,0.1681937149784443,0.3007618665193308,0.256257129398521,0.05118254223846099,0.04741264842573098,0.3713588258574879,0.05798257508610962,0.15905447631621294,-0.01523402798720182,0.1859363336641771
0.24123483624933045,0.42419402784600196,0.663449363086369,0.4011760570552212,0.33456767020474576,0.389337311401986,0.45078494197513974,0.4729427578478155,0.3452131032627232,0.3973010185582177,0.4207230079206072,0.37865809484492874,0.7086347579303601,0.3907642044699784,0.2919877299748892,0.4357920716223208,0.3876193762085188,0.33577524769109135,0.2924990102181881,0.24171715508141273,0.35725414120650395,0.41395498470128894,0.23293292026855522,0.25196933068399097,0.3711811397665751,0.4118305525888681,0.4075088278615749,0.3124781765750544,0.48258810317702056,0.031073488583508415,0.3003785802504291,0.43431040728016335,0.22228142722917948,0.48909875689600224,0.38632212762355295,0.34978905790382403,0.14789663434134187,0.14048644238195454,0.3933224373238905,0.18719935906112398,0.42324867366244695,0.29320957962232597,0.17424991410320018,0.06601089320160007,0.4090568988937287,0.07173951078528806,0.27713604732083674,-0.008646534432257047,0.42352453973589166
0.24896005865994944,0.3054915752871082,0.4893097958049206,0.45720717794859045,0.3343695506676534,0.3372103890953832,0.39030155902515634,0.3852168649615902,0.3231577379839995,0.3331761816204105,0.32718722456929344,0.3144043356152744,0.3907642044699784,0.750484486169718,0.3523083323239424,0.539510428199453,0.3826814064177041,0.25332387865243394,0.28792370760022695,0.2735260900101151,0.3016484818676313,0.40422220196757797,0.20952251995497065,0.264922767189381,0.331376240625221,0.3911219523380594,0.33913037928242945,0.3619781989094266,0.4006933283947308,0.19805657103319366,0.2875700306721874,0.3745684812085427,0.25327939931629273,0.3767253583691607,0.390481570042365,0.3496963731109973,0.24753238297517546,0.15952761977403748,0.2909472164644417,0.1873734218623545,0.42840861826548443,0.31595695528258905,0.19829382240089669,0.05424284144872528,0.39539981915808,0.04208173641591705,0.3464315931017189,0.0037120025487342345,0.4910383193638006
0.24749493532258557,0.442343384628038,0.6744142000793434,0.3031915400699341,0.2937645366922136,0.34645588741940136,0.3551987611803648,0.31825046222813275,0.4861605246296256,0.3520823207431676,0.4894809497982884,0.35263591919623566,0.2919877299748892,0.3523083323239424,1.0705646587989623,0.40758696018669494,0.5589462036416403,0.2305534476344841,0.2820911842268704,0.4813816363982793,0.37566959883182943,0.3130522738166701,0.05266133474589009,0.2767784813227299,0.39270637010240284,0.44029155804033765,0.4245761629875407,0.5036120635584949,0.45108671161421016,0.14387943155565103,0.3965249198892989,0.3562927500620812,0.3249902849346461,0.5002822716149595,0.5076076596133259,0.39820473230652903,0.37762930484262036,0.23447911228652982,0.32007188132939574,0.21643854554945938,0.500161550695184,0.4281394808223149,0.2548550234867133,0.05062384186361338,0.7273125689797403,0.08559169783774434,0.27175046279035947,0.024166143922231088,0.15023290721634416
0.22099510908603962,0.3264015173697448,0.48172603554005206,0.4678571934607607,0.4362913781056802,0.3460348070918727,0.4448236397910457,0.3624264095254881,0.1888312835493468,0.3389220021669829,0.40686376951363495,0.39759689154749733,0.4357920716223208,0.539510428199453,0.40758696018669494,0.8865717057585901,0.5033630329690914,0.23439761061802744,0.34545119783636796,0.3263957176077532,0.315013386560093,0.4507594062013369,0.11460614519666973,0.26617893863455294,0.3135266178112987,0.36562769429910114,0.36287606799306554,0.4089942976068415,0.46254005700049283,0.28193655586044647,0.3352538593119898,0.4597954609473526,0.24423193240862148,0.38064377708746194,0.5078284761416764,0.40733000309183187,0.2380203851311655,0.1820258702932895,0.3635970292484911,0.22424604761018868,0.486584750233153,0.4015344263913976,0.22311057172444473,0.07172885595122043,0.42751061603808416,0.05145052226867965,0.3504675504507154,-0.0005758275847105061,0.4856804923181266
0.15114338383514433,0.4507810988051059,0.5844018912153051,0.32724873287287576,0.26384871067103455,0.3569763766911171,0.3571059929467336,0.4580614381141972,0.2555109114265521,0.38020504444905434,0.4751559018106009,0.3017733919868459,0.3876193762085188,0.3826814064177041,0.5589462036416403,0.5033630329690914,1.3271438795834094,0.10874526765891483,0.30120743667701116,0.7800968943308779,0.3941375277650232,0.3787513049828327,0.023997819325896078,0.3196513876992224,0.7565051010422508,0.34041131156409316,0.5905171759611109,0.740175296416472,0.58212477305218,0.3523917634364484,0.45288688215717443,0.3661477597689815,0.47752956488371995,0.564394214157434,0.7306582280961891,0.38839891136070553,0.6483237821178045,0.3934298295212103,0.3943569443058772,0.34222334659294545,0.6332020205692035,0.6038938544269673,0.5631054842813028,0.04631452943019095,1.036843763934226,0.05362329990020508,0.43367458362065375,0.053021693924912384,0.29266120231989085
0.3036982838085066,0.6388909550220611,0.7207173831213587,0.2396065595451433,0.16578670922515973,0.33321312207644604,0.3324400071723462,0.31969531952460695,0.3093217270043875,0.40908297151024015,0.3201182897634854,0.37902095066320884,0.33577524769109135,0.25332387865243394,0.2305534476344841,0.23439761061802744,0.10874526765891483,1.0571216857008479,0.10988631013299703,-0.040213009724147084,0.4327290377206199,0.3048930413745609,0.793202287789063,0.27599261132141373,0.5129184095536328,0.40205426558240576,-0.03138827965275517,0.22609582856054297,0.6259991076282964,-0.23802129862622767,0.32474861873006833,0.320658388605749,0.1524666014490768,0.6523132193320189,0.28806917897956674,0.3061196325127434,0.12330048924672925,-0.005970354075820299,0.3023677346982718,0.2300981442621854,0.41400231750968475,0.16509965108770536,0.37921300229306215,0.0648832965254721,0.5913301781039139,0.1360687087515231,0.4247962139470973,-0.019293013099592974,0.10453288023752605
0.1336239000633737,0.26027142179086915,0.4220473699084903,0.358348486887851,0.5948435083068917,0.5508799300458596,0.20410111834593112,0.3204426565521689,0.20126233564521287,0.11688416295287254,0.2624484361993067,0.2841195347611248,0.2924990102181881,0.28792370760022695,0.2820911842268704,0.34545119783636796,0.30120743667701116,0.10988631013299703,0.9344914145352222,0.2648270833749888,0.2705948029089196,0.270705578873317,-0.05129709709235761,0.17737569120300506,0.12338204500735751,0.22019352688262292,0.21607216164004875,0.19627503367440421,0.24863017883023072,0.14201216440179232,0.24238114263296692,0.2677890376295294,0.17481412029774035,0.15259714942600383,0.13594573467555496,0.3040428442196199,0.29463944235085354,0.17742547014225293,0.3861051791473677,0.11755710737242901,0.1578488874198448,0.25224240297718115,-0.042087958268406736,0.07970183601727011,0.3738224178814802,0.013546291004542643,0.16318101848016414,0.024077377400814188,0.210196992384987
0.07371492841349535,0.5892240333282726,0.4546354386033122,0.23120056465209118,0.21149712700940249,0.43063294519887146,0.10286690852812327,0.45571470877575226,0.2864859124193431,0.20336261035318484,0.38196078063311634,0.1426794650285552,0.24171715508141273,0.2735260900101151,0.4813816363982793,0.3263957176077532,0.7800968943308779,-0.040213009724147084,0.2648270833749888,1.6920301623070282,0.24090386045344978,0.26669940147788235,-0.24108964912640107,0.2606322120444989,0.7225011133143978,0.4649553103874134,0.6495717202665845,0.6232649183293641,0.5123154441198521,0.5152137684136356,0.48588713854439414,0.2840331355114435,0.4750981428081256,0.4791435826382484,0.6158880885542712,0.18318454019912936,1.0333869027991966,0.7849937298586325,0.443672534515192,0.49764526390207714,0.5655473374663396,0.605970408106936,1.0023839178285892,-0.0020527428341166297,1.4756181133908257,-0.005807202351856229,0.2968830324535794,0.15316173130917463,0.5741333366062129
0.27063433119388314,0.5232286774465752,0.6561375073413028,0.29065740387944067,0.20213311010423163,0.3503574462781923,0.32683377153986004,0.33035892273291,0.3599828334799026,0.26212528410302705,0.3800044708670263,0.3117234566238831,0.35725414120650395,0.3016484818676313,0.37566959883182943,0.315013386560093,0.3941375277650232,0.4327290377206199,0.2705948029089196,0.24090386045344978,1.1658551412267137,0.3478742954996332,0.36272797473094165,0.22230165561335813,0.48942386963618,0.32049606458016594,0.23886096704762097,0.4147516622117512,0.5255543051358227,-0.012059779307438085,0.29003181485765034,0.43607098643608694,0.274564915771248,0.5984616109683158,0.4156295578102041,0.2956696250809455,0.2559782852828501,0.15015378757730663,0.2805330064869594,0.3834743652938878,0.5149964449570009,0.3842447651593337,0.33243949189390776,0.08669913059385609,1.294167652206734,-0.030106964187515493,0.31510807752088127,-0.010561906609716587,0.11465608380290279
0.25450261822679515,0.38185122399699484,0.571844032322495,0.3359692928006704,0.28059753687496175,0.33894948876932113,0.3930333175799276,0.3085498746837123,0.5224365036326724,0.30601870461727537,0.32970922245740897,0.3291588097078954,0.41395498470128894,0.40422220196757797,0.3130522738166701,0.4507594062013369,0.3787513049828327,0.3048930413745609,0.270705578873317,0.26669940147788235,0.3478742954996332,0.9041354823901895,0.3220845731963256,0.2715049741922213,0.48281946720557123,0.391705483470124,0.3593295417222198,0.36907696386416483,0.42697931311451315,0.16133197483002737,0.2774904608466798,0.4711692683621983,0.3534262827130513,0.524654813299126,0.3655038174113752,0.34521070646445945,0.2518019210438467,0.174314277308359,0.31292985612393254,0.21144604142303297,0.3840963990885988,0.36299154569667574,0.15707945677653182,0.10489649319693341,0.27056294627195676,0.1799678497127413,0.2989562292257544,-0.09042869674976059,0.8869219001091918
0.21855364533520538,0.2677434927302118,0.3501180600116234,0.17395671407657406,0.1133919073643777,0.1626761395222237,0.23493246172864596,0.14991960605813034,0.23506611410790978,0.2617462651418962,0.18671180949100086,0.26153413448925716,0.23293292026855522,0.20952251995497065,0.05266133474589009,0.11460614519666973,0.023997819325896078,0.793202287789063,-0.05129709709235761,-0.24108964912640107,0.36272797473094165,0.3220845731963256,1.748322391383242,0.4173106207539483,0.49597408822053396,0.06969124721697201,0.12533343711475373,0.18447455437887603,0.6437088515384319,-0.024440142003351237,-0.08327149507591726,0.20275394060514612,0.31339604202367627,0.6580588817106158,0.10958895692192548,0.161989716062016,0.1485540197817432,-0.13169375472827435,0.3981207009633402,0.26688861612946696,0.2391978098832332,0.0859721804806195,0.17879519172086206,0.03470650230506685,0.1765996333844934,0.14355654302783258,0.4460890359029446,0.0069423651486758,0.4627359564622686
0.18175799252545946,0.25190501882884625,0.3887251090296692,0.24066305017046843,0.22193923996383966,0.25068931062255734,0.23423720794460923,0.21296827720456674,0.268001612589081,0.2265539597594806,0.2682387574124438,0.24509735571782337,0.25196933068399097,0.264922767189381,0.2767784813227299,0.26617893863455294,0.3196513876992224,0.27599261132141373,0.17737569120300506,0.2606322120444989,0.22230165561335813,0.2715049741922213,0.4173106207539483,0.6912364543361432,0.4529827905882756,0.2433583686295388,0.36661765178927413,0.3072874632675744,0.440391685136451,0.19161695848331362,0.3699834405448277,0.2556502318638388,0.29597668557516177,0.33428905000736436,0.2507063760628658,0.49666759399417204,0.15686387590685774,0.14596086541948375,0.26832129204800587,0.17583229133402126,0.3589342737299915,0.24868717106794966,0.1390539950369189,0.03135092904717051,0.36720982386922735,0.06653817583114008,0.29203060813891557,0.004411213003353717,0.07617195838178432
0.41360381370656346,0.7208540370337462,0.8657083755859725,0.22303558469487572,0.04565590337927239,0.4365946517481673,0.3356958006008087,0.33640361994653106,0.4147944935406684,0.3695168954613865,0.4341682137083088,0.3992641092452303,0.3711811397665751,0.331376240625221,0.39270637010240284,0.3135266178112987,0.7565051010422508,0.5129184095536328,0.12338204500735751,0.7225011133143978,0.48942386963618,0.48281946720557123,0.49597408822053396,0.4529827905882756,3.1189821548307504,0.5722935637797933,0.5215320511377368,0.5960437474416883,1.2095195940210344,0.024265078908271776,0.6815077952941845,0.44999487808968464,0.28502294474023127,1.2287420838998757,0.8647621205054803,0.7188521922540729,0.11943262767299644,0.3561084772625926,0.3222276021460884,0.44501340921590865,0.7872076360856942,0.4989573826699069,1.0346053960935064,0.028196048287670944,1.2816014188335216,0.20446528046474807,0.3717596810385057,-0.01978570807919264,0.13802107996856416
0.2282364867233574,0.5255113452999771,0.7328518184322546,0.37937527506311153,0.27308302799568274,0.45522500284673195,0.4151424717923346,0.4326097677990055,0.6001769929257458,0.3022456452938123,0.4354038837030958,0.4276222435900895,0.4118305525888681,0.3911219523380594,0.44029155804033765,0.36562769429910114,0.34041131156409316,0.40205426558240576,0.22019352688262292,0.4649553103874134,0.32049606458016594,0.391705483470124,0.06969124721697201,0.2433583686295388,0.5722935637797933,1.6424795176147413,0.7299454130211928,0.5406522919454885,0.2464032047090696,-0.2141104190578665,0.4709821247669682,0.584644924688026,0.45882266416455836,0.6803487782876848,0.5277257879107965,0.5361048311691429,-0.08831032918106703,0.23817388214462007,-0.20789286851951258,0.27168781385429075,0.6299981936314356,0.4666841007163298,0.6150129958053706,-0.02445147157161267,0.990940784672548,-0.0360677638514844,0.1365428382775141,0.019771733712695253,0.09320980579391555
0.2324482000353566,0.7596753049443369,0.8850668282043236,0.30128825957838246,0.1991896417972905,0.38709658910845124,0.3750977954383289,0.4578255182896647,0.44539651267572317,0.4929107146271301,0.39510448314618374,0.3431120182081147,0.4075088278615749,0.33913037928242945,0.4245761629875407,0.36287606799306554,0.5905171759611109,-0.03138827965275517,0.21607216164004875,0.6495717202665845,0.23886096704762097,0.3593295417222198,0.12533343711475373,0.36661765178927413,0.5215320511377368,0.7299454130211928,1.9535564301550856,0.6593755130230146,0.31113779698943433,0.12114093412056494,0.43688254900087586,0.3987822459553216,0.6446637127164078,0.46057054340932674,0.6036326280162609,0.7102059595317697,0.34268504917222,0.33702749130506593,0.1610019769499418,0.3101471757876862,0.7789848983948855,0.5441090343776376,0.8477000895314889,-0.014629752191405153,1.1359421858921621,-0.018850917114041802,0.1689507848770824,0.0651887762209679,-0.03861597864662694
0.17158938008472405,0.49480609825757577,0.5460351213501506,0.167470615427123,0.11149922436053794,0.24609878040027208,0.2734698117613223,0.2877423096891187,0.3858104832004254,0.34717702410449586,0.35715721799170297,0.19912191892662315,0.3124781765750544,0.3619781989094266,0.5036120635584949,0.4089942976068415,0.740175296416472,0.22609582856054297,0.19627503367440421,0.6232649183293641,0.4147516622117512,0.36907696386416483,0.18447455437887603,0.3072874632675744,0.5960437474416883,0.5406522919454885,0.6593755130230146,1.5777439934934154,0.33672923859807213,0.5485923091776803,0.4185081810262544,0.3491275673919475,0.9247619984635949,0.6467725930627906,1.1662074980881199,0.29006717556399503,0.6277336511642844,0.30090778198267315,0.21941127019515638,0.3689726690999128,0.7691038652035271,0.6089670457661351,0.6082679377160058,0.03776424671237446,1.0291424086007033,0.009930820342978815,0.5035598468754092,0.09255252898882926,0.4579966856573514
0.42532979868814447,0.7820357984033423,1.0201686207732277,0.31645125965898885,0.1391725397505329,0.5827620038911071,0.3822502849751166,0.45609396167650296,0.35146422761081353,0.45355828817970606,0.5089615026734895,0.4526849096276143,0.48258810317702056,0.4006933283947308,0.45108671161421016,0.46254005700049283,0.58212477305218,0.6259991076282964,0.24863017883023072,0.5123154441198521,0.5255543051358227,0.42697931311451315,0.6437088515384319,0.440391685136451,1.2095195940210344,0.2464032047090696,0.31113779698943433,0.33672923859807213,2.9570428594602185,-0.011597074305995275,0.4059854196773431,0.47648857254591925,-0.002547831565814422,1.29516344999571,0.7989836404076636,0.774410356731572,-0.23382054768012472,0.16546219608217963,0.7535018286611742,0.35972823700225404,1.0772124525898916,0.3180943358145832,0.8795127782750563,-0.007288809873901503,0.9925561189282294,0.4887088521190335,0.4684439852638676,-0.026754701905485855,0.2889049921968074
-0.15755678856743185,-0.19389907146905314,-0.606691638138094,0.06321984549182344,0.22186682149365353,-0.1259340923887468,-0.027250645588626082,0.035294831213834324,-0.04571664614627273,0.08881081771631769,-0.02748498035016118,-0.12459411227249714,0.031073488583508415,0.19805657103319366,0.14387943155565103,0.28193655586044647,0.3523917634364484,-0.23802129862622767,0.14201216440179232,0.5152137684136356,-0.012059779307438085,0.16133197483002737,-0.024440142003351237,0.19161695848331362,0.024265078908271776,-0.2141104190578665,0.12114093412056494,0.5485923091776803,-0.011597074305995275,4.139810221576513,0.15314627458000976,0.10477862232469884,0.4329429992254438,-0.3359542628113573,0.6447299425160603,0.5971845834283076,0.7093088903672213,0.3235193439713258,0.7455710009725582,0.08944607930172878,0.890192839422954,0.328608442388541,0.3734928495770466,0.08090089398246134,-0.1727343429171456,0.004878243321340252,1.670842941045968,0.12032408228134023,1.0051667060842622
0.237740110345682,0.5070847900158708,0.6226872244715271,0.2639990624610725,0.24832132593059772,0.3140779426435863,0.3050162485234081,0.3064629271818603,0.3264251210792783,0.33372298674615963,0.3478995094650863,0.3209401904178399,0.3003785802504291,0.2875700306721874,0.3965249198892989,0.3352538593119898,0.45288688215717443,0.32474861873006833,0.24238114263296692,0.48588713854439414,0.29003181485765034,0.2774904608466798,-0.08327149507591726,0.3699834405448277,0.6815077952941845,0.4709821247669682,0.43688254900087586,0.4185081810262544,0.4059854196773431,0.15314627458000976,1.1575817206777939,0.3544016194380211,0.25629790862524476,0.4132464388926643,0.4544214763285599,0.9647048092778716,0.13514498222960997,0.3008699925323416,0.3467955816040344,0.2270230742615206,0.7072842636094062,0.37431328658510493,0.19162678897379676,0.08337913263309661,0.8167983266876992,0.008172104715219732,0.30616860007305396,0.0030692589740683655,-0.28559182423203056
0.24020196023993728,0.41430160678003913,0.5910688418026929,0.38303645466577096,0.31844214507543545,0.3811072735968163,0.41445386373929377,0.3281016970866614,0.3951071715069948,0.29952374076186905,0.3874522387280771,0.43335293337565167,0.43431040728016335,0.3745684812085427,0.3562927500620812,0.4597954609473526,0.3661477597689815,0.320658388605749,0.2677890376295294,0.2840331355114435,0.43607098643608694,0.4711692683621983,0.20275394060514612,0.2556502318638388,0.44999487808968464,0.584644924688026,0.3987822459553216,0.3491275673919475,0.47648857254591925,0.10477862232469884,0.3544016194380211,0.8402742231751993,0.3131306903564351,0.5264235134966074,0.3179078406754566,0.472373604059363,0.02000247451516959,0.18222583190499556,0.23484926516523338,0.20379224939210658,0.46841687585845637,0.34423038168300796,0.17927367706097053,0.04431658761533618,0.5008815516527673,0.009182123225318643,0.29047559492935154,-0.012229910776746527,0.5022478865581624
0.09999989266597208,0.33396897404441966,0.2689356087710253,0.2260292989023856,0.26617508930040473,0.05622938597257885,0.23581302008825486,0.1714624180156722,0.3437195324560107,0.24239253133637143,0.21862621937930574,0.1559958762450193,0.22228142722917948,0.25327939931629273,0.3249902849346461,0.24423193240862148,0.47752956488371995,0.1524666014490768,0.17481412029774035,0.4750981428081256,0.274564915771248,0.3534262827130513,0.31339604202367627,0.29597668557516177,0.28502294474023127,0.45882266416455836,0.6446637127164078,0.9247619984635949,-0.002547831565814422,0.4329429992254438,0.25629790862524476,0.3131306903564351,2.0633037435492803,-0.08961069288728973,-0.13944535555848261,0.21613481381344082,0.7381392555897693,0.26072684546293307,-0.06660859321770754,0.24585005219752798,0.08748514319241193,0.4957223096352041,0.13520888710813753,0.06636544239562489,0.5745131311426893,-0.19773719651232105,0.42355299715132144,0.11024066081958947,0.33531925822559033
0.40779180772337564,0.7606527035261433,1.1883610225538412,0.24463552716631662,-0.04579999864853841,0.5306466962078972,0.4133038208407031,0.4940515439802279,0.6087219674701297,0.5436531236686424,0.48658717230161097,0.4390589391807823,0.48909875689600224,0.3767253583691607,0.5002822716149595,0.38064377708746194,0.564394214157434,0.6523132193320189,0.15259714942600383,0.4791435826382484,0.5984616109683158,0.524654813299126,0.6580588817106158,0.33428905000736436,1.2287420838998757,0.6803487782876848,0.46057054340932674,0.6467725930627906,1.29516344999571,-0.3359542628113573,0.4132464388926643,0.5264235134966074,-0.08961069288728973,4.46853073418764,1.5572165568783394,0.3627352584462934,0.47603677877771033,0.12449022486096041,0.4561535886027544,0.14060602014115445,1.0380101545521132,0.5612869623287273,1.0218809222822676,0.10156883514648998,1.5331048000520522,0.320136311824478,0.3838828293748084,0.047210175806065416,1.255634394272131
0.24088899701358163,0.5751024887602806,0.7539165654768358,0.014874675252776777,-0.1408946087361373,0.3686193243075208,0.28787849790864434,0.42753308280387997,0.34345676316557683,0.4165655899362231,0.4327834109212621,0.256936781743365,0.38632212762355295,0.390481570042365,0.5076076596133259,0.5078284761416764,0.7306582280961891,0.28806917897956674,0.13594573467555496,0.6158880885542712,0.4156295578102041,0.3655038174113752,0.10958895692192548,0.2507063760628658,0.8647621205054803,0.5277257879107965,0.6036326280162609,1.1662074980881199,0.7989836404076636,0.6447299425160603,0.4544214763285599,0.3179078406754566,-0.13944535555848261,1.5572165568783394,2.9979529642250005,0.04218311136460316,0.34045358474208526,0.23721170741499964,0.4926757990862779,0.5470357396442276,1.0759329776494952,0.7093372684424629,1.343504311565134,0.025554970955594437,1.3689570903463466,0.22536882756019877,0.57276748554809,0.0785065535231793,0.824913611737044
0.30405766556701247,0.48075315994133166,0.7286705043337267,0.42336746042018525,0.38720247903490357,0.3062764182168967,0.4764683651045059,0.24291400937960697,0.38623602455544626,0.4191549031582392,0.3646423016913411,0.5206956492821706,0.34978905790382403,0.3496963731109973,0.39820473230652903,0.40733000309183187,0.38839891136070553,0.3061196325127434,0.3040428442196199,0.18318454019912936,0.2956696250809455,0.34521070646445945,0.161989716062016,0.49666759399417204,0.7188521922540729,0.5361048311691429,0.7102059595317697,0.29006717556399503,0.774410356731572,0.5971845834283076,0.9647048092778716,0.472373604059363,0.21613481381344082,0.3627352584462934,0.04218311136460316,3.145593418588511,-0.682492175991404,0.15847352774736223,0.41337023107464643,0.20733595056884715,1.0078411477780287,0.35893787901526286,-0.6942208021978306,0.08277640205313781,0.4411623330944718,0.21659306125504504,0.40841514457078054,-0.1345001841183488,-1.9631137785213544
0.037790046856965166,0.5119747158176625,0.31715278544551234,0.14047369514404195,0.28586981938595707,0.21357636833109087,0.0423771618588601,0.3220562481590765,0.21557422383169172,0.25117005804003284,0.20155554514221777,-0.028085311536270068,0.14789663434134187,0.24753238297517546,0.37762930484262036,0.2380203851311655,0.6483237821178045,0.12330048924672925,0.29463944235085354,1.0333869027991966,0.2559782852828501,0.2518019210438467,0.1485540197817432,0.15686387590685774,0.11943262767299644,-0.08831032918106703,0.34268504917222,0.6277336511642844,-0.23382054768012472,0.7093088903672213,0.13514498222960997,0.02000247451516959,0.7381392555897693,0.47603677877771033,0.34045358474208526,-0.682492175991404,3.875837910159114,0.5664118196652445,0.19906812054688106,0.19284703217943672,0.1752132060400374,0.715192711328147,0.3078206956853678,0.026754856526030747,1.4992101118508536,0.25777234410183414,0.5926315245911833,0.17837889474279855,1.0479403612181477
0.05322348384677671,0.2932944044429076,0.2341951873462842,0.1503677907530194,0.16658674111507688,0.2343547223172208,0.07824451482379215,0.23111726598564566,0.16422938489222455,0.11661720809413319,0.19974051323849357,0.09828205394944534,0.14048644238195454,0.15952761977403748,0.23447911228652982,0.1820258702932895,0.3934298295212103,-0.005970354075820299,0.17742547014225293,0.7849937298586325,0.15015378757730663,0.174314277308359,-0.13169375472827435,0.14596086541948375,0.3561084772625926,0.23817388214462007,0.33702749130506593,0.30090778198267315,0.16546219608217963,0.3235193439713258,0.3008699925323416,0.18222583190499556,0.26072684546293307,0.12449022486096041,0.23721170741499964,0.15847352774736223,0.5664118196652445,0.7231067479409555,0.22863626012025276,0.2502797155647939,0.24984920283160997,0.32007931417194807,0.41618165816806635,0.0013263525845089409,0.6561825039247462,-0.03153253789619985,0.20903549298387458,0.0777815924361592,0.22512381897940495
0.1696481501281516,0.34804701930516385,0.44680332058501915,0.3034389519675584,0.3264159783348316,0.38934046470013745,0.2822837964892224,0.46915288725838744,0.22231456474521652,0.30482015424767894,0.36044755846872106,0.27040686775096723,0.3933224373238905,0.2909472164644417,0.32007188132939574,0.3635970292484911,0.3943569443058772,0.3023677346982718,0.3861051791473677,0.443672534515192,0.2805330064869594,0.31292985612393254,0.3981207009633402,0.26832129204800587,0.3222276021460884,-0.20789286851951258,0.1610019769499418,0.21941127019515638,0.7535018286611742,0.7455710009725582,0.3467955816040344,0.23484926516523338,-0.06660859321770754,0.4561535886027544,0.4926757990862779,0.41337023107464643,0.19906812054688106,0.22863626012025276,2.38283788889225,0.3044387072264594,0.6331823129332369,0.10962250305690062,-0.2464480268643883,0.17727270021382846,0.6831809857880982,-0.1922223432611695,0.5708191510891547,0.02770087657605332,1.0872517923195928
0.08525761516760862,0.2741352043695791,0.17885614334012181,0.16088504220347558,0.12264865255378875,0.2402432813132874,0.1435602152157565,0.2257690557706492,0.176408828572172,0.13774645530105606,0.22203646457880297,0.1681937149784443,0.18719935906112398,0.1873734218623545,0.21643854554945938,0.22424604761018868,0.34222334659294545,0.2300981442621854,0.11755710737242901,0.49764526390207714,0.3834743652938878,0.21144604142303297,0.26688861612946696,0.17583229133402126,0.44501340921590865,0.27168781385429075,0.3101471757876862,0.3689726690999128,0.35972823700225404,0.08944607930172878,0.2270230742615206,0.20379224939210658,0.24585005219752798,0.14060602014115445,0.5470357396442276,0.20733595056884715,0.19284703217943672,0.2502797155647939,0.3044387072264594,1.3499404746595582,0.17595175469001814,0.32391630155001616,0.7420237890083669,0.02527013668071393,1.3062817185020033,0.10847389295721088,0.17439551403080836,0.04669599281731246,0.11923828329129331
0.27603737800750067,0.644446832308043,0.797139378518483,0.2521280189913387,0.1302416745438185,0.24688496617880717,0.34610892595819365,0.46873200046816016,0.3652606819589106,0.5338558701106295,0.4205703541174757,0.3007618665193308,0.42324867366244695,0.42840861826548443,0.500161550695184,0.486584750233153,0.6332020205692035,0.41400231750968475,0.1578488874198448,0.5655473374663396,0.5149964449570009,0.3840963990885988,0.2391978098832332,0.3589342737299915,0.7872076360856942,0.6299981936314356,0.7789848983948855,0.7691038652035271,1.0772124525898916,0.890192839422954,0.7072842636094062,0.46841687585845637,0.08748514319241193,1.0380101545521132,1.0759329776494952,1.0078411477780287,0.1752132060400374,0.24984920283160997,0.6331823129332369,0.17595175469001814,3.0382118279082038,0.4910385934669824,0.6821807464134327,0.28178123128582316,1.2202158245786177,0.26341807205795303,0.8777513412434544,0.059677403207743805,0.15924871042780908
