0.5231617351716517,0.14711662434286576,0.31158359947738723,0.026171850136660825,0.20129341940602177,0.11724758832792181,0.14610475988181884,0.1431278480037019,0.12244576668832306,0.10373584618913072,0.11121445048817824,0.10892042770923856,0.11675975509388963,0.12157078429959511,0.10305463000858835,0.10405401835014741,0.08713640746828642,0.11822397428753742,0.1531742958338979,0.07494646405222541,0.11149192608098321,0.12659620257009072,0.10676772170368708,0.07811243174512919,0.0926785002313308,0.09050739091988923,0.08759156840825538,0.036367112613015784,0.17788198492519164,-0.07128022178157113,0.0880136704832986,0.12221487968253578,0.0389782309713148,0.03147869203043838,0.04049480547316141,0.12013809860234245,0.03243682991284258,0.07737414443039242,0.0866327818396142,-0.0023684653070593547,0.07290187321278045,0.10805928765160068,0.08092272484087676,0.03473702553450606,0.11276130114795684,0.13900109105579073,0.030631682888918366,-0.05751480068108951,-0.18692986687581276,0.01424239213662765,0.015237685690756116,-0.012779314752969166,0.0016416282879085705,-0.012641323193327529,0.08442773081823667,-0.044627084404263925,0.08672452849644936,-0.010896012436206056,-0.1453523853665849
0.14711662434286576,2.067663965434298,0.3992414905156608,-0.0974107987389994,0.02507393880046056,0.3190221053013897,0.2460939995505263,0.250560962210322,0.3191324160838476,0.18453393526827047,0.23621695130295975,0.21468052503774196,0.25773419216658555,0.14346141239953072,0.3182545090330663,0.22237766641034043,0.2516061500033702,0.13954819704171148,0.21889162451058208,0.23960508009842504,0.30352197492966854,0.21725414499214843,-0.202166532183649,0.047478202460635624,0.22764570988299151,0.27025770292706736,0.19642916953522416,0.24466576864827963,0.3110462727807043,-0.09705951159554345,0.2319743312584912,0.16002624794139467,0.1571792803400383,0.1781028758253096,0.3353312006210328,0.002901733241511227,0.3318977669676068,0.25759145817269463,0.1948911610992331,0.1225324271453633,0.06922153174920928,0.28970908074846674,0.3016289225138935,0.028595698497691918,0.5298248352295375,0.23302264447206392,0.03344015801330415,0.033111680929990846,0.530236330459316,-0.20620812058273474,0.32780425412897773,0.24376306783184595,-0.08663022866340135,-0.269363392298137,-0.21403613268595628,0.040242443083414035,-0.10523251637648665,0.22933608597034338,0.06895317489109891
0.31158359947738723,0.3992414905156608,3.0973565427551524,1.0143021044652312,-0.2316851130750453,0.3897975603157033,0.3527166131677088,0.49721421974919566,0.5440566233230025,0.4475341473725184,0.3544565249014942,0.35436140805490324,0.37950137802437706,0.3271411645724544,0.36017950386575676,0.3191366871354982,0.3617706436824621,0.5064601926809997,0.22415412304849466,0.20954453110991259,0.3165106933590691,0.4675915532452469,0.3945803704804677,0.263598742068297,0.24351872748622966,0.45872942480414064,0.27990051076025807,0.18748923597017061,0.5372885943798547,-0.8276703731205668,0.318811043378215,0.36236716379181166,0.23103741319899368,0.3451339134559348,0.04620532347665121,0.42268505512523097,0.041330341898855184,0.35303804545327083,0.0889873384619217,-0.6227691263037461,0.15519381695511822,0.3090751461996606,0.34872428689458146,0.16671258269887623,0.8169678056654492,0.6104423214294001,-0.09142727022011886,-0.3289845261187707,-0.840938731288195,-0.009048582702046653,0.17680622316888553,0.49892813109107087,-0.31062526742791746,-0.24724294329595436,-0.11372990540450717,-0.20147702727010097,-0.05747907262527604,0.1899573916146647,-0.027317637670108325
0.026171850136660825,-0.0974107987389994,1.0143021044652312,2.983397314151659,0.03660895561819468,0.7588886522332521,0.6628311152982057,0.5269012676913416,0.38601384270518835,0.5603064233281546,0.5170599779435355,0.8695508986171312,0.47790175268469215,0.6642374397974142,0.44105264701399843,0.7453836899264479,0.6193886584043689,0.7768512293875104,0.4844884320669173,0.33556797976243596,0.20890062924604147,0.6262405408914533,0.6377936041224439,0.3754059881337371,0.2324460575003677,0.6802904887490027,0.5191583058888193,0.1003814687140145,0.43223130485684463,-0.2958223481371947,0.44039421544662266,0.6500466184484677,0.38222685295332637,0.4706353410982078,-0.2456054333284082,0.5672483532083175,0.2707596013875497,0.5991480874435885,0.14293016962949356,0.1465912593988189,0.09216500449366337,0.16902752400532411,0.6746102190688068,0.24207461490583954,0.30600048821653086,0.5925028320862537,0.3106799208790988,-0.26283872516392215,0.06752763784699285,0.1808712547317216,0.17373005185441007,0.43353603236472243,-0.29844483785547676,-0.4712046969475022,-0.44622899174063574,-0.04235991581391104,-0.03742139748933759,0.6652472282746057,-0.14498027716134357
0.20129341940602177,0.02507393880046056,-0.2316851130750453,0.03660895561819468,1.6020040329033145,0.25696870856512993,0.19903881576495994,0.41870183116539456,0.1392929386813543,0.15260529909784673,0.23393724337910646,0.2445540317064319,0.3021757202185145,0.23594538097187107,0.16973904973787937,0.241576785161122,0.1754170978939966,0.20019078461313441,0.770510462339307,0.31602148530843094,0.1254746113589772,0.22320107479582355,0.23999613128710473,0.1910839901656341,0.017640009779129256,0.2686616299941097,0.21147101339062505,-0.05744339758795178,0.26996849340169476,0.016284394378854237,0.14623496127873986,0.2069092106137207,0.10839002426433483,0.4528270414087086,-0.13613248053474775,0.2690952431631807,0.18921697424930567,0.16743788668347317,0.15169306137080196,0.18196963885125692,0.1341164295035164,0.12752688121261213,0.20375228081642394,0.05392653815545879,-0.19537959317734052,0.19031314174371802,0.10876432610635645,-0.05552559836577034,-0.04628046619279741,0.33722414290718633,-0.068029152377183,-0.33583325909243256,0.044083555430206395,-0.07683241923626036,-0.025798220974053435,-0.18285122952526406,0.056591307963903256,0.1067779931864752,-0.0271349334246733
0.11724758832792181,0.3190221053013897,0.3897975603157033,0.7588886522332521,0.25696870856512993,1.0978875348085675,0.36201295878422257,0.6418100255798145,0.34140488080897247,0.40945387477114636,0.5022658698281427,0.5549768157556315,0.47265400314340084,0.44985224760620196,0.4313493888899158,0.48222364910754184,0.5290916481400929,0.3941978046452018,0.6947371203207712,0.6341517787043611,0.3542372441345771,0.4460809659013573,0.25407675157908,0.35041948029539965,0.188565066502461,0.5148926242529053,0.44197391093071775,0.23753798485668648,0.6969015195182694,-0.03893807159068604,0.3594446888693081,0.45665226787522684,0.10129279159172884,0.4685514916441003,0.35176742033342767,0.37683530054452924,0.23529552163390635,0.4153508170338527,0.3519028886385634,0.30319828928827924,0.0892606310434066,0.3111240176204688,0.7240743445622752,0.15395356120448106,0.5506175563581728,0.3774933039961685,0.295556273128353,-0.09056743478025055,-0.04570369952833721,0.18404276303161932,-0.007390518119536582,0.03673067679874789,-0.1209088677693848,-0.12916268767231917,-0.14344606781109628,-0.09068782748723173,0.10183034906058161,0.2763183875687202,-0.13510247036827264
0.14610475988181884,0.2460939995505263,0.3527166131677088,0.6628311152982057,0.19903881576495994,0.36201295878422257,0.5927546932607317,0.30065146756161576,0.27960996576066305,0.2313290187817077,0.30313275304440057,0.42978270844593014,0.28486941028115625,0.30279681637363753,0.226134839159974,0.36544247384731315,0.3444248319145526,0.30785385970708196,0.2988608630465495,0.2377560101234055,0.2179428865318072,0.3484814643200607,0.30031617237336555,0.2262250410793991,0.16258646151563422,0.30826671471127215,0.26987348884646906,0.07276917929134338,0.33916943989983056,-0.1385095795385577,0.22150488383778474,0.28704132307015234,0.13620033553599178,0.33185497421115434,0.0906461025759701,0.26676085245144765,0.1322074355680879,0.2636262852918739,0.20201815503536058,0.15768038083197597,0.09916948157003577,0.20138798714505948,0.37094138582503383,0.11188763877493627,0.23597588017171608,0.2846647687626124,0.05761920799400924,-0.10351532801582235,0.08827271290078381,-0.02812078474971696,0.09509737223959269,0.04061760532857538,0.03231012999060914,-0.1818706127578668,-0.0568197805444917,0.015282214440496355,0.03304768261251807,0.19704192844696722,-0.2230903308918123
0.1431278480037019,0.250560962210322,0.49721421974919566,0.5269012676913416,0.41870183116539456,0.6418100255798145,0.30065146756161576,1.1479416470577304,0.17629416439462584,0.30510078367710236,0.39466408316381685,0.12122672628489234,0.4688768460812425,0.34806567405609046,0.24120525842132443,0.3174932367459039,0.37971088259273394,0.2484937456805314,0.51967879000423,0.5980778070652334,0.196583633467534,0.31229951486935387,0.18339136097457492,0.25368987215376115,0.03939894245777334,0.46834469129350037,0.3198990389716893,0.12466532554000417,0.5584790474245235,-0.0817576544594148,0.2452502651304622,0.3375672945934667,0.06950591874671244,0.45117808255884295,0.26200771061093603,0.2787162870371103,0.19417279309703875,0.22820130362515076,0.37531881868387784,0.19665778074813886,0.18605543748605677,0.16944015523853367,0.5282742353485589,0.11285271566358268,0.39871640145499404,0.32351410948937465,0.17638861097437442,-0.07279683195882478,0.05089285109582229,0.18437730444210498,0.020124227769691815,-0.0787642209771981,-0.007195015461323106,-0.1238435237469908,-0.08066272150247106,-0.1949730519838965,0.2256020782004592,0.2584390247356737,-0.21265378347953612
0.12244576668832306,0.3191324160838476,0.5440566233230025,0.38601384270518835,0.1392929386813543,0.34140488080897247,0.27960996576066305,0.17629416439462584,0.7171391408597676,0.2871185847944385,0.2625969457868568,0.31411052551893914,0.2919437867534405,0.27224623132293535,0.30257443885564733,0.25725346223122747,0.23271800109138532,0.30017536170296716,0.2716688835389319,0.1522498477997855,0.18823058565214032,0.4484532377777986,0.3581342313848304,0.29213768908658544,0.06721649352090005,0.3254635500199586,0.21998934412175009,0.10473516153559835,0.32878831437893785,-0.03255797909206357,0.24145926591753844,0.27830084226759083,0.15282495377920544,0.20306658293410335,0.0934088988544259,0.3740474282737247,0.008917121169232765,0.17371931233841126,0.19704701751529713,0.057714023580280084,0.16711978093879226,0.1796477306610713,0.1759997283284496,0.11226086978818235,0.21338313873577733,0.3407879707194289,0.1581419868468381,-0.15657115003032923,0.15340165768393577,-0.13641861977169506,0.11416251633022824,0.057338080795568055,0.012843444383111271,-0.1022276270245371,0.06107159503734831,0.0742798660611539,0.09023419475396409,-0.15934703743824774,-0.013721417491991168
0.10373584618913072,0.18453393526827047,0.4475341473725184,0.5603064233281546,0.15260529909784673,0.40945387477114636,0.2313290187817077,0.30510078367710236,0.2871185847944385,0.9259458674750305,0.3841887108519812,0.42294777108833254,0.40159274011169294,0.30402464342750884,0.3142732576750116,0.34169639308722816,0.36252155824932136,0.36152137822740926,0.32863292044129366,0.3954657362897664,0.22176693414352375,0.35961851503526626,0.2999405261874571,0.3234533778152102,0.14852727928599643,0.34831399464295276,0.3123645753632457,0.19642585669573118,0.5348847324179224,0.07793589120338011,0.31648629729652933,0.29049905436063156,0.1488578634859705,0.47163891467029406,0.30026654512552053,0.4478115694912324,0.09167716180605354,0.1980222096812427,0.2626858711587805,0.14076431886448568,0.3107289775605441,0.20201547044148246,0.4143874291372589,0.12459032125787349,0.4001777196053865,0.36937096543212783,0.25762262201879654,-0.10677325318342408,-0.2123670718208549,-0.05196477794123651,0.0790403291690359,0.022227289417009074,0.015557326343250308,-0.060972149629873816,0.10788224334341036,0.04443351068206414,-0.05347699844845872,-0.265661438492712,0.22621363974010528
0.11121445048817824,0.23621695130295975,0.3544565249014942,0.5170599779435355,0.23393724337910646,0.5022658698281427,0.30313275304440057,0.39466408316381685,0.2625969457868568,0.3841887108519812,0.606752193766642,0.44259397770343617,0.4072947640409997,0.3167647836064261,0.37673739714841703,0.38703935009261187,0.4241454822705112,0.3617101360371852,0.3801654137431466,0.385649988239535,0.26549805443009805,0.3586506666489189,0.30112073878693785,0.2953521133660066,0.17134351693886138,0.37016394219380544,0.32449791051990867,0.18173269607116,0.533116217324981,-0.0430372108179079,0.2932403125135035,0.3028279181071918,0.1202902997158272,0.39995230319209274,0.29600430726085825,0.3727957277042235,0.13332389401166855,0.21949438206347016,0.3080366417343037,0.21127900257950155,0.2444643622946295,0.2475078638928226,0.4340006460819995,0.12139290761983045,0.32582475908985725,0.33615902429214406,0.19789931914415457,-0.07775119727948192,-0.0949776382796311,-0.017163132478849884,0.04623860542940162,0.011451201058562907,0.027014453719306362,-0.06318982845095142,-0.0963537832681859,-0.07797032107476408,0.052982970111441444,0.13205094789981167,-0.06497214403339513
0.10892042770923856,0.21468052503774196,0.35436140805490324,0.8695508986171312,0.2445540317064319,0.5549768157556315,0.42978270844593014,0.12122672628489234,0.31411052551893914,0.42294777108833254,0.44259397770343617,0.9227673060704478,0.34158056302621487,0.39574086627486854,0.38432518342217364,0.5154906906689707,0.47668964338157843,0.5664929614072568,0.44921246252130403,0.2613758558763868,0.2849980562188442,0.42766917097102625,0.3782275120844874,0.24928903744641875,0.2698283725610497,0.4242114003547131,0.4047280238828495,0.17169567215890752,0.4213957003605893,-0.07353118860086458,0.35062471235077464,0.3676496914396724,0.23162190172789984,0.41781903928030706,0.19463178152189234,0.4089714588117032,0.18742583751882116,0.35827366091012697,0.18970732839595036,0.22451801981717381,0.13309460842311285,0.25701821451505963,0.5281615596152032,0.13587405016533302,0.36218563752511157,0.3858679405009097,0.2671469023021975,-0.11235341187312664,-0.034069608104124134,-0.04671005786674732,0.11110460168257262,0.1074269454428422,-0.010115228634924449,-0.20023429041162188,-0.20503282921688812,0.025921684958965734,-0.09036603827644336,0.27080512321142,-0.04659735097986474
0.11675975509388963,0.25773419216658555,0.37950137802437706,0.47790175268469215,0.3021757202185145,0.47265400314340084,0.28486941028115625,0.4688768460812425,0.2919437867534405,0.40159274011169294,0.4072947640409997,0.34158056302621487,0.6389378415504532,0.3381463610979837,0.2569481059149799,0.3758056754088104,0.3527697191933055,0.34580963352390154,0.39982933563468176,0.3253389192302574,0.23056469325647794,0.4049452970377491,0.27700109643674564,0.2592865543983016,0.1198570357946102,0.31636342262752915,0.3389111520986769,0.1831590720598181,0.5382021182694006,-0.0564168655764986,0.2649931929103962,0.3257537704223355,0.15159833803937053,0.36259909342027985,0.2492783807424204,0.3931718877359283,0.1326200130174751,0.14365146534857287,0.31657702591862685,0.19730250162450444,0.23817813739533908,0.21271824765300262,0.3694407558303245,0.12909589196122462,0.22573211474594332,0.36393963488636677,0.184260675921847,-0.12343176236459646,-0.016464748854313364,0.0635449139587122,0.09093054011886804,-0.06486875118624642,-0.03874564127697701,-0.08857925467746862,-0.12810503149522331,-0.16159426311503222,0.009186823626093316,0.07211795054203925,0.07803917605217056
0.12157078429959511,0.14346141239953072,0.3271411645724544,0.6642374397974142,0.23594538097187107,0.44985224760620196,0.30279681637363753,0.34806567405609046,0.27224623132293535,0.30402464342750884,0.3167647836064261,0.39574086627486854,0.3381463610979837,0.5989571143256528,0.3059804418413741,0.45386925156162716,0.36127187815312994,0.3440133646245009,0.3589975238398349,0.29980112401018927,0.19483109235503257,0.38454200106723424,0.2976445654492138,0.28354602602085494,0.1430279038187789,0.414635894923574,0.33389223446860383,0.1416971977702271,0.38973600517294094,0.0312523385462816,0.29052689414337557,0.5300263805203579,0.1760276590713798,0.2484674667529661,0.15234924256845553,0.3665290567002106,0.18009537178353655,0.28550013914324934,0.12687354466657158,0.18659672608294373,0.19686637383349498,0.17563501940574408,0.3984857917884431,0.11343620431420083,0.2636961907659795,0.3612980083226212,0.25866601543064066,-0.08340890968493057,0.14301040549930802,0.06141657373985288,0.04130172608031626,0.019389604101504615,0.011326132907457346,-0.10454680197384018,-0.11864165163296282,-0.13717798490660876,0.04529455086905142,0.1464049714640171,0.05600316733131938
0.10305463000858835,0.3182545090330663,0.36017950386575676,0.44105264701399843,0.16973904973787937,0.4313493888899158,0.226134839159974,0.24120525842132443,0.30257443885564733,0.3142732576750116,0.37673739714841703,0.38432518342217364,0.2569481059149799,0.3059804418413741,0.6090930393746544,0.3464692363225626,0.38852200498771566,0.34234987940670797,0.34716319934528383,0.32590152771178027,0.22337655047188548,0.3049881866055127,0.3393306416648306,0.3074719656325726,0.16220987906950318,0.3631764746742083,0.2690902014346845,0.2050722569247972,0.44107092248631596,-0.029944305824020395,0.27560995149119955,0.29618439440547933,0.14321802011448764,0.3074042729706036,0.20323573332556735,0.36304090967640057,0.16483806621030148,0.2495020377448783,0.16315644080753808,0.13951577582248376,0.22842121715194735,0.20978294263111313,0.3816177775365599,0.10699407255590197,0.2645113312861272,0.3083256045692738,0.1830336398440405,-0.07558867979119714,-0.1145003883087638,0.15601692340054663,-0.0002948230649739475,0.2352401847394561,-0.18622340688281067,-0.11364359514561607,-0.012689166543433043,0.03076655798362808,0.015919449960764956,0.039396114242721623,-0.027496710901306093
0.10405401835014741,0.22237766641034043,0.3191366871354982,0.7453836899264479,0.241576785161122,0.48222364910754184,0.36544247384731315,0.3174932367459039,0.25725346223122747,0.34169639308722816,0.38703935009261187,0.5154906906689707,0.3758056754088104,0.45386925156162716,0.3464692363225626,0.7083581012253948,0.48051730826891187,0.42833394212118836,0.38636129335592967,0.3205466690112778,0.23734476158483178,0.4606808883568494,0.30423548362509795,0.2519473209254982,0.22368692542097876,0.34384992088163957,0.3910668322628586,0.1749962437945419,0.46881050538600444,-0.004004679801361447,0.336238951950942,0.39578462449357227,0.18063320569929808,0.3737799332972182,0.27570439860271634,0.3414415666596056,0.20677612648741392,0.3405656124528915,0.2495845693031207,0.27954191920786287,0.20026972722346073,0.22080016614242878,0.6170208364917662,0.13136967507547717,0.31887380309359176,0.3732630299032375,0.2585806138269732,-0.10865724837635704,0.23553989989143337,-0.10723680921354536,0.08145133886758905,0.060168744882421146,0.07752633463618742,-0.18120584921567598,-0.22231011604425663,0.026493729370402865,-0.21490530739576413,0.45576030329532546,-0.037703018751236696
0.08713640746828642,0.2516061500033702,0.3617706436824621,0.6193886584043689,0.1754170978939966,0.5290916481400929,0.3444248319145526,0.37971088259273394,0.23271800109138532,0.36252155824932136,0.4241454822705112,0.47668964338157843,0.3527697191933055,0.36127187815312994,0.38852200498771566,0.48051730826891187,1.0376460424377842,0.4302387004900056,0.3900713048233191,0.5162832960866964,0.2856338513637089,0.3957079152976932,0.2464107573703399,0.2319700495715422,0.39785258098736037,0.22945032845802218,0.364544910406196,0.2588977563317353,0.6028660359047153,-0.06703315070900301,0.381473328860919,0.305643544792678,0.20739870393854234,0.42870987582910935,0.3636856709615082,0.30667188808485796,0.44674814496884657,0.4735899274204644,0.4276467812320194,0.3209621095846789,0.20586345384958182,0.25759155892382807,0.7440784259654334,0.15218480039834112,0.5415354581441179,0.37262248321711905,0.25013402638755056,-0.046154054976429916,0.026954295327829433,0.07809527208413174,0.08243925309259807,0.08937616950902574,0.06227100891768338,-0.15687335217444684,-0.07936985305506582,-0.06438697883543994,-0.09575389230468609,0.27724209089412427,-0.013994742574692963
0.11822397428753742,0.13954819704171148,0.5064601926809997,0.7768512293875104,0.20019078461313441,0.3941978046452018,0.30785385970708196,0.2484937456805314,0.30017536170296716,0.36152137822740926,0.3617101360371852,0.5664929614072568,0.34580963352390154,0.3440133646245009,0.34234987940670797,0.42833394212118836,0.4302387004900056,1.4270564807877077,0.3982952456054631,-0.11179302055904106,0.19400035135569835,0.4755618772175647,0.5364413993766515,0.06274007338799013,0.3073609594277064,0.5801575092620518,0.2711675113958857,0.30717694714924293,0.3730923275808085,-0.055652283931460926,0.528638542131453,0.278049820929062,0.429028714362237,0.4184155509786585,0.1740457202109192,0.6718953704990012,0.20298560416504027,0.270704018771094,-0.02964120637094338,0.12956947405156694,0.32061201179818544,0.13462223178143537,0.6727707090301269,0.12031292458306349,0.5401339782292316,0.4822511097370122,0.6534784757631311,-0.23253281360607816,-0.5319952922647279,-0.1264848521826189,0.27336517741821287,0.28140112502419057,-0.15874757203113632,-0.22373005976332674,-0.1993508198908573,0.03359688915972459,-0.2933528180472347,0.4702996897291806,-0.07548164758030239
0.1531742958338979,0.21889162451058208,0.22415412304849466,0.4844884320669173,0.770510462339307,0.6947371203207712,0.2988608630465495,0.51967879000423,0.2716688835389319,0.32863292044129366,0.3801654137431466,0.44921246252130403,0.39982933563468176,0.3589975238398349,0.34716319934528383,0.38636129335592967,0.3900713048233191,0.3982952456054631,1.0567047998154366,0.4865224380563153,0.2501085727650537,0.35257638385608026,0.2739974174951626,0.2699267006916617,0.09461926903887526,0.3787999910182441,0.34989985160825193,0.19637344832760978,0.48155684188381004,-0.1959996021973385,0.29376068646534115,0.37437674464235704,0.12286970303482495,0.4328155962342474,0.0830721413348417,0.33743583374266367,0.05576327712832055,0.3392962357410863,0.2199518867116829,0.3134610406431701,0.11354267492702098,0.21257816658083575,0.48288314903495794,0.10872893239768643,0.33796708484460164,0.35987405077553003,0.11776788042150653,-0.11393880423449224,-0.18969444533763302,0.06290622496854671,0.33639021408787306,0.3609109279770449,-0.41752303595782214,-0.18044891232387733,-0.09020089504138093,-0.08438705789260871,0.017102869181737593,0.21233504787888918,-0.06682716466064402
0.07494646405222541,0.23960508009842504,0.20954453110991259,0.33556797976243596,0.31602148530843094,0.6341517787043611,0.2377560101234055,0.5980778070652334,0.1522498477997855,0.3954657362897664,0.385649988239535,0.2613758558763868,0.3253389192302574,0.29980112401018927,0.32590152771178027,0.3205466690112778,0.5162832960866964,-0.11179302055904106,0.4865224380563153,1.7750017250252732,0.14033999577183617,0.18109964794301664,0.11575327020589378,0.43591271374933566,-0.0835286829997593,0.35800205225157133,0.4816764042035476,0.2561496460933937,0.9350367331025226,0.1893333538742654,0.3528996096969644,0.30718170343037243,0.12669783886575667,0.6994286376500656,0.5376929206021265,0.3415963345983351,0.5259693968099368,0.4925559952648939,0.5091999147959531,0.5457760657656022,0.24954244787807484,0.09211594193068126,1.090400423841485,0.09827329933059284,0.8382134458091386,0.3384830685579685,0.01932844936921979,0.08541132644451419,0.07295928561747932,0.04529854765683063,-0.033902944242854186,-0.07708756587617022,0.20570226370151812,-0.13269579818226815,0.07520400596071308,-0.15905136688256669,0.07907701352337955,0.08401307688303507,-0.04598956871211282
0.11149192608098321,0.30352197492966854,0.3165106933590691,0.20890062924604147,0.1254746113589772,0.3542372441345771,0.2179428865318072,0.196583633467534,0.18823058565214032,0.22176693414352375,0.26549805443009805,0.2849980562188442,0.23056469325647794,0.19483109235503257,0.22337655047188548,0.23734476158483178,0.2856338513637089,0.19400035135569835,0.2501085727650537,0.14033999577183617,1.083681172060092,0.25714235033960403,-0.014094449586835409,0.056344636023351546,0.47754452625526983,0.14901475710861067,0.18487993111146425,0.3520947539703615,0.36159854932289154,-0.10094784153893996,0.18708700083881835,0.19823643139980537,0.18868970590685974,0.30734591886541485,0.4608868419380931,-0.012441220439797913,0.10330939022112876,0.42398549744416275,0.3617005886823029,0.11273914700515777,0.1067952729063491,1.0110441940012207,0.5920308404615844,0.12996952049815888,1.057253778795485,0.1570758276201121,0.11408499826334952,0.11919520400863595,-0.6063064867511596,-0.00044285084961350445,0.08670517122382856,-0.09095846988061165,-0.08013918856446382,-0.01341282883988648,-0.030160614024444855,-0.09271097241930647,-0.10588141919898836,0.18412826629253976,-0.03652241375250225
0.12659620257009072,0.21725414499214843,0.4675915532452469,0.6262405408914533,0.22320107479582355,0.4460809659013573,0.3484814643200607,0.31229951486935387,0.4484532377777986,0.35961851503526626,0.3586506666489189,0.42766917097102625,0.4049452970377491,0.38454200106723424,0.3049881866055127,0.4606808883568494,0.3957079152976932,0.4755618772175647,0.35257638385608026,0.18109964794301664,0.25714235033960403,0.8408804825467184,0.4239341239823351,0.27936942589820113,0.0680649048847634,0.3167514064438021,0.3156802611927915,0.13519246035504254,0.49829738524926637,0.030249087381246327,0.3471622700391635,0.37411781121437077,0.20150589035931546,0.3759554510247562,0.17715508145885123,0.5132440149563032,0.09480368711950503,0.330532033710831,0.29828150694440375,0.15559503162265617,0.23085393932138212,0.2456858133146408,0.3913304822024186,0.14755641977104084,0.21896565773953555,0.4636546753618334,0.29720497011421676,-0.30877608859844796,0.4681659266670675,-0.10287994805306167,0.0793098618187189,-0.031743322291055705,0.08698363778856635,-0.143176759010435,-0.09570915156977873,-0.005486614645529212,-0.00983790390380486,0.10874029611803912,-0.008776672511885368
0.10676772170368708,-0.202166532183649,0.3945803704804677,0.6377936041224439,0.23999613128710473,0.25407675157908,0.30031617237336555,0.18339136097457492,0.3581342313848304,0.2999405261874571,0.30112073878693785,0.3782275120844874,0.27700109643674564,0.2976445654492138,0.3393306416648306,0.30423548362509795,0.2464107573703399,0.5364413993766515,0.2739974174951626,0.11575327020589378,-0.014094449586835409,0.4239341239823351,1.4629521056249861,0.5841880976797059,0.16538712180990234,0.2918393843510222,0.19672989404074676,-0.10624900162002861,0.5584550229933701,-0.008865583226729687,0.10169114933682966,0.2465612368970479,0.07477708069389069,0.38971651863957135,-0.16497020788140287,0.8721476265227928,-0.26120067521147616,0.07708684295135869,0.0802681860816503,0.18265952282906384,0.3904211828513412,-0.027198679261933898,0.2988776394412047,0.236068466635851,-0.20910330138460856,0.46963555560146625,0.23527935239811698,-0.34357471295762476,-0.8679533663308311,-0.07167298468615702,0.12078607491759137,0.05434373979909317,0.02592409741094405,-0.11477026142774727,0.03972515300992746,0.07907935783292681,0.04906143580122095,-0.09922284381500837,-0.038917095999076036
0.07811243174512919,0.047478202460635624,0.263598742068297,0.3754059881337371,0.1910839901656341,0.35041948029539965,0.2262250410793991,0.25368987215376115,0.29213768908658544,0.3234533778152102,0.2953521133660066,0.24928903744641875,0.2592865543983016,0.28354602602085494,0.3074719656325726,0.2519473209254982,0.2319700495715422,0.06274007338799013,0.2699267006916617,0.43591271374933566,0.056344636023351546,0.27936942589820113,0.5841880976797059,1.4214667336991804,0.2228617994379885,0.24910813574757948,0.23650549617344632,0.0975813930131895,0.3526027184638858,0.4388362825139814,0.4764766522842542,0.26263613495741067,0.08504186125390088,0.39157732425038594,0.23369947501577482,0.6649983598321222,0.09532089694748601,0.15626466551032075,0.24020130265488007,0.0690976066159825,0.4142455543575332,0.05790854959333753,0.0923884693741872,0.1526921239436539,0.1386631440931172,0.4137304633494237,0.2998607026266128,-0.13763763984516164,-0.3837985433665968,0.014410039360916005,-0.03543467273354527,-0.06946116657374525,0.1182959959623355,-0.08122691383212888,0.216719584297479,0.023104700235401007,0.3323423497548035,-0.5826015305435301,0.12773539403875947
0.0926785002313308,0.22764570988299151,0.24351872748622966,0.2324460575003677,0.017640009779129256,0.188565066502461,0.16258646151563422,0.03939894245777334,0.06721649352090005,0.14852727928599643,0.17134351693886138,0.2698283725610497,0.1198570357946102,0.1430279038187789,0.16220987906950318,0.22368692542097876,0.39785258098736037,0.3073609594277064,0.09461926903887526,-0.0835286829997593,0.47754452625526983,0.0680649048847634,0.16538712180990234,0.2228617994379885,3.624490273235659,-0.1950466242933948,0.10813450151352128,0.19429154536288054,0.487771279234914,0.4847192046551773,0.19330658214913607,0.14528734754882516,0.24081474453139218,0.8429112716265535,0.42545088987757956,-0.0680649714138293,0.4783225290763115,0.7636975873665377,0.8485268395694694,-0.05038082760741267,0.0258573423629116,0.5090881891802087,1.0074507249271587,0.17028461297019473,0.8811648792428949,0.43504685880078175,0.4405290483721489,0.1161698910083667,-0.7212586838358797,-0.26383089688740846,0.05095677949564636,-0.14545079047251144,0.21116053420254793,-0.13540984322266889,-0.08978054467030873,0.09108458664913605,-0.6889936937114949,0.6428429776006688,0.01768769879467171
0.09050739091988923,0.27025770292706736,0.45872942480414064,0.6802904887490027,0.2686616299941097,0.5148926242529053,0.30826671471127215,0.46834469129350037,0.3254635500199586,0.34831399464295276,0.37016394219380544,0.4242114003547131,0.31636342262752915,0.414635894923574,0.3631764746742083,0.34384992088163957,0.22945032845802218,0.5801575092620518,0.3787999910182441,0.35800205225157133,0.14901475710861067,0.3167514064438021,0.2918393843510222,0.24910813574757948,-0.1950466242933948,2.0088376328532664,0.2925578859620995,0.21914625095130344,0.030729759085652866,-0.011442544347398475,0.4178218175890493,0.40651611054510006,0.3262497706603968,0.5696771616008676,0.1833999474902065,0.5563531062875058,-0.025447760806792622,0.3131301741034773,-0.8137229200324763,0.07370880134535464,0.4714570918040215,0.12694268873380615,0.6890050965617643,0.0807959792349119,0.46460645241720017,0.4016735039845507,0.2920191400175254,-0.04410454160557435,-0.07879916344399801,0.2922594994544957,-0.10357282033986219,0.037823438130595785,-0.1560035490365341,-0.20314794861096755,-0.08437305743090676,0.010058843179278439,-0.0761041006635011,0.3070277867688038,-0.07272619588556012
0.08759156840825538,0.19642916953522416,0.27990051076025807,0.5191583058888193,0.21147101339062505,0.44197391093071775,0.26987348884646906,0.3198990389716893,0.21998934412175009,0.3123645753632457,0.32449791051990867,0.4047280238828495,0.3389111520986769,0.33389223446860383,0.2690902014346845,0.3910668322628586,0.364544910406196,0.2711675113958857,0.34989985160825193,0.4816764042035476,0.18487993111146425,0.3156802611927915,0.19672989404074676,0.23650549617344632,0.10813450151352128,0.2925578859620995,0.6051508564239557,0.20172556447278783,0.41807561161902196,0.013979566895050977,0.29082201024085336,0.3922720712015838,0.20511175822558805,0.31171860784963734,0.22490914773857917,0.3284966224936596,0.2506485283620946,0.25593824125956965,0.23258265749173274,0.24338883374160478,0.20663111250705637,0.16647362814085334,0.4855355660730311,0.10321020852794885,0.3063545969334328,0.36670894414739985,0.1656099715404682,-0.05992523117314971,-0.010644388225279348,0.044672430719083826,0.04958025901180294,0.04294171677270002,-0.026256095626796472,-0.11713690934090124,-0.10659434948612785,-0.06417368022980394,-0.038397612990834995,0.18533857480027358,0.0016053868619499384
0.036367112613015784,0.24466576864827963,0.18748923597017061,0.1003814687140145,-0.05744339758795178,0.23753798485668648,0.07276917929134338,0.12466532554000417,0.10473516153559835,0.19642585669573118,0.18173269607116,0.17169567215890752,0.1831590720598181,0.1416971977702271,0.2050722569247972,0.1749962437945419,0.2588977563317353,0.30717694714924293,0.19637344832760978,0.2561496460933937,0.3520947539703615,0.13519246035504254,-0.10624900162002861,0.0975813930131895,0.19429154536288054,0.21914625095130344,0.20172556447278783,1.0351214755877352,0.21796969725465315,0.18033164367265364,0.3520585808215105,0.1956304370647725,0.5259473687855852,0.10873479487001397,0.6835048639409145,0.28257746574764525,0.5338526696141951,0.22560217181487613,0.15546831646497722,0.14581589957238691,0.3240655826901381,0.3537205490723516,0.4764847388019746,0.15152961185774053,0.6039822564578409,0.15668275337342707,0.26608828897931047,0.18363388375648668,-0.23194047163855683,0.41090730947470905,0.021016851421531695,0.5597332922412838,-0.9540131203944253,-0.003382872391325497,-0.04440906369712624,-0.06483700685304883,-0.0842386721098029,0.047484058228862584,0.05311504858682951
0.17788198492519164,0.3110462727807043,0.5372885943798547,0.43223130485684463,0.26996849340169476,0.6969015195182694,0.33916943989983056,0.5584790474245235,0.32878831437893785,0.5348847324179224,0.533116217324981,0.4213957003605893,0.5382021182694006,0.38973600517294094,0.44107092248631596,0.46881050538600444,0.6028660359047153,0.3730923275808085,0.48155684188381004,0.9350367331025226,0.36159854932289154,0.49829738524926637,0.5584550229933701,0.3526027184638858,0.487771279234914,0.030729759085652866,0.41807561161902196,0.21796969725465315,3.09888078413699,-0.4955011566224523,0.09932455026488582,0.3858706268048283,-0.23750691806494242,0.6691079062811944,0.7081981199233102,0.7003444074961163,-0.46972327881866255,-0.15964580186874075,0.6978633045466786,0.477253489043798,0.995586334986694,0.3345005242453307,1.0386881471188778,0.06328322367241515,0.7326143094134292,0.5461724625075889,-0.11691907253589576,-0.4106423368141647,-0.9983419381998204,0.10914819404757681,0.06870633232885644,-0.2713002916743612,-0.069946399203896,0.042107985765896055,-0.017195166939761215,-0.11969829288472936,-0.21268885731216225,0.2882965563793644,-0.027411155969093846
-0.07128022178157113,-0.09705951159554345,-0.8276703731205668,-0.2958223481371947,0.016284394378854237,-0.03893807159068604,-0.1385095795385577,-0.0817576544594148,-0.03255797909206357,0.07793589120338011,-0.0430372108179079,-0.07353118860086458,-0.0564168655764986,0.0312523385462816,-0.029944305824020395,-0.004004679801361447,-0.06703315070900301,-0.055652283931460926,-0.1959996021973385,0.1893333538742654,-0.10094784153893996,0.030249087381246327,-0.008865583226729687,0.4388362825139814,0.4847192046551773,-0.011442544347398475,0.013979566895050977,0.18033164367265364,-0.4955011566224523,4.036524803970791,0.42286731539626593,-0.11418998599756836,0.4941015568832229,0.22290844491297632,0.6127628244965209,0.9834841987405266,0.8994793120982424,0.34570373648469704,0.6102411143827247,-0.029151241246381278,0.5395098102465494,-0.11509982759983078,0.4062079399816676,0.0379474026429043,0.7041081883804801,0.522204778218286,1.9848686645588942,0.0790558375531643,-0.5421621808675068,-0.22736552226943446,-0.35238463909482276,-1.0458712594029855,1.1809765864390989,-0.016004645756538066,0.24893635654025972,0.12971093704575917,0.3004498529048468,-0.47664163689895467,0.023575289858916094
0.0880136704832986,0.2319743312584912,0.318811043378215,0.44039421544662266,0.14623496127873986,0.3594446888693081,0.22150488383778474,0.2452502651304622,0.24145926591753844,0.31648629729652933,0.2932403125135035,0.35062471235077464,0.2649931929103962,0.29052689414337557,0.27560995149119955,0.336238951950942,0.381473328860919,0.528638542131453,0.29376068646534115,0.3528996096969644,0.18708700083881835,0.3471622700391635,0.10169114933682966,0.4764766522842542,0.19330658214913607,0.4178218175890493,0.29082201024085336,0.3520585808215105,0.09932455026488582,0.42286731539626593,1.2892663084474627,0.2545389632777635,0.3498259260277686,0.2763464657719518,0.40416550978035914,0.6900708861467185,0.5252459767344253,0.391869020221735,0.13978194058633509,0.09005803519733281,0.3463824573225171,0.1588009291364492,0.39613439908622056,0.08752336705195807,0.5850964411175273,0.4771729409186621,0.5232384548379285,-0.06575239115469493,-0.23723481961290133,0.026128742837524782,0.022824772769988417,0.08998134383621612,0.02649425637528078,-0.17340739553079476,-0.01297363150008739,0.01242936085755699,-0.08627591468002378,0.053229107291216216,0.04485400702915812
0.12221487968253578,0.16002624794139467,0.36236716379181166,0.6500466184484677,0.2069092106137207,0.45665226787522684,0.28704132307015234,0.3375672945934667,0.27830084226759083,0.29049905436063156,0.3028279181071918,0.3676496914396724,0.3257537704223355,0.5300263805203579,0.29618439440547933,0.39578462449357227,0.305643544792678,0.278049820929062,0.37437674464235704,0.30718170343037243,0.19823643139980537,0.37411781121437077,0.2465612368970479,0.26263613495741067,0.14528734754882516,0.40651611054510006,0.3922720712015838,0.1956304370647725,0.3858706268048283,-0.11418998599756836,0.2545389632777635,1.0201057022098103,0.19678090113761207,0.0413694844572925,-0.042839085235983385,0.29496690723746366,0.1328717670764488,0.29952028136784165,0.04151976744061058,0.17409164073615876,0.0850551574342656,0.17916116740513155,0.321552918548861,0.08871715819580232,0.20646463550122807,0.38660705517274335,0.13077692964339035,-0.0696043877919945,0.18956545209292158,0.28940402686943795,0.08945740195833445,0.22304929288342462,-0.4926035599490068,-0.06757357690524796,-0.1232764437782174,-0.15218093523357035,0.02091346933470168,0.15725789588323785,0.0275323271204199
0.0389782309713148,0.1571792803400383,0.23103741319899368,0.38222685295332637,0.10839002426433483,0.10129279159172884,0.13620033553599178,0.06950591874671244,0.15282495377920544,0.1488578634859705,0.1202902997158272,0.23162190172789984,0.15159833803937053,0.1760276590713798,0.14321802011448764,0.18063320569929808,0.20739870393854234,0.429028714362237,0.12286970303482495,0.12669783886575667,0.18868970590685974,0.20150589035931546,0.07477708069389069,0.08504186125390088,0.24081474453139218,0.3262497706603968,0.20511175822558805,0.5259473687855852,-0.23750691806494242,0.4941015568832229,0.3498259260277686,0.19678090113761207,1.3527415091789192,0.2170663942161427,-0.12776080934828515,0.24297920734265108,0.888006289328114,0.4145300896004409,0.08427280202148849,-0.08005455920784754,-0.05665875308564109,0.19861853856111583,0.43098071763220186,0.1926404824546767,0.5168322617106947,0.24157745948214257,0.5795039893086652,0.1847649792242413,-0.04227724581254583,0.19467444165321499,-0.046112083865524144,0.034909139109298624,-0.09689918248522664,-0.20796900778877778,-0.10654409334388391,-0.06748948532183874,-0.1732031345386561,0.2022323411259945,0.06108012475823252
0.03147869203043838,0.1781028758253096,0.3451339134559348,0.4706353410982078,0.4528270414087086,0.4685514916441003,0.33185497421115434,0.45117808255884295,0.20306658293410335,0.47163891467029406,0.39995230319209274,0.41781903928030706,0.36259909342027985,0.2484674667529661,0.3074042729706036,0.3737799332972182,0.42870987582910935,0.4184155509786585,0.4328155962342474,0.6994286376500656,0.30734591886541485,0.3759554510247562,0.38971651863957135,0.39157732425038594,0.8429112716265535,0.5696771616008676,0.31171860784963734,0.10873479487001397,0.6691079062811944,0.22290844491297632,0.2763464657719518,0.0413694844572925,0.2170663942161427,3.0356976396844284,0.6860888326871162,0.35029585906902494,0.5564267377872243,0.33253600368573943,0.3681457201632817,-0.17490677556555936,0.3096540297629774,0.28397690542706094,1.324237657527383,0.1624699383875684,0.9484676600879179,0.15417311668943523,0.3388368409348168,0.055696326236245604,0.6512793675688354,-0.3209056145706895,-0.004329164421800154,-0.30151474039749754,0.5197445940207943,-0.21657158478502037,-0.01681396976944707,0.026503515452036153,-0.15785802036607033,0.24501523986069065,-0.008623843117580628
