0.6562534168246366,0.31385968293403715,0.5431625661859844,0.11137493001120492,0.17953585892007926,0.16834654029224094,0.1938493960900432,0.1520736295200627,0.14818508200093225,0.13389730814963746,0.15674079342270644,0.1807400299020659,0.14459483677320484,0.16512310744409794,0.13471101796552692,0.15082925570205732,0.14667662820143812,0.17546874074214122,0.11826343038111392,0.14582588890658896,0.13519449467549852,0.1560629266764955,0.107798245891258,0.09019825330196415,0.14285146217251501,0.13333105102671222,0.15032667375433592,0.10227015539580178,0.15487173370587567,0.10016209247202394,0.13309211667805207,0.14880444603440152,0.09831851936716161,0.07452987257153443,0.12171785184443759,0.11825362032202559,0.168727129689732,0.10394876828189233,0.1236904993029923,0.07073153279318913,0.1308463702460914,0.12980254673527256,0.1793643410032511,0.11015152015126234,0.13756821136208888,0.12041309270786776,0.13959052859104185,-0.002539626785082981,0.1348812439582166,-0.04546993923832694,0.011503971107024547,0.013249175269113917,0.020000929134669932,-0.002619228392759192,-0.0012557625564487511,0.018247871172001048,0.008301855956296044,0.1510207185531042,-0.21537813373386833
0.31385968293403715,8.195572762062723,0.674136092259523,0.1258426996526204,0.01351882649639859,0.11946766689420843,0.10116144975327991,0.08474794742998959,0.0436254183104647,0.20906306640911954,0.24102232621905798,0.3384745968157373,0.29558288054006915,0.2142830034613422,0.19685892524560833,0.2200784463110321,0.3332313474668006,0.6117772646440743,0.14049011952483817,0.36601953112563645,0.2924117074103836,0.15197669455064974,-0.0272417524154385,-0.004142947827753819,0.33020436633412187,0.08204542494670988,0.5921847838227066,0.24332602035851927,0.8182936771977397,0.050030898084461026,0.2744825982873147,0.18453760638563038,0.16507274253130363,0.27217861193423837,0.3845060091019807,0.3189342698320234,1.0218196013721763,0.20549835720937168,0.0684437524915963,-0.22627873993989642,0.38282668784239443,0.26844120332944804,0.3222422480066665,-0.04556104317062485,0.2910631743633542,0.19848052360861393,0.2188314307169755,0.010158530380458183,0.17616670068032766,-0.7888614250382977,0.409756349756441,0.26099097783242275,0.14550797278024383,-0.041177730389774986,-0.8610577437942661,-0.26330394161074605,-0.48087976726811166,0.2706531066705036,0.990582476458415
0.5431625661859844,0.674136092259523,5.717191139720839,0.5047065200548294,0.7452714681841575,0.8424173643373561,0.4388548212468222,1.3240146318779926,0.6998842052162906,1.0586720538386751,0.8481165685835194,0.7916505579173466,0.9470754818300336,0.5897510068036497,0.5805611380598894,0.691768335016943,0.7546989323985169,0.734644283350474,1.2444241132549194,0.6040830279751446,0.7206217612051229,0.7400289458836694,0.5623344414165106,0.573699052111814,0.7006712852940842,0.5179022046808063,0.6822701904891898,0.47970076306099435,0.9307508753323882,0.3526260340355787,0.626039921465035,0.5703061208060225,0.36199988290005614,0.9664856072902231,0.8194259175888323,0.7154347044156002,0.6951959153812833,0.391488510021581,1.1329247734570942,0.4119748957205266,0.7501464890546125,0.6374814473298319,0.6821146345640234,0.6164533773804004,0.3318451352030899,0.5693497863572481,0.6832789342582362,-0.031411322288346734,0.02353343463382777,-0.0800964681941127,-0.0031167847512122288,0.02860264732830374,0.16113402615060338,-0.040671297759990885,-0.11156059058661433,0.28196334606663204,-0.45413222249111845,-0.21236613872651874,0.20632349470353173
0.11137493001120492,0.1258426996526204,0.5047065200548294,1.063502195510663,0.7081997379259048,0.4471636242369259,0.3737702187507647,0.3201853833999924,0.2688883929970675,0.26174398673081944,0.3231271104960519,0.4080424729944459,0.35071324527732045,0.36303851348679606,0.32091553994655103,0.4130259401713623,0.31237068719861827,0.2552757442008292,0.25134252892363274,0.310343125988787,0.2741747035096998,0.34352769227607033,0.18784448553997773,0.20232808140734626,0.22829084797185917,0.2673205915076149,0.27451331392857625,0.13325306635810377,0.37585957253083463,0.07341439765519082,0.24096653178989505,0.3484599233830777,0.18059844820872611,0.41984042278841005,-0.015696202749650813,0.3274605262758529,0.39145965141851113,0.20457670442622716,0.2596724773934925,0.09257468356543325,0.17469790876193153,0.2692198078523048,0.32211210478050734,0.1798458958231313,0.14289107709340657,0.2171093395431269,0.22097911186132765,-0.007820732972506952,0.15223657531326637,0.1613591858200002,-0.07143550257866574,0.03948984702586606,-0.12002400501596641,-0.16103768337166194,-0.11861488361231134,0.08894323753489565,-0.44551529173363896,0.3241569736180284,-0.008575807646727286
0.17953585892007926,0.01351882649639859,0.7452714681841575,0.7081997379259048,1.5788593537398063,0.47517494901964125,0.34694337665778413,0.31588848879173687,0.20655713138271778,0.317192567863457,0.3662292633043333,0.4886571227675806,0.39592272138019785,0.3460735442270026,0.3012615504771127,0.47918899111887225,0.30015287896271775,0.28685075218201084,0.2843609441718312,0.27449784132498944,0.2543091625540231,0.34641420123541045,0.21663495843824757,0.23509112005745117,0.20464640033681786,0.27623738722855745,0.30800821239236936,0.09931311101228438,0.3154849440206667,0.06177688970050574,0.26812427099759906,0.35226061167399353,0.1790559561881894,0.3919037369015556,-0.07602228548649118,0.39134292905675944,0.2944668517447012,0.17886353724858128,0.2555566105779301,0.15473919806355646,0.16034917547604172,0.2684217030885436,0.17758386852162292,0.16713539700614793,0.026669238246118433,0.20899723217324911,0.24480777891795297,-0.0053549995482931895,0.21643015265006657,-0.10882062326417309,0.07252961188033054,-0.04569893512006758,-0.010847134957641837,-0.011676103560033584,-0.17652650639143228,0.1561423275186818,-0.21540896817134284,0.18243085682606036,-0.10598220594225599
0.16834654029224094,0.11946766689420843,0.8424173643373561,0.4471636242369259,0.47517494901964125,1.0013194650749688,0.27107727778928925,0.1941269935721474,0.24347108378247578,0.2819377289294351,0.3529086425668139,0.34002582092336164,0.31028094347018703,0.32887701288377125,0.2999404399715414,0.34610276384988253,0.32242570899225304,0.25540341029330177,0.3012656753914197,0.4713180514755861,0.302838836044475,0.3181132017269518,0.19814847277042655,0.24933303129036555,0.34176870239403867,0.2811101759357408,0.2924194333203003,0.21563884052467064,0.5301087379411703,0.1204423936375322,0.26143544776164035,0.36474334394272184,0.05811281676423981,0.46257000006544985,0.09595147885306568,0.2875770376070203,0.4184017914242801,0.27736803709454017,0.31894313936671087,0.25703254518371726,0.18522694174198218,0.2894601244335935,0.4462179517588773,0.2642540682201301,0.3168234649388641,0.18968758280097836,0.3600224066706858,-0.0033876217067954646,0.1286577067118074,0.23797399241079623,-0.17501536253398717,0.06714307236069823,-0.27966218997171943,0.0281336517257742,-0.0982158429914879,0.14245043654128112,-0.24936093800936848,0.18811740747766864,-0.06482772538144292
0.1938493960900432,0.10116144975327991,0.4388548212468222,0.3737702187507647,0.34694337665778413,0.27107727778928925,0.6025560574542754,0.1317551112252842,0.35956059757733,0.17982894390933066,0.2889272148488648,0.3683445387888429,0.271239404975821,0.1796115894510629,0.2361743945947917,0.29739484178602754,0.29959679378206494,0.20483450645193965,0.2123674894430327,0.22119478055268363,0.24072120065403416,0.3368874200414307,0.11505661371853726,0.19068074035111615,0.21815639902847536,0.1805084106944934,0.2341062495792772,0.16725712368247952,0.26150756939907105,0.09157962010450105,0.24976794208854403,0.19540613336123283,0.20234579964615232,0.28732873664708314,0.10017352396033984,0.277831301609012,0.30572777639279375,0.1586935595914,0.16913875090476407,0.06907371948741219,0.13190834451673553,0.23867188220920424,0.2424855861800255,0.15476768466317398,0.16699335287326364,0.22172054611479058,0.08145130188910071,-0.01543697799855387,0.23012952730180578,0.13651164327116308,-0.0422404285832779,-0.06057612136413942,-0.04275062795716131,-0.14574491525241584,-0.05459871608214423,0.1420259249025475,-0.1323000359042687,0.12347825685442661,-0.20643677155542817
0.1520736295200627,0.08474794742998959,1.3240146318779926,0.3201853833999924,0.31588848879173687,0.1941269935721474,0.1317551112252842,1.2685237064592978,0.21221075249060056,0.35694473218512884,0.3729200854243002,0.23907821183755448,0.5400981362709474,0.32743024762240647,0.24161045106409065,0.3381902193439006,0.327321155041804,0.3578258780693648,0.5667154822799151,0.36690299523048564,0.3448966043098206,0.29258764651056307,0.22274811137645062,0.18135689854876053,0.30051573199695436,0.3443682464052285,0.30300203577711704,0.19423382135103215,0.40260537801308155,0.09434432062895078,0.28482260726223935,0.2804788508064871,0.09695692361947672,0.48835238933725067,0.48086715237511046,0.22700097729754237,0.3463977756389971,0.1984349736414375,0.832630055350907,0.19472475154664867,0.3966929906712148,0.2848323958037626,0.410101538842123,0.2817622317550769,0.25263920053746863,0.3025158683415373,0.3311297884042277,0.0006329201605060089,0.17496307411664364,0.10139338697738966,-0.07991005952589417,0.16889731037164107,0.0052635420241957925,-0.2047493859111651,-0.12453444775172834,0.012714033916621365,-0.12974075542153235,0.2385259041917723,-0.11926475205993096
0.14818508200093225,0.0436254183104647,0.6998842052162906,0.2688883929970675,0.20655713138271778,0.24347108378247578,0.35956059757733,0.21221075249060056,1.0765575756372505,0.0946029187339478,0.26237494502868386,0.2836282487252758,0.36026948798812036,0.19472376365321306,0.35541080091352106,0.22866804835230817,0.33042872294476633,0.1886143362356604,0.5925042864878252,0.2611450692895677,0.3057228909552373,0.6154120778292894,0.08590434792795572,0.2564379707129668,0.25197859764789204,0.23961564996554913,0.25995486679261925,0.2192771954003243,0.27147904685960383,0.162006693028067,0.34334498588298906,0.19108096712586448,0.30055763820225984,0.39317015316115367,0.20925662739171252,0.2912542728827531,0.38560365418804693,0.2040253145382389,0.35748956164613144,0.09449075902927327,0.2139398731648041,0.28170738225255176,0.2838713101493969,0.2211124853854335,0.14279000071641745,0.29700257173686895,0.0903831426121914,-0.043695076070897176,0.5033225462875162,0.15325503015177933,0.023163969811295315,-0.17846851581186132,0.10644177096083758,-0.22258256020555264,-0.03194971378481294,0.2023725344868884,-0.11135511932521854,0.06309378371579911,-0.2202455373952398
0.13389730814963746,0.20906306640911954,1.0586720538386751,0.26174398673081944,0.317192567863457,0.2819377289294351,0.17982894390933066,0.35694473218512884,0.0946029187339478,0.8493781527998754,0.2879934135619413,0.24790648812966432,0.30684071964373005,0.23954429134178887,0.21070142982219847,0.31469651792165887,0.280586741820396,0.3275034072015725,0.24371145997998664,0.13873372379769008,0.22687276185649435,0.2303909510014153,0.2739821917150463,0.24306400147865276,0.26680568053935216,0.15750737948723187,0.2505766944388826,0.2222268641313493,0.34600700988371613,0.23561544881503751,0.24550948696317268,0.2567958879048797,0.1279395705326876,0.3418018598950029,0.29072108215519604,0.29236236410521826,0.25470433615728116,0.09969711989771428,0.30391940794190697,0.14553824935432574,0.3265779540316877,0.22856173187845083,0.19242257073336425,0.25026525304346053,0.016770930389730522,0.17904884433789395,0.3546221185446359,-0.013415193482147246,-0.03389168757168194,0.0843854800268744,0.037328420854746615,-0.04685175954861697,-0.08751668227492077,0.05664057983627268,0.029041686873061853,0.11274535063785628,-0.1577934774848802,-0.2563363323318449,0.21942018463702279
0.15674079342270644,0.24102232621905798,0.8481165685835194,0.3231271104960519,0.3662292633043333,0.3529086425668139,0.2889272148488648,0.3729200854243002,0.26237494502868386,0.2879934135619413,0.5832746202516055,0.4092206515898052,0.36439023999561876,0.2521286849794611,0.31846271157710654,0.3225517229512413,0.3707921311471488,0.29435261915234695,0.20701979526184466,0.3497625665916082,0.27901245114348544,0.29738175132791717,0.1945079962482405,0.21642303618608966,0.24068661960107757,0.26160598729567036,0.27639605463893224,0.21171247721831998,0.3586655721745557,0.08964633599593481,0.2775870502344683,0.2514922266846085,0.13236663817535424,0.3700701639026689,0.33629346445142233,0.29614367171835615,0.28570764044243646,0.21005357133134997,0.3488807541693868,0.10615498489024679,0.2631472963301371,0.27345783477988045,0.3006622238200654,0.2118897014959343,0.17180640305677777,0.24478522820767123,0.24332861537008754,-0.006567686501515656,0.08062023876593612,-0.10886855600142548,0.0014762968548382351,0.0793874041879818,0.06249787404543829,-0.05782845654997327,-0.14170922460959745,0.09323032334466423,-0.16303845590250457,0.17004740252976713,-0.15075680398219762
0.1807400299020659,0.3384745968157373,0.7916505579173466,0.4080424729944459,0.4886571227675806,0.34002582092336164,0.3683445387888429,0.23907821183755448,0.2836282487252758,0.24790648812966432,0.4092206515898052,0.7916292755469775,0.34320394850932096,0.28043566826163735,0.3343562201154316,0.39019613093178673,0.37854363927011464,0.27006365339198907,0.26975957356011543,0.2768986638504299,0.2540485498832085,0.33312230839580187,0.16583075161449548,0.19567156156571613,0.23485678014968644,0.2511521058378336,0.33302830749282153,0.15918860366478865,0.3178290690174775,0.006962785780371415,0.2515279181174559,0.27915901842715624,0.1526516482691596,0.35830093407040897,0.2783371097914837,0.32744367699189386,0.24465160940666217,0.1887243883366499,0.1885872987678255,0.058830216309146824,0.1858524337246477,0.2676063538691587,0.2816622681722959,0.14422998354234212,0.1562121284052029,0.23874832001008342,0.16871674841847245,-0.003996706959271451,0.19609133315119912,-0.3194890647024218,-0.056096491255636864,0.21673705984089062,0.1445773965763592,-0.07539646870149423,-0.1746515631932491,0.1519211802498708,-0.1691086871315378,0.24320822843202064,-0.31277365048984906
0.14459483677320484,0.29558288054006915,0.9470754818300336,0.35071324527732045,0.39592272138019785,0.31028094347018703,0.271239404975821,0.5400981362709474,0.36026948798812036,0.30684071964373005,0.36439023999561876,0.34320394850932096,0.9186728551123662,0.28155222896681553,0.2122978585469824,0.35658831277449726,0.3679002390600724,0.23844593236118594,0.6011545607681603,0.3367182718848257,0.3662274898201174,0.3781395606479479,0.17936728568688542,0.2525125715034425,0.3106436490785986,0.3321883919910225,0.34058667861346553,0.2557467049908324,0.44483007460561635,0.0825374754394905,0.27838330146973295,0.25438442148958945,0.1580452090149114,0.446317505840224,0.4353230540135161,0.30650846246012275,0.30325195887203826,0.18661480103296477,0.712330764279071,0.18596704876765432,0.3778891176810151,0.3086910019440788,0.30006114845444537,0.3485581116757246,0.08440955332089004,0.29997904183355123,0.16835458195837408,-0.015718892487088756,0.1486408829940736,0.07189189194561851,-0.0657185030501471,-0.02204776233660117,0.05967167496423094,-0.08400202180426643,-0.0689626303454238,0.02197578656555679,-0.24072904346076263,-0.09291289900284229,0.2559876037788726
0.16512310744409794,0.2142830034613422,0.5897510068036497,0.36303851348679606,0.3460735442270026,0.32887701288377125,0.1796115894510629,0.32743024762240647,0.19472376365321306,0.23954429134178887,0.2521286849794611,0.28043566826163735,0.28155222896681553,0.5388837638172838,0.3186589296663877,0.3160145045908638,0.26185466747696357,0.19673128838034448,0.2522772694120791,0.30704399073251115,0.20699419982136935,0.26064239254224036,0.1257430943462877,0.1790434626015817,0.23676107287205422,0.25012548757382164,0.2519665899388112,0.15325551601190476,0.3348502706801883,0.0933113685394639,0.21462096618685597,0.46670462545798685,0.0772174422487705,0.36900636752369886,0.2044511914753702,0.19774231137911744,0.30320273914062357,0.19761491623547506,0.23288776460836805,0.07155414750219177,0.26891169851749264,0.2188257222445815,0.2863161586557573,0.15643473586709553,0.09671507100734615,0.17323823985153822,0.21574298962008623,0.004574240725643107,0.34733977281797346,0.04147483369069902,-0.03319021868876387,0.07162446502575344,-0.02689169841454233,-0.053765062188541934,-0.14175741212516035,0.10432826612335909,-0.24277292989991447,0.1887250723882412,-0.02751264418632565
0.13471101796552692,0.19685892524560833,0.5805611380598894,0.32091553994655103,0.3012615504771127,0.2999404399715414,0.2361743945947917,0.24161045106409065,0.35541080091352106,0.21070142982219847,0.31846271157710654,0.3343562201154316,0.2122978585469824,0.3186589296663877,0.9825732628193006,0.2625910226445355,0.35824899762211015,0.2677557474106832,0.31862108167612635,0.3507995734276204,0.2564146462181162,0.2977996254062912,0.07743290613490933,0.18512362140266977,0.25236145616438455,0.2369328592940017,0.22267094862724923,0.3012918248307106,0.3643643975744448,0.0832118184808276,0.3122546306986368,0.3184194662574248,0.16144072808090562,0.3736477212386169,0.20253043222983175,0.19478166741437267,0.4718115427087777,0.21422961122276982,0.3138367070987641,0.08069684313235195,0.26010163801445363,0.26223805684054535,0.3616044261351959,0.14542152071579584,0.234583365357017,0.246671348806295,0.1755470467103342,-0.007492534816290593,0.24745299638456458,0.3939298323345688,-0.2028732076650236,0.3147828285271483,-0.3855959711945332,-0.17883956640349963,-0.08645280653793895,0.2133438720791227,-0.30382010488668415,0.2457344032492515,-0.17951111856106794
0.15082925570205732,0.2200784463110321,0.691768335016943,0.4130259401713623,0.47918899111887225,0.34610276384988253,0.29739484178602754,0.3381902193439006,0.22866804835230817,0.31469651792165887,0.3225517229512413,0.39019613093178673,0.35658831277449726,0.3160145045908638,0.2625910226445355,0.7610452616053838,0.3772954115679593,0.3004606728597022,0.26935446949650427,0.20642460325366457,0.2659187389000742,0.48048891975513996,0.2383105107654279,0.21365351004644323,0.22003154871507719,0.257250512260838,0.309842639114111,0.21781981141585338,0.356736836298062,0.06161964151092579,0.2580698007009174,0.2999804714184634,0.09986667063254695,0.4065848159610167,0.36158868200485944,0.2864527958539323,0.27983213822872466,0.1676282546875175,0.3309149620343054,0.11024902987398955,0.311367634688969,0.2879371476314991,0.3490951605435314,0.2904225359255453,0.13197693438811087,0.22221544692893322,0.25275364495520325,-0.05167340343158842,0.21910103590788177,-0.09130182306560998,0.023011591224966682,-0.0526539336867724,0.018669364480934123,-0.05227351189455311,-0.12607629144561894,0.13233802841099002,-0.23837162053296357,0.19231141166382787,-0.13418497889211822
0.14667662820143812,0.3332313474668006,0.7546989323985169,0.31237068719861827,0.30015287896271775,0.32242570899225304,0.29959679378206494,0.327321155041804,0.33042872294476633,0.280586741820396,0.3707921311471488,0.37854363927011464,0.3679002390600724,0.26185466747696357,0.35824899762211015,0.3772954115679593,0.712571608638932,0.27725617070283737,0.28447295331875155,0.36851775986565516,0.3114189236537072,0.38145057836896323,0.10992998067895067,0.2206348451704747,0.3057665076785381,0.28084625275068853,0.2853547528583887,0.42782162443049393,0.3661551189850295,0.06464748034813557,0.3311924799436356,0.26078195230406354,0.23153143294349496,0.3433755199299482,0.4612043669358213,0.3178659731444237,0.4828412857675032,0.2526532186450566,0.2226245685344159,0.056901487802311544,0.32366279857153296,0.3718629193596746,0.3791876956437483,0.23852791753508673,0.3527643899329493,0.2820228081888106,0.24907038859775665,-0.009426467818876369,0.07718430213859402,0.12717793478504738,-0.0681322617859406,0.1440521227591077,-0.08601325715601563,-0.07608007502664768,-0.2418996008822789,0.12080027557865097,-0.22222130744645824,0.18608470228320328,-0.21736173164155165
0.17546874074214122,0.6117772646440743,0.734644283350474,0.2552757442008292,0.28685075218201084,0.25540341029330177,0.20483450645193965,0.3578258780693648,0.1886143362356604,0.3275034072015725,0.29435261915234695,0.27006365339198907,0.23844593236118594,0.19673128838034448,0.2677557474106832,0.3004606728597022,0.27725617070283737,0.8323680347677737,0.09695812751275572,0.13696322599861488,0.2655003102254819,0.2629459946865606,0.48211940470552633,0.14092604647247406,0.21160558468596985,0.38225027461990013,0.1465956111355517,0.17920035664700554,0.2945291933707127,-0.04697703666064261,0.34599843143060593,0.17174551481497202,0.13764729048207694,0.3142640367690643,0.22691172627725323,0.24584926614276395,0.36286665911193594,0.12746559874063065,0.304754061524362,0.08748737301954271,0.2759924527220326,0.22013171990562075,0.375112000162883,0.31197797959496454,0.3321862765656977,0.22913605283476832,0.39278184133495464,-0.00868355167240612,-0.002853378049150179,0.07889135083246542,0.06829066534075558,0.10845734562965181,-0.10753165559278462,-0.11367165343701965,-0.0780843311716926,0.06920071862757231,-0.04809047826019629,0.26490707655518225,-0.3489541382639348
0.11826343038111392,0.14049011952483817,1.2444241132549194,0.25134252892363274,0.2843609441718312,0.3012656753914197,0.2123674894430327,0.5667154822799151,0.5925042864878252,0.24371145997998664,0.20701979526184466,0.26975957356011543,0.6011545607681603,0.2522772694120791,0.31862108167612635,0.26935446949650427,0.28447295331875155,0.09695812751275572,2.1202672516492003,0.24730746456223507,0.42939993749399397,0.4644006487539282,-0.11971559307625265,0.23775663688047705,0.45381718735683935,0.12146219081858965,0.3101268371983968,0.21736024030989531,0.47023985325806805,0.21733544387166226,0.3670746296923019,0.13097631508437568,0.3720923525955684,0.39691005625800085,0.22037122310685,0.34713644170000113,0.49952920453392313,0.19778872922004934,0.9639833232842769,0.32313513848992004,0.28818747587518534,0.3220518884062036,0.3159269515935526,0.21135069115222382,0.2984360693627119,0.4700016937820102,-0.008088981958271487,-0.01645842465715695,-0.009761058997380775,0.6058788831712593,-0.3392710064416039,-0.17408436693063287,0.19007376308241364,-0.2966799439501099,-0.046337298087007144,0.13504558937142713,-0.13829047249451182,-0.017046232263399512,0.05102332095758658
0.14582588890658896,0.36601953112563645,0.6040830279751446,0.310343125988787,0.27449784132498944,0.4713180514755861,0.22119478055268363,0.36690299523048564,0.2611450692895677,0.13873372379769008,0.3497625665916082,0.2768986638504299,0.3367182718848257,0.30704399073251115,0.3507995734276204,0.20642460325366457,0.36851775986565516,0.13696322599861488,0.24730746456223507,1.4250700339091071,0.2783952979632221,0.21182401919516394,0.042723723550867655,0.18561452192312633,0.38709804386152463,0.3761760334239172,0.3358741004430161,0.2614813296467171,0.5427285972089244,0.07337729186015977,0.29901083634557873,0.3136127599049374,0.027679153480723077,0.5212355951369866,0.3888949658110435,0.05538444460729941,0.7026647102003937,0.6611856293818352,0.6903837472747177,0.25057988323325,0.2893225887581962,0.3254573771100599,0.7369598839110643,0.12000618823540524,0.6627017912913934,0.28271090002411225,0.009710008307857133,0.08253723848042445,0.6552845631965586,-0.040090912278723176,-0.09700549451094766,0.26278565724406316,-0.11362127478478978,-0.15896192818130034,-0.15153829927230936,0.05597017622556916,-0.22418316779246591,0.2657655531596855,-0.052222103510463705
0.13519449467549852,0.2924117074103836,0.7206217612051229,0.2741747035096998,0.2543091625540231,0.302838836044475,0.24072120065403416,0.3448966043098206,0.3057228909552373,0.22687276185649435,0.27901245114348544,0.2540485498832085,0.3662274898201174,0.20699419982136935,0.2564146462181162,0.2659187389000742,0.3114189236537072,0.2655003102254819,0.42939993749399397,0.2783952979632221,0.545053096762772,0.29131868937234895,0.20560477842122615,0.20138041527158662,0.3403621766236654,0.1570580336395377,0.2370635321272377,0.21437441224734718,0.43812060864468494,0.17051139266282783,0.305236620021555,0.18146323168285897,0.21198848606720158,0.34317142057777333,0.2808779247348566,0.32069484362146805,0.46505200951079834,0.22959439579942428,0.46856380854319374,0.2569799341793209,0.3447262802544511,0.38926834675918814,0.4739691028265222,0.3066437284400662,0.4915483327415319,0.2800764977910012,0.2415966205411233,0.001492758719915288,-0.09032086220621328,0.22186913220841029,-0.08838060301606959,-0.03465128117073097,-0.021009227251985764,-0.12386976744781465,0.03228975719869045,0.06660743083483935,-0.21382067549115658,0.039359468773293785,0.027928509364713257
0.1560629266764955,0.15197669455064974,0.7400289458836694,0.34352769227607033,0.34641420123541045,0.3181132017269518,0.3368874200414307,0.29258764651056307,0.6154120778292894,0.2303909510014153,0.29738175132791717,0.33312230839580187,0.3781395606479479,0.26064239254224036,0.2977996254062912,0.48048891975513996,0.38145057836896323,0.2629459946865606,0.4644006487539282,0.21182401919516394,0.29131868937234895,0.7675620449693611,0.18579096616129612,0.2389331046152132,0.2528973451958662,0.2568374372919091,0.2847803736147239,0.23107982075188277,0.3395301792735856,0.1018082038538834,0.30450543460859025,0.25808715670028604,0.20268620746417437,0.4258533144168231,0.30539215732062974,0.29696762683356204,0.3382931496407421,0.19234197223384372,0.3875310951450972,0.11614206128669105,0.28898211898898657,0.29417349830708206,0.30187466688034914,0.30531654376510997,0.10125764473406806,0.2783580730969242,0.18113570476815957,-0.09367642029494153,0.5124093486579128,0.06064951563414228,0.025500502360455257,-0.18071828499101833,0.050495559362734393,-0.1260883602856208,-0.0982549546257033,0.16077853118985397,-0.1633683443310804,0.11795652592610482,-0.1740400085669428
0.107798245891258,-0.0272417524154385,0.5623344414165106,0.18784448553997773,0.21663495843824757,0.19814847277042655,0.11505661371853726,0.22274811137645062,0.08590434792795572,0.2739821917150463,0.1945079962482405,0.16583075161449548,0.17936728568688542,0.1257430943462877,0.07743290613490933,0.2383105107654279,0.10992998067895067,0.48211940470552633,-0.11971559307625265,0.042723723550867655,0.20560477842122615,0.18579096616129612,1.3556668863624897,0.283371913090835,0.40631352339014354,0.0746086743929828,0.10703814510717476,-0.05000110127604309,0.3994853339393416,0.16197160108164455,-0.09213663321685032,0.11909815584206138,0.12404640379210374,0.33919810522559746,0.04756603028147964,0.3310392464775553,0.058388300264430065,0.047872104128075334,0.37760006018663916,0.10648447408049991,0.28492774320176,0.13345810835054692,0.20924515871792362,0.5368164915404918,-0.17529242655532193,0.19273836614157527,0.36468272664788237,0.02548575489956266,0.007786650270074834,-0.18989539975599778,0.12532680888087805,0.09276932755362267,0.04507962064354542,-0.0545578200581246,0.0008242361030988149,0.026764797962792287,-0.14396310250068212,-0.156535536241915,0.19669090743133497
0.09019825330196415,-0.004142947827753819,0.573699052111814,0.20232808140734626,0.23509112005745117,0.24933303129036555,0.19068074035111615,0.18135689854876053,0.2564379707129668,0.24306400147865276,0.21642303618608966,0.19567156156571613,0.2525125715034425,0.1790434626015817,0.18512362140266977,0.21365351004644323,0.2206348451704747,0.14092604647247406,0.23775663688047705,0.18561452192312633,0.20138041527158662,0.2389331046152132,0.283371913090835,0.4455066972896632,0.2655904054149333,0.05853045185035408,0.19692400887468836,0.1834049840475255,0.2644425634778745,0.34346094139356736,0.23683514332043215,0.2040600431359097,0.3098422541494177,0.25313835172981836,0.15257271493466662,0.335183261126937,0.2590358522468527,0.12714582037435324,0.20062343943797353,0.05667708981215225,0.1707299103369064,0.1963726145287224,0.11915021533697272,0.20630475588562824,-0.0732814893794873,0.18756632157327308,0.2682024486502203,-0.001952827724829344,-0.03148615334879356,0.05058503336587064,-0.00736676055642936,-0.019236013847499327,0.015482428901528596,-0.07409677652547704,0.08059063829472068,0.13851039184636527,-0.09359560044472845,-0.4127979475964154,0.26017161169054015
0.14285146217251501,0.33020436633412187,0.7006712852940842,0.22829084797185917,0.20464640033681786,0.34176870239403867,0.21815639902847536,0.30051573199695436,0.25197859764789204,0.26680568053935216,0.24068661960107757,0.23485678014968644,0.3106436490785986,0.23676107287205422,0.25236145616438455,0.22003154871507719,0.3057665076785381,0.21160558468596985,0.45381718735683935,0.38709804386152463,0.3403621766236654,0.2528973451958662,0.40631352339014354,0.2655904054149333,2.0041329827721466,-0.12824820538556422,0.24338830328901595,0.18525163684064094,0.9946072104668734,0.676617230674322,0.10202638760204812,0.2235721274403919,0.07723524989122549,0.7191811570175648,0.4492343515574813,0.18146161236817973,0.6263100274192901,0.24353475145396403,0.8963114792998036,0.2554405104695923,0.4484282481857781,0.30606196338724423,0.5800178633404851,0.3928986046311575,0.2295702019638496,0.4728661950346337,0.43627067903872657,-0.05635330691313706,0.24016400112894012,-0.1062219224551867,0.0024291464707030443,-0.027475881886278322,0.056298842963250356,-0.147696583121199,0.012993706498144384,0.2880537332801645,-0.2521875766452534,-0.04116202517820602,-0.024265372250585344
0.13333105102671222,0.08204542494670988,0.5179022046808063,0.2673205915076149,0.27623738722855745,0.2811101759357408,0.1805084106944934,0.3443682464052285,0.23961564996554913,0.15750737948723187,0.26160598729567036,0.2511521058378336,0.3321883919910225,0.25012548757382164,0.2369328592940017,0.257250512260838,0.28084625275068853,0.38225027461990013,0.12146219081858965,0.3761760334239172,0.1570580336395377,0.2568374372919091,0.0746086743929828,0.05853045185035408,-0.12824820538556422,1.6073582580872974,0.2602401216164558,0.2556449365280706,-0.023408470898506135,-0.6851227749162762,0.2561680870717226,0.25980683060078824,-0.06973378715218859,0.2828654681712812,0.3839191576579456,-0.06508104030478068,0.014797920494506648,0.21549487562305164,0.21498948946396246,0.23969925032052813,0.2333409916269411,0.21667451178905264,0.3731966395260814,0.20878969292282423,0.6634822786528839,0.0676534862091229,-0.19471750328527898,0.01424768509625804,0.19447771086663015,0.35327030134582454,-0.18673797958994212,0.09952420588519095,-0.24531080755361628,0.0021721301320542412,-0.12362504378574898,-0.03654665706449164,-0.09660253728991741,0.39169146489648154,-0.2674198035397377
0.15032667375433592,0.5921847838227066,0.6822701904891898,0.27451331392857625,0.30800821239236936,0.2924194333203003,0.2341062495792772,0.30300203577711704,0.25995486679261925,0.2505766944388826,0.27639605463893224,0.33302830749282153,0.34058667861346553,0.2519665899388112,0.22267094862724923,0.309842639114111,0.2853547528583887,0.1465956111355517,0.3101268371983968,0.3358741004430161,0.2370635321272377,0.2847803736147239,0.10703814510717476,0.19692400887468836,0.24338830328901595,0.2602401216164558,0.8601502294589054,0.23712291108847747,0.3094343134982581,0.14785442956313485,0.2467314002918818,0.28408911291346983,0.20102883386669407,0.34022380818032283,0.27992472398380813,0.4248275454245603,0.2942464245840907,0.20144928086565542,0.25631148344141735,0.1343726125711611,0.2691851866392254,0.27531332869111413,0.43832374147475966,0.034273990917940755,0.12529572678693102,0.28542478460099757,0.1624445239613534,-0.010607316114567849,0.07515775471251739,-0.0945672204016905,-0.03355263572766656,0.1062257298967968,0.019124663329475555,-0.06332277697734509,-0.058049409990276565,0.14447286910996276,-0.1231388283520469,0.10229091517876213,-0.10339829217178202
0.10227015539580178,0.24332602035851927,0.47970076306099435,0.13325306635810377,0.09931311101228438,0.21563884052467064,0.16725712368247952,0.19423382135103215,0.2192771954003243,0.2222268641313493,0.21171247721831998,0.15918860366478865,0.2557467049908324,0.15325551601190476,0.3012918248307106,0.21781981141585338,0.42782162443049393,0.17920035664700554,0.21736024030989531,0.2614813296467171,0.21437441224734718,0.23107982075188277,-0.05000110127604309,0.1834049840475255,0.18525163684064094,0.2556449365280706,0.23712291108847747,1.086733876635314,0.09755291455438428,0.1078889997779828,0.33416636892442486,0.1933117442791168,0.40750433009761294,0.09687311401900287,0.587960699235612,0.03345028502788805,0.3935593552131031,0.19026363548271907,0.15381965800030997,0.08367304170515505,0.3316490592562032,0.20894394901276325,0.413106845583485,0.40743520336449923,0.17331373947059955,0.11225819159051517,0.13777156512493133,0.019107178521544678,0.046776908437185585,0.38385179743388903,-0.011498563163065929,0.3342448835800407,-0.680518705874179,-0.008715234184159204,0.1684335722495527,0.04956354102902488,-0.09535823698330921,-0.12188810450061827,0.1973036602801215
0.15487173370587567,0.8182936771977397,0.9307508753323882,0.37585957253083463,0.3154849440206667,0.5301087379411703,0.26150756939907105,0.40260537801308155,0.27147904685960383,0.34600700988371613,0.3586655721745557,0.3178290690174775,0.44483007460561635,0.3348502706801883,0.3643643975744448,0.356736836298062,0.3661551189850295,0.2945291933707127,0.47023985325806805,0.5427285972089244,0.43812060864468494,0.3395301792735856,0.3994853339393416,0.2644425634778745,0.9946072104668734,-0.023408470898506135,0.3094343134982581,0.09755291455438428,2.5514327499210228,0.13583684506426824,0.12904280378836225,0.3691191299878718,-0.24738836853263532,0.9313039100171201,0.43655958462625644,0.4249899353213413,0.2530151689188839,0.19846706604408237,0.667531383237719,0.28573580460680914,0.5715646159242721,0.3760068364953366,0.6454573984198156,0.12111979518529072,0.3716110326422546,0.49297432030070026,0.2682458708707539,-0.09057424031587205,0.6291365829492277,0.2489985098246647,-0.3411183331997292,0.09920473490106249,-0.16675478465915247,-0.004135140928080747,-0.2220592548898222,0.16737783966523515,-0.497159744237837,0.23757025116479677,0.1966192890622916
0.10016209247202394,0.050030898084461026,0.3526260340355787,0.07341439765519082,0.06177688970050574,0.1204423936375322,0.09157962010450105,0.09434432062895078,0.162006693028067,0.23561544881503751,0.08964633599593481,0.006962785780371415,0.0825374754394905,0.0933113685394639,0.0832118184808276,0.06161964151092579,0.06464748034813557,-0.04697703666064261,0.21733544387166226,0.07337729186015977,0.17051139266282783,0.1018082038538834,0.16197160108164455,0.34346094139356736,0.676617230674322,-0.6851227749162762,0.14785442956313485,0.1078889997779828,0.13583684506426824,3.4875929380837056,0.21229931114185738,0.06300276860750922,0.28708797813227976,0.0032614313183587295,0.23941038955990548,0.6382325436483369,0.6091597804822433,0.07986709980216918,0.2153656421659368,0.44556802486153857,0.4474419648079872,0.20404992044789194,0.47776121206692823,0.07215397605929545,-0.39883521617360823,0.07709842888063316,1.6080002178119142,-0.0050567786916179535,-0.23886632772718822,0.1416947736796874,0.18620924127370028,-0.8132834551656519,0.259877115298041,0.029729720829963332,0.3170499362842738,0.04881884893937359,-0.15354151114784292,-0.09900501210926406,0.12661156790425462
0.13309211667805207,0.2744825982873147,0.626039921465035,0.24096653178989505,0.26812427099759906,0.26143544776164035,0.24976794208854403,0.28482260726223935,0.34334498588298906,0.24550948696317268,0.2775870502344683,0.2515279181174559,0.27838330146973295,0.21462096618685597,0.3122546306986368,0.2580698007009174,0.3311924799436356,0.34599843143060593,0.3670746296923019,0.29901083634557873,0.305236620021555,0.30450543460859025,-0.09213663321685032,0.23683514332043215,0.10202638760204812,0.2561680870717226,0.2467314002918818,0.33416636892442486,0.12904280378836225,0.21229931114185738,0.8840853895129328,0.2035980711801221,0.3129461541775951,0.2761595057164853,0.29401130704085315,0.43315481927263844,0.5522228166786864,0.24633069811935343,0.24407728014643873,0.05973186134979494,0.21397491411928551,0.29882387002505784,0.28386237326890545,0.1979745978518593,0.3653008494578199,0.2960290378163195,0.2821691951753695,-0.009266906955793696,-0.15504253211922311,0.3572018086803495,-0.0596895757695058,-0.0628952091854116,-0.086498587950375,-0.18028244047882222,0.06609021885671097,0.18002719809966705,-0.017480463632064642,-0.03171492541273195,-0.24069544662630066
0.14880444603440152,0.18453760638563038,0.5703061208060225,0.3484599233830777,0.35226061167399353,0.36474334394272184,0.19540613336123283,0.2804788508064871,0.19108096712586448,0.2567958879048797,0.2514922266846085,0.27915901842715624,0.25438442148958945,0.46670462545798685,0.3184194662574248,0.2999804714184634,0.26078195230406354,0.17174551481497202,0.13097631508437568,0.3136127599049374,0.18146323168285897,0.25808715670028604,0.11909815584206138,0.2040600431359097,0.2235721274403919,0.25980683060078824,0.28408911291346983,0.1933117442791168,0.3691191299878718,0.06300276860750922,0.2035980711801221,0.8212011567475794,-0.012072760932379164,0.42038594051057476,0.1342583079433692,0.1836378328314105,0.21134280582621462,0.20057985341308165,0.17770821317277324,0.0760222881211859,0.2474736699031255,0.20658842844735004,0.24141538790678416,0.09704644308348516,0.05860263056427697,0.14227950013743876,0.1656850044250655,-0.00684296248989156,0.4452135553785554,-0.02496455032504571,-0.0024084367119472407,0.45594216307295093,-0.432192662544383,0.03959781920701249,-0.12290812744809056,0.14289612135676164,-0.21570813581058063,0.08863959232777671,-0.0019470414614917097
0.09831851936716161,0.16507274253130363,0.36199988290005614,0.18059844820872611,0.1790559561881894,0.05811281676423981,0.20234579964615232,0.09695692361947672,0.30055763820225984,0.1279395705326876,0.13236663817535424,0.1526516482691596,0.1580452090149114,0.0772174422487705,0.16144072808090562,0.09986667063254695,0.23153143294349496,0.13764729048207694,0.3720923525955684,0.027679153480723077,0.21198848606720158,0.20268620746417437,0.12404640379210374,0.3098422541494177,0.07723524989122549,-0.06973378715218859,0.20102883386669407,0.40750433009761294,-0.24738836853263532,0.28708797813227976,0.3129461541775951,-0.012072760932379164,1.7335092871274738,-0.3468839162900698,-0.4180687847406361,0.11994104085972426,0.6044089644955385,0.10764908567527755,-0.14827432903890897,-0.046369565880996846,-0.24852942749875748,0.17472657829616364,0.021788172428591848,0.17028594992638763,-0.25083359124378063,0.2199266081825601,0.28299896742694136,0.08848047709677487,-0.16944770547183022,0.3060444824784536,-0.05316227832312539,-0.024768918996969657,0.1160749888790331,-0.35582821558747985,0.192370986755048,0.041609745304610625,-0.03005767268711485,-0.23637362356093233,0.06088475694245708
0.07452987257153443,0.27217861193423837,0.9664856072902231,0.41984042278841005,0.3919037369015556,0.46257000006544985,0.28732873664708314,0.48835238933725067,0.39317015316115367,0.3418018598950029,0.3700701639026689,0.35830093407040897,0.446317505840224,0.36900636752369886,0.3736477212386169,0.4065848159610167,0.3433755199299482,0.3142640367690643,0.39691005625800085,0.5212355951369866,0.34317142057777333,0.4258533144168231,0.33919810522559746,0.25313835172981836,0.7191811570175648,0.2828654681712812,0.34022380818032283,0.09687311401900287,0.9313039100171201,0.0032614313183587295,0.2761595057164853,0.42038594051057476,-0.3468839162900698,1.9291478798558352,0.5491758738082049,0.3689348486920385,0.4471830620974212,0.23819045918913317,0.7842931509451221,0.167690088215105,0.43327926497245967,0.3793197282958931,0.6429909722093842,0.343538467872539,0.24343462406593727,0.34646170115982244,0.2452936440236825,0.006522465971104747,0.9505577740198338,-0.19257407199134247,-0.057046608225983335,0.11404982942707642,0.08965509298536843,-0.17428829070439442,-0.23505963218369924,0.21832311269328958,-0.4047611994418383,0.16480019171839658,0.16370235076917095
