0.8801076705291899,0.14387923822420773,0.27837506779500554,0.04878639164548026,0.01947133407524295,0.09414231942206475,0.09028155387557514,0.04050697523856253,0.08432339211780561,0.09301729305823127,0.06225578738123845,0.09338235869621697,0.0435897844159129,0.060964173278641426,0.10714157544636663,0.05829382691095095,0.026795682230237598,0.09712758146652896,0.018211703854430415,0.06266636717509941,0.04610102772615064,0.06639151466230829,0.10374948132564887,0.05549337184183666,0.11299002661579918,0.005566915136833703,0.04380179439876697,0.1008914016830597,0.11571410122614219,0.05161954149442906,0.06831176651610148,0.07585597708143417,0.042975665038474976,0.07367087370793517,0.013350867704978451,0.03623759347680252,0.12400529684192271,0.0473388396024098,0.06363671975350915,0.015545762351727341,0.05735616035584191,0.02657391258754257,0.11394559188571872,0.016529267141952405,0.12864386643159506,0.1467950000974293,0.10714277675483573,0.01940350555233398,-0.009949628609967882,-0.039543408494543596,-0.04744747884757391,0.02769007037891802,0.07177791046082455,-0.010834912486683756,0.29267151760302385,-0.009685596212748681,0.1692854280658165,0.15245113515241185,-0.5498246590689965
0.14387923822420773,1.46638618152797,0.3186055136384589,-0.13818826714011911,-0.11398027639920973,0.17571848113086388,0.16081730201409292,0.12671922566048538,0.18813663294252386,0.10454325492210224,0.15395705216623362,0.12078038863800908,0.12300244989645968,0.15583937236795165,0.32565056083947136,0.08330683468917702,0.05040410050397617,-0.012457560111806919,-0.02499184338602073,0.1614803631075545,0.11766519746807458,0.08973680479570362,-0.18411590120113183,0.06992487724707788,0.06874251161845878,0.15821128844900048,0.13922236846126693,0.1425105342440456,0.139954826378133,0.09570507705279845,0.11277901128990482,0.16644749357225763,-0.037223969209651576,0.12995499435098057,0.004151179145807864,0.17146775731768946,0.07258389435475505,0.09758612653233747,-0.013693983015872041,0.014872169718116949,0.11770540960299507,0.09156038362164762,0.03629047238889243,0.010915263258436576,0.07969865875144987,0.14133662589313076,0.06311543470037287,0.05584937693931549,0.2680169033944039,-0.40939399191201103,0.4059796111440671,0.09318174292629548,-0.05385509552454396,-0.008771116093453577,-0.40641992363430074,0.12385921070673793,0.1434625964171076,0.11317390499937524,-0.040531686919471684
0.27837506779500554,0.3186055136384589,1.7519842553645433,0.06215599132856147,-0.27917676551348525,0.35831578337768116,0.19984447036173938,0.40022019345618515,0.32512370074964675,0.3936337601766721,0.35700876053895714,0.2775180988254826,0.2633015485476262,0.26565747837059583,0.27425294974547926,0.2159770048194701,0.32398314944056056,0.3492857760229321,0.10112301853472713,0.3804779344141093,0.29482837572022264,0.2687447448531891,0.30483119446616513,0.27110334436194594,0.26499455632667035,0.20438761715122325,0.28839474143973404,0.4021302338418922,0.5416423903614904,-0.007140119529983731,0.2683449298238841,0.24834381521975532,0.18848918143579058,0.41979485404259675,0.26824012762271326,0.7389731174323924,0.23303520104918382,0.2031623776307742,0.31247035166111065,0.09991954833664847,0.3777265247279334,0.3098047587994515,0.1668350618800317,0.04503121247683086,0.249201521065344,0.7953771920253051,0.33125818494451503,0.3463677751338059,0.2612394168802453,-0.0491163994488105,-0.03722404402271256,0.16961976192192155,0.01740581261609286,-0.07533687486079413,0.13002101268664662,-0.06464240494503422,-0.03626568272364637,-0.6648483787028894,0.6015641957474813
0.04878639164548026,-0.13818826714011911,0.06215599132856147,0.714578312445514,0.5249121961233632,0.24644318086229228,0.19935750731906524,0.1298239109445061,0.06525107342111933,0.16366916461844006,0.11279324761481654,0.19071725117100596,0.11903670870672413,0.15893508597563286,0.08606892073189365,0.16867178114084996,0.15689035981020974,0.19413943609289433,0.15299810883771034,0.1712884720363272,0.16141467146799804,0.12775905509708935,0.20032677120220393,0.14070701770819036,0.15632870880013366,0.17366879612042166,0.11592720214814248,0.007811605323109211,0.22152407608887198,0.11815651128024811,0.13103035433513716,0.14207870692580898,0.13056092680096185,0.18022882378748897,0.010052664656554852,0.20858314213293125,0.2144402592572465,0.08742316280026556,0.23064275610709983,0.0985468354726739,0.07310192052308925,0.15009526674701643,0.12762664310434366,0.013205401874219497,0.09367506045042336,0.26066482776665406,0.20539153781055125,0.14777697231891782,0.18485667225015362,0.278019550127886,-0.3054096592058555,0.10253206369505016,0.03454416220123689,-0.12120800688587303,0.04206676254095111,-0.15406704655498205,-0.1020204963422387,-0.07301491361736953,0.241541197184482
0.01947133407524295,-0.11398027639920973,-0.27917676551348525,0.5249121961233632,1.1539110178080754,0.2420458062538322,0.17107799487168074,0.07024533693942206,0.02684459462728519,0.11902236039742982,0.07761251697007389,0.19237301514276156,0.10317987305913023,0.15475345810491659,0.1188702654569726,0.1779130103693928,0.11484251484152908,0.1672470279606548,0.2812912662759091,0.09582588457171612,0.1455366197139723,0.1132342650464486,0.1639438606419897,0.11076684585826758,0.1337732522447672,0.23010279696968225,0.03638030674220878,-0.08781733983902247,0.14464730581980792,0.04574108735794589,0.1360765112128532,0.13617176993451544,0.1294694972730334,0.08003937314791505,-0.078757753131175,0.18746040632730626,0.2831930155712466,0.05058490970078538,0.22430875299375314,0.0919512413891637,0.010579767098062224,0.1339603860784846,0.04208561324662356,0.002227809180060979,0.001695643889667851,0.16420444143756405,0.14085143883788212,0.1423740160930969,0.26164634399851333,0.4364078606187957,-0.4101268274100639,0.01792492420987185,0.0780584316353525,-0.14717758057984084,-0.07178410539294093,-0.0762884209645165,-0.09915576452680824,-0.11572893347737612,0.2969493186724078
0.09414231942206475,0.17571848113086388,0.35831578337768116,0.24644318086229228,0.2420458062538322,0.6027381930943938,0.10705506938456377,0.2560508039047199,0.21355461339073417,0.1939143010534349,0.2034737629383671,0.20458618098446102,0.17638427513421312,0.2650374979620172,0.2246634034554851,0.22976268757290313,0.22030982610307281,0.14844222549692207,0.200164117281236,0.38098027395753864,0.2173410177088401,0.20456961180941702,0.08553042455185499,0.17009247930698623,0.19120993869237662,0.2722265167613699,0.21526836263491328,0.20642323659396924,0.4222799277761739,0.09503559172211135,0.20539122375200142,0.26914874602159516,0.04429713011171829,0.23218454085547446,-0.04597206069311221,0.2488283068298855,0.38175870129670375,0.192180568257941,0.2992400620610845,0.1445420801034711,0.16786041950101543,0.19093250236643958,0.1862180613009961,0.05230687667791689,0.16983936178514367,0.3467156785370716,0.26456553052455856,0.20669858494919235,0.49499989441362524,0.3597858614697384,-0.4514549964730324,0.10642443741288699,-0.052199225614823076,-0.016555735565049138,-0.05432893348098376,-0.03806859143811613,0.11914596354904299,0.005886169918715135,-0.05050192329305053
0.09028155387557514,0.16081730201409292,0.19984447036173938,0.19935750731906524,0.17107799487168074,0.10705506938456377,0.7337302605759608,0.15435041036529937,0.1761036946278704,0.22791984103621624,0.22685749216597065,0.3344974372818168,0.15511121886566606,0.23592767722176958,0.11044191240761876,0.24067390520072018,0.16850202697533934,0.29993045977993943,0.021267719011827026,0.12405171925481528,0.1915935091748991,0.21730185603313845,0.4210586042015034,0.18504038633749303,0.256885437519141,0.26139408291326877,0.12460516202842634,0.046904783287172756,0.20216561841547057,0.20627919582898527,0.1422974451674054,0.22144927045573234,0.13709812917101946,0.2125784387321155,0.016828600574661765,0.3869072021435195,0.11751227675717545,0.06928103814230525,0.24888183102963138,0.12303187893453109,0.1725467481471582,0.17234051474379997,0.14213085410296197,0.01318334073947658,0.0996607553822379,0.3916554855081227,0.23193555232114102,0.1622776893124803,0.39882861608163256,0.007106586830415989,-0.15633666962290504,0.13461402756328136,0.1275978312302811,-0.11201185955733509,-0.04355565574548131,0.11563241629058472,0.04981740846881246,0.11610370847481084,-0.35972916111737746
0.04050697523856253,0.12671922566048538,0.40022019345618515,0.1298239109445061,0.07024533693942206,0.2560508039047199,0.15435041036529937,0.6879978485067307,0.058317619662278865,0.2201565324728066,0.26988601359088454,0.13938941168500454,0.23188037926228797,0.2635153654738851,0.15989935624391238,0.2093876908928832,0.23350112760979247,0.24496231539476235,0.12415662083161273,0.3331209335986759,0.15733536372912968,0.14635860656528119,0.18828147517752766,0.182775718518371,0.24047744034404164,0.19653765587590533,0.2628296311506105,0.21453771589170217,0.3312069242503833,0.25872774103817026,0.1841370441089943,0.24137459916723872,0.1231117733411163,0.23543432926217756,0.15689351015582279,0.22080952892022992,0.2575029694050499,0.17005060932787244,0.26710101512399054,0.16166533638622999,0.24138128124457542,0.1603982430499549,0.20010821343259605,0.030806456007602748,0.18655147685708565,0.46604984742250405,0.362498079445825,0.2431878302934957,0.38128024868888183,0.07418030026710647,-0.07288128589447158,0.07280028679718235,-0.060863023739634176,-0.0023836699086016984,-0.10802484029156588,-0.08534390868998659,0.13169327674793474,0.16098704751548798,-0.15761981799930694
0.08432339211780561,0.18813663294252386,0.32512370074964675,0.06525107342111933,0.02684459462728519,0.21355461339073417,0.1761036946278704,0.058317619662278865,0.5755086128120651,0.09183983032830734,0.1077171468969076,0.14248165560084566,0.1033019387399397,0.15687586234576098,0.08266277183816821,0.11951026475818202,0.14482622274019016,0.2515918456352639,-0.010911240036729225,0.1166801391772535,0.17081764390840767,0.2839934477360722,0.292704668048131,0.15430808642246957,0.10583645772416274,0.3664899446550239,0.12211704154265549,0.1921111421165013,0.1499917568493749,0.03640844121153418,0.14234339818390945,0.17306080010305727,0.1435997643382792,0.22853199959538878,0.132180155997372,0.20262359078566183,0.04276251215181962,0.07462633592174175,0.1988014528231242,0.11391739917373638,0.1864829560529194,0.14155339061156527,0.1353221057769715,0.030491438988463196,0.05219343432348696,0.28850514159794455,0.21879041910974628,0.05600053085133843,0.39339617209440525,-0.0015768613745635613,-0.05718688789106625,-0.011387932902028422,0.08141330743963979,0.0028310495500113116,0.021160987335537028,0.09543364939294213,0.01908623995108914,-0.1314004067893343,-0.0044074586583257675
0.09301729305823127,0.10454325492210224,0.3936337601766721,0.16366916461844006,0.11902236039742982,0.1939143010534349,0.22791984103621624,0.2201565324728066,0.09183983032830734,0.5384507610012434,0.1422813030580731,0.1926543239579551,0.17116132438586396,0.18431620708523713,0.16246218105757698,0.17392956594837242,0.21494019103420453,0.25626624362973954,0.05556920962329537,0.2241297065736502,0.1554766107965684,0.14157869130671874,0.22996465791607967,0.17882711205053772,0.20558331243633535,0.19611076582134504,0.18835680842663358,0.25072319513232183,0.29264682608270265,0.1803428576191236,0.1850141610447479,0.17182703795924703,0.11472899312878976,0.2320326224704,0.2027615854664866,0.348448541491094,0.22353599541537386,0.11028914657515544,0.19338057894393565,0.140107794671139,0.2678537794530795,0.17181914204796664,0.12744877990690448,0.017520120325760002,0.07229504797806999,0.45016294662224776,0.30332647850824085,0.24184617212302095,0.36557393531026805,0.03909087018893773,-0.12120470582211376,-0.03804170980319396,0.1159070693156649,5.7463596135392686e-5,0.08358353932583647,0.053637092661065575,0.057471199929351,-0.24563876062589304,0.08819170467633325
0.06225578738123845,0.15395705216623362,0.35700876053895714,0.11279324761481654,0.07761251697007389,0.2034737629383671,0.22685749216597065,0.26988601359088454,0.1077171468969076,0.1422813030580731,0.44155181944856464,0.19910287525455403,0.17845358585587554,0.2244230473712377,0.20281529698026077,0.19946050097768278,0.2588125375437515,0.2085487429198516,0.08176130414740793,0.2767200177596593,0.18767886202657946,0.15178441180473687,0.23590492018642673,0.19336345145808986,0.20208955933789302,0.09483895317114348,0.25152466629289816,0.2327210447229954,0.27110298685485656,0.19578341100289237,0.18725455816065756,0.19897044004000194,0.16061724833004676,0.18296026065428642,0.12780791343499828,0.3131666220566535,0.23855936269312666,0.14640367430304674,0.24095218812629082,0.14836854228169508,0.19122314858372272,0.18806904688170006,0.1600822743172196,0.02482568276584173,0.19389991431016532,0.44597153239135623,0.2773962137927677,0.2242064667479992,0.21480806734322502,-0.023040236272689824,-0.04933176228601835,0.08033598411770611,0.06488014761225126,-0.039408465026701964,-0.08275944393010062,-0.03447159131675434,0.06965157494022985,-0.019240715278515962,-0.008766221266522852
0.09338235869621697,0.12078038863800908,0.2775180988254826,0.19071725117100596,0.19237301514276156,0.20458618098446102,0.3344974372818168,0.13938941168500454,0.14248165560084566,0.1926543239579551,0.19910287525455403,0.6036098046904652,0.11684356043878963,0.2024764046082962,0.19753146638046648,0.2520707493434317,0.1967102831101382,0.23768539705008804,0.08226279934783656,0.16658760188002297,0.17227276909940548,0.17152924357511107,0.2854274100312484,0.16473505145158485,0.24086993494396394,0.1607181493744744,0.22734241612118614,0.04964493098918232,0.1412686391048828,0.12638567811247534,0.14012846763141285,0.19943989874016038,0.14762919513452188,0.1618089240037506,-0.0483053543812274,0.2874687715203889,0.07970059448045558,0.09516206283329469,0.2160470567232799,0.13108696388312693,0.09852868384595903,0.1556570805185395,0.12711321675594434,0.029399880425065375,0.13404383878534393,0.3373112285635514,0.2302172883180155,0.21448684755550576,0.4750387390577604,-0.13465487242038318,-0.023248159435828558,0.006540218829204477,0.18931871975084874,-0.029923099553634543,-0.04940755253218797,0.07639230804527715,-0.07430629136182615,0.04584274272339395,-0.16004869194328633
0.0435897844159129,0.12300244989645968,0.2633015485476262,0.11903670870672413,0.10317987305913023,0.17638427513421312,0.15511121886566606,0.23188037926228797,0.1033019387399397,0.17116132438586396,0.17845358585587554,0.11684356043878963,0.31537640145358653,0.1658455798786392,0.09488691162289778,0.16584571177335572,0.17042569871818705,0.17253724775265972,0.06937011248416552,0.1943746344268317,0.1259220278289816,0.1647926344631373,0.1792035145946061,0.1745057849814027,0.1571390393205715,0.11997062889428464,0.19511756708598887,0.16489306958092012,0.31266796962616833,0.17313588417591128,0.14131361013434549,0.16473178251534454,0.12847412550619366,0.20580677034700742,0.20767299917367718,0.23240409065879974,0.1526197739805692,0.09943495583768079,0.18487337221874506,0.11855514550407321,0.20137952375083165,0.13821450557660572,0.1176154834891312,0.029138775130354778,0.03847207519990849,0.36654479143004426,0.24091745875752896,0.1490859689118673,0.2651401746901422,0.10390903491141036,-0.0574591040095491,0.005230956919487793,-0.03831225969024594,-0.01910335556728855,-0.027677792584323336,-0.06790267285453774,0.001012410442308929,-0.16535319043270164,0.23348288186603205
0.060964173278641426,0.15583937236795165,0.26565747837059583,0.15893508597563286,0.15475345810491659,0.2650374979620172,0.23592767722176958,0.2635153654738851,0.15687586234576098,0.18431620708523713,0.2244230473712377,0.2024764046082962,0.1658455798786392,0.49700490140184966,0.22528697749846338,0.30193599765582363,0.1739489473814302,0.1916495446966422,0.09810751255565889,0.3057168553691451,0.20316391690434996,0.20897143572088145,0.25116145199470874,0.23477940995555813,0.21464765243753894,0.3463958304676499,0.12345607244554814,0.12713662195077036,0.2716477404916661,0.22616482891003664,0.19008286760512688,0.363802603106383,0.1214955104234403,0.21419223330288825,0.09044699909646811,0.3129433370062994,0.21173574638529255,0.16194555288487353,0.2713721597207374,0.17663614931618593,0.21621543331875873,0.186974115083691,0.19783865736680165,0.0304535335261286,0.1294479353511098,0.4137260643165139,0.3172587724740446,0.2502951587090184,0.6214206274675868,0.0681807862878824,-0.20453010834864874,0.0827639527276076,0.10803525703169728,-0.032599446592167416,-0.09246676147468662,0.0019211720189614063,0.14918771448789506,0.03378742591665199,-0.09501127372942011
0.10714157544636663,0.32565056083947136,0.27425294974547926,0.08606892073189365,0.1188702654569726,0.2246634034554851,0.11044191240761876,0.15989935624391238,0.08266277183816821,0.16246218105757698,0.20281529698026077,0.19753146638046648,0.09488691162289778,0.22528697749846338,0.728221792531505,0.17928879788280144,0.146426624290083,0.12438410368017046,0.07780142315335611,0.21256863815591606,0.15984475792505334,0.08762691846500553,0.42447682714851537,0.24078059828538856,0.2908945869237429,0.14284077148117388,0.2261758190236946,0.16988716139727533,0.1671466098615599,0.23805665715463314,0.12832215502749564,0.1801599243613011,0.21227724920078528,0.19356497657110705,0.07389268026821524,0.22670629126640554,0.2796227840670796,0.11716222136230918,0.2070900090492359,0.1491044492021507,0.11903563671857288,0.16600974717160816,0.20291669064756024,0.04645415844566565,0.1388539913549905,0.3906095310985061,0.2813533310868306,0.31963604160961756,0.3985066633161895,-0.1152021663428776,-0.1669847367287948,0.16109282784250592,0.20458124827919016,-0.016234911839569755,-0.033640620187527934,0.08229212147627837,0.03598426691460587,-0.012341463730536989,-0.006206923321535141
0.05829382691095095,0.08330683468917702,0.2159770048194701,0.16867178114084996,0.1779130103693928,0.22976268757290313,0.24067390520072018,0.2093876908928832,0.11951026475818202,0.17392956594837242,0.19946050097768278,0.2520707493434317,0.16584571177335572,0.30193599765582363,0.17928879788280144,0.48437979964258854,0.20806591383283696,0.158932898331825,0.11178527601780475,0.2297500027947052,0.17821825961992666,0.26368173029860303,0.24468223330609923,0.22322049868742588,0.21784964178352206,0.1335362642458979,0.20335709156835913,0.2340919293640576,0.2954769558251893,0.2018532175170606,0.15536553974796266,0.2536777591933357,0.14583830723498936,0.20859494216365523,0.16395239723073565,0.24518598987578072,0.21580775342320818,0.12111800725596913,0.27371111912339435,0.16431569256377865,0.20514944647153677,0.16635896422040553,0.24184134756637238,0.03739463800258875,0.1748289354583386,0.34423791039886487,0.2844290840560906,0.12591881589948342,0.4456160624967751,0.05005437360186151,-0.20815851189132853,0.12194635446256175,0.10175038337209759,-0.025886158408505097,-0.018416216992048685,0.02520016370732859,-0.01183104067932347,0.005694475821419318,-0.00824088646581445
0.026795682230237598,0.05040410050397617,0.32398314944056056,0.15689035981020974,0.11484251484152908,0.22030982610307281,0.16850202697533934,0.23350112760979247,0.14482622274019016,0.21494019103420453,0.2588125375437515,0.1967102831101382,0.17042569871818705,0.1739489473814302,0.146426624290083,0.20806591383283696,0.7477158746349145,0.1482400194484588,0.10516466759867106,0.31546469034180624,0.22279844282859246,0.18828864671753764,0.21491193150214577,0.21236097448241475,0.20528900697050398,-0.08364543804920457,0.3952759731007776,0.9118610644210925,0.3183521655278483,0.18096946475566134,0.21598989808349553,0.14478040833225897,0.3258097563647654,0.1471149932387224,0.14369001282477797,0.3306886607075277,0.4740100728328228,0.16911024437506733,0.1905752474977441,0.15231658655264324,0.3703702161883106,0.2470699243925257,0.21932005462443488,0.020398087281597123,0.12488993979745443,0.5022564476470418,0.35755734376903336,0.30110670292985275,0.3377004587621163,0.02983047495639847,-0.14645623624430568,0.013329325833447977,0.09787474558037715,-0.0011628272582998999,0.002887458319776714,-0.12348830537752278,-0.0370665980703941,-0.04139734475435911,0.1909266417601811
0.09712758146652896,-0.012457560111806919,0.3492857760229321,0.19413943609289433,0.1672470279606548,0.14844222549692207,0.29993045977993943,0.24496231539476235,0.2515918456352639,0.25626624362973954,0.2085487429198516,0.23768539705008804,0.17253724775265972,0.1916495446966422,0.12438410368017046,0.158932898331825,0.1482400194484588,1.3773617015158353,0.09406631141504165,0.0073100699871512555,0.28383511256078536,0.2515415811168459,0.7266379061102849,0.18286175826436762,0.3162358744399176,0.7066057175717851,0.1956286136268677,-0.06506503239760592,0.28474669896448107,-0.03699690336781153,0.319498467850308,0.22371859882950512,0.2678292228223765,0.3654378112486557,0.2904834355758723,0.41698011067739854,-0.09301768566443759,0.0275312699656133,0.3459252324500546,0.31902127801469743,0.3343754858950189,0.2755837103392418,0.154375838373724,-0.017667952513806526,0.04545596408382957,0.7139627726124806,0.5492210370872229,0.3083994515637034,0.4413913432568293,-0.27001158932941083,0.2530328145742899,-0.17641799150123116,0.12373569749040823,0.038816238660412436,0.04823673455976601,0.02636745912012928,-0.006819264864935142,-0.24482428636487363,0.13031116656155034
0.018211703854430415,-0.02499184338602073,0.10112301853472713,0.15299810883771034,0.2812912662759091,0.200164117281236,0.021267719011827026,0.12415662083161273,-0.010911240036729225,0.05556920962329537,0.08176130414740793,0.08226279934783656,0.06937011248416552,0.09810751255565889,0.07780142315335611,0.11178527601780475,0.10516466759867106,0.09406631141504165,0.5303846820237882,0.050374346174291096,0.11475921709479865,0.0763314929976336,-0.02693393257001079,0.07657451235799692,0.11328923171926343,-0.06764434984824075,0.1372322538564684,0.007343870718165087,0.11635311161854245,0.06384519423518846,0.12341105211344258,0.10353573890151067,0.09295215590570442,0.062766316062764,-0.03146584463832499,0.20975853723889232,0.17068082230956935,0.04144447607909462,0.2267622738425936,0.062197715400873675,-0.027489424206802466,0.10791419384360093,0.07030176203868518,0.020691582533970278,0.20799332264728265,0.14949549686415392,0.06243777176302854,0.10358650893769453,-0.02875509932377132,0.1327604848243386,0.07741514653393587,0.15935929073860225,-0.2666592954652661,-0.12333327093607481,-0.04561040391656546,-0.06845530335456348,0.025145238397365034,-0.008901401311170001,0.06889892259052738
0.06266636717509941,0.1614803631075545,0.3804779344141093,0.1712884720363272,0.09582588457171612,0.38098027395753864,0.12405171925481528,0.3331209335986759,0.1166801391772535,0.2241297065736502,0.2767200177596593,0.16658760188002297,0.1943746344268317,0.3057168553691451,0.21256863815591606,0.2297500027947052,0.31546469034180624,0.0073100699871512555,0.050374346174291096,1.3654606873704918,0.2676636657431319,0.10487544992815097,-0.00017446543239072954,0.25101749970299664,0.16150572913168235,0.13465985117552073,0.45511569971989113,0.27566218760318184,0.4899606760267847,0.5621512037248159,0.3688311334165905,0.2866166690015613,0.10230677845732956,0.31095845094731056,0.06900260669311521,0.46759094794766853,0.9411758763573498,0.6376891580595302,0.7097296644469056,0.35287491872773513,0.28225826747053745,0.3221775833457174,0.308277873413819,0.0936575030184457,0.40665076709626896,0.5517632709639462,0.39641699260655644,0.683411226659721,1.0464254136040056,0.2257263637373825,-0.4090162835180678,0.11329896789482227,0.1819517372050719,-0.09591271622944605,-0.05845231475370821,-0.13322835646986703,0.1827586279556771,-0.08598288000041325,0.0729397318212011
0.04610102772615064,0.11766519746807458,0.29482837572022264,0.16141467146799804,0.1455366197139723,0.2173410177088401,0.1915935091748991,0.15733536372912968,0.17081764390840767,0.1554766107965684,0.18767886202657946,0.17227276909940548,0.1259220278289816,0.20316391690434996,0.15984475792505334,0.17821825961992666,0.22279844282859246,0.28383511256078536,0.11475921709479865,0.2676636657431319,0.6096346873499839,0.17537960452732135,0.22236712189432772,0.1629029077400177,0.15318372186811738,0.24357347465609278,0.19331037785418265,-0.07732546932994488,0.2586093061253664,0.2274362055180304,0.23300908119344824,0.1804593463381299,0.16428534284275093,0.174747206595691,0.31334139610930484,0.5773655594869574,0.13152871093997304,0.16938912197368736,0.3344098349678454,0.35853282298578193,0.22652515831330622,0.494102814224692,0.3483852602976921,0.03590569243627372,0.49058986469080734,0.5262428654571829,0.3553992583868597,0.4380148623251132,0.41545079917135935,0.024066421239161195,-0.06069733654182357,0.013397848127334378,0.02339284182873814,-0.016222138470370993,-0.009819001666734072,-0.03559566312811741,-0.1391164737518752,-0.1180230927805469,0.26870371249113884
0.06639151466230829,0.08973680479570362,0.2687447448531891,0.12775905509708935,0.1132342650464486,0.20456961180941702,0.21730185603313845,0.14635860656528119,0.2839934477360722,0.14157869130671874,0.15178441180473687,0.17152924357511107,0.1647926344631373,0.20897143572088145,0.08762691846500553,0.26368173029860303,0.18828864671753764,0.2515415811168459,0.0763314929976336,0.10487544992815097,0.17537960452732135,0.5078677960946331,0.30556796006862685,0.18923105580257482,0.15384488231568566,0.2188367456240909,0.1911359681861151,0.2185462085496042,0.3114088307473133,0.10163825940274085,0.151346600339823,0.21460281110567786,0.1663739992683933,0.2690334977229765,0.1429267321530764,0.24437850976327125,0.06405517471099173,0.06921759496102389,0.3129591282750056,0.1187756764644826,0.23818340802975685,0.14633641733747868,0.19359904701826897,0.04709740403108628,0.08877292755214414,0.3247995915564775,0.2712216311951567,-0.11685734394210225,0.42648140649249033,0.07991917501894577,-0.12281463650391458,0.06170157257542805,0.032327600732952315,-0.04322038937010661,0.003115543173699438,0.04331071742581353,-0.029496548690896587,-0.12015060840821355,0.08764335052132517
0.10374948132564887,-0.18411590120113183,0.30483119446616513,0.20032677120220393,0.1639438606419897,0.08553042455185499,0.4210586042015034,0.18828147517752766,0.292704668048131,0.22996465791607967,0.23590492018642673,0.2854274100312484,0.1792035145946061,0.25116145199470874,0.42447682714851537,0.24468223330609923,0.21491193150214577,0.7266379061102849,-0.02693393257001079,-0.00017446543239072954,0.22236712189432772,0.30556796006862685,1.8404947292855902,0.49909697271460923,0.5852892852061637,0.36703864064589653,0.12044937379692966,0.16076354115667768,0.26216794614867006,0.3725647388727895,0.046514537254645445,0.2111710406447315,0.5934718113904972,0.45585973529831175,0.1950086589770077,0.3871742238515783,0.18438755401148818,0.0056429051227807805,0.5972053910749623,0.3478213422438746,0.2353091962223257,0.23953713195643583,0.291051840179039,0.0864426776666853,0.04966218998823295,0.8402457077139013,0.668176335146068,0.4888280277278825,0.6972244942682843,-0.03988453376001456,-0.2448206221090271,0.10450579206418872,0.3475079609021673,-0.07365458345051294,0.16555356991021514,0.09038181591062534,-0.09454393888958808,-0.22055848791756738,0.11035191329267585
0.05549337184183666,0.06992487724707788,0.27110334436194594,0.14070701770819036,0.11076684585826758,0.17009247930698623,0.18504038633749303,0.182775718518371,0.15430808642246957,0.17882711205053772,0.19336345145808986,0.16473505145158485,0.1745057849814027,0.23477940995555813,0.24078059828538856,0.22322049868742588,0.21236097448241475,0.18286175826436762,0.07657451235799692,0.25101749970299664,0.1629029077400177,0.18923105580257482,0.49909697271460923,0.7024204033450928,0.2791000386606299,0.06455591574652193,0.28733968761885803,0.39589442619426174,0.15805506441756742,0.43424908640657184,0.21160022451088714,0.28327331830443914,0.4905724371595077,0.2975625730494952,0.24785604826861918,0.2584596577276613,0.2775714792148233,0.14655459349500144,0.18091180207682903,0.165257902110278,0.15525407631989235,0.18586311336713882,0.1656828534775587,0.040143355873876393,-0.033004950943346566,0.5302776644796369,0.4061000102206914,0.34444361470584595,0.515789999479556,-0.09000587746268142,-0.013112183835059955,0.034139637260544864,0.10798385160740122,-0.03854821331591099,0.04518254317777558,-0.06284535044526883,0.06534764111805438,-0.30023611004077677,0.3194815646758816
0.11299002661579918,0.06874251161845878,0.26499455632667035,0.15632870880013366,0.1337732522447672,0.19120993869237662,0.256885437519141,0.24047744034404164,0.10583645772416274,0.20558331243633535,0.20208955933789302,0.24086993494396394,0.1571390393205715,0.21464765243753894,0.2908945869237429,0.21784964178352206,0.20528900697050398,0.3162358744399176,0.11328923171926343,0.16150572913168235,0.15318372186811738,0.15384488231568566,0.5852892852061637,0.2791000386606299,1.1294157785146697,0.23428992546995578,0.2828467367883919,0.15841023037865487,0.31036507320756396,0.34930263654352184,0.10536472576565359,0.21562695622356368,0.19206680310586677,0.43265327434330597,0.21874564914861488,0.28208956233527804,0.12852034227094325,0.0929407138290148,0.34864129774714137,0.15114603937794074,0.2329187660853595,0.16637300885210465,0.2681647665401648,0.06946288223070683,0.21795263207159554,0.5897504383461255,0.385146113496099,0.18324034843710457,0.04268522503563076,-0.23606460161350978,-0.07669528058172694,0.22801714247790664,0.17550002563120237,-0.07651378816578665,0.01545469458407665,0.034547520975259975,0.08077102633576912,0.009397468259228445,-0.15280284177318118
0.005566915136833703,0.15821128844900048,0.20438761715122325,0.17366879612042166,0.23010279696968225,0.2722265167613699,0.26139408291326877,0.19653765587590533,0.3664899446550239,0.19611076582134504,0.09483895317114348,0.1607181493744744,0.11997062889428464,0.3463958304676499,0.14284077148117388,0.1335362642458979,-0.08364543804920457,0.7066057175717851,-0.06764434984824075,0.13465985117552073,0.24357347465609278,0.2188367456240909,0.36703864064589653,0.06455591574652193,0.23428992546995578,3.9343620310876863,-0.6478003955590892,-0.7850443609956889,-0.5013327927775072,-0.5360871729377674,-0.019734306372975484,0.5010495415113801,0.022766311155997813,0.520072201144031,0.6200895637710222,0.28670703196125796,-1.7566645345695857,0.058011840578847985,0.4062284341029095,0.4868957693369418,0.3742639312522133,0.13358203697590298,0.16872037498286635,-0.1178397791746004,-0.36233405898343357,0.20759794292167702,0.107229618140411,0.30271374181204547,1.444954210359852,0.2730744322649794,-0.5384417722932472,-0.006877203166899338,0.14372607477166968,0.07199892984261114,-0.18576314688469817,0.17263605883585317,-0.028773012696851195,-0.07281765165245072,-0.01898238967833544
0.04380179439876697,0.13922236846126693,0.28839474143973404,0.11592720214814248,0.03638030674220878,0.21526836263491328,0.12460516202842634,0.2628296311506105,0.12211704154265549,0.18835680842663358,0.25152466629289816,0.22734241612118614,0.19511756708598887,0.12345607244554814,0.2261758190236946,0.20335709156835913,0.3952759731007776,0.1956286136268677,0.1372322538564684,0.45511569971989113,0.19331037785418265,0.1911359681861151,0.12044937379692966,0.28733968761885803,0.2828467367883919,-0.6478003955590892,2.81642922710027,0.4533106902096304,0.13051310751833012,0.5737751722324664,0.49572713416151293,0.15932918439555915,0.4908091988949426,0.22643046140946635,0.45697562535609065,0.303178014695417,0.7669172482755602,0.2601516027080845,0.173946376979923,0.18405937423542906,0.5384720153989739,0.328148164962755,0.06285164477468973,0.03310691617854266,-0.37057664003751445,0.8614701033755664,0.44029374788374265,0.5631620599231719,0.8839923779477145,-0.12460189861423217,0.18009488304003454,0.09963279455569672,0.013620229766729407,-0.022309227412768366,0.0014821892633094629,-0.15772497371327424,0.10263157710647502,-0.36741105063628166,0.4201910609901714
0.1008914016830597,0.1425105342440456,0.4021302338418922,0.007811605323109211,-0.08781733983902247,0.20642323659396924,0.046904783287172756,0.21453771589170217,0.1921111421165013,0.25072319513232183,0.2327210447229954,0.04964493098918232,0.16489306958092012,0.12713662195077036,0.16988716139727533,0.2340919293640576,0.9118610644210925,-0.06506503239760592,0.007343870718165087,0.27566218760318184,-0.07732546932994488,0.2185462085496042,0.16076354115667768,0.39589442619426174,0.15841023037865487,-0.7850443609956889,0.4533106902096304,6.286848224585004,0.3922852282169543,-0.4343980008360805,0.35321277747682506,0.09357240437030304,1.2552693021234278,-0.05986331848659231,-0.20682240706528246,0.06150179026955374,0.9231827460934195,0.15553755484969986,-0.5227729279034019,-0.17829609872291155,1.2466582046761636,-0.2584822916669348,0.22125733261479996,-0.025159092571070584,-1.0691690044108855,0.37422436533830694,0.09225171946250219,0.236719952230797,0.40418424801133324,0.1833731935240448,-0.3654017562252706,0.26666990729647644,0.01059537155787538,0.05524966051718662,0.7071322566138946,0.05387334768942567,0.16516896925772528,-0.03309682570376189,0.1616833396619049
0.11571410122614219,0.139954826378133,0.5416423903614904,0.22152407608887198,0.14464730581980792,0.4222799277761739,0.20216561841547057,0.3312069242503833,0.1499917568493749,0.29264682608270265,0.27110298685485656,0.1412686391048828,0.31266796962616833,0.2716477404916661,0.1671466098615599,0.2954769558251893,0.3183521655278483,0.28474669896448107,0.11635311161854245,0.4899606760267847,0.2586093061253664,0.3114088307473133,0.26216794614867006,0.15805506441756742,0.31036507320756396,-0.5013327927775072,0.13051310751833012,0.3922852282169543,2.3856744734946345,0.3036671476671344,0.21886193651085653,0.1735906543097175,-0.2662675558212458,0.7086909832086749,-0.40137424328281035,0.9373877762301419,0.6644029272050668,0.14074644053925045,0.39856219427432243,0.09162184268222098,0.9488476393403317,0.23294849251295033,0.19779167582985857,-0.03850985240368812,0.014877145123839733,0.7332230645017566,0.45075671976517967,0.07432207119330801,0.4453338697738792,0.9883793309629691,-0.9200363268462954,0.29514159752698466,-0.2807500194034089,-0.07106019973247032,0.01061694771523543,-0.13348676199920512,-0.06382391789639125,-0.26983732821397743,0.4164868309423092
0.05161954149442906,0.09570507705279845,-0.007140119529983731,0.11815651128024811,0.04574108735794589,0.09503559172211135,0.20627919582898527,0.25872774103817026,0.03640844121153418,0.1803428576191236,0.19578341100289237,0.12638567811247534,0.17313588417591128,0.22616482891003664,0.23805665715463314,0.2018532175170606,0.18096946475566134,-0.03699690336781153,0.06384519423518846,0.5621512037248159,0.2274362055180304,0.10163825940274085,0.3725647388727895,0.43424908640657184,0.34930263654352184,-0.5360871729377674,0.5737751722324664,-0.4343980008360805,0.3036671476671344,3.1184938486095084,0.269417181028918,0.22011135181772093,0.2096087922296596,0.2868373654490945,0.5397046733210165,0.05042505401481098,0.6839281786617852,0.3289815112776189,0.5043796076031065,0.38445737423470383,-0.0020297034377552816,0.30958200838869315,1.0776864559697361,0.09621636210636401,1.547952791080277,1.0040381952786879,1.152949788355569,0.4604175339115054,0.2691869976134538,-0.2944311885668199,0.28004150351694446,-0.3343782335982543,0.23765679947230453,-0.03132291826727118,-0.14209879355905075,-0.18124264928083827,-0.05350407239091025,1.1379222455170745,-0.8758182737937857
0.06831176651610148,0.11277901128990482,0.2683449298238841,0.13103035433513716,0.1360765112128532,0.20539122375200142,0.1422974451674054,0.1841370441089943,0.14234339818390945,0.1850141610447479,0.18725455816065756,0.14012846763141285,0.14131361013434549,0.19008286760512688,0.12832215502749564,0.15536553974796266,0.21598989808349553,0.319498467850308,0.12341105211344258,0.3688311334165905,0.23300908119344824,0.151346600339823,0.046514537254645445,0.21160022451088714,0.10536472576565359,-0.019734306372975484,0.49572713416151293,0.35321277747682506,0.21886193651085653,0.269417181028918,0.9404583766920595,0.23313692756872204,0.19012719114401683,0.1405718517342462,0.2330043061314394,0.69913701302546,0.28266104165981687,0.23774477185067283,0.2768862517794497,0.25482142673574576,0.2597974876888503,0.2515732942800005,0.0555943407162394,0.04411686886801134,0.18797034936398127,0.7057408144776559,0.3109106182874699,0.38867208828627553,0.13574381440009267,-0.0958481255107926,0.1358082855087435,-0.11430906850218284,0.06086600370104159,-0.044860187616973246,-0.003238771159221596,-0.03845755186507458,0.2840166835230487,-0.3084098599121697,0.07127467898133802
0.07585597708143417,0.16644749357225763,0.24834381521975532,0.14207870692580898,0.13617176993451544,0.26914874602159516,0.22144927045573234,0.24137459916723872,0.17306080010305727,0.17182703795924703,0.19897044004000194,0.19943989874016038,0.16473178251534454,0.363802603106383,0.1801599243613011,0.2536777591933357,0.14478040833225897,0.22371859882950512,0.10353573890151067,0.2866166690015613,0.1804593463381299,0.21460281110567786,0.2111710406447315,0.28327331830443914,0.21562695622356368,0.5010495415113801,0.15932918439555915,0.09357240437030304,0.1735906543097175,0.22011135181772093,0.23313692756872204,0.7322889640463716,0.0761234289056299,0.1782674457644253,-0.07572726051488693,0.40200512634137575,0.13401193116280194,0.16081182613899422,0.18826232877116436,0.16988558335172452,0.2305897769951767,0.15931632504752824,0.011388226385809974,0.011046429088081377,0.004071718502842221,0.5312159199308081,0.30012754062797786,0.24859958227937093,0.5491216104235198,0.10568701120281676,-0.12443471665944227,0.17103101871216903,-0.18137711545500562,0.013864466155064504,-0.10785385893220246,-0.032152779458079206,0.5395452738982853,-0.1322859086934369,-0.29991270418363575
0.042975665038474976,-0.037223969209651576,0.18848918143579058,0.13056092680096185,0.1294694972730334,0.04429713011171829,0.13709812917101946,0.1231117733411163,0.1435997643382792,0.11472899312878976,0.16061724833004676,0.14762919513452188,0.12847412550619366,0.1214955104234403,0.21227724920078528,0.14583830723498936,0.3258097563647654,0.2678292228223765,0.09295215590570442,0.10230677845732956,0.16428534284275093,0.1663739992683933,0.5934718113904972,0.4905724371595077,0.19206680310586677,0.022766311155997813,0.4908091988949426,1.2552693021234278,-0.2662675558212458,0.2096087922296596,0.19012719114401683,0.0761234289056299,1.8394880278778634,-0.36173253425784346,0.4263498044182904,-0.19488452965084924,0.3703407785217927,0.10408721804585466,-0.020954623502553296,0.15512251397040663,-0.25755242047346,0.15484586239334377,0.3531887515027652,0.0036210109102547587,-0.19712223796951667,0.47431757580958717,0.44913441583942804,0.5090557047637152,0.509388217779007,-0.08945728415134989,-0.03773442884211741,0.08985177421887824,0.14898722301413767,-0.09416657742539387,0.3061933767368171,-0.1228776108990338,-0.24149588320419169,-0.2655526825022541,0.5925419108763603
0.07367087370793517,0.12995499435098057,0.41979485404259675,0.18022882378748897,0.08003937314791505,0.23218454085547446,0.2125784387321155,0.23543432926217756,0.22853199959538878,0.2320326224704,0.18296026065428642,0.1618089240037506,0.20580677034700742,0.21419223330288825,0.19356497657110705,0.20859494216365523,0.1471149932387224,0.3654378112486557,0.062766316062764,0.31095845094731056,0.174747206595691,0.2690334977229765,0.45585973529831175,0.2975625730494952,0.43265327434330597,0.520072201144031,0.22643046140946635,-0.05986331848659231,0.7086909832086749,0.2868373654490945,0.1405718517342462,0.1782674457644253,-0.36173253425784346,2.6720490025198256,0.22691360245763223,0.35138381890846543,0.06477383151888977,0.06768650486891055,0.45757976846640835,-0.0421246542638931,0.7457522767341238,0.19665840606560803,0.6276531756112101,0.16537662450184393,0.18875060677865724,0.11095771286922121,0.45176797504319893,-0.07167462780945452,0.05385057643029013,-0.380397804182148,0.20032099781063,-0.05341841158249828,0.3005982009772244,-0.17720941546212585,-0.0838450583106764,-0.015046012899709428,-0.23743219892796574,0.005684753437485558,0.2184303648981291
