1.2279936279155226,0.42632616849810634,0.3739734021389362,0.011580607478631839,0.12932949294719384,0.07113103699293395,0.2806108353638663,0.006296326696047927,0.11123569948473289,0.15578925320033152,0.15678804687972894,0.1878788108425359,0.12362408065704118,0.21922931177746413,0.18577855985574632,0.11202936758092469,0.15171969794070728,0.2025856786657721,0.011691489040854425,0.14929396316404533,0.09657326499200854,0.18323939654899202,0.12772784867304024,-0.12366984839376403,0.11672163947781172,0.05363069208445853,0.13193665009495836,0.07252466092344384,0.09301541542721843,-0.10388126201048216,0.15539319543591656,0.16501427701746482,0.22284273576477703,-0.09828585246705408,-0.049156712909986675,0.037679111863357914,0.1015610674080499,0.1439345359319315,0.06190343982164826,-0.00270227099221433,0.16384818807050663,0.08427022007116731,0.14589682506574828,0.023571184070290054,0.05799482764953451,0.13360444969620688,-0.006155599926987476,-0.08576270776281958,0.03436598194188171,0.07381160931364757,-0.04653883017993171,-0.018664098188027483,0.022470973501030715,-0.01709237640970864,0.25911211621648267,-0.13004347448170842,0.26732835327736004,0.12857122203937366,-0.46646799660022387
0.42632616849810634,2.7197862484055904,0.3362973700675526,-0.27836794498789313,0.036008333521043615,0.06725030815942853,0.22788511761938302,0.0784165309808011,0.14592260973932708,0.157808319340306,0.17428203253108795,0.1934508930294241,0.06608935104939252,0.0091461636856327,0.332365679856514,0.04878460131863684,0.11132394168579016,0.30036982265994866,-0.00289966195260018,0.02921901159210377,0.06522952157510073,-0.04655827406847956,-0.21914642946791482,0.06757759919154116,0.09638365101904335,-0.13040006465176093,0.09085708497851888,0.08678859763864506,0.05764061726070998,-0.004650775190633899,0.0654777481769832,0.039794745483263796,0.1554290897999524,-0.0021255674520048564,-0.09693652762627347,0.18377965451516956,0.0710025001342422,0.059101057787847334,-0.03198763703140544,-0.022436017097168245,0.10174413763461694,-0.008444733845779519,0.03805436793033399,0.0028821991194952924,0.034354896670750104,0.2358273043866233,0.007266089820919406,-0.1518016462091095,0.04866436829208192,-0.02982804917245703,0.21695976316740898,0.17296405134949788,-0.23085005287028726,-0.20542761117361302,-0.289409360920002,0.05225236013242699,0.09611268161725464,0.0032274732584043537,0.14241094972850413
0.3739734021389362,0.3362973700675526,1.443527938117044,0.04228691828282942,-0.15168289370553958,0.27993514950021314,0.17092020638544295,0.34293556391412633,0.23877026686815403,0.28824566560993303,0.2537052854288737,0.22715409962744743,0.15420182676502261,0.11280096094529272,0.28641935667930873,0.08949504827361314,0.2788701854554351,0.2627880620056982,0.07119756842332148,0.22110999089115246,0.19566836249698494,0.19757796188409021,0.15974352875912043,0.22064914196586144,0.2297918203224124,0.16500459347469928,0.16134470643079551,0.14327783501588226,0.33759180711859005,-0.3958243084237042,0.15333683277205482,0.13809634555481318,0.18144044211312357,0.1820648641403613,0.10115599499555011,0.2238159746839543,0.21108347617203502,0.1730012712967678,0.16835082834372497,-0.20061957964846208,0.11846074537943177,0.1195817527470934,0.11124875877490216,0.027263119897842376,0.3110233671460626,0.40290348771794576,0.2281066294307566,-0.2429194863641017,-0.07181719139311797,0.07784745354049617,0.010439760938516512,0.10082549558546455,-0.07801400379355833,-0.11772424616978908,-0.003932030798674317,-0.0168532212830297,0.009296734254426451,-0.15709833190712003,0.0029274090126497356
0.011580607478631839,-0.27836794498789313,0.04228691828282942,1.2467664117748523,0.35402709922983466,0.09502640215091904,0.2425201665388081,0.045801238339142826,0.024111996865194264,0.07984072463955673,0.1075041311889743,0.20718932625863884,0.1041870445301351,0.3045487930203939,0.0984818309206654,0.23925672732889947,0.14841103682347476,0.03498028107716842,0.10343659788240614,0.19037332333733337,0.13501611469841518,0.15860930225004335,0.19057312274136035,0.19527663683393717,0.16379376215956654,0.21020907172796444,0.0971032450728607,0.07778452574255505,0.16601992694972564,0.17010281937593583,-0.061155373416403674,0.1935783715163155,0.1288066012601925,0.17955961921566527,0.09035124345514862,0.19759518422746908,0.09838412303591734,0.13546733328978483,0.20343412750027395,0.042102050060515046,0.05508199525798093,0.18409314204186314,0.09786090408904866,0.006890484920836983,0.18934342235557966,0.0738680599274214,0.06408797197836362,0.03396902085276384,-0.06945937846036794,0.016476867256968928,-0.06912255735179546,-0.07182524127416998,0.08930442937708828,-0.03407749608270505,-0.08827405662955487,-0.2174188070269436,-0.3764050617681916,0.4453439801828829,0.017923908362464765
0.12932949294719384,0.036008333521043615,-0.15168289370553958,0.35402709922983466,1.0917718922391566,-0.013858773521829635,0.11733654880534944,-0.030528093516567458,0.06252821606796725,0.08805945808070166,0.05340124618359839,0.10996334403400719,0.10162793459615797,0.16669013373123262,0.1391403899560726,0.1780185356458638,0.037808072021992906,0.12033233279871616,0.20674519206502445,0.044758731540432514,0.04681351409836366,0.04841291148705776,0.14574370399998904,0.0709519604452626,0.07077152445853495,0.14796265586519625,0.035547925113201234,0.026529797623833028,0.08501416524105022,0.05000476921026972,0.10879762289515482,0.1330110041608039,0.09340141482586911,0.10298501279038069,0.048961594876070096,0.1256518209272953,0.05408184623758312,0.04639068272559546,0.16795938383789885,0.06446864185626831,0.008440558260628093,0.1610915062809876,-0.03390490398908915,0.003755317888342051,-0.046629944245884423,-0.036045624935310216,-0.05049044336775842,0.1027309804210155,0.027663835267031117,0.13602908462154667,-0.15457378023372711,-0.12313658453791772,0.13241522296624605,0.010432047218177124,-0.012837345301908654,-0.13582947602043663,-0.027530407383609054,-0.011804726167461834,0.18647270061747434
0.07113103699293395,0.06725030815942853,0.27993514950021314,0.09502640215091904,-0.013858773521829635,0.6851703406227565,0.017541459055456395,0.2648392819673536,0.0418267686838083,0.10312537186112113,0.19309449733075962,0.15125624091625825,0.10514518015059439,0.09533891247122711,0.1512812926320559,0.09336358457918907,0.20238915689482473,0.12172813857611774,0.19731675870242738,0.26503299549386417,0.17903333916754022,0.21409955088115032,0.04826989036628809,0.3470200542178026,0.17686877851783697,0.14290746271762753,0.10746414778346976,0.06355385752035785,0.1453574150838782,-0.0499317362402716,0.04103723238586353,0.135775196251866,0.11025397815144251,0.1126547809615821,-0.042872889580371165,0.05886138446754402,0.14352630465320046,0.16170592868475617,0.19698386117241373,0.059095067177233736,0.09197822447499512,0.12085010343649691,0.2105828639390363,0.011825738989079777,0.26317456152484103,0.13309424051659777,0.3817458880532711,-0.03994603393552386,0.3754546088385389,0.13852877901624433,-0.15245312471887976,-0.07949720598944127,-0.0734725356185495,-0.008866148253202307,-0.040159386991020916,-0.016157336622227455,0.059030373439114395,0.11874860949394227,-0.1633969465370257
0.2806108353638663,0.22788511761938302,0.17092020638544295,0.2425201665388081,0.11733654880534944,0.017541459055456395,0.5343976587459561,-0.008406828890651578,0.14804578243349673,0.10202212095474888,0.16509029544346743,0.2683550928794211,0.10645961927016634,0.08938675918661906,0.11114213429783673,0.16278172853543704,0.14468596213540658,0.10167727172348515,0.008127752653071007,0.1437298314262279,0.11408646206449155,0.18151354861443492,0.19416254240605196,0.20250068938917778,0.1548710448196113,0.07404082812836571,0.1250365697405356,0.04031137705520743,0.11120541001414472,0.03636727088941776,0.03275660348147199,0.09821454452309372,0.1536961176173788,0.08265758414009698,-0.064427283326485,0.18607085776556698,0.12487144625823429,0.10467763149918703,0.08234946305671864,0.027624885996785746,0.08828401947306135,0.10857659731674389,0.10469731035541632,0.02208108693587497,0.07883667409947114,0.05243511828852547,-0.13560607367684227,0.03415283987196908,0.009375406779397251,-0.024517023105206783,-0.010401547712416328,0.002997074277190224,0.005110962324328853,-0.0732957918036462,0.05930460926020134,0.0014051499184795488,-0.021483746753226923,0.08101543986346368,-0.13488841187157122
0.006296326696047927,0.0784165309808011,0.34293556391412633,0.045801238339142826,-0.030528093516567458,0.2648392819673536,-0.008406828890651578,0.8355430902131414,-0.028090783425679982,0.16318475821570697,0.19338210905343597,0.04927047467278459,0.15781221515324823,0.10040360826847275,0.10699958086041372,0.07568895018975974,0.19710585575478654,0.22716461455701223,0.13837654275648986,0.15408266172883078,0.10596487853952563,0.1070035822906286,-0.029068855390088293,0.1337016661167003,0.1821393702007104,0.15935704398893052,0.12309388945686663,0.05822028302800603,0.17729300009572938,-0.08014464320759812,0.06718612255636076,0.11909655597694571,-0.0035838602618463128,0.19254918382044328,0.1110885718851687,0.002316224071378439,0.08725420098685202,0.10627851830737396,0.19453480730644904,0.026368532488118296,0.02109228934638884,0.044489861372028136,0.163227388595966,0.007422532536267202,0.2394704982636515,0.16221536073782425,0.4133544079135837,-0.07019652996095582,0.25046455208233454,0.07270250055885782,-0.04406145940934347,0.08749841857991912,-0.06904397484645475,-0.019414192808748888,-0.14770289358236885,0.0029854290091681657,0.03539112712180895,0.23224660849838158,-0.15260462365285715
0.11123569948473289,0.14592260973932708,0.23877026686815403,0.024111996865194264,0.06252821606796725,0.0418267686838083,0.14804578243349673,-0.028090783425679982,0.5964372312715448,0.05102190329248954,0.04743301377284069,0.08314181313783098,0.06625054238295662,0.08519482123238702,0.07235000372405785,0.05845447151372507,0.09124914948076308,0.1057713054796282,-0.07709799627351777,0.08953560528129736,0.08701336108845296,0.08781479547173213,0.15092797469912203,0.1626172111124984,0.04672830248233287,0.05090665461979708,0.06595358235978666,0.03371805956357769,0.06269369840541758,-0.05074343468300861,0.12294850699006284,0.044408764258935196,0.14588888632693528,0.05129040836733835,0.003282664066126298,0.04380827390408319,0.1287497578842414,0.06712388640767523,-0.009330521609926326,0.003258825151057932,0.04733944608772926,0.054936628783874994,0.10053455563796362,0.015387091482149473,0.08478870989765169,0.09411182811267611,0.04289244089074219,-0.035722723532053066,-0.07594788219485266,-0.06775489940867395,0.04862888053565324,-0.043951953002714685,0.13152363215826565,-0.025161319000451206,0.13154707562432055,0.12302192005012699,0.02731480654534443,-0.25395277712918357,0.039778566188662615
0.15578925320033152,0.157808319340306,0.28824566560993303,0.07984072463955673,0.08805945808070166,0.10312537186112113,0.10202212095474888,0.16318475821570697,0.05102190329248954,0.5203171335691793,0.10511766572156986,0.08729664437547131,0.13186955345047793,0.12319237591981705,0.14805962727999802,0.07972290494957514,0.15829969644579697,0.2113885423963217,0.027476897035705453,0.12688263696603183,0.08656313899297952,0.09997196573261453,0.0875559586196292,0.10319463221849035,0.10342754363406848,0.1128256774686355,0.09604322815818803,0.09301306303465164,0.18503274741345463,-0.07572806737065987,0.1289591911751174,0.11596248077023291,0.06782363904691928,0.17271331454373892,0.14858032656331743,0.04541062713222883,0.1441875070769967,0.09183428356247292,0.14886010986904197,0.02232378489310597,0.08759199558465133,0.07039633235221218,0.11468208429621302,0.014674962591070085,0.13071652184113638,0.11140921836698714,0.17663541847711214,-0.03847115405548855,0.11478959478940602,0.10812932925437815,-0.04910421408482317,-0.027538101927575966,0.020779902375363524,-0.02202861580624396,0.11050363897119274,-0.023869481993963285,0.10710575677542958,-0.22774875223357852,0.06947732410893229
0.15678804687972894,0.17428203253108795,0.2537052854288737,0.1075041311889743,0.05340124618359839,0.19309449733075962,0.16509029544346743,0.19338210905343597,0.04743301377284069,0.10511766572156986,0.4113119680133418,0.23997784624767624,0.11900091924753971,0.0917292996785237,0.22123156314158884,0.13171835685231753,0.21582693724179866,0.16411687900253263,0.07748369931729437,0.20187571659703046,0.11449343785101807,0.10459169785028956,0.09357938890682801,0.1599223646315372,0.16040853958053364,0.13522255728106644,0.1424264925456933,0.09255051198823824,0.16999859802759174,-0.053500543601235837,0.11083715816501215,0.10928476413761169,0.08301246473632279,0.10543041896700617,0.11452353452106914,0.10378517495752122,0.10447999745809095,0.1205212450561911,0.14127733881004736,0.0240932410889659,0.07663551370613166,0.10882929480324476,0.10127386929874721,0.014232113724338604,0.14445361170559842,0.10172376320791474,0.11600902282633535,0.00854483766903164,0.05788263244278262,0.06018088951107765,-0.019629998831229033,0.0057677890449150965,0.018743605573978566,-0.018604554299969264,-0.04673087053873251,-0.0269360705080234,-0.015437247566876583,0.15911114479578958,-0.136066871243521
0.1878788108425359,0.1934508930294241,0.22715409962744743,0.20718932625863884,0.10996334403400719,0.15125624091625825,0.2683550928794211,0.04927047467278459,0.08314181313783098,0.08729664437547131,0.23997784624767624,0.533463762477833,0.08462130928412656,0.09771816636378779,0.17125770186257527,0.1680805687755172,0.16715750051771575,0.020462603418302323,0.06910405558469587,0.17530915550041967,0.09725829798139136,0.10460457042259642,0.09641954761359973,0.15405861919752026,0.19987928826463627,0.09234872118515584,0.17925990612116832,0.005342709735459232,0.1304607266704159,0.007435006411457868,-0.027519701437337136,0.13043205605484318,0.07576860444320738,0.1010218271269818,-0.062423170773974725,0.24812380948103172,0.06532322246852329,0.11916153130348522,0.06939159540968945,0.037731096607584474,0.10114401178408078,0.11502754334467372,0.059760501249870535,0.01791520598331935,0.08507825007486797,0.0870794355013521,0.0035182202513074994,0.02204861409825269,0.14296199021666742,-0.103516211306803,0.04637380137062601,-0.006858789450733286,-0.004332660046215436,-0.043820053395273915,-0.0007614954299011707,-0.0228390020562793,-0.07970132921806258,0.14414537794343218,-0.09949272205666743
0.12362408065704118,0.06608935104939252,0.15420182676502261,0.1041870445301351,0.10162793459615797,0.10514518015059439,0.10645961927016634,0.15781221515324823,0.06625054238295662,0.13186955345047793,0.11900091924753971,0.08462130928412656,0.35168716494980357,0.11326922035795484,0.027365160440100744,0.13678106573846333,0.1347762206845869,0.14180137316639213,0.06050056530612114,0.09326044068825497,0.06248351345073192,0.2067905009079861,0.030572433593388546,0.0709095742366806,0.09366328195503,0.13027110881699128,0.11480469713371488,0.08681362677851487,0.17680208334241124,-0.0560448866887729,0.022677478928253756,0.13510031805019063,0.0128516944255818,0.11024291878480427,0.13400470915920462,0.01461456319529502,0.04364856464988505,0.06094783995944032,0.13781107754525082,0.022294869107210506,0.04649286149827957,0.0757120915974058,0.09676443976543664,0.015550170057808444,0.06689935757091883,0.05557684311974255,0.10788533827999847,-0.02056488873527577,0.08935324417715838,0.10707756945009513,-0.04187825195376902,-0.03346905364459327,-0.048151385842460905,0.01807520259320093,-0.01740414836519576,-0.036014509861215106,0.05023014235797066,0.06926123596822394,-0.1135943893375504
0.21922931177746413,0.0091461636856327,0.11280096094529272,0.3045487930203939,0.16669013373123262,0.09533891247122711,0.08938675918661906,0.10040360826847275,0.08519482123238702,0.12319237591981705,0.0917292996785237,0.09771816636378779,0.11326922035795484,0.5633391021602986,0.14871222007425955,0.21051603540177946,0.17472687236632956,0.13606896896665618,0.07576860322192654,0.15390116827108283,0.1004718083970148,0.14336474966716745,0.1312490046878345,0.048097255906593805,0.11035665382808213,0.16785020190206928,0.09683667966710166,0.11801709683981045,0.14863626369597335,0.08983292730753908,0.07718673357831882,0.2900607847043849,0.1579905367132306,0.10771273831140446,0.14946043671149933,0.06061921910987506,0.03208554873819399,0.1338610689044217,0.16493003162587713,0.053479329028016886,0.07679464815480905,0.14587082968176304,0.17097756295850847,0.010225297219027785,0.14768303246414294,0.1612058781738843,0.2495160756802343,-0.09488526667661384,0.18146099279239516,0.09933811058948365,-0.045215832545152226,-0.07614228602663281,0.09200453234633461,-0.02149437368957681,-0.041728346609097834,-0.16375111901968556,-0.04210312701764137,0.22282277761213637,-0.04339900990429541
0.18577855985574632,0.332365679856514,0.28641935667930873,0.0984818309206654,0.1391403899560726,0.1512812926320559,0.11114213429783673,0.10699958086041372,0.07235000372405785,0.14805962727999802,0.22123156314158884,0.17125770186257527,0.027365160440100744,0.14871222007425955,0.8102324956245589,0.05221003644700843,0.10682944234254502,0.33749489263115007,0.12537167921293352,0.10964053532301006,0.14475985886836204,-0.05656493845366077,0.21251556161439406,0.2463922903134522,0.18935763636933892,0.1566771867716397,0.08763094031358577,0.2174752040963813,0.22338054589307996,0.07862749763064741,0.1608844696339488,0.1050305840309524,0.22735038299472057,0.1367970171034202,0.11476828083948157,0.2051313503291094,0.19897136362673354,0.08916672522186467,0.2155631688767367,-0.009116457048765117,0.07065672510611525,0.1121468601546756,0.03891705808954802,-0.008544764536902207,0.16322242366813813,0.21959979950688774,0.15513443851840242,-0.05980343627896893,0.11143540373075968,0.26806156169072676,0.00855999323092651,0.13526462770791794,-0.20696675313447702,-0.17199495003131196,-0.018194480051819877,-0.006084367248436534,-0.04627674843695088,0.0421942391482114,-0.043676458513152466
0.11202936758092469,0.04878460131863684,0.08949504827361314,0.23925672732889947,0.1780185356458638,0.09336358457918907,0.16278172853543704,0.07568895018975974,0.05845447151372507,0.07972290494957514,0.13171835685231753,0.1680805687755172,0.13678106573846333,0.21051603540177946,0.05221003644700843,0.8802952064218776,0.07998975145395504,0.111504085495728,0.13795580276986474,0.19113940087272058,0.08352782567338282,0.16967315825908785,-0.12980280572153885,0.1228850699732655,0.1592836166626245,0.19303483544434943,0.19955247795886044,0.16971475878589445,0.2159336315360828,0.15722690138266313,-0.06694662999525476,0.1771118692629454,0.0029316215806996504,0.12274681090144815,0.2929074967179236,0.0794592044169764,0.06078698307809882,0.1095038317438854,0.1936095040202905,0.12724956518205854,0.1093791662134205,0.257225272652962,0.2253538954775069,0.023945626361199197,0.24540266901808291,0.09536187223182792,0.13888404983876018,-0.06351088505594947,0.11211425504367363,0.008505777899143533,0.018653524959090364,0.01806725028058381,-0.003364504972661072,-0.04320396391642963,-0.03137292401289445,-0.01897386239077735,-0.1850922192391562,0.22585091651619504,-0.06613175587243568
0.15171969794070728,0.11132394168579016,0.2788701854554351,0.14841103682347476,0.037808072021992906,0.20238915689482473,0.14468596213540658,0.19710585575478654,0.09124914948076308,0.15829969644579697,0.21582693724179866,0.16715750051771575,0.1347762206845869,0.17472687236632956,0.10682944234254502,0.07998975145395504,0.8413106911088575,0.13722037100187892,0.07937570086040605,0.28791535583364414,0.09903102247827526,0.28017537016443694,0.1282399342863583,0.05443974211388516,0.1576429996508532,0.13147986070459347,0.14195409988060573,0.1420371985833842,0.1355557125436663,-0.17484562977824591,0.07892151304268258,0.14592251382652016,0.10795552403347357,0.11938504358627847,0.13809072194067107,-0.03832506100090482,0.19277892562388085,0.1669186701342034,0.10112427642634134,0.02792128560703084,0.13941291538104977,0.11471915678732092,0.2191250247077224,0.018656491802201487,0.17360403759489718,0.061113014357879386,0.21296251625743792,0.0015312270973279107,0.08568382502134286,0.0938260052074177,-0.10453834080671794,-0.12279098465727428,-0.004605930593148122,0.05923185433779691,0.01204036958133595,-0.1130292975872044,-0.015232539219628997,0.10295666390878966,-0.04675709854581386
0.2025856786657721,0.30036982265994866,0.2627880620056982,0.03498028107716842,0.12033233279871616,0.12172813857611774,0.10167727172348515,0.22716461455701223,0.1057713054796282,0.2113885423963217,0.16411687900253263,0.020462603418302323,0.14180137316639213,0.13606896896665618,0.33749489263115007,0.111504085495728,0.13722037100187892,0.7691767917803835,0.09510670925628917,-0.05678626594436395,0.11020076347955735,0.10219092620803676,0.12260071037226726,0.19079145038379183,0.12100039078839321,0.11983201377879102,0.06242120189685638,0.19243792611184377,0.1544766447912429,-0.07731343577336101,0.18020769405112702,0.11839578499640005,0.15357595080330383,0.1031017702145922,0.1697272429608578,0.08056587133886581,0.04698084073016704,0.018052663802558586,0.18881802591554683,0.012811807357170907,-0.05520420586742072,0.003814008616458835,0.18158140846613746,-0.014055469104151846,0.22226602892406624,0.1698665895899319,0.19197716543543134,-0.10235734512720146,0.015587627014966706,0.16258757549240568,0.01669105048934768,0.0727870099188539,-0.12938492892024137,-0.08164136346623653,-0.05299227135722865,-0.022639834825411865,0.18680794889398564,-0.04379503129212779,-0.1341223273892065
0.011691489040854425,-0.00289966195260018,0.07119756842332148,0.10343659788240614,0.20674519206502445,0.19731675870242738,0.008127752653071007,0.13837654275648986,-0.07709799627351777,0.027476897035705453,0.07748369931729437,0.06910405558469587,0.06050056530612114,0.07576860322192654,0.12537167921293352,0.13795580276986474,0.07937570086040605,0.09510670925628917,0.5877936332348478,-0.062146350569188644,0.08928230334790667,0.1354614915219416,0.029026208097476577,0.12864294291346906,0.11141530277481042,0.10006185942838962,0.032479263225424534,0.08602040903178987,0.15128483927885153,0.06056260465547345,0.052322558767466415,0.10250395756996405,0.0543581368021336,0.08413211848145512,-0.0016990366072724592,0.16116240726063288,0.01223603343462671,0.01960185050286305,0.17198487120022218,0.04054919608479904,-0.043726441665407755,0.08930890922616554,-0.0008952914544167879,0.009562794139474863,0.09739640019466134,0.061090546996241175,0.03057259181763779,0.047465572534643445,0.08344923023865186,0.013651604728469399,0.10782727762031726,0.12760333249964412,-0.207345663399285,-0.07039758298957859,-0.09772229989771844,-0.03795068135392799,-0.008946291911645936,0.11532813748111717,-0.03142689221442528
0.14929396316404533,0.02921901159210377,0.22110999089115246,0.19037332333733337,0.044758731540432514,0.26503299549386417,0.1437298314262279,0.15408266172883078,0.08953560528129736,0.12688263696603183,0.20187571659703046,0.17530915550041967,0.09326044068825497,0.15390116827108283,0.10964053532301006,0.19113940087272058,0.28791535583364414,-0.05678626594436395,-0.062146350569188644,1.0957382517327805,0.08235947881341488,0.09213564749607868,-0.049882319151893346,0.1758455878238421,0.15417709804924704,0.23053044028738381,0.29504294946762133,0.2744097688343544,-0.06354077064846565,0.377627276423998,-0.03779903624572699,0.15346283559948548,0.26132006659351514,0.04898323040483475,0.2962347718006129,0.028698937319712643,0.5118067216433154,0.46235207026688163,0.1888900413092213,0.03597378376018585,0.32454253301684616,0.22391666073534405,0.42996912890765754,0.023555777176655857,0.48826201549698944,0.08826920158679903,0.1361448507730976,0.004073881093538429,0.3126350520739453,0.12351794516602232,-0.226524438930397,-0.08825671370851702,0.13640467189491945,0.01678576003089559,0.0020607185802896024,-0.15198139440626995,-0.029025186125619804,0.09424132013395392,-0.028936487560837013
0.09657326499200854,0.06522952157510073,0.19566836249698494,0.13501611469841518,0.04681351409836366,0.17903333916754022,0.11408646206449155,0.10596487853952563,0.08701336108845296,0.08656313899297952,0.11449343785101807,0.09725829798139136,0.06248351345073192,0.1004718083970148,0.14475985886836204,0.08352782567338282,0.09903102247827526,0.11020076347955735,0.08928230334790667,0.08235947881341488,0.4086608486023612,0.06121485596457026,0.1860722901938073,0.10933808814863931,0.11594704552496111,0.11950133623632474,0.06958164672243398,0.16394262908584908,0.16953167253532075,-0.0011187027802275935,0.3114574014776235,0.10223825326402017,0.2211271757666856,0.07150308640447409,0.16123486552985913,0.148899447487594,0.07854015792195003,0.1297525532691047,0.2718196344968493,0.09576818586616258,0.1529793848351926,0.17295550386531655,0.15157694788093592,0.00949567961668996,0.3744705096669319,0.16495921754390552,0.22663857153677977,-0.024292009711637568,0.22309304355451318,0.07531627000769668,-0.019869766414664675,-0.007485444115398125,0.0009584965542297077,-0.07121618189558113,-0.03522191658858828,-0.02177367229481262,-0.09193873535976445,0.10041332146296239,-0.04967386244998234
0.18323939654899202,-0.04655827406847956,0.19757796188409021,0.15860930225004335,0.04841291148705776,0.21409955088115032,0.18151354861443492,0.1070035822906286,0.08781479547173213,0.09997196573261453,0.10459169785028956,0.10460457042259642,0.2067905009079861,0.14336474966716745,-0.05656493845366077,0.16967315825908785,0.28017537016443694,0.10219092620803676,0.1354614915219416,0.09213564749607868,0.06121485596457026,1.2136733055928424,0.4914934119535533,0.044915132634057844,0.20950289415740883,0.19810840326774332,0.14534007181229963,0.032660995990189734,0.24797414097918138,-0.306049881185762,-0.08931615398195816,0.18094526163185648,0.04832289518309086,0.20069548856782582,0.12474031984434585,-0.19381229328448138,0.08191751942774868,0.03686548970148624,0.15736236949400925,0.06102544622838165,0.008795766415850382,0.1662201392618198,0.29477623189886015,0.038886267922859714,0.02600086652186918,-0.03458466844242211,0.126888569565301,0.1231542620903296,0.023201993685062067,-0.023604002379731415,-0.04875919813228741,-0.07201373156328274,0.04509143155250377,-0.019261054731880736,0.03292389474579391,-0.015369765918489731,-0.026818536919284888,0.12808396522743243,-0.19143941682009855
0.12772784867304024,-0.21914642946791482,0.15974352875912043,0.19057312274136035,0.14574370399998904,0.04826989036628809,0.19416254240605196,-0.029068855390088293,0.15092797469912203,0.0875559586196292,0.09357938890682801,0.09641954761359973,0.030572433593388546,0.1312490046878345,0.21251556161439406,-0.12980280572153885,0.1282399342863583,0.12260071037226726,0.029026208097476577,-0.049882319151893346,0.1860722901938073,0.4914934119535533,2.4939566117886454,0.4628017336452519,0.37379614652590243,0.23957570125268277,0.04155323183594355,0.14279197028371785,0.45393165138581487,-0.1717621413742096,0.09474122782240216,0.037342901748591256,0.40211206042509057,0.4104766208115047,0.1304953730531141,-0.01784928959133403,0.4834362454429803,0.004848518073259351,0.4698986716285217,0.011378736938976636,0.026639731846192234,0.11843041113670845,0.05051966260032233,0.023676790670267865,-0.09105503749914894,0.03529014778870686,0.18683526829596292,0.32079787642883617,0.21540518081580376,0.1483939734813897,-0.03874367215125172,-0.05368173331058112,0.12399935640031644,-0.22131410156084713,0.12315133191869869,0.024593756436862145,-0.12096359224797962,0.04589759292442007,-0.06750513060830188
-0.12366984839376403,0.06757759919154116,0.22064914196586144,0.19527663683393717,0.0709519604452626,0.3470200542178026,0.20250068938917778,0.1337016661167003,0.1626172111124984,0.10319463221849035,0.1599223646315372,0.15405861919752026,0.0709095742366806,0.048097255906593805,0.2463922903134522,0.1228850699732655,0.05443974211388516,0.19079145038379183,0.12864294291346906,0.1758455878238421,0.10933808814863931,0.044915132634057844,0.4628017336452519,1.7521640360934858,0.3591584028780478,0.285295427194151,0.01553190967665387,0.22962602354417444,0.02230685314579159,0.3834291573268597,-0.14411765976315277,0.024579723325703125,0.21631460680968484,0.03335594932486567,0.278715779524619,0.2068447328194568,0.13132426421759355,0.0811986568705334,0.18481861717580358,-0.03329164361214289,-0.20534829766030063,0.12620498652683945,0.15260724557747513,0.007915357939793378,0.2783376855683148,0.20085286882610826,0.26469087919711587,-0.0422227646476725,0.42192164055947085,-0.06795574212725447,-0.03781081418397939,-0.04001122401168547,0.0665664901366935,-0.05155291381284375,-0.12538316890963988,0.11261481146141662,-0.003412358301141518,-0.09070799214298601,-0.006293833260110977
0.11672163947781172,0.09638365101904335,0.2297918203224124,0.16379376215956654,0.07077152445853495,0.17686877851783697,0.1548710448196113,0.1821393702007104,0.04672830248233287,0.10342754363406848,0.16040853958053364,0.19987928826463627,0.09366328195503,0.11035665382808213,0.18935763636933892,0.1592836166626245,0.1576429996508532,0.12100039078839321,0.11141530277481042,0.15417709804924704,0.11594704552496111,0.20950289415740883,0.37379614652590243,0.3591584028780478,0.8092990364690271,0.1538317869696233,0.145392138541115,0.051345134080737036,0.3178636621861607,0.06558756256018153,-0.016227641287349277,0.09327165552540531,0.09197625273751751,0.20998193190663397,0.14683856400943912,0.17198067152285101,0.16383212354413357,0.11926980273091524,0.16515777695190828,0.046271006406869916,0.10634818463518639,0.1102669948118932,0.17016118234057828,0.02602939839559159,0.16511956130036334,0.2263825069710081,0.19827817158173988,-0.07928517042743222,0.08150896417522824,-0.2649977336463331,0.01542475133583707,0.11547776551962499,0.15341003304882864,-0.09980316592326217,-0.03415147389931405,-0.028771404689063033,-0.06222876973726524,0.13415195698431653,-0.0739723152064207
0.05363069208445853,-0.13040006465176093,0.16500459347469928,0.21020907172796444,0.14796265586519625,0.14290746271762753,0.07404082812836571,0.15935704398893052,0.05090665461979708,0.1128256774686355,0.13522255728106644,0.09234872118515584,0.13027110881699128,0.16785020190206928,0.1566771867716397,0.19303483544434943,0.13147986070459347,0.11983201377879102,0.10006185942838962,0.23053044028738381,0.11950133623632474,0.19810840326774332,0.23957570125268277,0.285295427194151,0.1538317869696233,1.9024401758661271,0.11348062977680169,0.3260266837083466,-0.016175358153969394,-0.26341528846772094,0.10966969255486372,0.2868931445243173,-0.05168346727690014,0.20181747799276983,0.4786489742201335,-0.07535608034025194,-0.23331643524410842,0.10589869259422566,0.4390305756741255,0.22873870550229602,-0.6681403103102777,0.3828873774072788,0.21422482787271066,-0.07885772965172523,0.9395937938330869,-0.164564103025661,0.2076329148132355,0.23973259824004925,0.20067976951052224,0.1460165820517599,-0.016774729939313116,0.09027606881090383,-0.2377513124188878,-0.010504009814295544,-0.05214344855888742,-0.04351049596236746,-0.11448918075589777,0.21790502699076478,-0.1482767479438162
0.13193665009495836,0.09085708497851888,0.16134470643079551,0.0971032450728607,0.035547925113201234,0.10746414778346976,0.1250365697405356,0.12309388945686663,0.06595358235978666,0.09604322815818803,0.1424264925456933,0.17925990612116832,0.11480469713371488,0.09683667966710166,0.08763094031358577,0.19955247795886044,0.14195409988060573,0.06242120189685638,0.032479263225424534,0.29504294946762133,0.06958164672243398,0.14534007181229963,0.04155323183594355,0.01553190967665387,0.145392138541115,0.11348062977680169,0.7567641364219649,0.16903423096655915,0.09187338933629935,0.06559191085286233,-0.03290973262271513,0.16278557098862956,0.09115657223503969,0.0863488395579418,0.18108295100925334,0.21696722252681763,0.18734633233670167,0.16391710663982445,0.1272151274551801,0.08451468808181863,0.13514076322153595,0.1316244110132748,0.250905038943244,0.02306788045409536,0.2302878147422834,0.045000067824639826,0.06210021651455071,0.03730841864983949,0.18563714856847158,0.0543965640737169,-0.05977247820981449,0.05436807622064151,-0.04506810090937477,-0.021239821041745214,0.014871642237671292,-0.033005299953184485,-4.9138204771310534e-5,0.06274594686118906,-0.04475854686195024
0.07252466092344384,0.08678859763864506,0.14327783501588226,0.07778452574255505,0.026529797623833028,0.06355385752035785,0.04031137705520743,0.05822028302800603,0.03371805956357769,0.09301306303465164,0.09255051198823824,0.005342709735459232,0.08681362677851487,0.11801709683981045,0.2174752040963813,0.16971475878589445,0.1420371985833842,0.19243792611184377,0.08602040903178987,0.2744097688343544,0.16394262908584908,0.032660995990189734,0.14279197028371785,0.22962602354417444,0.051345134080737036,0.3260266837083466,0.16903423096655915,1.3745209773040459,-0.06138479380807684,0.3190267071505587,0.30742443925158996,0.19185385210450948,0.6663277817345541,-0.025764892132002438,0.9432935565928002,-0.15088563885968875,0.36348103267835796,0.14922472742536305,0.37046519073176787,-0.03749958546062762,0.027661628137520336,0.3367502422010498,0.1829634375016325,0.023519271558846807,0.3294244248715265,0.1544523180144333,0.2778627497871182,0.028180015488707404,0.3718467475266583,0.5393371601643429,-0.024376137730567012,0.41587616903456615,-0.9333068761089955,-0.06405641749061503,-0.0844244784539213,-0.09785782629847285,0.025261575688371445,-0.000676318884111708,-0.014342764252055383
0.09301541542721843,0.05764061726070998,0.33759180711859005,0.16601992694972564,0.08501416524105022,0.1453574150838782,0.11120541001414472,0.17729300009572938,0.06269369840541758,0.18503274741345463,0.16999859802759174,0.1304607266704159,0.17680208334241124,0.14863626369597335,0.22338054589307996,0.2159336315360828,0.1355557125436663,0.1544766447912429,0.15128483927885153,-0.06354077064846565,0.16953167253532075,0.24797414097918138,0.45393165138581487,0.02230685314579159,0.3178636621861607,-0.016175358153969394,0.09187338933629935,-0.06138479380807684,2.785366592134802,-0.3759139263728401,-0.17896784603047372,0.1422906289424178,-0.24536857127202463,0.6848967111582901,0.1163204711507929,0.23148254060916326,0.5502066884216266,-0.04197038938780758,0.3435888995739028,0.04321339771616302,0.35727744599042843,0.05022272712971559,-0.18309991723872782,-0.012374574984395993,-0.05443427927234069,0.21154122876342302,0.27425278041830875,-0.2774729557952919,0.1433056029482143,0.1017725001703746,-0.005322398258515272,0.08854856518610042,-0.03648148201796694,-0.03006934972969558,0.0304832677307133,0.038061383995246466,-0.16571508859161652,0.1906358290798819,-0.09550706576365224
-0.10388126201048216,-0.004650775190633899,-0.3958243084237042,0.17010281937593583,0.05000476921026972,-0.0499317362402716,0.03636727088941776,-0.08014464320759812,-0.05074343468300861,-0.07572806737065987,-0.053500543601235837,0.007435006411457868,-0.0560448866887729,0.08983292730753908,0.07862749763064741,0.15722690138266313,-0.17484562977824591,-0.07731343577336101,0.06056260465547345,0.377627276423998,-0.0011187027802275935,-0.306049881185762,-0.1717621413742096,0.3834291573268597,0.06558756256018153,-0.26341528846772094,0.06559191085286233,0.3190267071505587,-0.3759139263728401,3.3219465787476867,-0.43613939656088613,0.050585309206611674,0.40156489318204,-0.1615166642477532,0.32400106432615966,0.8973971408576968,0.45052184870673095,0.30108929131170004,0.08241436283614618,-0.23945938235856293,0.33452801530336074,0.015003163202594615,0.19407473021497168,0.1319429964625704,0.20046534144242437,0.9947871695639164,0.5440546035467413,-0.7194836963150838,0.6093434884554325,-0.002451922687341361,0.05062349168173505,-0.2739882364162309,0.15418219449883208,-0.06476771967246983,-0.26862729832337434,-0.1736794919119653,-0.15565635916770665,0.3382752111708055,-0.029481876506956328
0.15539319543591656,0.0654777481769832,0.15333683277205482,-0.061155373416403674,0.10879762289515482,0.04103723238586353,0.03275660348147199,0.06718612255636076,0.12294850699006284,0.1289591911751174,0.11083715816501215,-0.027519701437337136,0.022677478928253756,0.07718673357831882,0.1608844696339488,-0.06694662999525476,0.07892151304268258,0.18020769405112702,0.052322558767466415,-0.03779903624572699,0.3114574014776235,-0.08931615398195816,0.09474122782240216,-0.14411765976315277,-0.016227641287349277,0.10966969255486372,-0.03290973262271513,0.30742443925158996,-0.17896784603047372,-0.43613939656088613,2.7188055298049085,0.08139921939188761,0.2627252387716521,0.08121955816589879,0.4256400888801003,0.3087733049264698,-0.5724574967889778,0.16630690360130845,0.2607293705775321,0.1648678673146717,-0.23283534161178468,0.1318429275161882,-0.009490181716309644,0.08341840408554255,0.23521464179210383,0.214468947928866,0.08652499599771736,-0.10406948113817316,-0.04068867197959951,0.24962808177309823,0.01881710458454163,0.16800342368245877,-0.15918263834437113,-0.036745454681255785,0.22831154114712923,0.08113767382777352,0.16233630986239633,-0.20671894038512678,-0.005522141919883735
0.16501427701746482,0.039794745483263796,0.13809634555481318,0.1935783715163155,0.1330110041608039,0.135775196251866,0.09821454452309372,0.11909655597694571,0.044408764258935196,0.11596248077023291,0.10928476413761169,0.13043205605484318,0.13510031805019063,0.2900607847043849,0.1050305840309524,0.1771118692629454,0.14592251382652016,0.11839578499640005,0.10250395756996405,0.15346283559948548,0.10223825326402017,0.18094526163185648,0.037342901748591256,0.024579723325703125,0.09327165552540531,0.2868931445243173,0.16278557098862956,0.19185385210450948,0.1422906289424178,0.050585309206611674,0.08139921939188761,0.6180594039792845,0.10174996349554367,0.19898108279726032,0.09550885572850017,0.10166274051067858,-0.13299808531569726,0.15914362283932432,0.2224498602460498,0.06241501593394459,0.002728435527974457,0.18610224008883225,0.1271889783695675,0.01853851251513834,0.1956097235938525,0.12829802706497095,0.18081960029187755,-0.08736030299613674,0.16997168906689714,0.166245485487175,0.016567596732402566,0.046705904946183,-0.30336826202725375,0.012097355810570618,-0.05467774188391852,-0.17743448790191624,0.1310611723951393,0.06990781322632117,-0.07240464610465788
0.22284273576477703,0.1554290897999524,0.18144044211312357,0.1288066012601925,0.09340141482586911,0.11025397815144251,0.1536961176173788,-0.0035838602618463128,0.14588888632693528,0.06782363904691928,0.08301246473632279,0.07576860444320738,0.0128516944255818,0.1579905367132306,0.22735038299472057,0.0029316215806996504,0.10795552403347357,0.15357595080330383,0.0543581368021336,0.26132006659351514,0.2211271757666856,0.04832289518309086,0.40211206042509057,0.21631460680968484,0.09197625273751751,-0.05168346727690014,0.09115657223503969,0.6663277817345541,-0.24536857127202463,0.40156489318204,0.2627252387716521,0.10174996349554367,2.0582473341267646,-0.3667896511430535,-0.2862950242360672,-0.20080682415040457,0.8389675710359161,0.23109000639171787,-0.02170264752914355,-0.13729809889263206,0.2325442540440297,0.3540868696765683,0.29677060370226555,-0.006018825334939213,-0.11438991692543357,0.43808671056860865,0.35626720717887167,-0.17142730721858576,0.4514037576908462,0.07379222280919624,-0.05117687180902987,-0.17617460591436518,0.18880868971714956,-0.2946846597159236,0.08937319818061089,-0.17643499265074117,0.010102078417962795,0.01735401873303593,0.034363332456491695
