0.6215728069061778,0.19025724214203826,0.37034167947826485,0.02365934063299938,0.23196807798571606,0.13071319085163574,0.15979372094826141,0.15055029438805692,0.14598262010263333,0.13388346732248937,0.1260301815388911,0.13038746541543456,0.14004760869657074,0.14603114327170577,0.11996654472192261,0.12970286778862342,0.0996081504520319,0.1385720116148181,0.17276419736284548,0.07357481654329197,0.12710814846048143,0.15203007192251747,0.1209279189431102,0.08617427833209135,0.12550433423883295,0.10637943906950989,0.10335122339760655,0.04268873686779137,0.21348371535883517,-0.09891012843181839,0.10302095968800501,0.14397471738306403,0.04756196843824907,0.037149474262653616,0.04691099330790873,0.12652675315149678,0.016088138368307033,0.0895707851006845,0.09495072413082999,-0.008260287764819617,0.08264116660898485,0.12390376122265759,0.09576345871380854,0.04292631351344768,0.11426946466866002,0.16101272283904083,0.022055418834576013,-0.05677274369871094,-0.13730700320595332,0.00815415667952131,-0.0042086385172751374
0.19025724214203826,2.34403241489646,0.3601656471016587,-0.4402657645610619,0.019660604257338614,0.31334174531838,0.1914785770961037,0.2791742686259076,0.33586843255584115,0.18676409065809124,0.22870609429597402,0.08234069007721084,0.250867851017489,0.11938193680002757,0.31964373290402115,0.1367624328842005,0.22329758661478957,-0.02427831317872809,0.11255924932986514,0.2793109264373304,0.3600109486057407,0.17083561434554717,-0.3402967723034474,0.02092773815745665,0.20563339688254675,0.22903163120598147,0.15607832518158776,0.2537601867890969,0.40934923349958663,-0.07927274036067718,0.18602949928173712,0.13539062367219545,0.05613771665133296,0.11632466402101534,0.4459295284938988,-0.10722796603302366,0.4078469739236136,0.20646535480508346,0.22967113204419395,0.06980626629050862,0.12043570885760697,0.352240405842013,0.3113810315252148,0.023479454461430276,0.5336220283943175,0.14894795545606473,-0.021357789641521737,0.11268445429857243,0.5078865044867603,0.11598861566144039,-0.03147566906201327
0.37034167947826485,0.3601656471016587,3.614640525261079,0.9944737996066088,-0.2899276556337018,0.40933328764793275,0.3479058712396409,0.5479185491670578,0.6401597557313831,0.5308256258614384,0.3773271658742616,0.31094114659131744,0.3883165708891336,0.34065352756824296,0.35703577235068185,0.28669942627610484,0.34656350921056356,0.45499540888069145,0.126870951039783,0.2225688985719896,0.34399598052239144,0.5058465952004958,0.41440065444002955,0.30661082986373905,0.26964670544341834,0.5013222861884367,0.26731355197098056,0.10009215225005944,0.6586378802135101,-0.9030093544641612,0.31169085274407565,0.3332449494193094,0.1402110494392617,0.40360057754424855,0.09070267973827334,0.4082875034640498,-0.055021690792384836,0.2978138237757569,0.11235987558599854,-0.7734790366311367,0.22966886010947823,0.3419986738494352,0.3720232623285014,0.2092921209274163,0.9582723354744482,0.6745000746801223,-0.1352367455793,-0.3645190933744453,-0.954410218168047,0.0948841346405472,-0.06927726100776754
0.02365934063299938,-0.4402657645610619,0.9944737996066088,3.0619779244040863,-0.04129376318119306,0.718005828216225,0.5915019001154945,0.41901089408873565,0.3978421640517459,0.7348629597370274,0.5714118953639232,0.85245193722452,0.4996198974296798,0.6925266375439533,0.4132014230129318,0.6710786985181679,0.5809201725370543,0.6731732356066696,0.339776088038597,0.31188797572575283,0.20932460300722652,0.6110787538147896,0.6873481923226482,0.46720271693779164,0.20941545300980718,0.6067012930385595,0.5032670993021322,0.03610285209734245,0.5883850736315889,-0.29546253142759354,0.3918396566782621,0.6559863410444954,0.25888051236737836,0.43904435738765907,-0.18847323828401238,0.6379215980306536,0.025654114612497565,0.36681157826257016,0.1800849357611402,0.11836703337267251,0.2247038525885092,0.16861868337292632,0.5065546869926935,0.26656037042968866,0.25871431329688915,0.5788932242244316,0.27943816267591814,-0.27364096934233323,-0.4311215473163031,0.0736125350707861,-0.057334075299085296
0.23196807798571606,0.019660604257338614,-0.2899276556337018,-0.04129376318119306,1.8842020262900974,0.23350716936790383,0.21809147216753155,0.40148047075519105,0.1812110669527482,0.19872213446444698,0.2565693629386528,0.2862814768057589,0.3157338718421696,0.23082559028302044,0.19412697092170594,0.25177950029282403,0.1552713283288469,0.2476934900847125,0.9376750961500423,0.30517099346700116,0.10360725769458905,0.24509636295286977,0.3119382659017776,0.24725196000100996,0.012033854740773085,0.2658666573219238,0.21825468568988204,-0.05977945727899683,0.27291321755467834,-0.07528263582679083,0.1663745616705231,0.19530068339992884,0.09528187075511195,0.5147041371711656,-0.17818638813553161,0.33215350972694624,0.03531625943499961,0.1498699913376819,0.15720290459800107,0.22294450358316156,0.1576726855404193,0.09517046529979116,0.10944591841802534,0.055351112262453456,-0.29867217582535355,0.21801815206889438,0.0681014904786099,-0.10645767016328297,-0.2214565295001438,-0.059707069770138774,-0.03731460859035328
0.13071319085163574,0.31334174531838,0.40933328764793275,0.718005828216225,0.23350716936790383,1.2314445854244538,0.3618576446663053,0.6556026105101102,0.40974680983682193,0.5522389839082659,0.5832962909105869,0.6171646859448002,0.5382954086462071,0.4885149943817895,0.48472828566367265,0.5123064900227705,0.5861365457747363,0.4124917372038747,0.7526147694693444,0.7070961171510574,0.4005766210415253,0.49394199844757425,0.2892054759943569,0.43326066317246575,0.2255495693436491,0.533674759031913,0.4876653955428476,0.264106001086423,0.8420386261416252,-0.03579272354847843,0.4027660864713121,0.49078370705254315,0.05699938008149856,0.51810295967445,0.47308764478484683,0.4509472753607871,0.12693869127925272,0.38936334967883235,0.4244891861480181,0.35621353996927557,0.14760837766910934,0.34969165266932967,0.7520502088083408,0.17092382701377423,0.647657941701797,0.42360593075298847,0.3254457722553089,-0.1070375891249117,-0.22700529414080098,0.027361564308602388,-0.010978563757681801
0.15979372094826141,0.1914785770961037,0.3479058712396409,0.5915019001154945,0.21809147216753155,0.3618576446663053,0.6276118925191801,0.28630476964540685,0.29772343274764973,0.2949352929836772,0.3347675283271347,0.43885107983346316,0.3181288395196325,0.31946623690111525,0.22016907760836424,0.3453983660136419,0.3400186642116875,0.2713368838131916,0.2830431912898769,0.23239696037200727,0.24203479316601254,0.3568558495369447,0.3143488141607778,0.26495976432261764,0.15754185458890527,0.2997476103242204,0.27566402976494,0.09466536537646027,0.42764561523820155,-0.19601674273917596,0.20819754878322216,0.3146175625726618,0.1032374474860635,0.32155772654427284,0.11544128590107919,0.29035508285603323,0.04847630825768155,0.17849780436766255,0.2262739929453046,0.14201280201529215,0.1463145762794774,0.2249210316777803,0.2902945648603361,0.12103806102439245,0.17533186608063245,0.2660363345864402,-0.0007766387114818658,-0.09659514170786247,-0.0468943476781239,-0.014592617095562978,-0.016798520212802828
0.15055029438805692,0.2791742686259076,0.5479185491670578,0.41901089408873565,0.40148047075519105,0.6556026105101102,0.28630476964540685,1.244071875889544,0.2219495491548565,0.4505863711564505,0.41709543411449457,0.0724223323712452,0.5176150199683787,0.3476443875797588,0.2584057176478981,0.315016067454385,0.4097729486567934,0.24767195261928243,0.5360678929537628,0.6560554932968975,0.19963232474147732,0.3331268486472619,0.20016552335071905,0.2975525854995018,0.08791098665533714,0.47682110338853373,0.335523766267047,0.1491130409619922,0.6657761225289223,-0.14683502428901404,0.2701001007247613,0.33665019104342403,0.012738250779184952,0.5054635153892485,0.3410839647718896,0.28803230181095285,0.07431197845112233,0.20711050486126836,0.4318360240277692,0.2309371968136409,0.25354563858502893,0.16541791592970895,0.5793725219616492,0.12549606853430886,0.43233093228220904,0.36161140678866277,0.14025848295868856,-0.06975262850559412,0.04404215025710322,0.12038958767928047,-0.03085581760849696
0.14598262010263333,0.33586843255584115,0.6401597557313831,0.3978421640517459,0.1812110669527482,0.40974680983682193,0.29772343274764973,0.2219495491548565,0.8438234592269617,0.343731110458398,0.31030452156754806,0.33552467508339184,0.35422721340773483,0.3288162946985441,0.3315632482558824,0.2769218524551476,0.26336747935989,0.31173889370900976,0.29784867148822114,0.19447812445180407,0.23018516254307053,0.5151754887353287,0.38509726241678854,0.3030046535680259,0.07446700558396194,0.3827601868276542,0.2489206194044563,0.12284893336255673,0.44669196484815665,-0.0949440231918303,0.25084946497791355,0.3401762299980321,0.15629772776340087,0.2236151526495089,0.10952506143860616,0.386551602292439,-0.012225773832197313,0.19754621082008875,0.22491487948969344,0.05309220918327472,0.19241780322489205,0.22008797216371795,0.2539390018514197,0.1319716340039628,0.2132724792024599,0.36486776035086593,0.13678610211990094,-0.14505403244051704,0.21181949239374537,0.03383399869511006,-0.017092079298381562
0.13388346732248937,0.18676409065809124,0.5308256258614384,0.7348629597370274,0.19872213446444698,0.5522389839082659,0.2949352929836772,0.4505863711564505,0.343731110458398,1.0258352443634409,0.48385860277304077,0.49935338335607415,0.49396025030978546,0.39230514398534927,0.3573661804436452,0.41783459706197607,0.4321054156981503,0.414029038061274,0.40377078843206166,0.4794033805740714,0.26040640240482094,0.4343822194967582,0.3341614342384777,0.3413763243937352,0.1460689357646493,0.442230228850084,0.3894515082768936,0.22667175313109278,0.6675114758210349,0.0323903108632977,0.3457467553999844,0.37857152935958516,0.15187239346447734,0.5393411205911312,0.33496646748340314,0.4823682974129321,0.11395812492817424,0.22672564789503094,0.3118442303022563,0.16624116275221,0.33969895215313567,0.2354033676580432,0.5231159878843871,0.15155514744715556,0.4064292257956954,0.4128725687811624,0.2762388033028488,-0.1097790847898652,-0.170181957622025,0.0069929295249127775,-0.012867197292219733
0.1260301815388911,0.22870609429597402,0.3773271658742616,0.5714118953639232,0.2565693629386528,0.5832962909105869,0.3347675283271347,0.41709543411449457,0.31030452156754806,0.48385860277304077,0.7403291971000082,0.5338898671856572,0.4778291292643869,0.3632486103006502,0.44733250877698366,0.4431225777173757,0.4931516891148659,0.40636483373393084,0.42581368165443,0.443308389945131,0.3071824758747746,0.413188510516601,0.3642472812743796,0.37045082647120675,0.21580191176155983,0.4287455736917899,0.37756862005497877,0.22898868501265962,0.6663741704937901,-0.06067986937962707,0.3402596319847075,0.35258234777254727,0.12669990797760197,0.4684835768202085,0.3581259443493486,0.4464856556682494,0.10968894043537986,0.21344504888668278,0.35607415424213795,0.238908282037037,0.30780078835715363,0.28728612985043084,0.4849954928882084,0.14206319079697566,0.31632441126028427,0.38084646617514334,0.21127010987573341,-0.0886964489490651,-0.18846452261187793,0.001228475191421739,-0.005725142236377375
0.13038746541543456,0.08234069007721084,0.31094114659131744,0.85245193722452,0.2862814768057589,0.6171646859448002,0.43885107983346316,0.0724223323712452,0.33552467508339184,0.49935338335607415,0.5338898671856572,1.0562194609652413,0.380754570970142,0.44210242477968764,0.4146171674981944,0.5239982746338191,0.49546165477353166,0.5693893005303178,0.4650481997034164,0.2643229326874229,0.33016938991968425,0.4489002603421305,0.42170352958706386,0.31714245545618436,0.2518127060794163,0.43851347392434925,0.4443865636142168,0.20968021857507627,0.5349176118620532,-0.06830909765321362,0.36073616663720115,0.4197652707474788,0.21189210686827292,0.4096542129072421,0.2529659345448974,0.4981313197813789,0.126673632983043,0.2590127338922819,0.21824023201096615,0.21932487500707673,0.20281691959832443,0.30235235948194616,0.44615411122161175,0.14936996374058575,0.3242820764715252,0.3771431705733806,0.2819017997703059,-0.1216958558904924,-0.3646240493307681,-0.0796238360038626,-0.005384286599270099
0.14004760869657074,0.250867851017489,0.3883165708891336,0.4996198974296798,0.3157338718421696,0.5382954086462071,0.3181288395196325,0.5176150199683787,0.35422721340773483,0.49396025030978546,0.4778291292643869,0.380754570970142,0.7301456317768484,0.3797756953134453,0.2972106393786143,0.4196229046560185,0.3912026923508768,0.37095068870955056,0.4360069146806776,0.36278638282505393,0.24072972542878562,0.46103991596141003,0.3325620153857624,0.314597952440082,0.13769262869635826,0.3609846280857185,0.3806556722267346,0.1988393523319938,0.6480426643579714,-0.06793154677383331,0.29087940623714603,0.35810845573025546,0.12992492477502243,0.4174342606753832,0.30050835444064256,0.42645196426670834,0.07839162386669067,0.14402312372290205,0.3599647732235219,0.218939044258368,0.291574151604308,0.21951223804610864,0.4297016005410975,0.1485479246428236,0.17545237573149255,0.3927305418939434,0.1910845974269438,-0.13827204366521523,-0.04256287836104487,0.012916068596474092,-0.014874813500011005
0.14603114327170577,0.11938193680002757,0.34065352756824296,0.6925266375439533,0.23082559028302044,0.4885149943817895,0.31946623690111525,0.3476443875797588,0.3288162946985441,0.39230514398534927,0.3632486103006502,0.44210242477968764,0.3797756953134453,0.6919292495201746,0.3644240775599981,0.5050858986442068,0.3919265224401611,0.36232557882652205,0.37304951283422655,0.3201571335385982,0.20934185352560575,0.4315239485354691,0.35266066337809626,0.3405229457132163,0.16840874528636735,0.4587356148885351,0.37322272141651647,0.1643861840661651,0.4814810182095846,0.01808520427290785,0.31746522449239034,0.608770410442592,0.15778905768623894,0.2712117366151312,0.19149868126107014,0.4156232694476251,0.12425396867301183,0.2671578358180677,0.12682119954640694,0.21103201168747326,0.2590440226328333,0.18801051866733545,0.43474101063284687,0.1330051908054629,0.25019043242901245,0.4089383920375632,0.27028483100780565,-0.09466552768297845,0.09858435563204106,0.056005633272552986,-0.024388226263583813
0.11996654472192261,0.31964373290402115,0.35703577235068185,0.4132014230129318,0.19412697092170594,0.48472828566367265,0.22016907760836424,0.2584057176478981,0.3315632482558824,0.3573661804436452,0.44733250877698366,0.4146171674981944,0.2972106393786143,0.3644240775599981,0.7236938436341521,0.398231257038986,0.44663870163932506,0.34747286895417934,0.35107421989268794,0.37277997355603376,0.2645758985454329,0.34045082974269214,0.3857353637120168,0.36186896523941947,0.19124860916828576,0.38053782569164435,0.2995956393503037,0.2073861604327585,0.5709653265883431,0.008507458005312515,0.2893234062510459,0.33343936553829534,0.12770197143475895,0.35410002146497926,0.29542104679032744,0.4284322877197709,0.11609636520046987,0.18172604482486188,0.21251376450907486,0.1723342232761857,0.3014626853623621,0.25253009283955163,0.40006254781889816,0.12125589028297397,0.30158866285060704,0.34526537090166215,0.21660141553931658,-0.08071719316663042,-0.23863187709984016,8.074744322916003e-5,-0.007662582596064132
0.12970286778862342,0.1367624328842005,0.28669942627610484,0.6710786985181679,0.25177950029282403,0.5123064900227705,0.3453983660136419,0.315016067454385,0.2769218524551476,0.41783459706197607,0.4431225777173757,0.5239982746338191,0.4196229046560185,0.5050858986442068,0.398231257038986,0.7481492549233542,0.51240489306376,0.3917383386027864,0.38588335068597285,0.3466086983397881,0.2631136775083298,0.48507638109856704,0.33887662531846957,0.32812691609693195,0.1742662217515689,0.31647943956162516,0.42025160551257695,0.23062566983742158,0.5868563682589335,-0.00354570728073486,0.3382133156656218,0.4565364606843865,0.1320148881937828,0.34705595085276153,0.3424400716801736,0.4167303743493427,0.1895446410692149,0.2400379520405032,0.2919790092317879,0.2910134513449653,0.29432109428904146,0.2460352011217741,0.4978789561338777,0.1455769169469279,0.2502659226879204,0.3762481205336038,0.2533018763075772,-0.11421806475655417,0.02224542204388653,0.02538790306171782,-0.0021634072282195834
0.0996081504520319,0.22329758661478957,0.34656350921056356,0.5809201725370543,0.1552713283288469,0.5861365457747363,0.3400186642116875,0.4097729486567934,0.26336747935989,0.4321054156981503,0.4931516891148659,0.49546165477353166,0.3912026923508768,0.3919265224401611,0.44663870163932506,0.51240489306376,1.2058797731794422,0.4306624814631927,0.38508617077603835,0.5743002185549716,0.32672759366438664,0.4330748644392655,0.2739924050833388,0.2788152968858237,0.453777812434023,0.19911794014742096,0.3930510609146723,0.32264784256407303,0.7472991779552572,-0.08567739591097347,0.40414490510097856,0.33967618562972385,0.16522313087585663,0.45982830417513887,0.45676015424500305,0.33555311702789625,0.4904740119641578,0.4222800257518387,0.5060118043006321,0.3458577912552199,0.27938051855434565,0.29719294291160187,0.7701321454990241,0.17726027466959887,0.5218761726340109,0.38491364733552597,0.25159443756023697,-0.036874918662925645,-0.05164803686585458,0.0885082855549177,-0.013173425561982697
0.1385720116148181,-0.02427831317872809,0.45499540888069145,0.6731732356066696,0.2476934900847125,0.4124917372038747,0.2713368838131916,0.24767195261928243,0.31173889370900976,0.414029038061274,0.40636483373393084,0.5693893005303178,0.37095068870955056,0.36232557882652205,0.34747286895417934,0.3917383386027864,0.4306624814631927,1.5746038334087118,0.35206569516540603,-0.1700303092461583,0.2154957852448936,0.5036849462665969,0.5932401748821245,0.10122863230941605,0.2548272518630656,0.6127309481817145,0.2637384619618202,0.3405998889100912,0.4442449858890254,0.06041345305229355,0.5710543824310661,0.26583099899462037,0.4331112387605103,0.4323223002796007,0.2634912243710381,0.8146906800237829,0.2782291089874311,0.15172725266386616,-0.02161987565965766,0.06559578797880118,0.435778310816069,0.15002084149077127,0.5887051386612189,0.14151153985768403,0.5326489062701171,0.4717836723870521,0.8008414360470666,-0.23485419780620603,-0.7605462312990208,-0.02628371735038489,-0.020524608376882303
0.17276419736284548,0.11255924932986514,0.126870951039783,0.339776088038597,0.9376750961500423,0.7526147694693444,0.2830431912898769,0.5360678929537628,0.29784867148822114,0.40377078843206166,0.42581368165443,0.4650481997034164,0.4360069146806776,0.37304951283422655,0.35107421989268794,0.38588335068597285,0.38508617077603835,0.35206569516540603,1.1152698265395178,0.5458488042820259,0.2648396336213891,0.38045029080843945,0.29099199328902725,0.34817967358071067,0.1146527181721154,0.3929884074080207,0.3637292802187836,0.13229184368125926,0.5815387795996223,-0.05081016804311554,0.3139882293769458,0.33867076908748994,0.09393610010127303,0.5341106839388167,0.19411078634651419,0.4137209694239472,0.08467773216889034,0.29928267590090135,0.29326287378778726,0.28072842071444454,0.16438322173408842,0.2260405861500934,0.4907090461214035,0.11633745363794909,0.2631588326579285,0.3516411639584351,0.19111621252943514,-0.12422829352206123,-0.3264303220023425,-0.008068009123150794,-0.034248127703000654
0.07357481654329197,0.2793109264373304,0.2225688985719896,0.31188797572575283,0.30517099346700116,0.7070961171510574,0.23239696037200727,0.6560554932968975,0.19447812445180407,0.4794033805740714,0.443308389945131,0.2643229326874229,0.36278638282505393,0.3201571335385982,0.37277997355603376,0.3466086983397881,0.5743002185549716,-0.1700303092461583,0.5458488042820259,2.0795259238964308,0.1509008070864355,0.19143566747463162,0.12408669596236598,0.4986856073459267,-0.12014435061176951,0.3629022904823929,0.54774964077021,0.3417682306440174,1.1135054791596344,0.11775079448063167,0.3945248517677039,0.3545148075719089,0.06887507050237797,0.7642499691263311,0.6213162529238628,0.3488360827529644,0.5221479667478236,0.5072766522914884,0.5738895699446911,0.6736313834635006,0.3205858973972814,0.09157601712050611,1.2310235941231347,0.11904281647493947,0.9517618253064758,0.38317596535646403,-0.06513597559038437,0.11295015630572929,0.10832004921784916,0.11097967207431346,-0.039764080348837424
0.12710814846048143,0.3600109486057407,0.34399598052239144,0.20932460300722652,0.10360725769458905,0.4005766210415253,0.24203479316601254,0.19963232474147732,0.23018516254307053,0.26040640240482094,0.3071824758747746,0.33016938991968425,0.24072972542878562,0.20934185352560575,0.2645758985454329,0.2631136775083298,0.32672759366438664,0.2154957852448936,0.2648396336213891,0.1509008070864355,1.325373245472683,0.29772350915359996,-0.029954830095667455,0.08304078516435129,0.5303058619550869,0.14252528526852506,0.19956766985829755,0.40535415345333975,0.34045405982619525,-0.043230392287940095,0.2405386034911773,0.19433908529721772,0.18830173446948492,0.3264678883264667,0.600850198961738,-0.041680945996799196,0.18336736729275785,0.5802342169841772,0.4459248033650692,0.14055638132408618,0.14592672226549577,1.2384630018598115,0.6897548426953387,0.16731534300013212,1.3773796124498658,0.1533293580444239,0.17973029853323286,0.16858797223725341,-0.6096615633674168,0.00326913131025074,-0.0019314978043555265
0.15203007192251747,0.17083561434554717,0.5058465952004958,0.6110787538147896,0.24509636295286977,0.49394199844757425,0.3568558495369447,0.3331268486472619,0.5151754887353287,0.4343822194967582,0.413188510516601,0.4489002603421305,0.46103991596141003,0.4315239485354691,0.34045082974269214,0.48507638109856704,0.4330748644392655,0.5036849462665969,0.38045029080843945,0.19143566747463162,0.29772350915359996,0.9701596337981667,0.4828265438811156,0.3219570453790445,0.0366697490340698,0.32440568696453337,0.34376464774095966,0.18130408380169638,0.6266677479011155,-0.012862645947279008,0.3711747932898409,0.4361443554108476,0.1867850199242955,0.3859555216952866,0.20597071192400143,0.5847643666653973,0.041588009405141964,0.3246200035079966,0.34019145824541336,0.165314494542722,0.2991417255909145,0.28380478035284035,0.3858421415951475,0.16923540550750413,0.1812551935106697,0.4984591747325822,0.295298947876247,-0.34785542905435285,0.4260237907242567,0.007902285195445112,-0.014478515956499243
0.1209279189431102,-0.3402967723034474,0.41440065444002955,0.6873481923226482,0.3119382659017776,0.2892054759943569,0.3143488141607778,0.20016552335071905,0.38509726241678854,0.3341614342384777,0.3642472812743796,0.42170352958706386,0.3325620153857624,0.35266066337809626,0.3857353637120168,0.33887662531846957,0.2739924050833388,0.5932401748821245,0.29099199328902725,0.12408669596236598,-0.029954830095667455,0.4828265438811156,1.7595897189993261,0.6890327822881207,0.20235364850682422,0.32719577620750684,0.2232833139720194,-0.11780246287881903,0.7564500891736935,-0.05149257463064041,0.06828231780751631,0.3022146016613516,0.0892750825971307,0.4511841863922801,-0.21414472269147214,1.0466286696897338,-0.3590076359965124,0.005894986956092794,0.09137366428879297,0.18328844418385382,0.46778893038692454,-0.044346547479825554,0.30542764947252166,0.27547180237399105,-0.4353889918017023,0.5116728087655664,0.23181139040235782,-0.39771866112410453,-1.168619437162233,-0.05304312588096727,-0.008473561750061843
0.08617427833209135,0.02092773815745665,0.30661082986373905,0.46720271693779164,0.24725196000100996,0.43326066317246575,0.26495976432261764,0.2975525854995018,0.3030046535680259,0.3413763243937352,0.37045082647120675,0.31714245545618436,0.314597952440082,0.3405229457132163,0.36186896523941947,0.32812691609693195,0.2788152968858237,0.10122863230941605,0.34817967358071067,0.4986856073459267,0.08304078516435129,0.3219570453790445,0.6890327822881207,1.6452099718208166,0.32204217055913953,0.30206360621867473,0.29012487487934074,0.15886445456624804,0.5118184858470874,0.39020791162789736,0.5398308486458976,0.3380937389369246,0.11983134976282145,0.46242733299571837,0.25308650209838296,0.7583160265069077,-0.02684952881696983,0.15382541870120356,0.26063210197314146,0.10497092269281935,0.4800556232755193,0.0853488716194392,0.21499250193177383,0.1783401214843539,0.12850623326973057,0.4743777947687277,0.29393225509907184,-0.15235613123973615,-0.6247299085549489,-0.09040091265150503,-0.015422792325857804
0.12550433423883295,0.20563339688254675,0.26964670544341834,0.20941545300980718,0.012033854740773085,0.2255495693436491,0.15754185458890527,0.08791098665533714,0.07446700558396194,0.1460689357646493,0.21580191176155983,0.2518127060794163,0.13769262869635826,0.16840874528636735,0.19124860916828576,0.1742662217515689,0.453777812434023,0.2548272518630656,0.1146527181721154,-0.12014435061176951,0.5303058619550869,0.0366697490340698,0.20235364850682422,0.32204217055913953,4.216048034346092,-0.32912717320336765,0.09828179405556148,0.2507271177784692,0.5840241299190672,0.47035190072247623,0.15365595105980875,0.19509458425272155,0.19887966719371702,0.8907673095578557,0.43837812590255876,-0.05864881798801599,0.60391248398818,0.8182271841736839,1.0770328759668857,-0.061010231464982474,0.04400951441611128,0.5588156085102008,0.7727159010405555,0.22111415179900604,0.8144031296225591,0.49404525787807924,0.4229819122275097,0.1353028913087553,-0.9931598198654092,0.04037849090213799,-0.018730699665143496
0.10637943906950989,0.22903163120598147,0.5013222861884367,0.6067012930385595,0.2658666573219238,0.533674759031913,0.2997476103242204,0.47682110338853373,0.3827601868276542,0.442230228850084,0.4287455736917899,0.43851347392434925,0.3609846280857185,0.4587356148885351,0.38053782569164435,0.31647943956162516,0.19911794014742096,0.6127309481817145,0.3929884074080207,0.3629022904823929,0.14252528526852506,0.32440568696453337,0.32719577620750684,0.30206360621867473,-0.32912717320336765,2.3375200417536344,0.300780369069313,0.2361241921930965,0.03916051893657339,-0.07942655307628853,0.43224640872311776,0.4456819972116718,0.28721051024260247,0.6036275261647914,0.24601900935806353,0.6849700315045918,-0.30598734870256894,0.17404138358921598,-0.9980798901993985,0.09523194471276993,0.6154507724178773,0.11072807091618302,0.5483219714018028,0.08672021565527295,0.5640436511453812,0.45372919618769175,0.2712773931664502,-0.06469336509603624,-0.35002214510855995,0.0031025778133618137,-0.023784574736575678
0.10335122339760655,0.15607832518158776,0.26731355197098056,0.5032670993021322,0.21825468568988204,0.4876653955428476,0.27566402976494,0.335523766267047,0.2489206194044563,0.3894515082768936,0.37756862005497877,0.4443865636142168,0.3806556722267346,0.37322272141651647,0.2995956393503037,0.42025160551257695,0.3930510609146723,0.2637384619618202,0.3637292802187836,0.54774964077021,0.19956766985829755,0.34376464774095966,0.2232833139720194,0.29012487487934074,0.09828179405556148,0.300780369069313,0.7040069932512377,0.2353052712069935,0.5169825513854388,0.024652545444461126,0.31238905283507634,0.4472300744347202,0.19419693274552355,0.3350676631274487,0.2868549422633129,0.3844164907004034,0.22488812497656582,0.2087024103093971,0.27217383672585205,0.2718938467929571,0.27330140829156757,0.17903318642904265,0.4824875032289113,0.1158542254490685,0.2888424878664697,0.4016209048697927,0.17054403316592623,-0.06413628728310541,-0.13670696544829114,0.01365360507010202,-0.009977856546979429
0.04268873686779137,0.2537601867890969,0.10009215225005944,0.03610285209734245,-0.05977945727899683,0.264106001086423,0.09466536537646027,0.1491130409619922,0.12284893336255673,0.22667175313109278,0.22898868501265962,0.20968021857507627,0.1988393523319938,0.1643861840661651,0.2073861604327585,0.23062566983742158,0.32264784256407303,0.3405998889100912,0.13229184368125926,0.3417682306440174,0.40535415345333975,0.18130408380169638,-0.11780246287881903,0.15886445456624804,0.2507271177784692,0.2361241921930965,0.2353052712069935,1.0457464663819582,0.22523980127845902,0.578197561880867,0.4397113128199785,0.1082064750215659,0.6129880594092026,0.28717013057100144,1.0274417289389468,0.3992543735850057,0.6491036646024019,0.25303565776742526,0.2858974582161299,0.19920503433384176,0.4238570262403295,0.4085749201058661,0.595640722118274,0.17053034162922956,0.8910915096153863,0.20299128795642485,0.5176297260471295,0.21052882356081126,-0.2415525556501763,-0.05115348921765358,0.014986858746722117
0.21348371535883517,0.40934923349958663,0.6586378802135101,0.5883850736315889,0.27291321755467834,0.8420386261416252,0.42764561523820155,0.6657761225289223,0.44669196484815665,0.6675114758210349,0.6663741704937901,0.5349176118620532,0.6480426643579714,0.4814810182095846,0.5709653265883431,0.5868563682589335,0.7472991779552572,0.4442449858890254,0.5815387795996223,1.1135054791596344,0.34045405982619525,0.6266677479011155,0.7564500891736935,0.5118184858470874,0.5840241299190672,0.03916051893657339,0.5169825513854388,0.22523980127845902,3.749375374283288,-0.6262799809676065,0.12231153760702855,0.46580632794367444,-0.3074289075594112,0.8192554238055556,0.8252967096566927,0.9173252644438109,-0.5585581544956557,-0.17558224514776646,0.8381860895225021,0.5523690770247991,1.1836602703432244,0.2961925501073836,1.0280196073249959,0.05657044598264425,0.5596013479521752,0.6769742726976273,-0.174351414668259,-0.5764606044271702,-1.1781460865196738,0.03999697942331739,0.006059560717744005
-0.09891012843181839,-0.07927274036067718,-0.9030093544641612,-0.29546253142759354,-0.07528263582679083,-0.03579272354847843,-0.19601674273917596,-0.14683502428901404,-0.0949440231918303,0.0323903108632977,-0.06067986937962707,-0.06830909765321362,-0.06793154677383331,0.01808520427290785,0.008507458005312515,-0.00354570728073486,-0.08567739591097347,0.06041345305229355,-0.05081016804311554,0.11775079448063167,-0.043230392287940095,-0.012862645947279008,-0.05149257463064041,0.39020791162789736,0.47035190072247623,-0.07942655307628853,0.024652545444461126,0.578197561880867,-0.6262799809676065,4.459706679476224,0.48769015437325147,0.021107324536384323,0.6159641727280949,-0.02068330768091406,0.579606724191973,1.132713798758342,0.8993638891822237,0.3970049744716991,0.5943131243145106,0.007003702699890869,0.642069106398927,-0.059218552327534014,0.4634558513146898,0.0385686054764254,0.9488961348858774,0.5595256918878556,2.216832176068325,0.15661646585266661,-1.0098125687508877,-0.1733536788548271,0.05589718455863779
0.10302095968800501,0.18602949928173712,0.31169085274407565,0.3918396566782621,0.1663745616705231,0.4027660864713121,0.20819754878322216,0.2701001007247613,0.25084946497791355,0.3457467553999844,0.3402596319847075,0.36073616663720115,0.29087940623714603,0.31746522449239034,0.2893234062510459,0.3382133156656218,0.40414490510097856,0.5710543824310661,0.3139882293769458,0.3945248517677039,0.2405386034911773,0.3711747932898409,0.06828231780751631,0.5398308486458976,0.15365595105980875,0.43224640872311776,0.31238905283507634,0.4397113128199785,0.12231153760702855,0.48769015437325147,1.512570338513006,0.2787043871662207,0.3536180795044348,0.26193579941173767,0.5089058847553953,0.7889986039850877,0.549017807458049,0.35129076031840983,0.1707090141000574,0.10770039170822931,0.44215470537373314,0.20944115599746466,0.40131053936886923,0.11215769696208086,0.7435454765106482,0.5218203733118423,0.5954129275130284,-0.03694955067671336,-0.39866714418954413,-0.02457586508370882,-0.029408665759431064
0.14397471738306403,0.13539062367219545,0.3332449494193094,0.6559863410444954,0.19530068339992884,0.49078370705254315,0.3146175625726618,0.33665019104342403,0.3401762299980321,0.37857152935958516,0.35258234777254727,0.4197652707474788,0.35810845573025546,0.608770410442592,0.33343936553829534,0.4565364606843865,0.33967618562972385,0.26583099899462037,0.33867076908748994,0.3545148075719089,0.19433908529721772,0.4361443554108476,0.3022146016613516,0.3380937389369246,0.19509458425272155,0.4456819972116718,0.4472300744347202,0.1082064750215659,0.46580632794367444,0.021107324536384323,0.2787043871662207,1.1487174550307553,0.18684741200369523,0.09570019729131408,0.043013755312366016,0.35107987263210966,0.07965425812393495,0.31454754054246387,0.08901088056508019,0.2001763529034284,0.11920825457166473,0.1750077336363751,0.35980256388741805,0.0928271127033097,0.2127231564805998,0.4447100951342196,0.20835822532665663,-0.07950332800487422,0.22979985490129223,0.02864650099200749,-0.0008369938641765396
0.04756196843824907,0.05613771665133296,0.1402110494392617,0.25888051236737836,0.09528187075511195,0.05699938008149856,0.1032374474860635,0.012738250779184952,0.15629772776340087,0.15187239346447734,0.12669990797760197,0.21189210686827292,0.12992492477502243,0.15778905768623894,0.12770197143475895,0.1320148881937828,0.16522313087585663,0.4331112387605103,0.09393610010127303,0.06887507050237797,0.18830173446948492,0.1867850199242955,0.0892750825971307,0.11983134976282145,0.19887966719371702,0.28721051024260247,0.19419693274552355,0.6129880594092026,-0.3074289075594112,0.6159641727280949,0.3536180795044348,0.18684741200369523,1.5236594264073458,0.1444921532658035,-0.1488320242522875,0.3159034505032249,0.8851946253153743,0.3081324963850994,0.10520543820646212,-0.08655116804582107,-0.008144181548729888,0.19922108325011603,0.23589353246240233,0.21219714547720564,0.49621610027129287,0.21878138129815045,0.6667355950314546,0.19829854223888654,-0.45537631373981147,-0.0842877877313202,-0.006491084470736715
0.037149474262653616,0.11632466402101534,0.40360057754424855,0.43904435738765907,0.5147041371711656,0.51810295967445,0.32155772654427284,0.5054635153892485,0.2236151526495089,0.5393411205911312,0.4684835768202085,0.4096542129072421,0.4174342606753832,0.2712117366151312,0.35410002146497926,0.34705595085276153,0.45982830417513887,0.4323223002796007,0.5341106839388167,0.7642499691263311,0.3264678883264667,0.3859555216952866,0.4511841863922801,0.46242733299571837,0.8907673095578557,0.6036275261647914,0.3350676631274487,0.28717013057100144,0.8192554238055556,-0.02068330768091406,0.26193579941173767,0.09570019729131408,0.1444921532658035,3.5031959708145903,0.6747201235628537,0.4394018469229084,0.5479509790973391,0.24302983325156133,0.3574637882023551,-0.2320606815877576,0.42152976322481434,0.2846209213987907,1.2385807538776599,0.18228745280194722,0.8300591552269682,0.1181720460910016,0.20819792047114027,0.04630104363209895,0.4088996847020354,0.05209057016674595,-0.03512536912679128
0.04691099330790873,0.4459295284938988,0.09070267973827334,-0.18847323828401238,-0.17818638813553161,0.47308764478484683,0.11544128590107919,0.3410839647718896,0.10952506143860616,0.33496646748340314,0.3581259443493486,0.2529659345448974,0.30050835444064256,0.19149868126107014,0.29542104679032744,0.3424400716801736,0.45676015424500305,0.2634912243710381,0.19411078634651419,0.6213162529238628,0.600850198961738,0.20597071192400143,-0.21414472269147214,0.25308650209838296,0.43837812590255876,0.24601900935806353,0.2868549422633129,1.0274417289389468,0.8252967096566927,0.579606724191973,0.5089058847553953,0.043013755312366016,-0.1488320242522875,0.6747201235628537,2.4946299643505356,0.17730480557657746,0.29968633668799605,0.13068801736701832,0.49989581917906006,0.4185789774535827,0.6324075065649252,0.5840699386932529,1.0615112351909501,0.10813251234775902,1.4892270689623652,0.16986734114484456,0.41124075701664753,0.23885108593345739,0.5051836039513726,-0.025470225285613185,0.009586124712828234
0.12652675315149678,-0.10722796603302366,0.4082875034640498,0.6379215980306536,0.33215350972694624,0.4509472753607871,0.29035508285603323,0.28803230181095285,0.386551602292439,0.4823682974129321,0.4464856556682494,0.4981313197813789,0.42645196426670834,0.4156232694476251,0.4284322877197709,0.4167303743493427,0.33555311702789625,0.8146906800237829,0.4137209694239472,0.3488360827529644,-0.041680945996799196,0.5847643666653973,1.0466286696897338,0.7583160265069077,-0.05864881798801599,0.6849700315045918,0.3844164907004034,0.3992543735850057,0.9173252644438109,1.132713798758342,0.7889986039850877,0.35107987263210966,0.3159034505032249,0.4394018469229084,0.17730480557657746,3.5622055366869527,-0.1924968790299731,-0.0031830503844498437,0.025628842012349457,0.3097897384933672,1.0846192388240725,-0.11175430145523865,0.3001735282741944,-0.08729130216111139,0.008720192354025477,1.1031184802078313,0.9824658310365707,-0.8331106201109388,-4.1261041088884145,-0.22505007673460142,-0.007615748398750647
0.016088138368307033,0.4078469739236136,-0.055021690792384836,0.025654114612497565,0.03531625943499961,0.12693869127925272,0.04847630825768155,0.07431197845112233,-0.012225773832197313,0.11395812492817424,0.10968894043537986,0.126673632983043,0.07839162386669067,0.12425396867301183,0.11609636520046987,0.1895446410692149,0.4904740119641578,0.2782291089874311,0.08467773216889034,0.5221479667478236,0.18336736729275785,0.041588009405141964,-0.3590076359965124,-0.02684952881696983,0.60391248398818,-0.30598734870256894,0.22488812497656582,0.6491036646024019,-0.5585581544956557,0.8993638891822237,0.549017807458049,0.07965425812393495,0.8851946253153743,0.5479509790973391,0.29968633668799605,-0.1924968790299731,4.227192464165543,0.7615536148528522,0.3337705413234091,-0.15874764197547275,-0.15547378182580954,0.17709780010855064,0.6575427588026835,0.2090911739735465,0.49004453449415397,0.006659259768720725,0.7394835202109036,0.7714827140672428,1.7014327896360004,0.01422172781386695,-0.015598347021277471
0.0895707851006845,0.20646535480508346,0.2978138237757569,0.36681157826257016,0.1498699913376819,0.38936334967883235,0.17849780436766255,0.20711050486126836,0.19754621082008875,0.22672564789503094,0.21344504888668278,0.2590127338922819,0.14402312372290205,0.2671578358180677,0.18172604482486188,0.2400379520405032,0.4222800257518387,0.15172725266386616,0.29928267590090135,0.5072766522914884,0.5802342169841772,0.3246200035079966,0.005894986956092794,0.15382541870120356,0.8182271841736839,0.17404138358921598,0.2087024103093971,0.25303565776742526,-0.17558224514776646,0.3970049744716991,0.35129076031840983,0.31454754054246387,0.3081324963850994,0.24302983325156133,0.13068801736701832,-0.0031830503844498437,0.7615536148528522,2.640038147105673,0.17214496864460782,0.5001172158100287,-0.2766088301047805,0.626523229157217,1.5142771357997689,0.44708034268385677,0.5617231746520845,0.5373152880424416,0.33725567911192766,0.3422377525121019,-1.0479811346759216,0.18586442005007978,-0.06478570739170805
0.09495072413082999,0.22967113204419395,0.11235987558599854,0.1800849357611402,0.15720290459800107,0.4244891861480181,0.2262739929453046,0.4318360240277692,0.22491487948969344,0.3118442303022563,0.35607415424213795,0.21824023201096615,0.3599647732235219,0.12682119954640694,0.21251376450907486,0.2919790092317879,0.5060118043006321,-0.02161987565965766,0.29326287378778726,0.5738895699446911,0.4459248033650692,0.34019145824541336,0.09137366428879297,0.26063210197314146,1.0770328759668857,-0.9980798901993985,0.27217383672585205,0.2858974582161299,0.8381860895225021,0.5943131243145106,0.1707090141000574,0.08901088056508019,0.10520543820646212,0.3574637882023551,0.49989581917906006,0.025628842012349457,0.3337705413234091,0.17214496864460782,3.1329709646685484,0.46288739516257704,0.05516085086960915,0.4473894381557749,0.432868446654048,0.2069517292794435,0.9073720702656374,0.2756149972037078,0.32420994265360414,0.03573436063466195,0.28339501561116603,0.0034914640759402048,0.002330383906335027
