1.067177975725791,0.17533765771275617,0.4135114012971565,0.12474943743866967,0.3142509708483239,0.15215438262889447,0.3249098431092479,0.27500416954487683,0.19838647867488438,0.2167561565509712,0.1983614033229863,0.18312512460099667,0.22308330952135919,0.2846729212301819,0.21194679082195245,0.21574733489089878,0.21075207621757222,0.2106031612062575,0.1826532762160519,0.1658090836377323,0.16373030147176254,0.2501962697261021,0.14455451713582984,0.12442132768327809,0.2064395749386762,0.22598660076271812,0.16443863623389812,-0.04262237754156007,0.27409851442988226,0.0975623192344074,0.15414071463592108,0.21004986782832302,0.14185398904775837,0.10076464299395371,0.129689297485864,0.1494472324026386,0.2166594711692735,0.14953356650091446,0.18410532480709468,0.0483979283226524,0.14587691653045912,0.1548223264800326,0.17225093595024318,0.028370588279275997,0.053673407959679356,0.22621557769063175,0.14855442643548594,-0.10044633958661373,0.2456565335778131,0.14083765366222392,0.00042066585478105326,-0.07723305917299127,-0.007281505158180928,-0.05431307112056759,0.2527951427865972,0.003014032614298001,0.06054141805164791,-0.26734961184229733,0.03447444386616465
0.17533765771275617,1.7475775168978473,0.5991254749910169,-0.06552024302400829,-0.07998887681734897,0.4494248363286194,0.027529363966859524,0.2530977896674418,0.2678454363618043,0.17276011921978332,0.2189755797826432,0.22138913910911892,0.2082746502014799,0.16347826545367866,0.13153673304428848,0.1371225624664596,0.19976106605557073,0.38552006494774105,0.16536840257054916,0.3852680064788935,0.21860831553970728,0.20418847266106516,0.1399023788028004,0.18849466585516825,0.14529655015882487,0.15490886249152153,0.1788179868944532,0.23184240383473664,0.2291720389003849,0.07768461942097865,0.16361466919105105,0.13553328744666793,0.170799636109027,0.217736981545308,0.12189696207409949,0.20825037568761479,0.3768556989314161,0.21349443178306232,0.16255069688393073,0.08921977196558807,0.15524973146794185,0.21433984452336138,0.19078629967892563,0.059562460386011054,0.150863368304605,0.19979036331571298,0.2614891309862387,0.0483805814458567,0.03324358521638515,-0.05092778374809158,0.27987019766135796,0.06475751243389449,-0.1415239163231115,-0.1075665668926495,-0.29259645277748253,-0.09771410614017259,-0.1972583697607814,0.3805616825006237,0.037566938600340084
0.4135114012971565,0.5991254749910169,2.20147105853396,0.12526147529261925,-0.14601423355568569,0.4497197664443944,0.08469396482633364,0.30199726542513217,0.6093535387162811,0.499469136174239,0.3252652276749596,0.40329279185899736,0.29879729332229993,0.2804021531792556,0.22859051069038322,0.20434597992739242,0.28506549555851124,0.3466217048716853,0.3521267875928638,0.3100028640685667,0.2480902225415208,0.43828599211163466,0.1279169253705624,0.2901159359927195,0.28343742769151753,0.4072047278457353,0.21372994322416813,0.31067718987862203,0.5244926934457009,-0.06130568877216997,0.2906571681974344,0.36135049914362144,0.214116920202953,0.313492294429001,0.22022680510067225,0.41247240517629863,0.3676449916860646,0.2945937195345636,0.20565136859206265,-0.1586988832055484,0.19427542635389772,0.26620216795535073,0.24370629163493865,0.04208590550654934,0.27254853064947565,0.5472702507014853,0.20360227877812667,-0.2414389889798237,0.023380356189400858,-0.16573366271701276,0.20540569361575223,0.2648323062969835,-0.09283318749176263,-0.17858553184670625,0.4975701965107882,0.14882991606570367,0.14553118822255895,-0.473446385362432,-0.4523319464814399
0.12474943743866967,-0.06552024302400829,0.12526147529261925,1.5581921056488683,0.7338051161196107,0.30890135617920556,0.5394070796389419,0.5523315689073892,0.25895616288267054,0.35775157307495303,0.3399704341554691,0.3255217803187175,0.44913779755855515,0.4446269334758586,0.3667849795299218,0.4131142154128791,0.3822120822263083,0.5257639989919128,0.3117359756716143,0.35336721671344373,0.3616125620005332,0.3380395635566016,0.45554955625466526,0.43549656968856987,0.3998987970029409,0.40045199840536966,0.3022658896651678,-0.08775835203619105,0.4955317604295187,0.22121813253553094,0.3604963922275672,0.3583561332945277,0.31842379082092404,0.43624944498373364,0.3370452113213385,0.43955874349805724,0.5487522558743202,0.264042072485038,0.49337357501265217,0.23059458373173003,0.19330051595696263,0.36826800117151065,0.1999860637756526,0.08458393282921899,0.1691883619080908,0.4755550872195404,0.37824917736101277,-0.14599761909900566,0.3343834287155468,0.5629110632480381,-0.18374810013230564,-0.0012075242306848577,-0.14894809486398164,-0.18462972280235176,0.14449659870349343,-0.10005600541463769,-0.0875987395000452,-0.04490365063232168,-0.078430584036293
0.3142509708483239,-0.07998887681734897,-0.14601423355568569,0.7338051161196107,1.8296906131194939,0.13608079046742574,0.5121253194208355,0.5184655365600064,0.13306434047965032,0.23677722034180312,0.30624713579590573,0.24270562331244425,0.39706928858484347,0.31710874728293426,0.3758466311924549,0.34035467686753207,0.3046726903713497,0.3559306729067813,0.5077334925896297,0.16549931381625851,0.3298185681261735,0.3121872903395683,0.2981053749584852,0.29808818148159283,0.3014168397833966,0.34153258204452486,0.20862176802991994,-0.11598122090392608,0.4489733933635546,0.11956592530315337,0.28416100747347095,0.34208941920086516,0.24132601983439292,0.3798007390312246,0.2895860056798076,0.3879936145003951,0.3872545963627436,0.17235224628301538,0.46030600801327437,0.29750100607918206,0.10953125945321468,0.31765905650979787,0.023973037000929915,0.04571052343330034,0.1276665147293856,0.3575946537490085,0.21639378018013464,-0.12864407199056802,0.24868055370948486,0.6964698305632265,-0.33672002132162376,-0.29752428135619424,-0.0249412951056519,-0.056161410403085775,-0.08198312127279914,-0.22290777671738132,0.024413995852206653,0.0740412518817558,0.14385205531625475
0.15215438262889447,0.4494248363286194,0.4497197664443944,0.30890135617920556,0.13608079046742574,0.9441378561018777,0.07047875824761583,0.5012309773397281,0.4787104593628052,0.2504640662710819,0.3656641492139535,0.3766546009514125,0.3799343666852503,0.33804730514043063,0.2327899001677307,0.33205469314219804,0.40522621703605094,0.4802210651525649,0.5280992588528283,0.5941468271320327,0.32291301981923365,0.5419561641577749,0.2333748020328759,0.36311986009991865,0.348884698258146,0.4042648421074931,0.38159327411522265,0.18916195918760983,0.44117279781781543,0.13500083911647165,0.33294883326547037,0.45142665300616996,0.2043972590457371,0.4236126101733915,0.2022150440165281,0.30763460657365677,0.4789100683633691,0.3625695364047369,0.5190797072162975,0.2418152210236058,0.12437900132095121,0.309168623982586,0.5037203284211564,0.09682372323377077,0.26722091813918203,0.3398788559544898,0.4143735112308935,0.010229692346765408,0.5098900098388344,0.39691922348835923,-0.27989270343400013,0.28582922724242804,-0.3043174164666459,-0.09879441702474936,0.003299895399589032,-0.09770009636151186,0.18575895313896837,0.0846809555295076,-0.1924186148289851
0.3249098431092479,0.027529363966859524,0.08469396482633364,0.5394070796389419,0.5121253194208355,0.07047875824761583,0.8650654073310318,0.41994412595109126,0.23294904344053616,0.2587511452689007,0.31325347739186565,0.27229643451934415,0.3671380392959797,0.21172543072886202,0.31129315362256604,0.29644781397880887,0.349802243356378,0.38534592680672797,0.17098555118459766,0.1998878732789542,0.33406336071393905,0.321054645907183,0.33744176318302505,0.2989298833657797,0.33798603354954304,0.28417248022784053,0.22887633180262393,-0.10575212675157472,0.4381782373206821,0.1979037858701648,0.28320658542969673,0.29126766596206477,0.2836974904041161,0.33468424693685295,0.21421064860835684,0.3837765684118949,0.3983637686693204,0.18495093604135948,0.2891308411793844,0.1638480277702662,0.16335243951584913,0.3216085968349951,0.047959744939196004,0.03674696050575567,0.07246348440134762,0.3997990410932792,0.22608763569417978,-0.2077048146355045,0.2798853954190231,0.24489209788816088,-0.053680661886131305,-0.2255877479579246,0.10979906854079494,-0.12810504192877226,0.09293364347820343,0.03792895754170775,-0.0267801184012608,-0.0666636026945467,-0.1124645721347295
0.27500416954487683,0.2530977896674418,0.30199726542513217,0.5523315689073892,0.5184655365600064,0.5012309773397281,0.41994412595109126,0.9579311468390403,0.21912818297717104,0.3141359691087229,0.3499668490143428,0.21390773911464117,0.4460827673491444,0.3416235723999431,0.2729271085214906,0.32603176792692523,0.39119427743902074,0.5665747475785271,0.42606422494859325,0.47484332253603573,0.3330804290470043,0.40584908304847833,0.33934469550339624,0.34483089930011906,0.37516560926004927,0.370517195566588,0.31611678281274935,-0.011501815768900296,0.45206759519620476,0.19202586206046682,0.3375812606339496,0.38262179227992915,0.267941004689722,0.4204007660479087,0.2102833447335336,0.3333800722194039,0.5563161683726887,0.30863608375045837,0.5595415731916915,0.26157872643005575,0.1954862398050453,0.3217637544116481,0.32980136170977664,0.08678599802220305,0.18864765764227498,0.42868683515922024,0.4398929271731594,-0.04086852075935167,0.4844867229418124,0.6079549526678761,-0.09522924705542427,-0.08106651338021083,-0.12554272717307344,-0.20857767605555588,-0.06567477077509609,-0.14148083007442566,0.14669881753430067,0.19787975052084783,-0.1667631628881303
0.19838647867488438,0.2678454363618043,0.6093535387162811,0.25895616288267054,0.13306434047965032,0.4787104593628052,0.23294904344053616,0.21912818297717104,1.0540898736642046,0.17197683545332088,0.32548258211205144,0.33419597301352794,0.360630786225578,0.2881096915214583,0.2310636561252082,0.28700471913894854,0.3206608048671903,0.35053688744639383,0.39660532854984326,0.3915508428386773,0.33317309823183905,0.3933900043762665,0.1630597112837508,0.3388568066856902,0.2801599906330337,0.413892373795259,0.30816325183083504,0.19680483078677366,0.3982488178232131,0.16474123143258224,0.3285309839015028,0.42607787055287927,0.27002159743015963,0.35104413033839194,0.20660514562491777,0.3721345996047536,0.3839254232684484,0.3142562740696258,0.29552629711314055,0.11236101474145956,0.1758966252169658,0.32357345689512734,0.292232314719098,0.04847289001640769,0.2062720954230793,0.4096000799046247,0.28058258503895955,-0.10524263782468861,0.45830470234200277,-0.14538289234472845,0.10009270374238878,0.19183349871256494,0.03919425605252545,-0.12593265033573584,0.20000281932994238,0.05314507546170114,0.24946231179915,-0.1603968997958669,-0.40377879255152943
0.2167561565509712,0.17276011921978332,0.499469136174239,0.35775157307495303,0.23677722034180312,0.2504640662710819,0.2587511452689007,0.3141359691087229,0.17197683545332088,0.9068324424320725,0.24532703309374518,0.3570126606789688,0.36121150984369216,0.2543715554710921,0.2770021276228302,0.26241658137193263,0.33690588698134244,0.304490028159535,0.23211933921625966,0.2105039953695673,0.1785314821406314,0.36779373368005175,0.2421246399909367,0.21451122217877075,0.31560395516457324,0.3050472461646637,0.22873012083185612,-0.03762691305805298,0.4002053477108592,0.12628756810055317,0.21613282749908122,0.2528994456827538,0.1084888509630965,0.2953059862411519,0.3119280214941086,0.20428377190202784,0.23738255769556058,0.17168433619961967,0.2588545888416364,0.01764548614951258,0.14322147161151055,0.19984988263057898,0.25890220009606396,0.02374985571829315,0.042099037380929044,0.2546872926478439,0.2242100030810758,-0.12951382854531998,0.3329588692607089,0.025344963767672604,-0.015361206249608414,0.0078020572685696295,-0.08213719731594302,0.046604541614335526,0.7233590672030703,0.1496322619217434,-0.10624980949093119,-0.784947022159734,0.07094871726232849
0.1983614033229863,0.2189755797826432,0.3252652276749596,0.3399704341554691,0.30624713579590573,0.3656641492139535,0.31325347739186565,0.3499668490143428,0.32548258211205144,0.24532703309374518,0.6054361519491673,0.36800860768401344,0.3962910926376174,0.2651856138557985,0.3106357891310479,0.30092402615633873,0.3633011599635371,0.36758792527864026,0.28087126477140495,0.41203052215596436,0.3000086253487713,0.27948328763654795,0.23700425893144125,0.3134655902719121,0.3064541280174473,0.30263363227073686,0.2937161286868413,0.05337315067490212,0.40788092090186656,0.1841849480408996,0.29608598000479786,0.3569707227821411,0.22861593027682325,0.34654372745551926,0.2654751836331708,0.34553570610128964,0.3930239485954121,0.27737564959043154,0.35620811156286303,0.19052914720759057,0.17696838830107126,0.3039702805502606,0.2080660146582513,0.05102987547761703,0.15717376056480192,0.38157710532154004,0.29427856445995004,-0.10808305463847237,0.3206947330420241,0.1813599221952018,-0.02999983669338017,-0.04290987636106649,0.06219344402159366,-0.08612362378709527,0.08408223778195581,-0.07200560831199401,0.10816017816570549,-0.09690906251698389,-0.09684798065505482
0.18312512460099667,0.22138913910911892,0.40329279185899736,0.3255217803187175,0.24270562331244425,0.3766546009514125,0.27229643451934415,0.21390773911464117,0.33419597301352794,0.3570126606789688,0.36800860768401344,0.6167128378000271,0.29985517358582553,0.2629893378837877,0.2661016526577446,0.3245688577081547,0.3168296188088158,0.28975437990700903,0.2968518701932702,0.308167026828102,0.2590813425257562,0.30303416339498407,0.189291063854065,0.2853610145011886,0.34793941491844294,0.26312026186264326,0.3022969431585761,0.13243388868897762,0.4063203641403426,0.15799037581647987,0.2882914920556727,0.3588802245838014,0.17527706488591935,0.32492054519064334,0.2509724297451065,0.4015964876129264,0.2551791443255277,0.24210415935398555,0.23263771264153876,0.1174538680255581,0.13247375680840665,0.2720548602151744,0.19924088576507396,0.03747568549138909,0.13008914324100573,0.3412760681336746,0.2327732103403022,-0.1412846249755388,0.26564921563091626,-0.22421939022131537,0.019594687647613577,0.14417875878287356,0.001477233517427463,-0.016347216016760823,0.19991151945619692,0.08159169556747492,0.05659366544396327,-0.16795528768264226,-0.2598060933034065
0.22308330952135919,0.2082746502014799,0.29879729332229993,0.44913779755855515,0.39706928858484347,0.3799343666852503,0.3671380392959797,0.4460827673491444,0.360630786225578,0.36121150984369216,0.3962910926376174,0.29985517358582553,0.701645174420445,0.2864483268348872,0.1639260057682507,0.3391811597114637,0.3862556947108757,0.4419898951822392,0.3540780641225151,0.3411980044446649,0.3268873501254705,0.4223112060185766,0.31475071957522877,0.33820834502804953,0.3134973110241764,0.3936483615546271,0.296564454495743,-0.017644435235910902,0.508605685775094,0.16048331308414746,0.29035505114460136,0.37659964947630004,0.2779396240652603,0.39038277917246045,0.32078889331016425,0.2995751233172567,0.4728572796416019,0.25522825006264693,0.43415534763626273,0.1908474823077419,0.19458280157027857,0.3230271021676362,0.2635435172989063,0.05975866268491012,0.08294811465177372,0.3708318147631226,0.31746833843435196,-0.09592217064045241,0.41397169095246167,0.40494157135567044,-0.06915864807635175,-0.07639917160624214,-0.08479662752674448,-0.09652575583688466,0.2036903789201092,-0.10194761550944798,-0.07791883461394207,-0.3061827748043783,0.24986460049982132
0.2846729212301819,0.16347826545367866,0.2804021531792556,0.4446269334758586,0.31710874728293426,0.33804730514043063,0.21172543072886202,0.3416235723999431,0.2881096915214583,0.2543715554710921,0.2651856138557985,0.2629893378837877,0.2864483268348872,0.6967362471524838,0.3522682437831582,0.43563883253422137,0.2742888021032936,0.28997553433919127,0.2786882808267228,0.3519929371005094,0.23288698957759293,0.25199634184585246,0.27978842165635315,0.30946833620175285,0.3244718774194307,0.310353861427319,0.2793997575732681,0.0032573883757199954,0.36238644084716226,0.21851766351967172,0.23751405680048535,0.30281534405424104,0.1783608242497745,0.2998979535827805,0.26178716401946717,0.2517831119791184,0.3777504420718957,0.23642653220178997,0.3213205076639375,0.16772191774502868,0.19607653399408675,0.25213011115253264,0.3465269004602537,0.0718843414966198,0.09995174908236719,0.2860491518186481,0.29264412289249975,-0.05353026152994104,0.4822079624636233,0.22223814329413083,-0.0409498137377,0.03951143616830172,-0.10222799797604237,-0.06310896947226613,0.0577935514162313,-0.05362530660187795,0.03350888663305237,-0.011840609676780077,0.0011386416618278986
0.21194679082195245,0.13153673304428848,0.22859051069038322,0.3667849795299218,0.3758466311924549,0.2327899001677307,0.31129315362256604,0.2729271085214906,0.2310636561252082,0.2770021276228302,0.3106357891310479,0.2661016526577446,0.1639260057682507,0.3522682437831582,1.1855696615175542,0.30109417235294283,0.32504116249335585,0.3189127043166644,0.2331762341109218,0.3810024614097187,0.2922684397164115,0.08445894228932697,0.282037214538182,0.3043795369952418,0.4329653042128436,0.2980152673922098,0.29794590785673514,0.03565064089962568,0.45139584076292527,0.33006256291731273,0.3040791295540235,0.26846102100595276,0.21978415033592036,0.343259065520831,0.29264384821588985,0.3878468607755359,0.4463097028509938,0.22508566553097495,0.3174371303754943,0.1943082988026001,0.25274350123620265,0.31536751452739104,0.16468514515138744,0.057856913936765286,0.13041045103411322,0.4009232529609808,0.31807421564834637,-0.1780984742261469,0.35421181667236384,0.21221922232492774,-0.016868609697501598,-0.030909974474980187,-0.04127802820645,-0.07619742343145887,0.06441247236925385,0.02474751609426451,0.10432971591467496,-0.05382384070763041,-0.06797463595492605
0.21574733489089878,0.1371225624664596,0.20434597992739242,0.4131142154128791,0.34035467686753207,0.33205469314219804,0.29644781397880887,0.32603176792692523,0.28700471913894854,0.26241658137193263,0.30092402615633873,0.3245688577081547,0.3391811597114637,0.43563883253422137,0.30109417235294283,0.6443891559980137,0.3255307133763872,0.3178151679917088,0.3020201978067798,0.33028831367275074,0.2461705129092357,0.34802155505000365,0.2612552212086075,0.3130520519544627,0.34881895715020583,0.29552337531120715,0.3150069546954845,0.06737340830636833,0.41800022864480435,0.21276770382526952,0.25361608625974186,0.3526966617936306,0.1827237628160541,0.3468675798181751,0.2893245173567531,0.2934495866543781,0.3624747105375463,0.23442930157255468,0.3384630373892227,0.1833154868465013,0.1758789961359671,0.2762488954699931,0.317538026674687,0.07607481951269053,0.10122710419128049,0.3033965024156783,0.2808757027665109,-0.08597906461948653,0.428453757334104,0.07699500070158134,-0.04940082932104317,0.04023681739070078,-0.02938024227777815,-0.05979365518973994,0.06977022360723562,-0.01647301739846727,-0.01773252659273386,-0.011468775042812372,-0.03841343912888199
0.21075207621757222,0.19976106605557073,0.28506549555851124,0.3822120822263083,0.3046726903713497,0.40522621703605094,0.349802243356378,0.39119427743902074,0.3206608048671903,0.33690588698134244,0.3633011599635371,0.3168296188088158,0.3862556947108757,0.2742888021032936,0.32504116249335585,0.3255307133763872,0.797537438902181,0.42178281021091424,0.3181707420755684,0.40737970279825936,0.25485269685302203,0.6046059539401814,0.313622377040543,0.2935228874745518,0.3261182406890562,0.35068975265560565,0.3311460556722032,0.0049879197529595146,0.4049413977519053,0.12467198269104478,0.26543718819041034,0.34459538637193793,0.23821942921648048,0.34126527991460054,0.26185823366005473,0.2193010065350342,0.44463810355205124,0.26004149943508326,0.3957136954446545,0.17992293377796012,0.14507000163353911,0.26931049222461456,0.419482501173036,0.06312235175324105,0.13880337753102032,0.30055112564290004,0.30377816752572273,-0.049651570917998614,0.4317269287232326,0.5666979333059694,-0.12267561166327338,-0.10638253710117243,-0.24211099540693476,-0.05881631343516564,0.1945628071617751,-0.06124144220699162,-0.032452049775123344,-0.17352851888593057,0.07873338607127355
0.2106031612062575,0.38552006494774105,0.3466217048716853,0.5257639989919128,0.3559306729067813,0.4802210651525649,0.38534592680672797,0.5665747475785271,0.35053688744639383,0.304490028159535,0.36758792527864026,0.28975437990700903,0.4419898951822392,0.28997553433919127,0.3189127043166644,0.3178151679917088,0.42178281021091424,1.3026905998914768,0.36224510435263685,0.3475195681483342,0.4378434422322514,0.4653721513713736,0.6826001337029893,0.32340981417349385,0.41550844645089235,0.5448920474948167,0.32352567171516655,-0.20819276030870323,0.5877875910688151,0.05199728168130177,0.471906807473825,0.39089781054120376,0.30176864304936263,0.5734666638881881,0.27679837976126537,0.46853260570665056,0.7192398711623444,0.269860638587098,0.6257906084216701,0.3027283112178817,0.23450074478688307,0.4181957189001071,0.23850737313810325,0.04522455141800567,0.17580261508346787,0.5379555330840552,0.6535150382760561,-0.08910950726113422,0.30211295956480005,0.7480210597899866,0.2582394148875065,-0.2678951882273856,-0.37061344820300957,-0.2822330956947994,0.049000212719016854,-0.04696532724860181,0.008681488472246706,0.006933699283716079,-0.05114526200195446
0.1826532762160519,0.16536840257054916,0.3521267875928638,0.3117359756716143,0.5077334925896297,0.5280992588528283,0.17098555118459766,0.42606422494859325,0.39660532854984326,0.23211933921625966,0.28087126477140495,0.2968518701932702,0.3540780641225151,0.2786882808267228,0.2331762341109218,0.3020201978067798,0.3181707420755684,0.36224510435263685,0.9475129051624879,0.19785384311762363,0.3468346248436773,0.4845296036183256,0.08226416663003683,0.2980129578366184,0.287387253910156,0.3072896433678346,0.2692976727963117,0.2666329427221426,0.44849838003265036,0.13963079865350211,0.3193283417258925,0.38671903277590036,0.25296760599289425,0.32115411413889405,0.19654494320220828,0.3781898098862357,0.44636557237817376,0.2342196516406431,0.410019686771657,0.18183630073032298,0.15167915805394516,0.3069198079136152,0.21055132261196124,0.04284555932181857,0.24140209948031185,0.3486935782503911,0.26493774378427604,0.03041377041062255,0.23675868715013088,0.2526058358515967,0.05615747170097612,0.209004341706228,-0.250846598963791,-0.1454799438545525,-0.0022036066656329644,-0.07846469959089025,0.10884137996867357,0.03480110744900431,-0.09941495291778912
0.1658090836377323,0.3852680064788935,0.3100028640685667,0.35336721671344373,0.16549931381625851,0.5941468271320327,0.1998878732789542,0.47484332253603573,0.3915508428386773,0.2105039953695673,0.41203052215596436,0.308167026828102,0.3411980044446649,0.3519929371005094,0.3810024614097187,0.33028831367275074,0.40737970279825936,0.3475195681483342,0.19785384311762363,1.408051336647711,0.2308500590644844,0.12346228692458718,0.1539523707930822,0.404844646639014,0.3360072903965644,0.3864101989909782,0.49891579183433615,0.20906877589153053,0.25579325273199066,0.36757948738018165,0.4159454857348803,0.39875542643322937,0.35441951982788283,0.42507125962459974,0.26557556665966436,0.3529685610852771,0.6628331060720505,0.60719461242436,0.6598068925921653,0.31312080921212554,0.2512196083725197,0.35010601672395747,0.4569713016949608,0.12431170063381455,0.2639437386837802,0.38301067454110166,0.3675302360286293,0.05687842811582425,0.9332675536956606,0.25978950091769587,-0.30413654297149856,0.08827636720041998,0.10612768746549008,-0.15127681719453956,0.05883104072163459,-0.16118771604312046,0.28756037658892986,-0.021572978117028893,-0.14525521526741342
0.16373030147176254,0.21860831553970728,0.2480902225415208,0.3616125620005332,0.3298185681261735,0.32291301981923365,0.33406336071393905,0.3330804290470043,0.33317309823183905,0.1785314821406314,0.3000086253487713,0.2590813425257562,0.3268873501254705,0.23288698957759293,0.2922684397164115,0.2461705129092357,0.25485269685302203,0.4378434422322514,0.3468346248436773,0.2308500590644844,0.8445728152625035,0.004526812068609397,0.29853270954152733,0.2852451708997222,0.323871074824765,0.2829575364842953,0.2237008866021302,0.09433219061428487,0.5330352014357835,0.31987544403555024,0.3753873108460651,0.31020506033682754,0.22103197655277382,0.42892468097404834,0.5308539197632033,0.5190804195562038,0.6727500969975558,0.26814697300763124,0.224471781748421,0.3437665619787671,0.33692270560900733,0.6499805270450923,-0.04102123983235502,0.044153567279074456,0.5194276825132726,0.5226172599003129,0.39517058347776174,-0.2949756943532639,-0.13136455410033518,0.21499520428870803,0.03386837539837841,0.04736212733946914,-0.07948846159438702,-0.08581156800739335,-0.0954634033409987,-0.06880786951080232,-0.00460951826578884,0.08894310031664521,-0.07228425443811877
0.2501962697261021,0.20418847266106516,0.43828599211163466,0.3380395635566016,0.3121872903395683,0.5419561641577749,0.321054645907183,0.40584908304847833,0.3933900043762665,0.36779373368005175,0.27948328763654795,0.30303416339498407,0.4223112060185766,0.25199634184585246,0.08445894228932697,0.34802155505000365,0.6046059539401814,0.4653721513713736,0.4845296036183256,0.12346228692458718,0.004526812068609397,2.5892099800667343,0.2993579256942228,0.15082261949489167,0.3311752544819205,0.4899418891635869,0.39287567286579267,-0.1858197374081235,0.4435742531797617,-0.1085306820019585,0.06620510914206841,0.5364104074126196,0.11937051055018871,0.3226301716534953,0.18771146481045559,-0.22784217085458955,0.1272072018762326,0.14287911735492886,0.40367911853062544,-0.03056217997915935,-0.11676027073302607,0.04372973541373845,1.2037001038724808,0.04106767583299317,-0.05039828551492705,0.04937805748572438,0.21169257691397345,0.1990128210167074,0.8005754736790757,0.35926569296290406,-0.1602390330894232,-0.350296671119494,-0.15082694118866072,-0.03027270241124468,0.39824875012109445,0.0824857774442776,-0.2462084734399021,-0.2866593465083107,0.00814760723279226
0.14455451713582984,0.1399023788028004,0.1279169253705624,0.45554955625466526,0.2981053749584852,0.2333748020328759,0.33744176318302505,0.33934469550339624,0.1630597112837508,0.2421246399909367,0.23700425893144125,0.189291063854065,0.31475071957522877,0.27978842165635315,0.282037214538182,0.2612552212086075,0.313622377040543,0.6826001337029893,0.08226416663003683,0.1539523707930822,0.29853270954152733,0.2993579256942228,1.584027548447297,0.4472442065009049,0.4745101868697318,0.4184294322612453,0.13019032800290728,-0.8693903681841788,0.7106111697717649,0.17626748653246094,0.17521160974596364,0.21589782041824196,0.33951123676640416,0.4943517064264177,0.2604482980422432,0.3634781122220823,0.5984858668436517,0.10045017609113202,0.6421788102758943,0.3605963265803743,0.02115249234277054,0.3047944921442148,0.1365242130588615,0.10469138429351531,0.05761242918795095,0.40647783141952076,0.44346663733204594,0.051989691119909594,0.43818413932743755,0.7398759020099128,0.04199373370419884,-0.2724918370191357,-0.18774188196041633,-0.17245612719751535,-0.03093603767129134,-0.060406430660326985,-0.15879124921678428,0.04312062554033813,0.1760826363714336
0.12442132768327809,0.18849466585516825,0.2901159359927195,0.43549656968856987,0.29808818148159283,0.36311986009991865,0.2989298833657797,0.34483089930011906,0.3388568066856902,0.21451122217877075,0.3134655902719121,0.2853610145011886,0.33820834502804953,0.30946833620175285,0.3043795369952418,0.3130520519544627,0.2935228874745518,0.32340981417349385,0.2980129578366184,0.404844646639014,0.2852451708997222,0.15082261949489167,0.4472442065009049,0.9267515389504689,0.34492430339953134,0.21243185957728558,0.283931154673294,0.10014701673272232,0.5022081990736098,0.4978672667816854,0.3797103214883868,0.3863760219675195,0.5465290471778912,0.3061804426082947,0.29819158814863606,0.5222806775949261,0.5590303468192103,0.30881498917709915,0.3581356194088422,0.22540826470261607,0.3181472849340443,0.3439178174001182,0.12288511873561901,0.10242948840576067,0.040679064056233914,0.5413768477810715,0.43418661163528316,-0.2520267103717168,0.5583942068693916,0.17569880114162903,-0.08214824360501399,0.07146463616587491,0.03796897718590367,-0.13889316533106258,-0.11879371921540613,-0.17772706126652046,0.21162130971131665,0.1122273222383246,-0.11356819111192963
0.2064395749386762,0.14529655015882487,0.28343742769151753,0.3998987970029409,0.3014168397833966,0.348884698258146,0.33798603354954304,0.37516560926004927,0.2801599906330337,0.31560395516457324,0.3064541280174473,0.34793941491844294,0.3134973110241764,0.3244718774194307,0.4329653042128436,0.34881895715020583,0.3261182406890562,0.41550844645089235,0.287387253910156,0.3360072903965644,0.323871074824765,0.3311752544819205,0.4745101868697318,0.34492430339953134,0.9481381982758998,0.3032707630614846,0.30792507076628517,-0.140475474349713,0.7620371370514275,0.2908235053399888,0.3023118956836325,0.33678114099754475,0.21539382077250382,0.4863795171407179,0.3592843723283045,0.41815540835670484,0.4436756446201379,0.2558687330706419,0.34202592751570216,0.19477808010119843,0.16336665999302707,0.34101739633388206,0.2458295304014315,0.05913407283235557,0.15499100452782788,0.5200962571844495,0.37356975539269105,-0.3043660254443504,0.2652335690120839,-0.40943897520909683,-0.048782757475825424,0.11331047866489613,0.27814653988134047,-0.06027148832510648,0.1397505647660904,0.036694669046190856,0.05890074408287478,-0.1088425811855743,-0.13506938761746892
0.22598660076271812,0.15490886249152153,0.4072047278457353,0.40045199840536966,0.34153258204452486,0.4042648421074931,0.28417248022784053,0.370517195566588,0.413892373795259,0.3050472461646637,0.30263363227073686,0.26312026186264326,0.3936483615546271,0.310353861427319,0.2980152673922098,0.29552337531120715,0.35068975265560565,0.5448920474948167,0.3072896433678346,0.3864101989909782,0.2829575364842953,0.4899418891635869,0.4184294322612453,0.21243185957728558,0.3032707630614846,2.912755474870342,0.2482561328069883,-0.18702848601122557,0.6147406880359805,-0.5921043857027064,0.32837291167416005,0.6556222088826222,0.24931231210494864,0.505312361477597,0.3845944501696519,0.35938597466793654,0.5103385838873882,0.3013655384096456,0.6287993194618985,0.39392809094391856,0.15246627130821708,0.4067747486219328,0.2951262852748437,-0.04270404721287302,0.4101792269332156,0.3658847970910767,0.0029315447610512445,-0.012340511646143635,1.0215152042188895,0.8988925176283742,0.06378570146034579,-0.19931121824093623,-0.48724744548239163,-0.16831421108386477,0.2522187421391776,0.07515427334895636,-0.07200600548128519,-0.25885615075677837,-0.024534767200701305
0.16443863623389812,0.1788179868944532,0.21372994322416813,0.3022658896651678,0.20862176802991994,0.38159327411522265,0.22887633180262393,0.31611678281274935,0.30816325183083504,0.22873012083185612,0.2937161286868413,0.3022969431585761,0.296564454495743,0.2793997575732681,0.29794590785673514,0.3150069546954845,0.3311460556722032,0.32352567171516655,0.2692976727963117,0.49891579183433615,0.2237008866021302,0.39287567286579267,0.13019032800290728,0.283931154673294,0.30792507076628517,0.2482561328069883,0.9136799056097825,0.242554386733612,0.2523788367026513,0.26245768818090426,0.3443889816552274,0.3881129391094855,0.2422600551027532,0.30163664047494165,0.290463363708184,0.41561454839660134,0.3415043098391363,0.31189850352479637,0.3231858412943476,0.16620230550813567,0.196965638936177,0.2706293871545338,0.5511880334525667,0.052652221659782464,0.0927682030010781,0.301610217322399,0.29044978109326774,-0.042790310384101846,0.5418982816443553,0.09278000707456872,-0.1597610008717117,0.13832815796685402,0.0031514612527529713,-0.06678713338912048,0.17016424132356894,-0.05539500944142095,0.20246486693430538,-0.15719796663235647,-0.10602612118519787
-0.04262237754156007,0.23184240383473664,0.31067718987862203,-0.08775835203619105,-0.11598122090392608,0.18916195918760983,-0.10575212675157472,-0.011501815768900296,0.19680483078677366,-0.03762691305805298,0.05337315067490212,0.13243388868897762,-0.017644435235910902,0.0032573883757199954,0.03565064089962568,0.06737340830636833,0.0049879197529595146,-0.20819276030870323,0.2666329427221426,0.20906877589153053,0.09433219061428487,-0.1858197374081235,-0.8693903681841788,0.10014701673272232,-0.140475474349713,-0.18702848601122557,0.242554386733612,3.254921292320867,-0.5295653442949828,0.1035967877999885,0.34116160254982664,0.13307849583921233,0.24154292958758863,-0.1451810551546174,-0.1698436445835411,0.6122108760800412,0.10530913789453078,0.19983338052402244,-0.23792954788035212,-0.16236229422387272,0.5390545115335859,0.13320930173213968,0.02878648144852685,0.21914055243271177,0.02285255904053585,0.11419889164715888,-0.07393422768917784,-0.1173698769014592,-0.3512659004037798,-0.5742513879640472,-0.24106926955444957,1.1278377267547353,-0.423044091505875,0.018415415661425377,-0.26754416868341413,-0.015452585392832285,0.24879746724021257,0.21604617112551802,-0.21033644115704367
0.27409851442988226,0.2291720389003849,0.5244926934457009,0.4955317604295187,0.4489733933635546,0.44117279781781543,0.4381782373206821,0.45206759519620476,0.3982488178232131,0.4002053477108592,0.40788092090186656,0.4063203641403426,0.508605685775094,0.36238644084716226,0.45139584076292527,0.41800022864480435,0.4049413977519053,0.5877875910688151,0.44849838003265036,0.25579325273199066,0.5330352014357835,0.4435742531797617,0.7106111697717649,0.5022081990736098,0.7620371370514275,0.6147406880359805,0.2523788367026513,-0.5295653442949828,3.110296979636387,0.3748884185095461,0.2974637525068711,0.526310055081581,0.3061566435378787,0.6719804251392717,0.6083329650422429,0.7664365716300892,0.6900981205490696,0.1960547355354312,0.6191748495531463,0.4115825676291188,0.45526583525557507,0.5207410053531332,-0.1787697302746803,-0.08195653095773726,0.2673929909922289,1.0104468515369847,0.5362987901636111,-0.8660918450151763,0.645581950947772,0.2880894927832356,-0.018100497406351772,-0.06411967356062821,-0.05770462072558127,-0.0711162463467626,0.14457390482805277,-0.06842217582659002,-0.028423609002199632,-0.22811734785021623,0.17841671595280315
0.0975623192344074,0.07768461942097865,-0.06130568877216997,0.22121813253553094,0.11956592530315337,0.13500083911647165,0.1979037858701648,0.19202586206046682,0.16474123143258224,0.12628756810055317,0.1841849480408996,0.15799037581647987,0.16048331308414746,0.21851766351967172,0.33006256291731273,0.21276770382526952,0.12467198269104478,0.05199728168130177,0.13963079865350211,0.36757948738018165,0.31987544403555024,-0.1085306820019585,0.17626748653246094,0.4978672667816854,0.2908235053399888,-0.5921043857027064,0.26245768818090426,0.1035967877999885,0.3748884185095461,2.5025548612811312,0.28476201491335007,0.10577740002830079,0.320827483209382,-0.0484391460053694,0.5864678873289346,0.49448007456578696,0.739895769211588,0.31151693059147806,0.10130009223689082,0.04874646473464138,1.0100892693543577,0.35890685216893914,0.41060191664922246,0.16455719863015214,-0.12727382628898898,0.5421188103667883,1.1843224063579574,-0.45210657018174155,0.9065430489993468,-0.3695962356116579,0.11326830336489764,-0.19919115639909482,0.41942493289364774,0.02116148918831799,0.037994781669327155,-0.16257002127547548,0.0990010302999771,0.28092088320367326,-0.19841839547624196
0.15414071463592108,0.16361466919105105,0.2906571681974344,0.3604963922275672,0.28416100747347095,0.33294883326547037,0.28320658542969673,0.3375812606339496,0.3285309839015028,0.21613282749908122,0.29608598000479786,0.2882914920556727,0.29035505114460136,0.23751405680048535,0.3040791295540235,0.25361608625974186,0.26543718819041034,0.471906807473825,0.3193283417258925,0.4159454857348803,0.3753873108460651,0.06620510914206841,0.17521160974596364,0.3797103214883868,0.3023118956836325,0.32837291167416005,0.3443889816552274,0.34116160254982664,0.2974637525068711,0.28476201491335007,0.9720084578926206,0.3709538814740191,0.34318111002888363,0.34174941103365564,0.3161943852209623,0.8058119694108892,0.6570494809425534,0.3904960310320122,0.5085988118081683,0.25472125842902205,0.47324957345462204,0.4128571925931411,-0.036400310042269124,0.08358199751555247,0.2676083201889139,0.6550743155954175,0.3883760056138436,-0.32320798231584486,0.09243577362553895,0.3658137722018037,-0.06988105028317154,0.11323773538869271,-0.1122241639822227,-0.17960756235134132,0.06512055227005493,-0.028838788979426766,0.23759072916334384,-0.06920671542818117,-0.24728711022735028
0.21004986782832302,0.13553328744666793,0.36135049914362144,0.3583561332945277,0.34208941920086516,0.45142665300616996,0.29126766596206477,0.38262179227992915,0.42607787055287927,0.2528994456827538,0.3569707227821411,0.3588802245838014,0.37659964947630004,0.30281534405424104,0.26846102100595276,0.3526966617936306,0.34459538637193793,0.39089781054120376,0.38671903277590036,0.39875542643322937,0.31020506033682754,0.5364104074126196,0.21589782041824196,0.3863760219675195,0.33678114099754475,0.6556222088826222,0.3881129391094855,0.13307849583921233,0.526310055081581,0.10577740002830079,0.3709538814740191,0.8593028448277243,0.1762301033780033,0.42062866542275196,0.19882142127760705,0.503578378875411,0.16171991098480737,0.34802982996248955,0.469936849466133,0.2592209303469537,0.17871576407769799,0.31869407329700317,0.27670771010406353,0.036848515843577054,0.15488026295042734,0.5145379824328674,0.2845606435596842,-0.21220865246501058,0.7163719897045947,0.2539445208538875,-0.05896939788927203,0.04532998567444283,-0.07666726959359041,-0.10748465895861868,0.1328158862546672,-0.14834369043183115,0.7852604483121385,-0.3622988726351128,-0.4133492065666439
0.14185398904775837,0.170799636109027,0.214116920202953,0.31842379082092404,0.24132601983439292,0.2043972590457371,0.2836974904041161,0.267941004689722,0.27002159743015963,0.1084888509630965,0.22861593027682325,0.17527706488591935,0.2779396240652603,0.1783608242497745,0.21978415033592036,0.1827237628160541,0.23821942921648048,0.30176864304936263,0.25296760599289425,0.35441951982788283,0.22103197655277382,0.11937051055018871,0.33951123676640416,0.5465290471778912,0.21539382077250382,0.24931231210494864,0.2422600551027532,0.24154292958758863,0.3061566435378787,0.320827483209382,0.34318111002888363,0.1762301033780033,1.868046354163622,-0.045639964018550104,-0.2575528473822068,0.2838789778699008,1.0257738645776118,0.3376663807296603,0.10507894532733218,-0.014199970077163122,0.148790006548979,0.3295758284155555,0.18046434393868727,0.12758674372289985,-0.21198589552392436,0.48882493258256077,0.34010770383171485,-0.26933357835838656,0.7923166453491686,0.22503530991914658,0.017838356460110366,-0.08392334495966042,0.05248169789014217,-0.2985287858727957,-0.13103843901114856,-0.10159736304907512,-0.12307311577154155,0.1123897356268052,0.2156878826394777
0.10076464299395371,0.217736981545308,0.313492294429001,0.43624944498373364,0.3798007390312246,0.4236126101733915,0.33468424693685295,0.4204007660479087,0.35104413033839194,0.2953059862411519,0.34654372745551926,0.32492054519064334,0.39038277917246045,0.2998979535827805,0.343259065520831,0.3468675798181751,0.34126527991460054,0.5734666638881881,0.32115411413889405,0.42507125962459974,0.42892468097404834,0.3226301716534953,0.4943517064264177,0.3061804426082947,0.4863795171407179,0.505312361477597,0.30163664047494165,-0.1451810551546174,0.6719804251392717,-0.0484391460053694,0.34174941103365564,0.42062866542275196,-0.045639964018550104,1.5251964038600765,0.5375576064444482,0.4400779879313111,0.5747869947700732,0.29252010391730354,0.5939290896861975,0.2801307637027571,-0.09282567872547637,0.46238347426067544,0.27554240722906276,0.06662551290536767,0.14847339420898606,0.40450461020593337,0.3303575296671215,-0.04958020260494491,0.5482465066715062,0.08391231177503178,-0.10078405371936966,-0.06890612676119176,0.11570531666065975,-0.1272107613078345,0.06517587804344824,-0.014255822824716912,0.051628345025980106,-0.138247147830525,0.044509679758286014
