1.03478938545445,0.18904178222348847,0.21423138443553907,0.13495938141892666,0.14091007591096488,0.2208624744236876,0.15965930581112167,0.16952627244744117,0.1402634567061569,0.20083324513807305,0.16965264674187597,0.19834300397974947,0.21289845093285586,0.15462598563740443,0.10534902711035676,0.13454572671455098,0.27193781304511994,0.2409892893263788,0.17093753322441432,0.22289851800698726,0.20274006069118755,0.16386037421166513,0.2497802618362753,0.187873397842764,0.209649820519134,0.18742465578012668,0.2917974644968455,0.21033996776768407,0.3378961465064344,0.13847015042470193,0.14073014350880148,0.2877674555284129,0.25787174747127006,0.12510633418645536,0.18580481820568184,0.18382831599075367,0.18717762235787597,0.18131744652653384,0.2005448917995568,0.1296168333034518,0.062440123353989324,0.23836200297443505,0.27741716015772133,0.18755827773931846,0.07451306144903881,0.15308248918449993,0.2002448354222712,0.18453323952486378,0.37394568304691234,-0.07918694303791401,-0.03882955383884927,-0.15765199869875596,0.1748784704804258,-0.07238961854856382,-0.22458467325585058,0.2164414990779149,0.007872300558385163,0.026800365978016695,-0.1575643823758688
0.18904178222348847,0.9085064203079336,0.13833984214217993,0.12301111167581477,0.13555431299194076,0.1758691924624634,0.06688741267385452,0.12166544361385363,0.11247288500736324,0.20160545492534834,0.11300663694731157,0.150586426962677,0.09027659934452548,0.11743780053864997,0.0629938473211121,0.13288520835839965,0.16200677248306472,0.1069083401341479,0.1433355216909086,0.18285571525963917,0.11993409245466068,0.12340161249334532,0.22146435723199867,0.13966677183941348,0.1301606185893695,0.11303444100737181,0.11227578792726392,0.11635046783644039,0.12625895476585255,0.09896319791538531,-0.002518532937328508,0.1026747438164666,0.108518265339172,0.12820233331423056,0.11402282514111897,0.14908073118611906,0.11962234683733843,0.14284547552801977,0.06264223201705311,0.18619327311094688,0.09828065999007067,-0.11836652278918242,0.12347796667916189,0.18162390038771722,0.01715519290238266,0.04026954184257092,0.19088502141585126,0.04866236337475391,0.14357681922847995,0.021497243519098364,-0.06337088707441517,-0.04393316271789635,-0.023855441347091406,-0.014789774906339407,-0.22433132168746603,-0.0533395511537612,-0.12354734493124353,-0.0704560329933403,0.1688757492470693
0.21423138443553907,0.13833984214217993,0.8364210053871939,0.2732235394412011,0.16328506362178768,0.266845520630796,0.23875568374067596,0.2441566772320016,0.2768816872518932,0.30715268842728505,0.2513907140656789,0.27170385609451303,0.1385844721093428,0.25515081262227635,0.20887877393874404,0.2449264165036515,0.35062014343071557,0.2613143988481626,0.30229441938606344,0.264804072175196,0.17971769499700585,0.2583781603448181,0.3073907170842806,0.2798304645953832,0.22936255956890825,0.24713256173808387,0.23229540708284055,0.24815331741270857,0.45178250412468385,0.11710745801669514,0.1786704445948865,0.3246558693767244,0.2754411939802203,0.14643315624412886,0.23306997337420685,0.20934466963355486,0.21176811371041596,0.21870886091964814,0.17298555679926908,0.1816372197768984,0.14974848564801424,0.17453867794608413,0.3293503888045067,0.19425954387232075,0.0556416730548334,0.1408484291744469,0.22297421473479206,0.18269604536200162,0.240943914100615,0.18974749643812167,-0.0632729991890748,-0.05552566594909134,-0.03718950105696844,0.011694835381529555,-0.12386536694700202,0.14203243098437515,-0.1708713260383077,0.03754972469208747,-0.043887570473639274
0.13495938141892666,0.12301111167581477,0.2732235394412011,0.630063673289257,0.19465405676159783,0.18291892217615316,0.2238461477188713,0.26645556405843107,0.30885015749501565,0.22124187758879404,0.24062460816972556,0.22774759912632866,0.20572407056499029,0.1976645922936422,0.18985897962305456,0.21607886487932612,0.2385868873534447,0.2601736843651867,0.20813276908678885,0.2413064391690574,0.16656022031750495,0.2278740326915528,0.29953662652658813,0.2722672918329394,0.2272616194642807,0.21222879393608293,0.2263498402764805,0.22150558128525077,0.2459892618166245,0.13006256097377314,0.16472895372558136,0.36169503063923114,0.2514599980307477,0.1491169983757523,0.21982518833093032,0.21361287212549904,0.24480461743284898,0.1944247630207213,0.1525683322925978,0.1890078077254403,0.3038768793847466,0.18280800552876122,0.2017685633614373,0.20187057120306556,0.05366397964086544,0.11279604938348069,0.22020126016393843,0.16761576134126294,0.23909626780857426,0.0075493299820645855,0.10853951684627484,-0.024373796579094394,-0.07145341885739556,0.047604232325833676,0.01225784812172721,0.03273462999334688,-0.13999397292624965,-0.04504931459028681,0.06157352478940516
0.14091007591096488,0.13555431299194076,0.16328506362178768,0.19465405676159783,0.40263184863455154,0.20042287516982832,0.2396017998147968,0.20403475752260755,0.21539365311733547,0.2632376014991457,0.21313897609320165,0.23805524030873168,0.17386812679356142,0.22582743662103918,0.18778231095700695,0.2280635150833004,0.24635039212661164,0.25990813900412946,0.21196398114062154,0.2606264554286795,0.18961626637200832,0.19346309452010535,0.22106204877333158,0.23144315313555985,0.26038266807002686,0.24364837803180778,0.22516333115869874,0.20386228301518508,0.1863575941041075,0.16993915347646102,0.15557711187848705,0.17808850132361312,0.17996667183723367,0.1561345039845687,0.18355264106251323,0.17885682465137917,0.2079922772401827,0.18749873241057063,0.19328651209579314,0.19663034101204194,0.18041729956387204,0.19547872918617912,0.17614904649670682,0.23034079059713378,0.06527694858329584,0.15080427360091897,0.2284965048604994,0.1868939894198601,0.24051994769150303,0.07296843820368294,-0.05510964313350343,0.0877505172550551,-0.008677068952273558,0.018892455810172716,0.07615505300082623,0.020518042870920235,-0.09507560004051631,-0.04760073591660919,0.0103094007649857
0.2208624744236876,0.1758691924624634,0.266845520630796,0.18291892217615316,0.20042287516982832,0.6715438286103941,0.2098462884099953,0.21762944719294536,0.23284723178256572,0.2808743096454307,0.24576113430990856,0.2083436825037652,0.17035548465990638,0.18746633241273974,0.17155342099961032,0.21348678104573046,0.272415505740406,0.2214264868984894,0.2084921942916044,0.2035697400866502,0.1622990180255765,0.1975993956030864,0.3322922044122172,0.20682924057233956,0.22923087178751603,0.1962447193552795,0.2057027080839184,0.2025271041018006,0.31041209353263954,0.12806603846788714,0.13735709044605732,0.2234018172854963,0.2160544036170879,0.10481417821068884,0.18462711666568288,0.17301679520217067,0.18367267927055683,0.17174840885918569,0.14044575409275878,0.19397846301608365,0.13345662934417063,0.11883960639748843,0.3410580516477967,0.22724639804395824,0.06731397338605612,0.13072657605126933,0.22444008317635128,0.15218122094814066,0.22663404727891212,0.11036263029221334,-0.0341890386212653,-0.007275437876491838,-0.033645837728346804,0.01597403693477975,-0.14660883719621082,0.06116704893156705,-0.057608544955067335,0.04283713165474997,-0.08024643009236933
0.15965930581112167,0.06688741267385452,0.23875568374067596,0.2238461477188713,0.2396017998147968,0.2098462884099953,0.5742552051304906,0.3100709576322633,0.29340583885633836,0.2269767539928494,0.27224314064387234,0.2502814790630156,0.20344829165827752,0.36606285734134103,0.23034584245230014,0.2290300868585255,0.266012968387423,0.2748801974295757,0.2121954313154973,0.2292770338895191,0.2361884469122751,0.2259453170722435,0.2222924035922157,0.25426593884519344,0.25267416879812826,0.2849596438267672,0.23849942992936782,0.18319653122940532,0.2429758614923177,0.21400458437512754,0.15519675636924693,0.2397474798688487,0.22032203766741523,0.12098199587373562,0.2062269303422877,0.1864024916119989,0.22959076313550295,0.18102968187805568,0.17151824101442192,0.20543571122698906,0.1463883860053875,0.19190344192813336,0.20448965169551225,0.2004490522584647,0.06172937565244136,0.1358513372074823,0.20491215251272865,0.20788038416716306,0.34603802918966065,-0.004659939260601737,0.04244515431647138,0.1452537461855128,-0.10963239235395991,0.05772227666988733,-0.019601876824850914,0.038731077463807814,-0.05221661173706264,0.0071140230428528494,0.009481467800787626
0.16952627244744117,0.12166544361385363,0.2441566772320016,0.26645556405843107,0.20403475752260755,0.21762944719294536,0.3100709576322633,0.5685447943600388,0.32247697491333815,0.25055982312993724,0.31422935804338226,0.30356415766574024,0.21921144079074867,0.29347935489942617,0.2569243335326652,0.2590424038017991,0.25943356006300744,0.3029542696269466,0.2798983914836178,0.25204706255947984,0.2484807166813372,0.2764413510513463,0.20250884869921706,0.2819475497821122,0.3011474993669378,0.29208069825467137,0.25387696635867973,0.27583275238341975,0.240262016966115,0.17856587650670733,0.20356265055866948,0.2714956483805644,0.2734827583480907,0.143008240659116,0.2300346484004249,0.21312039823502638,0.2415713813857366,0.21453997710861045,0.18832186207405688,0.20676086808457889,0.19634728791734615,0.2189026299363595,0.21272461435757883,0.1804700571804027,0.06689791095742208,0.13405633844239467,0.18791224731549083,0.21160071031697153,0.23555830045832513,0.007923831965008876,-0.0606821976958647,0.0838833376936285,-0.043510352748412535,0.03718569234724055,-0.10023930874352009,0.020040249151637386,-0.050306062385010904,-0.03240551497837231,0.08751057088817427
0.1402634567061569,0.11247288500736324,0.2768816872518932,0.30885015749501565,0.21539365311733547,0.23284723178256572,0.29340583885633836,0.32247697491333815,0.8056659006079139,0.18128340893738948,0.31606556920248063,0.2765065906478516,0.16946829608285394,0.2771776572934366,0.22449345891232309,0.29519199297561394,0.2769552387448701,0.36150913235988885,0.25250747567880805,0.2860450982161497,0.27965756566849825,0.25565076217877025,0.37533441095000614,0.474998909989935,0.26918921453556166,0.3107112975987165,0.23798686579170752,0.19803431069580255,0.2430456149677798,0.21179470165506423,0.1338183187905494,0.31884977566415146,0.2938252343219114,0.13453846317394125,0.2577690115603296,0.2274190206292165,0.25643092283683616,0.21212957168674368,0.18388331672780994,0.2215152061727929,0.17831594304922893,0.19751302831727743,0.217895877753906,0.2456097918519453,0.060982733607710574,0.14342180090068105,0.2520245405390216,0.21761506155404312,0.2860403089576753,0.05011411326782321,0.03490184136429558,0.04727174511128081,-0.03350999463698781,0.027525399518783376,-0.057432157037003356,0.0248096863216567,-0.05003424419874863,-0.03457754075634873,0.04004576911251398
0.20083324513807305,0.20160545492534834,0.30715268842728505,0.22124187758879404,0.2632376014991457,0.2808743096454307,0.2269767539928494,0.25055982312993724,0.18128340893738948,0.8094962090535864,0.24722526727619512,0.23699772016064818,0.23532757697312723,0.23459090640052138,0.23623970850948375,0.26352985745594737,0.29822035528092805,0.27091054572964246,0.2358822754747062,0.22930166127486,0.20050726225284413,0.24903252058404055,0.26830909588708424,0.2114010336083997,0.3076832258735553,0.25765854515101744,0.23962100966963307,0.21923778669509578,0.2722349331703408,0.13441364598901015,0.14439493772684311,0.24020629217213302,0.23963896434431275,0.16683344217759946,0.19650361126099913,0.17388762435374494,0.2031293213835774,0.19548044926436114,0.1683604835310615,0.17531159526426285,0.14918105182891578,0.16958867416632864,0.2874507255459843,0.20661758085174137,0.0531826319619483,0.1428682010666404,0.21658024859095965,0.16623510964944,0.2736600995297381,0.31301833554059394,-0.07337046928630775,0.02723528332695551,0.007356560733593194,-0.02258539585921754,0.005106223068748312,0.08785890159932888,-0.078625721529902,-0.054136546452644485,0.1391841809043765
0.16965264674187597,0.11300663694731157,0.2513907140656789,0.24062460816972556,0.21313897609320165,0.24576113430990856,0.27224314064387234,0.31422935804338226,0.31606556920248063,0.24722526727619512,0.6905001531890567,0.2689721347950897,0.19067007138481634,0.27182443865105566,0.2079321331919265,0.3598798122157395,0.22986634005124493,0.2730360217591649,0.2361294414790875,0.2848913285880671,0.2377352211084674,0.25055916418855917,0.2870054276110537,0.2865636809228899,0.24395364827230348,0.29939391957116956,0.21071914408202178,0.2409806041812421,0.2503049503053323,0.1433887946515861,0.1461954520796185,0.23928296404685342,0.22646372629220138,0.1152625928597741,0.2191190048355492,0.18222290254845483,0.20736398523464314,0.17558031664034693,0.15536733746385284,0.18976272135009323,0.16427724571485386,0.19849348504301198,0.20567767669789694,0.19684529649413066,0.06011986233103402,0.1370973136326301,0.2083412995463427,0.18765443666816603,0.19699876441246644,-0.012577650805569296,-0.004699456475740939,0.05602894037055307,0.0647940265677126,0.02063852144100939,-0.13059808172607396,0.030313857662848446,-0.04996339615822087,-0.0045861088670827305,0.10534518648408872
0.19834300397974947,0.150586426962677,0.27170385609451303,0.22774759912632866,0.23805524030873168,0.2083436825037652,0.2502814790630156,0.30356415766574024,0.2765065906478516,0.23699772016064818,0.2689721347950897,0.6419394880195393,0.17467829452131783,0.20800930466253065,0.2016317522394375,0.26429563842364,0.2834065366933466,0.24326446336011676,0.4593289176416566,0.29020491691022154,0.17889565877497773,0.22321956165547865,0.21217271832788917,0.2623527179045085,0.2416947832105578,0.26899594233207275,0.2809267481561914,0.3254718203989539,0.24773935005057718,0.1513006035776742,0.21426592835086564,0.2725275816271207,0.26284382988859856,0.16745773526587496,0.20248122495416104,0.1990820861268741,0.2202362778753364,0.19722549416101892,0.18927716651164345,0.18582735791675722,0.18488269272709562,0.21209464132821945,0.1886353071058222,0.21726236710412197,0.06944199681637293,0.14666566913509863,0.23015368817447035,0.1979189326226793,0.21916477982077606,0.03102165548302198,0.0693310449795068,0.007909064771306125,-0.019912969152389604,0.029378248204199344,-0.07080443889575778,-0.013708593238709451,-0.026100074949365924,-0.020510442708911336,0.04386953348135304
0.21289845093285586,0.09027659934452548,0.1385844721093428,0.20572407056499029,0.17386812679356142,0.17035548465990638,0.20344829165827752,0.21921144079074867,0.16946829608285394,0.23532757697312723,0.19067007138481634,0.17467829452131783,0.6923298151372629,0.17615208643087246,0.163686918824667,0.14352339224969263,0.18764070992688878,0.1877900115306522,0.0836267547901094,0.15777738752765716,0.10752382403601687,0.19996648366109016,0.16873486769681942,0.1474616919398857,0.19938520305755436,0.22656764264546989,0.15090723822972055,0.16162343238336593,0.12114044442439202,0.10378850761166938,0.15305353331635776,0.17473995186294747,0.1554030290313402,0.10176768071470982,0.15529668115407438,0.12585395121388873,0.16069653832589276,0.14596014695141174,0.13242632526306328,0.1157754843063605,0.16594696983795892,0.17771579619625874,0.16033824985523235,0.10405702248066814,0.051139238350863744,0.08288985639389534,0.10903145165141072,0.13150369346717178,0.14538957116003165,0.026873023489851707,-0.24658212071492183,0.0428104847232782,0.12900006667579644,-0.016614676987033974,0.04911319761833315,0.03450907442146959,-0.02819704951140023,-0.0462746465973707,0.09021765469157952
0.15462598563740443,0.11743780053864997,0.25515081262227635,0.1976645922936422,0.22582743662103918,0.18746633241273974,0.36606285734134103,0.29347935489942617,0.2771776572934366,0.23459090640052138,0.27182443865105566,0.20800930466253065,0.17615208643087246,0.6336878015120015,0.27417648285266033,0.23640365714180026,0.26469470414541746,0.27885346482135226,0.19948206807348656,0.23962584271536716,0.319110923312565,0.21994981433174035,0.19332833289459977,0.24986327101764402,0.2441301576509455,0.3640083292191319,0.1933081511967225,0.2376953557439402,0.14586536417944207,0.25221640656568184,0.13857785543218248,0.19138210342833917,0.17372254459191416,0.09436457653341267,0.22183282369129856,0.1799870688955852,0.2340436079221265,0.15486432403539463,0.16538388309586038,0.20512678917146407,0.1137751552207507,0.18834986047288213,0.12542345627966328,0.17988846904785813,0.04587846788211573,0.13812239286253794,0.17615665759477545,0.22710011459389992,0.23098873696420621,0.06906097682379596,0.01644433496740287,0.15310328250428765,-0.13076378289101467,0.07105132289319198,-0.0034285167041587404,0.05165057023331043,-0.08446586828110844,-0.01240429720796604,0.04542466627588359
0.10534902711035676,0.0629938473211121,0.20887877393874404,0.18985897962305456,0.18778231095700695,0.17155342099961032,0.23034584245230014,0.2569243335326652,0.22449345891232309,0.23623970850948375,0.2079321331919265,0.2016317522394375,0.163686918824667,0.27417648285266033,0.8667987204190974,0.21440658966702622,0.18574292729657796,0.31629429219726946,0.21018513866952596,0.26175706719719954,0.11282949902927063,0.19241491338296604,0.2398115257826822,0.21283529258101622,0.3658725947998249,0.23189997368692747,0.20913378864868667,0.23908269669028248,0.18783689979907428,0.14341526910094438,0.06842064830705114,0.20767263913091297,0.19998470281633246,0.11208936966206139,0.19792909727523594,0.14579619653496725,0.18645303209428857,0.17542496417245906,0.13468514034772344,0.19440746520443772,0.11386611146317921,0.17594633758330958,0.18626513486586724,0.15659179064001627,0.05935791685958902,0.10692106576255703,0.1533003759451514,0.15520704434229501,0.21132810694483295,0.005335579616402087,0.04123289636565846,0.11029732829956872,-0.03719067170080703,-0.011685505550366277,-0.004047927427939664,0.09928719919586777,-0.03346752167321913,0.03125326847343731,-0.03233040534531564
0.13454572671455098,0.13288520835839965,0.2449264165036515,0.21607886487932612,0.2280635150833004,0.21348678104573046,0.2290300868585255,0.2590424038017991,0.29519199297561394,0.26352985745594737,0.3598798122157395,0.26429563842364,0.14352339224969263,0.23640365714180026,0.21440658966702622,0.8730877342405733,0.2594592533736059,0.2999712992346055,0.3202080601528127,0.558091331021074,0.16553189163046508,0.28687944061925064,0.3751280272200394,0.431764648234258,0.1923069711891062,0.41976222576910016,0.27484036100506076,0.40990114003885153,0.30140009754767116,0.1623909035389891,0.20963812373118584,0.2203616218424352,0.22249240568745227,0.11766920402101483,0.2495188028568563,0.18687360332984745,0.25472528299514374,0.18451757675154806,0.1869911902999285,0.2168596459017084,0.20094282370620087,0.24779607685569321,0.1533319583551969,0.2057749795050866,0.055700968407575054,0.1823531835348174,0.2350439460344291,0.23690792745322628,0.13958786831257114,-0.019341731222113297,-0.0795662681794121,0.13518988236152701,0.10632238035462922,0.0939430583677267,0.0008951094116638775,0.06838817403302479,-0.16562174469675073,-0.028460342706977778,0.013690062679240552
0.27193781304511994,0.16200677248306472,0.35062014343071557,0.2385868873534447,0.24635039212661164,0.272415505740406,0.266012968387423,0.25943356006300744,0.2769552387448701,0.29822035528092805,0.22986634005124493,0.2834065366933466,0.18764070992688878,0.26469470414541746,0.18574292729657796,0.2594592533736059,1.2201525234502093,0.4337420244020977,0.35151074659825704,0.34407465941216686,0.08866283237378637,0.295245459286217,0.39379562083264447,0.37750019628908227,0.20203640080130283,0.35047917605503726,0.2885039213841349,0.23875827742236985,0.24230608706901252,0.17708510929857085,0.20174705794513037,0.33658554133006835,0.2499687672677603,0.20989725226076678,0.2542570455669731,0.21505748092742924,0.24088841641058775,0.2211714790475222,0.20873388304231683,0.1877701802943262,0.15028220434869574,0.2322986464766589,0.19962556839432308,0.1873545518118016,0.054585763418465286,0.18024841888067686,0.20479280485571516,0.19255020948221935,0.3103400782337388,0.1495033214304295,-0.15206621160155595,-0.017519021713275105,0.09806548149855847,0.04444726426050255,-0.05718677985161973,0.16160962574876508,-0.14780441726740837,0.010421591137101028,0.09628957075580619
0.2409892893263788,0.1069083401341479,0.2613143988481626,0.2601736843651867,0.25990813900412946,0.2214264868984894,0.2748801974295757,0.3029542696269466,0.36150913235988885,0.27091054572964246,0.2730360217591649,0.24326446336011676,0.1877900115306522,0.27885346482135226,0.31629429219726946,0.2999712992346055,0.4337420244020977,1.054854897250791,0.26139769848112226,0.44330855083151305,0.31503423270926517,0.32882510626757216,0.37038496541084304,0.5780582642191775,0.5206983553765475,0.34470683628396576,0.34807588621961194,0.33584481320727,0.2926529880662483,0.2553459674343917,0.14967353107350023,0.348572730948492,0.3163958711081712,0.16009109961374862,0.2815481355291213,0.2280289391670773,0.2821063378290893,0.2422299989617815,0.2104257088957312,0.27652258124078044,0.19468350015465719,0.3013325235603648,0.21597840807152635,0.29223424095510886,0.06598702252066399,0.2280134893033784,0.3018071562487616,0.28305560451091455,0.38300088581574493,0.10086768353355578,-0.05423262488459224,0.19222248004154321,-0.04981974981493929,0.05052789482732766,0.05830467146318952,0.08467191100619934,-0.11728951524258144,-0.09018236520573869,0.10056656289283003
0.17093753322441432,0.1433355216909086,0.30229441938606344,0.20813276908678885,0.21196398114062154,0.2084921942916044,0.2121954313154973,0.2798983914836178,0.25250747567880805,0.2358822754747062,0.2361294414790875,0.4593289176416566,0.0836267547901094,0.19948206807348656,0.21018513866952596,0.3202080601528127,0.35151074659825704,0.26139769848112226,0.9403802995872014,0.3832150765611166,0.11546651292976785,0.21804236896283652,0.19263814088634074,0.3011003945776278,0.22549982211519243,0.302293821367782,0.22851996506170186,0.3303234030596045,0.25692294407963334,0.09314670691363497,0.22074410784132623,0.302458882747318,0.27697919280814903,0.1812071641001865,0.24483571605021673,0.19045709260344054,0.22619491226803884,0.18920401167391257,0.18230407989638087,0.1808778869805427,0.15729241216503217,0.206447929142023,0.2040898110322775,0.20862904410251298,0.06865599953821455,0.16495603035065184,0.23172075193465624,0.20627749072362625,0.07852605168489414,0.1611944127200737,-0.058977615990077635,0.0003280746204364237,0.11183424249419475,0.04322604061789186,-0.06548604099615574,0.03550792399647495,-0.04661517310825151,-0.008916325952870814,-0.015594829697680149
0.22289851800698726,0.18285571525963917,0.264804072175196,0.2413064391690574,0.2606264554286795,0.2035697400866502,0.2292770338895191,0.25204706255947984,0.2860450982161497,0.22930166127486,0.2848913285880671,0.29020491691022154,0.15777738752765716,0.23962584271536716,0.26175706719719954,0.558091331021074,0.34407465941216686,0.44330855083151305,0.3832150765611166,1.2545519806924985,0.21541249009834898,0.30555964620675313,0.41503848599312565,0.6614763319708767,0.29074294465223127,0.4961850806517452,0.359082662780537,0.3842203966707357,0.2636228260776859,0.3203417685237816,0.20575617656907025,0.2567511456815594,0.24237120525965672,0.30875221936366143,0.37027945371812826,0.2787558318834584,0.3467181395831374,0.2872004319886431,0.24995288179726438,0.34912175905783877,0.27833691354248236,0.27288567627401095,-0.03248365570822669,0.34699338148452824,0.0722159361367549,0.27430728771195767,0.37473010116674627,0.33037723252232665,0.31783443417305784,0.17272646482232462,-0.1805177779863153,0.14986535377272908,0.1002894948327024,0.0012604525961751188,0.04106164358253641,0.11538158646988353,-0.253015544908986,-0.07506530976491464,0.047645243146033744
0.20274006069118755,0.11993409245466068,0.17971769499700585,0.16656022031750495,0.18961626637200832,0.1622990180255765,0.2361884469122751,0.2484807166813372,0.27965756566849825,0.20050726225284413,0.2377352211084674,0.17889565877497773,0.10752382403601687,0.319110923312565,0.11282949902927063,0.16553189163046508,0.08866283237378637,0.31503423270926517,0.11546651292976785,0.21541249009834898,1.296114922298292,0.22050645372740635,0.0485862843641388,0.23420741933620035,0.4899693389907851,0.33730775573148325,0.3179117220548079,0.1680532352075317,0.17226367441409363,0.24283643422897305,0.09091536752111415,0.13439564350091757,0.09347636200458877,0.1116828283934764,0.1366741940062479,0.15135812762832304,0.19421693680544302,0.11219366167336925,0.2081446343914956,0.22898656087465283,0.09730594365138841,0.2890829383759026,0.08286716719545663,0.21512639371746614,0.049383645245756336,0.21232876286322336,0.19245889330225702,0.2601914539632901,0.42091116812206686,0.04034798107785658,0.027299331725702626,0.13538315918936197,-0.11701438667341506,0.05377391599099839,0.008674431182319878,0.05250837280807753,0.00438223685791686,-0.08650158818666193,0.02333049263162459
0.16386037421166513,0.12340161249334532,0.2583781603448181,0.2278740326915528,0.19346309452010535,0.1975993956030864,0.2259453170722435,0.2764413510513463,0.25565076217877025,0.24903252058404055,0.25055916418855917,0.22321956165547865,0.19996648366109016,0.21994981433174035,0.19241491338296604,0.28687944061925064,0.295245459286217,0.32882510626757216,0.21804236896283652,0.30555964620675313,0.22050645372740635,1.1935826188036485,0.2168708913904946,0.3623134429401847,0.2540739533353244,0.4692334839621455,0.44932490959702287,0.3958871711620097,0.26855372937697464,0.3239813208384691,0.23995599907512632,0.4695744162161125,0.5648566154278446,0.3312111052848376,0.3338842518105451,0.3086491471266245,0.32644012024102653,0.40251267050818273,0.21085456264820152,0.28306591437252093,0.04492299464637417,0.1106978370624566,0.5547909449162886,0.18236880761742397,0.027325205393233264,0.15001338699259964,0.15273430851733513,0.1881193275195893,0.37873410137025104,0.14145863991540608,-0.02779822053666504,0.1816092767631118,-0.04569282442344074,0.028774425788545055,-0.051850654398427315,0.03460853450655462,-0.11639290488236213,0.116250109828682,0.19139068230081382
0.2497802618362753,0.22146435723199867,0.3073907170842806,0.29953662652658813,0.22106204877333158,0.3322922044122172,0.2222924035922157,0.20250884869921706,0.37533441095000614,0.26830909588708424,0.2870054276110537,0.21217271832788917,0.16873486769681942,0.19332833289459977,0.2398115257826822,0.3751280272200394,0.39379562083264447,0.37038496541084304,0.19263814088634074,0.41503848599312565,0.0485862843641388,0.2168708913904946,2.20459434470448,0.4050859311306209,0.22921555655744322,0.1476717555389592,0.24247737131508734,0.2799696711795666,0.3307870346799191,0.1411497856430419,0.13126460595794084,0.40470339947908535,0.3520870239684984,0.06532958091208259,0.32281847551067433,0.36168704005742064,0.2703192996510912,0.24375768440522666,0.20793729482134563,0.3253411931243572,0.3037635780078275,0.2708725406997544,0.2658245115455295,0.6419840566852075,0.10568356642969133,0.23887695862898564,0.6499558960428775,-0.02323344117586193,0.24578964975482212,0.14763476232823025,0.038584307890191925,-0.4127321428924113,0.17769753298917096,-0.018871588884103636,-0.16357091806209012,0.09440508080110102,-0.04056403221644143,-0.06508977090718106,0.0540503181188059
0.187873397842764,0.13966677183941348,0.2798304645953832,0.2722672918329394,0.23144315313555985,0.20682924057233956,0.25426593884519344,0.2819475497821122,0.474998909989935,0.2114010336083997,0.2865636809228899,0.2623527179045085,0.1474616919398857,0.24986327101764402,0.21283529258101622,0.431764648234258,0.37750019628908227,0.5780582642191775,0.3011003945776278,0.6614763319708767,0.23420741933620035,0.3623134429401847,0.4050859311306209,1.1799733533161583,0.21449038168114698,0.38133292075356207,0.3283041816970837,0.31442573574507166,0.2520411292636068,0.3187557781916909,0.17959376456854323,0.33114970326190135,0.342677808324704,0.18632422439030935,0.34774494729969857,0.2520831171630665,0.3057797796288289,0.26169333883309215,0.26185900278335944,0.3234734624049584,0.2209269927817538,0.2871140646368133,0.12518132689336872,0.3168901253298739,0.05498354004455841,0.23616107491351604,0.32591978837053415,0.3645280574114741,0.3326180676197664,0.08941799700045253,-0.10179300669790937,0.11470979174087907,-0.015778693585354123,0.16543255568568413,0.0842110729328538,0.08310274504445231,-0.19167551102293912,-0.12131690312240316,0.09287470526843827
0.209649820519134,0.1301606185893695,0.22936255956890825,0.2272616194642807,0.26038266807002686,0.22923087178751603,0.25267416879812826,0.3011474993669378,0.26918921453556166,0.3076832258735553,0.24395364827230348,0.2416947832105578,0.19938520305755436,0.2441301576509455,0.3658725947998249,0.1923069711891062,0.20203640080130283,0.5206983553765475,0.22549982211519243,0.29074294465223127,0.4899693389907851,0.2540739533353244,0.22921555655744322,0.21449038168114698,1.0723288079726747,0.2592433063156063,0.3840234857825635,0.37044770224783247,0.3452826760524809,0.1692640834639482,0.07323119683987575,0.2676771467483921,0.2621635801830216,0.163173869412661,0.2154087255869804,0.20247444337677628,0.2484521749787713,0.21949183506937467,0.20065324182662145,0.2460669365126656,0.1894876160620737,0.3156047218568596,0.3214007028711974,0.21521157720078152,0.060745055257682805,0.20189950755014846,0.20366640110250403,0.2143304862153288,0.40882400633731314,0.29056200118044223,-0.07154509719943959,0.12028828706699922,-0.1573428287320414,-0.0174311720088582,-0.03300068960669601,0.08898046506323247,0.017838437213045344,-0.02653050053382466,-0.007608313058917034
0.18742465578012668,0.11303444100737181,0.24713256173808387,0.21222879393608293,0.24364837803180778,0.1962447193552795,0.2849596438267672,0.29208069825467137,0.3107112975987165,0.25765854515101744,0.29939391957116956,0.26899594233207275,0.22656764264546989,0.3640083292191319,0.23189997368692747,0.41976222576910016,0.35047917605503726,0.34470683628396576,0.302293821367782,0.4961850806517452,0.33730775573148325,0.4692334839621455,0.1476717555389592,0.38133292075356207,0.2592433063156063,1.2784920474889467,0.3231866404685528,0.4249881708312969,0.14353857619957971,0.5135547715813868,0.17911384217967208,0.29462635895524486,0.2581492406333073,0.25450676536100936,0.3634174227505956,0.3154216792847237,0.40716460860208603,0.21378417802599461,0.2525866052526735,0.3053262129005378,0.10283975831676401,0.2258005251127962,-0.010943568128696297,0.2134537361682072,0.032396518035494884,0.1888557113287974,0.22385098398574346,0.421797506182428,0.24676570007336543,0.10498180625580882,-0.03522287465201185,0.2805432960658613,-0.04102797768208444,0.08469292294878032,0.01944860672411276,0.10463311130490671,-0.061351670229630346,-0.03207880296645649,-0.06129205035456285
0.2917974644968455,0.11227578792726392,0.23229540708284055,0.2263498402764805,0.22516333115869874,0.2057027080839184,0.23849942992936782,0.25387696635867973,0.23798686579170752,0.23962100966963307,0.21071914408202178,0.2809267481561914,0.15090723822972055,0.1933081511967225,0.20913378864868667,0.27484036100506076,0.2885039213841349,0.34807588621961194,0.22851996506170186,0.359082662780537,0.3179117220548079,0.44932490959702287,0.24247737131508734,0.3283041816970837,0.3840234857825635,0.3231866404685528,1.828870583474563,1.1876297613565125,0.5002798545157893,0.15192393236304094,0.26753125394797217,0.5155896587752112,0.6918090598243525,0.5383144766326463,0.1582485697544391,0.4130159963956479,0.3127910482741678,0.5808767138645784,0.39952527414760164,0.48626592160830334,0.060726766416969134,0.27250951744828195,0.26259719590110875,0.3884294008337142,0.056944476749152276,0.37422005904917977,0.4051701418902773,0.29967855534792676,1.9660746099641084,0.2352221142968292,0.10893674882507189,0.2026923335668419,-0.10473331066763912,0.01985239839623427,-0.058086472342021966,0.06395191602837011,0.013513791289099658,0.0028657817781307777,0.02635592088729701
0.21033996776768407,0.11635046783644039,0.24815331741270857,0.22150558128525077,0.20386228301518508,0.2025271041018006,0.18319653122940532,0.27583275238341975,0.19803431069580255,0.21923778669509578,0.2409806041812421,0.3254718203989539,0.16162343238336593,0.2376953557439402,0.23908269669028248,0.40990114003885153,0.23875827742236985,0.33584481320727,0.3303234030596045,0.3842203966707357,0.1680532352075317,0.3958871711620097,0.2799696711795666,0.31442573574507166,0.37044770224783247,0.4249881708312969,1.1876297613565125,3.3299686209051416,0.40659957793043766,0.3150347278061596,0.5985530354308287,0.6590863458194272,0.5792150556619897,0.3906541845358777,0.5033547498796286,0.6751792926057439,0.381318704189635,0.4497529489469717,0.5011623705354215,0.4386077119598822,-0.1179812446076887,0.3738909801856885,0.37683960129333677,0.1696632600563902,0.07001867186789548,0.37982385906800037,0.17909973372871227,0.32313019729056935,-0.6895150586710916,-0.09740269327559467,0.19416542832939077,0.21109723793958665,-0.06649398160337938,0.07112940945940914,-0.04111725526829363,0.042754833756236364,-0.15372583629626804,-0.033543135061390214,-0.03751729968950037
0.3378961465064344,0.12625895476585255,0.45178250412468385,0.2459892618166245,0.1863575941041075,0.31041209353263954,0.2429758614923177,0.240262016966115,0.2430456149677798,0.2722349331703408,0.2503049503053323,0.24773935005057718,0.12114044442439202,0.14586536417944207,0.18783689979907428,0.30140009754767116,0.24230608706901252,0.2926529880662483,0.25692294407963334,0.2636228260776859,0.17226367441409363,0.26855372937697464,0.3307870346799191,0.2520411292636068,0.3452826760524809,0.14353857619957971,0.5002798545157893,0.40659957793043766,2.118737710328341,-0.17793438442841047,0.34969158629864106,0.5560471582052966,0.4939503861870723,0.14565574831818076,0.32013016753799856,0.3646495279423007,0.09919140981710567,0.35740858696455574,0.2520740395371047,0.1861562473507858,0.19135948590702873,0.29193871963060697,0.9198385334996176,0.288451385800085,0.1200458374479552,0.21587141722769382,0.5271138893063569,0.3613477133966792,0.6510927742060222,0.2003828600084276,-0.06492171830218914,-0.16025207631407898,0.051011732676627494,0.0027808814161399743,-0.1773066724244182,0.2156239299203457,-0.18248370057318833,0.12621237187671067,-0.23928875766389157
0.13847015042470193,0.09896319791538531,0.11710745801669514,0.13006256097377314,0.16993915347646102,0.12806603846788714,0.21400458437512754,0.17856587650670733,0.21179470165506423,0.13441364598901015,0.1433887946515861,0.1513006035776742,0.10378850761166938,0.25221640656568184,0.14341526910094438,0.1623909035389891,0.17708510929857085,0.2553459674343917,0.09314670691363497,0.3203417685237816,0.24283643422897305,0.3239813208384691,0.1411497856430419,0.3187557781916909,0.1692640834639482,0.5135547715813868,0.15192393236304094,0.3150347278061596,-0.17793438442841047,1.7178133096668893,0.40598037726512776,0.18240224067796512,0.283716298758756,0.14966988431427286,0.39410966831638516,0.41076621544192693,0.3844234580885615,0.1327022368985934,0.30969013371993154,0.3073573040196581,-0.042435742185425035,0.12086051533753099,-0.27122853037614186,0.0875907047592898,0.01975357535437973,0.11738586143187153,0.06271523078854623,0.41608993045139453,-0.032505014336205736,0.0644392376216798,0.009471082835828764,0.41816441188026554,-0.2238523710433308,0.09564916388295856,0.030166753035567755,0.07528964937238714,-0.11311453672542342,-0.03780297353914867,-0.058366011565408306
0.14073014350880148,-0.002518532937328508,0.1786704445948865,0.16472895372558136,0.15557711187848705,0.13735709044605732,0.15519675636924693,0.20356265055866948,0.1338183187905494,0.14439493772684311,0.1461954520796185,0.21426592835086564,0.15305353331635776,0.13857785543218248,0.06842064830705114,0.20963812373118584,0.20174705794513037,0.14967353107350023,0.22074410784132623,0.20575617656907025,0.09091536752111415,0.23995599907512632,0.13126460595794084,0.17959376456854323,0.07323119683987575,0.17911384217967208,0.26753125394797217,0.5985530354308287,0.34969158629864106,0.40598037726512776,2.118059911340801,0.40394692505174856,0.24104179923389363,0.36559196369448677,0.2881865674644673,0.38640076279972246,0.30850155449770117,0.332037426618268,0.4957459924819284,0.09763014426915684,0.09436876353196928,0.5295382310235726,0.08866746714296027,0.004925710815264902,0.23687250918398597,0.044249254296567474,0.038059359332856244,0.28291211568883384,-0.15877086489029463,-0.023857570506713624,-0.05810343658213702,0.2500987527617339,-0.041877770552572524,0.28585811704734976,0.08588850832445503,0.02524714082588452,-0.054756655856908636,-0.13136167882731317,0.09550596756790343
0.2877674555284129,0.1026747438164666,0.3246558693767244,0.36169503063923114,0.17808850132361312,0.2234018172854963,0.2397474798688487,0.2714956483805644,0.31884977566415146,0.24020629217213302,0.23928296404685342,0.2725275816271207,0.17473995186294747,0.19138210342833917,0.20767263913091297,0.2203616218424352,0.33658554133006835,0.348572730948492,0.302458882747318,0.2567511456815594,0.13439564350091757,0.4695744162161125,0.40470339947908535,0.33114970326190135,0.2676771467483921,0.29462635895524486,0.5155896587752112,0.6590863458194272,0.5560471582052966,0.18240224067796512,0.40394692505174856,2.013415668605921,0.7567255221881022,0.1392532330471,0.4622120663866111,0.6600301074007078,0.4234003930467294,0.2748282327662596,0.32945811480113024,0.1589617507210207,-0.2196320560356163,0.20495800652501292,0.6481946270716332,0.16219357800869735,0.03985023161248424,0.03730418258988166,0.19016740667297927,0.2725615655783776,0.2823295003039923,0.24036505543788197,0.13648671593395256,-0.21204998197286692,0.0414162582729067,-0.035081044210552574,-0.1043762203308726,0.15769266238528096,-0.0511018037250782,0.03751866223149258,-0.0918763842771552
0.25787174747127006,0.108518265339172,0.2754411939802203,0.2514599980307477,0.17996667183723367,0.2160544036170879,0.22032203766741523,0.2734827583480907,0.2938252343219114,0.23963896434431275,0.22646372629220138,0.26284382988859856,0.1554030290313402,0.17372254459191416,0.19998470281633246,0.22249240568745227,0.2499687672677603,0.3163958711081712,0.27697919280814903,0.24237120525965672,0.09347636200458877,0.5648566154278446,0.3520870239684984,0.342677808324704,0.2621635801830216,0.2581492406333073,0.6918090598243525,0.5792150556619897,0.4939503861870723,0.283716298758756,0.24104179923389363,0.7567255221881022,2.3461441232000753,0.4534799487113774,0.5688385704354225,0.4738758356359269,0.44760902262301383,0.8227263648391133,0.30118873918323735,0.3352709699064314,-0.025455819025771036,0.21906260574826017,0.7990774200268703,0.4548853793715734,0.0640554546735262,0.20701742959538674,0.5410360017257326,0.26957640180914205,0.8164718079555592,0.13619608387188176,0.18366352238559888,-0.18863201261281043,0.08932994815082018,0.046119255409023834,-0.11232833375146781,0.028754615282422284,0.0781363191925206,-0.0778150331063791,0.23521067958672517
0.12510633418645536,0.12820233331423056,0.14643315624412886,0.1491169983757523,0.1561345039845687,0.10481417821068884,0.12098199587373562,0.143008240659116,0.13453846317394125,0.16683344217759946,0.1152625928597741,0.16745773526587496,0.10176768071470982,0.09436457653341267,0.11208936966206139,0.11766920402101483,0.20989725226076678,0.16009109961374862,0.1812071641001865,0.30875221936366143,0.1116828283934764,0.3312111052848376,0.06532958091208259,0.18632422439030935,0.163173869412661,0.25450676536100936,0.5383144766326463,0.3906541845358777,0.14565574831818076,0.14966988431427286,0.36559196369448677,0.1392532330471,0.4534799487113774,2.3856274526550334,0.15810844471614044,0.7113386615727637,0.48952651433033534,1.0530874795831264,0.3685696744844942,0.6766141140075593,0.3820624824478153,-0.01185639039349487,0.18338150029284225,0.47349533850542425,0.09128334373750253,0.17895717562365596,0.3829751596748383,-0.1480098206371306,0.5765625289083516,0.13349052661484823,0.07694654003315418,0.12784280408304716,0.0912446619477184,0.007648785469664105,0.12709670335011575,0.006026927842121466,0.04806114683919845,0.07183116804253478,-0.0921977037830852
