0.9425273826029452,0.16787409024887534,0.1929009758120677,0.1365385997319926,0.1337776892839196,0.20858005854395253,0.16164336822905667,0.16483615230561252,0.13385271094799353,0.17000450268870498,0.15714500985816354,0.17303743597665025,0.18878216481784893,0.13207436261950992,0.08284165909291978,0.09353435927169859,0.24631516378649834,0.1884639626383816,0.1241915227827479,0.1594606477687175,0.15821848097525912,0.10847327956029838,0.1765681142210724,0.13376591982719674,0.170529592824196,0.14288079794075775,0.23580832761206227,0.15260042593749207,0.2862763392613975,0.10020829309628675,0.11314394815943217,0.2388415645800441,0.1904290552198737,0.10367645879336987,0.15870392955802254,0.16367422590157404,0.1585726229559424,0.1559930274055251,0.16771482004975677,0.1119876524320452,0.07310743974212579,0.18674438425732787,0.22935120743892945,0.16724130251282454,0.07057446290754132,0.108974774764346,0.17880855833922366,0.16673268867750934,0.3255665108020352,-0.2611585602945976,-0.048687073190296325,-0.14229994432122448,0.08623625723349829,-0.0990192665178046,-0.2616830452744502,0.19247036755661218,0.015192851361537564,-0.009821937514716944,-0.08095589330692314
0.16787409024887534,0.8192734813425905,0.08991024906170002,0.08522275980703474,0.10474921823842293,0.12794716800126266,0.024473051324016514,0.06256497904975919,0.05192735318461502,0.13749175405051636,0.030478930936924005,0.07746046636268611,0.04083352210431821,0.05841894161985567,0.012049951814354257,0.05407446153286582,0.09477128433102044,0.04729768627856254,0.07290868217313011,0.09740357212750839,0.08040937618896304,0.07344891561095349,0.13212373433693242,0.06792101666553349,0.07998274915361084,0.04822649065486978,0.06847618783696006,0.04375815749650311,0.058168123813541556,0.05880630495969265,-0.03421552535183912,0.059839233344656594,0.05029188808384979,0.10710279515211825,0.06315031732474292,0.094057130940558,0.055081749079163723,0.09437558961235223,0.02027067641920485,0.13633293656892445,0.04920938980573201,-0.1547722281193772,0.09273469709158037,0.10462061751301702,0.002059147138412449,0.007102590860011139,0.10923557418738974,0.005930700843952145,0.11947742044933725,-0.05370585044105808,-0.04266640537112025,-0.04447954973237326,-0.0544640232460665,-0.017995389420118885,-0.12563205464807625,-0.08921834226940947,-0.02026624525354378,-0.06766208056285654,0.07483599980258669
0.1929009758120677,0.08991024906170002,0.7840008746369892,0.265876536584981,0.15487226199945556,0.2695151774054758,0.2423110422015904,0.25199538059939647,0.27707854392059145,0.29010329245084265,0.2617803883669404,0.26617007763007916,0.13542837953861395,0.24668089380657993,0.199954556870264,0.24036417330670404,0.3412277405266835,0.24520511201061548,0.2782617754291049,0.24725011029103705,0.17018181739641502,0.2516218124504761,0.2798405416297093,0.26897221176185854,0.21575172609648924,0.24174414272183145,0.22328185694565394,0.22281937190150355,0.4256826629359447,0.10957040627936607,0.17193230610232477,0.2992383607249972,0.25125392810925284,0.1513950293845753,0.22008948399475783,0.20896289537222865,0.20535667410766165,0.2129602645402114,0.16887714248872104,0.19527999673260604,0.16172650809306147,0.15915757952183046,0.3267655488737281,0.20687260621782383,0.05965959391663022,0.13563141837531836,0.23169952397194996,0.1838635944703371,0.23676524126377613,0.12896548235789893,-0.05229665218311346,-0.0001335897343999437,-0.052502161013799536,0.01306654142739964,-0.20425823777688248,0.14546341647396516,-0.14467425195134578,0.0190876571505348,-0.01565515197689417
0.1365385997319926,0.08522275980703474,0.265876536584981,0.6012468750307322,0.18015658563792966,0.18887193742370031,0.2264736752316069,0.27606858010454294,0.3121054028188413,0.20893491547683188,0.24639396948779393,0.2267653211925035,0.20770420985881938,0.1838230016148433,0.17864983335250004,0.20974980877535127,0.2339046386880066,0.2420510268960722,0.18230976535143686,0.22497393236777702,0.14967217666694177,0.22044641584422797,0.2773432031115985,0.2563520131796302,0.21432984297506955,0.20139804973968167,0.20628230511371384,0.20102182461304627,0.23580341129222135,0.12270934814949042,0.15176879381487957,0.338467318445326,0.22961545702003494,0.14746407580421197,0.2156963920757512,0.21467270064668012,0.23489094336113064,0.19960539400879437,0.15316420148809343,0.19164160971194916,0.3046116969505408,0.17426140532948475,0.21573592735534824,0.19122417815643597,0.06257964407754946,0.10776446295273412,0.20648695526146527,0.16033273741158552,0.21856056884957026,-0.2066986794489235,0.054845707045743944,-0.0020926832884066663,-0.03861346805666824,0.01875462402736978,-0.04660213443115803,0.011444228355382917,-0.14837170719893697,-0.0492921286347545,0.0404383989713113
0.1337776892839196,0.10474921823842293,0.15487226199945556,0.18015658563792966,0.354501152464015,0.1968475422574564,0.21540918354170455,0.17994829558662964,0.18657971205035018,0.22844789880643657,0.186566766061504,0.2087705313365093,0.14661375379705377,0.19061642286575994,0.15073948762158987,0.1870729553352132,0.21729428588444802,0.20904716814544075,0.17411852362916852,0.21089039761934755,0.1537155606085103,0.1571719989016017,0.181992049673767,0.18835434150618832,0.21723767103083672,0.20206724072376261,0.18104815278990882,0.14951594201820262,0.15846711173422132,0.1435072044370074,0.13062846290331284,0.1495871691796431,0.14044420326950582,0.12108094889427043,0.14492639090291035,0.14924166855926363,0.16737696439568076,0.1510444287966729,0.15950684940029736,0.16408480024236544,0.15358514095349637,0.14784292008523986,0.1509777836475601,0.18987416688490863,0.05577748405938322,0.11935196847901723,0.19008495428068106,0.15746065297595987,0.20858674800068575,0.01855580637251264,-0.04613340320192907,0.07433899152067198,0.0024886829007232823,0.016935466108553867,0.06707552946304995,0.03665497719825338,-0.04190498808124898,-0.032038765034230886,-0.0006936603984007261
0.20858005854395253,0.12794716800126266,0.2695151774054758,0.18887193742370031,0.1968475422574564,0.663183645274839,0.22462726181450668,0.23923701096136962,0.24541536083936752,0.25800081566151367,0.24332983322552926,0.19921155771093785,0.13758027044795978,0.1718318272981505,0.1504518277750108,0.18761597328161256,0.2752083925844303,0.19724269369192607,0.1685297077290832,0.1697145920858321,0.13869090658903438,0.16761853129240897,0.29864800950318526,0.1931519038607231,0.20919054400020415,0.17409327464308863,0.1904969405297907,0.16701502533139181,0.28654949245543876,0.11592285402992906,0.14092139130465647,0.19226103782049406,0.1883092596635731,0.10557113288855298,0.15853947273102223,0.172476654095698,0.16892041092405663,0.16030448395338345,0.13052815201885393,0.19807906846398507,0.14086463441576866,0.09586134424112036,0.3096824469790731,0.22548502714106147,0.06360560909452237,0.12065012940664627,0.22447847953849312,0.15008089749536355,0.2426471912895464,0.08880399647941367,-0.015536330014321613,0.049343301877569,-0.048083479446754195,0.06673913632331063,-0.25102199586983076,0.07464909862894657,-0.02322899921237469,0.0068723167340318594,-0.05113666407136728
0.16164336822905667,0.024473051324016514,0.2423110422015904,0.2264736752316069,0.21540918354170455,0.22462726181450668,0.5470835395204939,0.31149706017612133,0.29710374533915207,0.2146316455496754,0.2765338137192765,0.254436637747082,0.1937833223453298,0.33281693545294305,0.20752298406902342,0.20663563012069816,0.25862661827952493,0.23523630113639035,0.17300803219111005,0.19781362005957562,0.19253778566122948,0.18621276861609937,0.19649698739836124,0.2226786295681102,0.22250623430046293,0.2505386093266951,0.1974118014723519,0.13539013478842463,0.21905357070406864,0.18638230671204095,0.1315970278877417,0.21025698743730226,0.1844423633610953,0.10327620787197607,0.17582524608292388,0.1690605184666105,0.20774921725063733,0.16582280108258637,0.154545860718066,0.1867085952234203,0.1546445875726393,0.16624592988774264,0.19823122379470132,0.1825568454770374,0.06417589350757685,0.11797264784676606,0.18797591588722679,0.1869535815917036,0.3224287594573571,-0.10418288755037626,0.017108206552352536,0.15000773788643254,-0.07984134532339411,0.028787845321900506,-0.08690467159334422,0.0375538550438803,-0.04780891929970209,-0.0085119237291569,-0.014634691613386923
0.16483615230561252,0.06256497904975919,0.25199538059939647,0.27606858010454294,0.17994829558662964,0.23923701096136962,0.31149706017612133,0.5503570643600074,0.3331613479978064,0.24009295557492305,0.31541234487997055,0.3022580952697521,0.19670649627591433,0.25760590751851326,0.21463493369116637,0.22742480296407952,0.2512930318553798,0.2559742265488217,0.2311388931171753,0.2052321321208913,0.2009011374784761,0.23595022622529727,0.16711244026591338,0.2476278317185332,0.2636569212888762,0.25628502585050944,0.22089312012450746,0.20995200842820227,0.23442655506660273,0.16120911762588172,0.18745053696728536,0.24659052680095112,0.2376399950201603,0.14125497366887338,0.21109340073133742,0.20469907994002348,0.22814449710228654,0.20734234732152715,0.17410707419566834,0.20482526090069633,0.20934588843038637,0.18392332842055648,0.23040036584677742,0.18337629024758853,0.0698096324929785,0.12182960267663463,0.18913824671587884,0.19842919625542532,0.2510212706913334,-0.12246665505011928,-0.06090729222021306,0.11612900506354587,-0.04914889493898878,0.041898735122905074,-0.23680885490042314,0.03256695819913941,-0.02527777693061343,-0.03864175999060091,0.026371470480138264
0.13385271094799353,0.05192735318461502,0.27707854392059145,0.3121054028188413,0.18657971205035018,0.24541536083936752,0.29710374533915207,0.3331613479978064,0.7788112627630253,0.18006023494228587,0.3316873455743733,0.28261474557524746,0.17517706454037507,0.25013685808543346,0.19628903784342638,0.2658981541609893,0.26333280490383953,0.30531130914824467,0.20165036762707747,0.233058430991126,0.22398319228150396,0.22017710585660272,0.31772432711405,0.4189456199928317,0.23317521932505827,0.2751706267075427,0.1923740390723668,0.13375619951637777,0.23303711082674664,0.19342896856314098,0.11261445267884165,0.28539385890884184,0.2499685376240746,0.12057565305355468,0.22892680024236944,0.21421274134447932,0.2388541866137818,0.20551203153678482,0.16795022316057254,0.21256193523754566,0.19598383981023607,0.16622993940269495,0.23491578169498714,0.22681901972847943,0.06809871066027329,0.1215867830761151,0.2314483798649454,0.1999815483363209,0.27368332952371344,-0.09794583217480698,-0.0022443339747404457,0.09913417968626403,-0.046247356354447676,-0.008778934975881648,-0.2188763850066205,0.028046254096980704,-0.03028199726974998,-0.04398804040446599,-0.007294278538334833
0.17000450268870498,0.13749175405051636,0.29010329245084265,0.20893491547683188,0.22844789880643657,0.25800081566151367,0.2146316455496754,0.24009295557492305,0.18006023494228587,0.7536158300542333,0.2665236174749174,0.2500876800368853,0.23787802241470526,0.23218486921598297,0.2354077754563437,0.2842526505781211,0.29983036107387045,0.26084733427698625,0.23082493289098252,0.2470093563029668,0.17883444786641084,0.24589277939661397,0.27113264497526124,0.21934593038965045,0.27574909839318873,0.26176150917008567,0.21274610828560628,0.19614560652371227,0.2527274033736695,0.13056119270117025,0.12495000930609236,0.22279240062945907,0.22543104344791814,0.14385492579498646,0.18010392161568056,0.15146441389392848,0.19457161369369066,0.1804599232541166,0.15812399083324738,0.17041704776892835,0.15911482296421894,0.1639805597191863,0.2771143807507117,0.20345054998635445,0.05410884641874413,0.13358471943908404,0.21234793840244962,0.16063491199386765,0.24215483467955348,0.37533418267976265,-0.057960958836021766,0.03205141909679909,0.0166254477879352,-0.05862538404748077,0.12957934500654344,0.07688755385687072,-0.12238865154222059,-0.05153300460171163,0.15784193797438964
0.15714500985816354,0.030478930936924005,0.2617803883669404,0.24639396948779393,0.186566766061504,0.24332983322552926,0.2765338137192765,0.31541234487997055,0.3316873455743733,0.2665236174749174,0.705779081346492,0.30827521203813163,0.2075618617649297,0.2706810971051041,0.21027000728330392,0.37309046844906263,0.2537517738803948,0.2587958901222927,0.23552728368287174,0.2872201000918602,0.2082453598787353,0.24975045883664326,0.2683074969421769,0.28185101767355236,0.23525106932110662,0.3125904943485084,0.2020699121583615,0.21451500053646183,0.26340442137509595,0.15063070037439838,0.13111738087179473,0.24177159897068723,0.206940975045886,0.12156816378463016,0.2144166032947186,0.18347318006925287,0.21647854341681552,0.18276628385075513,0.15713908532880855,0.19323100157374995,0.18623645473305564,0.1779646292382002,0.23944091896570457,0.1995615316559378,0.0664039518899284,0.1278005592156433,0.20667050208461527,0.18840529679887857,0.2145313219869857,-0.00785177424885964,-0.016376926945644372,0.07363716117462206,0.03892758781268972,-0.0336156772904272,-0.2156340888829823,0.0974579075707305,-0.046838366879919456,0.02431286206578511,0.027284682114405465
0.17303743597665025,0.07746046636268611,0.26617007763007916,0.2267653211925035,0.2087705313365093,0.19921155771093785,0.254436637747082,0.3022580952697521,0.28261474557524746,0.2500876800368853,0.30827521203813163,0.6514184097049249,0.2093457594770623,0.2212727641629004,0.21275369833682725,0.2931853977105381,0.288269921387803,0.23547517487394365,0.4483787680998078,0.2944561598982151,0.1620784201527349,0.22894797048931817,0.18734738555403913,0.26054025827651345,0.23111855799893244,0.2857611883189469,0.26060927374348003,0.2891375147317884,0.24210645197291816,0.16165064811287452,0.19801950042305747,0.25767008812702097,0.24056110062969924,0.16383152075320268,0.20049923872313286,0.1955633780246636,0.22336194573009405,0.19764012406277495,0.18682779492570134,0.19065613677664472,0.1999254557401511,0.20312582029467993,0.2070341830513782,0.21235649209482496,0.07532135180150097,0.14543737555838668,0.22428301974441645,0.20185092193168447,0.21763099402715502,-0.03674147043245465,0.023426019501714333,0.041904964535250395,-0.020316825043802045,0.00603037141210707,-0.20251316984643097,-0.006608550997836074,-0.003526955234568837,-0.04492922286231945,-0.0012477059875702738
0.18878216481784893,0.04083352210431821,0.13542837953861395,0.20770420985881938,0.14661375379705377,0.13758027044795978,0.1937833223453298,0.19670649627591433,0.17517706454037507,0.23787802241470526,0.2075618617649297,0.2093457594770623,0.6685436318901263,0.19485152831206407,0.1926604074254177,0.19108660540271225,0.20623331420254534,0.20535714910757338,0.10888401020332382,0.208250164904528,0.10798470378384727,0.2281906158686061,0.18190640676887432,0.172771572487651,0.20074013457892478,0.26523869890923657,0.1672971355263175,0.19382584200232736,0.12108555695653751,0.13068938828024354,0.1445952289641089,0.19466891072545703,0.16242923592204653,0.11050679954308508,0.18105299381608725,0.13779397460888143,0.18373700285115294,0.16491818486788315,0.14170370922689698,0.13109775050317474,0.17483407093044545,0.18215260422126242,0.166585401836127,0.1118252202981147,0.05617620128339104,0.08668891295643416,0.11257452871428153,0.1420744328502662,0.1466695278433006,-0.11171544218681904,-0.22430680457520766,0.03397913140997071,0.07519495237251643,-0.06946020457645816,0.09553577564288329,0.032690677221756004,-0.06454089630988137,-0.044383581826056964,0.08521818267703557
0.13207436261950992,0.05841894161985567,0.24668089380657993,0.1838230016148433,0.19061642286575994,0.1718318272981505,0.33281693545294305,0.25760590751851326,0.25013685808543346,0.23218486921598297,0.2706810971051041,0.2212727641629004,0.19485152831206407,0.607727102636272,0.28233825305280913,0.26006805251588244,0.26596401325952634,0.2798492828153881,0.21772547687511332,0.2677200590048828,0.30348667036120835,0.23814493633273298,0.18733852221243763,0.2544723793304814,0.23595421001660066,0.3712825368111996,0.1868941657479157,0.21938406781752104,0.14115432332217293,0.2511510801544803,0.12328118367336913,0.18347508970807422,0.16402931806571258,0.0969760510836764,0.2092331731783661,0.17095753126888458,0.23139093411472822,0.15151247810716761,0.16386900926655565,0.20534472408125135,0.11973862659948287,0.18157562462188084,0.1374161968735767,0.18380561524665745,0.04919556844987735,0.1420725122643871,0.18109879545836935,0.22244439779344213,0.21490294034846621,0.0922971848231733,0.0005214815830113179,0.16859611126456883,-0.097456861453823,0.037173551657655735,-0.002047070431671794,0.05604394044086633,-0.08892174629829133,-0.015215404945813553,0.026729875163948962
0.08284165909291978,0.012049951814354257,0.199954556870264,0.17864983335250004,0.15073948762158987,0.1504518277750108,0.20752298406902342,0.21463493369116637,0.19628903784342638,0.2354077754563437,0.21027000728330392,0.21275369833682725,0.1926604074254177,0.28233825305280913,0.8274773358694674,0.23700556467726885,0.17419535706913727,0.29679841824881925,0.22999227262754843,0.2722423345627066,0.10850542999126646,0.19744388482493197,0.2100599450907619,0.20548987725207288,0.3411942256860338,0.2458345831996935,0.18767579695901251,0.21707720539823094,0.18453617503176667,0.14764183526241995,0.061171284991457915,0.19429974624896498,0.18153337146781642,0.11176782496232819,0.1962656919038805,0.14049255949484588,0.1926056062633019,0.17493925128874352,0.1354450469426945,0.20006231773589536,0.13007838476186834,0.1668804965217132,0.19002844614470418,0.17001205493422045,0.06276145080619495,0.10317925054341952,0.16640537890219959,0.16393557177862875,0.18182807823417066,-0.07529763438609216,0.04373280400688432,0.12469993374908778,-0.042345264069721174,-0.032671832712010164,0.031085579102229772,0.12157420841343897,-0.021765893286725627,0.01670677427821137,-0.059524031423659265
0.09353435927169859,0.05407446153286582,0.24036417330670404,0.20974980877535127,0.1870729553352132,0.18761597328161256,0.20663563012069816,0.22742480296407952,0.2658981541609893,0.2842526505781211,0.37309046844906263,0.2931853977105381,0.19108660540271225,0.26006805251588244,0.23700556467726885,0.8732634840142045,0.26553521053611023,0.3265516439432778,0.3769105888092897,0.5901036647053469,0.19696877668951251,0.3600441579256724,0.35247101390765595,0.44910860264612357,0.21158095058439635,0.4631316168685565,0.29430837953023115,0.40348092412487785,0.3103267247655207,0.19988242937343467,0.2025485316149054,0.23842235212184587,0.22817971073318608,0.14646763041124372,0.26056967026692074,0.20654827890125593,0.2792147753617092,0.20670289542802264,0.20392026676981373,0.23212956462571693,0.21708887871113225,0.24358840532538342,0.20870233188853868,0.22462907870935242,0.06426803434356745,0.19847608052331012,0.2466956150922556,0.2490563731538414,0.13455079701228082,0.03165857125173847,-0.08230701393904055,0.1511981198659454,0.11273291447698287,0.038842668650184674,-0.055041363411344676,0.08014709027619261,-0.12067666307238037,-0.047370024640254735,-0.026764628992311905
0.24631516378649834,0.09477128433102044,0.3412277405266835,0.2339046386880066,0.21729428588444802,0.2752083925844303,0.25862661827952493,0.2512930318553798,0.26333280490383953,0.29983036107387045,0.2537517738803948,0.288269921387803,0.20623331420254534,0.26596401325952634,0.17419535706913727,0.26553521053611023,1.1160595868470746,0.4063545631439159,0.3671872586581047,0.33718065923116985,0.12164612778097678,0.3157975367309519,0.3604773009186021,0.3699497097284119,0.20445816145113108,0.36391925197981817,0.2934519358542513,0.2376673555735348,0.2619275214704789,0.17936754081511944,0.20914264045246517,0.33613721252063833,0.251012154401656,0.22314536574396468,0.2683253346955628,0.22255008572466356,0.2535281921622486,0.2296335740872588,0.21603536540721047,0.2091660042415817,0.16488130043125976,0.21070958047348864,0.22111806862103897,0.22430185379237827,0.06095156496035598,0.17682844751423338,0.24271348374216872,0.20999191821869306,0.28723953102475325,0.024806228254661437,-0.12378380541262955,0.0021974394575756664,0.09921276604974928,0.0641435118924614,-0.1675655654884361,0.26408008635013575,-0.045173043937391445,0.007527496138660032,0.12692763088876696
0.1884639626383816,0.04729768627856254,0.24520511201061548,0.2420510268960722,0.20904716814544075,0.19724269369192607,0.23523630113639035,0.2559742265488217,0.30531130914824467,0.26084733427698625,0.2587958901222927,0.23547517487394365,0.20535714910757338,0.2798492828153881,0.29679841824881925,0.3265516439432778,0.4063545631439159,1.01589547284172,0.30787394328249695,0.46697594892629113,0.34927767645408747,0.39750055173371013,0.3343719208003942,0.5799072668948907,0.500423995708333,0.3698270696851054,0.34509581037904985,0.31681625362516946,0.3002518091681611,0.28130959504188624,0.1525651109419701,0.34243328308361365,0.3190987373484722,0.17872798094960524,0.2849840287631173,0.23533178816023434,0.29155687164420085,0.25085046406234124,0.21573430903818291,0.30011763876469116,0.19924020743599202,0.28462708662498803,0.2195102336818839,0.3153661049819821,0.07007280268516722,0.2404666435460442,0.32762616936425754,0.29645986195766877,0.3296320898682204,-0.015331547441400202,-0.00221090117271751,0.23348312427747447,-0.03535795789017601,0.06818453629648265,0.029006337145077467,0.07822401232469593,-0.09826458245908735,-0.08111538436966376,0.09201895083182196
0.1241915227827479,0.07290868217313011,0.2782617754291049,0.18230976535143686,0.17411852362916852,0.1685297077290832,0.17300803219111005,0.2311388931171753,0.20165036762707747,0.23082493289098252,0.23552728368287174,0.4483787680998078,0.10888401020332382,0.21772547687511332,0.22999227262754843,0.3769105888092897,0.3671872586581047,0.30787394328249695,0.9439775861094929,0.4540827904237852,0.16164231905211773,0.2945373501590797,0.19373380930995526,0.3483985108809519,0.2288012641250493,0.35517779474505834,0.24857769892217,0.32601635179638727,0.24789115948013707,0.1318322306295108,0.21717316443207368,0.29350496998224457,0.27189037451848524,0.19945752099537323,0.24988084684163814,0.1859410173752646,0.23445816652176202,0.18936951503107083,0.18337102009900516,0.19612425678693365,0.15381226031795503,0.1992035631069477,0.19581768508284952,0.2305049304723811,0.06501462430012943,0.18958471454733464,0.25573019840238365,0.2256686939210568,0.079322370251959,0.23517477468350415,-0.034243959436515446,0.0666405561003908,0.16712644285570866,0.062278454143575,-0.07801204138731169,0.053417262894459486,-0.02799897961653832,-0.03352191585315196,-0.023270079483901758
0.1594606477687175,0.09740357212750839,0.24725011029103705,0.22497393236777702,0.21089039761934755,0.1697145920858321,0.19781362005957562,0.2052321321208913,0.233058430991126,0.2470093563029668,0.2872201000918602,0.2944561598982151,0.208250164904528,0.2677200590048828,0.2722423345627066,0.5901036647053469,0.33718065923116985,0.46697594892629113,0.4540827904237852,1.2376182837563223,0.2720967042567642,0.41088234131927454,0.3762986717851051,0.6716611041866208,0.2970319254320202,0.5431029789937151,0.36669620450074314,0.35875349381503263,0.27711221440481426,0.3511126905440265,0.199667390332764,0.2816736048339558,0.25725032168297396,0.32662482304843604,0.3863243516844825,0.2843129419013013,0.364863926575158,0.299782339303507,0.2626193855390536,0.3644147617596692,0.284277070564313,0.27126613606569727,0.03543167480470207,0.36848688083155945,0.07892553102246354,0.2889088948068394,0.39390451038028784,0.34922280975989106,0.27673161940818525,0.18229088551132736,-0.13488786987976623,0.15774505738793707,0.10375529238512515,-0.038263797122858836,0.027866275856968284,0.10934648755724397,-0.19861374753037386,-0.08146754551182603,0.008629013544365896
0.15821848097525912,0.08040937618896304,0.17018181739641502,0.14967217666694177,0.1537155606085103,0.13869090658903438,0.19253778566122948,0.2009011374784761,0.22398319228150396,0.17883444786641084,0.2082453598787353,0.1620784201527349,0.10798470378384727,0.30348667036120835,0.10850542999126646,0.19696877668951251,0.12164612778097678,0.34927767645408747,0.16164231905211773,0.2720967042567642,1.2512807452293842,0.3046419827770461,0.07324513945109455,0.2760366629914481,0.4797563436738221,0.36129170747095274,0.32679166562026496,0.17531227018756051,0.18485425861877267,0.27232994149582745,0.09532822905295196,0.14584825378420932,0.11241366635006915,0.12687392583830145,0.14361611622908518,0.17177137041478066,0.2063744753352245,0.1277930498730034,0.21238506592210715,0.2527726384309332,0.09510838177335056,0.27725631266335354,0.07280062829744467,0.23723584245538692,0.0503273046337324,0.22572764044669924,0.22175240697708815,0.26987442577560683,0.36820281417455475,-0.004872477742104448,0.054157078512345566,0.17092066021588312,-0.11984906633618216,0.06389302551793792,-0.0010493970025758285,0.03674264658064132,-0.02390153522449369,-0.08126179547335577,0.06013515986490687
0.10847327956029838,0.07344891561095349,0.2516218124504761,0.22044641584422797,0.1571719989016017,0.16761853129240897,0.18621276861609937,0.23595022622529727,0.22017710585660272,0.24589277939661397,0.24975045883664326,0.22894797048931817,0.2281906158686061,0.23814493633273298,0.19744388482493197,0.3600441579256724,0.3157975367309519,0.39750055173371013,0.2945373501590797,0.41088234131927454,0.3046419827770461,1.284753769824655,0.26983853313061645,0.44524028977661056,0.2901270118349178,0.5484039563795267,0.5000158869285737,0.4390607827184183,0.30668682603254294,0.3994489616889602,0.2585190532211222,0.5237314816925295,0.6036170302526979,0.3697713147405919,0.3874137638619895,0.32432383371946755,0.3556915390878854,0.41961520623513987,0.23918859538913037,0.32771135993345424,0.04291329131396954,0.13193445209696894,0.5719231137823334,0.21521403330935857,0.030541893737696484,0.19576179681714964,0.18750042643067358,0.22131424497449667,0.32917152877402195,0.14315415069843315,0.0021564588488818094,0.21416240149865326,-0.011730199363837073,0.00817851621191149,-0.018707776495482362,-0.03975379084692077,-0.20145188343611845,0.10152544592690867,0.18781406551549396
0.1765681142210724,0.13212373433693242,0.2798405416297093,0.2773432031115985,0.181992049673767,0.29864800950318526,0.19649698739836124,0.16711244026591338,0.31772432711405,0.27113264497526124,0.2683074969421769,0.18734738555403913,0.18190640676887432,0.18733852221243763,0.2100599450907619,0.35247101390765595,0.3604773009186021,0.3343719208003942,0.19373380930995526,0.3762986717851051,0.07324513945109455,0.26983853313061645,2.017652276047953,0.37125722324910615,0.22101810004587302,0.16099440140926974,0.21632085368039133,0.2179528727804022,0.33280835463247516,0.1605969671147716,0.11985704662112685,0.3705313687558215,0.31764504933327886,0.08538284442689839,0.2966015048120626,0.35575158482927033,0.27376282922015277,0.24637285059260366,0.2151109350853844,0.32463147803539993,0.3140666373999309,0.2476150169197306,0.3242321620525478,0.620763081254072,0.1085757285646588,0.2212588507298822,0.6129052674741794,-0.012502135640024059,0.21894415414759685,0.21373296423483218,0.08756222294143814,-0.35694369012842514,0.07733888667882119,-0.0812314445739952,-0.09974888100703985,0.10605742806529034,0.014183200722779753,-0.08036165682949122,0.085049949754608
0.13376591982719674,0.06792101666553349,0.26897221176185854,0.2563520131796302,0.18835434150618832,0.1931519038607231,0.2226786295681102,0.2476278317185332,0.4189456199928317,0.21934593038965045,0.28185101767355236,0.26054025827651345,0.172771572487651,0.2544723793304814,0.20548987725207288,0.44910860264612357,0.3699497097284119,0.5799072668948907,0.3483985108809519,0.6716611041866208,0.2760366629914481,0.44524028977661056,0.37125722324910615,1.1404294767021474,0.2240468523554147,0.4156398409292176,0.34502298723964503,0.30498625281516395,0.27472766187581316,0.35083952501185733,0.1919958159638461,0.3366250820793694,0.3388293340505107,0.21375811562442107,0.3493079710486042,0.2597515973781332,0.3153589288967931,0.26933535651756785,0.26941973432901645,0.3336324462111864,0.21881153604125492,0.27575592957005085,0.17006897571586818,0.3353703176197496,0.06074738863699645,0.26034386472683874,0.3462877997618051,0.3710526144641417,0.30068978007958314,0.07233992758002263,-0.09175255825074827,0.17712418232719046,0.035692812282751375,0.17537336305771495,0.05146818955287318,0.07537599245521812,-0.16625733533555936,-0.11747430399250326,0.03209907192718401
0.170529592824196,0.07998274915361084,0.21575172609648924,0.21432984297506955,0.21723767103083672,0.20919054400020415,0.22250623430046293,0.2636569212888762,0.23317521932505827,0.27574909839318873,0.23525106932110662,0.23111855799893244,0.20074013457892478,0.23595421001660066,0.3411942256860338,0.21158095058439635,0.20445816145113108,0.500423995708333,0.2288012641250493,0.2970319254320202,0.4797563436738221,0.2901270118349178,0.22101810004587302,0.2240468523554147,0.9905027307802113,0.2634313450955257,0.3568856205431437,0.3288395508524473,0.3474019101190659,0.18248029877996638,0.06590284408081522,0.24820451657907666,0.25514737838633417,0.16290263817245257,0.2103298246073681,0.2119804191390759,0.25525964950538127,0.2301096220022596,0.20549773707226407,0.27999924445770796,0.20932708704853742,0.302594499343833,0.30802715090358457,0.26219171015109594,0.0709218046013978,0.20842434084413905,0.25468767135815923,0.231772110139682,0.35678022367995027,0.08044690758942233,0.027799226146277077,0.15986144576666506,-0.19260113280684868,-0.010702938813279191,-0.0825992775119043,0.08297717289966672,0.01333507193230323,-0.02815978556850242,0.03398519648930082
0.14288079794075775,0.04822649065486978,0.24174414272183145,0.20139804973968167,0.20206724072376261,0.17409327464308863,0.2505386093266951,0.25628502585050944,0.2751706267075427,0.26176150917008567,0.3125904943485084,0.2857611883189469,0.26523869890923657,0.3712825368111996,0.2458345831996935,0.4631316168685565,0.36391925197981817,0.3698270696851054,0.35517779474505834,0.5431029789937151,0.36129170747095274,0.5484039563795267,0.16099440140926974,0.4156398409292176,0.2634313450955257,1.2575242269035174,0.343655000594408,0.4172054280050692,0.17601691476626852,0.528621301945505,0.1802374457456675,0.3336667174014512,0.27520654129023936,0.27218169162907585,0.3903384857895831,0.3183419338110423,0.42224024141678873,0.22810893583510652,0.2728466278705596,0.3179468337243129,0.12421120322775021,0.2322207937842762,0.07031630671704374,0.23669372698601923,0.042479909340865527,0.20899353519398545,0.2463477614440601,0.4259706611368275,0.18895093183185235,0.13186023005616043,-0.042761617505988614,0.25563233469259616,0.017558235670151252,0.026036021849061584,-0.08360945026137871,0.10550476595889109,-0.04731382419520244,-0.058804729793151427,-0.07935967847560929
0.23580832761206227,0.06847618783696006,0.22328185694565394,0.20628230511371384,0.18104815278990882,0.1904969405297907,0.1974118014723519,0.22089312012450746,0.1923740390723668,0.21274610828560628,0.2020699121583615,0.26060927374348003,0.1672971355263175,0.1868941657479157,0.18767579695901251,0.29430837953023115,0.2934519358542513,0.34509581037904985,0.24857769892217,0.36669620450074314,0.32679166562026496,0.5000158869285737,0.21632085368039133,0.34502298723964503,0.3568856205431437,0.343655000594408,1.7132952277757891,1.0918336909181352,0.5033980082906102,0.18722380163652896,0.2667795948901244,0.5096628333956662,0.6554671284830265,0.5174356007862249,0.1834997188935164,0.38674297354889914,0.31060264958464107,0.5469031758855237,0.3967035010652156,0.48192800783504636,0.07513687485950146,0.263510036084927,0.28645636844455524,0.37538105479958955,0.056454078674882224,0.36847105784361406,0.393417112325856,0.3035284643395098,1.723563237788022,0.23041103758868367,0.12366691117768941,0.20447518743113868,-0.0475524718723398,0.04310318390841069,-0.22294073002305956,0.03788768728087927,-0.02088140529977247,-0.022462069103418702,0.030516388527694085
0.15260042593749207,0.04375815749650311,0.22281937190150355,0.20102182461304627,0.14951594201820262,0.16701502533139181,0.13539013478842463,0.20995200842820227,0.13375619951637777,0.19614560652371227,0.21451500053646183,0.2891375147317884,0.19382584200232736,0.21938406781752104,0.21707720539823094,0.40348092412487785,0.2376673555735348,0.31681625362516946,0.32601635179638727,0.35875349381503263,0.17531227018756051,0.4390607827184183,0.2179528727804022,0.30498625281516395,0.3288395508524473,0.4172054280050692,1.0918336909181352,2.949056677571271,0.4118423925453869,0.30761518899158613,0.5645793281402829,0.6319601190191191,0.5030170666653443,0.35348603746392715,0.5142462771224144,0.5801766810012083,0.35795392469191534,0.3929911562957232,0.48321108923347533,0.43220806883668295,-0.0696182324379464,0.36627022170551804,0.4951904952587287,0.22738295376969217,0.08522952543720345,0.3985100458598674,0.22799667304636115,0.34323099350824054,-0.7123611471123158,-0.29036613659403687,0.14696438263799141,0.20891606072175467,-0.0317293510248121,0.07611880315056804,-0.1558870276645565,0.07018611140445968,-0.06328423618991738,-0.09270908935338905,-0.08314946674489852
0.2862763392613975,0.058168123813541556,0.4256826629359447,0.23580341129222135,0.15846711173422132,0.28654949245543876,0.21905357070406864,0.23442655506660273,0.23303711082674664,0.2527274033736695,0.26340442137509595,0.24210645197291816,0.12108555695653751,0.14115432332217293,0.18453617503176667,0.3103267247655207,0.2619275214704789,0.3002518091681611,0.24789115948013707,0.27711221440481426,0.18485425861877267,0.30668682603254294,0.33280835463247516,0.27472766187581316,0.3474019101190659,0.17601691476626852,0.5033980082906102,0.4118423925453869,1.9968863308017173,-0.1370333879682716,0.35230547140009294,0.530479890344286,0.4668324701820291,0.17983068401147068,0.3216689473144487,0.3828918841237656,0.1339461991104042,0.36615613041090483,0.2782626955304205,0.22795091577404228,0.23491263032769621,0.30033577598123623,0.9456119160742524,0.32569448661310657,0.13173768531347607,0.22211095752790513,0.5235901526052202,0.3591840411345752,0.5854892765986814,0.19863702681828416,-0.034750197078740955,-0.11840662669149353,-0.01990597276085936,-0.021825724240799392,-0.2878297667692031,0.2249763007667046,-0.1331872294957504,0.08595609838080337,-0.19063394191986405
0.10020829309628675,0.05880630495969265,0.10957040627936607,0.12270934814949042,0.1435072044370074,0.11592285402992906,0.18638230671204095,0.16120911762588172,0.19342896856314098,0.13056119270117025,0.15063070037439838,0.16165064811287452,0.13068938828024354,0.2511510801544803,0.14764183526241995,0.19988242937343467,0.17936754081511944,0.28130959504188624,0.1318322306295108,0.3511126905440265,0.27232994149582745,0.3994489616889602,0.1605969671147716,0.35083952501185733,0.18248029877996638,0.528621301945505,0.18722380163652896,0.30761518899158613,-0.1370333879682716,1.6091687114617539,0.3915987682010072,0.22294373274381207,0.3103842165750212,0.1698923994875863,0.41862692507902655,0.3792697009883729,0.3863028615224515,0.13040326611503383,0.31942672682273104,0.32553135826305973,-0.0043645535135574745,0.16377985990554295,-0.13123068304877103,0.13477251353352288,0.033938067692805496,0.1614395656036604,0.10587749901934546,0.41058261454725403,-0.06246928261869824,0.06962834847148397,0.006061085583938517,0.3921032369677576,-0.15685036318934698,0.07811941358091551,-0.06561731143324886,-0.013960180336856951,-0.09648051039822068,-0.06899819722080786,-0.08119901079513309
0.11314394815943217,-0.03421552535183912,0.17193230610232477,0.15176879381487957,0.13062846290331284,0.14092139130465647,0.1315970278877417,0.18745053696728536,0.11261445267884165,0.12495000930609236,0.13111738087179473,0.19801950042305747,0.1445952289641089,0.12328118367336913,0.061171284991457915,0.2025485316149054,0.20914264045246517,0.1525651109419701,0.21717316443207368,0.199667390332764,0.09532822905295196,0.2585190532211222,0.11985704662112685,0.1919958159638461,0.06590284408081522,0.1802374457456675,0.2667795948901244,0.5645793281402829,0.35230547140009294,0.3915987682010072,2.016725636969366,0.38322094497422143,0.24376020065222154,0.36873563879680205,0.3086919569596019,0.3602956619139296,0.29084201203091653,0.2900703309473212,0.468238500369886,0.11256756103390664,0.09782178452382469,0.4943648845936368,0.16435631781152665,0.047018663122825495,0.2217810871844979,0.07714121553027065,0.07120507728791015,0.2726392097718715,-0.19596022414867084,-0.1496232304841219,-0.10030276728861762,0.32396086702815124,0.11654744900513304,0.42709352448129095,0.12785013237524795,0.05537631740043703,-0.06040157036207172,-0.09541126214424482,0.08813539202650444
0.2388415645800441,0.059839233344656594,0.2992383607249972,0.338467318445326,0.1495871691796431,0.19226103782049406,0.21025698743730226,0.24659052680095112,0.28539385890884184,0.22279240062945907,0.24177159897068723,0.25767008812702097,0.19466891072545703,0.18347508970807422,0.19429974624896498,0.23842235212184587,0.33613721252063833,0.34243328308361365,0.29350496998224457,0.2816736048339558,0.14584825378420932,0.5237314816925295,0.3705313687558215,0.3366250820793694,0.24820451657907666,0.3336667174014512,0.5096628333956662,0.6319601190191191,0.530479890344286,0.22294373274381207,0.38322094497422143,1.948249633289362,0.7684858616315792,0.19444643511564447,0.5103523509200495,0.6102815908458246,0.40756652214484473,0.2541516426327698,0.3177756678636466,0.17196607075159334,-0.22073872260299576,0.17372662485682788,0.6842407020903495,0.14008000341630317,0.04071461548662106,0.033940221194128775,0.1634144251981343,0.2662473051785346,0.18595383831821968,0.18246816565123963,0.12790257292498214,-0.18444346994023358,-0.013990787834318447,-0.1534617152302283,-0.08523115950008778,0.13842944342914784,-0.06723366715438647,0.006942634448600627,-0.029732717312019926
0.1904290552198737,0.05029188808384979,0.25125392810925284,0.22961545702003494,0.14044420326950582,0.1883092596635731,0.1844423633610953,0.2376399950201603,0.2499685376240746,0.22543104344791814,0.206940975045886,0.24056110062969924,0.16242923592204653,0.16402931806571258,0.18153337146781642,0.22817971073318608,0.251012154401656,0.3190987373484722,0.27189037451848524,0.25725032168297396,0.11241366635006915,0.6036170302526979,0.31764504933327886,0.3388293340505107,0.25514737838633417,0.27520654129023936,0.6554671284830265,0.5030170666653443,0.4668324701820291,0.3103842165750212,0.24376020065222154,0.7684858616315792,2.1810498593675507,0.42359054628046794,0.5611487005425039,0.3446722155646861,0.40882218454023816,0.7517811224919526,0.28538930008269475,0.31260318945194937,-0.03489944540253557,0.20703356548711033,0.8340635497908957,0.42627871970850134,0.0650741984464178,0.2173222923402559,0.5039620455729208,0.2634528791681801,0.747984104188196,0.27474517354034034,0.19556778581482434,-0.09393463709512305,0.05040763992475913,-0.030833748021305944,0.01241836682671095,-0.017637589104826774,0.018135278822549332,-0.054865393885577124,0.3260647849323311
0.10367645879336987,0.10710279515211825,0.1513950293845753,0.14746407580421197,0.12108094889427043,0.10557113288855298,0.10327620787197607,0.14125497366887338,0.12057565305355468,0.14385492579498646,0.12156816378463016,0.16383152075320268,0.11050679954308508,0.0969760510836764,0.11176782496232819,0.14646763041124372,0.22314536574396468,0.17872798094960524,0.19945752099537323,0.32662482304843604,0.12687392583830145,0.3697713147405919,0.08538284442689839,0.21375811562442107,0.16290263817245257,0.27218169162907585,0.5174356007862249,0.35348603746392715,0.17983068401147068,0.1698923994875863,0.36873563879680205,0.19444643511564447,0.42359054628046794,2.201366666990203,0.21802265091003492,0.6016308503250856,0.4657759195361125,1.0054138859389419,0.36013168213024516,0.6566695749053127,0.3681329212082772,0.0004600954810327959,0.27201724922977943,0.49196730916713177,0.08764140986446022,0.20650125857848387,0.40861923883145845,-0.10319288119518646,0.562049827256385,0.12119623117371787,0.08726562286137693,0.127280199555536,0.14377665913581378,0.0624970483621082,0.00045231341131434964,-0.010925174043884487,-0.022582412741603667,0.08438970307357502,-0.0801263209988264
