0.6461415541080093,0.3848670151424298,0.43670491147357815,0.048787945274727844,0.05093157319136169,0.1305551336560695,0.19261526195230716,0.10591086854064832,0.1843795850454452,0.09123573348090562,0.12257310139487573,0.13254699901203498,0.07039228745134131,0.14305551619676066,0.16167360337436854,0.11864943716590544,0.11296348294888092,0.1536563308206246,0.0854863722352653,0.13435426015636973,0.14428708360719678,0.12560749152634024,0.1072238999589291,0.06760427040342123,0.14205079926708264,0.13381609821438828,0.1291528326705259,0.05079480593491916,0.12433055155466084,0.010606112714027293,0.14404464920590765,0.12128450259008958,0.06992367352240016,0.04626115625108968,0.11768274885322515,0.14655619434848818,0.0847715980463929,0.07931069622203334,0.11835661310973761,0.011740744402673824,0.11892558339264873,0.09532544246895591,0.11351785959465668,0.04221975999131556,0.08944416611574066,0.16976735544150579,0.08999532752379212,-0.0004140456812186651,0.08591110871143444,-0.003969629505125095,-0.007423297739827753
0.3848670151424298,8.761793579595784,0.4118912762298526,0.525333331487119,0.5543091356963341,0.12140453499344418,0.7158246658678754,0.39944586013330763,1.0260981371673739,0.7583284115303287,0.5331776369387113,0.5843018049159338,0.35149021246945644,0.3790081779357096,0.8894980492573287,0.4090372895078306,0.5319232875871338,0.9794995129310384,0.40488430120847196,0.6166394983127234,0.5655146872106511,0.08182931518205791,-1.017607111302859,0.24547273140961265,0.3579053751476077,0.7492250922714441,1.2670443809216514,1.0920049060610109,0.5928885058350094,-0.18630696235977778,0.45493475767625746,0.4744027297901154,0.21522761252011532,0.5468528429601831,0.4592338621731674,0.6431134992544386,0.2725224843717044,0.2972334863588611,0.1869521860590146,0.18693175297277898,0.15312935660311625,0.28208431551060403,0.308554749855837,-0.2105428448175363,0.26990200327247177,0.1378154457746586,0.23827114443539202,-0.007032881891247688,0.029764741705521864,-0.20689438731327278,-0.020314973393968896
0.43670491147357815,0.4118912762298526,2.93432495653753,0.03269016577355296,-0.8884299157027333,0.27573318789826035,0.23349628145332132,0.28612109581734463,0.5634806825157445,0.1484791050083273,0.06732998526301093,0.08975623408381929,0.10269173304257692,0.19763646435449764,0.25220272474114264,0.09381811432249906,0.24050929898962892,0.2974836306976117,-0.24771389384877823,0.31568150501535847,0.194554769857676,0.24437085386158316,0.3358532023485273,0.22893846393463796,0.23648581488163273,0.3285257304568411,0.08348117324390417,0.008727880638081857,0.46315497379502013,-0.3298112552391236,0.1764127622185616,0.21834238044009338,0.14547082404742306,0.31331708143303144,0.35239696353817523,0.21964182809180452,0.1549459722180726,0.2084536478299412,0.011464384352703619,-0.4425671250286702,0.044617511940065725,0.1321038265885043,0.14873756989889314,0.16460770650509596,0.3433055634402936,0.4482918515492528,0.16935247874268206,-0.026599591844006263,0.08300811063020132,-0.08342482851621287,-0.08448981426501193
0.048787945274727844,0.525333331487119,0.03269016577355296,1.4497134481089893,0.7585657029794818,0.46670446016017575,0.44385875790782037,0.5250089420889835,0.33203611724985976,0.42105314449964865,0.39589365753583294,0.43588525399913897,0.24835971209491614,0.42027478673483937,0.2748879972652313,0.3954261050211539,0.36411852139448303,0.39433137487380066,0.5985382608670377,0.3672533028066942,0.36032988622047724,0.3107699410787241,0.11380486605092421,0.4512999763358968,0.3281640923982683,0.4518322549386118,0.26460912238575207,0.24408308505604376,0.3160664292509707,0.32184104685207393,0.2865097054154154,0.4118169344380547,0.4332759420860601,0.3633879625824435,0.09686129076123523,0.3948062946922467,0.42871107120304225,0.21240830838680705,0.41929075206011124,0.1636911834234728,0.357661460658767,0.27393427318838054,0.2568260263737139,0.1304854707093407,-0.0488807323658719,0.4253815023226541,0.3661108099528108,0.024425282595531998,0.28962974878320014,0.04533538836264744,-0.12200542926179746
0.05093157319136169,0.5543091356963341,-0.8884299157027333,0.7585657029794818,1.93129131763626,0.5526101756645341,0.3130296439225272,0.369666838500854,0.18205305997713736,0.44567014182803233,0.49378298100628787,0.5386856328702776,0.25635157787083296,0.3610989008334416,0.28785308537726567,0.42412827167941114,0.3315297215433545,0.33186136785108455,1.1650268703837754,0.3012707698011525,0.39556800081978677,0.27760601827433024,-0.13218596690102627,0.40110609554157345,0.2955815370903467,0.34596135776776876,0.3270744068452794,0.39909434594740645,0.18956055500771593,0.49084815732861653,0.33632987622403243,0.3736028273131762,0.45438698179655024,0.29320421582273587,0.007977513773195171,0.40631220914938965,0.4974195626356178,0.16853139962987754,0.49824946829458044,0.35671979686079197,0.4726758825433011,0.3077617003036632,0.2960591691139554,0.04394172443696572,-0.15685204121718227,0.3604402380803284,0.3246712197575346,0.04864853949870727,0.19566591995326582,0.052426229318282606,-0.035359892533364586
0.1305551336560695,0.12140453499344418,0.27573318789826035,0.46670446016017575,0.5526101756645341,0.9741397343116,0.18374267266614905,0.4016499800878205,0.3413586852362581,0.2599825983678502,0.4042920027197356,0.4396948486068944,0.21823463921493852,0.40391915654283594,0.26131029070852974,0.332765185826737,0.3440388135286341,0.24890631159325877,0.746980896534545,0.45960989596645485,0.37300620776526744,0.28597127308790954,-0.04956776760118866,0.3634888835051607,0.2787178470578727,0.38292834333908066,0.2362638658836623,0.33507063418184835,0.316374803937927,0.1556326465864848,0.26787240292616615,0.3805037877172431,0.2850703278834927,0.3202690669460508,0.11356743135521155,0.2838817585357971,0.3124570210440543,0.2553690969346836,0.3763867651767704,0.14985581501382297,0.3376458783522141,0.24277839694562356,0.3182658268197564,0.09803065099762158,0.06217459412658941,0.33687899443115643,0.2944849132256048,0.03708952478124838,0.2752344605696497,0.03432350417750126,-0.014536578394150087
0.19261526195230716,0.7158246658678754,0.23349628145332132,0.44385875790782037,0.3130296439225272,0.18374267266614905,0.6857384415266697,0.27972139239997923,0.2796921643126227,0.17746755685226168,0.27760751413082263,0.2970758156669618,0.1496923630295786,0.14836282772609694,0.12411135724373426,0.20629044572336405,0.24691383981283474,0.2653993118119694,0.2379533477936193,0.22418188764500377,0.2388992752820056,0.21088765302236537,0.06520855880906536,0.23002404540802507,0.1987628487690365,0.27326259001293196,0.23726737543661636,0.1613972600815081,0.19851541003726594,0.07383134166760762,0.1882612892877146,0.22241947727776862,0.21333632083813567,0.21418380015649227,0.10517565946332653,0.24908498979766286,0.1613288187657199,0.12897859451920152,0.30088639072598394,0.09375884067704834,0.1546203189705608,0.17574432354859135,0.14031466431749748,0.05417394285732355,0.008234162111209194,0.16262177371444544,0.10046833782893129,0.0019485757628877921,0.17186295808340918,-0.012801098111133823,-0.020168842659679675
0.10591086854064832,0.39944586013330763,0.28612109581734463,0.5250089420889835,0.369666838500854,0.4016499800878205,0.27972139239997923,1.042646726222074,0.24813019478115228,0.31130776465301185,0.23242176109373158,0.13928979981920458,0.23295629902669385,0.36724287382615484,0.11533583155237286,0.2685450716751104,0.282116134396472,0.342749735033331,0.41820139091853453,0.34354885826247755,0.3018422516390921,0.2674412548673325,0.055225054480288645,0.29905106549093996,0.2810056268929148,0.37917960621897034,0.23276045640560963,0.22193838439363422,0.31041355778816343,0.1010092220356275,0.229765937007785,0.3117953846031996,0.23634436100271144,0.2852782686256897,0.2198568540729796,0.2167025155646,0.34456390648925317,0.17892801358152882,0.44074987072925226,0.16268507059726645,0.24931215634241663,0.2090903158267284,0.2808786472357319,0.1086122091661609,0.058541287649666075,0.3079513167001329,0.33640990228914897,0.02057622959453633,0.45099804138410965,0.13121218165303172,-0.08954871822997844
0.1843795850454452,1.0260981371673739,0.5634806825157445,0.33203611724985976,0.18205305997713736,0.3413586852362581,0.2796921643126227,0.24813019478115228,1.3912689885759928,0.26780069191184935,0.10909138111272822,0.22522768672077706,0.1362347531923819,0.2692589902134455,0.32958128611865,0.24288814686915397,0.29758589515951644,0.40338432453912626,0.27838994659260446,0.22802204503407897,0.35435870972955447,0.2534114629835745,0.19054922682338193,0.33403815310848134,0.2341387574947315,0.514877267507192,0.3700065936976992,0.18677097167728343,0.290521501926456,0.10747872795546207,0.3282061508107976,0.3042754148305183,0.33952055762608996,0.33333729377814497,0.24226099207940943,0.3262165307534758,0.383514421811355,0.1437836825820295,0.24960532451196957,0.04592725462077296,0.2691850987792365,0.2614102590289281,0.2707562279557403,0.08813983336396501,0.04250014351092175,0.3050957668048102,0.28471052043914236,0.02830732079384253,0.41908431113902683,-0.017286183299330956,-0.01347250388215749
0.09123573348090562,0.7583284115303287,0.1484791050083273,0.42105314449964865,0.44567014182803233,0.2599825983678502,0.17746755685226168,0.31130776465301185,0.26780069191184935,1.2622156501371558,0.3631288990648354,0.3962016525508094,0.23206578600708255,0.27230487278966037,0.3459220439758054,0.31242875313222235,0.4040114761495644,0.5183851259731974,0.37911388719180006,0.16541730300888638,0.21943121054562667,0.3201607846469356,0.27892961931070426,0.3823931910464378,0.3306059975540781,0.2656999071652097,0.412919140804171,0.16044973650215336,0.38058713354145174,0.4331402843901227,0.28478134259098187,0.28757563345837317,0.3719174534846209,0.38559863521795446,0.38669438013097607,0.43098497828855803,0.5668429722951975,0.09901447767629508,0.34420793168958896,0.17036449575683568,0.34997560549941803,0.36693082705765423,0.29881608281575217,0.08890569379703944,0.050574709825053646,0.4077755669072504,0.5291515005761228,0.01304001816569463,0.29634372027019007,-0.038955824870730196,-0.04919264319798106
0.12257310139487573,0.5331776369387113,0.06732998526301093,0.39589365753583294,0.49378298100628787,0.4042920027197356,0.27760751413082263,0.23242176109373158,0.10909138111272822,0.3631288990648354,0.9346893544057654,0.5878798844240808,0.1872501304182881,0.2649420896011767,0.345376686245538,0.3160457465782305,0.3336014538418762,0.28346287512583807,0.44954393645188084,0.4244446603267263,0.3007746423203881,0.19353940121096413,0.01802058238598816,0.3109163408545301,0.2711079488102717,0.3064389601331399,0.3133129696578154,0.2800664751342853,0.2861604869316237,0.20685294647439617,0.25151232031411547,0.3133628287491365,0.23671805743204555,0.3026471310429672,0.2308247703370451,0.2950840024757921,0.2720007974232807,0.21551402120668733,0.39088222234804904,0.20825194625900476,0.25876880375169187,0.27422084305724853,0.2935725804401054,0.051492953542292684,0.1064829527968421,0.2630812177313875,0.24686677823581188,0.03301853342596986,0.08317129438772546,0.01652457482037065,-0.008640865528678423
0.13254699901203498,0.5843018049159338,0.08975623408381929,0.43588525399913897,0.5386856328702776,0.4396948486068944,0.2970758156669618,0.13928979981920458,0.22522768672077706,0.3962016525508094,0.5878798844240808,0.8543853705946789,0.1786762038731178,0.2785202542511291,0.3331180533678669,0.3348593356803637,0.32425530003641395,0.28636208342063335,0.4785944866946928,0.3409019044349808,0.26173079821528006,0.17949343993004482,0.019938501790554237,0.2932664261973756,0.31560272191429806,0.309288528611893,0.2866491148378617,0.2750423369875819,0.23306068729605972,0.1848999344198095,0.26137296396036125,0.3360693610610167,0.22785209625305958,0.27606116946756476,0.1712276854114261,0.3740630739155191,0.1630943964181143,0.18625209919046146,0.34861704783020164,0.18050299855654028,0.2451084996276832,0.23027178288406852,0.2065606823025654,0.0443804338330662,0.08971960069660896,0.25792376401117356,0.23003873179488846,0.02722388640961838,0.08913653526733126,-0.0689624564856724,0.006685219722917911
0.07039228745134131,0.35149021246945644,0.10269173304257692,0.24835971209491614,0.25635157787083296,0.21823463921493852,0.1496923630295786,0.23295629902669385,0.1362347531923819,0.23206578600708255,0.1872501304182881,0.1786762038731178,0.3879253171872736,0.1859543505364521,0.11131428994989091,0.1748668845759906,0.18368085495084382,0.16651668189755783,0.24188880078749378,0.16258321381187962,0.14865053159773786,0.2570076418712252,0.05269387661016159,0.19976056301492154,0.14557567250167674,0.13958082170575076,0.18838232944950395,0.1300914750414799,0.25643810631667596,0.1445837551822482,0.12107944029539065,0.2063079657274301,0.16358867774991062,0.1859884156145284,0.18077997293299394,0.16807683375713386,0.2363954488736352,0.08774527760695457,0.22077550484628633,0.08508734534075692,0.13573299192031987,0.16338253331080174,0.19748387857612776,0.06184313634756166,0.06399097410529164,0.1802390062509107,0.1902557521856234,-0.006685828561326393,0.28695749675236387,0.017114835958520674,-0.028127907425364213
0.14305551619676066,0.3790081779357096,0.19763646435449764,0.42027478673483937,0.3610989008334416,0.40391915654283594,0.14836282772609694,0.36724287382615484,0.2692589902134455,0.27230487278966037,0.2649420896011767,0.2785202542511291,0.1859543505364521,0.5378120546598687,0.34872386810881867,0.35438621436910417,0.2607980698720336,0.23122048250207794,0.38106579222581344,0.3283680512539113,0.28213546424908564,0.22505326457602362,0.1004684819116963,0.3334867006060721,0.2636033158529824,0.3707966566942034,0.2224550655083333,0.1809792939087306,0.28180370528460186,0.2488653932715973,0.243566996641892,0.36676219039263147,0.2685100644378112,0.2596304231915679,0.19898522560391116,0.27710055978161696,0.3236279782195209,0.18143165628159463,0.20731470138875324,0.07287597479352505,0.29498261823878485,0.22505388431764478,0.2558862387985812,0.08081042478468277,0.03913117575233367,0.3059451529438011,0.31645125609063074,0.034597412318641205,0.40125170281163786,0.04273490448454686,-0.049489263150245905
0.16167360337436854,0.8894980492573287,0.25220272474114264,0.2748879972652313,0.28785308537726567,0.26131029070852974,0.12411135724373426,0.11533583155237286,0.32958128611865,0.3459220439758054,0.345376686245538,0.3331180533678669,0.11131428994989091,0.34872386810881867,0.9512733366224356,0.33102315322142356,0.3056910621216669,0.23003098199633398,0.2634356881751963,0.3425892059977649,0.32597498422589793,0.09927844716068719,0.24809047698683467,0.36729488671879673,0.3573792979137182,0.34232128942944556,0.3610883988329749,0.15630856336360963,0.2757698604465112,0.41792483797639335,0.2951043449419101,0.2957533305114248,0.3253323550377442,0.3148590258476858,0.2982770083865423,0.38691644010813175,0.3983189575039046,0.18347870878239753,0.18416535255306268,0.0641976953752895,0.36607712723700275,0.3077725589385984,0.284407274647737,0.065940359009513,0.05550178055439791,0.379545711636112,0.3391403806855085,0.055249589092931706,0.06450919330562806,-0.02652718480921808,-0.01551224468414204
0.11864943716590544,0.4090372895078306,0.09381811432249906,0.3954261050211539,0.42412827167941114,0.332765185826737,0.20629044572336405,0.2685450716751104,0.24288814686915397,0.31242875313222235,0.3160457465782305,0.3348593356803637,0.1748668845759906,0.35438621436910417,0.33102315322142356,0.7005776163450332,0.3244459405307558,0.242667490516221,0.37159590209591875,0.2694073928037665,0.2708779939741587,0.24371957360161148,0.15931486765032246,0.3281295852460222,0.3139680705812021,0.28863614854385317,0.28359054808039086,0.203510565065806,0.3464454076428256,0.28178021054313696,0.24245512890078214,0.3378182299020664,0.25923402241064114,0.26927797367816186,0.2944427455391311,0.32087781238271307,0.3703851581430961,0.15062884609856197,0.2617613885565947,0.1552535973567486,0.30848575488574004,0.28542779656638567,0.29259168659843326,0.10811865057684394,0.04783383127946597,0.30055453324263637,0.3080074384026036,0.027257450767284717,0.2803542444494837,0.024801024657202922,-0.0270051856676471
0.11296348294888092,0.5319232875871338,0.24050929898962892,0.36411852139448303,0.3315297215433545,0.3440388135286341,0.24691383981283474,0.282116134396472,0.29758589515951644,0.4040114761495644,0.3336014538418762,0.32425530003641395,0.18368085495084382,0.2607980698720336,0.3056910621216669,0.3244459405307558,0.7138198842151605,0.2757905590500441,0.34591349395214266,0.42307466766641266,0.28623606429565,0.3963186518583715,0.2170187021645265,0.3436106122846991,0.3201311107462706,0.24171881811102228,0.3951021493489785,0.29128087277348286,0.31664276756924137,0.30670564326383265,0.30297631231160094,0.2873879123254086,0.36970981332606273,0.32732641593057854,0.33115621208629636,0.40199846637214104,0.506813270437358,0.2347679787655864,0.35792270159044787,0.16926005843448563,0.324832443334116,0.42816245834480976,0.3887025436296366,0.11683892215023516,0.16903120284845635,0.3813635096392987,0.37464099441281473,0.013897177639090296,0.24995686868382375,-0.028442064858376626,-0.04066852982881027
0.1536563308206246,0.9794995129310384,0.2974836306976117,0.39433137487380066,0.33186136785108455,0.24890631159325877,0.2653993118119694,0.342749735033331,0.40338432453912626,0.5183851259731974,0.28346287512583807,0.28636208342063335,0.16651668189755783,0.23122048250207794,0.23003098199633398,0.242667490516221,0.2757905590500441,1.2670697473182913,0.3140031115656615,0.10294896395687914,0.3987731506216245,0.32587221289964946,0.3715609178758246,0.39048365022855264,0.29351187556830655,0.3682240938093368,0.19523463344214895,0.022612850602822147,0.4037927159058271,0.21946509502381947,0.24945977329303298,0.27894428697899215,0.2781338964491247,0.36434600979259735,0.39862792226616306,0.3302182747688585,0.47723522321600975,0.07912696832390971,0.2617349990207353,0.23013424933992474,0.34392436978485313,0.385821776683631,0.39898641501425336,0.12157645784906401,0.29618741635384593,0.5103221377553014,0.6736199245188347,0.013616549722240722,0.3248183020489228,-0.05127015283970713,-0.05546190012545035
0.0854863722352653,0.40488430120847196,-0.24771389384877823,0.5985382608670377,1.1650268703837754,0.746980896534545,0.2379533477936193,0.41820139091853453,0.27838994659260446,0.37911388719180006,0.44954393645188084,0.4785944866946928,0.24188880078749378,0.38106579222581344,0.2634356881751963,0.37159590209591875,0.34591349395214266,0.3140031115656615,1.1873186797992499,0.3876655395201232,0.41844951842600103,0.29988312318677113,-0.15004975478666394,0.3953123501865605,0.2876371962464191,0.3361211207292795,0.2794998531197337,0.4263113709381305,0.2552386563953835,0.363579997786849,0.31662989104516914,0.3735544689489095,0.4097981136647568,0.29370722271716565,0.07666717199411595,0.3755175738456297,0.4403702658783321,0.21753143767680677,0.4874226947287536,0.26422255592592453,0.46096563858699396,0.29488466372258537,0.3273082728655774,0.07274745914461574,-0.051057156747115334,0.4205645402774068,0.313088179526063,0.045754881958467046,0.18447783478182475,0.06317754759819447,-0.03787354290078563
0.13435426015636973,0.6166394983127234,0.31568150501535847,0.3672533028066942,0.3012707698011525,0.45960989596645485,0.22418188764500377,0.34354885826247755,0.22802204503407897,0.16541730300888638,0.4244446603267263,0.3409019044349808,0.16258321381187962,0.3283680512539113,0.3425892059977649,0.2694073928037665,0.42307466766641266,0.10294896395687914,0.3876655395201232,1.417931073755629,0.19345704594701568,0.14142537202416164,0.07458869452078092,0.47873359041513913,0.27881164838339983,0.4338827714986,0.38487652379673204,0.19022485474347905,0.35615291637828306,0.4414551105283665,0.22913517014781268,0.3284297798187316,0.4051336921199056,0.42008428893085203,0.23125017786367058,0.23590311028790628,0.5963062784831547,0.6611692276902691,0.38349016286669874,0.19493319637485843,0.25503047665386,0.3986112380214263,0.3521080238787206,0.004354336937500887,0.19222774292676664,0.24066477980299927,0.28344177359003697,0.1271933077375518,0.3886797737023336,0.030293843540927658,-0.06293560238774858
0.14428708360719678,0.5655146872106511,0.194554769857676,0.36032988622047724,0.39556800081978677,0.37300620776526744,0.2388992752820056,0.3018422516390921,0.35435870972955447,0.21943121054562667,0.3007746423203881,0.26173079821528006,0.14865053159773786,0.28213546424908564,0.32597498422589793,0.2708779939741587,0.28623606429565,0.3987731506216245,0.41844951842600103,0.19345704594701568,0.9444167573921005,0.31861351378150804,0.18090749121814995,0.31908144288121587,0.24713460725965272,0.3922760137727174,0.2591329651796646,0.13030168645642906,0.3071043157298234,0.27061588000553055,0.37547818352470863,0.34082650026764977,0.29788086906543026,0.23187920931615133,0.37340241531162444,0.3654724143445044,0.3861315099319095,0.1432981990974304,0.3301708440560729,0.22813834038993178,0.5772492067865541,0.3793222282567691,0.44508390246273305,0.12415172740143415,0.20712552991153407,0.49532011326687736,0.3895664069261919,0.024906674904242795,0.2508465553110721,0.062115930061880625,-0.05373972159025728
0.12560749152634024,0.08182931518205791,0.24437085386158316,0.3107699410787241,0.27760601827433024,0.28597127308790954,0.21088765302236537,0.2674412548673325,0.2534114629835745,0.3201607846469356,0.19353940121096413,0.17949343993004482,0.2570076418712252,0.22505326457602362,0.09927844716068719,0.24371957360161148,0.3963186518583715,0.32587221289964946,0.29988312318677113,0.14142537202416164,0.31861351378150804,1.3194691199394168,0.5060114077931238,0.4253759458110297,0.22442147551691333,0.14117935932238193,0.344807568658974,-3.957261788238642e-5,0.3141832106305138,0.501934025984417,0.29176917959380944,0.35311572358508864,0.5006576070941161,0.24824640119822505,0.3663609331721763,0.41559794394425587,0.5632693992104482,0.15299288769932778,0.40495402690262505,0.08869227117198789,0.30183998995663336,0.41685583014560856,0.5176877454663071,0.21496637538205862,0.06110732549095088,0.52641718030073,0.49209167036178736,-0.14249170599177452,1.2329153310572587,0.010249997422027963,-0.04399630739978947
0.1072238999589291,-1.017607111302859,0.3358532023485273,0.11380486605092421,-0.13218596690102627,-0.04956776760118866,0.06520855880906536,0.055225054480288645,0.19054922682338193,0.27892961931070426,0.01802058238598816,0.019938501790554237,0.05269387661016159,0.1004684819116963,0.24809047698683467,0.15931486765032246,0.2170187021645265,0.3715609178758246,-0.15004975478666394,0.07458869452078092,0.18090749121814995,0.5060114077931238,1.9963981274838194,0.4930528661560174,0.4371920404845414,-0.12104440334020646,0.09336336925655851,-1.0339235676104594,0.2925373974328878,0.9097548518019409,0.2775431986380498,0.09428116448196953,0.6253171640736195,0.282055296313586,0.39439567938105896,0.49193073514220426,0.7233425268329826,0.08750150726287823,0.5092560656056998,0.041445991681658224,0.4583886250845589,0.4917094247594734,0.26466408899817323,0.2680128124187848,-0.12999595275652345,0.6339553007509705,0.6378651227687763,0.026035604959751553,0.35711720300135325,-0.029130296600470094,-0.06765696875630665
0.06760427040342123,0.24547273140961265,0.22893846393463796,0.4512999763358968,0.40110609554157345,0.3634888835051607,0.23002404540802507,0.29905106549093996,0.33403815310848134,0.3823931910464378,0.3109163408545301,0.2932664261973756,0.19976056301492154,0.3334867006060721,0.36729488671879673,0.3281295852460222,0.3436106122846991,0.39048365022855264,0.3953123501865605,0.47873359041513913,0.31908144288121587,0.4253759458110297,0.4930528661560174,1.2005557241135034,0.36850602881122174,0.4982422971501983,0.3083101917376407,-0.08511693281237026,0.35339492387085775,1.1343632680822078,0.08450450169144495,0.45179189786507756,1.0453607127423066,0.408269015279256,0.3921029059618195,0.4305613691223837,0.8405988507987294,0.28676850085638883,0.2553158614412103,-0.08583287788732238,0.41930528110843124,0.47613788186792744,0.3434305325591773,0.08563230613092061,-0.15513603328669173,0.442255563906938,0.6942414401998399,0.07560896776345298,0.8476135628603783,0.002525372086327515,-0.08451306299811408
0.14205079926708264,0.3579053751476077,0.23648581488163273,0.3281640923982683,0.2955815370903467,0.2787178470578727,0.1987628487690365,0.2810056268929148,0.2341387574947315,0.3306059975540781,0.2711079488102717,0.31560272191429806,0.14557567250167674,0.2636033158529824,0.3573792979137182,0.3139680705812021,0.3201311107462706,0.29351187556830655,0.2876371962464191,0.27881164838339983,0.24713460725965272,0.22442147551691333,0.4371920404845414,0.36850602881122174,1.0554682679560137,0.24534676109732678,0.2659264594497354,-0.027542386254425656,0.4249483641803594,0.33149641583027756,0.3011248590229333,0.2631345746239329,0.31884976873052107,0.37559558206283755,0.28243254864356715,0.4010625965420505,0.38097633995421615,0.16217088373719657,0.3097283522634191,0.07114170680655059,0.3148169715121521,0.32307534424923345,0.23849952417254539,0.1149553786098391,0.027024496321949996,0.4181500474952851,0.3480802258505748,0.01385073318858989,-0.03326524244339925,-0.048274764969509026,-0.02699220607893852
0.13381609821438828,0.7492250922714441,0.3285257304568411,0.4518322549386118,0.34596135776776876,0.38292834333908066,0.27326259001293196,0.37917960621897034,0.514877267507192,0.2656999071652097,0.3064389601331399,0.309288528611893,0.13958082170575076,0.3707966566942034,0.34232128942944556,0.28863614854385317,0.24171881811102228,0.3682240938093368,0.3361211207292795,0.4338827714986,0.3922760137727174,0.14117935932238193,-0.12104440334020646,0.4982422971501983,0.24534676109732678,1.8817988641868557,0.44931170853400987,0.290037103608107,0.18520437177319207,-0.0113484622840112,0.3055999351691088,0.551183039205886,0.25907012248905253,0.45975869164577426,0.19329111346462252,0.27078953518453913,0.17622238418548095,0.23516125234564805,-0.6750891622248774,-0.04305299073065008,0.4463283889463922,0.24569468586636273,0.20175563316580425,-0.03957619865702779,-0.14106239124502398,0.18866591890168746,0.22720956879761658,0.09258818472512917,0.7825594407575769,0.030299879540439622,-0.09395683168598504
0.1291528326705259,1.2670443809216514,0.08348117324390417,0.26460912238575207,0.3270744068452794,0.2362638658836623,0.23726737543661636,0.23276045640560963,0.3700065936976992,0.412919140804171,0.3133129696578154,0.2866491148378617,0.18838232944950395,0.2224550655083333,0.3610883988329749,0.28359054808039086,0.3951021493489785,0.19523463344214895,0.2794998531197337,0.38487652379673204,0.2591329651796646,0.344807568658974,0.09336336925655851,0.3083101917376407,0.2659264594497354,0.44931170853400987,1.8603883072607488,0.3587348688631188,0.324586975631514,0.3354198729532233,0.3849099790599114,0.273640283109996,0.43883088460607217,0.2731024635099057,0.47293098327825583,0.6848069555084435,0.5240498730111698,0.2397240865678484,0.15042784671071274,0.27212616032820663,0.3009348149480374,0.49153587579354185,0.9832967267088684,-0.079549560219206,0.5009496303082644,0.21734871249539145,0.2926261499844366,0.04191750201334519,0.4269529221817577,0.04245806498849527,0.023285329888443604
0.05079480593491916,1.0920049060610109,0.008727880638081857,0.24408308505604376,0.39909434594740645,0.33507063418184835,0.1613972600815081,0.22193838439363422,0.18677097167728343,0.16044973650215336,0.2800664751342853,0.2750423369875819,0.1300914750414799,0.1809792939087306,0.15630856336360963,0.203510565065806,0.29128087277348286,0.022612850602822147,0.4263113709381305,0.19022485474347905,0.13030168645642906,-3.957261788238642e-5,-1.0339235676104594,-0.08511693281237026,-0.027542386254425656,0.290037103608107,0.3587348688631188,2.6192188060233303,-0.1102886221070361,-0.5026451355470134,0.23072212851300872,0.20175040035331274,-0.1579252919824719,-0.02629289980552233,0.05065404922972783,0.3630029193353766,-0.09489527431213277,0.07280593598889455,-0.0055240808455791655,0.0013094655606267715,-0.00016643783050943788,-0.21007298895390447,0.41937832623774945,0.3621376487549884,0.26253674907933994,-0.16128937362854523,-0.23722482277769485,-0.016245943972034372,-0.19883927226779838,0.07635578742296383,0.027607383615532097
0.12433055155466084,0.5928885058350094,0.46315497379502013,0.3160664292509707,0.18956055500771593,0.316374803937927,0.19851541003726594,0.31041355778816343,0.290521501926456,0.38058713354145174,0.2861604869316237,0.23306068729605972,0.25643810631667596,0.28180370528460186,0.2757698604465112,0.3464454076428256,0.31664276756924137,0.4037927159058271,0.2552386563953835,0.35615291637828306,0.3071043157298234,0.3141832106305138,0.2925373974328878,0.35339492387085775,0.4249483641803594,0.18520437177319207,0.324586975631514,-0.1102886221070361,2.5167471409807334,-0.24034543222577526,-0.014468902742810203,0.34268335013034007,0.03632769461918426,0.9099385098338114,0.5034386516379693,0.2347232759626945,0.5215982222369384,0.0962364749742404,0.14240338568501446,0.17835873491887097,0.21700456193707993,0.39827694208017467,0.3381720823157866,-0.011534789071109044,0.49717996310443574,0.3748075125211334,0.3203347355554319,0.004071111392361632,0.40508502946986413,-0.06423935401878579,-0.037998664057711795
0.010606112714027293,-0.18630696235977778,-0.3298112552391236,0.32184104685207393,0.49084815732861653,0.1556326465864848,0.07383134166760762,0.1010092220356275,0.10747872795546207,0.4331402843901227,0.20685294647439617,0.1848999344198095,0.1445837551822482,0.2488653932715973,0.41792483797639335,0.28178021054313696,0.30670564326383265,0.21946509502381947,0.363579997786849,0.4414551105283665,0.27061588000553055,0.501934025984417,0.9097548518019409,1.1343632680822078,0.33149641583027756,-0.0113484622840112,0.3354198729532233,-0.5026451355470134,-0.24034543222577526,3.99805045057503,0.2026559075531558,0.2918171629114098,1.1958329998360737,-0.10478786214157657,0.6991159293556904,0.5340704389287136,1.4888102265995726,0.3150558703148199,0.8346826281741692,0.019527797022547796,0.8827494584390134,0.6401151620971364,0.4264215368092596,0.13786783442002537,0.08578812425483975,0.5535519792163831,1.6874651022675868,0.1194498475511547,1.5076624446071687,0.008907317773598242,-0.09088878748915291
0.14404464920590765,0.45493475767625746,0.1764127622185616,0.2865097054154154,0.33632987622403243,0.26787240292616615,0.1882612892877146,0.229765937007785,0.3282061508107976,0.28478134259098187,0.25151232031411547,0.26137296396036125,0.12107944029539065,0.243566996641892,0.2951043449419101,0.24245512890078214,0.30297631231160094,0.24945977329303298,0.31662989104516914,0.22913517014781268,0.37547818352470863,0.29176917959380944,0.2775431986380498,0.08450450169144495,0.3011248590229333,0.3055999351691088,0.3849099790599114,0.23072212851300872,-0.014468902742810203,0.2026559075531558,1.4151036932868983,0.28265040841494327,0.19909158149887568,0.1340361087652748,0.3053722015386689,0.77522050012489,0.2502129700660408,0.18025505583801932,0.32060929924857284,0.1115159746257832,0.2637646392721206,0.336341820330362,0.2829501810592697,0.09091208527626973,0.40314491359870763,0.48869314161636157,0.2792602837140523,-0.017060446517725536,-0.0892470018238474,0.021658578970775163,-0.026217597223651613
0.12128450259008958,0.4744027297901154,0.21834238044009338,0.4118169344380547,0.3736028273131762,0.3805037877172431,0.22241947727776862,0.3117953846031996,0.3042754148305183,0.28757563345837317,0.3133628287491365,0.3360693610610167,0.2063079657274301,0.36676219039263147,0.2957533305114248,0.3378182299020664,0.2873879123254086,0.27894428697899215,0.3735544689489095,0.3284297798187316,0.34082650026764977,0.35311572358508864,0.09428116448196953,0.45179189786507756,0.2631345746239329,0.551183039205886,0.273640283109996,0.20175040035331274,0.34268335013034007,0.2918171629114098,0.28265040841494327,0.713042595710004,0.30408397773174367,0.3278645277214668,0.15485159937421536,0.36260723782992677,0.2526035507637444,0.19842967983739732,0.14417740124639544,0.013169528580186678,0.2445811823649724,0.2342371442235255,0.24092631042855828,0.07133771544339491,0.0556563408116316,0.31569357543727067,0.34269283244547794,0.012197675675727354,0.5899757707959576,0.022614707658374124,-0.05574272101365089
0.06992367352240016,0.21522761252011532,0.14547082404742306,0.4332759420860601,0.45438698179655024,0.2850703278834927,0.21333632083813567,0.23634436100271144,0.33952055762608996,0.3719174534846209,0.23671805743204555,0.22785209625305958,0.16358867774991062,0.2685100644378112,0.3253323550377442,0.25923402241064114,0.36970981332606273,0.2781338964491247,0.4097981136647568,0.4051336921199056,0.29788086906543026,0.5006576070941161,0.6253171640736195,1.0453607127423066,0.31884976873052107,0.25907012248905253,0.43883088460607217,-0.1579252919824719,0.03632769461918426,1.1958329998360737,0.19909158149887568,0.30408397773174367,2.1780560696879623,0.11800930273694299,0.0738346960371605,0.3889090621425895,1.0197942269810982,0.29721801160579087,0.3023957046272263,-0.16938539732205388,0.39803276707041924,0.45266927291144216,0.40974751395357967,0.06751147283758527,-0.48409882609361804,0.5470918998666189,0.6309581764578206,0.10784387319784641,0.7096299157435073,0.005528057198304003,-0.11753962430148843
0.04626115625108968,0.5468528429601831,0.31331708143303144,0.3633879625824435,0.29320421582273587,0.3202690669460508,0.21418380015649227,0.2852782686256897,0.33333729377814497,0.38559863521795446,0.3026471310429672,0.27606116946756476,0.1859884156145284,0.2596304231915679,0.3148590258476858,0.26927797367816186,0.32732641593057854,0.36434600979259735,0.29370722271716565,0.42008428893085203,0.23187920931615133,0.24824640119822505,0.282055296313586,0.408269015279256,0.37559558206283755,0.45975869164577426,0.2731024635099057,-0.02629289980552233,0.9099385098338114,-0.10478786214157657,0.1340361087652748,0.3278645277214668,0.11800930273694299,2.0084980591054227,0.3182199652327761,0.13936094889256156,0.71829408849183,0.22003643371279177,0.0338089778957917,-0.09044427206691773,0.15734136909771299,0.5044309560258857,0.3183597127313552,0.19427231588991856,-0.29296220451885513,-0.005854186021272321,0.30304120048893135,0.05250794284778202,0.2709948966303372,-0.07127656412338156,-0.03670897482909676
0.11768274885322515,0.4592338621731674,0.35239696353817523,0.09686129076123523,0.007977513773195171,0.11356743135521155,0.10517565946332653,0.2198568540729796,0.24226099207940943,0.38669438013097607,0.2308247703370451,0.1712276854114261,0.18077997293299394,0.19898522560391116,0.2982770083865423,0.2944427455391311,0.33115621208629636,0.39862792226616306,0.07666717199411595,0.23125017786367058,0.37340241531162444,0.3663609331721763,0.39439567938105896,0.3921029059618195,0.28243254864356715,0.19329111346462252,0.47293098327825583,0.05065404922972783,0.5034386516379693,0.6991159293556904,0.3053722015386689,0.15485159937421536,0.0738346960371605,0.3182199652327761,2.4557583678231674,0.1967067144087852,1.0158628933823426,0.03767975441921049,0.28431587697916677,0.297364757161322,0.2838712905160797,0.8338027869610853,0.7593913410913878,0.2484037270167576,0.7742170160132384,0.41116599462417874,0.682722615365965,0.045471660354419484,0.5722315881831955,-0.08028602933476643,-0.004071138910097148
0.14655619434848818,0.6431134992544386,0.21964182809180452,0.3948062946922467,0.40631220914938965,0.2838817585357971,0.24908498979766286,0.2167025155646,0.3262165307534758,0.43098497828855803,0.2950840024757921,0.3740630739155191,0.16807683375713386,0.27710055978161696,0.38691644010813175,0.32087781238271307,0.40199846637214104,0.3302182747688585,0.3755175738456297,0.23590311028790628,0.3654724143445044,0.41559794394425587,0.49193073514220426,0.4305613691223837,0.4010625965420505,0.27078953518453913,0.6848069555084435,0.3630029193353766,0.2347232759626945,0.5340704389287136,0.77522050012489,0.36260723782992677,0.3889090621425895,0.13936094889256156,0.1967067144087852,2.1727024020102115,0.024239603441056135,0.15109082798377577,0.36954071445461795,0.4136623234337716,0.6312087236555192,0.47853508141614937,0.04439019072800255,-0.21364360970193544,0.3405762466154405,0.9691608627010105,0.30382978726123283,-0.07729326650839992,-0.5466665605050601,-0.024727699236357537,-0.07762392139258154
0.0847715980463929,0.2725224843717044,0.1549459722180726,0.42871107120304225,0.4974195626356178,0.3124570210440543,0.1613288187657199,0.34456390648925317,0.383514421811355,0.5668429722951975,0.2720007974232807,0.1630943964181143,0.2363954488736352,0.3236279782195209,0.3983189575039046,0.3703851581430961,0.506813270437358,0.47723522321600975,0.4403702658783321,0.5963062784831547,0.3861315099319095,0.5632693992104482,0.7233425268329826,0.8405988507987294,0.38097633995421615,0.17622238418548095,0.5240498730111698,-0.09489527431213277,0.5215982222369384,1.4888102265995726,0.2502129700660408,0.2526035507637444,1.0197942269810982,0.71829408849183,1.0158628933823426,0.024239603441056135,4.028376185416129,0.22745170949829172,0.3445152823179555,0.08818644485600935,0.9157670188105006,1.1904804065042782,1.056780355248285,0.30249826444293276,-0.07210277546749029,0.8632519934741417,1.1441547690693272,0.14195920776959228,0.9850700493891261,0.07851870744837365,-0.145755124744956
0.07931069622203334,0.2972334863588611,0.2084536478299412,0.21240830838680705,0.16853139962987754,0.2553690969346836,0.12897859451920152,0.17892801358152882,0.1437836825820295,0.09901447767629508,0.21551402120668733,0.18625209919046146,0.08774527760695457,0.18143165628159463,0.18347870878239753,0.15062884609856197,0.2347679787655864,0.07912696832390971,0.21753143767680677,0.6611692276902691,0.1432981990974304,0.15299288769932778,0.08750150726287823,0.28676850085638883,0.16217088373719657,0.23516125234564805,0.2397240865678484,0.07280593598889455,0.0962364749742404,0.3150558703148199,0.18025505583801932,0.19842967983739732,0.29721801160579087,0.22003643371279177,0.03767975441921049,0.15109082798377577,0.22745170949829172,0.8263178473651834,0.20763294556576375,0.03806759253373129,0.13562494574335,0.22715257527293392,0.17478449136923574,0.02701788694312251,0.23536806015601253,0.08346513952259445,0.2389379240011648,0.07882858813328855,0.17924863718547004,0.019530055218217424,-0.03873219625912382
0.11835661310973761,0.1869521860590146,0.011464384352703619,0.41929075206011124,0.49824946829458044,0.3763867651767704,0.30088639072598394,0.44074987072925226,0.24960532451196957,0.34420793168958896,0.39088222234804904,0.34861704783020164,0.22077550484628633,0.20731470138875324,0.18416535255306268,0.2617613885565947,0.35792270159044787,0.2617349990207353,0.4874226947287536,0.38349016286669874,0.3301708440560729,0.40495402690262505,0.5092560656056998,0.2553158614412103,0.3097283522634191,-0.6750891622248774,0.15042784671071274,-0.0055240808455791655,0.14240338568501446,0.8346826281741692,0.32060929924857284,0.14417740124639544,0.3023957046272263,0.0338089778957917,0.28431587697916677,0.36954071445461795,0.3445152823179555,0.20763294556576375,2.5862452702676775,0.7408148059865405,0.1973797522151344,0.19057369653179884,0.309123778860129,0.25945074421132136,0.268606305321739,0.433302719553485,0.4911837992092914,-0.04874917801349435,0.15338323555062536,0.017227102558239487,-0.02689288745513952
