3.011304859545281,0.33386136190176186,1.0358898320014964,0.3745315993282931,0.48750668455815016,0.3928239044942037,0.39389004041652104,0.6026270806215852,0.3159963043135077,0.5074041034874129,0.37239005935778624,0.3683852991165955,0.2230560900334734,0.37086867599553647,0.5094040221579585,0.3581177061111897,0.4224704591529908,0.3591485240368792,0.2679575272538058,0.20856474672059802,0.33026294200218653,0.34151681042098175,0.08857788187177044,-0.09315145730308512,0.13523916716390177,0.6168391355755823,0.28469591416493356,-0.20307536675580232,-0.11971323034940527,0.32843730841802293,0.28384861364116426,0.2359953061202516,0.11427693716681929,-0.3491274713263484,0.19500310588348507,0.26348740442464325,0.04055695134704966,0.5286230314814292,0.2853764661044904,0.49058934920413555,0.5438805038385838,0.07179220684525862,0.14609823648712597,0.5137370296238212,-0.05303465967527121,0.5382080779631659,0.3484425560849566,0.06559983511933926,0.4083619726793336,0.0452435943896749,0.07297272384748567,0.006775533170541762,0.007135579812224224,0.03031366868685318,0.157656827094044,-0.09233763749278859,-0.2961064363907713,-0.22161970651440185,0.4966266030635638
0.33386136190176186,2.537181266427859,0.33321468618188094,-0.1790736479084509,-0.016339392326142402,0.31565602180155133,-0.0025827434134145445,0.2781447943483676,0.10845349999097474,0.13834757506086073,0.09855496250060035,0.07738863835914553,0.030224420774275357,0.04348596432420926,0.10325591872301053,0.06746384607047384,0.031626713550639216,0.33436745561530606,0.045217637512869946,0.07450587575244078,0.26833846603209416,0.10429223417694208,-0.036158065461580756,0.020036147685482664,0.2403891699765678,0.01162923939620249,0.16854817075115144,0.14242035610858794,0.2997420044209849,0.07227915416487764,0.21861317439113906,0.05751992593544355,0.18245479003674495,0.07569238533134011,0.1708685005617433,0.09454214072369964,0.20166036614413668,0.09984084171944112,0.2465288657386391,0.26396680454425064,0.008142162671595893,0.08522189749304526,0.18235954258355358,0.04978458169551541,0.46412136916362445,0.25263288628911673,0.21512183426699846,0.010066016890606082,-0.04390610294586941,-0.6604604569346985,0.6637568845219711,-0.05078378805540946,0.10095463960918737,-0.013367392271995302,0.03947690846995175,-0.038352648118277245,-0.1274610436929986,-0.09678895868097993,0.20414169184482972
1.0358898320014964,0.33321468618188094,2.9857153084204455,0.3668324441464818,-0.16224529074829538,0.5176803237931004,0.34876020375294814,0.6198475854977704,0.5516635150476046,0.7378094957987493,0.49551193182477055,0.40654205111348884,0.25764499671710117,0.4879140926651464,0.6251796469616312,0.4049454088369722,0.550144207090138,0.5030731324106005,0.19877301511878315,0.4520476658243309,0.45750678192990596,0.4871699558059762,0.47102419027718595,0.38945926594588864,0.33702645099098477,0.5749383776548626,0.313715070391371,0.5948550497174125,0.4575676769215924,0.4318772623255434,0.32659365119921135,0.37393850717575483,0.4120753497445775,0.37369556233365464,0.5898290000098264,0.33686734940188556,0.29637312022701956,0.312304655250095,0.47798829461804404,0.4752336141739697,0.4666711265789601,0.33117803985196237,0.5074213229209947,0.2609981188248751,0.279671316879801,0.5748843812289091,0.49862250237079664,0.059535992205130395,0.6935388377895559,0.09488268006333941,0.003791920429716824,0.048560014266065384,0.1179606040351567,-0.16540020851084908,0.02284140941158549,-0.16288717415672035,-0.4846777466103079,-0.30288525882803874,0.9078625742803798
0.3745315993282931,-0.1790736479084509,0.3668324441464818,1.2011148922947386,0.38252191152123727,0.3470615006514467,0.2604724580811529,0.30789092565709697,0.16455264254250554,0.23974124183102427,0.2656086090150767,0.317990842934981,0.16666677217472564,0.25367082018365533,0.2378964096567197,0.29828373390420193,0.2694460002938212,0.17663392400060968,0.18902906404617686,0.19897885648895386,0.1927232347308215,0.24983490254121804,0.19170676509869447,0.18071161378704695,0.18334600454615957,0.2822255915167808,0.16055046698355124,0.13048592492235703,0.23694486175850665,0.1295725058755376,0.1441274968574099,0.23069656729667395,0.14034584332558075,0.2353292871699995,-0.11582769037319991,0.18994260869005725,0.19460992903285804,0.2583077065223324,0.19658700483917732,0.055525208795417336,0.2223544947496543,0.08513301346633027,0.16175754119981653,0.40310732810988803,-0.22313255865477197,0.24970997698712177,0.1533756372867231,0.018450119669713536,0.21906791749970148,0.22000152783350313,-0.20615569244444346,0.007659415886762505,-0.0662225681836994,-0.04421272472578135,0.07011928370356846,-0.03922212607280961,-0.1963018995662752,-0.03099127334236836,0.23733632206400768
0.48750668455815016,-0.016339392326142402,-0.16224529074829538,0.38252191152123727,1.1048611656029594,0.24768020896791498,0.299479290999334,0.3212983380001782,0.09606779765738827,0.2576510037036093,0.21148431783119231,0.28191348676684036,0.1830245575951783,0.2507070642019262,0.25701129104471704,0.29323156242058,0.21642576857305,0.13711094929454057,0.3492319586218674,0.22521501125431578,0.15806734136707357,0.2144777797191695,0.16669564971912826,0.1330534939044747,0.14914796832401198,0.3199703201343259,0.18353430643814717,-0.08552511141819177,0.282356021777999,0.12862121015271444,0.11895202291968647,0.22058603537154292,0.05299657600094817,0.21385347362327534,-0.09307480234593667,0.22350575496946262,0.23451441156974534,0.2854369110987655,0.09921982970087972,0.035065305755305726,0.2607370858880299,0.1376036238264482,0.08870014324984862,0.21996127266667567,-0.17522113805313316,0.26273028466291587,0.13300710634897475,0.01764788173628707,0.20737434394474888,0.2740098261266651,-0.28551778072137746,-0.16266012194779159,-0.0873793618349196,0.10523323077873165,-0.003249678877646497,-0.07564925387616141,-0.2017915724115774,-0.07384492469681868,0.37039571990426445
0.3928239044942037,0.31565602180155133,0.5176803237931004,0.3470615006514467,0.24768020896791498,0.8003618843801896,0.13045715971153013,0.5811397261986004,0.27041166711583525,0.21779047676301733,0.31930616383008253,0.2802680376136901,0.16924351938464088,0.30401283784791516,0.28228579929262154,0.27967138674248865,0.3380180846739467,0.2581266307100032,0.30843768986052905,0.3782232284339695,0.28358282537635954,0.3070914946650065,0.2529618824756687,0.2588387147645806,0.31811434691232465,0.3112606099412391,0.2401104161301213,0.3094252506508807,0.5159585492433484,0.2110445896501846,0.19163257091356256,0.2804552268750955,0.18506411854962407,0.35468969976003595,0.1711316349965094,0.1931490187298718,0.3152108327435844,0.30178669615519343,0.3470135904962118,0.17723665437945083,0.1604790224322597,0.16397182784994432,0.28957176363596326,0.21973054214090484,0.11486266185406442,0.3045505340849847,0.2650990792817597,0.016412547919376057,0.3677743205870304,0.16564753400781082,-0.2871426671253079,-0.016809875548215013,0.0759810323053244,-0.02711272028712342,0.05328030178045385,-0.03070255089864272,-0.017094282057904274,-0.0392871469566946,0.08406749997733093
0.39389004041652104,-0.0025827434134145445,0.34876020375294814,0.2604724580811529,0.299479290999334,0.13045715971153013,0.57728762789273,0.15377055875670484,0.307027692841292,0.25787528685193406,0.2679155307340036,0.3890780686596251,0.20320077169176454,0.24997859615313223,0.29136759518967414,0.27314961648598274,0.28706531528987633,0.1865723445882461,0.15342184540702675,0.23498308288893952,0.23472993876662626,0.29335709434556295,0.18507911558872922,0.21593337889954,0.24283671453060607,0.29365462352102206,0.22800178805775673,0.09775313827241949,0.3015446319603067,0.17130506847007715,0.18456163251789587,0.2645137823389322,0.1542038103529757,0.2536797669956,0.16707077489931865,0.20979268418377456,0.19634093408850617,0.24243446937612384,0.24662535159065851,0.1636221908928213,0.26984316651494955,0.1483855201781521,0.21048537964769126,0.14946106639467482,0.07449212334868412,0.2942833643738687,0.18578716351613034,0.01985125960547014,0.3744162730641938,0.19570988537799738,-0.07882827773582578,-0.0497295678542393,-0.1941293665583892,-0.020930951075474012,0.1558797834726654,0.03352758739358468,0.006151234669857193,-0.14008741636477856,-0.04722004143786533
0.6026270806215852,0.2781447943483676,0.6198475854977704,0.30789092565709697,0.3212983380001782,0.5811397261986004,0.15377055875670484,0.9706841183553401,0.1466943745776575,0.42815460767044666,0.3205947264184298,0.19404762606258058,0.1828123492490456,0.3460609541122641,0.3060081724733732,0.2943876499565927,0.38249754425420335,0.2939494143785611,0.2743013450653552,0.3751579857413035,0.24627609922209798,0.2562875861271147,0.20861308391426017,0.22399642319846386,0.2773600972206906,0.36018436720698316,0.2226798079431014,0.29745833260523835,0.42958997897611073,0.20109874841014483,0.17900200650885398,0.2630750237782563,0.17961752864795452,0.3098188964216647,0.26803625989218793,0.15825931936466806,0.3122266659108163,0.2825548443323619,0.37047914229202233,0.19994579874400661,0.20978379760673116,0.15865692649519483,0.2891344841845473,0.15787604779142897,0.1647374220896435,0.28676469082152384,0.27701502876769024,0.03238393320421315,0.4030149704537975,0.11411575413105181,-0.26220654076369665,0.0173924740289671,0.11712120418674321,-0.04845572847768076,0.016540803114328616,-0.08788162204444265,-0.0812485291658123,-0.05724704996260404,0.23112815096267936
0.3159963043135077,0.10845349999097474,0.5516635150476046,0.16455264254250554,0.09606779765738827,0.27041166711583525,0.307027692841292,0.1466943745776575,0.6984825874622265,0.12433404209690618,0.24077815638700806,0.2421042185926467,0.1536205210741832,0.2619028687418779,0.21671694444997383,0.20552973467171357,0.2571602143200967,0.17422135876705777,0.11044914463147679,0.1793507909680713,0.26397058536777623,0.4155170573896777,0.16312961935526907,0.22056834188298888,0.15570733883486973,0.35173480280753366,0.17889245698530504,0.21389344309837935,0.2447625110964288,0.15872478838905998,0.24623360451615467,0.26428774747650174,0.2038781351756773,0.24929346528337554,0.1948722618175055,0.18711786310317538,0.12364885665340017,0.244864617467697,0.2328497129288484,0.13835550242801362,0.20019876363656158,0.15876190421164865,0.1902395821574956,0.2112346307299005,-0.030107544655444806,0.2960345876472341,0.17896212068667783,0.006155457095401954,0.5305657370948492,0.09729443710731574,-0.09678350253474978,-0.022662907060956188,0.02558981191712018,-0.05749675786215291,0.11123044600130803,0.021611731748347813,0.0022967212439206357,-0.1335242341891924,0.010420505503017385
0.5074041034874129,0.13834757506086073,0.7378094957987493,0.23974124183102427,0.2576510037036093,0.21779047676301733,0.25787528685193406,0.42815460767044666,0.12433404209690618,0.9802606170395466,0.21242959037766915,0.2184730923894957,0.152978693163856,0.3848047210436498,0.3632719845335496,0.2785276842064438,0.28948145278005877,0.35232916250106866,0.1577472459847829,0.2732391252477416,0.2519339567290909,0.23816742851395306,0.17322571412499646,0.2196183848290538,0.2624128400478505,0.3523588688838983,0.23792588613472948,0.09536106599447897,0.27057184910712506,0.33426692405619685,0.2647235746837959,0.2878831266802526,0.18498656999001273,0.25810107446341723,0.29346609704716137,0.23617218423044742,0.19217386675181727,0.2826658157900858,0.22366363278946647,0.2917338538807457,0.3782644010562226,0.16879287063425355,0.302951753695545,0.21839106428081717,0.24712466903711677,0.428941407304982,0.36868256127444243,0.0523415585900889,0.35881237285349715,-0.11333984310658261,0.06865577045861689,-0.2203065502303156,0.11261355080746753,0.09056615303593926,0.016005517589178505,-0.12860923214971484,-0.07816436043529851,-0.11375987627652678,0.3101307247828782
0.37239005935778624,0.09855496250060035,0.49551193182477055,0.2656086090150767,0.21148431783119231,0.31930616383008253,0.2679155307340036,0.3205947264184298,0.24077815638700806,0.21242959037766915,0.5331158481809545,0.3338509190354682,0.2214915283620734,0.2728876287149055,0.3308250017963084,0.28309847379633224,0.3133639144290927,0.24414097393911416,0.16492702249825883,0.30351700009832366,0.23975400960740392,0.2677948557487006,0.27624647695148724,0.22820853296388569,0.2317925875781451,0.32975921121067575,0.23955392231209804,0.2550551124062465,0.33873625174875877,0.20048994073680895,0.16002953221671637,0.2569459997686665,0.15732031954380019,0.28428046592692346,0.2543181589184217,0.19999285793063637,0.1915240692810558,0.2370588176170807,0.29160058503353786,0.21111036870964286,0.24903943452171634,0.19239324952850237,0.25859318222317673,0.08798461935761877,0.1549825348888655,0.3017625132622152,0.2398917976235792,0.022649823897276745,0.33769490498540833,0.09442878339365654,-0.12559059975141623,-0.029116976588603873,0.09487734477921053,-0.05297236871429239,0.04471963159191308,-0.02046337108588744,-0.06658052723402386,-0.04727229515710354,0.10038834468508256
0.3683852991165955,0.07738863835914553,0.40654205111348884,0.317990842934981,0.28191348676684036,0.2802680376136901,0.3890780686596251,0.19404762606258058,0.2421042185926467,0.2184730923894957,0.3338509190354682,0.6625693274045582,0.1751265809491843,0.2502561601600086,0.3062153056874118,0.2707551734977285,0.26143056249572566,0.17571408409449832,0.1962932866323349,0.28414399849925487,0.21632884504348954,0.2535046430282607,0.2629960847678071,0.21704367081027146,0.2773815997213232,0.2752070907178782,0.27882554173289803,0.09557048917622284,0.3140023659341357,0.20902461883206327,0.10140233743080146,0.27729479525236295,0.09248724408588961,0.26671788057560103,0.23402931924607392,0.23534736713171753,0.11852479108720697,0.22244855895808177,0.31218885879119324,0.26443779236861914,0.26896224179650075,0.14892819273384714,0.22806664730505186,0.14002789405601268,0.16617967515980794,0.31223020519346095,0.213407829730936,0.021011619767115654,0.3591131253851448,0.06769516234526503,0.05211074028079244,-0.09621721923980964,-0.09041711921700453,-0.009533724797635484,0.09007305258424476,0.033930254520651765,-0.01960200223008242,-0.10991575099336212,0.031751338362300124
0.2230560900334734,0.030224420774275357,0.25764499671710117,0.16666677217472564,0.1830245575951783,0.16924351938464088,0.20320077169176454,0.1828123492490456,0.1536205210741832,0.152978693163856,0.2214915283620734,0.1751265809491843,0.39587751979963043,0.21619653284680818,0.10041746922598178,0.22818091301414775,0.18408283031565373,0.1354120331144585,0.12791553999561803,0.12930758681881893,0.16161145590249612,0.2170714651843479,0.19795167343583137,0.17307233985198228,0.17932746524143373,0.1957209241131431,0.18875683972758098,0.13509110822731177,0.21813314351805096,0.16466832130004364,0.08245327760690647,0.19851305452737383,0.11375335863502331,0.1821353983776536,0.1706184519241016,0.14228926281578816,0.10184887971974994,0.15824966586874128,0.18457166738782896,0.14111115462502832,0.17234159636562832,0.12442277992561518,0.17809127917551165,0.12386653382573051,0.051885433144412935,0.20758428751002664,0.1568838897216778,0.012562745754717556,0.2660854064978832,0.03837798383809208,-0.06786140123635434,-0.09168361703176492,0.04930550055243405,0.0014991479585136944,0.027570146238545416,-0.01622675776753303,-0.062431482842840294,-0.02498154206886333,0.0739962364721584
0.37086867599553647,0.04348596432420926,0.4879140926651464,0.25367082018365533,0.2507070642019262,0.30401283784791516,0.24997859615313223,0.3460609541122641,0.2619028687418779,0.3848047210436498,0.2728876287149055,0.2502561601600086,0.21619653284680818,0.6988697636092567,0.324722047902193,0.422699381220943,0.32005090396273234,0.3188590895036024,0.17586470239800922,0.18357575123457556,0.265620647540128,0.3633434998569377,0.24858700641569778,0.2660684533618679,0.21731629136357322,0.5393631826002857,0.19822186654635351,0.2047452948847043,0.25386771332666463,0.2756112300614179,0.2615523293305737,0.4630637581864451,0.17585655525809735,0.3046819610721486,0.29360158535525266,0.27855007820049094,0.04829284417618153,0.3282430878969117,0.08877612924937632,0.19341829409657899,0.4017999055944243,0.19717726216441195,0.24518999961247998,0.28070970868785156,-0.020087822255979923,0.4492498167840681,0.31661783616564565,0.03956777033168131,0.5898230785733265,-0.05762111188911038,-0.06918347329928773,-0.1374420460810627,0.21559406790680036,0.0639748495030682,-0.11261139971387334,-0.08584375175384366,0.07133289317315741,0.00690853382871517,0.13019644752362153
0.5094040221579585,0.10325591872301053,0.6251796469616312,0.2378964096567197,0.25701129104471704,0.28228579929262154,0.29136759518967414,0.3060081724733732,0.21671694444997383,0.3632719845335496,0.3308250017963084,0.3062153056874118,0.10041746922598178,0.324722047902193,1.1921325600277475,0.2970781040922856,0.4485456930426907,0.43581021186342933,0.2138502859036538,0.32419105182960256,0.27960003037838177,0.230209977430353,0.2358617120742363,0.2533565083299195,0.36751403589047155,0.4816703222354208,0.23474685563715922,0.3461881889353159,0.34455493787047925,0.358365096357857,0.2922125840862243,0.2863278462333548,0.17860112072037865,0.3538880757139003,0.29948711661479854,0.3136800771108914,0.2871851838795239,0.26266693102735483,0.17239620304033873,0.16455529084018863,0.5315401039241052,0.27322609883503096,0.3007853115019223,0.10424052062354904,0.1076389189528958,0.5137507488854786,0.4047331339881166,0.059809100903076735,0.29409611997399887,-0.04059009828346454,-0.20518532797797603,0.14096602056027738,0.16768130150517738,0.006814963191680613,0.10419111203108425,0.00707253316299322,-0.021166429270359804,-0.09871620885126017,0.04765552753904133
0.3581177061111897,0.06746384607047384,0.4049454088369722,0.29828373390420193,0.29323156242058,0.27967138674248865,0.27314961648598274,0.2943876499565927,0.20552973467171357,0.2785276842064438,0.28309847379633224,0.2707551734977285,0.22818091301414775,0.422699381220943,0.2970781040922856,0.6876151609467676,0.3786425933209595,0.2741990888757722,0.1959333006160931,0.17351082146960825,0.2522121345435599,0.42595427688831217,0.23568925475483926,0.2373179079366924,0.21766938546214856,0.40033675403171565,0.24581511860178262,0.2730761984091337,0.2741707931283962,0.2825153502847279,0.2215446180659899,0.35745247790554197,0.15621434998099967,0.2857430941981543,0.3295862860736379,0.2552315127026816,0.14510798310180947,0.2960117991175664,0.19003688227942492,0.2004732138610015,0.3602715031744826,0.22036453366706912,0.2734612562189684,0.31874444972533095,-0.029994738739349724,0.3972694392300325,0.2893973546257847,0.02084068996840235,0.45090082288401806,0.07620546461028571,-0.07281636821094276,-0.08368054175636966,-0.0008106705262221472,0.0010343080549707992,-0.01990047704941483,-0.03838529607350818,-0.11118336359507774,0.005983613431309877,0.17108254201879264
0.4224704591529908,0.031626713550639216,0.550144207090138,0.2694460002938212,0.21642576857305,0.3380180846739467,0.28706531528987633,0.38249754425420335,0.2571602143200967,0.28948145278005877,0.3133639144290927,0.26143056249572566,0.18408283031565373,0.32005090396273234,0.4485456930426907,0.3786425933209595,0.912291195879481,0.29049597087030277,0.1928907191032498,0.3226705155950539,0.30379008768154125,0.33156275627465814,0.21963992525565926,0.24669630238761983,0.3949381320766305,0.35074465563917956,0.24885168998488408,0.29185662519221345,0.4388740551534329,0.2139407586470018,0.24484958526390058,0.2886204753315749,0.1938112332718324,0.3415697686492828,0.26927657518953046,0.22186312808052955,0.41212892647840443,0.3557950355848235,0.3619083435455145,0.155974846840679,0.30061288904112293,0.1954453576035561,0.3163489651382923,0.17793594670680807,0.1522894298280626,0.3692223854812269,0.2784610138733325,0.028044271228870703,0.38195838075718275,0.34531196943214865,-0.2411440086481595,0.030648809425061485,-0.01408297555811597,-0.08635688186267265,0.07356174722746507,-0.02942679343371845,-0.06033909756735649,-0.07921537048058652,0.1088685083899322
0.3591485240368792,0.33436745561530606,0.5030731324106005,0.17663392400060968,0.13711094929454057,0.2581266307100032,0.1865723445882461,0.2939494143785611,0.17422135876705777,0.35232916250106866,0.24414097393911416,0.17571408409449832,0.1354120331144585,0.3188590895036024,0.43581021186342933,0.2741990888757722,0.29049597087030277,0.8901421496505156,0.15325934136937674,-0.014225183621027412,0.27829317093062034,0.26822509876351264,0.47197461281742703,0.23781429766862258,0.19003361144066508,0.544749800192385,0.10723558960826088,0.4261013886753245,0.20396487509914735,0.12359299743364435,0.37499970626185475,0.2577094621157654,0.35379660570738536,0.23191303105847952,0.2580645417752988,0.20153741073916864,0.0853404279516747,0.1647997887439498,-0.014382442996351243,0.229692286883014,0.32403399202522104,0.15737641983234169,0.3198101506404183,0.06471810140408987,0.21133311630946255,0.45169327728085984,0.49094293830198465,0.03420032506160497,0.22797485959523656,-0.18426926790684023,0.12551497930791433,0.025560237758000752,0.14220716925128293,-0.06198532327817386,0.064244727799146,-0.0102976130806088,0.039891317133375265,0.06086111262857899,-0.1463252637192092
0.2679575272538058,0.045217637512869946,0.19877301511878315,0.18902906404617686,0.3492319586218674,0.30843768986052905,0.15342184540702675,0.2743013450653552,0.11044914463147679,0.1577472459847829,0.16492702249825883,0.1962932866323349,0.12791553999561803,0.17586470239800922,0.2138502859036538,0.1959333006160931,0.1928907191032498,0.15325934136937674,0.661160522347658,0.2533974485281188,0.1369958448785297,0.1658690805752229,0.05287337749530379,0.11217454141638751,0.08354240033261623,0.18569660495899226,0.13171116441587402,0.1962955788991035,0.13285971134027383,0.09568618371072689,0.18195057611202328,0.19069144822754688,0.045028265246103566,0.14845372063936277,0.017340604784602663,0.17957141174676913,0.045447946112987504,0.19864278753282924,0.1220396373564666,0.12599923383400743,0.17193371351492087,0.09610402970556302,0.14449230246936295,0.1464368068642567,0.1686758032820714,0.2459204114823404,0.13367008601173752,0.0049153862434161396,-0.0010292039365369246,-0.02831894003411104,0.21251127682986876,0.07764051818225583,-0.1987680676076408,-0.009508842012719274,-0.000353127707183213,-0.01877167068343803,0.008323153498169703,-0.0018810203681546907,0.0452580066311107
0.20856474672059802,0.07450587575244078,0.4520476658243309,0.19897885648895386,0.22521501125431578,0.3782232284339695,0.23498308288893952,0.3751579857413035,0.1793507909680713,0.2732391252477416,0.30351700009832366,0.28414399849925487,0.12930758681881893,0.18357575123457556,0.32419105182960256,0.17351082146960825,0.3226705155950539,-0.014225183621027412,0.2533974485281188,1.523809593874127,0.20630001797381148,0.09274707275446312,0.16132365248659253,0.21616056458494923,0.0897656142293965,0.27336765828357645,0.41214352964520495,0.439514326775224,0.8179325272203669,0.3012952816475768,0.22200066444041686,0.2500080868751875,0.09318604851637559,0.4407993671632949,0.28205397519743336,0.1513774365666717,0.4551506487529293,0.4064502044819652,0.3493436683496829,0.537656007469232,0.34339726939932497,0.13991228799513789,0.5687381430654814,-0.43583963307315954,1.166765611828617,0.20659280289917784,0.22207422927244339,0.06164728304125391,0.5583553743807211,0.05258113280677998,-0.14850957454211786,0.04640909076215292,-0.07505400642354387,0.02947043934830141,0.04892588877746671,-0.04768454818986537,-0.03919003905212442,-0.02072247921021853,0.07451171819650314
0.33026294200218653,0.26833846603209416,0.45750678192990596,0.1927232347308215,0.15806734136707357,0.28358282537635954,0.23472993876662626,0.24627609922209798,0.26397058536777623,0.2519339567290909,0.23975400960740392,0.21632884504348954,0.16161145590249612,0.265620647540128,0.27960003037838177,0.2522121345435599,0.30379008768154125,0.27829317093062034,0.1369958448785297,0.20630001797381148,0.5351941750781515,0.2785983855664929,0.11780795472380175,0.2397279423454269,0.3078702209178601,0.2392394872727177,0.18212343645368556,0.22926158980310277,0.3368638706421939,0.2903386342954491,0.3865460640933366,0.24340505661897835,0.3645418443877929,0.21995987221786617,0.28742747996938856,0.2532975860409782,0.27122528035968785,0.3016772020433965,0.37248755959772056,0.25927934634694777,0.23663584172155785,0.211974700369944,0.3089803425464382,0.2777439770429322,0.16271004843141473,0.42186772565214486,0.3070486950883775,0.04104802945454587,0.2901617116526692,0.0586771188658828,-0.06228480163779753,-0.08299382064367596,0.04786414526128348,-0.02272140891319342,0.1090185848621581,-0.026068606781798506,-0.1399147690642098,-0.06143888337136203,0.10235395808773985
0.34151681042098175,0.10429223417694208,0.4871699558059762,0.24983490254121804,0.2144777797191695,0.3070914946650065,0.29335709434556295,0.2562875861271147,0.4155170573896777,0.23816742851395306,0.2677948557487006,0.2535046430282607,0.2170714651843479,0.3633434998569377,0.230209977430353,0.42595427688831217,0.33156275627465814,0.26822509876351264,0.1658690805752229,0.09274707275446312,0.2785983855664929,0.6743638997786037,0.27361871835847357,0.25065131140903757,0.21896276731329212,0.35268049100551235,0.20394765751416197,0.17700000003632882,0.3031629859728582,0.25961502458931085,0.2585172808325906,0.33938133045704316,0.21863919850639646,0.29081822663081425,0.2686138630681147,0.24832045179794393,0.1648397114915672,0.3368737768739054,0.2590219421550174,0.15393564014781874,0.2676135375356392,0.2217021152022976,0.23158767342479394,0.3968144649739792,-0.1541497873596227,0.41102153805578445,0.2718483631157514,-0.01584723988597664,0.5989579567202883,0.135896992638802,-0.11347775130400561,-0.11323250478250152,0.016426781442707598,-0.0316495600753508,0.025346758939541716,-0.019231260430126587,-0.07806561338580643,-0.049728836792561446,0.10752651925586935
0.08857788187177044,-0.036158065461580756,0.47102419027718595,0.19170676509869447,0.16669564971912826,0.2529618824756687,0.18507911558872922,0.20861308391426017,0.16312961935526907,0.17322571412499646,0.27624647695148724,0.2629960847678071,0.19795167343583137,0.24858700641569778,0.2358617120742363,0.23568925475483926,0.21963992525565926,0.47197461281742703,0.05287337749530379,0.16132365248659253,0.11780795472380175,0.27361871835847357,2.099294744651673,0.46382250586953877,0.39441524021293706,0.09893793340328405,0.2599355239186754,0.11383931320037774,0.5152663175435213,0.4524382362406808,-0.3951050925607825,0.13733758918048797,0.22523891684326383,0.43042070011681854,0.38766181463821076,0.11119269635590395,0.3190891762522996,0.053022317767397985,0.39740995927097317,0.669805781562437,0.22723168617014589,0.22270962918992585,0.48206091431426057,0.0072425863070405844,0.18251074920394753,0.26582548249186533,0.4614390441578224,0.04400323580620824,0.5793655867018012,0.00915726078396664,-0.05840152828796342,-0.3508183902066416,0.2889087579200461,-0.012863055714502207,-0.08592226318453151,-0.022267948235635927,-0.3536221091104054,0.08453895519157525,0.3338503620856469
-0.09315145730308512,0.020036147685482664,0.38945926594588864,0.18071161378704695,0.1330534939044747,0.2588387147645806,0.21593337889954,0.22399642319846386,0.22056834188298888,0.2196183848290538,0.22820853296388569,0.21704367081027146,0.17307233985198228,0.2660684533618679,0.2533565083299195,0.2373179079366924,0.24669630238761983,0.23781429766862258,0.11217454141638751,0.21616056458494923,0.2397279423454269,0.25065131140903757,0.46382250586953877,0.7839821548763365,0.49552734590192693,0.04111917276298649,0.20262341473144665,0.4605118727711535,0.22503743047299352,0.6323758246793603,0.17250565078072672,0.24167927875397024,0.5641595562412043,0.25212543988385483,0.425925311266853,0.11616215833207513,0.464317166153384,0.2684393268099435,0.4457929195061374,0.27667700773342635,0.17669697366009293,0.3188942816744906,0.5589557910928972,0.36093951534659685,0.16746355911195496,0.41281579490059767,0.4541224392867887,0.08622757616038655,0.5139572771122958,-0.00950006013013278,-0.07692367245778253,-0.18584402626962537,0.16425154729119243,-0.03738935587522508,-0.06528272530455105,-0.021346876952399865,-0.032130360524622245,0.04875579431937309,0.03713450784436393
0.13523916716390177,0.2403891699765678,0.33702645099098477,0.18334600454615957,0.14914796832401198,0.31811434691232465,0.24283671453060607,0.2773600972206906,0.15570733883486973,0.2624128400478505,0.2317925875781451,0.2773815997213232,0.17932746524143373,0.21731629136357322,0.36751403589047155,0.21766938546214856,0.3949381320766305,0.19003361144066508,0.08354240033261623,0.0897656142293965,0.3078702209178601,0.21896276731329212,0.39441524021293706,0.49552734590192693,2.696822185889513,-0.1986457347216001,0.3227634413100723,-0.6226206289128271,1.0050772362414895,0.9158128129071696,-0.06165523135522934,0.25134177164838073,-0.0001224203898163239,0.7328408101166227,0.509080089421244,0.4204406677242582,0.6599518902477359,0.5252695828142718,0.9006773378103636,0.14923481321954235,0.40465424634007097,0.2607134176160529,0.5212670391564183,0.6251881325468075,0.42634612794629884,0.8387742160484666,0.5613284439344753,0.0444029320473922,-0.2486800325390924,-0.008331488150536236,-0.05106591975624881,-0.48028782619691107,0.18568213361222816,0.037803024473824665,0.12280678916759973,-0.03095688230041429,0.13893044098721025,-0.11146445855854017,-0.14963103802852082
0.6168391355755823,0.01162923939620249,0.5749383776548626,0.2822255915167808,0.3199703201343259,0.3112606099412391,0.29365462352102206,0.36018436720698316,0.35173480280753366,0.3523588688838983,0.32975921121067575,0.2752070907178782,0.1957209241131431,0.5393631826002857,0.4816703222354208,0.40033675403171565,0.35074465563917956,0.544749800192385,0.18569660495899226,0.27336765828357645,0.2392394872727177,0.35268049100551235,0.09893793340328405,0.04111917276298649,-0.1986457347216001,1.9204286976831186,0.23441833865916173,0.27129270278809553,0.09346243126091874,-0.0593935334859712,0.4039115399514524,0.5236685043359833,-0.05277134738204958,0.34675791061378186,0.2588560853594274,0.5083100152093443,-0.5612580743620001,0.3036703175773428,-0.9449287063938564,0.08542486262958664,0.9547768912904989,0.17047696164257758,0.08303796396405046,-0.15955309974556733,-0.1577710877669228,0.514285047697306,0.23032310805365622,0.033622748410186004,0.5404803699810634,0.25136634668667757,-0.3265676007142104,0.020706435465186655,0.008007541911824822,-0.011312710631618202,-0.06118578928694926,-0.07606464034624556,-0.09603300539828119,0.036778002940178314,0.22428982600573402
0.28469591416493356,0.16854817075115144,0.313715070391371,0.16055046698355124,0.18353430643814717,0.2401104161301213,0.22800178805775673,0.2226798079431014,0.17889245698530504,0.23792588613472948,0.23955392231209804,0.27882554173289803,0.18875683972758098,0.19822186654635351,0.23474685563715922,0.24581511860178262,0.24885168998488408,0.10723558960826088,0.13171116441587402,0.41214352964520495,0.18212343645368556,0.20394765751416197,0.2599355239186754,0.20262341473144665,0.3227634413100723,0.23441833865916173,0.6762619545216165,0.10318959211609634,0.2948156168851032,0.32728040315767454,0.10820781381389331,0.2552492859574692,0.04792156547936697,0.27268264087846567,0.2938506809181846,0.2849156498080135,0.24227618245298774,0.3066253903358357,0.2528753005383178,0.296868851923272,0.3810673416796893,0.20431919676867424,0.4017239557749902,-0.05577099198183181,0.5600355017255032,0.3265048491317549,0.24218715618685202,0.03004962252220116,0.25650358141680474,-0.021774467424029696,-0.008302464248027205,-0.14355891720960245,-0.009510770967721602,0.0934292334412505,0.08046117367508798,0.008675398351200018,0.05784591931771548,-0.03266210806552277,-0.08560545870042653
-0.20307536675580232,0.14242035610858794,0.5948550497174125,0.13048592492235703,-0.08552511141819177,0.3094252506508807,0.09775313827241949,0.29745833260523835,0.21389344309837935,0.09536106599447897,0.2550551124062465,0.09557048917622284,0.13509110822731177,0.2047452948847043,0.3461881889353159,0.2730761984091337,0.29185662519221345,0.4261013886753245,0.1962955788991035,0.439514326775224,0.22926158980310277,0.17700000003632882,0.11383931320037774,0.4605118727711535,-0.6226206289128271,0.27129270278809553,0.10318959211609634,4.930134920331475,-0.3428753907349156,0.06786168713060742,0.5498820149553867,0.21221753506211785,1.300102822653369,0.08876124841102113,0.3277111667330917,-0.12014982868435217,0.873607285137329,-0.07070591922544534,0.03588741259102809,-0.16816203408560956,0.218133411186894,0.9402207136898978,0.5980522252494855,-0.3064506382922868,-0.0917928927599817,0.04275089687251839,0.2501947403657847,0.16667415267131727,0.5674822888567804,0.04076543850261193,-0.7007992109542157,1.1457697569527836,-0.023273431600923867,-0.28818340755433564,-0.004509746406313792,0.07819796128272574,0.11030752838270241,0.01683943641258008,0.013118590203245403
-0.11971323034940527,0.2997420044209849,0.4575676769215924,0.23694486175850665,0.282356021777999,0.5159585492433484,0.3015446319603067,0.42958997897611073,0.2447625110964288,0.27057184910712506,0.33873625174875877,0.3140023659341357,0.21813314351805096,0.25386771332666463,0.34455493787047925,0.2741707931283962,0.4388740551534329,0.20396487509914735,0.13285971134027383,0.8179325272203669,0.3368638706421939,0.3031629859728582,0.5152663175435213,0.22503743047299352,1.0050772362414895,0.09346243126091874,0.2948156168851032,-0.3428753907349156,3.5982587718302725,-0.022174912733443634,-0.25804919852757113,0.3056070580479724,-0.0499012190205017,1.0390677922127811,0.2975752273289399,0.35908740779602716,-0.09999867808645672,-0.2126305982138485,0.4096981441519411,0.02462957147138238,0.25842441360794005,-0.10060602591181385,0.2355281140679158,-1.0162869005537296,0.5059736194700463,0.22414327794814923,0.11857785312897996,-0.1194271027231599,0.7198144202810276,1.018798014809971,-1.1072813688434415,-0.1796853024842554,-0.18770880688104355,-0.0161334145455038,0.19322302062728827,-0.0595856605940649,-0.11740593493511518,-0.15851246120707949,0.1701491395846724
0.32843730841802293,0.07227915416487764,0.4318772623255434,0.1295725058755376,0.12862121015271444,0.2110445896501846,0.17130506847007715,0.20109874841014483,0.15872478838905998,0.33426692405619685,0.20048994073680895,0.20902461883206327,0.16466832130004364,0.2756112300614179,0.358365096357857,0.2825153502847279,0.2139407586470018,0.12359299743364435,0.09568618371072689,0.3012952816475768,0.2903386342954491,0.25961502458931085,0.4524382362406808,0.6323758246793603,0.9158128129071696,-0.0593935334859712,0.32728040315767454,0.06786168713060742,-0.022174912733443634,3.022334476768274,0.12235904748915322,0.17249834070966483,0.10582346762486365,0.21050827002026104,0.7862289327895582,0.6034087516537381,0.6841637237502077,0.6956140247327907,0.8979533843854917,0.6526244448899408,1.190177861998622,0.4592672036047755,0.8642114832518863,0.867555245244992,0.6162188640186549,0.9064218606330238,1.4776369421648907,0.1858766614488616,0.8532743161290199,-0.23774318719204068,0.10270841406577737,-0.531086316830253,0.38527800721825656,0.10673384757191505,-0.23165756176239927,-0.017244059949640646,-0.29412815663036446,0.39646480981954024,0.1271095569344966
0.28384861364116426,0.21861317439113906,0.32659365119921135,0.1441274968574099,0.11895202291968647,0.19163257091356256,0.18456163251789587,0.17900200650885398,0.24623360451615467,0.2647235746837959,0.16002953221671637,0.10140233743080146,0.08245327760690647,0.2615523293305737,0.2922125840862243,0.2215446180659899,0.24484958526390058,0.37499970626185475,0.18195057611202328,0.22200066444041686,0.3865460640933366,0.2585172808325906,-0.3951050925607825,0.17250565078072672,-0.06165523135522934,0.4039115399514524,0.10820781381389331,0.5498820149553867,-0.25804919852757113,0.12235904748915322,1.6153434737982413,0.26704073297062053,0.4975125102045018,0.08874692181883134,0.14261369178928285,0.24511741234090306,0.13530827491314204,0.4784801807447565,-0.06626559599642862,0.04946422487058109,0.22618728097611962,0.27647194679133,0.38331990880778966,0.5130369559211265,0.31400047341728016,0.5823075796941696,0.2733684647481168,0.061810459857493005,-0.11866486735349212,-0.09027577452327919,0.1972663353060204,0.18314354231322175,-0.13794570429077396,-0.005150303316234087,0.15905891596432065,0.004291030246987994,0.25189865261154065,-0.09616619568000116,-0.2507993527245719
0.2359953061202516,0.05751992593544355,0.37393850717575483,0.23069656729667395,0.22058603537154292,0.2804552268750955,0.2645137823389322,0.2630750237782563,0.26428774747650174,0.2878831266802526,0.2569459997686665,0.27729479525236295,0.19851305452737383,0.4630637581864451,0.2863278462333548,0.35745247790554197,0.2886204753315749,0.2577094621157654,0.19069144822754688,0.2500080868751875,0.24340505661897835,0.33938133045704316,0.13733758918048797,0.24167927875397024,0.25134177164838073,0.5236685043359833,0.2552492859574692,0.21221753506211785,0.3056070580479724,0.17249834070966483,0.26704073297062053,0.6889436575991545,0.07622290019890274,0.37734870606872284,0.21446654124208042,0.32810459913881,-0.09450098024332879,0.3710293347050779,0.04550870591089724,0.1410661956086884,0.4185361972628681,0.17435303274417102,0.23421878583807512,0.21603468599835457,0.15231460512960898,0.4595292823045168,0.23216224554450562,0.02265902092855113,0.3927475613610028,0.004098794123653821,0.07491804021250817,-0.05957451210065915,-0.08220349507636412,0.05631163310555429,-0.00409882856593336,-0.08865908920909604,0.3194880271970391,-0.0968472827723664,-0.10776644157861306
0.11427693716681929,0.18245479003674495,0.4120753497445775,0.14034584332558075,0.05299657600094817,0.18506411854962407,0.1542038103529757,0.17961752864795452,0.2038781351756773,0.18498656999001273,0.15732031954380019,0.09248724408588961,0.11375335863502331,0.17585655525809735,0.17860112072037865,0.15621434998099967,0.1938112332718324,0.35379660570738536,0.045028265246103566,0.09318604851637559,0.3645418443877929,0.21863919850639646,0.22523891684326383,0.5641595562412043,-0.0001224203898163239,-0.05277134738204958,0.04792156547936697,1.300102822653369,-0.0499012190205017,0.10582346762486365,0.4975125102045018,0.07622290019890274,2.157290394279139,-0.2741532376984323,0.057491479490788,-0.35585244372416286,0.7825453949097714,-0.0035060950869748096,0.3573765277785847,0.07106375213349639,-0.5441626238167789,0.2831587498260354,0.3907439658959144,0.34700417258876093,-0.7262880098197547,0.3186853685584918,0.3147953419107482,0.15257405480074185,0.9420331808813223,0.11111478768280317,-0.34998514420586835,-0.021415659563921233,0.27317422199629243,-0.19663895858764552,0.01472778022664456,-0.03893816494470803,-0.1237095033996239,0.03103314478677067,0.07729675168393633
-0.3491274713263484,0.07569238533134011,0.37369556233365464,0.2353292871699995,0.21385347362327534,0.35468969976003595,0.2536797669956,0.3098188964216647,0.24929346528337554,0.25810107446341723,0.28428046592692346,0.26671788057560103,0.1821353983776536,0.3046819610721486,0.3538880757139003,0.2857430941981543,0.3415697686492828,0.23191303105847952,0.14845372063936277,0.4407993671632949,0.21995987221786617,0.29081822663081425,0.43042070011681854,0.25212543988385483,0.7328408101166227,0.34675791061378186,0.27268264087846567,0.08876124841102113,1.0390677922127811,0.21050827002026104,0.08874692181883134,0.37734870606872284,-0.2741532376984323,1.3135321968482019,0.34198017392423236,0.3597321928694604,0.35378286623744926,0.17278369928674495,0.18672946677946156,-0.04306227300531893,0.5203720035063,0.22958150847189196,0.41387976550577443,0.06524868806150631,0.308786292888825,0.2955653624834244,0.23680370090964226,-0.003474298786732908,0.18354514436112446,0.14053460427948072,-0.30497093468767694,-0.15143812505513513,0.07011391586159006,0.0034665140381379043,0.0233953009587564,-0.032133697753921886,0.029795817354219142,-0.021826567278852797,0.010750487890146283
