0.5711584590480393,0.08621901308525336,0.21197546807925224,0.03467176836113541,0.09058198916513237,0.06926165587094073,0.1662661283770856,0.008213013619579976,0.03361706736706141,0.09039948484110322,0.062488300470050655,0.11736634580892157,0.027841884701014313,0.09511259682371637,0.07867701792780654,0.05580438973313305,0.02636576765718796,0.10050365197060301,0.06601633401014968,0.0674230052642887,0.044823081421064,0.11034892414395475,0.04780986561217677,0.028108876924723854,0.07042512439764212,0.05843171036228863,0.07151201470761355,0.023753292558499364,0.017773271918721086,0.023557712430146125,0.09153324283170332,0.063290864076674,0.011407016850816968,-0.07623267398409708,0.024177457323913652,0.06328704827150103,-0.014105029126718842,0.04563785822129965,0.007214868617387266,0.02984332465313529,0.04301003327725666,0.03499320248360856,0.05668937653707333,0.022321371891482825,0.06798212128934786,0.0881336637944109,0.06016194844367279,-0.011283101419601312,0.09913080068345408,-0.00011706410420759465,-0.0008710839885103325,-0.010728280465162826,-0.014966061532400765,0.02736674921093081,0.036102467203757614,-0.06394850486117573,0.10981499791775504,0.3111778421638384,-0.3595008660113374
0.08621901308525336,2.066166289227273,0.7554180138357698,0.13689193310841152,-0.024511648104018714,0.26590883706188856,0.07049809071685896,0.3044048737615159,0.11587783769035774,0.24436946440224466,0.1551899915171552,0.21334060962818963,0.053412072746805275,0.05589933919364966,0.23904246681671693,0.1328507095611361,0.13531302840301565,0.35280972032542485,0.08681251755775939,0.3332378278705076,0.255964336190963,0.11135928521016253,0.0745378541879853,0.0736466559284343,0.21406056077013771,0.08748994197806532,0.1988222385408339,0.13418661873288754,0.20241324817898032,0.048606533505672726,0.2166572056531771,0.06156707534168952,0.03721458262235329,0.18678917483341304,0.20909771206169975,0.3312683752304477,0.22868215498909508,0.1926632018177672,0.1639536375524747,0.1304593256084468,0.1523105285621409,0.2262218481007642,0.1926939449051658,0.045495464947140976,0.4357705807211701,0.353581532719907,0.25719970853147445,-0.02733237451681224,0.05845686262364012,-0.09384306706586272,0.05228964575630601,0.08844873950010478,0.025512676234701846,-0.12690090551365033,-0.1585935172219804,-0.2546706110784111,-0.43153160896223464,0.24875588363773224,0.4118740218058153
0.21197546807925224,0.7554180138357698,1.8857119174354018,0.09858227150268738,-0.036873956354745156,0.3694220831924628,0.11835625734282898,0.3722461216446854,0.34083687997349166,0.47797942428274787,0.30921204984722783,0.34196481496449377,0.08388413213711546,0.1370699379068406,0.4156819452481151,0.08820238418727547,0.3352698695391159,0.2116580914493627,0.24894334280552136,0.36073894419349634,0.2635559693202339,0.21326998976581943,0.22173755674962664,0.21722936674237955,0.31479609725502855,0.27071807279922416,0.175957901593451,0.18609321625909178,0.5346984649173178,-0.043634619214150426,0.11671828094834613,0.1541289636580987,0.21023352495298245,0.331261637063806,0.22158264716259074,0.5496426456842803,0.5373440007253675,0.2368899391475789,0.07414214180005682,-0.05632034319256468,0.1895557728015225,0.26355956135710634,0.08305895837110114,0.07025141740767377,0.488774608472264,0.5678334988709738,0.4342611313312395,-0.048214680017660015,0.23923821491359637,-0.15574235558615254,0.0735003471880955,0.26318396197282873,0.07616925809391874,-0.23582309912649424,-0.018399346602972367,-0.06764913273170811,-0.1083487192416519,-0.6575811876881897,0.5998887392900131
0.03467176836113541,0.13689193310841152,0.09858227150268738,0.8152906152441098,0.367439831986246,0.3057889351081532,0.2998317425554443,0.18964764850687707,0.17253826559206073,0.06192500563218865,0.13186551585914635,0.15455734802864704,0.06401403198584986,0.18143191833297984,0.10662668629323023,0.18705460707381857,0.1124410951863353,0.05131626011732813,0.20204297163576487,0.1282546961845981,0.09990809837614326,0.07546477378427138,0.03342979114126556,0.06526488900278835,0.1415624760922405,0.11873511963631717,0.08752252672074834,0.02871319456976991,0.19080476012053707,0.06193865732069214,0.05556358759333472,0.13171242985923762,-0.06415774098650714,0.28834598015292845,0.17076624649624492,0.08600822293024057,0.19385919552738923,0.07281604843498764,0.20316706373863594,-0.025116759509251293,0.04473625639270917,0.09302113071139693,0.08709821098181161,0.04952265435243776,0.10748730288689352,0.05296945978433941,0.055974172284062464,-0.003807663316134656,-0.33761937178337664,0.12920588172648406,-0.1991854285427443,0.04025255618502498,0.045739286964972696,-0.03971318943399817,0.308197094342507,-0.11260342382510148,-0.6158122672251914,0.4953153387697882,-0.07392922071561323
0.09058198916513237,-0.024511648104018714,-0.036873956354745156,0.367439831986246,0.9115073218167264,-0.0015913443250112358,0.24153167901550293,0.04514363884756573,0.1265408987360282,0.04313324767352587,0.053543532406643154,0.10064969332051764,0.050644711919887994,0.1227514114742915,0.08059839535279176,0.17735317373927292,0.04544112865737884,0.032858473212145585,0.2756081027013253,0.08371806844865907,0.0626064116352805,0.0658772889639597,0.05323376724103144,0.07725602860084978,0.0786268570072865,0.07832579839382892,0.07111952667049308,0.056380952860293154,0.08876367080175805,0.12041461664270696,0.07953912156925276,0.10350997409334128,-0.004734009525602445,0.2728085903293688,0.14892754592406482,0.14641486220520392,0.3142141117833257,0.05558558939240233,0.10540012141850766,0.0057407436036082445,0.1519748045822683,0.09265305109515182,-0.006965567539787412,0.057307530190519665,0.007137451215107422,0.06621172606014694,0.09868622063500113,-0.004886340718310772,0.1056952932440089,0.16605902203533981,-0.14938998839580603,-0.12324180175060861,0.024682773681265625,0.08538056431185087,0.05952244625790117,0.015072764660340132,-0.06463501349866838,-0.07351512439036692,0.044341766157083996
0.06926165587094073,0.26590883706188856,0.3694220831924628,0.3057889351081532,-0.0015913443250112358,1.1609889988474977,0.17250593461109875,0.2905357958971071,0.19085797949064015,0.04312064160206913,0.24733194916879897,0.15936315692881564,0.08201009645379308,0.15388367553552645,0.14929724172700767,0.22361031650557006,0.2210146543522286,0.1259169293559413,0.3475224769960795,0.24235709445419798,0.1477562274980034,0.18480010091296073,0.0689155722766765,0.08143283903385848,0.22384412188160052,0.25713489865624,0.1876058077381948,0.011746326839426734,0.45574500351637615,0.07313579541570159,0.029355250734457033,0.1529119980291084,-0.11952986813127128,0.2539826523899757,0.1633199175054339,0.11998850354499996,0.10371500641013251,0.13149562938528403,0.3261757253551878,0.028779424883538806,-0.08201936399586993,0.1309314760634183,0.2796336311417201,0.08308067791807841,0.3244082759866169,0.06850662581352139,-0.05214575910978234,-0.016175935281147222,-0.6905883449025632,0.3484900958558865,-0.45774311368441684,-0.04091417212150416,0.040179259369285014,0.013794373117384694,0.08513636779586722,0.04144319439248727,-0.249441719109614,0.43871815107214984,-0.36228973193653247
0.1662661283770856,0.07049809071685896,0.11835625734282898,0.2998317425554443,0.24153167901550293,0.17250593461109875,0.6411788135879046,0.024911701538355868,0.24810383893436158,0.10603765757670684,0.12838140405791734,0.22980893633414395,0.057840732159163195,0.06186158602007659,0.059796134803446796,0.13051761752972732,0.05172153601364842,0.08677112649918586,0.15109130704582413,0.09663084684305515,0.06288656973201895,0.09596973598381375,0.04728809588049613,0.06994691831770296,0.13024683995996078,0.07615899384518252,0.10499722217110886,0.05490416982778182,0.12161189052713767,0.07764640960289847,0.05860348008144317,0.07509692096003506,0.01562635765085756,0.24183388157491137,0.13431093598484684,0.1328970298653776,0.189314949853345,0.05812678443857048,0.1043377047598974,-0.041961089702554445,0.032929307726952385,0.053670735864649155,0.07271292348091862,0.034687730286258836,0.012262880157448683,0.061550054705689604,-0.009779954300112942,-0.006854983322840933,-0.24802076167943776,-0.043816571333754606,-0.13305056114125446,0.1071276995381775,0.04594292727170295,-0.04527660122778276,0.21023413364503046,0.01548496685935199,-0.09959320686918456,0.06910413130007234,-0.19722003888220208
0.008213013619579976,0.3044048737615159,0.3722461216446854,0.18964764850687707,0.04514363884756573,0.2905357958971071,0.024911701538355868,1.0639619680230987,0.07113555049676983,0.1277379988037432,0.24835359404651777,0.14782868502406063,0.07082742818064272,0.18730581014912306,0.10333048081440574,0.23584355401389034,0.49189629620091113,0.17692756961898315,0.13524981606032363,0.31977353262168134,0.1301617143608651,0.21027663820422596,0.09655900453906566,0.09574637372323971,0.28697322394239794,0.1555130588135595,0.18443638786023928,-0.07810212281175674,0.3118887965148231,0.026551349353374023,0.09714870153403768,0.06653195636478222,0.13775148420659863,0.23364683940532244,-0.06098648097290543,0.11664291903490248,0.2515577617765708,0.17039663320172765,0.3270886372397262,0.09141504972894592,0.012759422752256623,0.0840620237569066,0.22698254202237902,0.02889088308973293,0.16186950305349265,0.237482143001868,0.30547083294110855,-0.01372090525181362,0.375415486347081,0.08804580128614942,0.02904077554854496,-0.047428952763114575,0.23259408052552558,-0.32126234580289487,0.00022389183587629647,-0.04975456863761477,-0.1855214941985129,0.6294596646858157,-0.319202468029832
0.03361706736706141,0.11587783769035774,0.34083687997349166,0.17253826559206073,0.1265408987360282,0.19085797949064015,0.24810383893436158,0.07113555049676983,0.9010681034736027,0.12592884636991183,0.10576088049901491,0.11136114666327347,0.034837929901027444,0.13205928149962065,-0.0032994841861703774,0.1011128450849141,0.1463999792964307,0.048614064244443055,0.14529789699962967,0.11591071646400032,0.10653261554505124,0.017723838735166544,0.009931962823822141,0.1447568821703675,0.05883813986912329,0.14896485986097954,0.08204784901298842,0.11916917436947995,0.16050777761821514,0.11955553833134903,0.12605512118632226,0.11467573437043652,0.19934467776947945,0.09272852674928901,0.08682440064577691,0.16141650499270524,0.33254070047436696,0.09356791832599799,-0.0032428428920695984,-0.06539594773637933,0.04480580461741718,0.09209280412124822,0.041332728005327876,0.0192900522719338,0.17362986998870655,0.16391178926462643,0.19638018689654688,-0.008908214050941582,0.4484797217061166,-0.11444574388162514,-0.03349814951586421,0.19427327077657366,0.0586697391408258,-0.13024557377025126,0.10720927313472861,0.07770691388838044,-0.12075127026407913,-0.35082611756833215,0.2633212604901154
0.09039948484110322,0.24436946440224466,0.47797942428274787,0.06192500563218865,0.04313324767352587,0.04312064160206913,0.10603765757670684,0.1277379988037432,0.12592884636991183,0.5868677106243136,0.06847752182585692,0.11251694610474265,0.035214075775102896,0.039376845871851876,0.19617068081608896,0.025883375741337655,0.10267301413238278,0.17213603841585018,0.05686980394906957,0.022368290584223058,0.06947700551480265,0.07421862801734617,0.14320315536000697,0.06794437834904833,0.12554691405285842,0.050542992971679156,0.08685645197843896,0.07555461334852534,0.20697442448413855,0.037249516601425475,0.0805686876967004,0.04600562933496678,0.011433189805480257,0.2791411255250979,0.18024474857079187,0.25157322938659327,0.31248210148603,0.03611803879999118,0.059977274865146764,-0.0019655091745438996,0.16483482610769767,0.0678506581662501,-0.06723104559334654,0.04991601440020295,0.04629350777652253,0.23473095031576965,0.2511662986063145,-0.01673301741852296,0.2262518789357731,-0.09173653973223,0.08633582771013174,0.024337676702802097,0.04603716872457542,-0.08299576566898753,0.04175794012421244,-0.06631300948724875,0.018741004317000227,-0.1823847713061916,0.1099063530786631
0.062488300470050655,0.1551899915171552,0.30921204984722783,0.13186551585914635,0.053543532406643154,0.24733194916879897,0.12838140405791734,0.24835359404651777,0.10576088049901491,0.06847752182585692,0.32585058903070535,0.1560297067966491,0.07774790511785633,0.11347254035626235,0.15342402820823156,0.13964650723154015,0.2628005363145955,0.08479193140420928,0.09204105347748082,0.2436446012192977,0.13051100061199022,0.09143519836654744,0.06384263178892005,0.10114907410582863,0.1488556903085092,0.12826757334338693,0.14345729412733385,0.027744102652237073,0.224853972118175,0.021813333194447008,0.07004847673187937,0.09837418347207535,0.10263412553079303,0.13582749414907286,0.030269300472380585,0.13153050122383206,0.14311816776737085,0.1310746257869724,0.1259961236029968,0.03483424570887673,0.058173953003166794,0.11807266910441482,0.1359130243203614,0.023659948759404033,0.12209243438290776,0.16586787398215105,0.18735443358938994,-0.01259686469740483,0.20497931702618144,0.048244687332398575,-0.06994786976859294,-0.02602581175143034,0.0945787682112051,-0.04670674657869352,-0.008941403031878698,0.022957672610515865,-0.10755523948640074,0.18049741512295608,-0.10250435583616917
0.11736634580892157,0.21334060962818963,0.34196481496449377,0.15455734802864704,0.10064969332051764,0.15936315692881564,0.22980893633414395,0.14782868502406063,0.11136114666327347,0.11251694610474265,0.1560297067966491,0.6041318535666336,0.04610192809136162,0.14801006460157728,0.19216706045167684,0.16200069381305318,0.11745138794482833,0.0884540352271936,0.09929177664527858,0.2097975860491353,0.07994138503168023,0.10046719220096126,0.1128493872867704,0.09769761075248252,0.2521527605417476,0.09674675055152913,0.19034499038264338,0.03957118782372843,0.14314592843853932,-0.08354739073425062,0.043788509777558535,0.18674894362279867,0.030555946556629215,0.16756097923544905,0.036606855763468,0.22199709958683858,-0.08263454019634527,0.11666730942966169,-0.051613321507984034,0.037833687234703574,0.029866146361697286,0.07508293798573515,0.1147561666398124,-0.008134414314918771,-0.009471503134880646,0.18322769054848173,0.13730305126646808,-0.026071962906598977,0.22275169993127078,-0.29921128392984897,-0.05126057820875997,0.25340871795868297,-0.010991262883252664,0.04776498814363981,-0.07112482055050486,-0.009370796631283153,-0.08220188559293182,0.237621362411233,-0.10786468359235168
0.027841884701014313,0.053412072746805275,0.08388413213711546,0.06401403198584986,0.050644711919887994,0.08201009645379308,0.057840732159163195,0.07082742818064272,0.034837929901027444,0.035214075775102896,0.07774790511785633,0.04610192809136162,0.16504667109153426,0.041738861706898056,0.027266606424495153,0.05274984600216567,0.0485467832324215,0.056778864069306226,0.05044954489678205,0.04957258086418573,0.05179218655433381,0.12716131332523417,0.03337172337361745,0.03477228415130433,0.04126685372819924,0.07739904207138278,0.048129184064072614,0.017685517295156314,0.09486842076107904,0.00872780832220148,0.0290631541252548,0.03786968990669089,0.03454176971643422,0.06142689220059402,0.030118734685409435,0.045271833467572714,0.029761497846980626,0.02679553618311971,0.11094968823671923,0.024717915766863476,0.02586178055484499,0.04944387347358468,0.0343720286704075,0.026911965933264687,-0.0066430554747554885,0.06346147864990863,0.05535565834196257,-0.0038941905357127373,0.061205942738864004,0.09122746295169852,-0.022182294376463338,-0.045186471449844785,0.010709357614750073,-0.026896548038637967,0.01780214769110177,-0.002256770955301369,-0.021721223296655136,0.049944574266921685,-0.04049428902111081
0.09511259682371637,0.05589933919364966,0.1370699379068406,0.18143191833297984,0.1227514114742915,0.15388367553552645,0.06186158602007659,0.18730581014912306,0.13205928149962065,0.039376845871851876,0.11347254035626235,0.14801006460157728,0.041738861706898056,0.539055313505954,0.08939354369417228,0.23496730471826716,0.18813739850047356,0.04308563884672704,0.10145981876737953,0.2109333335440049,0.0972587005601901,0.1780752791254424,0.07567656434264126,0.13436224781660797,0.13668187551712138,0.0961033856011203,0.1152085037994963,0.020353137093206387,0.08213720885017763,-0.03691977371345098,0.1549674989494219,0.40631852907433663,-0.01484743305580897,0.11139119793107861,0.027018967570030344,0.1092685907433759,-0.10610013627059495,0.12966993596972368,0.007482719230186924,0.06994436749747822,0.12276219149239104,0.092882165762473,0.04552288816668556,0.014723141870317365,0.009795638112924913,0.1721068195703463,0.31132636184571816,-0.016190892360699122,0.7657925019631762,0.015507742762003476,-0.01058271927544799,-0.027570454775848522,-0.02306329582625992,0.08901664899303467,-0.16357281742807012,0.022281412309137126,-0.1541668362611223,0.4122579318252385,-0.1609946744565807
0.07867701792780654,0.23904246681671693,0.4156819452481151,0.10662668629323023,0.08059839535279176,0.14929724172700767,0.059796134803446796,0.10333048081440574,-0.0032994841861703774,0.19617068081608896,0.15342402820823156,0.19216706045167684,0.027266606424495153,0.08939354369417228,1.1332632554912425,-0.04522833192202756,0.08369971252005932,0.16715720454473812,0.09525980386900386,0.22293743136519503,0.21317946863394568,-0.10019676013046466,0.07460716680017077,0.1289942204036163,0.24281629779772715,0.2245872295244871,0.14988745784794955,0.16914476014894297,0.26639256195981104,0.1968006247348743,0.15724138931429307,0.11927113708690441,0.0847846111564823,0.2232289736090309,0.2435751683692325,0.2858542860440539,0.35148217505759044,0.12155920310073846,0.16112940291861844,0.032401484807397817,0.180780503877885,0.24900990075313129,0.1996151523752781,0.016948339032782235,0.38105584171935825,0.26941940476156584,0.2282177774337834,-0.02001943863536782,-0.08045671687167169,-0.11971775539610101,-0.057582997628689195,0.11223521341724024,0.04937457946932129,-0.0033740847272057967,0.042493741394456976,0.11953670120834878,-0.22905443803213038,-0.049450697951107986,0.006134593127219546
0.05580438973313305,0.1328507095611361,0.08820238418727547,0.18705460707381857,0.17735317373927292,0.22361031650557006,0.13051761752972732,0.23584355401389034,0.1011128450849141,0.025883375741337655,0.13964650723154015,0.16200069381305318,0.05274984600216567,0.23496730471826716,-0.04522833192202756,0.9819049141500585,0.2189228984107556,0.08710019944106347,0.15041122283656322,0.3069581342257171,0.09137486619759502,0.21043254044851037,0.04325755939491323,0.12498815070953047,0.25685345504901136,0.07791882154019392,0.2164829774509221,0.07220140243489505,0.3345754734204682,0.15414762233235996,0.08645758550130211,0.17254326722259206,0.012413444315787161,0.22334884257742413,0.22241142805126216,0.10778891446948811,0.11866471794701243,0.1721221168511217,0.16270080353993444,0.14980294815310338,0.13127137501087452,0.0710049450530805,0.33351700154202957,0.015762690323186387,0.0644199623657298,0.15760031792775445,0.25811025544959837,-0.009992289650146058,0.4538190023498929,-0.144660364872801,-0.15502944066078916,0.16132107095772702,0.11421408498755416,0.01913571583147994,-0.07337842800067143,0.0801032417090718,-0.15410492834555922,0.42297232431442083,-0.2434613496205493
0.02636576765718796,0.13531302840301565,0.3352698695391159,0.1124410951863353,0.04544112865737884,0.2210146543522286,0.05172153601364842,0.49189629620091113,0.1463999792964307,0.10267301413238278,0.2628005363145955,0.11745138794482833,0.0485467832324215,0.18813739850047356,0.08369971252005932,0.2189228984107556,1.0977221941975237,0.07254957660905438,0.10468375385960893,0.466816862551409,0.23095970378104205,0.06303991596301349,0.14158526831344453,0.19949686521759272,0.24299187440317568,-0.011659772788797122,0.23495844596926124,0.10348690999283754,0.2765186702912122,0.07925886604025,0.12369002105870841,0.13502186591824103,0.37032932192878804,0.14078595948290049,-0.1365654030437472,0.21957241479119113,0.44152874066903003,0.2643414640506096,0.033932867059692305,0.04028531626363375,0.18425940629331422,0.19290385454116027,0.2515344376197339,0.04808998637242072,0.1901834357803287,0.3404131493402811,0.5793379377068263,-0.020307118922915902,1.0373483252764415,0.22544485241732684,0.04397189887016981,-0.20181324469708062,-0.027221545656827065,-0.10850068162646387,-0.09962194738363676,0.0484760997286686,-0.08506049768019952,0.2783432786564318,-0.11320914807312099
0.10050365197060301,0.35280972032542485,0.2116580914493627,0.05131626011732813,0.032858473212145585,0.1259169293559413,0.08677112649918586,0.17692756961898315,0.048614064244443055,0.17213603841585018,0.08479193140420928,0.0884540352271936,0.056778864069306226,0.04308563884672704,0.16715720454473812,0.08710019944106347,0.07254957660905438,0.7152220229104278,0.060177732088103716,0.06678701553616322,0.138027939798124,0.15641149673966676,0.3587203162833139,0.057166706611729734,0.11150552426578393,0.2318659634441159,-0.011746658999345828,0.03219009613865448,0.10126826022172895,0.0600125005706048,0.19990408775616786,0.050018511817981406,0.001271712590999336,0.14266304021130802,-0.012842006692330517,0.24649026719052777,0.08410018714944344,0.05747916938352535,0.21609882525994178,0.08976325316143197,0.06070476956641768,0.10959225279822139,0.3690033578140813,0.06669747784425509,0.2853647199105874,0.18082939788276609,0.17523006408167577,-0.02219267693013623,0.19373396433069762,0.19066060118856895,0.14413982099386016,-0.16412542854654588,-0.18956456193306234,-0.10323080793468313,-0.06064514151504285,0.05159545647687854,0.02799512452456461,0.4363318332265401,-0.4604303021164007
0.06601633401014968,0.08681251755775939,0.24894334280552136,0.20204297163576487,0.2756081027013253,0.3475224769960795,0.15109130704582413,0.13524981606032363,0.14529789699962967,0.05686980394906957,0.09204105347748082,0.09929177664527858,0.05044954489678205,0.10145981876737953,0.09525980386900386,0.15041122283656322,0.10468375385960893,0.060177732088103716,0.5683218835902255,0.1287185143239904,0.1021129328082911,0.1484405420810724,0.020552346362276347,0.08614534117334181,0.1298975207826592,0.11465876731153596,0.08426804864001845,0.12071281416583593,0.20224621911164475,0.10604257763035502,0.09573161717297529,0.13664160085111715,0.012685339849331885,0.17173015470287167,0.11356812817123235,0.1307568530974805,0.16601552696267188,0.0883586256463841,0.07281585287682352,0.017991447490035048,0.07862500945821599,0.09954940989334303,0.15258239393695605,0.013942288246362155,0.15748305999595238,0.1413676317486419,0.07386170566382554,-0.0073765319712794306,-0.24443500246273261,-0.05284930345261948,-0.003749907370926573,0.284302683429997,-0.15517603015687814,-0.06304731247063639,0.04565611883966567,0.037083726577728064,-0.08341542888007776,0.015447513464188102,-0.05464726196328395
0.0674230052642887,0.3332378278705076,0.36073894419349634,0.1282546961845981,0.08371806844865907,0.24235709445419798,0.09663084684305515,0.31977353262168134,0.11591071646400032,0.022368290584223058,0.2436446012192977,0.2097975860491353,0.04957258086418573,0.2109333335440049,0.22293743136519503,0.3069581342257171,0.466816862551409,0.06678701553616322,0.1287185143239904,1.1581525187440702,0.09885706541211291,0.0795634338732834,0.20884167658519262,0.20896457011012914,0.25107218463291386,0.23629374304875497,0.3454433361065006,0.09275325896407298,0.19175282569308033,0.3117925783865236,-0.006494764398920228,0.20849248396343054,0.19743316528619753,0.22302051541545004,0.007417265174240825,0.21205327676481925,0.5224251159306516,0.5247691580284296,0.0655903633149867,0.10463098233693785,0.16235841625225997,0.06413130462893395,0.7950845705926894,0.07632312287243279,0.3519710928440106,0.283689186057481,0.37475053469268343,-0.020308664860814916,0.6188492513827043,-0.10662221944208142,-0.09440406610675046,0.19553101608676618,0.0595159285566484,-0.05791444679179786,-0.09592991556898674,0.05372917852594559,-0.09214272785538738,0.11077794322226703,0.028036156420392963
0.044823081421064,0.255964336190963,0.2635559693202339,0.09990809837614326,0.0626064116352805,0.1477562274980034,0.06288656973201895,0.1301617143608651,0.10653261554505124,0.06947700551480265,0.13051100061199022,0.07994138503168023,0.05179218655433381,0.0972587005601901,0.21317946863394568,0.09137486619759502,0.23095970378104205,0.138027939798124,0.1021129328082911,0.09885706541211291,0.4143741868505599,0.05227188186113139,0.08037613386350165,0.12683042061097197,0.13385720663890183,0.08235524110878098,0.0859842065087851,0.1422370643628776,0.19072492845933858,0.1569490119236736,0.21379618554115187,0.07987882512259793,0.20513962823387497,0.03980643894332458,0.07504817130259167,0.27925077039853097,0.2576225173503981,0.10787918957185931,0.17258067318847245,0.1109719409585219,0.1884934503842536,0.4077171299398062,0.20969740731885167,0.007375647520904664,0.5590765783337431,0.2830541186666347,0.35792129533900796,-0.019393094890033255,0.2893775470555751,0.07519668418535763,0.0065118666847890794,-0.044166328606525536,0.002133207348053599,-0.05557376247674635,-0.011735576203529701,0.024182724880584937,-0.14590712766768107,0.04202871984068803,0.020296037872116965
0.11034892414395475,0.11135928521016253,0.21326998976581943,0.07546477378427138,0.0658772889639597,0.18480010091296073,0.09596973598381375,0.21027663820422596,0.017723838735166544,0.07421862801734617,0.09143519836654744,0.10046719220096126,0.12716131332523417,0.1780752791254424,-0.10019676013046466,0.21043254044851037,0.06303991596301349,0.15641149673966676,0.1484405420810724,0.0795634338732834,0.05227188186113139,2.188109988089476,0.29180494484069747,0.02033306728379139,0.1454025192180973,0.1263255352019205,0.10142066527607217,-0.17524040929739473,-0.3456072277868151,-0.4120009952039607,-0.001421086631999746,0.1602528632217424,-0.0324027780722749,0.05175075230139509,-0.2583332628006008,-0.059255631153441415,-0.14608960318247108,0.017130079752749452,0.17705411551870123,0.06614183621738966,-0.08175529354264077,0.07343863009986078,-0.05645537540680059,0.10760084842940072,-0.171488027810335,-0.009326541771140714,0.12394993079388937,-0.003472819463195335,0.7526286579185238,0.31902707972256217,-0.04691244066760185,-0.1568344548083627,-0.04661456583848176,-0.06814458881035615,-0.211824370169989,0.00505693261728655,0.02132945136156932,0.403367278661955,-0.24776517311368268
0.04780986561217677,0.0745378541879853,0.22173755674962664,0.03342979114126556,0.05323376724103144,0.0689155722766765,0.04728809588049613,0.09655900453906566,0.009931962823822141,0.14320315536000697,0.06384263178892005,0.1128493872867704,0.03337172337361745,0.07567656434264126,0.07460716680017077,0.04325755939491323,0.14158526831344453,0.3587203162833139,0.020552346362276347,0.20884167658519262,0.08037613386350165,0.29180494484069747,1.2470248717767565,0.1551978618898227,0.23251209629481215,0.1025947120459256,0.07857388563225187,-0.20013614819401698,0.34444295694845584,0.1775828220488276,-0.30336690277924183,0.07221999300577209,0.07005165814235473,0.2896117802219244,-0.2854985855935447,0.6378244353017145,0.18847929554156745,0.08869929669647755,0.002106157131508105,-0.007598914839678221,0.13506937559754148,0.03895729536768005,0.28059257318482084,0.23336300778478833,-0.19004378837546582,0.23782436852929925,0.14498700697401015,-0.06351498596929886,0.7543601419024287,-0.0662942368604471,0.12909454913270182,-0.2245563028648899,0.07836087492426629,-0.010588393356459903,-0.15936714089820292,0.00451240961247319,0.05448278440274639,-0.08919444902368535,0.169008373614564
0.028108876924723854,0.0736466559284343,0.21722936674237955,0.06526488900278835,0.07725602860084978,0.08143283903385848,0.06994691831770296,0.09574637372323971,0.1447568821703675,0.06794437834904833,0.10114907410582863,0.09769761075248252,0.03477228415130433,0.13436224781660797,0.1289942204036163,0.12498815070953047,0.19949686521759272,0.057166706611729734,0.08614534117334181,0.20896457011012914,0.12683042061097197,0.02033306728379139,0.1551978618898227,0.46378124744826843,0.1651264396681677,-0.021156629199285685,0.13745919927214492,0.17625651337709228,0.11465849950774833,0.36699913500386383,0.1045240403759515,0.2304440702638094,0.4127680400237795,0.032898173421246506,-0.01936797200541801,0.2657695174766194,0.23686575466373475,0.14072620136430633,-0.005846332803841695,-0.03924559297112153,0.13335843099964095,0.12046627509869402,0.07201902698692082,0.06989011286541384,0.02255390071957179,0.27379241915290753,0.2554268664514919,-0.022226767170434134,0.4794862609098113,-0.12277503899444606,-0.03538398999540764,0.13576476375823662,0.02321448365581818,-0.03569319496766384,-0.05716447359851093,0.05426574713220663,0.07064191132521026,-0.29067244637188433,0.13589899201957603
0.07042512439764212,0.21406056077013771,0.31479609725502855,0.1415624760922405,0.0786268570072865,0.22384412188160052,0.13024683995996078,0.28697322394239794,0.05883813986912329,0.12554691405285842,0.1488556903085092,0.2521527605417476,0.04126685372819924,0.13668187551712138,0.24281629779772715,0.25685345504901136,0.24299187440317568,0.11150552426578393,0.1298975207826592,0.25107218463291386,0.13385720663890183,0.1454025192180973,0.23251209629481215,0.1651264396681677,0.9619343314890024,0.03716006109526392,0.19643477800109876,0.03231700899279635,0.41658947759434556,0.1988387724011649,0.05480216801154495,0.12278503034917078,0.0897015847133946,0.34252834881573757,0.16676133344549882,0.28035797445139216,0.2039021072994847,0.15087250165578786,0.10741818690583425,0.0719177820327578,0.09746994822701742,0.10957913640200018,0.29761930965133615,0.01771198034307685,0.049907232071264,0.34576937791474893,0.2597673260383317,-0.03496209372230629,0.17885541300850993,-0.6106784162696268,-0.09671156061649261,0.3059061277863864,0.30145843983590354,-0.052127488144131776,0.00026236528057825537,0.039481527838418594,-0.12011537750624274,0.1802818472717418,-0.11467165654765896
0.05843171036228863,0.08748994197806532,0.27071807279922416,0.11873511963631717,0.07832579839382892,0.25713489865624,0.07615899384518252,0.1555130588135595,0.14896485986097954,0.050542992971679156,0.12826757334338693,0.09674675055152913,0.07739904207138278,0.0961033856011203,0.2245872295244871,0.07791882154019392,-0.011659772788797122,0.2318659634441159,0.11465876731153596,0.23629374304875497,0.08235524110878098,0.1263255352019205,0.1025947120459256,-0.021156629199285685,0.03716006109526392,1.6006224931565523,0.12678862560693493,0.0897376175070222,0.3274152691931267,-0.34938918192634727,-0.18320354878646017,0.09157453833687863,-0.00526895529797809,0.016041488898223207,0.019176659712810122,0.12392316287748134,0.0035670709857212263,0.08404615768148145,0.13173554371470333,0.09453059460664452,-0.3001974243286558,0.17781013638457585,0.49252916807312674,-0.007040230646751274,0.9546043569575763,-0.052438734492964045,-0.08667215013263749,-0.016353569937879623,-0.5369212317637626,0.39278204076187734,-0.029446273329216198,-0.0005688974813390308,-0.2877305814386237,-0.0919100187317083,0.0006473214167685586,-0.07537702082038159,8.178467194044938e-5,-0.1664897719425157,0.18742189165185177
0.07151201470761355,0.1988222385408339,0.175957901593451,0.08752252672074834,0.07111952667049308,0.1876058077381948,0.10499722217110886,0.18443638786023928,0.08204784901298842,0.08685645197843896,0.14345729412733385,0.19034499038264338,0.048129184064072614,0.1152085037994963,0.14988745784794955,0.2164829774509221,0.23495844596926124,-0.011746658999345828,0.08426804864001845,0.3454433361065006,0.0859842065087851,0.10142066527607217,0.07857388563225187,0.13745919927214492,0.19643477800109876,0.12678862560693493,0.6778649272429311,0.13002869018970944,0.17117660639568774,0.16394708677330558,0.008901371312151605,0.158630266799475,0.13505725648498704,0.13393935864262976,0.1620868886802097,0.18051401975616393,0.20445788493582134,0.18054353797059394,0.06740752032621826,0.0695748872852095,0.1404756006982065,0.10829391615817878,0.32033443602749045,0.06114420267137483,0.08635727155472796,0.22096583282421756,0.17495237332227007,-0.01638183504279703,0.2431644589504866,-0.11765198910996633,-0.13150437553697983,0.13918711111480897,0.07127675035286697,0.03183839123749532,-0.05393482312764155,0.11769396355595638,-0.0416642848635788,0.3314242349180332,-0.3273950052004045
0.023753292558499364,0.13418661873288754,0.18609321625909178,0.02871319456976991,0.056380952860293154,0.011746326839426734,0.05490416982778182,-0.07810212281175674,0.11916917436947995,0.07555461334852534,0.027744102652237073,0.03957118782372843,0.017685517295156314,0.020353137093206387,0.16914476014894297,0.07220140243489505,0.10348690999283754,0.03219009613865448,0.12071281416583593,0.09275325896407298,0.1422370643628776,-0.17524040929739473,-0.20013614819401698,0.17625651337709228,0.03231700899279635,0.0897376175070222,0.13002869018970944,1.132859647170293,-0.16982529068497565,0.42878234502016066,0.3008706874351006,0.09027534213223429,0.3116212062520866,0.00353294914177064,0.8439560866855295,0.34600998383757825,0.3560628303230125,0.09701718919505276,0.07276027095206088,0.07069444441321983,0.2871770097024906,0.20384072442705092,-0.005350471012233846,0.17639614602537596,0.3246714228350509,0.25895305802371754,0.09385065242465908,-0.007559758215717924,-0.1384210134518662,0.13044646495880463,-0.1979052361430794,0.8287729899506917,-0.8376290553126317,0.06042226508463443,0.07356754392120367,0.041432795615521496,0.06299499032546317,-0.414531539275746,0.0685360015316161
0.017773271918721086,0.20241324817898032,0.5346984649173178,0.19080476012053707,0.08876367080175805,0.45574500351637615,0.12161189052713767,0.3118887965148231,0.16050777761821514,0.20697442448413855,0.224853972118175,0.14314592843853932,0.09486842076107904,0.08213720885017763,0.26639256195981104,0.3345754734204682,0.2765186702912122,0.10126826022172895,0.20224621911164475,0.19175282569308033,0.19072492845933858,-0.3456072277868151,0.34444295694845584,0.11465849950774833,0.41658947759434556,0.3274152691931267,0.17117660639568774,-0.16982529068497565,3.3506276848999974,0.5057067952600404,-0.5877608027335345,-0.025894562763248034,0.20204909584649014,0.6444067921835374,-0.11264092711778181,0.6012241289889564,0.7007475952290632,0.049877554754175206,0.09022264860980027,-0.0733977405193606,0.13665962853891198,0.12616338247696993,0.3234472032351228,-0.1747634532600051,0.11374969314624854,0.34928399706187185,0.4292181795270896,-0.0684865340972746,0.6475224184004212,-0.24013931191513951,0.0006083989730314403,-0.18908903154830806,0.46223326816326427,-0.09748640984080695,0.12754276191904743,0.15121112448006624,-0.2760051837898612,-0.003571237355681565,0.030209803966022523
0.023557712430146125,0.048606533505672726,-0.043634619214150426,0.06193865732069214,0.12041461664270696,0.07313579541570159,0.07764640960289847,0.026551349353374023,0.11955553833134903,0.037249516601425475,0.021813333194447008,-0.08354739073425062,0.00872780832220148,-0.03691977371345098,0.1968006247348743,0.15414762233235996,0.07925886604025,0.0600125005706048,0.10604257763035502,0.3117925783865236,0.1569490119236736,-0.4120009952039607,0.1775828220488276,0.36699913500386383,0.1988387724011649,-0.34938918192634727,0.16394708677330558,0.42878234502016066,0.5057067952600404,3.5716056230822018,-0.14345839533144775,-0.27849663077145576,0.18481516781787294,-0.06529943988440179,1.0195731519876432,0.7684964552075131,1.2197718506329234,0.23776805791129987,0.3625519345403303,0.08905409684815255,0.8248544758249766,0.19864389250554684,1.2107842889465037,0.24433480612930528,0.5275463378555546,0.49632551360106403,0.012086647745469515,-0.049406198585073974,-0.46507979758083134,-0.705809663015075,0.18577579692028093,-0.423339386371338,0.6911725757412723,-0.001439052586049807,0.2341471795200432,0.1831299939779012,-0.0473505422551519,-0.3000451327292738,-0.17647331599095012
0.09153324283170332,0.2166572056531771,0.11671828094834613,0.05556358759333472,0.07953912156925276,0.029355250734457033,0.05860348008144317,0.09714870153403768,0.12605512118632226,0.0805686876967004,0.07004847673187937,0.043788509777558535,0.0290631541252548,0.1549674989494219,0.15724138931429307,0.08645758550130211,0.12369002105870841,0.19990408775616786,0.09573161717297529,-0.006494764398920228,0.21379618554115187,-0.001421086631999746,-0.30336690277924183,0.1045240403759515,0.05480216801154495,-0.18320354878646017,0.008901371312151605,0.3008706874351006,-0.5877608027335345,-0.14345839533144775,2.0152332229870518,0.29097763588936687,0.044343250599267706,-0.07902659875124438,0.40063286277146537,0.22123227539941429,-0.7661534941858135,0.09864389954225984,0.28431773796308923,0.25848176548629354,0.15136415435586137,0.18550158168235165,-0.4093143956209509,-0.0773796290345542,-0.010906334270433419,0.546493653273221,0.44341507661752355,-0.024546356891903622,0.25216948777052056,0.004985201173812722,-0.05978786803157598,0.36897057324526444,-0.2559687273188419,-0.05363332753163751,-0.04663039045692942,0.028771157570778406,0.05072409538398361,0.3982422055621098,-0.4722039573411333
0.063290864076674,0.06156707534168952,0.1541289636580987,0.13171242985923762,0.10350997409334128,0.1529119980291084,0.07509692096003506,0.06653195636478222,0.11467573437043652,0.04600562933496678,0.09837418347207535,0.18674894362279867,0.03786968990669089,0.40631852907433663,0.11927113708690441,0.17254326722259206,0.13502186591824103,0.050018511817981406,0.13664160085111715,0.20849248396343054,0.07987882512259793,0.1602528632217424,0.07221999300577209,0.2304440702638094,0.12278503034917078,0.09157453833687863,0.158630266799475,0.09027534213223429,-0.025894562763248034,-0.27849663077145576,0.29097763588936687,1.0003512454026458,-0.10911280715474349,0.2092720176864743,-0.02971349754965257,0.05911393388744455,-0.46451346677922917,0.14533383960485918,-0.007245855096916872,0.05318008303933926,0.07873518714728063,0.06566068514764607,-0.03260885516536296,-0.02931195003179613,-0.1256783634436426,0.24299849962988293,0.38509986555488335,-0.023456459629779554,0.6536197245524801,0.04681113367045416,-0.08898399906322377,0.42529668776189405,-0.4708312737093247,0.13371310449986132,-0.1952349227997939,0.101003390636232,-0.07079830544011104,0.1629736052356452,-0.1029030398293736
0.011407016850816968,0.03721458262235329,0.21023352495298245,-0.06415774098650714,-0.004734009525602445,-0.11952986813127128,0.01562635765085756,0.13775148420659863,0.19934467776947945,0.011433189805480257,0.10263412553079303,0.030555946556629215,0.03454176971643422,-0.01484743305580897,0.0847846111564823,0.012413444315787161,0.37032932192878804,0.001271712590999336,0.012685339849331885,0.19743316528619753,0.20513962823387497,-0.0324027780722749,0.07005165814235473,0.4127680400237795,0.0897015847133946,-0.00526895529797809,0.13505725648498704,0.3116212062520866,0.20204909584649014,0.18481516781787294,0.044343250599267706,-0.10911280715474349,1.9147061536592038,-0.4182731995124192,-0.9715942060956905,0.14156921556003757,0.6058957506413916,0.17332582550733067,-0.22216300513818663,-0.3469524079547072,-0.23585027036912187,0.19677207741427122,-0.14908862713984403,0.06963674302763814,-0.07848523048439918,0.2685390910247166,0.4621021498507703,-0.007694595483525757,1.3885646893131158,-0.014605070017311381,0.03317900096113248,0.08035514590977089,0.13953689539986522,-0.2918319537555463,-0.13857671896414067,0.1828384667117248,0.17040977665989931,-0.3934835497975988,0.17322641823065937
