0.9512124757038382,0.21813508263701584,0.35293127325415197,0.04739654280797474,0.24766780722121748,0.13602633893648167,0.2419131641286177,0.19648523137606416,0.08072746806189343,0.1275055861260242,0.15249652061003582,0.1691385417780959,0.19146485974446334,0.15187875175196036,0.151125280462608,0.1471069646757532,0.09118832967057229,0.20149204170523285,0.13028761361078306,0.07641380446780877,0.14487332528625343,0.239804235467945,0.11841367637599784,0.059406342875620424,0.15648363135680152,0.11339957887015369,0.09962537717874426,0.008489426127250857,0.26010986837588107,0.05902008996610539,0.1104321773597016,0.10923679099816387,0.06655874708690213,-0.05721736058374732,0.21310012492622732,0.1525068402635226,0.0662263448810553,0.08445979665248865,0.1696784240839916,0.0054058440098147245,0.12087835853067706,0.06618568537492561,0.09384861617266008,0.03269108195887717,0.09666464912472279,0.19323709631163483,0.1330475332625562,-0.09060797181529368,0.08894940106783587,0.05975447787582429,-0.035351892475942746,-0.06197709044497196,0.019357681622114306,-0.011119124583962626,0.0003139916751978502,0.01766670029360316,-0.0706341980898023,0.02577158024160559,-0.17292820544367718
0.21813508263701584,1.8073355208768451,0.6810580356097039,0.0706226099790322,-0.006979241126076551,0.2956087955502747,0.12576405351490416,0.19980534597831576,0.09625141380723089,0.2429083240862938,0.2055179625318159,0.17211228822464472,0.2346277922233539,0.10248075486287885,0.21922636767223194,0.10912292190830752,0.17926684146788274,0.3290124027173309,0.11946857998135602,0.21608057400819747,0.297776906424918,0.2389729848770624,0.11668099367266854,0.10184764497030876,0.1447928115476096,0.14283291310973015,0.10214403131178246,0.19082508703147735,0.4339651093014351,0.030621243773994455,0.10360284037471215,0.041823028973147144,0.018827182184887346,0.2203460589735565,0.22572289360700942,0.16943252825638525,0.37532872167626424,0.13378275735837228,0.21777140791578609,0.09353609709885315,0.2107172038631647,0.18975461880402628,0.280363395655982,0.08246515151016211,0.3097059767359235,0.18391827147361522,0.20935105764924752,-0.03502749718124355,0.12486524981581068,0.01105352315534449,0.12431426633962442,0.08144102037011137,-0.1130679689728723,-0.03764077065150848,-0.10589085501867224,-0.11701049295358408,-0.4039412158653252,0.13452171943483923,0.4780503857675472
0.35293127325415197,0.6810580356097039,1.8077246093401504,0.012263451546505424,-0.2188892624661083,0.3681987690754116,0.2216155251845447,0.1623173566058396,0.28916605158752035,0.263272504497924,0.27424631985121006,0.19953034153873145,0.23323126203759867,0.041958555108403635,0.21947293269719373,0.06947070358198011,0.22025827876338053,0.2613407532963187,0.19448910598376107,0.1320315718410484,0.29543114481686156,0.3124424812794655,0.09433229397764839,0.09927731846359487,0.17830882474111714,0.14674419610136974,0.059208756005283476,0.23150542727726112,0.48033633050564223,-0.24566645338415907,0.14713706816253772,0.1639355567979522,-0.01482098167515977,0.27183201156156495,0.4562062639350843,0.3595405826043264,0.19641462915620211,0.09866423024445053,0.2460597011200379,-0.17721324937769745,0.1987637894290127,0.2074026150589951,0.07009011562525884,0.06045799686955135,0.2990679421220066,0.3454623365499416,0.0656220793472252,-0.17833249098923135,-0.2791851482532307,0.029100268618638722,0.030603972940500223,0.15775646631732151,-0.06576496995003056,-0.07803253746636304,0.016076245545439197,0.023180976620763717,-0.00022560869538083112,-0.0776492887332944,-0.24038228258156397
0.04739654280797474,0.0706226099790322,0.012263451546505424,1.320659968028178,0.4639900356416134,0.22716038745018352,0.3510153611170401,0.32572120239482216,0.08088186654212413,0.18382787892581123,0.22627137478126008,0.29318459552958076,0.3044081122665003,0.2990399868815027,0.22910119383869665,0.33267600839576855,0.2716720987090655,0.22406153032100784,0.19400185156004524,0.20570655222975814,0.15923795701513463,0.23640649731703647,0.17642069098687505,0.16076235202049285,0.16965024879166604,0.30039135257335803,-0.02399383986146451,-0.014143566619109095,0.30323644154090434,0.25009056129961643,0.11327562670974768,0.12889268400154752,0.018520937825100624,0.4556553097912394,-0.25180672866259807,0.1701429132636794,0.3022348394110619,0.13055643840007217,0.22125273729725298,0.0963898587394586,0.12696083687268853,0.10948501597754282,0.23095626781554213,0.06775235380237403,0.02017824932789139,0.10829530701529969,0.24456383815250382,-0.05647789805400397,0.14120141047971702,0.13335079315002035,-0.040852069173543344,-0.16825290861350511,0.02583283646462218,-0.0005773652637002761,-0.001729652099398684,-0.0937577371439011,-0.5640559511276136,0.5322818664358094,0.22643614728887565
0.24766780722121748,-0.006979241126076551,-0.2188892624661083,0.4639900356416134,1.19747705781264,0.13466885573454415,0.2706693320602248,0.2680924659254749,0.05090970682914525,0.1266914989216391,0.161263125251793,0.2597263282768007,0.31298491732555955,0.2153308763077036,0.20907313991814364,0.32662468519924714,0.15849120834603508,0.230708475152942,0.30520382242310795,0.1533180120479392,0.060651511294885115,0.2572462233634813,0.214773860348995,0.17234147339748573,0.11860491697990326,0.26550351731516264,-0.04080813322516536,-0.08185587222147278,0.28031564656677294,0.1971816562313686,0.15539899522729503,0.2075305920320981,0.08304696975687953,0.28014156267948487,-0.30600431022507657,0.23559007304128426,0.20627753726024897,0.13200529477837697,0.1498227227916802,0.1342385687349615,0.13582400661087066,0.11260301953303964,0.0885445852301218,0.034563602607645405,-0.16377801612194795,0.1567666974076124,0.2049096597424725,-0.06433769068254186,0.22883598855801432,0.24179733517080468,-0.12418903854254419,-0.2734554588957734,0.08260546443877069,-0.03455210112822518,-0.2163437988834563,-0.03364042470008787,-0.2415709056700233,0.1362060319854008,0.27230417947749525
0.13602633893648167,0.2956087955502747,0.3681987690754116,0.22716038745018352,0.13466885573454415,0.7611829011881467,0.18840811832400142,0.2145318375060694,0.16210466838367096,0.11466702905452629,0.21008372282480337,0.19182859121150866,0.232120415854603,0.09775503752209116,0.15997176552051895,0.1530031328441044,0.19882825199625695,0.21233395809908728,0.33146040359104895,0.27264277868872355,0.12493139242361528,0.2681894458773831,0.1331294513170085,0.09344427939212895,0.16265083865328747,0.25785732380345683,0.13250446234168378,0.06016649519306064,0.421732101453123,-0.031865290787480065,0.09752990567677502,0.21596828157191958,-0.09141915066397008,0.34633914837619695,0.11080905700346765,0.07829301984078416,0.10714274022065728,0.1492357916352635,0.16231707526853947,0.10868296357486741,-0.028295739075109128,0.08843867096406138,0.3717210898573513,0.07616845079199418,0.1520657481229271,0.13720358606488006,0.13930617591295552,-0.09323726525394618,0.1745372502327642,0.03767116086642168,-0.0747238891928505,-0.011151854480495719,-0.02218382808308922,0.01141217684142876,-0.11754454540104428,-0.009448556640125092,-0.10503475079435497,0.18488386757694475,-0.03546576318253346
0.2419131641286177,0.12576405351490416,0.2216155251845447,0.3510153611170401,0.2706693320602248,0.18840811832400142,0.6812209312921691,0.20632728995707578,0.2215509789755708,0.09810897160989662,0.23483422259976644,0.2983208777325337,0.2739476996827098,0.19415021795825085,0.16112272270400388,0.24692715323941933,0.25370699683666303,0.1674136401551483,0.12272618437964791,0.1337217052852614,0.16502102735737087,0.2524793320418602,0.09968064807239732,0.12782321147007436,0.1825263060472753,0.28297005156881655,0.0657136765294324,0.029797312444957248,0.2197963643955138,0.056227539037273795,0.13868889324742617,0.18983833725564664,0.03824803923358919,0.2955129331065612,0.18842229704147154,0.1796911471302591,0.15601518922589735,0.09037386535627771,0.2235906713619768,0.038112463152116874,0.07375097648522934,0.12935958050451438,0.10565285009682535,0.04700655053552375,0.08483298160627224,0.1487260338162491,0.07164589973756903,-0.08007998096164619,0.15222636712489102,0.04809736393355308,-0.05099186973436249,-0.14191171472960268,0.11950132075301838,-0.00035412938562953114,-0.1253110518732088,0.09291426149885659,-0.18432049680091075,0.269659793974891,-0.35763160182949855
0.19648523137606416,0.19980534597831576,0.1623173566058396,0.32572120239482216,0.2680924659254749,0.2145318375060694,0.20632728995707578,1.0170022050561651,-0.050210138486843865,0.11738775953418566,0.3287591120301627,0.19452311237836042,0.31766753967548783,0.19771985014911958,0.1794447941454033,0.21639104427599215,0.35437484214187365,0.29513576756709287,0.2175819010383465,0.3948904241560465,0.14113216516265598,0.2844644671971481,0.22770493281971982,0.207727969951443,0.2919116874065949,0.41168630753188257,0.3460869625189046,-0.19131908215117616,0.1364568349610909,0.201543235517189,0.10671213533228374,0.13712811663776853,0.1160188718854249,0.22032605005186723,0.3326730965865001,-0.018468327740903803,0.293982751086519,0.21925975991912927,0.25697854610240906,0.2071532402629426,0.05994007714301044,0.09139145592734536,0.5689201552038693,0.04787470049265451,0.23297093848254163,0.23940435798163015,0.3090123491967752,0.025933216286426593,0.498995366146597,0.14956304591662203,-0.001012222149491943,-0.06299282274800876,0.02573218354530666,-0.0953608779148767,-0.013620578502682303,-0.1404105956804106,-0.14301009524109384,0.4617005368648582,-0.15383411433592792
0.08072746806189343,0.09625141380723089,0.28916605158752035,0.08088186654212413,0.05090970682914525,0.16210466838367096,0.2215509789755708,-0.050210138486843865,0.801936066627292,0.07905297946898186,0.14289352376288436,0.17782734251165655,0.13667338735764353,0.1952146592977498,0.1589291774502103,0.1433096107903742,0.22083667184225858,0.08038467481982602,0.09807864201191936,0.115990425547775,0.1668768687766069,0.1192395829542171,-0.026825892524256174,0.08274026137124459,0.08557559068996591,0.2495950384799447,0.031053777600572204,0.21382109416182882,0.02451617407144577,0.03090719286145954,0.15703682869523394,0.15299902210848326,0.06985099096720818,0.19107956323818867,0.17152354236304676,0.12031656583296166,0.14885422236933935,0.08692953491030135,0.1677496621540463,-0.037266211021404184,0.04425964994159095,0.09414277878145097,0.07473926565435383,0.03386880586072368,0.18113290885572056,0.10576905550739157,0.05813978922087468,-0.017055125121596366,0.04003949342322351,-0.06938305356543954,0.020459969789021076,0.11784701732274502,0.037380875247058944,-0.0706069201350549,0.015929047369991973,0.20394828463341708,-0.1104034347716833,0.2279778072495192,-0.41542274189940265
0.1275055861260242,0.2429083240862938,0.263272504497924,0.18382787892581123,0.1266914989216391,0.11466702905452629,0.09810897160989662,0.11738775953418566,0.07905297946898186,0.6751660737354764,0.18768894031159336,0.13595532586265968,0.23126983609899193,0.1525345200292082,0.20191132885918492,0.1661686099172426,0.20956434888576914,0.22333396832988184,0.09168419890074643,0.10667082382323424,0.13506208086496294,0.13306538113043068,0.10599031743691004,0.11008240035665283,0.11249062216864636,0.09293845226027855,0.054982469953106815,0.1338565708744271,0.21689427339945208,0.14925060161225076,0.1518136179243785,0.06756182663706269,0.04701838643877211,0.3037274342933228,0.07567527551225847,0.220605109603862,0.3088346580004762,0.1016425358350029,0.18192963392763434,0.01145687201115206,0.23162218589870245,0.11953730213914367,0.11251256438642109,0.0560866019538911,0.01571921990880086,0.12794680558625765,0.24091407513768837,-0.011101317823044242,-0.005690903292219053,0.10091331032589831,-0.011967080040807288,0.030854304732769403,-0.040251751536311026,-0.059831811809898286,0.014784872675970668,-0.033212382760132164,-0.21541989297047465,-0.26278560795819533,0.4473425449091306
0.15249652061003582,0.2055179625318159,0.27424631985121006,0.22627137478126008,0.161263125251793,0.21008372282480337,0.23483422259976644,0.3287591120301627,0.14289352376288436,0.18768894031159336,0.4763739119879761,0.2604091989414695,0.31214200289337457,0.16520063690684,0.2160820217790229,0.2028419945940389,0.3361151651255331,0.19872494132739033,0.1349044223802103,0.292465052821908,0.18358445356054212,0.23561847993212814,0.11022113397258988,0.16091632576734827,0.18016057359068907,0.2624283912282897,0.13607619214788622,0.05997465150929203,0.24039099352970006,0.11675329605072186,0.1483728446191998,0.16330004441956714,0.06607476047949298,0.2012698993364089,0.2505705813981071,0.15310955184354832,0.20986668923556517,0.1645316491132407,0.21322781950886674,0.1093961521274117,0.12673442236748056,0.12936652057684905,0.2525454667326418,0.05597864973843415,0.15434466212047057,0.18029193428825793,0.1945368362653194,-0.042388249621608545,0.12991544476708417,0.05151832290620271,-0.0027571436931669675,-0.053848200774216114,0.02023848232012112,-0.015929163874563845,-0.12432680032829457,-0.03509568982975898,-0.1708405830145649,0.17733734833461606,-0.040571046804690675
0.1691385417780959,0.17211228822464472,0.19953034153873145,0.29318459552958076,0.2597263282768007,0.19182859121150866,0.2983208777325337,0.19452311237836042,0.17782734251165655,0.13595532586265968,0.2604091989414695,0.6658092610184003,0.22017475070537437,0.22877606862509503,0.2468857544342205,0.25204192907215467,0.3118821807917458,0.17120040087261093,0.15388280754379866,0.24080521387552403,0.18067586924478876,0.21561972815143104,0.13487191325083292,0.1639017402744346,0.24006136328527683,0.24331229657370523,0.18622647034141976,-0.0898498801091402,0.24090002260085172,0.11275105661733363,0.12758599957587313,0.21443142957789843,0.09125788375889898,0.22009660193884564,0.29255616361493053,0.07018832960112455,0.1498053985052716,0.12767160570405917,0.2527847617954815,0.1304403873827907,0.02819640218334817,0.1052094261506395,0.23552294722707134,0.039597993143205515,0.1690607332311965,0.18061969064498434,0.17458753720736714,-0.013937702755972434,0.3419263258193603,0.0906002070575277,0.0003206817873986295,-0.1456450911677261,0.05647516714954762,-0.03977125877004435,-0.3780759850571734,0.08781623542691182,-0.1955476507723386,0.1994813888397369,-0.19748576378211644
0.19146485974446334,0.2346277922233539,0.23323126203759867,0.3044081122665003,0.31298491732555955,0.232120415854603,0.2739476996827098,0.31766753967548783,0.13667338735764353,0.23126983609899193,0.31214200289337457,0.22017475070537437,0.6463359661365352,0.2203429271538658,0.105851505298901,0.2848575823650639,0.31361459403234204,0.22801594354524865,0.21256178542036797,0.2477748670623894,0.18977912287938262,0.3670481840276748,0.1254346468067633,0.19439200111835292,0.1686496829104349,0.2331637871286354,0.1308342787539347,0.07855680072584828,0.3821786008678673,0.07835506802384869,0.1456292813615907,0.21072057671922093,0.09698467130259386,0.24412354471581277,0.12630287224529085,0.2346712797554618,0.2435165692396442,0.17891902108655788,0.2217019919649031,0.08968314491734879,0.20096041168453713,0.12395296923141705,0.24520599643084962,0.06499558566842333,-0.04976686360270351,0.2508874362388832,0.1935657349816649,-0.07019663600319583,0.26992774090788374,0.20198459255181933,-0.040254592499124865,-0.03697493443286264,-0.008516099602095185,-0.1438244811801336,-0.1872905522484563,-0.08995057934597656,-0.21751922969593146,-0.10988682354246218,0.37500289930323544
0.15187875175196036,0.10248075486287885,0.041958555108403635,0.2990399868815027,0.2153308763077036,0.09775503752209116,0.19415021795825085,0.19771985014911958,0.1952146592977498,0.1525345200292082,0.16520063690684,0.22877606862509503,0.2203429271538658,0.5825391197358286,0.2192584082921033,0.29768789745562707,0.19142791852753288,0.11573693421329029,0.12592234483997475,0.2236288443455185,0.1188589534284828,0.1914995274299063,0.07839004379402024,0.16582277976152615,0.14089336887536286,0.2176529280035248,0.040950200436980354,0.1103792288536201,0.16556431948815153,0.24978113499524351,0.11950679256127009,0.12055692608683002,0.11663377646412715,0.1245148096606722,0.15293747021534293,0.09828927190763767,0.2167663703047962,0.12861889918621724,0.10215375736914839,0.12664022522447504,0.15506858221329792,0.13396332705566413,0.2940363181056331,0.06611734910991937,0.11801048596391864,0.08271858069548833,0.21878234795236048,0.005301332801992116,0.32386724991582827,-0.010568258433917543,0.02287884054693154,-0.11139309677547284,-0.03909739921913625,0.06220356695471878,-0.08506837878206847,-0.0044024369096337165,-0.3230718802760747,0.2995541176022584,0.1563667022887961
0.151125280462608,0.21922636767223194,0.21947293269719373,0.22910119383869665,0.20907313991814364,0.15997176552051895,0.16112272270400388,0.1794447941454033,0.1589291774502103,0.20191132885918492,0.2160820217790229,0.2468857544342205,0.105851505298901,0.2192584082921033,0.6853183836289263,0.18243374643773552,0.19584955080995917,0.21326880876630577,0.16048212319874428,0.175519862438284,0.15337172597724882,0.08009105121630183,0.018180621928592853,0.14157837604595785,0.21863851035605963,0.19311511794276745,0.03741433442419304,0.18411032369200248,0.14556186796421805,0.2596940094685323,0.17335739246360637,0.08476296900871326,0.11121421718305437,0.25138383029326894,0.14127754504581488,0.142594366617918,0.38067858650759495,0.09474469605524033,0.17341675508281085,0.002064570681998905,0.1553800310474483,0.17115700884894694,0.12873651032945688,0.0408953414229835,0.1686404183881381,0.14916560803254236,0.24566794244820706,0.018995703346384972,-0.032979620939171665,0.22499374101831593,-0.03204756380789846,0.04370999965767134,-0.15645067567323687,-0.05501464992235262,0.005535587303113242,0.06333347990317215,-0.33140655235602084,0.3683413948303124,-0.1533016360901855
0.1471069646757532,0.10912292190830752,0.06947070358198011,0.33267600839576855,0.32662468519924714,0.1530031328441044,0.24692715323941933,0.21639104427599215,0.1433096107903742,0.1661686099172426,0.2028419945940389,0.25204192907215467,0.2848575823650639,0.29768789745562707,0.18243374643773552,0.5504557286824733,0.21776744741563644,0.17688459871513135,0.1902272799031258,0.19106352228168713,0.09800043301460777,0.22350598632462293,0.12693164154261433,0.17520264828413637,0.18873812304674278,0.19419709630067017,0.04270929127815738,0.047502332434193224,0.24890583270467959,0.14608731936039016,0.10218994625313574,0.19158790186284858,0.08225550390770762,0.22849414427447723,0.18944080959954843,0.13595725076196508,0.17686165258869244,0.11265470851330231,0.14594245588359878,0.1107890604445096,0.10428700342154207,0.11460424141945123,0.24182724217589488,0.0740759922766636,0.012472042525910214,0.1360642226731387,0.18475326977741358,-0.039587731758520824,0.1578630425380184,-0.004649533157099033,-0.013043151632356729,-0.08809293473283841,0.02910887671912608,-0.031955245012981304,-0.12481801801842833,-0.010764100500559082,-0.27569480088132264,0.19597160579816605,0.11708599198931506
0.09118832967057229,0.17926684146788274,0.22025827876338053,0.2716720987090655,0.15849120834603508,0.19882825199625695,0.25370699683666303,0.35437484214187365,0.22083667184225858,0.20956434888576914,0.3361151651255331,0.3118821807917458,0.31361459403234204,0.19142791852753288,0.19584955080995917,0.21776744741563644,0.9640969454909092,0.12060970055696417,0.16894766553651414,0.3968748626114669,0.25062610122895623,0.2997366309454002,0.0029196068352619446,0.13995334564585346,0.20958259395248233,0.14228676939236998,0.25444118769744645,0.20050842537360017,0.34306571820594756,0.04914161767701609,0.1677832874843744,0.12594266525092787,0.10201714822820318,0.20111904673116335,0.20297557583415157,0.18432093443444184,0.3639264871753759,0.20720630013158203,0.4052300028816689,0.14327914689110258,0.22594917137185663,0.12307989269591513,0.2605421948469558,0.0835684649887765,0.20200696533606088,0.1966053305067133,0.19395718786691316,-0.004109974602874679,0.3703142145537973,0.36454976747973056,0.009776024929468273,-0.09603274826960663,-0.09442677872993673,-0.10344228350252088,0.046436310101362996,-0.02564079205267183,-0.22735520090208292,0.23490812089467264,0.05832206935974767
0.20149204170523285,0.3290124027173309,0.2613407532963187,0.22406153032100784,0.230708475152942,0.21233395809908728,0.1674136401551483,0.29513576756709287,0.08038467481982602,0.22333396832988184,0.19872494132739033,0.17120040087261093,0.22801594354524865,0.11573693421329029,0.21326880876630577,0.17688459871513135,0.12060970055696417,0.8752644107106085,0.18349600750220418,-0.06465518488846052,0.24228428429972515,0.35151061908074965,0.29692207814362415,0.1368828092560606,0.17826564465649317,0.12080955237221434,0.042729515488098634,0.12851189922531855,0.3426811733774307,0.03762812022164023,0.24968639977588597,0.08298688003549493,0.1365360910114563,0.24074061940626956,0.15278296211556158,0.2781639668300972,0.37586669053354,0.07885369030974962,0.2217694180705719,0.06924728918023573,0.17804900189480846,0.1606208261042778,0.3463543931846534,0.047266964284157754,0.1806883269904032,0.2430077479489992,0.4294183499647204,-0.14724556847233555,-0.20953824106414476,0.21085926979794126,0.09389981130446717,-0.0011295576383217158,-0.2550719953770865,-0.09278779542988543,-0.0992849080155047,-0.06805021521763138,-0.1870058201641145,0.09851200705027297,0.045962999620036714
0.13028761361078306,0.11946857998135602,0.19448910598376107,0.19400185156004524,0.30520382242310795,0.33146040359104895,0.12272618437964791,0.2175819010383465,0.09807864201191936,0.09168419890074643,0.1349044223802103,0.15388280754379866,0.21256178542036797,0.12592234483997475,0.16048212319874428,0.1902272799031258,0.16894766553651414,0.18349600750220418,0.7032538868986449,0.1337603584994237,0.14840889979802985,0.2763146818801618,0.12319323186794871,0.10825975499445903,0.1177057604640179,0.11529676861438573,0.10346917175073249,0.09764584507662445,0.2443751570264483,0.10552276896523502,0.13082178608603715,0.15945776068593678,0.016659986960717722,0.19563790365786887,0.03286653887601651,0.2233705589685397,0.08193036653522086,0.13620605511251213,0.1469785986742251,0.06233621610047822,0.10310976023714861,0.09777169608523271,0.11664060528030303,0.029634822670847473,0.07258167312749421,0.2189220447184205,0.12475945452371973,-0.11441055822173475,0.006860694273939038,0.06268082585973944,0.07720032309932146,0.13054493648934332,-0.11575665473223691,-0.06964755174787295,-0.05553305573766201,-0.02071821843613684,-0.11814530018300891,0.12557594403191405,0.027822154128232687
0.07641380446780877,0.21608057400819747,0.1320315718410484,0.20570655222975814,0.1533180120479392,0.27264277868872355,0.1337217052852614,0.3948904241560465,0.115990425547775,0.10667082382323424,0.292465052821908,0.24080521387552403,0.2477748670623894,0.2236288443455185,0.175519862438284,0.19106352228168713,0.3968748626114669,-0.06465518488846052,0.1337603584994237,1.2200896999652784,0.037632037163249706,0.2942128898471358,0.05857175747318062,0.28110042333689683,0.24845512790786825,0.38093895433420244,0.42827635468946373,0.0439092346856926,0.21444751326353156,0.3956522373603742,0.10939243908618977,0.267617463701174,0.2064453453678576,0.16553885401236076,0.11085432361170736,-0.05652182179487629,0.37025588101797036,0.46677906023080634,0.054388072827414,0.17256669981276213,0.05408838751839293,0.09317026964713661,0.8854561415693958,0.059179059268699964,0.3876262245139319,0.14285754232128203,0.15548756603114963,0.09883665951981735,0.8011631388496897,-0.15205125113966125,-0.0795608672959084,-0.13143999676225052,0.2582071859023535,-0.020620900355116392,-0.09731182560535256,-0.04863179164987191,-0.08251016581540564,0.22472928292209582,0.05733744320815973
0.14487332528625343,0.297776906424918,0.29543114481686156,0.15923795701513463,0.060651511294885115,0.12493139242361528,0.16502102735737087,0.14113216516265598,0.1668768687766069,0.13506208086496294,0.18358445356054212,0.18067586924478876,0.18977912287938262,0.1188589534284828,0.15337172597724882,0.09800043301460777,0.25062610122895623,0.24228428429972515,0.14840889979802985,0.037632037163249706,0.7830444593558494,0.2329788615584042,0.1422604209476589,0.11261440978981856,0.11099628300938442,-0.042692174753347176,-0.0005443289321441911,0.20325121604259314,0.22250268012900257,0.22063072476052342,0.18964868861495052,0.08750460021451646,0.005771762047703325,0.04723948429452406,0.3430601503854585,0.2889290732184783,0.2997656413380092,0.10541462486289045,0.42540158915422,0.08871097335785585,0.3052615306805567,0.22545389885761602,0.08511349752694147,0.10277195252557197,0.5721757798279726,0.17594610671258923,0.28388587310728974,-0.05995433573104322,-0.09655162300094673,0.13351817117043788,0.07947281043074624,-0.029639387826649703,-0.07390064434518591,-0.04712682024895122,-0.004947106121600234,-0.03683909727548494,-0.22818709815156835,0.06056675154305799,0.07512430189803827
0.239804235467945,0.2389729848770624,0.3124424812794655,0.23640649731703647,0.2572462233634813,0.2681894458773831,0.2524793320418602,0.2844644671971481,0.1192395829542171,0.13306538113043068,0.23561847993212814,0.21561972815143104,0.3670481840276748,0.1914995274299063,0.08009105121630183,0.22350598632462293,0.2997366309454002,0.35151061908074965,0.2763146818801618,0.2942128898471358,0.2329788615584042,1.624669402423695,0.4310733216628307,0.31953062028183926,0.2413391703622611,0.07896488523468677,0.4484933215439051,0.08818385798241435,0.6694355372695938,0.1802420120615919,0.18982522553794356,0.3354901553877563,0.31040014746251604,0.03223589637152068,0.167952436785145,0.6366870983096895,0.08282274217639492,0.2686807623058316,0.20005929699764602,0.15498304440638025,0.28197336752364127,0.2700595196331781,0.44290582132411466,0.09359077667841563,-0.03780751313997768,0.6180664775312028,0.30464439395610615,-0.6690303005825833,0.5706745066132514,0.011008268032604207,-0.027852025059211367,-0.3510929025615177,0.1099929808396492,-0.023903687059175803,-0.19621551946702998,-0.06817620923337003,-0.1321947234874329,0.016636031044424095,0.23092972845533088
0.11841367637599784,0.11668099367266854,0.09433229397764839,0.17642069098687505,0.214773860348995,0.1331294513170085,0.09968064807239732,0.22770493281971982,-0.026825892524256174,0.10599031743691004,0.11022113397258988,0.13487191325083292,0.1254346468067633,0.07839004379402024,0.018180621928592853,0.12693164154261433,0.0029196068352619446,0.29692207814362415,0.12319323186794871,0.05857175747318062,0.1422604209476589,0.4310733216628307,1.4256942046222885,0.25088033748325145,0.35343361917617905,-0.02908303315510219,-0.14529214505732926,-0.5873783831855804,0.5596161476981929,0.31911387250032797,-0.06788703640873045,0.03957235338113502,0.030360067026536607,0.2624328476721289,0.11530520429046277,0.5133836788273957,-0.062410591932281975,0.0007547501135717059,0.1565188933583013,0.02375594891347332,0.1552621673694587,-0.0022279856101336624,0.2725898114190695,0.13576803497956869,-0.25114017902371794,0.26345159610200336,0.3411755676341812,-0.27605709679117973,-0.1641696993362759,-0.06577694783309228,0.038268851510136995,-0.21413176135867193,0.07917529396002883,0.008704941075333403,-0.04220369307332636,-0.12384576015189344,-0.185442915705472,0.1562030581077136,0.059135699363826996
0.059406342875620424,0.10184764497030876,0.09927731846359487,0.16076235202049285,0.17234147339748573,0.09344427939212895,0.12782321147007436,0.207727969951443,0.08274026137124459,0.11008240035665283,0.16091632576734827,0.1639017402744346,0.19439200111835292,0.16582277976152615,0.14157837604595785,0.17520264828413637,0.13995334564585346,0.1368828092560606,0.10825975499445903,0.28110042333689683,0.11261440978981856,0.31953062028183926,0.25088033748325145,0.6341314535028301,0.27392030777777604,0.1742549636168717,0.049727206821204524,0.030714526576602345,0.0982408134895674,0.5686021885232911,0.1429798973907815,0.32679029426550854,0.5366203754095471,0.05326836510569252,0.24701208932766647,0.21157692598075314,0.3245121743687254,0.2136138272126126,0.1389963457636782,0.07910923334733638,0.014396883847051473,0.1513324750336899,0.2761086494511511,0.0656874267930675,0.14715945636039468,0.22798158940276803,0.37741253105867223,-0.043820828426904324,0.1678985198369887,0.0209497224695867,-0.004774750243989445,-0.21709728702719394,0.09980864533837006,-0.05109947313475539,-0.03623024803775369,-0.1385217471575075,-0.016908767909139973,0.059582709408660804,0.01287974280884669
0.15648363135680152,0.1447928115476096,0.17830882474111714,0.16965024879166604,0.11860491697990326,0.16265083865328747,0.1825263060472753,0.2919116874065949,0.08557559068996591,0.11249062216864636,0.18016057359068907,0.24006136328527683,0.1686496829104349,0.14089336887536286,0.21863851035605963,0.18873812304674278,0.20958259395248233,0.17826564465649317,0.1177057604640179,0.24845512790786825,0.11099628300938442,0.2413391703622611,0.35343361917617905,0.27392030777777604,1.015414258747353,0.1601037686029458,0.3296145760050302,-0.10012341819560068,0.28424006344209796,0.35298543568577795,0.010436145516467182,0.1234825540835996,0.23602048320215138,0.3075616354129321,0.36424411515651,0.14005819988504015,0.3965799075567517,0.1563217140771868,0.16603405191448195,0.004174631045773955,0.06869946498983587,0.14463838369101925,0.3633179389095673,0.08280231599650624,0.15178412880469322,0.2752810069490614,0.29301125508537884,-0.05370907009903009,-0.11902049241109061,-0.01984858161371254,-0.014199802462149441,-0.10693854882723382,0.09314469623577641,-0.0653689769798018,-0.019411144473785016,0.03689985242889637,-0.11697388910203074,0.19389473341123725,-0.2470097596977058
0.11339957887015369,0.14283291310973015,0.14674419610136974,0.30039135257335803,0.26550351731516264,0.25785732380345683,0.28297005156881655,0.41168630753188257,0.2495950384799447,0.09293845226027855,0.2624283912282897,0.24331229657370523,0.2331637871286354,0.2176529280035248,0.19311511794276745,0.19419709630067017,0.14228676939236998,0.12080955237221434,0.11529676861438573,0.38093895433420244,-0.042692174753347176,0.07896488523468677,-0.02908303315510219,0.1742549636168717,0.1601037686029458,1.485541033994217,-0.23952102376730225,-0.057627309163077026,-0.5261028940934465,0.2912156991302443,0.08591733574490883,0.2885817965154554,0.017711817886270135,0.2913650417631832,0.1844594549522287,-0.25056274980239346,0.123393269228896,0.2400707311463271,-0.4902025709593478,0.0904707292799836,-0.16057506031327742,0.18572995216276642,0.7630685581238625,-0.05807688872168978,0.4934910993827831,0.07776191880709477,0.15976352899613677,0.07739816523755774,0.17158994156526597,-0.15812143499203604,-0.011807303020771877,-0.2419063840876626,0.13665509664528402,0.005888295391622089,-0.08665066081331045,0.0344327226369509,-0.16849234881090697,0.4588557287283276,-0.34959985297611534
0.09962537717874426,0.10214403131178246,0.059208756005283476,-0.02399383986146451,-0.04080813322516536,0.13250446234168378,0.0657136765294324,0.3460869625189046,0.031053777600572204,0.054982469953106815,0.13607619214788622,0.18622647034141976,0.1308342787539347,0.040950200436980354,0.03741433442419304,0.04270929127815738,0.25444118769744645,0.042729515488098634,0.10346917175073249,0.42827635468946373,-0.0005443289321441911,0.4484933215439051,-0.14529214505732926,0.049727206821204524,0.3296145760050302,-0.23952102376730225,3.2347572819166825,0.5409630700554074,-0.1519280988710462,-0.30968325297466887,0.22570397600081035,0.06156919119400855,0.5833246226396321,-0.14159875551534806,0.3249955546939623,0.0818946727907036,0.32116622364646025,0.24770155875856942,0.27182794711848607,0.41464240560030724,0.3396884364492014,0.23477887455727484,0.4538677006116909,0.09367874538505601,-0.14971242394476983,0.2869558579125692,-0.11134549503490877,0.25454935747959856,1.8917259228663472,-0.11028102171734139,-0.14287946790523862,0.3812774764418846,0.1292483714027902,-0.1318489125351455,-0.3936018230856889,0.06373923757327538,0.23564889267970568,-0.27650574784436566,0.4278993245919845
0.008489426127250857,0.19082508703147735,0.23150542727726112,-0.014143566619109095,-0.08185587222147278,0.06016649519306064,0.029797312444957248,-0.19131908215117616,0.21382109416182882,0.1338565708744271,0.05997465150929203,-0.0898498801091402,0.07855680072584828,0.1103792288536201,0.18411032369200248,0.047502332434193224,0.20050842537360017,0.12851189922531855,0.09764584507662445,0.0439092346856926,0.20325121604259314,0.08818385798241435,-0.5873783831855804,0.030714526576602345,-0.10012341819560068,-0.057627309163077026,0.5409630700554074,1.758139993994235,-0.12966382018867506,-0.15758105613883502,0.3420149041652705,0.04863762224332605,0.2608412105448381,-0.0564752901304328,0.054835899833196845,0.5237412891026745,0.4848079684711425,0.13078088151540987,0.08690228851797578,0.008187106839788426,0.5860027790068384,0.41755165274606,-0.06063666481899703,0.16096844285029752,0.1631630777388094,-0.07652406750819077,-0.030553801251517278,0.10972085697685757,-0.03138789831507252,-0.04896454941711672,-0.049956509870722546,0.6230069918583965,-0.4601107599003174,-0.01986154598345327,0.06081260504566372,0.05602039974384685,-0.03616550613703269,-0.12743763065197616,0.25499158180173853
0.26010986837588107,0.4339651093014351,0.48033633050564223,0.30323644154090434,0.28031564656677294,0.421732101453123,0.2197963643955138,0.1364568349610909,0.02451617407144577,0.21689427339945208,0.24039099352970006,0.24090002260085172,0.3821786008678673,0.16556431948815153,0.14556186796421805,0.24890583270467959,0.34306571820594756,0.3426811733774307,0.2443751570264483,0.21444751326353156,0.22250268012900257,0.6694355372695938,0.5596161476981929,0.0982408134895674,0.28424006344209796,-0.5261028940934465,-0.1519280988710462,-0.12966382018867506,3.741355969855487,-0.5008209805608008,-0.0017740532267101548,0.2908998530979574,-0.08933867702769346,0.524294110852694,-0.3123814341979944,0.9863102412876235,-0.4011118140211851,0.030102260120739816,0.5382641839575263,0.057379844235209115,0.764971348523805,-0.08141535155845173,-0.43242263050924584,-0.015368151693165947,-0.9666964747308261,0.3104416893568511,0.0940278529980948,-0.3707234073256805,0.7490314071323363,0.7132284633227006,-0.35300954097683157,-0.036138716651014265,-0.31774895693011473,0.0035874259145872675,-0.28893079069612626,-0.055943051992378284,-0.2608322372548382,-0.023802625215580263,0.43549992095572837
0.05902008996610539,0.030621243773994455,-0.24566645338415907,0.25009056129961643,0.1971816562313686,-0.031865290787480065,0.056227539037273795,0.201543235517189,0.03090719286145954,0.14925060161225076,0.11675329605072186,0.11275105661733363,0.07835506802384869,0.24978113499524351,0.2596940094685323,0.14608731936039016,0.04914161767701609,0.03762812022164023,0.10552276896523502,0.3956522373603742,0.22063072476052342,0.1802420120615919,0.31911387250032797,0.5686021885232911,0.35298543568577795,0.2912156991302443,-0.30968325297466887,-0.15758105613883502,-0.5008209805608008,3.1716064499834022,0.33260541671753996,0.15158512801540686,0.28119735153781233,-0.10794811067971335,-0.012670809327761467,0.16137416139316965,0.7451798883497075,0.3215977067337698,0.3212926799791289,-0.12759438437848525,0.17719601929844772,0.07805293734593605,0.7237061592703573,0.06489294016901645,0.8658992300628675,0.22433721952782779,1.3823349391082655,-0.06220798234040392,-0.19161933648051374,-0.03952215488545835,0.010387402274627111,-0.626842763849807,0.34235282940972694,0.07111409777268697,0.46382917656894496,-0.23321420908930326,-0.38993870138897024,0.5815369023168537,-0.2481775345985684
0.1104321773597016,0.10360284037471215,0.14713706816253772,0.11327562670974768,0.15539899522729503,0.09752990567677502,0.13868889324742617,0.10671213533228374,0.15703682869523394,0.1518136179243785,0.1483728446191998,0.12758599957587313,0.1456292813615907,0.11950679256127009,0.17335739246360637,0.10218994625313574,0.1677832874843744,0.24968639977588597,0.13082178608603715,0.10939243908618977,0.18964868861495052,0.18982522553794356,-0.06788703640873045,0.1429798973907815,0.010436145516467182,0.08591733574490883,0.22570397600081035,0.3420149041652705,-0.0017740532267101548,0.33260541671753996,0.907676330784472,0.1662903737091217,0.23365446742774942,0.15324804834936084,0.0786325130921266,0.4250558374436954,0.45741315147340933,0.2093125414192993,0.2695737619085537,-0.00933299944921847,0.2516396789768453,0.19802313711760652,-0.01647950273786651,0.04419249710291847,0.28386662383180405,0.2202833372784773,0.3114093521498822,-0.08681420069536058,-0.3283775970916168,0.19039675992533092,-0.03907181659775715,0.05800750398212934,-0.09687933546433945,-0.052923056118964876,0.006686724735995305,0.051618825457477445,0.016121425529138686,-0.037741219858961984,-0.13114640616982481
0.10923679099816387,0.041823028973147144,0.1639355567979522,0.12889268400154752,0.2075305920320981,0.21596828157191958,0.18983833725564664,0.13712811663776853,0.15299902210848326,0.06756182663706269,0.16330004441956714,0.21443142957789843,0.21072057671922093,0.12055692608683002,0.08476296900871326,0.19158790186284858,0.12594266525092787,0.08298688003549493,0.15945776068593678,0.267617463701174,0.08750460021451646,0.3354901553877563,0.03957235338113502,0.32679029426550854,0.1234825540835996,0.2885817965154554,0.06156919119400855,0.04863762224332605,0.2908998530979574,0.15158512801540686,0.1662903737091217,0.9237378830018863,0.07069659705244366,0.08470457274945602,-0.00030662674152171865,0.2423861772765359,-0.19217527252264827,0.21713223838762188,0.039041702866729346,0.06424296570144604,0.01676868784557638,0.016358487021571378,0.12430700522303298,-0.017871616655524857,0.083392673565686,0.26279682891895,0.14358472164842806,-0.18125709333480133,0.06663204403004787,-0.0810131671743652,0.02006489622336823,-0.20650474155628756,0.1945690567329272,-0.021668808739469896,-0.2392121151001122,0.0659604191085628,0.35897570121215755,-0.22379224895873423,-0.19555893732056062
0.06655874708690213,0.018827182184887346,-0.01482098167515977,0.018520937825100624,0.08304696975687953,-0.09141915066397008,0.03824803923358919,0.1160188718854249,0.06985099096720818,0.04701838643877211,0.06607476047949298,0.09125788375889898,0.09698467130259386,0.11663377646412715,0.11121421718305437,0.08225550390770762,0.10201714822820318,0.1365360910114563,0.016659986960717722,0.2064453453678576,0.005771762047703325,0.31040014746251604,0.030360067026536607,0.5366203754095471,0.23602048320215138,0.017711817886270135,0.5833246226396321,0.2608412105448381,-0.08933867702769346,0.28119735153781233,0.23365446742774942,0.07069659705244366,1.7419510550384874,-0.3841662254426131,0.09248843393102638,-0.06280104783591316,0.46027548552488873,0.18790405411823585,0.029654316068213813,0.0084257400065722,-0.31090156937083796,0.13510617858966584,0.023772378110540632,0.09171776061286536,-0.12742828798812963,0.20638868099351115,0.28593962966993736,0.16248471081466256,0.5311488674775983,0.15269618229873616,-0.027103836036167908,-0.11351007642823967,-0.062275519733073666,-0.15139705026635994,-0.011596860271389111,0.01163161734125277,-0.013019147460529958,-0.030161230896129227,-0.0208976645190029
