0.9132935902355469,0.21057470621719335,0.6522032795514745,0.05668732992391904,0.1327790186688012,0.18520906349264002,0.1335529490336563,0.06757578076619203,0.3608243427716255,0.05502014146948708,0.14624353528227435,0.1792681719012385,0.09835136084533876,0.1280547033673304,0.17775138250644484,0.1320975257239263,0.08133995060808971,0.1701088118973114,0.18007371322866977,0.0413676588680913,0.13609973082638435,0.15889102483338627,-0.011527305323754117,0.025522559393047765,0.1527942158499555,0.09413926880866688,0.10915806504795471,0.11558753356979175,0.1830877088545303,-0.19827934855100557,0.15928096643765516,0.1377996903451312,0.06484474330567605,-0.11791411450814683,0.19078344204514774,0.20025742218554585,0.057665468497247456,0.05600087784354849,0.08409678808867278,-0.028815972689989797,0.13347658493367814,0.0930093565811089,0.08307035314689135,0.014737969890504337,0.2137933601631549,0.242658815382053,0.04850911806292233,-0.05655034320207447,-0.15408887539044677,-0.13583470939054135,0.08820139337203838,0.056640405608665005,0.05657144359487179,-0.07094734836146936,0.19302403076701521,0.09872386764563934,0.19732946705571358,0.0815743251925618,-0.5445422689417503
0.21057470621719335,1.9873249430061977,0.9178695224677097,-0.06427433841230693,-0.3355709470737927,0.947711058957711,-0.42686300082504386,0.3788221629103516,0.27122853923232393,0.017523589734283498,0.27061775722977355,0.20890840446719525,0.20346466725996945,0.3203270954094957,0.11132794465889524,0.26089318788440746,0.30495561372713703,0.39470166661038913,0.2186546758969881,0.2559470104365244,0.4768611387826246,0.23356560179656127,0.10706496273254591,0.0738740405222217,0.3656621608484979,0.13595032218305575,0.18680923122393736,0.2089410233046876,0.42619105461395934,-0.2842563085433218,0.25366484539846995,0.2328421270101321,0.07555374704627492,0.3256696057208208,0.42392320578644005,0.35534731171450423,0.2265608924030799,0.17415826325841355,0.2084524102949976,0.06970445322407712,0.3845333289826309,0.1412930278894165,0.2899757750334233,0.10547489198027162,0.7278275797616652,0.39170358876128303,0.021229243455327274,-0.12534199805077414,-0.9131485034717339,-0.22259662838059296,0.39442750439247976,0.04649630795564924,-0.006626879526717388,-0.13641758552120523,-0.6350425370264741,-0.2615342133600236,-0.3567424525174787,0.5704167306157472,0.21592754949266954
0.6522032795514745,0.9178695224677097,2.561551582289978,0.10714384673595803,-0.09310209156025528,0.8106403504515594,-0.040238662006899316,0.5482936589027555,0.9896206795075237,0.1346041699380468,0.4647510529130189,0.4113821420843911,0.3628232706927085,0.525575662180749,0.47545044934820424,0.49120428842256286,0.5024503603453093,0.5588435524959983,0.5005234756520197,0.3519413102974771,0.5371169925462883,0.5891028454776401,0.25715325304459036,0.2618232269940406,0.564012690804646,0.4305718152695938,0.2805925894280117,0.4569581368672018,0.6933417747219576,-0.5990115698250101,0.5253788033227809,0.43002349493204656,0.3259923418198752,0.4614386016768139,0.7297094795121136,0.9707448403157316,0.8002470625831346,0.28214159214211526,0.2548922210792125,-0.21314387473582494,0.5944678731809068,0.2796722771733789,0.42223044856037456,0.1265134749685381,0.9496590943410478,0.8847449089541782,0.14049579629619902,-0.21813158300354968,-1.0707100470857511,-0.35614474375181193,0.45172984741210737,0.24178490619881055,0.12159272498482587,-0.3564887104083793,0.2634664363372627,0.2250672986148145,-0.03259896668243364,-0.3109168797059649,-0.13021837313863827
0.05668732992391904,-0.06427433841230693,0.10714384673595803,1.1283357771824094,0.45391872053513044,0.39910690348302047,0.30131757123238234,0.2282632909503464,0.05786470573480286,0.20337524650422892,0.24481100643576337,0.3320726287218035,0.2812815739996856,0.26040100639624686,0.22678397484944807,0.24758112754195974,0.23621121263535524,0.14864712327990962,0.26238683535207463,0.2134750022952884,0.137660965811834,0.2333324127272505,0.15374702671358148,0.2904321470537006,0.2733444925769251,0.2800344635859313,0.1755603980935941,0.060249831890362676,0.27313063979363694,0.1125664701488262,0.1964479337141425,0.24972194558948346,0.29156318792250174,0.28460020138668823,-0.21035520651348488,0.24253158036097652,0.025504585155663336,0.11278049110092021,0.22701260515431257,0.10681846732640239,0.12872027586477455,0.17445465252678485,0.20298382297129217,0.04789176845516474,0.034185118521788724,0.25188279590189216,0.1898067308810178,0.07241214579296987,0.006085011357186564,0.1704127925717981,-0.0972204434170973,-0.13956499642914363,-0.033934724586819495,0.05583244028765847,-0.176213756194498,-0.1816690908782392,-0.18459451843394298,0.33232833656279664,-0.0061933287851893
0.1327790186688012,-0.3355709470737927,-0.09310209156025528,0.45391872053513044,1.5984283688036725,-0.19122396930518548,0.5279829801548771,0.13259145899226096,0.08418923709443808,0.38874512516631415,0.14184128692095546,0.31109778756406414,0.26341326204002025,0.19662489393690152,0.4273245217770421,0.23549311958716565,0.11418989740915997,0.20987946043378042,0.4358496647952634,0.22114639357316795,0.003056562202802012,0.2156385221441383,0.15040027448983548,0.30318518369637637,0.19726294017917168,0.2124792526002116,0.20244061887880543,0.09272040950104912,0.18956348718818766,0.2850509064715669,0.22658925339641187,0.19753491283553337,0.3599698103122599,0.2149001860372261,-0.30344546903669717,0.3141302969017281,0.2625332400616588,0.10754486709534787,0.2425818619921696,0.11866728165928411,0.05063132568334876,0.2020074833529571,0.12894701703049052,0.02814342627079815,-0.19465205008072134,0.2183635143376154,0.3652683841855074,0.1809219479368031,0.48737922280648077,0.34429139103796275,-0.2053464956637665,-0.18714679407507764,-0.12028594242816862,0.10650159714219445,-0.0985150967794804,0.16155522149705767,0.025535876336751712,0.1337093551045846,-0.30784776672683717
0.18520906349264002,0.947711058957711,0.8106403504515594,0.39910690348302047,-0.19122396930518548,1.874037520728057,-0.5178856994356945,0.5957478071841514,0.4032796901242636,-0.002936286670423933,0.4940755022899967,0.4066884361204558,0.38256346509546885,0.6050483188046656,0.15760337428425836,0.49045042128657257,0.5872199186601473,0.26116382480527267,0.6365580720827114,0.44734829182702446,0.48579788861118417,0.4258516383769645,0.03123398564950075,0.24531147668002937,0.43054122275391815,0.40873171321039187,0.3141910508535226,0.24342671851451253,0.5462278676784121,-0.27386449035175436,0.36840406994131253,0.45049632853599936,0.18925716054709954,0.4548662504476353,0.43755912811145836,0.31484362811554606,0.431987628762377,0.29805126053183784,0.3814889362069782,0.1406986473323116,0.47933295662268316,0.329403373808475,0.46207590795883074,0.13506215587578013,0.5859402657366524,0.41309366683620397,-0.010306115118675682,0.004205280764140821,-0.12113782659136832,0.2829120846437226,-0.19391211829653138,-0.2093535939370088,0.07367710343663442,0.009520950763986619,-0.35685188334348666,-0.13412851817472035,-0.3032365856726044,0.471952979648695,0.025171032866304396
0.1335529490336563,-0.42686300082504386,-0.040238662006899316,0.30131757123238234,0.5279829801548771,-0.5178856994356945,2.2685737500911056,-0.035455937404866716,0.7264111391180035,0.5245957020012519,0.39114448126500423,0.614896430888317,0.49261674774184216,0.18655947183107258,0.6137119678836112,0.26518739493465177,0.192000705263384,0.5408445507329968,0.03267019634502976,0.2692768176422944,0.007722592642946056,0.48255260197604405,0.5138601794425319,0.40613398349325547,0.25792299268575203,0.4857845973472885,0.2895511300109632,0.322813264238723,0.42763211542876606,0.2639855037806648,0.2829704628850399,0.2821256424248413,0.4982751605806854,0.7458489111301688,0.0195444909384961,0.6892689921737064,0.1154381415052561,0.07589503932714224,0.4246593823658337,0.22004446880587478,-0.1225618039306027,0.1799000200174959,0.5022592643628071,0.09029978860217555,-0.38595899370874076,0.3890274437923609,0.5762512764974954,0.2558276402854729,0.9073207307892411,-0.047054170423439734,-0.04614777113398677,0.2629785719416051,-0.1367211521422155,-0.12031473278304411,0.24456316176155043,0.40514225512593516,0.10174063039532118,-0.17149232460347705,-0.48242765885575334
0.06757578076619203,0.3788221629103516,0.5482936589027555,0.2282632909503464,0.13259145899226096,0.5957478071841514,-0.035455937404866716,0.9019691763129286,0.19388970691185745,0.29579866171702673,0.4132693629727161,0.1962934891234414,0.4097320765837022,0.4364228319859122,0.16494361374452082,0.402697998073,0.5112268354002085,0.3287114626322209,0.31335962774455955,0.38754691088845006,0.2852441651169313,0.4008618771002759,0.21080241043437442,0.25110626539424535,0.3107725890736156,0.3274370207073835,0.2600532778101334,0.16488843031722245,0.4190225208592004,0.04378766371256764,0.31120037108790755,0.3362353853840045,0.19202817342113376,0.46138929230634407,0.3616652026764678,0.4444094563488152,0.5046162544962858,0.22089738988958102,0.39811518899511317,0.13121408417779737,0.27947801018416074,0.18708963006395937,0.4258309660382169,0.10924706242775649,0.31741199444249624,0.4254740722721328,0.2766725417032756,0.000799170326026553,0.09283068726898575,0.07649805237370289,0.04627123293533571,-0.06995765163835321,0.18294431604313074,-0.17220466251653005,-0.19160888942200452,-0.028312686285994683,-0.009589743008911614,0.2708148982210191,-0.15236104959607147
0.3608243427716255,0.27122853923232393,0.9896206795075237,0.05786470573480286,0.08418923709443808,0.4032796901242636,0.7264111391180035,0.19388970691185745,1.865415261439182,0.059037387840036794,0.44879120173821574,0.4521010741645918,0.4368600209069126,0.4153610734287211,0.3828847455378599,0.4267723244867335,0.4366126265740235,0.4533489193052491,0.29677145345119743,0.3687847251590995,0.29496739631819907,0.5002380407939856,0.31780604500063026,0.2497001459401494,0.06073286923870712,0.527715353020674,0.2862067362082961,0.40238059601802,0.34480850477249836,-0.11826436177117902,0.3665264476594173,0.34378278766477116,0.27653947518498617,0.6057018912544648,0.6006231777290476,0.6824899029490045,0.8021406490461148,0.21400981743077474,0.3597266764945158,0.05241495788343461,0.1982007054420681,0.22797759995853004,0.6360848028393676,0.10072325455622294,0.3493738216712413,0.4916249816830955,0.2693649579283446,0.10538592991898367,0.5164316592899404,-0.24939358369901096,0.18082548840570914,0.4019473609018227,0.1385908095823257,-0.3387537257007202,0.5468803792220819,0.4962749451393541,0.08177465390860923,-0.4130055629677065,-0.4284276435644003
0.05502014146948708,0.017523589734283498,0.1346041699380468,0.20337524650422892,0.38874512516631415,-0.002936286670423933,0.5245957020012519,0.29579866171702673,0.059037387840036794,0.994127380773398,0.1293906597499141,0.30915126546651095,0.305986371356703,0.2527225255302528,0.2945879608785065,0.27024873625210066,0.29594873687728346,0.3874844010395469,0.11904061480561029,0.25822291067502756,0.1613888739831672,0.4576328872903584,0.2509924789550885,0.2993672046441925,0.2532075809805655,0.15600583457354952,0.23303973236176515,0.19501782293703063,0.29197113455322243,0.4205745481183424,0.28458636133936743,0.2782446970447303,0.16430294690302474,0.4308517439229448,0.22977112339843608,0.5875913724699762,0.2552522964471859,0.1253452015245856,0.2822230617158408,0.14419412687815855,0.25719008453270953,0.11956438145053692,0.27934832620468913,0.0823898723198884,0.15931836218176557,0.4050604767669468,0.48421424650403244,-0.11341726673242451,-0.08962029924132213,-0.006647035703978113,0.032354375335356636,-0.13528397357725241,-0.006590025287829765,0.008820464812710857,-0.1542019155546087,-0.05574372739653124,0.056556028046124376,0.10969399552439955,-0.1241749398094596
0.14624353528227435,0.27061775722977355,0.4647510529130189,0.24481100643576337,0.14184128692095546,0.4940755022899967,0.39114448126500423,0.4132693629727161,0.44879120173821574,0.1293906597499141,0.882173529176143,0.4185012330192685,0.38642082876471395,0.3663273441489346,0.3480133686489662,0.3715115296689306,0.46513141058777524,0.3209012193067628,0.23398439334616036,0.41796231875550555,0.31122691915103956,0.34614320069363946,0.1617788301452574,0.2786111447184147,0.23528759083378567,0.4447757682051968,0.2771527042522134,0.17493676604451466,0.41438054820667575,-0.01652358032368147,0.3180926393915637,0.36396900324864545,0.04227666453836639,0.5043000222986657,0.38276514918873805,0.48752955132841996,0.32321722261404906,0.21423302135726527,0.357893059865805,0.1617412181785813,0.23382274225815144,0.20985463260281714,0.3364669257022636,0.07793534913383598,0.3397378018778207,0.33972157086810556,0.25093082210921547,0.04225703776844037,0.01521758553537711,-0.026782422342768637,-0.01084605488799083,0.0041919911431101894,0.12572076899343526,-0.06938925723196816,-0.14838777613930212,0.06917833712506577,-0.11300742574532596,0.19753266118412732,-0.20852394844183048
0.1792681719012385,0.20890840446719525,0.4113821420843911,0.3320726287218035,0.31109778756406414,0.4066884361204558,0.614896430888317,0.1962934891234414,0.4521010741645918,0.30915126546651095,0.4185012330192685,0.8215908362968776,0.3356665977547444,0.3541900554825973,0.4732023472139355,0.3705163274988257,0.4145546681792934,0.32037249137645957,0.25800758713193817,0.37898837099453325,0.254122067289673,0.2810650421769116,0.16623368454614038,0.31099767813705853,0.35857445815799976,0.46635211547137867,0.3499919148990639,0.2019591530682453,0.39149764528829156,0.0019108494138821146,0.3546427811274361,0.39293401349116047,0.09213600389495942,0.5443443454701659,0.2638622529501416,0.5571142224791117,0.1713099235488937,0.19028167476907779,0.2934523874669528,0.18271576407872778,0.20234119713810417,0.22578214484744613,0.33078249726471576,0.057874668313994654,0.34562474725605385,0.3634142841788028,0.2919020854473708,0.10483004800556257,-0.15491072923291702,0.01972218348288721,-0.014024538485516344,0.0011530502892911844,-0.07690428414979626,0.0100911139132904,-0.17675630584982588,0.09977053399115528,-0.1599909474034376,0.23983775752282066,-0.32819526617557304
0.09835136084533876,0.20346466725996945,0.3628232706927085,0.2812815739996856,0.26341326204002025,0.38256346509546885,0.49261674774184216,0.4097320765837022,0.4368600209069126,0.305986371356703,0.38642082876471395,0.3356665977547444,0.6566501980900112,0.34576032453058364,0.2407372905865547,0.3456436160184318,0.4196910639530534,0.37750369177068654,0.24039121847938796,0.32633570667886125,0.26038699298229884,0.5508028473721113,0.26550383031733055,0.3202607401032567,0.24896635943367978,0.3317513269210729,0.28042224942940747,0.2389868874065036,0.4690289440677518,0.10308173535105167,0.3054240011085592,0.3854374285680154,0.22472857036501145,0.5368867209166873,0.2605627973951465,0.5103974753175324,0.2750095221217924,0.14981381991869105,0.3872544725526395,0.16486137549432356,0.23472713805883638,0.1929912523905713,0.3668827873394995,0.1250553712035342,0.10582773336790884,0.4295511771024378,0.335201396673027,-0.006965361743110768,0.19634363607019517,0.15783530467758822,-0.009650264611743575,-0.06543922683642489,-0.0742350422711279,-0.04815585792245108,-0.04671916977615046,0.04655338368257363,-0.06956254839183151,0.048853574953026224,-0.07486029092490992
0.1280547033673304,0.3203270954094957,0.525575662180749,0.26040100639624686,0.19662489393690152,0.6050483188046656,0.18655947183107258,0.4364228319859122,0.4153610734287211,0.2527225255302528,0.3663273441489346,0.3541900554825973,0.34576032453058364,0.6784786450909522,0.3827214901376936,0.4473769790746188,0.36427635200193387,0.2937815936393159,0.3490462467720587,0.3991575870516219,0.3380101396233865,0.37526759752947,0.15379789830828888,0.2858806144539356,0.43533980228350494,0.32472753248908526,0.30757911109598035,0.2647691621492987,0.4761028527912305,0.13062027033914167,0.36347416004728883,0.43952878936580003,0.2303480141211246,0.3579279465740993,0.35104697738802165,0.5474355045151552,0.3969883942879368,0.2205988513441237,0.35635451119821504,0.1532685377560709,0.3625736375025394,0.23090797487194015,0.4084428423442669,0.09752184061186471,0.42209186199488596,0.4732078176566769,0.29993432699247063,-0.0343505001753196,-0.14847642806827122,0.031978733820181744,0.028721470027189035,-0.13604060005788313,0.1119099891309492,-0.07995263467713329,-0.11675966221441728,0.05590456426351338,-0.02696601228838601,0.16010483771206474,-0.15293985402884172
0.17775138250644484,0.11132794465889524,0.47545044934820424,0.22678397484944807,0.4273245217770421,0.15760337428425836,0.6137119678836112,0.16494361374452082,0.3828847455378599,0.2945879608785065,0.3480133686489662,0.4732023472139355,0.2407372905865547,0.3827214901376936,1.404294445470345,0.24015908973638075,0.13014619248385614,0.46664954422206095,0.35657519721965014,0.3051477902964982,0.2233007645392702,0.16338247540824447,0.21587094784092695,0.2613545988689984,0.7136920880749128,0.33130973344488895,0.26620026576573963,0.3405888953788442,0.642020131628672,0.22132614498990658,0.3823127168276728,0.2600158362030418,0.33792489991662117,0.3688929473510548,0.1269298611208823,0.6678900238788305,0.42391840492510924,0.1901280577846276,0.2803642083778012,0.0457937680037087,0.26818037942423334,0.18301368177545407,0.3055360266822553,0.052483636102462004,0.3643388610695915,0.47367089983416577,0.43657203112442383,-0.026666982373839732,-0.36843660735911793,0.05511447781709394,0.11242829999100654,0.1254030895822358,-0.18462555643225853,-0.09731718054418809,0.007499386096516578,0.32862591919936374,-0.0705631748679332,0.03884533692006831,-0.3143438777640957
0.1320975257239263,0.26089318788440746,0.49120428842256286,0.24758112754195974,0.23549311958716565,0.49045042128657257,0.26518739493465177,0.402697998073,0.4267723244867335,0.27024873625210066,0.3715115296689306,0.3705163274988257,0.3456436160184318,0.4473769790746188,0.24015908973638075,0.7118394048148069,0.5426447458509909,0.2719008983439319,0.3225636565792161,0.3665748863753352,0.28074783801740605,0.36837594753725855,0.11268593847607311,0.26016773458490433,0.35860797030998204,0.3148568494576977,0.33608464835781887,0.29382788711975394,0.5039786916817537,0.1144411923970152,0.34689725870685945,0.3690364744786389,0.08396114882852779,0.4389005942786178,0.5549950237692336,0.49889320264904613,0.47666308728880113,0.23860912083150784,0.3734942441982742,0.21191711907958669,0.350522741172809,0.21964103828718484,0.5034525044822848,0.08880786136701199,0.31484362644543734,0.40227212387058453,0.32816856961636487,-0.015879830227356756,0.041277722848334794,-0.0020710136037134933,-0.02001870029820009,-0.02877721673758953,0.03933025232018649,-0.06477246395480654,-0.07992314880236888,0.0853467810936035,-0.1102681840440095,0.19831367364661456,-0.22021942861120708
0.08133995060808971,0.30495561372713703,0.5024503603453093,0.23621121263535524,0.11418989740915997,0.5872199186601473,0.192000705263384,0.5112268354002085,0.4366126265740235,0.29594873687728346,0.46513141058777524,0.4145546681792934,0.4196910639530534,0.36427635200193387,0.13014619248385614,0.5426447458509909,1.251449629349722,0.2241090384021633,0.35259699381877685,0.47840998901773213,0.40267055552050224,0.42009698397266315,0.02941027929144404,0.23538350441116068,0.4992853765829068,0.31255432866735083,0.2678572611322036,0.3255467161988735,0.535602905079988,-0.16010860366913424,0.42830396945786464,0.3825245193571857,-0.013256742353046613,0.6364273135719151,0.6545892857820439,0.47821945539059707,0.5953760515703457,0.2962445011192751,0.48769647844656827,0.22033600853825275,0.4447127849027006,0.20959687098095894,0.4305998615867166,0.09357679295757611,0.6313697155241701,0.4521119746578689,0.30686423002757585,-0.1715498533762598,-0.4103096396802041,0.5526341787332402,0.052985099662978645,-0.11346096667541303,-0.2594270840438042,-0.007893914019490134,-0.14096620500066842,-0.02685163688873583,-0.1347023837622834,0.1839394190451615,-0.05981735697805812
0.1701088118973114,0.39470166661038913,0.5588435524959983,0.14864712327990962,0.20987946043378042,0.26116382480527267,0.5408445507329968,0.3287114626322209,0.4533489193052491,0.3874844010395469,0.3209012193067628,0.32037249137645957,0.37750369177068654,0.2937815936393159,0.46664954422206095,0.2719008983439319,0.2241090384021633,1.0364875635966169,0.2508880042369697,0.16953493715627985,0.2817560526286839,0.5823737584796158,0.5898619881250721,0.3397808872490959,0.48929313480020875,0.28443067323845656,0.1460648848719865,0.3285926814883679,0.5314041710886698,0.07905097730638441,0.4500544450583641,0.3143326865599016,0.5004234326345446,0.5190798645265998,0.1629402074078962,0.8381383458608069,0.5101600907015637,0.1367280501059671,0.35241455451537274,0.07965401950281986,0.24497732411065087,0.10376768619942275,0.414049266455028,0.12545243773079223,0.3096892932795633,0.5673642013139024,0.43785188651655965,-0.07018317335362674,-0.14246876052576224,0.029193489701363828,0.3388185100702749,0.09878423949625105,-0.2613810482998969,-0.24284965569184783,0.0026031376523799775,0.23071648309570952,0.05600804268783966,0.026020278590447955,-0.33215625439391744
0.18007371322866977,0.2186546758969881,0.5005234756520197,0.26238683535207463,0.4358496647952634,0.6365580720827114,0.03267019634502976,0.31335962774455955,0.29677145345119743,0.11904061480561029,0.23398439334616036,0.25800758713193817,0.24039121847938796,0.3490462467720587,0.35657519721965014,0.3225636565792161,0.35259699381877685,0.2508880042369697,0.9547812028236855,0.2676079834561266,0.27770056785823954,0.16616057965242814,-0.010991770088471174,0.23674287661398466,0.440456995659649,0.2950871670138981,0.20323738732418092,0.32150005840408397,0.36831231017457366,-0.09584274019197929,0.3309611642263457,0.26550663418086884,0.40282488138948913,0.26899340917931625,0.1623059012571433,0.2853118827505443,0.6313984155122822,0.20795961292183154,0.23822936921542728,0.09117782922555592,0.3822961972986414,0.2045909534515539,0.2805707562578068,0.06204144910945781,0.4884521008504,0.3623858644097732,0.17334408547370755,0.15414510629388672,-0.02609284627940866,0.18397929121295994,0.22119657525824143,0.15653042896384992,-0.265467569208389,-0.0823545458026417,-0.056706367227822914,0.10885248271278934,-0.04534912236755439,0.13050957968713098,-0.16043701870896904
0.0413676588680913,0.2559470104365244,0.3519413102974771,0.2134750022952884,0.22114639357316795,0.44734829182702446,0.2692768176422944,0.38754691088845006,0.3687847251590995,0.25822291067502756,0.41796231875550555,0.37898837099453325,0.32633570667886125,0.3991575870516219,0.3051477902964982,0.3665748863753352,0.47840998901773213,0.16953493715627985,0.2676079834561266,1.3011714999779678,0.29690879186091196,0.03421161955896341,0.012344159433080867,0.3423059239722132,0.3388887109138247,0.3290061145469318,0.39193910284253464,0.24159373010900037,0.4632924145699924,0.3912514785823608,0.404436898599586,0.31128756485496006,0.10668639872563833,0.5845978983331116,0.5082734429068847,0.44633592957950485,1.0778251960837069,0.6016181747280839,0.4654479908789059,0.2594629747318321,-0.0662296531080006,0.24109801887844468,0.8565942038672978,0.08546698199094081,0.7099409214171819,0.34245481082999313,0.4312008884591962,0.3985836803841492,0.058375398533252444,-0.08802790949483286,-0.17624778693977391,0.024137845369794856,0.2326759296424281,-0.10591969238853832,-0.05548860615581396,0.06378018648737174,-0.09701526665309758,0.187958560245405,-0.1466477150628366
0.13609973082638435,0.4768611387826246,0.5371169925462883,0.137660965811834,0.003056562202802012,0.48579788861118417,0.007722592642946056,0.2852441651169313,0.29496739631819907,0.1613888739831672,0.31122691915103956,0.254122067289673,0.26038699298229884,0.3380101396233865,0.2233007645392702,0.28074783801740605,0.40267055552050224,0.2817560526286839,0.27770056785823954,0.29690879186091196,1.0215220692260465,0.19929237263286884,0.18937985588329184,0.19949983119671733,0.2721547517640836,0.21002129443194398,0.15977743467876565,0.32529624249929884,0.3334773964149228,0.009808974559218595,0.2555711107762261,0.32959502218839964,0.11321616709654908,0.33334223550562175,0.49938646197937736,0.5518451774887865,0.2027246405147038,0.17335438587899935,0.3573085130606544,0.17391850160261843,0.5431249276325143,0.29003029239955525,0.38879847273415763,0.14014593802801056,1.156809936849712,0.3412188320339566,0.26549498512856745,-0.07922884393782578,-1.0850167631391168,0.06453419519576187,0.30189539998550324,-0.014296136566633585,-0.11702794151353335,-0.03132615725855316,-0.1582586769917223,-0.05797757934721246,-0.14041823378387155,0.2317099815174563,-0.06443613922101972
0.15889102483338627,0.23356560179656127,0.5891028454776401,0.2333324127272505,0.2156385221441383,0.4258516383769645,0.48255260197604405,0.4008618771002759,0.5002380407939856,0.4576328872903584,0.34614320069363946,0.2810650421769116,0.5508028473721113,0.37526759752947,0.16338247540824447,0.36837594753725855,0.42009698397266315,0.5823737584796158,0.16616057965242814,0.03421161955896341,0.19929237263286884,2.3466253022228383,0.5655172114600447,0.43527220916574283,-0.048929164936167176,0.1727143189183168,0.27959187169319366,0.2520517103320389,0.6243987693572504,0.15253450399396526,0.3457815513932804,0.5452815254013819,0.6491989807497495,0.39795805882842566,0.022358513091052516,0.9203581140820846,0.017118397045209975,0.13313270905238467,0.5565436069129737,0.08416099824653192,0.5004486254939642,0.2862555044352926,0.3099612735513483,0.16688491257324617,-0.5282559557933121,0.8273213997513035,0.37474582630775277,-1.0300063539256803,1.0759979031918019,-0.021447903972460717,-0.15193196084411298,-0.4479006681234081,0.11180870950189044,-0.12129654610727844,0.028881129183600276,0.11962695593138811,-0.05047901189450182,-0.013109672123459282,-0.22817631892662546
-0.011527305323754117,0.10706496273254591,0.25715325304459036,0.15374702671358148,0.15040027448983548,0.03123398564950075,0.5138601794425319,0.21080241043437442,0.31780604500063026,0.2509924789550885,0.1617788301452574,0.16623368454614038,0.26550383031733055,0.15379789830828888,0.21587094784092695,0.11268593847607311,0.02941027929144404,0.5898619881250721,-0.010991770088471174,0.012344159433080867,0.18937985588329184,0.5655172114600447,1.4204736334513781,0.4631334698295185,0.34856231805631743,0.051483612210492295,0.1387171350253981,0.039529266797998425,0.4317787714728524,0.46543147614187397,0.23846038222432772,0.185502471320188,0.6258293498160102,0.3922281170723194,-0.16842773472770134,1.2638193968875475,0.2764453912093286,0.023081363248629264,0.4411651224561841,0.056199370562952725,0.10582419402192217,0.03485749798698696,0.29684465882937827,0.23417830205155138,-0.23276122145517872,0.5536456448684469,0.31479680881000666,0.12571204582857393,0.12583386615726333,-0.1584697830177385,0.13843185608175576,-0.008876286268866317,0.29249130423334685,-0.23860159783438184,-0.11051629548381922,0.052521456915755424,-0.00536782073355071,-0.08782030108293377,0.044943117184625035
0.025522559393047765,0.0738740405222217,0.2618232269940406,0.2904321470537006,0.30318518369637637,0.24531147668002937,0.40613398349325547,0.25110626539424535,0.2497001459401494,0.2993672046441925,0.2786111447184147,0.31099767813705853,0.3202607401032567,0.2858806144539356,0.2613545988689984,0.26016773458490433,0.23538350441116068,0.3397808872490959,0.23674287661398466,0.3423059239722132,0.19949983119671733,0.43527220916574283,0.4631334698295185,0.9020160817232835,0.35888144128797383,0.2803145626580893,0.2633495147607903,0.2960098086787903,0.215466645078407,0.5377055642455218,0.47505089352641316,0.35640433250193637,0.7809174430870977,0.08890970921658022,-0.028890222529632418,0.8480541403369642,0.29649209770153384,0.20536371025113836,0.3315928830681453,0.09429040707686508,0.18355302924749323,0.1834235737794225,0.2637426853180901,0.11111285526128005,0.08720830388539393,0.5391207498285896,0.31344357113144855,0.13416060854812972,-0.07419329206600418,-0.07636466342894031,-0.013957417140111216,-0.024963855392074935,0.1635676944053101,-0.14044148815403446,-0.1754732878439933,-0.0724876904031236,-0.013218783447854333,0.10388908232251282,-0.05900747465847322
0.1527942158499555,0.3656621608484979,0.564012690804646,0.2733444925769251,0.19726294017917168,0.43054122275391815,0.25792299268575203,0.3107725890736156,0.06073286923870712,0.2532075809805655,0.23528759083378567,0.35857445815799976,0.24896635943367978,0.43533980228350494,0.7136920880749128,0.35860797030998204,0.4992853765829068,0.48929313480020875,0.440456995659649,0.3388887109138247,0.2721547517640836,-0.048929164936167176,0.34856231805631743,0.35888144128797383,2.6930800125434797,0.5156739061597808,0.33816675709665456,0.23809142443558232,1.0945133464850427,0.27319056335903263,0.5668979474937473,0.35402442755918573,0.10371505149144493,0.9137496950055983,0.2951567500456629,0.5956780057884856,0.42633313825064784,0.22589135317941902,0.13878303510845152,0.03466148056713996,0.3935408680710784,0.05884445710843369,0.40432123074864496,0.12241571885177693,0.7892350500109439,0.865136395739831,0.5440020692906905,-0.19927222477703682,-1.947078711640073,-0.3904890017666864,0.5699950987859399,0.11334889768565588,-0.19232151470410017,-0.0813407740256949,-0.22955035633337043,0.0069106264474159,-0.09642742893273305,0.24615445773596745,-0.0653606058883618
0.09413926880866688,0.13595032218305575,0.4305718152695938,0.2800344635859313,0.2124792526002116,0.40873171321039187,0.4857845973472885,0.3274370207073835,0.527715353020674,0.15600583457354952,0.4447757682051968,0.46635211547137867,0.3317513269210729,0.32472753248908526,0.33130973344488895,0.3148568494576977,0.31255432866735083,0.28443067323845656,0.2950871670138981,0.3290061145469318,0.21002129443194398,0.1727143189183168,0.051483612210492295,0.2803145626580893,0.5156739061597808,1.430565007860774,0.31340356087335686,0.2987854554092863,0.5812583632973091,0.1765575806380684,0.33427593119913224,0.37046745511972257,0.21418006601375225,0.6524025717860525,0.31320462000498495,0.4545540668262914,0.6802129204665227,0.20428555534734857,-0.34181280786613105,0.08066403760848107,0.19046923263512153,0.2983932869946011,0.5464547401778028,0.009891957072131197,0.6573301590183235,0.42210314932009946,0.3301311394074545,0.24384695374799498,-0.14987560713435347,-0.32621133551390435,0.1953478818375474,0.09559685662433168,-0.007906517005209378,-0.04333181877682509,-0.0858969879540408,0.1355770380830527,-0.21768551708768735,0.218880523921333,-0.2001071941619797
0.10915806504795471,0.18680923122393736,0.2805925894280117,0.1755603980935941,0.20244061887880543,0.3141910508535226,0.2895511300109632,0.2600532778101334,0.2862067362082961,0.23303973236176515,0.2771527042522134,0.3499919148990639,0.28042224942940747,0.30757911109598035,0.26620026576573963,0.33608464835781887,0.2678572611322036,0.1460648848719865,0.20323738732418092,0.39193910284253464,0.15977743467876565,0.27959187169319366,0.1387171350253981,0.2633495147607903,0.33816675709665456,0.31340356087335686,0.7252679637613433,0.24566048204278945,0.3608726160954814,0.21006442123759791,0.3023350479438117,0.31237435253778795,0.11929242752844668,0.35337458890035406,0.3813345102366691,0.4766767508791104,0.30837518347234133,0.20408349724148897,0.24182222989509086,0.18502263277666517,0.1317677993953883,0.19546182451699962,0.4064559334079645,0.07934402180176323,0.13168986977029593,0.38571419516587707,0.2624227153877646,0.11605555143675667,0.21227499924303156,-0.11127842644964402,-0.09986867887464793,0.07001759478310329,0.08846282630318603,-0.036877994934864086,-0.052103197948533464,0.09803843431812191,-0.002989284664304187,0.13935823456454338,-0.27217496826099874
0.11558753356979175,0.2089410233046876,0.4569581368672018,0.060249831890362676,0.09272040950104912,0.24342671851451253,0.322813264238723,0.16488843031722245,0.40238059601802,0.19501782293703063,0.17493676604451466,0.2019591530682453,0.2389868874065036,0.2647691621492987,0.3405888953788442,0.29382788711975394,0.3255467161988735,0.3285926814883679,0.32150005840408397,0.24159373010900037,0.32529624249929884,0.2520517103320389,0.039529266797998425,0.2960098086787903,0.23809142443558232,0.2987854554092863,0.24566048204278945,1.0764127666781367,0.30669345926932573,0.040355469562070145,0.37818344551432037,0.2624729777352605,0.5988887722939462,0.23531614713259036,0.9368885581682256,0.8301008763733642,0.4117611760496482,0.17307850748464682,0.18423169016051796,0.18232401887731847,0.32706314470752373,0.21883329969776083,0.42302225546679867,0.1280996794843563,0.5388080934214733,0.39358445048873125,0.1766334470135892,0.16118209651420182,-0.28666915360995376,0.06117926113171107,0.10889134626532683,0.455619897505266,-0.606058288172482,-0.03643347136087988,0.09357275309973141,0.15287307838167147,0.03531893142147028,-0.1198841528903478,-0.0990687412473094
0.1830877088545303,0.42619105461395934,0.6933417747219576,0.27313063979363694,0.18956348718818766,0.5462278676784121,0.42763211542876606,0.4190225208592004,0.34480850477249836,0.29197113455322243,0.41438054820667575,0.39149764528829156,0.4690289440677518,0.4761028527912305,0.642020131628672,0.5039786916817537,0.535602905079988,0.5314041710886698,0.36831231017457366,0.4632924145699924,0.3334773964149228,0.6243987693572504,0.4317787714728524,0.215466645078407,1.0945133464850427,0.5812583632973091,0.3608726160954814,0.30669345926932573,3.1020352654109034,0.5081581490886315,0.32388392222249107,0.4227475637243639,-0.20534465469077878,0.9828097718309255,0.6750531307654323,0.9179554906708659,1.0311036529472732,0.16045362961938653,0.3848013773775737,0.21603992823768584,0.45443396066155173,0.11926484662667207,0.7544165133577869,0.016612239065513543,0.7730554544400215,0.8875591474859447,0.842238674251751,-0.33049988678331665,-0.17241797304468043,0.0858578029684814,0.3195621818886546,-0.009173489940928876,-0.3462198254967569,-0.04814563191894087,-0.16485983112912558,0.13845305494816343,-0.2598822685877287,0.19127787297268597,-0.00211074967570467
-0.19827934855100557,-0.2842563085433218,-0.5990115698250101,0.1125664701488262,0.2850509064715669,-0.27386449035175436,0.2639855037806648,0.04378766371256764,-0.11826436177117902,0.4205745481183424,-0.01652358032368147,0.0019108494138821146,0.10308173535105167,0.13062027033914167,0.22132614498990658,0.1144411923970152,-0.16010860366913424,0.07905097730638441,-0.09584274019197929,0.3912514785823608,0.009808974559218595,0.15253450399396526,0.46543147614187397,0.5377055642455218,0.27319056335903263,0.1765575806380684,0.21006442123759791,0.040355469562070145,0.5081581490886315,3.0593763212459795,0.2327287423312482,0.08783188526296891,0.40552056838678713,0.26055509903834284,-0.05684719045152233,0.6921971680490131,0.6793668585034688,0.2649160785143801,0.47854741759319863,0.018842446920679767,-0.010168278162744121,-0.027303035225774954,0.6381922587351094,0.1917002183606502,0.5559389979552065,0.47483780474452175,0.8533243478137729,0.15714300038231657,-0.09606553402245269,-0.29679443613199824,-0.07940950531531824,-0.37727856314604397,0.53357054532367,-0.0642607964632027,-0.12234825812289549,-0.12432850301144598,-0.06267963286269083,0.32165667273685017,-0.13567735506849843
0.15928096643765516,0.25366484539846995,0.5253788033227809,0.1964479337141425,0.22658925339641187,0.36840406994131253,0.2829704628850399,0.31120037108790755,0.3665264476594173,0.28458636133936743,0.3180926393915637,0.3546427811274361,0.3054240011085592,0.36347416004728883,0.3823127168276728,0.34689725870685945,0.42830396945786464,0.4500544450583641,0.3309611642263457,0.404436898599586,0.2555711107762261,0.3457815513932804,0.23846038222432772,0.47505089352641316,0.5668979474937473,0.33427593119913224,0.3023350479438117,0.37818344551432037,0.32388392222249107,0.2327287423312482,1.0804776237342502,0.34712314155758034,0.46182836487075773,0.32571332950161463,0.2996647012614827,0.9752348939386589,0.5227737115469495,0.2876215278844479,0.33351667319509326,0.11772943775861185,0.21575901287441912,0.18268120181112227,0.35526091032372376,0.04615590197473028,0.41006067158393644,0.6388452196411949,0.34463525177707965,0.0852017650657358,-0.5421974021907718,0.007740615810756865,0.13769540533765504,0.06026739339117262,-0.05056244148989148,-0.16023869617743836,-0.04993800640068417,0.09927362544383234,0.038001370036030574,0.013950606305242565,-0.20501293027515138
0.1377996903451312,0.2328421270101321,0.43002349493204656,0.24972194558948346,0.19753491283553337,0.45049632853599936,0.2821256424248413,0.3362353853840045,0.34378278766477116,0.2782446970447303,0.36396900324864545,0.39293401349116047,0.3854374285680154,0.43952878936580003,0.2600158362030418,0.3690364744786389,0.3825245193571857,0.3143326865599016,0.26550663418086884,0.31128756485496006,0.32959502218839964,0.5452815254013819,0.185502471320188,0.35640433250193637,0.35402442755918573,0.37046745511972257,0.31237435253778795,0.2624729777352605,0.4227475637243639,0.08783188526296891,0.34712314155758034,0.6513462145670678,0.174059900794602,0.38147074882679016,0.289640250046088,0.5912095707582641,0.17367401566785795,0.17937527100499256,0.2950721042542235,0.14892648700996092,0.31936718601075664,0.21077067651744888,0.2506039163422468,0.08153941471066349,0.30182074357682526,0.5000121681102466,0.3138095530990999,-0.11891679774688518,-0.162485814451234,0.08702076375573105,0.043024639072280324,-0.04030422478870407,-0.1110150733815509,-0.031419747459899,-0.027505511980277023,-0.015324894821322078,0.21613117694054193,-0.07198850313492623,-0.15345419787952438
0.06484474330567605,0.07555374704627492,0.3259923418198752,0.29156318792250174,0.3599698103122599,0.18925716054709954,0.4982751605806854,0.19202817342113376,0.27653947518498617,0.16430294690302474,0.04227666453836639,0.09213600389495942,0.22472857036501145,0.2303480141211246,0.33792489991662117,0.08396114882852779,-0.013256742353046613,0.5004234326345446,0.40282488138948913,0.10668639872563833,0.11321616709654908,0.6491989807497495,0.6258293498160102,0.7809174430870977,0.10371505149144493,0.21418006601375225,0.11929242752844668,0.5988887722939462,-0.20534465469077878,0.40552056838678713,0.46182836487075773,0.174059900794602,2.2947662405211235,-0.295710825245655,-0.705556774079285,0.9585718214135839,0.81481187879551,0.15031536814543395,0.24888342332486263,-0.11477843858589588,-0.011142533587058046,0.19113643665581437,0.22557830398823558,0.12893213550368485,-0.1517390838057632,0.6027971068604416,0.1818281190617709,0.21332187552238546,0.04976638657240664,-0.0363312141052329,0.014653461721784326,-0.023901501228972562,0.2334134225723354,-0.3489031757669469,-0.09731678276990202,-0.03184435337365017,-0.08710183131929582,0.06889185975646107,0.07044628401427201
-0.11791411450814683,0.3256696057208208,0.4614386016768139,0.28460020138668823,0.2149001860372261,0.4548662504476353,0.7458489111301688,0.46138929230634407,0.6057018912544648,0.4308517439229448,0.5043000222986657,0.5443443454701659,0.5368867209166873,0.3579279465740993,0.3688929473510548,0.4389005942786178,0.6364273135719151,0.5190798645265998,0.26899340917931625,0.5845978983331116,0.33334223550562175,0.39795805882842566,0.3922281170723194,0.08890970921658022,0.9137496950055983,0.6524025717860525,0.35337458890035406,0.23531614713259036,0.9828097718309255,0.26055509903834284,0.32571332950161463,0.38147074882679016,-0.295710825245655,2.396645160374189,0.714051083510666,0.4437608516616722,0.8139490775249422,0.24786451356098424,0.41330019074446706,0.1610920090449404,0.4850421693680539,0.15250238085879206,0.839537630145553,0.256834184140281,0.666089317697518,0.5354100438275905,0.7040622414533859,0.04056197513277772,0.016920611795174685,-0.26625267862721047,0.2574782752617193,0.1021346638958033,-0.08549211232775157,-0.02539738208350604,-0.15095748411757273,0.1817678024502954,-0.26868564118806404,0.12089583446015625,-0.001011238200475602
