1.6321043518470744,0.5915962180969395,0.9560666101737395,-0.14590370040989323,0.3549267993045137,0.15050656945068927,0.4150155209510915,0.1691042327624073,0.2378539590567509,0.16031992888353183,0.21878758986934152,0.33260724531502006,0.08176410570576535,0.200256935661712,0.23510545056144722,0.09876658130147951,0.08967430064607343,0.345070758830823,0.17013653398844847,-0.012500823328119732,0.16293236664699864,0.27182361265115806,0.11109033299815416,-0.0710352369818664,0.2506184294547928,0.16903819032086903,0.16772785900695494,-0.06880101623500696,0.37463739507987565,0.3226703901951298,0.18053649573184732,0.08924228194603748,-0.03048780500597357,-0.33012679825838037,0.38028987327727964,0.12329008199350981,0.08918075082034363,-0.0061689496161115,0.2275704353997769,0.13676991803626048,0.2404527218150671,0.1376076704251703,0.06095217290654856,-0.0126286650824055,0.2161804977471879,0.24065645513190118,0.2792568869429128,-0.0006424726972771127,0.17281600000653632,0.020883250753152935,-0.04423660361043551,-0.20135323868798485,0.016333802236231924,0.08240466559949312,0.04003592060790087,0.04790675008644221,-0.012083302134049127,0.48575687915794674,-0.7791058999164535,0.05452660692295495
0.5915962180969395,3.694344082302774,0.251925588207629,-0.16163007221280704,0.1921033155726127,-0.14768348927820568,0.3828373205726921,0.08457466222882548,0.21403854945595877,0.20022359996956957,0.19226407911703378,0.1617954328646604,0.08164296450776934,-0.008718652731746733,0.4012881706097842,-0.016747037364000076,-0.06187723700448699,0.6024384123724561,0.13448971415545705,0.01670195858020351,0.5071900355719439,0.01989979950002159,-0.1892733988210489,-0.05763299062836664,0.02488845238918463,0.21054842458829737,0.5797887196455181,0.7566930863463164,0.43887919690147503,0.09011394467544846,0.24016210191279988,0.1595734025996835,0.03750741143775295,0.03163026529512536,0.1981006703583895,0.23977447609212418,0.32249647602354253,0.013042560446790514,0.06575453301521741,0.12073121397138682,0.2941631316662295,0.38965213343722394,-0.1240256943221457,-0.08773594745808448,0.12087312587639246,0.28000114424821876,0.24246084261076387,-0.02130962223185704,0.02972538287965943,0.020456974005808856,0.19076372669687827,0.19477167962982989,-0.24308699549543145,-0.02103921494105998,-0.4969907088541524,-0.09326953595162332,0.07045757261438285,0.25048421795450965,0.29084315404339445,0.10599133063832884
0.9560666101737395,0.251925588207629,2.546579975699971,0.062495511040483544,-0.12169588492346227,0.3744900696010297,0.18851651576958436,0.2728419561475157,0.3772098932470429,0.31567239621895765,0.2509143278494371,0.35781162198674865,0.10789666708511056,0.28250579560554834,0.2961829897493201,0.009091307830014722,0.24751326293320505,0.38501602705511934,0.1388053157391459,0.255518293119172,0.22713155947389393,0.417966647377085,0.2831597595374903,0.15727159934448628,0.271400008100132,0.1982219322329619,0.06020505888356099,0.14500682664229295,0.559954791813597,0.402919471085022,0.2013218871438826,0.0902314450421809,0.09577148489473215,0.01049371408022701,0.5906389807446706,0.16757315329995623,0.25736384889910524,0.1346282547599508,0.3643822654177883,0.1990824011065667,0.23832273329726475,0.2188258994633246,0.17614698266711365,0.007423671383740597,0.1682805157598019,0.2948782019991476,0.4357560009175505,0.005798338689391696,0.36239752862781405,0.0846122684833274,-0.07433465063083262,-0.07823251771247136,0.03407949143049652,-0.03376164878523293,0.11720604952758668,0.05156408102857266,-0.17359791067997013,0.13339991913314517,-0.35519531716883573,0.11947618270982929
-0.14590370040989323,-0.16163007221280704,0.062495511040483544,1.8956908841373659,0.20711770455357256,0.27017150838688664,0.048148718463994614,0.200547649937692,0.006766213233338429,-0.010898897102841096,0.20520969733561273,0.2967851806494785,0.09721144827463121,0.34598476417211016,0.13659722404766747,0.28222992908370037,0.1792033668646788,0.040762335359628026,0.17442574866107088,0.26581465107183355,0.14799736169677222,0.10099510952333157,-0.008546870059518463,0.1321021505649059,0.11717582641495213,0.17675051479010043,-0.00028239794330672466,0.05405268472226287,0.0921859687416131,-0.12951403742198178,0.11374183199802228,0.16940908381848652,0.1779045156504286,0.21863896590489457,-0.33420181780174146,0.150020810661012,0.13605288430115361,0.16196614722816316,0.09015994437264856,-0.037419984588579196,0.07888268061649288,0.1432595564639484,-0.06773734172886842,0.2506494735146831,-0.1152497368022477,0.1264904585897131,0.032986817690563226,-0.0042066797690290415,-0.04893586306328128,-0.041669379438805755,-0.02876816601480826,-0.03807728219403811,0.0014119261117737302,-0.007762313024297842,-0.15214755665786303,0.040844595912659244,-0.16426615071952674,0.16072169224901542,0.09005281085116632,0.07688436208143225
0.3549267993045137,0.1921033155726127,-0.12169588492346227,0.20711770455357256,1.2273281407395304,-0.14642837821853757,0.2538885500805955,0.08579342482613975,-0.1670891764146993,0.037265205556251915,0.13127562184170122,0.23092164055177186,0.06613688342945565,0.1044386296177718,0.11864951924306591,0.24181346612788474,0.027053468706041556,0.06443301807352111,0.30456372690750344,-0.0622953416204645,0.07615697863111295,0.13210200299641872,-0.0034711685388425033,0.02833188631184371,0.08696066220215243,0.0654465652291256,0.06617326357047643,-0.11073662897536199,0.13506883727973765,-0.010935683738930103,0.0712348273073229,0.09136756949056717,0.106740290929556,0.02521005650512527,-0.17362383323659789,0.13511535795972288,0.14367173471419037,-0.02147353736410415,0.05233108754138913,-0.045659943038586316,0.10806517098670675,0.07001263377549875,-0.1453702315602117,0.05656229163276743,-0.09488031750134858,0.099804841763794,-0.013633044306671878,0.0005760536451135962,-0.012182523952788573,0.17675068673847738,-0.19798092991277028,-0.2616656446402604,-0.028468486542828964,0.10721158693457893,-0.05318759650276134,0.008115769304461735,-0.21006291873712452,0.2548595397623972,-0.09529980057546374,-0.2361283500345568
0.15050656945068927,-0.14768348927820568,0.3744900696010297,0.27017150838688664,-0.14642837821853757,0.925249044370654,-0.03750478485193911,0.19147871572508712,0.25866523215225573,-0.033580823893659885,0.14142821449653917,0.21610169591084247,0.09512372162238655,0.26174851655175746,0.1392899871599365,0.1363755724443302,0.20412051984070373,0.02075065113343012,0.2866811962250242,0.2663840653060274,0.08952409141122855,0.11132368669105894,-0.04212550172371601,0.09250311617269684,0.144375920913596,0.18218883328440785,0.055265124300169874,-0.06741996495300236,0.18088648861893275,0.010141818451954714,0.10315973566471151,0.10548937785451332,0.037082196972306886,0.17969446316857546,0.1678899718297107,0.012681475022744793,0.15631645794222757,0.14449380417583751,0.16465665410900604,0.04994628978675231,0.06735478067066376,0.08953715753050519,0.12351805870621516,0.0515213489652429,0.05280491941748878,0.11740495209908712,0.08813711443089524,0.02576371867265272,0.382415815278878,0.011019932245216928,-0.14075178469430763,-0.02418101545404686,0.04517501251045059,0.06737154728859136,-0.052998091267157384,0.05418553648164729,-0.16753958248426498,0.22731850963401304,-0.15518375064246906,0.10855602481943953
0.4150155209510915,0.3828373205726921,0.18851651576958436,0.048148718463994614,0.2538885500805955,-0.03750478485193911,0.7484223132425668,-0.0530099821118515,0.13416391440867934,0.07668306020742117,0.20675614403704146,0.3394834262308985,0.07414934423115953,0.025375163123065057,0.09305589900620245,0.1629242160471313,0.09274766714143722,0.27804915176222045,0.0599897638774903,-0.11142383030136345,0.16096746868650763,0.23476386363310262,0.24608441553814236,0.07360926414685987,0.16772334920313595,0.14963634414575475,0.15516933320628887,0.0804660288211528,0.1755207534102818,0.021438266650301175,0.11187902525194793,0.1752371252351238,0.051510471903054154,0.07142570611517013,0.1525592663543328,0.1261783642587318,0.027248975755085204,-0.02952505672009569,0.13449731451156152,0.01532836189099731,0.0669369861306653,0.1438368903036101,-0.107338978046673,0.011589695470848973,-0.05635143287569434,0.17246312791356694,0.10126444931043287,-0.010298766834025697,0.11974289806878441,0.02233262802454679,-0.05127945601868764,-0.0020111888178449655,-0.025199910386916786,0.00833006516552409,-0.0475785184936388,0.07706210706025712,0.03932522866886528,0.09099863865314897,-0.27812996304828275,0.07532225662974341
0.1691042327624073,0.08457466222882548,0.2728419561475157,0.200547649937692,0.08579342482613975,0.19147871572508712,-0.0530099821118515,0.6174686453110961,0.07346274673085124,0.19558562767189716,0.16019385171339914,0.05635813785000994,0.12715922775587093,0.23455684215767206,0.133457689980412,0.12770558466517704,0.2011612792203362,0.15734373099620522,0.145576502665242,0.17370248337856395,0.04944916359357938,0.11842554248691402,0.062427270319504236,0.07527873421684059,0.12012567248266959,0.14627218368744196,0.07744726936514133,-0.03866486852486125,0.1439342362136207,0.10621957174863132,0.0951692224314858,0.05517960002691936,0.005420853504369704,0.15094270860345516,0.24593127887766172,0.03709905575358801,0.174114853474927,0.09349946263002758,0.24317235077109228,0.08464633045156565,0.053338853749695846,0.05915764578431644,0.14620108413063307,0.031218311814905156,0.07349893201836004,0.1060252196135751,0.21305077960460128,0.005638115041397447,0.22041362913759407,0.08553062224387094,0.002253431003874237,0.1074476007266566,-0.04733476018264901,-0.08214886213680953,-0.11706733652583065,-0.07835668049795938,-0.007829101105471158,0.28765323171342283,-0.11657767909129874,0.10415828830526022
0.2378539590567509,0.21403854945595877,0.3772098932470429,0.006766213233338429,-0.1670891764146993,0.25866523215225573,0.13416391440867934,0.07346274673085124,0.8879040589203978,0.05596785443852639,0.020863178219597756,0.11443333809147803,0.052613828366796914,0.13385026890158447,0.12697198242326738,0.05280221020057931,0.08408528989937336,0.18078857864637604,0.027355286618443782,0.10140410994918563,0.11575479516906263,0.09188429525480625,0.17404462640289953,0.07784820324759759,0.11628834769361605,0.23971065135951614,0.15698037394104233,0.1981452661474841,0.10834854043323464,0.0495887824928652,0.1152920747412058,0.1015448528736263,0.03799023739184321,0.12663166572845722,0.2202496496581874,0.07914411712087663,0.06616108398920352,0.0692788168282834,0.15641998066657228,0.05687799268585072,0.060275424125903844,0.11258768275506222,0.04814978817689083,0.004561002880928915,0.016135574505215283,0.1770761759414894,0.14079443334696926,0.0010688381133985546,0.12450684726770221,-0.09315936411289313,-0.016082686008997097,0.07073467615942988,0.09060668499635141,-0.021869097349686797,-0.051075659556644996,0.11187880867580462,0.01797260075417034,0.11232539586508018,-0.2647108292878733,0.18987324361342955
0.16031992888353183,0.20022359996956957,0.31567239621895765,-0.010898897102841096,0.037265205556251915,-0.033580823893659885,0.07668306020742117,0.19558562767189716,0.05596785443852639,0.7599553652015836,0.059390014366534086,-0.007767012205853765,0.07037468054495999,0.07411678320945855,0.08078571382259238,0.10770649831279928,0.14889436632276598,0.2925465255886021,0.00955804022828249,0.08205754512797302,0.10707424687099006,0.190972812592411,0.2049250427847691,0.1327378288519344,0.11420512244271235,0.047063457238285325,0.17819072417825535,0.1687986479549796,0.15614802100594852,0.3198354977274053,0.1635252505872703,0.07535485890354665,0.09541195967981603,0.09559737514865985,0.2223349419778617,0.18034942866907674,0.24522042193562887,0.05317704409272314,0.20492094554103182,0.1544591850432074,0.2729309639129745,0.11354872039862575,0.0911496690535328,0.05240510872499307,-0.06484443649491585,0.253563157101735,0.3760577852381392,-0.0022500103648457077,0.17149396623943808,0.09133627819788391,0.02140386992026406,-0.09710535564875965,-0.03220101270354849,0.024587511995446443,0.030123284701845103,-0.056189843414023104,0.12420724685284162,-0.12431021826533147,0.097499258627155,0.10757361318233641
0.21878758986934152,0.19226407911703378,0.2509143278494371,0.20520969733561273,0.13127562184170122,0.14142821449653917,0.20675614403704146,0.16019385171339914,0.020863178219597756,0.059390014366534086,0.6047317854492258,0.27316644458368355,0.1168407291188741,0.1232048541242666,0.21586704355973857,0.12216085163507627,0.1738243845874867,0.1371485609316726,0.05677176710550504,0.18597618928784584,0.20792991210763284,0.12574585771684807,0.10531347692581618,0.11769273844492523,0.18489022134429184,0.2308563992977811,0.1864980157582398,0.12827633473517783,0.17206968119463203,-0.012772784614507475,0.12279272151292353,0.16231093837779015,0.06088291969640633,0.14647667347812196,0.14632951186478566,0.12668863866537655,0.09811003772402692,0.09747215704855532,0.15232927571125632,0.05935023755419627,0.07306275352320867,0.19411812477886078,0.022416787455926873,-0.015208432234184763,0.0514428926555605,0.20955082726793575,0.11576469868928924,-0.00024760912594914096,-0.004699701117417656,-0.03835887932829238,-0.08790433509361048,-0.055393411626258944,0.1246405454369129,0.025978059229581008,-0.06627806039463478,0.02822594719973522,-0.018168111551082694,0.11594927388832127,-0.14680976698366793,0.10100043444723143
0.33260724531502006,0.1617954328646604,0.35781162198674865,0.2967851806494785,0.23092164055177186,0.21610169591084247,0.3394834262308985,0.05635813785000994,0.11443333809147803,-0.007767012205853765,0.27316644458368355,0.7051377990695578,0.0526840785804077,0.15142854136936545,0.12233595621623734,0.17620294402537712,0.146897518093949,0.20437338637093183,0.12200981560804042,0.062333771225228735,0.13916606947798313,0.12907364518236294,0.12914099644469698,0.07619994037033193,0.22737886455256395,0.23109081370607118,0.13085899067419404,-0.1666055315690786,0.2132933496422262,-0.03777456283439888,0.14142704794089792,0.21725456576481172,0.03436904935585184,0.1361457836033351,0.240456988142698,0.10768714030788694,0.07479560063724343,0.05193910933035735,0.16821002447608738,0.0329656244793281,0.08829913227014034,0.13471522448945694,-0.0626040598222525,0.03290579511805267,-0.009585564808356935,0.2031007409636126,0.10648427654878068,0.003061137446018095,0.3251709293101509,-0.0032776911391654982,-0.09557912044382133,-0.1709280123842692,0.12414529386141722,0.016856709531081548,-0.0925677577379344,0.09534604829574554,-0.07545559722392256,0.2338274408031347,-0.41724575976269784,0.021177021999421133
0.08176410570576535,0.08164296450776934,0.10789666708511056,0.09721144827463121,0.06613688342945565,0.09512372162238655,0.07414934423115953,0.12715922775587093,0.052613828366796914,0.07037468054495999,0.1168407291188741,0.0526840785804077,0.23610674149482963,0.09525334914715755,0.031244548842089426,0.06207755344859078,0.09711509152718792,0.061944747594934846,0.06770518402952706,0.05960680803898867,0.06032900251279735,0.16174375712563963,0.06063723427558079,0.07417357959882209,0.06431501568975649,0.06628235433724836,0.0528908777984273,0.03780314532138989,0.10422584008721897,0.048390988979127754,0.04821840901124199,0.07570369877582614,0.04432476525105905,0.06528658309240358,0.07528331084190086,0.05359879402489859,0.06942201806454577,0.03330791046255412,0.09563072586007114,0.03304421755739394,0.04477507448846225,0.06022580407838733,0.038520163883039,0.028592661582641184,-0.017153481344349,0.08410143603788102,0.0749456033843434,0.00027719055599648623,0.06602209442980757,0.028208312588153345,-0.02259738601235581,-0.013964948183380843,0.0017229671291846202,-0.006746123176995238,0.0014651602781984765,-0.016241282009072606,-0.04469185581994881,-0.030847785269398756,0.08529476472275879,0.039360261387305515
0.200256935661712,-0.008718652731746733,0.28250579560554834,0.34598476417211016,0.1044386296177718,0.26174851655175746,0.025375163123065057,0.23455684215767206,0.13385026890158447,0.07411678320945855,0.1232048541242666,0.15142854136936545,0.09525334914715755,0.5375903655757448,0.17897268425714288,0.15562062192142434,0.15869776088657925,0.040764042636974314,0.13343254752130929,0.23737792807908223,0.11101866643220058,0.051173365466533706,-0.01696638491589823,0.07717763947418241,0.11170484991609655,0.14237235369336398,-0.006729202877520556,0.025754633952471646,0.17701826782824107,0.10948184811025775,0.10674089755772316,0.05281587284782541,0.06796928461242967,0.0991668285809499,0.0923979800199136,0.06589443116403647,0.18746421855287235,0.11872380095642249,0.12817110698982473,0.06308838095255648,0.11553764558398381,0.10722884687223927,0.09762393440229776,0.06676767727644514,0.04152721190875911,0.10712647345571452,0.12331550662770363,0.009752688466437325,0.3000605895714388,0.022288685157870573,-0.04835667884383167,-0.06444703516492131,-0.007183287679789111,0.047252076556896366,-0.08406401764485807,0.005747495174805826,-0.19645802155840814,0.26079584148241836,-0.02090454114139294,0.07389200588283501
0.23510545056144722,0.4012881706097842,0.2961829897493201,0.13659722404766747,0.11864951924306591,0.1392899871599365,0.09305589900620245,0.133457689980412,0.12697198242326738,0.08078571382259238,0.21586704355973857,0.12233595621623734,0.031244548842089426,0.17897268425714288,0.7313191985198627,-0.02297112415757551,0.18076247705016618,0.08715940908565231,0.0971827412665202,0.2111916604801274,0.16343184994040907,-0.0631122358674285,0.08298233505983389,0.11470468534735674,0.15582548726370626,0.11616850532942503,0.1523893285812767,0.2550884456148525,0.19611277778086378,0.10379018514929551,0.11238746379300053,0.021461758108925,0.1703782215402313,0.10388971983031624,0.04033933263350182,0.09993085445828549,0.25149670883106917,0.10562744849068706,0.13379848637949868,0.05294335228836064,0.11781361272526387,0.14613408402165526,0.047836576740958904,0.0008604202101593861,0.016055819478371477,0.1453659122823985,0.1238970786918362,0.004097056634324611,0.13546452722810587,0.22964420882389533,-0.11744870616158683,0.09866016886184258,-0.08854490325769136,0.013041270572123646,-0.0986366789016609,0.0360880057286388,-0.1878018401569638,0.22700541755785744,0.04127680120465676,0.022381613890361612
0.09876658130147951,-0.016747037364000076,0.009091307830014722,0.28222992908370037,0.24181346612788474,0.1363755724443302,0.1629242160471313,0.12770558466517704,0.05280221020057931,0.10770649831279928,0.12216085163507627,0.17620294402537712,0.06207755344859078,0.15562062192142434,-0.02297112415757551,0.7832086761418846,0.11536401209245568,0.140896592204991,0.11166805521081753,-0.04934374939893303,0.08620043410275324,0.13632849832993293,0.14685276809472464,0.10936551126498763,0.09841890060029726,0.09838973446913193,0.04199894569831395,0.06539716417054574,0.21927653942942463,0.11091904895710517,0.053357108181295555,0.18973863840170993,-0.06256369998882598,0.1343577021957218,0.314082211822943,0.08530715257986655,-0.0073403973424555095,0.00782766741016796,0.13465472365981931,0.06450552148562076,0.07106876900136512,0.10925763632614567,0.080105285128501,0.07209330750361918,-0.019040365475865354,0.08718936083835431,0.16197184138318085,8.830123914444527e-5,0.10363339912217594,-0.2473136532338105,-0.09629271454100334,-0.061027296385079526,0.1388675274583672,0.021689487752634524,-0.09472926874442392,-0.005079646415654214,-0.07701355408983362,0.16143281194925282,-0.09190254516548335,0.048497532866514564
0.08967430064607343,-0.06187723700448699,0.24751326293320505,0.1792033668646788,0.027053468706041556,0.20412051984070373,0.09274766714143722,0.2011612792203362,0.08408528989937336,0.14889436632276598,0.1738243845874867,0.146897518093949,0.09711509152718792,0.15869776088657925,0.18076247705016618,0.11536401209245568,0.6914763440994467,0.0452946307127832,0.11332726056721894,0.18781949901400416,0.19502637766482983,0.3195573344615527,0.13699918692097793,0.14522975329752,0.18202148946965319,0.12129304389372816,0.14225267572501057,0.20369921520258266,0.14114681658273698,0.06067613180036808,0.10753540540011493,0.1061254287703812,0.16342276372841869,0.142413485096819,0.09957334952071724,0.08180379878702639,0.2515326450508172,0.10728357505329851,0.20686812515140515,0.08178505716411036,0.1128579918074265,0.17123421335133174,0.06569164698464151,0.034024336600124064,0.03584285968562541,0.17814824314007183,0.18141959301533292,0.007175413947962482,0.18550277994758294,0.3101706362054937,-0.006562789104766925,-0.011332542719879489,-0.10901636319685687,-0.03850866049365248,0.004623350168037789,-0.005905006513440325,-0.09524633022981897,0.09286099631170583,0.005072714058429233,0.05856815300836347
0.345070758830823,0.6024384123724561,0.38501602705511934,0.040762335359628026,0.06443301807352111,0.02075065113343012,0.27804915176222045,0.15734373099620522,0.18078857864637604,0.2925465255886021,0.1371485609316726,0.20437338637093183,0.061944747594934846,0.040764042636974314,0.08715940908565231,0.140896592204991,0.0452946307127832,0.9666706034629013,0.03952578107456091,-0.19828251487112247,0.17171478870793838,0.22099724492263714,0.594624446943775,0.13397274572709453,0.21187863204174562,0.21923332583718916,-0.09169398763300632,0.1500204206662555,0.23540557290916153,0.12354789100316849,0.2151307079949392,0.12682865111556593,0.08620517229020369,0.04573411404992951,0.18369149535994259,0.17415340537009946,0.27773468529282425,-0.0551367321213216,0.16413282542304322,0.1028195206832212,0.2244408254638079,0.15594750580973035,0.05976088599889424,0.008210681546658525,-0.016298810298083225,0.24554933852498012,0.4715640681902539,-0.004557822021516626,0.005731322354919591,0.319631454271241,0.1892395167091128,-0.010296196361049783,-0.29369679320997855,-0.15998695836599525,-0.07500830479233833,0.06347018610118396,0.07740166546505094,0.1946728661107391,-0.34987367116042145,0.03217738083379262
0.17013653398844847,0.13448971415545705,0.1388053157391459,0.17442574866107088,0.30456372690750344,0.2866811962250242,0.0599897638774903,0.145576502665242,0.027355286618443782,0.00955804022828249,0.05677176710550504,0.12200981560804042,0.06770518402952706,0.13343254752130929,0.0971827412665202,0.11166805521081753,0.11332726056721894,0.03952578107456091,0.7795545856611642,0.017030903554689163,0.0819723467126944,0.13298931169515146,-0.14024989341847183,0.03762868067955929,0.04639039085517413,-0.023608563619446403,-0.011453972066321459,-0.05409940463609202,0.003057196785020771,-0.011634610614097454,0.08211340886058466,0.04916773257146775,0.08027300965773021,0.029450605971696516,-0.04231175667404664,0.04636083787893944,0.18496712195153073,0.02998433482519155,0.16499937814274387,0.007546443662498765,0.06050982963742994,0.056887561768799326,-0.03583348701116306,0.030023805106654193,0.09625406119397048,0.0707195817339505,-0.024525994619107795,0.025791813335104687,0.051845027036064986,0.08858723154452389,0.1536386834127253,0.2388649341492701,-0.2618226464594631,-0.016418356608632577,-0.07615157479261232,0.008843743093481978,-0.09362274841764802,0.18249479983990524,-0.07908015068020162,-0.009092556793692056
-0.012500823328119732,0.01670195858020351,0.255518293119172,0.26581465107183355,-0.0622953416204645,0.2663840653060274,-0.11142383030136345,0.17370248337856395,0.10140410994918563,0.08205754512797302,0.18597618928784584,0.062333771225228735,0.05960680803898867,0.23737792807908223,0.2111916604801274,-0.04934374939893303,0.18781949901400416,-0.19828251487112247,0.017030903554689163,1.7017456696785325,0.2918877194973563,-0.3869410050695337,-0.5289036020510138,0.16955965015866636,0.0704359733803089,0.24295191419488535,0.26984622662371,0.3378616668537421,0.11000287355482345,0.37842577342763073,0.3232532139408618,0.027128312211084447,0.4080851150648999,0.24281919948502043,-0.09596152078985667,0.14370528318845618,0.776663037017662,0.7385733187752563,0.15151279821455924,0.30816203458486147,0.3707393118676267,0.32699074092142344,0.618789754450476,0.05540188394741826,0.38069133148731854,0.3965819976719551,0.08380512492853702,0.057525348131924336,0.8158785500155773,-0.2544164582977281,-0.1834413257035707,-0.10588744569961366,0.33680023705470213,0.05397185043152189,0.055652110784088216,0.005210958771207548,-0.06681588536501136,0.04774410010922823,0.13061648438299142,0.1294096801620803
0.16293236664699864,0.5071900355719439,0.22713155947389393,0.14799736169677222,0.07615697863111295,0.08952409141122855,0.16096746868650763,0.04944916359357938,0.11575479516906263,0.10707424687099006,0.20792991210763284,0.13916606947798313,0.06032900251279735,0.11101866643220058,0.16343184994040907,0.08620043410275324,0.19502637766482983,0.17171478870793838,0.0819723467126944,0.2918877194973563,0.7557404856243892,0.12718745350837724,0.037515818835387856,0.1317384713352272,0.11584040672432819,0.29116960985231916,0.18491070459442968,0.4575297589031525,0.07161740693132101,0.11490061470151085,0.16337533547838756,0.21188753942552505,0.16928663938414995,0.12484825074264114,0.06559108929527137,0.1389801407641432,0.17118968671835486,0.14844047578334085,0.07663284991012435,0.1689861606544828,0.2591675279170085,0.6042677342210243,0.015511782138155622,0.006748438357435944,0.11537754269795322,0.22599864960292704,0.20748863015076038,0.011460067904157831,0.20850139788125446,-0.02232730681348331,-0.014523801829362273,-0.017736177661502168,0.013990820815537116,0.018897019487220078,-0.055853529685961946,0.0013647165646667675,0.0005226307884150376,0.03427705838617966,0.04085579209865305,0.10848677405175632
0.27182361265115806,0.01989979950002159,0.417966647377085,0.10099510952333157,0.13210200299641872,0.11132368669105894,0.23476386363310262,0.11842554248691402,0.09188429525480625,0.190972812592411,0.12574585771684807,0.12907364518236294,0.16174375712563963,0.051173365466533706,-0.0631122358674285,0.13632849832993293,0.3195573344615527,0.22099724492263714,0.13298931169515146,-0.3869410050695337,0.12718745350837724,2.156928969598953,0.5358874495961947,0.15806753940140938,0.16649021596338995,0.11462237867430453,0.11417530066066384,0.01289219959082237,-0.10997470788072951,0.018658026135277426,0.016566932999898164,0.33385274079271765,0.07274329940875908,-0.011045810542027067,0.06456144188576461,0.083087663926307,0.017873424643199038,-0.16323338649580796,0.11884348087906928,-0.03019170528783448,0.10958005618582091,0.1061862678045269,-0.10008368367477428,0.0879593902263102,-0.22561320348467462,0.1532283482013336,0.19412349668504916,-0.0020469564362136793,-0.0869109265085196,-0.1778403397867581,0.010545092374287798,-0.30713084868258134,0.07744275608391765,-0.09408771248446883,0.003710213391510183,0.048733625830684,-0.04775141745491657,-0.033642815017682126,-0.1433069861910504,0.0029610563612335015
0.11109033299815416,-0.1892733988210489,0.2831597595374903,-0.008546870059518463,-0.0034711685388425033,-0.04212550172371601,0.24608441553814236,0.062427270319504236,0.17404462640289953,0.2049250427847691,0.10531347692581618,0.12914099644469698,0.06063723427558079,-0.01696638491589823,0.08298233505983389,0.14685276809472464,0.13699918692097793,0.594624446943775,-0.14024989341847183,-0.5289036020510138,0.037515818835387856,0.5358874495961947,2.0128691363787845,0.3846014547088955,0.4739966189909928,-0.15525442184879937,0.07940531466219738,0.07921907726153289,0.27359690550025456,0.27233907343104735,-0.09328627718802075,0.03494462126146023,0.40522466107449123,0.05096779702468068,0.1890635445525425,0.048418261634054945,0.23409185651205291,-0.21079197726404758,0.3845836293552871,0.06644235087452617,-0.026830299559038453,0.043931717590342895,0.004355676107169056,0.031363577507936016,-0.3332457090067128,0.20889697748665076,0.4974662918207752,0.019328851065113117,0.003627724104476303,0.37388459694018317,-0.15635070645374036,0.08498388830166777,0.02822201556879504,-0.1269855691002016,0.10902504952794835,0.02638385363994832,-0.06166637767092886,-0.09723464095464032,0.015167523899917872,0.03299343907418017
-0.0710352369818664,-0.05763299062836664,0.15727159934448628,0.1321021505649059,0.02833188631184371,0.09250311617269684,0.07360926414685987,0.07527873421684059,0.07784820324759759,0.1327378288519344,0.11769273844492523,0.07619994037033193,0.07417357959882209,0.07717763947418241,0.11470468534735674,0.10936551126498763,0.14522975329752,0.13397274572709453,0.03762868067955929,0.16955965015866636,0.1317384713352272,0.15806753940140938,0.3846014547088955,0.5864362696864475,0.20180516766927964,0.1272436886239591,0.1561322322326365,0.26237291892576964,0.07482085858086171,0.35622628589387073,0.16213472230933698,0.15331437983346347,0.47535681217327747,-0.022399464662370742,0.028608634117967827,0.2511691662234694,0.30040852961207476,0.1032645879137472,0.08082901686008855,0.07296646751296242,0.2665439878831853,0.1464405653821198,0.06802688266680411,0.03362128828156291,-0.2033782147872343,0.3232313596445247,0.24009128881106165,-0.00664216760409067,0.2712253304272499,0.05834082197758366,-0.1531027913427805,0.03495633081309505,0.07192354592430923,-0.019952991319088145,0.07316261861865878,-0.021440984485240747,0.005742754571091547,-0.21906994952037764,0.21939755056848143,0.09295794469947787
0.2506184294547928,0.02488845238918463,0.271400008100132,0.11717582641495213,0.08696066220215243,0.144375920913596,0.16772334920313595,0.12012567248266959,0.11628834769361605,0.11420512244271235,0.18489022134429184,0.22737886455256395,0.06431501568975649,0.11170484991609655,0.15582548726370626,0.09841890060029726,0.18202148946965319,0.21187863204174562,0.04639039085517413,0.0704359733803089,0.11584040672432819,0.16649021596338995,0.4739966189909928,0.20180516766927964,1.1888879875663878,0.17644647673256983,0.18778541365497708,0.05555042794921287,0.28114774675704823,0.14249815875884975,0.028332280388413702,0.10360851021462063,0.15774857410374823,0.19510012259107457,0.21912635382734838,0.05734065594768409,0.11200925812150549,0.05526368685965205,0.11110547690871846,0.059444263446945506,-0.0017886817191360802,0.1233478532363453,0.1161886208689763,0.053494181987678614,-0.07832896974266988,0.31417477275619865,0.22489926927065135,-0.006107457975763368,0.12710797010715488,-0.15401663425467316,-0.10522720235944132,-0.06939947339571224,0.13268820575166254,0.038608446702556296,0.040791028182736375,0.1140157146913541,0.020983972284963202,0.04805661068146355,-0.2404953710474276,0.08946804638504705
0.16903819032086903,0.21054842458829737,0.1982219322329619,0.17675051479010043,0.0654465652291256,0.18218883328440785,0.14963634414575475,0.14627218368744196,0.23971065135951614,0.047063457238285325,0.2308563992977811,0.23109081370607118,0.06628235433724836,0.14237235369336398,0.11616850532942503,0.09838973446913193,0.12129304389372816,0.21923332583718916,-0.023608563619446403,0.24295191419488535,0.29116960985231916,0.11462237867430453,-0.15525442184879937,0.1272436886239591,0.17644647673256983,1.43892824818344,0.2709261307741523,0.44008578400879556,-0.12892384707974547,-0.15563510837400743,0.20692862775702617,0.2917194998260226,0.05903917716636631,0.15303060897382514,0.16994844041623192,0.23892313897654804,0.0007294043210450201,0.1423248027974339,-0.5664841852279126,0.11331905819457339,0.38645930897367003,0.2932581238773638,0.16459923114079833,0.004052010421297532,-0.20255599423136875,0.36124550318988546,0.039862629182477884,0.01769930610714719,0.2954391362175342,0.006717390882191595,-0.14226349607400282,-0.17970852210807986,-0.07348327395621264,0.03976610466352122,-0.0346781903185513,0.01584072870916874,-0.042601990177972435,0.12869269396751903,-0.0982246906678042,0.10167695779580829
0.16772785900695494,0.5797887196455181,0.06020505888356099,-0.00028239794330672466,0.06617326357047643,0.055265124300169874,0.15516933320628887,0.07744726936514133,0.15698037394104233,0.17819072417825535,0.1864980157582398,0.13085899067419404,0.0528908777984273,-0.006729202877520556,0.1523893285812767,0.04199894569831395,0.14225267572501057,-0.09169398763300632,-0.011453972066321459,0.26984622662371,0.18491070459442968,0.11417530066066384,0.07940531466219738,0.1561322322326365,0.18778541365497708,0.2709261307741523,1.2045484293744337,0.4213663977324965,0.09305787976297045,0.16926228233751367,0.17590633499036995,0.18428622718809365,0.20201744580034994,0.13848165584294445,0.2807576811315819,0.21682091063763295,0.1907337607488961,0.15367375564884225,0.037392497883105724,0.1832367947761791,0.20217678900279887,0.1951620474788058,0.22666601035567666,-0.0006072933924301777,-0.02902777134860267,0.4582835396065833,0.10824092649450984,0.006409130761102304,0.37884118246560167,-0.19211923049360377,-0.23339243517520017,-0.010470098861719995,0.23480058122470532,0.17753510421979785,-0.01645039659290902,0.10773667520537306,0.2519178742566735,0.03014000788944286,-0.23800865019654463,0.22046109021554364
-0.06880101623500696,0.7566930863463164,0.14500682664229295,0.05405268472226287,-0.11073662897536199,-0.06741996495300236,0.0804660288211528,-0.03866486852486125,0.1981452661474841,0.1687986479549796,0.12827633473517783,-0.1666055315690786,0.03780314532138989,0.025754633952471646,0.2550884456148525,0.06539716417054574,0.20369921520258266,0.1500204206662555,-0.05409940463609202,0.3378616668537421,0.4575297589031525,0.01289219959082237,0.07921907726153289,0.26237291892576964,0.05555042794921287,0.44008578400879556,0.4213663977324965,3.9256203802997542,-0.2606163340282079,0.14640973765219792,0.2581994849641473,0.18918586121777325,0.4356762072480113,0.08861012638545507,-0.12418868107127515,0.2959799305265945,0.47362168068414606,0.17316135629576074,-0.11771319355175504,0.09933259883420488,0.48956970358495194,0.4291681258334519,0.17573094389836735,-0.016877014586850522,-0.10704829479651455,0.3318500694163685,0.17758747131814973,0.017788740240774672,0.09981137083846996,-0.04540801965667053,-0.17327169258063527,0.5608930503378274,-0.23091733156711355,-0.02577078094227972,-0.025409480400266773,0.029726415646383997,0.10031127292677579,-0.1600593230424784,0.38070976348633806,0.18234888778931932
0.37463739507987565,0.43887919690147503,0.559954791813597,0.0921859687416131,0.13506883727973765,0.18088648861893275,0.1755207534102818,0.1439342362136207,0.10834854043323464,0.15614802100594852,0.17206968119463203,0.2132933496422262,0.10422584008721897,0.17701826782824107,0.19611277778086378,0.21927653942942463,0.14114681658273698,0.23540557290916153,0.003057196785020771,0.11000287355482345,0.07161740693132101,-0.10997470788072951,0.27359690550025456,0.07482085858086171,0.28114774675704823,-0.12892384707974547,0.09305787976297045,-0.2606163340282079,2.8950982505669236,0.2843906628947425,-0.052096929579973694,0.15719639969945828,0.005173840386917105,0.17953016469625907,0.1997530072842568,0.20590291056047352,-0.5842919950551219,0.005869719293107402,0.3786206566703881,0.1263377842301334,-0.2374695777747483,0.05371509490042907,-0.0843134974876512,-0.1213019230275193,-0.22927477558156917,0.18876604013284604,0.40125960137846106,-0.05788947864786326,0.5170432957137151,0.4248901317245196,-0.36288125031145835,-0.09244732700194457,-0.14967010895089627,0.0747006165558086,-0.014698615579637371,0.035290012906532865,-0.1454527113499098,0.30438105719817454,-0.15982080909694427,-0.0022990853378379557
0.3226703901951298,0.09011394467544846,0.402919471085022,-0.12951403742198178,-0.010935683738930103,0.010141818451954714,0.021438266650301175,0.10621957174863132,0.0495887824928652,0.3198354977274053,-0.012772784614507475,-0.03777456283439888,0.048390988979127754,0.10948184811025775,0.10379018514929551,0.11091904895710517,0.06067613180036808,0.12354789100316849,-0.011634610614097454,0.37842577342763073,0.11490061470151085,0.018658026135277426,0.27233907343104735,0.35622628589387073,0.14249815875884975,-0.15563510837400743,0.16926228233751367,0.14640973765219792,0.2843906628947425,2.690119951195341,0.3553961158929916,-0.10474323347882673,0.13478192151314583,-0.2305368607583729,0.7873665744732964,0.5532686048062608,0.7390832866705712,0.19397254598052788,0.5760839771522566,0.5367797846591333,0.8118717842873169,0.17057871209351655,1.0515310495621522,0.16842806327879117,0.2724902996265837,0.3734167378063578,1.0431323802747816,-0.02996436488049115,0.8066438948411242,-0.08107179980863373,-0.21645062883512045,-0.23131042073564204,0.20937436887792782,0.08364832697223101,0.2694219683001141,-0.15291807523630735,-0.09525434343989742,0.06728621738877606,0.11773885173960351,0.1434256011842436
0.18053649573184732,0.24016210191279988,0.2013218871438826,0.11374183199802228,0.0712348273073229,0.10315973566471151,0.11187902525194793,0.0951692224314858,0.1152920747412058,0.1635252505872703,0.12279272151292353,0.14142704794089792,0.04821840901124199,0.10674089755772316,0.11238746379300053,0.053357108181295555,0.10753540540011493,0.2151307079949392,0.08211340886058466,0.3232532139408618,0.16337533547838756,0.016566932999898164,-0.09328627718802075,0.16213472230933698,0.028332280388413702,0.20692862775702617,0.17590633499036995,0.2581994849641473,-0.052096929579973694,0.3553961158929916,0.9083273364882364,0.13773430306030243,0.25900350825630886,0.0309229355525019,0.09935603996550631,0.6286829404395352,0.6161557146817277,0.2176443878647959,0.14619764509614852,0.051549407147946605,0.6514699776826851,0.17323390743341882,-0.030308946092160106,0.06954514913933411,-0.04124568841023549,0.5545220655829223,0.2495034653882639,-0.0317494912932671,0.14192138833812742,0.12260140913472688,-0.056105973128570776,-0.04551295119285669,-0.0459321655799947,-0.007210860095380753,0.010764260048926926,0.07882414814553425,0.05946327392373983,0.022564519000455713,-0.18962063393075884,0.06933991092742821
0.08924228194603748,0.1595734025996835,0.0902314450421809,0.16940908381848652,0.09136756949056717,0.10548937785451332,0.1752371252351238,0.05517960002691936,0.1015448528736263,0.07535485890354665,0.16231093837779015,0.21725456576481172,0.07570369877582614,0.05281587284782541,0.021461758108925,0.18973863840170993,0.1061254287703812,0.12682865111556593,0.04916773257146775,0.027128312211084447,0.21188753942552505,0.33385274079271765,0.03494462126146023,0.15331437983346347,0.10360851021462063,0.2917194998260226,0.18428622718809365,0.18918586121777325,0.15719639969945828,-0.10474323347882673,0.13773430306030243,0.8702925829893969,-0.14566855089392083,0.12114600937900442,0.013880121661669924,0.25119320797037503,-0.25301550247568877,0.04700246299145523,0.030340951202120152,-0.01244418309965,0.22847883492075213,0.19866310476512944,-0.21542023850732836,0.015000817011582849,-0.16384116549280894,0.30603392086823944,0.0796000274612721,-0.017854045813789896,0.18236980748316844,-0.09601502337194372,0.02915467709383531,-0.07280087980583987,0.09095429676673368,0.013059993956953106,-0.169510936330419,0.01561670343911469,0.3729679131639361,-0.11262191128039047,-0.2628421031209784,0.10872270030768395
-0.03048780500597357,0.03750741143775295,0.09577148489473215,0.1779045156504286,0.106740290929556,0.037082196972306886,0.051510471903054154,0.005420853504369704,0.03799023739184321,0.09541195967981603,0.06088291969640633,0.03436904935585184,0.04432476525105905,0.06796928461242967,0.1703782215402313,-0.06256369998882598,0.16342276372841869,0.08620517229020369,0.08027300965773021,0.4080851150648999,0.16928663938414995,0.07274329940875908,0.40522466107449123,0.47535681217327747,0.15774857410374823,0.05903917716636631,0.20201744580034994,0.4356762072480113,0.005173840386917105,0.13478192151314583,0.25900350825630886,-0.14566855089392083,2.110554377711913,-0.18802666773010018,-0.7768342391482718,0.18779792270508378,0.885702557489828,0.25421660550777175,-0.12333527797234992,-0.08697138918648367,0.25631901382651645,0.19790325279256551,-0.17481579773032177,0.004284143756008582,-0.7647439523086897,0.6364260349809754,0.14863188893542884,0.015927102530984238,0.6402505047280228,0.40965902321123493,-0.4177485129339158,0.1269357645076596,-0.05681448884400476,-0.08126255906404857,0.17362310118840873,0.11717975873735598,-0.21958674322696997,-0.13561089905462748,0.2282152580052841,-0.013598491142737791
