1.846867771117392,0.8449785566105043,1.2442427542840666,-0.08007923147304542,0.4770124170855316,0.24343112500656994,0.6148373974635573,0.2583773949073311,0.3548090715031729,0.280902925693489,0.3313138286169395,0.493238397321962,0.12758154706701122,0.25397167503105206,0.29045276146740884,0.13759309606212303,0.19618251321015187,0.48690800488915986,0.24797807691984153,0.1542855449128958,0.2821533241552513,0.3405221987703195,0.2099731766899744,0.03906336790376889,0.38849541041872826,0.22587903056727904,0.3385222955571805,-0.024887477832942224,0.5325410816575623,0.6225228532094378,0.32733020113718797,0.14405335481909345,0.03485485289716801,-0.2649296509322332,0.5813273499827093,0.243401513299672,0.3501230729561111,0.08624459218168293,0.4034082893198714,0.27269105162293206,0.42581254839873567,0.2590388359879554,0.26286176186814736,0.001302631696478663,0.3174664483902462,0.458071764797381,0.5074257315489974,0.0036324200138274413,0.4803331105013655,-0.061633450539640686,-0.07502222822140289,-0.2556162658173142,0.1501739565555917,0.08189497721726685,0.15376233053279678,0.08049012902680372,0.033664340016223135,0.5972464466642436,-1.0201939312081973,0.12056131525853996
0.8449785566105043,4.496858563723303,0.529006503834307,-0.031029810109912147,0.38780037957054014,-0.06455043210943207,0.6489048536146436,0.14915435241287509,0.343729728638567,0.351766137599565,0.3257747821120016,0.3116962254535172,0.14339350600269096,0.04713273631405986,0.5273008917601489,0.012438225295699481,0.009059252166289151,0.7402433061143365,0.2223443686580716,0.2361724769821386,0.7366976001940978,0.03428634651449377,-0.24703475827668178,0.04719808944059156,0.11115214835486811,0.38674567457766124,0.808727831103448,1.0918646478445364,0.5881468494924675,0.3694682760164628,0.4256922905634663,0.26567780125279566,0.13260146118188865,0.11276217852895225,0.3643769412964176,0.4461152330602221,0.6111179421390991,0.13393173409744366,0.16564371689497512,0.24912309144299072,0.5688757562934544,0.614077294319162,0.09913224875251396,-0.061395197561851036,0.2159951513070394,0.5916554012291733,0.4470430338396498,-0.020690255105228064,0.3445199552465712,-0.16039210480989777,0.1499488540847377,0.11639930423990484,-0.21758517699960875,0.05542720239441019,-0.7641494707290514,-0.08743346771854248,0.21568386562071032,0.3999798941289709,0.18678142016500385,0.28839060513666104
1.2442427542840666,0.529006503834307,2.9486566294548093,0.16101175856831496,0.013800775336421187,0.52126495167886,0.34663426754543264,0.41631591463400985,0.5148231812291727,0.4716299499205921,0.3884978699005143,0.5403006489805003,0.1758597308439005,0.41498225572569636,0.45188626357337836,0.09669470925885305,0.42157759776315556,0.5784015092175352,0.24678110039432077,0.5033244037766994,0.39612081621113343,0.5044825633894475,0.4479622440783597,0.3058762882427738,0.43062436608379884,0.297840354350306,0.22391378554659827,0.29385827990527763,0.8178652249537096,0.8071779018053703,0.39194483475945,0.17438189464743317,0.25880411857899854,0.10078340116197944,0.8537784382844168,0.3227775066792928,0.6384552549084821,0.26814421619692136,0.6232087069390086,0.3684246236748307,0.5089006734030176,0.3884714580848672,0.43002105955931863,0.028736958634771347,0.24001334542997463,0.5762116855694166,0.7504531872886617,0.01450687234526483,0.892225426336797,0.20310808991655757,-0.15493162545154296,-0.09082348093436507,0.11261765779150286,-0.08218033134369135,0.11023157054574688,0.02153527942632236,-0.22349108664179038,0.4206252151130009,-0.5600398406342374,0.16111130938377935
-0.08007923147304542,-0.031029810109912147,0.16101175856831496,2.012496195407049,0.32984473084940313,0.3411823493435755,0.17221567447228167,0.25237570833117373,0.09123008965615784,0.03599921685945591,0.254930226799701,0.3559906635249565,0.1171414702656503,0.3670932092268309,0.1534436196955334,0.29788812889527005,0.23313373781483535,0.08190359168053936,0.23608419059397148,0.3594574940605126,0.21030296962036402,0.126238160125522,0.0060604823262216095,0.1884121007514951,0.1686348372424854,0.24676031034467044,0.06264278894078708,0.10189285850867875,0.1445174597576359,-0.09252571080577071,0.18769744686008413,0.22487892022714234,0.25887639102981264,0.29013091225140364,-0.3856184272494546,0.2447537448163371,0.25602977071390376,0.2137645812828601,0.1439529509991627,-0.03661383435582182,0.17897024031565903,0.2048844998155642,-0.09625097533398072,0.2852445854228523,-0.173527332019531,0.2673607741005099,0.0849382941961971,-0.005241597871256506,0.04932740437380972,-0.040043614634015366,-0.061249094188620415,-0.10140210883370095,0.050572363676129634,-0.005498876373188568,-0.2251678617848972,0.058719158995897906,-0.13265738617104386,0.2615660290129014,-0.008620329156062803,0.09806837096837956
0.4770124170855316,0.38780037957054014,0.013800775336421187,0.32984473084940313,1.2585397986118243,-0.07922127460886685,0.4491870107497526,0.16234795543793107,-0.05803786120066897,0.10173034696734844,0.20766042708777832,0.32492212372955853,0.09632930211097579,0.11377612605080846,0.10521194968717554,0.2544663125766825,0.08974378060616826,0.14895734087223964,0.34299426316724063,0.0015574766136782063,0.14456819325046869,0.20155472376754435,0.044015402739980815,0.08453236673591594,0.15439526598225192,0.12568154829715097,0.1646673723688179,-0.09516900241765902,0.18025564412612005,0.07303819529927351,0.1493392006410068,0.14811803865876816,0.1414064165203418,0.08860320920620758,-0.10612637703423061,0.21250680733095847,0.2498373173863326,0.013620096317293436,0.1441592142643378,-0.022634881840509827,0.18046322529626066,0.13782395830505548,-0.12239681774839462,0.06743196937868731,-0.11217575564303163,0.24495096046101625,0.0841951476918573,-0.004518140987235315,0.12120300523102269,0.05943566632823813,-0.1869650694386612,-0.32437956854926614,0.09139333575122775,0.08259271719060027,-0.0734605792303547,-0.011070067261870422,-0.11960668624482625,0.32226860643897964,-0.21580036395483546,-0.08232473988337644
0.24343112500656994,-0.06455043210943207,0.52126495167886,0.3411823493435755,-0.07922127460886685,0.980722372450945,0.059989912582519477,0.26259544682066077,0.33990977123037297,0.027684557306655356,0.21022531866675773,0.29481316247075706,0.118633384446636,0.3111014559641905,0.17943760258976485,0.1492417549310465,0.28023060266965594,0.06650833745161909,0.3332048901609595,0.40648833484899244,0.1558591686676356,0.11806750689933107,-0.008552297653518203,0.15656693611069983,0.2218148344621671,0.23869634335853399,0.15312512119748148,-0.01189616760420865,0.28219138814101286,0.15754172397917876,0.18890442002332689,0.14637856126432422,0.12761182558586345,0.2526908781432313,0.24181212609755356,0.06538679238695362,0.3203720494345028,0.21746189399836474,0.2648447484088932,0.10680417178399772,0.16388438987377188,0.1559947130288418,0.20381552848870033,0.06266951904308628,0.04222408612079707,0.2400787963396157,0.1926062899969348,0.030147833191115588,0.7394988334041771,0.03364552057961916,-0.20646767807438668,0.020932602269063825,0.07800875722892085,0.060024483100026615,-0.03804981975442699,0.07584731897518546,-0.14018159998034957,0.33987557864403545,-0.2789179042381911,0.15557807627226952
0.6148373974635573,0.6489048536146436,0.34663426754543264,0.17221567447228167,0.4491870107497526,0.059989912582519477,0.9588529752039024,0.01623325150684313,0.2365665345581802,0.1571191289440614,0.2772507679893235,0.478561775002333,0.1018287777268009,0.0447381829472296,0.09284870994882158,0.16690992882371555,0.14935360732953298,0.34725101723003937,0.1378035972719632,-0.013685059028306834,0.24405187268660672,0.30466941757554183,0.25242561838790256,0.13746871765535498,0.27169735717810056,0.21137461135943864,0.30583204981159867,0.07736238650353384,0.2730905662592038,0.18273207488938875,0.21387104999864304,0.23394315236592983,0.1006975917438958,0.12479285235678711,0.22335523876646937,0.22719119144720168,0.16830422670852513,0.017059542567245043,0.21352566913924648,0.0676148467074752,0.18900799567574825,0.22592525901218338,-0.026258960005857472,0.04216408609509757,-0.06695302844023023,0.3576753917856306,0.22354041753167384,-0.011140382554030652,0.3445185740017838,-0.12593787323839523,-0.10335882871283437,-0.1652162478023496,0.08442891454618365,0.06320128528046667,-0.05262773070320347,0.08850385601535435,0.14088339936182268,0.1850261013538109,-0.45494077585196546,0.17365416846470327
0.2583773949073311,0.14915435241287509,0.41631591463400985,0.25237570833117373,0.16234795543793107,0.26259544682066077,0.01623325150684313,0.6265958581823101,0.1113567002544175,0.2400929778791204,0.21375636642784474,0.1391777372266702,0.1481435615843294,0.2831356188861758,0.17721193450097608,0.15525975512761891,0.253010887228407,0.196271979617395,0.18647659622025728,0.284845302584813,0.10972878543480694,0.1463179103102337,0.09436670788657268,0.12859534647476425,0.18115252449028446,0.18339276417638903,0.1391913355824327,-0.011869766704835177,0.24612708224961272,0.2568130366715209,0.16586532389795255,0.09059550298545005,0.0902475267798405,0.19947347319148764,0.3099344642248821,0.08953523515862778,0.31266706600612554,0.15083975171243258,0.31867642665388957,0.13802391629140978,0.14547387827999606,0.11978360169880466,0.23255959592482792,0.04673455806029927,0.07739561620065012,0.21177961172828594,0.31669665128085245,0.00991193029124508,0.4856342670129406,0.11201760871269145,-0.05414255314470916,0.00925129380176002,0.023112798812475417,-0.07275713221947554,-0.07040802954242195,-0.057266110800940136,-0.02295252350427191,0.36634393968342244,-0.21616330212445495,0.12641268370917658
0.3548090715031729,0.343729728638567,0.5148231812291727,0.09123008965615784,-0.05803786120066897,0.33990977123037297,0.2365665345581802,0.1113567002544175,0.9000618993728657,0.10563323604634532,0.10445945528278675,0.23347301484283112,0.07742815559564911,0.17847995768172215,0.1688564179296947,0.06136838598481533,0.14745785862234784,0.22401452120779153,0.0874005080601366,0.22284017393839203,0.1879756707165117,0.1122942789938654,0.18209354409833,0.1381524480752468,0.19241900228690972,0.28009857058611576,0.24344345619778737,0.2280300852208984,0.17801879981729524,0.19675320641491403,0.2020899494515069,0.13954436938671344,0.11340831842354052,0.16802024779154845,0.2766623196906622,0.1510842202073221,0.21960731561071914,0.13002112075012534,0.22886719088048604,0.11619819266112767,0.17431321690981583,0.18417885955736335,0.14035057282004765,0.022944779245054617,0.03248272563712285,0.31762669399411547,0.24436517102978966,0.00459412619318416,0.3489743943322971,-0.10121325417224007,-0.03555080351454063,-0.015912396256782382,0.17148159217971673,-0.017466478841897216,-0.03176939309804985,0.13377841010315028,0.043192042958600046,0.1755027364440625,-0.36845818048113455,0.2315288070693644
0.280902925693489,0.351766137599565,0.4716299499205921,0.03599921685945591,0.10173034696734844,0.027684557306655356,0.1571191289440614,0.2400929778791204,0.10563323604634532,0.7908645797776114,0.09414392432844838,0.07028875486229563,0.10508528458271338,0.11648744499231303,0.13439019217825854,0.1523898174904421,0.19396368658714075,0.3669494347785328,0.048465680566420304,0.1644939181146001,0.17976514785634673,0.2696265872168656,0.27221626401720384,0.20504192761983842,0.18418901991899775,0.09763866510382589,0.2543251876313463,0.25585452261032043,0.23875651972949644,0.5118638477813529,0.25475537811546434,0.13318520067579095,0.16086695543794696,0.13453945121064206,0.34176658811319216,0.2763034533325554,0.4104071987061246,0.09770585118759385,0.2930720606386914,0.2090961239571899,0.42089129624901034,0.18691536445502357,0.17928476829144893,0.06640118143518124,-0.08444328710261124,0.4152242814204647,0.5162044470489865,-0.00149851089312873,0.41598446419419394,0.047222257018112286,-0.025126281229796068,-0.13862001461084014,0.024722989349285275,0.018972181680476215,0.01890521094256711,-0.06827065759536725,0.16193555887447236,-0.12276917835211214,0.05469682410540272,0.16745549778622176
0.3313138286169395,0.3257747821120016,0.3884978699005143,0.254930226799701,0.20766042708777832,0.21022531866675773,0.2772507679893235,0.21375636642784474,0.10445945528278675,0.09414392432844838,0.5920956434121444,0.32489671736122955,0.14192555178258695,0.17476895944761578,0.2688579344313144,0.1592760019986956,0.21611847104795107,0.19673492830925743,0.1038941029930771,0.2624969294807676,0.26530519631524935,0.17817550107361882,0.13989491064678272,0.1596012359572354,0.2595553236251903,0.28101662837700964,0.2725363344429912,0.18652630515492657,0.2588546759985629,0.12573082845096512,0.19414551763897087,0.20407006617200615,0.09098540438123222,0.19291640165374432,0.2298269605202158,0.20608180109408755,0.23015535859181435,0.136171006049503,0.22346627041454323,0.1025261902675591,0.17867771836253735,0.2529136453517253,0.07872173089585283,0.004453935358710369,0.057628746584875615,0.3488342970902861,0.21511499850706867,0.000687665231583146,0.1611759219187981,-0.08308859276922934,-0.1296145532683725,-0.12851924255575578,0.19644882494110463,0.0629796699967553,-0.08981001267105818,0.04385915226021068,-0.017881566325353437,0.2478885517905289,-0.29627769564983414,0.1308820834560349
0.493238397321962,0.3116962254535172,0.5403006489805003,0.3559906635249565,0.32492212372955853,0.29481316247075706,0.478561775002333,0.1391777372266702,0.23347301484283112,0.07028875486229563,0.32489671736122955,0.8045550214972422,0.08265138576154928,0.18422903186636488,0.15366049132739507,0.2024829908381862,0.20906787658290357,0.30608553930603943,0.17279190901350008,0.147036926686154,0.20452311728512806,0.19728488295202218,0.1983967675274934,0.13568139707095492,0.3262764882600567,0.290446909669924,0.25608869152643077,-0.1860478626492839,0.3303474547759322,0.11735786266966733,0.23454291346101427,0.2852131874278535,0.07151537524268624,0.20944398501618935,0.3675289651097435,0.19676048617588632,0.2148232539853927,0.09317197582922074,0.28192800343447,0.08439698208207187,0.19682501669949423,0.2003533137163843,-0.01784343911724719,0.04776930852242968,-0.018400495847374625,0.3862278775090283,0.24318615601829677,0.003023479252611215,0.6322133890297575,-0.016031063397475356,-0.1162843864022218,-0.28237254951348795,0.23476628196301408,0.02508991491150509,-0.10536386891773306,0.12782596875247026,0.008649862664987623,0.4018604164195673,-0.7249359596725066,0.07546178758784022
0.12758154706701122,0.14339350600269096,0.1758597308439005,0.1171414702656503,0.09632930211097579,0.118633384446636,0.1018287777268009,0.1481435615843294,0.07742815559564911,0.10508528458271338,0.14192555178258695,0.08265138576154928,0.23431084063579455,0.11367097350468706,0.062055403404547384,0.08703816835605574,0.1253519213509933,0.10226354061201566,0.08358100801277643,0.10066093490686404,0.09893289056713188,0.19827491529907126,0.09703087150728873,0.103903046511588,0.10270177151579539,0.09561690649493819,0.0974145185701346,0.08598884039834072,0.1531201871716947,0.11893848283103764,0.08920119599974938,0.09994056648002483,0.07834531599101224,0.09090619125675765,0.11178441979666004,0.09305486477448881,0.1430025833890723,0.05369135469190623,0.1338347471889831,0.060397492253394025,0.11037883823857772,0.09747112083342514,0.06685285865431513,0.03640178125393188,-0.03667404788961652,0.15460489476005634,0.13571829030000188,0.0014805269104915756,0.16545910529210087,0.0317966971789227,-0.04918979369952974,-0.052881398919867977,0.02154164639765416,0.0029341490164419403,0.002261474790682425,-0.008988465495197235,-0.046280129799975804,-0.004870393356954169,0.0688448956917388,0.057264955048156485
0.25397167503105206,0.04713273631405986,0.41498225572569636,0.3670932092268309,0.11377612605080846,0.3111014559641905,0.0447381829472296,0.2831356188861758,0.17847995768172215,0.11648744499231303,0.17476895944761578,0.18422903186636488,0.11367097350468706,0.5689631941638676,0.22906020558472803,0.2001550699412473,0.21203464961960963,0.09746083517363734,0.16323417959469227,0.3423963621837314,0.1736232038192271,0.07157999257106588,0.03510512333245604,0.12656578287688025,0.16247491831782312,0.18741846984481245,0.04987187489266665,0.10379421125307814,0.25898132889643666,0.24203648468853137,0.171600162736778,0.08866519512908273,0.12150612550241965,0.15227538604044966,0.18047347433997032,0.11611626154375283,0.3332048992377527,0.17601331660855626,0.21626053689784752,0.1203279730464817,0.21524273262664279,0.16920667750254906,0.17916804040124676,0.07286121599534916,0.062005963733171056,0.20507795072061333,0.22334199457966356,0.01521404790967317,0.5404487500964371,0.057676702443569296,-0.09063563151345524,-0.040852605390993675,0.025247268408147668,0.04054838174043542,-0.08448892518642079,0.013665028733265385,-0.21262734357259114,0.3466065098820637,-0.10303482337455694,0.0825054269819934
0.29045276146740884,0.5273008917601489,0.45188626357337836,0.1534436196955334,0.10521194968717554,0.17943760258976485,0.09284870994882158,0.17721193450097608,0.1688564179296947,0.13439019217825854,0.2688579344313144,0.15366049132739507,0.062055403404547384,0.22906020558472803,0.7806087235656859,0.037021695368117585,0.22475336012491007,0.18011673618382604,0.11752953536354926,0.3248691632206714,0.25098555932846656,-0.0113611715871379,0.1473448938510539,0.17689891197707394,0.21682831886561074,0.19618697329538026,0.2284916143671557,0.45224241489545874,0.28867954548503266,0.2481879329948675,0.1972092411067557,0.059617537335452275,0.27413042473629673,0.13925019647409226,0.13181477727762111,0.16656501343654928,0.406930492404877,0.16707967045919528,0.20480301369517478,0.11266463103226158,0.24083246415104245,0.23156297692979735,0.16566695509508297,0.003621845914495352,-0.005181352611550111,0.2686716405851655,0.24533703480800767,0.0076581962660978165,0.366591210556043,0.21061021303345856,-0.21188854689695058,0.21812722975528237,-0.1254052251234208,-0.017480596354030722,-0.10136698213593946,0.044713647274019955,-0.22754624433480888,0.2894725368591013,0.015615208913222794,0.037916116634776786
0.13759309606212303,0.012438225295699481,0.09669470925885305,0.29788812889527005,0.2544663125766825,0.1492417549310465,0.16690992882371555,0.15525975512761891,0.06136838598481533,0.1523898174904421,0.1592760019986956,0.2024829908381862,0.08703816835605574,0.2001550699412473,0.037021695368117585,0.8111577085396523,0.17563150317724066,0.22411393360664753,0.12767382952149173,-0.0024847415275268962,0.14420592914276106,0.19781258652129116,0.24211150669134476,0.15598111976490792,0.175890264895665,0.13624655074760314,0.09644675606383912,0.1437734467342437,0.31491360776357563,0.22620169382897015,0.10827555228599652,0.23262621129933467,-0.04567353357261848,0.18928823338094952,0.39302302789034765,0.1407047678379278,0.09843584996126709,0.028163766287619397,0.21699707148697767,0.11446269974446095,0.15572995996646377,0.16325000426312294,0.12006349548503188,0.08188822922914722,-0.025436379300361224,0.18818729720032493,0.27394032653099076,0.0012201831976964878,0.2479305929267614,-0.1621627384254055,-0.09719243950012174,-0.1258360557082829,0.13979459346813802,0.030676139595819062,-0.044154433667052614,0.009826567476863233,-0.07797274851187364,0.20749106162885952,-0.16896620512396973,0.06417414000604255
0.19618251321015187,0.009059252166289151,0.42157759776315556,0.23313373781483535,0.08974378060616826,0.28023060266965594,0.14935360732953298,0.253010887228407,0.14745785862234784,0.19396368658714075,0.21611847104795107,0.20906787658290357,0.1253519213509933,0.21203464961960963,0.22475336012491007,0.17563150317724066,0.708510410860629,0.13313021592753427,0.15286792974254396,0.2621409348421964,0.2543056259550831,0.3942343570782648,0.2066478360533281,0.1992992198689971,0.23522449460037598,0.19671848044803975,0.21577888818460939,0.3036241469052785,0.24453437998362076,0.18293586749924,0.18837818991673522,0.1584998523790592,0.2490046030582292,0.18543008181415038,0.19165832518929912,0.15585825588251342,0.3818192524453143,0.14738514182544094,0.2892833630686198,0.115543764877621,0.22478970347747143,0.2323872218769168,0.10565397475548896,0.045801070057325984,-0.014217804855467668,0.31347332668170164,0.2871964437630732,0.008783465865580996,0.4251852079830872,0.3295836330037804,-0.09285836157983982,-0.051804897092729583,-0.04496277721438629,-0.04920642485307152,0.003782517605421183,-0.006416110879383211,-0.13168674663582478,0.172399810406993,-0.07359447435731883,0.07756888868592964
0.48690800488915986,0.7402433061143365,0.5784015092175352,0.08190359168053936,0.14895734087223964,0.06650833745161909,0.34725101723003937,0.196271979617395,0.22401452120779153,0.3669494347785328,0.19673492830925743,0.30608553930603943,0.10226354061201566,0.09746083517363734,0.18011673618382604,0.22411393360664753,0.13313021592753427,1.1254053682000011,0.08503632693651733,-0.1340043151727222,0.2700605855354301,0.36902640160139183,0.7618250004922814,0.23985872707942957,0.300273496470522,0.2959129400247108,0.008973678379746466,0.30326218529276766,0.3967936156128189,0.29428979762259644,0.3388800930807019,0.1995651038823333,0.24719755071717484,0.07277882934866188,0.26529319750967845,0.3033511710370967,0.446349961733814,-0.017441862889546297,0.2580195869297902,0.1501535858356769,0.3933870748093,0.25220507727035196,0.08772732061384764,0.012151554664038399,-0.10137566753701018,0.45579530543034597,0.6681587134697712,-0.007525895909506576,0.19597338286916707,0.4550746533004227,0.14848262038467952,-0.11294981214700156,-0.2620722887759373,-0.24729598447644885,-0.014832169666733066,0.09199214596174211,0.04694476694831145,0.33616775810821853,-0.561834935889998,0.014191665682082787
0.24797807691984153,0.2223443686580716,0.24678110039432077,0.23608419059397148,0.34299426316724063,0.3332048901609595,0.1378035972719632,0.18647659622025728,0.0874005080601366,0.048465680566420304,0.1038941029930771,0.17279190901350008,0.08358100801277643,0.16323417959469227,0.11752953536354926,0.12767382952149173,0.15286792974254396,0.08503632693651733,0.7789904510334582,0.08696835136003121,0.1265660356796429,0.16367417022320266,-0.11656348697349314,0.08496869509102517,0.07541544497327463,0.03726697006365075,0.039473710156911195,0.0016749531151982364,0.06151529460819909,0.05832691881341675,0.1385515109531634,0.08254783159005721,0.1595896738320111,0.044280432251222544,-0.014219039718740027,0.08683346768219959,0.23438165381628306,0.07099573943097066,0.20729716935325238,0.03325165702931673,0.105454132170756,0.10749587903974021,0.018077645683429965,0.03574689692002905,0.07839421102483868,0.1528324351206903,0.03932577289719858,0.023680216827412864,0.21687997521914995,0.06488462263624956,0.12406778453864617,0.23852384124758583,-0.23411124490059151,-0.03998579205264274,-0.07319724428815806,0.006702395593172018,-0.05662176825564781,0.24693030933019075,-0.15709161730403043,0.07023237472469071
0.1542855449128958,0.2361724769821386,0.5033244037766994,0.3594574940605126,0.0015574766136782063,0.40648833484899244,-0.013685059028306834,0.284845302584813,0.22284017393839203,0.1644939181146001,0.2624969294807676,0.147036926686154,0.10066093490686404,0.3423963621837314,0.3248691632206714,-0.0024847415275268962,0.2621409348421964,-0.1340043151727222,0.08696835136003121,1.9853779129653844,0.41305037613983475,-0.44158992454291385,-0.55384717821283,0.2500637823921748,0.1712652268474649,0.3797388186417717,0.4184685148475562,0.5323491721365786,0.18642862774454383,0.6978300139016554,0.4857093569009623,0.07006394825736843,0.5358513637396698,0.3586983530089912,0.07721437664445105,0.25045191011672,1.202620928454072,0.9057863058558527,0.31210741854916374,0.43284519432954555,0.6084271200782396,0.46108987335801416,0.8901780950382314,0.07556628699354548,0.5267498552822965,0.6111509601742282,0.25293815797094926,0.07161133536007923,1.4671072536995153,-0.3137283846178773,-0.29915922525198346,-0.026605341607391954,0.39909128401615224,0.08979156826673354,-0.01961739762125808,0.011719384407088897,-0.06358413843943019,0.19047131328484826,0.019210294985788683,0.23638804118048154
0.2821533241552513,0.7366976001940978,0.39612081621113343,0.21030296962036402,0.14456819325046869,0.1558591686676356,0.24405187268660672,0.10972878543480694,0.1879756707165117,0.17976514785634673,0.26530519631524935,0.20452311728512806,0.09893289056713188,0.1736232038192271,0.25098555932846656,0.14420592914276106,0.2543056259550831,0.2700605855354301,0.1265660356796429,0.41305037613983475,0.8375291141764432,0.1719743834074384,0.08104129599043244,0.2057576704911339,0.19014440413303504,0.39743331981151503,0.3015271657597119,0.6586627119194354,0.1629232904986588,0.28274112498014486,0.2735859042118831,0.27316563901722535,0.24570580413835233,0.1854809088989359,0.1764617084454326,0.24955185861606236,0.36768427966913547,0.21927930202246376,0.16482907278312625,0.23559046106459935,0.4282755186414349,0.6983758849202816,0.10797494856829723,0.021974789008328537,0.12156733276158983,0.4082824199229274,0.33999996103752317,0.014412380082459505,0.4651061915341809,-0.03608439053685519,-0.06605537224503502,-0.0119593867441694,0.03183445659338609,0.034433157541954015,-0.12060014817120795,0.0013441935225073367,0.013939748541777616,0.11235175975542434,-0.013655145686836513,0.1760729538741703
0.3405221987703195,0.03428634651449377,0.5044825633894475,0.126238160125522,0.20155472376754435,0.11806750689933107,0.30466941757554183,0.1463179103102337,0.1122942789938654,0.2696265872168656,0.17817550107361882,0.19728488295202218,0.19827491529907126,0.07157999257106588,-0.0113611715871379,0.19781258652129116,0.3942343570782648,0.36902640160139183,0.16367417022320266,-0.44158992454291385,0.1719743834074384,2.2832310935131797,0.7141717844414062,0.22337449627069597,0.25042094948963267,0.14453402062559823,0.18956423488400628,0.06972836519914932,-0.02903164562582482,0.06762911953158879,0.08818719625980745,0.39545512392865223,0.11299344675263097,0.03466032103613464,0.11158236547862599,0.17858167118920404,0.10954831383281956,-0.19403628667137646,0.21271638649912716,-0.020203495191333878,0.22312985229010907,0.14653126207086173,-0.19845223379436489,0.10404749686780443,-0.3413418972424937,0.3010336887228046,0.3159175845304175,-0.006692224358548042,-0.1041514475682177,-0.011848064391389029,0.04404737256690022,-0.41608864401907514,0.0723335046740193,-0.13116330789675854,0.07856935747628499,0.05634844231442764,-0.06898454706272678,-0.05079573345996553,-0.16004652385985935,-0.013566780679531132
0.2099731766899744,-0.24703475827668178,0.4479622440783597,0.0060604823262216095,0.044015402739980815,-0.008552297653518203,0.25242561838790256,0.09436670788657268,0.18209354409833,0.27221626401720384,0.13989491064678272,0.1983967675274934,0.09703087150728873,0.03510512333245604,0.1473448938510539,0.24211150669134476,0.2066478360533281,0.7618250004922814,-0.11656348697349314,-0.55384717821283,0.08104129599043244,0.7141717844414062,2.2094580575355747,0.47232624430476006,0.5689174481465868,-0.13306315778107936,0.12489690768430349,0.1677021914979499,0.41847723623735017,0.4210933405861992,-0.012786157376483424,0.08353094384143266,0.5555752352553681,0.05973454849069071,0.260125938062018,0.12043251981958158,0.3466282502351486,-0.22936993791132224,0.4925916778963901,0.09443982661910089,0.09068026830928506,0.08591325531271622,0.030567365444834172,0.04930221742444457,-0.5137133696357352,0.3627553082672563,0.6798028008170468,0.016376215251230834,0.15586738053136592,0.5135905773196783,-0.2369924198892493,0.010389203616195995,0.030084664328678443,-0.1980695717902437,0.2212390862179957,0.031228362819321974,-0.15280973548474305,-0.13669581621550916,0.04613099773894818,0.012709270477975928
0.03906336790376889,0.04719808944059156,0.3058762882427738,0.1884121007514951,0.08453236673591594,0.15656693611069983,0.13746871765535498,0.12859534647476425,0.1381524480752468,0.20504192761983842,0.1596012359572354,0.13568139707095492,0.103903046511588,0.12656578287688025,0.17689891197707394,0.15598111976490792,0.1992992198689971,0.23985872707942957,0.08496869509102517,0.2500637823921748,0.2057576704911339,0.22337449627069597,0.47232624430476006,0.6613650687577665,0.272208788092783,0.19840622543744915,0.24978079336219636,0.4288986457394317,0.1577265390195925,0.523217277457934,0.2853352391747522,0.22572894159647253,0.6005635090248613,-0.0033214258041636075,0.0668766066897936,0.37162174185980695,0.4625432083709047,0.1453549233953116,0.1685556182993236,0.1086730840283312,0.4527287891253603,0.21935250561406316,0.09373375074343351,0.047469600210467554,-0.3200255267419613,0.534934468050929,0.3757601520365022,-0.007473460236432756,0.5619015404753567,0.12028169489568503,-0.21040204402448362,0.09648343395672945,0.0523758062633941,-0.029205027877656886,0.03582071459740842,-0.016813334584071662,0.029328194022379267,-0.2200474510407059,0.20194697450261126,0.16049585779649198
0.38849541041872826,0.11115214835486811,0.43062436608379884,0.1686348372424854,0.15439526598225192,0.2218148344621671,0.27169735717810056,0.18115252449028446,0.19241900228690972,0.18418901991899775,0.2595553236251903,0.3262764882600567,0.10270177151579539,0.16247491831782312,0.21682831886561074,0.175890264895665,0.23522449460037598,0.300273496470522,0.07541544497327463,0.1712652268474649,0.19014440413303504,0.25042094948963267,0.5689174481465868,0.272208788092783,1.3015983632986323,0.23597134122062255,0.3525423850591125,0.14088125131028617,0.4014464584704453,0.3431108437951792,0.12253425579313715,0.1711169474170064,0.19349929373427455,0.2839542115761025,0.3886792860646204,0.14622035071821637,0.25680478284240366,0.1031857909006257,0.23473615370232456,0.12866763774858198,0.11711235732988158,0.20158719186440266,0.2165615682621112,0.0736702850916077,-0.1086642005779598,0.5039763311446324,0.3825089992546203,-0.004391614335096572,0.4158924205603579,-0.4011533991049324,-0.21933523476989109,-0.06739401238331007,0.3010814772995827,0.09397820163884063,0.064241037320341,0.11784322202123823,0.06846263557006274,0.12016481958527231,-0.3830532682043312,0.17489023473747647
0.22587903056727904,0.38674567457766124,0.297840354350306,0.24676031034467044,0.12568154829715097,0.23869634335853399,0.21137461135943864,0.18339276417638903,0.28009857058611576,0.09763866510382589,0.28101662837700964,0.290446909669924,0.09561690649493819,0.18741846984481245,0.19618697329538026,0.13624655074760314,0.19671848044803975,0.2959129400247108,0.03726697006365075,0.3797388186417717,0.39743331981151503,0.14453402062559823,-0.13306315778107936,0.19840622543744915,0.23597134122062255,1.4912363145569476,0.3953187346974559,0.6333362536648854,-0.10113952137824953,-0.06044463123005454,0.3254098664777961,0.36357618984444695,0.14597500733099936,0.22628260368601205,0.2171131427992883,0.36004961096360605,0.2091384340594638,0.22011396106625192,-0.5116352268554255,0.16135187680618057,0.5982926089726207,0.39325721234633954,0.16885005371844294,0.014207065712838947,-0.24511616967941605,0.5726187752303856,0.12950579499693246,0.02511702768771087,0.5303504321701289,0.0626894814695173,-0.14645868848021312,-0.17269571653381122,-0.02160446940800163,0.035306977044210694,-0.11645406524407773,0.04217443802278644,-0.01980744947420933,0.20435151104066573,-0.17606272199755094,0.11740332770188747
0.3385222955571805,0.808727831103448,0.22391378554659827,0.06264278894078708,0.1646673723688179,0.15312512119748148,0.30583204981159867,0.1391913355824327,0.24344345619778737,0.2543251876313463,0.2725363344429912,0.25608869152643077,0.0974145185701346,0.04987187489266665,0.2284916143671557,0.09644675606383912,0.21577888818460939,0.008973678379746466,0.039473710156911195,0.4184685148475562,0.3015271657597119,0.18956423488400628,0.12489690768430349,0.24978079336219636,0.3525423850591125,0.3953187346974559,1.3989688688412119,0.6322528155819663,0.21603087086432518,0.40885822112785836,0.32246841866783515,0.27340909518170636,0.2778849984277125,0.23117426770232943,0.44877423972848185,0.3708219026514919,0.41307875274458883,0.22541786857299154,0.12684193522263204,0.2530163821722825,0.40646775918022987,0.309538254024477,0.2925663802697499,0.016275385450992077,-0.08914028041162946,0.7569416160068908,0.2680966937605211,0.006527697575169155,0.7967327274079761,-0.3600673617202491,-0.345803563426499,-0.03329610724232319,0.3237399864094156,0.2688097544591578,-0.02373678762646719,0.13426428136518948,0.3379171948809932,0.17155092175855846,-0.5075558734219342,0.3119774196874497
-0.024887477832942224,1.0918646478445364,0.29385827990527763,0.10189285850867875,-0.09516900241765902,-0.01189616760420865,0.07736238650353384,-0.011869766704835177,0.2280300852208984,0.25585452261032043,0.18652630515492657,-0.1860478626492839,0.08598884039834072,0.10379421125307814,0.45224241489545874,0.1437734467342437,0.3036241469052785,0.30326218529276766,0.0016749531151982364,0.5323491721365786,0.6586627119194354,0.06972836519914932,0.1677021914979499,0.4288986457394317,0.14088125131028617,0.6333362536648854,0.6322528155819663,4.745583653411197,-0.24418769094130943,0.33166952493446383,0.4624588884664374,0.2686727320843696,0.729486259604738,0.11950189080753416,-0.10830770879273563,0.4960070116461804,0.8079177784732402,0.28358948021107283,-0.09477503170458407,0.16817005743923966,0.8436860793422551,0.6197135709720364,0.24810929356148115,-0.007142628677601754,-0.28366031711511347,0.665660083720817,0.33441982608955756,0.024276617438124884,0.3852412583868379,0.10149135410065155,-0.31141527968018756,0.852420402831163,-0.4140602661861117,-0.033690866421430626,-0.08065422231022792,0.003630986484640106,0.04393554847276346,-0.1828103279633662,0.5964099625310665,0.23733132288551032
0.5325410816575623,0.5881468494924675,0.8178652249537096,0.1445174597576359,0.18025564412612005,0.28219138814101286,0.2730905662592038,0.24612708224961272,0.17801879981729524,0.23875651972949644,0.2588546759985629,0.3303474547759322,0.1531201871716947,0.25898132889643666,0.28867954548503266,0.31491360776357563,0.24453437998362076,0.3967936156128189,0.06151529460819909,0.18642862774454383,0.1629232904986588,-0.02903164562582482,0.41847723623735017,0.1577265390195925,0.4014464584704453,-0.10113952137824953,0.21603087086432518,-0.24418769094130943,3.175779724058057,0.4697234367183086,0.03156181586597733,0.21182143266742126,0.02274974280696101,0.26946685766088035,0.43492277439588356,0.2815720977544052,-0.5050916760783277,0.03834854306362488,0.5817812431810501,0.2321436266039074,-0.1548566500970645,0.13928934704684914,0.024036379029621587,-0.11987709874697754,-0.2763195053460789,0.3558168213115011,0.596022506960587,-0.0607572212676936,0.9597240163898534,0.5144286124668295,-0.4349578804670469,-0.03238454288509659,-0.20171172331043857,0.058945727697019765,-0.07609511733847146,0.03146840251559246,-0.16214069691785554,0.5706771223732836,-0.4285586877572633,0.02911246640826235
0.6225228532094378,0.3694682760164628,0.8071779018053703,-0.09252571080577071,0.07303819529927351,0.15754172397917876,0.18273207488938875,0.2568130366715209,0.19675320641491403,0.5118638477813529,0.12573082845096512,0.11735786266966733,0.11893848283103764,0.24203648468853137,0.2481879329948675,0.22620169382897015,0.18293586749924,0.29428979762259644,0.05832691881341675,0.6978300139016554,0.28274112498014486,0.06762911953158879,0.4210933405861992,0.523217277457934,0.3431108437951792,-0.06044463123005454,0.40885822112785836,0.33166952493446383,0.4697234367183086,3.3237960665884643,0.6010782500053338,-0.030439776826447756,0.21794387183878278,-0.10773785112344662,1.2410590939553683,0.7624069924142933,1.2905245394775144,0.37674754335411886,0.9028774438617212,0.7843877396255498,1.2102439663623084,0.354199547039528,1.4988158602832171,0.197001265400587,0.4777860327178686,0.7110339453999512,1.4614434231006237,-0.018560759965018422,1.5637551723062346,-0.252847975554477,-0.34514866535145194,-0.27245897406545055,0.4204948218399135,0.15861924413963627,0.193031243219864,-0.1473112661785488,-0.028625700522006796,0.21930178532428013,-0.08518694976530279,0.3413227620819999
0.32733020113718797,0.4256922905634663,0.39194483475945,0.18769744686008413,0.1493392006410068,0.18890442002332689,0.21387104999864304,0.16586532389795255,0.2020899494515069,0.25475537811546434,0.19414551763897087,0.23454291346101427,0.08920119599974938,0.171600162736778,0.1972092411067557,0.10827555228599652,0.18837818991673522,0.3388800930807019,0.1385515109531634,0.4857093569009623,0.2735859042118831,0.08818719625980745,-0.012786157376483424,0.2853352391747522,0.12253425579313715,0.3254098664777961,0.32246841866783515,0.4624588884664374,0.03156181586597733,0.6010782500053338,1.0575396803654968,0.21164534147011793,0.40774783303201917,0.0781348629269122,0.19276958159758315,0.8245048069096944,0.9065072368570302,0.29762049797538237,0.2358513776792606,0.11154708678342674,0.9301741290009775,0.2856119406728858,0.029213787007330468,0.0857529265954067,-0.13761939938183307,0.8759075634750334,0.43403111130221106,-0.03372744221677608,0.4488563478340013,0.1610155970091182,-0.1198063613303083,-0.085448257091276,0.0010536874128567767,-0.016416737520754544,0.003200021890133935,0.09573196856027728,0.08189102885977431,0.11194015808893641,-0.32183120939654547,0.1235574653237875
0.14405335481909345,0.26567780125279566,0.17438189464743317,0.22487892022714234,0.14811803865876816,0.14637856126432422,0.23394315236592983,0.09059550298545005,0.13954436938671344,0.13318520067579095,0.20407006617200615,0.2852131874278535,0.09994056648002483,0.08866519512908273,0.059617537335452275,0.23262621129933467,0.1584998523790592,0.1995651038823333,0.08254783159005721,0.07006394825736843,0.27316563901722535,0.39545512392865223,0.08353094384143266,0.22572894159647253,0.1711169474170064,0.36357618984444695,0.27340909518170636,0.2686727320843696,0.21182143266742126,-0.030439776826447756,0.21164534147011793,0.9016858850887077,-0.1336318285466916,0.17246001357275836,0.09631397099466008,0.36624899181697274,-0.18474465214508115,0.06151317948086987,0.07526739838655462,0.010652913596341702,0.34783355670324817,0.25814561819847975,-0.25619964915883725,0.03233413939811244,-0.24590359581238264,0.49426691836240016,0.15655247952040194,-0.021829593227710293,0.3449275650588075,-0.12000200129153965,0.03354041532049244,-0.1330926664438874,0.12813007285621802,0.040319373682088086,-0.23374595451160884,0.013617787480259718,0.44275321493773934,-0.020528569986272865,-0.40847126046919374,0.16239482005996592
0.03485485289716801,0.13260146118188865,0.25880411857899854,0.25887639102981264,0.1414064165203418,0.12761182558586345,0.1006975917438958,0.0902475267798405,0.11340831842354052,0.16086695543794696,0.09098540438123222,0.07151537524268624,0.07834531599101224,0.12150612550241965,0.27413042473629673,-0.04567353357261848,0.2490046030582292,0.24719755071717484,0.1595896738320111,0.5358513637396698,0.24570580413835233,0.11299344675263097,0.5555752352553681,0.6005635090248613,0.19349929373427455,0.14597500733099936,0.2778849984277125,0.729486259604738,0.02274974280696101,0.21794387183878278,0.40774783303201917,-0.1336318285466916,2.4452958426883917,-0.15079715722845496,-0.8412517956473815,0.3020514919785541,1.236138147255029,0.3202104856366097,-0.036957218664648614,-0.09332502114951234,0.5046767182288162,0.268351709101142,-0.1706016326190293,0.008099403592434452,-1.0574057920185342,0.9077623874466345,0.26292190649933966,0.022209493053301475,1.1270149180960394,0.8105208632481081,-0.5282598232859097,0.44274763645707754,-0.2614628756670283,-0.2593223278112143,0.1471106204903153,0.10501286243738289,-0.3354000353217166,-0.1437187827273588,0.37328362268772475,-0.03488852680915083
