4.172489775099932,1.3612648556874407,1.2089733340038862,0.7898263408095825,1.124817473160568,0.6572768759970263,0.7708755455745372,0.6814704845111114,0.434144697223569,0.6655035404016725,0.5610819758970046,0.7413742548104127,0.6538782193537271,0.5294889122735333,0.7187822491317996,0.5910548089168991,0.2875812353346616,0.7494490363582935,0.2606962495035836,0.4688108704768802,0.459476686748003,0.5363025624978266,0.512177900119006,0.2876857402127752,1.0676654669277006,0.3598909219472447,0.49752412139739244,0.17473119630444603,0.7001565005328572,0.4401183946498661,0.5241662745148042,0.4224449655901385,0.17140135971845832,0.20287884312633228,0.3594099851876178,0.6195856457803174,0.4308645113957297,0.32532575163927474,0.5564384993868091,0.1546243084518851,0.40079088200463736,0.2906915789014321,0.3196215368140753,0.265981988376261,0.21698951688367188,0.5166189123434635,0.5614476219835757,-0.1344293737765944,0.19434481211349233,-0.397600632014675,-0.0028604844301906725,0.4907629936917866,0.19521373778537496,-0.039230220941434475,0.2575401409060001,0.09735056898843941,-0.38595397519414787,-0.19514512367934242,0.06706019032033497
1.3612648556874407,3.3195519346252373,0.8338687075797143,0.3206832284570854,0.5646014033288396,0.47444393692131864,0.5771601731437211,0.40032531901352236,0.4779874810416767,0.436202986767772,0.3895141827570968,0.5542548376218059,0.40454538963600284,0.38709083832180696,0.7294900317699725,0.4290459062422642,0.21257596684945884,0.29505126894536066,0.011838224596458788,0.3508796386403521,0.4324737121226531,0.3658497793613011,-0.14236922733755314,0.2393230505923294,0.5233984958362347,0.41232105439762523,0.36469215378005204,0.36156096379578506,0.41250476902480304,0.3661936435362258,0.43465243632262457,0.28721700185624804,0.191853044383005,0.16566390785728913,0.3776491654644077,0.3265108261085762,0.6220629545503451,0.37510240396220135,0.338276056502198,0.2629875581678113,0.3508756190924008,0.32358979844956115,0.28069614123274633,0.13649261952123645,0.5420988181798478,0.27274789975606284,0.37797214229570525,-0.04264590684438836,0.37198900444327826,-0.10956857955427647,0.1565787189135634,0.7563667846788987,-0.12953858988718153,-0.04707062194428822,-0.4146908031768813,0.16029012319130334,-0.3320314658447757,0.39891249561669345,-0.13958122895755487
1.2089733340038862,0.8338687075797143,4.169911745349394,0.575401970399592,0.11199588944639814,1.205653960995738,0.7527757363754395,0.9324390110537701,0.9908091329533822,0.8743772178647226,0.8958253111256815,0.863667737554958,0.9014622093962272,0.6330287958847854,0.5548339237074635,0.6877997660417449,0.7827598937620961,0.7820647855183386,1.3323784430054113,0.8706938670998132,0.6103682750859939,0.8583210346671458,0.6731586997815434,0.641072264640108,0.5497828713094087,0.5517757797167754,0.6952183286498013,0.41121844378693545,0.9171413881161484,1.009981207147442,0.5952781492285611,0.5967455460780738,0.5401299545869137,0.5206449813351156,0.584528512644658,0.9137714306906913,0.7327264457277203,0.7154591770682538,0.6673017542829829,0.29189308775797185,0.5866278815872852,0.6185050319572591,0.6676726622775139,0.494201831781983,0.22807706111079912,0.7438441624518559,0.8626258392457429,-0.1477050732080335,0.5929335010474154,-0.023503047991302754,-0.10914542837873796,0.007453298940724423,0.20345441863242408,-0.3264488364499786,-0.20988379226931586,0.013975303920032949,-0.4845288824716749,0.28619050769431514,0.015584326729280118
0.7898263408095825,0.3206832284570854,0.575401970399592,1.3889002257376792,0.6286832015232459,0.5395720356698621,0.38717943032896784,0.48147515804856383,0.32006770130204215,0.39322341240426156,0.3703206466742896,0.40987332580173147,0.441132088357933,0.33283510080325135,0.306850220192195,0.3792174259398945,0.3179834656015254,0.4883971463156143,0.00819626371966926,0.3383293128405879,0.2946737702570485,0.33865832575034116,0.40966272807562254,0.2716207451270883,0.37097771719773304,0.2934857327926299,0.32061625199545446,0.15896991962252124,0.37908962619759734,0.29687714904820683,0.2935111146999857,0.27695465709611383,0.1663995020615267,0.3344491442873507,0.2701943500537587,0.4018387432846693,0.3410323303178676,0.37585875579803507,0.35256238809786133,0.11916082877556752,0.23059241863607244,0.22383035246775473,0.32307659236592445,0.26667472741739395,0.11768700640619793,0.2777782743346132,0.393671265417733,-0.03146137906553361,0.2931518464186218,0.11280094671316145,-0.07835634791994123,0.5517295687602063,-0.06758156048665374,-0.20386230910721503,-0.11510231037082466,-0.07725865424507813,-0.2985100039600231,0.11188843820651802,0.19534742265794114
1.124817473160568,0.5646014033288396,0.11199588944639814,0.6286832015232459,1.5164825799923838,0.325801769281047,0.45490927530449754,0.41575060988516016,0.23719491416291869,0.2986199396489727,0.30230383258612187,0.42899389631898643,0.41551775226706356,0.32599695070882223,0.32975288200989633,0.3640880118423502,0.1568529001649543,0.3637514116488388,-0.055732036541076606,0.2080658723209649,0.2505553821201682,0.2775051149029667,0.30429793218858836,0.1992238258559015,0.37381151384568734,0.2972874146293193,0.2515320251670414,0.12514598486717313,0.293041943329142,0.07453116820846593,0.23635254922552595,0.2625645608476943,0.12193526671439643,0.35405716497013734,0.20084083831054836,0.28247874610263296,0.2862921334007351,0.21391208022269095,0.21027550890243857,0.079325087321548,0.16741809802546,0.21454307705905448,0.1919423990888613,0.2034006157182526,0.10318875122372212,0.1839924622339959,0.28960120068244527,-0.05448361386405154,0.23038465103659767,-0.16889301206901658,-0.09317520915094572,0.47774631108380583,-0.030177419768604746,0.07258754150320644,-0.07426595419742218,-0.004575399327366581,-0.255893957074793,0.014638831607482646,0.16246785509353937
0.6572768759970263,0.47444393692131864,1.205653960995738,0.5395720356698621,0.325801769281047,1.3715102433640254,0.4760137576681962,0.6874579374868814,0.5466302720332604,0.400821940196177,0.5916421997290874,0.6167096277615784,0.5859250116333468,0.5354890526964786,0.4302244801018232,0.5779514348209374,0.6226722470618055,0.47651324016486646,0.5480253680078969,0.6329431764484428,0.47254299390220256,0.5816818596252287,0.31709951012944787,0.3759854976564719,0.5284190541915984,0.5984608098116693,0.48225403901332403,0.27162489388813815,0.6949284902031397,0.39602415201402724,0.42104289469672607,0.4657021601882229,0.15998030227633017,0.44781921554234866,0.39084016544974215,0.5713000175809393,0.3467986195026407,0.498445809240793,0.4264933794677074,0.26575064418208916,0.22659720760684868,0.5030696927625742,0.4526428807081145,0.2399110716311761,0.31110015482821796,0.4007581007380666,0.43010250480709117,-0.09036080662485067,0.17645438683802195,0.12848116228784578,-0.18226870226708605,0.19841518351156265,-0.04684167911737068,-0.11518870036732982,-0.2787288977752938,-0.022194060285095848,-0.41233186637096936,0.31151460233697653,0.11355328320704729
0.7708755455745372,0.5771601731437211,0.7527757363754395,0.38717943032896784,0.45490927530449754,0.4760137576681962,0.9260467020791905,0.3519203765413306,0.5616326519670143,0.3865911677756207,0.4160359534448492,0.606961639275533,0.4480235501255726,0.45861158110603234,0.23144032221657673,0.4832261085396485,0.3634330370600226,0.3810363133015612,0.37524314572882245,0.37958717087455573,0.3517534065667832,0.5067318350389479,0.4134288779381043,0.34791686867285304,0.29399647839373966,0.30756632495953473,0.3659718137397756,0.19872894555368506,0.37064527582271967,0.3900529389275752,0.29840481080733516,0.3675762533958831,0.304227203935825,0.30473799579444577,0.22814126373761826,0.4542719154558225,0.41162713879135654,0.3581036840809057,0.404692713005824,0.1299921569319919,0.30362336341025314,0.32260426016631066,0.3107295982220372,0.30010802527111075,0.15091366369357623,0.33882003368259134,0.43217640573905797,-0.06505314911503983,0.57284287819144,-0.1041192859180458,-0.08058804259852761,0.2762573220725775,0.04344961428195381,-0.10974952727235755,-0.14811497622941022,0.1660858400815223,-0.21167440295520956,0.2310468013772392,-0.35647546148197057
0.6814704845111114,0.40032531901352236,0.9324390110537701,0.48147515804856383,0.41575060988516016,0.6874579374868814,0.3519203765413306,1.0764141029718894,0.41779503450924005,0.42548024752535807,0.5082880627784108,0.3800809964210462,0.5692308791531214,0.4699452488134973,0.2638592100914923,0.4526089354263967,0.4685988866512001,0.49912084689625047,0.42190746091157566,0.4985304537508794,0.3330103270241903,0.4329018505509573,0.4021183626923981,0.33446181339143394,0.3913767389274242,0.39798720198265763,0.4034402098853054,0.1650552412542868,0.5508872445818815,0.4926277034709679,0.3312486143366892,0.3378695170814807,0.20288942064735946,0.37112075479374307,0.3590552160973868,0.4905434726653441,0.3788611834213479,0.3700027443446693,0.3385152565517712,0.18535667567136013,0.31152935953768873,0.3581531442299426,0.3949306737542849,0.2428205983791747,0.08002482828069386,0.36955187585650345,0.47826910586107707,-0.07167409421953042,0.38402267339276314,-0.028310048174413138,-0.08589120227350917,0.21459194604046428,0.08736237466122884,-0.17385214339720229,-0.1799248785039237,-0.08000151441543647,-0.31702396021710777,0.17428836209903356,0.2571345277878719
0.434144697223569,0.4779874810416767,0.9908091329533822,0.32006770130204215,0.23719491416291869,0.5466302720332604,0.5616326519670143,0.41779503450924005,1.1782006975443617,0.3300100563879822,0.37992948398728227,0.39846409153896,0.44753850264828327,0.38688578742982277,0.10511214607182956,0.36264524587153046,0.3828486768787579,0.45406919122470707,0.4791674629366987,0.37788734440173505,0.3411906144386979,0.7126210589374996,0.4649713934148784,0.38853179327771054,0.03169163592242424,0.29988410487851047,0.3474826605390916,0.2942435925415284,0.3173762136366728,0.5613506878526311,0.3477608692657131,0.34510255597758116,0.4023757589523551,0.23479999432539503,0.29863294653240735,0.36901307875110023,0.5341275315070877,0.41941135904905913,0.5037830633273332,0.12334499736429706,0.37313649989358516,0.2768499279030554,0.38854312034436544,0.42936500676146144,0.06300938659487339,0.2938385487999922,0.50484292917012,-0.038320843267951134,1.0192665443540943,-0.057537090766164666,-0.07203397584303785,0.21493381778990353,-0.04400201065681105,-0.16553469463134537,-0.1134096264687675,0.20267277420588012,-0.20246090537116262,0.14546977916301732,-0.19833616738729976
0.6655035404016725,0.436202986767772,0.8743772178647226,0.39322341240426156,0.2986199396489727,0.400821940196177,0.3865911677756207,0.42548024752535807,0.3300100563879822,0.7263313790949841,0.3568942351010484,0.36356874218445673,0.41348372578266585,0.3174195233987354,0.2828934697742867,0.33466320631755175,0.33087077604596565,0.366129775196267,0.27672495018380566,0.37180165726972214,0.2282559508535638,0.3453951552305339,0.3467365632093999,0.2843281985309912,0.2570836896961963,0.2127526857078107,0.29790614463657844,0.15852931551873056,0.43197110411710327,0.5518367684595503,0.2505440298637313,0.25077545395555906,0.11740943794072678,0.3705272004570028,0.45339972569765075,0.3807331275344674,0.4218267052658602,0.24098092041688635,0.28503589999161516,0.1525888498954971,0.35888916249815633,0.25108087015894087,0.316679939222491,0.2853472167750926,0.030027094506816523,0.33044920821313317,0.4829902861426107,-0.07434704807694935,0.38582696165754804,-0.22180007997576098,-0.015947454125382968,-0.20568071279886607,0.2573254942498718,-0.08285386266816253,-0.04721535421855843,0.030413488726552244,-0.19831207805689835,0.033199712661754935,0.08429403133068301
0.5610819758970046,0.3895141827570968,0.8958253111256815,0.3703206466742896,0.30230383258612187,0.5916421997290874,0.4160359534448492,0.5082880627784108,0.37992948398728227,0.3568942351010484,0.6482732402521886,0.41311764974920867,0.5291056667840708,0.3936906073126859,0.3086968091129347,0.42502278158151197,0.43994042062718447,0.39859315862703193,0.37590216792333847,0.4759372640151364,0.32316229165366156,0.40200736867922693,0.366553278387367,0.3358257593499157,0.30483162296639543,0.2981708139535719,0.360676901451383,0.20824541519474135,0.5040309120063305,0.49327833329563714,0.29013549411217043,0.3228157759360029,0.2302687981275996,0.34302249703956833,0.35883869808500457,0.4691374588892771,0.38319717080387566,0.3447416151608963,0.30338730264305425,0.16816441122339276,0.30796126496448256,0.34786589674681856,0.3435709327051822,0.25808000752861177,0.11116655447309937,0.3576352919012803,0.44329457366175673,-0.0846543098189608,0.3738774187704003,-0.09024585252275802,-0.07606069731684527,0.06623756725608118,0.13375762911126324,-0.08226039502697828,-0.16707363355859184,-0.006630419763289789,-0.26073255062513334,0.17608165203367368,0.0595653766939533
0.7413742548104127,0.5542548376218059,0.863667737554958,0.40987332580173147,0.42899389631898643,0.6167096277615784,0.606961639275533,0.3800809964210462,0.39846409153896,0.36356874218445673,0.41311764974920867,0.8760069732691677,0.40301018271715444,0.4180618292292436,0.3982749252545651,0.5049427551000161,0.38845096746676105,0.3341479064724375,0.34192164613322784,0.4086434839570976,0.3382542744054389,0.4227071270097682,0.32207186660650167,0.3058799750239334,0.3257055800667837,0.33582102041156314,0.408798188438719,0.12076343923823211,0.3671605820507043,0.32903850043199584,0.2869390271331813,0.3803933950844709,0.23101559248074321,0.2934741751239466,0.1908404159505411,0.4394035878516335,0.31442225681072794,0.3295468635339272,0.33411704567302797,0.14650345748631358,0.2607015328517209,0.3555523589965688,0.2891568228156625,0.21157782258738309,0.16197201488363103,0.32846676456001045,0.3890173539590166,-0.06751778618630243,0.32947029432061675,-0.10110566211855067,-0.07312797202424375,0.14644257551418888,0.1695276121052204,-0.0776894735732071,-0.17313740439985376,0.11783522714789096,-0.28127795355548735,0.20246297219194692,-0.1510240782087796
0.6538782193537271,0.40454538963600284,0.9014622093962272,0.441132088357933,0.41551775226706356,0.5859250116333468,0.4480235501255726,0.5692308791531214,0.44753850264828327,0.41348372578266585,0.5291056667840708,0.40301018271715444,0.9257858444531161,0.4320277559692676,0.14423111707837213,0.4589369228243547,0.33654055027594626,0.4525217449127879,0.4811215503598273,0.41915655109355904,0.2975038554367757,0.472017507404467,0.4902793930004093,0.3936581055652675,0.37061743527897395,0.3059752487166859,0.42479525888891506,0.19836020028143117,0.6089042909025691,0.5412633983235828,0.2763204405172798,0.4212663592440987,0.2573415716837485,0.42016551267708596,0.4078748847063112,0.5606370957767425,0.3200079607519284,0.3286408924830548,0.30706162984029634,0.14761435627655056,0.31246989336784575,0.3570640211353838,0.35078769626516293,0.3337864104147138,-0.031098102621949533,0.4161863177977455,0.4672680427912289,-0.09718312516463895,0.44437693215161084,-0.08880166594009867,-0.09723203106271576,0.12007105181078383,0.14102385511838206,-0.1255222811484093,-0.17747093593803454,-0.059337061636424125,-0.22814215605290358,0.15445318587257298,0.08074345549318493
0.5294889122735333,0.38709083832180696,0.6330287958847854,0.33283510080325135,0.32599695070882223,0.5354890526964786,0.45861158110603234,0.4699452488134973,0.38688578742982277,0.3174195233987354,0.3936906073126859,0.4180618292292436,0.4320277559692676,0.8047129378668401,0.33996081235148795,0.5928241288088351,0.4035209286724582,0.3222558466220693,0.43052728707774024,0.36509126985551477,0.36078496396763365,0.4468618516128184,0.3547258501688178,0.3582485278474278,0.3686969490406732,0.3436490200494214,0.32187414361680994,0.27676541693140894,0.44803745777865495,0.5780558165868674,0.2697059572964655,0.3069294881342407,0.23380657237069938,0.316990094893357,0.411771345553991,0.3877334748047329,0.4365783862860055,0.394267452303563,0.33361035302605524,0.16920443051898418,0.3854960408484991,0.34366797536471605,0.43060580280986716,0.34387414616229023,0.11534527242767798,0.28613247344575976,0.47437251738679825,-0.06498561713365213,0.6044488864476769,-0.006804897045235426,-0.10638701642042414,0.05566933435888222,0.03911975824249133,-0.054173790621686646,-0.232509933863907,-0.011574270033608475,-0.37943106374547814,0.26183229213683945,0.23455215886604192
0.7187822491317996,0.7294900317699725,0.5548339237074635,0.306850220192195,0.32975288200989633,0.4302244801018232,0.23144032221657673,0.2638592100914923,0.10511214607182956,0.2828934697742867,0.3086968091129347,0.3982749252545651,0.14423111707837213,0.33996081235148795,1.0367708116841532,0.366935025807224,0.34311517032667466,0.3111323642883473,0.12433286442006185,0.36905174898936366,0.30235601674937584,0.2037271558997679,0.24448311034060216,0.2614856662473706,0.30048695196306346,0.26750798673372206,0.2392014734335423,0.24647820034862558,0.3088264096434935,0.46079913662115574,0.27093747559892195,0.15415850963112795,0.19691501761013677,0.24066817542753377,0.3558831113130707,0.32452348001560843,0.504189081866772,0.331738261910365,0.19712688282868102,0.128987383605075,0.3400651828897405,0.26982472837697064,0.3264792477358519,0.24538428292832207,0.23614723410775193,0.2985879483861982,0.3721130560521503,-0.07396497576212438,0.16140935654044059,-0.1170294644884597,-0.020498858746597164,-0.1566703106563159,0.1657532779673605,-0.025658393921400832,-0.15638340892360672,0.09016327366908351,-0.37283619279661684,0.22590028020703523,0.034654661394305446
0.5910548089168991,0.4290459062422642,0.6877997660417449,0.3792174259398945,0.3640880118423502,0.5779514348209374,0.4832261085396485,0.4526089354263967,0.36264524587153046,0.33466320631755175,0.42502278158151197,0.5049427551000161,0.4589369228243547,0.5928241288088351,0.366935025807224,0.7636093924165088,0.4483250530742803,0.3466366794536292,0.3795544607577605,0.4190882653743519,0.3407877683345281,0.5146729066996433,0.3145871510197582,0.3492541319662366,0.32855836244411446,0.3470205790749185,0.3840753051616138,0.25585193352165986,0.46315027572332523,0.5194206578080172,0.2957482044352182,0.35477291105915726,0.2192399039487199,0.35190342240069994,0.4064527071467476,0.43004514711644215,0.4184813292318226,0.3772836508442546,0.33467814191290723,0.19176824045942953,0.3455882301537202,0.40880423176089886,0.4130611510109712,0.2759030991729291,0.15600013155954254,0.3127185726326151,0.4657611566553101,-0.07011417128343876,0.4619173471172621,-0.02719634452719206,-0.11145239835262226,0.0742275024409079,0.06449543276487088,-0.06953573185080313,-0.18774199811194386,0.01678234058653104,-0.3906749428573516,0.20937491805445696,0.17867522164742947
0.2875812353346616,0.21257596684945884,0.7827598937620961,0.3179834656015254,0.1568529001649543,0.6226722470618055,0.3634330370600226,0.4685988866512001,0.3828486768787579,0.33087077604596565,0.43994042062718447,0.38845096746676105,0.33654055027594626,0.4035209286724582,0.34311517032667466,0.4483250530742803,1.0506360960162713,0.4517311541612215,0.4478821080839358,0.5539332733210235,0.3722143905745104,0.42866772659571367,0.3405469516783095,0.37519213677633406,0.35423931659684915,0.23316143123017916,0.33105312108795804,0.32186505406229304,0.5072323164855623,0.6332515531113584,0.36501404697817874,0.2634867848908873,0.3983604698167316,0.3225920763963388,0.3521346376495045,0.4451166330811664,0.7202238867009285,0.39654554980226764,0.4195542612056005,0.1601293472798741,0.3883016235175139,0.37214603332129076,0.42855951773637824,0.360550156840058,0.22058097026006465,0.43007174031604267,0.5993993058627071,-0.0982913808971802,0.39554904387404377,-0.06298273068821986,-0.008956844676992063,-0.5180850306382022,0.11075948444774023,-0.11757837826571639,-0.14362568445829693,-0.029637678230465137,-0.3085048599504264,0.18563250586846478,0.15885908067050786
0.7494490363582935,0.29505126894536066,0.7820647855183386,0.4883971463156143,0.3637514116488388,0.47651324016486646,0.3810363133015612,0.49912084689625047,0.45406919122470707,0.366129775196267,0.39859315862703193,0.3341479064724375,0.4525217449127879,0.3222558466220693,0.3111323642883473,0.3466366794536292,0.4517311541612215,1.0607593707711813,0.3701727440242451,0.34948923032256957,0.3180626542705071,0.4153068780674051,0.615327240207765,0.26381032684925554,0.36047517477477664,0.3339894469984849,0.30603958986932556,0.21448740259553253,0.49691088158687985,0.30822831177447463,0.47500140916120565,0.2992764697072382,0.20670796300388727,0.37455570751364453,0.3016505829923438,0.5308288883144084,0.5013283990419742,0.24716308485478428,0.3025093965915286,0.07848169856131451,0.33049762504041935,0.24406503189016562,0.292176873217631,0.33272052668157887,0.040995533831738505,0.46773806089989145,0.5411421813605988,-0.1070315001557862,0.19583565556645233,-0.2763685782546212,0.19315824428872078,-0.3031234897508486,-0.058474371249160925,-0.15247697840785454,-0.10213888659028196,0.004930372739523632,-0.2413261224960648,0.10260245642141562,0.01801931444905502
0.2606962495035836,0.011838224596458788,1.3323784430054113,0.00819626371966926,-0.055732036541076606,0.5480253680078969,0.37524314572882245,0.42190746091157566,0.4791674629366987,0.27672495018380566,0.37590216792333847,0.34192164613322784,0.4811215503598273,0.43052728707774024,0.12433286442006185,0.3795544607577605,0.4478821080839358,0.3701727440242451,2.403496109391992,0.41267727089833084,0.32678459728973897,0.5251199505850086,0.23157764030817626,0.3436805013855399,0.38403851505209974,0.35096055344851773,0.3518249764230199,0.35449783553194464,0.5088023856207161,0.4269969926595722,0.3426259227666675,0.35594586123430866,0.4399977821932921,0.18332974833570437,0.08557868936585951,0.5944386594500584,0.25175547041307134,0.4745167390593933,0.23384994820990346,0.12499751364393538,0.2903658962971147,0.36529695956445735,0.3424613969471446,0.15107663505287625,0.1765230964543234,0.48509465094160176,0.38177135992645744,-0.11784627692651511,-0.21352383279881876,0.6494766058863619,-0.08918017686645835,0.039737203623431916,-0.40961926363442347,-0.24079190695858765,-0.22130918726974344,0.016452383840298155,-0.1879863375827121,0.3571396821009408,-0.1766657766505638
0.4688108704768802,0.3508796386403521,0.8706938670998132,0.3383293128405879,0.2080658723209649,0.6329431764484428,0.37958717087455573,0.4985304537508794,0.37788734440173505,0.37180165726972214,0.4759372640151364,0.4086434839570976,0.41915655109355904,0.36509126985551477,0.36905174898936366,0.4190882653743519,0.5539332733210235,0.34948923032256957,0.41267727089833084,1.6388623911069957,0.2492234236738557,0.331732252871535,0.40774316275464817,0.4861141882529171,0.17068949935421163,0.5085974086804576,0.45502051343431393,0.28696000749702727,0.6852280837083325,0.8770071740947093,0.38620493971559416,0.3560938076775486,0.20591770163821208,0.5763532649608806,0.7086650351331693,0.5623372740261913,0.7756187870445324,0.5791827696098582,0.40081542545708726,0.3827421826271615,0.591279948051996,0.6921489186178416,0.5043667514371482,0.19367399497524757,0.27915999953541554,0.5580763567994128,0.6666733333187277,-0.15048869920568073,0.7650012421677521,-0.23614785223821363,-0.11702499416338626,-0.09476078851694951,0.36261218285105973,-0.13778930658714922,-0.1458929115389953,-0.005948741477182849,-0.17192073070314476,0.21376100826167188,-0.06057136289936413
0.459476686748003,0.4324737121226531,0.6103682750859939,0.2946737702570485,0.2505553821201682,0.47254299390220256,0.3517534065667832,0.3330103270241903,0.3411906144386979,0.2282559508535638,0.32316229165366156,0.3382542744054389,0.2975038554367757,0.36078496396763365,0.30235601674937584,0.3407877683345281,0.3722143905745104,0.3180626542705071,0.32678459728973897,0.2492234236738557,0.7021073254947823,0.33039852211918114,0.30926594471686436,0.3675572998710424,0.266682996669768,0.28613132426296795,0.24702852813814655,0.3248939773428244,0.2806258868683107,0.5337249592350781,0.32451368932342595,0.28113759491374385,0.39878483788050556,0.14878615888988425,0.25392388106234454,0.416665618060544,0.4455818623248693,0.4514735405840656,0.5548568043307632,0.15480297135951804,0.3966116199303058,0.34082560988369726,0.345055452614556,0.4250487471739649,0.3454471775152393,0.30361067072662073,0.47586854465859374,-0.04207940204594907,0.3969950302230862,0.024115097680528427,-0.09623508170679282,0.05986011626478525,-0.019641740840880453,-0.08127363324608589,-0.2263280971696532,-0.030914775925067996,-0.269888856327359,0.28539302078660367,-0.010901437759737793
0.5363025624978266,0.3658497793613011,0.8583210346671458,0.33865832575034116,0.2775051149029667,0.5816818596252287,0.5067318350389479,0.4329018505509573,0.7126210589374996,0.3453951552305339,0.40200736867922693,0.4227071270097682,0.472017507404467,0.4468618516128184,0.2037271558997679,0.5146729066996433,0.42866772659571367,0.4153068780674051,0.5251199505850086,0.331732252871535,0.33039852211918114,1.098096460354139,0.38754958360669056,0.3829078831790386,0.09103860483377174,0.3309978936391692,0.36688646848364087,0.2715484578862335,0.3880106008965924,0.5384731025535349,0.33445670566334046,0.4229473408016547,0.29857327382400495,0.30311451212549095,0.3605747761562625,0.3984266031506744,0.45558837494841276,0.45897416587319867,0.5156970985983332,0.15724801940016037,0.34913964583925045,0.29621201156393095,0.44753551946401166,0.417830849324652,0.10386484547939472,0.2983120412040083,0.4959438785408911,-0.046821164829735765,0.7653347037715176,0.11769017549325213,-0.11053503579586589,-0.05898676605969084,0.02134535186200561,-0.12392110989936621,-0.1303827567051341,0.09974699427808627,-0.2753201426701435,0.1666575465681591,-0.04539809502354313
0.512177900119006,-0.14236922733755314,0.6731586997815434,0.40966272807562254,0.30429793218858836,0.31709951012944787,0.4134288779381043,0.4021183626923981,0.4649713934148784,0.3467365632093999,0.366553278387367,0.32207186660650167,0.4902793930004093,0.3547258501688178,0.24448311034060216,0.3145871510197582,0.3405469516783095,0.615327240207765,0.23157764030817626,0.40774316275464817,0.30926594471686436,0.38754958360669056,1.6726977992476637,0.5905131968166151,0.06638390099988763,0.07015151363342442,0.2545944505154122,0.04944101017230674,0.5166056712256913,0.8912515792050577,-0.04358616898426457,0.28715261801354625,0.4702500720522562,0.42914009852129403,0.24500125411339133,0.6317256080545238,0.5175524254586852,0.37244627587697016,0.398447132688002,-0.06874314290458966,0.5279078865374117,0.21019081173586637,0.3970794005616733,0.7985648625654002,-0.3595801406213158,0.5056032383338072,0.6766691786044056,-0.13457549511043468,0.9204404946461804,-0.567567055590967,-0.046269999471378775,-0.2971904579368313,0.3854742803511582,-0.1347572921589426,-0.1700391071906681,-0.030644291293629663,-0.1915010814114132,0.2006808765814367,-0.07262930870872895
0.2876857402127752,0.2393230505923294,0.641072264640108,0.2716207451270883,0.1992238258559015,0.3759854976564719,0.34791686867285304,0.33446181339143394,0.38853179327771054,0.2843281985309912,0.3358257593499157,0.3058799750239334,0.3936581055652675,0.3582485278474278,0.2614856662473706,0.3492541319662366,0.37519213677633406,0.26381032684925554,0.3436805013855399,0.4861141882529171,0.3675572998710424,0.3829078831790386,0.5905131968166151,0.7593470516089473,0.22198552774610064,0.21289657193759606,0.29989899454654234,0.37970169107216883,0.3565027836881877,0.9795067101722345,0.27439684438000883,0.36041533524407315,0.6963912743810752,0.32722770104511684,0.4210178686779634,0.5955718616316518,0.7093764816124732,0.6362003528226923,0.4849255455065309,0.15359975093749423,0.4223952860368967,0.44504106368576696,0.4710137782414277,0.5730494103791478,0.1859925499745921,0.46121667141996264,0.6043579070308018,-0.11192018551120599,0.7332914157370379,-0.18652195999727583,-0.20562192538353563,-0.21251672664453217,0.3077554305493815,-0.13364130333668978,-0.23809852287301786,-0.04509182094362471,-0.07001155809062358,0.252491410603999,-0.13593912749011927
1.0676654669277006,0.5233984958362347,0.5497828713094087,0.37097771719773304,0.37381151384568734,0.5284190541915984,0.29399647839373966,0.3913767389274242,0.03169163592242424,0.2570836896961963,0.30483162296639543,0.3257055800667837,0.37061743527897395,0.3686969490406732,0.30048695196306346,0.32855836244411446,0.35423931659684915,0.36047517477477664,0.38403851505209974,0.17068949935421163,0.266682996669768,0.09103860483377174,0.06638390099988763,0.22198552774610064,2.8902270552024114,0.2988238786887831,0.35309018065431796,0.15894675426315036,0.6920265895508736,0.06896831295319608,0.44330659114623544,0.26553603513924073,0.13023750347488225,0.3885254054209142,0.20519268268282287,0.5956384394179138,0.03727536925987688,0.4459011284966187,0.20926224934123255,0.14162702593389093,-0.02203196193138384,0.19993969295626016,0.23464378455605614,0.02971920388859988,0.38727786378568174,0.5308128599456698,0.23899082757866977,-0.18099919888615712,-0.8885368186066449,0.06365421266277309,0.011910052961680006,0.5604601463456357,0.013545129150742,-0.07041133336916153,-0.09345746743564984,-0.1258215737679584,-0.20900162792950377,0.058817473142385515,0.18402945639206036
0.3598909219472447,0.41232105439762523,0.5517757797167754,0.2934857327926299,0.2972874146293193,0.5984608098116693,0.30756632495953473,0.39798720198265763,0.29988410487851047,0.2127526857078107,0.2981708139535719,0.33582102041156314,0.3059752487166859,0.3436490200494214,0.26750798673372206,0.3470205790749185,0.23316143123017916,0.3339894469984849,0.35096055344851773,0.5085974086804576,0.28613132426296795,0.3309978936391692,0.07015151363342442,0.21289657193759606,0.2988238786887831,1.7601956881079053,0.29949442632459455,0.2699633744515147,0.2655846786850432,-0.3625724545960189,0.3770670903813233,0.5256489543908843,0.00931498375687556,0.3875907606822871,0.3384816289546987,0.43321904505207615,-0.32641887949806364,0.12897153900626498,0.05002221509438142,0.30751579055224826,0.16266688956914832,0.635466155563956,0.14124473034114737,-0.12275044807533729,0.06499584589614395,0.22413953976749157,0.1303697852989186,-0.0631419642477315,0.2143991323237031,0.31165436007641345,-0.2178299716002517,-0.11234862206013102,-0.3268917107509556,-0.07054581191153207,-0.29211518067080644,-0.025242275303396972,-0.18889172907534843,0.3555907645862127,-0.11814433584717193
0.49752412139739244,0.36469215378005204,0.6952183286498013,0.32061625199545446,0.2515320251670414,0.48225403901332403,0.3659718137397756,0.4034402098853054,0.3474826605390916,0.29790614463657844,0.360676901451383,0.408798188438719,0.42479525888891506,0.32187414361680994,0.2392014734335423,0.3840753051616138,0.33105312108795804,0.30603958986932556,0.3518249764230199,0.45502051343431393,0.24702852813814655,0.36688646848364087,0.2545944505154122,0.29989899454654234,0.35309018065431796,0.29949442632459455,0.8018188881423505,0.21213237768887255,0.38404633087974344,0.3925785661918208,0.3147842722531268,0.33914298424509876,0.22728658480464034,0.3217926797777429,0.32394085667064065,0.5775820984650543,0.3209174555191044,0.3513503621799275,0.21810807370893587,0.20749911844905095,0.24720336921482794,0.37804812325645726,0.3877397837207949,0.09228453773499104,0.1512099638363704,0.3831698248086993,0.33289057614603396,-0.08152203856628655,0.28825592844579767,0.0758220574929014,-0.11898799231023148,0.2664506471603586,0.08554227175380459,-0.11831139206159148,-0.08036665469167217,0.021319951712302086,-0.14874124320850268,0.07862906140269763,0.006596290391432413
0.17473119630444603,0.36156096379578506,0.41121844378693545,0.15896991962252124,0.12514598486717313,0.27162489388813815,0.19872894555368506,0.1650552412542868,0.2942435925415284,0.15852931551873056,0.20824541519474135,0.12076343923823211,0.19836020028143117,0.27676541693140894,0.24647820034862558,0.25585193352165986,0.32186505406229304,0.21448740259553253,0.35449783553194464,0.28696000749702727,0.3248939773428244,0.2715484578862335,0.04944101017230674,0.37970169107216883,0.15894675426315036,0.2699633744515147,0.21213237768887255,1.2813634794747852,0.09785182629768505,0.6782465037812295,0.3655379677565281,0.14986129497344478,0.529689121171326,0.10228641901044269,0.7603636073189675,0.3450668636687588,0.677218044151257,0.6245598613286888,0.3463454920152401,0.20976994913615923,0.40451443627692113,0.31128712406122827,0.442661710189906,0.5484614714989523,0.5140939660155669,0.22672264474054935,0.3977377854696097,-0.06903909747930957,0.2616848639208319,0.1707023195692661,-0.15974155735900814,0.5487982571123993,-0.8486779574063453,0.03363943232743556,-0.19799728236425956,0.0077216752187688,-0.18109968526306588,0.2427168455258051,-0.022245501909802016
0.7001565005328572,0.41250476902480304,0.9171413881161484,0.37908962619759734,0.293041943329142,0.6949284902031397,0.37064527582271967,0.5508872445818815,0.3173762136366728,0.43197110411710327,0.5040309120063305,0.3671605820507043,0.6089042909025691,0.44803745777865495,0.3088264096434935,0.46315027572332523,0.5072323164855623,0.49691088158687985,0.5088023856207161,0.6852280837083325,0.2806258868683107,0.3880106008965924,0.5166056712256913,0.3565027836881877,0.6920265895508736,0.2655846786850432,0.38404633087974344,0.09785182629768505,1.9106227590435325,0.698741412497294,0.17195924985657995,0.37213699988049553,0.05925266245388527,0.6457242250776475,0.45196938508797146,0.800939644566086,0.05880510547990538,0.10734602338939474,0.1073839528540967,0.2864927886750706,0.2959821369385297,0.4272355699296824,0.3156080376740634,-0.09114852342431846,-0.18487885935946824,0.5495760099811504,0.5838136161200526,-0.21977193435231315,0.4975213745701118,0.06343953108572178,-0.20652050402045913,-0.3131452530206729,0.0910000663667907,-0.06433829551073914,-0.16185934483216405,-0.09934008602387992,-0.3477453037204848,0.17814878595537564,0.2405483212327045
0.4401183946498661,0.3661936435362258,1.009981207147442,0.29687714904820683,0.07453116820846593,0.39602415201402724,0.3900529389275752,0.4926277034709679,0.5613506878526311,0.5518367684595503,0.49327833329563714,0.32903850043199584,0.5412633983235828,0.5780558165868674,0.46079913662115574,0.5194206578080172,0.6332515531113584,0.30822831177447463,0.4269969926595722,0.8770071740947093,0.5337249592350781,0.5384731025535349,0.8912515792050577,0.9795067101722345,0.06896831295319608,-0.3625724545960189,0.3925785661918208,0.6782465037812295,0.698741412497294,3.820270897405023,0.3200610351084373,0.21932574946174985,0.5789201511457003,0.1617891282296324,1.5956254518991317,0.6382904655632111,1.4195289756971752,1.0662892136709305,0.8933022373702065,0.37257396540081955,1.4677331456506748,0.6351537144629406,1.3594591045863669,1.3564606081649917,0.3294950289110994,0.7016285273765331,1.4521065749664015,-0.19754309461985475,1.8135546362810653,-0.7709353369814284,-0.23066975403682755,-0.9805877683157976,1.0251760140954769,-0.1278907199630009,-0.2162880206079827,-0.10178144894264779,-0.38525920537960745,0.7028903111491294,-0.10961458036869988
0.5241662745148042,0.43465243632262457,0.5952781492285611,0.2935111146999857,0.23635254922552595,0.42104289469672607,0.29840481080733516,0.3312486143366892,0.3477608692657131,0.2505440298637313,0.29013549411217043,0.2869390271331813,0.2763204405172798,0.2697059572964655,0.27093747559892195,0.2957482044352182,0.36501404697817874,0.47500140916120565,0.3426259227666675,0.38620493971559416,0.32451368932342595,0.33445670566334046,-0.04358616898426457,0.27439684438000883,0.44330659114623544,0.3770670903813233,0.3147842722531268,0.3655379677565281,0.17195924985657995,0.3200610351084373,1.0401157260210006,0.3132248898600826,0.3157364703848309,0.17156937204508174,0.3710279875681844,0.6479432211996339,0.47004019876469444,0.4575593697534695,0.33347574457907103,0.19001155361309172,0.24543617666085357,0.35276648728982557,0.28290446771523264,0.19361790298512777,0.4568751175688027,0.43580638399045574,0.37352576363864554,-0.08400707486545853,-0.21425556775656787,0.027029178994075947,0.033349281005393056,-0.14521263788345226,0.019753969426106556,-0.14340548442954698,-0.09470672346994605,0.03312203008296749,-0.059882203395743704,0.052648171744811914,-0.09644171781832032
0.4224449655901385,0.28721700185624804,0.5967455460780738,0.27695465709611383,0.2625645608476943,0.4657021601882229,0.3675762533958831,0.3378695170814807,0.34510255597758116,0.25077545395555906,0.3228157759360029,0.3803933950844709,0.4212663592440987,0.3069294881342407,0.15415850963112795,0.35477291105915726,0.2634867848908873,0.2992764697072382,0.35594586123430866,0.3560938076775486,0.28113759491374385,0.4229473408016547,0.28715261801354625,0.36041533524407315,0.26553603513924073,0.5256489543908843,0.33914298424509876,0.14986129497344478,0.37213699988049553,0.21932574946174985,0.3132248898600826,0.6931818743180936,0.18831391527945399,0.28708539376606185,0.17669995215733392,0.5275894706764145,0.05793961974897095,0.21887647910791105,0.2559949820607767,0.14083683705778371,0.2361027978788129,0.39623592249768014,0.07510162589806274,0.14734632074598547,0.0422172921169106,0.3588912218537114,0.3364705007238154,-0.0975830786437706,0.38383846924697196,0.001617719460422657,-0.09049237151171687,0.04219815951627254,0.015992452933103623,-0.08673472221370189,-0.1874065357241402,-0.013213430111354603,0.25785064426725707,0.08896250167928854,-0.3507821077199081
0.17140135971845832,0.191853044383005,0.5401299545869137,0.1663995020615267,0.12193526671439643,0.15998030227633017,0.304227203935825,0.20288942064735946,0.4023757589523551,0.11740943794072678,0.2302687981275996,0.23101559248074321,0.2573415716837485,0.23380657237069938,0.19691501761013677,0.2192399039487199,0.3983604698167316,0.20670796300388727,0.4399977821932921,0.20591770163821208,0.39878483788050556,0.29857327382400495,0.4702500720522562,0.6963912743810752,0.13023750347488225,0.00931498375687556,0.22728658480464034,0.529689121171326,0.05925266245388527,0.5789201511457003,0.3157364703848309,0.18831391527945399,1.9603388001644018,-0.09743894604506508,-0.5341779278868161,0.3498215446302522,0.9250241053853409,0.6509670840924919,0.5021755854563966,-0.16502738529721042,0.022408536113797128,0.4060593687712835,0.26415202717761954,0.6010067236397236,0.09265615480839551,0.4131304435594167,0.5285783696209058,-0.0965842495503065,0.7925369282998901,-0.2309164492548778,-0.29107847525804803,-0.23974948711248134,0.19759306421876718,-0.21666779773648492,-0.22190420686542076,-0.05122757650542402,-0.11604745254933221,0.3012519086154401,-0.2034685447936467
0.20287884312633228,0.16566390785728913,0.5206449813351156,0.3344491442873507,0.35405716497013734,0.44781921554234866,0.30473799579444577,0.37112075479374307,0.23479999432539503,0.3705272004570028,0.34302249703956833,0.2934741751239466,0.42016551267708596,0.316990094893357,0.24066817542753377,0.35190342240069994,0.3225920763963388,0.37455570751364453,0.18332974833570437,0.5763532649608806,0.14878615888988425,0.30311451212549095,0.42914009852129403,0.32722770104511684,0.3885254054209142,0.3875907606822871,0.3217926797777429,0.10228641901044269,0.6457242250776475,0.1617891282296324,0.17156937204508174,0.28708539376606185,-0.09743894604506508,1.8829295963464237,0.8854104687520834,0.39136808428716024,0.6376609842929649,0.4186523000759058,-0.27003287858606306,0.1859744836089279,0.1833021123871579,0.46521972921897775,0.5246976021180293,0.2339403269954479,-0.09182147247402841,0.35258803897990065,0.5060774844027782,-0.08618111190979945,0.21182070443380535,-0.2964084505416248,-0.08540482863740179,-0.4429663133275501,0.4450076175745942,-0.08087296578933027,-0.14892382863718326,0.01888782121612207,-0.24520180315567555,-0.0051119460810148095,0.2678796011568098
