1.0396197926373074,0.19233296745377063,0.39180753874896046,0.13114986551707808,0.33463953557238635,0.14877089371436972,0.3494455629921815,0.27275843332605515,0.2000230856111407,0.2134435311559638,0.20447674762612972,0.1885420993476875,0.2280656385607103,0.26306831731477076,0.18140124175531885,0.20902515472035912,0.21259454640346337,0.20198061062995765,0.1800423765304103,0.16018083101938063,0.16893767870972104,0.26480064418847804,0.151705777122594,0.13107658994062488,0.20789158370278285,0.22514420771759985,0.15576434501043093,-0.06389682304798883,0.27891807110640393,0.07695738079343835,0.1486624391245213,0.18685819795376737,0.15899601989991136,0.10470330128451515,0.12532822489132747,0.1502419002278131,0.2301514257359793,0.1443507699400844,0.17270079089664828,0.05350630625637494,0.12857386492365375,0.1586196216494613,0.1617138489417314,0.028975442414506388,0.05651197725431031,0.22397738484907312,0.13365404324562793,-0.08421409329735344,0.20286387486387505,0.12561961036100053,-0.013456216732532339,-0.10690105707312034,0.04308961234850833,-0.0628124510208684,0.28226988013802917,-0.009017100092544245,-0.03169259178765652,-0.303630775382581,0.12258697232673996
0.19233296745377063,1.664778702924017,0.644483071977153,-0.07642211878743319,-0.1150826740122303,0.4464025522801875,0.012484609599245657,0.25028865540099704,0.30085671494087224,0.22075782111345071,0.2228607485096871,0.24147546693452832,0.21567389579071572,0.17024484346172716,0.15265688613587516,0.14345062896294195,0.19704533450825173,0.4018140850442988,0.17015039473032964,0.3771606600411868,0.21226128278015963,0.1992808264825666,0.1355072858517475,0.17861958433376787,0.18210652678469855,0.1844596271746566,0.1948164528768474,0.23093492961350354,0.2653501574288561,0.07023502687349174,0.19020303359742505,0.18433236483508253,0.1587306645061341,0.23996925387404297,0.12529446543054545,0.2602492111817751,0.3254164622481973,0.21714659489065413,0.17804518218282814,0.0666325900357433,0.14712908724910062,0.21123500137431347,0.1567620346449128,0.04361042404793161,0.1292458487706162,0.2544885422564553,0.26729548704535944,0.010614073545181301,0.10516176152256262,-0.18233237908187058,0.36337403116558603,0.05297003970811547,-0.0901160319718761,-0.11222335472525148,-0.012437250512988666,-0.051574382083369855,-0.06297011637470862,0.06756747981131248,-0.03936558298922549
0.39180753874896046,0.644483071977153,2.0880026746083202,0.07257437918436188,-0.1518865512197951,0.4346562744873995,0.048679538384478346,0.31357673512075995,0.5773610898920661,0.44662804027211417,0.30996963868418864,0.3827179350802733,0.2963590399295809,0.28889610203198346,0.24855143239677097,0.207348540128945,0.26346867214420355,0.36146949054738564,0.3433178614882004,0.2940181453323814,0.2520887356102434,0.36909922301870507,0.1496824683967784,0.30010888519047535,0.28980638356871413,0.38281847330711694,0.205816288859911,0.3427817183166705,0.5560391624971116,-0.04701146451766256,0.30543157552581285,0.35065427629728524,0.2643739555206946,0.32015705693516344,0.1648528129712032,0.5011864183464274,0.3884686458481038,0.27490303398266774,0.18364095803874944,-0.1035685299871073,0.19325350994838553,0.2720305596034144,0.10944197474640818,0.05030206588046854,0.20258070088130511,0.5795019502170575,0.2128696454434418,-0.24407108325111426,-0.002121561611976715,-0.24930728749286402,0.2804089565493347,0.23792736763324393,-0.024380566259979954,-0.19770401064683388,0.2876606140234895,0.1255342717620681,0.1204762442265556,-0.2779481438776386,-0.3863222068345091
0.13114986551707808,-0.07642211878743319,0.07257437918436188,1.4908079963384653,0.7423479745484705,0.30739473960460223,0.5641128762721014,0.5350161728296168,0.22942381506087947,0.3326717372948435,0.32657688010192926,0.3163434775099445,0.42437582527100864,0.3944854053850437,0.31709761127947983,0.38381756763446,0.375398735178462,0.47301520633055283,0.3007485525850729,0.3281028787753047,0.34172271174639446,0.3042627424420276,0.43976215635618277,0.42708209632529087,0.39380357667914195,0.3635907064107765,0.2820845919001534,-0.06334506905231482,0.49749543770276444,0.2017828960153956,0.3462032954305165,0.3303724177679053,0.3480569600347861,0.42060296265033154,0.27986860777626194,0.41538392330272117,0.5599431126382953,0.23752719611262532,0.4698948966026232,0.22980976328575126,0.1627654404367269,0.3461253679592108,0.16329196275653324,0.09232385911807799,0.10656333931374305,0.43610546816057044,0.33611690778180575,-0.12535463840861813,0.3519247488925989,0.6146089774410108,-0.3015209217477349,0.0684036274403657,-0.1425996629967116,-0.1720425920611249,0.028461230503386968,-0.13019102850311007,-0.10303310762854676,0.006418968277058296,0.13228466203928368
0.33463953557238635,-0.1150826740122303,-0.1518865512197951,0.7423479745484705,1.8300237647334405,0.15017284016528956,0.599535328566465,0.5124352318168576,0.1477958096347971,0.27407683642454633,0.296531449474918,0.2607538890476882,0.3977329957213945,0.2661186803331662,0.3113707374751198,0.3251804668194198,0.3275853368368728,0.3152360767750802,0.4969234280153391,0.15590163872316937,0.3187443737460948,0.3546330823530847,0.295579865151924,0.29180114280776603,0.3131849827154947,0.35000993318826124,0.20467006606976085,-0.14359182189049405,0.460611215972632,0.08866049314972915,0.2764546110179807,0.30949980676964706,0.2843208324855005,0.3882374234341278,0.2803139431357132,0.3401231553831863,0.41728863311421766,0.15630163222776292,0.45877123769849437,0.24378515240242446,0.06044469498306123,0.3065128828005497,0.0693633117358384,0.041594233198517044,0.08565932941954524,0.3387643789073901,0.17725084896467594,-0.11023911615898778,0.30263284305156524,0.7782161477195295,-0.5113032351218829,-0.244469833974862,0.01900497097676898,-0.07337387658911272,0.11407045215124567,-0.20744186133554623,-0.0916818638690892,-0.15243789490349857,0.33883899407343043
0.14877089371436972,0.4464025522801875,0.4346562744873995,0.30739473960460223,0.15017284016528956,0.9179145616562451,0.0623011361404773,0.48429172119894154,0.43976840197706246,0.265239976718214,0.3569743996728162,0.38233954789361707,0.38548418838109344,0.3279863776305743,0.23519058514486865,0.3303570173489156,0.3996053913107498,0.4820548417220337,0.516584057517073,0.571164886639974,0.32104661718064015,0.5079159299172241,0.2547820171511477,0.3744522021378654,0.3579576666520686,0.39684091684463035,0.36780641812974857,0.17134836975193815,0.48190757630937037,0.13420711065296304,0.3478309011451582,0.43856929505008646,0.23690949168569125,0.43671196560288356,0.21309915454553877,0.3656127374713073,0.49795961600708893,0.3463385606880096,0.5438817759142536,0.2276740981408434,0.11534721038107229,0.31034185559360106,0.3849011421266349,0.09176242452265296,0.23199371605241972,0.3734252744807419,0.4111379325398262,0.006147784837542784,0.4639301572796572,0.4230502405693971,-0.29945190689918083,0.23972984860453975,-0.26010476531937554,-0.12766256999288136,0.008127237146372339,-0.1210191145111905,0.13412706181915898,0.043978549468554916,-0.11080118512530936
0.3494455629921815,0.012484609599245657,0.048679538384478346,0.5641128762721014,0.599535328566465,0.0623011361404773,0.980910392259218,0.4303796934784885,0.23828671719828243,0.28575139361167673,0.32264152002906865,0.2777442845291988,0.377942166711218,0.16673796662443646,0.23650041437313551,0.2699036206207887,0.3665446171313636,0.32212006628824486,0.16544526240267554,0.19404532015110532,0.3322622496759178,0.33768336427894596,0.3296812211250993,0.30885010593286566,0.3290683155589832,0.2662751828581566,0.21589980053261276,-0.12690312152358074,0.42746383595811377,0.18295194491440733,0.2722624283966338,0.26893009840999915,0.3359553801521632,0.32342588939204475,0.16824170122929008,0.3616257171469128,0.4271798502640362,0.1756018778821162,0.2659308861311526,0.148661134056866,0.13657134670606033,0.31632060582003446,0.07621998130095944,0.04096907709995096,0.033013443527236626,0.39571084302088727,0.18350362406632087,-0.18202007877496343,0.28516131709567494,0.29900295445399017,-0.1485183802765835,-0.25881594360740034,0.2254721092760598,-0.14912523425446722,0.1856886716421345,0.012089671302866716,-0.10588728717337755,-0.20311137392930645,0.08969994344817579
0.27275843332605515,0.25028865540099704,0.31357673512075995,0.5350161728296168,0.5124352318168576,0.48429172119894154,0.4303796934784885,0.9206594804710709,0.2344596753986666,0.36237869707511083,0.35191910392389175,0.24076576354074927,0.4436223903649888,0.3149385598811262,0.2240507282278152,0.31279042709829963,0.39195877628882597,0.508106722569549,0.4194729221052501,0.4569390960821675,0.32101426126293114,0.36549654470434123,0.3112857169462399,0.3544996793220055,0.3862901200974498,0.3350848475161588,0.3022007090821036,0.03877797594079825,0.457408323492286,0.18579397124332525,0.33690179798906356,0.35502765455946267,0.30852660929121906,0.4178778178041939,0.20983936487057667,0.35074361144763677,0.5641680886507489,0.29423877900457795,0.5325924250822224,0.20458279503704557,0.1715072325512534,0.31272761077124567,0.28120810483448955,0.08085598630305584,0.14294507573863924,0.4335185829682017,0.4035294805012185,-0.026374647848381855,0.4342007620606449,0.46302631161454966,-0.18157251351084672,0.05270517437659372,-0.07750903585688,-0.23103946689748997,-0.021344981109603433,-0.16577515193736223,0.07152866978974715,0.09071343402774236,-0.021054166856176965
0.2000230856111407,0.30085671494087224,0.5773610898920661,0.22942381506087947,0.1477958096347971,0.43976840197706246,0.23828671719828243,0.2344596753986666,1.0053768790914626,0.20090592726456596,0.3137418174900596,0.32250229726882207,0.3548782693281919,0.2798248404388669,0.21480868791099697,0.27021549841870146,0.30273613357606927,0.3271835234081543,0.3788442199091439,0.3675473596400211,0.32438991776933584,0.3371470587921039,0.16954258375093334,0.3563217668951172,0.27169659581476746,0.37476865260682724,0.2906545825810073,0.2212723969328587,0.4031385274485985,0.17527029162748115,0.3332162890246676,0.4128509399834656,0.3073019968594739,0.3468665908863023,0.16966103538813013,0.4293730153276887,0.38714494789872766,0.2961849967705747,0.272491369357205,0.1083600847689946,0.17539108569481648,0.31730589507122436,0.20100247866935222,0.04619463690945223,0.14329284512342488,0.43677865982807257,0.26958642662189236,-0.10615318515565088,0.4081482395934842,-0.20153185936925297,0.14549746969052196,0.19379049998065673,0.09394958815115514,-0.1625102547706286,0.12430307307486782,0.0163782331192813,0.23681213323067213,-0.12422644333749372,-0.32240095494089066
0.2134435311559638,0.22075782111345071,0.44662804027211417,0.3326717372948435,0.27407683642454633,0.265239976718214,0.28575139361167673,0.36237869707511083,0.20090592726456596,0.8263563554668435,0.24940318945465026,0.36095694376627685,0.37152890056561666,0.2416654716834603,0.2572506647673488,0.265801165336554,0.33222908511451243,0.3446015039871211,0.24602525427527458,0.22602872033295276,0.19278193033389449,0.3909429547322312,0.2703576842293404,0.22264665355664284,0.3231401701032541,0.3373593786587357,0.23360790019383615,-0.07586529253144896,0.4332043651510431,0.09654489648341805,0.23665782938353777,0.2589563828194128,0.1636643078713648,0.305825537736746,0.24226902758866753,0.24807790094154877,0.27567958305752227,0.18080999497845107,0.28442877771154973,0.08821433159922011,0.12050256901530995,0.21138014655394954,0.20817470012578831,0.034614594016165,0.0458282551528985,0.29376937065043995,0.2342386178695351,-0.12850131137352427,0.3660538617737707,0.07958605055928573,0.031161532716887604,-0.10986079232335026,-0.03279489525167435,-0.0028878233244259907,0.7589430737825434,0.15347446266222453,-0.14182632193158753,-0.7601927510213947,0.08496676689018343
0.20447674762612972,0.2228607485096871,0.30996963868418864,0.32657688010192926,0.296531449474918,0.3569743996728162,0.32264152002906865,0.35191910392389175,0.3137418174900596,0.24940318945465026,0.5783417981575385,0.3667595644027006,0.39971574988992975,0.25634269362403306,0.30173837868096665,0.29827122748273177,0.3531590829375673,0.36571648334919404,0.27076355879290526,0.38408619704762614,0.2947320843186764,0.293028029092872,0.24271550979772447,0.29946840806196134,0.32010932380775053,0.30592614982140254,0.2841667765424949,0.054962562627546216,0.4319555705834231,0.16357444202794105,0.2903988402171144,0.32645953282972523,0.2482235863948207,0.3526964447522368,0.25880440476850575,0.336830092723223,0.3961124230247519,0.2552102937293723,0.3316860295034948,0.16878817589693557,0.1549798156621045,0.2969063973592208,0.18307323382767285,0.04582550634028572,0.11428166454100619,0.3693036966586873,0.2796217916745025,-0.11007778022189195,0.3232136913892025,0.10104856993043083,-0.033141893036808576,-0.005254576160949034,0.057775025651185134,-0.08284823655483547,0.1972449317791823,-0.04691000789958586,0.001084796183647068,-0.20234638775344357,0.014451051238874035
0.1885420993476875,0.24147546693452832,0.3827179350802733,0.3163434775099445,0.2607538890476882,0.38233954789361707,0.2777442845291988,0.24076576354074927,0.32250229726882207,0.36095694376627685,0.3667595644027006,0.6090402165888679,0.34798044324246447,0.255300211070184,0.27093504119540807,0.3241458611341477,0.33302089036167476,0.3284951834648094,0.29365577546622806,0.3023185743071442,0.268911395585053,0.3433797869948706,0.24103127780537992,0.28208243056241894,0.34627023012207886,0.3131162358574273,0.3003306259843318,0.07121771640944018,0.46659245800648563,0.12553570397428693,0.299623868756403,0.3410330024550646,0.22375435782641484,0.34430402378043184,0.2528569057843096,0.4258921460974245,0.3137293174960638,0.22781890947908642,0.27816791417758713,0.14230484907852228,0.11429538440220774,0.2811850245043605,0.1452589925140545,0.03699190359290428,0.1026790814793662,0.36562821145798563,0.23811675643926153,-0.1527814083495114,0.28493738446827216,0.03738856237506625,-0.04006462709970624,0.041728822506544666,-0.03741300698598816,-0.029817200115492697,0.35650951915875456,0.08055155504054998,-0.08440221864461693,-0.33979049912788334,-0.07144620984682146
0.2280656385607103,0.21567389579071572,0.2963590399295809,0.42437582527100864,0.3977329957213945,0.38548418838109344,0.377942166711218,0.4436223903649888,0.3548782693281919,0.37152890056561666,0.39971574988992975,0.34798044324246447,0.7081492821795352,0.2620342554423427,0.1471723597246805,0.3419295078310335,0.39041862264311084,0.4529381204752798,0.355323410812421,0.31559233313071283,0.32499251104123655,0.45888380842804266,0.33218829973955855,0.3169315819425193,0.34650436975979476,0.42778174778473466,0.2936491153807834,-0.04572658648072249,0.5603433221281436,0.11437649589425819,0.2887055746776357,0.33629317586763735,0.30636813167854704,0.40790982371072104,0.32336852996122784,0.29947831662920604,0.4831260032532129,0.23587525317510247,0.4171317220048117,0.18108008042332768,0.15082285800632353,0.321930501197988,0.2336939870734703,0.05165879707953107,0.06172649759191377,0.36479089256594227,0.29894385899473835,-0.08888423054575288,0.4239080190327617,0.3236130549958585,-0.045163660316919985,-0.07086213579504741,-0.08595566542117838,-0.09323710924418967,0.4403703907761271,-0.07387291326966991,-0.26421767333760376,-0.4881661513866499,0.39507980780548335
0.26306831731477076,0.17024484346172716,0.28889610203198346,0.3944854053850437,0.2661186803331662,0.3279863776305743,0.16673796662443646,0.3149385598811262,0.2798248404388669,0.2416654716834603,0.25634269362403306,0.255300211070184,0.2620342554423427,0.6674523136243946,0.34283471161764,0.4177587879304825,0.2525555328252159,0.28758625159824813,0.2664347860321389,0.33459241755522223,0.22647696098580902,0.23462924686288067,0.2664717657936269,0.2989589994600646,0.3227192830383358,0.28769728446620785,0.26432986241026457,0.02470050293882762,0.367240491326247,0.21485826242176115,0.23871809012198375,0.29730402996567357,0.1735453940780295,0.2925813006891703,0.2526924767606514,0.26949723412391174,0.3563677635593669,0.22512236366641064,0.30568061030924515,0.15724870206362693,0.1897423476178724,0.24338316389502965,0.27275881291218296,0.06905029347081017,0.088363923702468,0.2840402849357035,0.28858581051357574,-0.06871880024116905,0.44630310014059693,0.14255481106377493,-0.0446605583630959,0.05087376691334103,-0.09102999936380218,-0.04877357836974483,-0.018469727928015447,-0.043690254220023435,0.0524664292191504,0.05180367778160688,-0.04002157611157943
0.18140124175531885,0.15265688613587516,0.24855143239677097,0.31709761127947983,0.3113707374751198,0.23519058514486865,0.23650041437313551,0.2240507282278152,0.21480868791099697,0.2572506647673488,0.30173837868096665,0.27093504119540807,0.1471723597246805,0.34283471161764,1.158248885960195,0.3048083851660618,0.2992973581774269,0.31732402534220894,0.2269335453049461,0.36169174300230994,0.2914747769944634,0.07358929305215871,0.2758150709634324,0.30145183161112654,0.4342465862814653,0.27041320988239487,0.289196944030104,0.07054657431349606,0.46405163350220696,0.33192301668135693,0.3054677758935092,0.2894499744975223,0.21755873864170822,0.3423290187415294,0.28078531048268784,0.4211572309807788,0.41127322262420823,0.21484988974317598,0.3021017735734464,0.18875526619357125,0.24789778325178502,0.31077675190656384,0.09658595312296987,0.05441282880365173,0.10346719387051946,0.4191506217840755,0.3179574265084284,-0.21130545792690603,0.3417291664393806,0.1380174084866143,-0.0009355661758448149,-0.013104689583474985,-0.0069588535987916205,-0.05633305365105281,-0.0490262082458823,0.045097243824214,0.1668816876240796,0.051100871359189365,-0.19123478374215758
0.20902515472035912,0.14345062896294195,0.207348540128945,0.38381756763446,0.3251804668194198,0.3303570173489156,0.2699036206207887,0.31279042709829963,0.27021549841870146,0.265801165336554,0.29827122748273177,0.3241458611341477,0.3419295078310335,0.4177587879304825,0.3048083851660618,0.6507124444259512,0.3299427902818853,0.33979692519001586,0.30002554511430757,0.31652230303379364,0.2510861242626002,0.3626680837905631,0.27802135068855865,0.3046507223614497,0.3550726277423721,0.30703472944292287,0.3106740051465051,0.05702725125819904,0.45586850737189044,0.1892248701877531,0.2585423094354352,0.341308416345109,0.20206610940690603,0.3588389094105912,0.30188701190679174,0.318833057095696,0.3751273860776018,0.22166950316120215,0.33963879587617246,0.179682478706676,0.16149267696997285,0.280217867243908,0.25896605832877745,0.070813948089182,0.0788701180703425,0.3135730623550199,0.27882436457204685,-0.09160165504454848,0.3962092220333904,0.06365211433393266,-0.0756578214229341,0.03207145282080078,-0.020549513491410213,-0.05721497687527272,0.1657673711241859,-0.039563414768198746,-0.09201203016129353,-0.15922206675034975,0.11825242863470481
0.21259454640346337,0.19704533450825173,0.26346867214420355,0.375398735178462,0.3275853368368728,0.3996053913107498,0.3665446171313636,0.39195877628882597,0.30273613357606927,0.33222908511451243,0.3531590829375673,0.33302089036167476,0.39041862264311084,0.2525555328252159,0.2992973581774269,0.3299427902818853,0.78087500370084,0.4367725806906277,0.3218842928479148,0.3808389277178704,0.25960889837490386,0.6037140376183949,0.33602584599811586,0.286817185273597,0.35238359590375157,0.3729945279502843,0.3183606274929476,-0.039438346653784796,0.46146357331109544,0.09239498516865391,0.26965005890689603,0.32319530433724636,0.26737096599222426,0.3598682866405739,0.2536955335583573,0.23428832495922963,0.4757120455292084,0.2455263607440219,0.41651688191320696,0.18908861668137644,0.12193567245882372,0.27158857920133744,0.3422055727524342,0.06190537965617887,0.12418652653775544,0.3026078376369011,0.29287871825954925,-0.04358458414607183,0.417749408421594,0.6296961091433638,-0.11653391866132963,-0.16177629842828747,-0.24272698903610793,-0.07518487732530714,0.26931787726228007,-0.06273334526070695,-0.1311892324068078,-0.2656524651656775,0.23242089483960002
0.20198061062995765,0.4018140850442988,0.36146949054738564,0.47301520633055283,0.3152360767750802,0.4820548417220337,0.32212006628824486,0.508106722569549,0.3271835234081543,0.3446015039871211,0.36571648334919404,0.3284951834648094,0.4529381204752798,0.28758625159824813,0.31732402534220894,0.33979692519001586,0.4367725806906277,1.3053117154081744,0.3613022896608021,0.3097305835917135,0.43465326155242523,0.4906031338117876,0.7089168592543457,0.3000700143974423,0.47729157546359646,0.5834970167219741,0.3168166599682051,-0.2369189358612938,0.6586196864631388,0.006593914579217744,0.4522205017962523,0.35630812786337174,0.3318650388563016,0.6008985264128189,0.29645337028588414,0.4688535235526016,0.7378543194979491,0.24006247688498883,0.6084314184358437,0.2825107321745706,0.2037640477101628,0.42064670551069705,0.220971957132498,0.03782359096791578,0.11855966944582418,0.5347492973057136,0.6275065740495122,-0.055473199165263484,0.2811381585317336,0.6416880975281881,0.3652234722051692,-0.3402995175879603,-0.33111195116777925,-0.27532051189682666,0.2217000600766686,-0.0509871053932713,-0.1780134016017897,-0.24263016374697516,0.2502536550124948
0.1800423765304103,0.17015039473032964,0.3433178614882004,0.3007485525850729,0.4969234280153391,0.516584057517073,0.16544526240267554,0.4194729221052501,0.3788442199091439,0.24602525427527458,0.27076355879290526,0.29365577546622806,0.355323410812421,0.2664347860321389,0.2269335453049461,0.30002554511430757,0.3218842928479148,0.3613022896608021,0.9242630237876627,0.17057629650696618,0.34205873965735173,0.462936992049162,0.10921008377452696,0.3023112189640125,0.3073228212154735,0.31613689182154187,0.26102109090237124,0.26598846050319214,0.48640531781466134,0.12720722091632042,0.3175453482188728,0.3682635554634314,0.28073106112617385,0.34020388446823685,0.20189989987340745,0.40885526305299985,0.45283690545885646,0.21443646267020292,0.40716425730952344,0.16742318254971147,0.13175201190150623,0.30866459315584865,0.15498346197356855,0.03609034116539767,0.19696892107016237,0.36237674036384054,0.25245517437241016,0.025576544615157067,0.2288422422422286,0.24548117094503927,0.08373604393487302,0.24139039740667967,-0.25968338325486895,-0.1533724653588793,-0.0019710649261786423,-0.0932134661553898,0.04981143091979742,0.005635843808612743,-0.009066782352146207
0.16018083101938063,0.3771606600411868,0.2940181453323814,0.3281028787753047,0.15590163872316937,0.571164886639974,0.19404532015110532,0.4569390960821675,0.3675473596400211,0.22602872033295276,0.38408619704762614,0.3023185743071442,0.31559233313071283,0.33459241755522223,0.36169174300230994,0.31652230303379364,0.3808389277178704,0.3097305835917135,0.17057629650696618,1.3600007720501075,0.2118731926865914,0.08931577249782383,0.12609578747309108,0.3998302070744542,0.3191124691605747,0.3387204589981382,0.48106020892294177,0.22591200290801536,0.2226650046763329,0.36252916472128505,0.4054738996988221,0.39128714779635865,0.32868687539604835,0.41108648973125894,0.2460665484190945,0.34318765872662815,0.614171044805469,0.5821314539373756,0.6215872660125892,0.274025400916477,0.24057815189647985,0.32541118019854887,0.440984230894427,0.12216014677031248,0.2206909634910122,0.371686558947999,0.3440246150787665,0.058457054727180886,0.8858211688318424,0.17830325832388408,-0.3972525365758058,0.1121549074246168,0.2166159105610132,-0.1517158687055635,-0.016916558069067573,-0.1373587665070933,0.3263373127470126,0.053762831275743224,-0.2082124631116367
0.16893767870972104,0.21226128278015963,0.2520887356102434,0.34172271174639446,0.3187443737460948,0.32104661718064015,0.3322622496759178,0.32101426126293114,0.32438991776933584,0.19278193033389449,0.2947320843186764,0.268911395585053,0.32499251104123655,0.22647696098580902,0.2914747769944634,0.2510861242626002,0.25960889837490386,0.43465326155242523,0.34205873965735173,0.2118731926865914,0.8233267842102792,0.0009442263923483649,0.3032296860762731,0.27108704141578277,0.3452781636068151,0.2839231087160449,0.21881018197688168,0.11150594376776038,0.5680329027257076,0.3131214080200599,0.36862709689199785,0.2929487088556431,0.26508142634869736,0.45376770045272347,0.5185488774314445,0.5353148533964992,0.6731036959453596,0.2425441242045335,0.2027746856392262,0.31110778400020583,0.30464860135821603,0.6391734482015028,-0.07248711578128315,0.03984916560842686,0.4334473036645926,0.5302985437630516,0.38560343124521423,-0.3005688083188312,-0.0922045971687719,0.10670195576555298,0.08345961476517043,0.011286722131022922,-0.02009248015900738,-0.09718077496085534,-0.07077200211515502,-0.06242273347242509,-0.06657775608984225,0.03637841156108715,0.03887067902606239
0.26480064418847804,0.1992808264825666,0.36909922301870507,0.3042627424420276,0.3546330823530847,0.5079159299172241,0.33768336427894596,0.36549654470434123,0.3371470587921039,0.3909429547322312,0.293028029092872,0.3433797869948706,0.45888380842804266,0.23462924686288067,0.07358929305215871,0.3626680837905631,0.6037140376183949,0.4906031338117876,0.462936992049162,0.08931577249782383,0.0009442263923483649,2.5383956804853183,0.3381991589693229,0.10138030527134562,0.3363126391320327,0.5540410626036678,0.3733903267721669,-0.37645122817087096,0.4942309939105642,-0.19192052005792057,0.043318637640870565,0.44578881806955994,0.09680318907108654,0.32980525641959785,0.24312009914715485,-0.2760103830664995,0.18188110241389746,0.12470104157513084,0.403120235689442,0.015811489595540636,-0.13912269446009776,0.04365234869779997,1.1383744092886223,0.039327322187347476,0.005144096968663391,-0.02340442440317976,0.1831007865799471,0.28509451581266526,0.6681985497257747,0.5356773476867407,-0.15469026800795935,-0.5192862043204266,-0.1534096230007758,-0.01638807165821517,0.7848901858290313,0.05451571020283288,-0.5632478900465868,-0.7326074911013878,0.534704658867154
0.151705777122594,0.1355072858517475,0.1496824683967784,0.43976215635618277,0.295579865151924,0.2547820171511477,0.3296812211250993,0.3112857169462399,0.16954258375093334,0.2703576842293404,0.24271550979772447,0.24103127780537992,0.33218829973955855,0.2664717657936269,0.2758150709634324,0.27802135068855865,0.33602584599811586,0.7089168592543457,0.10921008377452696,0.12609578747309108,0.3032296860762731,0.3381991589693229,1.5836558554747502,0.406002997103167,0.524814202436225,0.48149310719414606,0.128122734267375,-0.8815938836766778,0.7995057189975104,0.11874093197922242,0.18798175839380243,0.18943003946469922,0.3817973448134786,0.5154352892014255,0.28159863338766467,0.37423794352205236,0.6527209289532927,0.07991748562682018,0.6764416945677874,0.3500477793370045,-0.0051664113413174,0.30973242149927094,0.05724816722810882,0.09357566899527174,0.038700930194376496,0.4112046199454285,0.4270844158814897,0.04063811743102596,0.44608076009412534,0.8452919168852013,0.0531300807066964,-0.2894467084764034,-0.26275996091723286,-0.16967082807895617,0.19904026602542876,-0.05155632839090942,-0.36073650259321166,-0.24069625983808793,0.4551771297584787
0.13107658994062488,0.17861958433376787,0.30010888519047535,0.42708209632529087,0.29180114280776603,0.3744522021378654,0.30885010593286566,0.3544996793220055,0.3563217668951172,0.22264665355664284,0.29946840806196134,0.28208243056241894,0.3169315819425193,0.2989589994600646,0.30145183161112654,0.3046507223614497,0.286817185273597,0.3000700143974423,0.3023112189640125,0.3998302070744542,0.27108704141578277,0.10138030527134562,0.406002997103167,0.9422350805209925,0.346926913717752,0.1685686144686827,0.28411609753535816,0.20153878569793124,0.48451689442332,0.5305470052712713,0.43317389908991316,0.4291172118360844,0.5734806430854786,0.26703332164110344,0.20630108455462337,0.6029198839998214,0.5255205402559316,0.3047356737266992,0.35814061431610256,0.1792197556591011,0.3356954303826637,0.32488638499884415,0.03791838247853183,0.09933953121414732,-0.040407189441555164,0.6025578814751891,0.43476769629600337,-0.297080604087827,0.5925543588646419,0.11117603893968712,-0.13642102175099816,0.14259708343481348,0.09697191637424128,-0.1681329745265088,-0.23407882303018218,-0.17612094073415083,0.37675784942536633,0.22547127961270047,-0.2738321458926616
0.20789158370278285,0.18210652678469855,0.28980638356871413,0.39380357667914195,0.3131849827154947,0.3579576666520686,0.3290683155589832,0.3862901200974498,0.27169659581476746,0.3231401701032541,0.32010932380775053,0.34627023012207886,0.34650436975979476,0.3227192830383358,0.4342465862814653,0.3550726277423721,0.35238359590375157,0.47729157546359646,0.3073228212154735,0.3191124691605747,0.3452781636068151,0.3363126391320327,0.524814202436225,0.346926913717752,0.9136118297488663,0.36374022165195435,0.2996971793290132,-0.1658633470629007,0.8201209262027466,0.2668358646431711,0.3293994241451049,0.34502711547111237,0.2753156568284272,0.49648987662219246,0.3528666277680239,0.4800155439832383,0.5181688869323003,0.2374850461405584,0.3861294764910809,0.2177874467999911,0.17223388617906915,0.3602755667578895,0.1360700814867194,0.05139542028040962,0.12793084015340916,0.5652897785053504,0.38967526527438845,-0.2920328701040579,0.2723117746037615,-0.02549156490672223,0.09462776379523406,-0.06355734598956862,0.10805641542326344,-0.10753754805852049,0.18721980980128577,-0.0027476864461660486,-0.015199283696310524,-0.19384307918092872,0.016253660988749745
0.22514420771759985,0.1844596271746566,0.38281847330711694,0.3635907064107765,0.35000993318826124,0.39684091684463035,0.2662751828581566,0.3350848475161588,0.37476865260682724,0.3373593786587357,0.30592614982140254,0.3131162358574273,0.42778174778473466,0.28769728446620785,0.27041320988239487,0.30703472944292287,0.3729945279502843,0.5834970167219741,0.31613689182154187,0.3387204589981382,0.2839231087160449,0.5540410626036678,0.48149310719414606,0.1685686144686827,0.36374022165195435,2.916614061941083,0.23062880283744047,-0.310390520903121,0.7303756749952259,-0.6700540353071732,0.29222184123120865,0.5654219328116526,0.2880610960438897,0.5423259977061995,0.42188282261486426,0.3172724460926039,0.5619162147028695,0.265299452625057,0.6483877051440176,0.41058026527507263,0.09539362759582341,0.4088735640065223,0.24439699818545813,-0.04918683518949125,0.3831367770167167,0.3238942720474973,-0.01957519678210707,0.044675961167524716,0.9683265067663164,0.9438519272256316,0.17716216936616183,-0.3571883568689613,-0.5053577293681385,-0.15163449438250484,0.6200311319000471,0.07446593108364803,-0.47098529442256254,-0.6643159157920037,0.46808941783570884
0.15576434501043093,0.1948164528768474,0.205816288859911,0.2820845919001534,0.20467006606976085,0.36780641812974857,0.21589980053261276,0.3022007090821036,0.2906545825810073,0.23360790019383615,0.2841667765424949,0.3003306259843318,0.2936491153807834,0.26432986241026457,0.289196944030104,0.3106740051465051,0.3183606274929476,0.3168166599682051,0.26102109090237124,0.48106020892294177,0.21881018197688168,0.3733903267721669,0.128122734267375,0.28411609753535816,0.2996971793290132,0.23062880283744047,0.8863793144660534,0.22747068368569773,0.25786883207789085,0.25016044062737924,0.3415097016293758,0.3775346110017607,0.24370808825415904,0.30547806997254034,0.2819682794394952,0.4233442455533053,0.33106647361772973,0.3023956112027651,0.3144945232571179,0.15256918290909546,0.1857164588822651,0.2632543592027437,0.5014648113040113,0.04997924496386227,0.07594425243263259,0.30064930084498104,0.28125527552788154,-0.03496637618496235,0.4952809963073464,0.05619895810901336,-0.18422976796168178,0.133034751315974,0.05121432459525406,-0.0791747436178221,0.19405873277516011,-0.05485381659734494,0.180752146198471,-0.17969352377345957,-0.08325325722216914
-0.06389682304798883,0.23093492961350354,0.3427817183166705,-0.06334506905231482,-0.14359182189049405,0.17134836975193815,-0.12690312152358074,0.03877797594079825,0.2212723969328587,-0.07586529253144896,0.054962562627546216,0.07121771640944018,-0.04572658648072249,0.02470050293882762,0.07054657431349606,0.05702725125819904,-0.039438346653784796,-0.2369189358612938,0.26598846050319214,0.22591200290801536,0.11150594376776038,-0.37645122817087096,-0.8815938836766778,0.20153878569793124,-0.1658633470629007,-0.310390520903121,0.22747068368569773,3.3688261631576286,-0.5319194014201066,0.2041267775068493,0.39636234464361614,0.21019887038115978,0.28593155012060745,-0.12952207724277112,-0.22264244832896002,0.8126870505614753,0.043145316189068986,0.2126411107234087,-0.25415505759864626,-0.1766434012105654,0.5622782067062505,0.14789255518602606,-0.21497808364487841,0.21759263691822145,-0.06439465529071033,0.2490448648534371,-0.0424691471006571,-0.18761760417003462,-0.3875165303780576,-0.978424051642426,-0.22820742203503022,1.364041770294372,-0.256940396037074,-0.03441914983860887,-0.7635814900123783,-0.03918125660220481,0.624531562860093,0.7146544126892883,-0.6924250774802168
0.27891807110640393,0.2653501574288561,0.5560391624971116,0.49749543770276444,0.460611215972632,0.48190757630937037,0.42746383595811377,0.457408323492286,0.4031385274485985,0.4332043651510431,0.4319555705834231,0.46659245800648563,0.5603433221281436,0.367240491326247,0.46405163350220696,0.45586850737189044,0.46146357331109544,0.6586196864631388,0.48640531781466134,0.2226650046763329,0.5680329027257076,0.4942309939105642,0.7995057189975104,0.48451689442332,0.8201209262027466,0.7303756749952259,0.25786883207789085,-0.5319194014201066,3.2697337429245965,0.30706881951160186,0.32710883416066366,0.49845356753160747,0.4546319109071157,0.7628415825539615,0.6462671997648024,0.8768792511469846,0.806340161503667,0.1577895629415475,0.6766865490769798,0.4186393959839324,0.3929661835829792,0.5577926918751683,-0.37814185064994094,-0.09848874801552125,0.14550199441792633,1.0750967530263429,0.5298246668706593,-0.9071109596317992,0.7197324239353553,0.5760845878972112,0.11020604583866093,-0.19510202197466164,-0.2030683377074256,-0.07830069419319152,0.40200161790252,-0.05993338418580724,-0.32621380891720025,-0.5494164932986495,0.5543683953891779
0.07695738079343835,0.07023502687349174,-0.04701146451766256,0.2017828960153956,0.08866049314972915,0.13420711065296304,0.18295194491440733,0.18579397124332525,0.17527029162748115,0.09654489648341805,0.16357444202794105,0.12553570397428693,0.11437649589425819,0.21485826242176115,0.33192301668135693,0.1892248701877531,0.09239498516865391,0.006593914579217744,0.12720722091632042,0.36252916472128505,0.3131214080200599,-0.19192052005792057,0.11874093197922242,0.5305470052712713,0.2668358646431711,-0.6700540353071732,0.25016044062737924,0.2041267775068493,0.30706881951160186,2.519635768810461,0.3007500897242317,0.15633684615069984,0.3078285659981545,-0.044382822191089494,0.5440357746750175,0.5535737310743278,0.6611234149248795,0.30814333919647946,0.02278309839499298,0.015333340881245692,0.9973790065846666,0.34780181152461825,0.3439036889582924,0.16819849739639595,-0.15426497433222117,0.57841243142961,1.1719141947873841,-0.5030753091856311,0.8626045182656348,-0.5485522539374219,0.1161386818667937,-0.17655477424818586,0.5360452063134429,0.016999075463763613,-0.4242391058675614,-0.14921749307887322,0.4277316977563628,0.7579365816942588,-0.6350526351410144
0.1486624391245213,0.19020303359742505,0.30543157552581285,0.3462032954305165,0.2764546110179807,0.3478309011451582,0.2722624283966338,0.33690179798906356,0.3332162890246676,0.23665782938353777,0.2903988402171144,0.299623868756403,0.2887055746776357,0.23871809012198375,0.3054677758935092,0.2585423094354352,0.26965005890689603,0.4522205017962523,0.3175453482188728,0.4054738996988221,0.36862709689199785,0.043318637640870565,0.18798175839380243,0.43317389908991316,0.3293994241451049,0.29222184123120865,0.3415097016293758,0.39636234464361614,0.32710883416066366,0.3007500897242317,0.976194428559962,0.38674346675056176,0.3924512524439053,0.3576267032729464,0.2779365093111075,0.8717452419416436,0.6376861380258189,0.36893780693187156,0.48794108621066706,0.22555878888447878,0.4410705666421294,0.4081621576590743,-0.09685154162146653,0.08243824034915655,0.16163393204718257,0.7152683695947286,0.3835648400677135,-0.36096900854835495,0.12641207111803104,0.23919306739108215,-0.08504703267526591,0.12802911761919117,0.004941670841504317,-0.19673462540763167,0.005866859264982708,-0.034582952585861006,0.29333774554904624,-0.01847280708797543,-0.28656929058953745
0.18685819795376737,0.18433236483508253,0.35065427629728524,0.3303724177679053,0.30949980676964706,0.43856929505008646,0.26893009840999915,0.35502765455946267,0.4128509399834656,0.2589563828194128,0.32645953282972523,0.3410330024550646,0.33629317586763735,0.29730402996567357,0.2894499744975223,0.341308416345109,0.32319530433724636,0.35630812786337174,0.3682635554634314,0.39128714779635865,0.2929487088556431,0.44578881806955994,0.18943003946469922,0.4291172118360844,0.34502711547111237,0.5654219328116526,0.3775346110017607,0.21019887038115978,0.49845356753160747,0.15633684615069984,0.38674346675056176,0.879438979052631,0.17484626824286637,0.4194955035229816,0.15508479498984146,0.5651951678810494,0.10393832213176858,0.33801395072722806,0.4573213844922573,0.23053488354188814,0.1879849720631067,0.3012485485254269,0.19193695701941807,0.0338381183860257,0.08201280770224136,0.5674336731331764,0.2907803826102846,-0.254922814740712,0.7151210370770811,0.12713866090597215,-0.06320721024273161,0.0659814312633638,0.023471709933486275,-0.1255240745114429,-0.08527743358498298,-0.11490891554911735,0.973166310653523,-0.06030192422515555,-0.7552900312913953
0.15899601989991136,0.1587306645061341,0.2643739555206946,0.3480569600347861,0.2843208324855005,0.23690949168569125,0.3359553801521632,0.30852660929121906,0.3073019968594739,0.1636643078713648,0.2482235863948207,0.22375435782641484,0.30636813167854704,0.1735453940780295,0.21755873864170822,0.20206610940690603,0.26737096599222426,0.3318650388563016,0.28073106112617385,0.32868687539604835,0.26508142634869736,0.09680318907108654,0.3817973448134786,0.5734806430854786,0.2753156568284272,0.2880610960438897,0.24370808825415904,0.28593155012060745,0.4546319109071157,0.3078285659981545,0.3924512524439053,0.17484626824286637,1.9459761957644433,0.061314674623766614,-0.2052527598398616,0.44302223249890593,1.1021810845064781,0.29872423318388397,0.09777320960402362,-0.05550100614541998,0.09760205872529176,0.3681838895333041,-0.03987657654820882,0.11364603368428525,-0.3067924846154855,0.5817797045597296,0.34219033903883567,-0.31363227679190586,0.7902513179816586,0.22854469825610504,-0.06397923239264999,0.0025458407740538524,0.09146365025573838,-0.3194361762880783,-0.0325251759723073,-0.09096452237421838,-0.23098888732183082,-0.04450716167086688,0.3722865721708995
0.10470330128451515,0.23996925387404297,0.32015705693516344,0.42060296265033154,0.3882374234341278,0.43671196560288356,0.32342588939204475,0.4178778178041939,0.3468665908863023,0.305825537736746,0.3526964447522368,0.34430402378043184,0.40790982371072104,0.2925813006891703,0.3423290187415294,0.3588389094105912,0.3598682866405739,0.6008985264128189,0.34020388446823685,0.41108648973125894,0.45376770045272347,0.32980525641959785,0.5154352892014255,0.26703332164110344,0.49648987662219246,0.5423259977061995,0.30547806997254034,-0.12952207724277112,0.7628415825539615,-0.044382822191089494,0.3576267032729464,0.4194955035229816,0.061314674623766614,1.5481941440581246,0.5583267656102902,0.5066924962307836,0.6701865641623836,0.2731031899450103,0.6032646145860995,0.2647412920116179,-0.11116603692085524,0.48713189493175346,0.1751331114534215,0.057488211676475436,0.09339224378435318,0.4481854605729951,0.34046465396709813,-0.05871879919794955,0.5756800625339419,0.2121421665771768,-0.09847910078295852,-0.07740684237897474,0.07854508369102065,-0.1546415059236197,0.15246824345935037,-0.041248209806976466,-0.07560296902461837,-0.2772621168359529,0.26120668607212105
