0.8844346965279993,0.1083439368309466,0.17239005256454137,0.08552803949568008,0.14950722806135922,0.08289221799499358,0.0985451700593711,0.06855830704013062,0.04402989488506589,0.10085475760096313,0.07172931203078164,0.08173482594490525,0.0619969672769371,0.061944871842384404,0.08646050568312895,0.06340862063843528,0.05124313912099607,0.0966651272058265,0.10387958701343435,0.05146178586193373,0.036684739513079066,0.057260988105444166,-0.014639145296136176,0.046829269359987234,0.05236172030971329,0.07582251590974912,0.05844229750372278,0.055723148989965936,-0.04048735897148352,0.12709820680061926,0.12091404322576751,0.07353322792038683,0.0959465073582181,-0.09804188955330831,0.02140832985857881,0.01390013817071946,0.003096126281289261,0.1470938832260514,0.035917469299368274,0.03516591854642084,0.048290492643350905,0.02917520754304798,0.15251413835998803,0.019815322279657988,0.09780977305388233,0.08098485615096737,0.11312003838000546,-0.0004628954557420602,0.06589637272754721,-0.009158583451625147,0.0144596077834316,0.02248474509646703,-0.009128712095230897,-0.01798980040647539,0.08703071739916414,0.0114053873106386,0.048854296380903856,0.5002295349869711,-0.6768479693122442,-0.03127037666970439
0.1083439368309466,3.1668916577169943,0.30923558309574917,-0.09487198588974265,0.08593954730246715,0.2519438850639936,0.19528574685307568,0.059981223545127846,0.1749806846418152,0.2847095706202506,0.18961930432303972,0.1702965773827162,0.09650076315123006,0.17231362909996492,0.45649002196861904,0.12942939575482806,0.23916670828867956,0.29132798521382036,-0.23189146411102846,0.20137962082076313,0.22933487546112916,0.14255537880025693,-0.10909104583168706,0.06373025504585181,0.34059925703062793,-0.019282501304336074,0.23071524412159333,0.28063260615212166,0.392065798417523,0.0034412043254413442,0.23177360533766145,0.09859105707393899,0.062488464520056464,0.23769810431894048,0.16450137266263432,0.20282411940556005,0.48544262727857146,0.08371162122261482,0.15607923095818543,-0.00014507043422952952,0.15755334054232661,0.2016780189379336,-0.20364995206385864,-0.002108429818793956,0.09594353887919259,0.08558569587531407,0.1549475425052613,-0.031309176636969194,0.1468441133198766,-0.370155687185885,0.23754756221362675,0.2541408603386411,-0.1260415850405707,0.1398866243148938,-0.6608612417955139,0.02916780708697684,0.06723789550097625,-0.5199172337098397,1.0550554124787246,0.32236686335845416
0.17239005256454137,0.30923558309574917,1.9776570517662861,0.19598553964896429,-0.28880875073476064,0.3544207463919478,0.3439969316570423,0.278366886842195,0.6400101052056936,0.5151140622986108,0.2901363428106939,0.27521585455903885,0.22672890004963567,0.26517740635030007,0.24085247691235434,0.24393743147419403,0.38103661272778006,0.2948874456637781,0.5723399784865508,0.2534920553175732,0.3556764297580518,0.4526415850550335,0.17165722359604102,0.2562937471911354,0.282556751437357,0.3066935675894973,0.2184813060741705,0.35905671914130927,0.304656873225233,0.0815790971584206,0.2784186232738973,0.1582187487839819,0.35909825129274703,0.23578814439024307,0.2834839519950197,0.44451120737082783,0.5367125995684514,0.3358301881708697,0.32915447870818687,-0.03498263686311493,0.3670201655971547,0.3236677189923731,0.0824230352392512,0.10589090599289104,0.14324671018085944,0.42979308064990274,0.20396481863508287,-0.05435588124668397,-0.1357436188983312,0.07672394937461645,-0.09262281431669746,0.1899678622470081,0.00019261603473438635,-0.10910345332007576,-0.0059035337154904974,0.09488127694401276,-0.281859223505761,-0.8320513205841228,0.9152461594185407,0.2535148221867113
0.08552803949568008,-0.09487198588974265,0.19598553964896429,1.3755446290184754,0.4907994363184695,0.42261109226677784,0.22089197571529118,0.37122075573742247,0.07367350570205096,0.1390885754020504,0.23604422001185418,0.26509437844575884,0.21203816552949356,0.3133656068636903,0.2644599984817933,0.293662770609047,0.19508653515919064,0.2923443348996739,0.04483025047846504,0.20494604806927824,0.2081789444582261,0.1877581601762779,0.23436573858371582,0.1685661576041974,0.2952110084029633,0.3792094964990918,0.10683775230380088,0.0563849282626268,0.29290421776945735,0.17008604319672252,0.1701701813779892,0.09114748480981111,0.12563663091475794,0.28805095998511615,-0.07923418633908696,0.18627292999721007,0.28064020381689647,0.21918011619761554,0.0787956492940887,0.06340001052900565,0.16383839137044615,0.2002452474782537,0.36840788930019275,0.061488864250423526,0.12160845260102879,0.1586254899914127,0.2332642074897466,0.0016278752112113344,-0.06256181531069795,0.312817114104343,-0.0627498951755251,0.11467575039291647,-0.18073337091856584,-0.1682432640486978,0.07730317317913711,-0.14754441326289502,-0.5726744846587342,0.5575439167974031,-0.027346449888687754,-0.0829386988389207
0.14950722806135922,0.08593954730246715,-0.28880875073476064,0.4907994363184695,1.1089658590660616,0.27358255321472746,0.22782894608459378,0.3956111008774726,0.10349001384393897,0.07134548908570595,0.20017812017899012,0.22266568044935833,0.21677498925697222,0.2805787078231647,0.18971372359210667,0.26326964872111797,0.10455965078261904,0.2128337353532565,0.009419545100800925,0.17726886085852495,0.12870201266331696,0.18046840385017826,0.19742931217614992,0.13390343380587771,0.23262214908560713,0.345545261093627,0.11596540740696862,-0.031412373768099466,0.29232411485988863,0.08378122227506932,0.09729354340993893,0.1971857225442047,-0.0429828977812488,0.3551198205514617,-0.05062498262935243,0.11209103604611907,0.08911738329665607,0.12535643958643838,0.07044413510501311,0.08449036281497489,0.09130880121066479,0.1306315279754284,0.21097978484356314,0.05231920347728853,-0.0028711887986968636,0.035276423151473356,0.15610319077929447,-0.0009227322021805384,0.4670321786036644,0.041951898790962776,0.0036550525668861285,-0.035630705650248284,-0.06920830318634259,0.01612431245446312,-0.11938324412023221,-0.13990937268897866,-0.15165417987542346,0.5114142077067045,-0.20821312506837678,-0.055995816503539436
0.08289221799499358,0.2519438850639936,0.3544207463919478,0.42261109226677784,0.27358255321472746,0.968399332199031,0.3248690065249767,0.5271503666407726,0.33215937577418364,0.2044989680153143,0.3317923120712236,0.2584994149618678,0.2680023054589893,0.3045634347309317,0.25889457832698887,0.307536794440391,0.27462991649703006,0.3490993242439299,0.40214606292959504,0.30140666906074165,0.30651186343579806,0.33890440098453234,0.1163212131148163,0.19242403670946015,0.37054754227837217,0.4877216524498669,0.22440072665419755,0.1883173902667974,0.2945572333143351,0.13645712764288143,0.3200792609933077,0.24216322244901917,0.14206981874590627,0.3227729861741346,0.1575358323551272,0.18935938533768862,0.2970622698843485,0.3298638455981626,0.19447802986918347,0.09985760102374774,0.20362078902897104,0.2702975333236712,0.35161301091428027,0.08513543086508701,0.1534224021989947,0.21154277589713996,0.23944720611407164,0.0014560911011144778,0.6083369728665076,0.12827059164907856,-0.1068341369256882,0.08827742283535979,-0.06007464419867604,-0.046255324292932595,-0.14313008756067688,0.024181842915501888,-0.20644104045922695,0.5252509501565669,-0.2921355144147359,0.13093187620681737
0.0985451700593711,0.19528574685307568,0.3439969316570423,0.22089197571529118,0.22782894608459378,0.3248690065249767,0.6484763471538033,0.19768276299638377,0.5457421352524238,0.21635603856981844,0.26467288417449536,0.3197888613487015,0.2429279089218296,0.3305679175654507,0.12614432656815996,0.3124433928321474,0.26267720396047306,0.2432882955849481,0.38831201230620094,0.21425053429930863,0.275871027360709,0.42784586970642535,0.15553677810395633,0.19378856701704122,0.2592522965521477,0.34641853029892833,0.2166019697009083,0.2160972471098029,0.21295639040302816,0.18789671980340988,0.21324043947432286,0.24259378379913843,0.17281558630955537,0.26762910177114274,0.15665534448576546,0.24201774828563247,0.3139088329641455,0.2885474985994885,0.27057826761960313,0.10421973031125603,0.2240145955019409,0.2504095120755737,0.27302931799675617,0.0955402163482389,0.13054584244523618,0.20628166720182098,0.22581551291360372,-0.026130067227035342,0.36497926948025966,0.009570204420054114,-0.049388898044750745,0.09570575964204416,-0.04825308972940051,-0.004163981775055555,-0.09086439000440162,0.15541167453579768,-0.11384597289408097,0.08354084839362172,-0.1100676843479303,0.1742098972715631
0.06855830704013062,0.059981223545127846,0.278366886842195,0.37122075573742247,0.3956111008774726,0.5271503666407726,0.19768276299638377,1.248807352268679,0.02972436753790004,0.10680935596906549,0.34796971229324336,0.23593152572097853,0.3087634443815249,0.31206270252821916,0.2851524710958967,0.31068906662189144,0.2958871847560762,0.3979580668944057,0.35692055679040746,0.28694333342896583,0.28325618400464203,0.18705576259502593,0.12144441991067871,0.16467527766572881,0.35883152897394005,0.593550859453637,0.24137317454548918,0.18043142518801752,0.18753038131605285,0.20958341099392425,0.3102037033251629,0.1993409876975,0.08810792090516703,0.30724800591571605,0.3055998595741483,0.10947996506087858,0.22246699572632625,0.3182568956988499,0.1868891150617748,0.0999867206981524,0.14058537661053405,0.25485589124282004,0.4635366083483028,0.06253570915320743,0.20933874975943212,0.2047399701299355,0.3020624129191791,0.03406537157318224,0.5502412712133754,0.23325959977142433,-0.08945575235973105,0.12340958179204455,-0.041953272091869415,-0.17842281684881764,-0.190374174411293,-0.011452920398611673,-0.23770696141429687,1.0058466738975875,-0.7035799546628407,0.08270350839052353
0.04402989488506589,0.1749806846418152,0.6400101052056936,0.07367350570205096,0.10349001384393897,0.33215937577418364,0.5457421352524238,0.02972436753790004,1.1499718588565955,0.2665452402834384,0.22137940936331782,0.2711912811964558,0.2315098194448891,0.3990783406957459,-0.015315862093420852,0.32693757601438794,0.3097904243053019,0.19474217562399054,0.6072971443929783,0.18828592995756607,0.3310219709777222,0.7102890527691417,0.1289208816926225,0.24856908704891809,0.1845713060697023,0.39434090722606524,0.22536664397727976,0.3205027360935336,0.112758073882467,0.20890552301583595,0.2519594409594229,0.2783726071853337,0.3466979427117825,0.12935379685901585,0.17608286767879158,0.3233055623396202,0.3437858297519402,0.3984158462288074,0.32922753621943207,0.11406810679093564,0.31618608904916423,0.29411790801812987,0.2575930448371292,0.13242075266589423,0.09043512708322643,0.29432894712408597,0.21219479131325625,-0.06463944717866664,0.09877536159889035,-0.06547671434719225,-0.047400514189721854,0.11145748292148287,-0.012945471986233775,0.033170158369810424,0.01082142710917418,0.21838988941126325,-0.13110458325105556,-0.3265757451529467,0.17686404557716756,0.2459437441536508
0.10085475760096313,0.2847095706202506,0.5151140622986108,0.1390885754020504,0.07134548908570595,0.2044989680153143,0.21635603856981844,0.10680935596906549,0.2665452402834384,0.7641927933125943,0.2330501316070129,0.2374400807523743,0.15736216735311598,0.1999672804317355,0.23841624737000153,0.1939409152394676,0.19000558391506966,0.22837266795732192,0.22858710615743238,0.09869580391905287,0.16999774740980564,0.23959760173251773,0.22242691031535186,0.1648167409824456,0.21202329724507268,0.14901895374322452,0.18113329478379975,0.1682180692905035,0.277249139855373,0.15604575512629712,0.10500273578693035,0.16831706932085871,0.07149140153354572,0.33464365122709144,0.1870635612285675,0.26562629578873026,0.26241855230414424,0.11030781092978106,0.24120315056456698,0.03475169606213038,0.25078137283613344,0.1704023235632531,0.02331004863964463,0.08913969162030992,-0.038809729274389325,0.15519560873666494,0.2184640429776153,-0.030925568603960327,0.2411454298617311,-0.18871177189647328,-0.0014908301564436456,0.026883051140395756,0.04123482672006723,0.09511821920054697,-0.06710903848167882,0.08020026396898321,0.012169684121163404,-0.596291266152853,0.536943988422852,0.20354954888489676
0.07172931203078164,0.18961930432303972,0.2901363428106939,0.23604422001185418,0.20017812017899012,0.3317923120712236,0.26467288417449536,0.34796971229324336,0.22137940936331782,0.2330501316070129,0.5025674232594807,0.3307148273076007,0.2575645654230803,0.29283710799084084,0.25550042298189,0.2885004003970411,0.3401841796603276,0.24837979253691447,0.22569515480100852,0.2802856097529516,0.2588937838988533,0.25476938464984766,0.1172951553015782,0.19055779853492139,0.2894858382108723,0.34089698900483517,0.23512593508074245,0.24627385249801173,0.21899478650455945,0.2205698646643657,0.2479248265564385,0.21614059589668708,0.13230113642391308,0.2583079019964168,0.30378363671343767,0.19754340706517573,0.2662690096991592,0.266982313863982,0.2286428487737622,0.10507287064589839,0.1833426579704999,0.25322864042533416,0.24268821424527887,0.08185008879698928,0.19584851255074412,0.17433530243737996,0.2462135989640469,-0.012915926713576345,0.15862694184828313,-0.008610624709611778,-0.036076509209968625,0.05847352061156708,0.0009061777847353925,0.01487106539236541,-0.19138793242422578,0.04330220268927089,-0.1300066835486682,0.2423434032180661,-0.10291128967256033,0.13649929904974006
0.08173482594490525,0.1702965773827162,0.27521585455903885,0.26509437844575884,0.22266568044935833,0.2584994149618678,0.3197888613487015,0.23593152572097853,0.2711912811964558,0.2374400807523743,0.3307148273076007,0.5460039246553865,0.23844756702775582,0.3725879149996174,0.20493521668533055,0.33233657800163174,0.31930285141450854,0.19001974626151696,0.27190163490997205,0.21768848563323837,0.23668611209440776,0.30030532894013895,0.14135836733184767,0.19198430918736828,0.2862843137820602,0.3411758675664517,0.25296795680520623,0.2205048507610004,0.25843332091480603,0.2208835809867866,0.16586134337066522,0.23957707057419286,0.10162818576251885,0.27287585445108703,0.2615271891555102,0.2657531339687129,0.22395988553222987,0.23757415786582223,0.227710535693826,0.09130417389004486,0.2106963692659736,0.23203172399637448,0.23249315576401336,0.07382884679636595,0.1210906918104429,0.14062251494886213,0.21743404405360564,-0.01556812493369488,0.5582067621205395,-0.055968610047769,-0.019105182373330608,0.07332475890582076,-0.04079500457433838,0.032996201006253424,-0.14624296877690254,0.08240417613644918,-0.18742518928734572,0.24189994176051022,-0.15822429599115345,0.1128768246595123
0.0619969672769371,0.09650076315123006,0.22672890004963567,0.21203816552949356,0.21677498925697222,0.2680023054589893,0.2429279089218296,0.3087634443815249,0.2315098194448891,0.15736216735311598,0.2575645654230803,0.23844756702775582,0.47506987536549566,0.26180752659151457,0.08360521655295688,0.27228332548159206,0.21100398205760615,0.18979699080952264,0.33567314675301035,0.16284172126593027,0.18922516772711134,0.25524154852818304,0.1211665949021939,0.194813644953636,0.23818712019881225,0.2904649096585645,0.21171972993161298,0.17263414730904608,0.20184379297179117,0.18644022312266292,0.1815260883246027,0.22662209336075687,0.14014632545824013,0.22983006478228807,0.21969034972517584,0.16992055104161657,0.1844047679763944,0.23177527067300666,0.16737531608681935,0.06730526720739627,0.17049686866727973,0.18164785102207803,0.22671534309967972,0.08066555251069553,0.029031319439503322,0.16709855640473795,0.19585493843019222,-0.007089566352183966,0.2761052585721122,0.065311034380729,-0.04625919867599671,0.04167506980033743,0.014690678549007503,-0.039843089444287876,-0.10535202978210834,0.006875703594149658,-0.09835551409773119,0.2266033076848973,-0.104101148677626,0.0817740894170782
0.061944871842384404,0.17231362909996492,0.26517740635030007,0.3133656068636903,0.2805787078231647,0.3045634347309317,0.3305679175654507,0.31206270252821916,0.3990783406957459,0.1999672804317355,0.29283710799084084,0.3725879149996174,0.26180752659151457,0.9938661251317713,0.3944705923170195,0.5017555464580068,0.33613070261562256,0.20684777881814154,0.25305891857359913,0.21166520862402058,0.2970945961495367,0.4200413164800196,0.20599158412006438,0.23633251950346243,0.5235956530140747,0.44749954202837283,0.19670111466468929,0.27011617341444,0.3133997478176854,0.3771759748633023,0.1569431869464251,0.19196774832665311,0.10923593582195762,0.2924523809174891,0.33424602895824085,0.2599145519909335,0.28098230987161144,0.27135126516548996,0.164097280381011,0.1130269557454761,0.26681142640584415,0.2938215331070347,0.42215968460776304,0.11444399497580883,0.10412110682130823,0.1131066291908407,0.29585960191489363,-0.017016067066497324,0.6281362388019623,-0.09318353714999955,-0.0006421257355283705,-0.023363375719671415,0.004563531464566546,0.10942012615142518,-0.2996994476584864,0.05762938848465772,-0.4486019251388491,0.6688943623495108,-0.07082555337634656,0.18649535933400568
0.08646050568312895,0.45649002196861904,0.24085247691235434,0.2644599984817933,0.18971372359210667,0.25889457832698887,0.12614432656815996,0.2851524710958967,-0.015315862093420852,0.23841624737000153,0.25550042298189,0.20493521668533055,0.08360521655295688,0.3944705923170195,1.0795345470319688,0.1944004137088778,0.23618504620348282,0.3605989005882097,0.0037439422470304214,0.2996761337360586,0.2214542895124942,0.08633100455025372,0.12999283057494845,0.11158735228351374,0.4275941206424219,0.32010992074697936,0.1439501451870251,0.2571897352192672,0.3019184652200337,0.260003624177102,0.2511263288195493,0.06930615187104246,0.07231694765995342,0.2996518595514069,0.23906376004023283,0.16973254457621487,0.24698423888882146,0.10972253881046291,0.06411016126559116,0.07081266622333666,0.15910232667535512,0.21674852026904362,0.267830236972847,0.03659766167147484,0.044827810086705354,0.1459288210498699,0.31129004194818294,7.581929128489523e-5,0.16800420665486157,0.05269962948523876,0.021857686751647162,0.08727389516782905,-0.16215041856725343,0.0035539717426862722,-0.23629146108444557,0.13092561543000808,-0.30462070891699794,0.4037277583699133,0.008505425640101278,0.16796717951411647
0.06340862063843528,0.12942939575482806,0.24393743147419403,0.293662770609047,0.26326964872111797,0.307536794440391,0.3124433928321474,0.31068906662189144,0.32693757601438794,0.1939409152394676,0.2885004003970411,0.33233657800163174,0.27228332548159206,0.5017555464580068,0.1944004137088778,0.8091075766945768,0.31652243055998774,0.1937481422047053,0.33929499374616495,0.17802004534074403,0.24896423139263352,0.5392503820222694,0.128134459317767,0.24171246024449708,0.33686261381613314,0.47182075087484643,0.2612849971558151,0.2749339155500808,0.24593191022424274,0.31289371275786043,0.1980365644368557,0.3029535656923283,0.0980306020967014,0.30116936871880673,0.4193180322632951,0.21883775141230918,0.16484658701819482,0.29716598402690425,0.1466843111464412,0.11545162943330002,0.20010382473486982,0.2509205979423693,0.3900917753000268,0.12559641450346734,0.04984713731804059,0.1256418154877115,0.26087577647034194,-0.028241430495512827,0.6030692962376331,-0.06931909438479604,-0.057144882514388984,0.04325069271555556,0.02752915662422565,0.04873433052123764,-0.15673855327746403,0.041921934781015996,-0.30689566706684485,0.40393044094989605,-0.09746348717316228,0.14716828485588215
0.05124313912099607,0.23916670828867956,0.38103661272778006,0.19508653515919064,0.10455965078261904,0.27462991649703006,0.26267720396047306,0.2958871847560762,0.3097904243053019,0.19000558391506966,0.3401841796603276,0.31930285141450854,0.21100398205760615,0.33613070261562256,0.23618504620348282,0.31652243055998774,0.9392028365618583,0.22347482401742458,0.34275135578480115,0.29933700623667797,0.4101774408298969,0.31211419048663164,-0.009531831551286615,0.2739405640948137,0.29412017731284856,0.42135170223079443,0.24943834653740232,0.63193614153079,0.15959657426815596,0.2765667671316953,0.3998158456411691,0.2112008419601689,0.3764290776255123,0.17137496200823885,0.52525509657927,0.34165631401311913,0.5460243904977783,0.414509287683396,0.2436039926148586,0.10086787861029628,0.36850726325595773,0.45481183130183983,0.21220872902974536,0.10209450991906283,0.41960504798384046,0.20788785806215052,0.27391185469119256,-0.0021917284396764064,0.12846043656788128,0.3030051683635193,-0.019705251255330052,0.02506454111039648,-0.3061288511606482,-0.024126383970938095,-0.38101608744863946,0.01974764122326833,-0.28027291424779904,0.3205264717978886,-0.05204942579884755,0.08087956047930815
0.0966651272058265,0.29132798521382036,0.2948874456637781,0.2923443348996739,0.2128337353532565,0.3490993242439299,0.2432882955849481,0.3979580668944057,0.19474217562399054,0.22837266795732192,0.24837979253691447,0.19001974626151696,0.18979699080952264,0.20684777881814154,0.3605989005882097,0.1937481422047053,0.22347482401742458,0.9105165246555025,0.1895371123904594,0.08135764634277291,0.26302712888723395,0.212525629190338,0.30193128914209977,0.13055852330536452,0.40550306762916316,0.5051312792454203,0.12040064839009801,0.24206805922920474,0.20116255501686098,0.1134280411368493,0.5275519739230812,0.18409778982730313,0.15453453264466915,0.33500098180109716,0.1604016080786162,0.21633033284364045,0.29039548048157654,0.2661773316928322,0.03509815388792036,0.09424796637986932,0.16681578870585953,0.23334466507168566,0.4176789075595682,0.08848920083116957,0.1325626296722277,0.20758980943993421,0.5072225503521945,-0.008578249652093965,-0.12333563082472163,0.18196408005906148,0.08931462637151691,0.05078312438830269,-0.2735924083780082,-0.12460548383413243,-0.04141684750535849,0.10673624674509867,-0.16229356086401317,0.35830375362051176,-0.2636727783759626,0.057840085540593486
0.10387958701343435,-0.23189146411102846,0.5723399784865508,0.04483025047846504,0.009419545100800925,0.40214606292959504,0.38831201230620094,0.35692055679040746,0.6072971443929783,0.22858710615743238,0.22569515480100852,0.27190163490997205,0.33567314675301035,0.25305891857359913,0.0037439422470304214,0.33929499374616495,0.34275135578480115,0.1895371123904594,2.344813956579636,0.35072883579021463,0.3709669926769208,0.48867258735808083,-0.25277393112223157,0.2866507054125766,0.2980252600894899,0.44624973235519966,0.2764207078159926,0.5177689161374442,0.00960192345574902,0.2724423050142616,0.5398625905160616,0.30650765088204607,0.5296624558284428,0.1389124141656025,0.29003689069779987,0.2406916804611551,0.40001200879312715,0.6118581805736033,0.3718773564901844,0.10027604083254124,0.41665461354502203,0.2935549578744025,0.4776030973467281,0.07109416332982488,0.028007820977552927,0.44644146033931553,0.23953544527250248,0.01410090037983706,0.1448683300374487,0.5088957151131622,-0.16055544678921133,0.26591784027765003,-0.31376222760446876,-0.18410686805544255,0.03241023074831738,0.16821132843383857,-0.11806907291170757,0.48369541965861695,-0.49445243586668824,0.11176675573648812
0.05146178586193373,0.20137962082076313,0.2534920553175732,0.20494604806927824,0.17726886085852495,0.30140666906074165,0.21425053429930863,0.28694333342896583,0.18828592995756607,0.09869580391905287,0.2802856097529516,0.21768848563323837,0.16284172126593027,0.21166520862402058,0.2996761337360586,0.17802004534074403,0.29933700623667797,0.08135764634277291,0.35072883579021463,1.5084310856845327,0.17097377307396877,0.1744809593716998,0.06866357958369661,0.2328212786638664,0.2911911583063109,0.18045536731584502,0.3097671524177017,0.2544367511056725,0.4331073954020034,0.2872724762362935,0.20344168480775587,0.1620720131774911,0.2620198259424007,0.2932518112312896,0.04753857587993787,0.12140776392379049,0.8277956307022544,0.42798915287749667,0.4857456644755144,0.253661993357007,0.23954188821709438,0.1869033999677124,0.4308353636348995,0.004576772403962296,0.6509546733070043,0.2727676956273647,0.1963064284356091,0.03862925587359625,0.7230111203797264,0.09847816766447004,-0.10865684398751045,0.3070066457052772,-0.11761072961730382,-0.061922067037215485,-0.10395398421404768,0.022321379606739186,-0.08328826627597344,0.32225961166372064,-0.2193600815688691,0.06089248845205068
0.036684739513079066,0.22933487546112916,0.3556764297580518,0.2081789444582261,0.12870201266331696,0.30651186343579806,0.275871027360709,0.28325618400464203,0.3310219709777222,0.16999774740980564,0.2588937838988533,0.23668611209440776,0.18922516772711134,0.2970945961495367,0.2214542895124942,0.24896423139263352,0.4101774408298969,0.26302712888723395,0.3709669926769208,0.17097377307396877,0.7505990554117918,0.2989305813639771,0.19843794714745225,0.2650757725547252,0.24660128545897575,0.25986270162778297,0.1820224266763277,0.3124610437109826,0.1903630321154131,0.4344599458448758,0.3191152354462738,0.17731019449620763,0.3075057825344661,0.23809975967797004,0.2754216056078589,0.4019195621713663,0.5842980464002763,0.426497641110778,0.3489092522215757,0.23225280797973105,0.43312195887626104,0.6202954282652118,0.3783500144942025,0.1385281411022481,0.41794298714773526,0.22083719407076988,0.3660614064203983,0.0036587445668154117,0.11647258175198148,0.048128744402174635,-0.04982375994168949,-0.05630796329613871,0.0437204044797711,-0.002942694320242864,-0.13293437864031485,0.02335696262921921,-0.2549808250300171,0.11727254085116474,0.2724709996407199,0.2107974234427768
0.057260988105444166,0.14255537880025693,0.4526415850550335,0.1877581601762779,0.18046840385017826,0.33890440098453234,0.42784586970642535,0.18705576259502593,0.7102890527691417,0.23959760173251773,0.25476938464984766,0.30030532894013895,0.25524154852818304,0.4200413164800196,0.08633100455025372,0.5392503820222694,0.31211419048663164,0.212525629190338,0.48867258735808083,0.1744809593716998,0.2989305813639771,0.8417859127026056,0.16031186588547786,0.268276048911157,0.24246325159044665,0.4220283097060194,0.2557029556367251,0.2819929405973606,0.21913212142646196,0.2897381214028722,0.22552794188181627,0.3256498063557854,0.24096224295257113,0.23795887655006945,0.27246643894536565,0.3132643844053256,0.27170136159327885,0.38220516032499197,0.2571762134532512,0.12029807818458312,0.2875904337767034,0.2835272060996508,0.36051511607478537,0.1443463483064584,0.03486138334076892,0.23578937211575743,0.25908221495276756,-0.06556153019204386,0.5435149261507247,-0.023948584485219002,-0.0656874088654184,0.0321751652527964,0.02876961026621162,0.03270965307389993,-0.05594866679753865,0.128346183105757,-0.20809857937101833,0.020024291221859447,0.022386449959779692,0.1853150821495295
-0.014639145296136176,-0.10909104583168706,0.17165722359604102,0.23436573858371582,0.19742931217614992,0.1163212131148163,0.15553677810395633,0.12144441991067871,0.1289208816926225,0.22242691031535186,0.1172951553015782,0.14135836733184767,0.1211665949021939,0.20599158412006438,0.12999283057494845,0.128134459317767,-0.009531831551286615,0.30193128914209977,-0.25277393112223157,0.06866357958369661,0.19843794714745225,0.16031186588547786,1.826807485878284,0.319968260459584,0.11495861373679553,-0.42378242002169597,0.044719949988406,-0.3158523919857108,0.8903146547434794,0.5626514502313884,-0.7402943725561406,-0.00703649380013057,-0.019843183588361367,0.49067125696333624,-0.37809543042969485,0.48799311515782073,0.6851925352164302,-0.19175342940920842,0.7231129607385114,0.16951091498426263,0.2627613050915906,0.2025945574271362,0.16235090119462672,0.2297558610436201,0.2921181162593252,0.17620286557486975,0.4422006074451673,-0.03320339116155857,0.3376498793587534,-0.2096359168224391,-0.05405302202184348,-0.16866464548862894,0.2808136202572228,-0.007848535229543858,-0.11669581081489928,-0.07206470053224244,-0.12716956195581372,-0.14956979675709514,0.4293623442317537,0.06618369385594666
0.046829269359987234,0.06373025504585181,0.2562937471911354,0.1685661576041974,0.13390343380587771,0.19242403670946015,0.19378856701704122,0.16467527766572881,0.24856908704891809,0.1648167409824456,0.19055779853492139,0.19198430918736828,0.194813644953636,0.23633251950346243,0.11158735228351374,0.24171246024449708,0.2739405640948137,0.13055852330536452,0.2866507054125766,0.2328212786638664,0.2650757725547252,0.268276048911157,0.319968260459584,0.737945054091314,0.09654308483500723,0.180627244171403,0.2097782499837416,0.3235689664994159,0.20536934239011634,0.531240410031468,0.2805431271688725,0.31353668019128955,0.6911951063255175,0.19699929955119105,0.1740014376865509,0.4175395652788448,0.4819602141189447,0.35597008484840187,0.21342419240718982,0.04822997052510586,0.4566026228349208,0.27197761640608714,0.1834270470599223,0.1333704550217617,-0.20436663465660987,0.24387053863273367,0.3423137299539003,-0.0005827946449269581,0.22870374551648082,0.044932887851315495,-0.09062933303877758,-0.07620100511154561,0.15148370663937416,-0.0785358050209401,-0.18809006005987802,-0.1560692562983299,-0.010667452053492184,0.050523004308904634,0.3233045883790102,0.022212540410441843
0.05236172030971329,0.34059925703062793,0.282556751437357,0.2952110084029633,0.23262214908560713,0.37054754227837217,0.2592522965521477,0.35883152897394005,0.1845713060697023,0.21202329724507268,0.2894858382108723,0.2862843137820602,0.23818712019881225,0.5235956530140747,0.4275941206424219,0.33686261381613314,0.29412017731284856,0.40550306762916316,0.2980252600894899,0.2911911583063109,0.24660128545897575,0.24246325159044665,0.11495861373679553,0.09654308483500723,2.230722244338294,0.43360604925338847,0.23822271869718475,0.18772514777553817,1.0533673434510398,0.18339776196204233,0.6301030988272451,0.20373007348915873,-0.1326784488490485,0.6600466977641328,0.4157216980015327,0.2725035115925076,0.2259650316847166,0.2504549273107187,0.1342469694458116,0.08496882638074878,-0.039611239258437625,0.23577837534996587,0.35331589751558773,0.041627300814133544,0.2671905787332829,0.32503772315750756,0.3178169819966418,-0.09091557424656399,-0.18567019959715533,-0.043512835184013075,0.012575873220211413,0.1101881834054926,-0.033788568621734134,0.025483147786389285,-0.2967982977066874,0.028930476812820023,-0.25981205162597165,0.4158589886136713,-0.012536906375034917,0.15895851127586139
0.07582251590974912,-0.019282501304336074,0.3066935675894973,0.3792094964990918,0.345545261093627,0.4877216524498669,0.34641853029892833,0.593550859453637,0.39434090722606524,0.14901895374322452,0.34089698900483517,0.3411758675664517,0.2904649096585645,0.44749954202837283,0.32010992074697936,0.47182075087484643,0.42135170223079443,0.5051312792454203,0.44624973235519966,0.18045536731584502,0.25986270162778297,0.4220283097060194,-0.42378242002169597,0.180627244171403,0.43360604925338847,2.868934447423863,0.29839070781319077,0.5671971701137253,-0.3718392424673166,-0.19841835463428234,1.0025305177306234,0.5889119287345085,0.1295183320649727,0.30668397077615966,0.9359221530010481,0.06833181959051078,-0.782826865176019,0.6192926069948481,-1.1394891840040464,0.06939535899170332,0.2912949123051004,0.2729545590589266,0.7176991021266477,0.0735649966572262,-0.719983038082883,0.07294966960192166,0.16358859963219083,0.050634520812002926,0.8592566371021664,0.34841869448601065,-0.017275865896303724,-0.20273703282078706,-0.28699304424028066,-0.07532637844054794,0.162210981200089,0.04131962464437856,-0.5028504913857116,0.8684988842929071,-0.630210429521955,0.008982109272757548
0.05844229750372278,0.23071524412159333,0.2184813060741705,0.10683775230380088,0.11596540740696862,0.22440072665419755,0.2166019697009083,0.24137317454548918,0.22536664397727976,0.18113329478379975,0.23512593508074245,0.25296795680520623,0.21171972993161298,0.19670111466468929,0.1439501451870251,0.2612849971558151,0.24943834653740232,0.12040064839009801,0.2764207078159926,0.3097671524177017,0.1820224266763277,0.2557029556367251,0.044719949988406,0.2097782499837416,0.23822271869718475,0.29839070781319077,0.8844418432059697,0.2745202813338051,0.14293276627577625,0.18471223176210477,0.24463151898499355,0.2762979447015607,0.19785908192203372,0.20767615919377336,0.3193894696151276,0.21857194166246688,0.239867394003467,0.3098885545175287,0.17804352416114966,0.1142313306931346,0.22539275499552686,0.19095460405145223,0.22222397208633127,0.04032642089230852,0.026687159269540135,0.21296640975152026,0.16546572857940445,-0.00925363275815323,0.5625613472232669,-0.07174103915993196,-0.054971718831120904,0.11586218142419494,0.03887691051053696,0.02485348726616913,-0.12240391753581815,0.05420166009710302,0.06806269321225236,0.07143295663644147,-0.10917949355647184,0.13141752159475678
0.055723148989965936,0.28063260615212166,0.35905671914130927,0.0563849282626268,-0.031412373768099466,0.1883173902667974,0.2160972471098029,0.18043142518801752,0.3205027360935336,0.1682180692905035,0.24627385249801173,0.2205048507610004,0.17263414730904608,0.27011617341444,0.2571897352192672,0.2749339155500808,0.63193614153079,0.24206805922920474,0.5177689161374442,0.2544367511056725,0.3124610437109826,0.2819929405973606,-0.3158523919857108,0.3235689664994159,0.18772514777553817,0.5671971701137253,0.2745202813338051,1.4249318668910718,-0.19608780193052844,0.23399707928275224,0.7144903477444619,0.21676052573149718,0.7772094329360728,-0.08438973218712237,0.9941472632045822,0.16075543284281538,0.4167208139176486,0.4416607939474378,0.036223377431730486,0.10459332380937969,0.343622798851363,0.3033107385873611,0.28196734091154657,0.14179786501661962,-0.10777154912045216,0.0929104302243112,0.2570079464281373,0.03587137212939614,0.10530897861178977,0.343717136694307,-0.045462260411300026,0.512019861729553,-0.8654496548152458,0.029773444150145524,-0.04481814316913881,0.10955760738419056,-0.13503961938697084,0.08954858392192724,0.22711820107635233,0.20784168078524967
-0.04048735897148352,0.392065798417523,0.304656873225233,0.29290421776945735,0.29232411485988863,0.2945572333143351,0.21295639040302816,0.18753038131605285,0.112758073882467,0.277249139855373,0.21899478650455945,0.25843332091480603,0.20184379297179117,0.3133997478176854,0.3019184652200337,0.24593191022424274,0.15959657426815596,0.20116255501686098,0.00960192345574902,0.4331073954020034,0.1903630321154131,0.21913212142646196,0.8903146547434794,0.20536934239011634,1.0533673434510398,-0.3718392424673166,0.14293276627577625,-0.19608780193052844,3.0638337051172297,0.2632222615808687,-0.7509818407738554,0.11149670583707783,-0.54952617835188,1.0994145699255737,-0.11502539230760547,0.5635038334708288,0.6501997757497909,-0.492922420174711,0.6569253781280185,0.036659552169275536,-0.08576033281857569,0.16686398791685889,-0.1811535468003419,-0.07947343857357132,0.4162568820204106,0.19179907180546965,0.28820522630185624,-0.136573824048818,1.3356964537723592,0.22819635792006174,-0.2487763071833384,0.021600265934424486,-0.14889630855955763,0.12747972965424204,-0.4600909100108397,-0.16991545666275473,-0.1521424078299282,-0.24729398398362082,0.77050834379671,0.12046776633966368
0.12709820680061926,0.0034412043254413442,0.0815790971584206,0.17008604319672252,0.08378122227506932,0.13645712764288143,0.18789671980340988,0.20958341099392425,0.20890552301583595,0.15604575512629712,0.2205698646643657,0.2208835809867866,0.18644022312266292,0.3771759748633023,0.260003624177102,0.31289371275786043,0.2765667671316953,0.1134280411368493,0.2724423050142616,0.2872724762362935,0.4344599458448758,0.2897381214028722,0.5626514502313884,0.531240410031468,0.18339776196204233,-0.19841835463428234,0.18471223176210477,0.23399707928275224,0.2632222615808687,2.455873475474692,-0.0570449055420934,0.10154786206956887,0.4851555618870496,-0.05361718016705344,0.22270151409185576,0.5617096208609035,0.9275344837277596,0.6197625401828305,0.5831248642151488,0.27524784507551775,0.858112273895686,0.4670439490412892,1.1339298449351678,0.326914945994989,0.44547028288558926,0.1770470247732929,1.2382834328383263,0.015924403640572366,-0.05716229698244498,0.05279480489280629,-0.11411423904514678,-0.27479881738785905,0.2921016292416585,-0.0006179052674653283,0.14290394437494594,-0.04112270960357148,-0.3941664708461056,1.2621572247421198,-0.796067577301034,-0.03486878065503841
0.12091404322576751,0.23177360533766145,0.2784186232738973,0.1701701813779892,0.09729354340993893,0.3200792609933077,0.21324043947432286,0.3102037033251629,0.2519594409594229,0.10500273578693035,0.2479248265564385,0.16586134337066522,0.1815260883246027,0.1569431869464251,0.2511263288195493,0.1980365644368557,0.3998158456411691,0.5275519739230812,0.5398625905160616,0.20344168480775587,0.3191152354462738,0.22552794188181627,-0.7402943725561406,0.2805431271688725,0.6301030988272451,1.0025305177306234,0.24463151898499355,0.7144903477444619,-0.7509818407738554,-0.0570449055420934,2.315300693547962,0.40634791710378937,0.7925998413633176,0.012063507050265097,0.5576511855625687,0.24905435399522374,-0.11719386708214259,0.8670655259036197,-0.5276690937420772,0.01418128969310206,0.3042710882689799,0.2853417678372877,0.3723612432254969,0.08374010626908414,-0.3798425876582952,0.3138957162711261,0.2496003722223563,0.0013719263115213565,-0.8904851866316411,0.3232367999767371,0.05092874720744708,0.19546436864750896,-0.3020577532401547,-0.16820551630787578,0.0055333540854457875,0.0775657124778068,-0.01928101662577017,0.29002730927106907,-0.26416415348127864,0.017402566361573446
0.07353322792038683,0.09859105707393899,0.1582187487839819,0.09114748480981111,0.1971857225442047,0.24216322244901917,0.24259378379913843,0.1993409876975,0.2783726071853337,0.16831706932085871,0.21614059589668708,0.23957707057419286,0.22662209336075687,0.19196774832665311,0.06930615187104246,0.3029535656923283,0.2112008419601689,0.18409778982730313,0.30650765088204607,0.1620720131774911,0.17731019449620763,0.3256498063557854,-0.00703649380013057,0.31353668019128955,0.20373007348915873,0.5889119287345085,0.2762979447015607,0.21676052573149718,0.11149670583707783,0.10154786206956887,0.40634791710378937,0.7198671257581087,0.15142676756527765,0.3123779059062134,0.32174143955679474,0.21278349173509953,-0.15573399066943627,0.3618856540881776,-0.0030359137301718513,0.06958032866041897,0.16469232873674486,0.1667233148031043,0.14288205741493193,0.07857537564947567,-0.2365552494543326,0.17010179632020495,0.16478576163255587,-0.027193599563471116,0.4369294415187067,-0.05380636754507038,0.0020504720783364,-0.009096429434445538,0.02133976370812733,0.010431133181910768,-0.19802739794103189,0.016234125959126346,0.4079209387454192,-0.04440310762872798,-0.24151040349374348,0.07861054691463755
0.0959465073582181,0.062488464520056464,0.35909825129274703,0.12563663091475794,-0.0429828977812488,0.14206981874590627,0.17281558630955537,0.08810792090516703,0.3466979427117825,0.07149140153354572,0.13230113642391308,0.10162818576251885,0.14014632545824013,0.10923593582195762,0.07231694765995342,0.0980306020967014,0.3764290776255123,0.15453453264466915,0.5296624558284428,0.2620198259424007,0.3075057825344661,0.24096224295257113,-0.019843183588361367,0.6911951063255175,-0.1326784488490485,0.1295183320649727,0.19785908192203372,0.7772094329360728,-0.54952617835188,0.4851555618870496,0.7925998413633176,0.15142676756527765,2.2062324146441976,-0.5699007798884439,-0.28301570566552,0.34054199454521444,0.8774592678738531,0.636717765856361,0.14990265949670672,-0.03257220514698327,0.7990898685527926,0.29822736719402354,0.06163821895093173,0.15430863104271791,-0.6359864488147563,0.48472529572575634,0.32157433523714335,0.05351189708042295,-0.7451016022695383,0.3536298174600317,-0.0821422617458971,-0.014122378540937099,0.031461684860960466,-0.3352127606015804,0.10755580953816149,-0.0017366963569134138,-0.1949402569382822,-0.09525815849392302,0.3947288442179273,-0.1389245409789325
