2.238099432430345,0.36327561424863314,0.7646897335927745,0.18794948318003107,0.33692028227604676,0.3565056482648017,0.31702695508696366,0.06611475184739803,0.12246461279647558,0.286105833791159,0.17525986857773082,0.2155972254202307,0.09747939993907248,0.16677139410747763,0.2632570040503872,0.1589463843493866,0.18794890260156974,0.22639442479994332,0.15335674002341396,0.13793406738662264,0.24431029936590556,0.20051335839904266,0.08409140642867427,0.12612744766009718,0.256031298371905,0.13711172937475344,0.1539059856032183,0.0557959056409329,0.193230660406759,0.3039031974415731,0.24752181470346474,0.1561369764085851,0.2472518587473214,-0.26606230952484944,0.15994963162000383,0.2061470023376725,0.12225513373745436,0.2668178256398772,0.20000088962185453,0.18148381789907778,0.2846575850056081,0.17338839699608782,0.11057031595558132,0.06962607659859009,0.13741276898386537,0.3407838872357067,-0.08593208149999393,-0.07007167130262286,-0.14556844543291397
0.36327561424863314,3.5034816166079032,0.2537484358334164,0.09437784298347583,0.36993105608677823,0.210688213131159,0.3148240390528713,0.09824713989555862,0.4124063625841453,0.18070425278846833,0.2505578591537683,0.23972014811846268,0.11363889785706473,0.21077838062110774,0.7925114541400209,0.28922661036285857,0.28775631278614416,0.22838566430874196,-0.13195951426937047,0.30959531889262926,0.3861579790226258,-0.02222550911833115,-0.3069431917554827,0.01344280527615962,0.20331514668519382,0.38985922831113795,0.5919257056384777,0.4465850441883446,0.49321777149979773,-0.0019475655082732174,0.3760222348222973,0.22292120935833007,-0.1797852651371707,0.23818011848337364,0.3242992791278835,0.2506675816954029,0.5301818808429597,0.16449585948391363,0.0362638713982243,0.0662527034386224,0.21573602755170587,0.24743372666719873,0.1346733859614608,0.01569064057240435,0.4703852745431306,0.2787856843927972,0.22693482405571494,-0.3329174531837727,0.1865545931575789
0.7646897335927745,0.2537484358334164,2.533524592320445,0.1286371826335943,-0.3519209504759161,0.5539424065894523,0.3331993901110929,0.31100129008542493,0.28138201034896626,0.680679123414058,0.3615116600132534,0.408481449961118,0.18228154233962657,0.3473256745903923,0.4125900135549746,0.29923226830486993,0.41473876856074715,0.4629541288617183,0.36507340933299415,0.7074221852763836,0.3740038156269108,0.4427354035653144,0.4622208216407174,0.4407583513904647,0.5133484808654762,0.26625918410086713,0.27866779829539257,-0.045571390312544556,0.6210322194438471,0.62864140532702,0.40359354991982294,0.3354731201557183,0.43365636217652553,0.3876612555088428,0.5857542178541966,0.4825852808012773,0.5338818123094797,0.6715278480799194,0.46307917986658576,0.5379820889073744,0.38952274540657245,0.540067302276593,0.5506397043752743,0.07403030239237983,0.14903058234572003,0.739633881050697,0.33404721760151584,1.1036376036528024,0.3194147148099584
0.18794948318003107,0.09437784298347583,0.1286371826335943,0.9407110659701596,0.4465642562280971,0.3757611274267151,0.2336024899324534,0.12667067928663786,0.1351264614383224,0.12959638656101075,0.16777241826777045,0.19111694487861583,0.1061418188638634,0.1946124018652468,0.18627826799086808,0.19840394097062988,0.17238761516393356,0.2024127406507675,-0.0926507738000765,0.22827168242427354,0.15757026462434615,0.15803100873033818,0.19563016404366987,0.15135622319931635,0.16702495774588091,0.2140925672471137,0.13519298132585897,0.018095957985414853,0.20175840343455492,0.05546585717169928,0.170168571153808,0.19950758087463583,0.08548978948877868,0.24780638010845024,0.08904770661938005,0.21639445905012747,0.18447842138197393,0.18698908995927527,0.08676802620992272,0.13708916399857685,0.09913072232682632,0.19901897259430143,0.15464848615141588,0.07634721526955819,0.059137886567159265,0.22134932704284174,0.1271101052181876,0.2643593880131544,0.16313511859328944
0.33692028227604676,0.36993105608677823,-0.3519209504759161,0.4465642562280971,1.290849550582687,0.42540003222498163,0.2828244495014325,0.09895115662317237,0.21312340173786024,0.02871196121393612,0.16289537755290492,0.19706325750690493,0.11051294845821509,0.2122417483773484,0.270899184444294,0.23094946865568253,0.14819271295236466,0.14798514186287048,-0.12427104782543315,0.16621964292651506,0.13653140914122172,0.11233055678012605,0.09656672633978496,0.09051323803504831,0.1247123004541723,0.27903397875402797,0.11889614776164166,0.04685493406053494,0.15989768924581463,-0.17944394096612587,0.17563129842519687,0.22023619440967682,0.0129266733317422,0.2650279915700493,-0.030904209797301626,0.17592852239750184,0.21447224903764783,0.06931500024571334,-0.014599105184853814,0.05014810845720262,0.03210648058588964,0.15830113741567703,0.06623625313495457,0.03094132201911803,0.08342322129051015,0.12633978468299395,0.11990442098765673,0.2165727966432207,0.28256207711258946
0.3565056482648017,0.210688213131159,0.5539424065894523,0.3757611274267151,0.42540003222498163,1.1334106523298553,0.2514588639274539,0.17322132118326006,0.1975877128882287,0.1702196655675734,0.2890948226256024,0.25934113918549473,0.15099722554721798,0.3672377699190594,0.37282598911679365,0.33535587333061656,0.3566232315443455,0.21398907097819644,0.08844910450294781,0.4859637516236724,0.3209369530224893,0.3540817544382609,0.12047715609426739,0.250538170879477,0.2820348370879419,0.3227953866817271,0.18522157737267134,0.15196481802691258,0.32988544916419066,0.07882924541459677,0.30073156372358,0.3510848855650467,0.18845769497141424,0.3439732196736723,0.07394125294193228,0.3462532002556253,0.3644181912897008,0.36583029078412216,0.13073388365338118,0.2614741257603589,0.19509847254772095,0.34608934092011007,0.2678195352525511,0.04561024697608602,0.1620728344781396,0.3754196200236789,0.2051718413321114,0.5849112912343568,0.2696238083243934
0.31702695508696366,0.3148240390528713,0.3331993901110929,0.2336024899324534,0.2828244495014325,0.2514588639274539,0.660398462920214,0.08362783120067749,0.20789446575252035,0.1258768136955419,0.18916324191011752,0.2860678659781314,0.1269536645637866,0.2046049658795088,0.14403253660570325,0.2232050131919474,0.24510129377361575,0.24541105823581344,0.018414981136828046,0.316188276238553,0.18124051649182746,0.2677793681623321,0.2707549022768975,0.2009990395022884,0.2426908925449895,0.2503114250329463,0.22745625317728796,-0.0002646478694049668,0.28439847469106744,0.10914917228339108,0.20388077298971172,0.2243970332361322,0.17470071262035483,0.2651356032341278,0.11275996032399921,0.30782371866964076,0.22766343503666586,0.2173528798157113,0.15231998348774528,0.2091304537252433,0.10366903848001986,0.26180891111103466,0.21447999388503236,0.049047859891199856,0.03697731350471848,0.3032870165056671,0.061993189844928714,0.5619415502192195,0.40518288211871695
0.06611475184739803,0.09824713989555862,0.31100129008542493,0.12667067928663786,0.09895115662317237,0.17322132118326006,0.08362783120067749,1.1483847311628546,-0.01645479164330609,0.06745359271232103,0.23188209484181183,0.1064311593888839,0.12954564396570567,0.22645480023557601,0.11171963444987507,0.1915148885079748,0.2458219061579495,0.19587006278230068,0.10678045551049865,0.30507553480206595,0.0667957747857579,0.22082887240049948,0.14669440306116588,0.1409845356964411,0.2234891851131275,0.25638173423276167,0.20768660386634075,0.0518023933700952,0.22484854295963402,0.16801670678240507,0.15395843496589254,0.2055764643340902,0.007378710416133176,0.24351635147009595,0.2523713426280791,0.19457867257760056,0.16512757569496486,0.0768182303628652,0.34015472449764184,0.20821863536846452,0.05866735374531303,0.21086861376867785,0.19647684934103177,0.024333231570474765,0.08526131696448115,0.18981027389798802,0.19187840721801297,0.48216505819706285,0.21910738112574188
0.12246461279647558,0.4124063625841453,0.28138201034896626,0.1351264614383224,0.21312340173786024,0.1975877128882287,0.20789446575252035,-0.01645479164330609,0.7141806866278768,0.16795144824671632,0.13644658303259447,0.18663362005419262,0.1033502291823201,0.15557379395878884,0.19500181496871968,0.16177653351779106,0.15891390652197798,0.26519370095651856,-0.15551009275063035,0.3163427408344025,0.15612546763914756,0.11552834500655922,0.27174511988835504,0.1697045260910906,0.10280097206546401,0.3052421713320035,0.2284038038410036,-0.04790080006192023,0.22647127105032802,0.12510457271829106,0.2000978223446883,0.17434705382335322,0.1348688352891751,0.22092161336652155,0.1868891016160091,0.25689217258495994,0.2722846190551717,0.15515709626330354,0.11090325725243479,0.16326535502602804,0.11678336703369993,0.24857204263648727,0.1851170055879195,0.03600693017677683,0.06919463125726721,0.24233129645009385,0.12997504681956756,0.43126885194016196,0.6022640408460272
0.286105833791159,0.18070425278846833,0.680679123414058,0.12959638656101075,0.02871196121393612,0.1702196655675734,0.1258768136955419,0.06745359271232103,0.16795144824671632,0.9309981518386663,0.08434621462815284,0.21089512027395577,0.11385434993492022,0.18667615911229007,0.23051959497811977,0.1842068910754419,0.19024074826226897,0.3279484197111721,-0.05115739967445905,0.3782509332457458,0.16695400730321305,0.1494026596952886,0.2908370767300077,0.20146582305845226,0.26677429805213004,0.18395958860854064,0.27361932518603743,-0.05028399063479329,0.3539832000074159,0.25836140435205607,0.23375660483122132,0.19104229518242652,0.1429043208276756,0.33766569625980997,0.29672375365657905,0.28292339457292687,0.3571675874490608,0.2607050066228063,0.1492819993207093,0.22914291807104312,0.23286961503304834,0.30305917034887064,0.2467423432141807,0.044976804649378234,0.034578769149489416,0.39453627534309477,0.3380768294286843,0.48786319112642107,0.36117660367235427
0.17525986857773082,0.2505578591537683,0.3615116600132534,0.16777241826777045,0.16289537755290492,0.2890948226256024,0.18916324191011752,0.23188209484181183,0.13644658303259447,0.08434621462815284,0.42145193734069725,0.23828993866972853,0.14550453399113558,0.21509302830713276,0.2985074637871673,0.22548276734574751,0.25460726492204194,0.22589649891640737,0.01778049846024287,0.30032802164150907,0.17137240503489556,0.18094455710416985,0.2248302232479291,0.18577412376613822,0.20973374178384918,0.24963523946985863,0.22665061424073876,0.0177053450384302,0.2830887179685836,0.14548339234412913,0.20645185447964903,0.21420838208778978,0.1299208969802993,0.22471224401811546,0.21972767187610964,0.2844947897136975,0.1955742293678927,0.19651091067797097,0.18494027278272926,0.21257698376167067,0.11551202096417332,0.2556120364333038,0.21271956774757425,0.022306618456683646,0.062474428770920146,0.31131191881156256,0.09932891065482191,0.4896548026611826,0.15190929335309702
0.2155972254202307,0.23972014811846268,0.408481449961118,0.19111694487861583,0.19706325750690493,0.25934113918549473,0.2860678659781314,0.1064311593888839,0.18663362005419262,0.21089512027395577,0.23828993866972853,0.6254587865265084,0.09983302585264164,0.2721930802262661,0.2710251487155827,0.31143897217069644,0.23839627454515833,0.3261501158518861,0.050938033110214255,0.34309572143226813,0.14481817582247847,0.11922785153633393,0.30454238585832066,0.22115475493824438,0.30286939861912243,0.25621896792790627,0.2215960217355397,-0.01766586240228341,0.3252510607090639,0.1271104714654215,0.2523240173930364,0.2731021435736315,0.19264722167170634,0.2847535207514807,0.14870252337839399,0.36866278282017045,0.22453422546041182,0.28157369338641974,0.17879026042128104,0.24097044748651594,0.13945793024052042,0.288832117825509,0.24811891619894857,0.028016708009698205,0.025029179918436253,0.3722091931826151,0.1415849778072549,0.6273836532277632,0.3508977351365933
0.09747939993907248,0.11363889785706473,0.18228154233962657,0.1061418188638634,0.11051294845821509,0.15099722554721798,0.1269536645637866,0.12954564396570567,0.1033502291823201,0.11385434993492022,0.14550453399113558,0.09983302585264164,0.22748380231596846,0.12642378903229184,0.04580855573349561,0.11763230112947849,0.12509481878558276,0.13448178365193786,-0.011547453948370657,0.145001182573597,0.10401049506465519,0.20845968932857128,0.14436601479348268,0.10243659260510045,0.10281917102042165,0.12045897362292173,0.11441446934115279,-0.01192805763199026,0.18478894218891906,0.10075785778742898,0.09808072657346888,0.13473062041587605,0.03891487833015945,0.14986332322692394,0.15263873804624936,0.13981469912785646,0.0896478335888854,0.06550594284929694,0.11573866744630826,0.11274995525060476,0.05993090885429157,0.133052338440652,0.11014755211478539,0.02680180015846144,-0.012896026079329851,0.15669555740278673,0.07649269746432863,0.24849219936952616,0.2084922577531742
0.16677139410747763,0.21077838062110774,0.3473256745903923,0.1946124018652468,0.2122417483773484,0.3672377699190594,0.2046049658795088,0.22645480023557601,0.15557379395878884,0.18667615911229007,0.21509302830713276,0.2721930802262661,0.12642378903229184,0.5385320002497705,0.3225932597105975,0.39574089898794557,0.22826398908786183,0.2514918824422264,0.07074681769621315,0.3137138574401085,0.2022868773006935,0.23824797369017991,0.2604878096425215,0.25417972102561126,0.275123854696739,0.2562828731624923,0.15181218166001192,-0.002468038067423865,0.3531279249773586,0.2118646045144325,0.2595375928209106,0.4498095845682026,0.09914287559015889,0.3270147412904747,0.20120361589842606,0.32223478192677285,0.2828688361378846,0.2505325711769032,0.15670911998891632,0.2143885469536275,0.20393966880497275,0.3011494975709704,0.2434096054231534,0.03377506344981787,0.053679654831146166,0.3168892455106758,0.2376475527805191,0.5061758053365668,0.5564707413518694
0.2632570040503872,0.7925114541400209,0.4125900135549746,0.18627826799086808,0.270899184444294,0.37282598911679365,0.14403253660570325,0.11171963444987507,0.19500181496871968,0.23051959497811977,0.2985074637871673,0.2710251487155827,0.04580855573349561,0.3225932597105975,1.0572849658952275,0.3429576141699114,0.2930032202262627,0.32365471835616155,0.04014198123390725,0.3977255572764033,0.2706690629506309,-0.026244684439647923,0.3755938824529805,0.28623246908745925,0.3688705355276325,0.2850762624730228,0.3565277512757705,-0.028296139542907914,0.4095070095601444,0.3362376171655563,0.30517285463751004,0.2820531434021321,0.2479242779069688,0.31270783369916993,0.2798463565678573,0.42875816013743034,0.4772314041076066,0.33405535893945754,0.15754893053149877,0.27597396564044985,0.2760679318512336,0.39625066223724337,0.3238492282294888,0.032822269214011275,0.17021439544576455,0.5141951383025151,0.18468244607720488,0.6743023586486036,0.2149249054355707
0.1589463843493866,0.28922661036285857,0.29923226830486993,0.19840394097062988,0.23094946865568253,0.33535587333061656,0.2232050131919474,0.1915148885079748,0.16177653351779106,0.1842068910754419,0.22548276734574751,0.31143897217069644,0.11763230112947849,0.39574089898794557,0.3429576141699114,0.6348063299059534,0.2883965607835944,0.27121829259122804,0.03940723050870375,0.3675121986181648,0.20075352089606804,0.18656224591808596,0.2538858217569476,0.24510759982941777,0.2870346053989923,0.2510472368562312,0.1927478143120961,0.016965070959293605,0.37353598623786305,0.1988663717714161,0.26940240133920584,0.3600518303045586,0.12283825739429217,0.33816512105504015,0.2500734635097733,0.3434014097908203,0.32398837562398136,0.2950332000424195,0.1649703179204365,0.2437533521838723,0.20535347714210425,0.3447476820022517,0.2810434790439425,0.02758089818335518,0.10478359592153672,0.359479232715373,0.24217888330551324,0.5453352963795182,0.40583082264680104
0.18794890260156974,0.28775631278614416,0.41473876856074715,0.17238761516393356,0.14819271295236466,0.3566232315443455,0.24510129377361575,0.2458219061579495,0.15891390652197798,0.19024074826226897,0.25460726492204194,0.23839627454515833,0.12509481878558276,0.22826398908786183,0.2930032202262627,0.2883965607835944,0.6221075134269672,0.1624238681117303,0.054241569435659776,0.4032413822372205,0.17741551745767198,0.4312895080584381,0.1669259679292626,0.22111902322797106,0.3243815392763832,0.3074810134130806,0.3764157456240151,0.21883087030962659,0.29103672945844933,0.13043542983172826,0.2564205985339822,0.23886049322275507,0.1778640581957125,0.29243176783260655,0.22597320060115395,0.4001211057453892,0.31421726361921276,0.2923503126176999,0.14693348807612072,0.25687222376650937,0.15171634183428415,0.3553217835881544,0.28976564112989384,0.051038494406187636,0.13516960179006854,0.3594712546682968,0.1579989484748161,0.5948234939770024,0.3081478061552979
0.22639442479994332,0.22838566430874196,0.4629541288617183,0.2024127406507675,0.14798514186287048,0.21398907097819644,0.24541105823581344,0.19587006278230068,0.26519370095651856,0.3279484197111721,0.22589649891640737,0.3261501158518861,0.13448178365193786,0.2514918824422264,0.32365471835616155,0.27121829259122804,0.1624238681117303,1.032576831795425,-0.08145190619382871,0.30647581636896354,0.23693055311416714,0.11252260123130303,0.8319009637110417,0.28741410488140995,0.41615629242725843,0.2162445636941841,0.1825091333184189,-0.3700012541132133,0.45727326565010945,0.3780179790920065,0.40925309697951756,0.23743094490152866,0.3029756221073454,0.3605488579070561,0.2588778442487637,0.5739378124242183,0.4584775269596352,0.30488735594552174,0.2640540575628868,0.32937918920053555,0.2668336703128488,0.40607339296720696,0.3935750647553866,0.04128962065199308,0.038325361780300854,0.6111179869003495,0.18518705614308334,0.8427600846684546,0.3063584375512431
0.15335674002341396,-0.13195951426937047,0.36507340933299415,-0.0926507738000765,-0.12427104782543315,0.08844910450294781,0.018414981136828046,0.10678045551049865,-0.15551009275063035,-0.05115739967445905,0.01778049846024287,0.050938033110214255,-0.011547453948370657,0.07074681769621315,0.04014198123390725,0.03940723050870375,0.054241569435659776,-0.08145190619382871,1.6109024037305837,-0.012016977001574228,0.10016183631682476,0.0951881624100045,-0.1405662193834989,0.13507073013053433,0.21493536932298096,-0.21494136447564147,-0.00916949472078708,0.13688544899838004,-0.12977981215001091,0.13106503856776036,0.1049879029937013,9.091840188844233e-6,0.43748064628914646,-0.11141915087538662,-0.03395309077998034,0.055628447722820086,0.31472197400605867,0.24067581055362797,0.21124041544438232,0.19162614377261622,0.06027824908031756,0.07140054104023158,0.170545682296707,-0.030320257568228988,0.11243577162646472,0.26576777744228375,-0.04383100348060786,1.3936104060309025,-0.8122774804694621
0.13793406738662264,0.30959531889262926,0.7074221852763836,0.22827168242427354,0.16621964292651506,0.4859637516236724,0.316188276238553,0.30507553480206595,0.3163427408344025,0.3782509332457458,0.30032802164150907,0.34309572143226813,0.145001182573597,0.3137138574401085,0.3977255572764033,0.3675121986181648,0.4032413822372205,0.30647581636896354,-0.012016977001574228,2.3521305884589063,0.13487795151651544,-0.2855770825591413,0.2716622967035697,0.4725989097905004,0.3885450945598739,0.44959321177397293,0.561332745217539,-0.034441273979695805,0.44025325106793345,0.35803327786141526,0.4924162282955888,0.2887950905274221,0.6426464358719242,0.6261490231259526,0.2959154191267684,0.5732938842057254,1.4500258619377184,0.40356202172256345,0.19171301764994184,0.6076418899503745,0.4830408870619018,0.8478337419352789,0.5616477118321083,-0.15446474369728647,0.3247782531666108,0.8549441044679754,0.5584832500782099,3.118435087686577,1.3424169349165183
0.24431029936590556,0.3861579790226258,0.3740038156269108,0.15757026462434615,0.13653140914122172,0.3209369530224893,0.18124051649182746,0.0667957747857579,0.15612546763914756,0.16695400730321305,0.17137240503489556,0.14481817582247847,0.10401049506465519,0.2022868773006935,0.2706690629506309,0.20075352089606804,0.17741551745767198,0.23693055311416714,0.10016183631682476,0.13487795151651544,0.8785126858817285,0.07213580801743663,0.13296146998985522,0.11074500799312174,0.14579955298116254,0.2378858449251358,0.133198172955131,0.10003359604496304,0.2682426969682127,0.29026346530109676,0.23748497818529418,0.20595084265778613,-0.08902545774680927,0.21635913377756624,0.37924083087849075,0.23606931136624235,0.24227627784773914,0.39037858686979765,0.18572946727964706,0.3013327863091396,0.2886031019404028,0.3177983878382816,0.280592979427176,0.1061772371933241,0.44616190733490946,0.26534996520624143,0.15012105985225316,0.01302600307880538,-0.04408227599881648
0.20051335839904266,-0.02222550911833115,0.4427354035653144,0.15803100873033818,0.11233055678012605,0.3540817544382609,0.2677793681623321,0.22082887240049948,0.11552834500655922,0.1494026596952886,0.18094455710416985,0.11922785153633393,0.20845968932857128,0.23824797369017991,-0.026244684439647923,0.18656224591808596,0.4312895080584381,0.11252260123130303,0.0951881624100045,-0.2855770825591413,0.07213580801743663,2.5904285508851763,0.330250252692807,0.08467174977959128,0.1754039697264302,0.1642813753741494,0.27889515500280576,-0.01027834225832018,0.015979442619407175,-0.014895069301924992,-0.009359210761200791,0.31254052670285626,-0.14596019644987102,0.20907999535236516,0.24337396411609513,0.1356842693987147,-0.011361748037346886,-0.1594586135865271,0.13703817102255908,0.14464933706838112,-0.11652940902499127,0.10007499705205264,0.17178160081233326,0.1087748904142666,-0.10363183259159396,-0.15545138498751992,0.09072464508274904,0.1259424456460375,1.062890778422965
0.08409140642867427,-0.3069431917554827,0.4622208216407174,0.19563016404366987,0.09656672633978496,0.12047715609426739,0.2707549022768975,0.14669440306116588,0.27174511988835504,0.2908370767300077,0.2248302232479291,0.30454238585832066,0.14436601479348268,0.2604878096425215,0.3755938824529805,0.2538858217569476,0.1669259679292626,0.8319009637110417,-0.1405662193834989,0.2716622967035697,0.13296146998985522,0.330250252692807,1.8821327114379867,0.6135994194547303,0.534648171046588,0.14789555933531412,0.33087628444326406,-1.1192394801377574,0.6319748162302933,0.7859847048540969,0.10421639801828714,0.24793126448000818,0.8120004875685137,0.44613632372079043,0.29798494728958547,0.7141004111128405,0.4050051582615192,0.272190653636464,0.39489485964333865,0.5393252767127998,0.2130575760117377,0.5675908366440506,0.5286525597437309,0.09423441612293999,-0.38932649072793407,0.8562693204553626,0.1610154371709323,1.9917682416250937,0.7731559011987826
0.12612744766009718,0.01344280527615962,0.4407583513904647,0.15135622319931635,0.09051323803504831,0.250538170879477,0.2009990395022884,0.1409845356964411,0.1697045260910906,0.20146582305845226,0.18577412376613822,0.22115475493824438,0.10243659260510045,0.25417972102561126,0.28623246908745925,0.24510759982941777,0.22111902322797106,0.28741410488140995,0.13507073013053433,0.4725989097905004,0.11074500799312174,0.08467174977959128,0.6135994194547303,0.6605487408559355,0.33866736000402176,0.20359658527767888,0.3295174499355832,-0.20336101484864122,0.289299269873496,0.672680431163988,0.29188997384140175,0.25444180691381935,0.9208174706992983,0.18428981425406565,0.22601290489839965,0.4998106761922632,0.41847626945370636,0.4605016868371538,0.22268819411867122,0.34825774504248885,0.28002595749913123,0.4627601058230242,0.34504843765207005,0.05298721121246361,-0.17291600710764288,0.6763801776003013,0.13607908167106122,1.0286256644525849,0.3197009817766937
0.256031298371905,0.20331514668519382,0.5133484808654762,0.16702495774588091,0.1247123004541723,0.2820348370879419,0.2426908925449895,0.2234891851131275,0.10280097206546401,0.26677429805213004,0.20973374178384918,0.30286939861912243,0.10281917102042165,0.275123854696739,0.3688705355276325,0.2870346053989923,0.3243815392763832,0.41615629242725843,0.21493536932298096,0.3885450945598739,0.14579955298116254,0.1754039697264302,0.534648171046588,0.33866736000402176,1.6286521740789912,0.1869194717612898,0.37447804465728934,-0.28240019415370876,0.6269362755288859,0.41265369252495043,0.31225660858125004,0.2552982872332794,0.2574734303971601,0.4879881360810161,0.4058910454891128,0.3439972453192015,0.30524062902787663,0.3146834074413966,0.27514152726953267,0.3081756371333858,0.24134507193190696,0.38496277448645766,0.3129802246281567,0.004323773432397292,-0.09545141220082586,0.702183683361014,0.2564555754462883,0.557456836052109,0.0915978877186294
0.13711172937475344,0.38985922831113795,0.26625918410086713,0.2140925672471137,0.27903397875402797,0.3227953866817271,0.2503114250329463,0.25638173423276167,0.3052421713320035,0.18395958860854064,0.24963523946985863,0.25621896792790627,0.12045897362292173,0.2562828731624923,0.2850762624730228,0.2510472368562312,0.3074810134130806,0.2162445636941841,-0.21494136447564147,0.44959321177397293,0.2378858449251358,0.1642813753741494,0.14789555933531412,0.20359658527767888,0.1869194717612898,1.1670356417108958,0.49644105149482365,0.20540379986476492,0.17962355444936703,-0.06980169793581627,0.27960094957439136,0.2909117658170694,0.09092803217998122,0.31859460717414595,0.3139942284951405,0.5051897450649802,0.17304861604192706,0.2044510956237262,-0.4076305705245975,0.23420912497878804,0.060556779226224884,0.4281448586087943,0.3500093889149924,-0.0015107128302807597,0.20067678678376347,0.32470869360083654,0.07448767842215935,0.8208682051085043,0.33680521284839876
0.1539059856032183,0.5919257056384777,0.27866779829539257,0.13519298132585897,0.11889614776164166,0.18522157737267134,0.22745625317728796,0.20768660386634075,0.2284038038410036,0.27361932518603743,0.22665061424073876,0.2215960217355397,0.11441446934115279,0.15181218166001192,0.3565277512757705,0.1927478143120961,0.3764157456240151,0.1825091333184189,-0.00916949472078708,0.561332745217539,0.133198172955131,0.27889515500280576,0.33087628444326406,0.3295174499355832,0.37447804465728934,0.49644105149482365,1.8007609964754645,0.23248077653562596,0.3789028380156511,0.2223211929626479,0.34226525304924027,0.187582181962,0.4686725932837457,0.2792532113518464,0.49840717453210376,0.7424513059038634,0.32292694958396445,0.3427330302446553,0.004026988660925543,0.3772174224448101,0.12189333701030511,0.4949804577672286,0.43092814983300565,0.04206720313716179,-0.006280450283666749,0.8337877390183442,0.01514321427572399,1.2720580065236746,-0.007992398484532972
0.0557959056409329,0.4465850441883446,-0.045571390312544556,0.018095957985414853,0.04685493406053494,0.15196481802691258,-0.0002646478694049668,0.0518023933700952,-0.04790080006192023,-0.05028399063479329,0.0177053450384302,-0.01766586240228341,-0.01192805763199026,-0.002468038067423865,-0.028296139542907914,0.016965070959293605,0.21883087030962659,-0.3700012541132133,0.13688544899838004,-0.034441273979695805,0.10003359604496304,-0.01027834225832018,-1.1192394801377574,-0.20336101484864122,-0.28240019415370876,0.20540379986476492,0.23248077653562596,2.849250334060675,-0.47687810969898903,-0.1581054459402457,0.3447547263166355,0.03348101540657704,-0.5118498429197449,-0.11428731432299234,-0.20229578850131485,1.1691539562124635,-0.209652437022819,0.45365866301089264,-0.16268356072937645,-0.04702365134670171,-0.032977703043563,-0.17804122824267898,0.3500047428677186,0.36308626175936926,0.6865520520842023,-0.1952006752037382,-0.4565703480463607,-0.7295711419420404,-0.695530842522876
0.193230660406759,0.49321777149979773,0.6210322194438471,0.20175840343455492,0.15989768924581463,0.32988544916419066,0.28439847469106744,0.22484854295963402,0.22647127105032802,0.3539832000074159,0.2830887179685836,0.3252510607090639,0.18478894218891906,0.3531279249773586,0.4095070095601444,0.37353598623786305,0.29103672945844933,0.45727326565010945,-0.12977981215001091,0.44025325106793345,0.2682426969682127,0.015979442619407175,0.6319748162302933,0.289299269873496,0.6269362755288859,0.17962355444936703,0.3789028380156511,-0.47687810969898903,2.442564413494109,0.15622074904905167,0.13804305806607517,0.35831920623919666,0.09104957365082443,0.730314673519029,0.07848500250229229,0.43845245126088367,-0.22296052968472338,0.062418997139920496,0.30764932830947544,0.2979045950975348,0.03401525680177611,0.28625495093724607,0.16626613629049786,-0.16379496156255968,-0.43696312566563317,0.6332836648597783,0.4844554583821865,0.39113221861988445,0.9780063787940307
0.3039031974415731,-0.0019475655082732174,0.62864140532702,0.05546585717169928,-0.17944394096612587,0.07882924541459677,0.10914917228339108,0.16801670678240507,0.12510457271829106,0.25836140435205607,0.14548339234412913,0.1271104714654215,0.10075785778742898,0.2118646045144325,0.3362376171655563,0.1988663717714161,0.13043542983172826,0.3780179790920065,0.13106503856776036,0.35803327786141526,0.29026346530109676,-0.014895069301924992,0.7859847048540969,0.672680431163988,0.41265369252495043,-0.06980169793581627,0.2223211929626479,-0.1581054459402457,0.15622074904905167,3.007734548212659,0.2803556239261458,0.19322515053190595,0.470881367091665,-0.12365922996633535,0.9296048069726266,0.6591771431165258,0.503479022752735,0.6125773574395424,0.909685769537143,0.6422462058238415,0.8704162424991883,0.5651320238876758,0.8739214012347947,0.2310192100571205,0.20825104223892735,0.7635809335941033,0.0767460165370131,0.07294654130537875,0.14519576061917697
0.24752181470346474,0.3760222348222973,0.40359354991982294,0.170168571153808,0.17563129842519687,0.30073156372358,0.20388077298971172,0.15395843496589254,0.2000978223446883,0.23375660483122132,0.20645185447964903,0.2523240173930364,0.09808072657346888,0.2595375928209106,0.30517285463751004,0.26940240133920584,0.2564205985339822,0.40925309697951756,0.1049879029937013,0.4924162282955888,0.23748497818529418,-0.009359210761200791,0.10421639801828714,0.29188997384140175,0.31225660858125004,0.27960094957439136,0.34226525304924027,0.3447547263166355,0.13804305806607517,0.2803556239261458,0.9272731551229636,0.26214268287106995,0.4234664762232558,0.20206578666874692,0.2152431487813327,0.7668674936938847,0.45646105020929434,0.5827453244301837,0.14592732711782797,0.2990489905414283,0.3354124286299677,0.40833669637155234,0.3437586212303462,0.04411628700273123,0.2161195055141079,0.6618622367969232,0.03251186046202031,0.6472435683258837,-0.24541878200504916
0.1561369764085851,0.22292120935833007,0.3354731201557183,0.19950758087463583,0.22023619440967682,0.3510848855650467,0.2243970332361322,0.2055764643340902,0.17434705382335322,0.19104229518242652,0.21420838208778978,0.2731021435736315,0.13473062041587605,0.4498095845682026,0.2820531434021321,0.3600518303045586,0.23886049322275507,0.23743094490152866,9.091840188844233e-6,0.2887950905274221,0.20595084265778613,0.31254052670285626,0.24793126448000818,0.25444180691381935,0.2552982872332794,0.2909117658170694,0.187582181962,0.03348101540657704,0.35831920623919666,0.19322515053190595,0.26214268287106995,0.5392779854009133,0.03348815569094515,0.34471404189015425,0.19491577178024627,0.348865270913415,0.20974499839875743,0.23696661131255556,0.1415889007043779,0.20617102384474695,0.18311226111201354,0.2895389785310859,0.23609418447716088,0.04026069272095059,0.04301123920006408,0.3016527472210985,0.20039791608810048,0.41473863461732285,0.5450135962892426
0.2472518587473214,-0.1797852651371707,0.43365636217652553,0.08548978948877868,0.0129266733317422,0.18845769497141424,0.17470071262035483,0.007378710416133176,0.1348688352891751,0.1429043208276756,0.1299208969802993,0.19264722167170634,0.03891487833015945,0.09914287559015889,0.2479242779069688,0.12283825739429217,0.1778640581957125,0.3029756221073454,0.43748064628914646,0.6426464358719242,-0.08902545774680927,-0.14596019644987102,0.8120004875685137,0.9208174706992983,0.2574734303971601,0.09092803217998122,0.4686725932837457,-0.5118498429197449,0.09104957365082443,0.470881367091665,0.4234664762232558,0.03348815569094515,2.9748404931462384,-0.41096512112145756,-0.6463150897867126,0.44270377888756646,0.6114374230996439,0.954404743209275,0.05518009071573761,0.3395921437630088,0.3492366412902491,0.5751978727230114,0.11225116533290692,0.0384200317612579,-0.8279270576617878,1.214925235398475,-0.06978081397783,1.72068826679423,0.21639289590989888
-0.26606230952484944,0.23818011848337364,0.3876612555088428,0.24780638010845024,0.2650279915700493,0.3439732196736723,0.2651356032341278,0.24351635147009595,0.22092161336652155,0.33766569625980997,0.22471224401811546,0.2847535207514807,0.14986332322692394,0.3270147412904747,0.31270783369916993,0.33816512105504015,0.29243176783260655,0.3605488579070561,-0.11141915087538662,0.6261490231259526,0.21635913377756624,0.20907999535236516,0.44613632372079043,0.18428981425406565,0.4879881360810161,0.31859460717414595,0.2792532113518464,-0.11428731432299234,0.730314673519029,-0.12365922996633535,0.20206578666874692,0.34471404189015425,-0.41096512112145756,1.5355766819220622,0.4579854551247655,0.3237027246124758,0.5935531423102353,0.21919415269533707,0.12583246656212965,0.2752561608736088,0.01837078499515161,0.43769767492081,0.4550341912227554,0.004129022860183431,0.01389088088810394,0.3276679112987516,0.8027405322254655,1.312934396197052,0.947962799033552
0.15994963162000383,0.3242992791278835,0.5857542178541966,0.08904770661938005,-0.030904209797301626,0.07394125294193228,0.11275996032399921,0.2523713426280791,0.1868891016160091,0.29672375365657905,0.21972767187610964,0.14870252337839399,0.15263873804624936,0.20120361589842606,0.2798463565678573,0.2500734635097733,0.22597320060115395,0.2588778442487637,-0.03395309077998034,0.2959154191267684,0.37924083087849075,0.24337396411609513,0.29798494728958547,0.22601290489839965,0.4058910454891128,0.3139942284951405,0.49840717453210376,-0.20229578850131485,0.07848500250229229,0.9296048069726266,0.2152431487813327,0.19491577178024627,-0.6463150897867126,0.4579854551247655,2.9676000698238103,0.0010847912774313822,0.47165563869862087,-0.13713587933769292,0.3960703720204264,0.5027183622197449,0.17275942387210244,0.5565841640790966,0.554708383752017,-0.04328555300476971,0.7104175376844416,0.3137062091495113,0.4088018749539042,0.6425743547043891,-0.8787352182454783
0.2061470023376725,0.2506675816954029,0.4825852808012773,0.21639445905012747,0.17592852239750184,0.3462532002556253,0.30782371866964076,0.19457867257760056,0.25689217258495994,0.28292339457292687,0.2844947897136975,0.36866278282017045,0.13981469912785646,0.32223478192677285,0.42875816013743034,0.3434014097908203,0.4001211057453892,0.5739378124242183,0.055628447722820086,0.5732938842057254,0.23606931136624235,0.1356842693987147,0.7141004111128405,0.4998106761922632,0.3439972453192015,0.5051897450649802,0.7424513059038634,1.1691539562124635,0.43845245126088367,0.6591771431165258,0.7668674936938847,0.348865270913415,0.44270377888756646,0.3237027246124758,0.0010847912774313822,3.372980958338448,0.07974634361627554,0.5971073145981022,0.07956732538634886,0.7196719521003861,0.2252778999827552,0.6853684819571596,0.8293550472978428,-0.09247065873306894,0.15651155256056648,1.167490400690916,-0.6851613727975957,2.3946160688053664,-0.0824575977452151
0.12225513373745436,0.5301818808429597,0.5338818123094797,0.18447842138197393,0.21447224903764783,0.3644181912897008,0.22766343503666586,0.16512757569496486,0.2722846190551717,0.3571675874490608,0.1955742293678927,0.22453422546041182,0.0896478335888854,0.2828688361378846,0.4772314041076066,0.32398837562398136,0.31421726361921276,0.4584775269596352,0.31472197400605867,1.4500258619377184,0.24227627784773914,-0.011361748037346886,0.4050051582615192,0.41847626945370636,0.30524062902787663,0.17304861604192706,0.32292694958396445,-0.209652437022819,-0.22296052968472338,0.503479022752735,0.45646105020929434,0.20974499839875743,0.6114374230996439,0.5935531423102353,0.47165563869862087,0.07974634361627554,3.40581488332996,0.2603013145382831,0.1399999649793045,0.24303823846974826,0.7944885077670522,0.8675983647277998,0.5579605214421368,0.054589470159107076,1.3480676350020473,0.7438736985994603,1.2477763478103547,2.338817055706958,0.8590505590872033
0.2668178256398772,0.16449585948391363,0.6715278480799194,0.18698908995927527,0.06931500024571334,0.36583029078412216,0.2173528798157113,0.0768182303628652,0.15515709626330354,0.2607050066228063,0.19651091067797097,0.28157369338641974,0.06550594284929694,0.2505325711769032,0.33405535893945754,0.2950332000424195,0.2923503126176999,0.30488735594552174,0.24067581055362797,0.40356202172256345,0.39037858686979765,-0.1594586135865271,0.272190653636464,0.4605016868371538,0.3146834074413966,0.2044510956237262,0.3427330302446553,0.45365866301089264,0.062418997139920496,0.6125773574395424,0.5827453244301837,0.23696661131255556,0.954404743209275,0.21919415269533707,-0.13713587933769292,0.5971073145981022,0.2603013145382831,2.783415370257963,0.35886471356732874,0.642987690022397,0.6512469349667593,0.4458208054757068,1.0494387504862701,0.5227109254481782,0.16410115283393187,1.2845711077064499,-0.012071594733060222,-0.2294565260390508,-0.6626601737384065
0.20000088962185453,0.0362638713982243,0.46307917986658576,0.08676802620992272,-0.014599105184853814,0.13073388365338118,0.15231998348774528,0.34015472449764184,0.11090325725243479,0.1492819993207093,0.18494027278272926,0.17879026042128104,0.11573866744630826,0.15670911998891632,0.15754893053149877,0.1649703179204365,0.14693348807612072,0.2640540575628868,0.21124041544438232,0.19171301764994184,0.18572946727964706,0.13703817102255908,0.39489485964333865,0.22268819411867122,0.27514152726953267,-0.4076305705245975,0.004026988660925543,-0.16268356072937645,0.30764932830947544,0.909685769537143,0.14592732711782797,0.1415889007043779,0.05518009071573761,0.12583246656212965,0.3960703720204264,0.07956732538634886,0.1399999649793045,0.35886471356732874,1.2690056115257997,0.38959390278450207,0.2491444927190619,0.15933531701976342,0.2895568703826784,0.16322134293559215,0.14785944120344083,0.2686625196548414,0.12140299875479646,-0.1027337356371907,0.12547245088818698
0.18148381789907778,0.0662527034386224,0.5379820889073744,0.13708916399857685,0.05014810845720262,0.2614741257603589,0.2091304537252433,0.20821863536846452,0.16326535502602804,0.22914291807104312,0.21257698376167067,0.24097044748651594,0.11274995525060476,0.2143885469536275,0.27597396564044985,0.2437533521838723,0.25687222376650937,0.32937918920053555,0.19162614377261622,0.6076418899503745,0.3013327863091396,0.14464933706838112,0.5393252767127998,0.34825774504248885,0.3081756371333858,0.23420912497878804,0.3772174224448101,-0.04702365134670171,0.2979045950975348,0.6422462058238415,0.2990489905414283,0.20617102384474695,0.3395921437630088,0.2752561608736088,0.5027183622197449,0.7196719521003861,0.24303823846974826,0.642987690022397,0.38959390278450207,1.292209722208772,0.09141545138234997,0.5536008080980594,0.6782758436994898,-0.013631843207893237,0.38764834994392744,0.767225450512808,0.07119788812436958,2.057695965332883,0.2106679361544527
0.2846575850056081,0.21573602755170587,0.38952274540657245,0.09913072232682632,0.03210648058588964,0.19509847254772095,0.10366903848001986,0.05866735374531303,0.11678336703369993,0.23286961503304834,0.11551202096417332,0.13945793024052042,0.05993090885429157,0.20393966880497275,0.2760679318512336,0.20535347714210425,0.15171634183428415,0.2668336703128488,0.06027824908031756,0.4830408870619018,0.2886031019404028,-0.11652940902499127,0.2130575760117377,0.28002595749913123,0.24134507193190696,0.060556779226224884,0.12189333701030511,-0.032977703043563,0.03401525680177611,0.8704162424991883,0.3354124286299677,0.18311226111201354,0.3492366412902491,0.01837078499515161,0.17275942387210244,0.2252778999827552,0.7944885077670522,0.6512469349667593,0.2491444927190619,0.09141545138234997,2.6916029407136444,0.5213602045273509,-0.2555375169924802,0.2173324827113232,-0.9174883291373209,1.3535147445091464,0.5240560565540402,-0.5021666648439551,0.3292312247134227
