0.6191346156566486,0.11971418568936734,0.2870354759426379,0.06692703936457572,0.06586367461308333,0.07578787923904254,0.0625552412940524,0.07169088900928526,0.0808163297856419,0.0543848174561479,0.05829115747344322,0.07400056895224144,0.03514168570370694,0.038049094223137805,0.06313621492465228,0.04500764741510425,0.054284006102615426,0.08834746470043033,0.05783500743067574,0.03844981762803842,0.05391714971481724,0.05429984467656615,-0.005649391308809782,0.02272350389770245,0.09371616135872418,0.06910250928091294,0.0738117305141737,0.01940322287308606,0.05471984189123771,0.015281631427997763,0.11591114093901463,0.045547785226032866,0.02365596978593025,-0.08953253019666363,0.029003255050719618,0.12667609087123335,0.013943720133728427,0.04552115736673349,0.07262553774365102,0.01580256028712252,0.01875549217255063,0.047289776704571046,0.047653305839659314,-0.00126938088727547,0.13891610311772354,0.12025936081023048,0.011486344979607403,-0.09504595816346256,-0.10078727015740785,-0.004468883071635353,0.01930879106982116,0.052857205659839694,-0.05255549862579388,-0.019284500226919115,0.09457229752748088,-0.012658329188747843,0.1351058765136153,0.06398627524848495,-0.29590714585144673
0.11971418568936734,1.9467517376831764,0.7125379497726583,0.1457894303083803,-0.011751888017191273,0.3094672179830452,0.2085642858176611,0.24864195825328855,0.2597507278618982,0.21613087497313457,0.1860529885200436,0.22071956192623396,0.14606414810464483,0.16732625571254503,0.30732729742765647,0.17585048355511843,0.24010044545242207,0.26473120129567984,-0.010915389802265809,0.4124457647877182,0.20317603985345192,0.17717087394939682,0.02351687536246011,0.1107365937885351,0.3389807518199041,0.3223493163712531,0.3094894281909839,0.28791404648674224,0.27583356580394025,-0.08387020393550819,0.3005877054212577,0.16313892742200786,0.09075352022822157,0.422775224334813,0.042475409878096684,0.19705890011374944,0.30294798416116187,0.2732279896925573,0.22374155909916574,0.044602145537060156,0.15820422824608182,0.20169121547121896,0.268816831947571,0.008999740322865997,0.48449585948130713,0.1342372924518341,0.12991916480994736,-0.045192007522357004,-0.2540777739349974,-0.3949794060437124,0.2863393711981164,0.3708731328801308,-0.026252537292908208,-0.27548727459370737,-0.40964206425876876,-0.1578685943240832,-0.39077775770771367,0.4137011250678406,0.3044680389247228
0.2870354759426379,0.7125379497726583,1.8697495664630868,0.19549495337124834,-0.3265775548521073,0.33634226122448346,0.08371401658855473,0.3910812169303256,0.4295309343162553,0.397509615200898,0.23349584589261754,0.1928454137063096,0.15722276404525623,0.17044593253759452,0.3045157570904505,0.15781485303922768,0.2717219142074448,0.2217749815044569,0.2515686105180202,0.3138595986066335,0.18026360926003732,0.2753797477801627,0.11774223128348556,0.14284827658134075,0.3026354513380933,0.33529919702178523,0.21739887401999838,0.17522080751969887,0.3386792278435323,-0.22645134258248628,0.21365738943800097,0.1511489151596434,0.11416174679895104,0.4489041220649448,0.17072868076163253,0.2770012082390352,0.3523154712400926,0.24973342555942774,0.2783890169913407,-0.09591563596137814,0.17232952987536057,0.17882415252268602,0.170926788153828,0.01890603911501074,0.376896602025029,0.3810916596021862,0.21298630331101756,-0.1470259991489688,-0.4013544033500105,0.03324056775533169,0.002197618383260058,0.17544016927320222,0.0020670369989825117,-0.22398666707954615,-0.06970065643869454,-0.015575922911866534,-0.1080403431009318,-0.053008655086642695,0.09839463810276987
0.06692703936457572,0.1457894303083803,0.19549495337124834,1.7129617027082873,0.6108610912826586,0.32697406501528004,0.2976601244507365,0.2303189161199194,0.044751334576624606,0.2154494886368432,0.1662142281272073,0.31956675323986494,0.14161822427747556,0.24178989291910816,0.257176701334291,0.3034877656373035,0.24109205910172254,0.26769957182421544,-0.025199589682447354,0.22022765995064375,0.17112654427032084,0.1729031501725484,0.24906499038982566,0.17312419372195245,0.24702883567100517,0.239310383414389,0.13121984751466115,0.1579061499504243,0.1909795318274285,-0.13378149959948524,0.19596906810491438,0.26097009706931296,0.14792993148764372,0.32979188347517147,-0.2478014350475748,0.08785949455868065,0.1122850151843619,0.16580624525966284,0.16419605696074926,0.044808528800334896,0.0795766216508176,0.17795303066172088,0.11746963404543574,0.008621094504649205,0.14479684105773846,0.006229062300567596,0.1394195071363884,0.005798104626801183,0.05045978850562201,-0.15379833848847735,0.06335106871698569,0.41995250190215083,-0.18270653692051195,-0.2071966204717043,-0.3012487231576644,-0.08666939743307758,-0.47676797782592484,0.6696325303980718,-0.0030031425965443316
0.06586367461308333,-0.011751888017191273,-0.3265775548521073,0.6108610912826586,1.4750987402231386,0.1722871389157359,0.3127342158879974,0.25775786450864707,-0.02525651249805492,0.12566817706087505,0.15058230504670034,0.2596403301749673,0.15567226175409957,0.2388188911959076,0.18841262969843187,0.26508985389718853,0.16009087881120937,0.21122776377023925,-0.013690515622510524,0.17290915361575912,0.1426288546449241,0.1272893364475811,0.2258001636787647,0.16930988173864178,0.1953963818487715,0.21206907851676762,0.12779830085231395,0.045263153699553714,0.1534720945754783,0.010999274843456768,0.17253934369557866,0.25621015607393216,0.10701710772086055,0.19561763772068355,-0.12587332262937437,0.0524009841718226,0.1120277591432434,0.1102496417265908,0.16949872986174938,0.13509156572501807,0.12200394640026248,0.15807075713723948,0.0805978809940809,0.005638582724043492,0.047274242394122236,-0.07622072719575895,0.15576513840480213,0.07957860547403112,0.44839596485009275,-0.1277068846531571,-0.04633098908492001,0.1351581272786889,-0.05826676913062412,-0.010598760415020999,-0.10246238016449644,-0.045714966820128905,-0.04824233404697511,0.209635503440947,-0.0475408901684405
0.07578787923904254,0.3094672179830452,0.33634226122448346,0.32697406501528004,0.1722871389157359,0.7779524797198525,0.09935856088503238,0.42792198834684614,0.2995404809425664,0.14104230835339732,0.227917852251141,0.20779139403348287,0.16791052900437403,0.32074701171600095,0.2736100809945864,0.28789407717433557,0.2942763940697809,0.2288558613643305,0.20491400014794764,0.4168670383905545,0.24320666143941624,0.2985019573626905,0.21780270215553138,0.21640029688381682,0.22378642465703721,0.38109954203667123,0.28339590193729064,0.25909706472297794,0.30341414382615595,-0.09775638926038441,0.21193030258630535,0.30879342864382164,0.10289947798868686,0.41345559601051113,0.08985891097390215,0.024598356256727547,0.3970071895626128,0.2641190555337534,0.36100247400288615,0.161920192794237,0.18498062829377795,0.23773225042298546,0.3227715374620169,0.011362517785061707,0.41455363130825906,-0.007917215956079877,0.4711121990149661,0.13843037654872636,0.4982091942046579,0.05503919704877,-0.20808061013594922,0.15403041018922292,-0.010051618252888606,-0.07636739317201725,-0.07966675748727106,0.04058195977400186,-0.02368063302321278,0.261519994032272,-0.21475910022252737
0.0625552412940524,0.2085642858176611,0.08371401658855473,0.2976601244507365,0.3127342158879974,0.09935856088503238,0.8466561216755816,0.16181806937572904,0.2953000751646933,0.14199141776420351,0.2047223425316728,0.3385497357988858,0.20460380336297576,0.23316582268822583,0.147117432531481,0.281967999878027,0.28445875036584856,0.28080269249233275,0.01612327083604954,0.22268011682254912,0.228309022106766,0.3002407486597832,0.36521865807825526,0.2591787094678393,0.24070931948689278,0.21119202969044112,0.271128402791528,0.18992694127941442,0.23450488119630075,0.1407320306687927,0.1958770381831398,0.2243120627373311,0.2867969098030002,0.332815423446146,0.04792765538951207,0.2117724702354951,0.2614588977101353,0.1783727246058555,0.24287665342606274,0.12063219945151246,0.17513349959605246,0.2283171249645088,0.24486952883817528,0.013926470611741805,0.19291487146994438,0.03307765769337987,0.14421754382549798,0.009572693116265423,0.4728803129676902,-0.08662589657301176,-0.03978638752057511,0.074565408570524,0.10877795020190448,-0.20104346322465985,-0.020619360134079383,0.06500529110186716,-0.011034781338303613,0.0677095710195917,-0.09894340526080529
0.07169088900928526,0.24864195825328855,0.3910812169303256,0.2303189161199194,0.25775786450864707,0.42792198834684614,0.16181806937572904,0.9036524708202947,0.0840800973881304,0.16269479533383127,0.21896003969996009,0.10187780465123253,0.17918810183947823,0.3123388072629047,0.24362465223071075,0.258016383253747,0.2561188647304868,0.21383886663942206,0.19131230744500663,0.37746040587442475,0.19531150727572796,0.21216507478416619,0.18580656310719634,0.17183974660106233,0.19767645383104232,0.3570095415111932,0.2424568130614334,-0.09286822158394101,0.3018009261437296,-0.023412030791597028,0.18277853265219227,0.2581375212756768,0.08720839926606379,0.37244559656973697,0.21692259763499508,0.037770357688371295,0.3538837177343363,0.22440687353805272,0.40089183466276745,0.14994792356310943,0.15756388884207048,0.1915244224842436,0.2678035725129698,0.005052854609084435,0.3832704726169549,0.03101998949138327,0.4335860171553637,0.07908159772929604,0.48621322117729365,0.14976097423763501,-0.1577870865376533,0.0045183162556916645,0.11037437001120148,-0.1046423607399222,-0.04102673662699749,-0.028984875275695456,0.10328826460353908,0.22513391830242596,-0.24231074017259066
0.0808163297856419,0.2597507278618982,0.4295309343162553,0.044751334576624606,-0.02525651249805492,0.2995404809425664,0.2953000751646933,0.0840800973881304,0.9563948040173028,0.04774530420015344,0.11576074824547478,0.15177028496194153,0.1768265359434497,0.27143930345772777,0.019169260887526567,0.20826916674495224,0.18887017282727614,0.20286648018287068,-0.0015255876928589895,0.17281418104447105,0.21681436176224517,0.48888912819630376,0.3546868731772436,0.23895888348378283,0.11619817224994795,0.35867818498330717,0.26302168831403155,0.3703866913230316,0.22954596022277204,0.022117896016239907,0.1173058758467623,0.2784700064006466,0.22356913020116342,0.3676322190092491,0.13960166780830466,0.0900735772532378,0.30801123814600917,0.16424149858203294,0.2024068547061047,0.08218377421315368,0.2000829989638975,0.21988577955053276,0.29473821414726964,0.016142731730174824,0.19786671674211867,0.03388308376363644,0.2846430359097315,0.08415602281270909,0.5800799317563393,-0.00945308314003753,-0.19764194008209013,0.060376877642453204,0.04724405995607034,-0.09020623423336467,0.05453674023307113,0.15925060562426824,-0.028509987111929876,-0.05125631870286368,-0.11416508886410043
0.0543848174561479,0.21613087497313457,0.397509615200898,0.2154494886368432,0.12566817706087505,0.14104230835339732,0.14199141776420351,0.16269479533383127,0.04774530420015344,0.6504893066695334,0.17672034345934043,0.17578964356594995,0.13907556677567762,0.14008683289015686,0.29251470321851414,0.14353545782683502,0.209534198406465,0.15501323778964118,0.05853225760287117,0.15657239500531667,0.08356749843141818,0.11583718840518602,0.20443356240510088,0.14168043069396094,0.23504103840021962,0.12203690670707841,0.16549768739739582,0.1744674333678576,0.23826794674522406,0.07406129773555485,0.08488276431843515,0.1396097089592288,0.07200192204208407,0.24616354557524997,0.13569980683440813,0.14481995526927444,0.21217505156587196,0.10997507494506892,0.19723390833079962,0.06608988018428369,0.21058532733966248,0.09671801681338422,0.0755902883774882,0.01928237882006767,0.05878418839621186,0.12338990810455443,0.16770552391603455,-0.006882380574103183,0.12831922459379405,-0.03644284997566547,-0.04506272703231812,0.061433206145382536,0.02830504380763904,-0.010016722080508985,0.02529674765159845,0.0010513828877210887,-0.1121356869500072,-0.11980473704596267,0.21107653686167024
0.05829115747344322,0.1860529885200436,0.23349584589261754,0.1662142281272073,0.15058230504670034,0.227917852251141,0.2047223425316728,0.21896003969996009,0.11576074824547478,0.17672034345934043,0.582576402592402,0.26776973964451634,0.19111964282773838,0.16053488829742732,0.25445956558371735,0.23013220160695924,0.26514262127009003,0.20768992418193058,0.007765545397488253,0.27437594862293335,0.17968571673193684,0.1803932982879159,0.2406859967208183,0.17413690155856792,0.23494206970737247,0.2560930235326281,0.2234656766448895,0.17775046401143893,0.28078834669787545,0.014240902184849066,0.14583915997897084,0.14771467351182646,0.11544256692200679,0.3027304446645247,0.1860102293223122,0.040283786701461,0.24708792281802777,0.162205609011217,0.27730282941866785,0.12833534907656693,0.18737482892453491,0.18451472396493387,0.20583509401960026,0.006249732118841633,0.18838277448439558,0.029643749514598895,0.2765296431883349,0.10087327787593434,0.4279172857734858,0.02254027369642295,-0.1686844250200738,-0.02128629128111489,0.1572862728734803,-0.023576291283267853,-0.09615475014929528,-0.00966660542294211,-0.0062509396188243,0.14764993757304548,-0.1121825897827136
0.07400056895224144,0.22071956192623396,0.1928454137063096,0.31956675323986494,0.2596403301749673,0.20779139403348287,0.3385497357988858,0.10187780465123253,0.15177028496194153,0.17578964356594995,0.26776973964451634,0.639927000712837,0.16393790279722673,0.20564240898439096,0.1920426838479835,0.2743531261687444,0.23848270441793443,0.2943152992083763,0.02632524159897414,0.1972309646272091,0.17861803511469876,0.2093801484009202,0.26052657316685934,0.1730125761838986,0.34467465583856965,0.2499307938548312,0.23631002757256064,-0.00040914265301497774,0.2757124219762995,-0.012289233751870002,0.20802281958138158,0.22232973516813023,0.12938834629272053,0.275091261537103,0.0667609296027929,0.2775441652727955,0.04117239466316315,0.15577374055751353,0.22732026166012298,0.12454434780180353,0.11485605336675635,0.17373071169737136,0.15935611940792987,0.013111162612054054,0.2201072916282302,0.10886219083370258,0.127210974406725,-0.07181543281742632,0.1188960689685559,-0.40327199749850773,0.07354923004659554,0.2220077834546764,-0.042029550554013105,-0.1034332373893333,-0.10327732153085468,0.0007858318967357567,-0.013231504932607538,0.11578351913068764,-0.1442600035194072
0.03514168570370694,0.14606414810464483,0.15722276404525623,0.14161822427747556,0.15567226175409957,0.16791052900437403,0.20460380336297576,0.17918810183947823,0.1768265359434497,0.13907556677567762,0.19111964282773838,0.16393790279722673,0.3719105800811419,0.1660459610319162,0.05741369078059226,0.18074659870225335,0.15992438395829509,0.16476630892581162,0.022139167112401673,0.1428839155992321,0.14150774222645499,0.21460582784754684,0.23597281168615902,0.15115525655327933,0.15957889847989845,0.23642441474154124,0.16372173758540323,0.12137925842156344,0.2366454697244492,0.030465590412316054,0.08596563617635633,0.15550654712340006,0.13464276560144137,0.23657794443539862,0.13790265762929815,0.050267254497569344,0.16957084256503113,0.09902109836736135,0.22417736072266115,0.09950547360157848,0.14132906608099316,0.14295959724757867,0.15877811015205018,0.01070439194674644,0.09659310723831376,0.02437897196103131,0.20668825571968336,0.05328028463384455,0.4021571488406136,0.12873657456042692,-0.11912338378871963,-0.05592681747243749,0.027758699565820177,-0.0595550668349818,-0.0669688482050939,-0.0016728979663535365,0.002644137291655875,0.04120565896272862,-0.007239976258192708
0.038049094223137805,0.16732625571254503,0.17044593253759452,0.24178989291910816,0.2388188911959076,0.32074701171600095,0.23316582268822583,0.3123388072629047,0.27143930345772777,0.14008683289015686,0.16053488829742732,0.20564240898439096,0.1660459610319162,0.6621312161906132,0.21178864302875713,0.3940131691087324,0.2547333951434906,0.17696410719773795,0.10364185500199938,0.2984449611081767,0.1946451616666841,0.3053767993636135,0.3025732117832626,0.2982371748580541,0.25859165405185297,0.3008804735711921,0.20590047684237553,0.3245651649990959,0.2671686080177664,-0.007569001703616911,0.18547734788979808,0.6022974566091936,0.18666716593810856,0.29551414436795015,0.08963652293121746,0.0872986213483932,0.2834569277534112,0.22643776559258322,0.1984299604100978,0.16517901044415864,0.2585367014769526,0.21059184048351312,0.2431807398649719,0.010287683385608272,0.18646932671237798,-0.008112389851057689,0.3231174103674904,0.11567937073756393,0.6943348742924951,0.030435094095777982,-0.12610270909124172,0.09292581323220606,0.039712852640316536,-0.031106896131910054,-0.037381634382628724,0.016555099012683778,-0.03073744549831396,0.15588282529457623,-0.0784021527406784
0.06313621492465228,0.30732729742765647,0.3045157570904505,0.257176701334291,0.18841262969843187,0.2736100809945864,0.147117432531481,0.24362465223071075,0.019169260887526567,0.29251470321851414,0.25445956558371735,0.1920426838479835,0.05741369078059226,0.21178864302875713,1.027161009975389,0.19227975523015295,0.30198342337594386,0.1626959419388121,0.13819057074720248,0.4369846911867239,0.17008278338977853,0.04425155779187108,0.2514870672462734,0.2278737012676261,0.22931442895443443,0.14095542493159532,0.2187704271285813,0.45090571433161053,0.1847907260173893,0.05747337549145317,0.13974979301200624,0.17554666017419487,0.15165082943524777,0.35685291601181635,0.1566322446967464,0.06044373616813695,0.5300509334535413,0.2501320166833465,0.3338815264410765,0.12439765618303465,0.26649957184808387,0.19301386353541086,0.2073842486675775,0.010074131776716592,0.2589473704394317,0.03457041514921232,0.3090349051186873,0.1329554265099356,0.4221978317688087,-0.07772031236912265,-0.16982009497127945,0.2677102013083888,0.16420765804324686,-0.07824078487831648,-0.02581653205161621,0.040486614897767226,-0.16308262950599503,0.1488310777392404,0.06167084188320544
0.04500764741510425,0.17585048355511843,0.15781485303922768,0.3034877656373035,0.26508985389718853,0.28789407717433557,0.281967999878027,0.258016383253747,0.20826916674495224,0.14353545782683502,0.23013220160695924,0.2743531261687444,0.18074659870225335,0.3940131691087324,0.19227975523015295,0.6145890204928708,0.30844246600314,0.2072555864839902,0.10391389493533933,0.26081619962685887,0.19571340567979764,0.3577207470308009,0.2717687353918286,0.24865713685814972,0.20198945590305567,0.2132456679736431,0.2568640906102661,0.21889277319358091,0.26294991983892985,0.03205209072748085,0.1940053059281325,0.34578789203177634,0.17003110026011184,0.36388606835129833,0.2051162448065953,0.07775343449212502,0.31805000501412256,0.2015766177217148,0.2819578873941583,0.16404939232018861,0.21136275807629926,0.20966445844918932,0.2805680435084983,0.02027432344359478,0.23189394894696233,-0.017302178863993156,0.3253884316654908,0.10953901065033658,0.6066310089469305,-0.2197866524339612,-0.1377463265959244,0.10317246724310525,0.16134296640980178,-0.09912464323347896,-0.06914510544156165,0.0797009254556372,-0.12140084595804297,0.2891255006042259,-0.20117348069379984
0.054284006102615426,0.24010044545242207,0.2717219142074448,0.24109205910172254,0.16009087881120937,0.2942763940697809,0.28445875036584856,0.2561188647304868,0.18887017282727614,0.209534198406465,0.26514262127009003,0.23848270441793443,0.15992438395829509,0.2547333951434906,0.30198342337594386,0.30844246600314,0.7556989391607403,0.19033955871398428,0.1445690099537868,0.38553374705534876,0.1896497979419397,0.25415616723045287,0.18642548644322066,0.24160434544516882,0.3442518470379426,0.0871277301072766,0.27293175054113944,0.3367911363718444,0.2888034966886754,0.05954071574811318,0.253830449591829,0.2367565584611679,0.2423687612511826,0.3771953935400048,0.1625427507256552,0.0821850118569153,0.5356849940822155,0.26615255393384063,0.21536103388267755,0.15263529333104547,0.26027334594699375,0.19123524615249202,0.3048286547274065,0.012331679661412158,0.2834065545605275,0.09606219457214542,0.37960298091066325,0.11804514953291198,0.46575736554649816,0.3127441192599848,-0.05039870092448235,0.12001103257387355,-0.08527650172530986,-0.12609919312995732,0.0008701069253751187,0.02379567649789004,-0.05354995912758666,0.10593086319745827,-0.08134823992049225
0.08834746470043033,0.26473120129567984,0.2217749815044569,0.26769957182421544,0.21122776377023925,0.2288558613643305,0.28080269249233275,0.21383886663942206,0.20286648018287068,0.15501323778964118,0.20768992418193058,0.2943152992083763,0.16476630892581162,0.17696410719773795,0.1626959419388121,0.2072555864839902,0.19033955871398428,0.9388221182643227,0.09884233454366798,0.11122123029005163,0.2562304128167384,0.2615422702157348,0.5616302492880233,0.17684274769440156,0.43235285951316826,0.4805056329677483,0.16299690870917521,0.4942166370016986,0.19920980819853687,-0.1028745601169453,0.4963515965464946,0.2218130614486234,0.24250685091078597,0.33073542992923566,0.11218124563106043,0.14854839755104585,0.29008230344556357,0.1261599919866845,0.29713218752022025,0.19410189665959793,0.20235272624011108,0.23466813675178738,0.32245019337177927,-0.007276290867834364,0.3638675664777989,0.09024836372107256,0.2545618026453456,0.05245591454750016,0.3732262829326521,0.39213404390860956,0.10999658978144307,0.3331189312130147,-0.6304717811457923,-0.18351015457625508,0.006512253125168143,0.06584561006931605,0.11435763691836735,0.06418169791317081,-0.2571417520164467
0.05783500743067574,-0.010915389802265809,0.2515686105180202,-0.025199589682447354,-0.013690515622510524,0.20491400014794764,0.01612327083604954,0.19131230744500663,-0.0015255876928589895,0.05853225760287117,0.007765545397488253,0.02632524159897414,0.022139167112401673,0.10364185500199938,0.13819057074720248,0.10391389493533933,0.1445690099537868,0.09884233454366798,1.3182800941591357,0.2019765513533229,0.12589975537031237,0.08634523713616646,-0.3328072129111452,0.03915934057810956,0.04143804945543496,0.015010825379373266,0.04235643338819116,0.07514578724460647,-0.061877068850271714,-0.10435999656094028,0.386157149076334,0.06873416314662177,0.11442938074797038,-0.02793091643573821,0.02057393961389296,0.0736162004258643,0.3984859422162413,0.13590004743425635,0.27885163739017077,0.046575913994662654,0.06696746459959149,0.09472936292600549,0.10672206435934928,-0.008583568961420616,0.3924408574461726,-0.009508501793906683,-0.03843660968207428,0.10609749398405442,-0.08507706721032689,0.7192454740117752,0.05992938686413912,-0.010929866377242537,-0.42374809609015457,-0.11406050461640412,0.07751453707866184,0.02939631365402366,0.09330099174775744,-0.012476226118959748,-0.14485428355283486
0.03844981762803842,0.4124457647877182,0.3138595986066335,0.22022765995064375,0.17290915361575912,0.4168670383905545,0.22268011682254912,0.37746040587442475,0.17281418104447105,0.15657239500531667,0.27437594862293335,0.1972309646272091,0.1428839155992321,0.2984449611081767,0.4369846911867239,0.26081619962685887,0.38553374705534876,0.11122123029005163,0.2019765513533229,1.1578796654679735,0.1757817901390837,0.14193713110644118,0.3569133762221146,0.3142521896083366,0.2631793438185262,0.3723501366667339,0.4388130203548925,0.37507851492104416,0.4233964673139735,0.14834175258197368,0.08863137112589058,0.2280936631030402,0.19062728294923142,0.5633706312376147,0.304009810711712,0.07354750194118916,0.9056604741391425,0.6034758139838868,0.7449407948907422,0.34441438106776723,0.32988799208062275,0.2064802042461966,0.44350156133019725,-0.008722043563897929,0.7930041919298612,-0.031543572164422023,0.4454793213206465,0.22458578899445616,0.7126148220588036,-0.07347031007377217,-0.2881739482780966,0.09445502948133021,0.29556462554147545,-0.16417636031449173,-0.040400168554074425,-0.015036801745289853,-0.054237116600919094,0.12683867027773732,-0.04501683466967515
0.05391714971481724,0.20317603985345192,0.18026360926003732,0.17112654427032084,0.1426288546449241,0.24320666143941624,0.228309022106766,0.19531150727572796,0.21681436176224517,0.08356749843141818,0.17968571673193684,0.17861803511469876,0.14150774222645499,0.1946451616666841,0.17008278338977853,0.19571340567979764,0.1896497979419397,0.2562304128167384,0.12589975537031237,0.1757817901390837,0.4855118372272013,0.20935238583461568,0.27109465456157295,0.19209496126060083,0.18115531593974038,0.19524851824119865,0.20472343955207414,0.31310837638707884,0.14199793615007383,0.08743922558663818,0.21072262770722258,0.19317589374541755,0.21200999413592733,0.2363760796784378,0.15856216918366497,0.06028702155098149,0.3365559488854383,0.1583642000500536,0.2979957589253384,0.1456805108635177,0.21491736632793224,0.4228684631496055,0.36854201819358984,0.0006859276976918155,0.4359440555874306,-0.0016642162039343605,0.2953975360186522,0.14448207866285817,0.35700735751273993,0.09188739854605074,-0.09257660876335774,0.11079485038146474,-0.046271682253533855,-0.07613044145065892,-0.034879667472719034,0.023096901750957143,-0.05055125866663827,0.14254744597038296,-0.11462824366355075
0.05429984467656615,0.17717087394939682,0.2753797477801627,0.1729031501725484,0.1272893364475811,0.2985019573626905,0.3002407486597832,0.21216507478416619,0.48888912819630376,0.11583718840518602,0.1803932982879159,0.2093801484009202,0.21460582784754684,0.3053767993636135,0.04425155779187108,0.3577207470308009,0.25415616723045287,0.2615422702157348,0.08634523713616646,0.14193713110644118,0.20935238583461568,0.8462323507536926,0.36635809263946584,0.21615334570272066,0.11814703875755808,0.2945182681995846,0.22800627817647906,0.20908596883883024,0.2799574754649256,0.03172454854165528,0.14600113903750836,0.2923601441271367,0.16411929446319223,0.41932075581819045,0.2418265212191634,0.03118967047013828,0.30627677180031104,0.15736968819986974,0.38260182216184146,0.13232042019081938,0.19477402518013107,0.21799588996447244,0.28580800126756845,0.026545489573498386,0.21167181148717645,-0.018096533675304945,0.3526941217191094,0.11093736753768524,0.7007900699565174,-0.07152648378282636,-0.2005757059202408,-0.06303062181800455,0.09517265643056075,-0.09964150207580066,-0.016621319654047555,0.09485725842680236,-0.027980171905053374,0.08890287200854965,-0.1660812728842604
-0.005649391308809782,0.02351687536246011,0.11774223128348556,0.24906499038982566,0.2258001636787647,0.21780270215553138,0.36521865807825526,0.18580656310719634,0.3546868731772436,0.20443356240510088,0.2406859967208183,0.26052657316685934,0.23597281168615902,0.3025732117832626,0.2514870672462734,0.2717687353918286,0.18642548644322066,0.5616302492880233,-0.3328072129111452,0.3569133762221146,0.27109465456157295,0.36635809263946584,1.936730783910738,0.554354584170573,0.31251930247524345,0.24202580775059163,0.3881308555020448,0.49264161036304677,0.6369720333237193,0.41962871574033317,-0.5796763359830962,0.2559594154346855,0.5378985656613992,0.6283025142445333,0.30424652944229374,0.10525079962193266,0.857644039433308,0.2512410719202213,0.7029307443067879,0.35766195602194095,0.4596338530167146,0.28280973358573896,0.366772658360466,0.010109298528330193,0.04930308403167101,0.15459746267733376,0.6884844239254173,0.20776370535491248,1.439972559000569,0.20287359688412632,-0.45814886422563195,0.03521276771403964,0.30098844092007293,-0.09634143113135436,0.061038673408534715,0.13258475422506852,-0.06510238163282589,-0.028161861380668434,0.00130739051521873
0.02272350389770245,0.1107365937885351,0.14284827658134075,0.17312419372195245,0.16930988173864178,0.21640029688381682,0.2591787094678393,0.17183974660106233,0.23895888348378283,0.14168043069396094,0.17413690155856792,0.1730125761838986,0.15115525655327933,0.2982371748580541,0.2278737012676261,0.24865713685814972,0.24160434544516882,0.17684274769440156,0.03915934057810956,0.3142521896083366,0.19209496126060083,0.21615334570272066,0.554354584170573,0.6626142707590956,0.2753102724868871,0.1252744543967244,0.3530989815858241,0.3770001494428402,0.2536040527260721,0.4389183622129317,0.22696781305065838,0.3113294539041522,0.3992730319226921,0.19095507841582687,0.27477393906509884,0.2849102201241968,0.4526987040266214,0.25455089078758003,0.2815859983769767,0.1902711198482757,0.3474161932503912,0.210966984336872,0.29364020917764433,0.03428513970923517,0.14294492531838324,0.15747917655786986,0.32419231235754803,0.008011049330882682,0.673538325670697,0.10338903415782788,-0.26735806339518836,0.09776053934640307,0.12735178651642776,-0.073824167766693,0.03289802699927192,0.04512954064679322,-0.03288282179878193,0.036539441048343585,-0.07231410982056362
0.09371616135872418,0.3389807518199041,0.3026354513380933,0.24702883567100517,0.1953963818487715,0.22378642465703721,0.24070931948689278,0.19767645383104232,0.11619817224994795,0.23504103840021962,0.23494206970737247,0.34467465583856965,0.15957889847989845,0.25859165405185297,0.22931442895443443,0.20198945590305567,0.3442518470379426,0.43235285951316826,0.04143804945543496,0.2631793438185262,0.18115531593974038,0.11814703875755808,0.31251930247524345,0.2753102724868871,3.2448042325348814,0.22528680473885698,0.22044544359245277,0.0889288173235516,1.0825060997035554,0.04786763032822635,0.496534924293629,0.2815378752841254,0.09466156032968717,0.9699105766164992,0.37138309675262976,0.614449505120089,-0.20891283559875942,0.21292163840163478,0.6725199855726288,0.20943582502088917,0.2706922484769243,0.1644513778062561,0.0270485466941593,0.0625360481455172,0.10259436520956502,0.36902826018099516,0.35856203240547607,-0.3977380538975842,0.3705977192342483,-0.8586244005419407,0.16790423388227518,-0.049174555302351895,0.29912633107383574,-0.12640464082673378,-0.07672534235778959,-0.03389418867486614,0.0430601378206,0.07537578495450019,-0.08275647953683762
0.06910250928091294,0.3223493163712531,0.33529919702178523,0.239310383414389,0.21206907851676762,0.38109954203667123,0.21119202969044112,0.3570095415111932,0.35867818498330717,0.12203690670707841,0.2560930235326281,0.2499307938548312,0.23642441474154124,0.3008804735711921,0.14095542493159532,0.2132456679736431,0.0871277301072766,0.4805056329677483,0.015010825379373266,0.3723501366667339,0.19524851824119865,0.2945182681995846,0.24202580775059163,0.1252744543967244,0.22528680473885698,1.8660490067070867,0.2610422798808436,0.6309246411963311,0.14946261490081653,-0.7002422309062759,0.3826496948897463,0.3608140427804684,0.0959202350356169,0.3638301735281075,0.12039149333123553,-0.005381033297853251,-0.07389766232722071,0.20905178777227443,0.3580425724504613,0.1868462368545826,0.1315439885730585,0.25314498087130366,0.3815293754030248,-0.06200737375696994,0.6406645393526451,-0.3044414323831454,0.05165915516683176,0.17860366558276408,0.30238785138619195,0.4678902913561786,-0.3317289548278208,0.28000219056869197,-0.6374023803095205,-0.09840743503602069,-0.09778495675984943,0.003068157917898119,0.09760962366741185,0.06941431304214127,-0.12058695434099884
0.0738117305141737,0.3094894281909839,0.21739887401999838,0.13121984751466115,0.12779830085231395,0.28339590193729064,0.271128402791528,0.2424568130614334,0.26302168831403155,0.16549768739739582,0.2234656766448895,0.23631002757256064,0.16372173758540323,0.20590047684237553,0.2187704271285813,0.2568640906102661,0.27293175054113944,0.16299690870917521,0.04235643338819116,0.4388130203548925,0.20472343955207414,0.22800627817647906,0.3881308555020448,0.3530989815858241,0.22044544359245277,0.2610422798808436,1.739233993534132,0.6738716271334474,0.17988189238258875,0.5840135095666374,0.16777296428741692,0.1544047496736718,0.38846722357334396,0.2781095366875817,0.3436173580215985,0.6739248872496492,0.5338214612468635,0.33780465486127575,0.28364739726447924,0.22237394690379267,0.4982681637385568,0.24824315459668622,0.9167628219794347,0.007764296289937189,0.7130547010958257,0.057753194681735946,0.22908014103853253,-0.08664368712555959,0.4646324627075162,-0.1911921246044935,-0.32606858838072816,-0.012954631310807084,0.4353497226397802,-0.07776897395400845,0.02526769195610892,0.1199705192539825,0.04697225663052706,0.06821062450779923,-0.19815613296600654
0.01940322287308606,0.28791404648674224,0.17522080751969887,0.1579061499504243,0.045263153699553714,0.25909706472297794,0.18992694127941442,-0.09286822158394101,0.3703866913230316,0.1744674333678576,0.17775046401143893,-0.00040914265301497774,0.12137925842156344,0.3245651649990959,0.45090571433161053,0.21889277319358091,0.3367911363718444,0.4942166370016986,0.07514578724460647,0.37507851492104416,0.31310837638707884,0.20908596883883024,0.49264161036304677,0.3770001494428402,0.0889288173235516,0.6309246411963311,0.6738716271334474,2.778167380383422,-0.3014184336095157,-0.1019149236647736,0.40707252758646656,0.39865988731590046,0.4905464057829599,0.31327315381327114,0.14295252652634802,-0.0026079717170476783,0.8654821790832511,0.29881440719550234,0.14093861477551822,0.20740248854500337,0.6308111383343398,0.3715212365564103,0.6715861034019753,-0.0412646005753722,0.4990352177319661,-0.21205805125505686,0.26419068630291287,0.4649954061363959,0.8219983400672796,0.7040709705976637,-0.38133910671822796,0.6400440883306131,-0.6511995042834069,-0.06535520009084383,0.07060367256127337,0.12728882651439952,-0.13137863510022568,0.04243217173364753,0.07198072715973194
0.05471984189123771,0.27583356580394025,0.3386792278435323,0.1909795318274285,0.1534720945754783,0.30341414382615595,0.23450488119630075,0.3018009261437296,0.22954596022277204,0.23826794674522406,0.28078834669787545,0.2757124219762995,0.2366454697244492,0.2671686080177664,0.1847907260173893,0.26294991983892985,0.2888034966886754,0.19920980819853687,-0.061877068850271714,0.4233964673139735,0.14199793615007383,0.2799574754649256,0.6369720333237193,0.2536040527260721,1.0825060997035554,0.14946261490081653,0.17988189238258875,-0.3014184336095157,2.2482369346450675,0.3102965737296003,-0.23010911600551712,0.25061033751446316,0.13915929733055946,0.7921851264778196,0.4066560493493528,0.4727712798678851,-0.16411351958560436,0.15444166392879405,0.533447362765153,0.19413590384593357,0.28981336833772375,0.11612416099840142,0.0028299731004228054,-0.00956022672094863,-0.19481213350234694,0.5056448253154503,0.4907055059849089,-0.3245758528747433,0.7859901145078998,-0.15685522927772824,-0.2902492535639173,-0.219568364037579,0.3557069721619472,-0.04886526112928933,-0.09657979341062654,0.045743605419225515,-0.03225580066390244,0.050066401169014486,-0.008145112093473841
0.015281631427997763,-0.08387020393550819,-0.22645134258248628,-0.13378149959948524,0.010999274843456768,-0.09775638926038441,0.1407320306687927,-0.023412030791597028,0.022117896016239907,0.07406129773555485,0.014240902184849066,-0.012289233751870002,0.030465590412316054,-0.007569001703616911,0.05747337549145317,0.03205209072748085,0.05954071574811318,-0.1028745601169453,-0.10435999656094028,0.14834175258197368,0.08743922558663818,0.03172454854165528,0.41962871574033317,0.4389183622129317,0.04786763032822635,-0.7002422309062759,0.5840135095666374,-0.1019149236647736,0.3102965737296003,2.925885070337992,-0.12233828355971764,-0.16663184008432005,0.3416201742678052,-0.2612835590328654,0.8997639656280073,0.7145956614670289,0.9129414040559198,0.208438490715273,0.22568464386858186,0.2310310070668771,0.6206868572173118,0.10017192986402995,0.8890219554454816,0.19954195626150742,0.2783929526851622,0.790152425608845,0.5201524271780807,-0.44392322952419816,0.7621620900865401,-0.10734633368483985,-0.3513150130984872,-0.6663531229680073,0.9348610004077327,0.0425102923812305,0.2058351897244036,0.019922057516306945,0.022859058603618285,-0.04283024073845677,-0.17515684301427012
0.11591114093901463,0.3005877054212577,0.21365738943800097,0.19596906810491438,0.17253934369557866,0.21193030258630535,0.1958770381831398,0.18277853265219227,0.1173058758467623,0.08488276431843515,0.14583915997897084,0.20802281958138158,0.08596563617635633,0.18547734788979808,0.13974979301200624,0.1940053059281325,0.253830449591829,0.4963515965464946,0.386157149076334,0.08863137112589058,0.21072262770722258,0.14600113903750836,-0.5796763359830962,0.22696781305065838,0.496534924293629,0.3826496948897463,0.16777296428741692,0.40707252758646656,-0.23010911600551712,-0.12233828355971764,1.6179647341140342,0.2746414359491442,0.10877108377604652,-0.056026346307405515,0.08804718587455301,0.31259863721320075,-0.2034116903708677,0.14448848607685882,-0.08055695693416091,0.07133949614891609,0.11077488289734376,0.20087068883165116,0.25348846211685855,0.025316707924993714,0.4413694536536449,0.011211970521828535,-0.10093967495997115,-0.08108840892187305,-0.2637814198947045,0.23656108004917767,0.24168203351423706,0.37575909362703247,-0.684946639532052,-0.15363051044306927,-0.02088407227540777,-0.01529648004129095,0.13680156417629533,0.13601378575652542,-0.32954526991542743
0.045547785226032866,0.16313892742200786,0.1511489151596434,0.26097009706931296,0.25621015607393216,0.30879342864382164,0.2243120627373311,0.2581375212756768,0.2784700064006466,0.1396097089592288,0.14771467351182646,0.22232973516813023,0.15550654712340006,0.6022974566091936,0.17554666017419487,0.34578789203177634,0.2367565584611679,0.2218130614486234,0.06873416314662177,0.2280936631030402,0.19317589374541755,0.2923601441271367,0.2559594154346855,0.3113294539041522,0.2815378752841254,0.3608140427804684,0.1544047496736718,0.39865988731590046,0.25061033751446316,-0.16663184008432005,0.2746414359491442,0.9871190515126242,0.15707573745949654,0.12875651532256077,-0.09669490041635924,0.09817724964875878,0.03473427415238672,0.20326851985313282,0.06046984961622368,0.16424731670510193,0.19730959365011722,0.20444685685356428,0.156798789877132,-0.0035051112128902154,0.1373020166950515,-0.06156429226745777,0.15629761779181,0.09331467838761132,0.6005574469912786,0.17249522475811624,-0.012746532871803079,0.6782877216690848,-0.7595378905520268,0.03808780384638615,-0.04018732821091195,0.013269878465047603,-0.0036529189931394502,0.11232660984877038,-0.06503190726725734
0.02365596978593025,0.09075352022822157,0.11416174679895104,0.14792993148764372,0.10701710772086055,0.10289947798868686,0.2867969098030002,0.08720839926606379,0.22356913020116342,0.07200192204208407,0.11544256692200679,0.12938834629272053,0.13464276560144137,0.18666716593810856,0.15165082943524777,0.17003110026011184,0.2423687612511826,0.24250685091078597,0.11442938074797038,0.19062728294923142,0.21200999413592733,0.16411929446319223,0.5378985656613992,0.3992730319226921,0.09466156032968717,0.0959202350356169,0.38846722357334396,0.4905464057829599,0.13915929733055946,0.3416201742678052,0.10877108377604652,0.15707573745949654,1.6364303197238683,0.15483685128993926,-0.20844159755049066,-0.0477525113543395,0.7228139174435227,0.2066692887753431,-0.2945764403802885,-0.025506329603606066,0.11685131023628127,0.24815624424218607,0.5803298534163095,0.035133146580808225,-0.3984063972521072,0.17260164418272125,0.5350835464940155,0.24848430251112327,1.2106879917083013,0.5456764226496615,-0.37526959028807516,0.07535337198628055,0.029207135795194416,-0.2459900333298485,0.09385392824881472,0.08452712346458263,0.05038899120530451,-0.09214696784271002,4.124457991109848e-5
-0.08953253019666363,0.422775224334813,0.4489041220649448,0.32979188347517147,0.19561763772068355,0.41345559601051113,0.332815423446146,0.37244559656973697,0.3676322190092491,0.24616354557524997,0.3027304446645247,0.275091261537103,0.23657794443539862,0.29551414436795015,0.35685291601181635,0.36388606835129833,0.3771953935400048,0.33073542992923566,-0.02793091643573821,0.5633706312376147,0.2363760796784378,0.41932075581819045,0.6283025142445333,0.19095507841582687,0.9699105766164992,0.3638301735281075,0.2781095366875817,0.31327315381327114,0.7921851264778196,-0.2612835590328654,-0.056026346307405515,0.12875651532256077,0.15483685128993926,2.671371628721372,0.5705514616773509,-0.1919333422134128,0.7910880023542936,0.2746348408821473,0.4176860692917469,0.022849907817310052,0.5256785924699929,0.27408487885674954,0.4088406095330809,0.102559267529848,-0.0460214553649701,0.027286323705090425,1.1837461621056953,0.5073521242916801,1.3870190712773465,-0.5731778366901787,-0.16222921096435594,-0.29530262366335513,0.90716537570216,-0.36563613689381025,-0.1748083849538207,0.13758957019568996,-0.213780509913508,0.15641620960151673,0.12149571569245012
