0.6755985191799658,0.3544182526491165,0.5535369965347825,0.1095712958456529,0.16576537827346757,0.16124831160493922,0.19568298767041187,0.16942549485498803,0.15761044703828384,0.15139467877214155,0.1562004894412068,0.17385216806671058,0.15026821129040377,0.1697146314565516,0.13931106793411258,0.1469964886109137,0.14995455962238535,0.17793822434774265,0.1262301463849594,0.1455143025823175,0.14317535769653258,0.16014768230142182,0.12069886166502987,0.10075591094023663,0.15156519558346035,0.11795269041734778,0.1515087957507033,0.11647038623874297,0.15367120942589513,0.10927050925817725,0.14209163850127923,0.1545051297981012,0.10386049156678717,0.08324353016304935,0.14240834725100576,0.09680796284302844,0.18432160388630522,0.10536916474339199,0.1446008972841317,0.08326354382873541,0.1613005320402644,0.13617109345369302,0.20240261536445228,0.16636321841517882,0.13625478382752407,0.1362030846384068,0.14402472946258263,-0.0017362701109284913,0.13061908953599963,-0.024412160679194723,0.01912771565562447,0.01691571636711648,0.010660121820380503,-0.005277977185876162,0.030572111537588747,0.0028688211408211765,-0.00770933503141983,0.143140531260633,-0.19252823738210986
0.3544182526491165,8.458423231501508,0.874778947440224,0.1611291325522946,0.1690122006140739,0.24879832785783132,0.2188787662534217,0.17652008213508658,0.10073345222359825,0.25028918622890695,0.2936243249044869,0.3418391616030774,0.3408207344934606,0.21070573353221603,0.20261734296137796,0.21996817691934462,0.34187338117997396,0.6960727258856997,0.13103876242308166,0.4022173411229956,0.34106240299254903,0.17474277568779084,-0.06302250699299922,-0.03407110344200206,0.3319532334170894,0.2093600533723703,0.6358572994998207,0.25885130027995107,0.8737447494827902,-0.006599857523922194,0.3297622977773811,0.22318868286379087,0.13665083699444375,0.3081557685090109,0.3308906855411381,0.370427301419574,1.1178061944991118,0.23425652346705397,0.11747175252029333,-0.1329473794179248,0.41056358046526337,0.3223979017637836,0.4487373868893549,-0.045963012226027875,0.49395701013002413,0.22487344687227426,0.23957776699444744,0.012481411769750131,0.23901292371691024,-0.3996360644275756,0.4616455475090473,0.037181486595447524,-0.07740833460621832,0.00061612028133781,-1.0048487238158503,-0.12305573306277508,-0.4377063303972609,0.5161281600452123,0.6256821084536629
0.5535369965347825,0.874778947440224,5.921285021840367,0.48352819555017734,0.7788566647288555,0.863844443598446,0.4087447049707992,1.3619499026683848,0.6619935490360952,1.095821829652243,0.8690991695556498,0.798003043519651,0.9938734748883418,0.6110129474411888,0.6371724958954165,0.6614000521828767,0.7828282825424376,0.6980124588229157,1.23064497117847,0.6633241983960582,0.7069282422561723,0.7108974455568198,0.5721969481772102,0.5803925350557004,0.6254413932959368,0.5045725268165103,0.7103941548606407,0.4910090744572027,0.9377336488817635,0.3679100448655382,0.5877916594022201,0.6035040452076591,0.30651216004182813,0.9648208252390049,0.8980947328215922,0.5853876513123858,0.7150904999746521,0.4306490637241342,1.2237769331274126,0.4576406171467097,0.8313809680663228,0.6304835873722441,0.6949843249344623,0.6743267898966289,0.3275082161960376,0.49898450647533277,0.6674035883130053,-0.040090199678405374,0.1729885250638481,-0.17719346138342784,0.023262250326655385,-0.06824405349307369,0.230003430065412,0.15713044312376326,-0.07345663975958647,0.2025489465441605,-0.4892800026704076,-0.24063239096978825,0.3871571814265437
0.1095712958456529,0.1611291325522946,0.48352819555017734,0.9917260300460907,0.6905823189121428,0.42500169454633757,0.33112050888346894,0.29330819000869734,0.23778187986241858,0.2873553481687042,0.3176689173707484,0.38896006558186547,0.3281014983980014,0.344161918818851,0.2843581967025255,0.3979456562517946,0.3046796659964501,0.2369247759573216,0.19015707338361443,0.2715901335669769,0.24695483091130854,0.3256136094856975,0.2053820947601317,0.2189365063271799,0.1800376374478914,0.19081861948418394,0.27079375514501697,0.13783535975999203,0.3056254869318917,0.08093540578508054,0.23223230037219536,0.35290815444768914,0.12281985603991619,0.37795637084785955,0.06064923287906324,0.2182315275173945,0.31562346443601236,0.18036928777111905,0.25568389766912936,0.162361899515257,0.24601046691678477,0.24815457158154858,0.304445861057545,0.2942861734143911,0.09531171321940056,0.20531416427826163,0.2347471121368447,-0.010965600337238321,0.209127714264577,-0.060496479364279494,-0.03106603017087126,0.06076226493747731,-0.030551282092573722,0.0013528241202829063,-0.06680351156049401,0.09292905189631749,-0.2552085100629204,0.160287010385921,-0.04084719957864673
0.16576537827346757,0.1690122006140739,0.7788566647288555,0.6905823189121428,1.6093171000360413,0.4694902037864142,0.30279816230684836,0.3396055515948206,0.1683307394295228,0.35861794763223126,0.386662563881529,0.4899772511455455,0.4403195075747767,0.365915996826543,0.32666648361522166,0.49686067074959256,0.3300665486132388,0.27633859785467524,0.24624172955426543,0.28304225963627266,0.26475324643891257,0.34020444519328985,0.26489807470031657,0.2561288175897257,0.17384635235239929,0.2267316709733615,0.3129664836196535,0.13160034286432387,0.30431748018356575,0.05249432741018168,0.25148536870406113,0.3901907597552365,0.1254853812905249,0.4008719208852045,0.053088652628165804,0.2603926520995299,0.28442282733577473,0.1926531961069171,0.3233642895463963,0.1819949999642033,0.27337272957314734,0.27381312630553734,0.20131043137402613,0.3469040186111554,-0.008633805377021667,0.1870194767631741,0.23778668395770652,-0.025889800170278397,0.2521545458043217,-0.29461660831352027,0.07718978243012695,-0.01703134544993335,0.06531135214434747,0.187603044072116,-0.14614419103317022,0.07838226314911645,-0.2801959890221856,0.1342144673733803,0.06651277943215532
0.16124831160493922,0.24879832785783132,0.863844443598446,0.42500169454633757,0.4694902037864142,1.0135872469383467,0.24406664779384415,0.21993207268031423,0.23075652676082337,0.29343440534401477,0.3592276805704119,0.3242731230351218,0.34038350540676926,0.3402531656149482,0.30190311373635637,0.35143061621700117,0.33522327849455297,0.25539346341872643,0.3111457689184237,0.5032235054276828,0.31132155993234656,0.319888069725267,0.25308238634184915,0.26783284404861996,0.3367509565793413,0.2548864349481479,0.29941377670341107,0.21700764059745975,0.5325669519824828,0.1159301423741329,0.2487551011791283,0.3803582828057901,0.057017265167092365,0.47364796880677185,0.18685982777513616,0.2078163705771506,0.4218444171534656,0.30299538544410554,0.41280327761237334,0.29739112336056084,0.2586325747766123,0.29233096677193454,0.4634265727870712,0.41104451277337367,0.3050531899698432,0.20410572224701012,0.3610581048133915,-0.008234281908608714,0.13273358596851959,0.026776943429565436,-0.17389008976045522,0.15717051865338721,-0.15016483503210454,0.09534561006850126,-0.058896344941454744,0.07764816173728487,-0.2725921996750168,0.12538926558589306,0.0578991325633157
0.19568298767041187,0.2188787662534217,0.4087447049707992,0.33112050888346894,0.30279816230684836,0.24406664779384415,0.5366209216422775,0.11353767540055161,0.3231119459906735,0.20229330063728038,0.2790084908855715,0.350267203012696,0.2722076216969645,0.1946231808335249,0.24300882704119595,0.3018411954935936,0.30684039288609305,0.19493285145576475,0.18547634585790668,0.1947450532515808,0.23962938099650324,0.3265619275262856,0.14807111361141828,0.20916561731003944,0.19128629340954886,0.10243825382371491,0.2259218297353345,0.1917459038621816,0.23294325358317322,0.13065771610198681,0.24288402267752782,0.2096766090799279,0.17872894805116835,0.28741640712008126,0.18654498295652272,0.18354025287126124,0.2932984882345375,0.13745729041486746,0.16303834714337795,0.11190932594731354,0.21817737856371475,0.24075726068930453,0.29521560114390355,0.3075662084870162,0.10373112545205478,0.23617669961360235,0.1173952516288361,-0.0041883202265077845,0.2144806049112465,0.0255460968056017,-0.00984073007576552,-0.03741996537583151,0.01284936120304455,-0.07908282704699095,0.028492313534325454,0.07469442850842474,-0.13924876754876375,0.04446170312369534,-0.08804980864133362
0.16942549485498803,0.17652008213508658,1.3619499026683848,0.29330819000869734,0.3396055515948206,0.21993207268031423,0.11353767540055161,1.254904031661955,0.14611353817574127,0.40131649957844473,0.3631916468213334,0.20949073867581788,0.5043586280596773,0.3275111694645222,0.19399822372969558,0.30308210937317503,0.29895760454354264,0.3064192945772617,0.49840740375783593,0.3632782023123806,0.2981926918044732,0.2446415442070577,0.18418400365708926,0.17567724584361585,0.25822465410969947,0.3160837104510887,0.30572000418179474,0.18758870591535537,0.3791103863966809,0.0977192347638305,0.2576098756770475,0.29691790541481533,0.025674364479847108,0.45772620535018077,0.4965779300510115,0.16623433427219925,0.28249525286005606,0.19294413446211608,0.8161751502826627,0.26247883952103745,0.41878647048807643,0.26318263046375573,0.37639058443621093,0.25350159500118574,0.24691727129285798,0.22569566252559495,0.323045240157591,0.007795928963792323,0.21575550121771667,-0.023901084403848357,-0.02078418597711914,0.0488755832219336,0.04495277236495898,-0.034727402206172715,-0.08446127925660454,-0.0033346959579617207,-0.13827077216698605,0.21128429474047739,-0.07602930964629417
0.15761044703828384,0.10073345222359825,0.6619935490360952,0.23778187986241858,0.1683307394295228,0.23075652676082337,0.3231119459906735,0.14611353817574127,1.046470015451929,0.10945861659651332,0.23762343845430708,0.258127986117128,0.3164182717720389,0.18895183973441823,0.3306288556813025,0.2007705851354197,0.3153527679951858,0.14482171374606245,0.5297803296022354,0.22366768019540953,0.27632510776888464,0.5867509965745742,0.072518926548903,0.2537520652221754,0.17612125085267735,0.17263726760987957,0.24598388136506438,0.2101964414217217,0.2283736131188875,0.24419298261140152,0.30915436189038126,0.17968218443810322,0.27643807696547756,0.3447355297650713,0.2030846793882253,0.2394031346412418,0.36448200939401104,0.17472378223044863,0.2599349423893834,0.12362478283186296,0.23269609737218344,0.2654258663466122,0.30654808536153594,0.22275111485185167,0.08747679908049238,0.2604530748280938,0.13948259511219152,-0.01426756229597439,0.5151008056805438,0.1404379668829253,0.06933651520057049,-0.24920046692471917,0.13014699310949573,-0.20334642999073868,0.05931211662120676,0.12024476805641883,-0.06942666768465466,-0.02422627827073417,-0.09933789761662254
0.15139467877214155,0.25028918622890695,1.095821829652243,0.2873553481687042,0.35861794763223126,0.29343440534401477,0.20229330063728038,0.40131649957844473,0.10945861659651332,0.8384425767660095,0.27272093579369966,0.24580941221604424,0.29846767884930003,0.2357517537072988,0.2137581348961234,0.30284596600900604,0.2748675368930999,0.32260724064966856,0.2354097511277626,0.1590450096067123,0.2261963498088965,0.2346479354718765,0.2706744203736397,0.23264101838080928,0.24224636821074413,0.13725704843267442,0.25536142943858964,0.19039866445394846,0.32360515101918896,0.24599037959719383,0.23521455474777242,0.2472827807643866,0.11005310568673697,0.3430825703697053,0.27914558138094103,0.2402335466370998,0.27204998931690355,0.1160936904831105,0.3471122562335168,0.1653576497547214,0.3312861513141078,0.2213948496270358,0.2251490647137984,0.2626942469822458,0.058602992797858536,0.17563500131751728,0.3585059201169242,-0.01996285253250452,0.07023586632109179,0.01738133157087924,0.04642813773921838,-0.06551494495992766,-0.04147181893349829,0.07103953298406386,0.029211160297653867,0.08384907426207036,-0.07723124351276733,-0.19189756536277275,0.13327233662811497
0.1562004894412068,0.2936243249044869,0.8690991695556498,0.3176689173707484,0.386662563881529,0.3592276805704119,0.2790084908855715,0.3631916468213334,0.23762343845430708,0.27272093579369966,0.5932203910234497,0.4089672750090185,0.3793525808564719,0.25660753198793324,0.33216687709082277,0.31388792118814424,0.3720397284982138,0.27651305791333464,0.1864148016196659,0.3608138954479472,0.2782307430626041,0.28599112128864934,0.19907214376138596,0.22625075095121086,0.21469897787032713,0.22815135132508518,0.27652497472205134,0.21954990765784352,0.3447903493827466,0.11208041945970683,0.2688044133567146,0.2585858967395065,0.1287256081483779,0.35867990065218,0.3485362274715775,0.24665896720348787,0.3035265860472818,0.21326903998553604,0.36645197154852727,0.1321047074998022,0.29800948110520836,0.27438201482202523,0.3154315614749458,0.26675750118291097,0.13849855463160435,0.23268770971981348,0.2568049618964281,-0.0014197304333469075,0.08905844929609338,-0.11593178295702226,0.012913169617616528,0.03288434823774272,0.07886322153815988,-0.02160393031638221,-0.09180493211922125,0.06500799153836638,-0.1878963006747762,0.10221634375132002,-0.03571401928831782
0.17385216806671058,0.3418391616030774,0.798003043519651,0.38896006558186547,0.4899772511455455,0.3242731230351218,0.350267203012696,0.20949073867581788,0.258127986117128,0.24580941221604424,0.4089672750090185,0.8162796254490319,0.34408093857493155,0.26719078947566033,0.3408064401281058,0.3768144511918342,0.3861260828908553,0.24909750012742976,0.22491804273810878,0.25868877643159116,0.25077776165200166,0.3214844000548761,0.1854080220094118,0.21274156914505632,0.20553557153644178,0.18536719541145225,0.327641077077751,0.1754722369906549,0.28848327453673434,0.05259058459877031,0.23806860480331823,0.2817952928306511,0.129986532930439,0.3345573346354132,0.3080968259345702,0.24456237108737658,0.2479753088223001,0.17680880933103119,0.1838169870848583,0.08853304257799524,0.23968355901109614,0.26179768728083475,0.2900776469021994,0.2544493393853609,0.09614824419328834,0.22360187221560898,0.18988732738301747,-0.010482092823722311,0.21643411128739384,-0.3334279241583644,-0.048443001148084676,0.1632596010377463,0.13983390197135429,0.020730204774194395,-0.0846808965252389,0.12961988679263053,-0.12927607393256885,0.1061559053810601,-0.20049483934363815
0.15026821129040377,0.3408207344934606,0.9938734748883418,0.3281014983980014,0.4403195075747767,0.34038350540676926,0.2722076216969645,0.5043586280596773,0.3164182717720389,0.29846767884930003,0.3793525808564719,0.34408093857493155,0.9160925170846577,0.274172095897309,0.19668007407216073,0.3393596162418428,0.35960870864274985,0.22307610390976354,0.5483407931385132,0.35126146145927395,0.3451649491745529,0.35354204839807657,0.17179381128757437,0.2497968045770768,0.2847598750642108,0.33084479079114454,0.35128888799067765,0.26294261273288166,0.4483576399630144,0.07624814279223648,0.2602822578555707,0.27133116129142165,0.12221131339132243,0.42630455577824666,0.4421502213950923,0.2590619908127008,0.2835476984795828,0.19140568720237108,0.7041042974104255,0.2248536237035646,0.3949404273296029,0.2978798634279015,0.28963004480751736,0.3536826251070787,0.07015437631390868,0.24896587556535651,0.16336201780943715,-0.01890228806257492,0.195534151877982,0.05259606554164245,-0.036961232549070876,-0.11440904509416261,0.021239446920736687,0.04145835025256854,-0.09211081883141979,0.02936487504176817,-0.2524760346605117,-0.10859138492869404,0.31272813914745307
0.1697146314565516,0.21070573353221603,0.6110129474411888,0.344161918818851,0.365915996826543,0.3402531656149482,0.1946231808335249,0.3275111694645222,0.18895183973441823,0.2357517537072988,0.25660753198793324,0.26719078947566033,0.274172095897309,0.5172505589158563,0.2519806390434135,0.30132898721047524,0.2504361341862214,0.1765728515477703,0.2089453462515888,0.30127057451594974,0.19965263967039232,0.25520112207014667,0.13220951441902787,0.17442070512722171,0.19321237703628125,0.23328315601523467,0.2432941477036561,0.13764027925291747,0.3052448970904972,0.08871579445438031,0.18768589930493582,0.4583027667827968,0.031473268033681244,0.34767432632893486,0.21467878277543692,0.15370335909114372,0.2802154204551135,0.1972553763693781,0.24737406480081486,0.10918526679650419,0.28517794734746893,0.21072023318986038,0.26861918441376464,0.19882647685817395,0.0978704292557046,0.14417443522481801,0.20890428416259943,-0.0006045946181897551,0.4009418914051861,-0.04341862923582771,-0.03481486592121706,0.0577993386590854,-0.0022755538758275243,0.042018705304224385,-0.13682412665487323,0.0582617872790321,-0.16821361379156494,0.13972584009896802,0.015450293353671133
0.13931106793411258,0.20261734296137796,0.6371724958954165,0.2843581967025255,0.32666648361522166,0.30190311373635637,0.24300882704119595,0.19399822372969558,0.3306288556813025,0.2137581348961234,0.33216687709082277,0.3408064401281058,0.19668007407216073,0.2519806390434135,0.8509447880454584,0.24625786795725743,0.32974440521987775,0.22668865286696224,0.21659180287872123,0.31865995045139117,0.22695102121007515,0.28120127203727635,0.08890822501945408,0.17400263042108569,0.16311783311888117,0.2023945916062953,0.2112740365595937,0.26015428318456746,0.3250711821008017,0.11832934078610903,0.24631052312091029,0.28464640001494396,0.09337743855131779,0.31536388072689153,0.23744260901975078,0.11988571662483578,0.3742965497864358,0.19453014786997475,0.2723075056367,0.16087716322648948,0.27608618410184355,0.2417508567459855,0.330518120349513,0.19491531120331884,0.18194040011882132,0.16300670277990295,0.18728037043495363,-0.008865997937077326,0.28676573126474986,0.05684092177627897,-0.1912587552808396,0.3176622290747383,-0.2621835077202166,0.01962355730966228,-0.03973207193236863,0.13089128342356193,-0.22091023857493244,0.1200761348644963,-0.022557862753285033
0.1469964886109137,0.21996817691934462,0.6614000521828767,0.3979456562517946,0.49686067074959256,0.35143061621700117,0.3018411954935936,0.30308210937317503,0.2007705851354197,0.30284596600900604,0.31388792118814424,0.3768144511918342,0.3393596162418428,0.30132898721047524,0.24625786795725743,0.8002877794583588,0.38462925144264937,0.28942060426981436,0.22205917034069703,0.19784365763883688,0.2530408050490335,0.4889943399204754,0.25149852558081176,0.21750192074870836,0.16290544807951582,0.22883212700705183,0.30358417726749604,0.2248478515573158,0.3190869621435298,0.0493338542831264,0.2421246139988961,0.3074124790901199,0.07924481720319226,0.37531940125067353,0.3818184080156543,0.20814147245487125,0.2776122002872907,0.1704443223614493,0.33355922686394035,0.14653474510617084,0.3481515830713538,0.28341479633608435,0.3595987819919427,0.38222061627685494,0.11777564492055645,0.1977340339555544,0.2505155114201482,-0.05836173011877959,0.2505900668582279,-0.14019613574862438,0.021555972688475433,-0.057221786827962084,0.01081381315360959,0.02911852033164879,-0.0827522475547043,0.09314911123779875,-0.200389068103573,0.10839557068266353,-0.043189991392384115
0.14995455962238535,0.34187338117997396,0.7828282825424376,0.3046796659964501,0.3300665486132388,0.33522327849455297,0.30684039288609305,0.29895760454354264,0.3153527679951858,0.2748675368930999,0.3720397284982138,0.3861260828908553,0.35960870864274985,0.2504361341862214,0.32974440521987775,0.38462925144264937,0.7151285517767599,0.2621354807974315,0.2554235080193403,0.3668031851330027,0.30341011074206553,0.3817272765416385,0.11334775077522166,0.22889643781116775,0.26501254004961755,0.2575244651814615,0.29227524125821214,0.41611856658314356,0.35238522722494664,0.09736778268223963,0.3163049438635827,0.26317408166990697,0.2274953413742756,0.3263247867539192,0.4639400376885636,0.26417613675531426,0.4677670992090588,0.2507889121522979,0.19809602190562048,0.0915167376279415,0.33766028478549065,0.3708978183339249,0.40530742279581344,0.2844237075362424,0.3181264331106779,0.2515244257966175,0.26377083183445216,-0.00675954939593675,0.11469000349099531,0.0008472921720963496,-0.06572627516398978,0.141775041112167,-0.022632560441763094,-0.013418660765288226,-0.19298035255601426,0.12138712917977128,-0.17306729230653564,0.10026845237686208,-0.15115314863754292
0.17793822434774265,0.6960727258856997,0.6980124588229157,0.2369247759573216,0.27633859785467524,0.25539346341872643,0.19493285145576475,0.3064192945772617,0.14482171374606245,0.32260724064966856,0.27651305791333464,0.24909750012742976,0.22307610390976354,0.1765728515477703,0.22668865286696224,0.28942060426981436,0.2621354807974315,0.8460563882093272,0.059789560774046215,0.1258414678580731,0.25050402479811273,0.2388906712354456,0.48488878754906484,0.13035880503769337,0.18668461309681697,0.39517217301290264,0.13953619357488922,0.18567799920284,0.2905280225895663,-0.026859592053550756,0.3349196400779623,0.16409614285380258,0.1425886714945203,0.271349343145734,0.2344443984720591,0.22331689639107427,0.3456078728777921,0.12244815322639073,0.25802805636808973,0.12203734326489622,0.2937697534227775,0.21956013621656198,0.40725914853349837,0.34451145692409424,0.35319670591969043,0.20144346032051458,0.41599764753659757,0.003963292657841176,-0.05824215722210644,0.02019637955188336,0.08588643987112432,0.07475193687754918,-0.0787303729238122,-0.06630018365870058,-0.03287108867943277,0.003581032264871681,-0.05838229179718773,0.2552497837589861,-0.2749541548381297
0.1262301463849594,0.13103876242308166,1.23064497117847,0.19015707338361443,0.24624172955426543,0.3111457689184237,0.18547634585790668,0.49840740375783593,0.5297803296022354,0.2354097511277626,0.1864148016196659,0.22491804273810878,0.5483407931385132,0.2089453462515888,0.21659180287872123,0.22205917034069703,0.2554235080193403,0.059789560774046215,2.1171916411239238,0.22922773201591984,0.38056921908773766,0.40453559335106604,-0.1611440705388,0.21876255207251116,0.36881919704746186,0.12195855348394673,0.3123808371084091,0.20160804241677108,0.43558165097544027,0.2382566913014121,0.3326605688071947,0.10316437129308291,0.34589534137326505,0.3163803649994086,0.21932617345356042,0.31488664020776413,0.41532533617256656,0.18589393464502105,0.8471695855925503,0.3645813493739267,0.263345964445114,0.30139231950278433,0.3587315988313039,0.1520165495075342,0.29341493562410514,0.40877529295473614,-0.000701646339633934,0.024976513965712793,-0.08073831700321352,0.4544781951854083,-0.31932846706385953,-0.20258783997590962,0.3168446376471201,-0.23516119822755113,0.005077809909873301,0.05583528386363135,-0.10156440621760916,-0.04759091689043063,0.1263205283009997
0.1455143025823175,0.4022173411229956,0.6633241983960582,0.2715901335669769,0.28304225963627266,0.5032235054276828,0.1947450532515808,0.3632782023123806,0.22366768019540953,0.1590450096067123,0.3608138954479472,0.25868877643159116,0.35126146145927395,0.30127057451594974,0.31865995045139117,0.19784365763883688,0.3668031851330027,0.1258414678580731,0.22922773201591984,1.4878258867141683,0.2379235911963064,0.1885471610525093,0.025508158549410596,0.1677447761047686,0.35437629105615626,0.44387390207111577,0.34152835756892286,0.2616307255985374,0.5563385291306862,0.014950821605563243,0.2752628930568918,0.32834238834603074,-0.03756718112907575,0.4949145766942813,0.4462387253479169,-0.010761891637442093,0.6938271183583868,0.7046468296978812,0.8070223302359542,0.3863532771854709,0.3679874791982527,0.3183843535215327,0.7414624909347843,0.20267340256696273,0.7216282548139206,0.25165202679934284,-0.01101603367933276,0.09200409131384919,0.6709841201477736,-0.011548651393009642,-0.06343771230825226,0.12155327907013158,-0.12541930886014535,-0.04052008641792464,-0.1458582986329993,0.048277932448974215,-0.2427460419840581,0.21939429301580957,0.03091930056534425
0.14317535769653258,0.34106240299254903,0.7069282422561723,0.24695483091130854,0.26475324643891257,0.31132155993234656,0.23962938099650324,0.2981926918044732,0.27632510776888464,0.2261963498088965,0.2782307430626041,0.25077776165200166,0.3451649491745529,0.19965263967039232,0.22695102121007515,0.2530408050490335,0.30341011074206553,0.25050402479811273,0.38056921908773766,0.2379235911963064,0.5106841622915128,0.2691333106862591,0.1846055991210467,0.20698472054563352,0.29304032884533704,0.14179151621698202,0.24601058406295964,0.22130200142126003,0.43823388492359616,0.22126436057678098,0.30364099634174735,0.19365726444025044,0.2405872629772971,0.3121084718216544,0.28342495777984167,0.3471882337948949,0.4048388283064365,0.1882463324103169,0.3390802322313553,0.21284490222479566,0.2870541938834727,0.365155661627736,0.3857623793360227,0.25042075491307564,0.39964590521904586,0.24297340069286757,0.27660275242723614,0.009080124662575904,-0.09826300338886412,0.11479004071237645,-0.06318130993538704,-0.04225527523484013,0.023262276383712296,-0.06388761756224703,0.0488993752456073,0.03317527727586555,-0.17142303197567316,0.0006663405365291097,0.047467017495445026
0.16014768230142182,0.17474277568779084,0.7108974455568198,0.3256136094856975,0.34020444519328985,0.319888069725267,0.3265619275262856,0.2446415442070577,0.5867509965745742,0.2346479354718765,0.28599112128864934,0.3214844000548761,0.35354204839807657,0.25520112207014667,0.28120127203727635,0.4889943399204754,0.3817272765416385,0.2388906712354456,0.40453559335106604,0.1885471610525093,0.2691333106862591,0.7645844590280259,0.18647585564191724,0.23915756670584118,0.18704837527157053,0.21346486424356456,0.27881146285014496,0.22773723106640528,0.3014938643015469,0.12826035119854107,0.27900600189888464,0.2615410278949397,0.1783374165059693,0.39247123964531655,0.321516615141008,0.2300356649193777,0.31878828152758437,0.18068373582062017,0.3406036449317618,0.14224121412357602,0.31536427039030784,0.2836254015623722,0.3208681980733674,0.35007922110868755,0.06285147925842789,0.2462333148589352,0.20275420831974925,-0.08512195902868283,0.54070731794577,0.00116239793377666,0.04521875486319799,-0.204185528017202,0.07393104572096136,-0.07138715522234775,-0.037724239814542655,0.10523701061093006,-0.13067634168649706,0.04197513562390348,-0.07760846714187865
0.12069886166502987,-0.06302250699299922,0.5721969481772102,0.2053820947601317,0.26489807470031657,0.25308238634184915,0.14807111361141828,0.18418400365708926,0.072518926548903,0.2706744203736397,0.19907214376138596,0.1854080220094118,0.17179381128757437,0.13220951441902787,0.08890822501945408,0.25149852558081176,0.11334775077522166,0.48488878754906484,-0.1611440705388,0.025508158549410596,0.1846055991210467,0.18647585564191724,1.375182731310726,0.2867619205849254,0.39326466192370696,0.07701295656835444,0.12033681069920113,-0.05994330035037136,0.4208360385103466,0.1780505571550097,-0.10534770484242612,0.1373595395752697,0.10813505243326373,0.33453615037164486,0.020718013790611844,0.3327278826381278,0.03944408511528132,0.0386387196087314,0.3533898574471664,0.12230035078142398,0.2823835343666092,0.12027875571640015,0.1871081429854025,0.5425207089661589,-0.19338888274634755,0.16881684910979747,0.3843626815368415,0.018381802494825097,0.028451151904747028,-0.17160745396118687,0.13125019036444419,0.011499970202919584,0.027325288829500954,0.009283054096320135,0.014682769812199258,0.06603049349138504,-0.1290755391767307,-0.18415709621998905,0.16901086995583056
0.10075591094023663,-0.03407110344200206,0.5803925350557004,0.2189365063271799,0.2561288175897257,0.26783284404861996,0.20916561731003944,0.17567724584361585,0.2537520652221754,0.23264101838080928,0.22625075095121086,0.21274156914505632,0.2497968045770768,0.17442070512722171,0.17400263042108569,0.21750192074870836,0.22889643781116775,0.13035880503769337,0.21876255207251116,0.1677447761047686,0.20698472054563352,0.23915756670584118,0.2867619205849254,0.45235182148541686,0.2021247022400535,0.025141029703560195,0.19171039333111212,0.15277314853688514,0.22218191020529146,0.36592760824309667,0.217931443811442,0.19396824030840298,0.29627348313431706,0.2128958693991994,0.12569191999974916,0.323285963964977,0.24863507282345967,0.11673821384507399,0.14972207058295278,0.06107117477028742,0.15696677705492298,0.1950844694474472,0.12100707945753933,0.19385169362459367,-0.08385725177434535,0.172607342226282,0.28780855600442057,0.005778037367024718,-0.002922495907387336,-0.014065451991888809,-0.004631258605199135,-0.035994723620783806,0.07287393091868012,-0.04331081212411259,0.10329407326857362,0.10053186162462079,-0.0005331719679285549,-0.4775693258987779,0.2744275349980412
0.15156519558346035,0.3319532334170894,0.6254413932959368,0.1800376374478914,0.17384635235239929,0.3367509565793413,0.19128629340954886,0.25822465410969947,0.17612125085267735,0.24224636821074413,0.21469897787032713,0.20553557153644178,0.2847598750642108,0.19321237703628125,0.16311783311888117,0.16290544807951582,0.26501254004961755,0.18668461309681697,0.36881919704746186,0.35437629105615626,0.29304032884533704,0.18704837527157053,0.39326466192370696,0.2021247022400535,1.961398921196342,-0.06626029867825267,0.21177276209318505,0.13948363110351814,1.0226730167468006,0.7234515295608221,0.0039602270840277615,0.18066959748259073,0.025040040566338455,0.6544976595809844,0.44845390532615376,0.2078116624196962,0.5474406050644446,0.2218552890658438,0.8382806564697849,0.2575278334291315,0.3505127404807896,0.27429031409845944,0.5289613078733599,0.29879398127430845,0.2806059479384762,0.38974282033533864,0.44831560052758057,-0.045025515900070166,0.3054972570403709,-0.19186060495208318,-0.00199664868952475,-0.12118895533510002,0.12371556526003308,-0.015339966082832031,0.033806510959294905,0.08475064958405595,-0.02040894039488869,-0.10055959991952067,0.048366069833425965
0.11795269041734778,0.2093600533723703,0.5045725268165103,0.19081861948418394,0.2267316709733615,0.2548864349481479,0.10243825382371491,0.3160837104510887,0.17263726760987957,0.13725704843267442,0.22815135132508518,0.18536719541145225,0.33084479079114454,0.23328315601523467,0.2023945916062953,0.22883212700705183,0.2575244651814615,0.39517217301290264,0.12195855348394673,0.44387390207111577,0.14179151621698202,0.21346486424356456,0.07701295656835444,0.025141029703560195,-0.06626029867825267,1.7490367082464242,0.26741665993664043,0.29704567771320717,0.04196567654114546,-0.7210282464797914,0.23377063621773395,0.25520846669018504,-0.08425364611192604,0.2675940128907111,0.464013446406227,-0.10971483841793914,0.02182717197745998,0.2754220518174903,0.3527310365341919,0.3628535567045877,0.3321291323954121,0.22960187320437145,0.4864509860405268,0.30434764775590895,0.8566722741959938,0.04909566932458616,-0.22059565997412678,0.016699879516730704,0.11439055900629559,0.3491315961987053,-0.19422138739685188,0.07876785103523146,-0.27892910910304936,0.06608089820589726,-0.14402104764170065,-0.090723437639099,-0.15529619259561697,0.4138820979073366,-0.16623596984534364
0.1515087957507033,0.6358572994998207,0.7103941548606407,0.27079375514501697,0.3129664836196535,0.29941377670341107,0.2259218297353345,0.30572000418179474,0.24598388136506438,0.25536142943858964,0.27652497472205134,0.327641077077751,0.35128888799067765,0.2432941477036561,0.2112740365595937,0.30358417726749604,0.29227524125821214,0.13953619357488922,0.3123808371084091,0.34152835756892286,0.24601058406295964,0.27881146285014496,0.12033681069920113,0.19171039333111212,0.21177276209318505,0.26741665993664043,0.86584078732783,0.2232964737066496,0.31692385199139733,0.16995988378216828,0.22036953024774492,0.27151675372713546,0.18099589408324723,0.3257386443515362,0.2869073864039848,0.4392015396696214,0.31477951168488044,0.20412166972407358,0.27698116389086264,0.15944553188124858,0.2745470909700434,0.27948738593343625,0.3930612951708067,0.03534963356326886,0.13818020604529538,0.27141729744136933,0.17854548714958357,-0.006739516730005775,0.08010468313155919,-0.04296031630711149,-0.024285864631560464,0.015174146629416426,0.021775573061175096,-0.02232179799385023,-0.015212215498552844,0.08044917983365403,-0.09066046641401783,0.012968122061171154,0.0008084520438323676
0.11647038623874297,0.25885130027995107,0.4910090744572027,0.13783535975999203,0.13160034286432387,0.21700764059745975,0.1917459038621816,0.18758870591535537,0.2101964414217217,0.19039866445394846,0.21954990765784352,0.1754722369906549,0.26294261273288166,0.13764027925291747,0.26015428318456746,0.2248478515573158,0.41611856658314356,0.18567799920284,0.20160804241677108,0.2616307255985374,0.22130200142126003,0.22773723106640528,-0.05994330035037136,0.15277314853688514,0.13948363110351814,0.29704567771320717,0.2232964737066496,1.047198693669474,0.07615444942222457,0.07821757674503327,0.30336325361140337,0.16268636352374102,0.4112204664363433,0.07431488807919684,0.599041198169414,0.05129336098934767,0.32243723813300196,0.1919298872851992,0.11904999747082416,0.10269657027603138,0.2975227582035001,0.21643868626150833,0.3990467745058193,0.37761557808601054,0.20424857432921653,0.08518854697600399,0.12515795470394683,0.025705859480494832,0.019791970781705786,0.047241137168067826,-0.031558219460201375,0.43889206568112954,-0.47628557379087,0.023487788777500417,0.13869241848799874,-0.011184252208523099,-0.04976458900914371,-0.10300892132973295,0.20553923797505957
0.15367120942589513,0.8737447494827902,0.9377336488817635,0.3056254869318917,0.30431748018356575,0.5325669519824828,0.23294325358317322,0.3791103863966809,0.2283736131188875,0.32360515101918896,0.3447903493827466,0.28848327453673434,0.4483576399630144,0.3052448970904972,0.3250711821008017,0.3190869621435298,0.35238522722494664,0.2905280225895663,0.43558165097544027,0.5563385291306862,0.43823388492359616,0.3014938643015469,0.4208360385103466,0.22218191020529146,1.0226730167468006,0.04196567654114546,0.31692385199139733,0.07615444942222457,2.705454040632608,0.23859308251980582,0.05116110727670834,0.347297111505166,-0.25858937345436467,0.9300408575663811,0.4629931845381548,0.47695185983480215,0.2379209801348573,0.20645026021210122,0.6752566144222905,0.31448491786970434,0.5364078122161158,0.37351114789238016,0.6207792166771966,0.04799021394835935,0.4313289193746189,0.4495055817019265,0.3019607674531911,-0.09719541577475842,0.6874630821283503,0.1702458306366871,-0.35442988360535743,0.06054979386857426,-0.13010537172545766,0.10336658391318458,-0.21146570817424515,0.1112856637042147,-0.38768206277946304,0.15916429568273605,0.25461709620883705
0.10927050925817725,-0.006599857523922194,0.3679100448655382,0.08093540578508054,0.05249432741018168,0.1159301423741329,0.13065771610198681,0.0977192347638305,0.24419298261140152,0.24599037959719383,0.11208041945970683,0.05259058459877031,0.07624814279223648,0.08871579445438031,0.11832934078610903,0.0493338542831264,0.09736778268223963,-0.026859592053550756,0.2382566913014121,0.014950821605563243,0.22126436057678098,0.12826035119854107,0.1780505571550097,0.36592760824309667,0.7234515295608221,-0.7210282464797914,0.16995988378216828,0.07821757674503327,0.23859308251980582,3.8495589156102614,0.2304161363013474,0.036738961145075334,0.403817828264702,0.06498868062594633,0.17688862544863002,0.9096295973958453,0.6343280275996875,0.007650117313464813,-0.044144695607831345,0.24850048082804527,0.2691276460234661,0.21792700250565003,0.3745614042890283,-0.24293218301934066,-0.541996313449733,0.09022657335838065,1.7904224627478238,0.00819129174492326,-0.23021613361011886,0.13462991733482055,0.15612763423295192,-0.6805311506241072,0.2831146940844294,-0.13719530484970308,0.31257781627688275,0.12740792857061345,-0.01385647866538581,-0.17981991008406104,0.0005886679014630188
0.14209163850127923,0.3297622977773811,0.5877916594022201,0.23223230037219536,0.25148536870406113,0.2487551011791283,0.24288402267752782,0.2576098756770475,0.30915436189038126,0.23521455474777242,0.2688044133567146,0.23806860480331823,0.2602822578555707,0.18768589930493582,0.24631052312091029,0.2421246139988961,0.3163049438635827,0.3349196400779623,0.3326605688071947,0.2752628930568918,0.30364099634174735,0.27900600189888464,-0.10534770484242612,0.217931443811442,0.0039602270840277615,0.23377063621773395,0.22036953024774492,0.30336325361140337,0.05116110727670834,0.2304161363013474,0.8643268504607741,0.1691344678445462,0.3013787961374208,0.19570035133022926,0.29095813835332224,0.41180189227217856,0.5209824869092275,0.23324900913832358,0.14897137100127605,0.07990069520922215,0.20420688963883898,0.3041635988466931,0.33417607092985646,0.19271350075026572,0.3879697290431332,0.26380691294730707,0.30639104097648706,0.021219047567919206,-0.1989034208537758,0.19969481746056494,-0.04500518907402548,-0.05133366490999077,0.02527148786432201,-0.1466900014363552,0.1140468671510854,0.04426021769534119,0.05935381249692402,-0.06788323984803168,-0.1511542354431845
0.1545051297981012,0.22318868286379087,0.6035040452076591,0.35290815444768914,0.3901907597552365,0.3803582828057901,0.2096766090799279,0.29691790541481533,0.17968218443810322,0.2472827807643866,0.2585858967395065,0.2817952928306511,0.27133116129142165,0.4583027667827968,0.28464640001494396,0.3074124790901199,0.26317408166990697,0.16409614285380258,0.10316437129308291,0.32834238834603074,0.19365726444025044,0.2615410278949397,0.1373595395752697,0.19396824030840298,0.18066959748259073,0.25520846669018504,0.27151675372713546,0.16268636352374102,0.347297111505166,0.036738961145075334,0.1691344678445462,0.8199156499530718,-0.09041259987407979,0.4209891613893015,0.17352726909862853,0.14258182549038917,0.20407584125313133,0.2140929027950915,0.22678046226788845,0.1241399162084888,0.28169691323815516,0.21009491178982412,0.22131908996192892,0.14462958707024368,0.09658152242466274,0.12230797850701824,0.14984040382680608,-0.022216472116776464,0.524835041587186,-0.1803377766563643,-2.9917399070795556e-5,0.46207152376871874,-0.37919898209933245,0.1515567610450496,-0.1283933047602996,0.07225391583863466,-0.14828891152055693,0.0470158286269594,0.059362562093243885
0.10386049156678717,0.13665083699444375,0.30651216004182813,0.12281985603991619,0.1254853812905249,0.057017265167092365,0.17872894805116835,0.025674364479847108,0.27643807696547756,0.11005310568673697,0.1287256081483779,0.129986532930439,0.12221131339132243,0.031473268033681244,0.09337743855131779,0.07924481720319226,0.2274953413742756,0.1425886714945203,0.34589534137326505,-0.03756718112907575,0.2405872629772971,0.1783374165059693,0.10813505243326373,0.29627348313431706,0.025040040566338455,-0.08425364611192604,0.18099589408324723,0.4112204664363433,-0.25858937345436467,0.403817828264702,0.3013787961374208,-0.09041259987407979,1.7030899134286033,-0.4042268833970025,-0.42378089087128595,0.21161758985198972,0.5442522907177773,0.049952911354198846,-0.3885172753348675,-0.046385438256209624,-0.2607772281048586,0.2043137623808331,0.12999018336369,0.0928151243535871,-0.2265746301741019,0.1970700875580038,0.3677164576526772,0.13300001147709203,-0.322022949482723,0.2179366985621445,-0.04249552744917801,-0.10253802586001202,0.25102692026251316,-0.3320540008381279,0.20097954472396445,-0.0221261985091299,0.039354042024407704,-0.22908207048119347,0.054280006126507456
0.08324353016304935,0.3081557685090109,0.9648208252390049,0.37795637084785955,0.4008719208852045,0.47364796880677185,0.28741640712008126,0.45772620535018077,0.3447355297650713,0.3430825703697053,0.35867990065218,0.3345573346354132,0.42630455577824666,0.34767432632893486,0.31536388072689153,0.37531940125067353,0.3263247867539192,0.271349343145734,0.3163803649994086,0.4949145766942813,0.3121084718216544,0.39247123964531655,0.33453615037164486,0.2128958693991994,0.6544976595809844,0.2675940128907111,0.3257386443515362,0.07431488807919684,0.9300408575663811,0.06498868062594633,0.19570035133022926,0.4209891613893015,-0.4042268833970025,1.924742052366694,0.5591943677817168,0.3001403820053069,0.4019104082347309,0.2217689547961084,0.7714781776739884,0.22270701080206395,0.43415744095048975,0.36160788494496254,0.6409523225932281,0.359789014182164,0.22006956176134704,0.2670190149674077,0.25791303076930566,0.008578414930111295,1.0398977496702275,-0.2884027304301889,-0.029509411976603644,-0.02507346929016226,0.15426059843778175,0.009582784530048405,-0.1707857555227157,0.14045544303799604,-0.35995257429446414,0.10030910495527882,0.26829006295547575
